{"M_cells":[[[0,0,0,0,0],[0,0,0,0,0],[0,0,0,0,0],[0,0,0,0,0],[0,0,0,0,0]],[[9.2046879857746874E-5,0.000227035044634924,0.00026702337780656671,0.000227035044634924,9.2046879857746874E-5],[0.000227035044634924,0.00047501610750221268,0.00055037093049372342,0.00047501610750221268,0.000227035044634924],[0.00026702337780656671,0.00055037093049372342,0.00063751375357473639,0.00055037093049372353,0.00026702337780656671],[0.000227035044634924,0.00047501610750221268,0.00055037093049372353,0.00047501610750221273,0.000227035044634924],[9.2046879857746874E-5,0.000227035044634924,0.00026702337780656671,0.000227035044634924,9.2046879857746874E-5]],[[0.0005307204788001286,0.00088522960864552923,0.00099522661458553686,0.00088522960864552934,0.00053072047880012871],[0.00088522960864552923,0.0013592292609307833,0.0015093734584139288,0.0013592292609307833,0.00088522960864552934],[0.00099522661458553686,0.0015093734584139288,0.0016729000923390829,0.0015093734584139288,0.00099522661458553686],[0.00088522960864552934,0.0013592292609307833,0.0015093734584139288,0.0013592292609307833,0.00088522960864552934],[0.00053072047880012871,0.00088522960864552934,0.00099522661458553686,0.00088522960864552934,0.00053072047880012871]],[[0.0013627813386395871,0.0019295021075229879,0.0021098604644415237,0.0019295021075229884,0.0013627813386395875],[0.0019295021075229879,0.0026036363389347846,0.0028215233282720886,0.0026036363389347851,0.0019295021075229884],[0.0021098604644415237,0.0028215233282720886,0.0030519200944305832,0.0028215233282720886,0.0021098604644415237],[0.0019295021075229884,0.0026036363389347851,0.0028215233282720886,0.0026036363389347851,0.0019295021075229884],[0.0013627813386395875,0.0019295021075229884,0.0021098604644415237,0.0019295021075229884,0.0013627813386395875]],[[0.0025573483460078613,0.0033140238184929983,0.0035583353462903936,0.0033140238184929992,0.0025573483460078618],[0.0033140238184929983,0.00416397381262604,0.00444176050960129,0.00416397381262604,0.0033140238184929992],[0.0035583353462903936,0.00444176050960129,0.0047307058512263246,0.00444176050960129,0.0035583353462903936],[0.0033140238184929992,0.00416397381262604,0.00444176050960129,0.0041639738126260407,0.0033140238184929992],[0.0025573483460078618,0.0033140238184929992,0.0035583353462903936,0.0033140238184929992,0.0025573483460078618]],[[0.0040731414910780573,0.004997050341822757,0.0052979683385857073,0.004997050341822757,0.0040731414910780573],[0.004997050341822757,0.0060011083217061676,0.0063314986620691318,0.0060011083217061676,0.004997050341822757],[0.0052979683385857073,0.0063314986620691318,0.0066717133532692647,0.0063314986620691318,0.0052979683385857073],[0.004997050341822757,0.0060011083217061676,0.0063314986620691318,0.0060011083217061676,0.004997050341822757],[0.0040731414910780573,0.004997050341822757,0.0052979683385857073,0.004997050341822757,0.0040731414910780573]],[[0.0058710696529609028,0.0069416342102146143,0.0072922803981897459,0.0069416342102146143,0.0058710696529609028],[0.0069416342102146143,0.008080696257988124,0.00845719445623019,0.008080696257988124,0.0069416342102146143],[0.0072922803981897459,0.00845719445623019,0.0088423102013946483,0.00845719445623019,0.0072922803981897459],[0.0069416342102146143,0.008080696257988124,0.00845719445623019,0.0080806962579881257,0.0069416342102146143],[0.0058710696529609028,0.0069416342102146143,0.0072922803981897459,0.0069416342102146143,0.0058710696529609028]],[[0.0079162796719190274,0.0091153380042597841,0.00950957754139987,0.0091153380042597841,0.0079162796719190274],[0.0091153380042597841,0.010372659177792766,0.010789552344807435,0.010372659177792766,0.0091153380042597841],[0.00950957754139987,0.010789552344807435,0.011213996906548044,0.010789552344807435,0.00950957754139987],[0.0091153380042597841,0.010372659177792766,0.010789552344807435,0.010372659177792766,0.0091153380042597841],[0.0079162796719190274,0.0091153380042597841,0.00950957754139987,0.0091153380042597841,0.0079162796719190274]],[[0.010178125817625646,0.011489748224006826,0.011922182596822237,0.011489748224006826,0.010178125817625646],[0.011489748224006826,0.012850666915565953,0.0133029480482404,0.012850666915565953,0.011489748224006826],[0.011922182596822237,0.0133029480482404,0.013761844929440388,0.0133029480482404,0.011922182596822237],[0.011489748224006826,0.012850666915565953,0.0133029480482404,0.012850666915565953,0.011489748224006826],[0.010178125817625646,0.011489748224006826,0.011922182596822237,0.011489748224006826,0.010178125817625646]],[[0.012629753832150363,0.014039989785335088,0.014505886502801895,0.014039989785335088,0.012629753832150363],[0.014039989785335088,0.015491671026418987,0.015974955737117776,0.015491671026418987,0.014039989785335088],[0.014505886502801895,0.015974955737117776,0.016464036587310292,0.015974955737117776,0.014505886502801895],[0.014039989785335088,0.015491671026418987,0.015974955737117776,0.015491671026418985,0.014039989785335086],[0.012629753832150363,0.014039989785335088,0.014505886502801895,0.014039989785335086,0.012629753832150363]],[[0.015247650443659751,0.016744286254192029,0.017239500836102897,0.016744286254192029,0.015247650443659751],[0.016744286254192029,0.018275493395597142,0.018785943038729221,0.018275493395597142,0.016744286254192029],[0.017239500836102897,0.018785943038729221,0.01930147115968521,0.018785943038729221,0.017239500836102897],[0.016744286254192029,0.018275493395597142,0.018785943038729221,0.018275493395597142,0.016744286254192029],[0.015247650443659751,0.016744286254192029,0.017239500836102897,0.016744286254192029,0.015247650443659751]],[[0.018011229588747953,0.019583571663089834,0.020104475198749992,0.019583571663089834,0.018011229588747953],[0.019583571663089834,0.021184465864406542,0.021718719312998128,0.021184465864406542,0.019583571663089834],[0.020104475198749992,0.021718719312998128,0.022257422841191744,0.021718719312998128,0.020104475198749992],[0.019583571663089834,0.021184465864406542,0.021718719312998128,0.021184465864406542,0.019583571663089834],[0.018011229588747953,0.019583571663089834,0.020104475198749992,0.019583571663089834,0.018011229588747953]],[[0.020902466080434803,0.022541150334130351,0.023084565083843094,0.022541150334130351,0.020902466080434803],[0.022541150334130351,0.02420311509814102,0.024758228859493497,0.02420311509814102,0.022541150334130351],[0.023084565083843094,0.024758228859493497,0.025317242386495905,0.024758228859493497,0.023084565083843094],[0.022541150334130351,0.02420311509814102,0.024758228859493497,0.02420311509814102,0.022541150334130351],[0.020902466080434803,0.022541150334130351,0.023084565083843094,0.022541150334130351,0.020902466080434803]],[[0.023905574340063889,0.02560239935424297,0.02616554219079166,0.02560239935424297,0.023905574340063889],[0.02560239935424297,0.0273178871125212,0.027891282923768464,0.0273178871125212,0.02560239935424297],[0.02616554219079166,0.027891282923768464,0.02846809647652522,0.027891282923768464,0.02616554219079166],[0.02560239935424297,0.0273178871125212,0.027891282923768464,0.0273178871125212,0.02560239935424297],[0.023905574340063889,0.02560239935424297,0.02616554219079166,0.02560239935424297,0.023905574340063889]],[[0.027006727340291171,0.028754508462472766,0.029334941365768773,0.028754508462472766,0.027006727340291171],[0.028754508462472766,0.03051690645422564,0.03110632545741715,0.03051690645422564,0.028754508462472766],[0.029334941365768773,0.03110632545741715,0.031698739900172093,0.03110632545741715,0.029334941365768776],[0.028754508462472766,0.03051690645422564,0.03110632545741715,0.03051690645422564,0.02875450846247277],[0.027006727340291171,0.028754508462472766,0.029334941365768776,0.02875450846247277,0.027006727340291171]],[[0.030193810857478989,0.031986252636878168,0.03258183939851355,0.031986252636878168,0.030193810857478989],[0.031986252636878168,0.033789765639825609,0.034393228312939318,0.033789765639825609,0.031986252636878168],[0.03258183939851355,0.034393228312939318,0.034999316353761023,0.034393228312939318,0.03258183939851355],[0.031986252636878168,0.033789765639825609,0.034393228312939318,0.033789765639825609,0.031986252636878168],[0.030193810857478989,0.031986252636878168,0.03258183939851355,0.031986252636878168,0.030193810857478989]],[[0.033456208596476959,0.035287793237078362,0.0358966615992584,0.035287793237078362,0.033456208596476959],[0.035287793237078362,0.037127341012962292,0.037743112128996045,0.037127341012962292,0.035287793237078362],[0.0358966615992584,0.037743112128996045,0.038361184218945826,0.037743112128996045,0.0358966615992584],[0.035287793237078362,0.037127341012962292,0.037743112128996045,0.037127341012962292,0.035287793237078362],[0.033456208596476959,0.035287793237078362,0.0358966615992584,0.035287793237078362,0.033456208596476959]],[[0.036784614279245294,0.03865050408041195,0.039271012622760539,0.03865050408041195,0.036784614279245294],[0.03865050408041195,0.040521631668964241,0.041148189645914109,0.040521631668964241,0.03865050408041195],[0.039271012622760539,0.041148189645914109,0.041776764150102473,0.041148189645914109,0.039271012622760539],[0.03865050408041195,0.040521631668964241,0.041148189645914109,0.040521631668964241,0.03865050408041195],[0.036784614279245294,0.03865050408041195,0.039271012622760539,0.03865050408041195,0.036784614279245294]],[[0.040170867278994812,0.0420668192903821,0.04269752846325351,0.0420668192903821,0.040170867278994812],[0.0420668192903821,0.043965618523198136,0.044601628608452584,0.043965618523198136,0.0420668192903821],[0.04269752846325351,0.044601628608452584,0.045239405707478864,0.044601628608452584,0.04269752846325351],[0.0420668192903821,0.043965618523198136,0.044601628608452584,0.043965618523198136,0.0420668192903821],[0.040170867278994812,0.0420668192903821,0.04269752846325351,0.0420668192903821,0.040170867278994812]],[[0.043607808815506292,0.045530100158467077,0.046169746937395825,0.045530100158467077,0.043607808815506292],[0.045530100158467077,0.047453140971368026,0.048097431774736188,0.047453140971368026,0.045530100158467077],[0.046169746937395825,0.048097431774736188,0.048743270623925451,0.048097431774736188,0.046169746937395825],[0.045530100158467077,0.047453140971368026,0.048097431774736188,0.047453140971368026,0.045530100158467077],[0.043607808815506292,0.045530100158467077,0.046169746937395825,0.045530100158467077,0.043607808815506292]],[[0.047089156106585359,0.049034518610909274,0.049681994313519585,0.049034518610909274,0.047089156106585359],[0.049034518610909274,0.050978788913777523,0.0516303318650257,0.050978788913777523,0.049034518610909274],[0.049681994313519585,0.0516303318650257,0.052283230598854466,0.0516303318650257,0.049681994313519585],[0.049034518610909274,0.050978788913777523,0.0516303318650257,0.050978788913777523,0.049034518610909274],[0.047089156106585359,0.049034518610909274,0.049681994313519585,0.049034518610909274,0.047089156106585359]],[[0.050609392201283153,0.052574955177379257,0.053229286042179233,0.052574955177379257,0.050609392201283153],[0.052574955177379257,0.05453780819753843,0.055195699558002652,0.05453780819753843,0.052574955177379257],[0.053229286042179233,0.055195699558002652,0.055854777779329706,0.055195699558002652,0.053229286042179233],[0.052574955177379257,0.05453780819753843,0.055195699558002652,0.05453780819753843,0.052574955177379257],[0.050609392201283153,0.052574955177379257,0.053229286042179233,0.052574955177379257,0.050609392201283153]],[[0.054163669508436811,0.056146909624278048,0.05680723980144408,0.056146909624278048,0.054163669508436811],[0.056146909624278048,0.05812601777633164,0.058789462880959466,0.05812601777633164,0.056146909624278048],[0.05680723980144408,0.058789462880959466,0.059453946320163771,0.058789462880959466,0.05680723980144408],[0.056146909624278048,0.05812601777633164,0.058789462880959466,0.05812601777633164,0.056146909624278048],[0.054163669508436811,0.056146909624278048,0.05680723980144408,0.056146909624278048,0.054163669508436811]],[[0.057747725284958765,0.059746422647058491,0.060411999295466111,0.059746422647058491,0.057747725284958765],[0.059746422647058491,0.061739737101314147,0.062408036548247892,0.061739737101314147,0.059746422647058491],[0.060411999295466111,0.062408036548247892,0.063077243617005341,0.062408036548247892,0.060411999295466111],[0.059746422647058491,0.061739737101314147,0.062408036548247892,0.061739737101314154,0.0597464226470585],[0.057747725284958765,0.059746422647058491,0.060411999295466111,0.0597464226470585,0.057747725284958765]],[[0.061357807566802279,0.063370007217728619,0.064040167440892429,0.063370007217728619,0.061357807566802279],[0.063370007217728619,0.065375722443190135,0.06604825998349971,0.065375722443190135,0.063370007217728619],[0.064040167440892429,0.06604825998349971,0.066721589982454643,0.06604825998349971,0.064040167440892429],[0.063370007217728619,0.065375722443190135,0.06604825998349971,0.065375722443190135,0.063370007217728619],[0.061357807566802279,0.063370007217728619,0.064040167440892429,0.063370007217728619,0.061357807566802279]],[[0.064990610215924879,0.067014588359490743,0.067688747746638134,0.067014588359490743,0.064990610215924879],[0.067014588359490743,0.069031111007897508,0.069707342919021531,0.069031111007897508,0.067014588359490743],[0.067688747746638134,0.069707342919021531,0.070384265688690689,0.069707342919021531,0.067688747746638134],[0.067014588359490743,0.069031111007897508,0.069707342919021531,0.069031111007897508,0.067014588359490743],[0.064990610215924879,0.067014588359490743,0.067688747746638134,0.067014588359490743,0.064990610215924879]],[[0.068643215922429057,0.0706774502736258,0.071355092841250051,0.0706774502736258,0.068643215922429057],[0.0706774502736258,0.072703371849822146,0.073382817603204059,0.072703371849822146,0.0706774502736258],[0.071355092841250051,0.073382817603204059,0.074062864433646611,0.073382817603204059,0.071355092841250051],[0.0706774502736258,0.072703371849822146,0.073382817603204059,0.072703371849822146,0.0706774502736258],[0.068643215922429057,0.0706774502736258,0.071355092841250051,0.0706774502736258,0.068643215922429057]],[[0.072313046145509943,0.074356189877124279,0.07503685923182743,0.074356189877124279,0.072313046145509943],[0.074356189877124279,0.076390262709673071,0.077072496766556087,0.076390262709673071,0.074356189877124279],[0.07503685923182743,0.077072496766556087,0.077755252404157857,0.077072496766556087,0.07503685923182743],[0.074356189877124279,0.076390262709673071,0.077072496766556087,0.076390262709673071,0.074356189877124279],[0.072313046145509943,0.074356189877124279,0.07503685923182743,0.074356189877124279,0.072313046145509943]],[[0.075997817102651188,0.078048675925573407,0.078731967491123836,0.078048675925573407,0.075997817102651188],[0.078048675925573407,0.080089792011241251,0.080774436600997132,0.080089792011241251,0.078048675925573407],[0.078731967491123836,0.080774436600997132,0.081459532210561056,0.080774436600997132,0.078731967491123836],[0.078048675925573407,0.080089792011241251,0.080774436600997132,0.080089792011241251,0.078048675925573407],[0.075997817102651188,0.078048675925573407,0.078731967491123836,0.078048675925573407,0.075997817102651188]],[[0.079695501025947357,0.081753012996948426,0.082438567167686966,0.081753012996948426,0.079695501025947357],[0.081753012996948426,0.083800185344586858,0.084486904097698184,0.083800185344586858,0.081753012996948426],[0.082438567167686966,0.084486904097698184,0.08517401105528935,0.084486904097698184,0.082438567167686966],[0.081753012996948426,0.083800185344586858,0.084486904097698184,0.083800185344586858,0.081753012996948426],[0.079695501025947357,0.081753012996948426,0.082438567167686966,0.081753012996948426,0.079695501025947357]],[[0.083404291999580854,0.085467509699432745,0.086155005798961085,0.085467509699432745,0.083404291999580854],[0.085467509699432745,0.087519855843868219,0.088208348167115536,0.087519855843868219,0.085467509699432745],[0.086155005798961085,0.088208348167115536,0.088897172574085345,0.088208348167115536,0.086155005798961085],[0.085467509699432745,0.087519855843868219,0.088208348167115536,0.087519855843868219,0.085467509699432745],[0.083404291999580854,0.085467509699432745,0.086155005798961085,0.085467509699432745,0.083404291999580854]],[[0.087122575775123348,0.089190650542773822,0.089879801481293861,0.089190650542773822,0.087122575775123348],[0.089190650542773822,0.09124737793835111,0.091937374033098818,0.09124737793835111,0.089190650542773822],[0.089879801481293861,0.091937374033098818,0.092627651854688811,0.091937374033098818,0.089879801481293861],[0.089190650542773822,0.09124737793835111,0.091937374033098818,0.09124737793835111,0.089190650542773822],[0.087122575775123348,0.089190650542773822,0.089879801481293861,0.089190650542773822,0.087122575775123348]],[[0.090848903032904257,0.092921070978308373,0.093611618514587117,0.092921070978308373,0.090848903032904257],[0.092921070978308373,0.094981464015495842,0.095672720451531149,0.094981464015495842,0.092921070978308373],[0.093611618514587117,0.095672720451531149,0.096364213194673115,0.095672720451531149,0.093611618514587117],[0.092921070978308373,0.094981464015495842,0.095672720451531149,0.094981464015495842,0.092921070978308373],[0.090848903032904257,0.092921070978308373,0.093611618514587117,0.092921070978308373,0.090848903032904257]],[[0.094581965619607092,0.096657535169738476,0.097349245694532183,0.096657535169738476,0.094581965619607092],[0.096657535169738476,0.098720943587271223,0.099413239354606678,0.098720943587271223,0.096657535169738476],[0.097349245694532183,0.099413239354606678,0.10010573020918748,0.099413239354606678,0.097349245694532183],[0.096657535169738476,0.098720943587271223,0.099413239354606678,0.098720943587271223,0.096657535169738476],[0.094581965619607092,0.096657535169738476,0.097349245694532183,0.096657535169738476,0.094581965619607092]],[[0.098320575345548736,0.10039891610554295,0.10109157687261007,0.10039891610554295,0.098320575345548736],[0.10039891610554295,0.10246474459547122,0.10315787756504619,0.10246474459547122,0.10039891610554295],[0.10109157687261007,0.10315787756504619,0.10385116794117354,0.10315787756504619,0.10109157687261007],[0.10039891610554295,0.10246474459547122,0.10315787756504619,0.10246474459547122,0.10039891610554295],[0.098320575345548736,0.10039891610554295,0.10109157687261007,0.10039891610554295,0.098320575345548736]],[[0.10206364497078448,0.10414417770554477,0.10483759344439293,0.10414417770554477,0.10206364497078448],[0.10414417770554477,0.10621187652974882,0.10690566026123909,0.10621187652974882,0.10414417770554477],[0.10483759344439293,0.10690566026123909,0.10759956666207424,0.10690566026123909,0.10483759344439293],[0.10414417770554477,0.10621187652974882,0.10690566026123909,0.10621187652974882,0.10414417770554477],[0.10206364497078448,0.10414417770554477,0.10483759344439293,0.10414417770554477,0.10206364497078448]],[[0.10581017104801929,0.10789235860955615,0.10858634846076563,0.10789235860955615,0.10581017104801929],[0.10789235860955615,0.10996141506410675,0.1106556759051634,0.10996141506410675,0.10789235860955615],[0.10858634846076563,0.1106556759051634,0.11135002708080068,0.1106556759051634,0.10858634846076563],[0.10789235860955615,0.10996141506410675,0.1106556759051634,0.10996141506410675,0.10789235860955615],[0.10581017104801929,0.10789235860955615,0.10858634846076563,0.10789235860955615,0.10581017104801929]],[[0.10955921832317035,0.11164255736541297,0.11233695208515523,0.11164255736541297,0.10955921832317035],[0.11164255736541297,0.11371248794398624,0.11440706237034635,0.11371248794398624,0.11164255736541297],[0.11233695208515523,0.11440706237034635,0.11510169670312216,0.11440706237034635,0.11233695208515523],[0.11164255736541297,0.11371248794398624,0.11440706237034635,0.11371248794398624,0.11164255736541297],[0.10955921832317035,0.11164255736541297,0.11233695208515523,0.11164255736541297,0.10955921832317035]],[[0.11330990542152397,0.11539391875813945,0.11608855814307811,0.11539391875813945,0.11330990542152397],[0.11539391875813945,0.117464261877693,0.11815899402772813,0.117464261877693,0.11539391875813945],[0.11608855814307811,0.11815899402772813,0.11885375710332011,0.11815899402772813,0.11608855814307811],[0.11539391875813945,0.117464261877693,0.11815899402772813,0.117464261877693,0.11539391875813945],[0.11330990542152397,0.11539391875813945,0.11608855814307811,0.11539391875813945,0.11330990542152397]],[[0.117061391569605,0.11914562104123527,0.11984035152885057,0.11914562104123527,0.117061391569605],[0.11914562104123527,0.12121593020263019,0.12191066956320251,0.12121593020263019,0.11914562104123527],[0.11984035152885057,0.12191066956320251,0.12260541188499802,0.12191066956320251,0.11984035152885057],[0.11914562104123527,0.12121593020263019,0.12191066956320251,0.12121593020263019,0.11914562104123527],[0.117061391569605,0.11914562104123527,0.11984035152885057,0.11914562104123527,0.117061391569605]],[[0.12081286412036915,0.12289686384621476,0.12359153624847487,0.12289686384621477,0.12081286412036915],[0.12289686384621476,0.12496670110951383,0.12566130031246828,0.12496670110951383,0.12289686384621477],[0.12359153624847487,0.12566130031246828,0.1263558751189974,0.12566130031246828,0.12359153624847487],[0.12289686384621477,0.12496670110951383,0.12566130031246828,0.12496670110951383,0.12289686384621477],[0.12081286412036915,0.12289686384621477,0.12359153624847487,0.12289686384621477,0.12081286412036915]],[[0.12456352666233983,0.12664685655707258,0.12734132388749222,0.12664685655707258,0.12456352666233983],[0.12664685655707258,0.12871578621602561,0.12941009890634325,0.12871578621602561,0.12664685655707258],[0.12734132388749222,0.12941009890634325,0.13010436005313178,0.12941009890634325,0.12734132388749222],[0.12664685655707258,0.12871578621602561,0.12941009890634325,0.12871578621602561,0.12664685655707261],[0.12456352666233983,0.12664685655707258,0.12734132388749222,0.12664685655707261,0.12456352666233984]],[[0.12831258750228239,0.13039480694310912,0.13108892229868971,0.13039480694310912,0.12831258750228239],[0.13039480694310912,0.13246238928599144,0.1331562680236219,0.13246238928599144,0.13039480694310912],[0.13108892229868971,0.1331562680236219,0.13385006789165604,0.1331562680236219,0.13108892229868971],[0.13039480694310912,0.13246238928599144,0.1331562680236219,0.13246238928599144,0.13039480694310912],[0.12831258750228239,0.13039480694310912,0.13108892229868971,0.13039480694310912,0.12831258750228239]],[[0.13205924831601457,0.13413990984654539,0.134833524306588,0.13413990984654539,0.13205924831601457],[0.13413990984654539,0.13620569489105366,0.13689898904868422,0.13620569489105366,0.13413990984654539],[0.134833524306588,0.13689898904868422,0.13759217644183239,0.13689898904868422,0.134833524306588],[0.13413990984654539,0.13620569489105366,0.13689898904868422,0.13620569489105366,0.13413990984654539],[0.13205924831601457,0.13413990984654539,0.134833524306588,0.13413990984654539,0.13205924831601457]],[[0.13580269276323836,0.13788133572036124,0.13857429622443126,0.13788133572036124,0.13580269276323836],[0.13788133572036124,0.13994485680901517,0.14063741042773947,0.13994485680901517,0.13788133572036124],[0.13857429622443126,0.14063741042773947,0.14132982842098973,0.14063741042773947,0.13857429622443126],[0.13788133572036124,0.13994485680901517,0.14063741042773947,0.13994485680901517,0.13788133572036124],[0.13580269276323836,0.13788133572036124,0.13857429622443126,0.13788133572036124,0.13580269276323836]],[[0.13954207486014411,0.1416182188082464,0.14231036597455965,0.1416182188082464,0.13954207486014411],[0.1416182188082464,0.14367898594757292,0.14437063551136869,0.14367898594757292,0.1416182188082464],[0.14231036597455965,0.14437063551136869,0.14506211921067283,0.14437063551136869,0.14231036597455965],[0.1416182188082464,0.14367898594757292,0.14437063551136869,0.14367898594757292,0.1416182188082464],[0.13954207486014411,0.1416182188082464,0.14231036597455965,0.1416182188082464,0.13954207486014411]],[[0.1432765068981969,0.14534964475106707,0.1460408105957591,0.14534964475106707,0.1432765068981969],[0.14534964475106707,0.14740713757341342,0.14809770966197591,0.14740713757341342,0.14534964475106707],[0.1460408105957591,0.14809770966197591,0.14878808383493664,0.14809770966197591,0.1460408105957591],[0.14534964475106707,0.14740713757341342,0.14809770966197591,0.14740713757341342,0.14534964475106707],[0.1432765068981969,0.14534964475106707,0.1460408105957591,0.14534964475106707,0.1432765068981969]],[[0.14700504668955025,0.1490746373955002,0.14976464291135197,0.1490746373955002,0.14700504668955025],[0.1490746373955002,0.15112829761673011,0.15181760639432698,0.15112829761673011,0.1490746373955002],[0.14976464291135197,0.15181760639432698,0.152506682929099,0.15181760639432698,0.14976464291135197],[0.1490746373955002,0.15112829761673011,0.15181760639432698,0.15112829761673011,0.1490746373955002],[0.14700504668955025,0.1490746373955002,0.14976464291135197,0.1490746373955002,0.14700504668955025]],[[0.15072668390990429,0.15279214456984797,0.15348079712134102,0.15279214456984797,0.15072668390990429],[0.15279214456984797,0.15484136781047531,0.1555292123066164,0.15484136781047531,0.15279214456984797],[0.15348079712134102,0.1555292123066164,0.1562167874544482,0.1555292123066164,0.15348079712134102],[0.15279214456984797,0.15484136781047531,0.1555292123066164,0.15484136781047531,0.15279214456984797],[0.15072668390990429,0.15279214456984797,0.15348079712134102,0.15279214456984797,0.15072668390990429]],[[0.15444032529947363,0.15650102258252979,0.15718811307223973,0.15650102258252979,0.15444032529947363],[0.15650102258252979,0.15854514941506717,0.15923131055113257,0.15854514941506717,0.15650102258252979],[0.15718811307223973,0.15923131055113257,0.15991716190640734,0.15923131055113257,0.15718811307223973],[0.15650102258252979,0.15854514941506717,0.15923131055113257,0.15854514941506717,0.15650102258252979],[0.15444032529947363,0.15650102258252979,0.15718811307223973,0.15650102258252979,0.15444032529947363]],[[0.15814477847463931,0.16020001919219895,0.16088531895240585,0.16020001919219895,0.15814477847463931],[0.16020001919219895,0.16223832527568244,0.16292256259094587,0.16223832527568244,0.16020001919219895],[0.16088531895240585,0.16292256259094587,0.16360644576201031,0.16292256259094587,0.16088531895240585],[0.16020001919219895,0.16223832527568244,0.16292256259094587,0.16223832527568244,0.16020001919219895],[0.15814477847463931,0.16020001919219895,0.16088531895240585,0.16020001919219895,0.15814477847463931]],[[0.16183873409993479,0.16388775480004902,0.16457101216342021,0.16388775480004902,0.16183873409993479],[0.16388775480004902,0.16591943996667557,0.16660148799825014,0.16591943996667557,0.16388775480004902],[0.16457101216342021,0.16660148799825014,0.16728313292378327,0.16660148799825014,0.16457101216342021],[0.16388775480004902,0.16591943996667557,0.16660148799825014,0.16591943996667557,0.16388775480004902],[0.16183873409993479,0.16388775480004902,0.16457101216342021,0.16388775480004902,0.16183873409993479]],[[0.16552074617790583,0.16756270163050896,0.16824363813642998,0.16756270163050896,0.16552074617790583],[0.16756270163050896,0.16958687780362286,0.17026644207927674,0.16958687780362286,0.16756270163050896],[0.16824363813642998,0.17026644207927674,0.17094554894993516,0.17026644207927674,0.16824363813642998],[0.16756270163050896,0.16958687780362286,0.17026644207927674,0.16958687780362286,0.16756270163050896],[0.16552074617790583,0.16756270163050896,0.16824363813642998,0.16756270163050896,0.16552074617790583]],[[0.169189210241087,0.17122316070644947,0.17190146690625621,0.17122316070644947,0.169189210241087],[0.17122316070644947,0.17323883856003006,0.17391559117252639,0.17323883856003006,0.17122316070644947],[0.17190146690625621,0.17391559117252639,0.17459182592832084,0.17391559117252639,0.17190146690625621],[0.17122316070644947,0.17323883856003006,0.17391559117252639,0.17323883856003006,0.17122316070644947],[0.169189210241087,0.17122316070644947,0.17190146690625621,0.17122316070644947,0.169189210241087]],[[0.17284233928703649,0.17486723650274613,0.17554256734070914,0.17486723650274613,0.17284233928703649],[0.17486723650274613,0.17687331082936192,0.17754688557904627,0.17687331082936192,0.17486723650274613],[0.17554256734070914,0.17754688557904627,0.17821987497246419,0.17754688557904627,0.17554256734070914],[0.17486723650274613,0.17687331082936192,0.17754688557904627,0.17687331082936192,0.17486723650274613],[0.17284233928703649,0.17486723650274613,0.17554256734070914,0.17486723650274613,0.17284233928703649]],[[0.17647813740143095,0.17849280929774286,0.17916477906808873,0.17849280929774286,0.17647813740143095],[0.17849280929774286,0.18048804314697697,0.18115803026969807,0.18048804314697697,0.17849280929774286],[0.17916477906808873,0.18115803026969807,0.18182735651725743,0.18115803026969807,0.17916477906808873],[0.17849280929774286,0.18048804314697697,0.18115803026969807,0.18048804314697697,0.17849280929774286],[0.17647813740143095,0.17849280929774286,0.17916477906808873,0.17849280929774286,0.17647813740143095]],[[0.18009437118712043,0.18209750546094086,0.18276568237978222,0.18209750546094086,0.18009437118712043],[0.18209750546094086,0.18408051326008623,0.18474645380568352,0.18408051326008623,0.18209750546094086],[0.18276568237978222,0.18474645380568352,0.18541164890193859,0.18474645380568352,0.18276568237978222],[0.18209750546094086,0.18408051326008623,0.18474645380568352,0.18408051326008623,0.18209750546094086],[0.18009437118712043,0.18209750546094086,0.18276568237978222,0.18209750546094086,0.18009437118712043]],[[0.18368853938875793,0.1856786662512756,0.18634256674108821,0.1856786662512756,0.18368853938875793],[0.1856786662512756,0.18764789634432655,0.18830927634317651,0.18764789634432655,0.1856786662512756],[0.18634256674108821,0.18830927634317651,0.18896981618794997,0.18830927634317651,0.18634256674108821],[0.1856786662512756,0.18764789634432655,0.18830927634317651,0.18764789634432655,0.1856786662512756],[0.18368853938875793,0.1856786662512756,0.18634256674108821,0.1856786662512756,0.18368853938875793]],[[0.18725784150815469,0.18923331619055803,0.18989239906158781,0.18923331619055803,0.18725784150815469],[0.18923331619055803,0.19118703355217576,0.19184327821110392,0.19118703355217576,0.18923331619055803],[0.18989239906158781,0.19184327821110392,0.19249857681022753,0.19184327821110392,0.18989239906158781],[0.18923331619055803,0.19118703355217576,0.19184327821110392,0.19118703355217576,0.18923331619055803],[0.18725784150815469,0.18923331619055803,0.18989239906158781,0.18923331619055803,0.18725784150815469]],[[0.19079914678295493,0.19275813276002424,0.19341179359369282,0.19275813276002424,0.19079914678295493],[0.19275813276002424,0.19469440307695007,0.1953448713874277,0.19469440307695007,0.19275813276002424],[0.19341179359369282,0.1953448713874277,0.19599427553585944,0.1953448713874277,0.19341179359369282],[0.19275813276002424,0.19469440307695007,0.1953448713874277,0.19469440307695007,0.19275813276002424],[0.19079914678295493,0.19275813276002424,0.19341179359369282,0.19275813276002424,0.19079914678295493]],[[0.19430896568307435,0.19624942006891341,0.196896986268531,0.19624942006891341,0.19430896568307435],[0.19624942006891341,0.19816609693946088,0.19881007726339747,0.19816609693946088,0.19624942006891341],[0.196896986268531,0.19881007726339747,0.19945286230935677,0.19881007726339747,0.196896986268531],[0.19624942006891341,0.19816609693946088,0.19881007726339747,0.19816609693946088,0.19624942006891341],[0.19430896568307435,0.19624942006891341,0.196896986268531,0.19624942006891341,0.19430896568307435]],[[0.19778342707518787,0.19970309025418612,0.20034381742637539,0.19970309025418612,0.19778342707518787],[0.19970309025418612,0.20159780791657553,0.20223451533228845,0.20159780791657553,0.19970309025418612],[0.20034381742637539,0.20223451533228845,0.2028698828447198,0.20223451533228845,0.20034381742637539],[0.19970309025418612,0.20159780791657553,0.20223451533228845,0.20159780791657553,0.19970309025418612],[0.19778342707518787,0.19970309025418612,0.20034381742637539,0.19970309025418612,0.19778342707518787]],[[0.20121826537577511,0.20311465761173447,0.2037477281657927,0.20311465761173447,0.20121826537577511],[0.20311465761173447,0.20498483230518519,0.20561340872714109,0.20498483230518519,0.20311465761173447],[0.2037477281657927,0.20561340872714109,0.206240487122218,0.20561340872714109,0.2037477281657927],[0.20311465761173447,0.20498483230518519,0.20561340872714109,0.20498483230518519,0.20311465761173447],[0.20121826537577511,0.20311465761173447,0.2037477281657927,0.20311465761173447,0.20121826537577511]],[[0.20460882322989088,0.20647925164492567,0.20710377671419386,0.20647925164492567,0.20460882322989088],[0.20647925164492567,0.20832209529175022,0.20894161357751767,0.20832209529175022,0.20647925164492567],[0.20710377671419386,0.20894161357751767,0.20955946295408759,0.20894161357751767,0.20710377671419386],[0.20647925164492567,0.20832209529175022,0.20894161357751767,0.20832209529175022,0.20647925164492567],[0.20460882322989088,0.20647925164492567,0.20710377671419386,0.20647925164492567,0.20460882322989088]],[[0.20795007626127862,0.20979165601028976,0.21040668195212822,0.20979165601028976,0.20795007626127862],[0.20979165601028976,0.21160420615416767,0.21221367950751613,0.21160420615416767,0.20979165601028976],[0.21040668195212822,0.21221367950751613,0.212821302017869,0.21221367950751613,0.21040668195212822],[0.20979165601028976,0.21160420615416767,0.21221367950751613,0.21160420615416767,0.20979165601028976],[0.20795007626127862,0.20979165601028976,0.21040668195212822,0.20979165601028976,0.20795007626127862]],[[0.21123668683521643,0.21304638025804892,0.21365090099281134,0.21304638025804892,0.21123668683521643],[0.21304638025804892,0.21482554980339716,0.21542394767596484,0.21482554980339716,0.21304638025804892],[0.21365090099281134,0.21542394767596484,0.21602030461502975,0.21542394767596484,0.21365090099281134],[0.21304638025804892,0.21482554980339716,0.21542394767596484,0.21482554980339716,0.21304638025804892],[0.21123668683521643,0.21304638025804892,0.21365090099281134,0.21304638025804892,0.21123668683521643]],[[0.21446309303859173,0.21623776974728415,0.21683074595158083,0.21623776974728415,0.21446309303859173],[0.21623776974728415,0.21798041871622342,0.21856669000079559,0.21798041871622342,0.21623776974728415],[0.21683074595158083,0.21856669000079559,0.21915072633273391,0.21856669000079559,0.21683074595158083],[0.21623776974728415,0.21798041871622342,0.21856669000079559,0.21798041871622342,0.21623776974728415],[0.21446309303859173,0.21623776974728415,0.21683074595158083,0.21623776974728415,0.21446309303859173]],[[0.21762363670209883,0.21936015571404877,0.21994054130797522,0.21936015571404877,0.21762363670209883],[0.21936015571404877,0.22106318480480894,0.2216362883405954,0.22106318480480894,0.21936015571404877],[0.21994054130797522,0.2216362883405954,0.22220696454342612,0.2216362883405954,0.21994054130797522],[0.21936015571404877,0.22106318480480894,0.2216362883405954,0.22106318480480894,0.21936015571404877],[0.21762363670209883,0.21936015571404877,0.21994054130797522,0.21936015571404877,0.21762363670209883]],[[0.22071273000194258,0.22240804213474061,0.22297481757985407,0.22240804213474061,0.22071273000194258],[0.22240804213474061,0.22406850446638879,0.22462744577559896,0.22406850446638879,0.22240804213474061],[0.22297481757985407,0.22462744577559896,0.22518377572400192,0.22462744577559896,0.22297481757985407],[0.22240804213474061,0.22406850446638879,0.22462744577559896,0.22406850446638879,0.22240804213474061],[0.22071273000194258,0.22240804213474061,0.22297481757985407,0.22240804213474061,0.22071273000194258]],[[0.22372505424486741,0.2253763193816691,0.22592853013404127,0.2253763193816691,0.22372505424486741],[0.2253763193816691,0.22699154300388805,0.22753541492068538,0.22699154300388805,0.2253763193816691],[0.22592853013404127,0.22753541492068538,0.22807650724032014,0.22753541492068538,0.22592853013404127],[0.2253763193816691,0.22699154300388805,0.22753541492068538,0.22699154300388805,0.2253763193816691],[0.22372505424486741,0.2253763193816691,0.22592853013404127,0.2253763193816691,0.22372505424486741]],[[0.22665577783407445,0.22826048808634347,0.22879728535797811,0.22826048808634347,0.22665577783407445],[0.22826048808634347,0.22982819855032052,0.23035622228545219,0.22982819855032052,0.22826048808634347],[0.22879728535797811,0.23035622228545219,0.23088132151875035,0.23035622228545219,0.22879728535797811],[0.22826048808634347,0.22982819855032052,0.23035622228545219,0.22982819855032052,0.22826048808634347],[0.22665577783407445,0.22826048808634347,0.22879728535797811,0.22826048808634347,0.22665577783407445]],[[0.22950077472105421,0.23105687194004115,0.23157755202814731,0.23105687194004115,0.22950077472105421],[0.23105687194004115,0.23257530249409919,0.23308686504045487,0.23257530249409919,0.23105687194004115],[0.23157755202814731,0.23308686504045487,0.23359538841104718,0.23308686504045487,0.23157755202814731],[0.23105687194004115,0.23257530249409919,0.23308686504045487,0.23257530249409919,0.23105687194004115],[0.22950077472105421,0.23105687194004115,0.23157755202814731,0.23105687194004115,0.22950077472105421]],[[0.23225682160567038,0.23376279700587574,0.23426683514967556,0.23376279700587574,0.23225682160567038],[0.23376279700587574,0.23523077450561769,0.23572545838008971,0.23523077450561769,0.23376279700587574],[0.23426683514967556,0.23572545838008971,0.23621702416312229,0.23572545838008971,0.23426683514967556],[0.23376279700587574,0.23523077450561769,0.23572545838008971,0.23523077450561769,0.23376279700587574],[0.23225682160567038,0.23376279700587574,0.23426683514967556,0.23376279700587574,0.23225682160567038]],[[0.23492175295617723,0.2363767182122905,0.23686379338090907,0.2363767182122905,0.23492175295617723],[0.2363767182122905,0.237793715668408,0.23827131784423058,0.237793715668408,0.2363767182122905],[0.23686379338090907,0.23827131784423058,0.23874576234693584,0.23827131784423058,0.23686379338090907],[0.2363767182122905,0.237793715668408,0.23827131784423058,0.237793715668408,0.2363767182122905],[0.23492175295617723,0.2363767182122905,0.23686379338090907,0.2363767182122905,0.23492175295617723]],[[0.23749455769022335,0.23889828046539294,0.2393682885974952,0.23889828046539294,0.23749455769022335],[0.23889828046539294,0.24026443162562694,0.24072496994079287,0.24026443162562694,0.23889828046539294],[0.2393682885974952,0.24072496994079287,0.24118235163388096,0.24072496994079287,0.2393682885974952],[0.23889828046539294,0.24026443162562694,0.24072496994079287,0.24026443162562694,0.23889828046539294],[0.23749455769022335,0.23889828046539294,0.2393682885974952,0.23889828046539294,0.23749455769022335]],[[0.23997540900157791,0.24132831058246498,0.24178136532084671,0.24132831058246498,0.23997540900157791],[0.24132831058246498,0.24264438694364318,0.24308809392049469,0.24264438694364318,0.24132831058246498],[0.24178136532084671,0.24308809392049469,0.24352868495275262,0.24308809392049469,0.24178136532084671],[0.24132831058246498,0.24264438694364318,0.24308809392049469,0.24264438694364318,0.24132831058246498],[0.23997540900157791,0.24132831058246498,0.24178136532084671,0.24132831058246498,0.23997540900157791]],[[0.2423656274791145,0.24366874491612128,0.24410516644713515,0.24366874491612128,0.2423656274791145],[0.24366874491612128,0.24493609996198423,0.24536340546587071,0.24493609996198423,0.24366874491612128],[0.24410516644713515,0.24536340546587071,0.24578767226253917,0.24536340546587071,0.24410516644713515],[0.24366874491612128,0.24493609996198423,0.24536340546587071,0.24493609996198423,0.24366874491612128],[0.2423656274791145,0.24366874491612128,0.24410516644713515,0.24366874491612128,0.2423656274791145]],[[0.24466758542567915,0.24592250434791174,0.24634279824378194,0.24592250434791174,0.24466758542567915],[0.24592250434791174,0.24714299283692,0.24755449806742225,0.24714299283692,0.24592250434791174],[0.24634279824378194,0.24755449806742225,0.2479630737043382,0.24755449806742225,0.24634279824378194],[0.245922504347