{"M_cells":[[[0,0,0,0,0,0],[0,0,0,0,0,0],[0,0,0,0,0,0],[0,0,0,0,0,0],[0,0,0,0,0,0],[0,0,0,0,0,0]],[[0.00021942240818231424,0.00050865570111979438,0.00020941021213791814,9.4364023863891338E-5,4.32120756467969E-5,1.6306265750970356E-5],[0.00050865570111979438,0.00081920829774930609,0.00039945597404632087,0.0001907751901509392,9.3814959976714013E-5,4.32120756467969E-5],[0.00020941021213791814,0.00039945597404632087,0.00028750343236551225,0.00017570586755537196,9.820806688986045E-5,4.5972952990015779E-5],[9.4364023863891338E-5,0.0001907751901509392,0.00017570586755537196,0.00012655367750893568,7.7486345390887992E-5,3.5685204809204333E-5],[4.32120756467969E-5,9.3814959976714013E-5,9.820806688986045E-5,7.7486345390887992E-5,4.9620982767522726E-5,2.1800160505199275E-5],[1.6306265750970356E-5,4.32120756467969E-5,4.5972952990015779E-5,3.5685204809204333E-5,2.1800160505199275E-5,7.9429370234566236E-6]],[[0.00070593009686125265,0.0010307337649734525,0.00049272158671888181,0.00025694629930433455,0.00014142741779107909,8.2014930038668614E-5],[0.0010307337649734525,0.0012319204514305928,0.00067516594101512252,0.00037326952221614524,0.00021959376483460464,0.00014142741779107909],[0.00049272158671888181,0.00067516594101512252,0.00050832121523095161,0.00034161818209609262,0.00022243569446026083,0.00014488984447673115],[0.00025694629930433455,0.00037326952221614524,0.00034161818209609262,0.00026267209199590193,0.00018382223310235533,0.00011771883650179145],[0.00014142741779107909,0.00021959376483460464,0.00022243569446026083,0.00018382223310235533,0.00013262145171675279,8.1486017490317936E-5],[8.2014930038668614E-5,0.00014142741779107909,0.00014488984447673115,0.00011771883650179145,8.1486017490317936E-5,4.5304333913070532E-5]],[[0.0011507346618663398,0.0014163501109334302,0.00075251402454101009,0.00043655804056655394,0.00027243569026375334,0.000189767368485469],[0.0014163501109334302,0.0015459980216612529,0.00091662565578890811,0.00055846066794359832,0.00036752937828290252,0.00027243569026375334],[0.00075251402454101009,0.00091662565578890811,0.000714934035537704,0.00051337660975444514,0.00036699293923709778,0.00027384017089356294],[0.00043655804056655394,0.00055846066794359832,0.00051337660975444514,0.00041335032468261396,0.00031342813144846353,0.00023036344348367971],[0.00027243569026375334,0.00036752937828290252,0.00036699293923709778,0.00031342813144846353,0.00024319066566859778,0.00017303448525881953],[0.000189767368485469,0.00027243569026375334,0.00027384017089356294,0.00023036344348367971,0.00017303448525881953,0.0001157756832143684]],[[0.0015068903901356838,0.0017191366435735651,0.00098683872816587056,0.000620383249543422,0.00042328443390266012,0.00032578707936661724],[0.0017191366435735651,0.0018070682342721134,0.0011359160638425353,0.00074315978009090958,0.0005284263785959439,0.00042328443390266012],[0.00098683872816587056,0.0011359160638425353,0.00091197298676647337,0.00068815875599957167,0.00052419724174324219,0.00042139061122336554],[0.000620383249543422,0.00074315978009090958,0.00068815875599957167,0.000573539236116684,0.00045902883955591204,0.00036427942443542573],[0.00042328443390266012,0.0005284263785959439,0.00052419724174324219,0.00045902883955591204,0.00037430173383407571,0.00028966751145371018],[0.00032578707936661724,0.00042328443390266012,0.00042139061122336554,0.00036427942443542573,0.00028966751145371018,0.00021514023269437397]],[[0.0017965567831707537,0.0019732316257696923,0.0012019724855769475,0.000804180047442897,0.00058575427563518879,0.00047932060697524192],[0.0019732316257696923,0.0020363756063167615,0.0013404174859597564,0.00092635422464899288,0.00069670084663884656,0.00058575427563518879],[0.0012019724855769475,0.0013404174859597564,0.0011023270031662561,0.00086436172346972468,0.00068916827077642286,0.00058041773428939313],[0.000804180047442897,0.00092635422464899288,0.00086436172346972468,0.00073983289563145122,0.0006154164352420989,0.0005127387518988547],[0.00058575427563518879,0.00069670084663884656,0.00068916827077642286,0.0006154164352420989,0.00052013979556811288,0.000424964234634292],[0.00047932060697524192,0.00058575427563518879,0.00058041773428939313,0.0005127387518988547,0.000424964234634292,0.00033728489293066369]],[[0.0020436122660933463,0.0021981257520168828,0.0014039365680060946,0.0009867687893291145,0.0007548801649040625,0.00064323623809312155],[0.0021981257520168828,0.0022462568764197396,0.001535271710204856,0.0011080427126239874,0.00086912205091752395,0.0007548801649040625],[0.0014039365680060946,0.001535271710204856,0.0012881992904613189,0.0010412496670364221,0.00085891689649375612,0.00074650787787290381],[0.0009867687893291145,0.0011080427126239874,0.0010412496670364221,0.00091007589739192075,0.00077901660063249252,0.00067101504220056863],[0.0007548801649040625,0.00086912205091752395,0.00085891689649375612,0.00077901660063249252,0.00067628033140591684,0.00057365081662054157],[0.00064323623809312155,0.0007548801649040625,0.00074650787787290381,0.00067101504220056863,0.00057365081662054157,0.00047638922055530267]],[[0.0022643347912957865,0.0024052165454594792,0.0015972119698919136,0.0011680512453551442,0.00092776423326118042,0.00081314421253109127],[0.0024052165454594792,0.002444129882624828,0.001723912706620789,0.0012885147953595522,0.0010438562452047679,0.00092776423326118042],[0.0015972119698919136,0.001723912706620789,0.0014711352115170269,0.0012184789478473532,0.0010316157205330586,0.00091694944665126927],[0.0011680512453551442,0.0012885147953595522,0.0012184789478473532,0.0010828865116901728,0.00094740991939309017,0.00083585958874152579],[0.00092776423326118042,0.0010438562452047679,0.0010316157205330586,0.00094740991939309017,0.00083950478580234694,0.00073171028070687018],[0.00081314421253109127,0.00092776423326118042,0.00091694944665126927,0.00083585958874152579,0.00073171028070687018,0.00062766876717730373]],[[0.0024688502425559838,0.0026013257188693263,0.0017848600116507091,0.0013482519394350514,0.0011027511004521216,0.00098645317200219762],[0.0026013257188693263,0.0026345244106960961,0.001908576571725585,0.0014680870422022509,0.0012198746837007901,0.0011027511004521216],[0.0017848600116507091,0.001908576571725585,0.0016521701388687781,0.0013958839284692692,0.0012061447496980831,0.00109008036553555],[0.0013482519394350514,0.0014680870422022509,0.0013958839284692692,0.0012573703979948171,0.0011189736054664702,0.0010050706645066642],[0.0011027511004521216,0.0012198746837007901,0.0012061447496980831,0.0011189736054664702,0.0010075389475196,0.00089621753403309524],[0.00098645317200219762,0.0011027511004521216,0.00109008036553555,0.0010050706645066642,0.00089621753403309524,0.0007874757249730171]],[[0.0026633445274077557,0.0027906050830640607,0.001968895581063012,0.0015276436288442221,0.0012789081351211157,0.0011616718895544529],[0.0027906050830640607,0.0028202361267914214,0.0020907017737884516,0.0016470236010578359,0.001396604712364267,0.0012789081351211157],[0.001968895581063012,0.0020907017737884516,0.0018319823707753024,0.0015733825428385646,0.0013818149322407367,0.0012648805256858175],[0.0015276436288442221,0.0016470236010578359,0.0015733825428385646,0.0014329459732404647,0.0012926267251774312,0.0011771706076180929],[0.0012789081351211157,0.001396604712364267,0.0013818149322407367,0.0012926267251774312,0.0011788079684147278,0.0010651042082595137],[0.0011616718895544529,0.0012789081351211157,0.0012648805256858175,0.0011771706076180929,0.0010651042082595137,0.00095315151266107988]],[[0.0028516050715119588,0.0029756117982233368,0.0021506219945346973,0.0017064608431145429,0.0014557147381157253,0.0013379561181731724],[0.0029756117982233368,0.0030030041471947361,0.0022712087335005952,0.0018255236150669222,0.0015737293308486738,0.0014557147381157253],[0.0021506219945346973,0.0022712087335005952,0.0020110114514528383,0.0017509333306334795,0.0015582005728783136,0.0014407219021874728],[0.0017064608431145429,0.0018255236150669222,0.0017509333306334795,0.0016092344414564777,0.0014676532551508175,0.0013511748795018718],[0.0014557147381157253,0.0015737293308486738,0.0015582005728783136,0.0014676532551508175,0.0013522371803395205,0.0012369372685628441],[0.0013379561181731724,0.0014557147381157253,0.0014407219021874728,0.0013511748795018718,0.0012369372685628441,0.0011228149575355899]],[[0.0030359674598602966,0.0031579346826261937,0.00233087564553784,0.001884882672411557,0.0016328822117997943,0.0015148330763169371],[0.0031579346826261937,0.003183917026916964,0.0024506853342902164,0.0020037298889366826,0.00175107384408242,0.0016328822117997943],[0.00233087564553784,0.0024506853342902164,0.0021895408011112279,0.0019285151657006624,0.0017350376211758996,0.0016172164054182934],[0.001884882672411557,0.0020037298889366826,0.0019285151657006624,0.0017859891425489871,0.0016435810719792972,0.001526431235942875],[0.0016328822117997943,0.00175107384408242,0.0017350376211758996,0.0016435810719792972,0.0015271013078749904,0.0014107384798830026],[0.0015148330763169371,0.0016328822117997943,0.0016172164054182934,0.001526431235942875,0.0014107384798830026,0.0012951620866511282]],[[0.0032178826505304351,0.0033385675118596221,0.002510191612060978,0.0020630383663209177,0.0018102512941293209,0.0016920400386518767],[0.0033385675118596221,0.0033636595481813256,0.0026295071038906518,0.0021817419958886828,0.0019285424057887965,0.0018102512941293209],[0.002510191612060978,0.0026295071038906518,0.0023677528667502977,0.002106117360720429,0.0019121617199250377,0.0017941233151159543],[0.0020630383663209177,0.0021817419958886828,0.002106117360720429,0.0019630496740953305,0.0018201001042551417,0.001702509598956668],[0.0018102512941293209,0.0019285424057887965,0.0019121617199250377,0.0018201001042551417,0.0017029150775822088,0.001585847497946376],[0.0016920400386518767,0.0018102512941293209,0.0017941233151159543,0.001702509598956668,0.001585847497946376,0.0014693024645157284]],[[0.0033982578470198718,0.003518135198623977,0.0026889120114287506,0.0022410183698264984,0.0019877345721137293,0.001869431893306838],[0.003518135198623977,0.0035426643372580631,0.0028079142082954715,0.0023596282193035106,0.0021060827262728015,0.0019877345721137293],[0.0026889120114287506,0.0028079142082954715,0.0025457651372594661,0.00228373469306037,0.0020894702954471689,0.0019712928283230967],[0.0022410183698264984,0.0023596282193035106,0.00228373469306037,0.0021403119521874385,0.0019970074368978329,0.0018791275259376957],[0.0019877345721137293,0.0021060827262728015,0.0020894702954471689,0.0019970074368978329,0.0018793560445139654,0.0017618224364671403],[0.001869431893306838,0.0019877345721137293,0.0019712928283230967,0.0018791275259376957,0.0017618224364671403,0.001644634880604626]],[[0.0035776633479543333,0.0036970324735176871,0.0028672557763645221,0.002418884848816103,0.0021652843717770978,0.0020469289544956222],[0.0036970324735176871,0.0037212057683205881,0.002986060541048296,0.0025374349315152481,0.0022836665295229478,0.0021652843717770978],[0.0028672557763645221,0.002986060541048296,0.0027236534113471793,0.0024613648445182684,0.0022668992427278324,0.0021486314936165676],[0.002418884848816103,0.0025374349315152481,0.0024613648445182684,0.0023177086407787663,0.002174170735649393,0.0020561002073756396],[0.0021652843717770978,0.0022836665295229478,0.0022668992427278324,0.002174170735649393,0.0020562111979396847,0.0019383696674912362],[0.0020469289544956222,0.0021652843717770978,0.0021486314936165676,0.0020561002073756396,0.0019383696674912362,0.0018207569691372591]],[[0.0037564593270780797,0.0038755096738333152,0.0030453632650620315,0.002596680096726802,0.0023428749468234252,0.0022244877755730609],[0.0038755096738333152,0.0038994584945698709,0.0031640449729523987,0.002715193475716918,0.0024612787630893525,0.0023428749468234252],[0.0030453632650620315,0.0031640449729523987,0.0029014667537793216,0.0026390070596687318,0.0024444085142546067,0.0023260809470532755],[0.002596680096726802,0.002715193475716918,0.0026390070596687318,0.0024951963592321196,0.002351504007452401,0.0022333071466194643],[0.0023428749468234252,0.0024612787630893525,0.0024444085142546067,0.002351504007452401,0.0022333405400784341,0.0021152952279143008],[0.0022244877755730609,0.0023428749468234252,0.0023260809470532755,0.0022333071466194643,0.0021152952279143008,0.0019974013545213179]],[[0.0039348742035368095,0.0040537261773179204,0.0032233247017780884,0.0027744327506579744,0.0025204926332930981,0.0024020849265015188],[0.0040537261773179204,0.0040775341204317781,0.0033419312477134,0.0028929250301059344,0.0026389116526274571,0.0025204926332930981],[0.0032233247017780884,0.0033419312477134,0.0030792370885952074,0.002816661433809509,0.00262197316946458,0.0025036047675500894],[0.0027744327506579744,0.0028929250301059344,0.002816661433809509,0.0026727473278929624,0.00252895160602656,0.0024106700755995047],[0.0025204926332930981,0.0026389116526274571,0.00262197316946458,0.00252895160602656,0.0024106525065692016,0.0022924716613624877],[0.0024020849265015188,0.0025204926332930981,0.0025036047675500894,0.0024106700755995047,0.0022924716613624877,0.0021743914279706714]],[[0.0041130534247421704,0.0042317838655030549,0.003401198298626556,0.00295216220205747,0.0026981304205942057,0.0025797080146241569],[0.0042317838655030549,0.0042555042773282188,0.0035197606607012578,0.0030706439676458685,0.0028165614307448382,0.0026981304205942057],[0.003401198298626556,0.0035197606607012578,0.0032569853489280197,0.0029943285320175946,0.0027995777909158664,0.0026811803130913489],[0.00295216220205747,0.0030706439676458685,0.0029943285320175946,0.0028503439188765239,0.0027064777159416489,0.0025881383817103532],[0.0026981304205942057,0.0028165614307448382,0.0027995777909158664,0.0027064777159416489,0.0025880875148231773,0.0024698156352657877],[0.0025797080146241569,0.0026981304205942057,0.0026811803130913489,0.0025881383817103532,0.0024698156352657877,0.0023516111607007977]],[[0.0042910900033819119,0.00440974817431657,0.0035790218089860595,0.0031298816496853677,0.0028757849630831277,0.0027573507288650616],[0.00440974817431657,0.004433415197050713,0.0036975601491501036,0.0032483601416359235,0.0029942265394424946,0.0028757849630831277],[0.0035790218089860595,0.0036975601491501036,0.0034347254204289469,0.0031720091846302264,0.0029772129867584717,0.0028587936280697677],[0.0031298816496853677,0.0032483601416359235,0.0031720091846302264,0.0030279751066968753,0.0028840594594107182,0.0027656795259446095],[0.0028757849630831277,0.0029942265394424946,0.0029772129867584717,0.0028840594594107182,0.0027656070238569496,0.0026472729567271367],[0.0027573507288650616,0.0028757849630831277,0.0028587936280697677,0.0027656795259446095,0.0026472729567271367,0.0025289847215767911]],[[0.0044690437213756595,0.0045876613860510018,0.0037568199013800815,0.0033076001789810647,0.0030534549374250522,0.0029350101102038478],[0.0045876613860510018,0.0046112969444135647,0.0038753474617858369,0.0034260804241198384,0.0031719066435653455,0.0030534549374250522],[0.0037568199013800815,0.0038753474617858369,0.0036124666716397242,0.00334970437761466,0.0031548731921964795,0.0030364362537237534],[0.0033076001789810647,0.0034260804241198384,0.00334970437761466,0.0032056341595939637,0.0030616823892374231,0.0029432727617845246],[0.0030534549374250522,0.0031719066435653455,0.0031548731921964795,0.0030616823892374231,0.0029431862969611189,0.0028248086069167511],[0.0029350101102038478,0.0030534549374250522,0.0030364362537237534,0.0029432727617845246,0.0028248086069167511,0.0027064628297390303]],[[0.0046469532533926581,0.0047655510492195206,0.0039346088720120936,0.0034853241627185324,0.0032311401409843986,0.0031126850508424973],[0.0047655510492195206,0.0047891692824025087,0.0040531344669572133,0.003603809733517354,0.0033496020902438525,0.0032311401409843986],[0.0039346088720120936,0.0040531344669572133,0.0037902155791681752,0.0035274151943090423,0.0033325552832765889,0.0032141032234325509],[0.0034853241627185324,0.003603809733517354,0.0035274151943090423,0.003383317139951267,0.0032393375483425113,0.0031209050283073571],[0.0032311401409843986,0.0033496020902438525,0.0033325552832765889,0.0032393375483425113,0.0031208096341729975,0.003002400147823654],[0.0031126850508424973,0.0032311401409843986,0.0032141032234325509,0.0031209050283073571,0.003002400147823654,0.0028840136768262872]],[[0.0048248438455591337,0.0049434353269764489,0.004112399660658345,0.0036630581970997535,0.0034088409978587572,0.0032903754703275624],[0.0049434353269764489,0.0049670454070669173,0.0042309292725599447,0.0037815517172847305,0.0035273136134651266,0.0034088409978587572],[0.004112399660658345,0.0042309292725599447,0.00396797677264344,0.0037051427851015391,0.003510257700682843,0.00339179179891131],[0.0036630581970997535,0.0037815517172847305,0.0037051427851015391,0.0035610219316289139,0.003417019555032123,0.0032985682707944242],[0.0034088409978587572,0.0035273136134651266,0.003510257700682843,0.003417019555032123,0.0032984672427103841,0.0031800333787363995],[0.0032903754703275624,0.0034088409978587572,0.00339179179891131,0.0032985682707944242,0.0031800333787363995,0.0030616169205423564]],[[0.0050027321927116749,0.0051213264028397345,0.0042901997834656385,0.0038408057238665918,0.0035865582890154853,0.0034680818642146933],[0.0051213264028397345,0.0051449343310424741,0.00440873758645011,0.0039593092036529533,0.003705042173327558,0.0035865582890154853],[0.0042901997834656385,0.00440873758645011,0.0041457537074829406,0.0038828883523536954,0.0036879798948748817,0.0035695006715345369],[0.0038408057238665918,0.0039593092036529533,0.0038828883523536954,0.0037387476100285122,0.0035947253583868697,0.0034762576960602706],[0.0035865582890154853,0.003705042173327558,0.0036879798948748817,0.0035947253583868697,0.0034761531887118713,0.0033576994849152759],[0.0034680818642146933,0.0035865582890154853,0.0035695006715345369,0.0034762576960602706,0.0033576994849152759,0.003239259727474094]],[[0.0051806295439807059,0.00529923265414776,0.0044680145733953357,0.004018569442143757,0.0037642930055783795,0.0036458050575949611],[0.00529923265414776,0.0053228424077286993,0.0045865635907447813,0.0041370844998309423,0.0038827888692812358,0.0037642930055783795],[0.0044680145733953357,0.0045865635907447813,0.0043235490987376919,0.0040606531436638222,0.0038657219743450807,0.003747229456707221],[0.004018569442143757,0.0041370844998309423,0.0040606531436638222,0.0039164940348491335,0.0037724534306291212,0.0036539706384610938],[0.0037642930055783795,0.0038827888692812358,0.0038657219743450807,0.0037724534306291212,0.0036538640601510835,0.0035353931714347526],[0.0036458050575949611,0.0037642930055783795,0.003747229456707221,0.0036539706384610938,0.0035353931714347526,0.0034169341752971409]],[[0.0053585436847170508,0.0054771600419774207,0.0046458479775337239,0.0041963515804442457,0.0039420462697730566,0.0038235460712188148],[0.0054771600419774207,0.0055007743078697591,0.0047644105046400738,0.0043148795886695044,0.0040605548940102877,0.0039420462697730566],[0.0046458479775337239,0.0047644105046400738,0.0045013652014624294,0.004238438449707861,0.0040434844826327922,0.0039249783734588437],[0.0041963515804442457,0.0043148795886695044,0.004238438449707861,0.0040942615874069235,0.0039502032439984024,0.0038317058241340673],[0.0039420462697730566,0.0040605548940102877,0.0040434844826327922,0.0039502032439984024,0.003831598096068698,0.0037131114450217485],[0.0038235460712188148,0.0039420462697730566,0.0039249783734588437,0.0038317058241340673,0.0037131114450217485,0.0035946355525605118]],[[0.0055364802039994856,0.0056551130018079885,0.004823703070463317,0.004374154076179769,0.0041198192930434925,0.0040013060494907878],[0.0056551130018079885,0.00567873364657672,0.0049422809474496225,0.0044926962584616271,0.0042383415096466552,0.0041198192930434925],[0.004823703070463317,0.0049422809474496225,0.0046792039924443878,0.0044162456046061335,0.0042212682571677812,0.0041027480414458023],[0.004374154076179769,0.0044926962584616271,0.0044162456046061335,0.0042720510017320657,0.0041279749326284913,0.004009462894526643],[0.0041198192930434925,0.0042383415096466552,0.0042212682571677812,0.0041279749326284913,0.0040093546208084139,0.0038908528208135697],[0.0040013060494907878,0.0041198192930434925,0.0041027480414458023,0.004009462894526643,0.0038908528208135697,0.0037723612489004976]],[[0.0057144433069627344,0.0058330950155090376,0.0050015823855260495,0.0045519786942590677,0.0042976133545967353,0.0041790862224610889],[0.0058330950155090376,0.0058567233868804395,0.005120177173407567,0.0046705361888719314,0.0044161500362644331,0.0042976133545967353],[0.0050015823855260495,0.005120177173407567,0.0048570672885092,0.0045940759876985544,0.0043990743402407325,0.004280539352569032],[0.0045519786942590677,0.0046705361888719314,0.0045940759876985544,0.0044498632564651461,0.0043057690745973475,0.00418724209853552],[0.0042976133545967353,0.0044161500362644331,0.0043990743402407325,0.0043057690745973475,0.0041871336773389532,0.0040686168070583192],[0.0041790862224610889,0.0042976133545967353,0.004280539352569032,0.00418724209853552,0.0040686168070583192,0.0039501100324514215]],[[0.0058924363366037675,0.006011108979621026,0.0051794881292012984,0.0047298271057211313,0.004475429791185875,0.0043568878865045515],[0.006011108979621026,0.0060347461002554954,0.0052981012241135545,0.0048484010081740348,0.0045939818471419265,0.004475429791185875],[0.0051794881292012984,0.0052981012241135545,0.00503495682404347,0.0047719310261231246,0.00457690392325474,0.004458353390125281],[0.0047298271057211313,0.0048484010081740348,0.0047719310261231246,0.0046276995061605561,0.0044835865519763894,0.0043650440941756493],[0.004475429791185875,0.0045939818471419265,0.00457690392325474,0.0044835865519763894,0.0043649357903103817,0.00424640357124754],[0.0043568878865045515,0.004475429791185875,0.004458353390125281,0.0043650440941756493,0.00424640357124754,0.0041278815805385295]],[[0.0060704621098918669,0.0061891574432686707,0.005357422320421296,0.0049077009402325881,0.0046532699930902739,0.0045347123952850172],[0.0061891574432686707,0.0062128041355199283,0.0054760550280679079,0.0050262923317797347,0.004771838367769999,0.0046532699930902739],[0.005357422320421296,0.0054760550280679079,0.0052128743022972325,0.0049498121978717993,0.004754758312272735,0.0046361913783077987],[0.0049077009402325881,0.0050262923317797347,0.0049498121978717993,0.00480556103813133,0.004661428461477911,0.0045428698213454731],[0.0046532699930902739,0.004771838367769999,0.004754758312272735,0.004661428461477911,0.0045427618135401721,0.0044242137244859267],[0.0045347123952850172,0.0046532699930902739,0.0046361913783077987,0.0045428698213454731,0.0044242137244859267,0.0043056761757154713]],[[0.006248523135049369,0.0063672427625746956,0.0055353868816700388,0.0050856018215481632,0.0048311354035312859,0.0047125611563956955],[0.0063672427625746956,0.0063908997290113489,0.0056540404662180311,0.0052042117886099814,0.004949721076954545,0.0048311354035312859],[0.0055353868816700388,0.0056540404662180311,0.0053908214298424208,0.005127721035152087,0.00493263890722707,0.0048140546511322877],[0.0050856018215481632,0.0052042117886099814,0.005127721035152087,0.0049834492458569061,0.0048392960579178232,0.0047207204207170743],[0.0048311354035312859,0.004949721076954545,0.00493263890722707,0.0048392960579178232,0.0047206128323916364,0.0046020481828147565],[0.0047125611563956955,0.0048311354035312859,0.0048140546511322877,0.0047207204207170743,0.0046020481828147565,0.0044834945095620438]],[[0.0064266217527330647,0.0065453672015689064,0.0057133836991153349,0.0052635313919033059,0.0050090275200134456,0.0048904356311508176],[0.0065453672015689064,0.0065690350771241829,0.0058320594156833772,0.00538216103959498,0.0051276315091119953,0.0050090275200134456],[0.0057133836991153349,0.0058320594156833772,0.005568799940227678,0.0053056591279659919,0.0051105471899202158,0.0049919446338270489],[0.0052635313919033059,0.00538216103959498,0.0053056591279659919,0.0051613656131435015,0.005017190718963214,0.004898597182544092],[0.0050090275200134456,0.0051276315091119953,0.0051105471899202158,0.005017190718963214,0.0048984901018178642,0.0047799080785712027],[0.0048904356311508176,0.0050090275200134456,0.0049919446338270489,0.004898597182544092,0.0047799080785712027,0.0046613375566215481]],[[0.0066047602284618635,0.0067235329988145839,0.0058914146628661216,0.0054414913292472819,0.0051869478967689377,0.0050683373361496576],[0.0067235329988145839,0.0067472123847363416,0.0060101137794897584,0.0055601417911062727,0.0053055712572701091,0.0051869478967689377],[0.0058914146628661216,0.0060101137794897584,0.0057468116107247322,0.0054836281278648046,0.0052884847177076645,0.0051698628322500413],[0.0054414913292472819,0.0055601417911062727,0.0054836281278648046,0.0053393117052821628,0.005195113923697375,0.00507650151488154],[0.0051869478967689377,0.0053055712572701091,0.0052884847177076645,0.005195113923697375,0.0050763950075758081,0.0049577947042638449],[0.0050683373361496576,0.0051869478967689377,0.0051698628322500413,0.00507650151488154,0.0049577947042638449,0.0048392064939495284]],[[0.0067829408138156159,0.0069017424120871159,0.0060694816944939882,0.005619483359871935,0.0053648981478584537,0.0052462678458606539],[0.0069017424120871159,0.006925433898215717,0.006188205507356926,0.0057381558051507646,0.00548354197651117,0.0053648981478584537],[0.0060694816944939882,0.006188205507356926,0.0059248582746799028,0.0056616297518622318,0.0054664531208754369,0.00534781082749789],[0.005619483359871935,0.0057381558051507646,0.0056616297518622318,0.0055172891647784295,0.0053730672401684672,0.005254434924410468],[0.0053648981478584537,0.00548354197651117,0.0054664531208754369,0.0053730672401684672,0.0052543290424986837,0.0051357094775768258],[0.0052462678458606539,0.0053648981478584537,0.00534781082749789,0.005254434924410468,0.0051357094775768258,0.00501710265030809]],[[0.0069611657876502437,0.0070799977490264964,0.0062475867664189312,0.005797509268105165,0.0055428799506919242,0.00542422879581959],[0.0070799977490264964,0.0071037019285940528,0.0063663366107920283,0.0059162049075224968,0.00566154538772119,0.0055428799506919242],[0.0062475867664189312,0.0063663366107920283,0.006102941831095973,0.0058396657865032288,0.0056444541024440334,0.0055257902738975167],[0.005797509268105165,0.0059162049075224968,0.0058396657865032288,0.005695299710090293,0.005551052318798216,0.0054323990054650816],[0.0055428799506919242,0.00566154538772119,0.0056444541024440334,0.005551052318798216,0.005432293792568009,0.0053136539201104746],[0.00542422879581959,0.0055428799506919242,0.0055257902738975167,0.0054323990054650816,0.0053136539201104746,0.0051950274746283233]],[[0.0071394374845519621,0.0072583013888589927,0.006425731916123935,0.0059755709041603936,0.0057208950498428938,0.0056022218862254334],[0.0072583013888589927,0.0072820188685054511,0.0065445091745878195,0.0060942909946931668,0.0058395832815746852,0.0057208950498428938],[0.006425731916123935,0.0065445091745878195,0.006281064252495909,0.0060177380920923536,0.0058224894395885272,0.0057038028992239054],[0.0059755709041603936,0.0060942909946931668,0.0060177380920923536,0.0058733451363674827,0.0057290708896332284,0.0056103954344151564],[0.0057208950498428938,0.0058395832815746852,0.0058224894395885272,0.0057290708896332284,0.0056102909293812122,0.0054916296450686344],[0.0056022218862254334,0.0057208950498428938,0.0057038028992239054,0.0056103954344151564,0.0054916296450686344,0.00537298251700644]],[[0.0073177583151757888,0.0074366557984676951,0.0066039192571139844,0.0061536701908539255,0.0058989452610948272,0.005780248885820208],[0.0074366557984676951,0.0074603872052081731,0.0067227253660830091,0.0062724160399529856,0.0060176575227233247,0.0058989452610948272],[0.0066039192571139844,0.0067227253660830091,0.0064592275917514565,0.0061958486070900747,0.0060005609861599734,0.0058818505064082817],[0.0061536701908539255,0.0062724160399529856,0.0061958486070900747,0.0060514273175460709,0.0059071247621386306,0.0057884259675665137],[0.0058989452610948272,0.0060176575227233247,0.0060005609861599734,0.0059071247621386306,0.0057883222068124277,0.0056696383507888583],[0.005780248885820208,0.0058989452610948272,0.0058818505064082817,0.0057884259675665137,0.0056696383507888583,0.005550969417867169]],[[0.0074961307814602422,0.0076150635449272691,0.0067821509878568977,0.00633180912965881,0.0060770324756908153,0.0059583116359973286],[0.0076150635449272691,0.0076388095311870526,0.0069009874430638945,0.0064505820991384542,0.0061957700541765909,0.0060770324756908153],[0.0067821509878568977,0.0069009874430638945,0.0066374339883213734,0.0063739993526873368,0.0061786706759810973,0.00605993497626694],[0.00633180912965881,0.0064505820991384542,0.0063739993526873368,0.0062295482093853152,0.0060852158266977126,0.0059664924413956053],[0.0060770324756908153,0.0061957700541765909,0.0061786706759810973,0.0060852158266977126,0.0059663894604458393,0.0058476818181109639],[0.0059583116359973286,0.0060770324756908153,0.00605993497626694,0.0059664924413956053,0.0058476818181109639,0.00572898990246871]],[[0.0076745574886465193,0.007793527305868353,0.0069604293995094019,0.00650998980640229,0.006255158664777518,0.0061364120551135925],[0.007793527305868353,0.007817288553305388,0.0070792977608791384,0.0066287913161698188,0.006373922901874338,0.006255158664777518],[0.0069604293995094019,0.0070792977608791384,0.0068156856741913392,0.0065521924375704756,0.006356820526711467,0.0062380582709549662],[0.00650998980640229,0.0066287913161698188,0.0065521924375704756,0.0064077098531849638,0.0062633460572820267,0.0061445967743574076],[0.006255158664777518,0.006373922901874338,0.006356820526711467,0.0062633460572820267,0.0061444946088669824,0.00602576191029054],[0.0061364120551135925,0.006255158664777518,0.0062380582709549662,0.0061445967743574076,0.00602576191029054,0.0059070457789222562]],[[0.00785304115534883,0.00797204987855648,0.0071387568829502056,0.006688214396811578,0.0064333258840431106,0.006314552142996711],[0.00797204987855648,0.00799582710113565,0.0072576587791408293,0.0068070459285469462,0.0065521181794563118,0.0064333258840431106],[0.0071387568829502056,0.0072576587791408293,0.006993984979708082,0.0067304300628883689,0.0065350126441540441,0.0064162224379583511],[0.006688214396811578,0.0068070459285469462,0.0067304300628883689,0.0065859143800176823,0.0064415175149493773,0.0063227409697787281],[0.0064333258840431106,0.0065521181794563118,0.0065350126441540441,0.0064415175149493773,0.006322639656223387,0.00620388057462295],[0.006314552142996711,0.0064333258840431106,0.0064162224379583511,0.0063227409697787281,0.00620388057462295,0.0060851389385487833]],[[0.00803158462248391,0.0081506341882609541,0.0073171359354623506,0.0068664851720446583,0.0066115362785569964,0.0064927339856513224],[0.0081506341882609541,0.0081744281348803665,0.0074360730682582962,0.006985348272905415,0.006730358093238846,0.0066115362785569964],[0.0073171359354623506,0.0074360730682582962,0.0071723343394378344,0.0069087145274356106,0.0067132492269267588,0.0065944296145101743],[0.0068664851720446583,0.006985348272905415,0.0069087145274356106,0.00676416401537584,0.006619732351954487,0.0065009271195271383],[0.0066115362785569964,0.006730358093238846,0.0067132492269267588,0.006619732351954487,0.0065008266956806324,0.006382039845245286],[0.0064927339856513224,0.0066115362785569964,0.0065944296145101743,0.0065009271195271383,0.006382039845245286,0.0062632713578138922]],[[0.0082101908615849119,0.0083292832962893054,0.0074955691672901805,0.0070448045042997452,0.0067897920878199772,0.0066709597601692051],[0.0083292832962893054,0.00835309475315334,0.0076145433159681749,0.0071637007907029262,0.0069086449474092381,0.0067897920878199772],[0.0074955691672901805,0.0076145433159681749,0.0073507362981373205,0.0070870482330644994,0.00689153257145356,0.0067726820323608843],[0.0070448045042997452,0.0071637007907029262,0.0070870482330644994,0.0069424610841713865,0.0067979928163369781,0.0066791574082596334],[0.0067897920878199772,0.0069086449474092381,0.00689153257145356,0.0067979928163369781,0.0066790579135352643,0.0065602418467745893],[0.0066709597601692051,0.0067897920878199772,0.0067726820323608843,0.0066791574082596334,0.0065602418467745893,0.0064414451013562746]],[[0.0083888629828450644,0.0085080004079368925,0.0076740593082215668,0.0072231748725698521,0.0069680956510367372,0.006849231739854929],[0.0085080004079368925,0.00853183020080254,0.0077930723339723557,0.0073421060340874231,0.00708698114945076,0.0069680956510367372],[0.0076740593082215668,0.0077930723339723557,0.0075291935169002526,0.0072654336903402242,0.0070698650772516736,0.0069509820228641156],[0.0072231748725698521,0.0073421060340874231,0.0072654336903402242,0.0071208080160550385,0.0069763012569047577,0.0068574341181293465],[0.0069680956510367372,0.00708698114945076,0.0070698650772516736,0.0069763012569047577,0.0068573355938356716,0.0067384887985665418],[0.006849231739854929,0.0069680956510367372,0.0069509820228641156,0.0068574341181293465,0.0067384887985665418,0.0066196623257990337]],[[0.00856760424311863,0.0086867888805169657,0.0078526092142987974,0.0074015988685886816,0.0071464494126239637,0.0070275522995782887],[0.0086867888805169657,0.0087106378768968991,0.0079716630647611742,0.0075205666719846739,0.0072653692158118049,0.0071464494126239637],[0.0078526092142987974,0.0079716630647611742,0.0077077087795250571,0.007443873524453283,0.0072482492525047142,0.007129332022357022],[0.0074015988685886816,0.0075205666719846739,0.007443873524453283,0.0072992073510378666,0.0071546601285649835,0.0070357596338767887],[0.0071464494126239637,0.0072653692158118049,0.0072482492525047142,0.0071546601285649835,0.0070356621234204586,0.0069167830194614768],[0.0070275522995782887,0.0071464494126239637,0.007129332022357022,0.0070357596338767887,0.0069167830194614768,0.006797925284150237]],[[0.0087464180540327442,0.0088656522315863871,0.0080312218747301944,0.0075800792030061067,0.0073248559279665707,0.0072059239213662423],[0.0088656522315863871,0.0088895213429636653,0.0081503185886782278,0.0076990854964361696,0.0074438117778328674,0.0073248559279665707],[0.0080312218747301944,0.0081503185886782278,0.007886284999139544,0.0076223704814041907,0.007426687719920594,0.007307734577827585],[0.0075800792030061067,0.0076990854964361696,0.0076223704814041907,0.0074776617454100419,0.0073330719979770448,0.0072141364482638474],[0.0073248559279665707,0.0074438117778328674,0.007426687719920594,0.0073330719979770448,0.0072140399973201173,0.0070951269329350012],[0.0072059239213662423,0.0073248559279665707,0.007307734577827585,0.0072141364482638474,0.0070951269329350012,0.006976236330670578]],[[0.0089253079903164542,0.0090445941474465736,0.0082099004190552445,0.0077586187118206936,0.0075033178694375825,0.007384349200248933],[0.0090445941474465736,0.00906848433153852,0.0083290421312690321,0.0078776654292123365,0.0076223115879465262,0.0075033178694375825],[0.0082099004190552445,0.0083290421312690321,0.008064925225111156,0.0078009274344755042,0.0076051832228788739,0.0074861923528688566],[0.0077586187118206936,0.0078776654292123365,0.0078009274344755042,0.0076561739779585306,0.0075115395495161169,0.0073925671678279079],[0.0075033178694375825,0.0076223115879465262,0.0076051832228788739,0.0075115395495161169,0.0073924718244925119,0.0072735230726055956],[0.007384349200248933,0.0075033178694375825,0.0074861923528688566,0.0073925671678279079,0.0072735230726055956,0.0071545979261351889]],[[0.0091042777984213664,0.0092236184919796318,0.0083886481246037321,0.0079372203630953351,0.0076818380326954148,0.0075628308503733468],[0.0092236184919796318,0.0092475307550766734,0.0085078370709477883,0.0080563095287238626,0.0078008715261652945,0.0076818380326954148],[0.0083886481246037321,0.0085078370709477883,0.0082436326502679565,0.0079795473910072856,0.0077837386318766483,0.007664708133926783],[0.0079372203630953351,0.0080563095287238626,0.0079795473910072856,0.0078347469564911242,0.0076900655915459861,0.007571054518947417],[0.0076818380326954148,0.0078008715261652945,0.0077837386318766483,0.0076900655915459861,0.0075709603338790848,0.0074519740880744385],[0.0075628308503733468,0.0076818380326954148,0.007664708133926783,0.007571054518947417,0.0074519740880744385,0.0073330126434473048]],[[0.0092833314054913078,0.00940272931586576,0.0085674684242817538,0.0081158872639768391,0.007860419343275268,0.00774137171140057],[0.00940272931586576,0.00942666471526384,0.0086867069470111091,0.00823502099725178,0.0079794946068737632,0.007860419343275268],[0.0085674684242817538,0.0086867069470111091,0.00842241061845308,0.0081582334994924552,0.00796235695128469,0.0078432848368504178],[0.0081158872639768391,0.00823502099725178,0.0081582334994924552,0.0080133837246776571,0.0078686530630063221,0.0077496013542198393],[0.007860419343275268,0.0079794946068737632,0.00796235695128469,0.0078686530630063221,0.0077495083807790788,0.0076304827510867866],[0.00774137171140057,0.007860419343275268,0.0078432848368504178,0.0077496013542198393,0.0076304827510867866,0.0075114831735834]],[[0.0094624729287239879,0.00958193086621995,0.0087463649147130253,0.008294622668041764,0.0080390648634894937,0.00791997475520174],[0.00958193086621995,0.00960589051276064,0.0088656554680248342,0.0084138031885167674,0.0081581839859410712,0.0080390648634894937],[0.0087463649147130253,0.0088656554680248342,0.0086012626324342666,0.0083369890570093239,0.0081410413264276955,0.0080219255137576953],[0.008294622668041764,0.0084138031885167674,0.0083369890570093239,0.0081920874692214766,0.0080473050403233274,0.00792821065915735],[0.0080390648634894937,0.0081581839859410712,0.0081410413264276955,0.0080473050403233274,0.0079281189535451713,0.0078090519620127906],[0.00791997475520174,0.0080390648634894937,0.0080219255137576953,0.00792821065915735,0.0078090519620127906,0.0076900123318598152]],[[0.0096417066851628933,0.0097612275966807941,0.0089253413647605324,0.00847342998298745,0.0082177777996545517,0.0080986430928690484],[0.0097612275966807941,0.009785212657410388,0.0090446865206078118,0.0085926596156071077,0.0083369429681711231,0.0082177777996545517],[0.0089253413647605324,0.0090446865206078118,0.00878019236218927,0.0085158175170088734,0.0083197950510037876,0.0082006333602299159],[0.00847342998298745,0.0085926596156071077,0.0085158175170088734,0.0083708615273762142,0.0082260247446562431,0.0081068855592103684],[0.0082177777996545517,0.0083369429681711231,0.0083197950510037876,0.0082260247446562431,0.0081067951806100963,0.00798768475665449],[0.0080986430928690484,0.0082177777996545517,0.0082006333602299159,0.0081068855592103684,0.00798768475665449,0.0078686030645225852]],[[0.0098210372019500013,0.0099406241779823462,0.0091044017244537711,0.0086523127786883279,0.008396561509662297,0.0082773799820596659],[0.0099406241779823462,0.0099646358789396948,0.0092238041786371142,0.0087715939592859348,0.0085157750151090578,0.008396561509662297],[0.0091044017244537711,0.0092238041786371142,0.0089592036535890828,0.0086947224974762618,0.0084986215748610473,0.00837941172285272],[0.0086523127786883279,0.0087715939592859348,0.0086947224974762618,0.0085497093948252514,0.0084048155494950115,0.0082856293271330855],[0.008396561509662297,0.0085157750151090578,0.0084986215748610473,0.0084048155494950115,0.0082855403378563168,0.0081663843133876913],[0.0082773799820596659,0.008396561509662297,0.00837941172285272,0.0082856293271330855,0.0081663843133876913,0.00804725845566675]],[[0.01000046922707242,0.010120125509037679,0.009283550134344596,0.0088312747956388483,0.0085754195109126134,0.0084561888346889342],[0.010120125509037679,0.010144165138179442,0.0094030127128975783,0.00895061007669786,0.0086946837532216378,0.0085754195109126134],[0.009283550134344596,0.0094030127128975783,0.009138300537499677,0.0088737077894850552,0.0086775245121476479,0.0085582641071183],[0.0088312747956388483,0.00895061007669786,0.0088737077894850552,0.0087286347339408186,0.0085836809886244755,0.00846444539070441],[0.0085754195109126134,0.0086946837532216378,0.0086775245121476479,0.0085836809886244755,0.0084643578563430855,0.0083451539606521768],[0.00845618883468893