{"M_cells":[[[0,0,0,0,0,0,0],[0,0,0,0,0,0,0],[0,0,0,0,0,0,0],[0,0,0,0,0,0,0],[0,0,0,0,0,0,0],[0,0,0,0,0,0,0],[0,0,0,0,0,0,0]],[[1.1112641287638287E-11,6.0088639136350028E-11,5.357221503042521E-11,7.8032649909245187E-11,5.357221503042521E-11,6.0088639136350028E-11,1.1112641287638287E-11],[6.0088639136350028E-11,2.2909788076850549E-10,2.1020954648887933E-10,2.9424262728285452E-10,2.1020954648887933E-10,2.2909788076850549E-10,6.0088639136350028E-11],[5.357221503042521E-11,2.1020954648887933E-10,2.5641069559498196E-10,3.0279646761895897E-10,2.5641069559498196E-10,2.1020954648887933E-10,5.357221503042521E-11],[7.8032649909245187E-11,2.9424262728285452E-10,3.0279646761895897E-10,3.967027639324666E-10,3.0279646761895897E-10,2.9424262728285452E-10,7.8032649909245187E-11],[5.357221503042521E-11,2.1020954648887933E-10,2.5641069559498196E-10,3.0279646761895897E-10,2.5641069559498191E-10,2.1020954648887933E-10,5.357221503042521E-11],[6.0088639136350028E-11,2.2909788076850549E-10,2.1020954648887933E-10,2.9424262728285452E-10,2.1020954648887933E-10,2.2909788076850549E-10,6.0088639136350015E-11],[1.1112641287638287E-11,6.0088639136350028E-11,5.357221503042521E-11,7.8032649909245187E-11,5.357221503042521E-11,6.0088639136350015E-11,1.1112641287638287E-11]],[[6.3154635811444849E-11,1.8659281750705537E-10,1.7037731488633155E-10,2.3440580236910915E-10,1.7037731488633155E-10,1.8659281750705537E-10,6.3154635811444849E-11],[1.8659281750705537E-10,4.1955685961952444E-10,3.9393489475102871E-10,5.1604572490291027E-10,3.9393489475102871E-10,4.1955685961952444E-10,1.8659281750705537E-10],[1.7037731488633155E-10,3.9393489475102871E-10,4.5927445188720639E-10,5.2477180947016769E-10,4.5927445188720639E-10,3.9393489475102871E-10,1.7037731488633155E-10],[2.3440580236910915E-10,5.1604572490291027E-10,5.2477180947016769E-10,6.5404760969185251E-10,5.2477180947016769E-10,5.1604572490291027E-10,2.3440580236910915E-10],[1.7037731488633155E-10,3.9393489475102871E-10,4.5927445188720639E-10,5.2477180947016769E-10,4.5927445188720639E-10,3.9393489475102871E-10,1.7037731488633155E-10],[1.8659281750705537E-10,4.1955685961952444E-10,3.9393489475102871E-10,5.1604572490291027E-10,3.9393489475102871E-10,4.1955685961952444E-10,1.8659281750705537E-10],[6.3154635811444849E-11,1.8659281750705537E-10,1.7037731488633155E-10,2.3440580236910915E-10,1.7037731488633155E-10,1.8659281750705537E-10,6.3154635811444849E-11]],[[1.559250920387209E-10,3.3829752132858583E-10,3.1462531619845794E-10,4.1248527755327818E-10,3.1462531619845794E-10,3.3829752132858583E-10,1.559250920387209E-10],[3.3829752132858583E-10,5.9579325243183776E-10,5.6806407738337458E-10,7.0859914390955647E-10,5.6806407738337458E-10,5.9579325243183776E-10,3.3829752132858583E-10],[3.1462531619845794E-10,5.6806407738337458E-10,6.4163478253301478E-10,7.1535324171366591E-10,6.4163478253301478E-10,5.6806407738337469E-10,3.1462531619845794E-10],[4.1248527755327818E-10,7.0859914390955647E-10,7.1535324171366591E-10,8.5795833066183849E-10,7.1535324171366591E-10,7.0859914390955647E-10,4.1248527755327823E-10],[3.1462531619845794E-10,5.6806407738337458E-10,6.4163478253301478E-10,7.1535324171366591E-10,6.4163478253301478E-10,5.6806407738337469E-10,3.1462531619845794E-10],[3.3829752132858583E-10,5.9579325243183776E-10,5.6806407738337469E-10,7.0859914390955647E-10,5.6806407738337469E-10,5.9579325243183776E-10,3.3829752132858583E-10],[1.559250920387209E-10,3.3829752132858583E-10,3.1462531619845794E-10,4.1248527755327823E-10,3.1462531619845794E-10,3.3829752132858583E-10,1.559250920387209E-10]],[[2.7804518856066372E-10,4.9979617130290745E-10,4.7142666708249567E-10,5.9387481057022446E-10,4.7142666708249567E-10,4.9979617130290745E-10,2.7804518856066372E-10],[4.9979617130290745E-10,7.6706871656266937E-10,7.3898514685663484E-10,8.8908959377334723E-10,7.3898514685663484E-10,7.6706871656266937E-10,4.9979617130290745E-10],[4.7142666708249567E-10,7.3898514685663484E-10,8.16326940736049E-10,8.9381274383952657E-10,8.16326940736049E-10,7.3898514685663484E-10,4.7142666708249567E-10],[5.9387481057022446E-10,8.8908959377334723E-10,8.9381274383952657E-10,1.0414873748204754E-9,8.9381274383952657E-10,8.8908959377334723E-10,5.9387481057022457E-10],[4.7142666708249567E-10,7.3898514685663484E-10,8.16326940736049E-10,8.9381274383952657E-10,8.16326940736049E-10,7.3898514685663484E-10,4.7142666708249567E-10],[4.9979617130290745E-10,7.6706871656266937E-10,7.3898514685663484E-10,8.8908959377334723E-10,7.3898514685663484E-10,7.6706871656266937E-10,4.9979617130290745E-10],[2.7804518856066372E-10,4.9979617130290745E-10,4.7142666708249567E-10,5.9387481057022457E-10,4.7142666708249567E-10,4.9979617130290745E-10,2.7804518856066372E-10]],[[4.1905244090139813E-10,6.6530861206080083E-10,6.3431977996171487E-10,7.7347442199604954E-10,6.3431977996171476E-10,6.6530861206080083E-10,4.1905244090139813E-10],[6.6530861206080083E-10,9.36794518599309E-10,9.0896896466715478E-10,1.0643894167195338E-9,9.0896896466715468E-10,9.36794518599309E-10,6.6530861206080083E-10],[6.3431977996171487E-10,9.0896896466715478E-10,9.8817801050619E-10,1.0675296963830672E-9,9.8817801050619E-10,9.0896896466715478E-10,6.3431977996171487E-10],[7.7347442199604954E-10,1.0643894167195338E-9,1.0675296963830672E-9,1.2171836501941867E-9,1.0675296963830672E-9,1.0643894167195338E-9,7.7347442199604964E-10],[6.3431977996171476E-10,9.0896896466715468E-10,9.8817801050619E-10,1.0675296963830672E-9,9.8817801050619E-10,9.0896896466715468E-10,6.3431977996171487E-10],[6.6530861206080083E-10,9.36794518599309E-10,9.0896896466715478E-10,1.0643894167195338E-9,9.0896896466715468E-10,9.36794518599309E-10,6.6530861206080083E-10],[4.1905244090139813E-10,6.6530861206080083E-10,6.3431977996171487E-10,7.7347442199604964E-10,6.3431977996171487E-10,6.6530861206080083E-10,4.1905244090139813E-10]],[[5.7161545890397553E-10,8.326411068256696E-10,8.003578652305427E-10,9.5051098442377916E-10,8.003578652305427E-10,8.326411068256696E-10,5.7161545890397553E-10],[8.326411068256696E-10,1.1062009796348692E-9,1.0787964333307557E-9,1.2373502489767248E-9,1.0787964333307557E-9,1.1062009796348692E-9,8.326411068256696E-10],[8.003578652305427E-10,1.0787964333307557E-9,1.1590136646325802E-9,1.2393730706506868E-9,1.1590136646325802E-9,1.0787964333307557E-9,8.003578652305427E-10],[9.5051098442377916E-10,1.2373502489767248E-9,1.2393730706506868E-9,1.3898542439910974E-9,1.2393730706506868E-9,1.2373502489767248E-9,9.5051098442377937E-10],[8.003578652305427E-10,1.0787964333307557E-9,1.1590136646325802E-9,1.2393730706506868E-9,1.1590136646325802E-9,1.0787964333307557E-9,8.003578652305427E-10],[8.326411068256696E-10,1.1062009796348692E-9,1.0787964333307557E-9,1.2373502489767248E-9,1.0787964333307557E-9,1.1062009796348694E-9,8.326411068256696E-10],[5.7161545890397553E-10,8.326411068256696E-10,8.003578652305427E-10,9.5051098442377937E-10,8.003578652305427E-10,8.326411068256696E-10,5.7161545890397553E-10]],[[7.3110061342385515E-10,1.0009375495036245E-9,9.68125123183557E-10,1.1254180938907648E-9,9.68125123183557E-10,1.0009375495036245E-9,7.3110061342385515E-10],[1.0009375495036245E-9,1.275712299603315E-9,1.2487215646369825E-9,1.4092191546574454E-9,1.2487215646369825E-9,1.275712299603315E-9,1.0009375495036245E-9],[9.68125123183557E-10,1.2487215646369825E-9,1.32953357259801E-9,1.4104876407713802E-9,1.32953357259801E-9,1.2487215646369825E-9,9.68125123183557E-10],[1.1254180938907648E-9,1.4092191546574454E-9,1.4104876407713802E-9,1.5613697096540633E-9,1.4104876407713802E-9,1.4092191546574454E-9,1.125418093890765E-9],[9.68125123183557E-10,1.2487215646369825E-9,1.32953357259801E-9,1.4104876407713802E-9,1.32953357259801E-9,1.2487215646369825E-9,9.68125123183557E-10],[1.0009375495036245E-9,1.275712299603315E-9,1.2487215646369825E-9,1.4092191546574454E-9,1.2487215646369825E-9,1.275712299603315E-9,1.0009375495036245E-9],[7.3110061342385515E-10,1.0009375495036245E-9,9.68125123183557E-10,1.125418093890765E-9,9.68125123183557E-10,1.0009375495036245E-9,7.3110061342385515E-10]],[[8.9472103215882562E-10,1.16984416493505E-9,1.1369074728925992E-9,1.2988191488330169E-9,1.1369074728925992E-9,1.16984416493505E-9,8.9472103215882562E-10],[1.16984416493505E-9,1.4454597728102356E-9,1.4188190201791845E-9,1.5805793155614493E-9,1.4188190201791845E-9,1.4454597728102356E-9,1.16984416493505E-9],[1.1369074728925992E-9,1.4188190201791845E-9,1.5000132583524638E-9,1.5813495837731719E-9,1.500013258352464E-9,1.4188190201791847E-9,1.1369074728925994E-9],[1.2988191488330169E-9,1.5805793155614493E-9,1.5813495837731719E-9,1.7324772858213072E-9,1.5813495837731719E-9,1.5805793155614495E-9,1.2988191488330171E-9],[1.1369074728925992E-9,1.4188190201791845E-9,1.500013258352464E-9,1.5813495837731719E-9,1.500013258352464E-9,1.4188190201791847E-9,1.1369074728925994E-9],[1.16984416493505E-9,1.4454597728102356E-9,1.4188190201791847E-9,1.5805793155614495E-9,1.4188190201791847E-9,1.4454597728102356E-9,1.16984416493505E-9],[8.9472103215882562E-10,1.16984416493505E-9,1.1369074728925994E-9,1.2988191488330171E-9,1.1369074728925994E-9,1.16984416493505E-9,8.9472103215882562E-10]],[[1.0608419658270009E-9,1.3391996293421715E-9,1.3063300760007674E-9,1.4712423092921443E-9,1.3063300760007674E-9,1.3391996293421715E-9,1.0608419658270009E-9],[1.3391996293421715E-9,1.6154720616184561E-9,1.5891063928645378E-9,1.7517247740778945E-9,1.5891063928645378E-9,1.6154720616184561E-9,1.3391996293421715E-9],[1.3063300760007674E-9,1.5891063928645378E-9,1.6705668033583808E-9,1.7521693891727763E-9,1.670566803358381E-9,1.5891063928645378E-9,1.3063300760007674E-9],[1.4712423092921443E-9,1.7517247740778945E-9,1.7521693891727763E-9,1.9034880764246766E-9,1.7521693891727765E-9,1.7517247740778949E-9,1.4712423092921445E-9],[1.3063300760007674E-9,1.5891063928645378E-9,1.670566803358381E-9,1.7521693891727765E-9,1.670566803358381E-9,1.5891063928645378E-9,1.3063300760007674E-9],[1.3391996293421715E-9,1.6154720616184561E-9,1.5891063928645378E-9,1.7517247740778949E-9,1.5891063928645378E-9,1.6154720616184563E-9,1.3391996293421717E-9],[1.0608419658270009E-9,1.3391996293421715E-9,1.3063300760007674E-9,1.4712423092921445E-9,1.3063300760007674E-9,1.3391996293421717E-9,1.0608419658270009E-9]],[[1.2285150754910695E-9,1.5089198201982417E-9,1.476190418058439E-9,1.6430742882028168E-9,1.476190418058439E-9,1.5089198201982417E-9,1.2285150754910695E-9],[1.5089198201982417E-9,1.7857447557361457E-9,1.7595853998431071E-9,1.9228150512790787E-9,1.7595853998431073E-9,1.7857447557361459E-9,1.5089198201982417E-9],[1.476190418058439E-9,1.7595853998431071E-9,1.8412454028456663E-9,1.9230476982356097E-9,1.8412454028456665E-9,1.7595853998431073E-9,1.476190418058439E-9],[1.6430742882028168E-9,1.9228150512790787E-9,1.9230476982356097E-9,2.0745395529841513E-9,1.9230476982356097E-9,1.9228150512790787E-9,1.643074288202817E-9],[1.476190418058439E-9,1.7595853998431073E-9,1.8412454028456665E-9,1.9230476982356097E-9,1.8412454028456665E-9,1.7595853998431073E-9,1.476190418058439E-9],[1.5089198201982417E-9,1.7857447557361459E-9,1.7595853998431073E-9,1.9228150512790787E-9,1.7595853998431073E-9,1.7857447557361461E-9,1.5089198201982419E-9],[1.2285150754910695E-9,1.5089198201982417E-9,1.476190418058439E-9,1.643074288202817E-9,1.476190418058439E-9,1.5089198201982419E-9,1.2285150754910697E-9]],[[1.3971912744029313E-9,1.6789544096507059E-9,1.6463771391329583E-9,1.8145813558016041E-9,1.6463771391329583E-9,1.6789544096507059E-9,1.3971912744029313E-9],[1.6789544096507059E-9,1.9562650474066295E-9,1.9302546714424189E-9,2.0939422020624303E-9,1.9302546714424189E-9,1.9562650474066295E-9,1.6789544096507059E-9],[1.6463771391329583E-9,1.9302546714424189E-9,2.0120746032160107E-9,2.0940369598418704E-9,2.0120746032160107E-9,1.9302546714424189E-9,1.6463771391329585E-9],[1.8145813558016041E-9,2.0939422020624303E-9,2.0940369598418704E-9,2.2456972233476473E-9,2.0940369598418704E-9,2.0939422020624303E-9,1.8145813558016043E-9],[1.6463771391329583E-9,1.9302546714424189E-9,2.0120746032160107E-9,2.0940369598418704E-9,2.0120746032160107E-9,1.9302546714424189E-9,1.6463771391329583E-9],[1.6789544096507059E-9,1.9562650474066295E-9,1.9302546714424189E-9,2.0939422020624303E-9,1.9302546714424189E-9,1.9562650474066295E-9,1.6789544096507061E-9],[1.3971912744029313E-9,1.6789544096507059E-9,1.6463771391329585E-9,1.8145813558016043E-9,1.6463771391329583E-9,1.6789544096507061E-9,1.3971912744029315E-9]],[[1.5665510756307668E-9,1.8492699320499389E-9,1.8168285158895884E-9,1.9859414989359305E-9,1.8168285158895886E-9,1.8492699320499389E-9,1.5665510756307668E-9],[1.8492699320499389E-9,2.1270199046194194E-9,2.1011130604196767E-9,2.2651618265807788E-9,2.1011130604196767E-9,2.1270199046194194E-9,1.8492699320499389E-9],[1.8168285158895884E-9,2.1011130604196767E-9,2.1830686155319852E-9,2.2651667369766167E-9,2.1830686155319852E-9,2.1011130604196767E-9,1.8168285158895886E-9],[1.9859414989359305E-9,2.2651618265807788E-9,2.2651667369766167E-9,2.4169949343061395E-9,2.2651667369766167E-9,2.2651618265807788E-9,1.9859414989359305E-9],[1.8168285158895886E-9,2.1011130604196767E-9,2.1830686155319852E-9,2.2651667369766167E-9,2.1830686155319852E-9,2.1011130604196767E-9,1.8168285158895886E-9],[1.8492699320499389E-9,2.1270199046194194E-9,2.1011130604196767E-9,2.2651618265807788E-9,2.1011130604196767E-9,2.1270199046194194E-9,1.8492699320499393E-9],[1.5665510756307668E-9,1.8492699320499389E-9,1.8168285158895886E-9,1.9859414989359305E-9,1.8168285158895886E-9,1.8492699320499393E-9,1.5665510756307671E-9]],[[1.736406628983238E-9,2.0198426559891275E-9,1.9875103231487727E-9,2.1572719094903889E-9,1.9875103231487731E-9,2.019842655989128E-9,1.736406628983238E-9],[2.0198426559891275E-9,2.297998324181985E-9,2.2721600741938237E-9,2.4365085072963813E-9,2.2721600741938242E-9,2.297998324181985E-9,2.019842655989128E-9],[1.9875103231487727E-9,2.2721600741938237E-9,2.3542360238306684E-9,2.4364546868861483E-9,2.3542360238306684E-9,2.2721600741938242E-9,1.9875103231487731E-9],[2.1572719094903889E-9,2.4365085072963813E-9,2.4364546868861483E-9,2.5884514572629995E-9,2.4364546868861487E-9,2.4365085072963813E-9,2.1572719094903889E-9],[1.9875103231487731E-9,2.2721600741938242E-9,2.3542360238306684E-9,2.4364546868861487E-9,2.3542360238306684E-9,2.2721600741938242E-9,1.9875103231487731E-9],[2.019842655989128E-9,2.297998324181985E-9,2.2721600741938242E-9,2.4365085072963813E-9,2.2721600741938242E-9,2.297998324181985E-9,2.0198426559891284E-9],[1.736406628983238E-9,2.019842655989128E-9,1.9875103231487731E-9,2.1572719094903889E-9,1.9875103231487731E-9,2.0198426559891284E-9,1.7364066289832382E-9]],[[1.906645791514257E-9,2.1906551718198811E-9,2.1584036659583272E-9,2.3286491275299244E-9,2.1584036659583276E-9,2.1906551718198815E-9,1.906645791514257E-9],[2.1906551718198811E-9,2.4691915756935441E-9,2.4433956152540893E-9,2.6080040810028656E-9,2.4433956152540897E-9,2.4691915756935445E-9,2.1906551718198815E-9],[2.1584036659583272E-9,2.4433956152540893E-9,2.525582225007152E-9,2.6079116988061985E-9,2.5255822250071524E-9,2.4433956152540897E-9,2.1584036659583276E-9],[2.3286491275299244E-9,2.6080040810028656E-9,2.6079116988061985E-9,2.7600777079274971E-9,2.6079116988061989E-9,2.608004081002866E-9,2.3286491275299248E-9],[2.1584036659583276E-9,2.4433956152540897E-9,2.5255822250071524E-9,2.6079116988061989E-9,2.5255822250071524E-9,2.4433956152540897E-9,2.1584036659583276E-9],[2.1906551718198815E-9,2.4691915756935445E-9,2.4433956152540897E-9,2.608004081002866E-9,2.4433956152540897E-9,2.4691915756935449E-9,2.1906551718198819E-9],[1.906645791514257E-9,2.1906551718198815E-9,2.1584036659583276E-9,2.3286491275299248E-9,2.1584036659583276E-9,2.1906551718198819E-9,1.9066457915142574E-9]],[[2.0772003113330451E-9,2.3616944764366412E-9,2.3294981632216707E-9,2.5001228864453941E-9,2.3294981632216711E-9,2.3616944764366416E-9,2.0772003113330456E-9],[2.3616944764366412E-9,2.6405928539947881E-9,2.6148196791592839E-9,2.779662368113768E-9,2.6148196791592843E-9,2.6405928539947881E-9,2.3616944764366416E-9],[2.3294981632216707E-9,2.6148196791592839E-9,2.6971105921528368E-9,2.7795445219852252E-9,2.6971105921528372E-9,2.6148196791592843E-9,2.3294981632216711E-9],[2.5001228864453941E-9,2.779662368113768E-9,2.7795445219852252E-9,2.9318801362950173E-9,2.7795445219852256E-9,2.7796623681137684E-9,2.5001228864453945E-9],[2.3294981632216711E-9,2.6148196791592843E-9,2.6971105921528372E-9,2.7795445219852256E-9,2.6971105921528372E-9,2.6148196791592843E-9,2.3294981632216711E-9],[2.3616944764366416E-9,2.6405928539947881E-9,2.6148196791592843E-9,2.7796623681137684E-9,2.6148196791592843E-9,2.6405928539947889E-9,2.361694476436642E-9],[2.0772003113330456E-9,2.3616944764366416E-9,2.3294981632216711E-9,2.5001228864453945E-9,2.3294981632216711E-9,2.361694476436642E-9,2.077200311333046E-9]],[[2.2480276889456574E-9,2.5329507394026482E-9,2.5007880946472628E-9,2.6717253449872942E-9,2.5007880946472628E-9,2.5329507394026482E-9,2.2480276889456574E-9],[2.5329507394026482E-9,2.8121968315977436E-9,2.7864321551213346E-9,2.9514920180615821E-9,2.7864321551213346E-9,2.8121968315977436E-9,2.5329507394026482E-9],[2.5007880946472628E-9,2.7864321551213346E-9,2.8688231098747963E-9,2.9513572354554244E-9,2.8688231098747963E-9,2.7864321551213346E-9,2.5007880946472628E-9],[2.6717253449872942E-9,2.9514920180615821E-9,2.9513572354554244E-9,3.1038624659470947E-9,2.9513572354554244E-9,2.9514920180615821E-9,2.6717253449872946E-9],[2.5007880946472628E-9,2.7864321551213346E-9,2.8688231098747963E-9,2.9513572354554244E-9,2.8688231098747963E-9,2.786432155121335E-9,2.5007880946472632E-9],[2.5329507394026482E-9,2.8121968315977436E-9,2.7864321551213346E-9,2.9514920180615821E-9,2.786432155121335E-9,2.812196831597744E-9,2.5329507394026486E-9],[2.2480276889456574E-9,2.5329507394026482E-9,2.5007880946472628E-9,2.6717253449872946E-9,2.5007880946472632E-9,2.5329507394026486E-9,2.2480276889456578E-9]],[[2.4191007642580922E-9,2.7044164372351971E-9,2.6722702221700178E-9,2.8434771543712418E-9,2.6722702221700178E-9,2.7044164372351971E-9,2.4191007642580922E-9],[2.7044164372351971E-9,2.983999263806777E-9,2.9582327271626572E-9,3.1234982861464632E-9,2.9582327271626572E-9,2.983999263806777E-9,2.7044164372351971E-9],[2.6722702221700178E-9,2.9582327271626572E-9,3.0407207683900986E-9,3.1233521349244702E-9,3.0407207683900986E-9,2.9582327271626576E-9,2.6722702221700178E-9],[2.8434771543712418E-9,3.1234982861464632E-9,3.1233521349244702E-9,3.2760266685949586E-9,3.1233521349244702E-9,3.1234982861464636E-9,2.8434771543712423E-9],[2.6722702221700178E-9,2.9582327271626572E-9,3.0407207683900986E-9,3.1233521349244702E-9,3.0407207683900986E-9,2.9582327271626576E-9,2.6722702221700182E-9],[2.7044164372351971E-9,2.983999263806777E-9,2.9582327271626576E-9,3.1234982861464636E-9,2.9582327271626576E-9,2.983999263806777E-9,2.7044164372351975E-9],[2.4191007642580922E-9,2.7044164372351971E-9,2.6722702221700178E-9,2.8434771543712423E-9,2.6722702221700182E-9,2.7044164372351975E-9,2.4191007642580927E-9]],[[2.5904016726826061E-9,2.8760857220561573E-9,2.8439425678753896E-9,3.0153914206410861E-9,2.8439425678753896E-9,2.8760857220561573E-9,2.5904016726826061E-9],[2.8760857220561573E-9,3.1559966795332633E-9,3.130220843406113E-9,3.295684172417586E-9,3.130220843406113E-9,3.1559966795332633E-9,2.8760857220561573E-9],[2.8439425678753896E-9,3.130220843406113E-9,3.2128038313286272E-9,3.2955302990120864E-9,3.2128038313286272E-9,3.130220843406113E-9,2.8439425678753896E-9],[3.0153914206410861E-9,3.295684172417586E-9,3.2955302990120864E-9,3.4483735523125232E-9,3.2955302990120864E-9,3.295684172417586E-9,3.0153914206410865E-9],[2.8439425678753896E-9,3.130220843406113E-9,3.2128038313286272E-9,3.2955302990120864E-9,3.2128038313286272E-9,3.130220843406113E-9,2.8439425678753896E-9],[2.8760857220561573E-9,3.1559966795332633E-9,3.130220843406113E-9,3.295684172417586E-9,3.130220843406113E-9,3.1559966795332637E-9,2.8760857220561577E-9],[2.5904016726826061E-9,2.8760857220561573E-9,2.8439425678753896E-9,3.0153914206410865E-9,2.8439425678753896E-9,2.8760857220561577E-9,2.5904016726826066E-9]],[[2.7619182863817866E-9,3.0479539560523453E-9,3.0158037399645164E-9,3.1874762883768715E-9,3.0158037399645164E-9,3.0479539560523453E-9,2.7619182863817866E-9],[3.0479539560523453E-9,3.328186151930567E-9,3.3023957239859311E-9,3.4680511650514332E-9,3.3023957239859311E-9,3.328186151930567E-9,3.0479539560523453E-9],[3.0158037399645164E-9,3.3023957239859311E-9,3.3850720274868081E-9,3.4678919647957456E-9,3.3850720274868081E-9,3.3023957239859311E-9,3.0158037399645164E-9],[3.1874762883768715E-9,3.4680511650514332E-9,3.4678919647957456E-9,3.6209031366285827E-9,3.4678919647957456E-9,3.468051165051434E-9,3.1874762883768719E-9],[3.0158037399645164E-9,3.3023957239859311E-9,3.3850720274868081E-9,3.4678919647957456E-9,3.3850720274868085E-9,3.3023957239859315E-9,3.0158037399645164E-9],[3.0479539560523453E-9,3.328186151930567E-9,3.3023957239859311E-9,3.468051165051434E-9,3.3023957239859315E-9,3.328186151930567E-9,3.0479539560523457E-9],[2.7619182863817866E-9,3.0479539560523453E-9,3.0158037399645164E-9,3.1874762883768719E-9,3.0158037399645164E-9,3.0479539560523457E-9,2.761918286381787E-9]],[[2.933642082962104E-9,3.2200173689233056E-9,3.1878525715573379E-9,3.3597366274145724E-9,3.1878525715573379E-9,3.2200173689233056E-9,2.933642082962104E-9],[3.2200173689233056E-9,3.5005651331308E-9,3.4747563873802457E-9,3.6405997319579471E-9,3.4747563873802457E-9,3.5005651331308E-9,3.2200173689233056E-9],[3.1878525715573379E-9,3.4747563873802457E-9,3.5575246916245239E-9,3.6404367830365118E-9,3.5575246916245239E-9,3.4747563873802457E-9,3.1878525715573383E-9],[3.3597366274145724E-9,3.6405997319579471E-9,3.6404367830365118E-9,3.7936149006639146E-9,3.6404367830365118E-9,3.6405997319579471E-9,3.3597366274145729E-9],[3.1878525715573379E-9,3.4747563873802457E-9,3.5575246916245239E-9,3.6404367830365118E-9,3.5575246916245243E-9,3.4747563873802462E-9,3.1878525715573383E-9],[3.2200173689233056E-9,3.5005651331308E-9,3.4747563873802457E-9,3.6405997319579471E-9,3.4747563873802462E-9,3.5005651331308005E-9,3.220017368923306E-9],[2.933642082962104E-9,3.2200173689233056E-9,3.1878525715573383E-9,3.3597366274145729E-9,3.1878525715573383E-9,3.220017368923306E-9,2.9336420829621044E-9]],[[3.1055668451299695E-9,3.3922728077020255E-9,3.3600879362474857E-9,3.5321751371225339E-9,3.3600879362474857E-9,3.3922728077020255E-9,3.1055668451299695E-9],[3.3922728077020255E-9,3.6731313373098811E-9,3.6473016830870948E-9,3.8133296491168515E-9,3.6473016830870952E-9,3.6731313373098816E-9,3.3922728077020255E-9],[3.3600879362474857E-9,3.6473016830870948E-9,3.7301608688973656E-9,3.8131639943417473E-9,3.7301608688973664E-9,3.6473016830870956E-9,3.3600879362474861E-9],[3.5321751371225339E-9,3.8133296491168515E-9,3.8131639943417473E-9,3.9665079511545468E-9,3.8131639943417481E-9,3.8133296491168523E-9,3.5321751371225347E-9],[3.3600879362474857E-9,3.6473016830870952E-9,3.7301608688973664E-9,3.8131639943417481E-9,3.7301608688973664E-9,3.6473016830870956E-9,3.3600879362474861E-9],[3.3922728077020255E-9,3.6731313373098816E-9,3.6473016830870956E-9,3.8133296491168523E-9,3.6473016830870956E-9,3.673131337309882E-9,3.3922728077020259E-9],[3.1055668451299695E-9,3.3922728077020255E-9,3.3600879362474861E-9,3.5321751371225347E-9,3.3600879362474861E-9,3.3922728077020259E-9,3.10556684512997E-9]],[[3.2776878520773134E-9,3.5647175557212813E-9,3.5325086617457639E-9,3.7047930721748384E-9,3.5325086617457639E-9,3.5647175557212813E-9,3.2776878520773134E-9],[3.5647175557212813E-9,3.8458826590144687E-9,3.8200303241448448E-9,3.9862402216197167E-9,3.8200303241448448E-9,3.8458826590144687E-9,3.5647175557212813E-9],[3.5325086617457639E-9,3.8200303241448448E-9,3.9029793925392779E-9,3.9860725519908145E-9,3.9029793925392779E-9,3.8200303241448448E-9,3.5325086617457643E-9],[3.7047930721748384E-9,3.9862402216197167E-9,3.9860725519908145E-9,4.1395811378912428E-9,3.9860725519908145E-9,3.9862402216197167E-9,3.7047930721748392E-9],[3.5325086617457639E-9,3.8200303241448448E-9,3.9029793925392779E-9,3.9860725519908145E-9,3.9029793925392779E-9,3.8200303241448448E-9,3.5325086617457643E-9],[3.5647175557212813E-9,3.8458826590144687E-9,3.8200303241448448E-9,3.9862402216197167E-9,3.8200303241448448E-9,3.8458826590144695E-9,3.5647175557212821E-9],[3.2776878520773134E-9,3.5647175557212813E-9,3.5325086617457643E-9,3.7047930721748392E-9,3.5325086617457643E-9,3.5647175557212821E-9,3.2776878520773138E-9]],[[3.4500013673251878E-9,3.73734920286315E-9,3.7051134964312981E-9,3.8775907217332932E-9,3.7051134964312981E-9,3.7373492028631511E-9,3.4500013673251882E-9],[3.73734920286315E-9,4.0188171167228779E-9,3.9929409164330645E-9,4.1593304334944311E-9,3.9929409164330653E-9,4.0188171167228787E-9,3.7373492028631511E-9],[3.7051134964312981E-9,3.9929409164330645E-9,4.0759789416400159E-9,4.1591612081748625E-9,4.0759789416400159E-9,3.9929409164330653E-9,3.7051134964312981E-9],[3.8775907217332932E-9,4.1593304334944311E-9,4.1591612081748625E-9,4.3128331337659022E-9,4.1591612081748625E-9,4.1593304334944311E-9,3.8775907217332941E-9],[3.7051134964312981E-9,3.9929409164330653E-9,4.0759789416400159E-9,4.1591612081748625E-9,4.0759789416400159E-9,3.9929409164330653E-9,3.7051134964312981E-9],[3.7373492028631511E-9,4.0188171167228787E-9,3.9929409164330653E-9,4.1593304334944311E-9,3.9929409164330653E-9,4.0188171167228787E-9,3.7373492028631511E-9],[3.4500013673251882E-9,3.7373492028631511E-9,3.7051134964312981E-9,3.8775907217332941E-9,3.7051134964312981E-9,3.7373492028631511E-9,3.4500013673251886E-9]],[[3.6225043088785696E-9,3.9101655534356978E-9,3.8779011031566345E-9,4.0505677273993864E-9,3.8779011031566345E-9,3.9101655534356986E-9,3.62250430887857E-9],[3.9101655534356978E-9,4.1919328142274251E-9,4.1660319836405076E-9,4.3325990498771366E-9,4.1660319836405084E-9,4.191932814227426E-9,3.9101655534356986E-9],[3.8779011031566345E-9,4.1660319836405076E-9,4.2491580840696277E-9,4.3324285748671342E-9,4.2491580840696285E-9,4.1660319836405084E-9,3.8779011031566345E-9],[4.0505677273993864E-9,4.3325990498771366E-9,4.3324285748671342E-9,4.4862624906164E-9,4.332428574867135E-9,4.3325990498771374E-9,4.0505677273993872E-9],[3.8779011031566345E-9,4.1660319836405084E-9,4.2491580840696285E-9,4.332428574867135E-9,4.2491580840696285E-9,4.1660319836405084E-9,3.8779011031566345E-9],[3.9101655534356986E-9,4.191932814227426E-9,4.1660319836405084E-9,4.3325990498771374E-9,4.1660319836405084E-9,4.191932814227426E-9,3.9101655534356986E-9],[3.62250430887857E-9,3.9101655534356986E-9,3.8779011031566345E-9,4.0505677273993872E-9,3.8779011031566345E-9,3.9101655534356986E-9,3.6225043088785704E-9]],[[3.7951940337446338E-9,4.0831645613656581E-9,4.0508700660093728E-9,4.2237232952954349E-9,4.0508700660093728E-9,4.0831645613656589E-9,3.7951940337446346E-9],[4.0831645613656581E-9,4.3652279144775339E-9,4.3393019878150451E-9,4.5060446870818684E-9,4.3393019878150459E-9,4.3652279144775347E-9,4.0831645613656589E-9],[4.0508700660093728E-9,4.3393019878150451E-9,4.4225153083320732E-9,4.5058731669723681E-9,4.422515308332074E-9,4.3393019878150459E-9,4.0508700660093728E-9],[4.2237232952954349E-9,4.5060446870818684E-9,4.5058731669723681E-9,4.6598676783578119E-9,4.5058731669723681E-9,4.5060446870818684E-9,4.2237232952954357E-9],[4.0508700660093728E-9,4.3393019878150459E-9,4.422515308332074E-9,4.5058731669723681E-9,4.422515308332074E-9,4.3393019878150459E-9,4.0508700660093728E-9],[4.0831645613656589E-9,4.3652279144775347E-9,4.3393019878150459E-9,4.5060446870818684E-9,4.3393019878150459E-9,4.3652279144775347E-9,4.0831645613656589E-9],[3.7951940337446346E-9,4.0831645613656589E-9,4.0508700660093728E-9,4.2237232952954357E-9,4.0508700660093728E-9,4.0831645613656589E-9,3.7951940337446346E-9]],[[3.9680681955476513E-9,4.2563442850228014E-9,4.2240189022773471E-9,4.39705633829695E-9,4.2240189022773471E-9,4.2563442850228022E-9,3.9680681955476521E-9],[4.2563442850228014E-9,4.5387006220580993E-9,4.51274934589162E-9,4.679665860910766E-9,4.51274934589162E-9,4.5387006220581E-9,4.2563442850228022E-9],[4.2240189022773471E-9,4.51274934589162E-9,4.596049047183226E-9,4.6794934330289316E-9,4.596049047183226E-9,4.51274934589162E-9,4.2240189022773471E-9],[4.39705633829695E-9,4.679665860910766E-9,4.6794934330289316E-9,4.833647112493815E-9,4.6794934330289316E-9,4.679665860910766E-9,4.39705633829695E-9],[4.2240189022773471E-9,4.51274934589162E-9,4.596049047183226E-9,4.6794934330289316E-9,4.596049047183226E-9,4.51274934589162E-9,4.2240189022773471E-9],[4.2563442850228022E-9,4.5387006220581E-9,4.51274934589162E-9,4.679665860910766E-9,4.51274934589162E-9,4.5387006220581E-9,4.2563442850228022E-9],[3.9680681955476521E-9,4.2563442850228022E-9,4.2240189022773471E-9,4.39705633829695E-9,4.2240189022773471E-9,4.2563442850228022E-9,3.9680681955476521E-9]],[[4.1411246496500005E-9,4.42970285602583E-9,4.3973460755957408E-9,4.5705655719463156E-9,4.3973460755957408E-9,4.42970285602583E-9,4.1411246496500014E-9],[4.42970285602583E-9,4.71234917160452E-9,4.6863724427772857E-9,4.853461020132118E-9,4.6863724427772857E-9,4.71234917160452E-9,4.42970285602583E-9],[4.3973460755957408E-9,4.6863724427772857E-9,4.769757695136429E-9,4.8532877771305236E-9,4.769757695136429E-9,4.6863724427772857E-9,4.3973460755957408E-9],[4.5705655719463156E-9,4.853461020132118E-9,4.8532877771305236E-9,5.00759917351276E-9,4.8532877771305236E-9,4.853461020132118E-9,4.5705655719463156E-9],[4.3973460755957408E-9,4.6863724427772857E-9,4.769757695136429E-9,4.8532877771305236E-9,4.769757695136429E-9,4.6863724427772857E-9,4.3973460755957408E-9],[4.42970285602583E-9,4.71234917160452E-9,4.6863724427772857E-9,4.853461020132118E-9,4.6863724427772857E-9,4.71234917160452E-9,4.42970285602583E-9],[4.1411246496500014E-9,4.42970285602583E-9,4.3973460755957408E-9,4.5705655719463156E-9,4.3973460755957408E-9,4.42970285602583E-9,4.1411246496500014E-9]],[[4.3143613895839432E-9,4.6032384579142108E-9,4.5708500083400868E-9,4.7442495794919331E-9,4.5708500083400868E-9,4.6032384579142108E-9,4.314361389583944E-9],[4.6032384579142108E-9,4.8861718202615609E-9,4.8601696415960382E-9,5.027428569793912E-9,4.8601696415960382E-9,4.8861718202615609E-9,4.6032384579142108E-9],[4.5708500083400868E-9,4.8601696415960382E-9,4.9436396214384316E-9,5.0272545746300093E-9,4.9436396214384316E-9,4.8601696415960382E-9,4.5708500083400868E-9],[4.7442495794919331E-9,5.027428569793912E-9,5.0272545746300093E-9,5.1817222205953824E-9,5.0272545746300093E-9,5.027428569793912E-9,4.7442495794919331E-9],[4.5708500083400868E-9,4.8601696415960382E-9,4.9436396214384316E-9,5.0272545746300093E-9,4.9436396214384316E-9,4.8601696415960382E-9,4.5708500083400868E-9],[4.6032384579142108E-9,4.8861718202615609E-9,4.8601696415960382E-9,5.027428569793912E-9,4.8601696415960382E-9,4.8861718202615609E-9,4.6032384579142108E-9],[4.314361389583944E-9,4.6032384579142108E-9,4.5708500083400868E-9,4.7442495794919331E-9,4.5708500083400868E-9,4.6032384579142108E-9,4.314361389583944E-9]],[[4.4877765043467954E-9,4.7769493117253422E-9,4.744529092463421E-9,4.918106856235691E-9,4.744529092463421E-9,4.7769493117253422E-9,4.4877765043467962E-9],[4.7769493117253422E-9,5.0601668428720405E-9,5.0341392916467707E-9,5.2015668875354156E-9,5.0341392916467707E-9,5.0601668428720405E-9,4.7769493117253422E-9],[4.744529092463421E-9,5.0341392916467707E-9,5.1176931796921143E-9,5.2013921834244832E-9,5.1176931796921143E-9,5.0341392916467707E-9,4.744529092463421E-9],[4.918106856235691E-9,5.2015668875354156E-9,5.2013921834244832E-9,5.35601460132334E-9,5.2013921834244832E-9,5.2015668875354156E-9,4.918106856235691E-9],[4.744529092463421E-9,5.0341392916467707E-9,5.1176931796921143E-9,5.2013921834244832E-9,5.1176931796921143E-9,5.0341392916467707E-9,4.744529092463421E-9],[4.7769493117253422E-9,5.0601668428720405E-9,5.0341392916467707E-9,5.2015668875354156E-9,5.0341392916467707E-9,5.0601668428720405E-9,4.7769493117253422E-9],[4.4877765043467962E-9,4.7769493117253422E-9,4.744529092463421E-9,4.918106856235691E-9,4.744529092463421E-9,4.7769493117253422E-9,4.4877765043467962E-9]],[[4.6613681497109519E-9,4.9508336663620046E-9,4.9183816985689956E-9,5.0921358399359769E-9,4.9183816985689956E-9,4.9508336663620046E-9,4.6613681497109527E-9],[4.9508336663620046E-9,5.2343325289875652E-9,5.2082797345500579E-9,5.3758743350507007E-9,5.2082797345500579E-9,5.2343325289875652E-9,4.9508336663620046E-9],[4.9183816985689956E-9,5.2082797345500579E-9,5.2919167149977145E-9,5.37569895208919E-9,5.2919167149977145E-9,5.2082797345500579E-9,4.9183816985689956E-9],[5.0921358399359769E-9,5.3758743350507007E-9,5.37569895208919E-9,5.5304746585683161E-9,5.37569895208919E-9,5.3758743350507007E-9,5.0921358399359769E-9],[4.9183816985689956E-9,5.2082797345500579E-9,5.2919167149977145E-9,5.37569895208919E-9,5.2919167149977145E-9,5.2082797345500579E-9,4.9183816985689956E-9],[4.9508336663620046E-9,5.2343325289875652E-9,5.2082797345500579E-9,5.3758743350507007E-9,5.2082797345500579E-9,5.2343325289875652E-9,4.9508336663620046E-9],[4.6613681497109527E-9,4.9508336663620046E-9,4.9183816985689956E-9,5.0921358399359769E-9,4.9183816985689956E-9,4.9508336663620046E-9,4.6613681497109527E-9]],[[4.8351345289955233E-9,5.124889792252729E-9,5.0924061832980834E-9,5.2663349317635509E-9,5.0924061832980834E-9,5.124889792252729E-9,4.8351345289955241E-9],[5.124889792252729E-9,5.4086671810789785E-9,5.3825893089765614E-9,5.5503492661793084E-9,5.3825893089765614E-9,5.4086671810789785E-9,5.124889792252729E-9],[5.0924061832980834E-9,5.3825893089765614E-9,5.4663085692573791E-9,5.5501732257569086E-9,5.4663085692573791E-9,5.3825893089765614E-9,5.0924061832980834E-9],[5.2663349317635509E-9,5.5503492661793084E-9,5.5501732257569086E-9,5.7051007353885827E-9,5.5501732257569086E-9,5.5503492661793084E-9,5.2663349317635509E-9],[5.0924061832980834E-9,5.3825893089765614E-9,5.4663085692573791E-9,5.5501732257569086E-9,5.4663085692573791E-9,5.3825893089765614E-9,5.0924061832980834E-9],[5.124889792252729E-9,5.4086671810789785E-9,5.3825893089765614E-9,5.5503492661793084E-9,5.3825893089765614E-9,5.4086671810789785E-9,5.124889792252729E-9],[4.8351345289955241E-9,5.124889792252729E-9,5.0924061832980834E-9,5.2663349317635509E-9,5.0924061832980834E-9,5.124889792252729E-9,4.8351345289955241E-9]],[[5.0090738802413774E-9,5.2991159772551559E-9,5.26660089523344E-9,5.440702510820386E-9,5.26660089523344E-9,5.2991159772551559E-9,5.0090738802413774E-9],[5.2991159772551559E-9,5.5831691135243207E-9,5.5570663542730564E-9,5.7249900326383914E-9,5.5570663542730564E-9,5.5831691135243207E-9,5.2991159772551559E-9],[5.26660089523344E-9,5.5570663542730564E-9,5.6408670851188616E-9,5.7248133503783227E-9,5.6408670851188616E-9,5.5570663542730564E-9,5.26660089523344E-9],[5.440702510820386E-9,5.7249900326383914E-9,5.7248133503783227E-9,5.8798911785133785E-9,5.7248133503783227E-9,5.7249900326383914E-9,5.440702510820386E-9],[5.26660089523344E-9,5.5570663542730564E-9,5.6408670851188616E-9,5.7248133503783227E-9,5.6408670851188616E-9,5.5570663542730564E-9,5.26660089523344E-9],[5.2991159772551559E-9,5.5831691135243207E-9,5.5570663542730564E-9,5.7249900326383914E-9,5.5570663542730564E-9,5.5831691135243207E-9,5.2991159772551559E-9],[5.0090738802413774E-9,5.2991159772551559E-9,5.26660089523344E-9,5.440702510820386E-9,5.26660089523344E-9,5.2991159772551559E-9,5.0090738802413774E-9]],[[5.18318446772174E-9,5.4735105240677441E-9,5.4409641795565834E-9,5.6152369442484019E-9,5.4409641795565834E-9,5.4735105240677441E-9,5.18318446772174E-9],[5.4735105240677441E-9,5.7578366520884584E-9,5.7317092132365851E-9,5.8997949880978693E-9,5.7317092132365851E-9,5.7578366520884584E-9,5.4735105240677441E-9],[5.4409641795565834E-9,5.7317092132365851E-9,5.8155906089098783E-9,5.8996176758158971E-9,5.8155906089098783E-9,5.7317092132365851E-9,5.4409641795565834E-9],[5.6152369442484019E-9,5.8997949880978693E-9,5.8996176758158971E-9,6.0548443408239915E-9,5.8996176758158971E-9,5.8997949880978693E-9,5.6152369442484019E-9],[5.4409641795565834E-9,5.7317092132365851E-9,5.8155906089098783E-9,5.8996176758158971E-9,5.8155906089098783E-9,5.7317092132365851E-9,5.4409641795565834E-9],[5.4735105240677441E-9,5.7578366520884584E-9,5.7317092132365851E-9,5.8997949880978693E-9,5.7317092132365851E-9,5.7578366520884584E-9,5.4735105240677441E-9],[5.18318446772174E-9,5.4735105240677441E-9,5.4409641795565834E-9,5.6152369442484019E-9,5.4409641795565834E-9,5.4735105240677441E-9,5.18318446772174E-9]],[[5.357464576379863E-9,5.6480717486464273E-9,5.6154943816853467E-9,5.7899365943007236E-9,5.6154943816853467E-9,5.6480717486464273E-9,5.357464576379863E-9],[5.6480717486464273E-9,5.9326681337058747E-9,5.9065162342320747E-9,6.0747624910857915E-9,5.9065162342320747E-9,5.9326681337058747E-9,5.6480717486464273E-9],[5.6154943816853467E-9,5.9065162342320747E-9,5.9904774928223059E-9,6.0745845580940844E-9,5.9904774928223059E-9,5.9065162342320747E-9,5.6154943816853467E-9],[5.7899365943007236E-9,6.0747624910857915E-9,6.0745845580940844E-9,6.2299585831199711E-9,6.0745845580940844E-9,6.0747624910857915E-9,5.7899365943007236E-9],[5.6154943816853467E-9,5.9065162342320747E-9,5.9904774928223059E-9,6.0745845580940844E-9,5.9904774928223059E-9,5.9065162342320747E-9,5.6154943816853467E-9],[5.6480717486464273E-9,5.9326681337058747E-9,5.9065162342320747E-9,6.0747624910857915E-9,5.9065162342320747E-9,5.9326681337058747E-9,5.6480717486464273E-9],[5.357464576379863E-9,5.6480717486464273E-9,5.6154943816853467E-9,5.7899365943007236E-9,5.6154943816853467E-9,5.6480717486464273E-9,5.357464576379863E-9]],[[5.5319125082348019E-9,5.8227979792766114E-9,5.7901898500963419E-9,5.96479982330914E-9,5.7901898500963419E-9,5.8227979792766114E-9,5.5319125082348019E-9],[5.8227979792766114E-9,6.1076619064406406E-9,6.081485772805502E-9,6.2498909070639558E-9,6.081485772805502E-9,6.1076619064406406E-9,5.8227979792766114E-9],[5.7901898500963419E-9,6.081485772805502E-9,6.1655260965378834E-9,6.2497123610371841E-9,6.1655260965378834E-9,6.081485772805502E-9,5.7901898500963419E-9],[5.96479982330914E-9,6.2498909070639558E-9,6.2497123610371841E-9,6.4052322753746095E-9,6.2497123610371841E-9,6.2498909070639558E-9,5.96479982330914E-9],[5.7901898500963419E-9,6.081485772805502E-9,6.1655260965378834E-9,6.2497123610371841E-9,6.1655260965378834E-9,6.081485772805502E-9,5.7901898500963419E-9],[5.8227979792766114E-9,6.1076619064406406E-9,6.081485772805502E-9,6.2498909070639558E-9,6.081485772805502E-9,6.1076619064406406E-9,5.8227979792766114E-9],[5.5319125082348019E-9,5.8227979792766114E-9,5.7901898500963419E-9,5.96479982330914E-9,5.7901898500963419E-9,5.8227979792766114E-9,5.5319125082348019E-9]],[[5.7065265801019659E-9,5.9976875560655639E-9,5.9650489385005954E-9,6.1398249971858707E-9,5.9650489385005954E-9,5.9976875560655639E-9,5.7065265801019659E-9],[5.9976875560655639E-9,6.2828163295425183E-9,6.25661619290842E-9,6.425178609911194E-9,6.25661619290842E-9,6.2828163295425183E-9,5.9976875560655639E-9],[5.9650489385005954E-9,6.25661619290842E-9,6.3407347884359978E-9,6.4249994574600759E-9,6.3407347884359978E-9,6.25661619290842E-9,5.9650489385005954E-9],[6.1398249971858707E-9,6.425178609911194E-9,6.4249994574600759E-9,6.5806637976234794E-9,6.4249994574600759E-9,6.425178609911194E-9,6.1398249971858707E-9],[5.9650489385005954E-9,6.25661619290842E-9,6.3407347884359978E-9,6.4249994574600759E-9,6.3407347884359978E-9,6.25661619290842E-9,5.9650489385005954E-9],[5.9976875560655639E-9,6.2828163295425183E-9,6.25661619290842E-9,6.425178609911194E-9,6.25661619290842E-9,6.2828163295425183E-9,5.9976875560655639E-9],[5.7065265801019659E-9,5.9976875560655639E-9,5.9650489385005954E-9,6.1398249971858707E-9,5.9650489385005954E-9,5.9976875560655639E-9,5.7065265801019659E-9]],[[5.8813051221827477E-9,6.1727388306978847E-9,6.1400700075147314E-9,6.3150104878998546E-9,6.1400700075147314E-9,6.1727388306978847E-9,5.8813051221827477E-9],[6.1727388306978847E-9,6.4581297735494977E-9,6.4319058678256982E-9,6.6006239829836085E-9,6.4319058678256982E-9,6.4581297735494977E-9,6.1727388306978847E-9],[6.1400700075147314E-9,6.4319058678256982E-9,6.5161019464900821E-9,6.60044423003305E-9,6.5161019464900821E-9,6.4319058678256982E-9,6.1400700075147314E-9],[6.3150104878998546E-9,6.6006239829836085E-9,6.60044423003305E-9,6.7562515405903029E-9,6.60044423003305E-9,6.6006239829836085E-9,6.3