{"M_cells":[[[0,0,0,0,0,0,0],[0,0,0,0,0,0,0],[0,0,0,0,0,0,0],[0,0,0,0,0,0,0],[0,0,0,0,0,0,0],[0,0,0,0,0,0,0],[0,0,0,0,0,0,0]],[[9.1706638306552827E-7,2.5677242383058755E-6,2.3510561941578183E-6,3.2104517800431966E-6,2.3510561941578191E-6,2.5677242383058759E-6,9.1706638306552838E-7],[2.5677242383058755E-6,5.9140991391786589E-6,5.5453275275696852E-6,7.2869014619374094E-6,5.5453275275696852E-6,5.91409913917866E-6,2.5677242383058759E-6],[2.3510561941578183E-6,5.5453275275696852E-6,6.4797532380026565E-6,7.417208037992821E-6,6.4797532380026573E-6,5.5453275275696852E-6,2.3510561941578183E-6],[3.2104517800431966E-6,7.2869014619374094E-6,7.417208037992821E-6,9.2742107003889545E-6,7.417208037992821E-6,7.2869014619374094E-6,3.2104517800431966E-6],[2.3510561941578191E-6,5.5453275275696852E-6,6.4797532380026573E-6,7.417208037992821E-6,6.4797532380026573E-6,5.5453275275696852E-6,2.3510561941578183E-6],[2.5677242383058759E-6,5.91409913917866E-6,5.5453275275696852E-6,7.2869014619374094E-6,5.5453275275696852E-6,5.91409913917866E-6,2.5677242383058759E-6],[9.1706638306552838E-7,2.5677242383058759E-6,2.3510561941578183E-6,3.2104517800431966E-6,2.3510561941578183E-6,2.5677242383058759E-6,9.1706638306552838E-7]],[[5.59157705632548E-6,1.0268271981902965E-5,9.6685775071285913E-6,1.2226767657531288E-5,9.6685775071285913E-6,1.0268271981902965E-5,5.59157705632548E-6],[1.0268271981902965E-5,1.6956488623704376E-5,1.6243094974872371E-5,1.9895316743833336E-5,1.6243094974872371E-5,1.6956488623704376E-5,1.0268271981902965E-5],[9.6685775071285913E-6,1.6243094974872371E-5,1.8152253518035288E-5,2.0066161937037795E-5,1.8152253518035288E-5,1.6243094974872371E-5,9.6685775071285913E-6],[1.2226767657531288E-5,1.9895316743833336E-5,2.0066161937037795E-5,2.3766389425515376E-5,2.0066161937037795E-5,1.9895316743833336E-5,1.2226767657531288E-5],[9.6685775071285913E-6,1.6243094974872371E-5,1.8152253518035288E-5,2.0066161937037795E-5,1.8152253518035288E-5,1.6243094974872371E-5,9.6685775071285913E-6],[1.0268271981902965E-5,1.6956488623704376E-5,1.6243094974872371E-5,1.9895316743833336E-5,1.6243094974872371E-5,1.6956488623704379E-5,1.0268271981902965E-5],[5.59157705632548E-6,1.0268271981902965E-5,9.6685775071285913E-6,1.2226767657531288E-5,9.6685775071285913E-6,1.0268271981902965E-5,5.59157705632548E-6]],[[1.5086830478207659E-5,2.3090188682590779E-5,2.2087922166829796E-5,2.6593900165855288E-5,2.2087922166829796E-5,2.3090188682590779E-5,1.5086830478207659E-5],[2.3090188682590779E-5,3.3110742515381828E-5,3.2072450590106053E-5,3.7679016650692364E-5,3.2072450590106053E-5,3.3110742515381828E-5,2.3090188682590779E-5],[2.2087922166829796E-5,3.2072450590106053E-5,3.4963331997667555E-5,3.7860668430625452E-5,3.4963331997667555E-5,3.2072450590106053E-5,2.2087922166829796E-5],[2.6593900165855288E-5,3.7679016650692364E-5,3.7860668430625452E-5,4.33895133686398E-5,3.7860668430625452E-5,3.7679016650692364E-5,2.6593900165855292E-5],[2.2087922166829796E-5,3.2072450590106053E-5,3.4963331997667555E-5,3.7860668430625452E-5,3.4963331997667555E-5,3.2072450590106053E-5,2.2087922166829796E-5],[2.3090188682590779E-5,3.3110742515381828E-5,3.2072450590106053E-5,3.7679016650692364E-5,3.2072450590106053E-5,3.3110742515381828E-5,2.3090188682590779E-5],[1.5086830478207659E-5,2.3090188682590779E-5,2.2087922166829796E-5,2.6593900165855292E-5,2.2087922166829796E-5,2.3090188682590779E-5,1.5086830478207659E-5]],[[2.9627098587035866E-5,4.1012871960453853E-5,3.9615690569960847E-5,4.6136720113505881E-5,3.9615690569960847E-5,4.1012871960453853E-5,2.9627098587035866E-5],[4.1012871960453853E-5,5.4349274204853069E-5,5.2998208538554768E-5,6.0563219470517656E-5,5.2998208538554768E-5,5.4349274204853062E-5,4.1012871960453853E-5],[3.9615690569960847E-5,5.2998208538554768E-5,5.6867982694227312E-5,6.0745902621907923E-5,5.6867982694227312E-5,5.2998208538554768E-5,3.9615690569960847E-5],[4.6136720113505881E-5,6.0563219470517656E-5,6.0745902621907923E-5,6.8089061124222564E-5,6.0745902621907923E-5,6.0563219470517656E-5,4.6136720113505881E-5],[3.9615690569960847E-5,5.2998208538554768E-5,5.6867982694227312E-5,6.0745902621907923E-5,5.6867982694227312E-5,5.2998208538554768E-5,3.9615690569960847E-5],[4.1012871960453853E-5,5.4349274204853062E-5,5.2998208538554768E-5,6.0563219470517656E-5,5.2998208538554768E-5,5.4349274204853062E-5,4.1012871960453853E-5],[2.9627098587035866E-5,4.1012871960453853E-5,3.9615690569960847E-5,4.6136720113505881E-5,3.9615690569960847E-5,4.1012871960453853E-5,2.9627098587035866E-5]],[[4.924198393351323E-5,6.400704738345847E-5,6.2223944514500849E-5,7.0770789381989084E-5,6.2223944514500849E-5,6.400704738345847E-5,4.924198393351323E-5],[6.400704738345847E-5,8.0638408228949813E-5,7.8981686893421748E-5,8.849655862593086E-5,7.8981686893421748E-5,8.0638408228949813E-5,6.400704738345847E-5],[6.2223944514500849E-5,7.8981686893421748E-5,8.38244323535853E-5,8.8677000823713783E-5,8.38244323535853E-5,7.8981686893421748E-5,6.2223944514500849E-5],[7.0770789381989084E-5,8.849655862593086E-5,8.8677000823713783E-5,9.7820470047511719E-5,8.8677000823713783E-5,8.849655862593086E-5,7.0770789381989084E-5],[6.2223944514500849E-5,7.8981686893421748E-5,8.38244323535853E-5,8.8677000823713783E-5,8.38244323535853E-5,7.8981686893421748E-5,6.2223944514500849E-5],[6.400704738345847E-5,8.0638408228949813E-5,7.8981686893421748E-5,8.849655862593086E-5,7.8981686893421748E-5,8.0638408228949813E-5,6.400704738345847E-5],[4.924198393351323E-5,6.400704738345847E-5,6.2223944514500849E-5,7.0770789381989084E-5,6.2223944514500849E-5,6.400704738345847E-5,4.924198393351323E-5]],[[7.3912867815751788E-5,9.2038743917743638E-5,8.98763212198553E-5,0.00010044204506397731,8.98763212198553E-5,9.2038743917743638E-5,7.3912867815751788E-5],[9.2038743917743638E-5,0.00011194211315889872,0.00010998422043614287,0.000121436339878045,0.00010998422043614287,0.00011194211315889871,9.2038743917743638E-5],[8.98763212198553E-5,0.00010998422043614287,0.00011579308505382498,0.00012161343698926582,0.00011579308505382498,0.00010998422043614289,8.98763212198553E-5],[0.00010044204506397731,0.000121436339878045,0.00012161343698926582,0.00013254350009625734,0.00012161343698926582,0.000121436339878045,0.00010044204506397731],[8.98763212198553E-5,0.00010998422043614287,0.00011579308505382498,0.00012161343698926582,0.00011579308505382498,0.00010998422043614289,8.98763212198553E-5],[9.2038743917743638E-5,0.00011194211315889871,0.00010998422043614289,0.000121436339878045,0.00010998422043614289,0.00011194211315889871,9.2038743917743638E-5],[7.3912867815751788E-5,9.2038743917743638E-5,8.98763212198553E-5,0.00010044204506397731,8.98763212198553E-5,9.2038743917743638E-5,7.3912867815751788E-5]],[[0.00010360813405503472,0.0001250720209698193,0.00012253500370250272,0.00013510715308247205,0.00012253500370250272,0.0001250720209698193,0.00010360813405503472],[0.0001250720209698193,0.00014822371149687255,0.00014596786209969688,0.0001593434218911179,0.00014596786209969688,0.00014822371149687255,0.0001250720209698193],[0.00012253500370250272,0.00014596786209969688,0.00015273576667259998,0.00015951681032865342,0.00015273576667259998,0.00014596786209969688,0.00012253500370250272],[0.00013510715308247205,0.0001593434218911179,0.00015951681032865342,0.00017222001652968406,0.00015951681032865342,0.0001593434218911179,0.00013510715308247205],[0.00012253500370250272,0.00014596786209969688,0.00015273576667259998,0.00015951681032865342,0.00015273576667259998,0.00014596786209969688,0.00012253500370250272],[0.0001250720209698193,0.00014822371149687255,0.00014596786209969688,0.0001593434218911179,0.00014596786209969688,0.00014822371149687255,0.0001250720209698193],[0.00010360813405503472,0.0001250720209698193,0.00012253500370250272,0.00013510715308247205,0.00012253500370250272,0.0001250720209698193,0.00010360813405503472]],[[0.00013829248362564895,0.00016307038685968637,0.00016016244446725235,0.00017472693065461817,0.00016016244446725235,0.00016307038685968637,0.00013829248362564895],[0.00016307038685968637,0.00018944660898066417,0.00018689542562692161,0.00020218036517430366,0.00018689542562692161,0.00018944660898066417,0.00016307038685968637],[0.00016016244446725235,0.00018689542562692161,0.00019461529351733764,0.00020234993999689694,0.00019461529351733764,0.00018689542562692161,0.00016016244446725235],[0.00017472693065461817,0.00020218036517430366,0.00020234993999689694,0.0002168130830960499,0.00020234993999689694,0.00020218036517430366,0.00017472693065461817],[0.00016016244446725235,0.00018689542562692161,0.00019461529351733764,0.00020234993999689694,0.00019461529351733764,0.00018689542562692161,0.00016016244446725235],[0.00016307038685968637,0.00018944660898066417,0.00018689542562692161,0.00020218036517430366,0.00018689542562692161,0.00018944660898066417,0.00016307038685968637],[0.00013829248362564895,0.00016307038685968637,0.00016016244446725235,0.00017472693065461817,0.00016016244446725235,0.00016307038685968637,0.00013829248362564895]],[[0.00017792971224001928,0.00020599744483313598,0.00020272171051849785,0.0002192640613476888,0.00020272171051849785,0.00020599744483313598,0.00017792971224001928],[0.00020599744483313598,0.00023557457765887213,0.00023273040567880276,0.0002499107219643776,0.00023273040567880276,0.00023557457765887213,0.00020599744483313598],[0.00020272171051849785,0.00023273040567880276,0.00024139523476924781,0.00025007646991955754,0.00024139523476924781,0.00023273040567880276,0.00020272171051849785],[0.0002192640613476888,0.0002499107219643776,0.00025007646991955754,0.00026628656677335949,0.00025007646991955754,0.0002499107219643776,0.0002192640613476888],[0.00020272171051849785,0.00023273040567880276,0.00024139523476924781,0.00025007646991955754,0.00024139523476924781,0.00023273040567880276,0.00020272171051849785],[0.00020599744483313598,0.00023557457765887213,0.00023273040567880276,0.0002499107219643776,0.00023273040567880276,0.00023557457765887213,0.00020599744483313598],[0.00017792971224001928,0.00020599744483313598,0.00020272171051849785,0.0002192640613476888,0.00020272171051849785,0.00020599744483313598,0.00017792971224001928]],[[0.00022248362834102861,0.00025381715296416118,0.00025017649309078317,0.00026868225585076214,0.00025017649309078317,0.00025381715296416118,0.00022248362834102861],[0.00025381715296416118,0.00028657184353146148,0.00028343689229919788,0.00030249873585246019,0.00028343689229919788,0.00028657184353146148,0.00025381715296416118],[0.00025017649309078317,0.00028343689229919788,0.00029303977331424395,0.00030266067601205618,0.00029303977331424395,0.00028343689229919788,0.00025017649309078317],[0.00026868225585076214,0.00030249873585246019,0.00030266067601205618,0.00032060494540427721,0.00030266067601205618,0.00030249873585246019,0.00026868225585076214],[0.00025017649309078317,0.00028343689229919788,0.00029303977331424395,0.00030266067601205618,0.00029303977331424395,0.00028343689229919788,0.00025017649309078317],[0.00025381715296416118,0.00028657184353146148,0.00028343689229919788,0.00030249873585246019,0.00028343689229919788,0.00028657184353146148,0.00025381715296416118],[0.00022248362834102861,0.00025381715296416118,0.00025017649309078317,0.00026868225585076214,0.00025017649309078317,0.00025381715296416118,0.00022248362834102861]],[[0.00027191836520385555,0.00030649390572150167,0.000302491048853856,0.00032294591326276917,0.000302491048853856,0.00030649390572150167,0.00027191836520385555],[0.00030649390572150167,0.00034240309085635312,0.00033897949689460781,0.00035990919279398076,0.00033897949689460781,0.00034240309085635312,0.00030649390572150167],[0.000302491048853856,0.00033897949689460781,0.00034951361310419423,0.00036006735493266572,0.00034951361310419423,0.00033897949689460781,0.000302491048853856],[0.00032294591326276917,0.00035990919279398076,0.00036006735493266572,0.00037973319696544676,0.00036006735493266572,0.00035990919279398076,0.00032294591326276917],[0.000302491048853856,0.00033897949689460781,0.00034951361310419423,0.00036006735493266572,0.00034951361310419423,0.00033897949689460781,0.000302491048853856],[0.00030649390572150167,0.00034240309085635312,0.00033897949689460781,0.00035990919279398076,0.00033897949689460781,0.00034240309085635312,0.00030649390572150167],[0.00027191836520385555,0.00030649390572150167,0.000302491048853856,0.00032294591326276917,0.000302491048853856,0.00030649390572150167,0.00027191836520385555]],[[0.00032619847204988197,0.00036399253690864,0.00035963013399650351,0.0003820199607930889,0.00035963013399650351,0.00036399253690864,0.00032619847204988197],[0.00036399253690864,0.00040303343168012992,0.00039932328743008048,0.00042210732960632684,0.00039932328743008048,0.00040303343168012992,0.00036399253690864],[0.00035963013399650351,0.00039932328743008048,0.00041078190779482,0.000422261746167045,0.00041078190779482,0.00039932328743008048,0.00035963013399650351],[0.0003820199607930889,0.00042210732960632684,0.000422261746167045,0.00044363672210774108,0.000422261746167045,0.00042210732960632684,0.0003820199607930889],[0.00035963013399650351,0.00039932328743008048,0.00041078190779482,0.000422261746167045,0.00041078190779482,0.00039932328743008048,0.00035963013399650351],[0.00036399253690864,0.00040303343168012992,0.00039932328743008048,0.00042210732960632684,0.00039932328743008048,0.00040303343168012992,0.00036399253690864],[0.00032619847204988197,0.00036399253690864,0.00035963013399650351,0.0003820199607930889,0.00035963013399650351,0.00036399253690864,0.00032619847204988197]],[[0.00038528891871643974,0.00042627828902004139,0.00042155894194871878,0.00044586975896233064,0.00042155894194871878,0.00042627828902004139,0.00038528891871643974],[0.00042627828902004139,0.00046842836112188306,0.00046443372895566562,0.0004890587648408867,0.00046443372895566557,0.00046842836112188306,0.00042627828902004139],[0.00042155894194871878,0.00046443372895566562,0.00047681019894757178,0.00048920946790760372,0.00047681019894757178,0.00046443372895566562,0.00042155894194871878],[0.00044586975896233064,0.0004890587648408867,0.00048920946790760372,0.00051228128037525238,0.00048920946790760372,0.0004890587648408867,0.00044586975896233064],[0.00042155894194871878,0.00046443372895566557,0.00047681019894757178,0.00048920946790760372,0.00047681019894757178,0.00046443372895566562,0.00042155894194871878],[0.00042627828902004139,0.00046842836112188306,0.00046443372895566562,0.0004890587648408867,0.00046443372895566562,0.00046842836112188306,0.00042627828902004139],[0.00038528891871643974,0.00042627828902004139,0.00042155894194871878,0.00044586975896233064,0.00042155894194871878,0.00042627828902004139,0.00038528891871643974]],[[0.00044915506538516421,0.000493316768572271,0.00048824304471251128,0.0005144610315079626,0.00048824304471251128,0.000493316768572271,0.00044915506538516421],[0.000493316768572271,0.00053855370687248632,0.00053427662684773472,0.0005607294384883004,0.00053427662684773472,0.00053855370687248632,0.000493316768572271],[0.00048824304471251128,0.00053427662684773472,0.00054756435844307964,0.0005608764586399745,0.00054756435844307964,0.00053427662684773461,0.00048824304471251122],[0.0005144610315079626,0.0005607294384883004,0.0005608764586399745,0.0005856329320036535,0.0005608764586399745,0.00056072943848830029,0.0005144610315079626],[0.00048824304471251128,0.00053427662684773472,0.00054756435844307964,0.0005608764586399745,0.00054756435844307953,0.00053427662684773461,0.00048824304471251122],[0.000493316768572271,0.00053855370687248632,0.00053427662684773461,0.00056072943848830029,0.00053427662684773461,0.00053855370687248632,0.000493316768572271],[0.00044915506538516421,0.000493316768572271,0.00048824304471251122,0.0005144610315079626,0.00048824304471251122,0.000493316768572271,0.00044915506538516421]],[[0.00051776261801575723,0.00056507389561856545,0.0005596483363269326,0.00058775980475359588,0.0005596483363269326,0.00056507389561856545,0.00051776261801575723],[0.00056507389561856545,0.00061337557626421656,0.00060881807125614021,0.00063708555508906154,0.00060881807125614021,0.00061337557626421656,0.00056507389561856545],[0.0005596483363269326,0.00060881807125614021,0.00062301053261763794,0.00063722892096914566,0.00062301053261763794,0.00060881807125614021,0.0005596483363269326],[0.00058775980475359588,0.00063708555508906154,0.00063722892096914566,0.0006636579818346353,0.00063722892096914566,0.00063708555508906154,0.00058775980475359588],[0.0005596483363269326,0.00060881807125614021,0.00062301053261763794,0.00063722892096914566,0.00062301053261763794,0.00060881807125614021,0.0005596483363269326],[0.00056507389561856545,0.00061337557626421656,0.00060881807125614021,0.00063708555508906154,0.00060881807125614021,0.00061337557626421656,0.00056507389561856545],[0.00051776261801575723,0.00056507389561856545,0.0005596483363269326,0.00058775980475359588,0.0005596483363269326,0.00056507389561856545,0.00051776261801575723]],[[0.000591077577848629,0.00064151585074317,0.000635740977298851,0.00066573235050612363,0.000635740977298851,0.00064151585074317,0.000591077577848629],[0.00064151585074317,0.00069286030213180048,0.00068802438188637894,0.000718093527941486,0.00068802438188637894,0.00069286030213180048,0.00064151585074317],[0.000635740977298851,0.00068802438188637894,0.00070311508689435481,0.00071823326609962972,0.00070311508689435481,0.00068802438188637894,0.000635740977298851],[0.00066573235050612363,0.000718093527941486,0.00071823326609962972,0.00074632292376870064,0.00071823326609962972,0.000718093527941486,0.00066573235050612363],[0.000635740977298851,0.00068802438188637894,0.00070311508689435481,0.00071823326609962972,0.00070311508689435481,0.00068802438188637894,0.000635740977298851],[0.00064151585074317,0.00069286030213180048,0.00068802438188637894,0.000718093527941486,0.00068802438188637894,0.00069286030213180048,0.00064151585074317],[0.000591077577848629,0.00064151585074317,0.000635740977298851,0.00066573235050612363,0.000635740977298851,0.00064151585074317,0.000591077577848629]],[[0.00066906618828921284,0.0007226090207467481,0.00071648733923128274,0.00074834513002045759,0.00071648733923128274,0.0007226090207467481,0.00066906618828921284],[0.0007226090207467481,0.00077697438780294464,0.00077186205256719724,0.00080371992332058085,0.00077186205256719724,0.00077697438780294464,0.0007226090207467481],[0.00071648733923128274,0.00077186205256719724,0.0007878445502269108,0.00080385605815523219,0.0007878445502269108,0.00077186205256719724,0.00071648733923128274],[0.00074834513002045759,0.00080371992332058085,0.00080385605815523219,0.00083359438494889969,0.00080385605815523219,0.00080371992332058085,0.00074834513002045759],[0.00071648733923128274,0.00077186205256719724,0.0007878445502269108,0.00080385605815523219,0.0007878445502269108,0.00077186205256719724,0.00071648733923128274],[0.0007226090207467481,0.00077697438780294464,0.00077186205256719724,0.00080371992332058085,0.00077186205256719724,0.00077697438780294464,0.0007226090207467481],[0.00066906618828921284,0.0007226090207467481,0.00071648733923128274,0.00074834513002045759,0.00071648733923128274,0.0007226090207467481,0.00066906618828921284]],[[0.00075169488038746379,0.00080831994336187066,0.00080185394913139321,0.00083556473789969958,0.00080185394913139321,0.00080831994336187066,0.00075169488038746379],[0.00080831994336187066,0.00086568445119374624,0.00086029769520584633,0.00089393140410627594,0.00086029769520584633,0.00086568445119374624,0.00080831994336187066],[0.00080185394913139321,0.00086029769520584633,0.000877165558908414,0.00089406395784123326,0.000877165558908414,0.00086029769520584633,0.00080185394913139321],[0.00083556473789969958,0.00089393140410627594,0.00089406395784123326,0.00092543906918306066,0.00089406395784123326,0.00089393140410627594,0.00083556473789969958],[0.00080185394913139321,0.00086029769520584633,0.000877165558908414,0.00089406395784123326,0.000877165558908414,0.00086029769520584633,0.00080185394913139321],[0.00080831994336187066,0.00086568445119374624,0.00086029769520584633,0.00089393140410627594,0.00086029769520584633,0.00086568445119374624,0.00080831994336187066],[0.00075169488038746379,0.00080831994336187066,0.00080185394913139321,0.00083556473789969958,0.00080185394913139321,0.00080831994336187066,0.00075169488038746379]],[[0.000838930217252727,0.00089861525097461952,0.00089180743300916433,0.00092735784531445826,0.00089180743300916433,0.00089861525097461952,0.000838930217252727],[0.00089861525097461952,0.00095895716783383057,0.00095329798280009692,0.00098869467241147,0.00095329798280009692,0.00095895716783383057,0.00089861525097461952],[0.00089180743300916433,0.00095329798280009692,0.00097104479939537293,0.000988823665079934,0.00097104479939537293,0.00095329798280009692,0.00089180743300916433],[0.00092735784531445826,0.00098869467241147,0.000988823665079934,0.0010218236992376728,0.000988823665079934,0.00098869467241147,0.00092735784531445826],[0.00089180743300916433,0.00095329798280009692,0.00097104479939537293,0.000988823665079934,0.00097104479939537293,0.00095329798280009692,0.00089180743300916433],[0.00089861525097461952,0.00095895716783383057,0.00095329798280009692,0.00098869467241147,0.00095329798280009692,0.00095895716783383047,0.00089861525097461952],[0.000838930217252727,0.00089861525097461952,0.00089180743300916433,0.00092735784531445826,0.00089180743300916433,0.00089861525097461952,0.000838930217252727]],[[0.00093073883737965777,0.00099346161317655267,0.00098631445843742633,0.0010236911421252991,0.00098631445843742655,0.00099346161317655267,0.00093073883737965777],[0.00099346161317655267,0.0010567592125811495,0.0010508295912024898,0.0010879764108736008,0.0010508295912024898,0.0010567592125811495,0.00099346161317655267],[0.00098631445843742633,0.0010508295912024898,0.0010694489498343249,0.0010881018602991834,0.0010694489498343249,0.0010508295912024898,0.00098631445843742655],[0.0010236911421252991,0.0010879764108736008,0.0010881018602991834,0.0011227149576831345,0.0010881018602991834,0.0010879764108736008,0.0010236911421252991],[0.00098631445843742655,0.0010508295912024898,0.0010694489498343249,0.0010881018602991834,0.0010694489498343249,0.0010508295912024898,0.00098631445843742655],[0.00099346161317655267,0.0010567592125811495,0.0010508295912024898,0.0010879764108736008,0.0010508295912024898,0.0010567592125811495,0.00099346161317655267],[0.00093073883737965777,0.00099346161317655267,0.00098631445843742655,0.0010236911421252991,0.00098631445843742655,0.00099346161317655267,0.00093073883737965777]],[[0.0010270873967087493,0.0010928256779046779,0.0010853416757671307,0.0011245312775675037,0.0010853416757671307,0.0010928256779046779,0.0010270873967087493],[0.0010928256779046779,0.0011590571997543212,0.0011528591393384039,0.0011917432222969438,0.0011528591393384039,0.0011590571997543212,0.0010928256779046779],[0.0010853416757671307,0.0011528591393384039,0.0011723446199886445,0.0011918651440673432,0.0011723446199886445,0.0011528591393384039,0.0010853416757671307],[0.0011245312775675037,0.0011917432222969438,0.0011918651440673432,0.001228079425982066,0.0011918651440673432,0.0011917432222969438,0.0011245312775675037],[0.0010853416757671307,0.0011528591393384039,0.0011723446199886445,0.0011918651440673432,0.0011723446199886445,0.0011528591393384039,0.0010853416757671307],[0.0010928256779046779,0.0011590571997543212,0.0011528591393384039,0.0011917432222969438,0.0011528591393384039,0.0011590571997543212,0.0010928256779046779],[0.0010270873967087493,0.0010928256779046779,0.0010853416757671307,0.0011245312775675037,0.0010853416757671307,0.0010928256779046779,0.0010270873967087493]],[[0.0011279425091762143,0.0011966740108938158,0.0011888556576952166,0.0012298447991804661,0.0011888556576952166,0.0011966740108938158,0.0011279425091762143],[0.0011966740108938158,0.0012658176213897431,0.0012593531275744889,0.0012999615673339173,0.0012593531275744889,0.0012658176213897431,0.0011966740108938158],[0.0011888556576952166,0.0012593531275744889,0.0012796982892591348,0.0013000799747653448,0.0012796982892591348,0.0012593531275744889,0.0011888556576952166],[0.0012298447991804661,0.0012999615673339173,0.0013000799747653448,0.0013378835215081136,0.0013000799747653448,0.0012999615673339173,0.0012298447991804661],[0.0011888556576952166,0.0012593531275744889,0.0012796982892591348,0.0013000799747653448,0.0012796982892591348,0.0012593531275744889,0.0011888556576952166],[0.0011966740108938158,0.0012658176213897431,0.0012593531275744889,0.0012999615673339173,0.0012593531275744889,0.0012658176213897431,0.0011966740108938158],[0.0011279425091762143,0.0011966740108938158,0.0011888556576952166,0.0012298447991804661,0.0011888556576952166,0.0011966740108938158,0.0011279425091762143]],[[0.0012332706854727433,0.0013049730331428939,0.0012968228368780545,0.0013395980896645802,0.0012968228368780545,0.0013049730331428939,0.0012332706854727433],[0.0013049730331428939,0.00137700678331275,0.0013702778739235612,0.0014125976998846893,0.0013702778739235612,0.00137700678331275,0.0013049730331428939],[0.0012968228368780545,0.0013702778739235612,0.0013914762424815669,0.0014127126039760879,0.0013914762424815669,0.0013702778739235612,0.0012968228368780545],[0.0013395980896645802,0.0014125976998846893,0.0014127126039760879,0.0014520934321709553,0.0014127126039760879,0.0014125976998846893,0.0013395980896645802],[0.0012968228368780545,0.0013702778739235612,0.0013914762424815669,0.0014127126039760879,0.0013914762424815669,0.0013702778739235612,0.0012968228368780545],[0.0013049730331428939,0.00137700678331275,0.0013702778739235612,0.0014125976998846893,0.0013702778739235612,0.00137700678331275,0.0013049730331428939],[0.0012332706854727433,0.0013049730331428939,0.0012968228368780545,0.0013395980896645802,0.0012968228368780545,0.0013049730331428939,0.0012332706854727433]],[[0.0013430382697092696,0.0014176889560795539,0.0014092094412693707,0.0014537573013383603,0.0014092094412693707,0.0014176889560795539,0.0013430382697092696],[0.0014176889560795539,0.0014925907386944873,0.0014855994477561314,0.0015296175998786826,0.0014855994477561314,0.0014925907386944873,0.0014176889560795539],[0.0014092094412693707,0.0014855994477561314,0.0015076445031681992,0.0015297290092550289,0.0015076445031681992,0.0014855994477561314,0.0014092094412693707],[0.0014537573013383603,0.0015296175998786826,0.0015297290092550289,0.0015706750483057224,0.0015297290092550289,0.0015296175998786826,0.0014537573013383603],[0.0014092094412693707,0.0014855994477561314,0.0015076445031681992,0.0015297290092550289,0.0015076445031681992,0.0014855994477561314,0.0014092094412693707],[0.0014176889560795539,0.0014925907386944873,0.0014855994477561314,0.0015296175998786826,0.0014855994477561314,0.0014925907386944873,0.0014176889560795539],[0.0013430382697092696,0.0014176889560795539,0.0014092094412693707,0.0014537573013383603,0.0014092094412693707,0.0014176889560795539,0.0013430382697092696]],[[0.0014572113736663038,0.0015347877140872417,0.0015259814268479847,0.0015722882878524149,0.0015259814268479847,0.0015347877140872417,0.0014572113736663038],[0.0015347877140872417,0.0016125352187460838,0.0016052836006711149,0.0016509869030829456,0.0016052836006711149,0.0016125352187460838,0.0015347877140872417],[0.0015259814268479847,0.0016052836006711149,0.0016281687638420844,0.0016510948239270629,0.0016281687638420844,0.0016052836006711149,0.0015259814268479847],[0.0015722882878524149,0.0016509869030829456,0.0016510948239270629,0.0016935938914652018,0.0016510948239270629,0.0016509869030829456,0.0015722882878524149],[0.0015259814268479847,0.0016052836006711149,0.0016281687638420844,0.0016510948239270629,0.0016281687638420844,0.0016052836006711149,0.0015259814268479847],[0.0015347877140872417,0.0016125352187460838,0.0016052836006711149,0.0016509869030829456,0.0016052836006711149,0.0016125352187460838,0.0015347877140872417],[0.0014572113736663038,0.0015347877140872417,0.0015259814268479847,0.0015722882878524149,0.0015259814268479847,0.0015347877140872417,0.0014572113736663038]],[[0.0015757558082848163,0.0016562348940374785,0.0016471044073780622,0.0016951565327963185,0.0016471044073780622,0.0016562348940374785,0.0015757558082848163],[0.0016562348940374785,0.0017368055601782665,0.0017292956941547455,0.0017766708275583579,0.0017292956941547455,0.0017368055601782665,0.0016562348940374785],[0.0016471044073780622,0.0017292956941547455,0.0017530143130891022,0.0017767752635305149,0.0017530143130891022,0.0017292956941547455,0.0016471044073780622],[0.0016951565327963185,0.0017766708275583579,0.0017767752635305149,0.0018208150397278828,0.0017767752635305149,0.0017766708275583579,0.0016951565327963185],[0.0016471044073780622,0.0017292956941547455,0.0017530143130891022,0.0017767752635305149,0.0017530143130891022,0.0017292956941547455,0.0016471044073780622],[0.0016562348940374785,0.0017368055601782665,0.0017292956941547455,0.0017766708275583579,0.0017292956941547455,0.0017368055601782665,0.0016562348940374785],[0.0015757558082848163,0.0016562348940374785,0.0016471044073780622,0.0016951565327963185,0.0016471044073780622,0.0016562348940374785,0.0015757558082848163]],[[0.0016986370120334732,0.0017819956614484112,0.0017725435808242866,0.0018223270748105968,0.0017725435808242866,0.0017819956614484112,0.0016986370120334732],[0.0017819956614484112,0.0018653666290310627,0.001857600623633637,0.0019066340963599404,0.001857600623633637,0.0018653666290310627,0.0017819956614484112],[0.0017725435808242866,0.001857600623633637,0.0018821459589288573,0.0019067350485045785,0.0018821459589288573,0.001857600623633637,0.0017725435808242866],[0.0018223270748105968,0.0019066340963599404,0.0019067350485045785,0.0019523030491093486,0.0019067350485045785,0.0019066340963599404,0.0018223270748105968],[0.0017725435808242866,0.001857600623633637,0.0018821459589288573,0.0019067350485045785,0.0018821459589288573,0.001857600623633637,0.0017725435808242866],[0.0017819956614484112,0.0018653666290310627,0.001857600623633637,0.0019066340963599404,0.001857600623633637,0.0018653666290310627,0.0017819956614484112],[0.0016986370120334732,0.0017819956614484112,0.0017725435808242866,0.0018223270748105968,0.0017725435808242866,0.0017819956614484112,0.0016986370120334732]],[[0.0018258199757636277,0.0019120346828621741,0.001902263652016858,0.0019537644287888111,0.001902263652016858,0.0019120346828621739,0.0018258199757636275],[0.0019120346828621741,0.0019981827404480642,0.0019901627384983438,0.0020408408560471315,0.0019901627384983438,0.0019981827404480642,0.0019120346828621739],[0.001902263652016858,0.0019901627384983438,0.0020155279480754797,0.0020409383226859027,0.0020155279480754797,0.0019901627384983438,0.001902263652016858],[0.0019537644287888111,0.0020408408560471315,0.0020409383226859027,0.0020880218706327111,0.0020409383226859027,0.0020408408560471315,0.0019537644287888111],[0.001902263652016858,0.0019901627384983438,0.0020155279480754797,0.0020409383226859027,0.0020155279480754797,0.0019901627384983438,0.001902263652016858],[0.0019120346828621739,0.0019981827404480642,0.0019901627384983438,0.0020408408560471315,0.0019901627384983438,0.0019981827404480642,0.0019120346828621739],[0.0018258199757636275,0.0019120346828621739,0.001902263652016858,0.0019537644287888111,0.001902263652016858,0.0019120346828621739,0.0018258199757636275]],[[0.0019572691636346755,0.0020463160440050573,0.0020362287511319472,0.0020894325027249147,0.0020362287511319472,0.0020463160440050573,0.0019572691636346755],[0.0020463160440050573,0.0021352175739387065,0.0021269457576427145,0.0021792545905376247,0.0021269457576427145,0.0021352175739387065,0.0020463160440050573],[0.0020362287511319472,0.0021269457576427145,0.0021531238806276631,0.0021793485671477214,0.0021531238806276631,0.0021269457576427145,0.0020362287511319472],[0.0020894325027249147,0.0021792545905376247,0.0021793485671477214,0.0022279347625803114,0.0021793485671477214,0.0021792545905376247,0.0020894325027249142],[0.0020362287511319472,0.0021269457576427145,0.0021531238806276631,0.0021793485671477214,0.0021531238806276631,0.0021269457576427145,0.0020362287511319472],[0.0020463160440050573,0.0021352175739387065,0.0021269457576427145,0.0021792545905376247,0.0021269457576427145,0.0021352175739387065,0.0020463160440050568],[0.0019572691636346755,0.0020463160440050573,0.0020362287511319472,0.0020894325027249142,0.0020362287511319472,0.0020463160440050568,0.0019572691636346755]],[[0.0020929484296622124,0.0021848031632609494,0.0021744023475212819,0.0022292945097249686,0.0021744023475212819,0.0021848031632609494,0.0020929484296622124],[0.0021848031632609494,0.0022764340836362164,0.0022679126800289641,0.002321838029801048,0.0022679126800289641,0.0022764340836362164,0.0021848031632609494],[0.0021744023475212819,0.0022679126800289641,0.0022948966196911042,0.00232192850887788,0.0022948966196911042,0.0022679126800289641,0.0021744023475212819],[0.0022292945097249686,0.002321838029801048,0.00232192850887788,0.0023720041974104821,0.00232192850887788,0.002321838029801048,0.0022292945097249686],[0.0021744023475212819,0.0022679126800289641,0.0022948966196911042,0.00232192850887788,0.0022948966196911042,0.0022679126800289641,0.0021744023475212819],[0.0021848031632609494,0.0022764340836362164,0.0022679126800289641,0.002321838029801048,0.0022679126800289641,0.0022764340836362164,0.0021848031632609494],[0.0020929484296622124,0.0021848031632609494,0.0021744023475212819,0.0022292945097249686,0.0021744023475212819,0.0021848031632609494,0.0020929484296622124]],[[0.0022328209294071961,0.0023274586999516584,0.0023167471583870045,0.002373312874665778,0.0023167471583870045,0.0023274586999516584,0.0022328209294071961],[0.0023274586999516584,0.0024217944030192279,0.0024130256897489043,0.0024685530528482415,0.0024130256897489043,0.0024217944030192279,0.0023274586999516584],[0.0023167471583870045,0.0024130256897489043,0.0024408081953963185,0.0024686400237512712,0.0024408081953963185,0.0024130256897489043,0.0023167471583870045],[0.002373312874665778,0.0024685530528482415,0.0024686400237512712,0.0025201917627809133,0.0024686400237512712,0.0024685530528482415,0.002373312874665778],[0.0023167471583870045,0.0024130256897489043,0.0024408081953963185,0.0024686400237512712,0.0024408081953963185,0.0024130256897489043,0.0023167471583870045],[0.0023274586999516584,0.0024217944030192279,0.0024130256897489043,0.0024685530528482415,0.0024130256897489043,0.0024217944030192279,0.0023274586999516584],[0.0022328209294071961,0.0023274586999516584,0.0023167471583870045,0.002373312874665778,0.0023167471583870045,0.0023274586999516584,0.0022328209294071961]],[[0.0023768490262843032,0.002474244456875916,0.0024632250517555949,0.0025214491349397228,0.0024632250517555949,0.002474244456875916,0.0023768490262843032],[0.002474244456875916,0.0025712597435201038,0.0025622460550067615,0.0026193605844252042,0.0025622460550067615,0.0025712597435201038,0.002474244456875916],[0.0024632250517555949,0.0025622460550067615,0.00259081970272896,0.002619444033205492,0.00259081970272896,0.0025622460550067615,0.0024632250517555949],[0.0025214491349397228,0.0026193605844252042,0.002619444033205492,0.002672458056071754,0.002619444033205492,0.0026193605844252042,0.0025214491349397228],[0.0024632250517555949,0.0025622460550067615,0.00259081970272896,0.002619444033205492,0.00259081970272896,0.0025622460550067615,0.0024632250517555949],[0.002474244456875916,0.0025712597435201038,0.0025622460550067615,0.0026193605844252042,0.0025622460550067615,0.0025712597435201038,0.002474244456875916],[0.0023768490262843032,0.002474244456875916,0.0024632250517555949,0.0025214491349397228,0.0024632250517555949,0.002474244456875916,0.0023768490262843032]],[[0.0025249941919267011,0.0026251212765122647,0.0026137969431622061,0.0026736638346756343,0.0026137969431622061,0.0026251212765122647,0.0025249941919267011],[0.0026251212765122647,0.002724790286393879,0.0027155340204012405,0.0027742204847702513,0.0027155340204012405,0.002724790286393879,0.0026251212765122647],[0.0026137969431622061,0.0027155340204012405,0.0027448911925408229,0.0027743003939784054,0.0027448911925408229,0.0027155340204012405,0.0026137969431622061],[0.0026736638346756343,0.0027742204847702513,0.0027743003939784054,0.0028287625717497394,0.0027743003939784054,0.0027742204847702513,0.0026736638346756343],[0.0026137969431622061,0.0027155340204012405,0.0027448911925408229,0.0027743003939784054,0.0027448911925408229,0.0027155340204012405,0.0026137969431622061],[0.0026251212765122647,0.002724790286393879,0.0027155340204012405,0.0027742204847702513,0.0027155340204012405,0.002724790286393879,0.0026251212765122647],[0.0025249941919267011,0.0026251212765122647,0.0026137969431622061,0.0026736638346756343,0.0026137969431622061,0.0026251212765122647,0.0025249941919267011]],[[0.002677216899993797,0.0027800489302410663,0.0027684226854016248,0.002829916411775683,0.0027684226854016248,0.0027800489302410663,0.002677216899993797],[0.0027800489302410663,0.0028823450671668391,0.0028728486918284711,0.002933091431735986,0.0028728486918284711,0.0028823450671668391,0.0027800489302410663],[0.0027684226854016248,0.0028728486918284711,0.0029029815550529144,0.0029331677802087049,0.0029029815550529144,0.0028728486918284711,0.0027684226854016248],[0.002829916411775683,0.002933091431735986,0.0029331677802087049,0.00298906358085492,0.0029331677802087049,0.002933091431735986,0.002829916411775683],[0.0027684226854016248,0.0028728486918284711,0.0029029815550529144,0.0029331677802087049,0.0029029815550529144,0.0028728486918284711,0.0027684226854016248],[0.0027800489302410663,0.0028823450671668391,0.0028728486918284711,0.002933091431735986,0.0028728486918284711,0.0028823450671668391,0.0027800489302410663],[0.002677216899993797,0.0027800489302410663,0.0027684226854016248,0.002829916411775683,0.0027684226854016248,0.0027800489302410663,0.002677216899993797]],[[0.0028334765127576425,0.0029389859998801993,0.0029270609506469392,0.0029901650770445352,0.0029270609506469392,0.0029389859998801993,0.0028334765127576425],[0.0029389859998801993,0.0030438818519201586,0.0030341479132656303,0.0030959307945123849,0.0030341479132656303,0.0030438818519201586,0.0029389859998801993],[0.0029270609506469392,0.0030341479132656303,0.0030650483950986369,0.0030960035571357776,0.0030650483950986369,0.0030341479132656303,0.0029270609506469392],[0.0029901650770445352,0.0030959307945123849,0.0030960035571357776,0.0031533180018245934,0.0030960035571357776,0.0030959307945123849,0.0029901650770445352],[0.0029270609506469392,0.0030341479132656303,0.0030650483950986369,0.0030960035571357776,0.0030650483950986369,0.0030341479132656303,0.0029270609506469392],[0.0029389859998801993,0.0030438818519201586,0.0030341479132656303,0.0030959307945123849,0.0030341479132656303,0.0030438818519201586,0.0029389859998801993],[0.0028334765127576425,0.0029389859998801993,0.0029270609506469392,0.0029901650770445352,0.0029270609506469392,0.0029389859998801993,0.0028334765127576425]],[[0.0029937311597399768,0.0031018897507680749,0.0030896691041735541,0.003154366684624336,0.0030896691041735541,0.0031018897507680749,0.0029937311597399768],[0.0031018897507680749,0.0032093570045976369,0.0031993881346282539,0.0032626944981183747,0.0031993881346282539,0.0032093570045976369,0.0031018897507680749],[0.0030896691041735541,0.0031993881346282539,0.0032310478982871581,0.0032627636455659654,0.0032310478982871581,0.0031993881346282539,0.0030896691041735541],[0.003154366684624336,0.0032626944981183747,0.0032627636455659654,0.0033214812617972382,0.0032627636455659654,0.0032626944981183747,0.003154366684624336],[0.0030896691041735541,0.0031993881346282539,0.0032310478982871581,0.0032627636455659654,0.0032310478982871581,0.0031993881346282539,0.0030896691041735541],[0.0031018897507680749,0.0032093570045976369,0.0031993881346282539,0.0032626944981183747,0.0031993881346282539,0.0032093570045976369,0.0031018897507680749],[0.0029937311597399768,0.0031018897507680749,0.0030896691041735541,0.003154366684624336,0.0030896691041735541,0.0031018897507680749,0.0029937311597399768]],[[0.0031579376076100226,0.0032687159955529939,0.0032562030688527361,0.0033224765928725388,0.0032562030688527361,0.0032687159955529939,0.0031579376076100226],[0.0032687159955529939,0.0033