{"M_cells":[[[0,0,0,0,0,0],[0,0,0,0,0,0],[0,0,0,0,0,0],[0,0,0,0,0,0],[0,0,0,0,0,0],[0,0,0,0,0,0]],[[0.00021942240738862049,0.00050865569709298241,0.00020941021065685523,9.4364023265590958E-5,4.3212075409775645E-5,1.6306265705834186E-5],[0.00050865569709298241,0.0008192082822216539,0.00039945596731732813,0.00019077518739872259,9.3814958867533639E-5,4.3212075409775645E-5],[0.00020941021065685523,0.00039945596731732813,0.00028750342771341323,0.00017570586496619373,9.8208065672443008E-5,4.5972952728758176E-5],[9.4364023265590958E-5,0.00019077518739872259,0.00017570586496619373,0.00012655367575821277,7.74863444732531E-5,3.5685204613073563E-5],[4.3212075409775645E-5,9.3814958867533639E-5,9.8208065672443008E-5,7.74863444732531E-5,4.9620982255502754E-5,2.1800160397156435E-5],[1.6306265705834186E-5,4.3212075409775645E-5,4.5972952728758176E-5,3.5685204613073563E-5,2.1800160397156435E-5,7.9429370030977987E-6]],[[0.0007059300497946632,0.0010307336293182033,0.00049272153294911908,0.0002569462758624276,0.00014142740746298955,8.201492663002658E-5],[0.0010307336293182033,0.0012319201376466795,0.00067516579695741145,0.00037326945832977449,0.00021959373603103226,0.00014142740746298955],[0.00049272153294911908,0.00067516579695741145,0.00050832111355958692,0.00034161812266229777,0.00022243566369839582,0.00014488983338660944],[0.0002569462758624276,0.00037326945832977449,0.00034161812266229777,0.00026267205040284583,0.00018382220928706616,0.00011771882796330522],[0.00014142740746298955,0.00021959373603103226,0.00022243566369839582,0.00018382220928706616,0.0001326214372744458,8.1486012397693859E-5],[8.201492663002658E-5,0.00014142740746298955,0.00014488983338660944,0.00011771882796330522,8.1486012397693859E-5,4.5304332256959642E-5]],[[0.0011507342288028337,0.0014163491689781207,0.00075251362719082207,0.00043655785588437879,0.00027243560151116452,0.00018976732994681331],[0.0014163491689781207,0.001545996313551303,0.00091662483288483152,0.00055846027816559634,0.00036752918627723139,0.00027243560151116452],[0.00075251362719082207,0.00091662483288483152,0.00071493344422471621,0.00051337624946905572,0.00036699273810019046,0.0002738400774361891],[0.00043655785588437879,0.00055846027816559634,0.00051337624946905572,0.00041335006506375917,0.00031342797223733607,0.00023036336996527798],[0.00027243560151116452,0.00036752918627723139,0.00036699273810019046,0.00031342797223733607,0.00024319056276782237,0.00017303443855773608],[0.00018976732994681331,0.00027243560151116452,0.0002738400774361891,0.00023036336996527798,0.00017303443855773608,0.00011577566327440267]],[[0.0015068884902662942,0.0017191331648906808,0.00098683718036603045,0.00062038248916464526,0.00042328404085439084,0.00032578687706901171],[0.0017191331648906808,0.0018070627743988479,0.0011359133218371534,0.00074315840678984189,0.00052842565115591219,0.00042328404085439084],[0.00098683718036603045,0.0011359133218371534,0.00091197098378122555,0.00068815749063568963,0.0005241964902657258,0.00042139020333549314],[0.00062038248916464526,0.00074315840678984189,0.00068815749063568963,0.000573538300600401,0.00045902823319770106,0.00036427909742932943],[0.00042328404085439084,0.00052842565115591219,0.0005241964902657258,0.00045902823319770106,0.00037430132146683363,0.00028966729274713677],[0.00032578687706901171,0.00042328404085439084,0.00042139020333549314,0.00036427909742932943,0.00028966729274713677,0.00021514012209366119]],[[0.0017965511648590329,0.001973222464624922,0.0012019682160688365,0.000804177845446333,0.00058575306461103587,0.00047931990663223556],[0.001973222464624922,0.0020363625319881357,0.0013404106760182383,0.0009263506453388744,0.00069669883188116437,0.00058575306461103587],[0.0012019682160688365,0.0013404106760182383,0.0011023219522748138,0.00086435842886869725,0.00068916621067091133,0.00058041649126787712],[0.000804177845446333,0.0009263506453388744,0.00086435842886869725,0.000739830403801727,0.00061541474473646109,0.00051273773839157649],[0.00058575306461103587,0.00069669883188116437,0.00068916621067091133,0.00061541474473646109,0.00052013859693062848,0.00042496352710523234],[0.00047931990663223556,0.00058575306461103587,0.00058041649126787712,0.00051273773839157649,0.00042496352710523234,0.00033728449088871561]],[[0.0020435992213495378,0.0021981061702574917,0.0014039270622724447,0.000986763670824127,0.0007548771960774023,0.0006432343691117414],[0.0021981061702574917,0.0022462307350468286,0.0015352576456175901,0.0011080350005978456,0.00086911748007143647,0.0007548771960774023],[0.0014039270622724447,0.0015352576456175901,0.0012881887098707687,0.0010412425657253413,0.00085891225826365892,0.00074650485582997324],[0.000986763670824127,0.0011080350005978456,0.0010412425657253413,0.00091007041640672509,0.0007790127373609229,0.00067101254063013324],[0.0007548771960774023,0.00086911748007143647,0.00085891225826365892,0.0007790127373609229,0.0006762774952421358,0.00057364900608622318],[0.0006432343691117414,0.0007548771960774023,0.00074650485582997324,0.00067101254063013324,0.00057364900608622318,0.00047638810003147383]],[[0.0022643090237877972,0.0024051801716904204,0.0015971936611155,0.0011680410000425437,0.00092775801099125445,0.00081314003479015455],[0.0024051801716904204,0.0024440836454811274,0.0017238870956495778,0.0012885002151933633,0.00104384721250826,0.00092775801099125445],[0.0015971936611155,0.0017238870956495778,0.0014711156881636498,0.00121846550479568,0.001031606606915826,0.00091694315274518123],[0.0011680410000425437,0.0012885002151933633,0.00121846550479568,0.0010828759461101877,0.00094740222703371992,0.00083585430763221627],[0.00092775801099125445,0.00104384721250826,0.001031606606915826,0.00094740222703371992,0.00083949897017466493,0.00073170633925003815],[0.00081314003479015455,0.00092775801099125445,0.00091694315274518123,0.00083585430763221627,0.00073170633925003815,0.0006276661634987919]],[[0.0024688048484796518,0.002601264588233709,0.001784828225175276,0.0013482335271145915,0.0011027394612321837,0.000986444953551118],[0.002601264588233709,0.0026344495360619293,0.0019085339913520504,0.0014680619753127094,0.0012198585475920595,0.0011027394612321837],[0.001784828225175276,0.0019085339913520504,0.0016521372761927212,0.0013958607729080699,0.0012061285390058797,0.0010900686488846075],[0.0013482335271145915,0.0014680619753127094,0.0013958607729080699,0.0012573519004187518,0.0011189597594589188,0.0010050607125180232],[0.0011027394612321837,0.0012198585475920595,0.0012061285390058797,0.0011189597594589188,0.001007528213665634,0.00089620990825908982],[0.000986444953551118,0.0011027394612321837,0.0010900686488846075,0.0010050607125180232,0.00089620990825908982,0.00078747042230555833]],[[0.0026632710421552663,0.0027905097139851163,0.0019688445137625112,0.0015276131120532355,0.0012788881559977019,0.001161657202114814],[0.0027905097139851163,0.0028201226395653395,0.0020906356667362343,0.0016469834942973425,0.0013965780175336051,0.0012788881559977019],[0.0019688445137625112,0.0020906356667362343,0.0018319307585725707,0.0015733454109537143,0.0013817882011607063,0.00126486048743101],[0.0015276131120532355,0.0016469834942973425,0.0015733454109537143,0.0014329158738547905,0.0012926036491406967,0.001177153399087453],[0.0012788881559977019,0.0013965780175336051,0.0013817882011607063,0.0012926036491406967,0.0011787896885486803,0.0010650907184909944],[0.001161657202114814,0.0012788881559977019,0.00126486048743101,0.001177153399087453,0.0010650907184909944,0.00095314173686460613]],[[0.002851493545100758,0.0029754712775725525,0.0021505447136750183,0.0017064133403710854,0.0014556826646146257,0.0013379317522212429],[0.0029754712775725525,0.0030028407155594482,0.0022711114159412044,0.0018254629455269357,0.0015736877483322153,0.0014556826646146257],[0.0021505447136750183,0.0022711114159412044,0.00201093464881915,0.0017508770237538479,0.0015581590362139411,0.0014406898238123517],[0.0017064133403710854,0.0018254629455269357,0.0017508770237538479,0.0016091881933169062,0.0014676170532673708,0.0013511470562460567],[0.0014556826646146257,0.0015736877483322153,0.0015581590362139411,0.0014676170532673708,0.0013522079603839881,0.0012369150219291266],[0.0013379317522212429,0.0014556826646146257,0.0014406898238123517,0.0013511470562460567,0.0012369150219291266,0.0011227982805506534]],[[0.0030358065368558253,0.0031577367430765829,0.0023307640961296211,0.001884812325815523,0.0016328334024540638,0.0015147949743619135],[0.0031577367430765829,0.0031836910261516162,0.0024505480061135262,0.0020036421392571079,0.0017510121256898916,0.0016328334024540638],[0.0023307640961296211,0.0024505480061135262,0.0021894313260503559,0.0019284335192471004,0.0017349760852091655,0.0016171676927233475],[0.001884812325815523,0.0020036421392571079,0.0019284335192471004,0.0017859212791081311,0.0016435269751084493,0.0015263886040619184],[0.0016328334024540638,0.0017510121256898916,0.0017349760852091655,0.0016435269751084493,0.0015270569242374378,0.0014107037977684402],[0.0015147949743619135,0.0016328334024540638,0.0016171676927233475,0.0015263886040619184,0.0014107037977684402,0.0012951353446014268]],[[0.0032176596407396088,0.0033382985936486194,0.0025100366256298537,0.0020629383183302995,0.0018101801780350233,0.0016919832437610445],[0.0033382985936486194,0.0033633571077157456,0.0026293198567741822,0.0021816196356975403,0.0019284543491415028,0.0018101801780350233],[0.0025100366256298537,0.0026293198567741822,0.0023676021881489347,0.0021060032200867487,0.0019120740460290269,0.0017940524546298975],[0.0020629383183302995,0.0021816196356975403,0.0021060032200867487,0.0019629537757065679,0.0018200224270647786,0.0017024470783548707],[0.0018101801780350233,0.0019284543491415028,0.0019120740460290269,0.0018200224270647786,0.0017028504260572287,0.0015857958566704675],[0.0016919832437610445,0.0018101801780350233,0.0017940524546298975,0.0017024470783548707,0.0015857958566704675,0.001469261689555461]],[[0.0033979587805434953,0.0035177804931735604,0.0026887033120800772,0.0022408807452453019,0.0019876346160081671,0.0018693505094441963],[0.0035177804931735604,0.0035422703705084066,0.0028076660290827457,0.00235946268961261,0.0021059611471465427,0.0019876346160081671],[0.0026887033120800772,0.0028076660290827457,0.0025455636665147204,0.0022835798934891056,0.0020893493709134019,0.0019711933529612275],[0.0022408807452453019,0.00235946268961261,0.0022835798934891056,0.0021401806187611983,0.0019968995433044968,0.00187903910992537],[0.0019876346160081671,0.0021059611471465427,0.0020893493709134019,0.0019968995433044968,0.0018792650989676056,0.0017617484192188214],[0.0018693505094441963,0.0019876346160081671,0.0019711933529612275,0.00187903910992537,0.0017617484192188214,0.0016445752451920176]],[[0.0035772730126991292,0.0036965759492606064,0.0028669819820219111,0.0024187007391251879,0.0021651480535648435,0.0020468161153790209],[0.0036965759492606064,0.0037207039865965437,0.0029857393093752735,0.00253721662986466,0.0022835032387694856,0.0021651480535648435],[0.0028669819820219111,0.0029857393093752735,0.0027233904920301493,0.0024611601927997254,0.0022667369562601358,0.0021484959547466037],[0.0024187007391251879,0.00253721662986466,0.0024611601927997254,0.00231753346827805,0.0021740250101121845,0.0020559789297704615],[0.0021651480535648435,0.0022835032387694856,0.0022667369562601358,0.0021740250101121845,0.0020560869764006395,0.0019382669252215384],[0.0020468161153790209,0.0021651480535648435,0.0021484959547466037,0.0020559789297704615,0.0019382669252215384,0.0018206727407237696]],[[0.0037559612893203558,0.0038749340859891052,0.0030450118830116211,0.002596439544767252,0.0023426937330316665,0.0022243356191914178],[0.0038749340859891052,0.0038988314070581977,0.0031636374528896732,0.0027149117405874347,0.0024610645459970694,0.0023426937330316665],[0.0030450118830116211,0.0031636374528896732,0.0029011306484381869,0.0026387423161028734,0.002444195734090682,0.0023259008906025033],[0.002596439544767252,0.0027149117405874347,0.0026387423161028734,0.002494967918182493,0.0023513118300318996,0.0022331450540375867],[0.0023426937330316665,0.0024610645459970694,0.002444195734090682,0.0023513118300318996,0.0022331750760548586,0.0021151564469138852],[0.0022243356191914178,0.0023426937330316665,0.0023259008906025033,0.0022331450540375867,0.0021151564469138852,0.0019972858584193067]],[[0.0039342508133021594,0.0040530130638535191,0.0032228821183726852,0.0027741247343344259,0.00252025695848883,0.0024018845729663245],[0.0040530130638535191,0.0040767630223884728,0.0033414230736256638,0.0028925681236381512,0.0026386362491032092,0.00252025695848883],[0.0032228821183726852,0.0033414230736256638,0.0030788149622505878,0.0028163252933349238,0.0026216997225501537,0.0025033707122694674],[0.0027741247343344259,0.0028925681236381512,0.0028163252933349238,0.0026724551425081305,0.0025287033295070425,0.0024104582029855657],[0.00252025695848883,0.0026386362491032092,0.0026216997225501537,0.0025287033295070425,0.0024104368237096237,0.0022922885354629166],[0.0024018845729663245,0.00252025695848883,0.0025033707122694674,0.0024104582029855657,0.0022922885354629166,0.0021742370162285154]],[[0.0041122858081490193,0.0042309135315070062,0.0034006497633765039,0.0029517746161981592,0.00269782966728078,0.0025794495455471246],[0.0042309135315070062,0.0042545692284392663,0.003519136317714896,0.0030701990560620378,0.0028162135151287445,0.00269782966728078],[0.0034006497633765039,0.003519136317714896,0.003256463249078754,0.0029939086037531122,0.0027992324419477844,0.0026808817295263703],[0.0029517746161981592,0.0030701990560620378,0.0029939086037531122,0.0028499764457515816,0.0027061626436753914,0.002587866729525534],[0.00269782966728078,0.0028162135151287445,0.0027992324419477844,0.0027061626436753914,0.00258781160336953,0.0024695788409020494],[0.0025794495455471246,0.00269782966728078,0.0026808817295263703,0.002587866729525534,0.0024695788409020494,0.002351409185041039]],[[0.0042901580440501547,0.0044086996667664653,0.0035783514134199905,0.0031294012855174881,0.0028754074409891132,0.0027570231669026414],[0.0044086996667664653,0.0044322949916202857,0.0036968029486664305,0.0032478132729972741,0.0029937936991024545,0.0028754074409891132],[0.0035783514134199905,0.0036968029486664305,0.0034340882535311163,0.0031714919693173788,0.0029767834162256379,0.0028584189171498848],[0.0031294012855174881,0.0032478132729972741,0.0031714919693173788,0.0030275197122978039,0.0028836658228535289,0.0027653370377710117],[0.0028754074409891132,0.0029937936991024545,0.0029767834162256379,0.0028836658228535289,0.002765259817650891,0.0026469721294147593],[0.0027570231669026414,0.0028754074409891132,0.0028584189171498848,0.0027653370377710117,0.0026469721294147593,0.0025287255087467412]],[[0.0044679260327445168,0.0045864124606149305,0.0037560105530901416,0.0033070127008928123,0.0030529878614065876,0.0029346013977750323],[0.0045864124606149305,0.0046099690747079865,0.0038744395124489395,0.0034254165032034318,0.0031713753556704065,0.0030529878614065876],[0.0037560105530901416,0.0038744395124489395,0.0036116981760918477,0.0033490752426179175,0.0031543459727890332,0.0030359727241719655],[0.0033070127008928123,0.0034254165032034318,0.0033490752426179175,0.0032050770959839246,0.0030611973243996637,0.0029428473013945237],[0.0030529878614065876,0.0031713753556704065,0.0031543459727890332,0.0030611973243996637,0.0029427556500414426,0.0028244323179950717],[0.0029346013977750323,0.0030529878614065876,0.0030359727241719655,0.0029428473013945237,0.0028244323179950717,0.0027061356579276721]],[[0.0046456271434647594,0.0047640781303808369,0.0039336422642638636,0.0034846140821134398,0.0032305696069922659,0.0031121820273084717],[0.0047640781303808369,0.0047876098961645219,0.0040520566414204828,0.0036030124936877184,0.0033489576962981724,0.0032305696069922659],[0.0039336422642638636,0.0040520566414204828,0.0037892982948594155,0.0035266583459434304,0.0033319158542127738,0.00321353706741732],[0.0034846140821134398,0.0036030124936877184,0.0035266583459434304,0.0033826435183506656,0.0032387470705800597,0.0031203833554827422],[0.0032305696069922659,0.0033489576962981724,0.0033319158542127738,0.0032387470705800597,0.0031202822962308756,0.0030019358805743745],[0.0031121820273084717,0.0032305696069922659,0.00321353706741732,0.0031203833554827422,0.0030019358805743745,0.002883606752081666]],[[0.0048232852752551209,0.00494171346245494,0.004111256237881963,0.003662208843230591,0.003408151956587769,0.0032897638471313211],[0.00494171346245494,0.0049652292599445449,0.0042296611703200836,0.0037806036892876612,0.0035265402913129624,0.003408151956587769],[0.004111256237881963,0.0042296611703200836,0.0039668920071208261,0.0037042412381308285,0.0035094903396328632,0.003391108065527268],[0.003662208843230591,0.0037806036892876612,0.0037042412381308285,0.0035602156935194357,0.0034163085317545378,0.0032979360153650022],[0.003408151956587769,0.0035265402913129624,0.0035094903396328632,0.0034163085317545378,0.0032978288328525296,0.0031794675032004683],[0.0032897638471313211,0.003408151956587769,0.003391108065527268,0.0032979360153650022,0.0031794675032004683,0.0030611173523655754]],[[0.0050009157287201206,0.0051193292130073858,0.004288858702869533,0.0038397992115797109,0.0035857345169698993,0.0034673461976312192],[0.0051193292130073858,0.00514283473444921,0.00440725749294051,0.0039581916812833247,0.0037041229064264688,0.0035857345169698993],[0.004288858702869533,0.00440725749294051,0.0041444814987772229,0.0038818238965465193,0.0036870676872513106,0.0035686832378163049],[0.0038397992115797109,0.0039581916812833247,0.0038818238965465193,0.0037377914955895285,0.00359387747937225,0.0034754993297715559],[0.0035857345169698993,0.0037041229064264688,0.0036870676872513106,0.00359387747937225,0.0034753881671221081,0.0033570172308996608],[0.0034673461976312192,0.0035857345169698993,0.0035686832378163049,0.0034754993297715559,0.0033570172308996608,0.0032386535029640278]],[[0.0051785283067350262,0.0052969322769196589,0.0044664536628732671,0.0040173866364872713,0.0037633170733655571,0.0036449287188460009],[0.0052969322769196589,0.0053204311724740364,0.0045848484328131116,0.0041357775024359238,0.0038817054130976512,0.0037633170733655571],[0.0044664536628732671,0.0045848484328131116,0.0043220681748668858,0.0040594063073209662,0.0038646467797907066,0.0037462609959623846],[0.0040173866364872713,0.0041357775024359238,0.0040594063073209662,0.0039153695485681693,0.003771451175715825,0.0036530694443833761],[0.0037633170733655571,0.0038817054130976512,0.0038646467797907066,0.003771451175715825,0.0036529556973462197,0.0035345785993307769],[0.0036449287188460009,0.0037633170733655571,0.0037462609959623846,0.0036530694443833761,0.0035345785993307769,0.0034162061313762174]],[[0.0053561292919251154,0.0054745270734793518,0.0046440436899699289,0.0041949720580980272,0.0039408995074875211,0.0038225112137776377],[0.0054745270734793518,0.0054980216837556039,0.0047624358024741372,0.004313361820445772,0.0040592877394255407,0.0039408995074875211],[0.0046440436899699289,0.0047624358024741372,0.0044996529366071849,0.0042369884600849074,0.0040422268985753421,0.003923840320760685],[0.0041949720580980272,0.004313361820445772,0.0042369884600849074,0.0040929489607387393,0.0039490278479785519,0.0038306438633978908],[0.0039408995074875211,0.0040592877394255407,0.0040422268985753421,0.0039490278479785519,0.00383052843951943,0.0037121474141515744],[0.0038225112137776377,0.0039408995074875211,0.003923840320760685,0.0038306438633978908,0.0037121474141515744,0.0035937693459306445]],[[0.0055337227099874365,0.0056521164329875586,0.0048216304344843577,0.0043725560836627361,0.0041184817526337038,0.00400009357344633],[0.0056521164329875586,0.0056756082580475906,0.0049400207629658995,0.0044909450644975658,0.0042368698432804957,0.0041184817526337038],[0.0048216304344843577,0.0049400207629658995,0.0046772363597659319,0.0044145703451585628,0.0042198075793340988,0.0041014205561608506],[0.0043725560836627361,0.0044909450644975658,0.0044145703451585628,0.00427052915270044,0.0041266063472043882,0.0040082209702191991],[0.0041184817526337038,0.0042368698432804957,0.0042198075793340988,0.0041266063472043882,0.0040081044587486408,0.0038897209550904886],[0.00400009357344633,0.0041184817526337038,0.0041014205561608506,0.0040082209702191991,0.0038897209550904886,0.0037713393234654314]],[[0.005711311137969138,0.0058297021647521294,0.0049992149527015341,0.0045501391028604683,0.00429606376912304,0.004177675735837166],[0.0058297021647521294,0.0058531921647321178,0.0051176040550754533,0.0046685275078746065,0.0044144516976313145,0.00429606376912304],[0.0049992149527015341,0.0051176040550754533,0.0048548188095584015,0.0045921519520733325,0.0043973885200347248,0.004279001277814453],[0.0045501391028604683,0.0046685275078746065,0.0045921519520733325,0.004448109746110894,0.0043041859272837588,0.0041857997166243784],[0.00429606376912304,0.0044144516976313145,0.0043973885200347248,0.0043041859272837588,0.0041856824996210837,0.0040672974577930683],[0.004177675735837166,0.00429606376912304,0.004279001277814453,0.0041857997166243784,0.0040672974577930683,0.0039489135840035426]],[[0.0058888962220629091,0.0060072854213566564,0.0051767979176547615,0.0047277213630904672,0.0044736455308829323,0.0043552576634423865],[0.0060072854213566564,0.00603077420934383,0.00529518614815313,0.0048461093218068654,0.004592033282554973,0.0044736455308829323],[0.0051767979176547615,0.00529518614815313,0.005032400514688137,0.0047697332688131878,0.004574969521906354,0.0044565822090597909],[0.0047277213630904672,0.0048461093218068654,0.0047697332688131878,0.0046256904917409509,0.0044817661018427338,0.0043633794213451954],[0.0044736455308829323,0.004592033282554973,0.004574969521906354,0.0044817661018427338,0.0043632617461849378,0.004244875776963232],[0.0043552576634423865,0.0044736455308829323,0.0044565822090597909,0.0043633794213451954,0.004244875776963232,0.0041264905185505211]],[[0.0060664790096712669,0.0061848669324851124,0.0053543797547813332,0.0049053030185499556,0.004651227018148154,0.0045328393310026527],[0.0061848669324851124,0.00620835489836375,0.0054727673359313,0.0050236906105237409,0.00476961458090453,0.004651227018148154],[0.0053543797547813332,0.0054727673359313,0.0052099816150765312,0.0049473142814411017,0.0047525504516641,0.0046341631671628783],[0.0049053030185499556,0.0050236906105237409,0.0049473142814411017,0.0048032712229738959,0.0046593465516285163,0.00454095963964005],[0.004651227018148154,0.00476961458090453,0.0047525504516641,0.0046593465516285163,0.0045408416662493451,0.0044224551676227486],[0.0045328393310026527,0.004651227018148154,0.0046341631671628783,0.00454095963964005,0.0044224551676227486,0.0043040690821040213]],[[0.0062440601625518843,0.0063624471551236147,0.0055319607292636745,0.0050828841621822444,0.0048288082135031184,0.004710420718834425],[0.0063624471551236147,0.0063859345451461151,0.0056503477982396983,0.0052012714340466549,0.0049471955759745412,0.0048288082135031184],[0.0055319607292636745,0.0056503477982396983,0.0053875621926392087,0.005124894973927499,0.0049301312172955261,0.0048117440288864485],[0.0050828841621822444,0.0052012714340466549,0.005124894973927499,0.0049808518257639673,0.0048369270646068073,0.0047185400788881064],[0.0048288082135031184,0.0049471955759745412,0.0049301312172955261,0.0048369270646068073,0.0047184219104695535,0.00460003514321339],[0.004710420718834425,0.0048288082135031184,0.0048117440288864485,0.0047185400788881064,0.00460003514321339,0.004481648594305946]],[[0.0064216400937297056,0.0065400263701005266,0.005709541002283121,0.0052604648464514231,0.0050063890997502974,0.004888001809215092],[0.0065400263701005266,0.0065635133380351537,0.005827927640764982,0.0053788518229958464,0.005124776250254222,0.0050063890997502974],[0.005709541002283121,0.005827927640764982,0.0055651422911343323,0.0053024753280814987,0.005107711752530701,0.0049893247084207212],[0.0052604648464514231,0.0053788518229958464,0.0053024753280814987,0.0051584322192362716,0.0050145074972360228,0.0048961205439956527],[0.0050063890997502974,0.005124776250254222,0.005107711752530701,0.0050145074972360228,0.0048960022469899875,0.0047776153836277778],[0.004888001809215092,0.0050063890997502974,0.0049893247084207212,0.0048961205439956527,0.0047776153836277778,0.0046592286101233187]],[[0.0065992190554904637,0.006717604744159199,0.0058871206672585722,0.00543804509683748,0.0051839696587716059,0.0050655825844359388],[0.006717604744159199,0.00674109138417664,0.0060055069206669141,0.0055564317881999061,0.0053023565847689106,0.0051839696587716059],[0.0058871206672585722,0.0060055069206669141,0.0057427219289624774,0.00548005532353073,0.0052852920068763281,0.0051669051432291779],[0.00543804509683748,0.0055564317881999061,0.00548005532353073,0.0053360123431625359,0.0051920877494426787,0.005073700902102741],[0.0051839696587716059,0.0053023565847689106,0.0052852920068763281,0.0051920877494426787,0.0050735825191438417,0.004955195675645477],[0.0050655825844359388,0.0051839696587716059,0.0051669051432291779,0.005073700902102741,0.004955195675645477,0.004836808836031767]],[[0.006776797195954214,0.0068951823698755292,0.00606469977319208,0.0056156249205936808,0.0053615498709272723,0.0052431630257627412],[0.0068951823698755292,0.00691866873769543,0.0061830856630796967,0.0057340113269255472,0.0054799365587371749,0.0053615498709272723],[0.00606469977319208,0.0061830856630796967,0.0059203011074183392,0.005657634937721011,0.0054628719392169553,0.005344485284965568],[0.0056156249205936808,0.0057340113269255472,0.005657634937721011,0.0055135921498771848,0.0053696677484561832,0.0052512810597764676],[0.0053615498709272723,0.0054799365587371749,0.0054628719392169553,0.0053696677484561832,0.0052511626180911227,0.005132775874382222],[0.0052431630257627412,0.0053615498709272723,0.005344485284965568,0.0052512810597764676,0.005132775874382222,0.0050143890757316364]],[[0.0069543745954515172,0.007072759291324119,0.0062422783397057171,0.0057932043124230091,0.0055391297147418675,0.005420743112886376],[0.007072759291324119,0.0070962454178100749,0.0063606638717361849,0.0059115904269101491,0.0056575161493938745,0.0055391297147418675],[0.0062422783397057171,0.0063606638717361849,0.0060978798160056724,0.00583521414592044,0.0056404515137027907,0.0055220650936410017],[0.0057932043124230091,0.0059115904269101491,0.00583521414592044,0.0056911715990583516,0.0055472474383683155,0.0054288609482777287],[0.0055391297147418675,0.0056575161493938745,0.0056404515137027907,0.0055472474383683155,0.0054287424651270465,0.0053103558783523979],[0.005420743112886376,0.0055391297147418675,0.0055220650936410017,0.0054288609482777287,0.0053103558783523979,0.0051919691950138534]],[[0.00713195128990918,0.0072503355205723319,0.0064198563667195313,0.0059707832581505724,0.0057167091667413251,0.0055983228236352323],[0.0072503355205723319,0.0072738214204669215,0.006538241535800072,0.0060891690689653015,0.00583509533189788,0.0057167091667413251],[0.0064198563667195313,0.006538241535800072,0.0062754580358540639,0.0060127929212197536,0.0058180306971030394,0.005699644533874457],[0.0059707832581505724,0.0060891690689653015,0.0060127929212197536,0.0058687506543557,0.0057248267733894815,0.0056064405140446227],[0.0057167091667413251,0.00583509533189788,0.0058180306971030394,0.0057248267733894815,0.0056063220002464343,0.0054879356133448864],[0.0055983228236352323,0.0057167091667413251,0.005699644533874457,0.0056064405140446227,0.0054879356133448864,0.0053695490990320338]],[[0.0073095272858740732,0.0074279110482667792,0.0065974338406732365,0.0061483617370929914,0.00589428820136624,0.0057759021338245039],[0.0074279110482667792,0.0074513967257981316,0.0067158186342504431,0.006266747228650808,0.0060126740792801692,0.00589428820136624],[0.0065974338406732365,0.0067158186342504431,0.0064530357419080239,0.0061903712345252968,0.00599560945709776,0.0058772235724787259],[0.0061483617370929914,0.006266747228650808,0.0061903712345252968,0.0060463292812073235,0.0059024057134901753,0.0057840197125444128],[0.00589428820136624,0.0060126740792801692,0.00599560945709776,0.0059024057134901753,0.0057839011747513706,0.005665515021999073],[0.0057759021338245039,0.00589428820136624,0.0058772235724787259,0.0057840197125444128,0.005665515021999073,0.0055471287176064284]],[[0.0074871025701514129,0.0076054858504129748,0.0067750107385153146,0.006325939723579639,0.0060718667909210782,0.00595348101717414],[0.0076054858504129748,0.0076289713028867357,0.0068933951386843627,0.006444324877342705,0.0061902523624082139,0.0060718667909210782],[0.0067750107385153146,0.0068933951386843627,0.0066306129043201,0.0063679490545422469,0.0061731877611689665,0.0060548021768993907],[0.006325939723579639,0.006444324877342705,0.0063679490545422469,0.0062239074454203723,0.0060799842215794155,0.0059615985042984253],[0.0060718667909210782,0.0061902523624082139,0.0061731877611689665,0.0060799842215794155,0.0059614799464699627,0.0058430940570653274],[0.00595348101717414,0.0060718667909210782,0.0060548021768993907,0.0059615985042984253,0.0058430940570653274,0.0057247079957215875]],[[0.0076646771159730644,0.0077830598927008787,0.0069525870302498769,0.0065035171879203567,0.00624944490553777,0.0061310594452592508],[0.0077830598927008787,0.0078065451127944134,0.0070709710150964108,0.0066219019829055568,0.0063678301499542848,0.00624944490553777],[0.0069525870302498769,0.0070709710150964108,0.006808189489327386,0.0065455263477478074,0.0063507655758743608,0.00623238031420106],[0.0065035171879203567,0.0066219019829055568,0.0065455263477478074,0.0064014851122413145,0.0062575622616723231,0.0061391768523064282],[0.00624944490553777,0.0063678301499542848,0.0063507655758743608,0.0062575622616723231,0.0061390582766593293,0.0060206726770442856],[0.0061310594452592508,0.00624944490553777,0.00623238031420106,0.0061391768523064282,0.0060206726770442856,0.0059022868873817667]],[[0.0078422508869274189,0.0079606331332456315,0.0071301626805497969,0.006681094097012159,0.0064270225131414218,0.0063086373874721158],[0.0079606331332456315,0.0079841181104663983,0.0072485462249949574,0.0067994785101051754,0.006545407408360405,0.0064270225131414218],[0.0071301626805497969,0.0072485462249949574,0.0069857654597910851,0.0067231030783538905,0.0065283428663630207,0.006409957950399817],[0.006681094097012159,0.0067994785101051754,0.0067231030783538905,0.0065790622457386587,0.006435139797693063,0.0063167547203725992],[0.0064270225131414218,0.006545407408360405,0.0065283428663630207,0.006435139797693063,0.0063166361279936413,0.0061982508433605669],[0.0063086373874721158,0.0064270225131414218,0.006409957950399817,0.0063167547203725992,0.0061982508433605669,0.0060798653516331612]],[[0.0080198238394450921,0.0081382055243055321,0.0073077376497651895,0.0068586704147079666,0.0066045995794127644,0.006486214810985734],[0.0081382055243055321,0.008161690245910699,0.0074261207260879428,0.0069770544208500934,0.0067229841017970391,0.0066045995794127644],[0.0073077376497651895,0.0074261207260879428,0.00716334077551569,0.0069006792082595761,0.0067059195960437528,0.0065875350500164019],[0.0068586704147079666,0.0069770544208500934,0.0069006792082595761,0.00675663880838376,0.0066127167926840983,0.0064943320720088384],[0.0066045995794127644,0.0067229841017970391,0.0067059195960437528,0.0066127167926840983,0.0064942134632491148,0.0063758285185238853],[0.006486214810985734,0.0066045995794127644,0.0065875350500164019,0.0064943320720088384,0.0063758285185238853,0.006257443349983678]],[[0.0081973959243507137,0.0083157770133372218,0.0074853118945380727,0.0070362461020291641,0.0067821760677435061,0.0066637916807133742],[0.0083157770133372218,0.0083392614649061784,0.0076036944726874762,0.0071546296743189991,0.0069005601921133574,0.0067821760677435061],[0.0074853118945380727,0.0076036944726874762,0.0073409153934224543,0.0070782546969933727,0.006883495726347986,0.0067651115757669817],[0.0070362461020291641,0.0071546296743189991,0.0070782546969933727,0.0069342147607560885,0.0067902932082745089,0.0066719088697079747],[0.0067821760677435061,0.0069005601921133574,0.006883495726347986,0.0067902932082745089,0.0066717902444361826,0.0065534056649252971],[0.0066637916807133742,0.0067821760677435061,0.0067651115757669817,0.0066719088697079747,0.0065534056649252971,0.0064350208447221252]],[[0.00837496708781076,0.008493347543621587,0.0076628853681604383,0.0072138211172726938,0.00695975193918387,0.0068413679592610422],[0.008493347543621587,0.0085168317094045549,0.0077812674159303281,0.0073322042270111644,0.007078135638778767,0.00695975193918387],[0.0076628853681604383,0.0077812674159303281,0.0075184892676258917,0.00725582950164568,0.0070610712165504307,0.006942687488339888],[0.0072138211172726938,0.0073322042270111644,0.00725582950164568,0.0071117900613254454,0.0069678690043120358,0.006849485074452156],[0.00695975193918387,0.007078135638778767,0.0070610712165504307,0.0069678690043120358,0.0068493664322165854,0.006730982244039483],[0.0068413679592610422,0.00695975193918387,0.006942687488339888,0.006849485074452156,0.006730982244039483,0.00661259779781498]],[[0.0085525372718889183,0.00867091705460949,0.0078404580207633578,0.0073913954160473305,0.0071373271523801829,0.0070189436068713766],[0.00867091705460949,0.008694400917731682,0.007958839503876115,0.0075097780327435882,0.0072557103988145234,0.0071373271523801829],[0.0078404580207633578,0.007958839503876115,0.0076960623494441325,0.0074334035767912613,0.0072386460236231291,0.0071202627462235045],[0.0073913954160473305,0.0075097780327435882,0.0074334035767912613,0.007289364666280297,0.0071454441385972794,0.0070270606453695242],[0.0071373271523801829,0.0072557103988145234,0.0072386460236231291,0.0071454441385972794,0.0070269419855011868,0.0069085582158863075],[0.0070189436068713766,0.0071373271523801829,0.0071202627462235045,0.0070270606453695242,0.0069085582158863075,0.0067901741701727166]],[[0.008730106414845621,0.0088484854820848283,0.0080180297993943071,0.0075689689512610748,0.0073149016635040334,0.0071965185813585618],[0.0088484854820848283,0.00887196902465706,0.0081364106815240284,0.0076873510426110469,0.0074332844267165007,0.0073149016635040334],[0.0080180297993943071,0.0081364106815240284,0.007873634587363898,0.0076109768744024664,0.0074162201021082111,0.0072978373055643314],[0.0075689689512610748,0.0076873510426110469,0.0076109768744024664,0.007466938529382891,0.0073230185666807212,0.0072046355394833643],[0.0073149016635040334,0.0074332844267165007,0.0074162201021082111,0.0073230185666807212,0.0072045168611611435,0.00708613353865616],[0.0071965185813585618,0.0073149016635040334,0.0072978373055643314,0.0072046355394833643,0.00708613353865616,0.0069677499211514343]],[[0.0089076744512695191,0.0090260527582055761,0.008195600648019068,0.0077465416730732092,0.0074924754261715435,0.0073740928380341911],[0.0090260527582055761,0.0090495359613744566,0.0083139808907733009,0.0078649232049183681,0.0076108576743682066,0.0074924754261715435],[0.008195600648019068,0.0083139808907733009,0.00805120592697255,0.0077885493437528279,0.0075937934039990856,0.0074754111200410417],[0.0077465416730732092,0.0078649232049183681,0.0077885493437528279,0.0076445116018380912,0.0075005922416968036,0.007382209711517573],[0.0074924754261715435,0.0076108576743682066,0.0075937934039990856,0.0075005922416968036,0.0073820910138087332,0.0072637081684375849],[0.0073740928380341911,0.0074924754261715435,0.0074754111200410417,0.007382209711517573,0.0072637081684375849,0.0071453250082029688]],[[0.0090852413120987366,0.0092036188114636482,0.0083731705074712413,0.0079241135288207979,0.0076700483913534154,0.0075516663296232465],[0.0092036188114636482,0.0092271016554222509,0.0084915500703441581,0.0080424944650918182,0.0077884300909445234,0.0076700483913534154],[0.0083731705074712413,0.0084915500703441581,0.0082287763108657066,0.00796612093131132,0.0077713658786239363,0.007652984140745665],[0.0079241135288207979,0.0080424944650918182,0.00796612093131132,0.0078220838321679063,0.00767816511421875,0.0075597831137351511],[0.0076700483913534154,0.0077884300909445234,0.0077713658786239363,0.00767816511421875,0.0075596643956201406,0.0074412820590080558],[0.0075516663296232465,0.0076700483913534154,0.007652984140745665,0.0075597831137351511,0.0074412820590080558,0.0073228993866175426]],[[0.0092628069245644252,0.0093811835665891467,0.0085507393153657924,0.0081016844629248283,0.0078476205072752023,0.0077292390061709446],[0.0093811835665891467,0.0094046660305615835,0.0086691181556702388,0.0082200647655734215,0.0079660016228057465,0.0078476205072752023],[0.0085507393153657924,0.0086691181556702388,0.0084063456785358,0.0081436915806270653,0.0079489374725269825,0.0078305563160652215],[0.0081016844629248283,0.0082200647655734215,0.0081436915806270653,0.0079996551660861774,0.0078557371321231959,0.0077373556957947356],[0.0078476205072752023,0.0079660016228057465,0.0079489374725269825,0.0078557371321231959,0.0077372369561815417,0.0076188551616615053],[0.0077292390061709446,0.0078476205072752023,0.0078305563160652215,0.0077373556957947356,0.0076188551616615053,0.0075004730093228139]],[[0.0094403712120853314,0.0095587469444145586,0.0087283070059846046,0.0082792544167805057,0.0080251917193086483,0.0079068108149402665],[0.0095587469444145586,0.0095822290066232,0.0088466850787686253,0.0083976340457011332,0.0081435722133825512,0.0080251917193086483],[0.0087283070059846046,0.0088466850787686253,0.008583913966244798,0.0083212612322047085,0.0081265081293454954,0.0080081275915616767],[0.0082792544167805057,0.0083976340457011332,0.0083212612322047085,0.0081772255463701485,0.008033308240457988,0.00791492740461501],[0.0080251917193086483,0.0081435722133825512,0.0081265081293454954,0.008033308240457988,0.0079148086423472489,0.0077964274250568516],[0.0079068108149402665,0.0080251917193086483,0.0080081275915616767,0.00791492740461501,0.0077964274250568516,0.0076780458267159436]],[[0.00961793409412383,0.0097363088617097877,0.0089058735101419564,0.008456823328632998,0.0082027619698530028,0.0080843817002995925],[0.0097363088617097877,0.009759790499330628,0.0090242507680923477,0.0085752022415761155,0.00832114180305107,0.0082027619698530028],[0.0089058735101419564,0.0090242507680923477,0.0087614811068833058,0.0084988298233701458,0.00830407778968018,0.00818569790984613],[0.008456823328632998,0.0085752022415761155,0.0084988298233701458,0.0083547949127265875,0.0082108783813086735,0.0080924981842418059],[0.0082027619698530028,0.00832114180305107,0.00830407778968018,0.0082108783813086735,0.00809237939810212,0.0079739987950763],[0.0080843817002995925,0.0082027619698530028,0.00818569790984613,0.0080924981842418059,0.0079739987950763,0.007855617786513865]],[[0.009795495486013675,0.0099138692309941774,0.009083438755031174,0.0086343911334409718,0.0083803311982072019,0.0082619516036012679],[0.0099138692309941774,0.0099373504201034652,0.0092018151483669163,0.00875276928591809,0.00849871032899851,0.0083803311982072019],[0.009083438755031174,0.0092018151483669163,0.008939047029816731,0.0086763972881262665,0.0084816463909579264,0.0083632672104467318],[0.0086343911334409718,0.00875276928591809,0.0086763972881262665,0.0085323632016505273,0.0083884474936602345,0.0082700679757119235],[0.0083803311982072019,0.00849871032899851,0.0084816463909579264,0.0083884474936602345,0.0082699491644231266,0.008151569214686764],[0.0082619516036012679,0.0083803311982072019,0.0083632672104467318,0.0082700679757119235,0.008151569214686764,0.008033188833611352]],[[0.0099730552987668149,0.010091427960329441,0.0092610026640578842,0.0088119577627291546,0.008557899340432237,0.0084395204630503574],[0.010091427960329441,0.010114908675844197,0.0093793781404139086,0.0089303351079099372,0.0086762777250791023,0.008557899340432237],[0.0092610026640578842,0.0093793781404139086,0.0091166116607202113,0.0088539635569992517,0.00865921386728626,0.0085408354296683357],[0.0088119577627291546,0.0089303351079099372,0.0088539635569992517,0.0087099303462763716,0.008566015513253011,0.0084476367169133738],[0.008557899340432237,0.0086762777250791023,0.00865921386728626,0.008566015513253011,0.0084475178791372577,0.0083291386237997235],[0.0084395204630503574,0.008557899340