{"M_cells":[[[0,0,0,0,0],[0,0,0,0,0],[0,0,0,0,0],[0,0,0,0,0],[0,0,0,0,0]],[[0.00040319790940989352,0.00096490732560946342,0.0011318753389437922,0.00096490732560946342,0.00040319790940989352],[0.00096490732560946342,0.0019382313618113147,0.0022358336774836048,0.0019382313618113147,0.00096490732560946342],[0.0011318753389437922,0.0022358336774836048,0.0025769804598783164,0.0022358336774836048,0.0011318753389437922],[0.00096490732560946342,0.0019382313618113147,0.0022358336774836048,0.0019382313618113147,0.00096490732560946342],[0.00040319790940989352,0.00096490732560946342,0.0011318753389437922,0.00096490732560946342,0.00040319790940989352]],[[0.0020431015547258112,0.0032656548688576835,0.003648385666448528,0.0032656548688576835,0.0020431015547258112],[0.0032656548688576835,0.00477621592669254,0.0052605647693139386,0.00477621592669254,0.0032656548688576835],[0.003648385666448528,0.0052605647693139386,0.00577878896501794,0.0052605647693139386,0.003648385666448528],[0.0032656548688576835,0.00477621592669254,0.0052605647693139386,0.004776215926692539,0.0032656548688576835],[0.0020431015547258112,0.0032656548688576835,0.003648385666448528,0.0032656548688576835,0.0020431015547258112]],[[0.0046522757046248368,0.0062905478507099483,0.0068185976735696671,0.0062905478507099483,0.0046522757046248368],[0.0062905478507099483,0.0080879080634870416,0.0086774164284047755,0.0080879080634870416,0.0062905478507099483],[0.0068185976735696671,0.0086774164284047755,0.0092874130910105025,0.0086774164284047755,0.0068185976735696671],[0.0062905478507099483,0.0080879080634870416,0.0086774164284047755,0.0080879080634870416,0.0062905478507099483],[0.0046522757046248368,0.0062905478507099483,0.0068185976735696671,0.0062905478507099483,0.0046522757046248368]],[[0.0078300489199564817,0.0096990459870214367,0.010311100828260774,0.0096990459870214367,0.0078300489199564817],[0.0096990459870214367,0.011647254500354129,0.012293447223530349,0.011647254500354129,0.0096990459870214367],[0.010311100828260774,0.012293447223530349,0.012951020527538068,0.012293447223530349,0.010311100828260774],[0.0096990459870214367,0.011647254500354129,0.012293447223530349,0.011647254500354129,0.0096990459870214367],[0.0078300489199564817,0.0096990459870214367,0.010311100828260774,0.0096990459870214367,0.0078300489199564817]],[[0.011316630974083747,0.013308590512258302,0.013966449326674214,0.013308590512258302,0.011316630974083747],[0.013308590512258302,0.01533560145416837,0.016011754119717739,0.01533560145416837,0.013308590512258302],[0.013966449326674214,0.016011754119717739,0.016694005451669221,0.016011754119717739,0.013966449326674214],[0.013308590512258302,0.01533560145416837,0.016011754119717739,0.01533560145416837,0.013308590512258302],[0.011316630974083747,0.013308590512258302,0.013966449326674214,0.013308590512258302,0.011316630974083747]],[[0.014966490397791622,0.017023003399518958,0.017705205079535519,0.017023003399518958,0.014966490397791622],[0.017023003399518958,0.019091068311292387,0.019782916415510273,0.019091068311292387,0.017023003399518958],[0.017705205079535519,0.019782916415510273,0.020477980378262328,0.019782916415510273,0.017705205079535519],[0.017023003399518958,0.019091068311292387,0.019782916415510273,0.019091068311292387,0.017023003399518958],[0.014966490397791622,0.017023003399518958,0.017705205079535519,0.017023003399518958,0.014966490397791622]],[[0.018701815999164987,0.020792033565236793,0.021487025002959778,0.020792033565236793,0.018701815999164987],[0.020792033565236793,0.02288148124444675,0.023581524355874604,0.02288148124444675,0.020792033565236793],[0.021487025002959778,0.023581524355874604,0.024283251560753359,0.023581524355874604,0.021487025002959778],[0.020792033565236793,0.02288148124444675,0.023581524355874604,0.02288148124444675,0.020792033565236793],[0.018701815999164987,0.020792033565236793,0.021487025002959778,0.020792033565236793,0.018701815999164987]],[[0.0224817319430632,0.02458952872152113,0.025291210255389322,0.02458952872152113,0.0224817319430632],[0.02458952872152113,0.026690133696471628,0.027394455870634653,0.026690133696471628,0.02458952872152113],[0.025291210255389322,0.027394455870634653,0.028099658363909225,0.027394455870634653,0.025291210255389322],[0.02458952872152113,0.026690133696471628,0.027394455870634653,0.026690133696471628,0.02458952872152113],[0.0224817319430632,0.02458952872152113,0.025291210255389322,0.02458952872152113,0.0224817319430632]],[[0.026284918740941205,0.028401901291866989,0.029107081708229246,0.028401901291866986,0.026284918740941205],[0.028401901291866989,0.0305083528249249,0.031214916041730052,0.0305083528249249,0.028401901291866986],[0.029107081708229246,0.031214916041730052,0.031921940247039267,0.031214916041730052,0.029107081708229246],[0.028401901291866986,0.0305083528249249,0.031214916041730052,0.0305083528249249,0.028401901291866986],[0.026284918740941205,0.028401901291866986,0.029107081708229246,0.028401901291866986,0.026284918740941205]],[[0.030100288427617434,0.032222094299237683,0.032929110822954515,0.032222094299237683,0.030100288427617434],[0.032222094299237683,0.034331633542245207,0.035039378176453348,0.034331633542245207,0.032222094299237683],[0.032929110822954515,0.035039378176453348,0.035747365542766453,0.035039378176453348,0.032929110822954515],[0.032222094299237683,0.034331633542245207,0.035039378176453348,0.034331633542245207,0.032222094299237683],[0.030100288427617434,0.032222094299237683,0.032929110822954515,0.032222094299237683,0.030100288427617434]],[[0.033922078385686408,0.036046439880199455,0.036754427252252815,0.036046439880199455,0.033922078385686408],[0.036046439880199455,0.038157631648124038,0.038866006422669346,0.038157631648124038,0.036046439880199455],[0.036754427252252815,0.038866006422669346,0.039574510346254178,0.038866006422669346,0.036754427252252815],[0.036046439880199455,0.038157631648124038,0.038866006422669346,0.038157631648124038,0.036046439880199455],[0.033922078385686408,0.036046439880199455,0.036754427252252815,0.036046439880199455,0.033922078385686408]],[[0.037747291277281651,0.039873027630178567,0.040581535267141179,0.039873027630178567,0.037747291277281651],[0.039873027630178567,0.041985122955445257,0.042693840354854372,0.041985122955445257,0.039873027630178567],[0.040581535267141179,0.042693840354854372,0.043402627682825962,0.042693840354854372,0.040581535267141179],[0.039873027630178567,0.041985122955445257,0.042693840354854372,0.041985122955445257,0.039873027630178567],[0.037747291277281651,0.039873027630178567,0.040581535267141179,0.039873027630178567,0.037747291277281651]],[[0.041574364087797931,0.043700858103448106,0.044409650655635811,0.043700858103448106,0.041574364087797931],[0.043700858103448106,0.045813463646179123,0.046522372907711676,0.045813463646179123,0.043700858103448106],[0.044409650655635811,0.046522372907711676,0.047231321076408012,0.046522372907711676,0.044409650655635811],[0.043700858103448106,0.045813463646179123,0.046522372907711676,0.045813463646179123,0.043700858103448106],[0.041574364087797931,0.043700858103448106,0.044409650655635811,0.043700858103448106,0.041574364087797931]],[[0.045402477326191105,0.047529403876554195,0.048238357600683339,0.047529403876554195,0.045402477326191105],[0.047529403876554195,0.049642310527104126,0.050351331751004376,0.049642310527104126,0.047529403876554195],[0.048238357600683339,0.050351331751004376,0.051060375476958957,0.050351331751004376,0.048238357600683339],[0.047529403876554195,0.049642310527104126,0.050351331751004376,0.049642310527104126,0.047529403876554195],[0.045402477326191105,0.047529403876554195,0.048238357600683339,0.047529403876554195,0.045402477326191105]],[[0.049231196746047028,0.051358381986570736,0.052067430968987624,0.051358381986570736,0.049231196746047028],[0.051358381986570736,0.053471476007028125,0.054180565987394708,0.053471476007028125,0.051358381986570736],[0.052067430968987624,0.054180565987394708,0.054889669634880123,0.054180565987394708,0.052067430968987624],[0.051358381986570736,0.053471476007028125,0.054180565987394708,0.053471476007028125,0.051358381986570736],[0.049231196746047028,0.051358381986570736,0.052067430968987624,0.051358381986570736,0.049231196746047028]],[[0.053060287575088891,0.055187635948694941,0.055896744212359364,0.055187635948694941,0.053060287575088891],[0.055187635948694941,0.057300852897941061,0.058009987403765749,0.057300852897941061,0.055187635948694941],[0.055896744212359364,0.058009987403765749,0.058719130657596492,0.058009987403765749,0.055896744212359364],[0.055187635948694941,0.057300852897941061,0.058009987403765749,0.057300852897941061,0.055187635948694941],[0.053060287575088891,0.055187635948694941,0.055896744212359364,0.055187635948694941,0.053060287575088891]],[[0.056889618187968213,0.059017074569674088,0.059726221607290346,0.059017074569674088,0.056889618187968213],[0.059017074569674088,0.061130375402010134,0.061839539985946129,0.061130375402010134,0.059017074569674088],[0.059726221607290346,0.061839539985946129,0.062548710419006615,0.061839539985946129,0.059726221607290346],[0.059017074569674088,0.061130375402010134,0.061839539985946129,0.061130375402010134,0.059017074569674088],[0.056889618187968213,0.059017074569674088,0.059726221607290346,0.059017074569674088,0.056889618187968213]],[[0.060719110141134479,0.062846640195727638,0.063555813463664651,0.062846640195727638,0.060719110141134479],[0.062846640195727638,0.064959998850392692,0.065669184077352408,0.064959998850392692,0.062846640195727638],[0.063555813463664651,0.065669184077352408,0.066378373290865086,0.065669184077352408,0.063555813463664651],[0.062846640195727638,0.064959998850392692,0.065669184077352408,0.064959998850392692,0.062846640195727638],[0.060719110141134479,0.062846640195727638,0.063555813463664651,0.062846640195727638,0.060719110141134479]],[[0.0645487122352806,0.066676292213390664,0.067385483233409288,0.066676292213390664,0.0645487122352806],[0.066676292213390664,0.068789689158197512,0.069498888124310793,0.068789689158197512,0.066676292213390664],[0.067385483233409288,0.069498888124310793,0.070208089739261889,0.069498888124310793,0.067385483233409288],[0.066676292213390664,0.068789689158197512,0.069498888124310793,0.068789689158197512,0.066676292213390664],[0.0645487122352806,0.066676292213390664,0.067385483233409288,0.066676292213390664,0.0645487122352806]],[[0.068378387028535478,0.070505998453037566,0.071215200783555629,0.070505998453037566,0.068378387028535478],[0.070505998453037566,0.072619417312425008,0.073328624350580379,0.072619417312425008,0.070505998453037566],[0.071215200783555629,0.073328624350580379,0.074037832958050012,0.073328624350580379,0.071215200783555629],[0.070505998453037566,0.072619417312425008,0.073328624350580379,0.072619417312425008,0.070505998453037566],[0.068378387028535478,0.070505998453037566,0.071215200783555629,0.070505998453037566,0.068378387028535478]],[[0.072208103799959608,0.074335730685400128,0.07504493886120682,0.074335730685400128,0.072208103799959608],[0.074335730685400128,0.076449156465442536,0.077158366465272119,0.076449156465442536,0.074335730685400128],[0.07504493886120682,0.077158366465272119,0.077867577073191543,0.077158366465272119,0.07504493886120682],[0.074335730685400128,0.076449156465442536,0.077158366465272119,0.076449156465442536,0.074335730685400128],[0.072208103799959608,0.074335730685400128,0.07504493886120682,0.074335730685400128,0.072208103799959608]],[[0.076037834853180122,0.0781654622362762,0.0788746712095998,0.0781654622362762,0.076037834853180122],[0.0781654622362762,0.080278880375554737,0.080988088421271975,0.080278880375554737,0.0781654622362762],[0.0788746712095998,0.080988088421271975,0.081697296157859076,0.080988088421271975,0.0788746712095998],[0.0781654622362762,0.080278880375554737,0.080988088421271975,0.080278880375554737,0.0781654622362762],[0.076037834853180122,0.0781654622362762,0.0788746712095998,0.0781654622362762,0.076037834853180122]],[[0.079867553547861958,0.081995166695625427,0.082704371536469326,0.081995166695625427,0.079867553547861958],[0.081995166695625427,0.084108562542147908,0.084817763714474068,0.084108562542147908,0.081995166695625427],[0.082704371536469326,0.084817763714474068,0.085526963664027789,0.084817763714474068,0.082704371536469326],[0.081995166695625427,0.084108562542147908,0.084817763714474068,0.084108562542147908,0.081995166695625427],[0.079867553547861958,0.081995166695625427,0.082704371536469326,0.081995166695625427,0.079867553547861958]],[[0.08369723322314121,0.085824817190086972,0.086534012920183062,0.085824817190086972,0.08369723322314121],[0.085824817190086972,0.087938175696824911,0.08864736495921971,0.087938175696824911,0.085824817190086972],[0.086534012920183062,0.08864736495921971,0.089356552065778361,0.08864736495921971,0.086534012920183062],[0.085824817190086972,0.087938175696824911,0.08864736495921971,0.087938175696824911,0.085824817190086972],[0.08369723322314121,0.085824817190086972,0.086534012920183062,0.085824817190086972,0.08369723322314121]],[[0.08752684657934473,0.089654385943356951,0.090363567438671216,0.089654385943356951,0.08752684657934473],[0.089654385943356951,0.091767691474719665,0.092476863602527437,0.091767691474719665,0.089654385943356951],[0.090363567438671216,0.092476863602527437,0.093186032607896277,0.092476863602527437,0.090363567438671216],[0.089654385943356951,0.091767691474719665,0.092476863602527437,0.091767691474719665,0.089654385943356951],[0.08752684657934473,0.089654385943356951,0.090363567438671216,0.089654385943356951,0.08752684657934473]],[[0.091356365292993139,0.093483843981295014,0.094193005909205943,0.093483843981295014,0.091356365292993139],[0.093483843981295014,0.095597080174505,0.09630622970547513,0.095597080174505,0.093483843981295014],[0.094193005909205943,0.09630622970547513,0.097015375104194793,0.09630622970547513,0.094193005909205943],[0.093483843981295014,0.095597080174505,0.09630622970547513,0.095597080174505,0.093483843981295014],[0.091356365292993139,0.093483843981295014,0.094193005909205943,0.093483843981295014,0.091356365292993139]],[[0.095185759748009025,0.09731316090712043,0.0980222976806931,0.09731316090712043,0.095185759748009025],[0.09731316090712043,0.099426310559241809,0.10013543175419874,0.099426310559241809,0.09731316090712043],[0.0980222976806931,0.10013543175419874,0.1008445477563472,0.10013543175419874,0.0980222976806931],[0.09731316090712043,0.099426310559241809,0.10013543175419874,0.099426310559241809,0.09731316090712043],[0.095185759748009025,0.09731316090712043,0.0980222976806931,0.09731316090712043,0.095185759748009025]],[[0.09901499882209161,0.10114230470766095,0.10185141044781587,0.10114230470766095,0.09901499882209161],[0.10114230470766095,0.10325534967288603,0.10396443648064997,0.10325534967288603,0.10114230470766095],[0.10185141044781587,0.10396443648064997,0.10467351697768112,0.10396443648064997,0.10185141044781587],[0.10114230470766095,0.10325534967288603,0.10396443648064997,0.10325534967288603,0.10114230470766095],[0.09901499882209161,0.10114230470766095,0.10185141044781587,0.10114230470766095,0.09901499882209161]],[[0.10284404969619933,0.10497124156997184,0.10568031007068716,0.10497124156997184,0.10284404969619933],[0.10497124156997184,0.10708416265893736,0.10779320868235329,0.10708416265893736,0.10497124156997184],[0.10568031007068716,0.10779320868235329,0.10850224721340142,0.10779320868235329,0.10568031007068716],[0.10497124156997184,0.10708416265893736,0.10779320868235329,0.10708416265893736,0.10497124156997184],[0.10284404969619933,0.10497124156997184,0.10568031007068716,0.10497124156997184,0.10284404969619933]],[[0.10667287767008032,0.1087999356971345,0.10950896039109657,0.1087999356971345,0.10667287767008032],[0.1087999356971345,0.11091271257374373,0.11162171103510693,0.11091271257374373,0.1087999356971345],[0.10950896039109657,0.11162171103510693,0.11233070075233716,0.11162171103510693,0.10950896039109657],[0.1087999356971345,0.11091271257374373,0.11162171103510693,0.11091271257374373,0.1087999356971345],[0.10667287767008032,0.1087999356971345,0.10950896039109657,0.1087999356971345,0.10667287767008032]],[[0.11050144597452655,0.11262834911694718,0.11333732304021724,0.11262834911694718,0.11050144597452655],[0.11262834911694718,0.11474096019007386,0.1154499038949711,0.11474096019007386,0.11262834911694718],[0.11333732304021724,0.1154499038949711,0.11615883752714569,0.1154499038949711,0.11333732304021724],[0.11262834911694718,0.11474096019007386,0.1154499038949711,0.11474096019007386,0.11262834911694718],[0.11050144597452655,0.11262834911694718,0.11333732304021724,0.11262834911694718,0.11050144597452655]],[[0.11432971557501209,0.11645644147974785,0.11716535723458628,0.11645644147974785,0.11432971557501209],[0.11645644147974785,0.11856886378816042,0.11927774508711401,0.11856886378816042,0.11645644147974785],[0.11716535723458628,0.11927774508711401,0.11998661490084281,0.11927774508711401,0.11716535723458628],[0.11645644147974785,0.11856886378816042,0.11927774508711401,0.11856886378816042,0.11645644147974785],[0.11432971557501209,0.11645644147974785,0.11716535723458628,0.11645644147974785,0.11432971557501209]],[[0.11815764496342916,0.12028416984282357,0.12099301955815844,0.12028416984282357,0.11815764496342916],[0.12028416984282357,0.12239637893215874,0.12310518967965992,0.12239637893215874,0.12028416984282357],[0.12099301955815844,0.12310518967965992,0.12381398743795559,0.12310518967965992,0.12099301955815844],[0.12028416984282357,0.12239637893215874,0.12310518967965992,0.12239637893215874,0.12028416984282357],[0.11815764496342916,0.12028416984282357,0.12099301955815844,0.12028416984282357,0.11815764496342916]],[[0.1219851899356325,0.12411148843955347,0.12482026372868656,0.12411148843955347,0.1219851899356325],[0.12411148843955347,0.12622345823039391,0.12693218974099102,0.12622345823039391,0.12411148843955347],[0.12482026372868656,0.12693218974099102,0.12764090665881758,0.12693218974099102,0.12482026372868656],[0.12411148843955347,0.12622345823039391,0.12693218974099102,0.12622345823039391,0.12411148843955348],[0.1219851899356325,0.12411148843955347,0.12482026372868656,0.12411148843955348,0.12198518993563251]],[[0.12581230335299634,0.12793834843162413,0.12864704034688107,0.12793834843162413,0.12581230335299634],[0.12793834843162413,0.13005005107784662,0.13075869407900609,0.13005005107784662,0.12793834843162413],[0.12864704034688107,0.13075869407900609,0.13146732077554396,0.13075869407900609,0.12864704034688107],[0.12793834843162413,0.13005005107784662,0.13075869407900609,0.13005005107784662,0.12793834843162416],[0.12581230335299634,0.12793834843162413,0.12864704034688107,0.12793834843162416,0.12581230335299637]],[[0.12963893488644129,0.13176469764294357,0.13247329662696278,0.13176469764294357,0.12963893488644129],[0.13176469764294357,0.1338761033795268,0.13458464796098921,0.1338761033795268,0.13176469764294357],[0.13247329662696278,0.13458464796098921,0.13529317440834673,0.13458464796098921,0.13247329662696278],[0.13176469764294357,0.1338761033795268,0.13458464796098921,0.1338761033795268,0.13176469764294357],[0.12963893488644129,0.13176469764294357,0.13247329662696278,0.13176469764294357,0.12963893488644132]],[[0.13346503074147564,0.13559048027367232,0.13629897610707867,0.13559048027367232,0.13346503074147564],[0.13559048027367232,0.13770155725317376,0.13840999281254132,0.13770155725317376,0.13559048027367232],[0.13629897610707867,0.13840999281254132,0.13911840828064648,0.13840999281254132,0.13629897610707867],[0.13559048027367232,0.13770155725317376,0.13840999281254132,0.13770155725317376,0.13559048027367232],[0.13346503074147564,0.13559048027367232,0.13629897610707867,0.13559048027367232,0.13346503074147564]],[[0.13729053336273847,0.13941563659302469,0.140124018338216,0.13941563659302469,0.13729053336273847],[0.13941563659302469,0.14152635070991385,0.1422346658941965,0.14152635070991385,0.13941563659302469],[0.140124018338216,0.1422346658941965,0.1429429588915973,0.1422346658941965,0.140124018338216],[0.13941563659302469,0.14152635070991385,0.1422346658941965,0.14152635070991385,0.13941563659302469],[0.13729053336273847,0.13941563659302469,0.140124018338216,0.13941563659302469,0.13729053336273847]],[[0.1411153811166421,0.14324010260930659,0.14394835855006233,0.14324010260930659,0.1411153811166421],[0.14324010260930659,0.14535041731132473,0.146058599954165,0.14535041731132473,0.14324010260930659],[0.14394835855006233,0.146058599954165,0.14676675816445847,0.146058599954165,0.14394835855006233],[0.14324010260930659,0.14535041731132473,0.146058599954165,0.14535041731132473,0.14324010260930659],[0.1411153811166421,0.14324010260930659,0.14394835855006233,0.14324010260930659,0.1411153811166421]],[[0.14493950795058269,0.14706380971568761,0.14777192729235436,0.14706380971568761,0.14493950795058269],[0.14706380971568761,0.14917368580140422,0.14988172285570742,0.14917368580140422,0.14706380971568761],[0.14777192729235436,0.14988172285570742,0.15058973306931872,0.14988172285570742,0.14777192729235436],[0.14706380971568761,0.14917368580140422,0.14988172285570742,0.14917368580140422,0.14706380971568761],[0.14493950795058269,0.14706380971568761,0.14777192729235436,0.14706380971568761,0.14493950795058269]],[[0.14876284302720422,0.1508866843102051,0.15159465005013462,0.1508866843102051,0.14876284302720422],[0.1508866843102051,0.15299607971191354,0.15370395717758911,0.15299607971191354,0.1508866843102051],[0.15159465005013462,0.15370395717758911,0.15441180521861436,0.15370395717758911,0.15159465005013462],[0.1508866843102051,0.15299607971191354,0.15370395717758911,0.15299607971191354,0.1508866843102051],[0.14876284302720422,0.1508866843102051,0.15159465005013462,0.1508866843102051,0.14876284302720422]],[[0.15258531033219724,0.154708647388376,0.15541644683137582,0.154708647388376,0.15258531033219724],[0.154708647388376,0.15681751693949716,0.15752521978604112,0.15681751693949716,0.154708647388376],[0.15541644683137582,0.15752521978604112,0.15823289043387223,0.15752521978604112,0.15541644683137582],[0.154708647388376,0.15681751693949716,0.15752521978604112,0.15681751693949716,0.154708647388376],[0.15258531033219724,0.154708647388376,0.15541644683137582,0.154708647388376,0.15258531033219724]],[[0.15640682825408594,0.15852961410710026,0.15923723172557361,0.15852961410710026,0.15640682825408594],[0.15852961410710026,0.16063790929326319,0.16134542137689037,0.16063790929326319,0.15852961410710026],[0.15923723172557361,0.16134542137689037,0.16205289828234667,0.16134542137689037,0.15923723172557361],[0.15852961410710026,0.16063790929326319,0.16134542137689037,0.16063790929326319,0.15852961410710026],[0.15640682825408594,0.15852961410710026,0.15923723172557361,0.15852961410710026,0.15640682825408594]],[[0.16022730913457225,0.16234949331815804,0.16305691243170664,0.16234949331815804,0.16022730913457225],[0.16234949331815804,0.1644571620111881,0.16516446598626688,0.1644571620111881,0.16234949331815804],[0.16305691243170664,0.16516446598626688,0.16587173158197274,0.16516446598626688,0.16305691243170664],[0.16234949331815804,0.1644571620111881,0.16516446598626688,0.1644571620111881,0.16234949331815804],[0.16022730913457225,0.16234949331815804,0.16305691243170664,0.16234949331815804,0.16022730913457225]],[[0.16404665878797142,0.1661681870701415,0.16687538975432842,0.1661681870701415,0.16404665878797142],[0.1661681870701415,0.16827517324423139,0.1689822504687637,0.16827517324423139,0.1661681870701415],[0.16687538975432842,0.1689822504687637,0.16968928587353402,0.1689822504687637,0.16687538975432842],[0.1661681870701415,0.16827517324423139,0.1689822504687637,0.16827517324423139,0.1661681870701415],[0.16404665878797142,0.1661681870701415,0.16687538975432842,0.1661681870701415,0.16404665878797142]],[[0.167864775988457,0.16998559007748978,0.17069255706659753,0.16998559007748978,0.167864775988457],[0.16998559007748978,0.17209183350695997,0.17279866394191407,0.17209183350695997,0.16998559007748978],[0.17069255706659753,0.17279866394191407,0.17350544885894628,0.17279866394191407,0.17069255706659753],[0.16998559007748978,0.17209183350695997,0.17279866394191407,0.17209183350695997,0.16998559007748978],[0.167864775988457,0.16998559007748978,0.17069255706659753,0.16998559007748978,0.167864775988457]],[[0.17168155192406676,0.17380158915576738,0.1745082997392996,0.17380158915576738,0.17168155192406676],[0.17380158915576738,0.17590702509393458,0.17661358719625353,0.17590702509393458,0.17380158915576738],[0.1745082997392996,0.17661358719625353,0.17732009980497049,0.17661358719625353,0.1745082997392996],[0.17380158915576738,0.17590702509393458,0.17661358719625353,0.17590702509393458,0.17380158915576738],[0.17168155192406676,0.17380158915576738,0.1745082997392996,0.17380158915576738,0.17168155192406676]],[[0.17549686961656102,0.17761606262235291,0.17832249453519278,0.17761606262235291,0.17549686961656102],[0.17761606262235291,0.17972062146124793,0.1804268920704464,0.17972062146124793,0.17761606262235291],[0.17832249453519278,0.1804268920704464,0.1811331089119069,0.1804268920704464,0.17832249453519278],[0.17761606262235291,0.17972062146124793,0.1804268920704464,0.17972062146124793,0.17761606262235291],[0.17549686961656102,0.17761606262235291,0.17832249453519278,0.17761606262235291,0.17549686961656102]],[[0.17931060330666482,0.18142887966244073,0.18213500896858667,0.18142887966244073,0.17931060330666482],[0.18142887966244073,0.1835324865733608,0.18423844079169158,0.1835324865733608,0.18142887966244073],[0.18213500896858667,0.18423844079169158,0.18494433664756665,0.18423844079169158,0.18213500896858667],[0.18142887966244073,0.1835324865733608,0.18423844079169158,0.1835324865733608,0.18142887966244073],[0.17931060330666482,0.18142887966244073,0.18213500896858667,0.18142887966244073,0.17931060330666482]],[[0.18312261780471392,0.18523989966052537,0.18594570063042484,0.18523989966052537,0.18312261780471392],[0.18523989966052537,0.18734247421574504,0.18804808528202829,0.18734247421574504,0.18523989966052537],[0.18594570063042484,0.18804808528202829,0.18875363304726214,0.18804808528202829,0.18594570063042484],[0.18523989966052537,0.18734247421574504,0.18804808528202829,0.18734247421574504,0.18523989966052537],[0.18312261780471392,0.18523989966052537,0.18594570063042484,0.18523989966052537,0.18312261780471392]],[[0.1869327678072274,0.18904897149833674,0.18975441648002994,0.18904897149833674,0.1869327678072274],[0.18904897149833674,0.19115042727473833,0.19185566643210089,0.19115042727473833,0.18904897149833674],[0.18975441648002994,0.19185566643210089,0.19256083698151594,0.19185566643210089,0.18975441648002994],[0.18904897149833674,0.19115042727473833,0.19185566643210089,0.19115042727473833,0.18904897149833674],[0.1869327678072274,0.18904897149833674,0.18975441648002994,0.18904897149833674,0.1869327678072274]],[[0.19074089718076176,0.1928559328211211,0.193560992105431,0.1928559328211211,0.19074089718076176],[0.1928559328211211,0.19495617698701867,0.19566101334493638,0.19495617698701867,0.1928559328211211],[0.193560992105431,0.19566101334493638,0.19636577539422556,0.19566101334493638,0.193560992105431],[0.1928559328211211,0.19495617698701867,0.19566101334493638,0.19495617698701867,0.1928559328211211],[0.19074089718076176,0.1928559328211211,0.193560992105431,0.1928559328211211,0.19074089718076176]],[[0.19454683821543992,0.19666060927509327,0.19736525095544794,0.19666060927509327,0.19454683821543992],[0.19666060927509327,0.19875954216221284,0.19946394255350083,0.19875954216221284,0.19666060927509327],[0.19736525095544794,0.19946394255350083,0.20016826251527439,0.19946394255350083,0.19736525095544794],[0.19666060927509327,0.19875954216221284,0.19946394255350083,0.19875954216221284,0.19666060927509327],[0.19454683821543992,0.19666060927509327,0.19736525095544794,0.19666060927509327,0.19454683821543992]],[[0.19835041085155442,0.20046281372038197,0.20116700354793629,0.20046281372038197,0.19835041085155442],[0.20046281372038197,0.20256032838373339,0.20326425721735722,0.20256032838373339,0.20046281372038197],[0.20116700354793629,0.20326425721735722,0.20396809905318353,0.20326425721735722,0.20116700354793629],[0.20046281372038197,0.20256032838373339,0.20326425721735722,0.20256032838373339,0.20046281372038197],[0.19835041085155442,0.20046281372038197,0.20116700354793629,0.20046281372038197,0.19835041085155442]],[[0.20215142188429511,0.20426234542522848,0.20496604666042903,0.20426234542522848,0.20215142188429511],[0.20426234542522848,0.20635832719462172,0.20706174630556784,0.20635832719462172,0.20426234542522848],[0.20496604666042903,0.20706174630556784,0.20776507137527836,0.20706174630556784,0.20496604666042903],[0.20426234542522848,0.20635832719462172,0.20706174630556784,0.20635832719462172,0.20426234542522848],[0.20215142188429511,0.20426234542522848,0.20496604666042903,0.20426234542522848,0.20215142188429511]],[[0.20594966415321442,0.2080589892492706,0.20876216251110236,0.2080589892492706,0.20594966415321442],[0.2080589892492706,0.21015331527731757,0.21085618377507631,0.21015331527731757,0.2080589892492706],[0.20876216251110236,0.21085618377507631,0.211558950684995,0.21085618377507631,0.20876216251110236],[0.2080589892492706,0.21015331527731757,0.21085618377507631,0.21015331527731757,0.2080589892492706],[0.20594966415321442,0.2080589892492706,0.20876216251110236,0.2080589892492706,0.20594966415321442]],[[0.20974491572533147,0.21185251482591613,0.21255511794074416,0.21185251482591613,0.20974491572533147],[0.21185251482591613,0.213945053638779,0.21464732775650949,0.213945053638779,0.21185251482591613],[0.21255511794074416,0.21464732775650949,0.21534949220872426,0.21464732775650949,0.21255511794074416],[0.21185251482591613,0.213945053638779,0.21464732775650949,0.213945053638779,0.21185251482591613],[0.20974491572533147,0.21185251482591613,0.21255511794074416,0.21185251482591613,0.20974491572533147]],[[0.21353693908298232,0.21564267575650331,0.21634466360871182,0.21564267575650331,0.21353693908298232],[0.21564267575650331,0.21773328681517393,0.21843491976208546,0.21773328681517393,0.21564267575650331],[0.21634466360871182,0.21843491976208546,0.21913643440741118,0.21843491976208546,0.21634466360871182],[0.21564267575650331,0.21773328681517393,0.21843491976208546,0.21773328681517393,0.21564267575650331],[0.21353693908298232,0.21564267575650331,0.21634466360871182,0.21564267575650331,0.21353693908298232]],[[0.21732548033050794,0.21942920883192382,0.22013053321922282,0.21942920883192382,0.21732548033050794],[0.21942920883192382,0.22151774211361916,0.22221868393372593,0.22151774211361916,0.21942920883192382],[0.22013053321922282,0.22221868393372593,0.22291949823160781,0.22221868393372593,0.22013053321922282],[0.21942920883192382,0.22151774211361916,0.22221868393372593,0.22151774211361916,0.21942920883192382],[0.21732548033050794,0.21942920883192382,0.22013053321922282,0.21942920883192382,0.21732548033050794]],[[0.22111026843705789,0.22321183330088551,0.22391244279761924,0.22321183330088551,0.22111026843705789],[0.22321183330088551,0.22529812891209916,0.225998326353121,0.22529812891209916,0.22321183330088551],[0.22391244279761924,0.225998326353121,0.22669838644239929,0.225998326353121,0.22391244279761924],[0.22321183330088551,0.22529812891209916,0.225998326353121,0.22529812891209916,0.22321183330088551],[0.22111026843705789,0.22321183330088551,0.22391244279761924,0.22321183330088551,0.22111026843705789]],[[0.22489101453621371,0.22699025020762589,0.2276900900403456,0.22699025020762589,0.22489101453621371],[0.22699025020762589,0.2290741380426006,0.22977353443956516,0.2290741380426006,0.22699025020762589],[0.2276900900403456,0.22977353443956516,0.23047278302475366,0.22977353443956516,0.2276900900403456],[0.22699025020762589,0.2290741380426006,0.22977353443956516,0.2290741380426006,0.22699025020762589],[0.22489101453621371,0.22699025020762589,0.2276900900403456,0.22699025020762589,0.22489101453621371]],[[0.22866741130725129,0.23076414182618904,0.23146315376622389,0.23076414182618904,0.22866741130725129],[0.23076414182618904,0.23284544128681231,0.23354397646561251,0.23284544128681231,0.23076414182618904],[0.23146315376622389,0.23354397646561251,0.23424235272411792,0.23354397646561251,0.23146315376622389],[0.23076414182618904,0.23284544128681231,0.23354397646561251,0.23284544128681231,0.23076414182618904],[0.22866741130725129,0.23076414182618904,0.23146315376622389,0.23076414182618904,0.22866741130725129]],[[0.23243913246687148,0.23453317122220665,0.23523129350097036,0.23453317122220665,0.23243913246687148],[0.23453317122220665,0.23661169101774834,0.2373093012247561,0.23661169101774834,0.23453317122220665],[0.23523129350097036,0.2373093012247561,0.23800674074126102,0.2373093012247561,0.23523129350097036],[0.23453317122220665,0.23661169101774834,0.2373093012247561,0.23661169101774834,0.23453317122220665],[0.23243913246687148,0.23453317122220665,0.23523129350097036,0.23453317122220665,0.23243913246687148]],[[0.23620583240439089,0.23829698197791324,0.2389941492313091,0.23829698197791324,0.23620583240439089],[0.23829698197791324,0.24037252002529685,0.24106913788987119,0.24037252002529685,0.23829698197791324],[0.2389941492313091,0.24106913788987119,0.24176557262487575,0.24106913788987119,0.2389941492313091],[0.23829698197791324,0.24037252002529685,0.24106913788987119,0.24037252002529685,0.23829698197791324],[0.23620583240439089,0.23829698197791324,0.2389941492313091,0.23829698197791324,0.23620583240439089]],[[0.23996714599781305,0.24205519811965842,0.24275134136876694,0.24205519811965842,0.23996714599781305],[0.24205519811965842,0.2441275415670815,0.24482309610454142,0.2441275415670815,0.24205519811965842],[0.24275134136876694,0.24482309610454142,0.24551845440476466,0.24482309610454142,0.24275134136876694],[0.24205519811965842,0.2441275415670815,0.24482309610454142,0.2441275415670815,0.24205519811965842],[0.23996714599781305,0.24205519811965842,0.24275134136876694,0.24205519811965842,0.23996714599781305]],[[0.24372268865165242,0.24580742429100352,0.24650247096689995,0.24580742429100352,0.24372268865165242],[0.24580742429100352,0.2478763496894342,0.24857076635265812,0.2478763496894342,0.24580742429100352],[0.24650247096689995,0.24857076635265812,0.24926497301156392,0.24857076635265812,0.24650247096689995],[0.24580742429100352,0.2478763496894342,0.24857076635265812,0.2478763496894342,0.24580742429100352],[0.24372268865165242,0.24580742429100352,0.24650247096689995,0.24580742429100352,0.24372268865165242]],[[0.24747205660069055,0.24955324621686137,0.25024712023786549,0.24955324621686137,0.24747205660069055],[0.24955324621686137,0.25161851986499861,0.25231172065318441,0.25161851986499861,0.24955324621686137],[0.25024712023786549,0.25231172065318441,0.25300469703024558,0.25231172065318441,0.25024712023786549],[0.24955324621686137,0.25161851986499861,0.25231172065318441,0.25161851986499867,0.24955324621686137],[0.24747205660069055,0.24955324621686137,0.25024712023786549,0.24955324621686137,0.24747205660069055]],[[0.2512148275256525,0.25329223150538632,0.25398485341536,0.25329223150538632,0.2512148275256525],[0.25329223150538632,0.25535360999384349,0.25604551362706951,0.25535360999384349,0.25329223150538632],[0.25398485341536,0.25604551362706951,0.25673717783441541,0.25604551362706951,0.25398485341536],[0.25329223150538632,0.25535360999384349,0.25604551362706951,0.25535360999384349,0.25329223150538632],[0.2512148275256525,0.25329223150538632,0.25398485341536,0.25329223150538632,0.2512148275256525]],[[0.25495056152710593,0.257023930833559,0.257715218009591,0.257023930833559,0.25495056152710593],[0.257023930833559,0.25908116181291629,0.25977168398078621,0.25908116181291629,0.257023930833559],[0.257715218009591,0.25977168398078621,0.26046195114550114,0.25977168398078621,0.257715218009591],[0.257023930833559,0.25908116181291629,0.25977168398078621,0.25908116181291629,0.257023930833559],[0.25495056152710593,0.257023930833559,0.257715218009591,0.257023930833559,0.25495056152710593]],[[0.25867880250200381,0.26074787955891859,0.26143774649668233,0.26074787955891859,0.25867880250200381],[0.26074787955891859,0.26280070275381373,0.2634897564457766,0.26280070275381373,0.26074787955891859],[0.26143774649668233,0.2634897564457766,0.264178539055208,0.2634897564457766,0.26143774649668233],[0.26074787955891859,0.26280070275381373,0.2634897564457766,0.26280070275381373,0.26074787955891859],[0.25867880250200381,0.26074787955891859,0.26143774649668233,0.26074787955891859,0.25867880250200381]],[[0.26239907996254774,0.26446359979405942,0.26515195847725231,0.26446359979405942,0.26239907996254774],[0.26446359979405942,0.26651174828087476,0.26719924420421182,0.26651174828087476,0.26446359979405942],[0.26515195847725231,0.26719924420421182,0.26788645254013727,0.26719924420421182,0.26515195847725231],[0.26446359979405942,0.26651174828087476,0.26719924420421182,0.26651174828087476,0.26446359979405942],[0.26239907996254774,0.26446359979405942,0.26515195847725231,0.26446359979405942,0.26239907996254774]],[[0.26611091132936032,0.26817060297006562,0.268857363329479,0.26817060297006562,0.26611091132936032],[0.26817060297006562,0.27021380472955053,0.27089965181914327,0.27021380472955053,0.26817060297006562],[0.268857363329479,0.27089965181914327,0.27158519448443907,0.27089965181914327,0.268857363329479],[0.26817060297006562,0.27021380472955053,0.27089965181914327,0.27021380472955053,0.26817060297006562],[0.26611091132936032,0.26817060297006562,0.268857363329479,0.26817060297006562,0.26611091132936032]],[[0.26981380471924254,0.27186839290214315,0.272553463366929,0.27186839290214315,0.26981380471924254],[0.27186839290214315,0.27390637264961604,0.2745904786706938,0.27390637264961604,0.27186839290214315],[0.272553463366929,0.2745904786706938,0.27527426320924347,0.2745904786706938,0.272553463366929],[0.27186839290214315,0.27390637264961604,0.2745904786706938,0.27390637264961604,0.27186839290214315],[0.26981380471924254,0.27186839290214315,0.272553463366929,0.27186839290214315,0.26981380471924254]],[[0.2735072622326154,0.27555646935266859,0.27623975749354585,0.27555646935266859,0.2735072622326154],[0.27555646935266859,0.27758895063793476,0.27827122287959344,0.27758895063793476,0.27555646935266859],[0.27623975749354585,0.27827122287959344,0.2789531564865762,0.27827122287959344,0.27623975749354585],[0.27555646935266859,0.27758895063793476,0.27827122287959344,0.27758895063793476,0.27555646935266859],[0.2735072622326154,0.27555646935266859,0.27623975749354585,0.27555646935266859,0.2735072622326154]],[[0.27719078372694095,0.27923433206688331,0.27991574532717756,0.27923433206688331,0.27719078372694095],[0.27923433206688331,0.28126103962367721,0.2819413856768781,0.28126103962367721,0.27923433206688331],[0.27991574532717756,0.2819413856768781,0.28262137599242176,0.2819413856768781,0.27991574532717756],[0.27923433206688331,0.28126103962367721,0.2819413856768781,0.28126103962367721,0.27923433206688331],[0.27719078372694095,0.27923433206688331,0.27991574532717756,0.27923433206688331,0.27719078372694095]],[[0.28086387104029881,0.28290148523217534,0.28358093173851479,0.28290148523217534,0.28086387104029881],[0.28290148523217534,0.28492214754350842,0.28560047615284051,0.28492214754350842,0.28290148523217534],[0.28358093173851479,0.28560047615284051,0.28627843212747289,0.28560047615284051,0.28358093173851479],[0.28290148523217534,0.28492214754350842,0.28560047615284051,0.28492214754350842,0.28290148523217534],[0.28086387104029881,0.28290148523217534,0.28358093173851479,0.28290148523217534,0.28086387104029881]],[[0.284526032605339,0.2865574422876857,0.28723483172748077,0.2865574422876857,0.284526032605339],[0.2865574422876857,0.28857179431961244,0.28924801629343905,0.28857179431961244,0.2865574422876857],[0.28723483172748077,0.28924801629343905,0.28992384910912372,0.28924801629343905,0.28723483172748077],[0.2865574422876857,0.28857179431961244,0.28924801629343905,0.28857179431961244,0.2865574422876857],[0.284526032605339,0.2865574422876857,0.28723483172748077,0.2865574422876857,0.284526032605339]],[[0.28817678836896343,0.29020173098602253,0.29087697553430336,0.29020173098602253,0.28817678836896343],[0.29020173098602253,0