{"M_cells":[[[0,0,0,0,0],[0,0,0,0,0],[0,0,0,0,0],[0,0,0,0,0],[0,0,0,0,0]],[[0.00040338310272644849,0.00096547068845759222,0.0011325495320357647,0.00096547068845759222,0.00040338310272644849],[0.00096547068845759222,0.0017410501556660962,0.0020388710469714227,0.0017410501556660964,0.00096547068845759222],[0.0011325495320357647,0.0020388710469714227,0.0023802723151882645,0.0020388710469714227,0.0011325495320357647],[0.00096547068845759222,0.0017410501556660964,0.0020388710469714227,0.0017410501556660964,0.00096547068845759222],[0.00040338310272644849,0.00096547068845759222,0.0011325495320357647,0.00096547068845759222,0.00040338310272644855]],[[0.00204454917342813,0.0032682738231569969,0.003651365319728045,0.0032682738231569969,0.00204454917342813],[0.0032682738231569969,0.0044790370055089639,0.0049639003518865627,0.0044790370055089639,0.0032682738231569969],[0.003651365319728045,0.0049639003518865627,0.0054826903155552669,0.0049639003518865627,0.0036513653197280454],[0.0032682738231569969,0.0044790370055089639,0.0049639003518865627,0.0044790370055089639,0.0032682738231569969],[0.00204454917342813,0.0032682738231569969,0.0036513653197280454,0.0032682738231569969,0.00204454917342813]],[[0.0046565449873745635,0.006296829187223409,0.0068255170039794666,0.0062968291872234081,0.0046565449873745635],[0.006296829187223409,0.007741750914548603,0.0083320379460773836,0.007741750914548603,0.0062968291872234081],[0.0068255170039794666,0.0083320379460773836,0.00894286016182632,0.0083320379460773836,0.0068255170039794666],[0.0062968291872234081,0.007741750914548603,0.0083320379460773836,0.007741750914548603,0.0062968291872234081],[0.0046565449873745635,0.0062968291872234081,0.0068255170039794666,0.0062968291872234081,0.0046565449873745635]],[[0.0078385307664000613,0.0097101950674137114,0.010323111925895037,0.0097101950674137114,0.00783853076640006],[0.0097101950674137114,0.011278777469357983,0.011925934470595975,0.011278777469357983,0.0097101950674137114],[0.010323111925895037,0.011925934470595975,0.01258450613358944,0.011925934470595975,0.010323111925895037],[0.0097101950674137114,0.011278777469357983,0.011925934470595975,0.011278777469357983,0.0097101950674137114],[0.00783853076640006,0.0097101950674137114,0.010323111925895037,0.0097101950674137114,0.00783853076640006]],[[0.011330311330195604,0.013325363260750001,0.013984234209083891,0.013325363260750003,0.011330311330195604],[0.013325363260750001,0.014958671932169371,0.015635899751743787,0.014958671932169371,0.013325363260750003],[0.013984234209083891,0.015635899751743787,0.016319247236537753,0.015635899751743784,0.013984234209083887],[0.013325363260750003,0.014958671932169371,0.015635899751743784,0.014958671932169371,0.013325363260750003],[0.011330311330195604,0.013325363260750003,0.013984234209083887,0.013325363260750003,0.011330311330195604]],[[0.014985962079801792,0.017045800578615222,0.017729099797573179,0.017045800578615222,0.014985962079801792],[0.017045800578615222,0.018712842918891727,0.019405820742596794,0.018712842918891727,0.017045800578615222],[0.017729099797573179,0.019405820742596794,0.020102025142202811,0.01940582074259679,0.017729099797573176],[0.017045800578615222,0.018712842918891727,0.01940582074259679,0.018712842918891727,0.017045800578615222],[0.014985962079801792,0.017045800578615222,0.017729099797573176,0.017045800578615222,0.014985962079801792]],[[0.018727372117999953,0.020821011745744016,0.02151713873801394,0.020821011745744016,0.018727372117999953],[0.020821011745744016,0.022505599409966718,0.023206788933872166,0.022505599409966718,0.020821011745744016],[0.02151713873801394,0.023206788933872166,0.02390966615980197,0.023206788933872166,0.02151713873801394],[0.020821011745744016,0.022505599409966718,0.023206788933872166,0.022505599409966718,0.020821011745744016],[0.018727372117999953,0.020821011745744016,0.02151713873801394,0.020821011745744016,0.018727372117999953]],[[0.022513462702857041,0.024624689488166752,0.025327513178920839,0.024624689488166752,0.022513462702857041],[0.024624689488166752,0.026318394127176875,0.027023855709288707,0.026318394127176875,0.024624689488166752],[0.025327513178920839,0.027023855709288707,0.027730196682462609,0.027023855709288707,0.025327513178920839],[0.024624689488166752,0.026318394127176875,0.027023855709288707,0.026318394127176875,0.024624689488166752],[0.022513462702857041,0.024624689488166752,0.025327513178920839,0.024624689488166752,0.022513462702857041]],[[0.026322786882184521,0.028443153443990919,0.029149463175745762,0.028443153443990919,0.026322786882184521],[0.028443153443990919,0.030141593045929518,0.030849274663369383,0.030141593045929522,0.028443153443990919],[0.029149463175745762,0.030849274663369383,0.031557413618468561,0.030849274663369383,0.029149463175745762],[0.028443153443990919,0.030141593045929522,0.030849274663369383,0.030141593045929522,0.028443153443990919],[0.026322786882184521,0.028443153443990919,0.029149463175745762,0.028443153443990919,0.026322786882184521]],[[0.030144181178452304,0.032269294055386491,0.032977415700616249,0.032269294055386491,0.030144181178452304],[0.032269294055386491,0.033970191037260261,0.03467902526240093,0.033970191037260261,0.032269294055386491],[0.032977415700616249,0.03467902526240093,0.035388097029398338,0.03467902526240093,0.032977415700616249],[0.032269294055386491,0.033970191037260261,0.03467902526240093,0.033970191037260261,0.032269294055386491],[0.030144181178452304,0.032269294055386491,0.032977415700616249,0.032269294055386491,0.030144181178452304]],[[0.033971840816371467,0.036099415648029105,0.036808477736140724,0.036099415648029105,0.033971840816371467],[0.036099415648029105,0.0378015854573477,0.038511017004243024,0.0378015854573477,0.036099415648029105],[0.036808477736140724,0.038511017004243024,0.039220571704758643,0.038511017004243024,0.036808477736140724],[0.036099415648029105,0.0378015854573477,0.038511017004243024,0.0378015854573477,0.036099415648029105],[0.033971840816371467,0.036099415648029105,0.036808477736140724,0.036099415648029105,0.033971840816371467]],[[0.037802746756072252,0.03993159475250594,0.040641143619104196,0.03993159475250594,0.037802746756072252],[0.03993159475250594,0.041634420137084578,0.042344159727269848,0.041634420137084578,0.03993159475250594],[0.040641143619104196,0.042344159727269848,0.043053962884717682,0.042344159727269848,0.040641143619104196],[0.03993159475250594,0.041634420137084578,0.042344159727269848,0.041634420137084578,0.03993159475250594],[0.037802746756072252,0.03993159475250594,0.040641143619104196,0.03993159475250594,0.037802746756072252]],[[0.041635326411325946,0.043764827397020485,0.044474626457204784,0.043764827397020485,0.041635326411325946],[0.043764827397020485,0.04546798538885178,0.046177881790028089,0.04546798538885178,0.043764827397020485],[0.044474626457204784,0.046177881790028089,0.046887810626349676,0.046177881790028089,0.044474626457204784],[0.043764827397020485,0.04546798538885178,0.046177881790028089,0.04546798538885178,0.043764827397020485],[0.041635326411325946,0.043764827397020485,0.044474626457204784,0.043764827397020485,0.041635326411325946]],[[0.045468757713995632,0.047598586449465526,0.048308511782732488,0.047598586449465526,0.045468757713995632],[0.047598586449465526,0.04930190664746565,0.050011880215192893,0.04930190664746565,0.047598586449465526],[0.048308511782732488,0.050011880215192893,0.050721869846344712,0.050011880215192893,0.048308511782732488],[0.047598586449465526,0.04930190664746565,0.050011880215192893,0.04930190664746565,0.047598586449465526],[0.045468757713995632,0.047598586449465526,0.048308511782732488,0.047598586449465526,0.045468757713995632]],[[0.0493026077644596,0.051432591877090296,0.0521425779815874,0.051432591877090296,0.0493026077644596],[0.051432591877090296,0.053135982895353588,0.053845991072172472,0.053135982895353588,0.051432591877090296],[0.0521425779815874,0.053845991072172472,0.054556006589668596,0.053845991072172472,0.0521425779815874],[0.051432591877090296,0.053135982895353588,0.053845991072172472,0.053135982895353588,0.051432591877090296],[0.0493026077644596,0.051432591877090296,0.0521425779815874,0.051432591877090296,0.0493026077644596]],[[0.053136645267417133,0.055266691512323586,0.055976703138805754,0.055266691512323586,0.053136645267417133],[0.055266691512323586,0.056970102803828734,0.057680122210243219,0.056970102803828734,0.055266691512323586],[0.055976703138805754,0.057680122210243219,0.058390144191560585,0.057680122210243219,0.055976703138805754],[0.055266691512323586,0.056970102803828734,0.057680122210243219,0.056970102803828734,0.055266691512323586],[0.053136645267417133,0.055266691512323586,0.055976703138805754,0.055266691512323586,0.053136645267417133]],[[0.056970743176198282,0.059100799158425955,0.059810816687308248,0.059100799158425955,0.056970743176198282],[0.059100799158425955,0.060804201193482454,0.061514218329590323,0.060804201193482454,0.059100799158425955],[0.059810816687308248,0.061514218329590323,0.06222423531487329,0.061514218329590316,0.059810816687308248],[0.059100799158425955,0.060804201193482454,0.061514218329590316,0.060804201193482454,0.059100799158425955],[0.056970743176198282,0.059100799158425955,0.059810816687308248,0.059100799158425955,0.056970743176198282]],[[0.060804828147479922,0.062934862443394551,0.063644874290916975,0.062934862443394551,0.060804828147479922],[0.062934862443394551,0.064638236410139813,0.065348242824813177,0.064638236410139813,0.062934862443394551],[0.063644874290916975,0.065348242824813177,0.066058247407170173,0.065348242824813177,0.063644874290916975],[0.062934862443394551,0.064638236410139813,0.065348242824813177,0.064638236410139813,0.062934862443394551],[0.060804828147479922,0.062934862443394551,0.063644874290916975,0.062934862443394551,0.060804828147479922]],[[0.0646388542818092,0.066768846105317234,0.06747884477679697,0.066768846105317234,0.0646388542818092],[0.066768846105317234,0.068472178549231918,0.069182168326768781,0.068472178549231918,0.066768846105317234],[0.06747884477679697,0.069182168326768781,0.069892155116780749,0.069182168326768781,0.06747884477679697],[0.066768846105317234,0.068472178549231918,0.069182168326768781,0.068472178549231918,0.066768846105317234],[0.0646388542818092,0.066768846105317234,0.06747884477679697,0.066768846105317234,0.0646388542818092]],[[0.068472789461655151,0.070602723280924665,0.071312703315815087,0.070602723280924665,0.068472789461655151],[0.070602723280924665,0.07230600330546598,0.073015971754062228,0.07230600330546598,0.070602723280924665],[0.071312703315815087,0.073015971754062228,0.073725936316088272,0.073015971754062228,0.071312703315815087],[0.070602723280924665,0.07230600330546598,0.073015971754062228,0.07230600330546598,0.070602723280924665],[0.068472789461655151,0.070602723280924665,0.071312703315815087,0.070602723280924665,0.068472789461655151]],[[0.0723066082223568,0.074436470943234676,0.07514642784116575,0.074436470943234676,0.0723066082223568],[0.074436470943234676,0.0761396887378068,0.076849631700974946,0.0761396887378068,0.074436470943234676],[0.07514642784116575,0.076849631700974946,0.077559569993045155,0.076849631700974946,0.07514642784116575],[0.074436470943234676,0.0761396887378068,0.076849631700974946,0.0761396887378068,0.074436470943234676],[0.0723066082223568,0.074436470943234676,0.07514642784116575,0.074436470943234676,0.0723066082223568]],[[0.076140288009259774,0.078270067488514283,0.078979997143683714,0.078270067488514283,0.076140288009259774],[0.078270067488514283,0.079973213543571287,0.080683127034129068,0.079973213543571287,0.078270067488514283],[0.078979997143683714,0.080683127034129068,0.081393035108472941,0.080683127034129068,0.078979997143683714],[0.078270067488514283,0.079973213543571287,0.080683127034129068,0.079973213543571287,0.078270067488514283],[0.076140288009259774,0.078270067488514283,0.078979997143683714,0.078270067488514283,0.076140288009259774]],[[0.0799738071882821,0.082103491434822817,0.0828133898334815,0.082103491434822817,0.0799738071882821],[0.082103491434822817,0.083806556111845634,0.084516436112588023,0.083806556111845634,0.082103491434822817],[0.0828133898334815,0.084516436112588023,0.085226309950705376,0.084516436112588023,0.0828133898334815],[0.082103491434822817,0.083806556111845634,0.084516436112588023,0.083806556111845634,0.082103491434822817],[0.0799738071882821,0.082103491434822817,0.0828133898334815,0.082103491434822817,0.0799738071882821]],[[0.083807143962527961,0.085936720693467084,0.086646583747213776,0.085936720693467084,0.083807143962527961],[0.085936720693467084,0.08763969397731082,0.088349536327439526,0.08763969397731082,0.085936720693467084],[0.086646583747213776,0.088349536327439526,0.089059371744242777,0.088349536327439526,0.086646583747213776],[0.085936720693467084,0.08763969397731082,0.088349536327439526,0.08763969397731082,0.085936720693467084],[0.083807143962527961,0.085936720693467084,0.086646583747213776,0.085936720693467084,0.083807143962527961]],[[0.087640275755065264,0.0897697321336072,0.090479555582393761,0.0897697321336072,0.087640275755065264],[0.0897697321336072,0.0914726034775817,0.092182403802847548,0.0914726034775817,0.0897697321336072],[0.090479555582393761,0.092182403802847548,0.092892196385849932,0.092182403802847548,0.090479555582393761],[0.0897697321336072,0.0914726034775817,0.092182403802847548,0.0914726034775817,0.0897697321336072],[0.087640275755065264,0.0897697321336072,0.090479555582393761,0.0897697321336072,0.087640275755065264]],[[0.091473178829318172,0.093602501294548363,0.094312280645042643,0.093602501294548363,0.091473178829318172],[0.093602501294548363,0.0953052595115766,0.096015013176259351,0.0953052595115766,0.093602501294548363],[0.094312280645042643,0.096015013176259351,0.096724758242093367,0.096015013176259351,0.094312280645042643],[0.093602501294548363,0.0953052595115766,0.096015013176259351,0.0953052595115766,0.093602501294548363],[0.091473178829318172,0.093602501294548363,0.094312280645042643,0.093602501294548363,0.091473178829318172]],[[0.095305828028172571,0.097435002169889193,0.098144732651314723,0.097435002169889193,0.095305828028172571],[0.097435002169889193,0.099137635345376035,0.099847337414686488,0.099137635345376035,0.097435002169889193],[0.098144732651314723,0.099847337414686488,0.1005570299736927,0.099847337414686488,0.098144732651314723],[0.097435002169889193,0.099137635345376035,0.099847337414686488,0.099137635345376035,0.097435002169889193],[0.095305828028172571,0.097435002169889193,0.098144732651314723,0.097435002169889193,0.095305828028172571]],[[0.099138196569739892,0.10126720702380072,0.1019768835519011,0.10126720702380072,0.099138196569739892],[0.10126720702380072,0.10296970243739241,0.10367934764430012,0.10296970243739241,0.10126720702380072],[0.1019768835519011,0.10367934764430012,0.10438898236830811,0.10367934764430012,0.1019768835519011],[0.10126720702380072,0.10296970243739241,0.10367934764430012,0.10296970243739241,0.10126720702380072],[0.099138196569739892,0.10126720702380072,0.1019768835519011,0.10126720702380072,0.099138196569739892]],[[0.1029702558671832,0.10509908621842583,0.10580870336262793,0.10509908621842583,0.1029702558671832],[0.10509908621842583,0.10680143026781921,0.10751101298111629,0.10680143026781921,0.10509908621842583],[0.10580870336262793,0.10751101298111629,0.10822058417180752,0.10751101298111629,0.10580870336262793],[0.10509908621842583,0.10680143026781921,0.10751101298111629,0.10680143026781921,0.10509908621842583],[0.1029702558671832,0.10509908621842583,0.10580870336262793,0.10509908621842583,0.1029702558671832]],[[0.10680197535527368,0.10893060804103979,0.1096401599921772,0.10893060804103979,0.10680197535527368],[0.10893060804103979,0.11063278616408687,0.11134230035594805,0.11063278616408687,0.10893060804103979],[0.1096401599921772,0.11134230035594805,0.11205180191236017,0.11134230035594805,0.1096401599921772],[0.10893060804103979,0.11063278616408687,0.11134230035594805,0.11063278616408687,0.10893060804103979],[0.10680197535527368,0.10893060804103979,0.1096401599921772,0.10893060804103979,0.10680197535527368]],[[0.11063332231422079,0.11276173852460362,0.11347121906174779,0.11276173852460362,0.11063332231422079],[0.11276173852460362,0.11446373511754451,0.11517317432959091,0.11446373511754451,0.11276173852460362],[0.11347121906174779,0.11517317432959091,0.115882599713924,0.11517317432959091,0.11347121906174779],[0.11276173852460362,0.11446373511754451,0.11517317432959091,0.11446373511754451,0.11276173852460362],[0.11063332231422079,0.11276173852460362,0.11347121906174779,0.11276173852460362,0.11063332231422079]],[[0.11446426168537754,0.11659244125790054,0.11730184371344612,0.11659244125790054,0.11446426168537754],[0.11659244125790054,0.11829423958836312,0.11900359689561511,0.11829423958836312,0.11659244125790054],[0.11730184371344612,0.11900359689561511,0.11971293909680569,0.11900359689561511,0.11730184371344612],[0.11659244125790054,0.11829423958836312,0.11900359689561511,0.11829423958836312,0.11659244125790054],[0.11446426168537754,0.11659244125790054,0.11730184371344612,0.11659244125790054,0.11446426168537754]],[[0.11829475587548685,0.12042267718271438,0.12113199440518381,0.12042267718271438,0.11829475587548685],[0.12042267718271438,0.12212425929652301,0.12283352726882144,0.12212425929652301,0.12042267718271438],[0.12113199440518381,0.12283352726882144,0.12354277876350053,0.12283352726882144,0.12113199440518381],[0.12042267718271438,0.12212425929652301,0.12283352726882144,0.12212425929652301,0.12042267718271438],[0.11829475587548685,0.12042267718271438,0.12113199440518381,0.12042267718271438,0.11829475587548685]],[[0.12212476454717731,0.12425240437615571,0.12496162869032476,0.12425240437615571,0.12212476454717731],[0.12425240437615571,0.12595375099717929,0.12666292165774098,0.12595375099717929,0.12425240437615571],[0.12496162869032476,0.12666292165774098,0.12737207436826439,0.12666292165774098,0.12496162869032476],[0.12425240437615571,0.12595375099717929,0.12666292165774098,0.12595375099717929,0.12425240437615571],[0.12212476454717731,0.12425240437615571,0.12496162869032476,0.12425240437615571,0.12212476454717731]],[[0.12595424439390748,0.12808157781651375,0.12879070098054948,0.12808157781651375,0.12595424439390748],[0.12808157781651375,0.12978266823886841,0.13049173301968731,0.12978266823886841,0.12808157781651375],[0.12879070098054948,0.13049173301968731,0.13120077826895565,0.13049173301968731,0.12879070098054948],[0.12808157781651375,0.12978266823886841,0.13049173301968731,0.12978266823886841,0.12808157781651375],[0.12595424439390748,0.12808157781651375,0.12879070098054948,0.12808157781651375,0.12595424439390748]],[[0.12978314889777445,0.13191014913112728,0.13261916229044887,0.13191014913112728,0.12978314889777445],[0.13191014913112728,0.13361096110307083,0.13431991079688574,0.13361096110307083,0.13191014913112728],[0.13261916229044887,0.13431991079688574,0.13502883925967898,0.13431991079688574,0.13261916229044887],[0.13191014913112728,0.13361096110307083,0.13431991079688574,0.13361096110307083,0.13191014913112728],[0.12978314889777445,0.13191014913112728,0.13261916229044887,0.13191014913112728,0.12978314889777445]],[[0.13361142806869017,0.1357380663247901,0.13644695996236791,0.1357380663247901,0.13361142806869017],[0.1357380663247901,0.13743857592363865,0.13814740063218817,0.13743857592363865,0.1357380663247901],[0.13644695996236791,0.13814740063218817,0.1388562022827364,0.13814740063218817,0.13644695996236791],[0.1357380663247901,0.13743857592363865,0.13814740063218817,0.13743857592363865,0.1357380663247901],[0.13361142806869017,0.1357380663247901,0.13644695996236791,0.1357380663247901,0.13361142806869017]],[[0.13743902816339831,0.13956527348714515,0.14027403736996541,0.13956527348714515,0.13743902816339831],[0.13956527348714515,0.1412654549845255,0.14197414406280562,0.1412654549845255,0.13956527348714515],[0.14027403736996541,0.14197414406280562,0.14268280811830836,0.14197414406280562,0.14027403736996541],[0.13956527348714515,0.1412654549845255,0.14197414406280562,0.1412654549845255,0.13956527348714515],[0.13743902816339831,0.13956527348714515,0.14027403736996541,0.13956527348714515,0.13743902816339831]],[[0.1412658913827993,0.14339171047751087,0.1441003335989032,0.14339171047751087,0.1412658913827993],[0.14339171047751087,0.14509153619422957,0.14580007819045393,0.14509153619422957,0.14339171047751087],[0.1441003335989032,0.14580007819045393,0.14650859305024833,0.14580007819045393,0.1441003335989032],[0.14339171047751087,0.14509153619422957,0.14580007819045393,0.14509153619422957,0.14339171047751087],[0.1412658913827993,0.14339171047751087,0.1441003335989032,0.14339171047751087,0.1412658913827993]],[[0.14509195554595111,0.14721731258547083,0.1479257831030093,0.14721731258547083,0.14509195554595111],[0.14721731258547083,0.1489167527352562,0.14962513532621247,0.1489167527352562,0.14721731258547083],[0.1479257831030093,0.14962513532621247,0.15033348850627826,0.14962513532621247,0.1479257831030093],[0.14721731258547083,0.1489167527352562,0.14962513532621247,0.1489167527352562,0.14721731258547083],[0.14509195554595111,0.14721731258547083,0.1479257831030093,0.14721731258547083,0.14509195554595111]],[[0.14891715373908818,0.15104201016552909,0.15175031533417155,0.15104201016552909,0.14891715373908818],[0.15104201016552909,0.15274103268686695,0.15344924260834256,0.15274103268686695,0.15104201016552909],[0.15175031533417155,0.15344924260834256,0.15415742067081956,0.15344924260834256,0.15175031533417155],[0.15104201016552909,0.15274103268686695,0.15344924260834256,0.15274103268686695,0.15104201016552909],[0.14891715373908818,0.15104201016552909,0.15175031533417155,0.15104201016552909,0.14891715373908818]],[[0.15274141393789742,0.154865728244045,0.15557385434420506,0.154865728244045,0.15274141393789742],[0.154865728244045,0.15656429861931243,0.15727232159126228,0.15656429861931243,0.154865728244045],[0.15557385434420506,0.15727232159126228,0.15798031006864643,0.15727232159126228,0.15557385434420506],[0.154865728244045,0.15656429861931243,0.15727232159126228,0.15656429861931243,0.154865728244045],[0.15274141393789742,0.154865728244045,0.15557385434420506,0.154865728244045,0.15274141393789742]],[[0.15656465860127863,0.15868838609662669,0.15939631835682935,0.15868838609662669,0.15656465860127863],[0.15868838609662669,0.16038646715770311,0.16109428780381602,0.16038646715770311,0.15868838609662669],[0.15939631835682935,0.16109428780381602,0.16180207111749173,0.16109428780381602,0.15939631835682935],[0.15868838609662669,0.16038646715770311,0.16109428780381602,0.16038646715770311,0.15868838609662669],[0.15656465860127863,0.15868838609662669,0.15939631835682935,0.15868838609662669,0.15656465860127863]],[[0.16038680423472462,0.16250989679413938,0.16321761930791898,0.16250989679413938,0.16038680423472462],[0.16250989679413938,0.1642074485136677,0.16491505027498732,0.1642074485136677,0.16250989679413938],[0.16321761930791898,0.16491505027498732,0.16562261164775174,0.16491505027498732,0.16321761930791898],[0.16250989679413938,0.1642074485136677,0.16491505027498732,0.1642074485136677,0.16250989679413938],[0.16038680423472462,0.16250989679413938,0.16321761930791898,0.16250989679413938,0.16038680423472462]],[[0.1642077609214922,0.16633016671544856,0.16703766235215475,0.16633016671544856,0.1642077609214922],[0.16633016671544856,0.16802714598292717,0.16873451102518688,0.16802714598292717,0.16633016671544856],[0.16703766235215475,0.16873451102518688,0.1694418323874228,0.16873451102518688,0.16703766235215475],[0.16633016671544856,0.16802714598292717,0.16873451102518688,0.16802714598292717,0.16633016671544856],[0.1642077609214922,0.16633016671544856,0.16703766235215475,0.16633016671544856,0.1642077609214922]],[[0.16802743181970003,0.17014909502509692,0.17085634533425761,0.17014909502509692,0.16802743181970003],[0.17014909502509692,0.17184545540699853,0.17255256452133272,0.17184545540699853,0.17014909502509692],[0.17085634533425761,0.17255256452133272,0.1732596264104975,0.17255256452133272,0.17085634533425761],[0.17014909502509692,0.17184545540699853,0.17255256452133272,0.17184545540699853,0.17014909502509692],[0.16802743181970003,0.17014909502509692,0.17085634533425761,0.17014909502509692,0.16802743181970003]],[[0.17184571262356724,0.17396657311412853,0.17467355822305078,0.17396657311412853,0.17184571262356724],[0.17396657311412853,0.17566226459729259,0.17636909709400941,0.17566226459729259,0.17396657311412853],[0.17467355822305078,0.17636909709400941,0.17707587854712586,0.17636909709400941,0.17467355822305078],[0.17396657311412853,0.17566226459729259,0.17636909709400941,0.17566226459729259,0.17396657311412853],[0.17184571262356724,0.17396657311412853,0.17467355822305078,0.17396657311412853,0.17184571262356724]],[[0.17566249098709719,0.17778248400247199,0.17848918250677592,0.17778248400247199,0.17566249098709719],[0.17778248400247199,0.17947745272008683,0.1801839863152141,0.17947745272008683,0.17778248400247199],[0.17848918250677592,0.1801839863152141,0.18089046475408113,0.1801839863152141,0.17848918250677592],[0.17778248400247199,0.17947745272008683,0.1801839863152141,0.17947745272008683,0.17778248400247199],[0.17566249098709719,0.17778248400247199,0.17848918250677592,0.17778248400247199,0.17566249098709719]],[[0.17947764590867438,0.18159670170143027,0.18230309054824179,0.18159670170143027,0.17947764590867438],[0.18159670170143027,0.18329088964103063,0.18399710033538969,0.18329088964103063,0.18159670170143027],[0.18230309054824179,0.18399710033538969,0.18470325144427652,0.18399710033538969,0.18230309054824179],[0.18159670170143027,0.18329088964103063,0.18399710033538969,0.18329088964103063,0.18159670170143027],[0.17947764590867438,0.18159670170143027,0.18230309054824179,0.18159670170143027,0.17947764590867438]],[[0.1832910470752801,0.18540909053517216,0.18611514489877076,0.18540909053517216,0.1832910470752801],[0.18540909053517216,0.18710243522823436,0.18780829717886319,0.18710243522823436,0.18540909053517216],[0.18611514489877076,0.18780829717886319,0.18851409477451719,0.18780829717886319,0.18611514489877076],[0.18540909053517216,0.18710243522823436,0.18780829717886319,0.18710243522823436,0.18540909053517216],[0.1832910470752801,0.18540909053517216,0.18611514489877076,0.18540909053517216,0.1832910470752801]],[[0.18710255416540783,0.18921950442051949,0.18992519757028445,0.18921950442051949,0.18710255416540783],[0.18921950442051949,0.1909119386134413,0.1916174239972665,0.1909119386134413,0.18921950442051949],[0.18992519757028445,0.1916174239972665,0.1923228398911532,0.1916174239972665,0.18992519757028445],[0.18921950442051949,0.1909119386134413,0.1916174239972665,0.1909119386134413,0.18921950442051949],[0.18710255416540783,0.18921950442051949,0.18992519757028445,0.18921950442051949,0.18710255416540783]],[[0.19091201611019115,0.19302778610483343,0.19373308926545263,0.19302778610483343,0.19091201611019115],[0.19302778610483343,0.19471923741136579,0.19542431628114176,0.19471923741136579,0.19302778610483343],[0.19373308926545263,0.19542431628114176,0.1961293201339524,0.19542431628114176,0.19373308926545263],[0.19302778610483343,0.19471923741136579,0.19542431628114176,0.19471923741136579,0.19302778610483343],[0.19091201611019115,0.19302778610483343,0.19373308926545263,0.19302778610483343,0.19091201611019115]],[[0.19471927031289821,0.19683376636256872,0.19753864856658385,0.19683376636256872,0.19471927031289821],[0.19683376636256872,0.19852415689812036,0.19922879703079382,0.19852415689812036,0.19683376636256872],[0.19753864856658385,0.19922879703079382,0.19993335619940814,0.19922879703079382,0.19753864856658385],[0.19683376636256872,0.19852415689812036,0.19922879703079382,0.19852415689812036,0.19683376636256872],[0.19471927031289821,0.19683376636256872,0.19753864856658385,0.19683376636256872,0.19471927031289821]],[[0.19852414182775896,0.2006372631519398,0.20134169108486952,0.2006372631519398,0.19852414182775896],[0.2006372631519398,0.2023265091506285,0.20303067588847334,0.2023265091506285,0.2006372631519398],[0.20134169108486952,0.20303067588847334,0.20373475526575585,0.20303067588847334,0.20134169108486952],[0.2006372631519398,0.2023265091506285,0.20303067588847334,0.2023265091506285,0.2006372631519398],[0.19852414182775896,0.2006372631519398,0.20134169108486952,0.2006372631519398,0.19852414182775896]],[[0.20232644250007351,0.20443808073429112,0.20514201857278941,0.20443808073429112,0.20232644250007351],[0.20443808073429112,0.20612609215018396,0.20682974823528355,0.20612609215018396,0.20443808073429112],[0.20514201857278941,0.20682974823528355,0.20753331008333115,0.20682974823528355,0.20514201857278941],[0.20443808073429112,0.20612609215018396,0.20682974823528355,0.20612609215018396,0.20443808073429112],[0.20232644250007351,0.20443808073429112,0.20514201857278941,0.20443808073429112,0.20232644250007351]],[[0.20612597007084435,0.2082360087602,0.20893941800394855,0.2082360087602,0.20612597007084435],[0.2082360087602,0.20992268885487753,0.21062579425781369,0.20992268885487753,0.2082360087602],[0.20893941800394855,0.21062579425781369,0.21132879803556717,0.21062579425781369,0.20893941800394855],[0.2082360087602,0.20992268885487753,0.21062579425781369,0.20992268885487753,0.2082360087602],[0.20612597007084435,0.2082360087602,0.20893941800394855,0.2082360087602,0.20612597007084435]],[[0.20992250725074504,0.21203082132806758,0.21273366062641177,0.21203082132806758,0.20992250725074504],[0.21203082132806758,0.21371606624749015,0.21441857799144257,0.21371606624749015,0.21203082132806758],[0.21273366062641177,0.21441857799144257,0.21512098017793016,0.21441857799144257,0.21273366062641177],[0.21203082132806758,0.21371606624749015,0.21441857799144257,0.21371606624749015,0.21203082132806758],[0.20992250725074504,0.21203082132806758,0.21273366062641177,0.21203082132806758,0.20992250725074504]],[[0.2137158207700941,0.21582227602303297,0.21652450099776252,0.21582227602303297,0.2137158207700941],[0.21582227602303297,0.21750597436770328,0.21820784634958112,0.21750597436770328,0.21582227602303297],[0.21652450099776252,0.21820784634958112,0.2189096002644903,0.21820784634958112,0.21652450099776252],[0.21582227602303297,0.21750597436770328,0.21820784634958112,0.21750597436770328,0.21582227602303297],[0.2137158207700941,0.21582227602303297,0.21652450099776252,0.21582227602303297,0.2137158207700941]],[[0.21750566041381345,0.21961011294654617,0.22031167601265125,0.21961011294654617,0.21750566041381345],[0.21961011294654617,0.22129214534014965,0.22199332815086195,0.22129214534014965,0.21961011294654617],[0.22031167601265125,0.22199332815086195,0.22269438377463724,0.22199332815086195,0.22031167601265125],[0.21961011294654617,0.22129214534014965,0.22199332815086195,0.22129214534014965,0.21961011294654617],[0.21750566041381345,0.21961011294654617,0.22031167601265125,0.21961011294654617,0.21750566041381345]],[[0.22129175805298695,0.22339405374982815,0.22409490393660178,0.22339405374982815,0.22129175805298695],[0.22339405374982815,0.22507429241292221,0.2257747331594662,0.22507429241292221,0.22339405374982815],[0.22409490393660178,0.2257747331594662,0.22647503695571575,0.2257747331594662,0.22409490393660178],[0.22339405374982815,0.22507429241292221,0.2257747331594662,0.22507429241292221,0.22339405374982815],[0.22129175805298695,0.22339405374982815,0.22409490393660178,0.22339405374982815,0.22129175805298695]],[[0.22507382668776696,0.22717380068780663,0.22787388346325685,0.22717380068780663,0.22507382668776696],[0.22717380068780663,0.22885210902470907,0.22955175115740345,0.22885210902470907,0.22717380068780663],[0.22787388346325685,0.22955175115740345,0.23025124590106241,0.22955175115740345,0.22787388346325685],[0.22717380068780663,0.22885210902470907,0.22955175115740345,0.22885210902470907,0.22717380068780663],[0.22507382668776696,0.22717380068780663,0.22787388346325685,0.22717380068780663,0.22507382668776696]],[[0.22885155951988989,0.2309490357138822,0.23164829281611718,0.2309490357138822,0.22885155951988989],[0.2309490357138822,0.23262526792268556,0.23332405107160922,0.23262526792268556,0.2309490357138822],[0.23164829281611718,0.23332405107160922,0.23402267568705307,0.23332405107160922,0.23164829281611718],[0.2309490357138822,0.23262526792268556,0.23332405107160922,0.23262526792268556,0.2309490357138822],[0.22885155951988989,0.2309490357138822,0.23164829281611718,0.2309490357138822,0.22885155951988989]],[[0.23262462907706397,0.23471941964010093,0.23541778892009976,0.23471941964010093,0.23262462907706397],[0.23471941964010093,0.23639342035767613,0.23709128018317124,0.23639342035767613,0.23471941964010093],[0.23541778892009976,0.23709128018317124,0.2377889695972871,0.23709128018317124,0.23541778892009976],[0.23471941964010093,0.23639342035767613,0.23709128018317124,0.23639342035767613,0.23471941964010093],[0.23262462907706397,0.23471941964010093,0.23541778892009976,0.23471941964010093,0.23262462907706397]],[[0.23639268641580213,0.23848459139179404,0.23918200667281189,0.23848459139179404,0.23639268641580213],[0.23848459139179404,0.24015619538771737,0.24085306345067403,0.24015619538771737,0.23848459139179404],[0.23918200667281189,0.24085306345067403,0.24154974846676369,0.24085306345067403,0.23918200667281189],[0.23848459139179404,0.24015619538771737,0.24085306345067403,0.24015619538771737,0.23848459139179404],[0.23639268641580213,0.23848459139179404,0.23918200667281189,0.23848459139179404,0.23639268641580213]],[[0.240155360433902,0.24224416739052476,0.24294055835023576,0.24224416739052476,0.240155360433902],[0.24224416739052476,0.24391319932598277,0.24460900298450203,0.24391319932598277,0.24224416739052476],[0.24294055835023576,0.24460900298450203,0.24530461018377778,0.24460900298450203,0.24294055835023576],[0.24224416739052476,0.24391319932598277,0.24460900298450203,0.24391319932598277,0.24224416739052476],[0.240155360433902,0.24224416739052476,0.24294055835023576,0.24224416739052476,0.240155360433902]],[[0.24391225732851843,0.24599774110390443,0.24669303318628444,0.24599774110390443,0.24391225732851843],[0.24599774110390443,0.24766401537371943,0.248358677713626,0.24766401537371943,0.24599774110390443],[0.24669303318628444,0.248358677713626,0.24905312939192817,0.248358677713626,0.24669303318628444],[0.24599774110390443,0.24766401537371943,0.248358677713626,0.24766401537371946,0.24599774110390443],[0.24391225732851843,0.24599774110390443,0.24669303318628444,0.24599774110390443,0.24391225732851843]],[[0.24766296024042175,0.24974488280537685,0.25043899717013907,0.24974488280537685,0.24766296024042175],[0.24974488280537685,0.25140820348319542,0.252101643290667,0.25140820348319542,0.24974488280537685],[0.25043899717013907,0.252101643290667,0.25279485743882069,0.252101643290667,0.25043899717013907],[0.24974488280537685,0.25140820348319542,0.252101643290667,0.25140820348319542,0.24974488280537685],[0.24766296024042175,0.24974488280537685,0.25043899717013907,0.24974488280537685,0.24766296024042175]],[[0.25140702912927493,0.25348513959098223,0.25417799310913874,0.25348513959098223,0.25140702912927493],[0.25348513959098223,0.2551453004992269,0.25583743228447359,0.2551453004992269,0.25348513959098223],[0.25417799310913874,0.25583743228447359,0.25652932262134004,0.25583743228447359,0.25417799310913874],[0.25348513959098223,0.2551453004992269,0.25583743228447359,0.2551453004992269,0.25348513959098223],[0.25140702912927493,0.25348513959098223,0.25417799310913874,0.25348513959098223,0.25140702912927493]],[[0.25514400092819889,0.25721803570299129,0.25790954100765145,0.25721803570299129,0.25514400092819889],[0.25721803570299129,0.25887482063016021,0.25956555471151993,0.25887482063016021,0.25721803570299129],[0.25790954100765145,0.25956555471151993,0.26025603077919146,0.25956555471151993,0.25790954100765145],[0.25721803570299129,0.25887482063016021,0.25956555471151993,0.25887482063016021,0.25721803570299129],[0.25514400092819889,0.25721803570299129,0.25790954100765145,0.25721803570299129,0.25514400092819889]],[[0.25887339002815707,0.26094307321168303,0.26163313881352118,0.26094307321168303,0.25887339002815707],[0.26094307321168303,0.26259625629977063,0.26328549895770237,0.26259625629977063,0.26094307321168303],[0.26163313881352118,0.26328549895770237,0.26397446628834237,0.26328549895770237,0.26163313881352118],[0.26094307321168303,0.26259625629977063,0.26328549895770237,0.26259625629977063,0.26094307321168303],[0.25887339002815707,0.26094307321168303,0.26163313881352118,0.26094307321168303,0.25887339002815707]],[[0.26259468914292416,0.2646597331056752,0.26534826358239,0.2646597331056752,0.26259468914292416],[0.2646597331056752,0.26630907942958704,0.26699673313971428,0.26630907942958704,0.2646597331056752],[0.26534826358239,0.26699673313971428,0.26768409350313566,0.26699673313971428,0.26534826358239],[0.2646597331056752,0.26630907942958704,0.26699673313971428,0.26630907942958704,0.2646597331056752],[0.26259468914292416,0.2646597331056752,0.26534826358239,0.2646597331056752,0.26259468914292416]],[[0.26630737060358378,0.26836747683781925,0.26905437310630859,0.26836747683781925,0.26630737060358378],[0.26836747683781925,0.27001274319641844,0.27069870694989479,0.27001274319641844,0.26836747683781925],[0.26905437310630859,0.27069870694989479,0.27138435868999966,0.27069870694989479,0.26905437310630859],[0.26836747683781925,0.27001274319641844,0.27069870694989479,0.27001274319641844,0.26836747683781925],[0.26630737060358378,0.26836747683781925,0.26905437310630859,0.26836747683781925,0.26630737060358378]],[[0.27001088812634333,0.27206574836675951,0.27275090804564878,0.27206574836675951,0.27001088812634333],[0.27206574836675951,0.27370668430139805,0.27439085401937241,0.27370668430139805,0.27206574836675951],[0.27275090804564878,0.27439085401937241,0.27507469248594268,0.27439085401937241,0.27275090804564878],[0.27206574836675951,0.27370668430139805,0.27439085401937241,0.27370668430139805,0.27206574836675951],[0.27001088812634333,0.27206574836675951,0.27275090804564878,0.27206574836675951,0.27001088812634333]],[[0.27370467908905421,0.27575397672380192,0.276437294592045,0.27575397672380192,0.27370467908905421],[0.27575397672380192,0.27739032577463973,0.27807259482134561,0.27739032577463973,0.27575397672380192],[0.276437294592045,0.27807259482134561,0.27875451290131215,0.27807259482134561,0.276437294592045],[0.27575397672380192,0.27739032577463973,0.27807259482134561,0.27739032577463973,0.27575397672380192],[0.27370467908905421,0.27575397672380192,0.276437294592045,0.27575397672380192,0.27370467908905421]],[[0.27738816733948729,0.2794315791201778,0.28011294767492867,0.2794315791201778,0.27738816733948729],[0.2794315791201778,0.28106308032328453,0.28174334011932051,0.28106308032328453,0.2794315791201778],[0.28011294767492867,0.28174334011932051,0.28242322886853211,0.28174334011932051,0.28011294767492867],[0.2794315791201778,0.28106308032328453,0.28174334011932051,0.28106308032328453,0.2794315791201778],[0.27738816733948729,0.2794315791201778,0.28011294767492867,0.2794315791201778,0.27738816733948729]],[[0.28106076654211309,0.28309796459130249,0.28377727470497843,0.28309796459130249,0.28106076654211309],[0.28309796459130249,0.28472435421054221,0.28540249494423653,0.28472435421054221,0.28309796459130249],[0.28377727470497843,0.28540249494423653,0.286080244316946,0.28540249494423653,0.28377727470497843],[0.28309796459130249,0.28472435421054221,0.28540249494423653,0.28472435421054221,0.28309796459130249],[0.28106076654211309,0.28309796459130249,0.28377727470497843,0.28309796459130249,0.28106076654211309]],[[0.28472188405013088,0.28675253815278695,0.28742967982526513,0.28675253815278695,0.28472188405013088],[0.28675253815278695,0.28837355163009576,0.289049463060573,0.28837355163009576,0.28675253815278695],[0.28742967982526513,0.289049463060573,0.28972496272948456,0.289049463060573,0.28742967982526513],[0.28675253815278695,0.28837355163009576,0.289049463060573,0.28837355163009576,0.28675253815278695],[0.28472188405013088,0.28675253815278695,0.28742967982526513,0.28675253815278695,0.28472188405013088]],[[0.28837092526641106,0.29039470541831541,0.29106956861581651,0.29039470541831541,0.28837092526641106],[0.29039470