{"M_cells":[[[0,0,0,0,0,0],[0,0,0,0,0,0],[0,0,0,0,0,0],[0,0,0,0,0,0],[0,0,0,0,0,0],[0,0,0,0,0,0]],[[0.00021942240797588245,0.00050865570015874294,0.00020941021178144586,9.4364023718672947E-5,4.3212075588604067E-5,1.6306265738986638E-5],[0.00050865570015874294,0.00081920829440978071,0.00039945597258674183,0.00019077518954682915,9.3814959729300717E-5,4.3212075588604067E-5],[0.00020941021178144586,0.00039945597258674183,0.000287503431353328,0.00017570586698803249,9.820806661937929E-5,4.5972952926051374E-5],[9.4364023718672947E-5,0.00019077518954682915,0.00017570586698803249,0.00012655367712344535,7.748634518624715E-5,3.5685204761054894E-5],[4.3212075588604067E-5,9.3814959729300717E-5,9.820806661937929E-5,7.748634518624715E-5,4.9620982651986137E-5,2.1800160478449344E-5],[1.6306265738986638E-5,4.3212075588604067E-5,4.5972952926051374E-5,3.5685204761054894E-5,2.1800160478449344E-5,7.9429370180174625E-6]],[[0.00070593008980605247,0.0010307337468730053,0.000492721579385898,0.00025694629603764923,0.00014142741631005196,8.201492949757192E-5],[0.0010307337468730053,0.0012319204144210962,0.00067516592367572806,0.00037326951431495767,0.0002195937611436277,0.00014142741631005196],[0.000492721579385898,0.00067516592367572806,0.00050832120290507919,0.00034161817476954207,0.00022243569055022683,0.00014488984289708052],[0.00025694629603764923,0.00037326951431495767,0.00034161817476954207,0.000262672086809395,0.00018382223004960517,0.00011771883527732878],[0.00014142741631005196,0.0002195937611436277,0.00022243569055022683,0.00018382223004960517,0.00013262144981899607,8.1486016745039815E-5],[8.201492949757192E-5,0.00014142741631005196,0.00014488984289708052,0.00011771883527732878,8.1486016745039815E-5,4.5304333645824156E-5]],[[0.0011507346189051876,0.0014163500277808902,0.00075251398831205807,0.00043655802317962297,0.000272435681558962,0.000189767364305095],[0.0014163500277808902,0.0015459978871853557,0.00091662558910219954,0.00055846063514602528,0.00036752936134405923,0.000272435681558962],[0.00075251398831205807,0.00091662558910219954,0.00071493398709810882,0.00051337657952653046,0.00036699292166099276,0.00027384016180560377],[0.00043655802317962297,0.00055846063514602528,0.00051337657952653046,0.00041335030253819907,0.00031342811737022035,0.00023036343626184195],[0.000272435681558962,0.00036752936134405923,0.00036699292166099276,0.00031342811737022035,0.00024319065627468185,0.00017303448054107012],[0.000189767364305095,0.000272435681558962,0.00027384016180560377,0.00023036343626184195,0.00017303448054107012,0.0001157756809960301]],[[0.0015068902532874265,0.0017191364191182668,0.00098683862418912061,0.00062038319637020922,0.000423284405024296,0.00032578706302475112],[0.0017191364191182668,0.00180706791648689,0.0011359158984659582,0.0007431596934256271,0.00052842633010138809,0.000423284405024296],[0.00098683862418912061,0.0011359158984659582,0.00091197286425414258,0.00068815867628704711,0.00052419719212878674,0.00042139058152763275],[0.00062038319637020922,0.0007431596934256271,0.00068815867628704711,0.00057353917597066011,0.00045902879894208718,0.00036427940032166271],[0.000423284405024296,0.00052842633010138809,0.00052419719212878674,0.00045902879894208718,0.00037430170520378058,0.00028966749478865657],[0.00032578706302475112,0.000423284405024296,0.00042139058152763275,0.00036427940032166271,0.00028966749478865657,0.00021514022346606269]],[[0.0017965564712760205,0.0019732311666155883,0.0012019722613605536,0.00080417992627576,0.0005857542052026516,0.00047932056247871263],[0.0019732311666155883,0.0020363750090032573,0.0013404171618133624,0.000926354045312928,0.00069670073947030765,0.0005857542052026516],[0.0012019722613605536,0.0013404171618133624,0.0011023267586349219,0.00086436155845443961,0.0006891681622033717,0.0005804176626459397],[0.00080417992627576,0.000926354045312928,0.00086436155845443961,0.00073983276786961192,0.00061541634467700886,0.00051273869260459975],[0.0005857542052026516,0.00069670073947030765,0.0006891681622033717,0.00061541634467700886,0.00052013972885122826,0.00042496419173229373],[0.00047932056247871263,0.0005857542052026516,0.0005804176626459397,0.00051273869260459975,0.00042496419173229373,0.00033728486639710909]],[[0.0020436116845978253,0.0021981249577941106,0.0014039361619070754,0.00098676855898573342,0.00075488002310677158,0.00064323614116736083],[0.0021981249577941106,0.0022462559010002869,0.0015352711609479,0.0011080423941026737,0.000869121849850762,0.00075488002310677158],[0.0014039361619070754,0.0015352711609479,0.0012881988690827361,0.001041249373398938,0.00085891669419069878,0.00074650773476010181],[0.00098676855898573342,0.0011080423941026737,0.001041249373398938,0.00091007566484180671,0.00077901642908602409,0.0006710149217452532],[0.00075488002310677158,0.000869121849850762,0.00085891669419069878,0.00077901642908602409,0.00067628020039672376,0.00057365072609543788],[0.00064323614116736083,0.00075488002310677158,0.00074650773476010181,0.0006710149217452532,0.00057365072609543788,0.000476389159919927]],[[0.0022643338406994028,0.0024052153155468721,0.0015972113149715752,0.0011680508576446828,0.00092776398266363011,0.00081314403085848755],[0.0024052153155468721,0.002444128432654276,0.0017239118628188518,0.0012885142854294077,0.0010438559080897451,0.00092776398266363011],[0.0015972113149715752,0.0017239118628188518,0.0014711345540124126,0.0012184784764621972,0.001031615382986067,0.00091694919514369083],[0.0011680508576446828,0.0012885142854294077,0.0012184784764621972,0.0010828861308594671,0.0009474096290022835,0.00083585937386959316],[0.00092776398266363011,0.0010438559080897451,0.001031615382986067,0.0009474096290022835,0.00083950455730233441,0.00073171011402014987],[0.00081314403085848755,0.00092776398266363011,0.00091694919514369083,0.00083585937386959316,0.00073171011402014987,0.00062766864861398648]],[[0.0024688488239446942,0.0026013239559540156,0.0017848590383883721,0.0013482513409744622,0.0011027506971588816,0.00098645286609784456],[0.0026013239559540156,0.0026345223938069508,0.0019085753627902436,0.0014680862845475133,0.0012198741627475987,0.0011027506971588816],[0.0017848590383883721,0.0019085753627902436,0.001652169183191516,0.0013958832258301986,0.0012061442298474531,0.0010900799623965577],[0.0013482513409744622,0.0014680862845475133,0.0013958832258301986,0.0012573698202755915,0.00111897315251867,0.0010050703154997728],[0.0011027506971588816,0.0012198741627475987,0.0012061442298474531,0.00111897315251867,0.0010075385820569962,0.00089621725594997024],[0.00098645286609784456,0.0011027506971588816,0.0010900799623965577,0.0010050703154997728,0.00089621725594997024,0.00078747551772627672]],[[0.0026633425453136675,0.0027906026944611211,0.0019688942189967284,0.001527642762508477,0.0012789075299928919,0.00116167141390586],[0.0027906026944611211,0.0028202334550367519,0.0020907001289794296,0.0016470225364515116,0.0013966039553212934,0.0012789075299928919],[0.0019688942189967284,0.0020907001289794296,0.0018319810531585439,0.0015733815521512455,0.0013818141785803472,0.0012648799225020244],[0.001527642762508477,0.0016470225364515116,0.0015733815521512455,0.0014329451459515474,0.0012926260611022156,0.0011771700792535258],[0.0012789075299928919,0.0013966039553212934,0.0013818141785803472,0.0012926260611022156,0.0011788074211120006,0.0010651037775920341],[0.00116167141390586,0.0012789075299928919,0.0012648799225020244,0.0011771700792535258,0.0010651037775920341,0.00095315117957405621]],[[0.0028516024348691567,0.0029756086958263473,0.0021506201730819318,0.0017064596490854855,0.0014557138778599596,0.0013379554223861723],[0.0029756086958263473,0.0030030007365034169,0.0022712065822919503,0.0018255221821623091,0.0015737282819747195,0.0014557138778599596],[0.0021506201730819318,0.0022712065822919503,0.0020110097069819606,0.0017509319925939541,0.001558199530371081,0.0014407210463902274],[0.0017064596490854855,0.0018255221821623091,0.0017509319925939541,0.0016092333086774955,0.0014676523274094681,0.0013511741219922862],[0.0014557138778599596,0.0015737282819747195,0.001558199530371081,0.0014676523274094681,0.0013522364017818321,0.0012369366390173],[0.0013379554223861723,0.0014557138778599596,0.0014407210463902274,0.0013511741219922862,0.0012369366390173,0.0011228144558050762]],[[0.003035964081797782,0.0031579307821324315,0.0023308732942611088,0.0018848810888718033,0.0016328810398575254,0.0015148321061228835],[0.0031579307821324315,0.003183912796136671,0.0024506826063439954,0.0020037280247480384,0.0017510724448871924,0.0016328810398575254],[0.0023308732942611088,0.0024506826063439954,0.0021895385639678828,0.0019285134190096147,0.0017350362319610464,0.0016172152411225997],[0.0018848810888718033,0.0020037280247480384,0.0019285134190096147,0.001785987645745127,0.0016435798247999263,0.0015264301957644026],[0.0016328810398575254,0.0017510724448871924,0.0017350362319610464,0.0016435798247999263,0.0015271002448903541,0.0014107376008850355],[0.0015148321061228835,0.0016328810398575254,0.0016172152411225997,0.0015264301957644026,0.0014107376008850355,0.0012951613686496715]],[[0.0032178784475564485,0.0033385627316890151,0.0025101886605920186,0.0020630363298657561,0.0018102497513418257,0.0016920387367148975],[0.0033385627316890151,0.0033636544179960759,0.0026295037288109444,0.0021817396360400594,0.0019285405955557682,0.0018102497513418257],[0.0025101886605920186,0.0026295037288109444,0.0023677500702426308,0.0021061151423894526,0.0019121599238271399,0.0017941217837602016],[0.0020630363298657561,0.0021817396360400594,0.0021061151423894526,0.0019630477525540719,0.0018200984791997713,0.0017025082195237268],[0.0018102497513418257,0.0019285405955557682,0.0019121599238271399,0.0018200984791997713,0.0017029136738889907,0.0015858463153688059],[0.0016920387367148975,0.0018102497513418257,0.0017941217837602016,0.0017025082195237268,0.0015858463153688059,0.0014693014785724023]],[[0.0033982527379602381,0.0035181294587780347,0.0026889083892037494,0.0022410158156659292,0.0019877325971854633,0.0018694301998219253],[0.0035181294587780347,0.0035426582291364708,0.0028079101152758824,0.0023596252981127543,0.0021060804423959521,0.0019877325971854633],[0.0026889083892037494,0.0028079101152758824,0.0025457617137206578,0.00228373193856152,0.0020894680303130261,0.00197129086912245],[0.0022410158156659292,0.0023596252981127543,0.00228373193856152,0.0021403095432971689,0.00199700537326998,0.0018791257481162362],[0.0019877325971854633,0.0021060804423959521,0.0020894680303130261,0.00199700537326998,0.0018793542412222891,0.0017618208932250947],[0.0018694301998219253,0.0019877325971854633,0.00197129086912245,0.0018791257481162362,0.0017618208932250947,0.0016446335716819522]],[[0.0035776572528568437,0.0036970256945069017,0.002867251412269632,0.0024188817108280716,0.0021652819015661267,0.0020469268075964516],[0.0036970256945069017,0.00372119860356767,0.0029860556584810657,0.0025374313819651203,0.00228366370769371,0.0021652819015661267],[0.002867251412269632,0.0029860556584810657,0.0027236492919575661,0.0024613614878191375,0.0022668964446220792,0.00214862904385575],[0.0024188817108280716,0.0025374313819651203,0.0024613614878191375,0.0023177056801800991,0.0021741681707615518,0.0020560979698453488],[0.0021652819015661267,0.00228366370769371,0.0022668964446220792,0.0021741681707615518,0.0020562089339120613,0.0019383677039958357],[0.0020469268075964516,0.0021652819015661267,0.00214862904385575,0.0020560979698453488,0.0019383677039958357,0.0018207552793762379]],[[0.0037564521661927184,0.0038755017757283882,0.0030453580870486024,0.0025966763074083779,0.0023428719164937787,0.0022244851115799909],[0.0038755017757283882,0.0038994501935062172,0.0031640392280368372,0.0027151892293511906,0.0024612753373679285,0.0023428719164937787],[0.0030453580870486024,0.0031640392280368372,0.0029014618683473018,0.0026390030331858156,0.0024444051175440511,0.0023260779422484465],[0.0025966763074083779,0.0027151892293511906,0.0026390030331858156,0.0024951927808699319,0.0023515008767767006,0.0022333043861045882],[0.0023428719164937787,0.0024612753373679285,0.0024444051175440511,0.0023515008767767006,0.0022333377521650509,0.0021152927823925036],[0.0022244851115799909,0.0023428719164937787,0.0023260779422484465,0.0022333043861045882,0.0021152927823925036,0.0019973992236502012]],[[0.003934865896417292,0.0040537170789379379,0.0032233186364805533,0.0027744282410092553,0.0025204889763608376,0.0024020816800421254],[0.0040537170789379379,0.0040775246016973932,0.0033419245660821157,0.002892920016877203,0.0026389075554276503,0.0025204889763608376],[0.0032233186364805533,0.0033419245660821157,0.0030792313653184807,0.002816656668304442,0.0026219691068174859,0.0025036011415079961],[0.0027744282410092553,0.002892920016877203,0.002816656668304442,0.0026727430639929407,0.002528947843251572,0.0024106667269908244],[0.0025204889763608376,0.0026389075554276503,0.0026219691068174859,0.002528947843251572,0.0024106491297372391,0.0022924686700588497],[0.0024020816800421254,0.0025204889763608376,0.0025036011415079961,0.0024106667269908244,0.0022924686700588497,0.0021743887935865786]],[[0.0041130438894772,0.0042317734837314909,0.003401191270998213,0.0029521569014216678,0.00269812606889411,0.0025797041186561664],[0.0042317734837314909,0.0042554934572955425,0.0035197529660706489,0.0030706381157327468,0.0028165565927556185,0.00269812606889411],[0.003401191270998213,0.0035197529660706489,0.0032569787141471353,0.0029943229564537554,0.0027995729932375666,0.002681175997890156],[0.0029521569014216678,0.0030706381157327468,0.0029943229564537554,0.002850338899865178,0.002706473252955777,0.0025881343780999],[0.00269812606889411,0.0028165565927556185,0.0027995729932375666,0.002706473252955777,0.0025880834821999433,0.0024698120325452955],[0.0025797041186561664,0.00269812606889411,0.002681175997890156,0.0025881343780999,0.0024698120325452955,0.0023516079584404016]],[[0.0042910791559461862,0.0044097364235259626,0.0035790137419584611,0.0031298754855616025,0.0028757798466775637,0.0027573461146265894],[0.0044097364235259626,0.0044334029893267277,0.0036975513629953919,0.0032483533772414181,0.0029942208895042256,0.0028757798466775637],[0.0035790137419584611,0.0036975513629953919,0.00343471779837953,0.00317200272600216,0.0029772073830801179,0.0028587885539811558],[0.0031298754855616025,0.0032483533772414181,0.00317200272600216,0.0030279692610798541,0.0028840542262293873,0.0027656747985924678],[0.0028757798466775637,0.0029942208895042256,0.0029772073830801179,0.0028840542262293873,0.0027656022667046868,0.0026472686750975828],[0.0027573461146265894,0.0028757798466775637,0.0028587885539811558,0.0027656747985924678,0.0026472686750975828,0.00252898088519436]],[[0.0044690314750816884,0.0045876481776151428,0.0037568107155448493,0.00330759307681985,0.0030534489844711754,0.0029350047071104546],[0.0045876481776151428,0.0046112832594110672,0.0038753375030372524,0.0034260726712578783,0.0031719001085136755,0.0030534489844711754],[0.0037568107155448493,0.0038753375030372524,0.0036124579842058456,0.003349696960758626,0.0031548667095296318,0.0030364303490920158],[0.00330759307681985,0.0034260726712578783,0.003349696960758626,0.0032056274138037369,0.0030616763138878755,0.0029432672400337171],[0.0030534489844711754,0.0031719001085136755,0.0031548667095296318,0.0030616763138878755,0.0029431807445990023,0.0028248035769879122],[0.0029350047071104546,0.0030534489844711754,0.0030364303490920158,0.0029432672400337171,0.0028248035769879122,0.0027064582911097406]],[[0.0046469395184223486,0.0047655362910915778,0.003934598485322272,0.0034853160457063597,0.0032311332775717531,0.00311267878634634],[0.0047655362910915778,0.0047891540269619642,0.004053123251712777,0.0036038009137916607,0.0033495945947306606,0.0032311332775717531],[0.003934598485322272,0.004053123251712777,0.0037902057456373163,0.0035274067417001721,0.0033325478464429183,0.0032140964145222794],[0.0034853160457063597,0.0036038009137916607,0.0035274067417001721,0.0033833094181721993,0.0032393305567167824,0.0031208986394594216],[0.0032311332775717531,0.0033495945947306606,0.0033325478464429183,0.0032393305567167824,0.0031208032138586423,0.0030023942982173061],[0.00311267878634634,0.0032311332775717531,0.0032140964145222794,0.0031208986394594216,0.0030023942982173061,0.00288400836589083]],[[0.0048248285285559731,0.0049434189233155167,0.0041123879881446307,0.0036630489859367475,0.0034088331478255721,0.0032903682697488844],[0.0049434189233155167,0.0049670284841139183,0.0042309167138100843,0.0037815417496622548,0.003527305079762834,0.0034088331478255721],[0.0041123879881446307,0.0042309167138100843,0.0039679657094623842,0.0037051332166409936,0.0035102492321253185,0.0033917840097316292],[0.0036630489859367475,0.0037815417496622548,0.0037051332166409936,0.0035610131556053659,0.00341701157071608,0.0032985609399553929],[0.0034088331478255721,0.003527305079762834,0.0035102492321253185,0.00341701157071608,0.0032984598794906965,0.0031800266359589572],[0.0032903682697488844,0.0034088331478255721,0.0033917840097316292,0.0032985609399553929,0.0031800266359589572,0.0030616107652060337]],[[0.0050027151964159187,0.0051213082536693431,0.0042901867369628368,0.0038407953365382228,0.0035865493737494438,0.0034680736505539088],[0.0051213082536693431,0.0051449156392674921,0.0044087235938092134,0.0039592980042324121,0.0037050325211209741,0.0035865493737494438],[0.0042901867369628368,0.0044087235938092134,0.00414574132801306,0.0038828775851476932,0.0036879703144550623,0.0035694918236464281],[0.0038407953365382228,0.0039592980042324121,0.0038828775851476932,0.0037387376988598318,0.0035947163024711549,0.0034762493459646691],[0.0035865493737494438,0.0037050325211209741,0.0036879703144550623,0.0035947163024711549,0.0034761448052505277,0.0033576917732018011],[0.0034680736505539088,0.0035865493737494438,0.0035694918236464281,0.0034762493459646691,0.0033576917732018011,0.0032392526534709824]],[[0.0051806107668933548,0.0052992126550351218,0.0044680000612743395,0.0040185577936881376,0.0037642829438056403,0.0036457957513300354],[0.0052992126550351218,0.0053228218412797266,0.0045865480701857541,0.0041370719816067611,0.0038827780154495894,0.0037642829438056403],[0.0044680000612743395,0.0045865480701857541,0.004323535313008167,0.00406064109179552,0.0038657111991292491,0.0037472194690175834],[0.0040185577936881376,0.0041370719816067611,0.00406064109179552,0.0039164829047738754,0.00377244322150571,0.0036539611892784339],[0.0037642829438056403,0.0038827780154495894,0.0038657111991292491,0.00377244322150571,0.0036538545765378975,0.0035353844125711135],[0.0036457957513300354,0.0037642829438056403,0.0037472194690175834,0.0036539611892784339,0.0035353844125711135,0.00341692610602776]],[[0.0053585230207811247,0.0054771380837228658,0.0046458319044354124,0.004196338582714133,0.0039420349773375976,0.003823535590091365],[0.0054771380837228658,0.0055007517560495111,0.0047643933582281906,0.0043148656612903707,0.0040605427524006994,0.0039420349773375976],[0.0046458319044354124,0.0047643933582281906,0.0045013499159196248,0.004238425024002233,0.0040434724266685861,0.0039249671620036723],[0.004196338582714133,0.0043148656612903707,0.004238425024002233,0.0040942491515777862,0.0039501917971455766,0.0038316951932620847],[0.0039420349773375976,0.0040605427524006994,0.0040434724266685861,0.0039501917971455766,0.0038315874296146911,0.0037131015581497828],[0.003823535590091365,0.0039420349773375976,0.0039249671620036723,0.0038316951932620847,0.0037131015581497828,0.0035946264089089489]],[[0.0055364575422893,0.0056550889701370427,0.0048236853370307031,0.0043741396375990421,0.0041198066826781824,0.0040012943082829771],[0.0056550889701370427,0.0056787089935383213,0.0049422620730725942,0.0044926808279829389,0.0042383279908397731,0.0041198066826781824],[0.0048236853370307031,0.0049422620730725942,0.0046791871096956775,0.0044162307123875727,0.0042212548312521529,0.0041027355191640249],[0.0043741396375990421,0.0044926808279829389,0.0044162307123875727,0.004272037169982066,0.0041279621603856021,0.0040094509963730833],[0.0041198066826781824,0.0042383279908397731,0.0042212548312521529,0.0041279621603856021,0.0040093426858289379,0.0038908417222225564],[0.0040012943082829771,0.0041198066826781824,0.0041027355191640249,0.0040094509963730833,0.0038908417222225564,0.0037723509490356546]],[[0.0057144185313742308,0.0058330687907614219,0.0050015628881320247,0.0045519627195727951,0.0042975993356863269,0.0041790731327639953],[0.0058330687907614219,0.0058566965113169478,0.0051201564644993642,0.0046705191575011724,0.0044161350473321771,0.0042975993356863269],[0.0050015628881320247,0.0051201564644993642,0.0048570487070598136,0.0045940595325407296,0.0043990594516795231,0.0042805254290678146],[0.0045519627195727951,0.0046705191575011724,0.0045940595325407296,0.0044498479350652386,0.0043057548859301784,0.004187228844289805],[0.0042975993356863269,0.0044161350473321771,0.0043990594516795231,0.0043057548859301784,0.0041871203849262757,0.0040686044099647878],[0.0041790731327639953,0.0042975993356863269,0.0042805254290678146,0.004187228844289805,0.0040686044099647878,0.0039500984916146942]],[[0.005892409325540489,0.0060110804364322309,0.0051794667596694521,0.0047298094957378446,0.0044754142695219807,0.004356873356478606],[0.0060110804364322309,0.0060347168750796883,0.0052980785693697427,0.0048483822740078755,0.004593965291396984,0.0044754142695219807],[0.0051794667596694521,0.0052980785693697427,0.0050349364380248181,0.0047719129075902761,0.0045768874756136118,0.0044583379714366843],[0.0047298094957378446,0.0048483822740078755,0.0047719129075902761,0.0046276825975684324,0.004483570852233454,0.0043650293915714],[0.0044754142695219807,0.004593965291396984,0.0045768874756136118,0.004483570852233454,0.0043649210480965787,0.0042463897855647354],[0.004356873356478606,0.0044754142695219807,0.0044583379714366843,0.0043650293915714,0.0042463897855647354,0.004127868710820516]],[[0.0060704327359420822,0.00618912645024006,0.0053573989657372829,0.004907681591558485,0.0046532528706179762,0.0045346963294121481],[0.00618912645024006,0.0062127724275310879,0.0054760303111504906,0.0050262717885319807,0.004771820144506605,0.0046532528706179762],[0.0053573989657372829,0.0054760303111504906,0.0052128520011852954,0.0049497923112506855,0.0047547402051191347,0.004636174366636831],[0.004907681591558485,0.0050262717885319807,0.0049497923112506855,0.0048055424407309061,0.0046614111521374769,0.0045428535744137764],[0.0046532528706179762,0.004771820144506605,0.0047547402051191347,0.0046614111521374769,0.0045427455254505355,0.004424198456583611],[0.0045346963294121481,0.0046532528706179762,0.004636174366636831,0.0045428535744137764,0.004424198456583611,0.0043056618858223162]],[[0.006248491264651314,0.0063672091819296671,0.0055353614236823461,0.005085580626311299,0.0048311165780863937,0.0047125434552226864],[0.0063672091819296671,0.0063908653985469263,0.00565401356544825,0.0052041893253289215,0.0049497010811794433,0.0048311165780863937],[0.0055353614236823461,0.00565401356544825,0.0053907970981648652,0.0051276992711734018,0.0049326190358621614,0.0048140359445951941],[0.005085580626311299,0.0052041893253289215,0.0051276992711734018,0.0049834288536875718,0.0048392770363249937,0.0047207025295299193],[0.0048311165780863937,0.0049497010811794433,0.0049326190358621614,0.0048392770363249937,0.00472059489838834,0.0046020313352694454],[0.0047125434552226864,0.0048311165780863937,0.0048140359445951941,0.0047207025295299193,0.0046020313352694454,0.00448347870457207]],[[0.00642658724582519,0.0065453308887925164,0.0057133560142235374,0.0052635082374670036,0.0050090068850504243,0.004890416191023597],[0.0065453308887925164,0.0065689979776942242,0.0058320302037210064,0.0053821365403693535,0.0051276096312653256,0.0050090068850504243],[0.0057133560142235374,0.0058320302037210064,0.0055687734572586536,0.0053056353725146532,0.0051105254451006051,0.0049919241261800152],[0.0052635082374670036,0.0053821365403693535,0.0053056353725146532,0.0051613433156187756,0.0050171698780569225,0.0048985775429483741],[0.0050090068850504243,0.0051276096312653256,0.0051105254451006051,0.0050171698780569225,0.0048984704176335721,0.0047798895499063764],[0.004890416191023597,0.0050090068850504243,0.0049919241261800152,0.0048985775429483741,0.0047798895499063764,0.0046613201377320983]],[[0.0066047229381163437,0.006723493802275069,0.0058913846216945322,0.0054414660979116,0.0051869253410771242,0.00506831604893692],[0.006723493802275069,0.0067471723626389276,0.0060100821229971185,0.0055601151347582436,0.0053055473829342293,0.0051869253410771242],[0.0058913846216945322,0.0060100821229971185,0.0057467828501656512,0.0054836022616774937,0.0052884609853552653,0.0051698404126067736],[0.0054414660979116,0.0055601151347582436,0.0054836022616774937,0.0053392873868962094,0.0051950911517258868,0.005076480018221848],[0.0051869253410771242,0.0053055473829342293,0.0052884609853552653,0.0051950911517258868,0.00507637346443646,0.0049577743886800238],[0.00506831604893692,0.0051869253410771242,0.0051698404126067736,0.005076480018221848,0.0049577743886800238,0.0048391873582139663]],[[0.0067829005858527835,0.0069017001726374939,0.00606944916155065,0.0056194559285619389,0.0053648735552671318,0.0052462445986665024],[0.0069017001726374939,0.0069253907921321333,0.0061881712666469416,0.0057381268649152519,0.0054835159861074132,0.0053648735552671318],[0.00606944916155065,0.0061881712666469416,0.0059248271043255913,0.005661601650211622,0.0054664272817750168,0.0053477863800353046],[0.0056194559285619389,0.0057381268649152519,0.005661601650211622,0.00551726270479992,0.0053730424203928687,0.0052544114572406408],[0.0053648735552671318,0.0054835159861074132,0.0054664272817750168,0.0053730424203928687,0.0052543055268344874,0.0051356872646700392],[0.0052462445986665024,0.0053648735552671318,0.0053477863800353046,0.0052544114572406408,0.0051356872646700392,0.0050170816903616]],[[0.0069611224602328563,0.0070799522995842242,0.0062475515997371753,0.0057974795080453518,0.0055428531997621959,0.0054242034706839439],[0.0070799522995842242,0.0071036555691616141,0.0063662996394583445,0.005916173550711422,0.0056615171561928464,0.0055428531997621959],[0.0062475515997371753,0.0063662996394583445,0.0061029081124844677,0.0058396353188674586,0.0056444260319270991,0.0055257636775484049],[0.0057974795080453518,0.005916173550711422,0.0058396353188674586,0.0056952709822423652,0.0055510253291828331,0.0054323734492472114],[0.0055428531997621959,0.0056615171561928464,0.0056444260319270991,0.0055510253291828331,0.00543226818571227,0.005313629694579507],[0.0054242034706839439,0.0055428531997621959,0.0055257636775484049,0.0054323734492472114,0.005313629694579507,0.0051950045784028885]],[[0.0071393908877570439,0.007258252553962819,0.0064256939668864126,0.0059755386805331028,0.0057208660135457485,0.0056021943598112967],[0.007258252553962819,0.0072819690778670966,0.0065444693191162064,0.0060942570823434754,0.0058395526780554092,0.0057208660135457485],[0.0064256939668864126,0.0065444693191162064,0.0062810278405410706,0.0060177051218088268,0.0058224590072028064,0.0057037740273562848],[0.0059755386805331028,0.0060942570823434754,0.0060177051218088268,0.0058733140084927977,0.0057290416025219488,0.0056103676652051989],[0.0057208660135457485,0.0058395526780554092,0.0058224590072028064,0.0057290416025219488,0.0056102631072554084,0.0054916032864088388],[0.0056021943598112967,0.0057208660135457485,0.0057037740273562848,0.0056103676652051989,0.0054916032864088388,0.0053729575674333566]],[[0.007317708270543199,0.0074366033938100791,0.006603878369256932,0.0061536353624415691,0.0058989138064741266,0.0057802190290866147],[0.0074366033938100791,0.0074603337965371526,0.0067226824654424353,0.006272379426457299,0.0060176244101896809,0.0058989138064741266],[0.006603878369256932,0.0067226824654424353,0.0064591883343568818,0.0061958129909922138,0.0060005280553229214,0.0058818192264890948],[0.0061536353624415691,0.006272379426457299,0.0061958129909922138,0.0060513936512557242,0.0059070930439159425,0.005788395855685362],[0.0058989138064741266,0.0060176244101896809,0.0060005280553229214,0.0059070930439159425,0.005788292039596893,0.0056696097329724769],[0.0057802190290866147,0.0058989138064741266,0.0058818192264890948,0.005788395855685362,0.0056696097329724769,0.0055509422925662773]],[[0.0074960771015160181,0.0076150073768602262,0.00678210699765401,0.0063317715484683132,0.00607699846351019,0.0059582793138567231],[0.0076150073768602262,0.0076387523081849285,0.00690094132827609,0.0064505426318571812,0.0061957342890837418,0.00607699846351019],[0.00678210699765401,0.00690094132827609,0.0066373917259745594,0.006373960940723321,0.0061786351036167515,0.0060599011495101485],[0.0063317715484683132,0.0064505426318571812,0.006373960940723321,0.0062295118596906235,0.0060851815374335476,0.0059664598510846259],[0.00607699846351019,0.0061957342890837418,0.0061786351036167515,0.0060851815374335476,0.0059663568122349155,0.0058476508092525706],[0.0059582793138567231,0.00607699846351019,0.0060599011495101485,0.0059664598510846259,0.0058476508092525706,0.0057289604734235191]],[[0.0076744999763994973,0.0077934671708819745,0.0069603821351334333,0.0065099493172700914,0.00625512194914941,0.0061363771260725128],[0.0077934671708819745,0.0078172273096720861,0.007079248254565019,0.0066287488350230553,0.0063738843337731487,0.00625512194914941],[0.0069603821351334333,0.007079248254565019,0.0068156402395364146,0.0065521510724022656,0.0063567821628688374,0.0062380217519518505],[0.0065099493172700914,0.0066287488350230553,0.0065521510724022656,0.0064076706681105589,0.0062633090503588923,0.0061445615634173256],[0.00625512194914941,0.0063738843337731487,0.0063567821628688374,0.0062633090503588923,0.0061444593373071637,0.0060257283722961888],[0.0061363771260725128,0.00625512194914941,0.0062380217519518505,0.0061445615634173256,0.0060257283722961888,0.00590701391214011]],[[0.0078529796037591481,0.0079719855627281237,0.0071387061640112246,0.0066881708369885091,0.0064332863120398383,0.0063145144587791954],[0.0079719855627281237,0.0079957616200098426,0.0072576056950426574,0.0068070002655854032,0.0065520766505914509,0.0064332863120398383],[0.0071387061640112246,0.0072576056950426574,0.0069939361970961633,0.0067303855794702567,0.006534971331606439,0.006416183074289648],[0.0066881708369885091,0.0068070002655854032,0.0067303855794702567,0.0065858722001950216,0.0064414776366708273,0.0063227029891902292],[0.0064332863120398383,0.0065520766505914509,0.006534971331606439,0.0064414776366708273,0.0063226016121337289,0.0062038443628225186],[0.0063145144587791954,0.0064332863120398383,0.006416183074289648,0.0063227029891902292,0.0062038443628225186,0.006085104493704115]],[[0.0080315188139016228,0.0081505654666728586,0.0073170815725211056,0.0068664383707591359,0.0066114936898014108,0.0064926933908024589],[0.0081505654666728586,0.008174358188248021,0.0074360162107357346,0.0069852992518585622,0.0067303134381257769,0.0066114936898014108],[0.0073170815725211056,0.0074360162107357346,0.0071722820244532227,0.0069086667525705258,0.0067132048007502634,0.0065943872463381809],[0.0068664383707591359,0.0069852992518585622,0.0069086667525705258,0.0067641186736156177,0.0066196894411336216,0.0065008862130528054],[0.0066114936898014108,0.0067303134381257769,0.0067132048007502634,0.0066196894411336216,0.0065007857226538979,0.0063820008080062423],[0.0064926933908024589,0.0066114936898014108,0.0065943872463381809,0.0065008862130528054,0.0063820008080062423,0.0062632341878743189]],[[0.0082101205671566233,0.00832920993241434,0.0074955109613446293,0.0070447542822979258,0.006789746314054909,0.0066709160916389393],[0.00832920993241434,0.00835302010122343,0.00761448247946681,0.0071636482265030575,0.0069085969923890515,0.006789746314054909],[0.0074955109613446293,0.00761448247946681,0.0073506802570981276,0.00708699698493673,0.0068914848585833735,0.0067726364920003548],[0.0070447542822979258,0.0071636482265030575,0.00708699698493673,0.0069424124050133313,0.0067979467038632975,0.0066791134120248114],[0.006789746314054909,0.0069085969923890515,0.0068914848585833735,0.0067979467038632975,0.0066790138475183161,0.0065601998250959222],[0.0066709160916389393,0.006789746314054909,0.0067726364920003548,0.0066791134120248114,0.0065601998250959222,0.0064414050521893482]],[[0.0083887879618874811,0.0085079221529882672,0.0076739970501655151,0.0072231210416304108,0.00696804651567197,0.0068491848265598452],[0.0085079221529882672,0.0085317505913466967,0.0077930073024627461,0.0073420497323678476,0.00708692971222145,0.00696804651567197],[0.0076739970501655151,0.0077930073024627461,0.0075291335463317406,0.0072653787780230265,0.0070698138960150533,0.0069509331343308783],[0.0072231210416304108,0.0073420497323678476,0.0072653787780230265,0.0071207558152938553,0.0069762517652884222,0.0068573868601814808],[0.00696804651567197,0.00708692971222145,0.0070698138960150533,0.0069762517652884222,0.0068572882626882587,0.00673844362565204],[0.0068491848265598452,0.00696804651567197,0.0069509331343308783,0.0068573868601814808,0.00673844362565204,0.0066196192357595553]],[[0.0085675242424560864,0.00868670547276178,0.0078525426843503218,0.007401541231012292,0.00714639673025879,0.0070275019619400313],[0.00868670547276178,0.0087105530445518737,0.0079715936111468284,0.0075205064285508161,0.00726531410493427,0.00714639673025879],[0.0078525426843503218,0.0079715936111468284,0.0077076446656041053,0.0074438147473898141,0.0072481944121287091,0.00712927960089208],[0.007401541231012292,0.0075205064285508161,0.0074438147473898141,0.0072991514352236334,0.0071546070714566552,0.0070357089337213605],[0.00714639673025879,0.00726531410493427,0.0072481944121287091,0.0071546070714566552,0.0070356113464504775,0.0069167345202704135],[0.0070275019619400313,0.00714639673025879,0.00712927960089208,0.0070357089337213605,0.0069167345202704135,0.0067978789836455628]],[[0.0087463328072969037,0.0088655633956189056,0.0080311508418283769,0.0075800175510763292,0.0073247995038867048,0.007205869970825683],[0.0088655633956189056,0.00888943100849336,0.0081502444741702752,0.0076990210967073751,0.0074437527922100889,0.0073247995038867048],[0.0080311508418283769,0.0081502444741702752,0.0078862165171082015,0.0076223076288599234,0.0074266290200131315,0.0073076784293959118],[0.0075800175510763292,0.0076990210967073751,0.0076223076288599234,0.0074776019113213877,0.0073330151796618115,0.0072140821163754407],[0.0073247995038867048,0.0074437527922100889,0.0074266290200131315,0.0073330151796618115,0.0072139855847939416,0.0070950749237088349],[0.007205869970825683,0.0073247995038867048,0.0073076784293959118,0.0072140821163754407,0.0070950749237088349,0.0069761866417033195]],[[0.00892521721720576,0.009044499593420411,0.0082098246402227456,0.007758552827235362,0.00750325749908475,0.0073842914387534653],[0.009044499593420411,0.0090683882010538525,0.00832896310472566,0.007877596647632816,0.007622248516274294,0.00750325749908475],[0.0082098246402227456,0.00832896310472566,0.0080648521386574613,0.0078008602849604257,0.0076051204528814571,0.0074861322736309421],[0.007758552827235362,0.007877596647632816,0.0078008602849604257,0.0076561100120468963,0.007511478764379801,0.0073925090051345519],[0.00750325749908475,0.007622248516274294,0.0076051204528814571,0.007511478764379801,0.0073924135771188879,0.0072734673603694509],[0.0073842914387534653,0.00750325749908475,0.0074861322736309421,0.0073925090051345519,0.0072734673603694509,0.007154544661821141]],[[0.00910418120391833,0.0092235179147956182,0.0083885673442737983,0.0079371500163663272,0.0076817735011075186,0.0075627690698367826],[0.0092235179147956182,0.0092474285192104509,0.0085077528681763923,0.0080562361281407424,0.0078008041463524108,0.0076817735011075186],[0.0083885673442737983,0.0085077528681763923,0.0082435547108720714,0.007979475711665943,0.0077836715704867722,0.007664643909680858],[0.0079371500163663272,0.0080562361281407424,0.007979475711665943,0.00783467863429436,0.0076900006235122546,0.007570992316287193],[0.0076817735011075186,0.0078008041463524108,0.0077836715704867722,0.0076900006235122546,0.00757089804226492,0.0074519144701115413],[0.0075627690698367826,0.0076817735011075186,0.007664643909680858,0.007570992316287193,0.0074519144701115413,0.0073329556075079584]],[[0.0092832286790341528,0.0094026223943125369,0.00856738237358669,0.008115812213796229,0.007860350424496081,0.0077413056931329273],[0.0094026223943125369,0.0094265560482975717,0.0086866172900305037,0.0082349427282582509,0.0079794226854303,0.007860350424496081],[0.00856738237358669,0.0086866172900305037,0.0084223275646963282,0.0081581570454598538,0.0079622853658462729,0.0078432162424442],[0.008115812213796229,0.0082349427282582509,0.0081581570454598538,0.00801331081020087,0.0078685836849424918,0.0077495348917673082],[0.007860350424496081,0.0079794226854303,0.0079622853658462729,0.0078685836849424918,0.0077494418248549059,0.0076304190143835606],[0.0077413056931329273,0.007860350424496081,0.0078432162424442,0.0077495348917673082,0.0076304190143835606,0.0075114221598102391]],[[0.00946236374332999,0.0095818172620640851,0.00874627331073157,0.0082945426606123637,0.0080389913199446147,0.0079199042693070924],[0.0095818172620640851,0.00960577507169999,0.0088655600642847873,0.0084137197887577553,0.0081581072773317352,0.0080389913199446147],[0.00874627331073157,0.0088655600642847873,0.0086011741892685414,0.0083369075707301326,0.0081409649722869529,0.008021852312466729],[0.0082945426606123637,0.0084137197887577553,0.0083369075707301326,0.0081920097142829315,0.0080472310134129012,0.0079281397058180263],[0.0080389913199446147,0.0081581072773317352,0.0081409649722869529,0.0080472310134129012,0.007928047901958989,0.00780898388267401],[0.0079199042693070924,0.0080389913199446147,0.008021852312466729,0.0079281397058180263,0.00780898388267401,0.0076899471235492862]],[[0.0096415906965002362,0.0097611069537035678,0.0089252439097227635,0.0084733447513148947,0.008217699381493037,0.008098567897610329],[0.0097611069537035678,0.0097850900810065346,0.009044585062163886,0.00859257080904557,0.0083368612141326553,0.008217699381493037],[0.0089252439097227635,0.009044585062163886,0.0087800982401648516,0.0085157307275182271,0.0083197136708291659,0.0082005553031017763],[0.0084733447513148947,0.00859257080904557,0.0085157307275182271,0.0083707786709163769,0.0082259458177361966,0.0081068098719812021],[0.008217699381493037,0.0083368612141326553,0.0083197136708291659,0.0082259458177361966,0.0081067193900870183,0.0079876120992852309],[0.008098567897610329,0.008217699381493037,0.0082005553031017763,0.0081068098719812021,0.0079876120992852309,0.0078685334338799966]],[[0.0098209140473562388,0.0099404961209601257,0.0091042981048993291,0.0086522220418332584,0.0083964779540600734,0.0082772998231869042],[0.0099404961209601257,0.0099645057866529149,0.0092236963412772217,0.00877149945542685,0.00851568794392813,0.0083964779540600734],[0.0091042981048993291,0.0092236963412772217,0.0089591035480375784,0.0086946301196390366,0.0084985348979239542,0.0083793285480130725],[0.0086522220418332584,0.00877149945542685,0.0086946301196390366,0.0085496211621762484,0.00840473145835539,0.0082855486504270822],[0.0083964779540600734,0.00851568794392813,0.0084985348979239542,0.00840473145835539,0.00828545955252211,0.00816630683044081],[0.0082772998231869042,0.0083964779540600734,0.0083793285480130725,0.0082855486504270822,0.00816630683044081,0.0080471841631765389]],[[0.010000338524513243,0.010119989642661559,0.0092834400202319069,0.0088311782579255076,0.0085753305413370784,0.008456103444729874],[0.010119989642661559,0.010144027129081044,0.0094028981552175643,0.0089505095697674925,0.0086945910789719676,0.0085753305413370784],[0.0092834400202319069,0.0094028981552175643,0.0091381941276696826,0.0088736095231915814,0.00867743225356244,0.008558175539038225],[0.0088311782579255076,0.0089505095697674925,0.0088736095231915814,0.0087285408360541928,0.0085835914552681823,0.0084643594556367552],[0.0085753305413370784,0.0086945910789719676,0.00867743225356244,0.0085835914552681823,0.0084642718070093888,0.0083450713917389268],[0.008456103444729874,0.0085753305413370784,0.008558175539038225,0.00