{"M_cells":[[[0,0,0,0,0,0,0],[0,0,0,0,0,0,0],[0,0,0,0,0,0,0],[0,0,0,0,0,0,0],[0,0,0,0,0,0,0],[0,0,0,0,0,0,0],[0,0,0,0,0,0,0]],[[5.5355381147771307E-12,3.1743229611331129E-11,2.8248180799985569E-11,4.1305647758562457E-11,2.8248180799985569E-11,3.1743229611331129E-11,5.5355381147771307E-12],[3.1743229611331129E-11,1.3355569490076374E-10,1.2213205779586975E-10,1.7241451742092217E-10,1.2213205779586975E-10,1.3355569490076374E-10,3.1743229611331129E-11],[2.8248180799985569E-11,1.2213205779586975E-10,1.4983377374527687E-10,1.7768183775507103E-10,1.4983377374527687E-10,1.2213205779586972E-10,2.8248180799985569E-11],[4.1305647758562457E-11,1.7241451742092217E-10,1.7768183775507103E-10,2.3425940814906761E-10,1.77681837755071E-10,1.7241451742092214E-10,4.1305647758562457E-11],[2.8248180799985569E-11,1.2213205779586975E-10,1.4983377374527687E-10,1.77681837755071E-10,1.4983377374527685E-10,1.2213205779586972E-10,2.8248180799985569E-11],[3.1743229611331129E-11,1.3355569490076374E-10,1.2213205779586972E-10,1.7241451742092214E-10,1.2213205779586972E-10,1.3355569490076372E-10,3.1743229611331129E-11],[5.5355381147771307E-12,3.1743229611331129E-11,2.8248180799985569E-11,4.1305647758562457E-11,2.8248180799985569E-11,3.1743229611331129E-11,5.5355381147771307E-12]],[[3.787522283722666E-11,1.2295735343624477E-10,1.1174479601972021E-10,1.5550291749979289E-10,1.1174479601972021E-10,1.2295735343624477E-10,3.787522283722666E-11],[1.2295735343624477E-10,3.1674172899502946E-10,2.9527528772342726E-10,3.948889751864994E-10,2.9527528772342726E-10,3.1674172899502952E-10,1.2295735343624477E-10],[1.1174479601972021E-10,2.9527528772342726E-10,3.4907792708955636E-10,4.0306562924346569E-10,3.4907792708955636E-10,2.9527528772342726E-10,1.1174479601972021E-10],[1.5550291749979289E-10,3.948889751864994E-10,4.0306562924346569E-10,5.1065382654409006E-10,4.0306562924346569E-10,3.948889751864994E-10,1.5550291749979292E-10],[1.1174479601972021E-10,2.9527528772342726E-10,3.4907792708955636E-10,4.0306562924346569E-10,3.4907792708955636E-10,2.9527528772342726E-10,1.1174479601972021E-10],[1.2295735343624477E-10,3.1674172899502952E-10,2.9527528772342726E-10,3.948889751864994E-10,2.9527528772342726E-10,3.1674172899502946E-10,1.2295735343624477E-10],[3.787522283722666E-11,1.2295735343624477E-10,1.1174479601972021E-10,1.5550291749979292E-10,1.1174479601972021E-10,1.2295735343624477E-10,3.787522283722666E-11]],[[1.1029712109923194E-10,2.678624666315112E-10,2.47290024503617E-10,3.3051607277350964E-10,2.47290024503617E-10,2.678624666315112E-10,1.1029712109923194E-10],[2.678624666315112E-10,5.4478932759760875E-10,5.1452816277608571E-10,6.6113854011736386E-10,5.1452816277608571E-10,5.4478932759760875E-10,2.678624666315112E-10],[2.47290024503617E-10,5.1452816277608571E-10,5.9248805882028921E-10,6.7066799165835347E-10,5.9248805882028921E-10,5.1452816277608571E-10,2.47290024503617E-10],[3.3051607277350964E-10,6.6113854011736386E-10,6.7066799165835347E-10,8.2422791237058936E-10,6.7066799165835347E-10,6.6113854011736386E-10,3.3051607277350969E-10],[2.47290024503617E-10,5.1452816277608571E-10,5.9248805882028921E-10,6.7066799165835347E-10,5.9248805882028921E-10,5.1452816277608571E-10,2.47290024503617E-10],[2.678624666315112E-10,5.4478932759760875E-10,5.1452816277608571E-10,6.6113854011736386E-10,5.1452816277608571E-10,5.4478932759760875E-10,2.678624666315112E-10],[1.1029712109923194E-10,2.678624666315112E-10,2.47290024503617E-10,3.3051607277350969E-10,2.47290024503617E-10,2.678624666315112E-10,1.1029712109923194E-10]],[[2.2765226006389432E-10,4.6135471839915679E-10,4.3114452110412595E-10,5.5733086123906381E-10,4.3114452110412595E-10,4.6135471839915679E-10,2.2765226006389432E-10],[4.6135471839915679E-10,8.136112004596466E-10,7.7568109950105985E-10,9.6631930906259825E-10,7.7568109950105985E-10,8.136112004596466E-10,4.6135471839915679E-10],[4.3114452110412595E-10,7.7568109950105985E-10,8.7584960371964428E-10,9.7626982721396827E-10,8.7584960371964428E-10,7.7568109950105974E-10,4.3114452110412595E-10],[5.5733086123906381E-10,9.6631930906259825E-10,9.7626982721396827E-10,1.1713319375393994E-9,9.7626982721396827E-10,9.6631930906259825E-10,5.5733086123906381E-10],[4.3114452110412595E-10,7.7568109950105985E-10,8.7584960371964428E-10,9.7626982721396827E-10,8.7584960371964428E-10,7.7568109950105974E-10,4.3114452110412595E-10],[4.6135471839915679E-10,8.136112004596466E-10,7.7568109950105974E-10,9.6631930906259825E-10,7.7568109950105974E-10,8.136112004596466E-10,4.6135471839915679E-10],[2.2765226006389432E-10,4.6135471839915679E-10,4.3114452110412595E-10,5.5733086123906381E-10,4.3114452110412595E-10,4.6135471839915679E-10,2.2765226006389432E-10]],[[3.9044744712571E-10,6.989121252887406E-10,6.594611699558555E-10,8.2904020272383754E-10,6.594611699558555E-10,6.989121252887406E-10,3.9044744712571E-10],[6.989121252887406E-10,1.1195692126737855E-9,1.0749450730190643E-9,1.3064223993984022E-9,1.0749450730190643E-9,1.1195692126737855E-9,6.989121252887406E-10],[6.594611699558555E-10,1.0749450730190643E-9,1.1954581622726227E-9,1.3162517628401152E-9,1.1954581622726227E-9,1.0749450730190643E-9,6.594611699558555E-10],[8.2904020272383754E-10,1.3064223993984022E-9,1.3162517628401152E-9,1.5488638711690612E-9,1.3162517628401152E-9,1.3064223993984022E-9,8.2904020272383754E-10],[6.594611699558555E-10,1.0749450730190643E-9,1.1954581622726227E-9,1.3162517628401152E-9,1.1954581622726227E-9,1.0749450730190643E-9,6.594611699558555E-10],[6.989121252887406E-10,1.1195692126737855E-9,1.0749450730190643E-9,1.3064223993984022E-9,1.0749450730190643E-9,1.1195692126737855E-9,6.989121252887406E-10],[3.9044744712571E-10,6.989121252887406E-10,6.594611699558555E-10,8.2904020272383754E-10,6.594611699558555E-10,6.989121252887406E-10,3.9044744712571E-10]],[[5.97049485593165E-10,9.76523005993169E-10,9.2852095382360082E-10,1.1402200976885038E-9,9.2852095382360072E-10,9.76523005993169E-10,5.97049485593165E-10],[9.76523005993169E-10,1.459431523831387E-9,1.4089384951209178E-9,1.6780855558200113E-9,1.4089384951209178E-9,1.459431523831387E-9,9.76523005993169E-10],[9.2852095382360082E-10,1.4089384951209178E-9,1.5480624070664944E-9,1.6874930864266811E-9,1.5480624070664944E-9,1.4089384951209178E-9,9.2852095382360072E-10],[1.1402200976885038E-9,1.6780855558200113E-9,1.6874930864266811E-9,1.9541677879271954E-9,1.6874930864266811E-9,1.6780855558200113E-9,1.1402200976885038E-9],[9.2852095382360072E-10,1.4089384951209178E-9,1.5480624070664944E-9,1.6874930864266811E-9,1.5480624070664944E-9,1.4089384951209178E-9,9.2852095382360072E-10],[9.76523005993169E-10,1.459431523831387E-9,1.4089384951209178E-9,1.6780855558200113E-9,1.4089384951209178E-9,1.459431523831387E-9,9.76523005993169E-10],[5.97049485593165E-10,9.76523005993169E-10,9.2852095382360072E-10,1.1402200976885038E-9,9.2852095382360072E-10,9.76523005993169E-10,5.97049485593165E-10]],[[8.4486616998627759E-10,1.2906278811606835E-9,1.234852510000841E-9,1.4865161155465618E-9,1.234852510000841E-9,1.2906278811606835E-9,8.4486616998627759E-10],[1.2906278811606835E-9,1.830331807196913E-9,1.7746596773815748E-9,2.0784579537685042E-9,1.7746596773815748E-9,1.830331807196913E-9,1.2906278811606835E-9],[1.234852510000841E-9,1.7746596773815748E-9,1.9308101709506745E-9,2.0872914635331358E-9,1.930810170950675E-9,1.774659677381575E-9,1.234852510000841E-9],[1.4865161155465618E-9,2.0784579537685042E-9,2.0872914635331358E-9,2.3849556151542622E-9,2.0872914635331362E-9,2.0784579537685042E-9,1.4865161155465618E-9],[1.234852510000841E-9,1.7746596773815748E-9,1.930810170950675E-9,2.0872914635331362E-9,1.930810170950675E-9,1.774659677381575E-9,1.234852510000841E-9],[1.2906278811606835E-9,1.830331807196913E-9,1.774659677381575E-9,2.0784579537685042E-9,1.774659677381575E-9,1.8303318071969132E-9,1.2906278811606835E-9],[8.4486616998627759E-10,1.2906278811606835E-9,1.234852510000841E-9,1.4865161155465618E-9,1.234852510000841E-9,1.2906278811606835E-9,8.4486616998627759E-10]],[[1.1309704492344518E-9,1.6380698632036276E-9,1.5752835612359639E-9,1.8643649537016608E-9,1.5752835612359639E-9,1.6380698632036276E-9,1.1309704492344518E-9],[1.6380698632036276E-9,2.2297310352582794E-9,2.1694531258576659E-9,2.5051010203875792E-9,2.1694531258576659E-9,2.2297310352582794E-9,1.6380698632036276E-9],[1.5752835612359639E-9,2.1694531258576659E-9,2.3411992957374592E-9,2.5132983443791591E-9,2.3411992957374592E-9,2.1694531258576659E-9,1.5752835612359639E-9],[1.8643649537016608E-9,2.5051010203875792E-9,2.5132983443791591E-9,2.8392459781973269E-9,2.5132983443791591E-9,2.5051010203875792E-9,1.8643649537016608E-9],[1.5752835612359639E-9,2.1694531258576659E-9,2.3411992957374592E-9,2.5132983443791591E-9,2.3411992957374592E-9,2.1694531258576659E-9,1.5752835612359639E-9],[1.6380698632036276E-9,2.2297310352582794E-9,2.1694531258576659E-9,2.5051010203875792E-9,2.1694531258576659E-9,2.2297310352582798E-9,1.6380698632036278E-9],[1.1309704492344518E-9,1.6380698632036276E-9,1.5752835612359639E-9,1.8643649537016608E-9,1.5752835612359639E-9,1.6380698632036278E-9,1.1309704492344518E-9]],[[1.4524221250764703E-9,2.01605096706822E-9,1.9469534404822879E-9,2.2708034346161429E-9,1.9469534404822879E-9,2.01605096706822E-9,1.4524221250764703E-9],[2.01605096706822E-9,2.65538214964987E-9,2.5909743585393341E-9,2.9559140476654519E-9,2.5909743585393341E-9,2.65538214964987E-9,2.01605096706822E-9],[1.9469534404822879E-9,2.5909743585393341E-9,2.7770337520561719E-9,2.9634663905226704E-9,2.7770337520561719E-9,2.5909743585393341E-9,1.9469534404822879E-9],[2.2708034346161429E-9,2.9559140476654519E-9,2.9634663905226704E-9,3.315315729587123E-9,2.9634663905226708E-9,2.9559140476654519E-9,2.2708034346161429E-9],[1.9469534404822879E-9,2.5909743585393341E-9,2.7770337520561719E-9,2.9634663905226708E-9,2.7770337520561723E-9,2.5909743585393345E-9,1.9469534404822879E-9],[2.01605096706822E-9,2.65538214964987E-9,2.5909743585393341E-9,2.9559140476654519E-9,2.5909743585393345E-9,2.65538214964987E-9,2.0160509670682203E-9],[1.4524221250764703E-9,2.01605096706822E-9,1.9469534404822879E-9,2.2708034346161429E-9,1.9469534404822879E-9,2.0160509670682203E-9,1.4524221250764703E-9]],[[1.8064258668953829E-9,2.4220930224772571E-9,2.3473042911091597E-9,2.7033347319517779E-9,2.3473042911091597E-9,2.4220930224772571E-9,1.8064258668953829E-9],[2.4220930224772571E-9,3.1052977667366912E-9,3.0371558005584455E-9,3.4290771845955989E-9,3.0371558005584455E-9,3.1052977667366912E-9,2.4220930224772571E-9],[2.3473042911091597E-9,3.0371558005584455E-9,3.2363849667684952E-9,3.4360062387018449E-9,3.2363849667684952E-9,3.0371558005584451E-9,2.3473042911091597E-9],[2.7033347319517779E-9,3.4290771845955989E-9,3.4360062387018449E-9,3.8116610125648371E-9,3.4360062387018449E-9,3.4290771845955989E-9,2.7033347319517779E-9],[2.3473042911091597E-9,3.0371558005584455E-9,3.2363849667684952E-9,3.4360062387018449E-9,3.2363849667684952E-9,3.0371558005584455E-9,2.3473042911091597E-9],[2.4220930224772571E-9,3.1052977667366912E-9,3.0371558005584451E-9,3.4290771845955989E-9,3.0371558005584455E-9,3.1052977667366916E-9,2.4220930224772575E-9],[1.8064258668953829E-9,2.4220930224772571E-9,2.3473042911091597E-9,2.7033347319517779E-9,2.3473042911091597E-9,2.4220930224772575E-9,1.8064258668953831E-9]],[[2.1904012829159053E-9,2.8540024894649523E-9,2.7740614049814378E-9,3.1598325444543705E-9,2.7740614049814378E-9,2.8540024894649523E-9,2.1904012829159053E-9],[2.8540024894649523E-9,3.5777209319943806E-9,3.5061750440902433E-9,3.9230068525396607E-9,3.5061750440902433E-9,3.5777209319943806E-9,2.8540024894649523E-9],[2.7740614049814378E-9,3.5061750440902433E-9,3.717558007808972E-9,3.9293506144745673E-9,3.7175580078089724E-9,3.5061750440902433E-9,2.7740614049814378E-9],[3.1598325444543705E-9,3.9230068525396607E-9,3.9293506144745673E-9,4.3269655899931356E-9,3.9293506144745673E-9,3.9230068525396607E-9,3.1598325444543705E-9],[2.7740614049814378E-9,3.5061750440902433E-9,3.7175580078089724E-9,3.9293506144745673E-9,3.7175580078089724E-9,3.5061750440902433E-9,2.7740614049814378E-9],[2.8540024894649523E-9,3.5777209319943806E-9,3.5061750440902433E-9,3.9230068525396607E-9,3.5061750440902433E-9,3.5777209319943806E-9,2.8540024894649527E-9],[2.1904012829159053E-9,2.8540024894649523E-9,2.7740614049814378E-9,3.1598325444543705E-9,2.7740614049814378E-9,2.8540024894649527E-9,2.1904012829159057E-9]],[[2.60200638013595E-9,3.3098387692316852E-9,3.2252088224635056E-9,3.6384708170513262E-9,3.2252088224635056E-9,3.3098387692316852E-9,2.60200638013595E-9],[3.3098387692316852E-9,4.0710988336692914E-9,3.99642602051651E-9,4.4363202243973376E-9,3.99642602051651E-9,4.0710988336692914E-9,3.3098387692316852E-9],[3.2252088224635056E-9,3.99642602051651E-9,4.21906215393572E-9,4.4421243030009824E-9,4.2190621539357208E-9,3.9964260205165111E-9,3.2252088224635056E-9],[3.6384708170513262E-9,4.4363202243973376E-9,4.4421243030009824E-9,4.860074786433357E-9,4.4421243030009824E-9,4.4363202243973384E-9,3.6384708170513262E-9],[3.2252088224635056E-9,3.99642602051651E-9,4.2190621539357208E-9,4.4421243030009824E-9,4.2190621539357208E-9,3.9964260205165111E-9,3.225208822463506E-9],[3.3098387692316852E-9,4.0710988336692914E-9,3.9964260205165111E-9,4.4363202243973384E-9,3.9964260205165111E-9,4.0710988336692922E-9,3.3098387692316856E-9],[2.60200638013595E-9,3.3098387692316852E-9,3.2252088224635056E-9,3.6384708170513262E-9,3.225208822463506E-9,3.3098387692316856E-9,2.6020063801359502E-9]],[[3.0391369472741075E-9,3.7878857255537479E-9,3.6989636892471741E-9,4.1376709615291984E-9,3.6989636892471741E-9,3.7878857255537479E-9,3.0391369472741075E-9],[3.7878857255537479E-9,4.5840593168347506E-9,4.5064932130729146E-9,4.9678064547174554E-9,4.5064932130729146E-9,4.5840593168347506E-9,3.7878857255537479E-9],[3.6989636892471741E-9,4.5064932130729146E-9,4.7395853453406239E-9,4.973118840642908E-9,4.7395853453406239E-9,4.5064932130729146E-9,3.6989636892471741E-9],[4.1376709615291984E-9,4.9678064547174554E-9,4.973118840642908E-9,5.4099738262751068E-9,4.9731188406429072E-9,4.9678064547174554E-9,4.1376709615291984E-9],[3.6989636892471741E-9,4.5064932130729146E-9,4.7395853453406239E-9,4.9731188406429072E-9,4.7395853453406239E-9,4.5064932130729146E-9,3.6989636892471741E-9],[3.7878857255537479E-9,4.5840593168347506E-9,4.5064932130729146E-9,4.9678064547174554E-9,4.5064932130729146E-9,4.5840593168347506E-9,3.7878857255537479E-9],[3.0391369472741075E-9,3.7878857255537479E-9,3.6989636892471741E-9,4.1376709615291984E-9,3.6989636892471741E-9,3.7878857255537479E-9,3.0391369472741075E-9]],[[3.4999141121939205E-9,4.2866261765309725E-9,4.1937512840881142E-9,4.6560612980324981E-9,4.1937512840881142E-9,4.2866261765309725E-9,3.4999141121939205E-9],[4.2866261765309725E-9,5.1153899971260818E-9,5.03512881087744E-9,5.516403041088664E-9,5.03512881087744E-9,5.1153899971260818E-9,4.2866261765309725E-9],[4.1937512840881142E-9,5.03512881087744E-9,5.2779720273225593E-9,5.52127105091622E-9,5.2779720273225593E-9,5.03512881087744E-9,4.1937512840881142E-9],[4.6560612980324981E-9,5.516403041088664E-9,5.52127105091622E-9,5.9757696602758747E-9,5.52127105091622E-9,5.516403041088664E-9,4.6560612980324981E-9],[4.1937512840881142E-9,5.03512881087744E-9,5.2779720273225593E-9,5.52127105091622E-9,5.2779720273225593E-9,5.03512881087744E-9,4.1937512840881142E-9],[4.2866261765309725E-9,5.1153899971260818E-9,5.03512881087744E-9,5.516403041088664E-9,5.03512881087744E-9,5.1153899971260818E-9,4.2866261765309725E-9],[3.4999141121939205E-9,4.2866261765309725E-9,4.1937512840881142E-9,4.6560612980324981E-9,4.1937512840881142E-9,4.2866261765309725E-9,3.4999141121939205E-9]],[[3.9826666927443874E-9,4.8047191282151154E-9,4.7081816918562372E-9,5.1924452113437125E-9,4.7081816918562372E-9,4.8047191282151154E-9,3.9826666927443874E-9],[4.8047191282151154E-9,5.6640197526946574E-9,5.5812325916736489E-9,6.08117616177096E-9,5.5812325916736489E-9,5.6640197526946574E-9,4.8047191282151154E-9],[4.7081816918562372E-9,5.5812325916736489E-9,5.8332039384030689E-9,6.0856447402587546E-9,5.8332039384030689E-9,5.5812325916736489E-9,4.7081816918562372E-9],[5.1924452113437125E-9,6.08117616177096E-9,6.0856447402587546E-9,6.5566755949916427E-9,6.0856447402587546E-9,6.08117616177096E-9,5.1924452113437125E-9],[4.7081816918562372E-9,5.5812325916736489E-9,5.8332039384030689E-9,6.0856447402587546E-9,5.8332039384030689E-9,5.5812325916736489E-9,4.7081816918562372E-9],[4.8047191282151154E-9,5.6640197526946574E-9,5.5812325916736489E-9,6.08117616177096E-9,5.5812325916736489E-9,5.6640197526946574E-9,4.8047191282151154E-9],[3.9826666927443874E-9,4.8047191282151154E-9,4.7081816918562372E-9,5.1924452113437125E-9,4.7081816918562372E-9,4.8047191282151154E-9,3.9826666927443874E-9]],[[4.4859118709829264E-9,5.3409795231566728E-9,5.2410285471232267E-9,5.7457756595492462E-9,5.2410285471232267E-9,5.3409795231566728E-9,4.4859118709829264E-9],[5.3409795231566728E-9,6.2290023673863387E-9,6.143834273195929E-9,6.6613041501036327E-9,6.143834273195929E-9,6.2290023673863387E-9,5.3409795231566728E-9],[5.2410285471232267E-9,6.143834273195929E-9,6.4043834423293032E-9,6.66541501263781E-9,6.4043834423293032E-9,6.143834273195929E-9,5.2410285471232267E-9],[5.7457756595492462E-9,6.6613041501036327E-9,6.66541501263781E-9,7.1519982005986823E-9,6.66541501263781E-9,6.6613041501036327E-9,5.7457756595492462E-9],[5.2410285471232267E-9,6.143834273195929E-9,6.4043834423293032E-9,6.66541501263781E-9,6.4043834423293032E-9,6.143834273195929E-9,5.2410285471232267E-9],[5.3409795231566728E-9,6.2290023673863387E-9,6.143834273195929E-9,6.6613041501036327E-9,6.143834273195929E-9,6.2290023673863387E-9,5.3409795231566728E-9],[4.4859118709829264E-9,5.3409795231566728E-9,5.2410285471232267E-9,5.7457756595492462E-9,5.2410285471232267E-9,5.3409795231566728E-9,4.4859118709829264E-9]],[[5.0083360258856028E-9,5.8943602781964368E-9,5.7912099607968795E-9,6.3151344171266758E-9,5.7912099607968795E-9,5.8943602781964368E-9,5.0083360258856028E-9],[5.8943602781964368E-9,6.8095021029705962E-9,6.722078062979821E-9,7.256063483730585E-9,6.722078062979821E-9,6.8095021029705954E-9,5.8943602781964368E-9],[5.7912099607968795E-9,6.722078062979821E-9,6.9907190527369621E-9,7.2598547707598165E-9,6.9907190527369621E-9,6.722078062979821E-9,5.7912099607968795E-9],[6.3151344171266758E-9,7.256063483730585E-9,7.2598547707598165E-9,7.76112609058209E-9,7.2598547707598165E-9,7.256063483730585E-9,6.3151344171266758E-9],[5.7912099607968795E-9,6.722078062979821E-9,6.9907190527369621E-9,7.2598547707598165E-9,6.9907190527369621E-9,6.722078062979821E-9,5.7912099607968795E-9],[5.8943602781964368E-9,6.8095021029705954E-9,6.722078062979821E-9,7.256063483730585E-9,6.722078062979821E-9,6.8095021029705954E-9,5.8943602781964368E-9],[5.0083360258856028E-9,5.8943602781964368E-9,5.7912099607968795E-9,6.3151344171266758E-9,5.7912099607968795E-9,5.8943602781964368E-9,5.0083360258856028E-9]],[[5.5487766308734556E-9,6.4639363905845592E-9,6.35777157160822E-9,6.8997149241564448E-9,6.35777157160822E-9,6.4639363905845592E-9,5.5487766308734556E-9],[6.4639363905845592E-9,7.4047809896608342E-9,7.3152091464499089E-9,7.864816819004836E-9,7.3152091464499089E-9,7.4047809896608334E-9,6.4639363905845592E-9],[6.35777157160822E-9,7.3152091464499089E-9,7.5915128459395479E-9,7.8683230550195579E-9,7.5915128459395479E-9,7.3152091464499089E-9,6.35777157160822E-9],[6.8997149241564448E-9,7.864816819004836E-9,7.8683230550195579E-9,8.3835202541857433E-9,7.8683230550195579E-9,7.864816819004836E-9,6.899714924156444E-9],[6.35777157160822E-9,7.3152091464499089E-9,7.5915128459395479E-9,7.8683230550195579E-9,7.5915128459395479E-9,7.3152091464499089E-9,6.3577715716082205E-9],[6.4639363905845592E-9,7.4047809896608334E-9,7.3152091464499089E-9,7.864816819004836E-9,7.3152091464499089E-9,7.4047809896608334E-9,6.4639363905845592E-9],[5.5487766308734556E-9,6.4639363905845592E-9,6.35777157160822E-9,6.899714924156444E-9,6.3577715716082205E-9,6.4639363905845592E-9,5.5487766308734556E-9]],[[6.1062056159250255E-9,7.04889090033904E-9,6.9398715778336176E-9,7.4988079393515326E-9,6.9398715778336176E-9,7.04889090033904E-9,6.1062056159250255E-9],[7.04889090033904E-9,8.0141876393885558E-9,7.9225618730304711E-9,8.48700270942623E-9,7.9225618730304711E-9,8.0141876393885558E-9,7.04889090033904E-9],[6.9398715778336176E-9,7.9225618730304711E-9,8.2061494996103E-9,8.4902549360097864E-9,8.2061494996103E-9,7.9225618730304711E-9,6.9398715778336176E-9],[7.4988079393515326E-9,8.48700270942623E-9,8.4902549360097864E-9,9.0187056880617473E-9,8.4902549360097864E-9,8.48700270942623E-9,7.4988079393515326E-9],[6.9398715778336176E-9,7.9225618730304711E-9,8.2061494996103E-9,8.4902549360097864E-9,8.2061494996103E-9,7.9225618730304711E-9,6.9398715778336185E-9],[7.04889090033904E-9,8.0141876393885558E-9,7.9225618730304711E-9,8.48700270942623E-9,7.9225618730304711E-9,8.0141876393885558E-9,7.04889090033904E-9],[6.1062056159250255E-9,7.04889090033904E-9,6.9398715778336176E-9,7.4988079393515326E-9,6.9398715778336185E-9,7.04889090033904E-9,6.1062056159250255E-9]],[[6.6797143209087039E-9,7.6485025089836262E-9,7.5367675673408583E-9,8.1117894146355175E-9,7.5367675673408583E-9,7.6485025089836262E-9,6.6797143209087039E-9],[7.6485025089836262E-9,8.6371474033504327E-9,8.5435494239384139E-9,9.1221267256151428E-9,8.5435494239384139E-9,8.6371474033504327E-9,7.6485025089836262E-9],[7.5367675673408583E-9,8.5435494239384139E-9,8.8340867324560322E-9,9.12515272715907E-9,8.8340867324560322E-9,8.5435494239384139E-9,7.5367675673408583E-9],[8.1117894146355175E-9,9.1221267256151428E-9,9.12515272715907E-9,9.6662641232958331E-9,9.12515272715907E-9,9.1221267256151428E-9,8.1117894146355175E-9],[7.5367675673408583E-9,8.5435494239384139E-9,8.8340867324560322E-9,9.12515272715907E-9,8.8340867324560322E-9,8.5435494239384139E-9,7.5367675673408583E-9],[7.6485025089836262E-9,8.6371474033504327E-9,8.5435494239384139E-9,9.1221267256151428E-9,8.5435494239384139E-9,8.6371474033504327E-9,7.6485025089836279E-9],[6.6797143209087039E-9,7.6485025089836262E-9,7.5367675673408583E-9,8.1117894146355175E-9,7.5367675673408583E-9,7.6485025089836279E-9,6.6797143209087047E-9]],[[7.26850002299605E-9,8.2621346693391573E-9,8.1478049546338851E-9,8.7381101598202185E-9,8.1478049546338851E-9,8.2621346693391573E-9,7.26850002299605E-9],[8.2621346693391573E-9,9.2731537128844985E-9,9.177654769921862E-9,9.7697537523660749E-9,9.177654769921862E-9,9.2731537128844985E-9,8.2621346693391573E-9],[8.1478049546338851E-9,9.177654769921862E-9,9.47484695240267E-9,9.7725783242992019E-9,9.47484695240267E-9,9.177654769921862E-9,8.1478049546338851E-9],[8.7381101598202185E-9,9.7697537523660749E-9,9.7725783242992019E-9,1.0325827682190587E-8,9.7725783242992019E-9,9.7697537523660749E-9,8.7381101598202185E-9],[8.1478049546338851E-9,9.177654769921862E-9,9.47484695240267E-9,9.7725783242992019E-9,9.47484695240267E-9,9.177654769921862E-9,8.1478049546338851E-9],[8.2621346693391573E-9,9.2731537128844985E-9,9.177654769921862E-9,9.7697537523660749E-9,9.177654769921862E-9,9.2731537128845E-9,8.262134669339159E-9],[7.26850002299605E-9,8.2621346693391573E-9,8.1478049546338851E-9,8.7381101598202185E-9,8.1478049546338851E-9,8.262134669339159E-9,7.2685000229960519E-9]],[[7.8718539490178685E-9,8.8892259768116429E-9,8.7724068392768248E-9,9.3772869710837451E-9,8.7724068392768248E-9,8.8892259768116429E-9,7.8718539490178685E-9],[8.8892259768116429E-9,9.921760459867818E-9,9.82442275073299E-9,1.0429501281920874E-8,9.82442275073299E-9,9.921760459867818E-9,8.8892259768116429E-9],[8.7724068392768248E-9,9.82442275073299E-9,1.012800994868146E-8,1.0432146511172996E-8,1.012800994868146E-8,9.82442275073299E-9,8.7724068392768248E-9],[9.3772869710837451E-9,1.0429501281920874E-8,1.0432146511172996E-8,1.0997073328890083E-8,1.0432146511172996E-8,1.0429501281920875E-8,9.3772869710837467E-9],[8.7724068392768248E-9,9.82442275073299E-9,1.012800994868146E-8,1.0432146511172996E-8,1.012800994868146E-8,9.82442275073299E-9,8.7724068392768248E-9],[8.8892259768116429E-9,9.921760459867818E-9,9.82442275073299E-9,1.0429501281920875E-8,9.82442275073299E-9,9.921760459867818E-9,8.8892259768116445E-9],[7.8718539490178685E-9,8.8892259768116429E-9,8.7724068392768248E-9,9.3772869710837467E-9,8.7724068392768248E-9,8.8892259768116445E-9,7.87185394901787E-9]],[[8.4891506513382972E-9,9.5292817087476626E-9,9.4100651133783035E-9,1.0028894971600158E-8,9.4100651133783035E-9,9.5292817087476626E-9,8.4891506513382972E-9],[9.5292817087476626E-9,1.058257528903588E-8,1.0483453129730328E-8,1.1101033555918609E-8,1.0483453129730328E-8,1.058257528903588E-8,9.5292817087476626E-9],[9.4100651133783035E-9,1.0483453129730328E-8,1.0793206487024052E-8,1.1103519095921925E-8,1.0793206487024052E-8,1.0483453129730328E-8,9.4100651133783035E-9],[1.0028894971600158E-8,1.1101033555918609E-8,1.1103519095921925E-8,1.1679718001300505E-8,1.1103519095921925E-8,1.1101033555918609E-8,1.0028894971600158E-8],[9.4100651133783035E-9,1.0483453129730328E-8,1.0793206487024052E-8,1.1103519095921925E-8,1.0793206487024052E-8,1.0483453129730328E-8,9.4100651133783035E-9],[9.5292817087476626E-9,1.058257528903588E-8,1.0483453129730328E-8,1.1101033555918609E-8,1.0483453129730328E-8,1.058257528903588E-8,9.5292817087476626E-9],[8.4891506513382972E-9,9.5292817087476626E-9,9.4100651133783035E-9,1.0028894971600158E-8,9.4100651133783035E-9,9.5292817087476626E-9,8.4891506513382988E-9]],[[9.119838615328755E-9,1.0181866374233561E-8,1.0060332662295154E-8,1.0692560966689219E-8,1.0060332662295154E-8,1.0181866374233561E-8,9.119838615328755E-9],[1.0181866374233561E-8,1.125525368958824E-8,1.1154394496347078E-8,1.1784056434345604E-8,1.1154394496347078E-8,1.125525368958824E-8,1.0181866374233561E-8],[1.0060332662295154E-8,1.1154394496347078E-8,1.1470112687444504E-8,1.1786399764788752E-8,1.1470112687444504E-8,1.1154394496347078E-8,1.0060332662295154E-8],[1.0692560966689219E-8,1.1784056434345604E-8,1.1786399764788752E-8,1.2373514330348722E-8,1.1786399764788752E-8,1.1784056434345604E-8,1.0692560966689219E-8],[1.0060332662295154E-8,1.1154394496347078E-8,1.1470112687444504E-8,1.1786399764788752E-8,1.1470112687444504E-8,1.1154394496347078E-8,1.0060332662295154E-8],[1.0181866374233561E-8,1.125525368958824E-8,1.1154394496347078E-8,1.1784056434345604E-8,1.1154394496347078E-8,1.125525368958824E-8,1.0181866374233561E-8],[9.119838615328755E-9,1.0181866374233561E-8,1.0060332662295154E-8,1.0692560966689219E-8,1.0060332662295154E-8,1.0181866374233561E-8,9.1198386153287567E-9]],[[9.7634319677117756E-9,1.0846597151763929E-8,1.0722816519930388E-8,1.1367957655704936E-8,1.0722816519930388E-8,1.0846597151763929E-8,9.7634319677117756E-9],[1.0846597151763929E-8,1.1939493787048771E-8,1.1836938906224067E-8,1.2478312890204087E-8,1.1836938906224067E-8,1.1939493787048771E-8,1.0846597151763929E-8],[1.0722816519930388E-8,1.1836938906224067E-8,1.2158445081321211E-8,1.2480529556675673E-8,1.2158445081321211E-8,1.1836938906224067E-8,1.0722816519930388E-8],[1.1367957655704936E-8,1.2478312890204087E-8,1.2480529556675673E-8,1.3078246867575838E-8,1.2480529556675673E-8,1.2478312890204087E-8,1.1367957655704936E-8],[1.0722816519930388E-8,1.1836938906224067E-8,1.2158445081321211E-8,1.2480529556675673E-8,1.2158445081321211E-8,1.1836938906224067E-8,1.0722816519930388E-8],[1.0846597151763929E-8,1.1939493787048771E-8,1.1836938906224067E-8,1.2478312890204087E-8,1.1836938906224067E-8,1.1939493787048771E-8,1.0846597151763929E-8],[9.7634319677117756E-9,1.0846597151763929E-8,1.0722816519930388E-8,1.1367957655704936E-8,1.0722816519930388E-8,1.0846597151763929E-8,9.7634319677117772E-9]],[[1.0419503162244514E-8,1.1523138106212435E-8,1.1397171856589659E-8,1.2054798572850526E-8,1.1397171856589659E-8,1.1523138106212435E-8,1.0419503162244514E-8],[1.1523138106212435E-8,1.2635031748559405E-8,1.253081716369311E-8,1.3183579044912889E-8,1.253081716369311E-8,1.2635031748559405E-8,1.1523138106212435E-8],[1.1397171856589659E-8,1.253081716369311E-8,1.2857956259127417E-8,1.3185682876580855E-8,1.2857956259127417E-8,1.253081716369311E-8,1.1397171856589659E-8],[1.2054798572850526E-8,1.3183579044912889E-8,1.3185682876580855E-8,1.3793728754207914E-8,1.3185682876580855E-8,1.3183579044912889E-8,1.2054798572850526E-8],[1.1397171856589659E-8,1.253081716369311E-8,1.2857956259127417E-8,1.3185682876580855E-8,1.2857956259127417E-8,1.253081716369311E-8,1.1397171856589659E-8],[1.1523138106212435E-8,1.2635031748559405E-8,1.253081716369311E-8,1.3183579044912889E-8,1.253081716369311E-8,1.2635031748559405E-8,1.1523138106212435E-8],[1.0419503162244514E-8,1.1523138106212435E-8,1.1397171856589659E-8,1.2054798572850526E-8,1.1397171856589659E-8,1.1523138106212435E-8,1.0419503162244516E-8]],[[1.1087676529183542E-8,1.2211195089346599E-8,1.2083096692694219E-8,1.2752833652064447E-8,1.2083096692694219E-8,1.2211195089346599E-8,1.1087676529183542E-8],[1.2211195089346599E-8,1.3341637725640888E-8,1.3235794664207148E-8,1.3899660672634973E-8,1.3235794664207148E-8,1.3341637725640888E-8,1.2211195089346599E-8],[1.2083096692694219E-8,1.3235794664207148E-8,1.3568431032596751E-8,1.3901663977899367E-8,1.3568431032596751E-8,1.3235794664207148E-8,1.2083096692694219E-8],[1.2752833652064447E-8,1.3899660672634973E-8,1.3901663977899367E-8,1.4519798774805006E-8,1.3901663977899367E-8,1.3899660672634973E-8,1.2752833652064447E-8],[1.2083096692694219E-8,1.3235794664207148E-8,1.3568431032596751E-8,1.3901663977899367E-8,1.3568431032596751E-8,1.3235794664207148E-8,1.2083096692694219E-8],[1.2211195089346599E-8,1.3341637725640888E-8,1.3235794664207148E-8,1.3899660672634973E-8,1.3235794664207148E-8,1.3341637725640888E-8,1.2211195089346599E-8],[1.1087676529183542E-8,1.2211195089346599E-8,1.2083096692694219E-8,1.2752833652064447E-8,1.2083096692694219E-8,1.2211195089346599E-8,1.1087676529183543E-8]],[[1.1767622585925246E-8,1.2910511239721882E-8,1.2780327245432813E-8,1.3461845329010897E-8,1.2780327245432813E-8,1.2910511239721882E-8,1.1767622585925246E-8],[1.2910511239721882E-8,1.4059112268052554E-8,1.3951667725461019E-8,1.4626390112501718E-8,1.3951667725461018E-8,1.4059112268052552E-8,1.2910511239721882E-8],[1.2780327245432813E-8,1.3951667725461019E-8,1.4289683045686298E-8,1.4628303853577818E-8,1.4289683045686296E-8,1.3951667725461018E-8,1.2780327245432813E-8],[1.3461845329010897E-8,1.4626390112501718E-8,1.4628303853577818E-8,1.5256318746821111E-8,1.4628303853577818E-8,1.4626390112501718E-8,1.3461845329010897E-8],[1.2780327245432813E-8,1.3951667725461018E-8,1.4289683045686296E-8,1.4628303853577818E-8,1.4289683045686296E-8,1.3951667725461018E-8,1.2780327245432813E-8],[1.2910511239721882E-8,1.4059112268052552E-8,1.3951667725461018E-8,1.4626390112501718E-8,1.3951667725461018E-8,1.4059112268052552E-8,1.2910511239721882E-8],[1.1767622585925246E-8,1.2910511239721882E-8,1.2780327245432813E-8,1.3461845329010897E-8,1.2780327245432813E-8,1.2910511239721882E-8,1.1767622585925246E-8]],[[1.2459053017151853E-8,1.3620863008141182E-8,1.348863382764637E-8,1.4181645107378977E-8,1.348863382764637E-8,1.3620863008141182E-8,1.2459053017151853E-8],[1.3620863008141182E-8,1.4787283150809881E-8,1.4678260345550864E-8,1.53636235366006E-8,1.4678260345550864E-8,1.478728315080988E-8,1.3620863008141182E-8],[1.348863382764637E-8,1.4678260345550864E-8,1.502155177770871E-8,1.5365457484524577E-8,1.502155177770871E-8,1.4678260345550864E-8,1.348863382764637E-8],[1.4181645107378977E-8,1.53636235366006E-8,1.5365457484524577E-8,1.600317120426884E-8,1.5365457484524577E-8,1.53636235366006E-8,1.4181645107378977E-8],[1.348863382764637E-8,1.4678260345550864E-8,1.502155177770871E-8,1.5365457484524577E-8,1.502155177770871E-8,1.4678260345550864E-8,1.348863382764637E-8],[1.3620863008141182E-8,1.478728315080988E-8,1.4678260345550864E-8,1.53636235366006E-8,1.4678260345550864E-8,1.4787283150809881E-8,1.3620863008141184E-8],[1.2459053017151853E-8,1.3620863008141182E-8,1.348863382764637E-8,1.4181645107378977E-8,1.348863382764637E-8,1.3620863008141184E-8,1.2459053017151853E-8]],[[1.3161716243188625E-8,1.4342056644068261E-8,1.4207817228935412E-8,1.4912070528072497E-8,1.420781722893541E-8,1.4342056644068261E-8,1.3161716243188625E-8],[1.4342056644068261E-8,1.5526002563802163E-8,1.54154213347849E-8,1.6111238528997107E-8,1.54154213347849E-8,1.5526002563802163E-8,1.4342056644068261E-8],[1.4207817228935412E-8,1.54154213347849E-8,1.5763899889689989E-8,1.6113001400782073E-8,1.5763899889689989E-8,1.54154213347849E-8,1.420781722893541E-8],[1.4912070528072497E-8,1.6111238528997107E-8,1.6113001400782073E-8,1.6760257339438135E-8,1.6113001400782073E-8,1.6111238528997107E-8,1.4912070528072497E-8],[1.420781722893541E-8,1.54154213347849E-8,1.5763899889689989E-8,1.6113001400782073E-8,1.5763899889689989E-8,1.54154213347849E-8,1.4207817228935412E-8],[1.4342056644068261E-8,1.5526002563802163E-8,1.54154213347849E-8,1.6111238528997107E-8,1.54154213347849E-8,1.5526002563802166E-8,1.4342056644068262E-8],[1.3161716243188625E-8,1.4342056644068261E-8,1.420781722893541E-8,1.4912070528072497E-8,1.4207817228935412E-8,1.4342056644068262E-8,1.3161716243188625E-8]],[[1.3875393504860361E-8,1.507392508649821E-8,1.4937705518272617E-8,1.5652982489123383E-8,1.4937705518272613E-8,1.507392508649821E-8,1.3875393504860361E-8],[1.507392508649821E-8,1.6275144619891885E-8,1.6163021774856093E-8,1.6869131937259531E-8,1.6163021774856089E-8,1.6275144619891882E-8,1.507392508649821E-8],[1.4937705518272617E-8,1.6163021774856093E-8,1.651661087156717E-8,1.6870831516984202E-8,1.6516610871567167E-8,1.6163021774856089E-8,1.4937705518272613E-8],[1.5652982489123383E-8,1.6869131937259531E-8,1.6870831516984202E-8,1.7527495171467038E-8,1.6870831516984202E-8,1.6869131937259531E-8,1.5652982489123383E-8],[1.4937705518272613E-8,1.6163021774856089E-8,1.6516610871567167E-8,1.6870831516984202E-8,1.651661087156717E-8,1.6163021774856093E-8,1.4937705518272617E-8],[1.507392508649821E-8,1.6275144619891882E-8,1.6163021774856089E-8,1.6869131937259531E-8,1.6163021774856093E-8,1.6275144619891885E-8,1.507392508649821E-8],[1.3875393504860361E-8,1.507392508649821E-8,1.4937705518272613E-8,1.5652982489123383E-8,1.4937705518272617E-8,1.507392508649821E-8,1.3875393504860363E-8]],[[1.4599895401805538E-8,1.5816325209931384E-8,1.5678151215476654E-8,1.6404262871777784E-8,1.567815121547665E-8,1.5816325209931384E-8,1.4599895401805538E-8],[1.5816325209931384E-8,1.7034603143002775E-8,1.6920952765210158E-8,1.7637217963198633E-8,1.6920952765210158E-8,1.7034603143002775E-8,1.5816325209931384E-8],[1.5678151215476654E-8,1.6920952765210158E-8,1.7279586953471544E-8,1.7638861208760851E-8,1.7279586953471544E-8,1.6920952765210158E-8,1.567815121547665E-8],[1.6404262871777784E-8,1.7637217963198633E-8,1.7638861208760851E-8,1.8304817914694477E-8,1.7638861208760851E-8,1.7637217963198633E-8,1.6404262871777784E-8],[1.567815121547665E-8,1.6920952765210158E-8,1.7279586953471544E-8,1.7638861208760851E-8,1.7279586953471544E-8,1.6920952765210158E-8,1.5678151215476654E-8],[1.5816325209931384E-8,1.7034603143002775E-8,1.6920952765210158E-8,1.7637217963198633E-8,1.6920952765210158E-8,1.7034603143002775E-8,1.5816325209931384E-8],[1.4599895401805538E-8,1.5816325209931384E-8,1.567815121547665E-8,1.6404262871777784E-8,1.5678151215476654E-8,1.5816325209931384E-8,1.4599895401805538E-8]],[[1.5335058828957751E-8,1.6569135382328631E-8,1.6429028785853759E-8,1.7165812434514302E-8,1.6429028785853756E-8,1.6569135382328631E-8,1.5335058828957751E-8],[1.6569135382328631E-8,1.7804289702577E-8,1.768912342168949E-8,1.84154264639615E-8,1.7689123421689486E-8,1.7804289702577E-8,1.6569135382328631E-8],[1.6429028785853759E-8,1.768912342168949E-8,1.8052747249151104E-8,1.8417019601120242E-8,1.8052747249151104E-8,1.7689123421689486E-8,1.6429028785853756E-8],[1.7165812434514302E-8,1.84154264639615E-8,1.8417019601120242E-8,1.9092172523227632E-8,1.8417019601120242E-8,1.84154264639615E-8,1.7165812434514302E-8],[1.6429028785853756E-8,1.7689123421689486E-8,1.8052747249151104E-8,1.8417019601120242E-8,1.8052747249151104E-8,1.768912342168949E-8,1.6429028785853759E-8],[1.6569135382328631E-8,1.7804289702577E-8,1.7689123421689486E-8,1.84154264639615E-8,1.768912342168949E-8,1.7804289702577E-8,1.6569135382328631E-8],[1.5335058828957751E-8,1.6569135382328631E-8,1.6429028785853756E-8,1.7165812434514302E-8,1.6429028785853759E-8,1.6569135382328631E-8,1.5335058828957751E-8]],[[1.6080744262780009E-8,1.7332253297394986E-8,1.7190232418330241E-8,1.7937548942044143E-8,1.7190232418330241E-8,1.7332253297394986E-8,1.6080744262780009E-8],[1.7332253297394986E-8,1.8584131865039718E-8,1.8467459097069814E-8,1.9203701438403675E-8,1.8467459097069814E-8,1.8584131865039718E-8,1.7332253297394986E-8],[1.7190232418330241E-8,1.8467459097069814E-8,1.883602610373315E-8,1.9205250043597218E-8,1.883602610373315E-8,1.8467459097069814E-8,1.7190232418330241E-8],[1.7937548942044143E-8,1.9203701438403675E-8,1.9205250043597218E-8,1.9889518391168315E-8,1.9205250043597218E-8,1.9203701438403675E-8,1.7937548942044143E-8],[1.7190232418330241E-8,1.8467459097069814E-8,1.883602610373315E-8,1.9205250043597218E-8,1.883602610373315E-8,1.8467459097069814E-8,1.7190232418330241E-8],[1.7332253297394986E-8,1.8584131865039718E-8,1.8467459097069814E-8,1.9203701438403675E-8,1.8467459097069814E-8,1.8584131865039718E-8,1.7332253297394986E-8],[1.6080744262780009E-8,1.7332253297394986E-8,1.7190232418330241E-8,1.7937548942044143E-8,1.7190232418330241E-8,1.7332253297394986E-8,1.6080744262780009E-8]],[[1.6836833354896886E-8,1.8105594048288875E-8,1.7961674052582427E-8,1.871940550079883E-8,1.7961674052582427E-8,1.8105594048288875E-8,1.6836833354896886E-8],[1.8105594048288875E-8,1.9374071636598396E-8,1.9255899797011693E-8,2.000199967689864E-8,1.9255899797011693E-8,1.9374071636598396E-8,1.8105594048288875E-8],[1.7961674052582427E-8,1.9255899797011693E-8,1.9629371621593543E-8,2.0003508750181103E-8,1.9629371621593543E-8,1.9255899797011693E-8,1.7961674052582427E-8],[1.871940550079883E-8,2.000199967689864E-8,2.0003508750181103E-8,2.0696826190530682E-8,2.0003508750181103E-8,2.000199967689864E-8,1.871940550079883E-8],[1.7961674052582427E-8,1.9255899797011693E-8,1.9629371621593543E-8,2.0003508750181103E-8,1.9629371621593543E-8,1.9255899797011693E-8,1.7961674052582427E-8],[1.8105594048288875E-8,1.9374071636598396E-8,1.9255899797011693E-8,2.000199967689864E-8,1.9255899797011693E-8,1.9374071636598396E-8,1.8105594048288875E-8],[1.6836833354896886E-8,1.8105594048288875E-8,1.7961674052582427E-8,1.871940550079883E-8,1.7961674052582427E-8,1.8105594048288875E-8,1.6836833354896886E-8]],[[1.7603226796079086E-8,1.888908841400245E-8,1.8743281625138368E-8,1.9511329076176976E-8,1.8743281625138368E-8,1.888908841400245E-8,1.7603226796079086E-8],[1.888908841400245E-8,2.0174064074913655E-8,2.0054398768316796E-8,2.0810289555512862E-8,2.0054398768316796E-8,2.0174064074913655E-8,1.888908841400245E-8],[1.8743281625138368E-8,2.0054398768316796E-8,2.0432744353168838E-8,2.0811763584808026E-8,2.0432744353168838E-8,2.0054398768316796E-8,1.8743281625138368E-8],[1.9511329076176976E-8,2.0810289555512862E-8,2.0811763584808026E-8,2.1514076831104378E-8,2.0811763584808026E-8,2.0810289555512862E-8,1.9511329076176976E-8],[1.8743281625138368E-8,2.0054398768316796E-8,2.0432744353168838E-8,2.0811763584808026E-8,2.0432744353168838E-8,2.0054398768316796E-8,1.8743281625138368E-8],[1.888908841400245E-8,2.0174064074913655E-8,2.0054398768316796E-8,2.0810289555512862E-8,2.0054398768316796E-8,2.0174064074913655E-8,1.888908841400245E-8],[1.7603226796079086E-8,1.888908841400245E-8,1.8743281625138368E-8,1.9511329076176976E-8,1.8743281625138368E-8,1.888908841400245E-8,1.7603226796079086E-8]],[[1.8379842418195855E-8,1.9682681333261847E-8,1.9534997508287344E-8,2.0313279170054223E-8,1.9534997508287344E-8,1.9682681333261847E-8,1.8379842418195855E-8],[1.9682681333261847E-8,2.0984076049969397E-8,2.0862921239297261E-8,2.1628549957872972E-8,2.0862921239297261E-8,2.0984076049969397E-8,1.9682681333261847E-8],[1.9534997508287344E-8,2.0862921239297261E-8,2.1246116122208889E-8,2.1629992975606937E-8,2.1246116122208889E-8,2.0862921239297261E-8,1.9534997508287344E-8],[2.0313279170054223E-8,2.1628549957872972E-8,2.1629992975606937E-8,2.2341260528451595E-8,2.1629992975606937E-8,2.1628549957872972E-8,2.0313279170054223E-8],[1.9534997508287344E-8,2.0862921239297261E-8,2.1246116122208889E-8,2.16299929756