{"M_cells":[[[0,0,0,0,0],[0,0,0,0,0],[0,0,0,0,0],[0,0,0,0,0],[0,0,0,0,0]],[[0.00040332943719639396,0.00096529123817989514,0.0011323328835531664,0.00096529123817989514,0.00040332943719639396],[0.00096529123817989514,0.0019391874168286053,0.0022369601764533117,0.0019391874168286053,0.00096529123817989514],[0.0011323328835531664,0.0022369601764533117,0.0025783096663487145,0.0022369601764533117,0.0011323328835531664],[0.00096529123817989514,0.0019391874168286053,0.0022369601764533117,0.0019391874168286053,0.00096529123817989525],[0.00040332943719639396,0.00096529123817989514,0.0011323328835531664,0.00096529123817989525,0.00040332943719639396]],[[0.0020443502510331477,0.003267945414499397,0.0036509948016144626,0.003267945414499397,0.0020443502510331477],[0.003267945414499397,0.0047800392969818313,0.0052648668979153219,0.0047800392969818313,0.003267945414499397],[0.0036509948016144626,0.0052648668979153219,0.0057836232392278631,0.0052648668979153219,0.0036509948016144626],[0.003267945414499397,0.0047800392969818313,0.0052648668979153219,0.0047800392969818313,0.003267945414499397],[0.0020443502510331477,0.003267945414499397,0.0036509948016144626,0.003267945414499397,0.0020443502510331477]],[[0.0046562030254739305,0.0062963921520529636,0.0068250469293981717,0.0062963921520529636,0.0046562030254739305],[0.0062963921520529636,0.0080960996339101074,0.00868636241951075,0.0080960996339101074,0.0062963921520529636],[0.0068250469293981717,0.00868636241951075,0.0092971633256335971,0.00868636241951075,0.0068250469293981708],[0.0062963921520529636,0.0080960996339101074,0.00868636241951075,0.0080960996339101074,0.0062963921520529636],[0.0046562030254739305,0.0062963921520529636,0.0068250469293981708,0.0062963921520529636,0.0046562030254739305]],[[0.0078380815479418085,0.00970968285932279,0.010322576958225832,0.00970968285932279,0.0078380815479418085],[0.00970968285932279,0.011660789507336927,0.012307930459622527,0.011660789507336927,0.00970968285932279],[0.010322576958225832,0.012307930459622527,0.012966488318264859,0.012307930459622527,0.010322576958225832],[0.00970968285932279,0.011660789507336927,0.012307930459622527,0.011660789507336927,0.00970968285932279],[0.0078380815479418085,0.00970968285932279,0.010322576958225832,0.00970968285932279,0.0078380815479418085]],[[0.011329787350271897,0.01332479747025932,0.013983653089572258,0.01332479747025932,0.011329787350271897],[0.01332479747025932,0.015355023773539141,0.016032240366275277,0.015355023773539141,0.01332479747025932],[0.013983653089572258,0.016032240366275277,0.016715578001040766,0.016032240366275277,0.013983653089572258],[0.01332479747025932,0.015355023773539141,0.016032240366275277,0.015355023773539143,0.01332479747025932],[0.011329787350271897,0.01332479747025932,0.013983653089572258,0.01332479747025932,0.011329787350271897]],[[0.014985383608778921,0.017045191476119576,0.017728479572116419,0.017045191476119576,0.014985383608778921],[0.017045191476119576,0.019116619041458244,0.019809587761240519,0.019116619041458244,0.017045191476119576],[0.017728479572116419,0.019809587761240519,0.020505783740334991,0.019809587761240519,0.017728479572116419],[0.017045191476119576,0.019116619041458244,0.019809587761240519,0.019116619041458244,0.017045191476119576],[0.014985383608778921,0.017045191476119576,0.017728479572116419,0.017045191476119576,0.014985383608778921]],[[0.018726747670492556,0.020820360344066282,0.021516477818667043,0.020820360344066282,0.018726747670492556],[0.020820360344066282,0.022913205842601585,0.023614386384722165,0.022913205842601585,0.020820360344066282],[0.021516477818667043,0.023614386384722165,0.0243172548184369,0.023614386384722165,0.021516477818667043],[0.020820360344066282,0.022913205842601585,0.023614386384722165,0.022913205842601585,0.020820360344066282],[0.018726747670492556,0.020820360344066282,0.021516477818667043,0.020820360344066282,0.018726747670492556]],[[0.02251279141530714,0.024623989511577613,0.025326803366100079,0.024623989511577613,0.02251279141530714],[0.024623989511577613,0.026727957842653451,0.027433409085098497,0.026727957842653451,0.024623989511577613],[0.025326803366100079,0.027433409085098497,0.028139739562063289,0.027433409085098497,0.025326803366100079],[0.024623989511577613,0.026727957842653451,0.027433409085098497,0.026727957842653451,0.024623989511577613],[0.02251279141530714,0.024623989511577613,0.025326803366100079,0.024623989511577613,0.02251279141530714]],[[0.026322060637128247,0.028442392769007844,0.029148690920784193,0.028442392769007844,0.026322060637128247],[0.028442392769007844,0.030552131852556404,0.031259800630166666,0.030552131852556404,0.028442392769007844],[0.029148690920784193,0.031259800630166666,0.031967926337016936,0.031259800630166666,0.02914869092078419],[0.028442392769007844,0.030552131852556404,0.031259800630166666,0.030552131852556407,0.028442392769007844],[0.026322060637128247,0.028442392769007844,0.02914869092078419,0.028442392769007844,0.026322060637128247]],[[0.030143386072378223,0.032268455625364394,0.032976562838142279,0.032268455625364394,0.030143386072378223],[0.032268455625364394,0.034381183012854637,0.0350900009544865,0.034381183012854637,0.032268455625364394],[0.032976562838142279,0.0350900009544865,0.035799055832768066,0.035090000954486486,0.032976562838142272],[0.032268455625364394,0.034381183012854637,0.035090000954486486,0.034381183012854637,0.032268455625364394],[0.030143386072378223,0.032268455625364394,0.032976562838142272,0.032268455625364394,0.030143386072378223]],[[0.03397095804677399,0.03609847797968075,0.036807521855188548,0.036098477979680743,0.03397095804677399],[0.03609847797968075,0.038212745559921622,0.038922156540273721,0.038212745559921615,0.036098477979680743],[0.036807521855188548,0.038922156540273721,0.039631689901754343,0.038922156540273721,0.036807521855188541],[0.036098477979680743,0.038212745559921615,0.038922156540273721,0.038212745559921615,0.036098477979680743],[0.03397095804677399,0.036098477979680743,0.036807521855188541,0.036098477979680743,0.033970958046773983]],[[0.037801753086366005,0.039930532154390422,0.040640058191163092,0.039930532154390415,0.037801753086366],[0.039930532154390422,0.042045584237305679,0.042755298181119762,0.042045584237305672,0.039930532154390415],[0.040640058191163092,0.042755298181119762,0.043465074765924837,0.042755298181119762,0.040640058191163092],[0.039930532154390415,0.042045584237305672,0.042755298181119762,0.042045584237305672,0.039930532154390415],[0.037801753086366,0.039930532154390415,0.040640058191163092,0.039930532154390415,0.037801753086366]],[[0.04163419434950142,0.043763609991520805,0.044473380800110082,0.0437636099915208,0.041634194349501413],[0.043763609991520805,0.045879049993385011,0.046588914874345869,0.045879049993385004,0.0437636099915208],[0.044473380800110082,0.046588914874345869,0.047298811113995684,0.046588914874345869,0.044473380800110075],[0.0437636099915208,0.045879049993385004,0.046588914874345869,0.045879049993385004,0.0437636099915208],[0.041634194349501413,0.0437636099915208,0.044473380800110075,0.0437636099915208,0.041634194349501413]],[[0.0454674555005374,0.047597180060032204,0.048307070910645233,0.0475971800600322,0.045467455500537393],[0.047597180060032204,0.049712797485631892,0.050422732841787631,0.049712797485631892,0.0475971800600322],[0.048307070910645233,0.050422732841787631,0.051132683032070907,0.050422732841787631,0.048307070910645233],[0.0475971800600322,0.049712797485631892,0.050422732841787631,0.049712797485631892,0.0475971800600322],[0.045467455500537393,0.0475971800600322,0.048307070910645233,0.0475971800600322,0.045467455500537393]],[[0.04930109923086716,0.051430957819466154,0.052140902371589033,0.051430957819466154,0.04930109923086716],[0.051430957819466154,0.053546638455494344,0.054256600870095227,0.053546638455494344,0.051430957819466154],[0.052140902371589033,0.054256600870095227,0.05496656923644315,0.054256600870095227,0.052140902371589033],[0.051430957819466154,0.053546638455494344,0.054256600870095227,0.053546638455494344,0.051430957819466154],[0.04930109923086716,0.051430957819466154,0.052140902371589033,0.051430957819466154,0.04930109923086716]],[[0.053134889602378783,0.055264786312568891,0.055974748431595181,0.055264786312568891,0.053134889602378783],[0.055264786312568891,0.057380465602509347,0.058090430781204724,0.057380465602509347,0.055264786312568891],[0.055974748431595181,0.058090430781204724,0.058800396976491955,0.058090430781204724,0.055974748431595181],[0.055264786312568891,0.057380465602509347,0.058090430781204724,0.057380465602509347,0.055264786312568891],[0.053134889602378783,0.055264786312568891,0.055974748431595181,0.055264786312568891,0.053134889602378783]],[[0.056968694620592279,0.05909857421015878,0.059808533331148363,0.05909857421015878,0.056968694620592279],[0.05909857421015878,0.061214213033293566,0.061924166494342778,0.061214213033293566,0.05909857421015878],[0.059808533331148363,0.061924166494342778,0.062634118064798475,0.061924166494342778,0.059808533331148363],[0.05909857421015878,0.061214213033293566,0.061924166494342778,0.061214213033293566,0.05909857421015878],[0.056968694620592279,0.05909857421015878,0.059808533331148363,0.05909857421015878,0.056968694620592279]],[[0.06080243562933095,0.062932263610157316,0.063642207132757339,0.062932263610157316,0.06080243562933095],[0.062932263610157316,0.065047835682611008,0.065757767915718274,0.065047835682611008,0.062932263610157316],[0.063642207132757339,0.065757767915718274,0.066467696381177874,0.065757767915718274,0.063642207132757339],[0.062932263610157316,0.065047835682611008,0.065757767915718274,0.065047835682611008,0.062932263610157316],[0.06080243562933095,0.062932263610157316,0.063642207132757339,0.062932263610157316,0.06080243562933095]],[[0.064636060996144232,0.066765813269866608,0.067475732601187416,0.066765813269866608,0.064636060996144232],[0.066765813269866608,0.068881298573011326,0.06959120251592564,0.068881298573011326,0.066765813269866608],[0.067475732601187416,0.06959120251592564,0.070301101324396986,0.06959120251592564,0.067475732601187416],[0.066765813269866608,0.068881298573011326,0.06959120251592564,0.068881298573011326,0.066765813269866608],[0.064636060996144232,0.066765813269866608,0.067475732601187416,0.066765813269866608,0.064636060996144232]],[[0.068469532396392058,0.070599189840682766,0.071309078330134418,0.070599189840682766,0.068469532396392058],[0.070599189840682766,0.07271457117393576,0.073424440890683035,0.07271457117393576,0.070599189840682766],[0.071309078330134418,0.073424440890683035,0.0741343043444079,0.073424440890683035,0.071309078330134418],[0.070599189840682766,0.07271457117393576,0.073424440890683035,0.07271457117393576,0.070599189840682766],[0.068469532396392058,0.070599189840682766,0.071309078330134418,0.070599189840682766,0.068469532396392058]],[[0.072302817628969493,0.074432363249456318,0.075142215104289,0.074432363249456318,0.072302817628969493],[0.074432363249456318,0.076547624401091141,0.0772574543826572,0.076547624401091141,0.074432363249456318],[0.075142215104289,0.0772574543826572,0.077967277067190671,0.0772574543826572,0.075142215104289],[0.074432363249456318,0.076547624401091141,0.0772574543826572,0.076547624401091141,0.074432363249456318],[0.072302817628969493,0.074432363249456318,0.075142215104289,0.074432363249456318,0.072302817628969493]],[[0.0761358868153942,0.0782653042255788,0.0789751139341748,0.0782653042255788,0.0761358868153942],[0.0782653042255788,0.080380428979728885,0.081090213766592353,0.080380428979728885,0.0782653042255788],[0.0789751139341748,0.081090213766592353,0.081799990239757217,0.081090213766592353,0.0789751139341748],[0.0782653042255788,0.080380428979728885,0.081090213766592353,0.080380428979728885,0.0782653042255788],[0.0761358868153942,0.0782653042255788,0.0789751139341748,0.0782653042255788,0.0761358868153942]],[[0.079968710348368374,0.082097982935092934,0.082807744952621568,0.082097982935092934,0.079968710348368374],[0.082097982935092934,0.084212954509049393,0.084922688479529815,0.084212954509049393,0.082097982935092934],[0.082807744952621568,0.084922688479529815,0.08563241309400034,0.084922688479529815,0.082807744952621568],[0.082097982935092934,0.084212954509049393,0.084922688479529815,0.084212954509049393,0.082097982935092934],[0.079968710348368374,0.082097982935092934,0.082807744952621568,0.082097982935092934,0.079968710348368374]],[[0.083801257741601465,0.085930368182507474,0.086640076751412692,0.085930368182507474,0.083801257741601465],[0.085930368182507474,0.088045168883379182,0.088754846126711515,0.088045168883379182,0.085930368182507474],[0.086640076751412692,0.088754846126711515,0.08946451292061891,0.088754846126711515,0.086640076751412692],[0.085930368182507474,0.088045168883379182,0.088754846126711515,0.088045168883379182,0.085930368182507474],[0.083801257741601465,0.085930368182507474,0.086640076751412692,0.085930368182507474,0.083801257741601465]],[[0.087633496940222391,0.089762426899757025,0.090472075938897611,0.089762426899757025,0.087633496940222391],[0.089762426899757025,0.091877037890728042,0.09258665212270091,0.091877037890728042,0.089762426899757025],[0.090472075938897611,0.09258665212270091,0.093296254744105356,0.09258665212270091,0.090472075938897611],[0.089762426899757025,0.091877037890728042,0.09258665212270091,0.091877037890728042,0.089762426899757025],[0.087633496940222391,0.089762426899757025,0.090472075938897611,0.089762426899757025,0.087633496940222391]],[[0.091465393862550287,0.0935941237761853,0.094303706804120133,0.0935941237761853,0.091465393862550287],[0.0935941237761853,0.095708524895030234,0.096418069394173564,0.095708524895030234,0.0935941237761853],[0.094303706804120133,0.096418069394173564,0.097127601041552755,0.096418069394173564,0.094303706804120133],[0.0935941237761853,0.095708524895030234,0.096418069394173564,0.095708524895030234,0.0935941237761853],[0.091465393862550287,0.0935941237761853,0.094303706804120133,0.0935941237761853,0.091465393862550287]],[[0.095296912053564387,0.0974254209529749,0.098134931027369809,0.0974254209529749,0.095296912053564387],[0.0974254209529749,0.099539590552668616,0.10024905810543321,0.099539590552668616,0.0974254209529749],[0.098134931027369809,0.10024905810543321,0.10095851147478636,0.10024905810543321,0.098134931027369809],[0.0974254209529749,0.099539590552668616,0.10024905810543321,0.099539590552668616,0.0974254209529749],[0.095296912053564387,0.0974254209529749,0.098134931027369809,0.0974254209529749,0.095296912053564387]],[[0.099128012387290229,0.10125627774151628,0.10196570740518046,0.10125627774151628,0.099128012387290229],[0.10125627774151628,0.10337019253683638,0.10407957538561929,0.10337019253683638,0.10125627774151628],[0.10196570740518046,0.10407957538561929,0.10478894261915564,0.10407957538561929,0.10196570740518046],[0.10125627774151628,0.10337019253683638,0.10407957538561929,0.10337019253683638,0.10125627774151628],[0.099128012387290229,0.10125627774151628,0.10196570740518046,0.10125627774151628,0.099128012387290229]],[[0.10295865278464369,0.10508665034382868,0.10579599157230819,0.10508665034382868,0.10295865278464369],[0.10508665034382868,0.10720028525510281,0.10790957504576804,0.10720028525510281,0.10508665034382868],[0.10579599157230819,0.10790957504576804,0.10861884767940228,0.10790957504576804,0.10579599157230819],[0.10508665034382868,0.10720028525510281,0.10790957504576804,0.10720028525510281,0.10508665034382868],[0.10295865278464369,0.10508665034382868,0.10579599157230819,0.10508665034382868,0.10295865278464369]],[[0.10678878792859715,0.10891649156278746,0.10962573571067546,0.10891649156278746,0.10678878792859715],[0.10891649156278746,0.11102981955164708,0.11173900727861168,0.11102981955164708,0.10891649156278746],[0.10962573571067546,0.11173900727861168,0.1124481761866437,0.11173900727861168,0.10962573571067546],[0.10891649156278746,0.11102981955164708,0.11173900727861168,0.11102981955164708,0.10891649156278746],[0.10678878792859715,0.10891649156278746,0.10962573571067546,0.10891649156278746,0.10678878792859715]],[[0.11061836896610126,0.1127457504946982,0.11345488823905486,0.1127457504946982,0.11061836896610126],[0.1127457504946982,0.11485874238859466,0.11556781833630182,0.11485874238859466,0.1127457504946982],[0.11345488823905486,0.11556781833630182,0.11627687367223807,0.11556781833630182,0.11345488823905486],[0.1127457504946982,0.11485874238859466,0.11556781833630182,0.11485874238859466,0.1127457504946982],[0.11061836896610126,0.1127457504946982,0.11345488823905486,0.1127457504946982,0.11061836896610126]],[[0.11444734319040178,0.11657437219930837,0.11728339347911231,0.11657437219930837,0.11444734319040178],[0.11657437219930837,0.11868699650245726,0.1193959501823935,0.11868699650245726,0.11657437219930837],[0.11728339347911231,0.1193959501823935,0.120104881315154,0.1193959501823935,0.11728339347911231],[0.11657437219930837,0.11868699650245726,0.1193959501823935,0.11868699650245726,0.11657437219930837],[0.11444734319040178,0.11657437219930837,0.11728339347911231,0.11657437219930837,0.11444734319040178]],[[0.11827565369917042,0.12040229734346276,0.12111119129432259,0.12040229734346276,0.11827565369917042],[0.12040229734346276,0.12251452003230562,0.12322334011490084,0.12251452003230562,0.12040229734346276],[0.12111119129432259,0.12322334011490084,0.12393213555978111,0.12322334011490084,0.12111119129432259],[0.12040229734346276,0.12251452003230562,0.12322334011490084,0.12251452003230562,0.12040229734346276],[0.11827565369917042,0.12040229734346276,0.12111119129432259,0.12040229734346276,0.11827565369917042]],[[0.12210323902484918,0.12422946181507991,0.12493821669857831,0.12422946181507989,0.12210323902484918],[0.12422946181507991,0.12634124611651046,0.12704992035732326,0.12634124611651046,0.12422946181507989],[0.12493821669857831,0.12704992035732326,0.12775856770112656,0.12704992035732326,0.12493821669857831],[0.12422946181507989,0.12634124611651046,0.12704992035732326,0.12634124611651049,0.12422946181507991],[0.12210323902484918,0.12422946181507989,0.12493821669857831,0.12422946181507991,0.12210323902484918]],[[0.12593003273396017,0.12805579630434824,0.12876439943138068,0.12805579630434821,0.12593003273396014],[0.12805579630434824,0.13016710245494931,0.13087561761453984,0.13016710245494931,0.12805579630434821],[0.12876439943138068,0.13087561761453984,0.13158410343429433,0.13087561761453984,0.12876439943138068],[0.12805579630434821,0.13016710245494931,0.13087561761453984,0.13016710245494931,0.12805579630434824],[0.12593003273396014,0.12805579630434821,0.12876439943138068,0.12805579630434824,0.12593003273396017]],[[0.12975596299217657,0.1318812258488464,0.13258966349647539,0.1318812258488464,0.12975596299217657],[0.1318812258488464,0.1339920108333528,0.13470035259026519,0.1339920108333528,0.1318812258488464],[0.13258966349647539,0.13470035259026519,0.13540866236491478,0.13470035259026519,0.13258966349647539],[0.1318812258488464,0.1339920108333528,0.13470035259026519,0.1339920108333528,0.1318812258488464],[0.12975596299217657,0.1318812258488464,0.13258966349647539,0.1318812258488464,0.12975596299217657]],[[0.13358095209185453,0.13570566933932401,0.1364139266602783,0.13570566933932401,0.13358095209185453],[0.13570566933932401,0.13781588660631797,0.13852403946246733,0.13781588660631797,0.13570566933932401],[0.1364139266602783,0.13852403946246733,0.13923215747688794,0.13852403946246733,0.1364139266602783],[0.13570566933932401,0.13781588660631797,0.13852403946246733,0.13781588660631797,0.13570566933932401],[0.13358095209185453,0.13570566933932401,0.1364139266602783,0.13570566933932401,0.13358095209185453]],[[0.13740491593854351,0.13952903898234592,0.1402370999067884,0.13952903898234592,0.13740491593854351],[0.13952903898234592,0.14163863813518279,0.14234658531302505,0.14163863813518279,0.13952903898234592],[0.1402370999067884,0.14234658531302505,0.14305449455366151,0.14234658531302505,0.1402370999067884],[0.13952903898234592,0.14163863813518279,0.14234658531302505,0.14163863813518279,0.13952903898234592],[0.13740491593854351,0.13952903898234592,0.1402370999067884,0.13952903898234592,0.13740491593854351]],[[0.14122776349269545,0.14335123971604344,0.14405908684470503,0.14335123971604344,0.14122776349269545],[0.14335123971604344,0.14546016617670798,0.14616788950740039,0.14546016617670798,0.14335123971604344],[0.14405908684470503,0.14616788950740039,0.14687557154876738,0.14616788950740039,0.14405908684470503],[0.14335123971604344,0.14546016617670798,0.14616788950740039,0.14546016617670798,0.14335123971604344],[0.14122776349269545,0.14335123971604344,0.14405908684470503,0.14335123971604344,0.14122776349269545]],[[0.14504939616251736,0.14717216857462742,0.1478797830625809,0.14717216857462742,0.14504939616251736],[0.14717216857462742,0.14928036321810181,0.14998784301985271,0.14928036321810181,0.14717216857462742],[0.1478797830625809,0.14998784301985271,0.15069527790107715,0.14998784301985271,0.1478797830625809],[0.14717216857462742,0.14928036321810181,0.14998784301985271,0.14928036321810181,0.14717216857462742],[0.14504939616251736,0.14717216857462742,0.1478797830625809,0.14717216857462742,0.14504939616251736]],[[0.14886970714355954,0.15099171399710931,0.15169907542734154,0.15099171399710931,0.14886970714355954],[0.15099171399710931,0.15309911275360832,0.15380632769933972,0.15309911275360832,0.15099171399710931],[0.15169907542734154,0.15380632769933972,0.15451349378985182,0.15380632769933972,0.15169907542734154],[0.15099171399710931,0.15309911275360832,0.15380632769933972,0.15309911275360832,0.15099171399710931],[0.14886970714355954,0.15099171399710931,0.15169907542734154,0.15099171399710931,0.14886970714355954]],[[0.15268858070030561,0.15480975507524755,0.15551684132112487,0.15480975507524755,0.15268858070030561],[0.15480975507524755,0.15691628849746722,0.157623215470839,0.15691628849746722,0.15480975507524755],[0.15551684132112487,0.157623215470839,0.15833008932424911,0.157623215470839,0.15551684132112487],[0.15480975507524755,0.15691628849746722,0.157623215470839,0.15691628849746722,0.15480975507524755],[0.15268858070030561,0.15480975507524755,0.15551684132112487,0.15480975507524755,0.15268858070030561]],[[0.15650589138454304,0.15862616073531013,0.15933294781093707,0.15862616073531013,0.15650589138454304],[0.15862616073531013,0.16073175352759755,0.16143836746636181,0.16073175352759755,0.15862616073531013],[0.15933294781093707,0.16143836746636181,0.16214492366147951,0.16143836746636181,0.15933294781093707],[0.15862616073531013,0.16073175352759755,0.16143836746636181,0.16073175352759755,0.15862616073531013],[0.15650589138454304,0.15862616073531013,0.15933294781093707,0.15862616073531013,0.15650589138454304]],[[0.16032150318499838,0.16244078884787075,0.16314725074528572,0.16244078884787075,0.16032150318499838],[0.16244078884787075,0.16454535935398909,0.16525163307956947,0.16454535935398909,0.16244078884787075],[0.16314725074528572,0.16525163307956947,0.165957844047442,0.16525163307956947,0.16314725074528572],[0.16244078884787075,0.16454535935398909,0.16525163307956947,0.16454535935398909,0.16244078884787075],[0.16032150318499838,0.16244078884787075,0.16314725074528572,0.16244078884787075,0.16032150318499838]],[[0.16413526860214442,0.16625348525934858,0.16695959377142752,0.16625348525934858,0.16413526860214442],[0.16625348525934858,0.1683569449052639,0.16906284893737,0.1683569449052639,0.16625348525934858],[0.16695959377142752,0.16906284893737,0.16976868477313439,0.16906284893737,0.16695959377142752],[0.16625348525934858,0.1683569449052639,0.16906284893737,0.1683569449052639,0.16625348525934858],[0.16413526860214442,0.16625348525934858,0.16695959377142752,0.16625348525934858,0.16413526860214442]],[[0.16794702764188874,0.17006408273865117,0.17076980726645058,0.17006408273865117,0.16794702764188874],[0.17006408273865117,0.1721663354265052,0.17287183778149942,0.1721663354265052,0.17006408273865117],[0.17076980726645058,0.17287183778149942,0.17357726603975546,0.17287183778149942,0.17076980726645058],[0.17006408273865117,0.1721663354265052,0.17287183778149942,0.1721663354265052,0.17006408273865117],[0.16794702764188874,0.17006408273865117,0.17076980726645058,0.17006408273865117,0.16794702764188874]],[[0.17175660672098786,0.17387239983165403,0.17457770717491519,0.17387239983165403,0.17175660672098786],[0.17387239983165403,0.17597334128084921,0.17667840725251158,0.17597334128084921,0.17387239983165403],[0.17457770717491519,0.17667840725251158,0.17738339272483911,0.17667840725251158,0.17457770717491519],[0.17387239983165403,0.17597334128084921,0.17667840725251158,0.17597334128084921,0.17387239983165403],[0.17175660672098786,0.17387239983165403,0.17457770717491519,0.17387239983165403,0.17175660672098786]],[[0.17556381747704505,0.17767823961599091,0.17838309374539238,0.17767823961599091,0.17556381747704505],[0.17767823961599091,0.17977775664705775,0.18048234856830311,0.17977775664705775,0.17767823961599091],[0.17838309374539238,0.18048234856830311,0.18118685304146692,0.18048234856830311,0.17838309374539238],[0.17767823961599091,0.17977775664705775,0.18048234856830311,0.17977775664705775,0.17767823961599091],[0.17556381747704505,0.17767823961599091,0.17838309374539238,0.17767823961599091,0.17556381747704505]],[[0.17936845547514366,0.18148138834803029,0.18218575015771749,0.18148138834803029,0.17936845547514366],[0.18148138834803029,0.18357935810472176,0.18428343508874934,0.18357935810472176,0.18148138834803029],[0.18218575015771749,0.18428343508874934,0.18498741708205355,0.18428343508874934,0.18218575015771749],[0.18148138834803029,0.18357935810472176,0.18428343508874934,0.18357935810472176,0.18148138834803029],[0.17936845547514366,0.18148138834803029,0.18218575015771749,0.18148138834803029,0.17936845547514366]],[[0.18317029880293725,0.185281613993649,0.18598544103249023,0.185281613993649,0.18317029880293725],[0.185281613993649,0.18737790309850355,0.18808142075778772,0.18737790309850355,0.185281613993649],[0.18598544103249023,0.18808142075778772,0.18878483523797782,0.18808142075778772,0.18598544103249023],[0.185281613993649,0.18737790309850355,0.18808142075778772,0.18737790309850355,0.185281613993649],[0.18317029880293725,0.185281613993649,0.18598544103249023,0.185281613993649,0.18317029880293725]],[[0.1869691065456078,0.18907866463399661,0.18978191081392784,0.18907866463399661,0.1869691065456078],[0.18907866463399661,0.19117312827243443,0.19187603841390424,0.19117312827243443,0.18907866463399661],[0.18978191081392784,0.19187603841390424,0.19257883648595633,0.19187603841390424,0.18978191081392784],[0.18907866463399661,0.19117312827243443,0.19187603841390424,0.19117312827243443,0.18907866463399661],[0.1869691065456078,0.18907866463399661,0.18978191081392784,0.18907866463399661,0.1869691065456078]],[[0.1907646171317707,0.19287226673718347,0.19357488201701362,0.19287226673718347,0.1907646171317707],[0.19287226673718347,0.194964747665112,0.19566699795984069,0.194964747665112,0.19287226673718347],[0.19357488201701362,0.19566699795984069,0.19636912653194494,0.19566699795984069,0.19357488201701362],[0.19287226673718347,0.194964747665112,0.19566699795984069,0.194964747665112,0.19287226673718347],[0.1907646171317707,0.19287226673718347,0.19357488201701362,0.19287226673718347,0.1907646171317707]],[[0.194556546541251,0.19666212328679467,0.19736405332971449,0.19666212328679467,0.194556546541251],[0.19666212328679467,0.19875245075663447,0.19945398438232206,0.19875245075663447,0.19666212328679467],[0.19736405332971449,0.19945398438232206,0.20015538580335548,0.19945398438232206,0.19736405332971449],[0.19666212328679467,0.19875245075663447,0.19945398438232206,0.19875245075663447,0.19666212328679467],[0.194556546541251,0.19666212328679467,0.19736405332971449,0.19666212328679467,0.194556546541251]],[[0.19834458636555757,0.20044791175796431,0.20114909756118343,0.20044791175796431,0.19834458636555757],[0.20044791175796431,0.2025359003581256,0.20323665561272117,0.2025359003581256,0.20044791175796431],[0.20114909756118343,0.20323665561272117,0.20393726728053005,0.20323665561272117,0.20114909756118343],[0.20044791175796431,0.2025359003581256,0.20323665561272117,0.2025359003581256,0.20044791175796431],[0.19834458636555757,0.20044791175796431,0.20114909756118343,0.20044791175796431,0.19834458636555757]],[[0.20212840171203361,0.20422928193226994,0.20492965942698013,0.20422928193226994,0.20212840171203361],[0.20422928193226994,0.20631473033523431,0.20701464022003963,0.20631473033523431,0.20422928193226994],[0.20492965942698013,0.20701464022003963,0.20771439415892215,0.20701464022003963,0.20492965942698013],[0.20422928193226994,0.20631473033523431,0.20701464022003963,0.20631473033523431,0.20422928193226994],[0.20212840171203361,0.20422928193226994,0.20492965942698013,0.20422928193226994,0.20212840171203361]],[[0.20590762894301745,0.20800585354289078,0.20870535316311456,0.20800585354289078,0.20590762894301745],[0.20800585354289078,0.21008854315749181,0.21078753492827296,0.21008854315749181,0.20800585354289078],[0.20870535316311456,0.21078753492827296,0.21148635733417734,0.21078753492827296,0.20870535316311456],[0.20800585354289078,0.21008854315749181,0.21078753492827296,0.21008854315749181,0.20800585354289078],[0.20590762894301745,0.20800585354289078,0.20870535316311456,0.20800585354289078,0.20590762894301745]],[[0.20968187324196763,0.21177721374253525,0.21247575996134005,0.21177721374253525,0.20968187324196763],[0.21177721374253525,0.21385690726653514,0.21455490195129243,0.21385690726653514,0.21177721374253525],[0.21247575996134005,0.21455490195129243,0.21525271270343829,0.21455490195129243,0.21247575996134005],[0.21177721374253525,0.21385690726653514,0.21455490195129243,0.21385690726653514,0.21177721374253525],[0.20968187324196763,0.21177721374253525,0.21247575996134005,0.21177721374253525,0.20968187324196763]],[[0.21345070599951912,0.21554291438781428,0.21624042521974426,0.21554291438781428,0.21345070599951912],[0.21554291438781428,0.21761935425772722,0.21831626614007965,0.21761935425772722,0.21554291438781428],[0.21624042521974426,0.21831626614007965,0.219012978277991,0.21831626614007965,0.21624042521974426],[0.21554291438781428,0.21761935425772722,0.21831626614007965,0.21761935425772722,0.21554291438781428],[0.21345070599951912,0.21554291438781428,0.21624042521974426,0.21554291438781428,0.21345070599951912]],[[0.21721366201399533,0.21930246913539386,0.21999885560421642,0.21930246913539386,0.21721366201399533],[0.21930246913539386,0.22137537587159642,0.22207111193907589,0.22137537587159642,0.21930246913539386],[0.21999885560421642,0.22207111193907589,0.22276663110439152,0.22207111193907589,0.21999885560421642],[0.21930246913539386,0.22137537587159642,0.22207111193907589,0.22137537587159642,0.21930246913539386],[0.21721366201399533,0.21930246913539386,0.21999885560421642,0.21930246913539386,0.21721366201399533]],[[0.22097023650270978,0.22305535034771881,0.22375051591897871,0.22305535034771881,0.22097023650270978],[0.22305535034771881,0.22512442079433456,0.22581888015135831,0.22512442079433456,0.22305535034771881],[0.22375051591897871,0.22581888015135831,0.22651310399427593,0.22581888015135831,0.22375051591897871],[0.22305535034771881,0.22512442079433456,0.22581888015135831,0.22512442079433456,0.22305535034771881],[0.22097023650270978,0.22305535034771881,0.22375051591897871,0.22305535034771881,0.22097023650270978]],[[0.2247198819232461,0.22680098580897343,0.22749482578739139,0.22680098580897343,0.2247198819232461],[0.22680098580897343,0.22886589126985427,0.22955896451574895,0.22886589126985427,0.22680098580897343],[0.22749482578739139,0.22955896451574895,0.23025178206659055,0.22955896451574895,0.22749482578739139],[0.22680098580897343,0.22886589126985427,0.22955896451574895,0.22886589126985427,0.22680098580897343],[0.2247198819232461,0.22680098580897343,0.22749482578739139,0.22680098580897343,0.2247198819232461]],[[0.22846200460689645,0.23053875525558881,0.23123115614804304,0.23053875525558881,0.22846200460689645],[0.23053875525558881,0.23259913953000441,0.23329070810320654,0.23259913953000441,0.23053875525558881],[0.23123115614804304,0.23329070810320654,0.23398199911035852,0.23329070810320654,0.23123115614804304],[0.23053875525558881,0.23259913953000441,0.23329070810320654,0.23259913953000441,0.23053875525558881],[0.22846200460689645,0.23053875525558881,0.23123115614804304,0.23053875525558881,0.22846200460689645]],[[0.23219596121085664,0.23426798673036187,0.23495882557595271,0.23426798673036187,0.23219596121085664],[0.23426798673036187,0.23632346405472326,0.23701339954517245,0.23632346405472326,0.23426798673036187],[0.23495882557595271,0.23701339954517245,0.23770303378158805,0.23701339954517245,0.23495882557595271],[0.23426798673036187,0.23632346405472326,0.23701339954517245,0.23632346405472326,0.23426798673036187],[0.23219596121085664,0.23426798673036187,0.23495882557595271,0.23426798673036187,0.23219596121085664]],[[0.23592105500039465,0.23798795277439144,0.23867709644410098,0.23798795277439144,0.23592105500039465],[0.23798795277439144,0.24003810567956943,0.24072626911237943,0.24003810567956943,0.23798795277439144],[0.23867709644410098,0.24072626911237943,0.24141410565392166,0.24072626911237943,0.23867709644410098],[0.23798795277439144,0.24003810567956943,0.24072626911237943,0.24003810567956943,0.23798795277439144],[0.23592105500039465,0.23798795277439144,0.23867709644410098,0.23798795277439144,0.23592105500039465]],[[0.23963653197826426,0.24169786647753927,0.24238517094710313,0.24169786647753927,0.23963653197826426],[0.24169786647753927,0.24374224357501975,0.24442848466972875,0.24374224357501975,0.24169786647753927],[0.24238517094710313,0.24442848466972875,0.24511437114987994,0.24442848466972875,0.24238517094710313],[0.24169786647753927,0.24374224357501975,0.24442848466972875,0.24374224357501975,0.24169786647753927],[0.23963653197826426,0.24169786647753927,0.24238517094710313,0.24169786647753927,0.23963653197826426]],[[0.24334157688500468,0.24539687741496155,0.2460821870158971,0.24539687741496155,0.24334157688500468],[0.24539687741496155,0.24743499112921133,0.24811914754028666,0.24743499112921133,0.24539687741496155],[0.2460821870158971,0.24811914754028666,0.24880291938714877,0.24811914754028666,0.2460821870158971],[0.24539687741496155,0.24743499112921133,0.24811914754028666,0.24743499112921133,0.24539687741496155],[0.24334157688500468,0.24539687741496155,0.2460821870158971,0.24539687741496155,0.24334157688500468]],[[0.24703530910138777,0.24908406750533935,0.249767214160399,0.24908406750533935,0.24703530910138777],[0.24908406750533935,0.25111539177419318,0.2517972883199317,0.25111539177419318,0.24908406750533935],[0.249767214160399,0.2517972883199317,0.25247876798294294,0.2517972883199317,0.24976721416039896],[0.24908406750533935,0.25111539177419318,0.2517972883199317,0.25111539177419318,0.24908406750533935],[0.24703530910138777,0.24908406750533935,0.24976721416039896,0.24908406750533935,0.24703530910138777]],[[0.25071677849219537,0.2527584468344064,0.25343924928539052,0.2527584468344064,0.25071677849219537],[0.2527584468344064,0.25478241480397157,0.25546186269252352,0.25478241480397157,0.2527584468344064],[0.25343924928539052,0.25546186269252352,0.25614085886789051,0.25546186269252352,0.25343924928539052],[0.2527584468344064,0.25478241480397157,0.25546186269252352,0.25478241480397157,0.2527584468344064],[0.25071677849219537,0.2527584468344064,0.25343924928539052,0.2527584468344064,0.25071677849219537]],[[0.25438496123875376,0.25641894949610511,0.25709721253341433,0.25641894949610511,0.25438496123875376],[0.25641894949610511,0.25843495124129751,0.25911174730407804,0.25843495124129751,0.25641894949610511],[0.25709721253341433,0.25911174730407804,0.25978805416947587,0.25911174730407804,0.25709721253341433],[0.25641894949610511,0.25843495124129751,0.25911174730407804,0.25843495124129751,0.25641894949610511],[0.25438496123875376,0.25641894949610511,0.25709721253341433,0.25641894949610511,0.25438496123875376]],[[0.25803875571623064,0.26006442951165926,0.2607399432164923,0.26006442951165926,0.25803875571623064],[0.26006442951165926,0.26207180981782041,0.26274573576203863,0.26207180981782041,0.26006442951165926],[0.2607399432164923,0.26274573576203863,0.2634191322325915,0.26274573576203863,0.2607399432164923],[0.26006442951165926,0.26207180981782041,0.26274573576203863,0.26207180981782041,0.26006442951165926],[0.25803875571623064,0.26006442951165926,0.2607399432164923,0.26006442951165926,0.25803875571623064]],[[0.26167697847927796,0.26369365689442908,0.26436619590588661,0.26369365689442908,0.26167697847927796],[0.26369365689442908,0.26569171313917356,0.26636253483248279,0.26569171313917356,0.26369365689442908],[0.26436619590588661,0.26636253483248279,0.26703278385126528,0.26636253483248279,0.26436619590588661],[0.26369365689442908,0.26569171313917356,0.26636253483248279,0.26569171313917356,0.26369365689442908],[0.26167697847927796,0.26369365689442908,0.26436619590588661,0.26369365689442908,0.26167697847927796]],[[0.2652983604262979,0.26730531393399071,0.26797463675461752,0.26730531393399071,0.2652983604262979],[0.26730531393399071,0.26929329411113673,0.26996076091237164,0.26929329411113673,0.26730531393399071],[0.26797463675461752,0.26996076091237164,0.27062760878955378,0.26996076091237164,0.26797463675461752],[0.26730531393399071,0.26929329411113673,0.26996076091237164,0.26929329411113673,0.26730531393399071],[0.2652983604262979,0.26730531393399071,0.26797463675461752,0.26730531393399071,0.2652983604262979]],[[0.2689015432175268,0.27089799177656931,0.27156384013039842,0.27089799177656931,0.2689015432175268],[0.27089799177656931,0.272875092705131,0.27353893685551672,0.272875092705131,0.27089799177656931],[0.27156384013039842,0.27353893685551672,0.2742021126706361,0.27353893685551672,0.27156384013039842],[0.27089799177656931,0.272875092705131,0.27353893685551672,0.272875092705131,0.27089799177656931],[0.2689015432175268,0.27089799177656931,0.27156384013039842,0.27089799177656931,0.2689015432175268]],[[0.27248507602417915,0.27447018737949824,0.27513228563690428,0.27447018737949824,0.27248507602417915],[0.27447018737949824,0.27643555314001539,0.27709548922908311,0.27643555314001539,0.27447018737949824],[0.27513228563690428,0.27709548922908311,0.27775470431065535,0.27709548922908311,0.27513228563690428],[0.27447018737949824,0.27643555314001539,0.27709548922908311,0.27643555314001539,0.27447018737949824],[0.27248507602417915,0.27447018737949824,0.27513228563690428,0.27447018737949824,0.27248507602417915]],[[0.27604741268455824,0.2780203009138395,0.27867835559705051,0.2780203009138395,0.27604741268455824],[0.2780203009138395,0.279973021551305,0.28062874607083488,0.279973021551305,0.2780203009138395],[0.27867835559705051,0.28062874607083488,0.28128369356645616,0.28062874607083488,0.27867835559705051],[0.2780203009138395,0.279973021551305,0.28062874607083488,0.279973021551305,0.2780203009138395],[0.27604741268455824,0.2780203009138395,0.27867835559705051,0.2780203009138395,0.27604741268455824]],[[0.2795869093379732,0.28154663368167826,0.28220033306344389,0.28154663368167826,0.2795869093379732],[0.28154663368167826,0.28348574420872164,0.28413693520626,0.28348574420872164,0.28154663368167826],[0.28220033306344389,0.28413693520626,0.28478728975441464,0.28413693520626,0.28220033306344389],[0.28154663368167826,0.28348574420872164,0.28413693520626,0.28348574420872164,0.28154663368167826],[0.2795869093379732,0.28154663368167826,0.28220033306344389,0.28154663368167826,0.2795869093379732]],[[0.28310182259706557,0.28504738660199558,0.28569640040771271,0.28504738660199558,0.28310182259706557],[0.28504738660199558,0.28697186632771671,0.28761818316853643,0.28697186632771671,0.28504738660199558],[0.28569640040771271,0.28761818316853643,0.28826360068052215,0.28761818316853643,0.28569640040771271],[0.28504738660199558,0.28697186632771671,0.28761818316853643,0.28697186632771671,0.28504738660199558],[0.28310182259706557,0.28504738660199558,0.28569640040771271,0.28504738660199558,0.28310182259706557]],[[0.28659030830469889,0.28852065930172172,0.28916463852232349,0.28852065930172172,0.28659030830469889],[0.28852065930172172,0.290429