{"M_cells":[[[0,0,0,0,0],[0,0,0,0,0],[0,0,0,0,0],[0,0,0,0,0],[0,0,0,0,0]],[[0.00040332795529681337,0.00096528584617178116,0.0011323263686983808,0.00096528584617178116,0.00040332795529681337],[0.00096528584617178116,0.0019391701955988163,0.0022369395060218788,0.0019391701955988163,0.00096528584617178116],[0.0011323263686983808,0.0022369395060218788,0.0025782847717368529,0.0022369395060218792,0.0011323263686983808],[0.00096528584617178116,0.0019391701955988163,0.0022369395060218792,0.0019391701955988165,0.00096528584617178127],[0.00040332795529681337,0.00096528584617178116,0.0011323263686983808,0.00096528584617178127,0.00040332795529681342]],[[0.0020443140322507249,0.0032678645518754491,0.0036509006318834682,0.0032678645518754491,0.0020443140322507249],[0.0032678645518754491,0.0047798734803967662,0.0052646753498381453,0.0047798734803967662,0.0032678645518754491],[0.0036509006318834682,0.0052646753498381453,0.0057834018194508974,0.0052646753498381462,0.0036509006318834682],[0.0032678645518754491,0.0047798734803967662,0.0052646753498381462,0.0047798734803967662,0.0032678645518754491],[0.0020443140322507249,0.0032678645518754491,0.0036509006318834682,0.0032678645518754491,0.0020443140322507249]],[[0.0046559960820205934,0.0062960263462416167,0.0068246325008659231,0.0062960263462416167,0.0046559960820205934],[0.0062960263462416167,0.0080954899688130168,0.0086856769919189374,0.0080954899688130168,0.0062960263462416167],[0.0068246325008659231,0.0086856769919189374,0.0092963930905601948,0.0086856769919189374,0.0068246325008659231],[0.0062960263462416167,0.0080954899688130168,0.0086856769919189374,0.0080954899688130168,0.0062960263462416167],[0.0046559960820205934,0.0062960263462416167,0.0068246325008659231,0.0062960263462416167,0.0046559960820205934]],[[0.0078374234905822255,0.0097086690819522814,0.010321452211679984,0.0097086690819522814,0.0078374234905822255],[0.0097086690819522814,0.0116592922619107,0.012306280355182006,0.0116592922619107,0.0097086690819522814],[0.010321452211679984,0.012306280355182006,0.012964671393079951,0.012306280355182006,0.010321452211679984],[0.0097086690819522814,0.0116592922619107,0.012306280355182006,0.0116592922619107,0.0097086690819522814],[0.0078374234905822255,0.0097086690819522814,0.010321452211679984,0.0097086690819522814,0.0078374234905822255]],[[0.011328255370214237,0.013322638932727827,0.013981296389128673,0.013322638932727827,0.011328255370214237],[0.013322638932727827,0.015352075503119763,0.016029039325970874,0.015352075503119763,0.013322638932727827],[0.013981296389128673,0.016029039325970874,0.016712105989909347,0.016029039325970874,0.013981296389128673],[0.013322638932727827,0.015352075503119763,0.016029039325970874,0.015352075503119763,0.013322638932727827],[0.011328255370214237,0.013322638932727827,0.013981296389128673,0.013322638932727827,0.011328255370214237]],[[0.014982433204303824,0.017041282322802043,0.01772426417245886,0.017041282322802043,0.014982433204303824],[0.017041282322802043,0.01911155944617568,0.019804156741320206,0.01911155944617568,0.017041282322802043],[0.01772426417245886,0.019804156741320206,0.020499959570972844,0.019804156741320206,0.01772426417245886],[0.017041282322802043,0.01911155944617568,0.019804156741320206,0.01911155944617568,0.017041282322802043],[0.014982433204303824,0.017041282322802043,0.01772426417245886,0.017041282322802043,0.014982433204303824]],[[0.018721733352386589,0.020814003521789026,0.021509689084407257,0.020814003521789026,0.018721733352386589],[0.020814003521789026,0.022905290832893072,0.02360596518597697,0.022905290832893072,0.020814003521789026],[0.021509689084407257,0.02360596518597697,0.024308302672981393,0.02360596518597697,0.021509689084407257],[0.020814003521789026,0.022905290832893072,0.02360596518597697,0.022905290832893072,0.020814003521789026],[0.018721733352386589,0.020814003521789026,0.021509689084407257,0.020814003521789026,0.018721733352386589]],[[0.022504980374214389,0.024614406042454171,0.025316646684818804,0.024614406042454171,0.022504980374214389],[0.024614406042454171,0.026716364423047267,0.027421159785007872,0.026716364423047267,0.024614406042454171],[0.025316646684818804,0.027421159785007872,0.028126806826892697,0.027421159785007872,0.025316646684818804],[0.024614406042454171,0.026716364423047267,0.027421159785007872,0.026716364423047267,0.024614406042454171],[0.022504980374214389,0.024614406042454171,0.025316646684818804,0.024614406042454171,0.022504980374214389]],[[0.026310638929617856,0.028428724202801681,0.029134292910339272,0.028428724202801681,0.026310638929617856],[0.028428724202801681,0.030535957463873917,0.031242805845149744,0.030535957463873917,0.028428724202801681],[0.029134292910339272,0.031242805845149744,0.031950080840064857,0.031242805845149744,0.029134292910339272],[0.028428724202801681,0.030535957463873917,0.031242805845149744,0.030535957463873914,0.028428724202801681],[0.026310638929617856,0.028428724202801681,0.029134292910339272,0.028428724202801681,0.026310638929617856]],[[0.030127459119165978,0.032249761954083141,0.0329569683635601,0.032249761954083141,0.030127459119165978],[0.032249761954083141,0.034359441494104408,0.035067259102596782,0.034359441494104408,0.032249761954083141],[0.0329569683635601,0.035067259102596782,0.035775280473190757,0.035067259102596782,0.0329569683635601],[0.032249761954083141,0.034359441494104408,0.035067259102596782,0.034359441494104408,0.032249761954083141],[0.030127459119165978,0.032249761954083141,0.0329569683635601,0.032249761954083141,0.030127459119165978]],[[0.033949547399970754,0.036073732791544223,0.03678168860687682,0.036073732791544223,0.033949547399970754],[0.036073732791544223,0.0381843611460734,0.038892575416899722,0.0381843611460734,0.036073732791544223],[0.03678168860687682,0.038892575416899722,0.039600875854796054,0.038892575416899722,0.03678168860687682],[0.036073732791544223,0.0381843611460734,0.038892575416899722,0.0381843611460734,0.036073732791544223],[0.033949547399970754,0.036073732791544223,0.03678168860687682,0.036073732791544223,0.033949547399970754]],[[0.037773790922829391,0.039898616161467906,0.0406068498625294,0.039898616161467906,0.037773790922829391],[0.039898616161467906,0.042009384401209639,0.042717687549008364,0.042009384401209639,0.039898616161467906],[0.0406068498625294,0.042717687549008364,0.043426013853763393,0.042717687549008364,0.0406068498625294],[0.039898616161467906,0.042009384401209639,0.042717687549008364,0.042009384401209639,0.039898616161467906],[0.037773790922829391,0.039898616161467906,0.0406068498625294,0.039898616161467906,0.037773790922829391]],[[0.041598516596223482,0.043723303562428706,0.044431559405238824,0.043723303562428706,0.041598516596223482],[0.043723303562428706,0.045833757536024367,0.046541978393285929,0.045833757536024367,0.043723303562428706],[0.044431559405238824,0.046541978393285929,0.047250187593015067,0.046541978393285929,0.044431559405238824],[0.043723303562428706,0.045833757536024367,0.046541978393285929,0.045833757536024367,0.043723303562428706],[0.041598516596223482,0.043723303562428706,0.044431559405238824,0.043723303562428706,0.041598516596223482]],[[0.045422794082532657,0.047547155061274514,0.04825528848074094,0.047547155061274514,0.045422794082532657],[0.047547155061274514,0.049657022039501258,0.050365059452856589,0.049657022039501258,0.047547155061274514],[0.04825528848074094,0.050365059452856589,0.0510730648665686,0.050365059452856589,0.04825528848074094],[0.047547155061274514,0.049657022039501258,0.050365059452856589,0.049657022039501258,0.047547155061274514],[0.045422794082532657,0.047547155061274514,0.04825528848074094,0.047547155061274514,0.045422794082532657]],[[0.04924607366593832,0.051369768877212979,0.052077692101575861,0.051369768877212979,0.04924607366593832],[0.051369768877212979,0.053478867435427686,0.0541866556401772,0.053478867435427686,0.051369768877212979],[0.052077692101575861,0.0541866556401772,0.054894398839797041,0.0541866556401772,0.052077692101575861],[0.051369768877212979,0.053478867435427686,0.0541866556401772,0.053478867435427686,0.051369768877212979],[0.04924607366593832,0.051369768877212979,0.052077692101575861,0.051369768877212979,0.04924607366593832]],[[0.053067998013316776,0.055190861503193626,0.055898515262284426,0.055190861503193626,0.053067998013316776],[0.055190861503193626,0.057299054572091716,0.05800654516071687,0.057299054572091716,0.055190861503193626],[0.055898515262284426,0.05800654516071687,0.058713981360097207,0.05800654516071687,0.055898515262284426],[0.055190861503193626,0.057299054572091716,0.05800654516071687,0.057299054572091716,0.055190861503193626],[0.053067998013316776,0.055190861503193626,0.055898515262284426,0.055190861503193626,0.053067998013316776]],[[0.056888304153012353,0.059010205135679353,0.059717543911046618,0.059010205135679353,0.056888304153012353],[0.059010205135679353,0.061117375423392385,0.061824527917124741,0.061117375423392385,0.059010205135679353],[0.059717543911046618,0.061824527917124741,0.062531618317645588,0.061824527917124741,0.059717543911046618],[0.059010205135679353,0.061117375423392385,0.061824527917124741,0.061117375423392385,0.059010205135679353],[0.056888304153012353,0.059010205135679353,0.059717543911046618,0.059010205135679353,0.056888304153012353]],[[0.060706772221976714,0.062827594789703844,0.0635345790845681,0.062827594789703844,0.060706772221976714],[0.062827594789703844,0.064933631783830992,0.065640408659226337,0.064933631783830992,0.062827594789703844],[0.0635345790845681,0.065640408659226337,0.066347116395354774,0.065640408659226337,0.0635345790845681],[0.062827594789703844,0.064933631783830992,0.065640408659226337,0.064933631783830992,0.062827594789703844],[0.060706772221976714,0.062827594789703844,0.0635345790845681,0.062827594789703844,0.060706772221976714]],[[0.064523198430347276,0.066642830766120154,0.067349423008987636,0.066642830766120154,0.064523198430347276],[0.066642830766120154,0.0687476237162064,0.06945398773400431,0.0687476237162064,0.066642830766120154],[0.067349423008987636,0.06945398773400431,0.07016027567729452,0.06945398773400431,0.067349423008987636],[0.066642830766120154,0.0687476237162064,0.06945398773400431,0.0687476237162064,0.066642830766120154],[0.064523198430347276,0.066642830766120154,0.067349423008987636,0.066642830766120154,0.064523198430347276]],[[0.068337380540926071,0.070455709033125216,0.071161871357402581,0.070455709033125216,0.068337380540926071],[0.070455709033125216,0.072559143007229487,0.073265055726133552,0.072559143007229487,0.070455709033125216],[0.071161871357402581,0.073265055726133552,0.0739708852437586,0.073265055726133552,0.071161871357402581],[0.070455709033125216,0.072559143007229487,0.073265055726133552,0.072559143007229487,0.070455709033125216],[0.068337380540926071,0.070455709033125216,0.071161871357402581,0.070455709033125216,0.068337380540926071]],[[0.072149109789629448,0.074266015660217261,0.074971708647299393,0.074266015660217261,0.072149109789629448],[0.074266015660217261,0.0763679691657075,0.077073390060715133,0.0763679691657075,0.074266015660217261],[0.074971708647299393,0.077073390060715133,0.077778720258893735,0.077073390060715133,0.074971708647299393],[0.074266015660217261,0.0763679691657075,0.077073390060715133,0.0763679691657075,0.074266015660217261],[0.072149109789629448,0.074266015660217261,0.074971708647299393,0.074266015660217261,0.072149109789629448]],[[0.075958166092032528,0.07807352329665275,0.078778705208274985,0.07807352329665275,0.075958166092032528],[0.07807352329665275,0.0801738666791398,0.08087875256242244,0.0801738666791398,0.07807352329665275],[0.078778705208274985,0.08087875256242244,0.0815835397701497,0.08087875256242244,0.078778705208274985],[0.07807352329665275,0.0801738666791398,0.08087875256242244,0.0801738666791398,0.07807352329665275],[0.075958166092032528,0.07807352329665275,0.078778705208274985,0.07807352329665275,0.075958166092032528]],[[0.079764314894292337,0.081877988647067024,0.0825826148998751,0.081877988647067024,0.079764314894292337],[0.081877988647067024,0.083976582856161483,0.084680887442669966,0.083976582856161483,0.081877988647067024],[0.0825826148998751,0.084680887442669966,0.085385084807672387,0.084680887442669966,0.0825826148998751],[0.081877988647067024,0.083976582856161483,0.084680887442669966,0.083976582856161483,0.081877988647067024],[0.079764314894292337,0.081877988647067024,0.0825826148998751,0.081877988647067024,0.079764314894292337]],[[0.083567304810520548,0.085679150393871029,0.086383173146788617,0.085679150393871029,0.083567304810520548],[0.085679150393871029,0.087775845898155125,0.088479519432686213,0.087775845898155125,0.085679150393871029],[0.086383173146788617,0.088479519432686213,0.089183076561723168,0.088479519432686213,0.086383173146788617],[0.085679150393871029,0.087775845898155125,0.088479519432686213,0.087775845898155125,0.085679150393871029],[0.083567304810520548,0.085679150393871029,0.086383173146788617,0.085679150393871029,0.083567304810520548]],[[0.08736686559381121,0.089476727272582726,0.090180095058357487,0.089476727272582726,0.08736686559381121],[0.089476727272582726,0.091571363005915465,0.092274351906803276,0.091571363005915465,0.089476727272582726],[0.090180095058357487,0.092274351906803276,0.092977214513408138,0.092274351906803276,0.090180095058357487],[0.089476727272582726,0.091571363005915465,0.092274351906803276,0.091571363005915465,0.089476727272582726],[0.08736686559381121,0.089476727272582726,0.090180095058357487,0.089476727272582726,0.08736686559381121]],[[0.09116270619721209,0.093270416137816975,0.093973073501343984,0.093270416137816975,0.09116270619721209],[0.093270416137816975,0.0953628184099558,0.096065064904190922,0.0953628184099558,0.093270416137816975],[0.093973073501343984,0.096065064904190922,0.096767174442722981,0.096065064904190922,0.093973073501343984],[0.093270416137816975,0.0953628184099558,0.096065064904190922,0.0953628184099558,0.093270416137816975],[0.09116270619721209,0.093270416137816975,0.093973073501343984,0.093270416137816975,0.09116270619721209]],[[0.09495451278745333,0.097059889924282217,0.097761777046242615,0.097059889924282217,0.09495451278745333],[0.097059889924282217,0.099149871254225308,0.099851312988679913,0.099149871254225308,0.097059889924282217],[0.097761777046242615,0.099851312988679913,0.10055260626141141,0.099851312988679913,0.097761777046242615],[0.097059889924282217,0.099149871254225308,0.099851312988679913,0.099149871254225308,0.097059889924282217],[0.09495451278745333,0.097059889924282217,0.097761777046242615,0.097059889924282217,0.09495451278745333]],[[0.098741946628070079,0.10084479543977759,0.10154584773202564,0.10084479543977759,0.098741946628070079],[0.10084479543977759,0.10293215328227323,0.10363272290045143,0.10293215328227323,0.10084479543977759],[0.10154584773202564,0.10363272290045143,0.1043331316281063,0.10363272290045143,0.10154584773202564],[0.10084479543977759,0.10293215328227323,0.10363272290045143,0.10293215328227323,0.10084479543977759],[0.098741946628070079,0.10084479543977759,0.10154584773202564,0.10084479543977759,0.098741946628070079]],[[0.10252464177421632,0.10462475094187294,0.10532489860473103,0.10462475094187294,0.10252464177421632],[0.10462475094187294,0.10670926628246608,0.10740889095822692,0.10670926628246608,0.10462475094187294],[0.10532489860473103,0.10740889095822692,0.10810834130584612,0.10740889095822692,0.10532489860473103],[0.10462475094187294,0.10670926628246608,0.10740889095822692,0.10670926628246608,0.10462475094187294],[0.10252464177421632,0.10462475094187294,0.10532489860473103,0.10462475094187294,0.10252464177421632]],[[0.10630220253247534,0.10839934345495328,0.10909851098797817,0.10839934345495328,0.10630220253247534],[0.10839934345495328,0.11048077924989656,0.11117938017011542,0.11048077924989656,0.10839934345495328],[0.10909851098797817,0.11117938017011542,0.11187779222035082,0.11117938017011542,0.10909851098797817],[0.10839934345495328,0.11048077924989656,0.11117938017011542,0.11048077924989656,0.10839934345495328],[0.10630220253247534,0.10839934345495328,0.10909851098797817,0.10839934345495328,0.10630220253247534]],[[0.11007420064174628,0.11216812578377774,0.11286623144178684,0.11216812578377774,0.11007420064174628],[0.11216812578377774,0.11424622521977322,0.11494371700757494,0.11424622521977322,0.11216812578377774],[0.11286623144178684,0.11494371700757494,0.11564100417299049,0.11494371700757494,0.11286623144178684],[0.11216812578377774,0.11424622521977322,0.11494371700757494,0.11424622521977322,0.11216812578377774],[0.11007420064174628,0.11216812578377774,0.11286623144178684,0.11216812578377774,0.11007420064174628]],[[0.11384017212943522,0.11593061317573281,0.11662756836124295,0.11593061317573281,0.11384017212943522],[0.11593061317573281,0.11800509772150437,0.11870138779076758,0.11800509772150437,0.11593061317573281],[0.11662756836124295,0.11870138779076758,0.11939745615569961,0.11870138779076758,0.11662756836124295],[0.11593061317573281,0.11800509772150437,0.11870138779076758,0.11800509772150437,0.11593061317573281],[0.11384017212943522,0.11593061317573281,0.11662756836124295,0.11593061317573281,0.11384017212943522]],[[0.11759961379204892,0.1196862795773658,0.12038198815957075,0.1196862795773658,0.11759961379204892],[0.1196862795773658,0.12175684679486788,0.12245183462536657,0.12175684679486788,0.1196862795773658],[0.12038198815957075,0.12245183462536657,0.12314658220645278,0.12245183462536657,0.12038198815957075],[0.1196862795773658,0.12175684679486788,0.12245183462536657,0.12175684679486788,0.1196862795773658],[0.11759961379204892,0.1196862795773658,0.12038198815957075,0.1196862795773658,0.11759961379204892]],[[0.12135197924192494,0.12343455342218751,0.12412891097101775,0.12343455342218751,0.12135197924192494],[0.12343455342218751,0.12550087449985073,0.12619445082062089,0.12550087449985073,0.12343455342218751],[0.12412891097101775,0.12619445082062089,0.12688776673327021,0.12619445082062089,0.12412891097101775],[0.12343455342218751,0.12550087449985073,0.12619445082062089,0.12550087449985073,0.12343455342218751],[0.12135197924192494,0.12343455342218751,0.12412891097101775,0.12343455342218751,0.12135197924192494]],[[0.1250966744521029,0.12717481287576562,0.12786770579764817,0.12717481287576562,0.1250966744521029],[0.12717481287576562,0.12923652983952058,0.12992857570586716,0.12923652983952058,0.12717481287576562],[0.12786770579764817,0.12992857570586716,0.13062033922168106,0.12992857570586716,0.12786770579764817],[0.12717481287576562,0.12923652983952058,0.12992857570586716,0.12923652983952058,0.12717481287576562],[0.1250966744521029,0.12717481287576562,0.12786770579764817,0.12717481287576562,0.1250966744521029]],[[0.12883305271939804,0.13090638045076311,0.13159768501028613,0.13090638045076311,0.12883305271939804],[0.13090638045076311,0.13296310300048092,0.13365348874736874,0.13296310300048092,0.13090638045076311],[0.13159768501028613,0.13365348874736874,0.13434356822477564,0.13365348874736874,0.13159768501028613],[0.13090638045076311,0.13296310300048092,0.13365348874736874,0.13296310300048092,0.13090638045076311],[0.12883305271939804,0.13090638045076311,0.13159768501028613,0.13090638045076311,0.12883305271939804]],[[0.13256040895106605,0.1346285168884572,0.13531809809726342,0.1346285168884572,0.13256040895106605],[0.1346285168884572,0.13667981879764363,0.13736840284900595,0.13667981879764363,0.1346285168884572],[0.13531809809726342,0.13736840284900595,0.13805665451604096,0.13736840284900595,0.13531809809726342],[0.1346285168884572,0.13667981879764363,0.13736840284900595,0.13667981879764363,0.1346285168884572],[0.13256040895106605,0.1346285168884572,0.13531809809726342,0.1346285168884572,0.13256040895106605]],[[0.13627797316285031,0.13834041418370649,0.1390281245343685,0.13834041418370649,0.13627797316285031],[0.13834041418370649,0.14038582918843123,0.14107245669802065,0.14038582918843123,0.13834041418370649],[0.1390281245343685,0.14107245669802065,0.14175872326216848,0.14107245669802065,0.1390281245343685],[0.13834041418370649,0.14038582918843123,0.14107245669802065,0.14038582918843123,0.13834041418370649],[0.13627797316285031,0.13834041418370649,0.1390281245343685,0.13834041418370649,0.13627797316285031]],[[0.13998490305472794,0.1420411876066287,0.14272686562505671,0.1420411876066287,0.13998490305472794],[0.1420411876066287,0.1440802046953876,0.14476470599010779,0.1440802046953876,0.1420411876066287],[0.14272686562505671,0.14476470599010779,0.14544881504527624,0.14476470599010779,0.14272686562505671],[0.1420411876066287,0.1440802046953876,0.14476470599010779,0.1440802046953876,0.1420411876066287],[0.13998490305472794,0.1420411876066287,0.14272686562505671,0.1420411876066287,0.13998490305472794]],[[0.14368027550492726,0.14572986654587153,0.14641333513065097,0.14572986654587153,0.14368027550492726],[0.14572986654587153,0.147761924544837,0.14844411333582039,0.147761924544837,0.14572986654587153],[0.14641333513065097,0.14844411333582039,0.14912587553066406,0.14844411333582039,0.14641333513065097],[0.14572986654587153,0.147761924544837,0.14844411333582039,0.147761924544837,0.14572986654587153],[0.14368027550492726,0.14572986654587153,0.14641333513065097,0.14572986654587153,0.14368027550492726]],[[0.14736307679165125,0.14940538396399292,0.15008644847479247,0.14940538396399292,0.14736307679165125],[0.14940538396399292,0.15142986529134847,0.1521095366112033,0.15142986529134847,0.14940538396399292],[0.15008644847479247,0.1521095366112033,0.15278874353598368,0.1521095366112033,0.15008644847479247],[0.14940538396399292,0.15142986529134847,0.1521095366112033,0.15142986529134847,0.14940538396399292],[0.14736307679165125,0.14940538396399292,0.15008644847479247,0.14940538396399292,0.14736307679165125]],[[0.15103219131453025,0.15306656421414383,0.15374501026407114,0.15306656421414383,0.15103219131453025],[0.15306656421414383,0.15508278765236169,0.15575971546886927,0.15508278765236169,0.15306656421414383],[0.15374501026407114,0.15575971546886927,0.15643613720960214,0.15575971546886927,0.15374501026407114],[0.15306656421414383,0.15508278765236169,0.15575971546886927,0.15508278765236169,0.15306656421414383],[0.15103219131453025,0.15306656421414383,0.15374501026407114,0.15306656421414383,0.15103219131453025]],[[0.15468638854296235,0.15671210891808532,0.15738769981576139,0.15671210891808532,0.15468638854296235],[0.15671210891808532,0.15871932122328708,0.15939325567001436,0.15871932122328708,0.15671210891808532],[0.15738769981576139,0.15939325567001436,0.16006663796859272,0.15939325567001436,0.15738769981576139],[0.15671210891808532,0.15871932122328708,0.15939325567001436,0.15871932122328708,0.15671210891808532],[0.15468638854296235,0.15671210891808532,0.15738769981576139,0.15671210891808532,0.15468638854296235]],[[0.15832430786502028,0.16034058054689881,0.16101305432361757,0.16034058054689881,0.15832430786502028],[0.16034058054689881,0.16233794667944135,0.16300861083221971,0.16233794667944135,0.16034058054689881],[0.16101305432361757,0.16300861083221971,0.16367867177933362,0.16300861083221971,0.16101305432361757],[0.16034058054689881,0.16233794667944135,0.16300861083221971,0.16233794667944135,0.16034058054689881],[0.15832430786502028,0.16034058054689881,0.16101305432361757,0.16034058054689881,0.15832430786502028]],[[0.1619444409474956,0.16395038327702183,0.16461944922188276,0.16395038327702183,0.1619444409474956],[0.16395038327702183,0.16593697499661708,0.16660406111135714,0.16593697499661708,0.16395038327702183],[0.16461944922188276,0.16660406111135714,0.16727048728520444,0.16660406111135714,0.16461944922188276],[0.16395038327702183,0.16593697499661708,0.16660406111135714,0.16593697499661708,0.16395038327702183],[0.1619444409474956,0.16395038327702183,0.16461944922188276,0.16395038327702183,0.1619444409474956]],[[0.16554511114427414,0.16753974061526339,0.16820507522686134,0.16753974061526339,0.16554511114427414],[0.16753974061526339,0.16951452313750345,0.17017768824945551,0.16951452313750345,0.16753974061526339],[0.16820507522686134,0.17017768824945551,0.17084013019752667,0.17017768824945551,0.16820507522686134],[0.16753974061526339,0.16951452313750345,0.17017768824945551,0.16951452313750345,0.16753974061526339],[0.16554511114427414,0.16753974061526339,0.16820507522686134,0.16753974061526339,0.16554511114427414]],[[0.16912444940688404,0.17110666919774223,0.1717679114448987,0.17110666919774223,0.16912444940688404],[0.17110666919774223,0.17306848555795384,0.17372734632559833,0.17306848555795384,0.17110666919774223],[0.1717679114448987,0.17372734632559833,0.17438541326962273,0.17372734632559833,0.1717679114448987],[0.17110666919774223,0.17306848555795384,0.17372734632559833,0.17306848555795384,0.17110666919774223],[0.16912444940688404,0.17110666919774223,0.1717679114448987,0.17110666919774223,0.16912444940688404]],[[0.17268036605988238,0.1746489480735503,0.17530569384043954,0.1746489480735503,0.17268036605988238],[0.1746489480735503,0.1765965007915711,0.17725062745082981,0.1765965007915711,0.1746489480735503],[0.17530569384043954,0.17725062745082981,0.17790388107735067,0.17725062745082981,0.17530569384043954],[0.1746489480735503,0.1765965007915711,0.17725062745082981,0.1765965007915711,0.1746489480735503],[0.17268036605988238,0.1746489480735503,0.17530569384043954,0.1746489480735503,0.17268036605988238]],[[0.17621051771074339,0.17816408269232453,0.17881587826645687,0.17816408269232453,0.17621051771074339],[0.17816408269232453,0.18009591228453059,0.1807448215629299,0.18009591228453059,0.17816408269232453],[0.17881587826645687,0.1807448215629299,0.18139276874619978,0.1807448215629299,0.17881587826645687],[0.17816408269232453,0.18009591228453059,0.1807448215629299,0.18009591228453059,0.17816408269232453],[0.17621051771074339,0.17816408269232453,0.17881587826645687,0.17816408269232453,0.17621051771074339]],[[0.17971226848083022,0.18164926274268126,0.18229559719057267,0.18164926274268126,0.17971226848083022],[0.18164926274268126,0.18356372259787737,0.18420686942765088,0.18356372259787737,0.18164926274268126],[0.18229559719057267,0.18420686942765088,0.18484895372188481,0.18420686942765088,0.18229559719057267],[0.18164926274268126,0.18356372259787737,0.18420686942765088,0.18356372259787737,0.18164926274268126],[0.17971226848083022,0.18164926274268126,0.18229559719057267,0.18164926274268126,0.17971226848083022]],[[0.18318264469432746,0.18510131296637922,0.18574160923664512,0.18510131296637922,0.18318264469432746],[0.18510131296637922,0.18699654011226649,0.18763330798322739,0.18699654011226649,0.18510131296637922],[0.18574160923664512,0.18763330798322739,0.18826889972540983,0.18763330798322739,0.18574160923664512],[0.18510131296637922,0.18699654011226649,0.18763330798322739,0.18699654011226649,0.18510131296637922],[0.18318264469432746,0.18510131296637922,0.18574160923664512,0.18510131296637922,0.18318264469432746]],[[0.18661828218630219,0.18851663615475317,0.1891502407613562,0.18851663615475317,0.18661828218630219],[0.18851663615475317,0.19039051752989328,0.19102020734949834,0.19039051752989328,0.18851663615475317],[0.1891502407613562,0.19102020734949834,0.19164859224506675,0.19102020734949834,0.1891502407613562],[0.18851663615475317,0.19039051752989328,0.19102020734949834,0.19039051752989328,0.18851663615475317],[0.18661828218630219,0.18851663615475317,0.1891502407613562,0.18851663615475317,0.18661828218630219]],[[0.19001536555975426,0.19189114780977395,0.19251731899475619,0.19189114780977395,0.19001536555975426],[0.19189114780977395,0.19374128188498582,0.1943630992844041,0.19374128188498582,0.19189114780977395],[0.19251731899475619,0.1943630992844041,0.19498346542778083,0.1943630992844041,0.19251731899475619],[0.19189114780977395,0.19374128188498582,0.1943630992844041,0.19374128188498582,0.19189114780977395],[0.19001536555975426,0.19189114780977395,0.19251731899475619,0.19189114780977395,0.19001536555975426]],[[0.19336955914891313,0.19522020256565883,0.1958380969465065,0.19522020256565883,0.19336955914891313],[0.19522020256565883,0.19704385662700016,0.19765689779987555,0.19704385662700016,0.19522020256565883],[0.1958380969465065,0.19765689779987555,0.19826832124372179,0.19765689779987555,0.1958380969465065],[0.19522020256565883,0.19704385662700016,0.19765689779987555,0.19704385662700016,0.19522020256565883],[0.19336955914891313,0.19522020256565883,0.1958380969465065,0.19522020256565883,0.19336955914891313]],[[0.19667593031011502,0.19849851363780188,0.19910717154781402,0.19849851363780188,0.19667593031011502],[0.19849851363780188,0.20029257789526039,0.20089581432688344,0.20029257789526039,0.19849851363780188],[0.19910717154781402,0.20089581432688344,0.20149724360757218,0.20089581432688344,0.19910717154781402],[0.19849851363780188,0.20029257789526039,0.20089581432688344,0.20029257789526039,0.19849851363780188],[0.19667593031011502,0.19849851363780188,0.19910717154781402,0.19849851363780188,0.19667593031011502]],[[0.1999288672218201,0.20172006860064637,0.20231839868572393,0.20172006860064637,0.1999288672218201],[0.20172006860064637,0.20348100971588182,0.20407327261771388,0.20348100971588182,0.20172006860064637],[0.20231839868572393,0.20407327261771388,0.2046635131358101,0.20407327261771388,0.20231839868572393],[0.20172006860064637,0.20348100971588182,0.20407327261771388,0.20348100971588182,0.20172006860064637],[0.1999288672218201,0.20172006860064637,0.20231839868572393,0.20172006860064637,0.1999288672218201]],[[0.20312199597254049,0.20487804807475396,0.20546481228421964,0.20487804807475396,0.20312199597254049],[0.20487804807475396,0.20660186692510502,0.20718183290498932,0.20660186692510502,0.20487804807475396],[0.20546481228421964,0.20718183290498932,0.20775953282197784,0.20718183290498932,0.20546481228421964],[0.20487804807475396,0.20660186692510502,0.20718183290498932,0.20660186692510502,0.20487804807475396],[0.20312199597254049,0.20487804807475396,0.20546481228421964,0.20487804807475396,0.20312199597254049]],[[0.20624810572116684,0.20796475878225923,0.20853855974890953,0.20796475878225923,0.20624810572116684],[0.20796475878225923,0.20964696045043005,0.2102131409762506,0.20964696045043005,0.20796475878225923],[0.20853855974890953,0.2102131409762506,0.21077678137279007,0.2102131409762506,0.20853855974890953],[0.20796475878225923,0.20964696045043005,0.2102131409762506,0.20964696045043005,0.20796475878225923],[0.20624810572116684,0.20796475878225923,0.20853855974890953,0.20796475878225923,0.20624810572116684]],[[0.20929909636433677,0.21097159898924911,0.21153087295280179,0.21097159898924911,0.20929909636433677],[0.21097159898924911,0.21260718697796527,0.21315792550478074,0.21260718697796527,0.21097159898924911],[0.21153087295280179,0.21315792550478074,0.21370581890912635,0.21315792550478074,0.21153087295280179],[0.21097159898924911,0.21260718697796527,0.21315792550478074,0.21260718697796527,0.21097159898924911],[0.20929909636433677,0.21097159898924911,0.21153087295280179,0.21097159898924911,0.20929909636433677]],[[0.21226597017286689,0.21388908190220246,0.21443210167722546,0.21388908190220246,0.21226597017286689],[0.21388908190220246,0.21547259270105912,0.21600607471043146,0.21547259270105912,0.21388908190220246],[0.21443210167722546,0.21600607471043146,0.21653637749494217,0.21600607471043146,0.21443210167722546],[0.21388908190220246,0.21547259270105912,0.21600607471043146,0.21547259270105912,0.21388908190220246],[0.21226597017286689,0.21388908190220246,0.21443210167722546,0.21388908190220246,0.21226597017286689]],[[0.2151388959003164,0.21670694895357359,0.21723184261005057,0.21670694895357359,0.2151388959003164],[0.21670694895357359,0.21823254559614405,0.21874682769785295,0.21823254559614405,0.21670694895357359],[0.21723184261005057,0.21874682769785295,0.21925757265444029,0.21874682769785295,0.21723184261005057],[0.21670694895357359,0.21823254559614405,0.21874682769785295,0.21823254559614405,0.21670694895357359],[0.2151388959003164,0.21670694895357359,0.21723184261005057,0.21670694895357359,0.2151388959003164]],[[0.21790737780504524,0.21941440589044367,0.21991919708244578,0.21941440589044367,0.21790737780504524],[0.21941440589044367,0.22087604715950329,0.22136911090972278,0.22087604715950329,0.21941440589044367],[0.21991919708244578,0.22136911090972278,0.22185826556450838,0.22136911090972278,0.21991919708244578],[0.21941440589044367,0.22087604715950329,0.22136911090972278,0.22087604715950329,0.21941440589044367],[0.21790737780504524,0.21941440589044367,0.21991919708244578,0.21941440589044367,0.21790737780504524]],[[0.22056055791528334,0.22200050443312763,0.22248317868387987,0.22200050443312763,0.22056055791528334],[0.22200050443312763,0.22339219669026236,0.22386202982416786,0.22339219669026236,0.22200050443312763],[0.22248317868387987,0.22386202982416786,0.22432758265254996,0.22386202982416786,0.22248317868387987],[0.22200050443312763,0.22339219669026236,0.22386202982416786,0.22339219669026236,0.22200050443312763],[0.22056055791528334,0.22200050443312763,0.22248317868387987,0.22200050443312763,0.22056055791528334]],[[0.22308766246795789,0.22445466645537665,0.22491326336949932,0.22445466645537665,0.22308766246795789],[0.22445466645537665,0.22577078636637318,0.22621548821622314,0.22577078636637318,0.22445466645537665],[0.22491326336949932,0.22621548821622314,0.22665555846284582,0.22621548821622314,0.22491326336949932],[0.22445466645537665,0.22577078636637318,0.22621548821622314,0.22577078636637318,0.22445466645537665],[0.22308766246795789,0.22445466645537665,0.22491326336949932,0.22445466645537665,0.22308766246795789]],[[0.22547857103188346,0.22676730772503073,0.227200032237735,0.22676730772503073,0.22547857103188346],[0.22676730772503073,0.2280029599044954,0.22842085986697644,0.2280029599044954,0.22676730772503073],[0.227200032237735,0.22842085986697644,0.22883381841908831,0.22842085986697644,0.227200032237735],[0.22676730772503073,0.2280029599044954,0.22842085986697644,0.2280029599044954,0.22676730772503073],[0.22547857103188346,0.22676730772503073,0.227200032237735,0.22676730772503073,0.22547857103188346]],[[0.22772444573688741,0.22893047594201379,0.229335814224409,0.22893047594201379,0.22772444573688741],[0.22893047594201379,0.23008182901235646,0.23047159992974958,0.23008182901235646,0.22893047594201379],[0.229335814224409,0.23047159992974958,0.23085618185698359,0.23047159992974958,0.229335814224409],[0.22893047594201379,0.23008182901235646,0.23047159992974958,0.23008182901235646,0.22893047594201379],[0.22772444573688741,0.22893047594201379,0.229335814224409,0.22893047594201379,0.22772444573688741]],[[0.22981832379416545,0.23093839272451722,0.23131521353658538,0.23093839272451722,0.22981832379416545],[0.23093839272451722,0.23200293179911527,0.23236367773536229,0.23200293179911527,0.23093839272451722],[0.23131521353658538,0.23236367773536229,0.23271906554014005,0.23236367773536229,0.23131521353658538],[0.23093839272451722,0.23200293179911527,0.23236367773536229,0.23200293179911527,0.23093839272451722],[0.22981832379416545,0.23093839272451722,0.23131521353658538,0.23093839272451722,0.22981832379416545]],[[0.23175556744833428,0.23278779812674572,0.23313542122600633,0.23278779812674572,0.23175556744833428],[0.23278779812674572,0.23376444721766187,0.23409574951324069,0.23376444721766187,0.23278779812674572],[0.23313542122600633,0.23409574951324069,0.23442161173425496,0.23409574951324069,0.23313542122600633],[0.23278779812674572,0.23376444721766187,0.23409574951324069,0.23376444721766187,0.23278779812674572],[0.23175556744833428,0.23278779812674572,0.23313542122600633,0.23278779812674572,0.23175556744833428]],[[0.23353409103997866,0.23447804055217644,0.234796260765376,0.23447804055217644,0.23353409103997866],[0.23447804055217644,0.23536714005553735,0.23566905551048109,0.23536714005553735,0.23447804055217644],[0.234796260765376,0.23566905551048109,0.23596553627587327,0.23566905551048109,0.234796260765376],[0.23447804055217644,0.23536714005553735,0.23566905551048109,0.23536714005553735,0.23447804055217644],[0.23353409103997866,0.23447804055217644,0.234796260765376,0.23447804055217644,0.23353409103997866]],[[0.23515433727357338,0.23601091709211111,0.23629998320924525,0.23601091709211111,0.23515433727357338],[0.23601091709211111,0.23681407590422751,0.23708709230543992,0.23681407590422751,0.23601091709211111],[0.23629998320924525,0.23708709230543992,0.23735475907081338,0.23708709230543992,0.23629998320924525],[0.23601091709211111,0.23681407590422751,0.23708709230543992,0.23681407590422751,0.23601091709211111],[0.23515433727357338,0.23601091709211111,0.23629998320924525,0.23601091709211111,0.23515433727357338]],[[0.23661903264532619,0.2373903234077728,0.23765088085393613,0.2373903234077728,0.23661903264532619],[0.2373903234077728,0.23811018870498976,0.23835515114590736,0.23811018870498976,0.2373903234077728],[0.23765088085393613,0.23835515114590736,0.23859491556287304,0.23835515114590736,0.23765088085393613],[0.2373903234077728,0.23811018870498976,0.23835515114590736,0.23811018870498976,0.2373903234077728],[0.23661903264532619,0.2373903234077728,0.23765088085393613,0.2373903234077728,0.23661903264532619]],[[0.23793279298428571,0.23862179944688872,0.23885481128390387,0.23862179944688872,0.23793279298428571],[0.23862179944688872,0.2392617934396922,0.23947981762468507,0.2392617934396922,0.23862179944688872],[0.23885481128390387,0.23947981762468507,0.23969284627928164,0.23947981762468507,0.23885481128390387],[0.23862179944688872,0.2392617934396922,0.23947981762468507,0.2392617934396922,0.23862179944688872],[0.23793279298428571,0.23862179944688872,0.23885481128390387,0.23862179944688872,0.23793279298428571]],[[0.23910166311754552,0.23971205453384373,0.23991871579310858,0.23971205453384373,0.23910166311754552],[0.23971205453384373,0.24027611922655215,0.24046850576185172,0.24027611922655215,0.23971205453384373],[0.23991871579310858,0.24046850576185172,0.2406561344514854,0.24046850576185172,0.23991871579310858],[0.23971205453384373,0.24027611922655215,0.24046850576185172,0.24027611922655215,0.23971205453384373],[0.23910166311754552,0.23971205453384373,0.23991871579310858,0.23971205453384373,0.23910166311754552]],[[0.24013266296943883,0.24066853278496167,0.24085018980535597,0.24066853278496167,0.24013266296943883],[0.24066853278496167,0.24116090850482635,0.24132906737909676,0.24116090850482635,0.24066853278496167],[0.24085018980535597,0.24132906737909676,0.24149272730751714,0.24132906737909676,0.24085018980535597],[0.24066853278496167,0.24116090850482635,0.24132906737909676,0.24116090850482635,0.24066853278496167],[0.24013266296943883,0.24066853278496167,0.24085018980535597,0.24066853278496167,0.24013266296943883]],[[0.24103338767963078,0.24149905148591364,0.24165713313811127,0.24149905148591364,0.24103338767963078],[0.24149905148591364,0.24192409994438921,0.24206948940877729,0.24192409994438921,0.24149905148591364],[0.24165713313811127,0.24206948940877729,0.24221064861833541,0.24206948940877729,0.24165713313811127],[0.24149905148591364,0.24192409994438921,0.24206948940877729,0.24192409994438921,0.24149905148591364],[0.24103338767963078,0.24149905148591364,0.24165713313811127,0.24149905148591364,0.24103338767963078]],[[0.24181168364498562,0.24221152142927602,0.24234748476635559,0.24221152142927602,0.24181168364498562],[0.24221152142927602,0.24257359334721659,0.24269767366597692,0.24257359334721659,0.24221152142927602],[0.24234748476635559,0.24269767366597692,0.24281779348857171,0.24269767366597692,0.24234748476635559],[0.24221152142927602,0.24257359334721659,0.24269767366597692,0.24257359334721659,0.24221152142927602],[0.24181168364498562,0.24221152142927602,0.24234748476635559,0.24221152142927602,0.24181168364498562]],[[0.24247540305148624,0.24281374335049205,0.2429290332582669,0.24281374335049205,0.24247540305148624],[0.24281374335049205,0.2431170849156834,0.24322128533471,0.2431170849156834,0.24281374335049205],[0.2429290332582669,0.24322128533471,0.24332178979999736,0.24322128533471,0.2429290332582669],[0.24281374335049205,0.2431170849156834,0.24322128533471,0.2431170849156834,0.24281374335049205],[0.24247540305148624,0.24281374335049205,0.2429290332582669,0.24281374335049205,0.24247540305148624]],[[0.2430322283538261,0.243313267843