{"M_cells":[[[0,0,0,0,0],[0,0,0,0,0],[0,0,0,0,0],[0,0,0,0,0],[0,0,0,0,0]],[[4.6825914385666759E-5,0.00011596567080917904,0.00013643823166176265,0.00011596567080917904,4.6825914385666759E-5],[0.00011596567080917904,0.0002439690563050625,0.000282834924573684,0.0002439690563050625,0.00011596567080917904],[0.00013643823166176265,0.000282834924573684,0.0003278314118196642,0.000282834924573684,0.00013643823166176265],[0.00011596567080917904,0.0002439690563050625,0.000282834924573684,0.0002439690563050625,0.00011596567080917904],[4.6825914385666759E-5,0.00011596567080917904,0.00013643823166176265,0.00011596567080917904,4.6825914385666759E-5]],[[0.00027500682137483555,0.00046156146650712366,0.00051937481538201339,0.00046156146650712366,0.00027500682137483555],[0.00046156146650712366,0.00071385924210502023,0.00079364311253643266,0.00071385924210502023,0.00046156146650712366],[0.00051937481538201339,0.00079364311253643266,0.00088075043650079734,0.00079364311253643266,0.00051937481538201339],[0.00046156146650712366,0.00071385924210502023,0.00079364311253643266,0.00071385924210502023,0.00046156146650712366],[0.00027500682137483555,0.00046156146650712366,0.00051937481538201339,0.00046156146650712366,0.00027500682137483555]],[[0.00071954672875959428,0.0010262857119144755,0.0011237216969174184,0.0010262857119144755,0.00071954672875959428],[0.0010262857119144755,0.0013959460203161851,0.001515157639362487,0.0013959460203161851,0.0010262857119144755],[0.0011237216969174184,0.001515157639362487,0.001641627856092843,0.001515157639362487,0.0011237216969174184],[0.0010262857119144755,0.0013959460203161851,0.001515157639362487,0.0013959460203161851,0.0010262857119144755],[0.00071954672875959428,0.0010262857119144755,0.0011237216969174184,0.0010262857119144755,0.00071954672875959428]],[[0.0013757599786245623,0.0017970143958028289,0.0019327126677571081,0.0017970143958028289,0.0013757599786245623],[0.0017970143958028289,0.0022766963207366884,0.0024330723361924932,0.0022766963207366884,0.0017970143958028289],[0.0019327126677571081,0.0024330723361924932,0.002596341009001496,0.0024330723361924932,0.0019327126677571081],[0.0017970143958028289,0.0022766963207366884,0.0024330723361924932,0.0022766963207366884,0.0017970143958028289],[0.0013757599786245623,0.0017970143958028289,0.0019327126677571081,0.0017970143958028289,0.0013757599786245623]],[[0.0022318510876944194,0.0027606385598082346,0.0029324248109244273,0.0027606385598082346,0.0022318510876944194],[0.0027606385598082346,0.0033432649702134294,0.0035344668328049192,0.0033432649702134294,0.0027606385598082346],[0.0029324248109244273,0.0035344668328049192,0.0037321406439238913,0.0035344668328049192,0.0029324248109244273],[0.0027606385598082346,0.0033432649702134294,0.0035344668328049192,0.0033432649702134294,0.0027606385598082346],[0.0022318510876944194,0.0027606385598082346,0.0029324248109244273,0.0027606385598082346,0.0022318510876944194]],[[0.0032752608116506637,0.003904699660515537,0.004110309922667278,0.0039046996605155366,0.0032752608116506632],[0.003904699660515537,0.0045836058545535531,0.004807392045451029,0.0045836058545535531,0.0039046996605155366],[0.004110309922667278,0.004807392045451029,0.0050372369539075715,0.0048073920454510281,0.0041103099226672771],[0.0039046996605155366,0.0045836058545535531,0.0048073920454510281,0.0045836058545535531,0.0039046996605155366],[0.0032752608116506632,0.0039046996605155366,0.0041103099226672771,0.0039046996605155366,0.0032752608116506632]],[[0.0044939255838107595,0.0052175092036133965,0.0054547691979194117,0.0052175092036133965,0.0044939255838107595],[0.0052175092036133965,0.0059864574718545152,0.0062407200389205707,0.0059864574718545152,0.0052175092036133965],[0.0054547691979194117,0.0062407200389205707,0.0065006502004021976,0.0062407200389205707,0.0054547691979194117],[0.0052175092036133965,0.0059864574718545152,0.0062407200389205707,0.0059864574718545152,0.0052175092036133965],[0.0044939255838107595,0.0052175092036133965,0.0054547691979194117,0.0052175092036133965,0.0044939255838107595]],[[0.0058765043718269254,0.0066881379146373522,0.0069550016970820559,0.0066881379146373522,0.0058765043718269254],[0.0066881379146373522,0.0075412990847563951,0.00782406558348351,0.0075412990847563951,0.0066881379146373522],[0.0069550016970820559,0.00782406558348351,0.0081121330532860653,0.00782406558348351,0.0069550016970820559],[0.0066881379146373522,0.0075412990847563951,0.00782406558348351,0.0075412990847563951,0.0066881379146373522],[0.0058765043718269254,0.0066881379146373522,0.0069550016970820559,0.0066881379146373522,0.0058765043718269254]],[[0.00741238773921786,0.008306374133825685,0.008600926826002395,0.008306374133825685,0.00741238773921786],[0.008306374133825685,0.00923830217300105,0.0095477291850822391,0.00923830217300105,0.008306374133825685],[0.008600926826002395,0.0095477291850822391,0.0098621143651552463,0.0095477291850822391,0.008600926826002395],[0.008306374133825685,0.00923830217300105,0.0095477291850822391,0.00923830217300105,0.008306374133825685],[0.00741238773921786,0.008306374133825685,0.008600926826002395,0.008306374133825685,0.00741238773921786]],[[0.0090916611107568473,0.01006267704608705,0.010383128781658684,0.01006267704608705,0.0090916611107568473],[0.01006267704608705,0.011068283352257954,0.01140264832513611,0.011068283352257954,0.01006267704608705],[0.010383128781658684,0.01140264832513611,0.011741651101122085,0.01140264832513611,0.010383128781658684],[0.01006267704608705,0.011068283352257954,0.01140264832513611,0.011068283352257954,0.01006267704608705],[0.0090916611107568473,0.01006267704608705,0.010383128781658684,0.01006267704608705,0.0090916611107568473]],[[0.010905060154176083,0.011948131158369133,0.012292809238414271,0.011948131158369133,0.010905060154176083],[0.011948131158369133,0.013022660138644388,0.013380353253723106,0.013022660138644388,0.011948131158369133],[0.012292809238414271,0.013380353253723106,0.013742384767404506,0.013380353253723106,0.012292809238414271],[0.011948131158369133,0.013022660138644388,0.013380353253723106,0.013022660138644388,0.011948131158369133],[0.010905060154176083,0.011948131158369133,0.012292809238414271,0.011948131158369133,0.010905060154176083]],[[0.012843926822842773,0.013954403477798168,0.014321744509258414,0.013954403477798168,0.012843926822842773],[0.013954403477798168,0.015093409718585027,0.015472926193626248,0.015093409718585027,0.013954403477798168],[0.014321744509258414,0.015472926193626248,0.015856501199960921,0.015472926193626248,0.014321744509258414],[0.013954403477798168,0.015093409718585027,0.015472926193626248,0.015093409718585027,0.013954403477798168],[0.012843926822842773,0.013954403477798168,0.014321744509258414,0.013954403477798168,0.012843926822842773]],[[0.014900167898572243,0.016073703578173129,0.016462246019798819,0.016073703578173129,0.014900167898572243],[0.016073703578173129,0.017273030586763809,0.017672963483895267,0.017273030586763809,0.016073703578173129],[0.016462246019798819,0.017672963483895267,0.018076693246375647,0.017672963483895267,0.016462246019798819],[0.016073703578173129,0.017273030586763809,0.017672963483895267,0.017273030586763809,0.016073703578173129],[0.014900167898572243,0.016073703578173129,0.016462246019798819,0.016073703578173129,0.014900167898572243]],[[0.017066216301126567,0.018298746432290392,0.018707123625808043,0.018298746432290392,0.017066216301126567],[0.018298746432290392,0.019554506854740503,0.019973540382030079,0.019554506854740503,0.018298746432290392],[0.018707123625808043,0.019973540382030079,0.020396126064393769,0.019973540382030079,0.018707123625808043],[0.018298746432290392,0.019554506854740503,0.019973540382030079,0.019554506854740503,0.018298746432290392],[0.017066216301126567,0.018298746432290392,0.018707123625808043,0.018298746432290392,0.017066216301126567]],[[0.019334995064449908,0.020622717822881408,0.021049651500182141,0.020622717822881408,0.019334995064449908],[0.020622717822881408,0.021931275031652053,0.022368178307316324,0.021931275031652053,0.020622717822881408],[0.021049651500182141,0.022368178307316324,0.022808404823428965,0.022368178307316324,0.021049651500182141],[0.020622717822881408,0.021931275031652053,0.022368178307316324,0.021931275031652053,0.020622717822881408],[0.019334995064449908,0.020622717822881408,0.021049651500182141,0.020622717822881408,0.019334995064449908]],[[0.021699883803469676,0.0230392421417991,0.023483536379008966,0.0230392421417991,0.021699883803469676],[0.0230392421417991,0.024397193090697759,0.024850814336510926,0.024397193090697759,0.0230392421417991],[0.023483536379008966,0.024850814336510926,0.025307544623555767,0.024850814336510926,0.023483536379008966],[0.0230392421417991,0.024397193090697759,0.024850814336510926,0.024397193090697759,0.0230392421417991],[0.021699883803469676,0.0230392421417991,0.023483536379008966,0.0230392421417991,0.021699883803469676]],[[0.024154687489024811,0.025542352398159478,0.026002887984544591,0.025542352398159478,0.024154687489024811],[0.025542352398159478,0.026946511649324913,0.02741577278124745,0.026946511649324913,0.025542352398159478],[0.026002887984544591,0.02741577278124745,0.027887942464262926,0.02741577278124745,0.026002887984544591],[0.025542352398159478,0.026946511649324913,0.02741577278124745,0.026946511649324913,0.025542352398159478],[0.024154687489024811,0.025542352398159478,0.026002887984544591,0.025542352398159478,0.024154687489024811]],[[0.026693607358312943,0.028126462269548291,0.028602191460446281,0.028126462269548291,0.026693607358312943],[0.028126462269548291,0.029573847104565145,0.030057738690852997,0.029573847104565145,0.028126462269548291],[0.028602191460446281,0.030057738690852997,0.030544351109235486,0.030057738690852997,0.028602191460446281],[0.028126462269548291,0.029573847104565145,0.030057738690852997,0.029573847104565145,0.028126462269548291],[0.026693607358312943,0.028126462269548291,0.028602191460446281,0.028126462269548291,0.026693607358312943]],[[0.029311213800790065,0.030786340043251752,0.031276281668340913,0.030786340043251752,0.029311213800790065],[0.030786340043251752,0.03227415657729836,0.032771733136610727,0.03227415657729836,0.030786340043251752],[0.031276281668340913,0.032771733136610727,0.033271854705502778,0.032771733136610734,0.031276281668340913],[0.030786340043251752,0.03227415657729836,0.032771733136610734,0.032274156577298367,0.030786340043251755],[0.029311213800790065,0.030786340043251752,0.031276281668340913,0.030786340043251755,0.029311213800790065]],[[0.032002421071732151,0.033517084306266806,0.034020319206616481,0.033517084306266806,0.032002421071732151],[0.033517084306266806,0.035042714530394176,0.035553090144506229,0.035042714530394176,0.033517084306266806],[0.034020319206616481,0.035553090144506229,0.03606584602606433,0.035553090144506236,0.034020319206616481],[0.033517084306266806,0.035042714530394176,0.035553090144506236,0.035042714530394189,0.03351708430626682],[0.032002421071732151,0.033517084306266806,0.034020319206616481,0.03351708430626682,0.032002421071732158]],[[0.034762463696937536,0.036314101253546088,0.036829768022908341,0.036314101253546088,0.034762463696937536],[0.036314101253546088,0.037875090935818388,0.038397435153458906,0.037875090935818388,0.036314101253546088],[0.036829768022908341,0.038397435153458906,0.038922005214873635,0.038397435153458913,0.036829768022908348],[0.036314101253546088,0.037875090935818388,0.038397435153458913,0.037875090935818395,0.0363141012535461],[0.034762463696937536,0.036314101253546088,0.036829768022908348,0.0363141012535461,0.034762463696937543]],[[0.03758687444231712,0.039173083493674835,0.039700374501288126,0.039173083493674835,0.03758687444231712],[0.039173083493674835,0.040767130875014934,0.04130066488508103,0.040767130875014934,0.039173083493674835],[0.039700374501288126,0.04130066488508103,0.041836279921929821,0.04130066488508103,0.039700374501288126],[0.039173083493674835,0.040767130875014934,0.04130066488508103,0.040767130875014934,0.039173083493674835],[0.03758687444231712,0.039173083493674835,0.039700374501288126,0.039173083493674835,0.037586874442317127]],[[0.040471463731463223,0.042089990240010561,0.04262814791388965,0.042089990240010561,0.040471463731463223],[0.042089990240010561,0.043714935465267155,0.044258928519261956,0.043714935465267155,0.042089990240010561],[0.04262814791388965,0.044258928519261956,0.044804866724329914,0.044258928519261956,0.04262814791388965],[0.042089990240010561,0.043714935465267155,0.044258928519261956,0.043714935465267155,0.042089990240010561],[0.040471463731463223,0.042089990240010561,0.04262814791388965,0.042089990240010561,0.040471463731463229]],[[0.043412300402807739,0.045061028783415849,0.045609342134586534,0.045061028783415849,0.043412300402807739],[0.045061028783415849,0.046714844012415969,0.047268610077390479,0.046714844012415969,0.045061028783415849],[0.045609342134586534,0.047268610077390479,0.047824193736515037,0.047268610077390479,0.045609342134586534],[0.045061028783415849,0.046714844012415969,0.047268610077390479,0.046714844012415969,0.045061028783415849],[0.043412300402807739,0.045061028783415849,0.045609342134586534,0.045061028783415849,0.043412300402807739]],[[0.046405693705736613,0.048082637150070079,0.048640438519635371,0.048082637150070079,0.046405693705736613],[0.048082637150070079,0.049763417297320672,0.050326311921931578,0.049763417297320672,0.048082637150070079],[0.048640438519635371,0.050326311921931578,0.050890904319725129,0.050326311921931578,0.048640438519635371],[0.048082637150070079,0.049763417297320672,0.050326311921931578,0.049763417297320672,0.048082637150070079],[0.046405693705736613,0.048082637150070079,0.048640438519635371,0.048082637150070079,0.046405693705736613]],[[0.04944817644213003,0.051151467854616155,0.051718129866778748,0.051151467854616155,0.04944817644213003],[0.051151467854616155,0.05285742190986914,0.0534288392873645,0.05285742190986914,0.051151467854616155],[0.051718129866778748,0.0534288392873645,0.054001841806854758,0.0534288392873645,0.051718129866778748],[0.051151467854616155,0.05285742190986914,0.0534288392873645,0.05285742190986914,0.051151467854616155],[0.04944817644213003,0.051151467854616155,0.051718129866778748,0.051151467854616155,0.04944817644213003]],[[0.052536489166300562,0.054264372665035768,0.054839305370391167,0.054264372665035768,0.052536489166300562],[0.054264372665035768,0.055993815550194642,0.056573185763251543,0.055993815550194642,0.054264372665035768],[0.054839305370391167,0.056573185763251543,0.057154035164568032,0.056573185763251543,0.054839305370391167],[0.054264372665035768,0.055993815550194642,0.056573185763251543,0.055993815550194642,0.054264372665035768],[0.052536489166300562,0.054264372665035768,0.054839305370391167,0.054264372665035768,0.052536489166300562]],[[0.055667565362233752,0.057418388301334493,0.058001036495800309,0.057418388301334493,0.055667565362233752],[0.057418388301334493,0.059169733222161951,0.059756519655510154,0.059169733222161951,0.057418388301334493],[0.058001036495800309,0.059756519655510154,0.060344685519739566,0.059756519655510154,0.058001036495800309],[0.057418388301334493,0.059169733222161951,0.059756519655510154,0.059169733222161951,0.057418388301334493],[0.055667565362233752,0.057418388301334493,0.058001036495800309,0.057418388301334493,0.055667565362233752]],[[0.058838517522454691,0.060610722995262649,0.061200563700984228,0.060610722995262649,0.058838517522454691],[0.060610722995262649,0.062382474249086238,0.062976171156780142,0.062382474249086238,0.060610722995262649],[0.061200563700984228,0.062976171156780142,0.063571153482027881,0.062976171156780142,0.061200563700984228],[0.060610722995262649,0.062382474249086238,0.062976171156780142,0.062382474249086238,0.060610722995262656],[0.058838517522454691,0.060610722995262649,0.061200563700984228,0.060610722995262656,0.058838517522454691]],[[0.062046624057908839,0.063838743843086312,0.064435283938562932,0.063838743843086312,0.062046624057908839],[0.063838743843086312,0.0656294900462181,0.066229620261276254,0.0656294900462181,0.063838743843086312],[0.064435283938562932,0.066229620261276254,0.066830947198810275,0.066229620261276254,0.064435283938562932],[0.063838743843086312,0.0656294900462181,0.066229620261276254,0.0656294900462181,0.063838743843086312],[0.062046624057908839,0.063838743843086312,0.064435283938562932,0.063838743843086312,0.062046624057908839]],[[0.0652893169727477,0.067099964887783456,0.067702738875288992,0.067099964887783456,0.0652893169727477],[0.067099964887783456,0.068908372588686054,0.069514485363602871,0.068908372588686054,0.067099964887783456],[0.067702738875288992,0.069514485363602871,0.0701217110827302,0.069514485363602871,0.067702738875288992],[0.067099964887783456,0.068908372588686054,0.069514485363602871,0.068908372588686054,0.067099964887783456],[0.0652893169727477,0.067099964887783456,0.067702738875288992,0.067099964887783456,0.0652893169727477]],[[0.068564170242202724,0.070392035871068431,0.071000603770161722,0.070392035871068431,0.068564170242202724],[0.070392035871068431,0.072216843517434834,0.07282851248478861,0.072216843517434834,0.070392035871068431],[0.071000603770161722,0.07282851248478861,0.073441215155828632,0.07282851248478861,0.071000603770161722],[0.070392035871068431,0.072216843517434834,0.07282851248478861,0.072216843517434834,0.070392035871068431],[0.068564170242202724,0.070392035871068431,0.071000603770161722,0.070392035871068431,0.068564170242202724]],[[0.071868888835593517,0.073712731599402073,0.074326676956092658,0.073712731599402073,0.071868888835593517],[0.073712731599402073,0.075552743829320937,0.076169565072389672,0.075552743829320937,0.073712731599402073],[0.074326676956092658,0.076169565072389672,0.076787344957774561,0.076169565072389672,0.074326676956092658],[0.073712731599402073,0.075552743829320937,0.076169565072389672,0.075552743829320937,0.073712731599402073],[0.071868888835593517,0.073712731599402073,0.074326676956092658,0.073712731599402073,0.071868888835593517]],[[0.0752012983301681,0.07705994187163405,0.077678869873360576,0.07705994187163405,0.0752012983301681],[0.07705994187163405,0.078914024100858668,0.0795356143247732,0.078914024100858668,0.07705994187163405],[0.077678869873360576,0.0795356143247732,0.08015809196892601,0.0795356143247732,0.077678869873360576],[0.07705994187163405,0.078914024100858668,0.0795356143247732,0.078914024100858668,0.07705994187163405],[0.0752012983301681,0.07705994187163405,0.077678869873360576,0.07705994187163405,0.0752012983301681]],[[0.078559335064872365,0.080431661919182912,0.081055197606394791,0.080431661919182912,0.078559335064872365],[0.080431661919182912,0.082298735198283818,0.082924729992843851,0.082298735198283818,0.080431661919182912],[0.081055197606394791,0.082924729992843851,0.083551544502072181,0.082924729992843851,0.081055197606394791],[0.080431661919182912,0.082298735198283818,0.082924729992843851,0.082298735198283818,0.080431661919182912],[0.078559335064872365,0.080431661919182912,0.081055197606394791,0.080431661919182912,0.078559335064872365]],[[0.0819410367863173,0.083825983312757438,0.084453769878505225,0.083825983312757438,0.0819410367863173],[0.083825983312757438,0.085705019429626134,0.086335071615480735,0.085705019429626134,0.083825983312757438],[0.084453769878505225,0.086335071615480735,0.0869658790196888,0.086335071615480735,0.084453769878505225],[0.083825983312757438,0.085705019429626134,0.086335071615480735,0.085705019429626134,0.083825983312757438],[0.0819410367863173,0.083825983312757438,0.084453769878505225,0.083825983312757438,0.0819410367863173]],[[0.085344533742305592,0.087241085292677309,0.087872782462130483,0.087241085292677309,0.085344533742305592],[0.087241085292677309,0.089131102097468079,0.089764880147901183,0.089131102097468079,0.087241085292677309],[0.087872782462130483,0.089764880147901183,0.090399351836464123,0.089764880147901183,0.087872782462130483],[0.087241085292677309,0.089131102097468079,0.089764880147901183,0.089131102097468079,0.087241085292677309],[0.085344533742305592,0.087241085292677309,0.087872782462130483,0.087241085292677309,0.085344533742305592]],[[0.088768040181200478,0.090675226482699489,0.091310508965070411,0.090675226482699489,0.088768040181200478],[0.090675226482699489,0.092575283413907,0.093212469945011,0.092575283413907,0.090675226482699489],[0.091310508965070411,0.093212469945011,0.0938502911696985,0.093212469945011,0.091310508965070411],[0.090675226482699489,0.092575283413907,0.093212469945011,0.092575283413907,0.090675226482699489],[0.088768040181200478,0.090675226482699489,0.091310508965070411,0.090675226482699489,0.088768040181200478]],[[0.092209846218441388,0.094126736950237169,0.094765292956166661,0.094126736950237169,0.092209846218441388],[0.094126736950237169,0.096035930742239525,0.096676221064813758,0.096035930742239525,0.094126736950237169],[0.094765292956166661,0.096676221064813758,0.0973170895031935,0.096676221064813758,0.094765292956166661],[0.094126736950237169,0.096035930742239525,0.096676221064813758,0.096035930742239525,0.094126736950237169],[0.092209846218441388,0.094126736950237169,0.094765292956166661,0.094126736950237169,0.092209846218441388]],[[0.095668310034325355,0.097594010578820833,0.098235540396767726,0.097594010578820833,0.095668310034325355],[0.097594010578820833,0.099511471132869234,0.10015457185992228,0.099511471132869234,0.097594010578820833],[0.098235540396767726,0.10015457185992228,0.10079819623323302,0.10015457185992228,0.098235540396767726],[0.097594010578820833,0.099511471132869234,0.10015457185992228,0.099511471132869234,0.097594010578820833],[0.095668310034325355,0.097594010578820833,0.098235540396767726,0.097594010578820833,0.095668310034325355]],[[0.099141850370325732,0.10107549772172848,0.10171971234752818,0.10107549772172848,0.099141850370325732],[0.10107549772172848,0.10300038412412593,0.1036460118284569,0.10300038412412593,0.10107549772172848],[0.10171971234752818,0.1036460118284569,0.10429211056853079,0.1036460118284569,0.10171971234752818],[0.10107549772172848,0.10300038412412593,0.1036460118284569,0.10300038412412593,0.10107549772172848],[0.099141850370325732,0.10107549772172848,0.10171971234752818,0.10107549772172848,0.099141850370325732]],[[0.10262893929430481,0.10456969810897898,0.10521631792332188,0.10456969810897898,0.10262893929430481],[0.10456969810897898,0.10650119478206038,0.10714907469901434,0.10650119478206038,0.10456969810897898],[0.10521631792332188,0.10714907469901434,0.10779737465945852,0.10714907469901434,0.10521631792332188],[0.10456969810897898,0.10650119478206038,0.10714907469901434,0.10650119478206038,0.10456969810897898],[0.10262893929430481,0.10456969810897898,0.10521631792332188,0.10456969810897898,0.10262893929430481]],[[0.10612809520842725,0.10807515398346496,0.10872390747268373,0.10807515398346496,0.10612809520842725],[0.10807515398346496,0.11001246695701764,0.1106623317281836,0.11001246695701764,0.10807515398346496],[0.10872390747268373,0.1106623317281836,0.11131256693571485,0.1106623317281836,0.10872390747268373],[0.10807515398346496,0.11001246695701764,0.1106623317281836,0.11001246695701764,0.10807515398346496],[0.10612809520842725,0.10807515398346496,0.10872390747268373,0.10807515398346496,0.10612809520842725]],[[0.10963787607721918,0.11159044344577641,0.11224106596204883,0.11159044344577641,0.10963787607721918],[0.11159044344577641,0.11353279673877754,0.114184385193141,0.11353279673877754,0.11159044344577641],[0.11224106596204883,0.114184385193141,0.11483629563572187,0.114184385193141,0.11224106596204883],[0.11159044344577641,0.11353279673877754,0.114184385193141,0.11353279673877754,0.11159044344577641],[0.10963787607721918,0.11159044344577641,0.11224106596204883,0.11159044344577641,0.10963787607721918]],[[0.11315687285728455,0.11511417399161808,0.11576640654945256,0.11511417399161808,0.11315687285728455],[0.11511417399161808,0.11706080609663108,0.11771386206650951,0.11706080609663108,0.11511417399161808],[0.11576640654945256,0.11771386206650951,0.11836719251576706,0.11771386206650951,0.11576640654945256],[0.11511417399161808,0.11706080609663108,0.11771386206650951,0.11706080609663108,0.11511417399161808],[0.11315687285728455,0.11511417399161808,0.11576640654945256,0.11511417399161808,0.11315687285728455]],[[0.11668370311462313,0.11864497623034705,0.11929856433709936,0.11864497623034705,0.11668370311462313],[0.11864497623034705,0.12059513669567462,0.12124940786567989,0.12059513669567462,0.11864497623034705],[0.11929856433709936,0.12124940786567989,0.12190390673201712,0.12124940786567989,0.11929856433709936],[0.11864497623034705,0.12059513669567462,0.12124940786567989,0.12059513669567462,0.11864497623034705],[0.11668370311462313,0.11864497623034705,0.11929856433709936,0.11864497623034705,0.11668370311462313]],[[0.12021700482049362,0.12218149777850065,0.12283619029760351,0.12218149777850065,0.12021700482049362],[0.12218149777850065,0.12413444388624457,0.12478968067452588,0.12413444388624457,0.12218149777850065],[0.12283619029760351,0.12478968067452588,0.12544509889436845,0.12478968067452588,0.12283619029760351],[0.12218149777850065,0.12413444388624457,0.12478968067452588,0.12413444388624457,0.12218149777850065],[0.12021700482049362,0.12218149777850065,0.12283619029760351,0.12218149777850065,0.12021700482049362]],[[0.12375543032226427,0.12572239732799104,0.12637794537467503,0.12572239732799104,0.12375543032226427],[0.12572239732799104,0.12767739086957539,0.12833334534172849,0.12767739086957539,0.12572239732799104],[0.12637794537467503,0.12833334534172849,0.1289894352974969,0.12833334534172849,0.12637794537467503],[0.12572239732799104,0.12767739086957539,0.12833334534172849,0.12767739086957539,0.12572239732799104],[0.12375543032226427,0.12572239732799104,0.12637794537467503,0.12572239732799104,0.12375543032226427]],[[0.1272976404918422,0.12926633889511077,0.12992249476555096,0.12926633889511077,0.1272976404918422],[0.12926633889511077,0.13122264304957532,0.13187906786684558,0.13122264304957532,0.12926633889511077],[0.12992249476555096,0.13187906786684558,0.13253558234151089,0.13187906786684558,0.12992249476555096],[0.12926633889511077,0.13122264304957532,0.13187906786684558,0.13122264304957532,0.12926633889511077],[0.1272976404918422,0.12926633889511077,0.12992249476555096,0.12926633889511077,0.1272976404918422]],[[0.13084229906102909,0.13281198626368787,0.13346850239978442,0.13281198626368787,0.13084229906102909],[0.13281198626368787,0.13476886258817614,0.13542550999294509,0.13476886258817614,0.13281198626368787],[0.13346850239978442,0.13542550999294509,0.13608220116241682,0.13542550999294509,0.13346850239978442],[0.13281198626368787,0.13476886258817614,0.13542550999294509,0.13476886258817614,0.13281198626368787],[0.13084229906102909,0.13281198626368787,0.13346850239978442,0.13281198626368787,0.13084229906102909]],[[0.13438806716056093,0.13635799764344997,0.13701462563696259,0.13635799764344997,0.13438806716056093],[0.13635799764344997,0.13831470318982853,0.13897132403288628,0.13831470318982853,0.13635799764344997],[0.13701462563696259,0.13897132403288628,0.13962794250099703,0.13897132403288628,0.13701462563696259],[0.13635799764344997,0.13831470318982853,0.13897132403288628,0.13831470318982853,0.13635799764344997],[0.13438806716056093,0.13635799764344997,0.13701462563696259,0.13635799764344997,0.13438806716056093]],[[0.13793359808780653,0.13990302057321446,0.14055951021442514,0.13990302057321446,0.13793359808780653],[0.13990302057321446,0.14185880514956939,0.14251514796525983,0.14185880514956939,0.13990302057321446],[0.14055951021442514,0.14251514796525983,0.14317144184773803,0.14251514796525983,0.14055951021442514],[0.13990302057321446,0.14185880514956939,0.14251514796525983,0.14185880514956939,0.13990302057321446],[0.13793359808780653,0.13990302057321446,0.14055951021442514,0.13990302057321446,0.13793359808780653]],[[0.14147753233665766,0.14344568710745667,0.14410178548522076,0.14344568710745667,0.14147753233665766],[0.14344568710745667,0.14539979070835446,0.1460556008454007,0.14539979070835446,0.14344568710745667],[0.14410178548522076,0.1460556008454007,0.14671131491095402,0.1460556008454007,0.14410178548522076],[0.14344568710745667,0.14539979070835446,0.1460556008454007,0.14539979070835446,0.14344568710745667],[0.14147753233665766,0.14344568710745667,0.14410178548522076,0.14344568710745667,0.14147753233665766]],[[0.14501849293244184,0.14698460933443655,0.1476400599961922,0.14698460933443655,0.14501849293244184],[0.14698460933443655,0.14893625976919123,0.14959127858678697,0.14893625976919123,0.14698460933443655],[0.1476400599961922,0.14959127858678697,0.15024615346522063,0.14959127858678697,0.1476400599961922],[0.14698460933443655,0.14893625976919123,0.14959127858678697,0.14893625976919123,0.14698460933443655],[0.14501849293244184,0.14698460933443655,0.1476400599961922,0.14698460933443655,0.14501849293244184]],[[0.14855508112448559,0.15051837528374359,0.15117291746600398,0.15051837528374359,0.14855508112448559],[0.15051837528374359,0.15246678603745981,0.15312075017808685,0.15246678603745981,0.15051837528374359],[0.15117291746600398,0.15312075017808685,0.15377452164722907,0.15312075017808685,0.15117291746600398],[0.15051837528374359,0.15246678603745981,0.15312075017808685,0.15246678603745981,0.15051837528374359],[0.14855508112448559,0.15051837528374359,0.15117291746600398,0.15051837528374359,0.14855508112448559]],[[0.1520858724985609,0.154045545291337,0.15469891323281837,0.154045545291337,0.1520858724985609],[0.154045545291337,0.15598991365891579,0.15664255441113209,0.15598991365891579,0.154045545291337],[0.15469891323281837,0.15664255441113209,0.15729495277617467,0.15664255441113209,0.15469891323281837],[0.154045545291337,0.15598991365891579,0.15664255441113209,0.15598991365891579,0.154045545291337],[0.1520858724985609,0.154045545291337,0.15469891323281837,0.154045545291337,0.1520858724985609]],[[0.15560941358173064,0.15756464889967894,0.15821657125110997,0.15756464889967894,0.15560941358173064],[0.15756464889967894,0.15950415443825783,0.16015519720449245,0.15950415443825783,0.15756464889967894],[0.15821657125110997,0.16015519720449245,0.16080594678511442,0.16015519720449245,0.15821657125110997],[0.15756464889967894,0.15950415443825783,0.16015519720449245,0.15950415443825783,0.15756464889967894],[0.15560941358173064,0.15756464889967894,0.15821657125110997,0.15756464889967894,0.15560941358173064]],[[0.15912421902111823,0.16107418237979726,0.16172438172627773,0.16107418237979726,0.15912421902111823],[0.16107418237979726,0.16300798572991329,0.16365714961596373,0.16300798572991329,0.16107418237979726],[0.16172438172627773,0.16365714961596373,0.16430596835820674,0.16365714961596373,0.16172438172627773],[0.16107418237979726,0.16300798572991329,0.16365714961596373,0.16300798572991329,0.16107418237979726],[0.15912421902111823,0.16107418237979726,0.16172438172627773,0.16107418237979726,0.15912421902111823]],[[0.1626287694271713,0.16457260697022266,0.16522079948328472,0.16457260697022266,0.1626287694271713],[0.16457260697022266,0.16649984909995375,0.16714684664419741,0.16649984909995375,0.16457260697022266],[0.16522079948328472,0.16714684664419741,0.16779344587539427,0.16714684664419741,0.16522079948328472],[0.16457260697022266,0.16649984909995375,0.16714684664419741,0.16649984909995375,0.16457260697022266],[0.1626287694271713,0.16457260697022266,0.16522079948328472,0.16457260697022266,0.1626287694271713]],[[0.16612150997901434,0.16805834793388169,0.16870424317184257,0.16805834793388169,0.16612150997901434],[0.16805834793388169,0.16997814986313284,0.17062268692453184,0.16997814986313284,0.16805834793388169],[0.16870424317184257,0.17062268692453184,0.17126677127052706,0.17062268692453184,0.16870424317184257],[0.16805834793388169,0.16997814986313284,0.17062268692453184,0.16997814986313284,0.16805834793388169],[0.16612150997901434,0.16805834793388169,0.16870424317184257,0.16805834793388169,0.16612150997901434]],[[0.16960084989462779,0.17152979453798792,0.17217309541378928,0.17152979453798792,0.16960084989462779],[0.17152979453798792,0.17344125760133081,0.1740830334257536,0.17344125760133081,0.17152979453798792],[0.17217309541378928,0.1740830334257536,0.17472430091005284,0.1740830334257536,0.17217309541378928],[0.17152979453798792,0.17344125760133081,0.1740830334257536,0.17344125760133081,0.17152979453798792],[0.16960084989462779,0.17152979453798792,0.17217309541378928,0.17152979453798792,0.16960084989462779]],[[0.17306516287118695,0.17498530106239937,0.17562570399841504,0.17498530106239937,0.17306516287118695],[0.17498530106239937,0.17688750776810427,0.17752621525233475,0.17688750776810427,0.17498530106239937],[0.17562570399841504,0.17752621525233475,0.17816435759651253,0.17752621525233475,0.17562570399841504],[0.17498530106239937,0.17688750776810427,0.17752621525233475,0.17688750776810427,0.17498530106239937],[0.17306516287118695,0.17498530106239937,0.17562570399841504,0.17498530106239937,0.17306516287118695]],[[0.17651278859916858,0.17842318893829237,0.1790603842269802,0.17842318893829237,0.17651278859916858],[0.17842318893829237,0.18031520447783744,0.18095053064960545,0.18031520447783744,0.17842318893829237],[0.1790603842269802,0.18095053064960545,0.18158523379312913,0.18095053064960545,0.1790603842269802],[0.17842318893829237,0.18031520447783744,0.18095053064960545,0.18031520447783744,0.17842318893829237],[0.17651278859916858,0.17842318893829237,0.1790603842269802,0.17842318893829237,0.17651278859916858]],[[0.1799420354481602,0.18184175011022627,0.18247542249805074,0.18184175011022627,0.1799420354481602],[0.18184175011022627,0.18372262456618668,0.18435425129654223,0.18372262456618668,0.18184175011022627],[0.18247542249805074,0.18435425129654223,0.18498519615196221,0.18435425129654223,0.18247542249805074],[0.18184175011022627,0.18372262456618668,0.18435425129654223,0.18372262456618668,0.18184175011022627],[0.1799420354481602,0.18184175011022627,0.18247542249805074,0.18184175011022627,0.1799420354481602]],[[0.18335118441074127,0.1852392517000131,0.18586908120948495,0.1852392517000131,0.18335118441074127],[0.1852392517000131,0.18710802299038193,0.18773562795156037,0.18710802299038193,0.1852392517000131],[0.18586908120948495,0.18773562795156037,0.18836249140765013,0.18773562795156037,0.18586908120948495],[0.1852392517000131,0.18710802299038193,0.18773562795156037,0.18710802299038193,0.1852392517000131],[0.18335118441074127,0.1852392517000131,0.18586908120948495,0.1852392517000131,0.18335118441074127]],[[0.18673849437329443,0.18861394202965073,0.18923960503071996,0.18861394202965073,0.18673849437329443],[0.18861394202965073,0.19046963961309107,0.1910928974906369,0.19046963961309107,0.18861394202965073],[0.18923960503071996,0.1910928974906369,0.19171535367142678,0.1910928974906369,0.18923960503071996],[0.18861394202965073,0.19046963961309107,0.1910928974906369,0.19046963961309107,0.18861394202965073],[0.18673849437329443,0.18861394202965073,0.18923960503071996,0.18861394202965073,0.18673849437329443]],[[0.19010220875823652,0.19196405803236577,0.19258522856928997,0.19196405803236577,0.19010220875823652],[0.19196405803236577,0.19380570738141831,0.19442429134361111,0.19380570738141831,0.19196405803236577],[0.19258522856928997,0.19442429134361111,0.19504201312533395,0.19442429134361111,0.19258522856928997],[0.19196405803236577,0.19380570738141831,0.19442429134361111,0.19380570738141831,0.19196405803236577],[0.19010220875823652,0.19196405803236577,0.19258522856928997,0.19196405803236577,0.19010220875823652]],[[0.19344056355111447,0.1952878340460889,0.19590418541970722,0.1952878340460889,0.19344056355111447],[0.1952878340460889,0.19711446187422568,0.19772804529492097,0.19711446187422568,0.1952878340460889],[0.19590418541970722,0.19772804529492097,0.19834070607570822,0.19772804529492097,0.19590418541970722],[0.1952878340460889,0.19711446187422568,0.19772804529492097,0.19711446187422568,0.1952878340460889],[0.19344056355111447,0.1952878340460889,0.19590418541970722,0.1952878340460889,0.19344056355111447]],[[0.19675179668796106,0.19858351194177845,0.19919471853974929,0.19858351194177845,0.19675179668796106],[0.19858351194177845,0.20039415214578277,0.20100241056873802,0.20039415214578277,0.19858351194177845],[0.19919471853974929,0.20100241056873802,0.20160968627764289,0.20100241056873802,0.19919471853974929],[0.19858351194177845,0.20039415214578277,0.20100241056873802,0.20039415214578277,0.19858351194177845],[0.19675179668796106,0.19858351194177845,0.19919471853974929,0.19858351194177845,0.19675179668796106]],[[0.20003415873467836,0.20184935249296326,0.20245509185187616,0.20184935249296326,0.20003415873467836],[0.20184935249296326,0.20364305274513939,0.20424566606891736,0.20364305274513939,0.20184935249296326],[0.20245509185187616,0.20424566606891736,0.20484723739174929,0.20424566606891736,0.20245509185187616],[0.20184935249296326,0.20364305274513939,0.20424566606891736,0.20364305274513939,0.20184935249296326],[0.20003415873467836,0.20184935249296326,0.20245509185187616,0.20184935249296326,0.20003415873467836]],[[0.20328592474204876,0.20508364784210603,0.205683602916502,0.20508364784210603,0.20328592474204876],[0.20508364784210603,0.20685947673858768,0.20745613159176254,0.20685947673858768,0.20508364784210603],[0.205683602916502,0.20745613159176254,0.20805168638168953,0.20745613159176254,0.205683602916502],[0.20508364784210603,0.20685947673858768,0.20745613159176254,0.20685947673858768,0.20508364784210603],[0.20328592474204876,0.20508364784210603,0.205683602916502,0.20508364784210603,0.20328592474204876]],[[0.20650540710905835,0.20828473486819604,0.20887859647189663,0.20828473486819604,0.20650540710905835],[0.20828473486819604,0.21004178951133237,0.2106321817782052,0.21004178951133237,0.20828473486819604],[0.20887859647189663,0.2106321817782052,0.2112214176096002,0.2106321817782052,0.20887859647189663],[0.20828473486819604,0.21004178951133237,0.2106321817782052,0.21004178951133237,0.20828473486819604],[0.20650540710905835,0.20828473486819604,0.20887859647189663,0.20828473486819604,0.20650540710905835]],[[0.20969096923669545,0.21145100921012625,0.21203847858606859,0.21145100921012625,0.20969096923669545],[0.21145100921012625,0.21318842307642824,0.21377226052450951,0.21318842307642824,0.21145100921012625],[0.21203847858606859,0.21377226052450951,0.21435488733965016,0.21377226052450951,0.21203847858606859],[0.21145100921012625,0.21318842307642824,0.21377226052450951,0.21318842307642824,0.21145100921012625],[0.20969096923669545,0.21145100921012625,0.21203847858606859,0.21145100921012625,0.20969096923669545]],[[0.21284103970659934,0.214580939655101,0.21516173112152615,0.214580939655101,0.21284103970659934],[0.214580939655101,0.21629789057728915,0.21687489552999142,0.21629789057728915,0.214580939655101],[0.21516173112152615,0.21687489552999142,0.21745063832058947,0.21687489552999142,0.21516173112152615],[0.214580939655101,0.21629789057728915,0.21687489552999142,0.21629789057728915,0.214580939655101],[0.21284103970659934,0.214580939655101,0.21516173112152615,0.214580939655101,0.21284103970659934]],[[0.2159541266776327,0.21767308256458195,0.21824692617825883,0.21767308256458195,0.2159541266776327],[0.21767308256458195,0.2193688006386304,0.21993871263046189,0.2193688006386304,0.21767308256458195],[0.21824692617825883,0.21993871263046189,0.22050731409018218,0.21993871263046189,0.21824692617825883],[0.21767308256458195,0.2193688006386304,0.21993871263046189,0.2193688006386304,0.21767308256458195],[0.2159541266776327,0.21767308256458195,0.21824692617825883,0.21767308256458195,0.2159541266776327]],[[0.21902883216143265,0.22072609598414208,0.22129274015629427,0.22072609598414208,0.21902883216143265],[0.22072609598414208,0.22239987120153451,0.22296244954924604,0.22239987120153451,0.22072609598414208],[0.22129274015629427,0.22296244954924604,0.22352367262992931,0.22296244954924604,0.22129274015629427],[0.22072609598414208,0.22239987120153451,0.22296244954924604,0.22239987120153451,0.22072609598414208],[0.21902883216143265,0.22072609598414208,0.22129274015629427,0.22072609598414208,0.21902883216143265]],[[0.22206386581829396,0.22373875307163052,0.22429796706955754,0.223738753