{"M_cells":[[[0,0,0,0,0,0],[0,0,0,0,0,0],[0,0,0,0,0,0],[0,0,0,0,0,0],[0,0,0,0,0,0],[0,0,0,0,0,0]],[[0.00021942240759484434,0.00050865569805299312,0.00020941021101294444,9.4364023410653793E-5,4.3212075467906933E-5,1.6306265717805993E-5],[0.00050865569805299312,0.00081920828555722455,0.00039945596877519131,0.00019077518800212956,9.3814959114662955E-5,4.3212075467906933E-5],[0.00020941021101294444,0.00039945596877519131,0.00028750342872441072,0.00017570586553287198,9.8208065942612636E-5,4.5972952792654825E-5],[9.4364023410653793E-5,0.00019077518800212956,0.00017570586553287198,0.00012655367614325565,7.7486344677658875E-5,3.56852046611717E-5],[4.3212075467906933E-5,9.3814959114662955E-5,9.8208065942612636E-5,7.7486344677658875E-5,4.9620982370907849E-5,2.1800160423878054E-5],[1.6306265717805993E-5,4.3212075467906933E-5,4.5972952792654825E-5,3.56852046611717E-5,2.1800160423878054E-5,7.9429370085316E-6]],[[0.000705930056838581,0.0010307336473867187,0.00049272154026940918,0.0002569462791235605,0.00014142740894155964,8.2014927170299877E-5],[0.0010307336473867187,0.0012319201745837624,0.00067516581426346224,0.00037326946621611505,0.00021959373971527953,0.00014142740894155964],[0.00049272154026940918,0.00067516581426346224,0.00050832112586190158,0.00034161812997504323,0.00022243566760125194,0.00014488983496362603],[0.0002569462791235605,0.00037326946621611505,0.00034161812997504323,0.00026267205557967512,0.00018382221233425214,0.00011771882918573665],[0.00014142740894155964,0.00021959373971527953,0.00022243566760125194,0.00018382221233425214,0.00013262143916881563,8.148601314175709E-5],[8.2014927170299877E-5,0.00014142740894155964,0.00014488983496362603,0.00011771882918573665,8.148601314175709E-5,4.5304332523804362E-5]],[[0.001150734271666996,0.0014163492519234575,0.00075251366333197139,0.00043655787323030671,0.00027243561019613588,0.000189767334118443],[0.0014163492519234575,0.0015459964476578422,0.00091662489939288363,0.000558460310878097,0.00036752920317388376,0.00027243561019613588],[0.00075251366333197139,0.00091662489939288363,0.00071493349253574229,0.00051337627961837063,0.00036699275563215923,0.0002738400865033021],[0.00043655787323030671,0.000558460310878097,0.00051337627961837063,0.00041335008715140371,0.00031342798628058359,0.0002303633771706942],[0.00027243561019613588,0.00036752920317388376,0.00036699275563215923,0.00031342798628058359,0.00024319057213901369,0.00017303444326500803],[0.000189767334118443,0.00027243561019613588,0.0002738400865033021,0.0002303633771706942,0.00017303444326500803,0.00011577566548819826]],[[0.0015068886267093078,0.001719133388614752,0.00098683728401576768,0.00062038254217636646,0.0004232840696487256,0.00032578689336704717],[0.001719133388614752,0.0018070630910509602,0.0011359134866422761,0.00074315849316733938,0.00052842569949697207,0.0004232840696487256],[0.00098683728401576768,0.0011359134866422761,0.00091197110587542,0.00068815757008311256,0.000524196539721813,0.00042139023294413328],[0.00062038254217636646,0.00074315849316733938,0.00068815757008311256,0.00057353836054993622,0.00045902827368350945,0.00036427912147315804],[0.0004232840696487256,0.00052842569949697207,0.000524196539721813,0.00045902827368350945,0.00037430135000966281,0.00028966730936520654],[0.00032578689336704717,0.0004232840696487256,0.00042139023294413328,0.00036427912147315804,0.00028966730936520654,0.00021514013129789931]],[[0.0017965514755936207,0.0019732229219069906,0.0012019684394086727,0.00080417796615917165,0.00058575313479220306,0.00047931995098188273],[0.0019732229219069906,0.0020363631266515671,0.001340410998779272,0.00092635082394330241,0.0006966989386354306,0.00058575313479220306],[0.0012019684394086727,0.001340410998779272,0.0011023221957770293,0.0008643585932105553,0.0006891663188207587,0.00058041656265357471],[0.00080417796615917165,0.00092635082394330241,0.0008643585932105553,0.00073983053105307047,0.00061541483495369624,0.00051273779747532762],[0.00058575313479220306,0.0006966989386354306,0.0006891663188207587,0.00061541483495369624,0.00052013866339988316,0.00042496356985967192],[0.00047931995098188273,0.00058575313479220306,0.00058041656265357471,0.00051273779747532762,0.00042496356985967192,0.00033728451733755873]],[[0.0020435998002029088,0.0021981069605379322,0.0014039274664508917,0.000986763900129325,0.00075487733726962,0.00064323446565388537],[0.0021981069605379322,0.0022462317052231355,0.0015352581920465513,0.0011080353175632108,0.00086911768021209193,0.00075487733726962],[0.0014039274664508917,0.0015352581920465513,0.0012881891291193581,0.0010412428579298929,0.00085891245962748048,0.00074650499832728384],[0.000986763900129325,0.0011080353175632108,0.0010412428579298929,0.0009100706478489724,0.000779012908124069,0.00067101266057524025],[0.00075487733726962,0.00086911768021209193,0.00085891245962748048,0.000779012908124069,0.00067627762567457766,0.00057364909624085065],[0.00064323446565388537,0.00075487733726962,0.00074650499832728384,0.00067101266057524025,0.00057364909624085065,0.00047638816043589564]],[[0.0022643099692098738,0.0024051813943128885,0.0015971943123593263,0.0011680413856908509,0.0009277582603326234,0.00081314021561602065],[0.0024051813943128885,0.0024440850861847671,0.0017238879343135377,0.0012885007221939393,0.0010438475478044952,0.0009277582603326234],[0.0015971943123593263,0.0017238879343135377,0.0014711163417491925,0.001218465973479198,0.0010316069426280867,0.000916943402982544],[0.0011680413856908509,0.0012885007221939393,0.001218465973479198,0.001082876324815603,0.00094740251587473027,0.000835854521437297],[0.0009277582603326234,0.0010438475478044952,0.0010316069426280867,0.00094740251587473027,0.000839499197501063,0.00073170650513881223],[0.00081314021561602065,0.0009277582603326234,0.000916943402982544,0.000835854521437297,0.00073170650513881223,0.00062766628153268912]],[[0.0024688062579767507,0.0026012663388542147,0.0017848291920450256,0.0013482341218705382,0.0011027398621814113,0.00098644525779865121],[0.0026012663388542147,0.0026344515378455111,0.0019085351917039551,0.001468062727917176,0.0012198590652947939,0.0011027398621814113],[0.0017848291920450256,0.0019085351917039551,0.001652138225246362,0.0013958614708811717,0.0012061290555906278,0.0010900690496640423],[0.0013482341218705382,0.001468062727917176,0.0013958614708811717,0.0012573524744107006,0.0011189602096168295,0.0010050610595198797],[0.0011027398621814113,0.0012198590652947939,0.0012061290555906278,0.0011189602096168295,0.0010075285769648333,0.00089621018480447233],[0.00098644525779865121,0.0011027398621814113,0.0010900690496640423,0.0010050610595198797,0.00089621018480447233,0.0007874706284812258]],[[0.0026632730093989116,0.0027905120832233854,0.0019688458654825978,0.0015276139722162213,0.0012788887570898925,0.0011616576748008441],[0.0027905120832233854,0.0028201252881486908,0.0020906372980843643,0.00164698455075954,0.0013965787691692106,0.0012788887570898925],[0.0019688458654825978,0.0020906372980843643,0.0018319320656902151,0.0015733463941006616,0.0013817889494043654,0.0012648610865658239],[0.0015276139722162213,0.00164698455075954,0.0015733463941006616,0.001432916695037647,0.0012926043085422711,0.0011771539239754855],[0.0012788887570898925,0.0013965787691692106,0.0013817889494043654,0.0012926043085422711,0.0011787902321531425,0.0010650911464343425],[0.0011616576748008441,0.0012788887570898925,0.0012648610865658239,0.0011771539239754855,0.0010650911464343425,0.00095314206797892406]],[[0.0028514961589431579,0.0029754743510338258,0.0021505465192847148,0.0017064145246983311,0.0014556835183425622,0.0013379324430674276],[0.0029754743510338258,0.003002844092347209,0.0022711135470552118,0.0018254643659663932,0.0015736887887023983,0.0014556835183425622],[0.0021505465192847148,0.0022711135470552118,0.00201093637746121,0.001750878350226269,0.0015581600702220435,0.0014406906730777837],[0.0017064145246983311,0.0018254643659663932,0.001750878350226269,0.0016091893166143203,0.0014676179736100527,0.0013511478080950163],[0.0014556835183425622,0.0015736887887023983,0.0015581600702220435,0.0014676179736100527,0.0013522087329840384,0.0012369156469562695],[0.0013379324430674276,0.0014556835183425622,0.0014406906730777837,0.0013511478080950163,0.0012369156469562695,0.0011227987789035449]],[[0.0030358098815093317,0.0031577406020992641,0.0023307664241898557,0.0018848138948002278,0.0016328345643534016,0.0015147959367594792],[0.0031577406020992641,0.0031836952091633766,0.0024505507052234054,0.002003643985150687,0.0017510135121033817,0.0016328345643534016],[0.0023307664241898557,0.0024505507052234054,0.0021894335402702029,0.0019284352489221041,0.0017349774616713879,0.0016171688469898968],[0.0018848138948002278,0.002003643985150687,0.0019284352489221041,0.0017859227618106639,0.0016435282110976559,0.0015263896354762556],[0.0016328345643534016,0.0017510135121033817,0.0017349774616713879,0.0016435282110976559,0.0015270579780736343,0.0014107046696572041],[0.0015147959367594792,0.0016328345643534016,0.0016171688469898968,0.0015263896354762556,0.0014107046696572041,0.0012951360571465539]],[[0.003217663796565377,0.0033383033163585803,0.0025100395442715453,0.0020629403337621907,0.0018101817059899825,0.0016919845339357616],[0.0033383033163585803,0.0033633621726416167,0.0026293231917888992,0.0021816219696031182,0.0019284561408636032,0.0018101817059899825],[0.0025100395442715453,0.0026293231917888992,0.0023676049525352873,0.0021060054142331744,0.0019120758236825942,0.0017940539711959595],[0.0020629403337621907,0.0021816219696031182,0.0021060054142331744,0.0019629556770074694,0.0018200240358193208,0.0017024484447664212],[0.0018101817059899825,0.0019284561408636032,0.0019120758236825942,0.0018200240358193208,0.0017028518162453983,0.0015857970285354189],[0.0016919845339357616,0.0018101817059899825,0.0017940539711959595,0.0017024484447664212,0.0015857970285354189,0.0014692626670921298]],[[0.0033979638250862436,0.0035177861555981587,0.00268870688924155,0.0022408832699809351,0.0019876365697608948,0.0018693521858304998],[0.0035177861555981587,0.0035422763917332635,0.0028076700679152654,0.0023594655750574854,0.0021059634050347481,0.0019876365697608948],[0.00268870688924155,0.0028076700679152654,0.0025455670462655668,0.0022835826145904156,0.0020893516101786495,0.0019711952910721722],[0.0022408832699809351,0.0023594655750574854,0.0022835826145904156,0.0021401829994502457,0.0019969015839214595,0.0018790408690525697],[0.0019876365697608948,0.0021059634050347481,0.0020893516101786495,0.0019969015839214595,0.0018792668829699507,0.0017617499468886996],[0.0018693521858304998,0.0019876365697608948,0.0019711952910721722,0.0018790408690525697,0.0017617499468886996,0.0016445765416609024]],[[0.0035772790217550865,0.0036965826263729825,0.0028669862857757045,0.002418703837007233,0.0021651504943973479,0.0020468182381845655],[0.0036965826263729825,0.0037207110381193903,0.0029857441203053432,0.0025372201313466755,0.0022835060250588541,0.0021651504943973479],[0.0028669862857757045,0.0029857441203053432,0.00272339455310269,0.0024611635044911387,0.0022667397190171885,0.0021484983752743173],[0.002418703837007233,0.0025372201313466755,0.0024611635044911387,0.0023175363905624897,0.0021740275433717511,0.0020559811412284791],[0.0021651504943973479,0.0022835060250588541,0.0022667397190171885,0.0021740275433717511,0.002056089213637455,0.0019382688667579561],[0.0020468182381845655,0.0021651504943973479,0.0021484983752743173,0.0020559811412284791,0.0019382688667579561,0.0018206744126342789]],[[0.0037559683379284536,0.0038749418526274598,0.003045016981920608,0.0025964432806451204,0.0023426967235856025,0.0022243382501214016],[0.0038749418526274598,0.0038988395632826357,0.0031636431049263019,0.0027149159236504769,0.0024610679242008777,0.0023426967235856025],[0.003045016981920608,0.0031636431049263019,0.002901135457739238,0.0026387462831897147,0.0024441990835671226,0.0023259038558557034],[0.0025964432806451204,0.0027149159236504769,0.0026387462831897147,0.0024949714456069336,0.0023513149182188432,0.0022331477790798748],[0.0023426967235856025,0.0024610679242008777,0.0024441990835671226,0.0023513149182188432,0.00223317782764153,0.0021151588622639055],[0.0022243382501214016,0.0023426967235856025,0.0023259038558557034,0.0022331477790798748,0.0021151588622639055,0.0019972879644133026]],[[0.0039342589766122671,0.0040530219955016633,0.0032228880818429761,0.0027741291741519686,0.0025202605626914567,0.0024018877750750221],[0.0040530219955016633,0.0040767723587866915,0.003341429636850881,0.0028925730549954664,0.0026386402839998165,0.0025202605626914567],[0.0032228880818429761,0.003341429636850881,0.0030788205878459389,0.0028163299818675896,0.0026217037232933713,0.0025033742859064388],[0.0027741291741519686,0.0028925730549954664,0.0028163299818675896,0.0026724593399494656,0.0025287070363256537,0.0024104615043538174],[0.0025202605626914567,0.0026386402839998165,0.0026217037232933713,0.0025287070363256537,0.0024104401522992043,0.0022922914862293486],[0.0024018877750750221,0.0025202605626914567,0.0025033742859064388,0.0024104615043538174,0.0022922914862293486,0.0021742396167709365]],[[0.0041122951621585975,0.004230923704944909,0.0034006566619908638,0.0029517798271240219,0.0026978339503494187,0.002579453383186537],[0.004230923704944909,0.0042545798221045464,0.0035191438636016214,0.003070204803748968,0.002816218272810801,0.0026978339503494187],[0.0034006566619908638,0.0035191438636016214,0.0032564697604088874,0.0029939140811406327,0.0027992371598601932,0.0026808859765454626],[0.0029517798271240219,0.003070204803748968,0.0029939140811406327,0.0028499813794695896,0.0027061670342371467,0.0025878706713863913],[0.0026978339503494187,0.002816218272810801,0.0027992371598601932,0.0027061670342371467,0.0025878155730809814,0.0024695823902123096],[0.002579453383186537,0.0026978339503494187,0.0026808859765454626,0.0025878706713863913,0.0024695823902123096,0.0023514123422211271]],[[0.00429016866621906,0.0044087111606098848,0.0035783593192466319,0.0031294073361023186,0.0028754124694929622,0.0027570277057433847],[0.0044087111606098848,0.0044323069217281994,0.0036968115503704956,0.0032478199065420193,0.0029937992470708205,0.0028754124694929622],[0.0035783593192466319,0.0036968115503704956,0.0034340957216271654,0.0031714983044673225,0.0029767889186460435,0.0028584239039379468],[0.0031294073361023186,0.0032478199065420193,0.0031714983044673225,0.0030275254500267239,0.0028836709637203592,0.0027653416857201865],[0.0028754124694929622,0.0029937992470708205,0.0029767889186460435,0.0028836709637203592,0.002765264494065165,0.0026469763418698056],[0.0027570277057433847,0.0028754124694929622,0.0028584239039379468,0.0027653416857201865,0.0026469763418698056,0.0025287292861716298]],[[0.0044679380025066905,0.00458642535576491,0.0037560195399669052,0.0033070196612420347,0.0030529937033692465,0.0029346067048795304],[0.00458642535576491,0.0046099824229056761,0.003874449245077868,0.0034254240938080666,0.0031713817629592813,0.0030529937033692465],[0.0037560195399669052,0.003874449245077868,0.0036117066737886882,0.0033490825060937877,0.0031543523286070956,0.0030359785185950514],[0.0033070196612420347,0.0034254240938080666,0.0033490825060937877,0.003205083707053474,0.0030612032836686092,0.002942852722512023],[0.0030529937033692465,0.0031713817629592813,0.0031543523286070956,0.0030612032836686092,0.0029427611002494367,0.00282443725968069],[0.0029346067048795304,0.0030529937033692465,0.0030359785185950514,0.002942852722512023,0.00282443725968069,0.0027061401206899425]],[[0.0046456405426572442,0.0047640925104044931,0.00393365240806153,0.00348462202406989,0.0032305763320226873,0.0031121881712411524],[0.0047640925104044931,0.0047876247469067533,0.0040520675822839384,0.003603021114415534,0.0033489650336219366,0.0032305763320226873],[0.00393365240806153,0.0040520675822839384,0.0037893078970056226,0.0035266666101341224,0.0033319231340071653,0.003213543738941697],[0.00348462202406989,0.003603021114415534,0.0035266666101341224,0.003382651073828436,0.0032387539179986181,0.0031203896184262996],[0.0032305763320226873,0.0033489650336219366,0.0033319231340071653,0.0032387539179986181,0.0031202885889208705,0.003001941619120731],[0.0031121881712411524,0.0032305763320226873,0.003213543738941697,0.0031203896184262996,0.003001941619120731,0.0028836119667849766]],[[0.0048233001884838778,0.0049417294139150131,0.00411126761675019,0.0036622178405625485,0.0034081596360312516,0.0032897708980952536],[0.0049417294139150131,0.0049652457007911873,0.0042296733991661478,0.0037806134152541908,0.0035265486312282134,0.0034081596360312516],[0.00411126761675019,0.0042296733991661478,0.0039669027907856865,0.0037042505774283821,0.0035094986158264109,0.0033911156853622783],[0.0036622178405625485,0.0037806134152541908,0.0037042505774283821,0.0035602242663687368,0.0034163163388586061,0.003297943190491915],[0.0034081596360312516,0.0035265486312282134,0.0035094986158264109,0.0034163163388586061,0.0032978360384271609,0.0031794741078781251],[0.0032897708980952536,0.0034081596360312516,0.0033911156853622783,0.003297943190491915,0.0031794741078781251,0.0030611233871949144]],[[0.00500093224367994,0.0051193468257567471,0.0042888713974709456,0.0038398093401728621,0.0035857432240731821,0.0034673542276228019],[0.0051193468257567471,0.00514285285633743,0.0044072710921829279,0.00395820258985045,0.0037041323235050029,0.0035857432240731821],[0.0042888713974709456,0.0044072710921829279,0.0041444935434564768,0.0038818343875303596,0.0036870770342786485,0.00356869187907308],[0.0038398093401728621,0.00395820258985045,0.0038818343875303596,0.0037378011608388451,0.0035938863196408087,0.0034755074892813521],[0.0035857432240731821,0.0037041323235050029,0.0036870770342786485,0.0035938863196408087,0.0034753963578373539,0.0033570247727428785],[0.0034673542276228019,0.0035857432240731821,0.00356869187907308,0.0034755074892813521,0.0033570247727428785,0.003238660427789493]],[[0.0051785465144973978,0.0052969516443716717,0.0044664677566089283,0.0040173979745393969,0.0037633268834519952,0.0036449378018228672],[0.0052969516443716717,0.0053204510699740859,0.0045848634877526983,0.0041357896734084548,0.0038817159841074253,0.0037633268834519952],[0.0044664677566089283,0.0045848634877526983,0.0043220815626880673,0.0040594180289471688,0.0038646572742751925,0.0037462707338240882],[0.0040173979745393969,0.0041357896734084548,0.0040594180289471688,0.0039153803834893986,0.0037714611247381498,0.0036530786624761136],[0.0037633268834519952,0.0038817159841074253,0.0038646572742751925,0.0037714611247381498,0.0036529649474668,0.0035345871512811131],[0.0036449378018228672,0.0037633268834519952,0.0037462707338240882,0.0036530786624761136,0.0035345871512811131,0.00341621401788233]],[[0.0053561492872054323,0.0054745482928650006,0.0046440592692007666,0.0041949846863168737,0.0039409104981399925,0.003822521425836061],[0.0054745482928650006,0.0054980434553189095,0.0047624524015184681,0.0043133753362712812,0.0040592995435182119,0.0039409104981399925],[0.0046440592692007666,0.0047624524015184681,0.0044996677525365909,0.0042370014938804511,0.0040422386195135829,0.0039238512326617014],[0.0041949846863168737,0.0043133753362712812,0.0042370014938804511,0.0040929610450328767,0.0039490389836313389,0.0038306542164442585],[0.0039409104981399925,0.0040592995435182119,0.0040422386195135829,0.0039490389836313389,0.003830538825487007,0.0037121570512171679],[0.003822521425836061,0.0039409104981399925,0.0039238512326617014,0.0038306542164442585,0.0037121570512171679,0.003593778267764343]],[[0.0055337445914009709,0.0056521396056056173,0.0048216475887514175,0.0043725700854668152,0.0041184940038838632,0.0040001049930060463],[0.0056521396056056173,0.0056756320062522009,0.0049400389978496205,0.0044909600104697245,0.004236882962184621,0.0041184940038838632],[0.0048216475887514175,0.0049400389978496205,0.0046772526918182743,0.00441458477542033,0.0042198206082869035,0.00410143272197325],[0.0043725700854668152,0.0044909600104697245,0.00441458477542033,0.0042705425686896626,0.0041266187498369177,0.004008232536940084],[0.0041184940038838632,0.004236882962184621,0.0042198206082869035,0.0041266187498369177,0.0040081160593598876,0.0038897317545170365],[0.0040001049930060463,0.0041184940038838632,0.00410143272197325,0.004008232536940084,0.0038897317545170365,0.0037713493563988221]],[[0.0057113350082815539,0.0058297273962188588,0.0049992337749474539,0.004550154564584236,0.00429607736364625,0.004177688443832212],[0.0058297273962188588,0.0058532179965305187,0.0051176240210837349,0.0046685439723410608,0.0044144662158510347,0.00429607736364625],[0.0049992337749474539,0.0051176240210837349,0.0048548367490106646,0.004592167866072366,0.0043974029413241236,0.00427901478004087],[0.004550154564584236,0.0046685439723410608,0.004592167866072366,0.0044481245789368042,0.0043041996799101463,0.0041858125782781672],[0.00429607736364625,0.0044144662158510347,0.0043974029413241236,0.0043041996799101463,0.0041856953962141228,0.0040673094992444625],[0.004177688443832212,0.00429607736364625,0.00427901478004087,0.0041858125782781672,0.0040673094992444625,0.0039489248061077521]],[[0.0058889221884418277,0.0060073128218589194,0.00517681850444959,0.0047277383741939905,0.0044736605541990191,0.0043552717435182114],[0.0060073128218589194,0.006030802236316482,0.0052952079443504734,0.0048461273963825045,0.004592049287574492,0.0044736605541990191],[0.00517681850444959,0.0052952079443504734,0.0050324201562990181,0.0047697507570047771,0.00457498542281874,0.0044565971330324493],[0.0047277383741939905,0.0048461273963825045,0.0047697507570047771,0.0046257068295691237,0.0044817812903409221,0.0043633936619221526],[0.0044736605541990191,0.004592049287574492,0.00457498542281874,0.0044817812903409221,0.0043632760228332667,0.0042448891427104051],[0.0043552717435182114,0.0044736605541990191,0.0044565971330324493,0.0043633936619221526,0.0042448891427104051,0.004126503010378816]],[[0.0060665071839419759,0.0061848966170399231,0.0053544022065533832,0.0049053216718341038,0.0046512435588277187,0.0045328548697184329],[0.0061848966170399231,0.0062083852369805787,0.0054727910653967664,0.0050237103903099847,0.0047696321633984564,0.0046512435588277187],[0.0053544022065533832,0.0054727910653967664,0.0052100030573122508,0.0049473334376811786,0.0047525679226596736,0.004634179601249],[0.0049053216718341038,0.0050237103903099847,0.0049473334376811786,0.0048032891572048937,0.0046593632649459277,0.0045409753460636353],[0.0046512435588277187,0.0047696321633984564,0.0047525679226596736,0.0046593632649459277,0.004540857409962666,0.0044224699427397136],[0.0045328548697184329,0.0046512435588277187,0.004634179601249,0.0045409753460636353,0.0044224699427397136,0.0043040829268830311]],[[0.0062440906614604262,0.0063624792438474881,0.0055319851505378735,0.00508290455401084,0.0048288263633801719,0.0047104378058717969],[0.0063624792438474881,0.00638596731703872,0.0056503735683105924,0.0052012930178580432,0.0049472148300248684,0.0048288263633801719],[0.0055319851505378735,0.0056503735683105924,0.0053875855379071419,0.0051249158956962124,0.0049301503522243923,0.0048117620646996239],[0.00508290455401084,0.0052012930178580432,0.0051249158956962124,0.0049808714512513518,0.0048369453949727893,0.0047185573412228208],[0.0048288263633801719,0.0049472148300248684,0.0049301503522243923,0.0048369453949727893,0.0047184392114016007,0.004600051415780437],[0.0047104378058717969,0.0048288263633801719,0.0048117620646996239,0.0047185573412228208,0.004600051415780437,0.0044816638781337206]],[[0.006421673039216153,0.0065400609884897079,0.0057095675019279033,0.005260487076980294,0.0050064089541417087,0.0048880205375927939],[0.0065400609884897079,0.00656354867028076,0.00582795556328978,0.0053788753135944464,0.0051247972735745419,0.0050064089541417087],[0.0057095675019279033,0.00582795556328978,0.0055651676460251745,0.0053024981167146355,0.0051077326488564237,0.0049893444410398138],[0.005260487076980294,0.0053788753135944464,0.0053024981167146355,0.00515845363451216,0.0050145275403815593,0.0048961394556618926],[0.0050064089541417087,0.0051247972735745419,0.0051077326488564237,0.0050145275403815593,0.0048960211986534439,0.0047776332449415981],[0.0048880205375927939,0.0050064089541417087,0.0049893444410398138,0.0048961394556618926,0.0047776332449415981,0.0046592454221750139]],[[0.0065992545749736552,0.0067176420233827222,0.0058871493587423921,0.0054380692702519877,0.005183991316704108,0.0050656030507321573],[0.0067176420233827222,0.0067411294095954108,0.0060055371122686978,0.0055564572925386364,0.005302379478936645,0.005183991316704108],[0.0058871493587423921,0.0060055371122686978,0.0057427494045020335,0.0054800800844598645,0.0052853147659075138,0.0051669266714245944],[0.0054380692702519877,0.0055564572925386364,0.0054800800844598645,0.0053360356506715291,0.0051921096048280794,0.0050737215600993747],[0.005183991316704108,0.005302379478936645,0.0052853147659075138,0.0051921096048280794,0.0050736032186330009,0.0049552152204368136],[0.0050656030507321573,0.005183991316704108,0.0051669266714245944,0.0050737215600993747,0.0049552152204368136,0.0048368272687724662]],[[0.0067768354226295019,0.0068952224470823836,0.0060647307748509576,0.0056156511453554553,0.0053615734353726265,0.0052431853303447074],[0.0068952224470823836,0.0069187095951622818,0.0061831182454310961,0.005734038956401212,0.0054799614294344552,0.0053615734353726265],[0.0060647307748509576,0.0061831182454310961,0.0059203308193297747,0.005657661780723063,0.005462896666347446,0.0053445087114336607],[0.0056156511453554553,0.005734038956401212,0.005657661780723063,0.0055136174562191009,0.00536969151950702,0.0052513035649111037],[0.0053615734353726265,0.0054799614294344552,0.005462896666347446,0.00536969151950702,0.0052511851663124536,0.0051327972010410594],[0.0052431853303447074,0.0053615734353726265,0.0053445087114336607,0.0052513035649111037,0.0051327972010410594,0.0050144092251362448]],[[0.0069544156686034905,0.0070728023099658911,0.0062423117750221484,0.0057932327015264495,0.0055391552928610414,0.0054207673601487571],[0.0070728023099658911,0.00709628925258213,0.0063606989718466428,0.0059116202976269364,0.00565754310665796,0.0055391552928610414],[0.0062423117750221484,0.0063606989718466428,0.0060979118849830592,0.0058352431853775184,0.0056404783186614722,0.0055220905252477371],[0.0057932327015264495,0.0059116202976269364,0.0058352431853775184,0.0056911990152408113,0.0055472732327207447,0.0054288854054060295],[0.0055391552928610414,0.00565754310665796,0.0056404783186614722,0.0055472732327207447,0.0054287669670387778,0.0053103790891618251],[0.0054207673601487571,0.0055391552928610414,0.0055220905252477371,0.0054288854054060295,0.0053103790891618251,0.0051919911607954516]],[[0.0071319953552395994,0.0072503816307419354,0.0064198923646145807,0.0059708139293903053,0.005716736870138313,0.0055983491222474811],[0.0072503816307419354,0.007273868384527443,0.0065382792863165279,0.0060892013020096957,0.0058351244903817679,0.005716736870138313],[0.0064198923646145807,0.0065382792863165279,0.0062754925878481735,0.0060128242763900627,0.00581805969421376,0.0056996720819085392],[0.0059708139293903053,0.0060892013020096957,0.0060128242763900627,0.0058687802960571038,0.0057248547031453047,0.0056064670323189422],[0.005716736870138313,0.0058351244903817679,0.00581805969421376,0.0057248547031453047,0.0056063485651072975,0.0054879608147235075],[0.0055983491222474811,0.005716736870138313,0.0056996720819085392,0.0056064670323189422,0.0054879608147235075,0.0053695729848784865]],[[0.0073095744958465436,0.0074279604070544552,0.0065974725358118637,0.0061483948133430133,0.0058943181463526348,0.0057759305969883844],[0.0074279604070544552,0.0074514469782178995,0.0067158591737721089,0.0062667819503787045,0.0060127055585243935,0.0058943181463526348],[0.0065974725358118637,0.0067158591737721089,0.0064530729084250867,0.0061904050298258973,0.00599564076555028,0.0058772533529151058],[0.0061483948133430133,0.0062667819503787045,0.0061904050298258973,0.0060463612690510914,0.0059024358954825632,0.0057840484056724123],[0.0058943181463526348,0.0060127055585243935,0.00599564076555028,0.0059024358954825632,0.0057839299163797006,0.0056655423247535227],[0.0057759305969883844,0.0058943181463526348,0.0058772533529151058,0.0057840484056724123,0.0056655423247535227,0.0055471546314262953]],[[0.0074871530843537348,0.0076055386222808269,0.0067750522716262867,0.0063259753330846555,0.0060718990987917226,0.0059535117628921],[0.0076055386222808269,0.0076290250102040444,0.006893438612092604,0.0064443622196794694,0.0061902862871244116,0.0060718990987917226],[0.0067750522716262867,0.006893438612092604,0.0066306528227344907,0.0063679854198445372,0.0061732215053018685,0.006054834310674705],[0.0063259753330846555,0.0064443622196794694,0.0063679854198445372,0.0062239419052612672,0.0060800167776500777,0.0059616294908126158],[0.0060718990987917226,0.0061902862871244116,0.0061732215053018685,0.0060800167776500777,0.0059615109835136184,0.0058431235766529237],[0.0059535117628921,0.0060718990987917226,0.006054834310674705,0.0059616294908126158,0.0058431235766529237,0.005724736049900171]],[[0.00766473110149798,0.007783116249876214,0.006952631548461102,0.0065035554646008112,0.006249479702858763,0.006131092596614332],[0.007783116249876214,0.00780660244941434,0.0070710175739006672,0.0066219420836601504,0.0063678666503215959,0.006249479702858763],[0.006952631548461102,0.0070710175739006672,0.0068082323032091375,0.0065455654186866588,0.00635080188547055,0.0062324149275005281],[0.0065035554646008112,0.0066219420836601504,0.0065455654186866588,0.006401522175464803,0.0062575973189611146,0.0061392102558458549],[0.006249479702858763,0.0063678666503215959,0.00635080188547055,0.0062575973189611146,0.006139091732877567,0.0060207045338471921],[0.006131092596614332,0.006249479702858763,0.0062324149275005281,0.0061392102558458549,0.0060207045338471921,0.0059023171990475768]],[[0.007842308518773284,0.007960693256135189,0.0071302103377401515,0.0066811351807831813,0.0064270599320511591,0.0063086730729202886],[0.007960693256135189,0.0079841792590808914,0.0072485960276957,0.0067995215132990016,0.0065454466203354747,0.0064270599320511591],[0.0071302103377401515,0.0072485960276957,0.0069858113192491278,0.00672314499665117,0.0065283818769587953,0.0064099951749575258],[0.0066811351807831813,0.0067995215132990016,0.00672314499665117,0.0065791020495739143,0.00643517748894047,0.0063167906699766263],[0.0064270599320511591,0.0065454466203354747,0.0065283818769587953,0.00643517748894047,0.00631667213255125,0.0061982851629715811],[0.0063086730729202886,0.0064270599320511591,0.0064099951749575258,0.0063167906699766263,0.0061982851629715811,0.0060798980429361341]],[[0.0080198853009368267,0.00813826960193054,0.007307788606933382,0.0068587144518138746,0.0066046397579368581,0.0064862531646617911],[0.00813826960193054,0.008161755397939981,0.0074261739385574517,0.0069771004770616549,0.0067230261674384928,0.0066046397579368581],[0.007307788606933382,0.0074261739385574517,0.0071633898375576951,0.0069007241220630684,0.00670596144925224,0.00658757502342903],[0.0068587144518138746,0.0069771004770616549,0.0069007241220630684,0.0067566814962314288,0.0066127572565478476,0.0064943707024245475],[0.0066046397579368581,0.0067230261674384928,0.00670596144925224,0.0066127572565478476,0.0064942521510242546,0.0063758654320455119],[0.0064862531646617911,0.0066046397579368581,0.00658757502342903,0.0064943707024245475,0.0063758654320455119,0.0062574785483854147]],[[0.0081974614075828612,0.00831584524379126,0.0074853663201898714,0.007036293245393445,0.006782219150124516,0.0066638328427507517],[0.00831584524379126,0.0083393308209630587,0.0076037512685696116,0.0071546789410451023,0.00690060525992166,0.006782219150124516],[0.0074853663201898714,0.0076037512685696116,0.0073409678223323007,0.0070783027612319558,0.00688354057019795,0.006765154441822757],[0.007036293245393445,0.0071546789410451023,0.0070783027612319558,0.0069342604825315176,0.0067903365896608853,0.0066719503217116151],[0.006782219150124516,0.00690060525992166,0.00688354057019795,0.0067903365896608853,0.0066718317563421873,0.006553445309282052],[0.0066638328427507517,0.006782219150124516,0.006765154441822757,0.0066719503217116151,0.006553445309282052,0.0064350586832995172]],[[0.0083750367941131387,0.0084934201345518469,0.0076629434387153646,0.0072138715268652565,0.0069597980762265,0.0068414120761268443],[0.0084934201345518469,0.0085169054797825852,0.0077813279770603235,0.0073322568690457855,0.0070781838640522742,0.0069597980762265],[0.0076629434387153646,0.0077813279770603235,0.0075185452353597705,0.0072558808784017517,0.0070611192058412176,0.0069427333973626658],[0.0072138715268652565,0.0073322568690457855,0.0072558808784017517,0.0071118389738185047,0.0069679154547230854,0.0068495294951859955],[0.0069597980762265,0.0070781838640522742,0.0070611192058412176,0.0069679154547230854,0.0068494109155391907,0.00673102476230516],[0.0068414120761268443,0.0069597980762265,0.0069427333973626658,0.0068495294951859955,0.00673102476230516,0.0066126384155775365]],[[0.0085526114123167379,0.0086709942237239677,0.0078405199209815538,0.0073914492592698222,0.00713737650181347,0.0070189908317174129],[0.0086709942237239677,0.0086944793229191113,0.0079589040207216823,0.0075098342225755716,0.0072557619440230614,0.00713737650181347],[0.0078405199209815538,0.0079589040207216823,0.0076961220360464936,0.0074334584356915484,0.00723869732029694,0.0071203118554335814],[0.0073914492592698222,0.0075098342225755716,0.0074334584356915484,0.0072894169335327354,0.0071454938164947348,0.0070271081886946717],[0.00713737650181347,0.0072557619440230614,0.00723869732029694,0.0071454938164947348,0.0070269895942517962,0.0069086037576265866],[0.0070189908317174129,0.00713737650181347,0.0071203118554335814,0.0070271081886946717,0.0069086037576265866,0.00679021771239511]],[[0.0087301852106949351,0.0088485674576840676,0.0080180957228252834,0.0075690264033515539,0.0073149543903611924,0.0071965690743895291],[0.0088485674576840676,0.0088720522958765473,0.0081364793536486835,0.0076874109608416506,0.0074333394618933324,0.0073149543903611924],[0.0080180957228252834,0.0081364793536486835,0.0078736981814042355,0.0076110353930282744,0.00741627487564077,0.007297889779457176],[0.0075690264033515539,0.0076874109608416506,0.0076110353930282744,0.0074669943230843321,0.0073230716378677617,0.0072046863663497831],[0.0073149543903611924,0.0074333394618933324,0.00741627487564077,0.0073230716378677617,0.0072045677564472081,0.0070861822602876212],[0.0071965690743895291,0.0073149543903611924,0.007297889779457176,0.0072046863663497831,0.0070861822602876212,0.0069677965397216468]],[[0.0089077581346190572,0.00902613977974347,0.0081956707974727237,0.0077466029175301768,0.0074925317031882179,0.0073741467668935051],[0.00902613977974347,0.00904962434115145,0.0083140539273231576,0.0078649870406993574,0.0076109163775211156,0.0074925317031882179],[0.0081956707974727237,0.0083140539273231576,0.0080512736260040223,0.0077886117080705076,0.0075938518318093909,0.007475467130784297],[0.0077466029175301768,0.0078649870406993574,0.0077886117080705076,0.00764457110174149,0.007500648879718512,0.0073822639903521553],[0.0074925317031882179,0.0076109163775211156,0.0075938518318093909,0.007500648879718512,0.0073821453642223412,0.0072637602336044459],[0.0073741467668935051,0.0074925317031882179,0.007475467130784297,0.0073822639903521553,0.0072637602336044459,0.00714537486198732]],[[0.0090853301263799039,0.009203711130137366,0.0083732450955136834,0.0079241787578492161,0.007670108399385922,0.0075517238697985151],[0.009203711130137366,0.00922719539818315,0.0084916276905600881,0.0080425624165860327,0.0077884926484876335,0.007670108399385922],[0.0083732450955136834,0.0084916276905600881,0.0082288483219073814,0.0079661873361246138,0.0077714281465045068,0.0076530438685956468],[0.0079241787578492161,0.0080425624165860327,0.0079661873361246138,0.0078221472265259072,0.0076782255007824774,0.0075598410208490181],[0.007670108399385922,0.0077884926484876335,0.0077714281465045068,0.0076782255007824774,0.0075597223776455932,0.0074413376389769635],[0.0075517238697985151,0.007670108399385922,0.0076530438685956468,0.0075598410208490181,0.0074413376389769635,0.0073229526418435364]],[[0.0092629011251622578,0.0093812814459595766,0.0085508185648401017,0.0081017538779045578,0.00784768443573975,0.0077293003414190568],[0.0093812814459595766,0.0094047654032629723,0.00866920058942611,0.00822013704043865,0.0079660682300131038,0.00784768443573975],[0.0085508185648401017,0.00866920058942611,0.00840642221857939,0.0081437622300523475,0.0079490037750959246,0.0078306199498049556],[0.0081017538779045578,0.00822013704043865,0.0081437622300523475,0.0079997226521094263,0.00785580145754,0.0077374174158105664],[0.00784768443573975,0.0079660682300131038,0.0079490037750959246,0.00785580145754,0.0077372987546233968,0.0076189144357362189],[0.0077293003414190568,0.00784768443573975,0.0078306199498049556,0.0077374174158105664,0.0076189144357362189,0.0075005298399807253]],[[0.0094404710669700118,0.00955885066105963,0.0087283911505586145,0.0082793282287584348,0.0080252597666426121,0.0079068761377339963],[0.00955885066105963,0.0095823342894143029,0.0088467725671375012,0.0083977108615986579,0.0081436430748645858,0.0080252597666426121],[0.0087283911505586145,0.0088467725671375012,0.0085839952627874572,0.0083213363401704182,0.0081265786705212884,0.00800819532896044],[0.0082793282287584348,0.0083977108615986579,0.0083213363401704182,0.0081772973307088961,0.0080333767041063844,0.0079149931309162157],[0.0080252597666426121,0.0081436430748645858,0.0081265786705212884,0.0080333767041063844,0.007914874450779848,0.0077964905810135347],[0.0079068761377339963,0.0080252597666426121,0.00800819532896044,0.0079149931309162157,0.0077964905810135347,0.00767810641498057]],[[0.0096180398845152684,0.009736418705912216,0.0089059627948841324,0.0084569017588405817,0.0082028343439997757,0.0080844512122971723],[0.009736418705912216,0.0097599019862506884,0.0090243435639420187,0.0085752838267054588,0.00832121713325549,0.0082028343439997757],[0.0089059627948841324,0.0090243435639420187,0.0087615673984879263,0.008498909614141837,0.0083041527831807845,0.008185769958142651],[0.0084569017588405817,0.0085752838267054588,0.008498909614141837,0.0083548712119768283,0.008210951192121908,0.0080925681194441434],[0.0082028343439997757,0.00832121713325549,0.0083041527831807845,0.008210951192121908,0.00809244941934181,0.0079740660296207244],[0.0080844512122971723,0.0082028343439997757,0.008185769958142651,0.0080925681194441434,0.0079740660296207244,0.0078556823231869955]],[[0.0097956075070820131,0.009913985507465509,0.0090835334370171633,0.0086344744138385325,0.0083804081171255755,0.00826202551613928],[0.009913985507465509,0.0099374684198161554,0.0092019135169868031,0.008752855879579434,0.008498790352736681,0.0083804081171255755],[0.0090835334370171633,0.0092019135169868031,0.008939138566701435,0.0086764819968587412,0.00848172606082524,0.0083633437868564225],[0.0086344744138385325,0.008752855879579434,0.0086764819968587412,0.008532444242886154,0.0083885248706384568,0.008270142332159388],[0.0083804081171255755,0.008498790352736681,0.00848172606082524,0.0083885248706384568,0.0082700236110244876,0.0081516407339346144],[0.00826202551613928,0.0083804081171255755,0.0083633437868564225,0.008270142332159388,0.0081516407339346144,0.0080332575185870451]],[[0.0099731738603692673,0.010091550988972874,0.009261103013008358,0.0088120461365774529,0.00855798103263221,0.0084395989976622475],[0.010091550988972874,0.010115033512411114,0.00937948236017467,0.00893042696109553,0.0086763626780797867,0.00855798103263221],[0.009261103013008358,0.00937948236017467,0.009116708705378531,0.0088540534303173223,0.0086592984484380135,0.00854091676191778],[0.0088120461365774529,0.00893042696109553,0.0088540534303173223,0.00871001636760883,0.0085660976860018456,0.00844771571719911],[0.00855798103263221,0.0086763626780797867,0.0086592984484380135,0.0085660976860018456,0.008447596973914992,0.0083292146437817932],[0.0084395989976622475,0.00855798103263221,0.00854091676191778,0.00844771571719911,0.008329214