{"M_cells":[[[0,0,0,0,0],[0,0,0,0,0],[0,0,0,0,0],[0,0,0,0,0],[0,0,0,0,0]],[[0.000403365948474024,0.00096539777527533915,0.0011324598515121021,0.00096539777527533915,0.000403365948474024],[0.00096539777527533915,0.0019394524653288203,0.0022372724532915295,0.0019394524653288203,0.00096539777527533915],[0.0011324598515121021,0.0022372724532915295,0.0025786781021919871,0.0022372724532915295,0.0011324598515121021],[0.00096539777527533915,0.0019394524653288203,0.0022372724532915295,0.0019394524653288203,0.00096539777527533915],[0.000403365948474024,0.00096539777527533915,0.0011324598515121021,0.00096539777527533915,0.000403365948474024]],[[0.0020446941413716411,0.003268573572972353,0.0036517099573016988,0.003268573572972353,0.0020446941413716411],[0.003268573572972353,0.0047810813683887661,0.0052660384322870879,0.0047810813683887661,0.003268573572972353],[0.0036517099573016988,0.0052660384322870879,0.0057849383916307546,0.0052660384322870879,0.0036517099573016988],[0.003268573572972353,0.0047810813683887661,0.0052660384322870879,0.0047810813683887661,0.003268573572972353],[0.0020446941413716411,0.003268573572972353,0.0036517099573016988,0.003268573572972353,0.0020446941413716411]],[[0.0046572637872161447,0.0062979560729855139,0.0068267700405854042,0.0062979560729855139,0.0046572637872161447],[0.0062979560729855139,0.0080982656833047412,0.008688722735448429,0.0080982656833047412,0.0062979560729855139],[0.0068267700405854042,0.008688722735448429,0.0092997296009696452,0.008688722735448429,0.0068267700405854042],[0.0062979560729855139,0.0080982656833047412,0.008688722735448429,0.0080982656833047412,0.0062979560729855139],[0.0046572637872161447,0.0062979560729855139,0.0068267700405854042,0.0062979560729855139,0.0046572637872161447]],[[0.0078401872116122782,0.0097124303100126,0.010325532332503298,0.0097124303100126,0.0078401872116122782],[0.0097124303100126,0.011664224089296571,0.012311591500914877,0.011664224089296571,0.0097124303100126],[0.010325532332503298,0.012311591500914877,0.012970381998408527,0.012311591500914877,0.010325532332503298],[0.0097124303100126,0.011664224089296571,0.012311591500914877,0.011664224089296571,0.0097124303100126],[0.0078401872116122782,0.0097124303100126,0.010325532332503298,0.0097124303100126,0.0078401872116122782]],[[0.011333101094935011,0.013328796786572538,0.013987878484974464,0.013328796786572537,0.011333101094935011],[0.013328796786572538,0.01535970435142337,0.016037149082295907,0.015359704351423368,0.013328796786572537],[0.013987878484974464,0.016037149082295907,0.01672071554231104,0.016037149082295907,0.013987878484974464],[0.013328796786572537,0.015359704351423368,0.016037149082295907,0.015359704351423368,0.013328796786572537],[0.011333101094935011,0.013328796786572537,0.013987878484974464,0.013328796786572537,0.011333101094935011]],[[0.014989909519146211,0.017050367186839162,0.017733872695688845,0.017050367186839162,0.014989909519146211],[0.017050367186839162,0.019122402487740157,0.019815577569375898,0.019122402487740157,0.017050367186839162],[0.017733872695688845,0.019815577569375898,0.020511976227154179,0.019815577569375898,0.017733872695688845],[0.017050367186839162,0.019122402487740157,0.019815577569375898,0.019122402487740157,0.017050367186839162],[0.014989909519146211,0.017050367186839162,0.017733872695688845,0.017050367186839162,0.014989909519146211]],[[0.0187323656269483,0.02082653373614015,0.021522839691593479,0.02082653373614015,0.0187323656269483],[0.02082653373614015,0.022919866226706904,0.02362121470360587,0.022919866226706904,0.02082653373614015],[0.021522839691593479,0.02362121470360587,0.024324244223644348,0.02362121470360587,0.021522839691593479],[0.02082653373614015,0.022919866226706904,0.02362121470360587,0.022919866226706904,0.02082653373614015],[0.0187323656269483,0.02082653373614015,0.021522839691593479,0.02082653373614015,0.0187323656269483]],[[0.022519292329332086,0.024630910365749863,0.025333869352555209,0.024630910365749863,0.022519292329332086],[0.024630910365749863,0.026735212232532651,0.027440781377838567,0.026735212232532651,0.024630910365749863],[0.025333869352555209,0.027440781377838567,0.028147220681198615,0.027440781377838567,0.025333869352555209],[0.024630910365749863,0.026735212232532651,0.027440781377838567,0.026735212232532651,0.024630910365749863],[0.022519292329332086,0.024630910365749863,0.025333869352555209,0.024630910365749863,0.022519292329332086]],[[0.026329173049243218,0.028449760586463216,0.02915615031289312,0.028449760586463212,0.026329173049243215],[0.028449760586463216,0.030559656181698681,0.031267384501103793,0.030559656181698681,0.028449760586463212],[0.02915615031289312,0.031267384501103793,0.0319755590719363,0.031267384501103793,0.02915615031289312],[0.028449760586463212,0.030559656181698681,0.031267384501103793,0.030559656181698678,0.028449760586463212],[0.026329173049243215,0.028449760586463212,0.02915615031289312,0.028449760586463212,0.026329173049243215]],[[0.030150793573280828,0.032275932430538321,0.0329840701249138,0.032275932430538321,0.030150793573280828],[0.032275932430538321,0.034388620972618911,0.035097433688921022,0.034388620972618911,0.032275932430538321],[0.0329840701249138,0.035097433688921022,0.035806471439185021,0.035097433688921022,0.0329840701249138],[0.032275932430538321,0.034388620972618911,0.035097433688921022,0.034388620972618911,0.032275932430538321],[0.030150793573280828,0.032275932430538321,0.0329840701249138,0.032275932430538321,0.030150793573280828]],[[0.033978309555785416,0.036105695286745773,0.036814702544648421,0.036105695286745773,0.033978309555785416],[0.036105695286745773,0.038219712980555258,0.038929048567561117,0.038219712980555258,0.036105695286745773],[0.036814702544648421,0.038929048567561117,0.039638493609888907,0.038929048567561117,0.036814702544648421],[0.036105695286745773,0.038219712980555258,0.038929048567561117,0.038219712980555258,0.036105695286745773],[0.033978309555785416,0.036105695286745773,0.036814702544648421,0.036105695286745773,0.033978309555785416]],[[0.037808668237706081,0.039937094178860252,0.040646511252796093,0.039937094178860252,0.037808668237706081],[0.039937094178860252,0.04205167067811711,0.042761234079835252,0.04205167067811711,0.039937094178860252],[0.040646511252796093,0.042761234079835252,0.043470846262047662,0.042761234079835252,0.040646511252796093],[0.039937094178860252,0.04205167067811711,0.042761234079835252,0.04205167067811711,0.039937094178860252],[0.037808668237706081,0.039937094178860252,0.040646511252796093,0.039937094178860252,0.037808668237706081]],[[0.041640265743437252,0.04376909453887886,0.044478679064538111,0.04376909453887886,0.041640265743437252],[0.04376909453887886,0.045883818639610961,0.0465934529079671,0.045883818639610961,0.04376909453887886],[0.044478679064538111,0.0465934529079671,0.047303103757517249,0.0465934529079671,0.044478679064538111],[0.04376909453887886,0.045883818639610961,0.0465934529079671,0.045883818639610961,0.04376909453887886],[0.041640265743437252,0.04376909453887886,0.044478679064538111,0.04376909453887886,0.041640265743437252]],[[0.04547224901161518,0.047601137996380771,0.04831076023734162,0.047601137996380771,0.04547224901161518],[0.047601137996380771,0.049715784012158253,0.05042540360070169,0.049715784012158253,0.047601137996380771],[0.04831076023734162,0.05042540360070169,0.051135022302909755,0.05042540360070169,0.04831076023734162],[0.047601137996380771,0.049715784012158253,0.05042540360070169,0.049715784012158253,0.047601137996380771],[0.04547224901161518,0.047601137996380771,0.04831076023734162,0.047601137996380771,0.04547224901161518]],[[0.049304153120047246,0.0514329116643902,0.052142500053681075,0.0514329116643902,0.049304153120047246],[0.0514329116643902,0.05354734923652623,0.05425690534185898,0.05354734923652623,0.0514329116643902],[0.052142500053681075,0.05425690534185898,0.054966450682094638,0.05425690534185898,0.052142500053681075],[0.0514329116643902,0.05354734923652623,0.05425690534185898,0.05354734923652623,0.0514329116643902],[0.049304153120047246,0.0514329116643902,0.052142500053681075,0.0514329116643902,0.049304153120047246]],[[0.053135712875378327,0.055264228261656577,0.055973741097569918,0.055264228261656577,0.053135712875378327],[0.055264228261656577,0.057378375474974666,0.058087838020823915,0.057378375474974666,0.055264228261656577],[0.055973741097569918,0.058087838020823915,0.058797283798413952,0.058087838020823915,0.055973741097569918],[0.055264228261656577,0.057378375474974666,0.058087838020823915,0.057378375474974666,0.055264228261656577],[0.053135712875378327,0.055264228261656577,0.055973741097569918,0.055264228261656577,0.053135712875378327]],[[0.05696676488169309,0.059094963753495759,0.0598043744798769,0.059094963753495759,0.05696676488169309],[0.059094963753495759,0.06120876272099169,0.061918110979863668,0.06120876272099169,0.059094963753495759],[0.0598043744798769,0.061918110979863668,0.062627438410416986,0.061918110979863668,0.0598043744798769],[0.059094963753495759,0.06120876272099169,0.061918110979863668,0.06120876272099169,0.059094963753495759],[0.05696676488169309,0.059094963753495759,0.0598043744798769,0.059094963753495759,0.05696676488169309]],[[0.060797196563233784,0.062925024830053577,0.063634314367183836,0.062925024830053577,0.060797196563233784],[0.062925024830053577,0.065038428929953152,0.065747646625274644,0.065038428929953152,0.062925024830053577],[0.063634314367183836,0.065747646625274644,0.066456840366688974,0.065747646625274644,0.063634314367183836],[0.062925024830053577,0.065038428929953152,0.065747646625274644,0.065038428929953165,0.062925024830053591],[0.060797196563233784,0.062925024830053577,0.063634314367183836,0.062925024830053591,0.060797196563233791]],[[0.064626919541926578,0.066754331853269774,0.067463484585616268,0.066754331853269774,0.064626919541926578],[0.066754331853269774,0.068867299004043536,0.0695763717345933,0.068867299004043536,0.066754331853269774],[0.067463484585616268,0.0695763717345933,0.070285417790439259,0.0695763717345933,0.067463484585616268],[0.066754331853269774,0.068867299004043536,0.0695763717345933,0.06886729900404355,0.066754331853269788],[0.064626919541926578,0.066754331853269774,0.067463484585616268,0.066754331853269788,0.064626919541926592]],[[0.0684558556380087,0.0705828098142058,0.071291811472961986,0.0705828098142058,0.0684558556380087],[0.0705828098142058,0.072695298873157177,0.07340421273941608,0.072695298873157177,0.0705828098142058],[0.071291811472961986,0.07340421273941608,0.0741130973332538,0.07340421273941608,0.071291811472961986],[0.0705828098142058,0.072695298873157177,0.07340421273941608,0.072695298873157177,0.07058280981420581],[0.0684558556380087,0.0705828098142058,0.071291811472961986,0.07058280981420581,0.068455855638008711]],[[0.072283929403767044,0.0744103834288298,0.075119219954424582,0.0744103834288298,0.072283929403767044],[0.0744103834288298,0.076522352201052857,0.077231093051767591,0.076522352201052857,0.0744103834288298],[0.075119219954424582,0.077231093051767591,0.077939802001744718,0.077231093051767591,0.075119219954424582],[0.0744103834288298,0.076522352201052857,0.077231093051767591,0.076522352201052857,0.0744103834288298],[0.072283929403767044,0.0744103834288298,0.075119219954424582,0.0744103834288298,0.072283929403767058]],[[0.076111064028465278,0.078236974361442238,0.078945631270944339,0.078236974361442238,0.076111064028465278],[0.078236974361442238,0.080348378432938031,0.0810569314297077,0.080348378432938031,0.078236974361442238],[0.078945631270944339,0.0810569314297077,0.081765449778881144,0.0810569314297077,0.078945631270944339],[0.078236974361442238,0.080348378432938031,0.0810569314297077,0.080348378432938031,0.078236974361442238],[0.076111064028465278,0.078236974361442238,0.078945631270944339,0.078236974361442238,0.076111064028465278]],[[0.079937178971896714,0.082062499530318134,0.082770961542853544,0.082062499530318134,0.079937178971896714],[0.082062499530318134,0.084173291516164719,0.0848816408588617,0.084173291516164719,0.082062499530318134],[0.082770961542853544,0.0848816408588617,0.085589952633956939,0.0848816408588617,0.082770961542853544],[0.082062499530318134,0.084173291516164719,0.0848816408588617,0.084173291516164719,0.082062499530318134],[0.079937178971896714,0.082062499530318134,0.082770961542853544,0.082062499530318134,0.079937178971896714]],[[0.0837621884721229,0.085886869950941386,0.086595120742615633,0.085886869950941386,0.0837621884721229],[0.085886869950941386,0.087996998944921689,0.088705127675949666,0.087996998944921689,0.085886869950941386],[0.086595120742615633,0.088705127675949666,0.089413215708065957,0.088705127675949666,0.086595120742615633],[0.085886869950941386,0.087996998944921689,0.088705127675949666,0.087996998944921689,0.085886869950941386],[0.0837621884721229,0.085886869950941386,0.086595120742615633,0.085886869950941386,0.0837621884721229]],[[0.087586000481713444,0.089709989831634376,0.090418011852808872,0.089709989831634376,0.087586000481713444],[0.089709989831634376,0.091819400944989721,0.092527290789332584,0.091819400944989721,0.089709989831634376],[0.090418011852808872,0.092527290789332584,0.093235136561583581,0.092527290789332584,0.090418011852808872],[0.089709989831634376,0.091819400944989721,0.092527290789332584,0.091819400944989721,0.089709989831634376],[0.087586000481713444,0.089709989831634376,0.090418011852808872,0.089709989831634376,0.087586000481713444]],[[0.091408515798487924,0.093531755770725061,0.094239530090293344,0.093531755770725061,0.091408515798487924],[0.093531755770725061,0.095640389700041545,0.096348020918206392,0.095640389700041545,0.093531755770725061],[0.094239530090293344,0.096348020918206392,0.097055604421551867,0.096348020918206392,0.094239530090293344],[0.093531755770725061,0.095640389700041545,0.096348020918206392,0.095640389700041545,0.093531755770725061],[0.091408515798487924,0.093531755770725061,0.094239530090293344,0.093531755770725061,0.091408515798487924]],[[0.095229627266263939,0.097352055973677534,0.0980595621313485,0.097352055973677534,0.095229627266263939],[0.097352055973677534,0.099459848564822956,0.1001671998061404,0.099459848564822956,0.097352055973677534],[0.0980595621313485,0.1001671998061404,0.10087449939302566,0.1001671998061404,0.0980595621313485],[0.097352055973677534,0.099459848564822956,0.1001671998061404,0.099459848564822956,0.097352055973677534],[0.095229627266263939,0.097352055973677534,0.0980595621313485,0.097352055973677534,0.095229627266263939]],[[0.099049218977533868,0.10117076944404349,0.1018779853001696,0.10117076944404349,0.099049218977533868],[0.10117076944404349,0.10327765123279593,0.10398469938186067,0.10327765123279593,0.10117076944404349],[0.1018779853001696,0.10398469938186067,0.10469169161152728,0.10398469938186067,0.1018779853001696],[0.10117076944404349,0.10327765123279593,0.10398469938186067,0.10327765123279593,0.10117076944404349],[0.099049218977533868,0.10117076944404349,0.1018779853001696,0.10117076944404349,0.099049218977533868]],[[0.10286716543869001,0.10498776512009958,0.10569466669677377,0.10498776512009958,0.10286716543869001],[0.10498776512009958,0.10709366083689492,0.10780038084855159,0.10709366083689492,0.10498776512009958],[0.10569466669677377,0.10780038084855159,0.10850704031998536,0.10780038084855159,0.10569466669677377],[0.10498776512009958,0.10709366083689492,0.10780038084855159,0.10709366083689492,0.10498776512009958],[0.10286716543869001,0.10498776512009958,0.10569466669677377,0.10498776512009958,0.10286716543869001]],[[0.10668333067291738,0.10880290093765999,0.10950946224698539,0.10880290093765999,0.10668333067291738],[0.10880290093765999,0.11090772896707782,0.11161409368662989,0.11090772896707782,0.10880290093765999],[0.10950946224698539,0.11161409368662989,0.11232039285608289,0.11161409368662989,0.10950946224698539],[0.10880290093765999,0.11090772896707782,0.11161409368662989,0.11090772896707782,0.10880290093765999],[0.10668333067291738,0.10880290093765999,0.10950946224698539,0.10880290093765999,0.10668333067291738]],[[0.11049756724259523,0.11261602280336951,0.11332221565973723,0.11261602280336951,0.11049756724259523],[0.11261602280336951,0.11471969459021737,0.11542567455604737,0.11471969459021737,0.11261602280336951],[0.11332221565973723,0.11542567455604737,0.11613158353643693,0.11542567455604737,0.11332221565973723],[0.11261602280336951,0.11471969459021737,0.11542567455604737,0.11471969459021737,0.11261602280336951],[0.11049756724259523,0.11261602280336951,0.11332221565973723,0.11261602280336951,0.11049756724259523]],[[0.11430971517592646,0.11642696346407787,0.11713275727768563,0.11642696346407787,0.11430971517592646],[0.11642696346407787,0.11852938285811596,0.11923494608402548,0.11852938285811596,0.11642696346407787],[0.11713275727768563,0.11923494608402548,0.11994043242354832,0.11923494608402548,0.11713275727768563],[0.11642696346407787,0.11852938285811596,0.11923494608402548,0.11852938285811596,0.11642696346407787],[0.11430971517592646,0.11642696346407787,0.11713275727768563,0.11642696346407787,0.11430971517592646]],[[0.11811960078310761,0.12023554125747303,0.12094090280632863,0.12023554125747303,0.11811960078310761],[0.12023554125747303,0.12233660378837211,0.12304171552282976,0.12233660378837211,0.12023554125747303],[0.12094090280632863,0.12304171552282976,0.12374674395995648,0.12304171552282976,0.12094090280632863],[0.12023554125747303,0.12233660378837211,0.12304171552282976,0.12233660378837211,0.12023554125747303],[0.11811960078310761,0.12023554125747303,0.12094090280632863,0.12023554125747303,0.11811960078310761]],[[0.1219270353466982,0.12404155872804877,0.12474645190547935,0.12404155872804877,0.1219270353466982],[0.12404155872804877,0.12614115080129221,0.12684577326049415,0.12614115080129221,0.12404155872804877],[0.12474645190547935,0.12684577326049415,0.12755030545221221,0.12684577326049415,0.12474645190547935],[0.12404155872804877,0.12614115080129221,0.12684577326049415,0.12614115080129221,0.12404155872804877],[0.1219270353466982,0.12404155872804877,0.12474645190547935,0.12404155872804877,0.1219270353466982]],[[0.12573181366932315,0.12784480109051552,0.12854918662497569,0.12784480109051552,0.12573181366932315],[0.12784480109051552,0.12994279909379519,0.13064689116508077,0.12994279909379519,0.12784480109051552],[0.12854918662497569,0.13064689116508077,0.13135088538484502,0.13064689116508077,0.12854918662497569],[0.12784480109051552,0.12994279909379519,0.13064689116508077,0.12994279909379519,0.12784480109051552],[0.12573181366932315,0.12784480109051552,0.12854918662497569,0.12784480109051552,0.12573181366932315]],[[0.12953371245980627,0.13164503452045639,0.13234886966388479,0.13164503452045639,0.12953371245980627],[0.13164503452045639,0.13374130382860283,0.13444482074025657,0.13374130382860283,0.13164503452045639],[0.13234886966388479,0.13444482074025657,0.13514823154160524,0.13444482074025657,0.13234886966388479],[0.13164503452045639,0.13374130382860283,0.13444482074025657,0.13374130382860283,0.13164503452045639],[0.12953371245980627,0.13164503452045639,0.13234886966388479,0.13164503452045639,0.12953371245980627]],[[0.13333248853613425,0.135442004248938,0.13614524242951759,0.135442004248938,0.13333248853613425],[0.135442004248938,0.13753639811368762,0.1382392910666066,0.13753639811368762,0.135442004248938],[0.13614524242951759,0.1382392910666066,0.13894206890779603,0.1382392910666066,0.13614524242951759],[0.135442004248938,0.13753639811368762,0.1382392910666066,0.13753639811368762,0.135442004248938],[0.13333248853613425,0.135442004248938,0.13614524242951759,0.135442004248938,0.13333248853613425]],[[0.13712787682044597,0.13923543243445863,0.13993802286884741,0.13923543243445863,0.13712787682044597],[0.13923543243445863,0.14132779074321958,0.1420300064991957,0.14132779074321958,0.13923543243445863],[0.13993802286884741,0.1420300064991957,0.14273209732349765,0.1420300064991957,0.13993802286884741],[0.13923543243445863,0.14132779074321958,0.1420300064991957,0.14132779074321958,0.13923543243445863],[0.13712787682044597,0.13923543243445863,0.13993802286884741,0.13923543243445863,0.13712787682044597]],[[0.1409195880976026,0.14302501578136098,0.14372690304085392,0.14302501578136098,0.1409195880976026],[0.14302501578136098,0.14511516366670255,0.14581664408728573,0.14511516366670255,0.14302501578136098],[0.14372690304085392,0.14581664408728573,0.14651798885275039,0.14581664408728573,0.14372690304085392],[0.14302501578136098,0.14511516366670255,0.14581664408728573,0.14511516366670255,0.14302501578136098],[0.1409195880976026,0.14302501578136098,0.14372690304085392,0.14302501578136098,0.1409195880976026]],[[0.1447073065040895,0.14681042286892504,0.14751154639309463,0.14681042286892504,0.1447073065040895],[0.14681042286892504,0.14889816914759843,0.14959885067654291,0.14889816914759843,0.14681042286892504],[0.14751154639309463,0.14959885067654291,0.15029938482804409,0.14959885067654291,0.14751154639309463],[0.14681042286892504,0.14889816914759843,0.14959885067654291,0.14889816914759843,0.14681042286892504],[0.1447073065040895,0.14681042286892504,0.14751154639309463,0.14681042286892504,0.1447073065040895]],[[0.14849068670923973,0.1505912911498383,0.15129158470004783,0.1505912911498383,0.14849068670923973],[0.1505912911498383,0.15267642656668642,0.15337623964781982,0.15267642656668642,0.1505912911498383],[0.15129158470004783,0.15337623964781982,0.1540758925230413,0.15337623964781982,0.15129158470004783],[0.1505912911498383,0.15267642656668642,0.15337623964781982,0.15267642656668642,0.1505912911498383],[0.14849068670923973,0.1505912911498383,0.15129158470004783,0.1505912911498383,0.14849068670923973]],[[0.15226935074414874,0.15436722356981619,0.155066614613968,0.15436722356981619,0.15226935074414874],[0.15436722356981619,0.1564495188179556,0.15714838723903241,0.1564495188179556,0.15436722356981619],[0.155066614613968,0.15714838723903241,0.15784708139868769,0.15714838723903241,0.155066614613968],[0.15436722356981619,0.1564495188179556,0.15714838723903241,0.1564495188179556,0.15436722356981619],[0.15226935074414874,0.15436722356981619,0.155066614613968,0.15436722356981619,0.15226935074414874]],[[0.15604288442668401,0.15813778475226789,0.15883619377057756,0.15813778475226789,0.15604288442668401],[0.15813778475226789,0.16021698823615174,0.16091482838765525,0.16021698823615174,0.15813778475226789],[0.15883619377057756,0.16091482838765525,0.16161247885862912,0.16091482838765525,0.15883619377057756],[0.15813778475226789,0.16021698823615174,0.16091482838765525,0.16021698823615174,0.15813778475226789],[0.15604288442668401,0.15813778475226789,0.15883619377057756,0.15813778475226789,0.15604288442668401]],[[0.15981083332222618,0.1619024966826581,0.16259983638263281,0.1619024966826581,0.15981083332222618],[0.1619024966826581,0.16397833198506942,0.16467505202110103,0.16397833198506942,0.1619024966826581],[0.16259983638263281,0.16467505202110103,0.16537156543930775,0.16467505202110103,0.16259983638263281],[0.1619024966826581,0.16397833198506942,0.16467505202110103,0.16397833198506942,0.1619024966826581],[0.15981083332222618,0.1619024966826581,0.16259983638263281,0.1619024966826581,0.15981083332222618]],[[0.16357269816992925,0.16566083381614474,0.16635700824287691,0.16566083381614474,0.16357269816992925],[0.16566083381614474,0.16773299682357404,0.16842849570978385,0.16773299682357404,0.16566083381614474],[0.16635700824287691,0.16842849570978385,0.16912376934730647,0.16842849570978385,0.16635700824287691],[0.16566083381614474,0.16773299682357404,0.16842849570978385,0.16773299682357404,0.16566083381614474],[0.16357269816992925,0.16566083381614474,0.16635700824287691,0.16566083381614474,0.16357269816992925]],[[0.16732792969223492,0.16941221751915783,0.17010712104482215,0.16941221751915783,0.16732792969223492],[0.16941221751915783,0.17148037315230216,0.17217453958328596,0.17148037315230216,0.16941221751915783],[0.17010712104482215,0.17217453958328596,0.17286846024173863,0.17217453958328596,0.17010712104482215],[0.16941221751915783,0.17148037315230216,0.17217453958328596,0.17148037315230216,0.16941221751915783],[0.16732792969223492,0.16941221751915783,0.17010712104482215,0.16941221751915783,0.16732792969223492]],[[0.17107592269144928,0.1731560097402722,0.17384952591383709,0.1731560097402722,0.17107592269144928],[0.1731560097402722,0.17521978822723247,0.17591249939278136,0.17521978822723247,0.1731560097402722],[0.17384952591383709,0.17591249939278136,0.17660494214173564,0.17591249939278136,0.17384952591383709],[0.1731560097402722,0.17521978822723247,0.17591249939278136,0.17521978822723247,0.1731560097402722],[0.17107592269144928,0.1731560097402722,0.17384952591383709,0.1731560097402722,0.17107592269144928]],[[0.17481600932081656,0.17689150578788995,0.17758350602287806,0.17689150578788995,0.17481600932081656],[0.17689150578788995,0.17895049840692195,0.17964161858298433,0.17895049840692195,0.17689150578788995],[0.17758350602287806,0.17964161858298433,0.18033244531866283,0.17964161858298433,0.17758350602287806],[0.17689150578788995,0.17895049840692195,0.17964161858298433,0.17895049840692195,0.17689150578788995],[0.17481600932081656,0.17689150578788995,0.17758350602287806,0.17689150578788995,0.17481600932081656]],[[0.17854745139794151,0.18061792607098454,0.18130826814522419,0.18061792607098454,0.17854745139794151],[0.18061792607098454,0.18267168027701589,0.18336105921304977,0.18267168027701589,0.18061792607098454],[0.18130826814522419,0.18336105921304977,0.18405011700821033,0.18336105921304977,0.18130826814522419],[0.18061792607098454,0.18267168027701589,0.18336105921304977,0.18267168027701589,0.18061792607098454],[0.17854745139794151,0.18061792607098454,0.18130826814522419,0.18061792607098454,0.17854745139794151]],[[0.18226943160585374,0.18433440663435272,0.1850229329713152,0.18433440663435272,0.18226943160585374],[0.18433440663435272,0.18638242046871381,0.18706989153825848,0.18638242046871381,0.18433440663435272],[0.1850229329713152,0.18706989153825848,0.18775701074917758,0.18706989153825848,0.1850229329713152],[0.18433440663435272,0.18638242046871381,0.18706989153825848,0.18638242046871381,0.18433440663435272],[0.18226943160585374,0.18433440663435272,0.1850229329713152,0.18433440663435272,0.18226943160585374]],[[0.18598104340012123,0.18803998829098478,0.18872652398684422,0.18803998829098478,0.18598104340012123],[0.18803998829098478,0.19008170395646373,0.19076708203200471,0.19008170395646373,0.18803998829098478],[0.18872652398684422,0.19076708203200471,0.19145207412260967,0.19076708203200471,0.18872652398684422],[0.18803998829098478,0.19008170395646373,0.19076708203200471,0.19008170395646373,0.18803998829098478],[0.18598104340012123,0.18803998829098478,0.18872652398684422,0.18803998829098478,0.18598104340012123]],[[0.18968127940941765,0.19173360412005067,0.19241795467467049,0.19173360412005067,0.18968127940941765],[0.19173360412005067,0.19376840058332812,0.19445147958993628,0.19376840058332812,0.19173360412005067],[0.19241795467467049,0.19445147958993628,0.19513413462633206,0.19445147958993628,0.19241795467467049],[0.19173360412005067,0.19376840058332812,0.19445147958993628,0.19376840058332812,0.19173360412005067],[0.18968127940941765,0.19173360412005067,0.19241795467467049,0.19173360412005067,0.18968127940941765]],[[0.19336901808055607,0.19541406506004821,0.19609601376290325,0.19541406506004821,0.19336901808055607],[0.19541406506004821,0.19744124952033423,0.19812179961487397,0.19744124952033423,0.19541406506004821],[0.19609601376290325,0.19812179961487397,0.19880188337565113,0.19812179961487397,0.19609601376290325],[0.19541406506004821,0.19744124952033423,0.19812179961487397,0.19744124952033423,0.19541406506004821],[0.19336901808055607,0.19541406506004821,0.19609601376290325,0.19541406506004821,0.19336901808055607]],[[0.19704300827724811,0.19908004328142662,0.19975934819532573,0.19908004328142662,0.19704300827724811],[0.19908004328142662,0.20109884131755867,0.20177660563147903,0.20109884131755867,0.19908004328142662],[0.19975934819532573,0.20177660563147903,0.20245385627020357,0.20177660563147903,0.19975934819532573],[0.19908004328142662,0.20109884131755867,0.20177660563147903,0.20109884131755867,0.19908004328142662],[0.19704300827724811,0.19908004328142662,0.19975934819532573,0.19908004328142662,0.19704300827724811]],[[0.20070185149405487,0.20273005297180891,0.20340644344792624,0.20273005297180891,0.20070185149405487],[0.20273005297180891,0.20473959715002049,0.20541428802379408,0.20473959715002049,0.20273005297180891],[0.20340644344792624,0.20541428802379408,0.20608841220992849,0.20541428802379408,0.20340644344792624],[0.20273005297180891,0.20473959715002049,0.20541428802379408,0.20473959715002049,0.20273005297180891],[0.20070185149405487,0.20273005297180891,0.20340644344792624,0.20273005297180891,0.20070185149405487]],[[0.20434398129272882,0.20636242810933492,0.20703560075679292,0.20636242810933492,0.20434398129272882],[0.20636242810933492,0.20836174480055603,0.2090330394268064,0.20836174480055603,0.20636242810933492],[0.20703560075679292,0.2090330394268064,0.20970370788004097,0.2090330394268064,0.20703560075679292],[0.20636242810933492,0.20836174480055603,0.2090330394268064,0.20836174480055603,0.20636242810933492],[0.20434398129272882,0.20636242810933492,0.20703560075679292,0.20636242810933492,0.20434398129272882]],[[0.20796763950834429,0.20997529673654861,0.21064491075801009,0.20997529673654861,0.20796763950834429],[0.20997529673654861,0.21196329085576515,0.21263082623601695,0.21196329085576515,0.20997529673654861],[0.21064491075801009,0.21263082623601695,0.21329766855677057,0.21263082623601695,0.21064491075801009],[0.20997529673654861,0.21196329085576515,0.21263082623601695,0.21196329085576515,0.20997529673654861],[0.20796763950834429,0.20997529673654861,0.21064491075801009,0.20997529673654861,0.20796763950834429]],[[0.2115708487071932,0.21356655117949588,0.21423222297223563,0.21356655117949588,0.2115708487071932],[0.21356655117949588,0.21554198852172246,0.21620535562911805,0.21554198852172246,0.21356655117949588],[0.21423222297223563,0.21620535562911805,0.21686795431518296,0.21620535562911805,0.21423222297223563],[0.21356655117949588,0.21554198852172246,0.21620535562911805,0.21554198852172246,0.21356655117949588],[0.2115708487071932,0.21356655117949588,0.21423222297223563,0.21356655117949588,0.2115708487071932]],[[0.21515138031032113,0.2171338135877858,0.21779511049671738,0.2171338135877858,0.21515138031032113],[0.2171338135877858,0.21909530039722405,0.21975403742478783,0.21909530039722405,0.2171338135877858],[0.21779511049671738,0.21975403742478783,0.22041192095140519,0.21975403742478783,0.21779511049671738],[0.2171338135877858,0.21909530039722405,0.21975403742478783,0.21909530039722405,0.2171338135877858],[0.21515138031032113,0.2171338135877858,0.21779511049671738,0.2171338135877858,0.21515138031032113]],[[0.21870671772869668,0.22067439610479317,0.22133082920198668,0.22067439610479317,0.21870671772869668],[0.22067439610479317,0.2226203554792465,0.22327394004168832,0.2226203554792465,0.22067439610479317],[0.22133082920198668,0.22327394004168832,0.22392657487087311,0.22327394004168832,0.22133082920198668],[0.22067439610479317,0.2226203554792465,0.22327394004168832,0.2226203554792465,0.22067439610479317],[0.21870671772869668,0.22067439610479317,0.22133082920198668,0.22067439610479317,0.21870671772869668]],[[0.22223401379427948,0.22418525492139246,0.22483627067589415,0.22418525492139246,0.22223401379427948],[0.22418525492139246,0.22611389962763642,0.22676173977556988,0.22611389962763642,0.22418525492139246],[0.22483627067589415,0.22676173977556988,0.22740852115192384,0.22676173977556988,0.22483627067589415],[0.22418525492139246,0.22611389962763642,0.22676173977556988,0.22611389962763642,0.22418525492139246],[0.22223401379427948,0.22418525492139246,0.22483627067589415,0.22418525492139246,0.22223401379427948]],[[0.22573004172479005,0.22766293743136781,0.22830790812653579,0.22766293743136781,0.22573004172479005],[0.22766293743136781,0.22957223869626753,0.23021366259764717,0.22957223869626753,0.22766293743136781],[0.22830790812653579,0.23021366259764717,0.23085390398467448,0.23021366259764717,0.22830790812653579],[0.22766293743136781,0.22957223869626753,0.23021366259764717,0.22957223869626753,0.22766293743136781],[0.22573004172479005,0.22766293743136781,0.22830790812653579,0.22766293743136781,0.22573004172479005]],[[0.22919113884124598,0.23110352170811901,0.23174173446303714,0.23110352170811901,0.22919113884124598],[0.23110352170811901,0.23299117356448157,0.2336254177120195,0.23299117356448157,0.23110352170811901],[0.23174173446303714,0.2336254177120195,0.23425833872845386,0.2336254177120195,0.23174173446303714],[0.23110352170811901,0.23299117356448157,0.2336254177120195,0.23299117356448157,0.23110352170811901],[0.22919113884124598,0.23110352170811901,0.23174173446303714,0.23110352170811901,0.22919113884124598]],[[0.23261314228432253,0.23450254758022493,0.2351331918414232,0.23450254758022493,0.23261314228432253],[0.23450254758022493,0.23636592639868254,0.23699212221838045,0.23636592639868254,0.23450254758022493],[0.2351331918414232,0.23699212221838045,0.23761683495265185,0.23699212221838045,0.2351331918414232],[0.23450254758022493,0.23636592639868254,0.23699212221838045,0.23636592639868254,0.23450254758022493],[0.23261314228432253,0.23450254758022493,0.2351331918414232,0.23450254758022493,0.23261314228432253]],[[0.23599131607098042,0.23785493872445665,0.23847709211845225,0.23785493872445665,0.23599131607098042],[0.23785493872445665,0.23969105766873541,0.24030821643856734,0.23969105766873541,0.23785493872445665],[0.23847709211845225,0.24030821643856734,0.24092371005664281,0.24030821643856734,0.23847709211845225],[0.23785493872445665,0.23969105766873541,0.24030821643856734,0.23969105766873541,0.23785493872445665],[0.23599131607098042,0.23785493872445665,0.23847709211845225,0.23785493872445665,0.23599131607098042]],[[0.23932026902495632,0.24115491544897297,0.24176752793057701,0.24115491544897297,0.23932026902495632],[0.24115491544897297,0.24296037376922625,0.24356736981426449,0.24296037376922625,0.24115491544897297],[0.24176752793057701,0.24356736981426449,0.24417249343764436,0.24356736981426449,0.24176752793057701],[0.24115491544897297,0.24296037376922625,0.24356736981426449,0.24296037376922625,0.24115491544897297],[0.23932026902495632,0.24115491544897297,0.24176752793057701,0.24115491544897297,0.23932026902495632]],[[0.2425938634340199,0.24439589823828303,0.24499777454003688,0.24439589823828303,0.2425938634340199],[0.24439589823828303,0.24616682558274833,0.24676237779941318,0.24616682558274833,0.24439589823828303],[0.24499777454003688,0.24676237779941318,0.24735582172177242,0.24676237779941318,0.24499777454003688],[0.24439589823828303,0.24616682558274833,0.24676237779941318,0.24616682558274833,0.24439589823828303],[0.2425938634340199,0.24439589823828303,0.24499777454003688,0.24439589823828303,0.2425938634340199]],[[0.24580511476385786,0.24757040270285477,0.24816018319240143,0.24757040270285477,0.24580511476385786],[0.24757040270285477,0.24930239899401044,0.249885050875884,0.24930239899401044,0.24757040270285477],[0.24816018319240143,0.249885050875884,0.25046532631273949,0.249885050875884,0.24816018319240143],[0.24757040270285477,0.24930239899401044,0.249885050875884,0.24930239899401044,0.24757040270285477],[0.24580511476385786,0.24757040270285477,0.24816018319240143,0.24757040270285477,0.24580511476385786]],[[0.24894608341276556,0.250669927332062,0.25124606751956274,0.250669927332062,0.24894608341276556],[0.250669927332062,0.2523579992209265,0.25292609771258917,0.2523579992209265,0.250669927332062],[0.25124606751956274,0.25292609771258917,0.2534915154386248,0.25292609771258917,0.25124606751956274],[0.250669927332062,0.2523579992209265,0.25292609771258917,0.2523579992209265,0.250669927332062],[0.24894608341276556,0.250669927332062,0.25124606751956274,0.250669927332062,0.24894608341276556]],[[0.25200776032511712,0.25368483637730305,0.25424558548215487,0.25368483637730305,0.25200776032511712],[0.25368483637730305,0.25532333184136069,0.2558750055298743,0.25532333184136069,0.25368483637730305],[0.25424558548215487,0.2558750055298743,0.25642365394708527,0.2558750055298743,0.25424558548215487],[0.25368483637730305,0.25532333184136069,0.2558750055298743,0.25532333184136069,0.25368483637730305],[0.25200776032511712,0.25368483637730305,0.25424558548215487,0.25368483637730305,0.25200776032511712]],[[0.25497994926264367,0.25660424123897707,0.25714762041537059,0.25660424123897707,0.25497994926264367],[0.25660424123897707,0.25818678448367732,0.25871992183658465,0.25818678448367732,0.25660424123897707],[0.25714762041537059,0.25871992183658465,0.25924964521863281,0.25871992183658465,0.25714762041537059],[0.25660424123897707,0.25818678448367732,0.25871992183658465,0.25818678448367732,0.25660424123897707],[0.25497994926264367,0.25660424123897707,0.25714762041537059,0.25660424123897707,0.25497994926264367]],[[0.25785114958757505,0.25941588479734951,0.25993966581466044,0.25941588479734951,0.25785114958757505],[0.25941588479734951,0.2609353141900948,0.26144754274224186,0.2609353141900948,0.25941588479734951],[0.25993966581466044,0.26144754274224186,0.26195592059287159,0.26144754274224186,0.25993966581466044],[0.25941588479734951,0.2609353141900948,0.26144754274224186,0.2609353141900948,0.25941588479734951],[0.25785114958757505,0.25941588479734951,0.25993966581466044,0.25941588479734951,0.25785114958757505]],[[0.26060844441967373,0.26210603406951272,0.26260771942106681,0.26210603406951272,0.26060844441967373],[0.26210603406951272,0.26355434629092134,0.26404301384132678,0.26355434629092134,0.26210603406951272],[0.26260771942106681,0.26404301384132678,0.26452734245737969,0.26404301384132678,0.26260771942106681],[0.26210603406951272,0.26355434629092134,0.26404301384132678,0.26355434629092134,0.26210603406951272],[0.26060844441967373,0.26210603406951272,0.26260771942106681,0.26210603406951272,0.26060844441967373]],[[0.2632373998398676,0.26465938723057336,0.26513619277338224,0.26465938723057336,0.2632373998398676],[0.26465938723057336,0.26602769108214869,0.266489850056672,0.26602769108214869,0.26465938723057336],[0.26513619277338224,0.266489850056672,0.26694712746929022,0.266489850056672,0.26513619277338224],[0.26465938723057336,0.26602769108214869,0.266489850056672,0.26602769108214869,0.26465938723057336],[0.2632373998398676,0.26465938723057336,0.26513619277338224,0.26465938723057336,0.2632373998398676]],[[0.26572198127196195,0.26705900126511406,0.26750784254866938,0.26705900126511406,0.26572198127196195],[0.26705900126511406,0.26833748456413126,0.26876988070837543,0.26833748456413126,0.26705900126511406],[0.26750784254866938,0.26876988070837543,0.26919679616902276,0.26876988070837543,0.26750784254866938],[0.26705900126511406,0.26833748456413126,0.26876988070837543,0.26833748456413126,0.26705900126511406],[0.26572198127196195,0.26705900126511406,0.26750784254866938,0.26705900126511406,0.26572198127196195]],[[0.26804449317776929,0.2692862462525305,0.26970372966185269,0.2692862462525305,0.26804449317776929],[0.2692862462525305,0.27046415896804243,0.27086322545319885,0.27046415896804243,0.2692862462525305],[0.26970372966185269,0.27086322545319885,0.271256154533137,0.27086322545319885,0.26970372966185269],[0.2692862462525305,0.27046415896804243,0.27086322545319885,0.27046415896804243,0.2692862462525305],[0.26804449317776929,0.2692862462525305,0.26970372966185269,0.2692862462525305,0.26804449317776929]],[[0.27018554773891523,0.27132079158829464,0.2717032113127496,0.27132079158829464,0.27018554773891523],[0.27132079158829464,0.27238644789208111,0.27274830576355097,0.27238644789208111,0.27132079158829464],[0.2717032113127496,0.27274830576355097,0.27310331196942256,0.27274830576355097,0.2717032113127496],[0.27132079158829464,0.27238644789208111,0.27274830576355097,0.27238644789208111,0.27132079158829464],[0.27018554773891523,0.27132079158829464,0.2717032113127496,0.27132079158829464,0.27018554773891523]],[[0.27212406738147721,0.27314062848129117,0.273483970154152,0.27314062848129117,0.27212406738147721],[0.27314062848129117,0.2740814298308088,0.2