{"M_cells":[[[0,0,0,0,0,0,0],[0,0,0,0,0,0,0],[0,0,0,0,0,0,0],[0,0,0,0,0,0,0],[0,0,0,0,0,0,0],[0,0,0,0,0,0,0],[0,0,0,0,0,0,0]],[[9.0520113968577252E-6,2.5262583935829056E-5,2.3135024281404715E-5,3.157769627566302E-5,2.3135024281404715E-5,2.5262583935829059E-5,9.0520113968577252E-6],[2.5262583935829056E-5,5.7919385745120171E-5,5.4321597811903818E-5,7.13288961538774E-5,5.4321597811903818E-5,5.7919385745120171E-5,2.5262583935829059E-5],[2.3135024281404715E-5,5.4321597811903818E-5,6.3443719419647765E-5,7.2595096003486728E-5,6.3443719419647765E-5,5.4321597811903818E-5,2.3135024281404715E-5],[3.157769627566302E-5,7.13288961538774E-5,7.2595096003486728E-5,9.07169525590321E-5,7.2595096003486728E-5,7.13288961538774E-5,3.157769627566302E-5],[2.3135024281404715E-5,5.4321597811903818E-5,6.3443719419647765E-5,7.2595096003486728E-5,6.3443719419647765E-5,5.4321597811903818E-5,2.3135024281404715E-5],[2.5262583935829059E-5,5.7919385745120171E-5,5.4321597811903818E-5,7.13288961538774E-5,5.4321597811903818E-5,5.7919385745120171E-5,2.5262583935829056E-5],[9.0520113968577252E-6,2.5262583935829059E-5,2.3135024281404715E-5,3.157769627566302E-5,2.3135024281404715E-5,2.5262583935829056E-5,9.0520113968577252E-6]],[[5.4419849773869607E-5,9.9411434591913049E-5,9.36451552864156E-5,0.00011828073180524932,9.36451552864156E-5,9.9411434591913062E-5,5.441984977386962E-5],[9.9411434591913049E-5,0.00016312655870890706,0.00015633779181525683,0.00019118465078201333,0.00015633779181525683,0.00016312655870890706,9.9411434591913062E-5],[9.36451552864156E-5,0.00015633779181525683,0.00017453872952881639,0.00019278432480150407,0.00017453872952881639,0.00015633779181525683,9.36451552864156E-5],[0.00011828073180524932,0.00019118465078201333,0.00019278432480150407,0.00022803102121071565,0.00019278432480150407,0.00019118465078201333,0.00011828073180524932],[9.36451552864156E-5,0.00015633779181525683,0.00017453872952881639,0.00019278432480150407,0.00017453872952881639,0.00015633779181525683,9.36451552864156E-5],[9.9411434591913062E-5,0.00016312655870890706,0.00015633779181525683,0.00019118465078201333,0.00015633779181525683,0.00016312655870890708,9.9411434591913076E-5],[5.441984977386962E-5,9.9411434591913062E-5,9.36451552864156E-5,0.00011828073180524932,9.36451552864156E-5,9.9411434591913076E-5,5.441984977386962E-5]],[[0.00014469300943497403,0.00022001789414010341,0.00021059679705451057,0.00025307567829019648,0.00021059679705451057,0.00022001789414010343,0.00014469300943497406],[0.00022001789414010341,0.00031323265763376335,0.00030359555295064522,0.00035586329078535466,0.00030359555295064522,0.00031323265763376335,0.00022001789414010343],[0.00021059679705451057,0.00030359555295064522,0.00033051428802649888,0.000357492208691976,0.00033051428802649888,0.00030359555295064522,0.00021059679705451057],[0.00025307567829019648,0.00035586329078535466,0.000357492208691976,0.00040891313780419471,0.000357492208691976,0.00035586329078535466,0.00025307567829019648],[0.00021059679705451057,0.00030359555295064522,0.00033051428802649888,0.000357492208691976,0.00033051428802649888,0.00030359555295064522,0.00021059679705451057],[0.00022001789414010343,0.00031323265763376335,0.00030359555295064522,0.00035586329078535466,0.00030359555295064522,0.00031323265763376335,0.00022001789414010346],[0.00014469300943497406,0.00022001789414010343,0.00021059679705451057,0.00025307567829019648,0.00021059679705451057,0.00022001789414010346,0.00014469300943497406]],[[0.00027992606706390478,0.00038469743397584683,0.00037186828980905064,0.00043200324219760348,0.00037186828980905064,0.00038469743397584688,0.00027992606706390478],[0.00038469743397584683,0.00050587052837564787,0.00049363617253219219,0.00056254790790353994,0.0004936361725321923,0.000505870528375648,0.00038469743397584688],[0.00037186828980905064,0.00049363617253219219,0.00052883678362590936,0.00056411029289413358,0.00052883678362590936,0.0004936361725321923,0.00037186828980905064],[0.00043200324219760348,0.00056254790790353994,0.00056411029289413358,0.000630809270615871,0.00056411029289413358,0.00056254790790353994,0.00043200324219760348],[0.00037186828980905064,0.0004936361725321923,0.00052883678362590936,0.00056411029289413358,0.00052883678362590936,0.0004936361725321923,0.00037186828980905064],[0.00038469743397584688,0.000505870528375648,0.0004936361725321923,0.00056254790790353994,0.0004936361725321923,0.000505870528375648,0.00038469743397584688],[0.00027992606706390478,0.00038469743397584688,0.00037186828980905064,0.00043200324219760348,0.00037186828980905064,0.00038469743397584688,0.00027992606706390478]],[[0.00045829842701596826,0.00059111115368965233,0.000575120359048904,0.00065219069982924423,0.000575120359048904,0.00059111115368965233,0.00045829842701596826],[0.00059111115368965233,0.00073874216428172312,0.00072409995918575434,0.00080879872168541239,0.00072409995918575434,0.00073874216428172312,0.00059111115368965233],[0.000575120359048904,0.00072409995918575434,0.00076714031800456629,0.00081026652463123041,0.00076714031800456629,0.00072409995918575434,0.000575120359048904],[0.00065219069982924423,0.00080879872168541239,0.00081026652463123041,0.00089139863933630846,0.00081026652463123041,0.00080879872168541239,0.00065219069982924423],[0.000575120359048904,0.00072409995918575434,0.00076714031800456629,0.00081026652463123041,0.00076714031800456629,0.00072409995918575434,0.000575120359048904],[0.00059111115368965233,0.00073874216428172312,0.00072409995918575434,0.00080879872168541239,0.00072409995918575434,0.00073874216428172312,0.00059111115368965233],[0.00045829842701596826,0.00059111115368965233,0.000575120359048904,0.00065219069982924423,0.000575120359048904,0.00059111115368965233,0.00045829842701596826]],[[0.00067762398513243139,0.000837001021958788,0.0008180587184410846,0.00091121230933847042,0.0008180587184410846,0.00083700102195878806,0.0006776239851324315],[0.000837001021958788,0.0010096504191135633,0.000992754250693376,0.0010923904159600493,0.000992754250693376,0.0010096504191135635,0.00083700102195878806],[0.0008180587184410846,0.000992754250693376,0.0010432070586443801,0.0010937579475698632,0.0010432070586443801,0.000992754250693376,0.0008180587184410846],[0.00091121230933847042,0.0010923904159600493,0.0010937579475698632,0.0011885264817269336,0.0010937579475698632,0.0010923904159600493,0.00091121230933847042],[0.0008180587184410846,0.000992754250693376,0.0010432070586443801,0.0010937579475698632,0.0010432070586443801,0.000992754250693376,0.0008180587184410846],[0.00083700102195878806,0.0010096504191135635,0.000992754250693376,0.0010923904159600493,0.000992754250693376,0.0010096504191135635,0.00083700102195878806],[0.0006776239851324315,0.00083700102195878806,0.0008180587184410846,0.00091121230933847042,0.0008180587184410846,0.00083700102195878806,0.0006776239851324315]],[[0.00093570925203932079,0.0011202112973647824,0.0010984982968812716,0.0012068757030406984,0.0010984982968812716,0.0011202112973647824,0.0009357092520393209],[0.0011202112973647824,0.0013165096126332102,0.0012974929112019207,0.0014112509224544672,0.0012974929112019207,0.0013165096126332102,0.0011202112973647824],[0.0010984982968812716,0.0012974929112019207,0.0013549515909696403,0.0014125199104314571,0.0013549515909696403,0.0012974929112019207,0.0010984982968812716],[0.0012068757030406984,0.0014112509224544672,0.0014125199104314571,0.0015201734027517552,0.0014125199104314571,0.0014112509224544672,0.0012068757030406984],[0.0010984982968812716,0.0012974929112019207,0.0013549515909696403,0.0014125199104314571,0.0013549515909696403,0.0012974929112019207,0.0010984982968812716],[0.0011202112973647824,0.0013165096126332102,0.0012974929112019207,0.0014112509224544672,0.0012974929112019207,0.0013165096126332102,0.0011202112973647824],[0.0009357092520393209,0.0011202112973647824,0.0010984982968812716,0.0012068757030406984,0.0010984982968812716,0.0011202112973647824,0.0009357092520393209]],[[0.0012304429395450167,0.0014386962671701249,0.0014143735508735033,0.0015371456305624826,0.0014143735508735033,0.0014386962671701249,0.0012304429395450167],[0.0014386962671701249,0.0016573461783374556,0.0016363295602492352,0.0017634350029523546,0.0016363295602492352,0.0016573461783374556,0.0014386962671701249],[0.0014143735508735033,0.0016363295602492352,0.0017004092771034244,0.0017646095565592647,0.0017004092771034244,0.0016363295602492352,0.0014143735508735033],[0.0015371456305624826,0.0017634350029523546,0.0017646095565592647,0.0018844390254439095,0.0017646095565592647,0.0017634350029523546,0.0015371456305624826],[0.0014143735508735033,0.0016363295602492352,0.0017004092771034244,0.0017646095565592647,0.0017004092771034244,0.0016363295602492352,0.0014143735508735033],[0.0014386962671701249,0.0016573461783374556,0.0016363295602492352,0.0017634350029523546,0.0016363295602492352,0.0016573461783374556,0.0014386962671701249],[0.0012304429395450167,0.0014386962671701249,0.0014143735508735033,0.0015371456305624826,0.0014143735508735033,0.0014386962671701249,0.0012304429395450167]],[[0.0015598178729468934,0.0017905201807243631,0.0017637349908731419,0.0019001131643519914,0.0017637349908731419,0.0017905201807243631,0.0015598178729468934],[0.0017905201807243631,0.0020302950158256443,0.0020073900197867447,0.0021471102638134982,0.0020073900197867447,0.0020302950158256443,0.0017905201807243631],[0.0017637349908731419,0.0020073900197867447,0.0020777271373204021,0.0021481951404330873,0.0020777271373204021,0.0020073900197867442,0.0017637349908731419],[0.0019001131643519914,0.0021471102638134982,0.0021481951404330873,0.0022795314685210696,0.0021481951404330873,0.0021471102638134982,0.0019001131643519914],[0.0017637349908731419,0.0020073900197867447,0.0020777271373204021,0.0021481951404330873,0.0020777271373204021,0.0020073900197867442,0.0017637349908731419],[0.0017905201807243631,0.0020302950158256443,0.0020073900197867442,0.0021471102638134982,0.0020073900197867442,0.0020302950158256443,0.0017905201807243631],[0.0015598178729468934,0.0017905201807243631,0.0017637349908731419,0.0019001131643519914,0.0017637349908731419,0.0017905201807243631,0.0015598178729468934]],[[0.0019219338679779892,0.0021738534997238078,0.00214474269535856,0.0022939805021716347,0.00214474269535856,0.0021738534997238078,0.0019219338679779892],[0.0021738534997238078,0.0024335941778734472,0.0024089051329093309,0.0025605478813362564,0.0024089051329093309,0.0024335941778734472,0.0021738534997238078],[0.00214474269535856,0.0024089051329093309,0.0024851561860912783,0.0025615478813934391,0.0024851561860912783,0.0024089051329093309,0.00214474269535856],[0.0022939805021716347,0.0025605478813362564,0.0025615478813934391,0.0027037593522543663,0.0025615478813934391,0.0025605478813362564,0.0022939805021716347],[0.00214474269535856,0.0024089051329093309,0.0024851561860912783,0.0025615478813934391,0.0024851561860912783,0.0024089051329093309,0.00214474269535856],[0.0021738534997238078,0.0024335941778734472,0.0024089051329093309,0.0025605478813362564,0.0024089051329093309,0.0024335941778734472,0.0021738534997238078],[0.0019219338679779892,0.0021738534997238078,0.00214474269535856,0.0022939805021716347,0.00214474269535856,0.0021738534997238078,0.0019219338679779892]],[[0.0023149946464127856,0.0025869676483834146,0.0025556595291052254,0.00271705141464582,0.0025556595291052254,0.0025869676483834146,0.0023149946464127856],[0.0025869676483834146,0.0028655790463711088,0.00283920408549187,0.0030021152835124354,0.00283920408549187,0.0028655790463711088,0.0025869676483834146],[0.0025556595291052254,0.00283920408549187,0.0029210446313145456,0.00300303504069434,0.0029210446313145456,0.00283920408549187,0.0025556595291052254],[0.00271705141464582,0.0030021152835124354,0.00300303504069434,0.0031555250153781677,0.00300303504069434,0.0030021152835124354,0.00271705141464582],[0.0025556595291052254,0.00283920408549187,0.0029210446313145456,0.00300303504069434,0.0029210446313145456,0.00283920408549187,0.0025556595291052254],[0.0025869676483834146,0.0028655790463711088,0.00283920408549187,0.0030021152835124354,0.00283920408549187,0.0028655790463711088,0.0025869676483834146],[0.0023149946464127856,0.0025869676483834146,0.0025556595291052254,0.00271705141464582,0.0025556595291052254,0.0025869676483834146,0.0023149946464127856]],[[0.0027373028005344721,0.0030282292892250423,0.0029948446585041835,0.00316772391913182,0.0029948446585041835,0.0030282292892250423,0.0027373028005344721],[0.0030282292892250423,0.0033246764770842392,0.003296708166835543,0.0034702697641786451,0.003296708166835543,0.0033246764770842392,0.0030282292892250423],[0.0029948446585041835,0.003296708166835543,0.003383831632390099,0.0034711136771586569,0.003383831632390099,0.003296708166835543,0.0029948446585041835],[0.00316772391913182,0.0034702697641786451,0.0034711136771586569,0.0036333183972183307,0.0034711136771586569,0.0034702697641786451,0.00316772391913182],[0.0029948446585041835,0.003296708166835543,0.003383831632390099,0.0034711136771586569,0.003383831632390099,0.003296708166835543,0.0029948446585041835],[0.0030282292892250423,0.0033246764770842392,0.003296708166835543,0.0034702697641786451,0.003296708166835543,0.0033246764770842392,0.0030282292892250423],[0.0027373028005344721,0.0030282292892250423,0.0029948446585041835,0.00316772391913182,0.0029948446585041835,0.0030282292892250423,0.0027373028005344721]],[[0.0031872541912587632,0.0034960945679846727,0.0034607474362301546,0.0036444839575815904,0.0034607474362301546,0.0034960945679846727,0.0031872541912587632],[0.0034960945679846727,0.0038093990960539007,0.0037799248920146983,0.0039635526246065023,0.0037799248920146983,0.0038093990960539007,0.0034960945679846727],[0.0034607474362301546,0.0037799248920146983,0.003872041457766351,0.0039643248400408814,0.003872041457766351,0.0037799248920146978,0.0034607474362301546],[0.0036444839575815904,0.0039635526246065023,0.0039643248400408814,0.004135711343301646,0.0039643248400408814,0.0039635526246065023,0.00364448395758159],[0.0034607474362301546,0.0037799248920146983,0.003872041457766351,0.0039643248400408814,0.003872041457766351,0.0037799248920146978,0.0034607474362301546],[0.0034960945679846727,0.0038093990960539007,0.0037799248920146978,0.0039635526246065023,0.0037799248920146978,0.0038093990960539007,0.0034960945679846727],[0.0031872541912587632,0.0034960945679846727,0.0034607474362301546,0.00364448395758159,0.0034607474362301546,0.0034960945679846727,0.0031872541912587632]],[[0.0036633322897723203,0.0039891035000737454,0.0039519016178462514,0.0041458996137404523,0.0039519016178462514,0.0039891035000737454,0.00366333228977232],[0.0039891035000737454,0.0043183398018297016,0.0042874424223833443,0.0044805836640043114,0.0042874424223833443,0.0043183398018297016,0.0039891035000737454],[0.0039519016178462514,0.0042874424223833443,0.0043842779495749272,0.00448128807788081,0.0043842779495749272,0.0042874424223833443,0.0039519016178462514],[0.0041458996137404523,0.0044805836640043114,0.00448128807788081,0.0046613522129503645,0.00448128807788081,0.0044805836640043114,0.0041458996137404523],[0.0039519016178462514,0.0042874424223833443,0.0043842779495749272,0.00448128807788081,0.0043842779495749272,0.0042874424223833443,0.0039519016178462514],[0.0039891035000737454,0.0043183398018297016,0.0042874424223833443,0.0044805836640043114,0.0042874424223833443,0.0043183398018297016,0.0039891035000737454],[0.00366333228977232,0.0039891035000737454,0.0039519016178462514,0.0041458996137404523,0.0039519016178462514,0.0039891035000737454,0.00366333228977232]],[[0.0041641026458140093,0.0045058745494059721,0.004466919857986207,0.0046706156725332829,0.004466919857986207,0.0045058745494059721,0.0041641026458140093],[0.0045058745494059721,0.0048501664717247074,0.0048179242309090778,0.0050200559237719485,0.0048179242309090778,0.0048501664717247074,0.0045058745494059721],[0.004466919857986207,0.0048179242309090778,0.0049192192314036548,0.0050206961887874144,0.0049192192314036548,0.0048179242309090778,0.004466919857986207],[0.0046706156725332829,0.0050200559237719485,0.0050206961887874144,0.0052089607137402062,0.0050206961887874144,0.0050200559237719485,0.0046706156725332829],[0.004466919857986207,0.0048179242309090778,0.0049192192314036548,0.0050206961887874144,0.0049192192314036548,0.0048179242309090778,0.004466919857986207],[0.0045058745494059721,0.0048501664717247074,0.0048179242309090778,0.0050200559237719485,0.0048179242309090778,0.0048501664717247074,0.0045058745494059721],[0.0041641026458140093,0.0045058745494059721,0.004466919857986207,0.0046706156725332829,0.004466919857986207,0.0045058745494059721,0.0041641026458140093]],[[0.0046882075340577492,0.0050450993958712949,0.0050044884350914564,0.0052173484197128471,0.0050044884350914564,0.0050450993958712949,0.0046882075340577492],[0.0050450993958712949,0.00540361684429511,0.0053701039625638665,0.005580730619462868,0.0053701039625638665,0.00540361684429511,0.0050450993958712949],[0.0050044884350914564,0.0053701039625638665,0.0054756126050798451,0.005581310153668779,0.0054756126050798451,0.0053701039625638665,0.0050044884350914564],[0.0052173484197128471,0.005580730619462868,0.005581310153668779,0.0057773229032805854,0.005581310153668779,0.005580730619462868,0.0052173484197128471],[0.0050044884350914564,0.0053701039625638665,0.0054756126050798451,0.005581310153668779,0.0054756126050798451,0.0053701039625638665,0.0050044884350914564],[0.0050450993958712949,0.00540361684429511,0.0053701039625638665,0.005580730619462868,0.0053701039625638665,0.00540361684429511,0.0050450993958712949],[0.0046882075340577492,0.0050450993958712949,0.0050044884350914564,0.0052173484197128471,0.0050044884350914564,0.0050450993958712949,0.0046882075340577492]],[[0.00523436077353053,0.0056055378615528532,0.0055633621540959405,0.0057848806119184639,0.0055633621540959405,0.0056055378615528532,0.00523436077353053],[0.0056055378615528532,0.0059774935355766242,0.0059427804382362432,0.0061614322014138757,0.0059427804382362432,0.0059774935355766242,0.0056055378615528532],[0.0055633621540959405,0.0059427804382362432,0.0060522695825795912,0.0061619541961741376,0.0060522695825795912,0.0059427804382362432,0.0055633621540959405],[0.0057848806119184639,0.0061614322014138757,0.0061619541961741376,0.0063652863003334148,0.0061619541961741376,0.0061614322014138757,0.0057848806119184639],[0.0055633621540959405,0.0059427804382362432,0.0060522695825795912,0.0061619541961741376,0.0060522695825795912,0.0059427804382362432,0.0055633621540959405],[0.0056055378615528532,0.0059774935355766242,0.0059427804382362432,0.0061614322014138757,0.0059427804382362432,0.0059774935355766242,0.0056055378615528532],[0.00523436077353053,0.0056055378615528532,0.0055633621540959405,0.0057848806119184639,0.0055633621540959405,0.0056055378615528532,0.00523436077353053]],[[0.0058013426878877694,0.0061860129502494532,0.0061423593730157572,0.0063720565543737475,0.0061423593730157572,0.0061860129502494532,0.0058013426878877694],[0.0061860129502494532,0.0065706591348155116,0.0065348127444559926,0.0067610434813983209,0.0065348127444559926,0.0065706591348155116,0.0061860129502494532],[0.0061423593730157572,0.0065348127444559926,0.0066480609933955949,0.0067615109077188958,0.0066480609933955949,0.0065348127444559926,0.0061423593730157572],[0.0063720565543737475,0.0067610434813983209,0.0067615109077188958,0.0069717550409520244,0.0067615109077188958,0.0067610434813983209,0.0063720565543737475],[0.0061423593730157572,0.0065348127444559926,0.0066480609933955949,0.0067615109077188958,0.0066480609933955949,0.0065348127444559926,0.0061423593730157572],[0.0061860129502494532,0.0065706591348155116,0.0065348127444559926,0.0067610434813983209,0.0065348127444559926,0.0065706591348155116,0.0061860129502494532],[0.0058013426878877694,0.0061860129502494532,0.0061423593730157572,0.0063720565543737475,0.0061423593730157572,0.0061860129502494532,0.0058013426878877694]],[[0.0063879951577446173,0.006785405941723003,0.0067403570917249642,0.006977777218715289,0.0067403570917249642,0.006785405941723003,0.0063879951577446173],[0.006785405941723003,0.0071820313122365606,0.007145115340566781,0.0073785007520136472,0.007145115340566781,0.0071820313122365606,0.006785405941723003],[0.0067403570917249642,0.007145115340566781,0.0072619120966941559,0.007378916364614161,0.0072619120966941559,0.007145115340566781,0.0067403570917249642],[0.006977777218715289,0.0073785007520136472,0.007378916364614161,0.0075956850026768861,0.007378916364614161,0.0073785007520136472,0.006977777218715289],[0.0067403570917249642,0.007145115340566781,0.0072619120966941559,0.007378916364614161,0.0072619120966941559,0.007145115340566781,0.0067403570917249642],[0.006785405941723003,0.0071820313122365606,0.007145115340566781,0.0073785007520136472,0.007145115340566781,0.0071820313122365606,0.006785405941723003],[0.0063879951577446173,0.006785405941723003,0.0067403570917249642,0.006977777218715289,0.0067403570917249642,0.006785405941723003,0.0063879951577446173]],[[0.006993216701607333,0.0074026514669534166,0.0073562860286207612,0.007600995320793503,0.0073562860286207612,0.0074026514669534166,0.006993216701607333],[0.0074026514669534166,0.0078105778538839965,0.0077726530987702134,0.0080127888079437569,0.0077726530987702134,0.0078105778538839965,0.0074026514669534166],[0.0073562860286207612,0.0077726530987702134,0.00789279761054764,0.0080131551464428,0.00789279761054764,0.0077726530987702143,0.0073562860286207621],[0.007600995320793503,0.0080127888079437569,0.0080131551464428,0.0082360788001134676,0.0080131551464428,0.0080127888079437586,0.0076009953207935048],[0.0073562860286207612,0.0077726530987702134,0.00789279761054764,0.0080131551464428,0.00789279761054764,0.0077726530987702143,0.0073562860286207621],[0.0074026514669534166,0.0078105778538839965,0.0077726530987702143,0.0080127888079437586,0.0077726530987702143,0.0078105778538839965,0.0074026514669534166],[0.006993216701607333,0.0074026514669534166,0.0073562860286207621,0.0076009953207935048,0.0073562860286207621,0.0074026514669534166,0.006993216701607333]],[[0.0076159575045866438,0.0080367324703245584,0.0079891255919523427,0.0082407102576586618,0.0079891255919523427,0.0080367324703245584,0.0076159575045866438],[0.0080367324703245584,0.0084553115137939779,0.0084164361685774344,0.0086629357518385533,0.0084164361685774344,0.0084553115137939779,0.0080367324703245584],[0.0079891255919523427,0.0084164361685774344,0.0085397365452987827,0.0086632551382486451,0.0085397365452987827,0.0084164361685774344,0.0079891255919523427],[0.0082407102576586618,0.0086629357518385533,0.0086632551382486451,0.0088919805259888053,0.0086632551382486451,0.0086629357518385533,0.0082407102576586618],[0.0079891255919523427,0.0084164361685774344,0.0085397365452987827,0.0086632551382486451,0.0085397365452987827,0.0084164361685774344,0.0079891255919523427],[0.0080367324703245584,0.0084553115137939779,0.0084164361685774344,0.0086629357518385533,0.0084164361685774344,0.0084553115137939779,0.0080367324703245584],[0.0076159575045866438,0.0080367324703245584,0.0079891255919523427,0.0082407102576586618,0.0079891255919523427,0.0080367324703245584,0.0076159575045866438]],[[0.0082552142904735552,0.008686674935674989,0.0086378986247012471,0.008895962771956159,0.0086378986247012471,0.008686674935674989,0.0082552142904735552],[0.008686674935674989,0.009115284537793476,0.0090755145221317456,0.009328007428546262,0.0090755145221317456,0.009115284537793476,0.008686674935674989],[0.0086378986247012471,0.0090755145221317456,0.0092017866909983141,0.0093282819599433218,0.0092017866909983141,0.0090755145221317456,0.0086378986247012471],[0.008895962771956159,0.009328007428546262,0.0093282819599433218,0.0095624700686887457,0.0093282819599433218,0.009328007428546262,0.008895962771956159],[0.0086378986247012471,0.0090755145221317456,0.0092017866909983141,0.0093282819599433218,0.0092017866909983141,0.0090755145221317456,0.0086378986247012471],[0.008686674935674989,0.009115284537793476,0.0090755145221317456,0.009328007428546262,0.0090755145221317456,0.009115284537793476,0.008686674935674989],[0.0082552142904735552,0.008686674935674989,0.0086378986247012471,0.008895962771956159,0.0086378986247012471,0.008686674935674989,0.0082552142904735552]],[[0.0089100248988762277,0.0093515422107567272,0.0093016657607252369,0.0095658291659265864,0.0093016657607252369,0.0093515422107567272,0.0089100248988762277],[0.0093515422107567272,0.0097895826600821172,0.0097489719848960869,0.010007101273434505,0.0097489719848960869,0.0097895826600821172,0.0093515422107567272],[0.0093016657607252369,0.0097489719848960869,0.00987803855377617,0.010007332808135056,0.00987803855377617,0.0097489719848960869,0.0093016657607252369],[0.0095658291659265864,0.010007101273434505,0.010007332808135056,0.010246656773120637,0.010007332808135056,0.010007101273434505,0.0095658291659265864],[0.0093016657607252369,0.0097489719848960869,0.00987803855377617,0.010007332808135056,0.00987803855377617,0.0097489719848960869,0.0093016657607252369],[0.0093515422107567272,0.0097895826600821172,0.0097489719848960869,0.010007101273434505,0.0097489719848960869,0.0097895826600821172,0.0093515422107567272],[0.0089100248988762277,0.0093515422107567272,0.0093016657607252369,0.0095658291659265864,0.0093016657607252369,0.0093515422107567272,0.0089100248988762277]],[[0.0095794623792153019,0.010030428701556083,0.009979519168480791,0.010249414818261074,0.009979519168480791,0.010030428701556083,0.0095794623792153019],[0.010030428701556083,0.010477318293948148,0.010435919478131866,0.010699339273107534,0.010435919478131866,0.010477318293948148,0.010030428701556083],[0.009979519168480791,0.010435919478131866,0.010567608453114689,0.010699529407856073,0.010567608453114689,0.010435919478131866,0.009979519168480791],[0.010249414818261074,0.010699339273107534,0.010699529407856073,0.010943672114792418,0.010699529407856073,0.010699339273107534,0.010249414818261074],[0.009979519168480791,0.010435919478131866,0.010567608453114689,0.010699529407856073,0.010567608453114689,0.010435919478131866,0.009979519168480791],[0.010030428701556083,0.010477318293948148,0.010435919478131866,0.010699339273107534,0.010435919478131866,0.010477318293948148,0.010030428701556083],[0.0095794623792153019,0.010030428701556083,0.009979519168480791,0.010249414818261074,0.009979519168480791,0.010030428701556083,0.0095794623792153019]],[[0.010262628338488886,0.0107224526122913,0.010670575365577769,0.010945846652216795,0.010670575365577769,0.0107224526122913,0.010262628338488886],[0.0107224526122913,0.011177622515812641,0.011135487080172384,0.011403859602599946,0.011135487080172384,0.011177622515812641,0.0107224526122913],[0.010670575365577769,0.011135487080172384,0.011269630364931102,0.011404009636947481,0.011269630364931102,0.011135487080172384,0.010670575365577769],[0.010945846652216795,0.011403859602599946,0.011404009636947481,0.011652660907657868,0.011404009636947481,0.011403859602599946,0.010945846652216795],[0.010670575365577769,0.011135487080172384,0.011269630364931102,0.011404009636947481,0.011269630364931102,0.011135487080172384,0.010670575365577769],[0.0107224526122913,0.011177622515812641,0.011135487080172384,0.011403859602599946,0.011135487080172384,0.011177622515812641,0.0107224526122913],[0.010262628338488886,0.0107224526122913,0.010670575365577769,0.010945846652216795,0.010670575365577769,0.0107224526122913,0.010262628338488886]],[[0.010958645165117152,0.011426747259001524,0.011373966643609448,0.011654264040668782,0.011373966643609448,0.011426747259001524,0.010958645165117152],[0.011426747259001524,0.011889635250791222,0.011846814326918831,0.012119806292540343,0.011846814326918831,0.011889635250791222,0.011426747259001524],[0.011373966643609448,0.011846814326918831,0.011983245896401465,0.012119917174454917,0.011983245896401465,0.011846814326918831,0.011373966643609448],[0.011654264040668782,0.012119806292540343,0.012119917174454917,0.012372770331108559,0.012119917174454917,0.012119806292540343,0.011654264040668782],[0.011373966643609448,0.011846814326918831,0.011983245896401465,0.012119917174454917,0.011983245896401465,0.011846814326918831,0.011373966643609448],[0.011426747259001524,0.011889635250791222,0.011846814326918831,0.012119806292540343,0.011846814326918831,0.011889635250791222,0.011426747259001524],[0.010958645165117152,0.011426747259001524,0.011373966643609448,0.011654264040668782,0.011373966643609448,0.011426747259001524,0.010958645165117152]],[[0.011666646571933009,0.012142450250551128,0.012088830415376603,0.01237380737539048,0.012088830415376603,0.012142450250551128,0.011666646571933009],[0.012142450250551128,0.012612492761938803,0.012569037873385805,0.012846315941207833,0.012569037873385805,0.012612492761938803,0.012142450250551128],[0.012088830415376603,0.012569037873385805,0.012707591459185675,0.012846388184393077,0.012707591459185675,0.012569037873385805,0.012088830415376603],[0.01237380737539048,0.012846315941207833,0.012846388184393077,0.013103135681826385,0.012846388184393077,0.012846315941207833,0.01237380737539048],[0.012088830415376603,0.012569037873385805,0.012707591459185675,0.012846388184393077,0.012707591459185675,0.012569037873385805,0.012088830415376603],[0.012142450250551128,0.012612492761938803,0.012569037873385805,0.012846315941207833,0.012569037873385805,0.012612492761938803,0.012142450250551128],[0.011666646571933009,0.012142450250551128,0.012088830415376603,0.01237380737539048,0.012088830415376603,0.012142450250551128,0.011666646571933009]],[[0.01238576561408429,0.012868689450636591,0.012814295427864818,0.013103603106608828,0.012814295427864818,0.012868689450636591,0.01238576561408429],[0.012868689450636591,0.013345311041429636,0.013301275147009415,0.013582499926754029,0.013301275147009415,0.013345311041429636,0.012868689450636591],[0.012814295427864818,0.013301275147009415,0.013441781181103118,0.013582533484039868,0.013441781181103118,0.013301275147009415,0.012814295427864818],[0.013103603106608828,0.013582499926754029,0.013582533484039868,0.013842861125786995,0.013582533484039868,0.013582499926754029,0.013103603106608828],[0.012814295427864818,0.013301275147009415,0.013441781181103118,0.013582533484039868,0.013441781181103118,0.013301275147009415,0.012814295427864818],[0.012868689450636591,0.013345311041429636,0.013301275147009415,0.013582499926754029,0.013301275147009415,0.013345311041429636,0.012868689450636591],[0.01238576561408429,0.012868689450636591,0.012814295427864818,0.013103603106608828,0.012814295427864818,0.012868689450636591,0.01238576561408429]],[[0.013115118864120107,0.013604563998462271,0.013549463168514738,0.013842743351527921,0.013549463168514738,0.013604563998462271,0.013115118864120107],[0.013604563998462271,0.014087162846309712,0.014042601790620246,0.014327419620648447,0.014042601790620246,0.014087162846309712,0.013604563998462271],[0.013549463168514738,0.014042601790620246,0.014184883200522707,0.014327413686996601,0.014184883200522707,0.014042601790620246,0.013549463168514738],[0.013842743351527921,0.014327419620648447,0.014327413686996601,0.014590992645552666,0.014327413686996601,0.014327419620648447,0.013842743351527921],[0.013549463168514738,0.014042601790620246,0.014184883200522707,0.014327413686996601,0.014184883200522707,0.014042601790620246,0.013549463168514738],[0.013604563998462271,0.014087162846309712,0.014042601790620246,0.014327419620648447,0.014042601790620246,0.014087162846309712,0.013604563998462271],[0.013115118864120107,0.013604563998462271,0.013549463168514738,0.013842743351527921,0.013549463168514738,0.013604563998462271,0.013115118864120107]],[[0.013853784621426869,0.014349117566641905,0.014293381729734987,0.014590256942770455,0.014293381729734987,0.014349117566641905,0.013853784621426869],[0.014349117566641905,0.014837044617788779,0.01479201923147626,0.015080050419014149,0.01479201923147626,0.014837044617788779,0.014349117566641905],[0.014293381729734987,0.01479201923147626,0.014935885410413,0.015080003117814907,0.014935885410413,0.01479201923147626,0.014293381729734987],[0.014590256942770455,0.015080050419014149,0.015080003117814907,0.015346478461239172,0.015080003117814907,0.015080050419014149,0.014590256942770455],[0.014293381729734987,0.01479201923147626,0.014935885410413,0.015080003117814907,0.014935885410413,0.01479201923147626,0.014293381729734987],[0.014349117566641905,0.014837044617788779,0.01479201923147626,0.015080050419014149,0.01479201923147626,0.014837044617788779,0.014349117566641905],[0.013853784621426869,0.014349117566641905,0.014293381729734987,0.014590256942770455,0.014293381729734987,0.014349117566641905,0.013853784621426869]],[[0.014600771615300368,0.015101299064225972,0.015045007494804,0.015345066576236969,0.015045007494804,0.015101299064225972,0.014600771615300368],[0.015101299064225972,0.015593826777227681,0.015548406048010237,0.015839227318088265,0.015548406048010237,0.015593826777227681,0.015101299064225972],[0.015045007494804,0.015548406048010237,0.015693643832679717,0.015839135186493353,0.015693643832679717,0.015548406048010237,0.015045007494804],[0.015345066576236969,0.015839227318088265,0.015839135186493353,0.016108108667018124,0.015839135186493353,0.015839227318088265,0.015345066576236969],[0.015045007494804,0.015548406048010237,0.015693643832679717,0.015839135186493353,0.015693643832679717,0.015548406048010237,0.015045007494804],[0.015101299064225972,0.015593826777227681,0.015548406048010237,0.015839227318088265,0.015548406048010237,0.015593826777227683,0.015101299064225976],[0.014600771615300368,0.015101299064225972,0.015045007494804,0.015345066576236969,0.015045007494804,0.015101299064225976,0.014600771615300368]],[[0.015354972064223637,0.015859902312163422,0.015803146463154165,0.016105922567580162,0.015803146463154165,0.015859902312163422,0.015354972064223637],[0.015859902312163422,0.016356175660843332,0.016310441737602467,0.016603558843039858,0.016310441737602467,0.016356175660843332,0.015859902312163422],[0.015803146463154165,0.016310441737602467,0.016456801292520463,0.016603415956466,0.016456801292520463,0.016310441737602467,0.015803146463154165],[0.016105922567580162,0.016603558843039858,0.016603415956466,0.016874419013857656,0.016603415956466003,0.016603558843039861,0.016105922567580165],[0.015803146463154165,0.016310441737602467,0.016456801292520463,0.016603415956466003,0.016456801292520466,0.016310441737602471,0.015803146463154168],[0.015859902312163422,0.016356175660843332,0.016310441737602467,0.016603558843039861,0.016310441737602471,0.016356175660843335,0.015859902312163426],[0.015354972064223637,0.015859902312163422,0.015803146463154165,0.016105922567580165,0.015803146463154168,0.015859902312163426,0.01535497206422364]],[[0.016115087987816277,0.01662346903014017,0.016566360123238724,0.016871295579901909,0.016566360123238724,0.01662346903014017,0.016115087987816277],[0.01662346903014017,0.017122424921751707,0.017076481397235915,0.017371284277772667,0.017076481397235919,0.017122424921751707,0.01662346903014017],[0.016566360123238724,0.017076481397235915,0.017223653046280575,0.017371080696037211,0.017223653046280575,0.017076481397235919,0.016566360123238724],[0.016871295579901909,0.017371284277772667,0.017371080696037211,0.017643530032460192,0.017371080696037211,0.01737128427777267,0.016871295579901913],[0.016566360123238724,0.017076481397235919,0.017223653046280575,0.017371080696037211,0.017223653046280575,0.017076481397235919,0.016566360123238727],[0.01662346903014017,0.017122424921751707,0.017076481397235919,0.01737128427777267,0.017076481397235919,0.01712242492175171,0.016623469030140173],[0.016115087987816277,0.01662346903014017,0.016566360123238724,0.016871295579901913,0.016566360123238727,0.016623469030140173,0.01611508798781628]],[[0.016879509718925167,0.017390124759113959,0.017332806665733669,0.0176391939258553,0.017332806665733669,0.017390124759113959,0.016879509718925167],[0.017390124759113959,0.017890352420763696,0.017844338771594179,0.018140024228963141,0.017844338771594179,0.017890352420763696,0.017390124759113959],[0.017332806665733669,0.017844338771594179,0.017991912940498248,0.018139743103063259,0.017991912940498248,0.017844338771594179,0.017332806665733669],[0.0176391939258553,0.018140024228963141,0.018139743103063259,0.018412863669915933,0.018139743103063259,0.018140024228963141,0.017639193925855303],[0.017332806665733669,0.017844338771594179,0.017991912940498248,0.018139743103063259,0.017991912940498248,0.017844338771594179,0.017332806665733672],[0.017390124759113959,0.017890352420763696,0.017844338771594179,0.018140024228963141,0.017844338771594179,0.017890352420763696,0.017390124759113959],[0.016879509718925167,0.017390124759113959,0.017332806665733669,0.017639193925855303,0.017332806665733672,0.017390124759113959,0.01687950971892517]],[[0.017646104689064843,0.018157285864732479,0.018099958187218958,0.018406835035262376,0.018099958187218958,0.018157285864732479,0.017646104689064843],[0.018157285864732479,0.01865677117638391,0.018610889364877356,0.01890632013039243,0.018610889364877356,0.01865677117638391,0.018157285864732479],[0.018099958187218958,0.018610889364877356,0.018758283379890526,0.018905932037809145,0.018758283379890526,0.018610889364877356,0.018099958187218958],[0.018406835035262376,0.01890632013039243,0.018905932037809145,0.01917861592866044,0.018905932037809148,0.018906320130392434,0.01840683503526238],[0.018099958187218958,0.018610889364877356,0.018758283379890526,0.018905932037809148,0.018758283379890529,0.018610889364877359,0.018099958187218962],[0.018157285864732479,0.01865677117638391,0.018610889364877356,0.018906320130392434,0.018610889364877359,0.018656771176383913,0.018157285864732482],[0.017646104689064843,0.018157285864732479,0.018099958187218958,0.01840683503526238,0.018099958187218962,0.018157285864732482,0.017646104689064846]],[[0.018411829198747457,0.01892110670345179,0.018864068460090248,0.019170021487118917,0.018864068460090248,0.01892110670345179,0.018411829198747457],[0.01892110670345179,0.019416738657431775,0.019371304755652154,0.019664738582822944,0.019371304755652154,0.019416738657431775,0.01892110670345179],[0.018864068460090248,0.019371304755652154,0.019517621799037193,0.019664189961606911,0.019517621799037193,0.019371304755652154,0.018864068460090248],[0.019170021487118917,0.019664738582822944,0.019664189961606911,0.019934723886584956,0.019664189961606911,0.019664738582822947,0.01917002148711892],[0.018864068460090248,0.019371304755652154,0.019517621799037193,0.019664189961606911,0.019517621799037193,0.019371304755652154,0.018864068460090252],[0.01892110670345179,0.019416738657431775,0.019371304755652154,0.019664738582822947,0.019371304755652154,0.019416738657431775,0.018921106703451793],[0.018411829198747457,0.01892110670345179,0.018864068460090248,0.01917002148711892,0.018864068460090252,0.018921106703451793,0.018411829198747461]],[[0.019171978346781412,0.019675391443340202,0.019619127153723912,0.019921907030507766,0.019619127153723912,0.019675391443340202,0.019171978346781412],[0.019675391443340202,0.020161982281773953,0.020117529284680063,0.020406082171066459,0.020117529284680063,0.020161982281773953,0.019675391443340202],[0.019619127153723912,0.020117529284680063,0.020261278593760569,0.020405271733231756,0.020261278593760569,0.020117529284680063,0.019619127153723912],[0.019921907030507766,0.020406082171066459,0.020405271733231756,0.020670795793796715,0.020405271733231756,0.020406082171066459,0.019921907030507766],[0.019619127153723912,0.020117529284680063,0.020261278593760569,0.020405271733231756,0.020261278593760573,0.020117529284680066,0.019619127153723916],[0.019675391443340202,0.020161982281773953,0.020117529284680063,0.020406082171066459,0.020117529284680066,0.020161982281773957,0.019675391443340205],[0.019171978346781412,0.019675391443340202,0.019619127153723912,0.019921907030507766,0.019619127153723916,0.019675391443340205,0.019171978346781415]],[[0.019918715587159935,0.020409484622437947,0.020354830194653908,0.020650608818813924,0.020354830194653908,0.020409484622437947,0.019918715587159935],[0.020409484622437947,0.020877951967949417,0.020835419799663163,0.021114064193975129,0.020835419799663163,0.020877951967949417,0.02040948