{"M_cells":[[[0,0,0,0,0],[0,0,0,0,0],[0,0,0,0,0],[0,0,0,0,0],[0,0,0,0,0]],[[0.00040332870395514157,0.00096528858336578051,0.0011323296765939626,0.00096528858336578051,0.00040332870395514157],[0.00096528858336578051,0.0019391789941943878,0.002236950070641187,0.0019391789941943878,0.00096528858336578051],[0.0011323296765939626,0.002236950070641187,0.0025782975005273693,0.002236950070641187,0.0011323296765939623],[0.00096528858336578051,0.0019391789941943878,0.002236950070641187,0.0019391789941943878,0.00096528858336578051],[0.00040332870395514157,0.00096528858336578051,0.0011323296765939623,0.00096528858336578051,0.00040332870395514157]],[[0.0020443330036118675,0.0032679073182253675,0.0036509504806010703,0.0032679073182253675,0.0020443330036118675],[0.0032679073182253675,0.0047799621840940521,0.0052647779421604261,0.0047799621840940521,0.0032679073182253675],[0.0036509504806010703,0.0052647779421604261,0.0057835205682396605,0.0052647779421604261,0.0036509504806010703],[0.0032679073182253675,0.0047799621840940521,0.0052647779421604261,0.0047799621840940521,0.0032679073182253675],[0.0020443330036118675,0.0032679073182253675,0.0036509504806010703,0.0032679073182253675,0.0020443330036118675]],[[0.0046561088614038822,0.0062962281883388671,0.0068248615408168685,0.0062962281883388671,0.0046561088614038822],[0.0062962281883388671,0.0080958309912059559,0.0086860611414714354,0.0080958309912059559,0.0062962281883388671],[0.0068248615408168685,0.0086860611414714354,0.009296825675759398,0.0086860611414714354,0.0068248615408168685],[0.0062962281883388671,0.0080958309912059559,0.0086860611414714354,0.0080958309912059559,0.0062962281883388671],[0.0046561088614038822,0.0062962281883388671,0.0068248615408168685,0.0062962281883388671,0.0046561088614038822]],[[0.00783779635421912,0.0097092513602433234,0.010322099633797226,0.0097092513602433234,0.00783779635421912],[0.0097092513602433234,0.011660164614592339,0.012307244136678887,0.011660164614592339,0.0097092513602433234],[0.010322099633797226,0.012307244136678887,0.012965735363720463,0.012307244136678887,0.010322099633797226],[0.0097092513602433234,0.011660164614592339,0.012307244136678887,0.011660164614592339,0.0097092513602433234],[0.00783779635421912,0.0097092513602433234,0.010322099633797226,0.0097092513602433234,0.00783779635421912]],[[0.011329155812854291,0.013323925290145242,0.013982704418699069,0.013323925290145242,0.011329155812854291],[0.013323925290145242,0.015353857446807078,0.016030979370310689,0.015353857446807078,0.013323925290145242],[0.013982704418699069,0.016030979370310689,0.016714216276460983,0.016030979370310689,0.013982704418699069],[0.013323925290145242,0.015353857446807078,0.016030979370310689,0.015353857446807078,0.013323925290145242],[0.011329155812854291,0.013323925290145242,0.013982704418699069,0.013323925290145242,0.011329155812854291]],[[0.014984226996680165,0.017043691256696136,0.017726868964638629,0.017043691256696136,0.014984226996680165],[0.017043691256696136,0.01911471960949062,0.01980755864950141,0.01911471960949062,0.017043691256696136],[0.017726868964638629,0.01980755864950141,0.020503618518288878,0.01980755864950141,0.017726868964638629],[0.017043691256696136,0.01911471960949062,0.01980755864950141,0.01911471960949062,0.017043691256696136],[0.014984226996680165,0.017043691256696136,0.017726868964638629,0.017043691256696136,0.014984226996680165]],[[0.018724877627310281,0.020818041090562747,0.021514013141199058,0.020818041090562747,0.018724877627310281],[0.020818041090562747,0.022910382071668366,0.023611397651082309,0.022910382071668366,0.020818041090562747],[0.021514013141199058,0.023611397651082309,0.024314094609176679,0.023611397651082309,0.021514013141199058],[0.020818041090562747,0.022910382071668366,0.023611397651082309,0.022910382071668366,0.020818041090562747],[0.018724877627310281,0.020818041090562747,0.021514013141199058,0.020818041090562747,0.018724877627310281]],[[0.022510017866170351,0.024620661446146337,0.025323294796768796,0.024620661446146337,0.022510017866170351],[0.024620661446146337,0.026724021203729464,0.027429272535543888,0.026724021203729464,0.024620661446146337],[0.025323294796768796,0.027429272535543888,0.028135396632956056,0.027429272535543888,0.025323294796768796],[0.024620661446146337,0.026724021203729464,0.027429272535543888,0.026724021203729464,0.024620661446146337],[0.022510017866170351,0.024620661446146337,0.025323294796768796,0.024620661446146337,0.022510017866170351]],[[0.026318195060243136,0.028437868539565363,0.029143951442668885,0.028437868539565363,0.026318195060243136],[0.028437868539565363,0.030546896249908053,0.031254330574903448,0.030546896249908053,0.028437868539565363],[0.029143951442668885,0.031254330574903448,0.031962215427814716,0.031254330574903448,0.029143951442668885],[0.028437868539565363,0.030546896249908053,0.031254330574903448,0.030546896249908053,0.028437868539565363],[0.026318195060243136,0.028437868539565363,0.029143951442668885,0.028437868539565363,0.026318195060243136]],[[0.030138241924032909,0.032262549586715664,0.032970407104512114,0.032262549586715664,0.030138241924032909],[0.032262549586715664,0.034374463356458274,0.035083012510187389,0.03437446335645828,0.032262549586715664],[0.032970407104512114,0.035083012510187389,0.035791792236257412,0.035083012510187396,0.032970407104512121],[0.032262549586715664,0.03437446335645828,0.035083012510187396,0.03437446335645828,0.032262549586715664],[0.030138241924032909,0.032262549586715664,0.032970407104512121,0.032262549586715664,0.030138241924032909]],[[0.03396434973012042,0.036091004636960966,0.036799764431392171,0.036091004636960973,0.03396434973012042],[0.036091004636960966,0.03820435594621055,0.03891346370207547,0.038204355946210557,0.036091004636960973],[0.036799764431392171,0.03891346370207547,0.039622687457940994,0.038913463702075476,0.036799764431392178],[0.036091004636960973,0.038204355946210557,0.038913463702075476,0.038204355946210564,0.03609100463696098],[0.03396434973012042,0.036091004636960973,0.036799764431392178,0.03609100463696098,0.03396434973012042]],[[0.037793494322585622,0.0399213043578513,0.040630511674315542,0.0399213043578513,0.037793494322585622],[0.0399213043578513,0.042035336103154304,0.042744711951763707,0.042035336103154304,0.0399213043578513],[0.040630511674315542,0.042744711951763707,0.043454143983084934,0.042744711951763707,0.040630511674315542],[0.0399213043578513,0.042035336103154304,0.042744711951763707,0.042035336103154304,0.039921304357851309],[0.037793494322585622,0.0399213043578513,0.040630511674315542,0.039921304357851309,0.037793494322585629]],[[0.0416240964035093,0.043752437154047454,0.044461854025290355,0.043752437154047454,0.0416240964035093],[0.043752437154047454,0.045866750383698182,0.0465762415434638,0.045866750383698182,0.043752437154047454],[0.044461854025290355,0.0465762415434638,0.047285757467331734,0.046576241543463806,0.044461854025290362],[0.043752437154047454,0.045866750383698182,0.046576241543463806,0.045866750383698182,0.043752437154047454],[0.0416240964035093,0.043752437154047454,0.044461854025290362,0.043752437154047454,0.0416240964035093]],[[0.045455325460876168,0.047583866493134633,0.048293367301869908,0.047583866493134633,0.045455325460876168],[0.047583866493134633,0.049698247462403491,0.050407772417748319,0.049698247462403491,0.047583866493134633],[0.048293367301869908,0.050407772417748319,0.051117305420948195,0.050407772417748319,0.048293367301869908],[0.047583866493134633,0.049698247462403491,0.050407772417748319,0.049698247462403491,0.047583866493134633],[0.045455325460876168,0.047583866493134633,0.048293367301869908,0.047583866493134633,0.045455325460876168]],[[0.049286738406151748,0.051415301197347482,0.052124818427311433,0.051415301197347482,0.049286738406151748],[0.051415301197347482,0.053529631627023427,0.054239145631003439,0.053529631627023427,0.051415301197347482],[0.052124818427311433,0.054239145631003439,0.054948658557289649,0.054239145631003439,0.052124818427311433],[0.051415301197347482,0.053529631627023427,0.054239145631003439,0.053529631627023427,0.051415301197347482],[0.049286738406151748,0.051415301197347482,0.052124818427311433,0.051415301197347482,0.049286738406151748]],[[0.0531180920309121,0.0552465762375756,0.05595607230894558,0.0552465762375756,0.0531180920309121],[0.0552465762375756,0.05736078673471,0.058070263902216923,0.05736078673471,0.0552465762375756],[0.05595607230894558,0.058070263902216923,0.058779734765191882,0.058070263902216923,0.05595607230894558],[0.0552465762375756,0.05736078673471,0.058070263902216923,0.05736078673471,0.0552465762375756],[0.0531180920309121,0.0552465762375756,0.05595607230894558,0.0552465762375756,0.0531180920309121]],[[0.056949245663269359,0.0590775908418598,0.059787043487746556,0.0590775908418598,0.056949245663269359],[0.0590775908418598,0.061191636703232972,0.061901060710232936,0.061191636703232972,0.0590775908418598],[0.059787043487746556,0.061901060710232936,0.062610475167050469,0.061901060710232936,0.059787043487746556],[0.0590775908418598,0.061191636703232972,0.061901060710232936,0.061191636703232972,0.0590775908418598],[0.056949245663269359,0.0590775908418598,0.059787043487746556,0.0590775908418598,0.056949245663269359]],[[0.060780110609063194,0.062908276320469969,0.063617670987872132,0.062908276320469969,0.060780110609063194],[0.062908276320469969,0.065022124938370549,0.0657314841831327,0.065022124938370549,0.062908276320469969],[0.063617670987872132,0.0657314841831327,0.066440831615930313,0.06573148418313271,0.063617670987872132],[0.062908276320469969,0.065022124938370549,0.06573148418313271,0.065022124938370562,0.062908276320469983],[0.060780110609063194,0.062908276320469969,0.063617670987872132,0.062908276320469983,0.0607801106090632]],[[0.064610623848537121,0.066738579290960678,0.067447905183466578,0.066738579290960678,0.064610623848537121],[0.066738579290960678,0.0688522035693642,0.069561488645667746,0.0688522035693642,0.066738579290960678],[0.067447905183466578,0.069561488645667746,0.070270760111667233,0.069561488645667746,0.067447905183466578],[0.066738579290960678,0.0688522035693642,0.069561488645667746,0.0688522035693642,0.066738579290960678],[0.064610623848537121,0.066738579290960678,0.067447905183466578,0.066738579290960678,0.064610623848537121]],[[0.068440734300778461,0.0705684528773935,0.0712777008844851,0.0705684528773935,0.068440734300778461],[0.0705684528773935,0.0726818277582356,0.073391030125309287,0.0726818277582356,0.0705684528773935],[0.0712777008844851,0.073391030125309287,0.074100217273664754,0.073391030125309287,0.0712777008844851],[0.0705684528773935,0.0726818277582356,0.073391030125309287,0.0726818277582356,0.0705684528773935],[0.068440734300778461,0.0705684528773935,0.0712777008844851,0.0705684528773935,0.068440734300778461]],[[0.0722703955934935,0.0743978520323001,0.075107013634760342,0.0743978520323001,0.0722703955934935],[0.0743978520323001,0.076510952627574472,0.077220063898302577,0.076510952627574472,0.0743978520323001],[0.075107013634760342,0.077220063898302577,0.077929158385922084,0.077220063898302577,0.075107013634760342],[0.0743978520323001,0.076510952627574472,0.077220063898302577,0.076510952627574472,0.0743978520323001],[0.0722703955934935,0.0743978520323001,0.075107013634760342,0.0743978520323001,0.0722703955934935]],[[0.076099562193693113,0.078226730983745052,0.078935797662892479,0.078226730983745052,0.076099562193693113],[0.078226730983745052,0.080339531533101638,0.081048543080430246,0.080339531533101638,0.078226730983745052],[0.078935797662892479,0.081048543080430246,0.081757536244114234,0.081048543080430246,0.078935797662892479],[0.078226730983745052,0.080339531533101638,0.081048543080430246,0.080339531533101638,0.078226730983745052],[0.076099562193693113,0.078226730983745052,0.078935797662892479,0.078226730983745052,0.076099562193693113]],[[0.07992818726813096,0.0820550417709346,0.08276400467666839,0.0820550417709346,0.07992818726813096],[0.0820550417709346,0.084167515019774056,0.084876417745595359,0.084167515019774056,0.0820550417709346],[0.08276400467666839,0.084876417745595359,0.085585300404537532,0.084876417745595359,0.08276400467666839],[0.0820550417709346,0.084167515019774056,0.084876417745595359,0.084167515019774056,0.0820550417709346],[0.07992818726813096,0.0820550417709346,0.08276400467666839,0.0820550417709346,0.07992818726813096]],[[0.08375622142700484,0.085882733330218078,0.086591583080656162,0.085882733330218078,0.08375622142700484],[0.085882733330218078,0.087994850117779619,0.088703634303380727,0.087994850117779619,0.085882733330218078],[0.086591583080656162,0.088703634303380727,0.089412396626556076,0.088703634303380727,0.086591583080656162],[0.085882733330218078,0.087994850117779619,0.088703634303380727,0.087994850117779619,0.085882733330218078],[0.08375622142700484,0.085882733330218078,0.086591583080656162,0.085882733330218078,0.08375622142700484]],[[0.087583611911097287,0.089709750851321074,0.090418477397935154,0.089709750851321074,0.087583611911097287],[0.089709750851321074,0.091821479799015421,0.0925301349949473,0.091821479799015421,0.089709750851321074],[0.090418477397935154,0.0925301349949473,0.093238766399227124,0.0925301349949473,0.090418477397935154],[0.089709750851321074,0.091821479799015421,0.0925301349949473,0.091821479799015421,0.089709750851321074],[0.087583611911097287,0.089709750851321074,0.090418477397935154,0.089709750851321074,0.087583611911097287]],[[0.091410301993198967,0.093536035257435909,0.0942446277811078,0.093536035257435909,0.091410301993198967],[0.093536035257435909,0.0956473424997599,0.0963558574330121,0.0956473424997599,0.093536035257435909],[0.0942446277811078,0.0963558574330121,0.097064346494044135,0.0963558574330121,0.0942446277811078],[0.093536035257435909,0.0956473424997599,0.0963558574330121,0.0956473424997599,0.093536035257435909],[0.091410301993198967,0.093536035257435909,0.0942446277811078,0.093536035257435909,0.091410301993198967]],[[0.0952362304736706,0.097361522731709213,0.098069969551620853,0.097361522731709213,0.0952362304736706],[0.097361522731709213,0.09947237165900813,0.10018073414576124,0.09947237165900813,0.097361522731709213],[0.098069969551620853,0.10018073414576124,0.10088906851201108,0.10018073414576124,0.098069969551620853],[0.097361522731709213,0.09947237165900813,0.10018073414576124,0.09947237165900813,0.097361522731709213],[0.0952362304736706,0.097361522731709213,0.098069969551620853,0.097361522731709213,0.0952362304736706]],[[0.099061331206296413,0.10118614424838568,0.10189443273398148,0.10118614424838568,0.099061331206296413],[0.10118614424838568,0.10329649524451159,0.10400469210204184,0.10329649524451159,0.10118614424838568],[0.10189443273398148,0.10400469210204184,0.10471285840667661,0.10400469210204184,0.10189443273398148],[0.10118614424838568,0.10329649524451159,0.10400469210204184,0.10329649524451159,0.10118614424838568],[0.099061331206296413,0.10118614424838568,0.10189443273398148,0.10118614424838568,0.099061331206296413]],[[0.10288553261954059,0.10500982508498508,0.10571794156562463,0.10500982508498508,0.10288553261954059],[0.10500982508498508,0.10711963524993745,0.10782765220396957,0.10711963524993745,0.10500982508498508],[0.10571794156562463,0.10782765220396957,0.10853563597144553,0.10782765220396957,0.10571794156562463],[0.10500982508498508,0.10711963524993745,0.10782765220396957,0.10711963524993745,0.10500982508498508],[0.10288553261954059,0.10500982508498508,0.10571794156562463,0.10500982508498508,0.10288553261954059]],[[0.10670875721307647,0.10883248430106103,0.10954041397018807,0.10883248430106103,0.10670875721307647],[0.10883248430106103,0.11094170715218613,0.11164952873735529,0.11094170715218613,0.10883248430106103],[0.10954041397018807,0.11164952873735529,0.11235731428264221,0.11164952873735529,0.10954041397018807],[0.10883248430106103,0.11094170715218613,0.11164952873735529,0.11094170715218613,0.10883248430106103],[0.10670875721307647,0.10883248430106103,0.10954041397018807,0.10883248430106103,0.10670875721307647]],[[0.11053092101677642,0.11265403417361476,0.11336176098532279,0.11265403417361476,0.11053092101677642],[0.11265403417361476,0.11476261932057323,0.11547022877229432,0.11476261932057323,0.11265403417361476],[0.11336176098532279,0.11547022877229432,0.11617779909117969,0.11547022877229432,0.11336176098532279],[0.11265403417361476,0.11476261932057323,0.11547022877229432,0.11476261932057323,0.11265403417361476],[0.11053092101677642,0.11265403417361476,0.11336176098532279,0.11265403417361476,0.11053092101677642]],[[0.11435193300303351,0.11647437958120016,0.11718188613758442,0.11647437958120016,0.11435193300303351],[0.11647437958120016,0.11858227237058383,0.11928965150690186,0.11858227237058383,0.11647437958120016],[0.11718188613758442,0.11928965150690186,0.11999698815600704,0.11928965150690186,0.11718188613758442],[0.11647437958120016,0.11858227237058383,0.11928965150690186,0.11858227237058383,0.11647437958120016],[0.11435193300303351,0.11647437958120016,0.11718188613758442,0.11647437958120016,0.11435193300303351]],[[0.11817169444453719,0.12029341732940141,0.12100068475732659,0.12029341732940141,0.11817169444453719],[0.12029341732940141,0.12240055845502275,0.12310768754710505,0.12240055845502275,0.12029341732940141],[0.12100068475732659,0.12310768754710505,0.12381477051228475,0.12310768754710505,0.12100068475732659],[0.12029341732940141,0.12240055845502275,0.12310768754710505,0.12240055845502275,0.12029341732940141],[0.11817169444453719,0.12029341732940141,0.12100068475732659,0.12029341732940141,0.11817169444453719]],[[0.12199009821025293,0.12411103541041152,0.12481804322628628,0.12411103541041152,0.12199009821025293],[0.12411103541041152,0.12621736048511456,0.12692421811498483,0.12621736048511456,0.12411103541041152],[0.12481804322628628,0.12692421811498483,0.12763102566671428,0.12692421811498483,0.12481804322628628],[0.12411103541041152,0.12621736048511456,0.12692421811498483,0.12621736048511456,0.12411103541041152],[0.12199009821025293,0.12411103541041152,0.12481804322628628,0.12411103541041152,0.12199009821025295]],[[0.12580702799202778,0.12792711218885738,0.12863383814999196,0.12792711218885738,0.12580702799202778],[0.12792711218885738,0.13003255127335889,0.1307391141773819,0.13003255127335889,0.12792711218885738],[0.12863383814999196,0.1307391141773819,0.13144562271161586,0.1307391141773819,0.12863383814999196],[0.12792711218885738,0.13003255127335889,0.1307391141773819,0.13003255127335889,0.12792711218885738],[0.12580702799202778,0.12792711218885738,0.12863383814999196,0.12792711218885738,0.12580702799202778]],[[0.12962235745359216,0.13174151550532459,0.13244793544632086,0.13174151550532459,0.12962235745359216],[0.13174151550532459,0.13384599258911489,0.13455223548558157,0.13384599258911489,0.13174151550532459],[0.13244793544632086,0.13455223548558157,0.13525841934840491,0.13455223548558157,0.13244793544632086],[0.13174151550532459,0.13384599258911489,0.13455223548558157,0.13384599258911489,0.13174151550532459],[0.12962235745359216,0.13174151550532459,0.13244793544632086,0.13174151550532459,0.12962235745359216]],[[0.13343594929303981,0.13555410168810422,0.13626018934044457,0.13555410168810422,0.13343594929303981],[0.13555410168810422,0.13765753411681919,0.13836342951576389,0.13765753411681919,0.13555410168810422],[0.13626018934044457,0.13836342951576389,0.13906926080994952,0.13836342951576389,0.13626018934044457],[0.13555410168810422,0.13765753411681919,0.13836342951576389,0.13765753411681919,0.13555410168810422],[0.13343594929303981,0.13555410168810422,0.13626018934044457,0.13555410168810422,0.13343594929303981]],[[0.13724765420873145,0.13936471446231047,0.14007044125538021,0.13936471446231047,0.13724765420873145],[0.13936471446231047,0.14146701230536141,0.14217253029858251,0.14146701230536141,0.13936471446231047],[0.14007044125538021,0.14217253029858251,0.14287797866994495,0.14217253029858251,0.14007044125538021],[0.13936471446231047,0.14146701230536141,0.14217253029858251,0.14146701230536141,0.13936471446231047],[0.13724765420873145,0.13936471446231047,0.14007044125538021,0.13936471446231047,0.13724765420873145]],[[0.14105730975718359,0.1431731837445076,0.14387851858566461,0.1431731837445076,0.14105730975718359],[0.1431731837445076,0.14527424909586337,0.14597935712475804,0.14527424909586337,0.1431731837445076],[0.14387851858566461,0.14597935712475804,0.14668438952590873,0.14597935712475804,0.14387851858566461],[0.1431731837445076,0.14527424909586337,0.14597935712475804,0.14527424909586337,0.1431731837445076],[0.14105730975718359,0.1431731837445076,0.14387851858566461,0.1431731837445076,0.14105730975718359]],[[0.14486473909039232,0.14697932430912997,0.14768423334044997,0.14697932430912997,0.14486473909039232],[0.14697932430912997,0.14907905051330556,0.14978371311190491,0.14907905051330556,0.14697932430912997],[0.14768423334044997,0.14978371311190491,0.15048829354071622,0.14978371311190491,0.14768423334044997],[0.14697932430912997,0.14907905051330556,0.14978371311190491,0.14907905051330556,0.14697932430912997],[0.14486473909039232,0.14697932430912997,0.14768423334044997,0.14697932430912997,0.14486473909039232]],[[0.14866974955805307,0.15078293431132939,0.1514873806402128,0.15078293431132939,0.14866974955805307],[0.15078293431132939,0.15288120510556463,0.15358538361577911,0.15288120510556463,0.15078293431132939],[0.1514873806402128,0.15358538361577911,0.15428947282550809,0.15358538361577911,0.1514873806402128],[0.15078293431132939,0.15288120510556463,0.15358538361577911,0.15288120510556463,0.15078293431132939],[0.14866974955805307,0.15078293431132939,0.1514873806402128,0.15078293431132939,0.14866974955805307]],[[0.15247213115849326,0.15458379364897448,0.15528773704943724,0.15458379364897448,0.15247213115849326],[0.15458379364897448,0.15668048221140321,0.15738413446709404,0.15668048221140321,0.15458379364897448],[0.15528773704943724,0.15738413446709404,0.1580876896447132,0.15738413446709404,0.15528773704943724],[0.15458379364897448,0.15668048221140321,0.15738413446709404,0.15668048221140321,0.15458379364897448],[0.15247213115849326,0.15458379364897448,0.15528773704943724,0.15458379364897448,0.15247213115849326]],[[0.15627165481983946,0.15838166214392432,0.15908505872503534,0.15838166214392432,0.15627165481983946],[0.15838166214392432,0.16047663003620721,0.16117971001227491,0.16047663003620721,0.15838166214392432],[0.15908505872503534,0.16117971001227491,0.16188268442110934,0.16117971001227491,0.15908505872503534],[0.15838166214392432,0.16047663003620721,0.16117971001227491,0.16047663003620721,0.15838166214392432],[0.15627165481983946,0.15838166214392432,0.15908505872503534,0.15838166214392432,0.15627165481983946]],[[0.16006807049065772,0.16217627752058145,0.16287907935795523,0.16217627752058145,0.16006807049065772],[0.16217627752058145,0.164269373511937,0.16497183093408849,0.164269373511937,0.16217627752058145],[0.16287907935795523,0.16497183093408849,0.16567417351634053,0.16497183093408849,0.16287907935795523],[0.16217627752058145,0.164269373511937,0.16497183093408849,0.164269373511937,0.16217627752058145],[0.16006807049065772,0.16217627752058145,0.16287907935795523,0.16217627752058145,0.16006807049065772]],[[0.16386110501650047,0.16596735315636721,0.16666950788214679,0.16596735315636721,0.16386110501650047],[0.16596735315636721,0.16805841191423349,0.16876019182453963,0.16805841191423349,0.16596735315636721],[0.16666950788214679,0.16876019182453963,0.16946184675870232,0.16876019182453963,0.16666950788214679],[0.16596735315636721,0.16805841191423349,0.16876019182453963,0.16805841191423349,0.16596735315636721],[0.16386110501650047,0.16596735315636721,0.16666950788214679,0.16596735315636721,0.16386110501650047]],[[0.1676504597756302,0.16975457557565574,0.17045602592182743,0.16975457557565574,0.1676504597756302],[0.16975457557565574,0.17184341620628835,0.1725444584790029,0.17184341620628835,0.16975457557565574],[0.17045602592182743,0.1725444584790029,0.17324536468651253,0.1725444584790029,0.17045602592182743],[0.16975457557565574,0.17184341620628835,0.1725444584790029,0.17184341620628835,0.16975457557565574],[0.1676504597756302,0.16975457557565574,0.17045602592182743,0.16975457557565574,0.1676504597756302]],[[0.17143580804390476,0.17353760165507373,0.17423828494422966,0.17353760165507373,0.17143580804390476],[0.17353760165507373,0.17562402607520505,0.17632426487658698,0.17562402607520505,0.17353760165507373],[0.17423828494422966,0.17632426487658698,0.17702435547132994,0.17632426487658698,0.17423828494422966],[0.17353760165507373,0.17562402607520505,0.17632426487658698,0.17562402607520505,0.17353760165507373],[0.17143580804390476,0.17353760165507373,0.17423828494422966,0.17353760165507373,0.17143580804390476]],[[0.17521679205465454,0.17731605550373752,0.17801590308066464,0.17731605550373752,0.17521679205465454],[0.17731605550373752,0.17939984662201244,0.18009920980709571,0.17939984662201244,0.17731605550373752],[0.17801590308066464,0.18009920980709571,0.18079841148056972,0.18009920980709571,0.17801590308066464],[0.17731605550373752,0.17939984662201244,0.18009920980709571,0.17939984662201244,0.17731605550373752],[0.17521679205465454,0.17731605550373752,0.17801590308066464,0.17731605550373752,0.17521679205465454]],[[0.17899301971521048,0.18108952497742914,0.18178846157417594,0.18108952497742914,0.17899301971521048],[0.18108952497742914,0.18317044466167745,0.18386885310006862,0.18317044466167745,0.18108952497742914],[0.18178846157417594,0.18386885310006862,0.18456708543409023,0.18386885310006862,0.18178846157417594],[0.18108952497742914,0.18317044466167745,0.18386885310006862,0.18317044466167745,0.18108952497742914],[0.17899301971521048,0.18108952497742914,0.18178846157417594,0.18108952497742914,0.17899301971521048]],[[0.18276406093682221,0.18485755778083393,0.18555550080667596,0.18485755778083393,0.18276406093682221],[0.18485755778083393,0.18693534458421573,0.18763271140594998,0.18693534458421573,0.18485755778083393],[0.18555550080667596,0.18763271140594998,0.18832988610380308,0.18763271140594998,0.18555550080667596],[0.18485755778083393,0.18693534458421573,0.18763271140594998,0.18693534458421573,0.18485755778083393],[0.18276406093682221,0.18485755778083393,0.18555550080667596,0.18485755778083393,0.18276406093682221]],[[0.18652944352943818,0.18861965710594897,0.18931651585307058,0.18861965710594897,0.18652944352943818],[0.18861965710594897,0.19069402372189809,0.19139025347341149,0.19069402372189809,0.18861965710594897],[0.18931651585307058,0.19139025347341149,0.19208627349924937,0.19139025347341149,0.18931651585307058],[0.18861965710594897,0.19069402372189809,0.19139025347341149,0.19069402372189809,0.18861965710594897],[0.18652944352943818,0.18861965710594897,0.18931651585307058,0.18861965710594897,0.18652944352943818]],[[0.19028864860692404,0.19237527674917429,0.19307095150341513,0.19237527674917429,0.19028864860692404],[0.19237527674917429,0.194445907161518,0.19514089486055891,0.194445907161518,0.19237527674917429],[0.19307095150341513,0.19514089486055891,0.19583565347570067,0.19514089486055891,0.19307095150341513],[0.19237527674917429,0.194445907161518,0.19514089486055891,0.194445907161518,0.19237527674917429],[0.19028864860692404,0.19237527674917429,0.19307095150341513,0.19237527674917429,0.19028864860692404]],[[0.19404110544224035,0.19612381564282064,0.19681819668781236,0.19612381564282064,0.19404110544224035],[0.19612381564282064,0.19819036193384146,0.19888399201095949,0.19819036193384146,0.19612381564282064],[0.19681819668781236,0.19888399201095949,0.19957737169449491,0.19888399201095949,0.19681819668781236],[0.19612381564282064,0.19819036193384146,0.19888399201095949,0.19819036193384146,0.19612381564282064],[0.19404110544224035,0.19612381564282064,0.19681819668781236,0.19612381564282064,0.19404110544224035]],[[0.19778618570532289,0.19986461173017159,0.20055757823202416,0.19986461173017159,0.19778618570532289],[0.19986461173017159,0.20192669050562534,0.20261883561863636,0.20192669050562534,0.19986461173017159],[0.20055757823202416,0.20261883561863636,0.20331070685848202,0.20261883561863636,0.20055757823202416],[0.19986461173017159,0.20192669050562534,0.20261883561863636,0.20192669050562534,0.19986461173017159],[0.19778618570532289,0.19986461173017159,0.20055757823202416,0.19986461173017159,0.19778618570532289]],[[0.20152319700979843,0.2035969351063768,0.2042883538646128,0.2035969351063768,0.20152319700979843],[0.2035969351063768,0.20565412349267564,0.20634464319918916,0.20565412349267564,0.2035969351063768],[0.2042883538646128,0.20634464319918916,0.20703486313847774,0.20634464319918916,0.2042883538646128],[0.2035969351063768,0.20565412349267564,0.20634464319918916,0.20565412349267564,0.2035969351063768],[0.20152319700979843,0.2035969351063768,0.2042883538646128,0.2035969351063768,0.20152319700979843]],[[0.20525137568776239,0.20731998034081092,0.2080097043901929,0.20731998034081092,0.20525137568776239],[0.20731998034081092,0.20937181150606152,0.21006055077799621,0.20937181150606152,0.20731998034081092],[0.2080097043901929,0.21006055077799621,0.21074896170048649,0.21006055077799621,0.2080097043901929],[0.20731998034081092,0.20937181150606152,0.21006055077799621,0.20937181150606152,0.20731998034081092],[0.20525137568776239,0.20731998034081092,0.2080097043901929,0.20731998034081092,0.20525137568776239]],[[0.208969878705608,0.21103285789036139,0.2117207249370695,0.21103285789036139,0.208969878705608],[0.21103285789036139,0.213078816037841,0.21376560360078681,0.213078816037841,0.21103285789036139],[0.2117207249370695,0.21376560360078681,0.2144520312379537,0.21376560360078681,0.2117207249370695],[0.21103285789036139,0.213078816037841,0.21376560360078681,0.213078816037841,0.21103285789036139],[0.208969878705608,0.21103285789036139,0.2117207249370695,0.21103285789036139,0.208969878705608]],[[0.21267777462815843,0.21473458450830768,0.21542041518291627,0.21473458450830768,0.21267777462815843],[0.21473458450830768,0.21677409928867816,0.21745874576815291,0.21677409928867816,0.21473458450830768],[0.21542041518291627,0.21745874576815291,0.21814299740987111,0.21745874576815291,0.21542041518291627],[0.21473458450830768,0.21677409928867816,0.21745874576815291,0.21677409928867816,0.21473458450830768],[0.21267777462815843,0.21473458450830768,0.21542041518291627,0.21473458450830768,0.21267777462815843]],[[0.21637403353447904,0.21842407255042584,0.2191076684595881,0.21842407255042584,0.21637403353447904],[0.21842407255042584,0.22045651283807141,0.22113880869437366,0.22045651283807141,0.21842407255042584],[0.2191076684595881,0.22113880869437366,0.22182067108482645,0.22113880869437366,0.2191076684595881],[0.21842407255042584,0.22045651283807141,0.22113880869437366,0.22045651283807141,0.21842407255042584],[0.21637403353447904,0.21842407255042584,0.2191076684595881,0.21842407255042584,0.21637403353447904]],[[0.22005751578698915,0.22210011807982769,0.22278125963856324,0.22210011807982769,0.22005751578698915],[0.22210011807982769,0.22412478505976913,0.22480449829341692,0.22412478505976913,0.22210011807982769],[0.22278125963856324,0.22480449829341692,0.22548373529425597,0.22480449829341692,0.22278125963856324],[0.22210011807982769,0.22412478505976913,0.22480449829341692,0.22412478505976913,0.22210011807982769],[0.22005751578698915,0.22210011807982769,0.22278125963856324,0.22210011807982769,0.22005751578698915]],[[0.22372695955746069,0.22576138767668122,0.22643983170370618,0.22576138767668122,0.22372695955746069],[0.22576138767668122,0.22777750719234133,0.22845438080324676,0.22777750719234133,0.22576138767668122],[0.22643983170370618,0.22845438080324676,0.22913073080738622,0.22845438080324676,0.22643983170370618],[0.22576138767668122,0.22777750719234133,0.22845438080324676,0.22777750719234133,0.22576138767668122],[0.22372695955746069,0.22576138767668122,0.22643983170370618,0.22576138767668122,0.22372695955746069]],[[0.22738096702061808,0.22940640386884414,0.23008188092925783,0.22940640386884414,0.22738096702061808],[0.22940640386884414,0.23141311798864589,0.23208686717463467,0.23141311798864589,0.22940640386884414],[0.23008188092925783,0.23208686717463467,0.23276004025672342,0.23208686717463467,0.23008188092925783],[0.22940640386884414,0.23141311798864589,0.23208686717463467,0.23141311798864589,0.22940640386884414],[0.22738096702061808,0.22940640386884414,0.23008188092925783,0.22940640386884414,0.22738096702061808]],[[0.231017989139674,0.23303352911800698,0.23370574060077226,0.23303352911800698,0.231017989139674],[0.23303352911800698,0.23502988689146712,0.23570019597581496,0.23502988689146712,0.23303352911800698],[0.23370574060077226,0.23570019597581496,0.23636987076980392,0.23570019597581496,0.23370574060077226],[0.23303352911800698,0.23502988689146712,0.23570019597581496,0.23502988689146712,0.23303352911800698],[0.231017989139674,0.23303352911800698,0.23370574060077226,0.23303352911800698,0.231017989139674]],[[0.23463630899131577,0.23664094832436366,0.23730956324702385,0.23664094832436366,0.23463630899131577],[0.23664094832436366,0.23862589571737944,0.23929241480119068,0.23862589571737944,0.23664094832436366],[0.23730956324702385,0.23929241480119068,0.23995823510194947,0.23929241480119068,0.23730956324702385],[0.23664094832436366,0.23862589571737944,0.23929241480119068,0.23862589571737944,0.23664094832436366],[0.23463630899131577,0.23664094832436366,0.23730956324702385,0.23664094832436366,0.23463630899131577]],[[0.23823402361173607,0.24022664985410888,0.24089130139449749,0.24022664985410888,0.23823402361173607],[0.24022664985410888,0.2421990188799289,0.24286136022389024,0.2421990188799289,0.24022664985410888],[0.24089130139449749,0.24286136022389024,0.24352293131899863,0.24286136022389024,0.24089130139449749],[0.24022664985410888,0.2421990188799289,0.24286136022389024,0.2421990188799289,0.24022664985410888],[0.23823402361173607,0.24022664985410888,0.24089130139449749,0.24022664985410888,0.23823402361173607]],[[0.24180902439357516,0.24378840515076797,0.24444868691548724,0.24378840515076797,0.24180902439357516],[0.24378840515076797,0.24574690224894682,0.24640463640067167,0.24574690224894682,0.24378840515076797],[0.24444868691548724,0.24640463640067167,0.24706152115075203,0.24640463640067167,0.24444868691548724],[0.24378840515076797,0.24574690224894682,0.24640463640067167,0.24574690224894682,0.24378840515076797],[0.24180902439357516,0.24378840515076797,0.24444868691548724,0.24378840515076797,0.24180902439357516]],[[0.24535897612795893,0.24732374706500512,0.24797920911773183,0.2473237470650051,0.24535897612795893],[0.24732374706500512,0.24926694082646822,0.24991959252468637,0.24926694082646819,0.2473237470650051],[0.24797920911773183,0.24991959252468637,0.25057130722626347,0.24991959252468637,0.24797920911773183],[0.2473237470650051,0.24926694082646819,0.24991959252468637,0.24926694082646819,0.2473237470650051],[0.24535897612795893,0.2473237470650051,0.24797920911773183,0.2473237470650051,0.24535897612795893]],[[0.24888129486795255,0.25082994713004125,0.251480091819104,0.2508299471300412,0.24888129486795249],[0.25082994713004125,0.25275625552235348,0.2534032994275931,0.25275625552235348,0.2508299471300412],[0.251480091819104,0.2534032994275931,0.25404930951153226,0.2534032994275931,0.251480091819104],[0.2508299471300412,0.25275625552235348,0.2534032994275931,0.25275625552235348,0.2508299471300412],[0.24888129486795249,0.2508299471300412,0.251480091819104,0.2508299471300412,0.24888129486795249]],[[0.25237312489004793,0.25430399211989707,0.25494826976462026,0.25430399211989707,0.25237312489004793],[0.25430399211989707,0.2562116694321836,0.25685252575524242,0.2562116694321836,0.25430399211989707],[0.25494826976462026,0.25685252575524242,0.25749224139600224,0.25685252575524242,0.25494826976462026],[0.25430399211989707,0.2562116694321836,0.25685252575524242,0.2562116694321836,0.25430399211989707],[0.25237312489004793,0.25430399211989707,0.25494826976462026,0.25430399211989707,0.25237312489004793]],[[0.2558313151471861,0.25774256035261378,0.25838036487035959,0.25774256035261378,0.2558313151471861],[0.25774256035261378,0.25962968415153148,0.26026371427494627,0.25962968415153148,0.25774256035261378],[0.25838036487035959,0.26026371427494627,0.26089648601027543,0.26026371427494627,0.25838036487035959],[0.25774256035261378,0.25962968415153148,0.26026371427494627,0.25962968415153148,0.25774256035261378],[0.2558313151471861,0.25774256035261378,0.25838036487035959,0.25774256035261378,0.2558313151471861]],[[0.2592523957351649,0.26114199833377028,0.26177266291419787,0.26114199833377028,0.2592523957351649],[0.26114199833377028,0.2630064567959669,0.26363295900855943,0.2630064567959669,0.26114199833377028],[0.26177266291419787,0.26363295900855943,0.26425807349425334,0.26363295900855943,0.26177266291419787],[0.26114199833377028,0.2630064567959669,0.26363295900855943,0.2630064567959669,0.26114199833377028],[0.2592523957351649,0.26114199833377028,0.26177266291419787,0.26114199833377028,0.2592523957351649]],[[0.26263255502655469,0.26449829846637979,0.26512109142333623,0.26449829846637979,0.26263255502655469],[0.26449829846637979,0.26633777852158208,0.2669559840094719,0.26633777852158208,0.26449829846637979],[0.26512109142333623,0.2669559840094719,0.26757266005689356,0.2669559840094719,0.26512109142333623],[0.26449829846637979,0.26633777852158208,0.2669559840094719,0.26633777852158208,0.26449829846637979],[0.26263255502655469,0.26449829846637979,0.26512109142333623,0.26449829846637979,0.26263255502655469]],[[0.2659676182483231,0.26780707866574616,0.26842119961864258,0.26780707866574616,0.2659676182483231],[0.26780707866574616,0.26961905543867593,0.27022812469497093,0.26961905543867593,0.26780707866574616],[0.26842119961864258,0.27022812469497093,0.27083550975701409,0.27022812469497093,0.26842119961864258],[0.26780707866574616,0.26961905543867593,0.27022812469497093,0.26961905543867593,0.26780707866574616],[0.2659676182483231,0.26780707866574616,0.26842119961864258,0.26780707866574616,0.2659676182483231]],[[0.26925302837561843,0.27106356479438348,0.27166814134582645,0.27106356479438348,0.26925302837561843],[0.27106356479438348,0.27284529286183268,0.27344431268774122,0.27284529286183268,0.27106356479438348],[0.27166814134582645,0.27344431268774122,0.27404147996796957,0.27344431268774122,0.27166814134582645],[0.27106356479438348,0.27284529286183268,0.27344431268774122,0.27284529286183268,0.27106356479438348],[0.26925302837561843,0.27106356479438348,0.27166814134582645,0.27106356479438348,0.26925302837561843]],[[0.27248383026433282,0.27426257685082417,0.27485666193252539,0.27426257685082417,0.27248383026433282],[0.27426257685082417,0.27601108382131417,0.27659906509000276,0.27601108382131417,0.27426257685082417],[0.27485666193252539,0.27659906509000276,0.27718501144606505,0.27659906509000276,0.27485666193252539],[0.27426257685082417,0.27601108382131417,0.27659906509000276,0.27601108382131417,0.27426257685082417],[0.27248383026433282,0.27426257685082417,0.27485666193252539,0.27426257685082417,0.27248383026433282]],[[0.27565465892957214,0.27739851978947855,0.27798108983991487,0.27739851978947855,0.27565465892957214],[0.27739851978947855,0.27911060265790083,0.27968647899581106,0.27911060265790083,0.27739851978947855],[0.27798108983991487,0.27968647899581106,0.28026012378892934,0.27968647899581106,0.27798108983991487],[0.27739851978947855,0.27911060265790083,0.27968647899581106,0.27911060265790083,0.27739851978947855],[0.27565465892957214,0.27739851978947855,0.27798108983991487,0.27739851978947855,0.27565465892957214]],[[0.27875973278030292,0.28046537970361995,0.28103533381716223,0.28046537970361995,0.27875973278030292],[0.28046537970361995,0.28213760432841578,0.28270023183566778,0.28213760432841578,0.28046537970361995],[0.28103533381716223,0.28270023183566778,0.2832604168418007,0.28270023183566778,0.28103533381716223],[0.28046537970361995,0.28213760432841578,0.28270023183566778,0.28213760432841578,0.28046537970361995],[0.27875973278030292,0.28046537970361995,0.28103533381716223,0.28046537970361995,0.27875973278030292]],[[0.28179285243583263,0.28345672587072274,0.28401288601731522,0.28345672587072274,0.28179285243583263],[0.28345672587072274,0.2850854