{"M_cells":[[[0,0,0,0,0],[0,0,0,0,0],[0,0,0,0,0],[0,0,0,0,0],[0,0,0,0,0]],[[4.6825914385637194E-5,0.00011596567080903429,0.00013643823166157684,0.00011596567080903429,4.6825914385637194E-5],[0.00011596567080903429,0.00024396905630441168,0.00028283492457285863,0.00024396905630441168,0.00011596567080903429],[0.00013643823166157684,0.00028283492457285863,0.00032783141181861713,0.00028283492457285863,0.00013643823166157684],[0.00011596567080903429,0.00024396905630441168,0.00028283492457285863,0.00024396905630441168,0.00011596567080903429],[4.6825914385637194E-5,0.00011596567080903429,0.00013643823166157684,0.00011596567080903429,4.6825914385637194E-5]],[[0.00027500682137079034,0.00046156146649500336,0.00051937481536723095,0.00046156146649500336,0.00027500682137079034],[0.00046156146649500336,0.00071385924207098615,0.00079364311249522637,0.00071385924207098615,0.00046156146649500336],[0.00051937481536723095,0.00079364311249522637,0.00088075043645087438,0.00079364311249522637,0.00051937481536723095],[0.00046156146649500336,0.00071385924207098615,0.00079364311249522637,0.00071385924207098615,0.00046156146649500336],[0.00027500682137079034,0.00046156146649500336,0.00051937481536723095,0.00046156146649500336,0.00027500682137079034]],[[0.000719546728681659,0.0010262857117290922,0.0011237216966979372,0.0010262857117290922,0.0007195467286816589],[0.0010262857117290922,0.0013959460198944027,0.0015151576388657379,0.0013959460198944027,0.0010262857117290922],[0.0011237216966979372,0.0015151576388657379,0.0016416278555073443,0.0015151576388657379,0.0011237216966979372],[0.0010262857117290922,0.0013959460198944027,0.0015151576388657379,0.0013959460198944027,0.0010262857117290922],[0.0007195467286816589,0.0010262857117290922,0.0011237216966979372,0.0010262857117290922,0.0007195467286816589]],[[0.0013757599779343189,0.0017970143943721124,0.0019327126660957053,0.0017970143943721124,0.0013757599779343189],[0.0017970143943721124,0.0022766963178704447,0.0024330723328777762,0.0022766963178704447,0.0017970143943721124],[0.0019327126660957053,0.0024330723328777762,0.002596341005165325,0.0024330723328777762,0.0019327126660957053],[0.0017970143943721124,0.0022766963178704447,0.0024330723328777762,0.0022766963178704443,0.001797014394372112],[0.0013757599779343189,0.0017970143943721124,0.0019327126660957053,0.001797014394372112,0.0013757599779343189]],[[0.0022318510837328149,0.0027606385523562351,0.0029324248023929228,0.0027606385523562351,0.0022318510837328149],[0.0027606385523562351,0.0033432649565879181,0.0035344668172590634,0.0033432649565879177,0.0027606385523562351],[0.0029324248023929228,0.0035344668172590634,0.0037321406261767104,0.0035344668172590634,0.0029324248023929228],[0.0027606385523562351,0.0033432649565879177,0.0035344668172590634,0.0033432649565879177,0.0027606385523562351],[0.0022318510837328149,0.0027606385523562351,0.0029324248023929228,0.0027606385523562351,0.0022318510837328149]],[[0.0032752607946377418,0.0039046996308254251,0.0041103098890582388,0.0039046996308254251,0.0032752607946377418],[0.0039046996308254251,0.0045836058039880325,0.0048073919883851084,0.0045836058039880325,0.0039046996308254251],[0.0041103098890582388,0.0048073919883851084,0.0050372368894796632,0.0048073919883851084,0.0041103098890582388],[0.0039046996308254251,0.0045836058039880325,0.0048073919883851084,0.0045836058039880325,0.0039046996308254251],[0.0032752607946377418,0.0039046996308254251,0.0041103098890582388,0.0039046996308254251,0.0032752607946377418]],[[0.0044939255247141187,0.0052175091065232377,0.0054547690890540739,0.0052175091065232377,0.0044939255247141187],[0.0052175091065232377,0.0059864573156969319,0.0062407198643085558,0.0059864573156969319,0.0052175091065232377],[0.0054547690890540739,0.0062407198643085558,0.0065006500051078171,0.0062407198643085558,0.0054547690890540739],[0.0052175091065232377,0.0059864573156969319,0.0062407198643085558,0.0059864573156969319,0.0052175091065232377],[0.0044939255247141187,0.0052175091065232377,0.0054547690890540739,0.0052175091065232377,0.0044939255247141187]],[[0.0058765041973288905,0.0066881376418483967,0.0069550013937143169,0.0066881376418483967,0.0058765041973288905],[0.0066881376418483967,0.0075412986661803141,0.0078240651191711728,0.007541298666180315,0.0066881376418483967],[0.0069550013937143169,0.0078240651191711728,0.0081121325381830617,0.0078240651191711728,0.0069550013937143169],[0.0066881376418483967,0.007541298666180315,0.0078240651191711728,0.0075412986661803159,0.0066881376418483976],[0.0058765041973288905,0.0066881376418483967,0.0069550013937143169,0.0066881376418483976,0.0058765041973288914]],[[0.0074123872858995535,0.00830637345395436,0.0086009260753580966,0.00830637345395436,0.0074123872858995535],[0.00830637345395436,0.0092383011699466687,0.0095477280802101216,0.0092383011699466687,0.00830637345395436],[0.0086009260753580966,0.0095477280802101216,0.0098621131481149669,0.0095477280802101216,0.0086009260753580966],[0.00830637345395436,0.0092383011699466687,0.0095477280802101216,0.0092383011699466687,0.00830637345395436],[0.0074123872858995535,0.00830637345395436,0.0086009260753580966,0.00830637345395436,0.0074123872858995535]],[[0.0090916600484680175,0.010062675507728179,0.01038312709397576,0.010062675507728179,0.0090916600484680175],[0.010062675507728179,0.011068281156587567,0.011402645921545258,0.011068281156587567,0.010062675507728179],[0.01038312709397576,0.011402645921545258,0.011741648470076445,0.011402645921545258,0.01038312709397576],[0.010062675507728179,0.011068281156587567,0.011402645921545258,0.011068281156587567,0.010062675507728179],[0.0090916600484680175,0.010062675507728179,0.01038312709397576,0.010062675507728179,0.0090916600484680175]],[[0.010905057866388165,0.0119481279427524,0.012292805730664847,0.0119481279427524,0.010905057866388165],[0.0119481279427524,0.013022655676869187,0.013380348396291172,0.013022655676869187,0.0119481279427524],[0.012292805730664847,0.013380348396291172,0.013742379479805956,0.013380348396291172,0.012292805730664847],[0.0119481279427524,0.013022655676869187,0.013380348396291172,0.013022655676869187,0.0119481279427524],[0.010905057866388165,0.0119481279427524,0.012292805730664847,0.0119481279427524,0.010905057866388165]],[[0.012843922229552029,0.01395439718533934,0.014321737679931114,0.01395439718533934,0.012843922229552029],[0.01395439718533934,0.015093401197171225,0.015472916962109633,0.015093401197171225,0.01395439718533934],[0.014321737679931114,0.015472916962109633,0.015856491200595572,0.015472916962109633,0.014321737679931114],[0.01395439718533934,0.015093401197171225,0.015472916962109633,0.015093401197171225,0.01395439718533934],[0.012843922229552029,0.01395439718533934,0.014321737679931114,0.01395439718533934,0.012843922229552029]],[[0.01490015920497543,0.016073691930790734,0.016462233436165315,0.016073691930790734,0.01490015920497543],[0.016073691930790734,0.017273015142486435,0.017672946826279685,0.017273015142486435,0.016073691930790734],[0.016462233436165315,0.017672946826279685,0.0180766752830597,0.017672946826279685,0.016462233436165315],[0.016073691930790734,0.017273015142486435,0.017672946826279685,0.017273015142486439,0.016073691930790737],[0.01490015920497543,0.016073691930790734,0.016462233436165315,0.016073691930790737,0.01490015920497543]],[[0.017066200652741958,0.018298725870675742,0.018707101502375017,0.018298725870675742,0.017066200652741958],[0.018298725870675742,0.019554480087712576,0.019973511626500417,0.019554480087712576,0.018298725870675742],[0.018707101502375017,0.019973511626500417,0.020396095178136845,0.019973511626500417,0.018707101502375017],[0.018298725870675742,0.019554480087712576,0.019973511626500417,0.019554480087712576,0.018298725870675742],[0.017066200652741958,0.018298725870675742,0.018707101502375017,0.018298725870675742,0.017066200652741961]],[[0.019334968086534975,0.020622682974909084,0.021049614143961868,0.020622682974909084,0.019334968086534975],[0.020622682974909084,0.021931230395447563,0.022368130526677615,0.021931230395447563,0.020622682974909084],[0.021049614143961868,0.022368130526677615,0.022808353686299122,0.022368130526677615,0.021049614143961868],[0.020622682974909084,0.021931230395447563,0.022368130526677615,0.021931230395447563,0.020622682974909084],[0.019334968086534975,0.020622682974909084,0.021049614143961868,0.020622682974909084,0.019334968086534975]],[[0.021699838999376411,0.023039185134821637,0.023483475473740915,0.023039185134821637,0.021699838999376411],[0.023039185134821637,0.024397121110283998,0.024850737535108205,0.024397121110283998,0.023039185134821637],[0.023483475473740915,0.024850737535108205,0.025307462693607244,0.024850737535108205,0.023483475473740915],[0.023039185134821637,0.024397121110283998,0.024850737535108205,0.024397121110283998,0.023039185134821637],[0.021699838999376411,0.023039185134821637,0.023483475473740915,0.023039185134821637,0.021699838999376411]],[[0.02415461546848113,0.025542261983981386,0.026002791681926023,0.025542261983981386,0.02415461546848113],[0.025542261983981386,0.026946398933242213,0.02741565287004152,0.026946398933242213,0.025542261983981386],[0.026002791681926023,0.02741565287004152,0.027887814922387549,0.02741565287004152,0.026002791681926023],[0.025542261983981386,0.026946398933242213,0.02741565287004152,0.026946398933242213,0.025542261983981386],[0.02415461546848113,0.025542261983981386,0.026002791681926023,0.025542261983981386,0.02415461546848113]],[[0.026693494862351806,0.028126322726257168,0.028602043241731517,0.028126322726257168,0.026693494862351806],[0.028126322726257168,0.029573675112792446,0.030057556211189228,0.029573675112792446,0.028126322726257168],[0.028602043241731517,0.030057556211189228,0.030544157537546527,0.030057556211189225,0.028602043241731517],[0.028126322726257168,0.029573675112792446,0.030057556211189225,0.029573675112792446,0.028126322726257168],[0.026693494862351806,0.028126322726257168,0.028602043241731517,0.028126322726257168,0.026693494862351806]],[[0.029311042485094405,0.030786129812699188,0.0312760589341242,0.030786129812699195,0.029311042485094405],[0.030786129812699188,0.032273900100383709,0.03277146168720025,0.032273900100383709,0.030786129812699195],[0.0312760589341242,0.03277146168720025,0.033271567460683188,0.03277146168720025,0.0312760589341242],[0.030786129812699195,0.032273900100383709,0.03277146168720025,0.032273900100383709,0.030786129812699195],[0.029311042485094405,0.030786129812699195,0.0312760589341242,0.030786129812699195,0.029311042485094405]],[[0.032002166004368907,0.033516774319693313,0.034019991546142304,0.033516774319693327,0.032002166004368914],[0.033516774319693313,0.035042339828570239,0.035552694459094182,0.035042339828570246,0.033516774319693327],[0.034019991546142304,0.035552694459094182,0.036065428253876687,0.035552694459094182,0.034019991546142304],[0.033516774319693327,0.035042339828570246,0.035552694459094182,0.035042339828570246,0.033516774319693327],[0.032002166004368914,0.033516774319693327,0.034019991546142304,0.033516774319693327,0.032002166004368914]],[[0.034762091519638216,0.036313652890395412,0.036829295106626483,0.036313652890395412,0.034762091519638223],[0.036313652890395412,0.037874553478710216,0.038396868768326736,0.037874553478710216,0.036313652890395412],[0.036829295106626483,0.038396868768326736,0.038921408443475268,0.038396868768326736,0.036829295106626483],[0.036313652890395412,0.037874553478710216,0.038396868768326736,0.037874553478710216,0.036313652890395412],[0.034762091519638223,0.036313652890395412,0.036829295106626483,0.036313652890395412,0.034762091519638223]],[[0.037586341136451665,0.039172446109922578,0.0396997035313855,0.039172446109922578,0.037586341136451665],[0.039172446109922578,0.04076637261302276,0.041299867325736941,0.04076637261302276,0.039172446109922578],[0.0396997035313855,0.041299867325736941,0.041835441161572166,0.041299867325736941,0.0396997035313855],[0.039172446109922578,0.04076637261302276,0.041299867325736941,0.04076637261302276,0.039172446109922578],[0.037586341136451665,0.039172446109922578,0.0396997035313855,0.039172446109922578,0.037586341136451665]],[[0.040470711920374811,0.042089098191964408,0.042627210556895917,0.042089098191964408,0.040470711920374811],[0.042089098191964408,0.043713881552389575,0.044257821924046668,0.043713881552389575,0.042089098191964408],[0.042627210556895917,0.044257821924046668,0.044803704989072754,0.044257821924046668,0.042627210556895917],[0.042089098191964408,0.043713881552389575,0.044257821924046668,0.043713881552389575,0.042089098191964408],[0.040470711920374811,0.042089098191964408,0.042627210556895917,0.042089098191964408,0.040470711920374811]],[[0.043411256111013381,0.045059797860746445,0.045608050847606496,0.045059797860746445,0.043411256111013381],[0.045059797860746445,0.046713398886939109,0.047267095162008874,0.046713398886939109,0.045059797860746445],[0.045608050847606496,0.047267095162008874,0.047822605889481236,0.047267095162008874,0.045608050847606496],[0.045059797860746445,0.046713398886939109,0.047267095162008874,0.046713398886939109,0.045059797860746445],[0.043411256111013381,0.045059797860746445,0.045608050847606496,0.045059797860746445,0.043411256111013381]],[[0.046404262482256722,0.048080960317330126,0.04863868216683688,0.048080960317330126,0.046404262482256722],[0.048080960317330126,0.049761460010924095,0.050324263172593024,0.049761460010924095,0.048080960317330126],[0.04863868216683688,0.050324263172593024,0.050888760126630232,0.050324263172593024,0.04863868216683688],[0.048080960317330126,0.049761460010924095,0.050324263172593024,0.049761460010924095,0.048080960317330126],[0.046404262482256722,0.048080960317330126,0.04863868216683688,0.048080960317330126,0.046404262482256722]],[[0.049446238739475006,0.05114921018327287,0.051715768505069155,0.05114921018327287,0.049446238739475006],[0.05114921018327287,0.052854800576825713,0.053426099250805173,0.052854800576825713,0.05114921018327287],[0.051715768505069155,0.053426099250805173,0.05399897806257855,0.053426099250805173,0.051715768505069155],[0.05114921018327287,0.052854800576825713,0.053426099250805173,0.052854800576825713,0.05114921018327287],[0.049446238739475006,0.05114921018327287,0.051715768505069155,0.05114921018327287,0.049446238739475006]],[[0.052533894847983209,0.054261365317560477,0.054836164062111982,0.054261365317560477,0.052533894847983209],[0.054261365317560477,0.05599034076586553,0.056569558278776459,0.05599034076586553,0.054261365317560477],[0.054836164062111982,0.056569558278776459,0.057150248733724068,0.056569558278776459,0.054836164062111982],[0.054261365317560477,0.05599034076586553,0.056569558278776459,0.05599034076586553,0.054261365317560477],[0.052533894847983209,0.054261365317560477,0.054836164062111982,0.054261365317560477,0.052533894847983209]],[[0.055664127189340745,0.057414421404382868,0.057996897981075164,0.057414421404382868,0.055664127189340745],[0.057414421404382868,0.059165170273079812,0.059751761846500433,0.059165170273079812,0.057414421404382868],[0.057996897981075164,0.059751761846500433,0.060339725103692281,0.059751761846500433,0.057996897981075164],[0.057414421404382868,0.059165170273079812,0.059751761846500433,0.059165170273079812,0.057414421404382868],[0.055664127189340745,0.057414421404382868,0.057996897981075164,0.057414421404382868,0.055664127189340745]],[[0.058834003443258738,0.060605537209764145,0.061195159732235764,0.060605537209764145,0.058834003443258738],[0.060605537209764145,0.062376533904776606,0.0629699839660009,0.062376533904776606,0.060605537209764145],[0.061195159732235764,0.0629699839660009,0.063564709890706741,0.0629699839660009,0.061195159732235764],[0.060605537209764145,0.062376533904776606,0.0629699839660009,0.062376533904776613,0.060605537209764158],[0.058834003443258738,0.060605537209764145,0.061195159732235764,0.060605537209764158,0.058834003443258745]],[[0.062040748092546859,0.063832020403870884,0.064428285043510752,0.063832020403870884,0.062040748092546859],[0.063832020403870884,0.065621817684174522,0.066221637274427425,0.065621817684174522,0.063832020403870884],[0.064428285043510752,0.066221637274427425,0.066822641864571666,0.066221637274427425,0.064428285043510752],[0.063832020403870884,0.065621817684174522,0.066221637274427425,0.065621817684174522,0.063832020403870884],[0.062040748092546859,0.063832020403870884,0.064428285043510752,0.063832020403870884,0.062040748092546873]],[[0.065281728446683424,0.067091313843166508,0.0676937422712408,0.067091313843166508,0.065281728446683424],[0.067091313843166508,0.068898535357369728,0.069504259617586314,0.068898535357369728,0.067091313843166508],[0.0676937422712408,0.069504259617586314,0.070111082504078881,0.069504259617586314,0.0676937422712408],[0.067091313843166508,0.068898535357369728,0.069504259617586314,0.068898535357369728,0.067091313843166508],[0.065281728446683424,0.067091313843166508,0.0676937422712408,0.067091313843166508,0.065281728446683437]],[[0.068554441076077985,0.070380982201854417,0.07098911909984354,0.070380982201854417,0.068554441076077985],[0.070380982201854417,0.072204315185889184,0.0728155008991292,0.072204315185889184,0.070380982201854417],[0.07098911909984354,0.0728155008991292,0.073427702898973213,0.0728155008991292,0.07098911909984354],[0.070380982201854417,0.072204315185889184,0.0728155008991292,0.072204315185889184,0.070380982201854417],[0.068554441076077985,0.070380982201854417,0.07098911909984354,0.070380982201854417,0.068554441076077985]],[[0.071856498543284478,0.0736986988351377,0.074312109451797337,0.0736986988351377,0.071856498543284478],[0.0736986988351377,0.075536886903868464,0.076153110072011879,0.075536886903868464,0.0736986988351377],[0.074312109451797337,0.076153110072011879,0.076770270771544927,0.076153110072011879,0.074312109451797337],[0.0736986988351377,0.075536886903868464,0.076153110072011879,0.075536886903868464,0.0736986988351377],[0.071856498543284478,0.0736986988351377,0.074312109451797337,0.0736986988351377,0.071856498543284478]],[[0.07518561630939613,0.07704223274718465,0.077660500478978475,0.07704223274718465,0.07518561630939613],[0.07704223274718465,0.078894068706547471,0.0795149221368755,0.078894068706547471,0.07704223274718465],[0.077660500478978475,0.0795149221368755,0.0801366374804006,0.0795149221368755,0.077660500478978475],[0.07704223274718465,0.078894068706547471,0.0795149221368755,0.078894068706547471,0.07704223274718465],[0.07518561630939613,0.07704223274718465,0.077660500478978475,0.07704223274718465,0.07518561630939613]],[[0.078539599682708655,0.08040943552381663,0.0810321594931929,0.08040943552381663,0.078539599682708655],[0.08040943552381663,0.082273754121999318,0.082898844996645751,0.082273754121999318,0.08040943552381663],[0.0810321594931929,0.082898844996645751,0.083524724852942253,0.082898844996645751,0.0810321594931929],[0.08040943552381663,0.082273754121999318,0.082898844996645751,0.082273754121999318,0.08040943552381663],[0.078539599682708655,0.08040943552381663,0.0810321594931929,0.08040943552381663,0.078539599682708655]],[[0.081916330662053269,0.083798228073053344,0.0844250206759871,0.083798228073053344,0.081916330662053269],[0.083798228073053344,0.0856738985986738,0.086302845996479235,0.0856738985986738,0.083798228073053344],[0.0844250206759871,0.086302845996479235,0.086932511672095633,0.086302845996479235,0.0844250206759871],[0.083798228073053344,0.0856738985986738,0.086302845996479235,0.0856738985986738,0.083798228073053344],[0.081916330662053269,0.083798228073053344,0.0844250206759871,0.083798228073053344,0.081916330662053269]],[[0.085313754508242953,0.087206586995003971,0.08783707138535,0.087206586995003971,0.085313754508242953],[0.087206586995003971,0.08909250561674581,0.0897249379526369,0.08909250561674581,0.087206586995003971],[0.08783707138535,0.0897249379526369,0.09035801961627983,0.0897249379526369,0.08783707138535],[0.087206586995003971,0.08909250561674581,0.0897249379526369,0.08909250561674581,0.087206586995003971],[0.085313754508242953,0.087206586995003971,0.08783707138535,0.087206586995003971,0.085313754508242953]],[[0.08872986585269485,0.090632530374923373,0.0912663378481896,0.090632530374923373,0.08872986585269485],[0.090632530374923373,0.092527612099942466,0.0931631644413527,0.092527612099942466,0.090632530374923373],[0.0912663378481896,0.0931631644413527,0.093799298417858334,0.0931631644413527,0.0912663378481896],[0.090632530374923373,0.092527612099942466,0.0931631644413527,0.092527612099942466,0.090632530374923373],[0.08872986585269485,0.090632530374923373,0.0912663378481896,0.090632530374923373,0.08872986585269485]],[[0.092162694121289232,0.0940741027582092,0.09471086999110577,0.0940741027582092,0.092162694121289232],[0.0940741027582092,0.095977272864986932,0.09661558407775786,0.095977272864986932,0.0940741027582092],[0.09471086999110577,0.09661558407775786,0.097254409962779148,0.09661558407775786,0.09471086999110577],[0.0940741027582092,0.095977272864986932,0.09661558407775786,0.095977272864986932,0.0940741027582092],[0.092162694121289232,0.0940741027582092,0.09471086999110577,0.0940741027582092,0.092162694121289232]],[[0.095610288012532643,0.09752935902212484,0.098168725116284369,0.09752935902212484,0.095610288012532643],[0.09752935902212484,0.099439543796235458,0.10008025346351983,0.099439543796235458,0.09752935902212484],[0.098168725116284369,0.10008025346351983,0.10072141100082588,0.10008025346351983,0.098168725116284369],[0.09752935902212484,0.099439543796235458,0.10008025346351983,0.099439543796235458,0.09752935902212484],[0.095610288012532643,0.09752935902212484,0.098168725116284369,0.09752935902212484,0.095610288012532643]],[[0.099070698719964434,0.10099634680368685,0.10163795007214783,0.10099634680368685,0.099070698719964434],[0.10099634680368685,0.10291246337097402,0.10355520841755181,0.10291246337097402,0.10099634680368685],[0.10163795007214783,0.10355520841755181,0.10419833406929054,0.10355520841755181,0.10163795007214783],[0.10099634680368685,0.10291246337097402,0.10355520841755181,0.10291246337097402,0.10099634680368685],[0.099070698719964434,0.10099634680368685,0.10163795007214783,0.10099634680368685,0.099070698719964434]],[[0.10254196152736041,0.10447308707437021,0.10511656149696146,0.10447308707437021,0.10254196152736041],[0.10447308707437021,0.10639403208371172,0.10703844302424775,0.10639403208371172,0.10447308707437021],[0.10511656149696146,0.10703844302424775,0.10768316615016474,0.10703844302424775,0.10511656149696146],[0.10447308707437021,0.10639403208371172,0.10703844302424775,0.10639403208371172,0.10447308707437021],[0.10254196152736041,0.10447308707437021,0.10511656149696146,0.10447308707437021,0.10254196152736041]],[[0.10602207532905236,0.1079575523667964,0.10860252362528872,0.1079575523667964,0.10602207532905236],[0.1079575523667964,0.10988218922240343,0.11052788593505772,0.10988218922240343,0.1079575523667964],[0.10860252362528872,0.11052788593505772,0.11117382447892915,0.11052788593505772,0.10860252362528872],[0.1079575523667964,0.10988218922240343,0.11052788593505772,0.10988218922240343,0.1079575523667964],[0.10602207532905236,0.1079575523667964,0.10860252362528872,0.1079575523667964,0.10602207532905236]],[[0.10950897953344133,0.11144764205365182,0.11209372303866436,0.11144764205365182,0.10950897953344133],[0.11144764205365182,0.11337478633292104,0.11402137323873786,0.11337478633292104,0.11144764205365182],[0.11209372303866436,0.11402137323873786,0.11466812879859192,0.11402137323873786,0.11209372303866436],[0.11144764205365182,0.11337478633292104,0.11402137323873786,0.11337478633292104,0.11144764205365182],[0.10950897953344133,0.11144764205365182,0.11209372303866436,0.11144764205365182,0.10950897953344133]],[[0.11300052769256987,0.11494115395135987,0.11558793961007145,0.11494115395135987,0.11300052769256987],[0.11494115395135987,0.11686955656721547,0.11751661707038231,0.11686955656721547,0.11494115395135987],[0.11558793961007145,0.11751661707038231,0.11816376920294644,0.11751661707038231,0.11558793961007145],[0.11494115395135987,0.11686955656721547,0.11751661707038231,0.11686955656721547,0.11494115395135987],[0.11300052769256987,0.11494115395135987,0.11558793961007145,0.11494115395135987,0.11300052769256987]],[[0.11649445706209459,0.11843575136899917,0.11908281273532487,0.11843575136899917,0.11649445706209459],[0.11843575136899917,0.12036407894476631,0.12101116895890071,0.12036407894476631,0.11843575136899917],[0.11908281273532487,0.12101116895890071,0.12165826853793126,0.12101116895890071,0.11908281273532487],[0.11843575136899917,0.12036407894476631,0.12101116895890071,0.12036407894476631,0.11843575136899917],[0.11649445706209459,0.11843575136899917,0.11908281273532487,0.11843575136899917,0.11649445706209459]],[[0.11998835313271169,0.12192892454633684,0.12257580176334684,0.12192892454633684,0.11998835313271169],[0.12192892454633684,0.12385573636781634,0.1245023767192547,0.12385573636781634,0.12192892454633684],[0.12257580176334684,0.1245023767192547,0.12514893813245695,0.1245023767192547,0.12257580176334684],[0.12192892454633684,0.12385573636781634,0.1245023767192547,0.12385573636781634,0.12192892454633684],[0.11998835313271169,0.12192892454633684,0.12257580176334684,0.12192892454633684,0.11998835313271169]],[[0.12347960798933215,0.12541794522994631,0.12606413933899124,0.12541794522994631,0.12347960798933215],[0.12541794522994631,0.12734166602896063,0.12798733349129485,0.12734166602896063,0.12541794522994631],[0.12606413933899124,0.12798733349129485,0.12863282542333898,0.12798733349129485,0.12606413933899124],[0.12541794522994631,0.12734166602896063,0.12798733349129485,0.12734166602896063,0.12541794522994631],[0.12347960798933215,0.12541794522994631,0.12606413933899124,0.12541794522994631,0.12347960798933215]],[[0.12696537115812423,0.12889981293912631,0.12954477617406238,0.12889981293912631,0.12696537115812423],[0.12889981293912631,0.13081870065865073,0.13146281733759921,0.13081870065865073,0.12889981293912631],[0.12954477617406238,0.13146281733759921,0.13210665185188339,0.13146281733759921,0.12954477617406238],[0.12889981293912631,0.13081870065865073,0.13146281733759921,0.13081870065865073,0.12889981293912631],[0.12696537115812423,0.12889981293912631,0.12954477617406238,0.12889981293912631,0.12696537115812423]],[[0.13044249141905123,0.13237119130951178,0.13301431560381813,0.13237119130951178,0.13044249141905123],[0.13237119130951178,0.13428329893009672,0.13492521969290172,0.13428329893009672,0.13237119130951178],[0.13301431560381813,0.13492521969290172,0.13556673930172064,0.13492521969290172,0.13301431560381813],[0.13237119130951178,0.13428329893009672,0.13492521969290172,0.13428329893009672,0.13237119130951178],[0.13044249141905123,0.13237119130951178,0.13301431560381813,0.13237119130951178,0.13044249141905123]],[[0.13390744794397966,0.1358283328420937,0.13646893624372741,0.1358283328420937,0.13390744794397966],[0.1358283328420937,0.13773146336471467,0.13837046101013686,0.13773146336471467,0.1358283328420937],[0.13646893624372741,0.13837046101013686,0.13900892342973112,0.13837046101013686,0.13646893624372741],[0.1358283328420937,0.13773146336471467,0.13837046101013686,0.13773146336471467,0.1358283328420937],[0.13390744794397966,0.1358283328420937,0.13646893624372741,0.1358283328420937,0.13390744794397966]],[[0.13735626916377661,0.13926699055706057,0.1399043012729273,0.13926699055706057,0.13735626916377661],[0.13926699055706057,0.14115864443131709,0.14179389235441428,0.14115864443131709,0.13926699055706057],[0.1399043012729273,0.14179389235441428,0.14242845270985982,0.14179389235441428,0.1399043012729273],[0.13926699055706057,0.14115864443131709,0.14179389235441428,0.14115864443131709,0.13926699055706057],[0.13735626916377661,0.13926699055706057,0.1399043012729273,0.13926699055706057,0.13735626916377661]],[[0.14078443814211028,0.14268231567567635,0.14331545357311984,0.14268231567567635,0.14078443814211028],[0.14268231567567635,0.14455963048911691,0.14519018275883086,0.14455963048911691,0.14268231567567635],[0.14331545357311984,0.14519018275883086,0.14581987318698922,0.14519018275883086,0.14331545357311984],[0.14268231567567635,0.14455963048911691,0.14519018275883086,0.14455963048911691,0.14268231567567635],[0.14078443814211028,0.14268231567567635,0.14331545357311984,0.14268231567567635,0.14078443814211028]],[[0.14418678422011438,0.14606874188474778,0.14669669752364548,0.14606874188474778,0.14418678422011438],[0.14606874188474778,0.14792842522996605,0.14855319434454609,0.14792842522996605,0.14606874188474778],[0.14669669752364548,0.14855319434454609,0.14917690132391268,0.14855319434454609,0.14669669752364548],[0.14606874188474778,0.14792842522996605,0.14855319434454609,0.14792842522996605,0.14606874188474778],[0.14418678422011438,0.14606874188474778,0.14669669752364548,0.14606874188474778,0.14418678422011438]],[[0.14755736272787273,0.14941985950293846,0.15004147125109421,0.14941985950293846,0.14755736272787273],[0.14941985950293846,0.15125811795298069,0.15187585117831098,0.15125811795298069,0.14941985950293846],[0.15004147125109421,0.15187585117831098,0.15249229160827529,0.15187585117831098,0.15004147125109421],[0.14941985950293846,0.15125811795298069,0.15187585117831098,0.15125811795298069,0.14941985950293846],[0.14755736272787273,0.14941985950293846,0.15004147125109421,0.14941985950293846,0.14755736272787273]],[[0.15088932823471446,0.15272828764783841,0.15334221826503161,0.15272828764783841,0.15088932823471446],[0.15272828764783841,0.15454075809711446,0.15515001435777229,0.15454075809711446,0.15272828764783841],[0.15334221826503161,0.15515001435777229,0.15575771255192183,0.15515001435777229,0.15334221826503161],[0.15272828764783841,0.15454075809711446,0.15515001435777229,0.15454075809711446,0.15272828764783841],[0.15088932823471446,0.15272828764783841,0.15334221826503161,0.15272828764783841,0.15088932823471446]],[[0.15417481281321874,0.15598555997059149,0.15659027535280209,0.15598555997059149,0.15417481281321874],[0.15598555997059149,0.15776725453871,0.15836638542546674,0.15776725453871,0.15598555997059149],[0.15659027535280209,0.15836638542546674,0.15896365487336075,0.15836638542546674,0.15659027535280209],[0.15598555997059149,0.15776725453871,0.15836638542546674,0.15776725453871,0.15598555997059149],[0.15417481281321874,0.15598555997059149,0.15659027535280209,0.15598555997059149,0.15417481281321874]],[[0.15740482958301835,0.1591820498697393,0.15977580446519191,0.1591820498697393,0.15740482958301835],[0.1591820498697393,0.160927331941907,0.16151447248102721,0.160927331941907,0.1591820498697393],[0.15977580446519191,0.16151447248102721,0.16209940840168596,0.16151447248102721,0.15977580446519191],[0.1591820498697393,0.160927331941907,0.16151447248102721,0.160927331941907,0.1591820498697393],[0.15740482958301835,0.1591820498697393,0.15977580446519191,0.1591820498697393,0.15740482958301835]],[[0.1605692329339124,0.1623069730931902,0.16288780863508198,0.1623069730931902,0.1605692329339124],[0.1623069730931902,0.16400958858604389,0.1645826655925314,0.16400958858604389,0.1623069730931902],[0.16288780863508198,0.1645826655925314,0.16515315649422788,0.1645826655925314,0.16288780863508198],[0.1623069730931902,0.16400958858604389,0.1645826655925314,0.16400958858604389,0.1623069730931902],[0.1605692329339124,0.1623069730931902,0.16288780863508198,0.1623069730931902,0.1605692329339124]],[[0.16365677785727234,0.16534851539748366,0.16591428138861553,0.16534851539748366,0.16365677785727234],[0.16534851539748366,0.16700170692123409,0.16755847406734645,0.16700170692123409,0.16534851539748366],[0.16591428138861553,0.16755847406734645,0.16811224167711142,0.16755847406734645,0.16591428138861553],[0.16534851539748366,0.16700170692123409,0.16755847406734645,0.16700170692123409,0.16534851539748366],[0.16365677785727234,0.16534851539748366,0.16591428138861553,0.16534851539748366,0.16365677785727234]],[[0.16665532629844101,0.16829413325926332,0.16884253786317785,0.16829413325926332,0.16665532629844101],[0.16829413325926332,0.16989086077542881,0.17042896842794178,0.16989086077542881,0.16829413325926332],[0.16884253786317785,0.17042896842794178,0.17096364384399043,0.17042896842794178,0.16884253786317785],[0.16829413325926332,0.16989086077542881,0.17042896842794178,0.16989086077542881,0.16829413325926332],[0.16665532629844101,0.16829413325926332,0.16884253786317785,0.16829413325926332,0.16665532629844101]],[[0.16955224042473446,0.17113105784715268,0.17165975498181613,0.17113105784715268,0.16955224042473446],[0.17113105784715268,0.17266433338307924,0.17318143633961722,0.17266433338307924,0.17113105784715268],[0.17165975498181613,0.17318143633961722,0.17369467464858693,0.17318143633961722,0.17165975498181613],[0.17113105784715268,0.17266433338307924,0.17318143633961722,0.17266433338307924,0.17113105784715268],[0.16955224042473446,0.17113105784715268,0.17165975498181613,0.17113105784715268,0.16955224042473446]],[[0.17233497440663392,0.17384699213482324,0.17435370379220239,0.17384699213482324,0.17233497440663392],[0.17384699213482324,0.17531030828923463,0.17580420567207047,0.17531030828923463,0.17384699213482324],[0.17435370379220239,0.17580420567207047,0.17629383170125593,0.17580420567207047,0.17435370379220239],[0.17384699213482324,0.17531030828923463,0.17580420567207047,0.17531030828923463,0.17384699213482324],[0.17233497440663392,0.17384699213482324,0.17435370379220239,0.17384699213482324,0.17233497440663392]],[[0.17499182875021246,0.17643093536005872,0.176913598565272,0.17643093536005872,0.17499182875021246],[0.17643093536005872,0.17781873570640352,0.17828752684059743,0.17781873570640352,0.17643093536005872],[0.176913598565272,0.17828752684059743,0.17875169400976998,0.17828752684059743,0.176913598565272],[0.17643093536005872,0.17781873570640352,0.17828752684059743,0.17781873570640352,0.17643093536005872],[0.17499182875021246,0.17643093536005872,0.176913598565272,0.17643093536005872,0.17499182875021246]],[[0.17751277800840556,0.17887401857435026,0.17933093730879329,0.17887401857435026,0.17751277800840556],[0.17887401857435026,0.18018213639631209,0.18062436889544647,0.18018213639631209,0.17887401857435026],[0.17933093730879329,0.18062436889544647,0.1810617060243053,0.18062436889544647,0.17933093730879329],[0.17887401857435026,0.18018213639631209,0.18062436889544647,0.18018213639631209,0.17887401857435026],[0.17751277800840556,0.17887401857435026,0.17933093730879329,0.17887401857435026,0.17751277800840556]],[[0.17989024620056079,0.18117021395369962,0.18160019193503874,0.18117021395369962,0.17989024620056079],[0.18117021395369962,0.18239620531323716,0.18281099067097631,0.18239620531323716,0.18117021395369962],[0.18160019193503874,0.18281099067097631,0.18322071184198527,0.18281099067097631,0.18160019193503874],[0.18117021395369962,0.18239620531323716,0.18281099067097631,0.18239620531323716,0.18117021395369962],[0.17989024620056079,0.18117021395369962,0.18160019193503874,0.18117021395369962,0.17989024620056079]],[[0.18211970263176153,0.18331680056491861,0.18371923329409645,0.18331680056491861,0.18211970263176153],[0.18331680056491861,0.1844601193270452,0.18484719770798116,0.1844601193270452,0.18331680056491861],[0.18371923329409645,0.18484719770798116,0.18522915797228748,0.18484719770798116,0.18371923329409645],[0.18331680056491861,0.1844601193270452,0.18484719770798116,0.1844601193270452,0.18331680056491861],[0.18211970263176153,0.18331680056491861,0.18371923329409645,0.18331680056491861,0.18211970263176153]],[[0.18419998576695995,0.18531452157320266,0.18568943446587383,0.18531452157320266,0.18419998576695995],[0.18531452157320266,0.18637651790333595,0.18673626466130464,0.18637651790333595,0.18531452157320266],[0.18568943446587383,0.18673626466130464,0.18709095601942624,0.18673626466130464,0.18568943446587383],[0.18531452157320266,0.18637651790333595,0.18673626466130464,0.18637651790333595,0.18531452157320266],[0.18419998576695995,0.18531452157320266,0.18568943446587383,0.18531452157320266,0.18419998576695995]],[[0.18613331929141808,0.1871674303718848,0.18751546060278673,0.1871674303718848,0.18613331929141808],[0.1871674303718848,0.18815118730692551,0.18848456480921491,0.18815118730692551,0.1871674303718848],[0.18751546060278673,0.18848456480921491,0.18881305802827325,0.18848456480921491,0.18751546060278673],[0.1871674303718848,0.18815118730692551,0.18848456480921491,0.18815118730692551,0.1871674303718848],[0.18613331929141808,0.1871674303718848,0.18751546060278673,0.1871674303718848,0.18613331929141808]],[[0.187925041405306,0.18888247510865527,0.18920480439232354,0.18888247510865527,0.187925041405306],[0.18888247510865527,0.18979252117229034,0.19010098766923239,0.18979252117229034,0.18888247510865527],[0.18920480439232354,0.19010098766923239,0.1904048331816991,0.19010098766923239,0.18920480439232354],[0.18888247510865527,0.18979252117229034,0.19010098766923239,0.18979252117229034,0.18888247510865527],[0.187925041405306,0.18888247510865527,0.18920480439232354,0.18888247510865527,0.187925041405306]],[[0.18958311034026135,0.19046890229152563,0.19076715410054781,0.19046890229152563,0.18958311034026135],[0.19046890229152563,0.19131084923401931,0.19159624070506984,0.19131084923401931,0.19046890229152563],[0.19076715410054781,0.19159624070506984,0.1918773453302324,0.19159624070506984,0.19076715410054781],[0.19046890229152563,0.19131084923401931,0.19159624070506984,0.19131084923401931,0.19046890229152563],[0.18958311034026135,0.19046890229152563,0.19076715410054781,0.19046890229152563,0.18958311034026135]],[[0.19111747053930445,0.19193757027146696,0.19221368755447379,0.19193757027146696,0.19111747053930445],[0.19193757027146696,0.19271772554152353,0.19298212705908135,0.19271772554152353,0.19193757027146696],[0.19221368755447379,0.19298212705908135,0.19324262324826832,0.19298212705908135,0.19221368755447379],[0.19193757027146696,0.19271772554152353,0.19298212705908135,0.19271772554152353,0.19193757027146696],[0.19111747053930445,0.19193757027146696,0.19221368755447379,0.19193757027146696,0.19111747053930445]],[[0.19253936673909963,0.19330025707067627,0.19355637598962172,0.19330025707067627,0.19253936673909963],[0.19330025707067627,0.1940252536556083,0.19427087479482349,0.1940252536556083,0.19330025707067627],[0.19355637598962172,0.19427087479482349,0.19451299659828275,0.19427087479482349,0.19355637598962172],[0.19330025707067627,0.1940252536556083,0.19427087479482349,0.1940252536556083,0.19330025707067627],[0.19253936673909963,0.19330025707067627,0.19355637598962172,0.19330025707067627,0.19253936673909963]],[[0.19386068223557279,0.19456902993637529,0.19480736244652774,0.19456902993637529,0.19386068223557279],[0.19456902993637529,0.19524550481210282,0.19547457001594648,0.19524550481210282,0.19456902993637529],[0.19480736244652774,0.19547457001594648,0.19570054604263368,0.19547457001594648,0.19480736244652774],[0.19456902993637529,0.19524550481210282,0.19547457001594648,0.19524550481210282,0.19456902993637529],[0.19386068223557279,0.19456902993637529,0.19480736244652774,0.19456902993637529,0.19386068223557279]],[[0.19509335828728938,0.19575572146977047,0.19597845568430694,0.19575572146977047,0.19509335828728938],[0.19575572146977047,0.19639006087206462,0.19660472139745763,0.19639006087206462,0.19575572146977047],[0.19597845568430694,0.19660472139745763,0.19681669062151336,0.19660472139745763,0.19597845568430694],[0.19575572146977047,0.19639006087206462,0.19660472139745763,0.19639006087206462,0.19575572146977047],[0.19509335828728938,0.19575572146977047,0.19597845568430694,0.19575572146977047,0.19509335828728938]],[[0.19624892894546445,0.19687153394560325,0.19708075704598679,0.19687153394560325,0.19624892894546445],[0.19687153394560325,0.19746969141919182,0.19767196136505921,0.19746969141919182,0.19687153394560325],[0.19708075704598679,0.19767196136505921,0.19787191352639175,0.19767196136505921,0.19708075704598679],[0.19687153394560325,0.19746969141919182,0.19767196136505921,0.19746969141919182,0.19687153394560325],[0.19624892894546445,0.19687153394560325,0.19708075704598679,0.19687153394560325,0.19624892894546445]],[[0.19733818392625088,0.19792677332799194,0.19812441803184366,0.19792677332799194,0.19733818392625088],[0.19792677332799194,0.1