{"M_cells":[[[0,0,0,0,0],[0,0,0,0,0],[0,0,0,0,0],[0,0,0,0,0],[0,0,0,0,0]],[[9.20468801031375E-5,0.00022703504555136826,0.00026702337895944582,0.00022703504555136826,9.20468801031375E-5],[0.00022703504555136826,0.0004750161105256889,0.00055037093425815056,0.0004750161105256889,0.00022703504555136826],[0.00026702337895944582,0.00055037093425815056,0.00063751375825993534,0.00055037093425815056,0.00026702337895944582],[0.00022703504555136826,0.0004750161105256889,0.00055037093425815056,0.0004750161105256889,0.00022703504555136826],[9.20468801031375E-5,0.00022703504555136826,0.00026702337895944582,0.00022703504555136826,9.20468801031375E-5]],[[0.00053072048585007918,0.000885229624983977,0.00099522663412728637,0.000885229624983977,0.00053072048585007918],[0.000885229624983977,0.0013592292958926086,0.0015093734998019781,0.0013592292958926086,0.000885229624983977],[0.00099522663412728637,0.0015093734998019781,0.0016729001412700696,0.0015093734998019781,0.00099522663412728637],[0.000885229624983977,0.0013592292958926086,0.0015093734998019781,0.0013592292958926086,0.000885229624983977],[0.00053072048585007918,0.000885229624983977,0.00099522663412728637,0.000885229624983977,0.00053072048585007918]],[[0.0013627813852737541,0.0019295021936002153,0.0021098605639792473,0.0019295021936002153,0.0013627813852737541],[0.0019295021936002153,0.002603636489289188,0.0028215235006157384,0.002603636489289188,0.0019295021936002153],[0.0021098605639792473,0.0028215235006157384,0.0030519202916803089,0.0028215235006157384,0.0021098605639792473],[0.0019295021936002153,0.002603636489289188,0.0028215235006157384,0.002603636489289188,0.0019295021936002153],[0.0013627813852737541,0.0019295021936002153,0.0021098605639792473,0.0019295021936002153,0.0013627813852737541]],[[0.0025573485158201258,0.0033140240924163936,0.0035583356555314773,0.0033140240924163936,0.0025573485158201258],[0.0033140240924163936,0.0041639742371888337,0.0044417609854491237,0.0041639742371888337,0.0033140240924163936],[0.0035583356555314773,0.0044417609854491237,0.0047307063837817454,0.0044417609854491237,0.0035583356555314773],[0.0033140240924163936,0.0041639742371888337,0.0044417609854491237,0.0041639742371888337,0.003314024092416394],[0.0025573485158201258,0.0033140240924163936,0.0035583356555314773,0.003314024092416394,0.0025573485158201258]],[[0.0040731419394119239,0.0049970510036926891,0.0052979690726123419,0.0049970510036926891,0.0040731419394119239],[0.0049970510036926891,0.0060011092699758664,0.0063314997075327138,0.0060011092699758664,0.0049970510036926891],[0.0052979690726123419,0.0063314997075327138,0.0066717145043933175,0.0063314997075327138,0.0052979690726123419],[0.0049970510036926891,0.0060011092699758664,0.0063314997075327138,0.0060011092699758664,0.0049970510036926891],[0.0040731419394119239,0.0049970510036926891,0.0052979690726123419,0.0049970510036926891,0.0040731419394119239]],[[0.0058710706231536007,0.0069416355560748353,0.0072922818706377462,0.0069416355560748353,0.0058710706231536007],[0.0069416355560748353,0.0080806980822795815,0.0084571964425030621,0.0080806980822795815,0.0069416355560748353],[0.0072922818706377462,0.0084571964425030621,0.008842312361583976,0.0084571964425030621,0.0072922818706377462],[0.0069416355560748353,0.0080806980822795815,0.0084571964425030621,0.0080806980822795832,0.0069416355560748353],[0.0058710706231536007,0.0069416355560748353,0.0072922818706377462,0.0069416355560748353,0.0058710706231536007]],[[0.0079162815081997174,0.0091153404375589747,0.0095095801754389864,0.0091153404375589747,0.0079162815081997174],[0.0091153404375589747,0.010372662343713344,0.010789555758310521,0.010372662343713344,0.0091153404375589747],[0.0095095801754389864,0.010789555758310521,0.011214000583398139,0.010789555758310521,0.0095095801754389864],[0.0091153404375589747,0.010372662343713344,0.010789555758310521,0.010372662343713344,0.0091153404375589747],[0.0079162815081997174,0.0091153404375589747,0.0095095801754389864,0.0091153404375589747,0.0079162815081997174]],[[0.010178128976074582,0.011489752265802755,0.011922186935110279,0.011489752265802755,0.010178128976074582],[0.011489752265802755,0.012850672011778773,0.013302953500241315,0.012850672011778773,0.011489752265802755],[0.011922186935110279,0.013302953500241315,0.013761850757155931,0.013302953500241315,0.011922186935110279],[0.011489752265802755,0.012850672011778773,0.013302953500241315,0.012850672011778773,0.011489752265802755],[0.010178128976074582,0.011489752265802755,0.011922186935110279,0.011489752265802755,0.010178128976074582]],[[0.012629758890744941,0.014039996084052132,0.014505893217150477,0.014039996084052132,0.012629758890744941],[0.014039996084052132,0.015491678774327153,0.0159749639733952,0.015491678774327153,0.014039996084052132],[0.014505893217150477,0.0159749639733952,0.016464045336373537,0.0159749639733952,0.014505893217150477],[0.014039996084052132,0.015491678774327153,0.0159749639733952,0.015491678774327153,0.014039996084052134],[0.012629758890744941,0.014039996084052132,0.014505893217150477,0.014039996084052134,0.012629758890744943]],[[0.015247658112115753,0.016744295595505086,0.017239510737381742,0.016744295595505086,0.015247658112115753],[0.016744295595505086,0.018275504659431632,0.018785954949733438,0.018275504659431632,0.016744295595505086],[0.017239510737381742,0.018785954949733438,0.01930148374710635,0.018785954949733438,0.017239510737381742],[0.016744295595505086,0.018275504659431632,0.018785954949733438,0.018275504659431632,0.016744295595505086],[0.015247658112115753,0.016744295595505086,0.017239510737381742,0.016744295595505086,0.015247658112115753]],[[0.018011240718681824,0.019583584980396081,0.020104489247463771,0.019583584980396081,0.018011240718681824],[0.019583584980396081,0.021184481662136441,0.021718735944910576,0.021184481662136441,0.019583584980396081],[0.020104489247463771,0.021718735944910576,0.02225744034173259,0.021718735944910576,0.020104489247463771],[0.019583584980396081,0.021184481662136441,0.021718735944910576,0.021184481662136441,0.019583584980396081],[0.018011240718681824,0.019583584980396081,0.020104489247463771,0.019583584980396081,0.018011240718681824]],[[0.020902481676291867,0.022541168720011311,0.023084584401773547,0.022541168720011311,0.020902481676291867],[0.022541168720011311,0.024203136613588361,0.024758251426561476,0.024203136613588361,0.022541168720011311],[0.023084584401773547,0.024758251426561476,0.02531726604523752,0.024758251426561476,0.023084584401773547],[0.022541168720011311,0.024203136613588361,0.024758251426561476,0.024203136613588361,0.022541168720011311],[0.020902481676291867,0.022541168720011311,0.023084584401773547,0.022541168720011311,0.020902481676291867]],[[0.023905595571200217,0.025602424073294511,0.026165568074078643,0.025602424073294511,0.023905595571200217],[0.025602424073294511,0.027317915709048096,0.02789131282227959,0.027317915709048096,0.025602424073294511],[0.026165568074078643,0.02789131282227959,0.028468127723141716,0.02789131282227959,0.026165568074078643],[0.025602424073294511,0.027317915709048096,0.02789131282227959,0.027317915709048096,0.025602424073294511],[0.023905595571200217,0.025602424073294511,0.026165568074078643,0.025602424073294511,0.023905595571200217]],[[0.027006755554587453,0.028754540965869543,0.02933497529978939,0.028754540965869543,0.027006755554587453],[0.028754540965869543,0.0305169436903545,0.031106364281671784,0.0305169436903545,0.028754540965869543],[0.02933497529978939,0.031106364281671784,0.031698780365267791,0.031106364281671784,0.02933497529978939],[0.028754540965869543,0.0305169436903545,0.031106364281671784,0.0305169436903545,0.028754540965869543],[0.027006755554587453,0.028754540965869543,0.02933497529978939,0.028754540965869543,0.027006755554587453]],[[0.030193847596843678,0.031986294579031786,0.032581883074922595,0.031986294579031786,0.030193847596843678],[0.031986294579031786,0.033789813287152137,0.0343932778735821,0.033789813287152137,0.031986294579031786],[0.032581883074922595,0.0343932778735821,0.034999367887632575,0.0343932778735821,0.032581883074922595],[0.031986294579031786,0.033789813287152137,0.0343932778735821,0.033789813287152137,0.031986294579031786],[0.030193847596843678,0.031986294579031786,0.032581883074922595,0.031986294579031786,0.030193847596843678]],[[0.033456255614612483,0.035287846494754818,0.035896716935551042,0.035287846494754818,0.033456255614612483],[0.035287846494754818,0.037127401076730883,0.037743174474076491,0.037127401076730883,0.035287846494754818],[0.035896716935551042,0.037743174474076491,0.038361248913141036,0.037743174474076491,0.035896716935551042],[0.035287846494754818,0.037127401076730883,0.037743174474076491,0.037127401076730883,0.035287846494754818],[0.033456255614612483,0.035287846494754818,0.035896716935551042,0.035287846494754818,0.033456255614612483]],[[0.036784673562027956,0.038650570774676138,0.039271081784745442,0.038650570774676138,0.036784673562027956],[0.038650570774676138,0.04052170641168662,0.04114826708506425,0.04052170641168662,0.038650570774676138],[0.039271081784745442,0.04114826708506425,0.041776844362167262,0.04114826708506425,0.039271081784745442],[0.038650570774676138,0.04052170641168662,0.04114826708506425,0.04052170641168662,0.038650570774676138],[0.036784673562027956,0.038650570774676138,0.039271081784745442,0.038650570774676138,0.036784673562027956]],[[0.040170941067874458,0.042066901811784539,0.042697613890814723,0.042066901811784539,0.040170941067874458],[0.042066901811784539,0.043965710491734172,0.044601723740595567,0.043965710491734172,0.042066901811784539],[0.042697613890814723,0.044601723740595567,0.045239504089311336,0.044601723740595567,0.042697613890814723],[0.042066901811784539,0.043965710491734172,0.044601723740595567,0.043965710491734172,0.042066901811784539],[0.040170941067874458,0.042066901811784539,0.042697613890814723,0.042066901811784539,0.040170941067874458]],[[0.0436078996343276,0.045530201195881387,0.046169851374008405,0.045530201195881387,0.0436078996343276],[0.045530201195881387,0.047453253027911105,0.048097547519787884,0.047453253027911105,0.045530201195881387],[0.046169851374008405,0.048097547519787884,0.048743390154206215,0.048097547519787884,0.046169851374008405],[0.045530201195881387,0.047453253027911105,0.048097547519787884,0.047453253027911105,0.045530201195881387],[0.0436078996343276,0.045530201195881387,0.046169851374008405,0.045530201195881387,0.0436078996343276]],[[0.047089266792276742,0.049034641184506775,0.049682120839971526,0.049034641184506775,0.047089266792276742],[0.049034641184506775,0.050978924271245007,0.0516304715000874,0.050978924271245007,0.049034641184506775],[0.049682120839971526,0.0516304715000874,0.052283374620059851,0.0516304715000874,0.049682120839971526],[0.049034641184506775,0.050978924271245007,0.0516304715000874,0.050978924271245007,0.049034641184506775],[0.047089266792276742,0.049034641184506775,0.049682120839971526,0.049034641184506775,0.047089266792276742]],[[0.050609525938905234,0.052575102676247022,0.053229438115044221,0.052575102676247022,0.050609525938905234],[0.052575102676247022,0.0545379704599136,0.05519586675860929,0.0545379704599136,0.052575102676247022],[0.053229438115044221,0.05519586675860929,0.055854950039903567,0.05519586675860929,0.053229438115044221],[0.052575102676247022,0.0545379704599136,0.05519586675860929,0.0545379704599136,0.052575102676247022],[0.050609525938905234,0.052575102676247022,0.053229438115044221,0.052575102676247022,0.050609525938905234]],[[0.054163829871150204,0.0561470858492822,0.056807421296900591,0.0561470858492822,0.054163829871150204],[0.0561470858492822,0.058126210984591864,0.058789661768026781,0.058126210984591864,0.0561470858492822],[0.056807421296900591,0.058789661768026781,0.059454151022504793,0.058789661768026781,0.056807421296900591],[0.0561470858492822,0.058126210984591864,0.058789661768026781,0.058126210984591864,0.0561470858492822],[0.054163829871150204,0.0561470858492822,0.056807421296900591,0.0561470858492822,0.054163829871150204]],[[0.057747916279521631,0.059746631859604854,0.06041221455913038,0.059746631859604847,0.057747916279521631],[0.059746631859604854,0.061739965785646125,0.062408271741434422,0.061739965785646118,0.059746631859604847],[0.06041221455913038,0.062408271741434422,0.0630774854720003,0.062408271741434422,0.060412214559130373],[0.059746631859604847,0.061739965785646118,0.062408271741434422,0.061739965785646111,0.059746631859604847],[0.057747916279521631,0.059746631859604847,0.060412214559130373,0.059746631859604847,0.057747916279521631]],[[0.061358033685309211,0.06337025419517997,0.06404042134445273,0.06337025419517997,0.061358033685309205],[0.06337025419517997,0.0653759916823074,0.066048536661820922,0.0653759916823074,0.06337025419517997],[0.06404042134445273,0.066048536661820922,0.066721874271416085,0.066048536661820922,0.06404042134445273],[0.06337025419517997,0.0653759916823074,0.066048536661820922,0.0653759916823074,0.06337025419517997],[0.061358033685309205,0.06337025419517997,0.06404042134445273,0.06337025419517997,0.061358033685309205]],[[0.064990876494585972,0.067014878458094826,0.067689045752154259,0.067014878458094826,0.064990876494585972],[0.067014878458094826,0.069031426496377946,0.069707666889651368,0.069031426496377946,0.067014878458094826],[0.067689045752154259,0.069707666889651368,0.070384598333653112,0.069707666889651368,0.067689045752154259],[0.067014878458094826,0.069031426496377946,0.069707666889651368,0.069031426496377946,0.067014878458094826],[0.064990876494585972,0.067014878458094826,0.067689045752154259,0.067014878458094826,0.064990876494585972]],[[0.068643528008308669,0.0706777894999725,0.071355441074153717,0.0706777894999725,0.068643528008308669],[0.0706777894999725,0.0727037399745575,0.07338319537958142,0.0727037399745575,0.0706777894999725],[0.071355441074153717,0.07338319537958142,0.074063252077168032,0.07338319537958142,0.071355441074153717],[0.0706777894999725,0.0727037399745575,0.07338319537958142,0.0727037399745575,0.0706777894999725],[0.068643528008308669,0.0706777894999725,0.071355441074153717,0.0706777894999725,0.068643528008308669]],[[0.072313410372288667,0.074356584969221234,0.075037264563768732,0.074356584969221234,0.072313410372288667],[0.074356584969221234,0.076390690636617686,0.077072935657018574,0.076390690636617686,0.074356584969221234],[0.075037264563768732,0.077072935657018574,0.077755702499876622,0.077072935657018574,0.075037264563768732],[0.074356584969221234,0.076390690636617686,0.077072935657018574,0.076390690636617686,0.074356584969221234],[0.072313410372288667,0.074356584969221234,0.075037264563768732,0.074356584969221234,0.072313410372288667]],[[0.0759982405766193,0.07804913444491185,0.0787324376340338,0.07804913444491185,0.0759982405766193],[0.07804913444491185,0.080090287783927225,0.080774944809436616,0.080090287783927225,0.07804913444491185],[0.0787324376340338,0.080774944809436616,0.081460053126039628,0.080774944809436616,0.0787324376340338],[0.07804913444491185,0.080090287783927225,0.080774944809436616,0.080090287783927225,0.07804913444491185],[0.0759982405766193,0.07804913444491185,0.0787324376340338,0.07804913444491185,0.0759982405766193]],[[0.079695991723638934,0.081753543433030137,0.082439110780575892,0.081753543433030137,0.079695991723638934],[0.081753543433030137,0.083800757996003242,0.084487490837879126,0.083800757996003242,0.081753543433030137],[0.082439110780575892,0.084487490837879126,0.085174612188828241,0.084487490837879126,0.082439110780575892],[0.081753543433030137,0.083800757996003242,0.084487490837879126,0.083800757996003242,0.081753543433030137],[0.079695991723638934,0.081753543433030137,0.082439110780575892,0.081753543433030137,0.079695991723638934]],[[0.08340485887869753,0.085468121588578111,0.08615563260931991,0.085468121588578111,0.08340485887869753],[0.085468121588578111,0.087520515523670891,0.088209023792671981,0.087520515523670891,0.085468121588578111],[0.08615563260931991,0.088209023792671981,0.088897864487570408,0.088209023792671981,0.08615563260931991],[0.085468121588578111,0.087520515523670891,0.088209023792671981,0.087520515523670891,0.085468121588578111],[0.08340485887869753,0.085468121588578111,0.08615563260931991,0.085468121588578111,0.08340485887869753]],[[0.087123228900624627,0.089191354603216436,0.08988052242315335,0.089191354603216436,0.087123228900624627],[0.089191354603216436,0.09124813605757931,0.091938150185440964,0.09124813605757931,0.089191354603216436],[0.08988052242315335,0.091938150185440964,0.092628446424765143,0.091938150185440964,0.08988052242315335],[0.089191354603216436,0.09124813605757931,0.091938150185440964,0.09124813605757931,0.089191354603216436],[0.087123228900624627,0.089191354603216436,0.08988052242315335,0.089191354603216436,0.087123228900624627]],[[0.090849653720464829,0.09292187926398035,0.093612445885722609,0.09292187926398035,0.090849653720464829],[0.09292187926398035,0.094982333411408,0.095673610228348652,0.094982333411408,0.09292187926398035],[0.093612445885722609,0.095673610228348652,0.0963651237849971,0.095673610228348652,0.093612445885722609],[0.09292187926398035,0.094982333411408,0.095673610228348652,0.094982333411408,0.09292187926398035],[0.090849653720464829,0.09292187926398035,0.093612445885722609,0.09292187926398035,0.090849653720464829]],[[0.094582826599032679,0.096658461245562446,0.097350193335646651,0.096658461245562446,0.094582826599032679],[0.096658461245562446,0.098721938711342772,0.099414257502075137,0.098721938711342772,0.096658461245562446],[0.097350193335646651,0.099414257502075137,0.10010677186694804,0.099414257502075137,0.097350193335646651],[0.096658461245562446,0.098721938711342772,0.099414257502075137,0.098721938711342772,0.096658461245562446],[0.094582826599032679,0.096658461245562446,0.097350193335646651,0.096658461245562446,0.094582826599032679]],[[0.098321560947130224,0.10039997524744697,0.10109266037186866,0.10039997524744697,0.098321560947130224],[0.10039997524744697,0.10246588172807353,0.10315904069736824,0.10246588172807353,0.10039997524744697],[0.10109266037186866,0.10315904069736824,0.10385235762161048,0.10315904069736824,0.10109266037186866],[0.10039997524744697,0.10246588172807353,0.10315904069736824,0.10246588172807353,0.10039997524744697],[0.098321560947130224,0.10039997524744697,0.10109266037186866,0.10039997524744697,0.098321560947130224]],[[0.10206477133811256,0.10414538712909614,0.10483883037122949,0.10414538712909614,0.10206477133811256],[0.10414538712909614,0.10621317402572496,0.10690698711182971,0.10621317402572496,0.10414538712909614],[0.10483883037122949,0.10690698711182971,0.10760092348541767,0.10690698711182971,0.10483883037122949],[0.10414538712909614,0.10621317402572496,0.10690698711182971,0.10621317402572496,0.10414538712909614],[0.10206477133811256,0.10414538712909614,0.10483883037122949,0.10414538712909614,0.10206477133811256]],[[0.10581145638141955,0.10789373773164225,0.10858775863361153,0.10789373773164225,0.10581145638141955],[0.10789373773164225,0.10996289363410297,0.11065718761449535,0.10996289363410297,0.10789373773164225],[0.10858775863361153,0.11065718761449535,0.11135157262678659,0.11065718761449535,0.10858775863361153],[0.10789373773164225,0.10996289363410297,0.11065718761449535,0.10996289363410297,0.10789373773164225],[0.10581145638141955,0.10789373773164225,0.10858775863361153,0.10789373773164225,0.10581145638141955]],[[0.10956068315859081,0.11164412810435964,0.11233855787850504,0.11164412810435964,0.10956068315859081],[0.11164412810435964,0.11371417097738128,0.11440878281642787,0.11371417097738128,0.11164412810435964],[0.11233855787850504,0.11440878281642787,0.11510345534921869,0.11440878281642787,0.11233855787850504],[0.11164412810435964,0.11371417097738128,0.11440878281642787,0.11371417097738128,0.11164412810435964],[0.10956068315859081,0.11164412810435964,0.11233855787850504,0.11164412810435964,0.10956068315859081]],[[0.11331157295061961,0.11539570587844519,0.11609038484035041,0.11539570587844519,0.11331157295061961],[0.11539570587844519,0.11746617581390856,0.11816095020621352,0.11746617581390856,0.11539570587844519],[0.11609038484035041,0.11816095020621352,0.11885575641386328,0.11816095020621352,0.11609038484035041],[0.11539570587844519,0.11746617581390856,0.11816095020621352,0.11746617581390856,0.11539570587844519],[0.11331157295061961,0.11539570587844519,0.11609038484035041,0.11539570587844519,0.11331157295061961]],[[0.11706328800780628,0.11914765255040358,0.11984242772867246,0.11914765255040358,0.11706328800780628],[0.11914765255040358,0.12121810495898118,0.12191289202550706,0.12121810495898118,0.11914765255040358],[0.11984242772867246,0.12191289202550706,0.12260768305984142,0.12191289202550706,0.11984242772867246],[0.11914765255040358,0.12121810495898118,0.12191289202550706,0.12121810495898118,0.11914765255040358],[0.11706328800780628,0.11914765255040358,0.11984242772867246,0.11914765255040358,0.11706328800780628]],[[0.12081501913094689,0.12289917145243379,0.12359389433339822,0.12289917145243379,0.12081501913094689],[0.12289917145243379,0.1249691705751777,0.12566382367174223,0.1249691705751777,0.12289917145243379],[0.12359389433339822,0.12566382367174223,0.12635845351181452,0.12566382367174223,0.12359389433339822],[0.12289917145243379,0.1249691705751777,0.12566382367174223,0.12496917057517772,0.1228991714524338],[0.12081501913094689,0.12289917145243379,0.12359389433339822,0.1228991714524338,0.1208150191309469]],[[0.12456597384600473,0.12664947619816419,0.12734400056589715,0.12664947619816419,0.12456597384600473],[0.12664947619816419,0.12871858882355655,0.12941296242306688,0.12871858882355655,0.12664947619816419],[0.12734400056589715,0.12941296242306688,0.13010728577146757,0.12941296242306688,0.12734400056589718],[0.12664947619816419,0.12871858882355655,0.12941296242306688,0.12871858882355655,0.12664947619816422],[0.12456597384600473,0.12664947619816419,0.12734400056589718,0.12664947619816422,0.12456597384600476]],[[0.1283153649636101,0.130397779399173,0.13109195923258549,0.130397779399173,0.1283153649636101],[0.130397779399173,0.13246556867397261,0.133159516284791,0.13246556867397261,0.130397779399173],[0.13109195923258549,0.133159516284791,0.13385338649310347,0.133159516284791,0.13109195923258551],[0.130397779399173,0.13246556867397261,0.133159516284791,0.13246556867397263,0.13039777939917302],[0.1283153649636101,0.130397779399173,0.13109195923258551,0.13039777939917302,0.12831536496361012]],[[0.13206239932018421,0.13414328145105708,0.1348369688405909,0.13414328145105708,0.13206239932018421],[0.13414328145105708,0.13620930067409603,0.13690267275728341,0.13620930067409603,0.13414328145105708],[0.1348369688405909,0.13690267275728341,0.1375959397435132,0.13690267275728341,0.13483696884059093],[0.13414328145105708,0.13620930067409603,0.13690267275728341,0.13620930067409603,0.13414328145105711],[0.13206239932018421,0.13414328145105708,0.13483696884059093,0.13414328145105711,0.13206239932018424]],[[0.13580626649909117,0.13788515918728783,0.13857820223388184,0.13788515918728783,0.13580626649909117],[0.13788515918728783,0.13994894547433304,0.1406415873222687,0.13994894547433304,0.13788515918728783],[0.13857820223388184,0.1406415873222687,0.1413340954426818,0.1406415873222687,0.13857820223388184],[0.13788515918728783,0.13994894547433304,0.1406415873222687,0.13994894547433304,0.13788515918728783],[0.13580626649909117,0.13788515918728783,0.13857820223388184,0.13788515918728783,0.13580626649909117]],[[0.13954612732863825,0.14162255419612946,0.14231479485445619,0.14162255419612946,0.13954612732863825],[0.14162255419612946,0.14368362190113629,0.14437537143911813,0.14368362190113629,0.14162255419612946],[0.14231479485445619,0.14437537143911813,0.14506695727596436,0.14437537143911813,0.14231479485445619],[0.14162255419612946,0.14368362190113629,0.14437537143911813,0.14368362190113629,0.14162255419612946],[0.13954612732863825,0.14162255419612946,0.14231479485445619,0.14162255419612946,0.13954612732863825]],[[0.14328110194902885,0.14535456058901183,0.14604583241606323,0.14535456058901183,0.14328110194902885],[0.14535456058901183,0.14741239436297626,0.14810307983410817,0.14741239436297626,0.14535456058901183],[0.14604583241606323,0.14810307983410817,0.14879356985927683,0.14810307983410817,0.14604583241606323],[0.14535456058901183,0.14741239436297626,0.14810307983410817,0.14741239436297626,0.14535456058901183],[0.14328110194902885,0.14535456058901183,0.14604583241606323,0.14535456058901183,0.14328110194902885]],[[0.14701025723291924,0.149080212000669,0.1497703377691724,0.149080212000669,0.14701025723291924],[0.149080212000669,0.15113425936414809,0.15182369685612396,0.15113425936414809,0.149080212000669],[0.1497703377691724,0.15182369685612396,0.1525129049290512,0.15182369685612396,0.1497703377691724],[0.149080212000669,0.15113425936414809,0.15182369685612396,0.15113425936414809,0.149080212000669],[0.14701025723291924,0.149080212000669,0.1497703377691724,0.149080212000669,0.14701025723291924]],[[0.15073259333555444,0.15279846759158822,0.15348725672610544,0.15279846759158822,0.15073259333555444],[0.15279846759158822,0.15484813089169022,0.1555361216623338,0.15484813089169022,0.15279846759158822],[0.15348725672610544,0.1555361216623338,0.15622384631869218,0.1555361216623338,0.15348725672610544],[0.15279846759158822,0.15484813089169022,0.1555361216623338,0.15484813089169022,0.15279846759158822],[0.15073259333555444,0.15279846759158822,0.15348725672610544,0.15279846759158822,0.15073259333555444]],[[0.15444702914087363,0.15650819681450856,0.15719544260636439,0.15650819681450856,0.15444702914087363],[0.15650819681450856,0.15855282443283789,0.15923915198977145,0.15855282443283789,0.15650819681450856],[0.15719544260636439,0.15923915198977145,0.15992517347605306,0.15923915198977145,0.15719544260636439],[0.15650819681450856,0.15855282443283789,0.15923915198977145,0.15855282443283789,0.15650819681450856],[0.15444702914087363,0.15650819681450856,0.15719544260636439,0.15650819681450856,0.15444702914087363]],[[0.15815238636295345,0.16020816270106578,0.16089363925728295,0.16020816270106578,0.15815238636295345],[0.16020816270106578,0.16224703937772331,0.16293146626697566,0.16224703937772331,0.16020816270106578],[0.16089363925728295,0.16293146626697566,0.16361554327565866,0.16293146626697566,0.16089363925728295],[0.16020816270106578,0.16224703937772331,0.16293146626697566,0.16224703937772331,0.16020816270106578],[0.15815238636295345,0.16020816270106578,0.16089363925728295,0.16020816270106578,0.15815238636295345]],[[0.1618473720597795,0.16389700342703073,0.16458046230852702,0.16389700342703073,0.1618473720597795],[0.16389700342703073,0.16592933957006412,0.1666116038296209,0.16592933957006412,0.16389700342703073],[0.16458046230852702,0.1666116038296209,0.16729346989117369,0.1666116038296209,0.16458046230852702],[0.16389700342703073,0.16592933957006412,0.1666116038296209,0.16592933957006412,0.16389700342703073],[0.1618473720597795,0.16389700342703073,0.16458046230852702,0.16389700342703073,0.1618473720597795]],[[0.16553055932495228,0.16757321193039026,0.16825437843756327,0.16757321193039026,0.16553055932495228],[0.16757321193039026,0.16959813179448421,0.17027794303326491,0.16959813179448421,0.16757321193039026],[0.16825437843756327,0.17027794303326491,0.17095730252625313,0.17027794303326491,0.16825437843756327],[0.16757321193039026,0.16959813179448421,0.17027794303326491,0.16959813179448421,0.16757321193039026],[0.16553055932495228,0.16757321193039026,0.16825437843756327,0.16757321193039026,0.16553055932495228]],[[0.16920036594957938,0.17123511339658956,0.17191368246696265,0.17123511339658956,0.16920036594957938],[0.17123511339658956,0.17325164204536458,0.17392867711768531,0.17325164204536458,0.17123511339658956],[0.17191368246696265,0.17392867711768531,0.1746052008688434,0.17392867711768531,0.17191368246696265],[0.17123511339658956,0.17325164204536458,0.17392867711768531,0.17325164204536458,0.17123511339658956],[0.16920036594957938,0.17123511339658956,0.17191368246696265,0.17123511339658956,0.16920036594957938]],[[0.1728550309029562,0.17488084050154151,0.17555647219761059,0.17488084050154151,0.1728550309029562],[0.17488084050154151,0.17688788952360704,0.17756178778696208,0.17688788952360704,0.17488084050154151],[0.17555647219761059,0.17756178778696208,0.17823510825228475,0.17756178778696208,0.17555647219761059],[0.17488084050154151,0.17688788952360704,0.17756178778696208,0.17688788952360704,0.17488084050154151],[0.1728550309029562,0.17488084050154151,0.17555647219761059,0.17488084050154151,0.1728550309029562]],[[0.17649258858249783,0.17850830643595539,0.17918062102439358,0.17850830643595539,0.17649258858249783],[0.17850830643595539,0.18050465847780331,0.18117501665149316,0.18050465847780331,0.17850830643595539],[0.17918062102439358,0.18117501665149316,0.18184472270133725,0.18117501665149316,0.17918062102439358],[0.17850830643595539,0.18050465847780331,0.18117501665149316,0.18050465847780331,0.17850830643595539],[0.17649258858249783,0.17850830643595539,0.17918062102439358,0.17850830643595539,0.17649258858249783]],[[0.18011084095247623,0.18211517594823848,0.18278374860907526,0.18211517594823848,0.18011084095247623],[0.18211517594823848,0.18409946827305934,0.18476583496209087,0.18409946827305934,0.18211517594823848],[0.18278374860907526,0.18476583496209087,0.18543146634331267,0.18476583496209087,0.18278374860907526],[0.18211517594823848,0.18409946827305934,0.18476583496209087,0.18409946827305934,0.18211517594823848],[0.18011084095247623,0.18211517594823848,0.18278374860907526,0.18211517594823848,0.18011084095247623]],[[0.18370732795627798,0.18569883497034106,0.18636319023227885,0.18569883497034106,0.18370732795627798],[0.18569883497034106,0.18766954247018702,0.18833141248928387,0.18766954247018702,0.18569883497034106],[0.18636319023227885,0.18833141248928387,0.18899245411214113,0.18833141248928387,0.18636319023227885],[0.18569883497034106,0.18766954247018702,0.18833141248928387,0.18766954247018702,0.18569883497034106],[0.18370732795627798,0.18569883497034106,0.18636319023227885,0.18569883497034106,0.18370732795627798]],[[0.18727929698121648,0.18925635986803416,0.18991596595015242,0.18925635986803416,0.18727929698121648],[0.18925635986803416,0.19121177826852481,0.1918685870019719,0.19121177826852481,0.18925635986803416],[0.18991596595015242,0.1918685870019719,0.19252446330600523,0.1918685870019719,0.18991596595015242],[0.18925635986803416,0.19121177826852481,0.1918685870019719,0.19121177826852481,0.18925635986803416],[0.18727929698121648,0.18925635986803416,0.18991596595015242,0.18925635986803416,0.18727929698121648]],[[0.19082367271694509,0.19278448802144904,0.19343875137915598,0.19278448802144904,0.19082367271694509],[0.19278448802144904,0.19472271844203229,0.19537383661282925,0.19472271844203229,0.19278448802144904],[0.19343875137915598,0.19537383661282925,0.1960239064104011,0.19537383661282925,0.19343875137915598],[0.19278448802144904,0.19472271844203229,0.19537383661282925,0.19472271844203229,0.19278448802144904],[0.19082367271694509,0.19278448802144904,0.19343875137915598,0.19278448802144904,0.19082367271694509]],[[0.19433702950866408,0.19627959231820868,0.19692785284694053,0.19627959231820868,0.19433702950866408],[0.19627959231820868,0.19819852889401515,0.19884325829320454,0.19819852889401515,0.19627959231820868],[0.19692785284694053,0.19884325829320454,0.19948681067401461,0.19884325829320454,0.19692785284694053],[0.19627959231820868,0.19819852889401515,0.19884325829320454,0.19819852889401515,0.19627959231820868],[0.19433702950866408,0.19627959231820868,0.19692785284694053,0.19627959231820868,0.19433702950866408]],[[0.19781556927555188,0.19973766322218997,0.2003791907654478,0.19973766322218997,0.19781556927555188],[0.19973766322218997,0.20163498613692915,0.20227255707573302,0.20163498613692915,0.19973766322218997],[0.2003791907654478,0.20227255707573302,0.20290880917362569,0.20227255707573302,0.2003791907654478],[0.19973766322218997,0.20163498613692915,0.20227255707573302,0.20163498613692915,0.19973766322218997],[0.19781556927555188,0.19973766322218997,0.2003791907654478,0.19973766322218997,0.19781556927555188]],[[0.20125510920545378,0.20315430329288003,0.20378829631935627,0.20315430329288003,0.20125510920545378],[0.20315430329288003,0.20502748025006703,0.20565705172324261,0.20502748025006703,0.20315430329288003],[0.20378829631935627,0.20565705172324261,0.20628514937493492,0.20565705172324261,0.20378829631935627],[0.20315430329288003,0.20502748025006703,0.20565705172324261,0.20502748025006703,0.20315430329288003],[0.20125510920545378,0.20315430329288003,0.20378829631935627,0.20315430329288003,0.20125510920545378]],[[0.20465108462734682,0.20652474019314843,0.20715032772055081,0.20652474019314843,0.20465108462734682],[0.20652474019314843,0.2083710399289849,0.208991703674679,0.2083710399289849,0.20652474019314843],[0.20715032772055081,0.208991703674679,0.20961072619158341,0.208991703674679,0.20715032772055081],[0.20652474019314843,0.2083710399289849,0.208991703674679,0.2083710399289849,0.20652474019314843],[0.20465108462734682,0.20652474019314843,0.20715032772055081,0.20652474019314843,0.20465108462734682]],[[0.20799857345770645,0.20984386501385022,0.2104601130086324,0.20984386501385022,0.20799857345770645],[0.20984386501385022,0.21166038670782159,0.21227117644616542,0.21166038670782159,0.20984386501385022],[0.2104601130086324,0.21227117644616542,0.21288014679922923,0.21227117644616542,0.2104601130086324],[0.20984386501385022,0.21166038670782159,0.21227117644616542,0.21166038670782159,0.20984386501385022],[0.20799857345770645,0.20984386501385022,0.2104601130086324,0.20984386501385022,0.20799857345770645]],[[0.21129234902396848,0.21310630269041356,0.21371222618063726,0.21310630269041356,0.21129234902396848],[0.21310630269041356,0.21489002476619468,0.21548993180055381,0.21489002476619468,0.21310630269041356],[0.21371222618063726,0.21548993180055381,0.21608783338426951,0.21548993180055381,0.21371222618063726],[0.21310630269041356,0.21489002476619468,0.21548993180055381,0.21489002476619468,0.21310630269041356],[0.21129234902396848,0.21310630269041356,0.21371222618063726,0.21310630269041356,0.21129234902396848]],[[0.21452696737936477,0.21630651983916724,0.21690110174498167,0.21630651983916724,0.21452696737936477],[0.21630651983916724,0.21805437037108713,0.21864236634285802,0.21805437037108713,0.21630651983916724],[0.21690110174498167,0.21864236634285802,0.21922816703814998,0.21864236634285802,0.21690110174498167],[0.21630651983916724,0.21805437037108713,0.21864236634285802,0.21805437037108713,0.21630651983916724],[0.21452696737936477,0.21630651983916724,0.21690110174498167,0.21630651983916724,0.21452696737936477]],[[0.21769689293287375,0.21943897205045157,0.22002118918006985,0.21943897205045157,0.21769689293287375],[0.21943897205045157,0.22114792062764679,0.22172298746546162,0.22114792062764679,0.21943897205045157],[0.22002118918006985,0.22172298746546162,0.22229567090664679,0.22172298746546162,0.22002118918006985],[0.21943897205045157,0.22114792062764679,0.22172298746546162,0.22114792062764679,0.21943897205045157],[0.21769689293287375,0.21943897205045157,0.22002118918006985,0.21943897205045157,0.21769689293287375]],[[0.22079666205096427,0.22249828747134928,0.22306714323072965,0.22249828747134928,0.22079666205096427],[0.22249828747134928,0.22416545504474295,0.22472662107187241,0.22416545504474295,0.22249828747134928],[0.22306714323072965,0.22472662107187241,0.22528522388669167,0.22472662107187241,0.22306714323072965],[0.22249828747134928,0.22416545504474295,0.22472662107187241,0.22416545504474295,0.22249828747134928],[0.22079666205096427,0.22249828747134928,0.22306714323072965,0.22249828747134928,0.22079666205096427]],[[0.22382107847775515,0.22547947698005538,0.22603403919326859,0.22547947698005538,0.22382107847775515],[0.22547947698005538,0.22710225646181295,0.22764863638509461,0.22710225646181295,0.22547947698005538],[0.22603403919326859,0.22764863638509461,0.22819228890659093,0.22764863638509461,0.22603403919326859],[0.22547947698005538,0.22710225646181295,0.22764863638509461,0.22710225646181295,0.22547947698005538],[0.22382107847775515,0.22547947698005538,0.22603403919326859,0.22547947698005538,0.22382107847775515]],[[0.22676542790099724,0.22837815472806441,0.22891759578547993,0.22837815472806441,0.22676542790099724],[0.22837815472806441,0.22995433183828143,0.23048516722817475,0.22995433183828143,0.22837815472806441],[0.22891759578547993,0.23048516722817475,0.23101313408549773,0.23048516722817475,0.22891759578547993],[0.22837815472806441,0.22995433183828143,0.23048516722817475,0.22995433183828143,0.22837815472806441],[0.22676542790099724,0.22837815472806441,0.22891759578547993,0.22837815472806441,0.22676542790099724]],[[0.22962569331332366,0.2311907481084238,0.23171438376256395,0.2311907481084238,0.22962569331332366],[0.2311907481084238,0.23271861018906209,0.23323330640998594,0.23271861018906209,0.2311907481084238],[0.23171438376256395,0.23323330640998594,0.23374502283702958,0.23323330640998594,0.23171438376256395],[0.2311907481084238,0.23271861018906209,0.23323330640998594,0.23271861018906209,0.2311907481084238],[0.22962569331332366,0.2311907481084238,0.23171438376256395,0.2311907481084238,0.22962569331332366]],[[0.23239874970606084,0.23391467493969564,0.23442199775035547,0.23391467493969564,0.23239874970606084],[0.23391467493969564,0.23539309590264862,0.23589125151758553,0.23539309590264862,0.23391467493969564],[0.23442199775035547,0.23589125151758553,0.23638635141087752,0.23589125151758553,0.23442199775035547],[0.23391467493969564,0.23539309590264862,0.23589125151758553,0.23539309590264862,0.23391467493969564],[0.23239874970606084,0.23391467493969564,0.23442199775035547,0.23391467493969564,0.23239874970606084]],[[0.23508251730953125,0.23654846859466333,0.23703917244197406,0.23654846859466333,0.23508251730953125],[0.23654846859466333,0.23797696091681106,0.23845838641997782,0.23797696091681106,0.23654846859466333],[0.23703917244197406,0.23845838641997782,0.2389367191446399,0.23845838641997782,0.23703917244197406],[0.23654846859466333,0.23797696091681106,0.23845838641997782,0.23797696091681106,0.23654846859466333],[0.23508251730953125,0.23654846859466333,0.23703917244197406,0.23654846859466333,0.23508251730953125]],[[0.2376760572148103,0.239091838428134,0.23956583160365602,0.239091838428134,0.2376760572148103],[0.239091838428134,0.24047056751425,0.24093529165440764,0.24047056751425,0.239091838428134],[0.23956583160365602,0.24093529165440764,0.24139692611157235,0.24093529165440764,0.23956583160365602],[0.239091838428134,0.24047056751425,0.24093529165440764,0.24047056751425,0.239091838428134],[0.2376760572148103,0.239091838428134,0.23956583160365602,0.239091838428134,0.2376760572148103]],[[0.2401796007415205,0.24154566153928328,0.24200306743092484,0.24154566153928328,0.2401796007415205],[0.24154566153928328,0.242875422747129,0.24332368634346216,0.242875422747129,0.24154566153928328],[0.24200306743092484,0.24332368634346216,0.24376890249645061,0.24332368634346216,0.24200306743092484],[0.24154566153928328,0.242875422747129,0.24332368634346216,0.242875422747129,0.24154566153928328],[0.2401796007415205,0.24154566153928328,0.24200306743092484,0.24154566153928328,0.2401796007415205]],[[0.24259451252872197,0.24391191056022232,0.24435305650933667,0.24391191056022232,0.24259451252872197],[0.24391191056022232,0.24519407359417442,0.24562631224218109,0.24519407359417442,0.24391191056022232],[0.24435305650933667,0.24562631224218109,0.24605558177192757,0.24562631224218109,0.24435305650933667],[0.24391191056022232,0.24519407359417442,0.24562631224218109,0.24519407359417442,0.24391191056022232],[0.24259451252872197,0.24391191056022232,0.24435305650933667,0.24391191056022232,0.24259451252872197]],[[0.2449231951016278,0.24619352901704369,0.24661892522083273,0.24619352901704369,0.2449231951016278],[0.24619352901704369,0.24742995745994717,0.24784677560129192,0.24742995745994717,0.24619352901704369],[0.24661892522083273,0.24784677560129192,0.24826073436525276,0.24784677560129192,0.24661892522083273],[0.24619352901704369,0.24742995745994717,0.24784677560129192,0.2474