{"M_cells":[[[0,0,0,0,0,0,0],[0,0,0,0,0,0,0],[0,0,0,0,0,0,0],[0,0,0,0,0,0,0],[0,0,0,0,0,0,0],[0,0,0,0,0,0,0],[0,0,0,0,0,0,0]],[[1.4132820682645003E-6,8.1547723270961183E-6,7.25550229830969E-6,1.0613500487009439E-5,7.25550229830969E-6,8.1547723270961183E-6,1.4132820682645003E-6],[8.1547723270961183E-6,3.4668055827912484E-5,3.1691899781489691E-5,4.4777578641393205E-5,3.1691899781489691E-5,3.4668055827912484E-5,8.1547723270961183E-6],[7.25550229830969E-6,3.1691899781489691E-5,3.8902326797458819E-5,4.615189159352095E-5,3.8902326797458819E-5,3.1691899781489691E-5,7.25550229830969E-6],[1.0613500487009439E-5,4.4777578641393205E-5,4.615189159352095E-5,6.0885634802443789E-5,4.615189159352095E-5,4.4777578641393205E-5,1.0613500487009441E-5],[7.25550229830969E-6,3.1691899781489691E-5,3.8902326797458819E-5,4.615189159352095E-5,3.8902326797458819E-5,3.1691899781489691E-5,7.2555022983096895E-6],[8.1547723270961183E-6,3.4668055827912484E-5,3.1691899781489691E-5,4.4777578641393205E-5,3.1691899781489691E-5,3.4668055827912484E-5,8.1547723270961183E-6],[1.4132820682645003E-6,8.1547723270961183E-6,7.25550229830969E-6,1.0613500487009441E-5,7.2555022983096895E-6,8.1547723270961183E-6,1.4132820682645003E-6]],[[9.8814981490597634E-6,3.2438991159857121E-5,2.9465126220801203E-5,4.1055775707902296E-5,2.9465126220801206E-5,3.2438991159857121E-5,9.8814981490597634E-6],[3.2438991159857121E-5,8.4950597991450579E-5,7.9129010741297657E-5,0.00010606732438001483,7.9129010741297657E-5,8.4950597991450579E-5,3.2438991159857121E-5],[2.9465126220801203E-5,7.9129010741297657E-5,9.3692412837763267E-5,0.00010830794344358003,9.3692412837763267E-5,7.9129010741297657E-5,2.9465126220801203E-5],[4.1055775707902296E-5,0.00010606732438001483,0.00010830794344358003,0.00013746361547809896,0.00010830794344358003,0.00010606732438001483,4.1055775707902296E-5],[2.9465126220801206E-5,7.9129010741297657E-5,9.3692412837763267E-5,0.00010830794344358003,9.3692412837763267E-5,7.9129010741297657E-5,2.9465126220801203E-5],[3.2438991159857121E-5,8.4950597991450579E-5,7.9129010741297657E-5,0.00010606732438001483,7.9129010741297657E-5,8.4950597991450579E-5,3.2438991159857121E-5],[9.8814981490597634E-6,3.2438991159857121E-5,2.9465126220801203E-5,4.1055775707902296E-5,2.9465126220801203E-5,3.2438991159857121E-5,9.8814981490597634E-6]],[[2.9415863873998529E-5,7.252110783576635E-5,6.6889132404346441E-5,8.9614707060447639E-5,6.6889132404346455E-5,7.252110783576635E-5,2.9415863873998529E-5],[7.252110783576635E-5,0.00015050954078013189,0.00014197355343434205,0.00018311549883584998,0.00014197355343434205,0.00015050954078013189,7.252110783576635E-5],[6.6889132404346441E-5,0.00014197355343434205,0.00016388973742493027,0.00018587073885570143,0.00016388973742493027,0.00014197355343434205,6.6889132404346441E-5],[8.9614707060447639E-5,0.00018311549883584998,0.00018587073885570143,0.00022912213207370482,0.00018587073885570143,0.00018311549883584998,8.9614707060447639E-5],[6.6889132404346455E-5,0.00014197355343434205,0.00016388973742493027,0.00018587073885570143,0.00016388973742493027,0.00014197355343434205,6.6889132404346441E-5],[7.252110783576635E-5,0.00015050954078013189,0.00014197355343434205,0.00018311549883584998,0.00014197355343434205,0.00015050954078013192,7.252110783576635E-5],[2.9415863873998529E-5,7.252110783576635E-5,6.6889132404346441E-5,8.9614707060447639E-5,6.6889132404346441E-5,7.252110783576635E-5,2.9415863873998525E-5]],[[6.207274409722276E-5,0.00012808587647925024,0.00011954158771127533,0.00015508058163938895,0.00011954158771127533,0.00012808587647925024,6.207274409722276E-5],[0.00012808587647925024,0.000231046031941107,0.00021992779473552644,0.00027537365151773547,0.00021992779473552644,0.000231046031941107,0.00012808587647925024],[0.00011954158771127533,0.00021992779473552644,0.00024913593119653562,0.0002784212788461443,0.00024913593119653562,0.00021992779473552644,0.00011954158771127533],[0.00015508058163938895,0.00027537365151773547,0.0002784212788461443,0.00033544980462848979,0.0002784212788461443,0.00027537365151773547,0.00015508058163938895],[0.00011954158771127533,0.00021992779473552644,0.00024913593119653562,0.0002784212788461443,0.00024913593119653556,0.00021992779473552641,0.00011954158771127533],[0.00012808587647925024,0.000231046031941107,0.00021992779473552644,0.00027537365151773547,0.00021992779473552641,0.00023104603194110698,0.00012808587647925021],[6.207274409722276E-5,0.00012808587647925024,0.00011954158771127533,0.00015508058163938895,0.00011954158771127533,0.00012808587647925021,6.2072744097222746E-5]],[[0.00010884025847808676,0.00019882435411423295,0.00018729167406928714,0.0002365633102152424,0.00018729167406928714,0.00019882435411423295,0.00010884025847808676],[0.00019882435411423295,0.000326256689828071,0.00031267892530228276,0.00038237371868609439,0.00031267892530228276,0.000326256689828071,0.00019882435411423295],[0.00018729167406928714,0.00031267892530228276,0.00034908138021575949,0.00038557315266212584,0.00034908138021575949,0.00031267892530228276,0.00018729167406928714],[0.0002365633102152424,0.00038237371868609439,0.00038557315266212584,0.00045606770401077854,0.00038557315266212584,0.00038237371868609439,0.0002365633102152424],[0.00018729167406928714,0.00031267892530228276,0.00034908138021575949,0.00038557315266212584,0.00034908138021575949,0.00031267892530228276,0.00018729167406928714],[0.00019882435411423295,0.000326256689828071,0.00031267892530228276,0.00038237371868609439,0.00031267892530228276,0.000326256689828071,0.00019882435411423292],[0.00010884025847808676,0.00019882435411423295,0.00018729167406928714,0.0002365633102152424,0.00018729167406928714,0.00019882435411423292,0.00010884025847808675]],[[0.00017012191464371818,0.0002844297128238729,0.00026992486045724663,0.00033337763768936896,0.00026992486045724663,0.0002844297128238729,0.00017012191464371818],[0.0002844297128238729,0.00043583635507644019,0.00041990877567020768,0.000503702143669876,0.00041990877567020768,0.00043583635507644019,0.0002844297128238729],[0.00026992486045724663,0.00041990877567020768,0.00046338603870649475,0.00050696444628427141,0.00046338603870649475,0.00041990877567020768,0.00026992486045724663],[0.00033337763768936896,0.000503702143669876,0.00050696444628427141,0.00059062124643485142,0.00050696444628427141,0.000503702143669876,0.00033337763768936896],[0.00026992486045724663,0.00041990877567020768,0.00046338603870649475,0.00050696444628427141,0.00046338603870649475,0.00041990877567020768,0.00026992486045724663],[0.0002844297128238729,0.00043583635507644019,0.00041990877567020768,0.000503702143669876,0.00041990877567020768,0.00043583635507644014,0.00028442971282387284],[0.00017012191464371818,0.0002844297128238729,0.00026992486045724663,0.00033337763768936896,0.00026992486045724663,0.00028442971282387284,0.00017012191464371818]],[[0.00024600096307104117,0.00038459604869649049,0.00036717976603355552,0.00044497091847143068,0.00036717976603355552,0.00038459604869649049,0.00024600096307104117],[0.00038459604869649049,0.0005594803011974279,0.000541299443229894,0.00063898324663598266,0.000541299443229894,0.0005594803011974279,0.00038459604869649049],[0.00036717976603355552,0.000541299443229894,0.00059171948889998429,0.0006422522347163071,0.00059171948889998429,0.000541299443229894,0.00036717976603355552],[0.00044497091847143068,0.00063898324663598266,0.0006422522347163071,0.0007387746772844504,0.0006422522347163071,0.00063898324663598266,0.00044497091847143068],[0.00036717976603355552,0.000541299443229894,0.00059171948889998429,0.0006422522347163071,0.00059171948889998429,0.000541299443229894,0.00036717976603355552],[0.00038459604869649049,0.0005594803011974279,0.000541299443229894,0.00063898324663598266,0.000541299443229894,0.0005594803011974279,0.00038459604869649043],[0.00024600096307104117,0.00038459604869649049,0.00036717976603355552,0.00044497091847143068,0.00036717976603355552,0.00038459604869649043,0.00024600096307104117]],[[0.00033638533147272478,0.00049901859695193162,0.00047877027974631444,0.00057087753234764287,0.00047877027974631444,0.00049901859695193162,0.00033638533147272478],[0.00049901859695193162,0.00069688593623013786,0.00067653648789621794,0.00078786847544576148,0.00067653648789621794,0.00069688593623013786,0.00049901859695193162],[0.00047877027974631444,0.00067653648789621794,0.000733760648839376,0.00079110880173970566,0.000733760648839376,0.00067653648789621794,0.00047877027974631444],[0.00057087753234764287,0.00078786847544576148,0.00079110880173970566,0.000900207286336535,0.00079110880173970555,0.00078786847544576137,0.00057087753234764287],[0.00047877027974631444,0.00067653648789621794,0.000733760648839376,0.00079110880173970555,0.00073376064883937586,0.00067653648789621783,0.00047877027974631438],[0.00049901859695193162,0.00069688593623013786,0.00067653648789621794,0.00078786847544576137,0.00067653648789621783,0.00069688593623013775,0.00049901859695193152],[0.00033638533147272478,0.00049901859695193162,0.00047877027974631444,0.00057087753234764287,0.00047877027974631438,0.00049901859695193152,0.00033638533147272473]],[[0.00044108742408877874,0.00062739450658621252,0.000604398757241965,0.00071069001048394643,0.000604398757241965,0.00062739450658621252,0.00044108742408877874],[0.00062739450658621252,0.00084775406858269154,0.00082531069152128153,0.00095002940921997357,0.00082531069152128153,0.00084775406858269143,0.00062739450658621252],[0.000604398757241965,0.00082531069152128153,0.00088919734201602888,0.000953219019714103,0.00088919734201602888,0.00082531069152128153,0.000604398757241965],[0.00071069001048394643,0.00095002940921997357,0.000953219019714103,0.0010746107858145369,0.0009532190197141029,0.00095002940921997357,0.00071069001048394654],[0.000604398757241965,0.00082531069152128153,0.00088919734201602888,0.0009532190197141029,0.00088919734201602877,0.00082531069152128142,0.000604398757241965],[0.00062739450658621252,0.00084775406858269143,0.00082531069152128153,0.00095002940921997357,0.00082531069152128142,0.00084775406858269133,0.00062739450658621241],[0.00044108742408877874,0.00062739450658621252,0.000604398757241965,0.00071069001048394654,0.000604398757241965,0.00062739450658621241,0.00044108742408877869]],[[0.00055986830901002984,0.00076942374593258922,0.000743763831790238,0.00086404066806876887,0.000743763831790238,0.00076942374593258922,0.00055986830901002984],[0.00076942374593258922,0.0010117898193975937,0.00098731897586635023,0.0011251531657235656,0.00098731897586635023,0.0010117898193975937,0.00076942374593258922],[0.000743763831790238,0.00098731897586635023,0.001057725837486501,0.0011282785118416235,0.001057725837486501,0.00098731897586635023,0.000743763831790238],[0.00086404066806876887,0.0011251531657235656,0.0011282785118416235,0.0012616874728537963,0.0011282785118416235,0.0011251531657235656,0.000864040668068769],[0.000743763831790238,0.00098731897586635023,0.001057725837486501,0.0011282785118416235,0.0010577258374865007,0.00098731897586635,0.000743763831790238],[0.00076942374593258922,0.0010117898193975937,0.00098731897586635023,0.0011251531657235656,0.00098731897586635,0.0010117898193975935,0.00076942374593258912],[0.00055986830901002984,0.00076942374593258922,0.000743763831790238,0.000864040668068769,0.000743763831790238,0.00076942374593258912,0.00055986830901002974]],[[0.00069246236486942355,0.00092480994001723719,0.00089656498427070387,0.001030589860660002,0.00089656498427070387,0.00092480994001723719,0.00069246236486942355],[0.00092480994001723719,0.0011887032582259972,0.0011622648329406302,0.001312939354940885,0.0011622648329406302,0.0011887032582259972,0.00092480994001723719],[0.00089656498427070387,0.0011622648329406302,0.0012390504112398521,0.0013159923445917154,0.0012390504112398521,0.0011622648329406302,0.00089656498427070387],[0.001030589860660002,0.001312939354940885,0.0013159923445917154,0.0014611489234711908,0.0013159923445917154,0.001312939354940885,0.0010305898606600022],[0.00089656498427070387,0.0011622648329406302,0.0012390504112398521,0.0013159923445917154,0.0012390504112398521,0.0011622648329406302,0.00089656498427070387],[0.00092480994001723719,0.0011887032582259972,0.0011622648329406302,0.001312939354940885,0.0011622648329406302,0.0011887032582259972,0.00092480994001723708],[0.00069246236486942355,0.00092480994001723719,0.00089656498427070387,0.0010305898606600022,0.00089656498427070387,0.00092480994001723708,0.00069246236486942344]],[[0.00083859115032548879,0.0010932610623756469,0.0010625051704613395,0.0012100184285456495,0.0010625051704613395,0.0010932610623756469,0.00083859115032548879],[0.0010932610623756469,0.0013782098275292465,0.0013498584768832681,0.0015130980316780587,0.0013498584768832681,0.0013782098275292465,0.0010932610623756469],[0.0010625051704613395,0.0013498584768832681,0.0014328829487748023,0.0015160740810110705,0.0014328829487748023,0.0013498584768832681,0.0010625051704613395],[0.0012100184285456495,0.0015130980316780587,0.0015160740810110705,0.0016727150483275104,0.0015160740810110705,0.0015130980316780587,0.0012100184285456495],[0.0010625051704613395,0.0013498584768832681,0.0014328829487748023,0.0015160740810110705,0.0014328829487748023,0.0013498584768832681,0.0010625051704613393],[0.0010932610623756469,0.0013782098275292465,0.0013498584768832681,0.0015130980316780587,0.0013498584768832681,0.0013782098275292465,0.0010932610623756466],[0.00083859115032548879,0.0010932610623756469,0.0010625051704613395,0.0012100184285456495,0.0010625051704613393,0.0010932610623756466,0.00083859115032548857]],[[0.000997971287753313,0.0012744899653515873,0.0012412922894010591,0.0014020227976282321,0.0012412922894010591,0.0012744899653515873,0.000997971287753313],[0.0012744899653515873,0.00158003060909679,0.0015498168401235784,0.0017253482968236197,0.0015498168401235784,0.00158003060909679,0.0012744899653515873],[0.0012412922894010591,0.0015498168401235784,0.0016389425932492683,0.0017282450808998682,0.0016389425932492683,0.0015498168401235784,0.0012412922894010591],[0.0014020227976282321,0.0017253482968236197,0.0017282450808998682,0.0018961133959506337,0.0017282450808998682,0.0017253482968236195,0.0014020227976282319],[0.0012412922894010591,0.0015498168401235784,0.0016389425932492683,0.0017282450808998682,0.0016389425932492683,0.0015498168401235782,0.0012412922894010588],[0.0012744899653515873,0.00158003060909679,0.0015498168401235784,0.0017253482968236195,0.0015498168401235782,0.0015800306090967898,0.001274489965351587],[0.000997971287753313,0.0012744899653515873,0.0012412922894010591,0.0014020227976282319,0.0012412922894010588,0.001274489965351587,0.00099797128775331277]],[[0.0011703189913975201,0.0014682147611513085,0.0014326399645998582,0.0016063117713788037,0.0014326399645998582,0.0014682147611513085,0.0011703189913975201],[0.0014682147611513085,0.0017938924739734127,0.0017618634851461635,0.0019494173220413163,0.0017618634851461635,0.0017938924739734127,0.0014682147611513085],[0.0014326399645998582,0.0017618634851461635,0.001856955436320761,0.0019522339707608403,0.001856955436320761,0.0017618634851461635,0.0014326399645998582],[0.0016063117713788037,0.0019494173220413163,0.0019522339707608403,0.0021310786261022922,0.0019522339707608403,0.0019494173220413163,0.0016063117713788035],[0.0014326399645998582,0.0017618634851461635,0.001856955436320761,0.0019522339707608403,0.001856955436320761,0.0017618634851461635,0.0014326399645998582],[0.0014682147611513085,0.0017938924739734127,0.0017618634851461635,0.0019494173220413163,0.0017618634851461635,0.0017938924739734127,0.0014682147611513082],[0.0011703189913975201,0.0014682147611513085,0.0014326399645998582,0.0016063117713788035,0.0014326399645998582,0.0014682147611513082,0.00117031899139752]],[[0.0013553526921496538,0.0016741590766581305,0.0016362679210602776,0.0018226044035158555,0.0016362679210602776,0.0016741590766581305,0.0013553526921496538],[0.0016741590766581305,0.0020195281477199795,0.0019857284727978208,0.002185039652520343,0.0019857284727978208,0.0020195281477199795,0.0016741590766581305],[0.0016362679210602776,0.0019857284727978208,0.0020866542459862555,0.0021877762312003165,0.0020866542459862555,0.0019857284727978208,0.0016362679210602776],[0.0018226044035158555,0.002185039652520343,0.0021877762312003165,0.0023773521008086992,0.0021877762312003161,0.0021850396525203426,0.0018226044035158555],[0.0016362679210602776,0.0019857284727978208,0.0020866542459862555,0.0021877762312003161,0.0020866542459862555,0.0019857284727978208,0.0016362679210602776],[0.0016741590766581305,0.0020195281477199795,0.0019857284727978208,0.0021850396525203426,0.0019857284727978208,0.0020195281477199791,0.0016741590766581303],[0.0013553526921496538,0.0016741590766581305,0.0016362679210602776,0.0018226044035158555,0.0016362679210602776,0.0016741590766581303,0.0013553526921496536]],[[0.001552794566991846,0.001892052206961917,0.0018519021270966035,0.0020506285643758595,0.0018519021270966035,0.001892052206961917,0.001552794566991846],[0.001892052206961917,0.0022566762149344877,0.002221148210241798,0.0024319566935447523,0.002221148210241798,0.0022566762149344877,0.001892052206961917],[0.0018519021270966035,0.002221148210241798,0.0023277782251552126,0.0024346138661430951,0.0023277782251552126,0.002221148210241798,0.0018519021270966035],[0.0020506285643758595,0.0024319566935447523,0.0024346138661430951,0.0026346815573049412,0.0024346138661430951,0.0024319566935447523,0.0020506285643758595],[0.0018519021270966035,0.002221148210241798,0.0023277782251552126,0.0024346138661430951,0.0023277782251552126,0.002221148210241798,0.0018519021270966035],[0.001892052206961917,0.0022566762149344877,0.002221148210241798,0.0024319566935447523,0.002221148210241798,0.0022566762149344873,0.0018920522069619165],[0.001552794566991846,0.001892052206961917,0.0018519021270966035,0.0020506285643758595,0.0018519021270966035,0.0018920522069619165,0.0015527945669918458]],[[0.0017623714274074952,0.00212162919050168,0.0020792748013370352,0.0022901199547366337,0.0020792748013370352,0.00212162919050168,0.0017623714274074952],[0.00212162919050168,0.0025050810807810625,0.00246786529130042,0.0026899163195172938,0.00246786529130042,0.0025050810807810625,0.00212162919050168],[0.0020792748013370352,0.00246786529130042,0.0025800727951449964,0.0026924951294992235,0.0025800727951449964,0.00246786529130042,0.0020792748013370352],[0.0022901199547366337,0.0026899163195172938,0.0026924951294992235,0.0029028208384532083,0.0026924951294992235,0.0026899163195172934,0.0022901199547366337],[0.0020792748013370352,0.00246786529130042,0.0025800727951449964,0.0026924951294992235,0.0025800727951449959,0.0024678652913004196,0.0020792748013370352],[0.00212162919050168,0.0025050810807810625,0.00246786529130042,0.0026899163195172934,0.0024678652913004196,0.0025050810807810621,0.002121629190501679],[0.0017623714274074952,0.00212162919050168,0.0020792748013370352,0.0022901199547366337,0.0020792748013370352,0.002121629190501679,0.0017623714274074948]],[[0.0019838152255615281,0.0023626308251717952,0.0023181243441501975,0.0025408214098711079,0.0023181243441501975,0.0023626308251717952,0.0019838152255615281],[0.0023626308251717952,0.002764492902546409,0.0027256283359737904,0.0029586725652886738,0.0027256283359737904,0.002764492902546409,0.0023626308251717952],[0.0023181243441501975,0.0027256283359737904,0.0028432893991344626,0.0029611742925672994,0.0028432893991344626,0.0027256283359737904,0.0023181243441501975],[0.0025408214098711079,0.0029586725652886738,0.0029611742925672994,0.0031815296638655574,0.0029611742925672994,0.0029586725652886738,0.0025408214098711079],[0.0023181243441501975,0.0027256283359737904,0.0028432893991344626,0.0029611742925672994,0.0028432893991344622,0.00272562833597379,0.0023181243441501975],[0.0023626308251717952,0.002764492902546409,0.0027256283359737904,0.0029586725652886738,0.00272562833597379,0.0027644929025464086,0.0023626308251717947],[0.0019838152255615281,0.0023626308251717952,0.0023181243441501975,0.0025408214098711079,0.0023181243441501975,0.0023626308251717947,0.0019838152255615277]],[[0.0022168633280715238,0.0026148036409655144,0.0025681952281631877,0.0028024823930614582,0.0025681952281631877,0.0026148036409655144,0.0022168633280715238],[0.0026148036409655144,0.0030346675006881988,0.00299419183255682,0.0032379853733935744,0.00299419183255682,0.0030346675006881988,0.0026148036409655144],[0.0025681952281631877,0.00299419183255682,0.0031171853215305385,0.0032404114406624062,0.0031171853215305385,0.00299419183255682,0.0025681952281631877],[0.0028024823930614582,0.0032379853733935744,0.0032404114406624062,0.0034705734301826432,0.0032404114406624062,0.0032379853733935744,0.0028024823930614582],[0.0025681952281631877,0.00299419183255682,0.0031171853215305385,0.0032404114406624062,0.0031171853215305385,0.00299419183255682,0.0025681952281631877],[0.0026148036409655144,0.0030346675006881988,0.00299419183255682,0.0032379853733935744,0.00299419183255682,0.0030346675006881984,0.0026148036409655139],[0.0022168633280715238,0.0026148036409655144,0.0025681952281631877,0.0028024823930614582,0.0025681952281631877,0.0026148036409655139,0.0022168633280715234]],[[0.0024612586457480523,0.0028778998412869708,0.0028292378679379906,0.0030748586137193694,0.0028292378679379906,0.0028778998412869708,0.0024612586457480523],[0.0028778998412869708,0.0033153662561983049,0.0032733159839141469,0.0035276203797428803,0.0032733159839141469,0.0033153662561983049,0.0028778998412869708],[0.0028292378679379906,0.0032733159839141469,0.0034015235200464959,0.0035299722910072293,0.0034015235200464959,0.0032733159839141469,0.0028292378679379906],[0.0030748586137193694,0.0035276203797428803,0.0035299722910072293,0.0037697230325225944,0.0035299722910072293,0.0035276203797428803,0.0030748586137193694],[0.0028292378679379906,0.0032733159839141469,0.0034015235200464959,0.0035299722910072293,0.0034015235200464959,0.0032733159839141469,0.0028292378679379906],[0.0028778998412869708,0.0033153662561983049,0.0032733159839141469,0.0035276203797428803,0.0032733159839141469,0.0033153662561983045,0.0028778998412869704],[0.0024612586457480523,0.0028778998412869708,0.0028292378679379906,0.0030748586137193694,0.0028292378679379906,0.0028778998412869704,0.0024612586457480523]],[[0.0027167496725405507,0.003151677222164518,0.0031010084802507651,0.0033577117281895635,0.0031010084802507651,0.003151677222164518,0.0027167496725405507],[0.003151677222164518,0.003606355999162945,0.0035627665584730579,0.003827348726171706,0.0035627665584730579,0.003606355999162945,0.003151677222164518],[0.0031010084802507651,0.0035627665584730579,0.0036960724680063519,0.0038296280263555751,0.0036960724680063519,0.0035627665584730579,0.0031010084802507651],[0.0033577117281895635,0.003827348726171706,0.0038296280263555751,0.00407875470155301,0.0038296280263555751,0.0038273487261717056,0.0033577117281895635],[0.0031010084802507651,0.0035627665584730579,0.0036960724680063519,0.0038296280263555751,0.0036960724680063519,0.0035627665584730579,0.0031010084802507651],[0.003151677222164518,0.003606355999162945,0.0035627665584730579,0.0038273487261717056,0.0035627665584730579,0.003606355999162945,0.003151677222164518],[0.0027167496725405507,0.003151677222164518,0.0031010084802507651,0.0033577117281895635,0.0031010084802507651,0.003151677222164518,0.0027167496725405507]],[[0.0029830904664710639,0.0034358990762651353,0.0033832689413672394,0.0036508090960049007,0.0033832689413672394,0.0034358990762651353,0.0029830904664710639],[0.0034358990762651353,0.0039074088919833789,0.0038623147459806374,0.004136946892081007,0.0038623147459806374,0.0039074088919833789,0.0034358990762651353],[0.0033832689413672394,0.0038623147459806374,0.004000606004965818,0.0041391551404833813,0.004000606004965818,0.0038623147459806374,0.0033832689413672394],[0.0036508090960049007,0.004136946892081007,0.0041391551404833813,0.004397449852310999,0.0041391551404833813,0.004136946892081007,0.0036508090960049007],[0.0033832689413672394,0.0038623147459806374,0.004000606004965818,0.0041391551404833813,0.004000606004965818,0.0038623147459806374,0.0033832689413672394],[0.0034358990762651353,0.0039074088919833789,0.0038623147459806374,0.004136946892081007,0.0038623147459806374,0.0039074088919833789,0.0034358990762651353],[0.0029830904664710639,0.0034358990762651353,0.0033832689413672394,0.0036508090960049007,0.0033832689413672394,0.0034358990762651353,0.0029830904664710639]],[[0.0032600405931936059,0.0037303340867935152,0.0036757866447752253,0.0039539235738140542,0.0036757866447752253,0.0037303340867935152,0.0032600405931936059],[0.0037303340867935152,0.004218302309694482,0.0041717370178276994,0.004456196539942856,0.0041717370178276994,0.004218302309694482,0.0037303340867935152],[0.0036757866447752253,0.0041717370178276994,0.00431490319419181,0.0044583352928290456,0.00431490319419181,0.0041717370178276994,0.0036757866447752253],[0.0039539235738140542,0.004456196539942856,0.0044583352928290456,0.0047255949420464361,0.0044583352928290456,0.004456196539942856,0.0039539235738140542],[0.0036757866447752253,0.0041717370178276994,0.00431490319419181,0.0044583352928290456,0.00431490319419181,0.0041717370178276994,0.0036757866447752253],[0.0037303340867935152,0.004218302309694482,0.0041717370178276994,0.004456196539942856,0.0041717370178276994,0.004218302309694482,0.0037303340867935152],[0.0032600405931936059,0.0037303340867935152,0.0036757866447752253,0.0039539235738140542,0.0036757866447752253,0.0037303340867935152,0.0032600405931936059]],[[0.0035473650454385347,0.0040347562149710657,0.0039783343611578034,0.0042668333353047538,0.0039783343611578034,0.0040347562149710657,0.0035473650454385347],[0.0040347562149710657,0.0045388187190764841,0.00449081499164216,0.0047848843711147566,0.00449081499164216,0.0045388187190764841,0.0040347562149710657],[0.0039783343611578034,0.00449081499164216,0.0046387481858873219,0.00478695517035416,0.0046387481858873219,0.00449081499164216,0.0039783343611578034],[0.0042668333353047538,0.0047848843711147566,0.00478695517035416,0.0050629813351554045,0.00478695517035416,0.0047848843711147566,0.0042668333353047538],[0.0039783343611578034,0.00449081499164216,0.0046387481858873219,0.00478695517035416,0.004638748185887321,0.0044908149916421591,0.0039783343611578034],[0.0040347562149710657,0.0045388187190764841,0.00449081499164216,0.0047848843711147566,0.0044908149916421591,0.0045388187190764833,0.0040347562149710648],[0.0035473650454385347,0.0040347562149710657,0.0039783343611578034,0.0042668333353047538,0.0039783343611578034,0.0040347562149710648,0.0035473650454385347]],[[0.0038448341470177154,0.004348944583749942,0.0042906901014410134,0.0045893217094030055,0.0042906901014410134,0.004348944583749942,0.0038448341470177154],[0.004348944583749942,0.0048687455577222545,0.0048193352998264138,0.0051228019895208183,0.0048193352998264138,0.0048687455577222545,0.004348944583749942],[0.0042906901014410134,0.0048193352998264138,0.0049719300853059015,0.0051248063552389086,0.0049719300853059015,0.0048193352998264138,0.0042906901014410134],[0.0045893217094030055,0.0051228019895208183,0.0051248063552389086,0.0054094051738151714,0.0051248063552389086,0.0051228019895208183,0.0045893217094030055],[0.0042906901014410134,0.0048193352998264138,0.0049719300853059015,0.0051248063552389086,0.0049719300853059015,0.0048193352998264138,0.0042906901014410134],[0.004348944583749942,0.0048687455577222545,0.0048193352998264138,0.0051228019895208183,0.0048193352998264138,0.0048687455577222545,0.0043489445837499412],[0.0038448341470177154,0.004348944583749942,0.0042906901014410134,0.0045893217094030055,0.0042906901014410134,0.0043489445837499412,0.0038448341470177154]],[[0.0041522234471492777,0.0046726833596434257,0.0046126369832293476,0.0049211770316065166,0.0046126369832293476,0.0046726833596434257,0.0041522234471492777],[0.0046726833596434257,0.0052078751138400978,0.005157089461721328,0.0054697457715009142,0.005157089461721328,0.0052078751138400978,0.0046726833596434257],[0.0046126369832293476,0.005157089461721328,0.0053142428250921511,0.0054716851974023119,0.0053142428250921511,0.005157089461721328,0.0046126369832293476],[0.0049211770316065166,0.0054697457715009142,0.0054716851974023119,0.0057646672533086668,0.0054716851974023119,0.0054697457715009142,0.0049211770316065166],[0.0046126369832293476,0.005157089461721328,0.0053142428250921511,0.0054716851974023119,0.0053142428250921511,0.005157089461721328,0.0046126369832293476],[0.0046726833596434257,0.0052078751138400978,0.005157089461721328,0.0054697457715009142,0.005157089461721328,0.0052078751138400969,0.0046726833596434248],[0.0041522234471492777,0.0046726833596434257,0.0046126369832293476,0.0049211770316065166,0.0046126369832293476,0.0046726833596434248,0.0041522234471492768]],[[0.004469313608963358,0.005005761633986674,0.0049439631006628322,0.0052621925049920115,0.0049439631006628322,0.005005761633986674,0.004469313608963358],[0.005005761633986674,0.0055560044072982618,0.0055038737590995916,0.0058255167406236971,0.0055038737590995916,0.0055560044072982618,0.005005761633986674],[0.0049439631006628322,0.0055038737590995916,0.0056654850413234894,0.0058273926910953379,0.0056654850413234894,0.0055038737590995916,0.0049439631006628322],[0.0052621925049920115,0.0058255167406236971,0.0058273926910953379,0.0061285729012842145,0.0058273926910953379,0.0058255167406236971,0.0052621925049920115],[0.0049439631006628322,0.0055038737590995916,0.0056654850413234894,0.0058273926910953379,0.0056654850413234894,0.0055038737590995916,0.0049439631006628322],[0.005005761633986674,0.0055560044072982618,0.0055038737590995916,0.0058255167406236971,0.0055038737590995916,0.0055560044072982609,0.0050057616339866731],[0.004469313608963358,0.005005761633986674,0.0049439631006628322,0.0052621925049920115,0.0049439631006628322,0.0050057616339866731,0.0044693136089633571]],[[0.004795890294792709,0.0053479733045230455,0.0052844613975839361,0.0056121660685426612,0.0052844613975839361,0.0053479733045230455,0.004795890294792709],[0.0053479733045230455,0.0059129350722181215,0.0058594891147121016,0.0061899204465898075,0.0058594891147121016,0.0059129350722181215,0.0053479733045230455],[0.0052844613975839361,0.0058594891147121016,0.0060254599528266556,0.0061917343549900607,0.0060254599528266556,0.0058594891147121016,0.0052844613975839361],[0.0056121660685426612,0.0061899204465898075,0.0061917343549900607,0.0065009318603708273,0.0061917343549900607,0.0061899204465898075,0.0056121660685426612],[0.0052844613975839361,0.0058594891147121016,0.0060254599528266556,0.0061917343549900607,0.0060254599528266556,0.0058594891147121016,0.0052844613975839361],[0.0053479733045230455,0.0059129350722181215,0.0058594891147121016,0.0061899204465898075,0.0058594891147121016,0.0059129350722181215,0.0053479733045230446],[0.004795890294792709,0.0053479733045230455,0.0052844613975839361,0.0056121660685426612,0.0052844613975839361,0.0053479733045230446,0.0047958902947927082]],[[0.0051317440500032062,0.0056991169579136865,0.0056339295438347248,0.0059709002711670822,0.0056339295438347248,0.0056991169579136865,0.0051317440500032062],[0.0056991169579136865,0.00627847324128396,0.0062237409736327675,0.0065627668475736357,0.0062237409736327675,0.00627847324128396,0.0056991169579136865],[0.0056339295438347248,0.0062237409736327675,0.0063939752434140342,0.00656452011530986,0.0063939752434140342,0.0062237409736327675,0.0056339295438347248],[0.0059709002711670822,0.0065627668475736357,0.00656452011530986,0.00688155817369062,0.00656452011530986,0.0065627668475736357,0.0059709002711670822],[0.0056339295438347248,0.0062237409736327675,0.0063939752434140342,0.00656452011530986,0.0063939752434140342,0.0062237409736327675,0.0056339295438347248],[0.0056991169579136865,0.00627847324128396,0.0062237409736327675,0.0065627668475736357,0.0062237409736327675,0.00627847324128396,0.0056991169579136856],[0.0051317440500032062,0.0056991169579136865,0.0056339295438347248,0.0059709002711670822,0.0056339295438347248,0.0056991169579136856,0.0051317440500032053]],[[0.0054766701865391317,0.0060589957535416078,0.0059921698144744327,0.0063382021502606722,0.0059921698144744327,0.0060589957535416078,0.0054766701865391317],[0.0060589957535416078,0.006652429431829446,0.0065964391871599195,0.0069438701954961856,0.0065964391871599195,0.006652429431829446,0.0060589957535416078],[0.0059921698144744327,0.0065964391871599195,0.0067708429467303044,0.006945564191623294,0.0067708429467303044,0.0065964391871599195,0.0059921698144744327],[0.0063382021502606722,0.0069438701954961856,0.006945564191623294,0.0072702700728862115,0.006945564191623294,0.0069438701954961848,0.0063382021502606722],[0.0059921698144744327,0.0065964391871599195,0.0067708429467303044,0.006945564191623294,0.0067708429467303044,0.0065964391871599195,0.0059921698144744327],[0.0060589957535416078,0.006652429431829446,0.0065964391871599195,0.0069438701954961848,0.0065964391871599195,0.0066524294318294451,0.0060589957535416069],[0.0054766701865391317,0.0060589957535416078,0.0059921698144744327,0.0063382021502606722,0.0059921698144744327,0.0060589957535416069,0.0054766701865391308]],[[0.0058304686669542125,0.006427417308826032,0.0063589889716960894,0.0067138831139748559,0.0063589889716960894,0.006427417308826032,0.0058304686669542125],[0.006427417308826032,0.0070346184336871212,0.0069773978990431487,0.0073330489238176508,0.0069773978990431487,0.0070346184336871212,0.006427417308826032],[0.0063589889716960894,0.0069773978990431487,0.0071558793334314261,0.0073346849849771157,0.0071558793334314261,0.0069773978990431487,0.0063589889716960894],[0.0067138831139748559,0.0073330489238176508,0.0073346849849771157,0.0076668898683324611,0.0073346849849771157,0.0073330489238176508,0.0067138831139748559],[0.0063589889716960894,0.0069773978990431487,0.0071558793334314261,0.0073346849849771157,0.0071558793334314261,0.0069773978990431479,0.0063589889716960894],[0.006427417308826032,0.0070346184336871212,0.0069773978990431487,0.0073330489238176508,0.0069773978990431479,0.00703461843368712,0.0064274173088260311],[0.0058304686669542125,0.006427417308826032,0.0063589889716960894,0.0067138831139748559,0.0063589889716960894,0.0064274173088260311,0.0058304686669542116]],[[0.0061929439894171648,0.0068041935861385518,0.00673419814921519,0.0070977588265644506,0.00673419814921519,0.0068041935861385518,0.0061929439894171648],[0.0068041935861385518,0.0074248591987229034,0.0073664354338040432,0.007730125537494136,0.0073664354338040423,0.0074248591987229025,0.0068041935861385518],[0.00673419814921519,0.0073664354338040432,0.0075489048004313041,0.0077317049680704717,0.0075489048004313041,0.0073664354338040423,0.00673419814921519],[0.0070977588265644506,0.007730125537494136,0.0077317049680704717,0.0080712438412267745,0.0077317049680704717,0.0077301255374941352,0.0070977588265644506],[0.00673419814921519,0.0073664354338040423,0.0075489048004313041,0.0077317049680704717,0.0075489048004313041,0.0073664354338040423,0.0067341981492151891],[0.0068041935861385518,0.0074248591987229025,0.0073664354338040423,0.0077301255374941352,0.0073664354338040423,0.0074248591987229016,0.0068041935861385509],[0.0061929439894171648,0.0068041935861385518,0.00673419814921519,0.0070977588265644506,0.0067341981492151891,0.0068041935861385509,0.0061929439894171639]],[[0.0065639050739801945,0.007189140781329738,0.007117612738903897,0.0074896490963189764,0.007117612738903897,0.007189140781329738,0.0065639050739801945],[0.007189140781329738,0.0078229747319349431,0.0077633741869203724,0.0081349265047797534,0.0077633741869203724,0.0078229747319349431,0.007189140781329738],[0.007117612738903897,0.0077633741869203724,0.0079497437619609167,0.0081364505771903683,0.0079497437619609167,0.0077633741869203724,0.007117612738903897],[0.0074896490963189764,0.0081349265047797534,0.0081364505771903683,0.0084831621372678766,0.0081364505771903683,0.0081349265047797534,0.0074896490963189764],[0.007117612738903897,0.0077633741869203724,0.0079497437619609167,0.0081364505771903683,0.0079497437619609149,0.0077633741869203724,0.007117612738903897],[0.007189140781329738,0.0078229747319349431,0.0077633741869203724,0.0081349265047797534,0.0077633741869203724,0.0078229747319349431,0.0071891407813297371],[0.0065639050739801945,0.007189140781329738,0.007117612738903897,0.0074896490963189764,0.007117612738903897,0.0071891407813297371,0.0065639050739801936]],[[0.0069431651502519917,0.0075820792137988539,0.0075090522794381076,0.0078893777656630464,0.0075090522794381076,0.0075820792137988539,0.0069431651502519917],[0.0075820792137988539,0.0082287919839492372,0.0081680405166307535,0.0085472821505661409,0.0081680405166307535,0.0082287919839492372,0.0075820792137988539],[0.0075090522794381076,0.0081680405166307535,0.0083582245421773681,0.0085487521056263061,0.0083582245421773681,0.0081680405166307535,0.0075090522794381076],[0.0078893777656630464,0.0085472821505661409,0.0085487521056263061,0.00890247866162908,0.0085487521056263061,0.0085472821505661409,0.0078893777656630464],[0.0075090522794381076,0.0081680405166307535,0.0083582245421773681,0.0085487521056263061,0.0083582245421773681,0.0081680405166307535,0.0075090522794381076],[0.0075820792137988539,0.0082287919839492372,0.0081680405166307535,0.0085472821505661409,0.0081680405166307535,0.0082287919839492372,0.0075820792137988539],[0.0069431651502519917,0.0075820792137988539,0.0075090522794381076,0.0078893777656630464,0.0075090522794381076,0.0075820792137988539,0.0069431651502519908]],[[0.0073305416465129043,0.0079828332179921711,0.0079083403467176822,0.0082967726030637682,0.0079083403467176822,0.0079828332179921711,0.0073305416465129043],[0.0079828332179921711,0.00864214174471273,0.00858026463710593,0.0089670265509547726,0.00858026463710593,0.00864214174471273,0.0079828332179921711],[0.0079083403467176822,0.00858026463710593,0.0087741792690521885,0.0089684435982765164,0.0087741792690521885,0.00858026463710593,0.0079083403467176822],[0.0082967726030637682,0.0089670265509547726,0.0089684435982765164,0.0093290309749228528,0.0089684435982765164,0.0089670265509547726,0.0082967726030637682],[0.0079083403467176822,0.00858026463710593,0.0087741792690521885,0.0089684435982765164,0.0087741792690521885,0.00858026463710593,0.0079083403467176822],[0.0079828332179921711,0.00864214174471273,0.00858026463710593,0.0089670265509547726,0.00858026463710593,0.00864214174471273,0.0079828332179921711],[0.0073305416465129043,0.0079828332179921711,0.0079083403467176822,0.0082967726030637682,0.0079083403467176822,0.0079828332179921711,0.0073305416465129034]],[[0.00772585608022342,0.0083912310361612934,0.008315304445808764,0.0087116651964023271,0.008315304445808764,0.0083912310361612934,0.00772585608022342],[0.0083912310361612934,0.00906285853814321,0.0089998805127107836,0.00939399742874337,0.0089998805127107836,0.00906285853814321,0.0083912310361612934],[0.008315304445808764,0.0089998805127107836,0.00919744376924733,0.009395362747138673,0.00919744376924733,0.0089998805127107836,0.008315304445808764],[0.0087116651964023271,0.00939399742874337,0.009395362747138673,0.0097626601898314225,0.009395362747138673,0.00939399742874337,0.0087116651964023271],[0.008315304445808764,0.0089998805127107836,0.00919744376924733,0.009395362747138673,0.00919744376924733,0.0089998805127107836,0.008315304445808764],[0.0083912310361612934,0.00906285853814321,0.0089998805127107836,0.00939399742874337,0.0089998805127107836,0.00906285853814321,0.0083912310361612934],[0.00772585608022342,0.0083912310361612934,0.008315304445808764,0.0087116651964023271,0.008315304445808764,0.0083912310361612934,0.00772585608022342]],[[0.0081289339498180433,0.0088071047121725272,0.0087297759041430074,0.0091338908474743845,0.0087297759041430074,0.0088071047121725272,0.0081289339498180433],[0.0088071047121725272,0.0094907805174593313,0.0094267257530574952,0.0098280360494872321,0.0094267257530574952,0.0094907805174593313,0.0088071047121725272],[0.0087297759041430074,0.0094267257530574952,0.009627857463663363,0.0098293507873535319,0.009627857463663363,0.0094267257530574952,0.0087297759041430074],[0.0091338908474743845,0.0098280360494872321,0.0098293507873535319,0.010203210868049309,0.0098293507