{"M_cells":[[[0.0045,0.0045,0.0045,0.0045,0.0045,0.0045,0.0045],[0.0045,0.0045,0.0045,0.0045,0.0045,0.0045,0.0045],[0.0045,0.0045,0.0045,0.0045,0.0045,0.0045,0.0045],[0.0045,0.0045,0.0045,0.0045,0.0045,0.0045,0.0045],[0.0045,0.0045,0.0045,0.0045,0.0045,0.0045,0.0045],[0.0045,0.0045,0.0045,0.0045,0.0045,0.0045,0.0045],[0.0045,0.0045,0.0045,0.0045,0.0045,0.0045,0.0045]],[[0.0045005670303066144,0.0045032747587352229,0.00450291355246068,0.0045042622495680574,0.00450291355246068,0.0045032747587352229,0.0045005670303066144],[0.0045032747587352229,0.0045139427950156678,0.0045127452160990114,0.0045180099524013157,0.0045127452160990114,0.0045139427950156678,0.0045032747587352229],[0.00450291355246068,0.0045127452160990114,0.0045156462437321125,0.0045185630793457355,0.0045156462437321125,0.0045127452160990114,0.00450291355246068],[0.0045042622495680574,0.0045180099524013157,0.0045185630793457355,0.0045244914448245559,0.0045185630793457355,0.0045180099524013157,0.0045042622495680574],[0.00450291355246068,0.0045127452160990114,0.0045156462437321125,0.0045185630793457355,0.0045156462437321125,0.0045127452160990114,0.00450291355246068],[0.0045032747587352229,0.0045139427950156678,0.0045127452160990114,0.0045180099524013157,0.0045127452160990114,0.0045139427950156678,0.0045032747587352229],[0.0045005670303066144,0.0045032747587352229,0.00450291355246068,0.0045042622495680574,0.00450291355246068,0.0045032747587352229,0.0045005670303066144]],[[0.0045039772098612076,0.0045130778154608255,0.0045118779712863544,0.0045165534763593586,0.0045118779712863544,0.0045130778154608255,0.0045039772098612076],[0.0045130778154608255,0.0045343310833486925,0.0045319746117598635,0.00454287426321727,0.0045319746117598635,0.0045343310833486925,0.0045130778154608255],[0.0045118779712863544,0.0045319746117598635,0.0045378679827282851,0.0045437825716338346,0.0045378679827282851,0.0045319746117598635,0.0045118779712863544],[0.0045165534763593586,0.00454287426321727,0.0045437825716338346,0.0045555829687651738,0.0045437825716338346,0.00454287426321727,0.0045165534763593586],[0.0045118779712863544,0.0045319746117598635,0.0045378679827282851,0.0045437825716338346,0.0045378679827282851,0.0045319746117598635,0.0045118779712863544],[0.0045130778154608255,0.0045343310833486925,0.0045319746117598635,0.00454287426321727,0.0045319746117598635,0.0045343310833486925,0.0045130778154608255],[0.0045039772098612076,0.0045130778154608255,0.0045118779712863544,0.0045165534763593586,0.0045118779712863544,0.0045130778154608255,0.0045039772098612076]],[[0.0045118785441531179,0.0045293509880444125,0.00452706786438246,0.0045362769945021314,0.00452706786438246,0.0045293509880444125,0.0045118785441531179],[0.0045293509880444125,0.0045611002769642061,0.0045576244319179239,0.0045743646767111281,0.0045576244319179239,0.0045611002769642061,0.0045293509880444125],[0.00452706786438246,0.0045576244319179239,0.0045665442299251116,0.0045754905934753121,0.0045665442299251116,0.0045576244319179239,0.00452706786438246],[0.0045362769945021314,0.0045743646767111281,0.0045754905934753121,0.0045930986808521042,0.0045754905934753121,0.0045743646767111281,0.0045362769945021314],[0.00452706786438246,0.0045576244319179239,0.0045665442299251116,0.0045754905934753121,0.0045665442299251116,0.0045576244319179239,0.00452706786438246],[0.0045293509880444125,0.0045611002769642061,0.0045576244319179239,0.0045743646767111281,0.0045576244319179239,0.0045611002769642061,0.0045293509880444125],[0.0045118785441531179,0.0045293509880444125,0.00452706786438246,0.0045362769945021314,0.00452706786438246,0.0045293509880444125,0.0045118785441531179]],[[0.0045251504841412439,0.0045520403618626868,0.00454855925903004,0.0045630294196973729,0.00454855925903004,0.0045520403618626868,0.0045251504841412439],[0.0045520403618626868,0.0045941994588682335,0.0045896449571372708,0.0046123315709207385,0.0045896449571372708,0.0045941994588682335,0.0045520403618626868],[0.00454855925903004,0.0045896449571372708,0.0046016005264181217,0.00461358794723124,0.0046016005264181217,0.0045896449571372708,0.00454855925903004],[0.0045630294196973729,0.0046123315709207385,0.00461358794723124,0.0046369402763776794,0.00461358794723124,0.0046123315709207385,0.0045630294196973729],[0.00454855925903004,0.0045896449571372708,0.0046016005264181217,0.00461358794723124,0.0046016005264181217,0.0045896449571372708,0.00454855925903004],[0.0045520403618626868,0.0045941994588682335,0.0045896449571372708,0.0046123315709207385,0.0045896449571372708,0.0045941994588682335,0.0045520403618626868],[0.0045251504841412439,0.0045520403618626868,0.00454855925903004,0.0045630294196973729,0.00454855925903004,0.0045520403618626868,0.0045251504841412439]],[[0.0045442515410987839,0.0045810923975424358,0.004576369257973438,0.0045965295789880548,0.004576369257973438,0.0045810923975424358,0.0045442515410987839],[0.0045810923975424358,0.0046335738856631446,0.0046279783867623015,0.0046566545112036711,0.0046279783867623015,0.0046335738856631446,0.0045810923975424358],[0.004576369257973438,0.0046279783867623015,0.0046429636580992964,0.0046579860066026926,0.0046429636580992964,0.0046279783867623015,0.004576369257973438],[0.0045965295789880548,0.0046566545112036711,0.0046579860066026926,0.0046870200506211592,0.0046579860066026926,0.0046566545112036711,0.0045965295789880548],[0.004576369257973438,0.0046279783867623015,0.0046429636580992964,0.0046579860066026926,0.0046429636580992964,0.0046279783867623015,0.004576369257973438],[0.0045810923975424358,0.0046335738856631446,0.0046279783867623015,0.0046566545112036711,0.0046279783867623015,0.0046335738856631446,0.0045810923975424358],[0.0045442515410987839,0.0045810923975424358,0.004576369257973438,0.0045965295789880548,0.004576369257973438,0.0045810923975424358,0.0045442515410987839]],[[0.0045694089198639615,0.0046164523202109845,0.0046104800160581211,0.0046365738928702081,0.0046104800160581211,0.0046164523202109845,0.0045694089198639615],[0.0046164523202109845,0.0046791661043908209,0.0046725627121902485,0.0047072322476298268,0.0046725627121902485,0.0046791661043908209,0.0046164523202109845],[0.0046104800160581211,0.0046725627121902485,0.0046905620556608289,0.0047086036430162379,0.0046905620556608289,0.0046725627121902485,0.0046104800160581211],[0.0046365738928702081,0.0047072322476298268,0.0047086036430162379,0.0047432578102228583,0.0047086036430162379,0.0047072322476298268,0.0046365738928702081],[0.0046104800160581211,0.0046725627121902485,0.0046905620556608289,0.0047086036430162379,0.0046905620556608289,0.0046725627121902485,0.0046104800160581211],[0.0046164523202109845,0.0046791661043908209,0.0046725627121902485,0.0047072322476298268,0.0046725627121902485,0.0046791661043908209,0.0046164523202109845],[0.0045694089198639615,0.0046164523202109845,0.0046104800160581211,0.0046365738928702081,0.0046104800160581211,0.0046164523202109845,0.0045694089198639615]],[[0.0046007221878298895,0.0046580636875667193,0.0046508532178974769,0.0046830083274131762,0.0046508532178974769,0.0046580636875667193,0.0046007221878298895],[0.0046580636875667193,0.0047309168608384933,0.0047233339858469871,0.0047639763070595892,0.0047233339858469871,0.0047309168608384933,0.0046580636875667193],[0.0046508532178974769,0.0047233339858469871,0.0047443258912639842,0.0047653651498124668,0.0047443258912639842,0.0047233339858469871,0.0046508532178974769],[0.0046830083274131762,0.0047639763070595892,0.0047653651498124668,0.0048055787867300175,0.0047653651498124668,0.0047639763070595892,0.0046830083274131762],[0.0046508532178974769,0.0047233339858469871,0.0047443258912639842,0.0047653651498124668,0.0047443258912639842,0.0047233339858469871,0.0046508532178974769],[0.0046580636875667193,0.0047309168608384933,0.0047233339858469871,0.0047639763070595892,0.0047233339858469871,0.0047309168608384933,0.0046580636875667193],[0.0046007221878298895,0.0046580636875667193,0.0046508532178974769,0.0046830083274131762,0.0046508532178974769,0.0046580636875667193,0.0046007221878298895]],[[0.0046382201288876533,0.0047058685127157026,0.004697438791708473,0.0047357107147986723,0.004697438791708473,0.0047058685127157026,0.0046382201288876533],[0.0047058685127157026,0.0047887658105866173,0.0047802276347419462,0.0048268068697362157,0.0047802276347419462,0.0047887658105866173,0.0047058685127157026],[0.004697438791708473,0.0047802276347419462,0.004804187030672178,0.0048281988328798152,0.004804187030672178,0.0047802276347419462,0.004697438791708473],[0.0047357107147986723,0.0048268068697362157,0.0048281988328798152,0.0048739122197786842,0.0048281988328798152,0.0048268068697362157,0.0047357107147986723],[0.004697438791708473,0.0047802276347419462,0.004804187030672178,0.0048281988328798152,0.004804187030672178,0.0047802276347419462,0.004697438791708473],[0.0047058685127157026,0.0047887658105866173,0.0047802276347419462,0.0048268068697362157,0.0047802276347419462,0.0047887658105866173,0.0047058685127157026],[0.0046382201288876533,0.0047058685127157026,0.004697438791708473,0.0047357107147986723,0.004697438791708473,0.0047058685127157026,0.0046382201288876533]],[[0.0046818920646000571,0.0047598076090711317,0.0047501801328729224,0.0047945795756380973,0.0047501801328729224,0.0047598076090711317,0.0046818920646000571],[0.0047598076090711317,0.0048526520604936559,0.004843179208367185,0.0048956501027606937,0.004843179208367185,0.0048526520604936559,0.0047598076090711317],[0.0047501801328729224,0.004843179208367185,0.0048700789260260422,0.0048970360482785405,0.0048700789260260422,0.004843179208367185,0.0047501801328729224],[0.0047945795756380973,0.0048956501027606937,0.0048970360482785405,0.0049481903895864246,0.0048970360482785405,0.0048956501027606937,0.0047945795756380973],[0.0047501801328729224,0.004843179208367185,0.0048700789260260422,0.0048970360482785405,0.0048700789260260422,0.004843179208367185,0.0047501801328729224],[0.0047598076090711317,0.0048526520604936559,0.004843179208367185,0.0048956501027606937,0.004843179208367185,0.0048526520604936559,0.0047598076090711317],[0.0046818920646000571,0.0047598076090711317,0.0047501801328729224,0.0047945795756380973,0.0047501801328729224,0.0047598076090711317,0.0046818920646000571]],[[0.0047317052166129967,0.0048198209884838042,0.0048090172190796993,0.0048595270280023788,0.0048090172190796993,0.0048198209884838042,0.0047317052166129967],[0.0048198209884838042,0.0049225145721918861,0.0049121247941539513,0.0049704364260836961,0.0049121247941539513,0.0049225145721918861,0.0048198209884838042],[0.0048090172190796993,0.0049121247941539513,0.0049419364929003031,0.0049718105408957094,0.0049419364929003031,0.0049121247941539513,0.0048090172190796993],[0.0048595270280023788,0.0049704364260836961,0.0049718105408957094,0.0050283479521554247,0.0049718105408957094,0.0049704364260836961,0.0048595270280023788],[0.0048090172190796993,0.0049121247941539513,0.0049419364929003031,0.0049718105408957094,0.0049419364929003031,0.0049121247941539513,0.0048090172190796993],[0.0048198209884838042,0.0049225145721918861,0.0049121247941539513,0.0049704364260836961,0.0049121247941539513,0.0049225145721918861,0.0048198209884838042],[0.0047317052166129967,0.0048198209884838042,0.0048090172190796993,0.0048595270280023788,0.0048090172190796993,0.0048198209884838042,0.0047317052166129967]],[[0.0047876144104372579,0.0048858482338272136,0.0048738884554740082,0.0049304742718102668,0.0048738884554740082,0.0048858482338272136,0.0047876144104372579],[0.0048858482338272136,0.0049982924571936038,0.0049870012393690363,0.0050510993777288576,0.0049870012393690363,0.0049982924571936038,0.0048858482338272136],[0.0048738884554740082,0.0049870012393690363,0.0050196959923495517,0.0050524579866492543,0.0050196959923495517,0.0049870012393690363,0.0048738884554740082],[0.0049304742718102668,0.0050510993777288576,0.0050524579866492543,0.005114321479232577,0.0050524579866492543,0.0050510993777288576,0.0049304742718102668],[0.0048738884554740082,0.0049870012393690363,0.0050196959923495517,0.0050524579866492543,0.0050196959923495517,0.0049870012393690363,0.0048738884554740082],[0.0048858482338272136,0.0049982924571936038,0.0049870012393690363,0.0050510993777288576,0.0049870012393690363,0.0049982924571936038,0.0048858482338272136],[0.0047876144104372579,0.0048858482338272136,0.0048738884554740082,0.0049304742718102668,0.0048738884554740082,0.0048858482338272136,0.0047876144104372579]],[[0.00484956755566671,0.0049578288151398931,0.0049447317574914254,0.0050073487007360751,0.0049447317574914254,0.0049578288151398931,0.00484956755566671],[0.0049578288151398931,0.0050799251889432611,0.0050677462616849044,0.005137574865688512,0.0050677462616849044,0.0050799251889432611,0.0049578288151398931],[0.0049447317574914254,0.0050677462616849044,0.0051032949263798118,0.005138915672873676,0.0051032949263798118,0.0050677462616849044,0.0049447317574914254],[0.0050073487007360751,0.005137574865688512,0.005138915672873676,0.0052060491373134782,0.005138915672873676,0.005137574865688512,0.0050073487007360751],[0.0049447317574914254,0.0050677462616849044,0.0051032949263798118,0.005138915672873676,0.0051032949263798118,0.0050677462616849044,0.0049447317574914254],[0.0049578288151398931,0.0050799251889432611,0.0050677462616849044,0.005137574865688512,0.0050677462616849044,0.0050799251889432611,0.0049578288151398931],[0.00484956755566671,0.0049578288151398931,0.0049447317574914254,0.0050073487007360751,0.0049447317574914254,0.0049578288151398931,0.00484956755566671]],[[0.0049175087805263364,0.0050357023426061565,0.0050214851780439234,0.0050900820458057308,0.0050214851780439234,0.0050357023426061565,0.0049175087805263364],[0.0050357023426061565,0.00516735275238388,0.0051542984967655452,0.0052298006704326891,0.0051542984967655452,0.00516735275238388,0.0050357023426061565],[0.0050214851780439234,0.0051542984967655452,0.00519267194901492,0.0052311222728798424,0.00519267194901492,0.0051542984967655452,0.0050214851780439234],[0.0050900820458057308,0.0052298006704326891,0.0052311222728798424,0.00530347046143045,0.0052311222728798424,0.0052298006704326891,0.0050900820458057308],[0.0050214851780439234,0.0051542984967655452,0.00519267194901492,0.0052311222728798424,0.00519267194901492,0.0051542984967655452,0.0050214851780439234],[0.0050357023426061565,0.00516735275238388,0.0051542984967655452,0.0052298006704326891,0.0051542984967655452,0.00516735275238388,0.0050357023426061565],[0.0049175087805263364,0.0050357023426061565,0.0050214851780439234,0.0050900820458057308,0.0050214851780439234,0.0050357023426061565,0.0049175087805263364]],[[0.00499138025144805,0.0051194087608474872,0.0051040872637777134,0.00517860917516696,0.0051040872637777134,0.0051194087608474872,0.00499138025144805],[0.0051194087608474872,0.0052605157471796622,0.0052465975110336655,0.005327716110606515,0.0052465975110336655,0.0052605157471796622,0.0051194087608474872],[0.0051040872637777134,0.0052465975110336655,0.0052877667921723227,0.005329017684951024,0.0052877667921723227,0.0052465975110336655,0.0051040872637777134],[0.00517860917516696,0.005327716110606515,0.005329017684951024,0.00540652619380305,0.005329017684951024,0.005327716110606515,0.00517860917516696],[0.0051040872637777134,0.0052465975110336655,0.0052877667921723227,0.005329017684951024,0.0052877667921723227,0.0052465975110336655,0.0051040872637777134],[0.0051194087608474872,0.0052605157471796622,0.0052465975110336655,0.005327716110606515,0.0052465975110336655,0.0052605157471796622,0.0051194087608474872],[0.00499138025144805,0.0051194087608474872,0.0051040872637777134,0.00517860917516696,0.0051040872637777134,0.0051194087608474872,0.00499138025144805]],[[0.00507112324659498,0.0052088884932957194,0.0051924772512926647,0.00527286731270879,0.0051924772512926647,0.0052088884932957194,0.00507112324659498],[0.0052088884932957194,0.00535935545696291,0.0053445837958408238,0.005431261815513521,0.0053445837958408238,0.00535935545696291,0.0052088884932957194],[0.0051924772512926647,0.0053445837958408238,0.00538852020437518,0.0054325429156067088,0.00538852020437518,0.0053445837958408238,0.0051924772512926647],[0.00527286731270879,0.005431261815513521,0.0054325429156067088,0.0055151581670497439,0.0054325429156067088,0.005431261815513521,0.00527286731270879],[0.0051924772512926647,0.0053445837958408238,0.00538852020437518,0.0054325429156067088,0.00538852020437518,0.0053445837958408238,0.0051924772512926647],[0.0052088884932957194,0.00535935545696291,0.0053445837958408238,0.005431261815513521,0.0053445837958408238,0.00535935545696291,0.0052088884932957194],[0.00507112324659498,0.0052088884932957194,0.0051924772512926647,0.00527286731270879,0.0051924772512926647,0.0052088884932957194,0.00507112324659498]],[[0.0051566787998129108,0.0053040825462570256,0.0052865951696172047,0.005372795525086088,0.0052865951696172047,0.0053040825462570256,0.0051566787998129108],[0.0053040825462570256,0.005463813893917595,0.0054481987522407337,0.0055403795678420223,0.0054481987522407337,0.005463813893917595,0.0053040825462570256],[0.0052865951696172047,0.0054481987522407337,0.0054948739000371168,0.0055416399934066964,0.0054948739000371168,0.0054481987522407337,0.0052865951696172047],[0.005372795525086088,0.0055403795678420223,0.0055416399934066964,0.0056293092181375374,0.0055416399934066964,0.0055403795678420223,0.005372795525086088],[0.0052865951696172047,0.0054481987522407337,0.0054948739000371168,0.0055416399934066964,0.0054948739000371168,0.0054481987522407337,0.0052865951696172047],[0.0053040825462570256,0.005463813893917595,0.0054481987522407337,0.0055403795678420223,0.0054481987522407337,0.005463813893917595,0.0053040825462570256],[0.0051566787998129108,0.0053040825462570256,0.0052865951696172047,0.005372795525086088,0.0052865951696172047,0.0053040825462570256,0.0051566787998129108]],[[0.005247988092882014,0.0054049325815205586,0.0053863818883771071,0.0054783343814687867,0.0053863818883771071,0.0054049325815205586,0.005247988092882014],[0.0054049325815205586,0.0055738338256158216,0.0055573846714764138,0.0056550121928551295,0.0055573846714764138,0.0055738338256158216,0.0054049325815205586],[0.0053863818883771071,0.0055573846714764138,0.005606770517187722,0.0056562519039211534,0.005606770517187722,0.0055573846714764138,0.0053863818883771071],[0.0054783343814687867,0.0056550121928551295,0.0056562519039211534,0.0057489231236269034,0.0056562519039211534,0.0056550121928551295,0.0054783343814687867],[0.0053863818883771071,0.0055573846714764138,0.005606770517187722,0.0056562519039211534,0.005606770517187722,0.0055573846714764138,0.0053863818883771071],[0.0054049325815205586,0.0055738338256158216,0.0055573846714764138,0.0056550121928551295,0.0055573846714764138,0.0055738338256158216,0.0054049325815205586],[0.005247988092882014,0.0054049325815205586,0.0053863818883771071,0.0054783343814687867,0.0053863818883771071,0.0054049325815205586,0.005247988092882014]],[[0.0053449926973560173,0.005511380965021225,0.0054917791349756656,0.0055894257249512608,0.0054917791349756656,0.005511380965021225,0.0053449926973560173],[0.005511380965021225,0.0056893587891933255,0.00567208471393776,0.0057751034785007895,0.00567208471393776,0.0056893587891933255,0.005511380965021225],[0.0054917791349756656,0.00567208471393776,0.0057241535818059212,0.0057763225394446387,0.0057241535818059212,0.00567208471393776,0.0054917791349756656],[0.0055894257249512608,0.0057751034785007895,0.0057763225394446387,0.0058739445497414649,0.0057763225394446387,0.0057751034785007895,0.0055894257249512608],[0.0054917791349756656,0.00567208471393776,0.0057241535818059212,0.0057763225394446387,0.0057241535818059212,0.00567208471393776,0.0054917791349756656],[0.005511380965021225,0.0056893587891933255,0.00567208471393776,0.0057751034785007895,0.00567208471393776,0.0056893587891933255,0.005511380965021225],[0.0053449926973560173,0.005511380965021225,0.0054917791349756656,0.0055894257249512608,0.0054917791349756656,0.005511380965021225,0.0053449926973560173]],[[0.0054476347246060694,0.00562337079761014,0.0056027294944647563,0.0057060125165027866,0.0056027294944647563,0.00562337079761014,0.0054476347246060694],[0.00562337079761014,0.0058103330965669532,0.0057922428880076088,0.0059005981162319372,0.0057922428880076088,0.0058103330965669532,0.00562337079761014],[0.0056027294944647563,0.0057922428880076088,0.0058469674772622122,0.0059017966590382432,0.0058469674772622122,0.0057922428880076088,0.0056027294944647563],[0.0057060125165027866,0.0059005981162319372,0.0059017966590382432,0.0060043190128124474,0.0059017966590382432,0.0059005981162319372,0.0057060125165027866],[0.0056027294944647563,0.0057922428880076088,0.0058469674772622122,0.0059017966590382432,0.0058469674772622122,0.0057922428880076088,0.0056027294944647563],[0.00562337079761014,0.0058103330965669532,0.0057922428880076088,0.0059005981162319372,0.0057922428880076088,0.0058103330965669532,0.00562337079761014],[0.0054476347246060694,0.00562337079761014,0.0056027294944647563,0.0057060125165027866,0.0056027294944647563,0.00562337079761014,0.0054476347246060694]],[[0.0055558569186307831,0.0057408459326628485,0.0057191764000530994,0.0058280387262998447,0.0057191764000530994,0.0057408459326628485,0.0055558569186307831],[0.0057408459326628485,0.0059367018333742064,0.0059178040294721726,0.0060314416557994219,0.0059178040294721726,0.0059367018333742064,0.0057408459326628485],[0.0057191764000530994,0.0059178040294721726,0.0059751574176853091,0.0060326198558552663,0.0059751574176853091,0.0059178040294721726,0.0057191764000530994],[0.0058280387262998447,0.0060314416557994219,0.0060326198558552663,0.0061399928470297141,0.0060326198558552663,0.0060314416557994219,0.0058280387262998447],[0.0057191764000530994,0.0059178040294721726,0.0059751574176853091,0.0060326198558552663,0.0059751574176853091,0.0059178040294721726,0.0057191764000530994],[0.0057408459326628485,0.0059367018333742064,0.0059178040294721726,0.0060314416557994219,0.0059178040294721726,0.0059367018333742064,0.0057408459326628485],[0.0055558569186307831,0.0057408459326628485,0.0057191764000530994,0.0058280387262998447,0.0057191764000530994,0.0057408459326628485,0.0055558569186307831]],[[0.0056696027124499256,0.0058637509841328135,0.0058410641188106974,0.0059554492561917517,0.0058410641188106974,0.0058637509841328135,0.0056696027124499256],[0.0058637509841328135,0.0060684108535604547,0.0060487137817709377,0.0061675804695497946,0.0060487137817709377,0.0060684108535604547,0.0058637509841328135],[0.0058410641188106974,0.0060487137817709377,0.0061086694243375631,0.0061687385296443692,0.0061086694243375631,0.0060487137817709377,0.0058410641188106974],[0.0059554492561917517,0.0061675804695497946,0.0061687385296443692,0.0062809131773768458,0.0061687385296443692,0.0061675804695497946,0.0059554492561917517],[0.0058410641188106974,0.0060487137817709377,0.0061086694243375631,0.0061687385296443692,0.0061086694243375631,0.0060487137817709377,0.0058410641188106974],[0.0058637509841328135,0.0060684108535604547,0.0060487137817709377,0.0061675804695497946,0.0060487137817709377,0.0060684108535604547,0.0058637509841328135],[0.0056696027124499256,0.0058637509841328135,0.0058410641188106974,0.0059554492561917517,0.0058410641188106974,0.0058637509841328135,0.0056696027124499256]],[[0.0057888162609023869,0.0059920313277558026,0.0059683377351367854,0.0060881898827560045,0.0059683377351367854,0.0059920313277558026,0.0057888162609023869],[0.0059920313277558026,0.0062054067709885821,0.0061849185771513148,0.0063089617232473588,0.0061849185771513148,0.0062054067709885821,0.0059920313277558026],[0.0059683377351367854,0.0061849185771513148,0.0062474503042997181,0.0063100998629661313,0.0062474503042997181,0.0061849185771513148,0.0059683377351367854],[0.0060881898827560045,0.0063089617232473588,0.0063100998629661313,0.0064270278962752407,0.0063100998629661313,0.0063089617232473588,0.0060881898827560045],[0.0059683377351367854,0.0061849185771513148,0.0062474503042997181,0.0063100998629661313,0.0062474503042997181,0.0061849185771513148,0.0059683377351367854],[0.0059920313277558026,0.0062054067709885821,0.0061849185771513148,0.0063089617232473588,0.0061849185771513148,0.0062054067709885821,0.0059920313277558026],[0.0057888162609023869,0.0059920313277558026,0.0059683377351367854,0.0060881898827560045,0.0059683377351367854,0.0059920313277558026,0.0057888162609023869]],[[0.0059134424579236232,0.0061256330974058986,0.0061009431334014316,0.006226207214073346,0.0061009431334014316,0.0061256330974058986,0.0059134424579236232],[0.0061256330974058986,0.0063476369490468249,0.0063263656186929411,0.0064555333514225415,0.0063263656186929411,0.0063476369490468249,0.0061256330974058986],[0.0061009431334014316,0.0063263656186929411,0.0063914476309368824,0.0064566518001019672,0.0063914476309368824,0.0063263656186929411,0.0061009431334014316],[0.006226207214073346,0.0064555333514225415,0.0064566518001019672,0.00657828564290871,0.0064566518001019672,0.0064555333514225415,0.006226207214073346],[0.0061009431334014316,0.0063263656186929411,0.0063914476309368824,0.0064566518001019672,0.0063914476309368824,0.0063263656186929411,0.0061009431334014316],[0.0061256330974058986,0.0063476369490468249,0.0063263656186929411,0.0064555333514225415,0.0063263656186929411,0.0063476369490468249,0.0061256330974058986],[0.0059134424579236232,0.0061256330974058986,0.0061009431334014316,0.006226207214073346,0.0061009431334014316,0.0061256330974058986,0.0059134424579236232]],[[0.0060434269434982008,0.0062645031780684717,0.0062388269805091143,0.0063694486557193813,0.0062388269805091143,0.0062645031780684717,0.0060434269434982008],[0.0062645031780684717,0.0064950494889440937,0.006473002863124795,0.00660724403589844,0.006473002863124795,0.0064950494889440937,0.0062645031780684717],[0.0062388269805091143,0.006473002863124795,0.0065406097257495665,0.0066083430279401216,0.0065406097257495665,0.006473002863124795,0.0062388269805091143],[0.0063694486557193813,0.00660724403589844,0.0066083430279401216,0.0067346357845082137,0.0066083430279401216,0.00660724403589844,0.0063694486557193813],[0.0062388269805091143,0.006473002863124795,0.0065406097257495665,0.0066083430279401216,0.0065406097257495665,0.006473002863124795,0.0062388269805091143],[0.0062645031780684717,0.0064950494889440937,0.006473002863124795,0.00660724403589844,0.006473002863124795,0.0064950494889440937,0.0062645031780684717],[0.0060434269434982008,0.0062645031780684717,0.0062388269805091143,0.0063694486557193813,0.0062388269805091143,0.0062645031780684717,0.0060434269434982008]],[[0.0061787161036949874,0.0064085891964881852,0.0063819367087537557,0.0065178623830079952,0.0063819367087537557,0.0064085891964881852,0.0061787161036949874],[0.0064085891964881852,0.006647593217172806,0.0066247790043433329,0.0067640431865781383,0.0066247790043433329,0.006647593217172806,0.0064085891964881852],[0.0063819367087537557,0.0066247790043433329,0.0066948856413104442,0.006765122958331855,0.0066948856413104442,0.0066247790043433329,0.0063819367087537557],[0.0065178623830079952,0.0067640431865781383,0.006765122958331855,0.0068960283990863727,0.006765122958331855,0.0067640431865781383,0.0065178623830079952],[0.0063819367087537557,0.0066247790043433329,0.0066948856413104442,0.006765122958331855,0.0066948856413104442,0.0066247790043433329,0.0063819367087537557],[0.0064085891964881852,0.006647593217172806,0.0066247790043433329,0.0067640431865781383,0.0066247790043433329,0.006647593217172806,0.0064085891964881852],[0.0061787161036949874,0.0064085891964881852,0.0063819367087537557,0.0065178623830079952,0.0063819367087537557,0.0064085891964881852,0.0061787161036949874]],[[0.0063192570660550564,0.0065578395102522486,0.0065302204991282229,0.0066713973175205905,0.0065302204991282229,0.0065578395102522486,0.0063192570660550564],[0.0065578395102522486,0.0068052176724716805,0.0067816434575416968,0.0069258809238635626,0.0067816434575416968,0.0068052176724716805,0.0065578395102522486],[0.0065302204991282229,0.0067816434575416968,0.0068542251450613607,0.0069269417115568888,0.0068542251450613607,0.0067816434575416968,0.0065302204991282229],[0.0066713973175205905,0.0069258809238635626,0.0069269417115568888,0.0070624142592583,0.0069269417115568888,0.0069258809238635626,0.0066713973175205905],[0.0065302204991282229,0.0067816434575416968,0.0068542251450613607,0.0069269417115568888,0.0068542251450613607,0.0067816434575416968,0.0065302204991282229],[0.0065578395102522486,0.0068052176724716805,0.0067816434575416968,0.0069258809238635626,0.0067816434575416968,0.0068052176724716805,0.0065578395102522486],[0.0063192570660550564,0.0065578395102522486,0.0065302204991282229,0.0066713973175205905,0.0065302204991282229,0.0065578395102522486,0.0063192570660550564]],[[0.0064649976918645432,0.0067122031958496411,0.0066836272651361441,0.0068300031066083917,0.0066836272651361441,0.0067122031958496411,0.0064649976918645432],[0.0067122031958496411,0.00696787309251461,0.006943546343865392,0.0070927080622672422,0.006943546343865392,0.00696787309251461,0.0067122031958496411],[0.0066836272651361441,0.006943546343865392,0.0070185787037967493,0.0070937501006350786,0.0070185787037967493,0.006943546343865392,0.0066836272651361441],[0.0068300031066083917,0.0070927080622672422,0.0070937501006350786,0.0072337448168833546,0.0070937501006350786,0.0070927080622672422,0.0068300031066083917],[0.0066836272651361441,0.006943546343865392,0.0070185787037967493,0.0070937501006350786,0.0070185787037967493,0.006943546343865392,0.0066836272651361441],[0.0067122031958496411,0.00696787309251461,0.006943546343865392,0.0070927080622672422,0.006943546343865392,0.00696787309251461,0.0067122031958496411],[0.0064649976918645432,0.0067122031958496411,0.0066836272651361441,0.0068300031066083917,0.0066836272651361441,0.0067122031958496411,0.0064649976918645432]],[[0.0066158865663531168,0.00687163003608118,0.0068421066371003886,0.006993630104984311,0.0068421066371003886,0.00687163003608118,0.0066158865663531168],[0.00687163003608118,0.0071355104004727152,0.0071104384755185388,0.0072644760949073777,0.0071104384755185388,0.0071355104004727152,0.00687163003608118],[0.0068421066371003886,0.0071104384755185388,0.0071878974686984788,0.0072654996162902514,0.0071878974686984788,0.0071104384755185388,0.0068421066371003886],[0.006993630104984311,0.0072644760949073777,0.0072654996162902514,0.0074099721883315291,0.0072654996162902514,0.0072644760949073777,0.006993630104984311],[0.0068421066371003886,0.0071104384755185388,0.0071878974686984788,0.0072654996162902514,0.0071878974686984788,0.0071104384755185388,0.0068421066371003886],[0.00687163003608118,0.0071355104004727152,0.0071104384755185388,0.0072644760949073777,0.0071104384755185388,0.0071355104004727152,0.00687163003608118],[0.0066158865663531168,0.00687163003608118,0.0068421066371003886,0.006993630104984311,0.0068421066371003886,0.00687163003608118,0.0066158865663531168]],[[0.0067718729875315877,0.0070360705070817509,0.0070056089469268069,0.007162229357798376,0.0070056089469268069,0.0070360705070817509,0.0067718729875315877],[0.0070360705070817509,0.0073080811915411216,0.0072822713412478614,0.007441137178657394,0.0072822713412478614,0.0073080811915411216,0.0070360705070817509],[0.0070056089469268069,0.0072822713412478614,0.0073621332608095084,0.007442142412413871,0.0073621332608095084,0.0072822713412478614,0.0070056089469268069],[0.007162229357798376,0.007441137178657394,0.007442142412413871,0.0075910491402191305,0.007442142412413871,0.007441137178657394,0.007162229357798376],[0.0070056089469268069,0.0072822713412478614,0.0073621332608095084,0.007442142412413871,0.0073621332608095084,0.0072822713412478614,0.0070056089469268069],[0.0070360705070817509,0.0073080811915411216,0.0072822713412478614,0.007441137178657394,0.0072822713412478614,0.0073080811915411216,0.0070360705070817509],[0.0067718729875315877,0.0070360705070817509,0.0070056089469268069,0.007162229357798376,0.0070056089469268069,0.0070360705070817509,0.0067718729875315877]],[[0.00693290695414976,0.0072054757651258275,0.0071740852132727746,0.0073357525847810162,0.0071740852132727746,0.0072054757651258275,0.00693290695414976],[0.0072054757651258275,0.00748553771947896,0.0074589970921373951,0.0076226441197784307,0.0074589970921373951,0.00748553771947896,0.0072054757651258275],[0.0071740852132727746,0.0074589970921373951,0.0075412385568521638,0.0076236312919071266,0.0075412385568521638,0.0074589970921373951,0.0071740852132727746],[0.0073357525847810162,0.0076226441197784307,0.0076236312919071266,0.0077769290754887872,0.0076236312919071266,0.0076226441197784307,0.0073357525847810162],[0.0071740852132727746,0.0074589970921373951,0.0075412385568521638,0.0076236312919071266,0.0075412385568521638,0.0074589970921373951,0.0071740852132727746],[0.0072054757651258275,0.00748553771947896,0.0074589970921373951,0.0076226441197784307,0.0074589970921373951,0.00748553771947896,0.0072054757651258275],[0.00693290695414976,0.0072054757651258275,0.0071740852132727746,0.0073357525847810162,0.0071740852132727746,0.0072054757651258275,0.00693290695414976]],[[0.00709893915310619,0.0073797976333239744,0.00734748712706079,0.0075141521651503358,0.00734748712706079,0.0073797976333239744,0.00709893915310619],[0.0073797976333239744,0.0076678328831765947,0.0076405685276442628,0.0078089503598917972,0.0076405685276442628,0.0076678328831765947,0.0073797976333239744],[0.00734748712706079,0.0076405685276442628,0.00772516647530167,0.0078099196927923836,0.00772516647530167,0.0076405685276442628,0.00734748712706079],[0.0075141521651503358,0.0078089503598917972,0.0078099196927923836,0.0079675660197195651,0.0078099196927923836,0.0078089503598917972,0.0075141521651503358],[0.00734748712706079,0.0076405685276442628,0.00772516647530167,0.0078099196927923836,0.00772516647530167,0.0076405685276442628,0.00734748712706079],[0.0073797976333239744,0.0076678328831765947,0.0076405685276442628,0.0078089503598917972,0.0076405685276442628,0.0076678328831765947,0.0073797976333239744],[0.00709893915310619,0.0073797976333239744,0.00734748712706079,0.0075141521651503358,0.00734748712706079,0.0073797976333239744,0.00709893915310619]],[[0.0072699209465211662,0.0075589885882688425,0.0075257670372721845,0.0076973811230615667,0.0075257670372721845,0.0075589885882688416,0.0072699209465211653],[0.0075589885882688425,0.0078549202132362338,0.0078269390818028039,0.0080000099621670758,0.0078269390818028039,0.0078549202132362338,0.0075589885882688416],[0.0075257670372721845,0.0078269390818028039,0.0079138707626274715,0.0080009616744918088,0.0079138707626274715,0.0078269390818028039,0.0075257670372721845],[0.0076973811230615667,0.0080000099621670758,0.0080009616744918088,0.0081629146075580319,0.0080009616744918088,0.0080000099621670758,0.0076973811230615667],[0.0075257670372721845,0.0078269390818028039,0.0079138707626274715,0.0080009616744918088,0.00791387076262747,0.0078269390818028022,0.0075257670372721837],[0.0075589885882688416,0.0078549202132362338,0.0078269390818028039,0.0080000099621670758,0.0078269390818028022,0.0078549202132362321,0.0075589885882688416],[0.0072699209465211653,0.0075589885882688416,0.0075257670372721845,0.0076973811230615667,0.0075257670372721837,0.0075589885882688416,0.0072699209465211653]],[[0.0074458043586091678,0.0077430017466492669,0.0077088779369509572,0.0078853931134204233,0.0077088779369509572,0.0077430017466492661,0.007445804358609167],[0.0077430017466492669,0.00804675385852496,0.0080180628095149961,0.0081957775976042088,0.0080180628095149961,0.008046753858524958,0.0077430017466492661],[0.0077088779369509572,0.0080180628095149961,0.0081073057796077746,0.00819671190416607,0.0081073057796077746,0.0080180628095149961,0.0077088779369509572],[0.0078853931134204233,0.0081957775976042088,0.00819671190416607,0.008362930069153781,0.00819671190416607,0.0081957775976042088,0.0078853931134204233],[0.0077088779369509572,0.0080180628095149961,0.0081073057796077746,0.00819671190416607,0.0081073057796077746,0.0080180628095149961,0.0077088779369509563],[0.0077430017466492661,0.008046753858524958,0.0080180628095149961,0.0081957775976042088,0.0080180628095149961,0.00804675385852496,0.0077430017466492661],[0.007445804358609167,0.0077430017466492661,0.0077088779369509572,0.0078853931134204233,0.0077088779369509563,0.0077430017466492661,0.007445804358609167]],[[0.0076265420624244762,0.0079317908518169236,0.0078967734493374363,0.0080781424079045209,0.0078967734493374363,0.0079317908518169236,0.0076265420624244762],[0.0079317908518169236,0.0082432885726310984,0.0082138943728296641,0.0083962085312788964,0.0082138943728296641,0.0082432885726310984,0.0079317908518169236],[0.0078967734493374363,0.0082138943728296641,0.0083054264876081321,0.0083971256429921752,0.0083054264876081321,0.0082138943728296641,0.0078967734493374363],[0.0080781424079045209,0.0083962085312788964,0.0083971256429921752,0.0085675682164655671,0.0083971256429921752,0.0083962085312788964,0.0080781424079045209],[0.0078967734493374363,0.0082138943728296641,0.0083054264876081321,0.0083971256429921752,0.0083054264876081321,0.0082138943728296641,0.0078967734493374363],[0.0079317908518169236,0.0082432885726310984,0.0082138943728296641,0.0083962085312788964,0.0082138943728296641,0.0082432885726310984,0.0079317908518169236],[0.0076265420624244762,0.0079317908518169236,0.0078967734493374363,0.0080781424079045209,0.0078967734493374363,0.0079317908518169236,0.0076265420624244762]],[[0.0078120873665048357,0.0081253102602591269,0.0080894078140414521,0.008275583881046638,0.0080894078140414521,0.0081253102602591269,0.0078120873665048357],[0.0081253102602591269,0.0084444797001250859,0.0084143890270934711,0.0086012586084034826,0.0084143890270934711,0.0084444797001250859,0.0081253102602591269],[0.0080894078140414521,0.0084143890270934711,0.008508188434694584,0.0086021587322385931,0.008508188434694584,0.0084143890270934711,0.0080894078140414521],[0.008275583881046638,0.0086012586084034826,0.0086021587322385931,0.0087767854292787988,0.0086021587322385931,0.0086012586084034826,0.008275583881046638],[0.0080894078140414521,0.0084143890270934711,0.008508188434694584,0.0086021587322385931,0.008508188434694584,0.0084143890270934711,0.0080894078140414521],[0.0081253102602591269,0.0084444797001250859,0.0084143890270934711,0.0086012586084034826,0.0084143890270934711,0.0084444797001250859,0.0081253102602591269],[0.0078120873665048357,0.0081253102602591269,0.0080894078140414521,0.008275583881046638,0.0080894078140414521,0.0081253102602591269,0.0078120873665048357]],[[0.00800239420139898,0.0083235149278975615,0.0082867358731429832,0.0084776729962225458,0.0082867358731429832,0.0083235149278975615,0.00800239420139898],[0.0083235149278975615,0.0086502831624875511,0.00861950260682491,0.0088108842400222587,0.00861950260682491,0.0086502831624875511,0.0083235149278975615],[0.0082867358731429832,0.00861950260682491,0.0087155477414182763,0.00881176757896015,0.0087155477414182763,0.00861950260682491,0.0082867358731429832],[0.0084776729962225458,0.0088108842400222587,0.00881176757896015,0.0089905386407334916,0.00881176757896015,0.0088108842400222587,0.0084776729962225458],[0.0082867358731429832,0.00861950260682491,0.0087155477414182763,0.00881176757896015,0.0087155477414182763,0.00861950260682491,0.0082867358731429832],[0.0083235149278975615,0.0086502831624875511,0.00861950260682491,0.0088108842400222587,0.00861950260682491,0.0086502831624875511,0.0083235149278975615],[0.00800239420139898,0.0083235149278975615,0.0082867358731429832,0.0084776729962225458,0.0082867358731429832,0.0083235149278975615,0.00800239420139898]],[[0.00819741710602291,0.0085263603960937066,0.0084887130570822679,0.0086843657913634256,0.0084887130570822679,0.0085263603960937066,0.00819741710602291],[0.0085263603960937066,0.0088606554435187914,0.0088291915111204378,0.0090250423881130439,0.0088291915111204378,0.0088606554435187914,0.0085263603960937066],[0.0084887130570822679,0.0088291915111204378,0.0089274610860629652,0.0090259091410863166,0.0089274610860629652,0.0088291915111204378,0.0084887130570822679],[0.0086843657913634256,0.0090250423881130439,0.0090259091410863166,0.009208785322104996,0.0090259091410863166,0.0090250423881130439,0.0086843657913634256],[0.0084887130570822679,0.0088291915111204378,0.008927461086