{"M_cells":[[[0,0,0,0,0,0,0],[0,0,0,0,0,0,0],[0,0,0,0,0,0,0],[0,0,0,0,0,0,0],[0,0,0,0,0,0,0],[0,0,0,0,0,0,0],[0,0,0,0,0,0,0]],[[3.6979564151193698E-9,1.6302374018917312E-8,1.4635310613145117E-8,2.0994991018714641E-8,1.4635310613145117E-8,1.6302374018917312E-8,3.6979564151193698E-9],[1.6302374018917312E-8,4.6306401170703777E-8,4.2981315046921215E-8,5.8316380896061285E-8,4.2981315046921215E-8,4.6306401170703777E-8,1.6302374018917312E-8],[1.4635310613145117E-8,4.2981315046921215E-8,5.130871064564778E-8,5.9651821119827669E-8,5.130871064564778E-8,4.2981315046921215E-8,1.4635310613145117E-8],[2.0994991018714641E-8,5.8316380896061285E-8,5.9651821119827669E-8,7.6316087224829138E-8,5.9651821119827669E-8,5.8316380896061285E-8,2.0994991018714641E-8],[1.4635310613145117E-8,4.2981315046921215E-8,5.130871064564778E-8,5.9651821119827669E-8,5.130871064564778E-8,4.2981315046921215E-8,1.4635310613145117E-8],[1.6302374018917312E-8,4.6306401170703777E-8,4.2981315046921215E-8,5.8316380896061285E-8,4.2981315046921215E-8,4.6306401170703777E-8,1.6302374018917312E-8],[3.6979564151193698E-9,1.6302374018917312E-8,1.4635310613145117E-8,2.0994991018714641E-8,1.4635310613145117E-8,1.6302374018917312E-8,3.6979564151193698E-9]],[[1.3956607733215541E-8,3.4741270865635617E-8,3.2026608811692417E-8,4.3011912877306064E-8,3.2026608811692417E-8,3.4741270865635617E-8,1.3956607733215541E-8],[3.4741270865635617E-8,6.4812882973087207E-8,6.154927757856284E-8,7.7873988328224747E-8,6.154927757856284E-8,6.4812882973087207E-8,3.4741270865635617E-8],[3.2026608811692417E-8,6.154927757856284E-8,7.0125039505691147E-8,7.871647413151833E-8,7.0125039505691147E-8,6.1549277578562827E-8,3.2026608811692417E-8],[4.3011912877306064E-8,7.7873988328224747E-8,7.871647413151833E-8,9.5383888589420376E-8,7.871647413151833E-8,7.7873988328224734E-8,4.3011912877306064E-8],[3.2026608811692417E-8,6.154927757856284E-8,7.0125039505691147E-8,7.871647413151833E-8,7.0125039505691147E-8,6.1549277578562827E-8,3.2026608811692417E-8],[3.4741270865635617E-8,6.4812882973087207E-8,6.1549277578562827E-8,7.7873988328224734E-8,6.1549277578562827E-8,6.4812882973087207E-8,3.4741270865635617E-8],[1.3956607733215541E-8,3.4741270865635617E-8,3.2026608811692417E-8,4.3011912877306064E-8,3.2026608811692417E-8,3.4741270865635617E-8,1.3956607733215541E-8]],[[2.791695512961044E-8,5.32253351461301E-8,4.9969063256526389E-8,6.3842718501776965E-8,4.9969063256526389E-8,5.32253351461301E-8,2.791695512961044E-8],[5.32253351461301E-8,8.3378617998691571E-8,8.0194686799255971E-8,9.7145253585351838E-8,8.0194686799255971E-8,8.3378617998691571E-8,5.32253351461301E-8],[4.9969063256526389E-8,8.0194686799255971E-8,8.8927237965812959E-8,9.7675453347082161E-8,8.8927237965812959E-8,8.0194686799255971E-8,4.9969063256526389E-8],[6.3842718501776965E-8,9.7145253585351838E-8,9.7675453347082161E-8,1.1434392281641648E-7,9.7675453347082161E-8,9.7145253585351838E-8,6.3842718501776965E-8],[4.9969063256526389E-8,8.0194686799255971E-8,8.8927237965812959E-8,9.7675453347082161E-8,8.8927237965812959E-8,8.0194686799255971E-8,4.9969063256526389E-8],[5.32253351461301E-8,8.3378617998691571E-8,8.0194686799255971E-8,9.7145253585351838E-8,8.0194686799255971E-8,8.3378617998691571E-8,5.322533514613009E-8],[2.791695512961044E-8,5.32253351461301E-8,4.9969063256526389E-8,6.3842718501776965E-8,4.9969063256526389E-8,5.322533514613009E-8,2.791695512961044E-8]],[[4.3930628396879232E-8,7.1758752691095983E-8,6.8241234089639138E-8,8.3922066033577779E-8,6.8241234089639138E-8,7.1758752691095983E-8,4.3930628396879232E-8],[7.1758752691095983E-8,1.01992680379881E-7,9.8886838607548661E-8,1.1623551377712209E-7,9.8886838607548661E-8,1.01992680379881E-7,7.1758752691095983E-8],[6.8241234089639138E-8,9.8886838607548661E-8,1.0771930215396777E-7,1.1656742175809051E-7,1.0771930215396777E-7,9.8886838607548661E-8,6.8241234089639138E-8],[8.3922066033577779E-8,1.1623551377712209E-7,1.1656742175809051E-7,1.3323720904151881E-7,1.165674217580905E-7,1.1623551377712209E-7,8.3922066033577779E-8],[6.8241234089639138E-8,9.8886838607548661E-8,1.0771930215396777E-7,1.165674217580905E-7,1.0771930215396776E-7,9.8886838607548661E-8,6.8241234089639138E-8],[7.1758752691095983E-8,1.01992680379881E-7,9.8886838607548661E-8,1.1623551377712209E-7,9.8886838607548661E-8,1.0199268037988099E-7,7.175875269109597E-8],[4.3930628396879232E-8,7.1758752691095983E-8,6.8241234089639138E-8,8.3922066033577779E-8,6.8241234089639138E-8,7.175875269109597E-8,4.3930628396879218E-8]],[[6.1092771772379427E-8,9.033803476943106E-8,8.6710102440432859E-8,1.0352428389789512E-7,8.6710102440432859E-8,9.0338034769431086E-8,6.109277177237944E-8],[9.033803476943106E-8,1.2064330580301071E-7,1.1760582341598146E-7,1.3520886025293727E-7,1.1760582341598146E-7,1.2064330580301071E-7,9.0338034769431086E-8],[8.6710102440432859E-8,1.1760582341598146E-7,1.2650230915880649E-7,1.3541444411108694E-7,1.2650230915880649E-7,1.1760582341598146E-7,8.6710102440432859E-8],[1.0352428389789512E-7,1.3520886025293727E-7,1.3541444411108694E-7,1.520857516959498E-7,1.3541444411108694E-7,1.3520886025293727E-7,1.0352428389789512E-7],[8.6710102440432859E-8,1.1760582341598146E-7,1.2650230915880649E-7,1.3541444411108694E-7,1.2650230915880649E-7,1.1760582341598145E-7,8.6710102440432859E-8],[9.0338034769431086E-8,1.2064330580301071E-7,1.1760582341598146E-7,1.3520886025293727E-7,1.1760582341598145E-7,1.2064330580301071E-7,9.033803476943106E-8],[6.109277177237944E-8,9.0338034769431086E-8,8.6710102440432859E-8,1.0352428389789512E-7,8.6710102440432859E-8,9.033803476943106E-8,6.1092771772379427E-8]],[[7.8904337306980815E-8,1.089566607213931E-7,1.0529596228085234E-7,1.2282282895868907E-7,1.0529596228085234E-7,1.0895666072139313E-7,7.8904337306980828E-8],[1.089566607213931E-7,1.3932148449086389E-7,1.3634024533108324E-7,1.5410665697830798E-7,1.3634024533108327E-7,1.3932148449086392E-7,1.0895666072139313E-7],[1.0529596228085234E-7,1.3634024533108324E-7,1.4527804219255582E-7,1.5423148299764674E-7,1.4527804219255582E-7,1.3634024533108324E-7,1.0529596228085234E-7],[1.2282282895868907E-7,1.5410665697830798E-7,1.5423148299764674E-7,1.7090446531418858E-7,1.5423148299764674E-7,1.5410665697830795E-7,1.2282282895868907E-7],[1.0529596228085234E-7,1.3634024533108327E-7,1.4527804219255582E-7,1.5423148299764674E-7,1.4527804219255582E-7,1.3634024533108324E-7,1.0529596228085234E-7],[1.0895666072139313E-7,1.3932148449086392E-7,1.3634024533108324E-7,1.5410665697830795E-7,1.3634024533108324E-7,1.3932148449086389E-7,1.089566607213931E-7],[7.8904337306980828E-8,1.0895666072139313E-7,1.0529596228085234E-7,1.2282282895868907E-7,1.0529596228085234E-7,1.089566607213931E-7,7.8904337306980815E-8]],[[9.7088302043594165E-8,1.2760755717662968E-7,1.2395126353169854E-7,1.419277076867363E-7,1.2395126353169854E-7,1.2760755717662971E-7,9.7088302043594191E-8],[1.2760755717662968E-7,1.5802043187416824E-7,1.5508368948805993E-7,1.7295570758603729E-7,1.5508368948805993E-7,1.5802043187416824E-7,1.2760755717662971E-7],[1.2395126353169854E-7,1.5508368948805993E-7,1.6404838236548664E-7,1.7302871543751574E-7,1.6404838236548664E-7,1.5508368948805993E-7,1.2395126353169854E-7],[1.419277076867363E-7,1.7295570758603729E-7,1.7302871543751574E-7,1.8970348891042506E-7,1.7302871543751574E-7,1.7295570758603729E-7,1.419277076867363E-7],[1.2395126353169854E-7,1.5508368948805993E-7,1.6404838236548664E-7,1.7302871543751574E-7,1.6404838236548664E-7,1.5508368948805993E-7,1.2395126353169854E-7],[1.2760755717662971E-7,1.5802043187416824E-7,1.5508368948805993E-7,1.7295570758603729E-7,1.5508368948805993E-7,1.5802043187416824E-7,1.2760755717662968E-7],[9.7088302043594191E-8,1.2760755717662971E-7,1.2395126353169854E-7,1.419277076867363E-7,1.2395126353169854E-7,1.2760755717662968E-7,9.7088302043594165E-8]],[[1.1548955939736745E-7,1.4628422871213683E-7,1.4264779021670904E-7,1.6090891052481803E-7,1.4264779021670904E-7,1.4628422871213683E-7,1.1548955939736748E-7],[1.4628422871213683E-7,1.7673510316825947E-7,1.7383262523164044E-7,1.9177345144711907E-7,1.7383262523164044E-7,1.7673510316825947E-7,1.4628422871213683E-7],[1.4264779021670904E-7,1.7383262523164044E-7,1.8281503463475366E-7,1.9181308179577583E-7,1.8281503463475366E-7,1.7383262523164044E-7,1.4264779021670904E-7],[1.6090891052481803E-7,1.9177345144711907E-7,1.9181308179577583E-7,2.0848973283853656E-7,1.9181308179577583E-7,1.9177345144711907E-7,1.6090891052481803E-7],[1.4264779021670904E-7,1.7383262523164044E-7,1.8281503463475366E-7,1.9181308179577583E-7,1.8281503463475366E-7,1.7383262523164044E-7,1.4264779021670904E-7],[1.4628422871213683E-7,1.7673510316825947E-7,1.7383262523164044E-7,1.9177345144711907E-7,1.7383262523164044E-7,1.7673510316825947E-7,1.4628422871213683E-7],[1.1548955939736748E-7,1.4628422871213683E-7,1.4264779021670904E-7,1.6090891052481803E-7,1.4264779021670904E-7,1.4628422871213683E-7,1.1548955939736745E-7]],[[1.3402029489420515E-7,1.64981177460135E-7,1.6136890747870414E-7,1.7981111959737743E-7,1.6136890747870414E-7,1.64981177460135E-7,1.3402029489420515E-7],[1.64981177460135E-7,1.9546178321930717E-7,1.9258516990702695E-7,2.1057128131975663E-7,1.9258516990702695E-7,1.9546178321930717E-7,1.64981177460135E-7],[1.6136890747870414E-7,1.9258516990702695E-7,2.0157942970489457E-7,2.1058932589528097E-7,2.0157942970489457E-7,1.9258516990702695E-7,1.6136890747870414E-7],[1.7981111959737743E-7,2.1057128131975663E-7,2.1058932589528097E-7,2.2726791725644352E-7,2.1058932589528097E-7,2.1057128131975666E-7,1.7981111959737743E-7],[1.6136890747870414E-7,1.9258516990702695E-7,2.0157942970489457E-7,2.1058932589528097E-7,2.0157942970489457E-7,1.9258516990702695E-7,1.6136890747870414E-7],[1.64981177460135E-7,1.9546178321930717E-7,1.9258516990702695E-7,2.1057128131975666E-7,1.9258516990702695E-7,1.9546178321930717E-7,1.64981177460135E-7],[1.3402029489420515E-7,1.64981177460135E-7,1.6136890747870414E-7,1.7981111959737743E-7,1.6136890747870414E-7,1.64981177460135E-7,1.3402029489420515E-7]],[[1.526300996071254E-7,1.83693968226841E-7,1.8010488608756157E-7,1.9866296173911224E-7,1.8010488608756157E-7,1.83693968226841E-7,1.526300996071254E-7],[1.83693968226841E-7,2.1419775616940972E-7,2.1134036599682327E-7,2.2935666940836395E-7,2.1134036599682327E-7,2.1419775616940972E-7,1.83693968226841E-7],[1.8010488608756157E-7,2.1134036599682327E-7,2.2034271311489647E-7,2.2936069610223944E-7,2.2034271311489647E-7,2.1134036599682327E-7,1.8010488608756157E-7],[1.9866296173911224E-7,2.2935666940836395E-7,2.2936069610223944E-7,2.4604127189573809E-7,2.2936069610223944E-7,2.2935666940836395E-7,1.9866296173911224E-7],[1.8010488608756157E-7,2.1134036599682327E-7,2.2034271311489647E-7,2.2936069610223944E-7,2.2034271311489647E-7,2.1134036599682327E-7,1.8010488608756157E-7],[1.83693968226841E-7,2.1419775616940972E-7,2.1134036599682327E-7,2.2935666940836395E-7,2.1134036599682327E-7,2.1419775616940972E-7,1.83693968226841E-7],[1.526300996071254E-7,1.83693968226841E-7,1.8010488608756157E-7,1.9866296173911224E-7,1.8010488608756157E-7,1.83693968226841E-7,1.526300996071254E-7]],[[1.7128955264167739E-7,2.0241913354516053E-7,1.9885009179109476E-7,2.1748284513881839E-7,1.9885009179109476E-7,2.0241913354516053E-7,1.7128955264167739E-7],[2.0241913354516053E-7,2.3294104767440547E-7,2.3009776280951718E-7,2.4813453506070836E-7,2.3009776280951718E-7,2.3294104767440547E-7,2.0241913354516053E-7],[1.9885009179109476E-7,2.3009776280951718E-7,2.3910577320565965E-7,2.4812941959217857E-7,2.3910577320565965E-7,2.3009776280951718E-7,1.9885009179109476E-7],[2.1748284513881839E-7,2.4813453506070836E-7,2.4812941959217857E-7,2.6481200927962742E-7,2.4812941959217857E-7,2.4813453506070836E-7,2.1748284513881839E-7],[1.9885009179109476E-7,2.3009776280951718E-7,2.3910577320565965E-7,2.4812941959217857E-7,2.3910577320565965E-7,2.3009776280951718E-7,1.9885009179109476E-7],[2.0241913354516053E-7,2.3294104767440547E-7,2.3009776280951718E-7,2.4813453506070836E-7,2.3009776280951718E-7,2.3294104767440544E-7,2.0241913354516053E-7],[1.7128955264167739E-7,2.0241913354516053E-7,1.9885009179109476E-7,2.1748284513881839E-7,1.9885009179109476E-7,2.0241913354516053E-7,1.7128955264167739E-7]],[[1.8998115121191327E-7,2.2115402083464455E-7,2.1760130211817417E-7,2.3628265148100545E-7,2.1760130211817417E-7,2.2115402083464455E-7,1.8998115121191327E-7],[2.2115402083464455E-7,2.5169022816132212E-7,2.4885717764936764E-7,2.6690812814400469E-7,2.4885717764936764E-7,2.5169022816132212E-7,2.2115402083464455E-7],[2.1760130211817417E-7,2.4885717764936764E-7,2.5786928266290991E-7,2.6689702427071236E-7,2.5786928266290991E-7,2.4885717764936764E-7,2.1760130211817417E-7],[2.3628265148100545E-7,2.6690812814400469E-7,2.6689702427071236E-7,2.83581645810789E-7,2.6689702427071236E-7,2.6690812814400469E-7,2.3628265148100545E-7],[2.1760130211817417E-7,2.4885717764936764E-7,2.5786928266290991E-7,2.6689702427071236E-7,2.5786928266290991E-7,2.4885717764936764E-7,2.1760130211817417E-7],[2.2115402083464455E-7,2.5169022816132212E-7,2.4885717764936764E-7,2.6690812814400469E-7,2.4885717764936764E-7,2.5169022816132212E-7,2.2115402083464455E-7],[1.8998115121191327E-7,2.2115402083464455E-7,2.1760130211817417E-7,2.3628265148100545E-7,2.1760130211817417E-7,2.2115402083464455E-7,1.8998115121191327E-7]],[[2.0869426098125929E-7,2.3989663233158167E-7,2.3635670298677441E-7,2.550700786928156E-7,2.3635670298677441E-7,2.3989663233158167E-7,2.0869426098125929E-7],[2.3989663233158167E-7,2.7044426511434981E-7,2.6761856188586859E-7,2.8567960197650149E-7,2.6761856188586859E-7,2.7044426511434981E-7,2.3989663233158167E-7],[2.3635670298677441E-7,2.6761856188586859E-7,2.7663374115899161E-7,2.8566455798559954E-7,2.7663374115899161E-7,2.6761856188586859E-7,2.3635670298677441E-7],[2.550700786928156E-7,2.8567960197650149E-7,2.8566455798559954E-7,3.0235122032257438E-7,2.8566455798559954E-7,2.8567960197650149E-7,2.550700786928156E-7],[2.3635670298677441E-7,2.6761856188586859E-7,2.7663374115899161E-7,2.8566455798559954E-7,2.7663374115899161E-7,2.6761856188586859E-7,2.3635670298677441E-7],[2.3989663233158167E-7,2.7044426511434981E-7,2.6761856188586859E-7,2.8567960197650149E-7,2.6761856188586859E-7,2.7044426511434981E-7,2.3989663233158172E-7],[2.0869426098125929E-7,2.3989663233158167E-7,2.3635670298677441E-7,2.550700786928156E-7,2.3635670298677441E-7,2.3989663233158172E-7,2.0869426098125929E-7]],[[2.2742227585886041E-7,2.5864548042756049E-7,2.5511529389439955E-7,2.7385013236142487E-7,2.5511529389439955E-7,2.5864548042756049E-7,2.2742227585886041E-7],[2.5864548042756049E-7,2.8920241355155094E-7,2.8638192769093642E-7,3.0445038649941626E-7,2.8638192769093642E-7,2.8920241355155094E-7,2.5864548042756049E-7],[2.5511529389439955E-7,2.8638192769093642E-7,2.9539951358373285E-7,3.0443273824648231E-7,2.9539951358373285E-7,2.8638192769093642E-7,2.5511529389439955E-7],[2.7385013236142487E-7,3.0445038649941626E-7,3.0443273824648231E-7,3.2112144327512366E-7,3.0443273824648231E-7,3.0445038649941626E-7,2.7385013236142487E-7],[2.5511529389439955E-7,2.8638192769093642E-7,2.9539951358373285E-7,3.0443273824648231E-7,2.9539951358373285E-7,2.8638192769093642E-7,2.5511529389439955E-7],[2.5864548042756049E-7,2.8920241355155094E-7,2.8638192769093642E-7,3.0445038649941626E-7,2.8638192769093642E-7,2.89202413551551E-7,2.5864548042756054E-7],[2.2742227585886041E-7,2.5864548042756049E-7,2.5511529389439955E-7,2.7385013236142487E-7,2.5511529389439955E-7,2.5864548042756054E-7,2.2742227585886044E-7]],[[2.461609996705045E-7,2.7739946637698266E-7,2.7387653773867308E-7,2.9262607851229697E-7,2.7387653773867308E-7,2.7739946637698266E-7,2.461609996705045E-7],[2.7739946637698266E-7,3.0796413561186513E-7,3.0514730938742814E-7,3.2322143239380241E-7,3.0514730938742814E-7,3.0796413561186513E-7,2.7739946637698266E-7],[2.7387653773867308E-7,3.0514730938742814E-7,3.1416686199265608E-7,3.2320205476736126E-7,3.1416686199265608E-7,3.0514730938742814E-7,2.7387653773867308E-7],[2.9262607851229697E-7,3.2322143239380241E-7,3.2320205476736126E-7,3.3989279888339479E-7,3.2320205476736126E-7,3.2322143239380241E-7,2.9262607851229697E-7],[2.7387653773867308E-7,3.0514730938742814E-7,3.1416686199265608E-7,3.2320205476736126E-7,3.1416686199265608E-7,3.0514730938742814E-7,2.7387653773867308E-7],[2.7739946637698266E-7,3.0796413561186513E-7,3.0514730938742814E-7,3.2322143239380241E-7,3.0514730938742814E-7,3.0796413561186519E-7,2.7739946637698271E-7],[2.461609996705045E-7,2.7739946637698266E-7,2.7387653773867308E-7,2.9262607851229697E-7,2.7387653773867308E-7,2.7739946637698271E-7,2.4616099967050456E-7]],[[2.6490770930614E-7,2.961577830968384E-7,2.9264015642888056E-7,3.1140005453750321E-7,2.9264015642888056E-7,2.961577830968384E-7,2.6490770930614E-7],[2.961577830968384E-7,3.2672904197779041E-7,3.2391474418773469E-7,3.4199337147434989E-7,3.2391474418773469E-7,3.2672904197779041E-7,2.961577830968384E-7],[2.9264015642888056E-7,3.2391474418773469E-7,3.3293597118519424E-7,3.41972839879348E-7,3.3293597118519424E-7,3.2391474418773469E-7,2.9264015642888056E-7],[3.1140005453750321E-7,3.4199337147434989E-7,3.41972839879348E-7,3.5866561520219052E-7,3.41972839879348E-7,3.4199337147434989E-7,3.1140005453750321E-7],[2.9264015642888056E-7,3.2391474418773469E-7,3.3293597118519424E-7,3.41972839879348E-7,3.3293597118519424E-7,3.2391474418773469E-7,2.9264015642888056E-7],[2.961577830968384E-7,3.2672904197779041E-7,3.2391474418773469E-7,3.4199337147434989E-7,3.2391474418773469E-7,3.2672904197779046E-7,2.9615778309683845E-7],[2.6490770930614E-7,2.961577830968384E-7,2.9264015642888056E-7,3.1140005453750321E-7,2.9264015642888056E-7,2.9615778309683845E-7,2.6490770930614006E-7]],[[2.83660602194605E-7,3.1491983958361768E-7,3.1140601289520847E-7,3.3017346245082504E-7,3.1140601289520847E-7,3.1491983958361768E-7,2.83660602194605E-7],[3.1491983958361768E-7,3.4549684947718334E-7,3.4268426352490309E-7,3.6076662253699792E-7,3.4268426352490309E-7,3.4549684947718334E-7,3.1491983958361768E-7],[3.1140601289520847E-7,3.4268426352490309E-7,3.5170696860542159E-7,3.6074531699665841E-7,3.5170696860542159E-7,3.4268426352490309E-7,3.1140601289520847E-7],[3.3017346245082504E-7,3.6076662253699792E-7,3.6074531699665841E-7,3.7744011233318804E-7,3.6074531699665841E-7,3.6076662253699797E-7,3.3017346245082504E-7],[3.1140601289520847E-7,3.4268426352490309E-7,3.5170696860542159E-7,3.6074531699665841E-7,3.5170696860542165E-7,3.4268426352490314E-7,3.1140601289520847E-7],[3.1491983958361768E-7,3.4549684947718334E-7,3.4268426352490309E-7,3.6076662253699797E-7,3.4268426352490314E-7,3.4549684947718344E-7,3.1491983958361773E-7],[2.83660602194605E-7,3.1491983958361768E-7,3.1140601289520847E-7,3.3017346245082504E-7,3.1140601289520847E-7,3.1491983958361773E-7,2.8366060219460508E-7]],[[3.024184635859637E-7,3.33685203381764E-7,3.3017404394348035E-7,3.4894722305237247E-7,3.3017404394348035E-7,3.33685203381764E-7,3.024184635859637E-7],[3.33685203381764E-7,3.6426735055793482E-7,3.6145588996123075E-7,3.7954146151507393E-7,3.6145588996123075E-7,3.6426735055793482E-7,3.33685203381764E-7],[3.3017404394348035E-7,3.6145588996123075E-7,3.7047993951485014E-7,3.7951963405007796E-7,3.7047993951485014E-7,3.6145588996123075E-7,3.3017404394348035E-7],[3.4894722305237247E-7,3.7954146151507393E-7,3.7951963405007796E-7,3.9621643565390453E-7,3.7951963405007796E-7,3.7954146151507393E-7,3.4894722305237247E-7],[3.3017404394348035E-7,3.6145588996123075E-7,3.7047993951485014E-7,3.7951963405007796E-7,3.7047993951485014E-7,3.6145588996123075E-7,3.3017404394348035E-7],[3.33685203381764E-7,3.6426735055793482E-7,3.6145588996123075E-7,3.7954146151507393E-7,3.6145588996123075E-7,3.6426735055793482E-7,3.33685203381764E-7],[3.024184635859637E-7,3.33685203381764E-7,3.3017404394348035E-7,3.4894722305237247E-7,3.3017404394348035E-7,3.33685203381764E-7,3.0241846358596375E-7]],[[3.2118046170323523E-7,3.5245355748105266E-7,3.4894422277332103E-7,3.6772194088584353E-7,3.4894422277332103E-7,3.5245355748105266E-7,3.2118046170323523E-7],[3.5245355748105266E-7,3.8304039140836005E-7,3.8022963686764927E-7,3.9831806817883223E-7,3.8022963686764927E-7,3.8304039140836005E-7,3.5245355748105266E-7],[3.4894422277332103E-7,3.8022963686764927E-7,3.8925493838869409E-7,3.9829588659732882E-7,3.8925493838869409E-7,3.8022963686764927E-7,3.4894422277332103E-7],[3.6772194088584353E-7,3.9831806817883223E-7,3.9829588659732882E-7,4.1499467876665621E-7,3.9829588659732882E-7,3.9831806817883223E-7,3.6772194088584353E-7],[3.4894422277332103E-7,3.8022963686764927E-7,3.8925493838869409E-7,3.9829588659732882E-7,3.8925493838869409E-7,3.8022963686764927E-7,3.4894422277332103E-7],[3.5245355748105266E-7,3.8304039140836005E-7,3.8022963686764927E-7,3.9831806817883223E-7,3.8022963686764927E-7,3.8304039140836005E-7,3.5245355748105266E-7],[3.2118046170323523E-7,3.5245355748105266E-7,3.4894422277332103E-7,3.6772194088584353E-7,3.4894422277332103E-7,3.5245355748105266E-7,3.2118046170323529E-7]],[[3.3994601876075987E-7,3.7122466841439811E-7,3.6771653861119208E-7,3.864980117589275E-7,3.6771653861119208E-7,3.7122466841439811E-7,3.3994601876075987E-7],[3.7122466841439811E-7,4.0181585633372096E-7,3.9900550934291233E-7,4.1709655735174383E-7,3.9900550934291233E-7,4.0181585633372096E-7,3.7122466841439811E-7],[3.6771653861119208E-7,3.9900550934291233E-7,4.0803199737883789E-7,4.1707413382768722E-7,4.0803199737883789E-7,3.9900550934291233E-7,3.6771653861119208E-7],[3.864980117589275E-7,4.1709655735174383E-7,4.1707413382768722E-7,4.3377489937583734E-7,4.1707413382768722E-7,4.1709655735174383E-7,3.864980117589275E-7],[3.6771653861119208E-7,3.9900550934291233E-7,4.0803199737883789E-7,4.1707413382768722E-7,4.0803199737883789E-7,3.9900550934291233E-7,3.6771653861119208E-7],[3.7122466841439811E-7,4.0181585633372096E-7,3.9900550934291233E-7,4.1709655735174383E-7,3.9900550934291233E-7,4.0181585633372096E-7,3.7122466841439811E-7],[3.3994601876075987E-7,3.7122466841439811E-7,3.6771653861119208E-7,3.864980117589275E-7,3.6771653861119208E-7,3.7122466841439811E-7,3.3994601876075992E-7]],[[3.5871472798539367E-7,3.899983628706683E-7,3.864909860761599E-7,4.0527569313229022E-7,3.864909860761599E-7,3.899983628706683E-7,3.5871472798539367E-7],[3.899983628706683E-7,4.2059365663616913E-7,4.177835055680333E-7,4.3587699986199364E-7,4.177835055680333E-7,4.2059365663616913E-7,3.899983628706683E-7],[3.864909860761599E-7,4.177835055680333E-7,4.2681113254320082E-7,4.3585440966466308E-7,4.2681113254320082E-7,4.177835055680333E-7,3.864909860761599E-7],[4.0527569313229022E-7,4.3587699986199364E-7,4.3585440966466308E-7,4.5255713029017463E-7,4.3585440966466308E-7,4.3587699986199364E-7,4.0527569313229022E-7],[3.864909860761599E-7,4.177835055680333E-7,4.2681113254320082E-7,4.3585440966466308E-7,4.2681113254320082E-7,4.177835055680333E-7,3.864909860761599E-7],[3.899983628706683E-7,4.2059365663616913E-7,4.177835055680333E-7,4.3587699986199364E-7,4.177835055680333E-7,4.2059365663616913E-7,3.899983628706683E-7],[3.5871472798539367E-7,3.899983628706683E-7,3.864909860761599E-7,4.0527569313229022E-7,3.864909860761599E-7,3.899983628706683E-7,3.5871472798539367E-7]],[[3.7748629917597056E-7,4.08774510681422E-7,4.0526755997375121E-7,4.2405515040353363E-7,4.0526755997375121E-7,4.08774510681422E-7,3.7748629917597056E-7],[4.08774510681422E-7,4.3937372272234811E-7,4.3656361819768868E-7,4.5465943665973023E-7,4.3656361819768868E-7,4.3937372272234811E-7,4.08774510681422E-7],[4.0526755997375121E-7,4.3656361819768868E-7,4.4559234839920356E-7,4.54636730480331E-7,4.4559234839920356E-7,4.3656361819768868E-7,4.0526755997375121E-7],[4.2405515040353363E-7,4.5465943665973023E-7,4.54636730480331E-7,4.7134138705788405E-7,4.54636730480331E-7,4.5465943665973023E-7,4.2405515040353363E-7],[4.0526755997375121E-7,4.3656361819768868E-7,4.4559234839920356E-7,4.54636730480331E-7,4.4559234839920356E-7,4.3656361819768868E-7,4.0526755997375121E-7],[4.08774510681422E-7,4.3937372272234811E-7,4.3656361819768868E-7,4.5465943665973023E-7,4.3656361819768868E-7,4.3937372272234811E-7,4.08774510681422E-7],[3.7748629917597056E-7,4.08774510681422E-7,4.0526755997375121E-7,4.2405515040353363E-7,4.0526755997375121E-7,4.08774510681422E-7,3.7748629917597056E-7]],[[3.9626052237271272E-7,4.2755301252206315E-7,4.2404625303564606E-7,4.4283648747533046E-7,4.2404625303564606E-7,4.2755301252206315E-7,3.9626052237271272E-7],[4.2755301252206315E-7,4.5815599851554931E-7,4.55345835611396E-7,4.734438883649766E-7,4.55345835611396E-7,4.5815599851554931E-7,4.2755301252206315E-7],[4.2404625303564606E-7,4.55345835611396E-7,4.6437564123368628E-7,4.7342110046310069E-7,4.6437564123368628E-7,4.55345835611396E-7,4.2404625303564606E-7],[4.4283648747533046E-7,4.734438883649766E-7,4.7342110046310069E-7,4.9012767327204082E-7,4.7342110046310069E-7,4.734438883649766E-7,4.4283648747533046E-7],[4.2404625303564606E-7,4.55345835611396E-7,4.6437564123368628E-7,4.7342110046310069E-7,4.6437564123368628E-7,4.55345835611396E-7,4.2404625303564606E-7],[4.2755301252206315E-7,4.5815599851554931E-7,4.55345835611396E-7,4.734438883649766E-7,4.55345835611396E-7,4.5815599851554931E-7,4.2755301252206315E-7],[3.9626052237271272E-7,4.2755301252206315E-7,4.2404625303564606E-7,4.4283648747533046E-7,4.2404625303564606E-7,4.2755301252206315E-7,3.9626052237271272E-7]],[[4.1503724326675952E-7,4.4633379106764436E-7,4.4282705519472421E-7,4.6161976703250063E-7,4.4282705519472421E-7,4.4633379106764436E-7,4.1503724326675957E-7],[4.4633379106764436E-7,4.7694043750826559E-7,4.7413014296342354E-7,4.9223036174816974E-7,4.7413014296342354E-7,4.7694043750826559E-7,4.4633379106764436E-7],[4.4282705519472421E-7,4.7413014296342354E-7,4.8316100149819616E-7,4.92207515357734E-7,4.8316100149819616E-7,4.7413014296342354E-7,4.4282705519472421E-7],[4.6161976703250063E-7,4.9223036174816974E-7,4.92207515357734E-7,5.0891598426142314E-7,4.92207515357734E-7,4.9223036174816974E-7,4.6161976703250063E-7],[4.4282705519472421E-7,4.7413014296342354E-7,4.8316100149819616E-7,4.92207515357734E-7,4.8316100149819616E-7,4.7413014296342354E-7,4.4282705519472421E-7],[4.4633379106764436E-7,4.7694043750826559E-7,4.7413014296342354E-7,4.9223036174816974E-7,4.7413014296342354E-7,4.7694043750826559E-7,4.4633379106764436E-7],[4.1503724326675957E-7,4.4633379106764436E-7,4.4282705519472421E-7,4.6161976703250063E-7,4.4282705519472421E-7,4.4633379106764436E-7,4.1503724326675957E-7]],[[4.3381634636744378E-7,4.6511678466075156E-7,4.6160995360950723E-7,4.8040502405051842E-7,4.6160995360950723E-7,4.6511678466075156E-7,4.3381634636744383E-7],[4.6511678466075156E-7,4.9572699997892326E-7,4.9291652302742553E-7,5.1101885414342561E-7,4.9291652302742553E-7,4.9572699997892326E-7,4.6511678466075156E-7],[4.6160995360950723E-7,4.9291652302742553E-7,5.0194841553602668E-7,5.1099596507431363E-7,5.0194841553602668E-7,4.9291652302742553E-7,4.6160995360950723E-7],[4.8040502405051842E-7,5.1101885414342561E-7,5.1099596507431363E-7,5.2770630966074389E-7,5.1099596507431363E-7,5.1101885414342561E-7,4.8040502405051842E-7],[4.6160995360950723E-7,4.9291652302742553E-7,5.0194841553602668E-7,5.1099596507431363E-7,5.0194841553602668E-7,4.9291652302742553E-7,4.6160995360950723E-7],[4.6511678466075156E-7,4.9572699997892326E-7,4.9291652302742553E-7,5.1101885414342561E-7,4.9291652302742553E-7,4.9572699997892336E-7,4.6511678466075156E-7],[4.3381634636744383E-7,4.6511678466075156E-7,4.6160995360950723E-7,4.8040502405051842E-7,4.6160995360950723E-7,4.6511678466075156E-7,4.3381634636744383E-7]],[[4.5259774337976027E-7,4.839019427951005E-7,4.8039493301199264E-7,4.99192274832715E-7,4.8039493301199264E-7,4.839019427951005E-7,4.5259774337976027E-7],[4.839019427951005E-7,5.1451565103299578E-7,5.1170495685722391E-7,5.2980935646343242E-7,5.1170495685722391E-7,5.1451565103299578E-7,4.839019427951005E-7],[4.8039493301199264E-7,5.1170495685722391E-7,5.2073786682378526E-7,5.29786435510257E-7,5.2073786682378526E-7,5.1170495685722391E-7,4.8039493301199264E-7],[4.99192274832715E-7,5.2980935646343242E-7,5.29786435510257E-7,5.46498635202153E-7,5.29786435510257E-7,5.2980935646343242E-7,4.99192274832715E-7],[4.8039493301199264E-7,5.1170495685722391E-7,5.2073786682378526E-7,5.29786435510257E-7,5.2073786682378526E-7,5.1170495685722391E-7,4.8039493301199264E-7],[4.839019427951005E-7,5.1451565103299578E-7,5.1170495685722391E-7,5.2980935646343242E-7,5.1170495685722391E-7,5.1451565103299578E-7,4.839019427951005E-7],[4.5259774337976027E-7,4.839019427951005E-7,4.8039493301199264E-7,4.99192274832715E-7,4.8039493301199264E-7,4.839019427951005E-7,4.5259774337976027E-7]],[[4.7138136512792956E-7,5.026892229045208E-7,4.991819761574149E-7,5.1798152308068227E-7,4.991819761574149E-7,5.026892229045208E-7,4.7138136512792956E-7],[5.026892229045208E-7,5.33306359226514E-7,5.3049542429366967E-7,5.4860185526500917E-7,5.3049542429366967E-7,5.33306359226514E-7,5.026892229045208E-7],[4.991819761574149E-7,5.3049542429366967E-7,5.3952933686179534E-7,5.4857890982400728E-7,5.3952933686179534E-7,5.3049542429366967E-7,4.991819761574149E-7],[5.1798152308068227E-7,5.4860185526500917E-7,5.4857890982400728E-7,5.6529294396489825E-7,5.4857890982400728E-7,5.4860185526500917E-7,5.1798152308068227E-7],[4.991819761574149E-7,5.3049542429366967E-7,5.3952933686179534E-7,5.4857890982400728E-7,5.3952933686179534E-7,5.3049542429366967E-7,4.991819761574149E-7],[5.026892229045208E-7,5.33306359226514E-7,5.3049542429366967E-7,5.4860185526500917E-7,5.3049542429366967E-7,5.33306359226514E-7,5.026892229045208E-7],[4.7138136512792956E-7,5.026892229045208E-7,4.991819761574149E-7,5.1798152308068227E-7,4.991819761574149E-7,5.026892229045208E-7,4.7138136512792956E-7]],[[4.9016715591767322E-7,5.21478588086398E-7,5.1797106426793E-7,5.3677276398778756E-7,5.1797106426793E-7,5.21478588086398E-7,4.9016715591767322E-7],[5.21478588086398E-7,5.5209909560014367E-7,5.4928790434774888E-7,5.6739633416798336E-7,5.4928790434774888E-7,5.5209909560014367E-7,5.21478588086398E-7],[5.1797106426793E-7,5.4928790434774888E-7,5.58322805811283E-7,5.6737336932612528E-7,5.58322805811283E-7,5.4928790434774888E-7,5.1797106426793E-7],[5.3677276398778756E-7,5.6739633416798336E-7,5.6737336932612528E-7,5.8408921724749763E-7,5.6737336932612528E-7,5.6739633416798336E-7,5.3677276398778756E-7],[5.1797106426793E-7,5.4928790434774888E-7,5.58322805811283E-7,5.6737336932612528E-7,5.58322805811283E-7,5.4928790434774888E-7,5.1797106426793E-7],[5.21478588086398E-7,5.5209909560014367E-7,5.4928790434774888E-7,5.6739633416798336E-7,5.4928790434774888E-7,5.5209909560014367E-7,5.21478588086398E-7],[4.9016715591767322E-7,5.21478588086398E-7,5.1797106426793E-7,5.3677276398778756E-7,5.1797106426793E-7,5.21478588086398E-7,4.9016715591767322E-7]],[[5.0895506958869614E-7,5.4027000549169243E-7,5.3676217742412285E-7,5.5556598700977952E-7,5.3676217742412285E-7,5.4027000549169243E-7,5.0895506958869614E-7],[5.4027000549169243E-7,5.70893833002334E-7,5.6808237548703508E-7,5.8619277483221108E-7,5.6808237548703508E-7,5.70893833002334E-7,5.4027000549169243E-7],[5.3676217742412285E-7,5.6808237548703508E-7,5.77118252949623E-7,5.8616979410320165E-7,5.77118252949623E-7,5.6808237548703508E-7,5.3676217742412285E-7],[5.5556598700977952E-7,5.8619277483221108E-7,5.8616979410320165E-7,6.0288743517675622E-7,5.8616979410320165E-7,5.8619277483221108E-7,5.5556598700977952E-7],[5.3676217742412285E-7,5.6808237548703508E-7,5.77118252949623E-7,5.8616979410320165E-7,5.77118252949623E-7,5.6808237548703508E-7,5.3676217742412285E-7],[5.4027000549169243E-7,5.70893833002334E-7,5.6808237548703508E-7,5.8619277483221108E-7,5.6808237548703508E-7,5.70893833002334E-7,5.4027000549169243E-7],[5.0895506958869614E-7,5.4027000549169243E-7,5.3676217742412285E-7,5.5556598700977952E-7,5.3676217742412285E-7,5.4027000549169243E-7,5.0895506958869614E-7]],[[5.2774506674546273E-7,5.5906344518865375E-7,5.5555529488989108E-7,5.7436117774655086E-7,5.5555529488989108E-7,5.5906344518865375E-7,5.2774506674546273E-7],[5.5906344518865375E-7,5.8969054561542931E-7,5.8687881584791287E-7,6.0499115763169338E-7,5.8687881584791287E-7,5.8969054561542931E-7,5.5906344518865375E-7],[5.5555529488989108E-7,5.8687881584791287E-7,5.9591565699499374E-7,6.0496816345484966E-7,5.9591565699499374E-7,5.8687881584791287E-7,5.5555529488989108E-7],[5.7436117774655086E-7,6.0499115763169338E-7,6.0496816345484966E-7,6.2168757713303452E-7,6.0496816345484966E-7,6.0499115763169338E-7,5.7436117774655086E-7],[5.5555529488989108E-7,5.8687881584791287E-7,5.9591565699499374E-7,6.0496816345484966E-7,5.9591565699499374E-7,5.8687881584791287E-7,5.5555529488989108E-7],[5.5906344518865375E-7,5.8969054561542931E-7,5.8687881584791287E-7,6.0499115763169338E-7,5.8687881584791287E-7,5.8969054561542931E-7,5.5906344518865375E-7],[5.2774506674546273E-7,5.5906344518865375E-7,5.5555529488989108E-7,5.7436117774655086E-7,5.5555529488989108E-7,5.5906344518865375E-7,5.2774506674546273E-7]],[[5.4653711281223146E-7,5.7785887936254738E-7,5.7435039537207257E-7,5.9315831922432057E-7,5.7435039537207257E-7,5.7785887936254738E-7,5.4653711281223146E-7],[5.7785887936254738E-7,6.0848920862431485E-7,6.0567720339178892E-7,6.2379146212058458E-7,6.0567720339178892E-7,6.0848920862431485E-7,5.7785887936254738E-7],[5.7435039537207257E-7,6.0567720339178892E-7,6.14714996337632E-7,6.2376845619993746E-7,6.14714996337632E-7,6.0567720339178892E-7,5.7435039537207257E-7],[5.9315831922432057E-7,6.2379146212058458E-7,6.2376845619993746E-7,6.4048962204725278E-7,6.2376845619993746E-7,6.2379146212058458E-7,5.9315831922432057E-7],[5.7435039537207257E-7,6.0567720339178892E-7,6.14714996337632E-7,6.2376845619993746E-7,6.14714996337632E-7,6.0567720339178892E-7,5.7435039537207257E-7],[5.7785887936254738E-7,6.0848920862431485E-7,6.0567720339178892E-7,6.2379146212058458E-7,6.0567720339178892E-7,6.0848920862431485E-7,5.7785887936254738E-7],[5.4653711281223146E-7,5.7785887936254738E-7,5.7435039537207257E-7,5.9315831922432057E-7,5.7435039537207257E-7,5.7785887936254738E-7,5.4653711281223146E-7]],[[5.6533117666668007E-7,5.9665628175269926E-7,5.9314745722246608E-7,6.1195739277183913E-7,5.9314745722246608E-7,5.9665628175269926E-7,5.6533117666668007E-7],[5.9665628175269926E-7,6.2728979798468348E-7,6.2447751601923239E-7,6.4259366735568989E-7,6.2447751601923239E-7,6.2728979798468348E-7,5.9665628175269926E-7],[5.9314745722246608E-7,6.2447751601923239E-7,6.3351624920415974E-7,6.4257065089106166E-7,6.3351624920415974E-7,6.2447751601923239E-7,5.9314745722246608E-7],[6.1195739277183913E-7,6.4259366735568989E-7,6.4257065089106166E-7,6.5929354860810314E-7,6.4257065089106166E-7,6.4259366735568989E-7,6.1195739277183913E-7],[5.9314745722246608E-7,6.2447751601923239E-7,6.3351624920415974E-7,6.4257065089106166E-7,6.3351624920415974E-7,6.2447751601923239E-7,5.9314745722246608E-7],[5.9665628175269926E-7,6.2728979798468348E-7,6.2447751601923239E-7,6.4259366735568989E-7,6.2447751601923239E-7,6.2728979798468348E-7,5.9665628175269926E-7],[5.6533117666668007E-7,5.9665628175269926E-7,5.9314745722246608E-7,6.1195739277183913E-7,5.9314745722246608E-7,5.9665628175269926E-7,5.6533117666668007E-7]],[[5.8412722967963566E-7,6.1545562725724788E-7,6.1194645859217438E-7,6.3075837862074138E-7,6.1194645859217438E-7,6.1545562725724788E-7,5.8412722967963566E-7],[6.1545562725724788E-7,6.4609229026117512E-7,6.4327973165302122E-7,6.6139775211993E-7,6.4327973165302122E-7,6.4609229026117512E-7,6.1545562725724788E-7],[6.1194645859217438E-7,6.4327973165302122E-7,6.5231939377424013E-7,6.6137472596476718E-7,6.5231939377424013E-7,6.4327973165302122E-7,6.1194645859217438E-7],[6.3075837862074138E-7,6.6139775211993E-7,6.6137472596476718E-7,6.7809933540655807E-7,6.6137472596476718E-7,6.6139775211993E-7,6.3075837862074138E-7],[6.1194645859217438E-7,6.4327973165302122E-7,6.5231939377424013E-7,6.6137472596476718E-7,6.5231939377424013E-7,6.4327973165302122E-7,6.1194645859217438E-7],[6.1545562725724788E-7,6.4609229026117512E-7,6.4327973165302122E-7,6.6139775211993E-7,6.4327973165302122E-7,6.4609229026117512E-7,6.1545562725724788E-7],[5.8412722967963566E-7,6.1545562725724788E-7,6.1194645859217438E-7,6.3075837862074138E-7,6.1194645859217438E-7,6.1545562725724788E-7,5.8412722967963566E-7]],[[6.0292524504061689E-7,6.342568916557401E-7,6.3074737754779693E-7,6.4956125631775748E-7,6.3074737754779693E-7,6.342568916557401E-7,6.0292524504061689E-7],[6.342568916557401E-7,6.6489666251413232E-7,6.620838282981056E-7,6.8020369507714E-7,6.620838282981056E-7,6.6489666251413232E-7,6.342568916557401E-7],[6.3074737754779693E-7,6.620838282981056E-7,6.7112440826306116E-7,6.8018065984653616E-7,6.7112440826306116E-7,6.620838282981056E-7,6.3074737754779693E-7],[6.4956125631775748E-7,6.8020369507714E-7,6.8018065984653616E-7,6.96906961036362E-7,6.8018065984653616E-7,6.8020369507714E-7,6.4956125631775748E-7],[6.3074737754779693E-7,6.620838282981056E-7,6.7112440826306116E-7,6.8018065984653616E-7,6.7112440826306116E-7,6.620838282981056E-7,6.3074737754779693E-7],[6.342568916557401E-7,6.6489666251413232E-7,6.620838282981056E-7,6.8020369507714E-7,6.620838282981056E-7,6.6489666251413232E-7,6.342568916557401E-7],[6.0292524504061689E-7,6.342568916557401E-7,6.3074737754779693E-7,6.4956125631775748E-7,6.3074737754779693E-7,6.342568916557401E-7,6.0292524504061689E-7]],[[6.2172519728409839E-7,6.5306005141455346E-7,6.4955019215778471E-7,6.68366005008307E-7,6.4955019215778471E-7,6.5306005141455346E-7,6.2172519728409839E-7],[6.5306005141455346E-7,6.8370289222026512E-7,6.8088978408463428E-7,6.99011474879255E-7,6.8088978408463428E-7,6.8370289222026512E-7,6.5306005141455346E-7],[6.4955019215778471E-7,6.8088978408463428E-7,6.8993127097947045E-7,6.989884310240126E-7,6.8993127097947045E-7,6.8088978408463428E-7,6.4955019215778471E-7],[6.68366005008307E-7,6.99011474879255E-7,6.989884310240126E-7,7.1571640416372775E-7,6.989884310240126E-7,6.99011474879255E-7,6.68366005008307E-7],[6.4955019215778471E-7,6.8088978408463428E-7,6.8993127097947045E-7,6.989884310240126E-7,6.8993127097947045E-7,6.8088978408463428E-7,6.4955019215778471E-7],[6.5306005141455346E-7,6.8370289222026512E-7,6.8088978408463428E-7,6.99011474879255E-7,6.8088978408463428E-7,6.8370289222026512E-7,6.5306005141455346E-7],[6.2172519728409839E-7,6.5306005141455346E-7,6.4955019215778471E-7,6.68366005008307E-7,6.4955019215778471E-7,6.5306005141455346E-7,6.2172519728409839E-7]],[[6.4052706195695364E-7,6.7186508355062462E-7,6.6835488055617988E-7,6.87172603631753E-7,6.6835488055617988E-7,6.7186508355062462E-7,6.4052706195695364E-7],[6.7186508355062462E-7,7.0251095721709178E-7,6.9969757729869118E-7,7.1782107024045912E-7,6.9969757729869118E-7,7.0251095721709178E-7,6.7186508355062462E-7],[6.6835488055617988E-7,6.9969757729869118E-7,7.0873996036682773E-7,7.1779801809795771E-7,7.0873996036682773E-7,6.9969757729869118E-7,6.6835488055617988E-7],[6.87172603631753E-7,7.1782107024045912E-7,7.1779801809795771E-7,7.3452764357550534E-7,7.1779801809795771E-7,7.1782107024045912E-7,6.87172603631753E-7],[6.6835488055617988E-7,6.9969757729869118E-7,7.0873996036682773E-7,7.1779801809795771E-7,7.0873996036682773E-7,6.9969757729869118E-7,6.6835488055617988E-7],[6.7186508355062462E-7,7.0251095721709178E-7,6.9969757729869118E-7,7.1782107024045912E-7,6.9969757729869118E-7,7.0251095721709178E-7,6.7186508355062462E-7],[6.4052706195695364E-7,6.7186508355062462E-7,6.6835488055617988E-7,6.87172603631753E-7,6.6835488055617988E-7,6.7186508355062462E-7,6.4052706195695364E-7]],[[6.5933081538518088E-7,6.9067196553561743E-7,6.8716142098896484E-7,7.059810310559532E-7,6.8716142098896484E-7,6.9067196553561743E-7,6.5933081538518088E-7],[6.9067196553561743E-7,7.2132083566359882E-7,7.1850718640384181E-7,7.3663245998819149E-7,7.1850718640384181E-7,7.2132083566359882E-7,6.9067196553561743E-7],[6.8716142098896484E-7,7.1850718640384181E-7,7.275504550313384E-7,7.3660939981736135E-7,7.275504550313384E-7,7.1850718640384181E-7,6.8716142098896484E-7],[7.059810310559532E-7,7.3663245998819149E-7,7.3660939981736135E-7,7.5334065821211584E-7,7.3660939981736135E-7,7.3663245998819149E-7,7.059810310559532E-7],[6.8716142098896484E-7,7.1850718640384181E-7,7.275504550313384E-7,7.3660939981736135E-7,7.275504550313384E-7,7.1850718640384181E-7,6.8716142098896484E-7],[6.9067196553561743E-7,7.2132083566359882E-7,7.1850718640384181E-7,7.3663245998819149E-7,7.1850718640384181E-7,7.2132083566359882E-7,6.906