{"M_cells":[[[0,0,0,0,0,0],[0,0,0,0,0,0],[0,0,0,0,0,0],[0,0,0,0,0,0],[0,0,0,0,0,0],[0,0,0,0,0,0]],[[0.00072512624342382372,0.0017727967350701765,0.0022332588889811575,0.0022332588889811575,0.0017727967350701765,0.00072512624342382372],[0.0017727967350701765,0.0033537790637371005,0.0041146890643188249,0.0041146890643188241,0.0033537790637371,0.0017727967350701765],[0.0022332588889811575,0.0041146890643188249,0.0050258599601423291,0.0050258599601423282,0.0041146890643188241,0.0022332588889811575],[0.0022332588889811575,0.0041146890643188241,0.0050258599601423282,0.0050258599601423282,0.0041146890643188241,0.0022332588889811575],[0.0017727967350701765,0.0033537790637371,0.0041146890643188241,0.0041146890643188241,0.0033537790637371,0.0017727967350701765],[0.00072512624342382372,0.0017727967350701765,0.0022332588889811575,0.0022332588889811575,0.0017727967350701765,0.00072512624342382372]],[[0.002807299926286332,0.004431461482315633,0.0051943420135437046,0.0051943420135437046,0.004431461482315633,0.002807299926286332],[0.004431461482315633,0.0061673449781441906,0.0070521570599736171,0.007052157059973618,0.0061673449781441906,0.004431461482315633],[0.0051943420135437046,0.0070521570599736171,0.007997954746400698,0.007997954746400698,0.0070521570599736171,0.0051943420135437046],[0.0051943420135437046,0.007052157059973618,0.007997954746400698,0.007997954746400698,0.007052157059973618,0.0051943420135437046],[0.004431461482315633,0.0061673449781441906,0.0070521570599736171,0.007052157059973618,0.0061673449781441906,0.004431461482315633],[0.002807299926286332,0.004431461482315633,0.0051943420135437046,0.0051943420135437046,0.004431461482315633,0.002807299926286332]],[[0.0054066508030315213,0.0072136190993697825,0.0080927832837875378,0.0080927832837875378,0.0072136190993697825,0.0054066508030315213],[0.0072136190993697825,0.0089902969485658544,0.0099147521864248623,0.0099147521864248623,0.0089902969485658544,0.0072136190993697825],[0.0080927832837875378,0.0099147521864248623,0.010861860480296283,0.010861860480296283,0.0099147521864248623,0.0080927832837875378],[0.0080927832837875378,0.0099147521864248623,0.010861860480296283,0.010861860480296283,0.0099147521864248623,0.0080927832837875378],[0.0072136190993697825,0.0089902969485658544,0.0099147521864248623,0.0099147521864248623,0.0089902969485658544,0.0072136190993697816],[0.0054066508030315213,0.0072136190993697825,0.0080927832837875378,0.0080927832837875378,0.0072136190993697816,0.0054066508030315213]],[[0.0081685987260708363,0.010033575334240695,0.01095571175447725,0.01095571175447725,0.010033575334240695,0.0081685987260708363],[0.010033575334240695,0.01182464978057665,0.0127634656886,0.0127634656886,0.01182464978057665,0.010033575334240695],[0.01095571175447725,0.0127634656886,0.013710624117564702,0.013710624117564702,0.0127634656886,0.01095571175447725],[0.01095571175447725,0.0127634656886,0.013710624117564702,0.013710624117564702,0.0127634656886,0.01095571175447725],[0.010033575334240695,0.01182464978057665,0.0127634656886,0.0127634656886,0.01182464978057665,0.010033575334240695],[0.0081685987260708363,0.010033575334240695,0.01095571175447725,0.01095571175447725,0.010033575334240695,0.0081685987260708363]],[[0.010982997217786953,0.012867150584682971,0.013805104628068166,0.013805104628068166,0.012867150584682971,0.010982997217786953],[0.012867150584682971,0.014663500880647756,0.015607592823881501,0.015607592823881501,0.014663500880647756,0.012867150584682971],[0.013805104628068166,0.015607592823881501,0.016554754736438394,0.016554754736438394,0.015607592823881501,0.013805104628068166],[0.013805104628068166,0.015607592823881501,0.016554754736438394,0.016554754736438394,0.015607592823881501,0.013805104628068166],[0.012867150584682971,0.014663500880647756,0.015607592823881501,0.015607592823881501,0.014663500880647756,0.012867150584682971],[0.010982997217786953,0.012867150584682971,0.013805104628068166,0.013805104628068166,0.012867150584682971,0.010982997217786953]],[[0.013815006861658829,0.0157057329975513,0.016649508856725895,0.016649508856725895,0.0157057329975513,0.013815006861658829],[0.0157057329975513,0.017504030767624634,0.018450066999451828,0.018450066999451828,0.017504030767624634,0.0157057329975513],[0.016649508856725895,0.018450066999451828,0.019397233789457444,0.019397233789457444,0.018450066999451828,0.016649508856725895],[0.016649508856725895,0.018450066999451828,0.019397233789457444,0.019397233789457444,0.018450066999451828,0.016649508856725895],[0.0157057329975513,0.017504030767624634,0.018450066999451828,0.018450066999451828,0.017504030767624634,0.0157057329975513],[0.013815006861658829,0.0157057329975513,0.016649508856725895,0.016649508856725895,0.0157057329975513,0.013815006861658829]],[[0.016653127857564478,0.01854617327625727,0.019492095626682526,0.019492095626682526,0.01854617327625727,0.016653127857564478],[0.01854617327625727,0.020345200579721154,0.021291958554855217,0.021291958554855217,0.020345200579721154,0.01854617327625727],[0.019492095626682526,0.021291958554855217,0.022239134475452279,0.022239134475452279,0.021291958554855217,0.019492095626682526],[0.019492095626682526,0.021291958554855217,0.022239134475452279,0.022239134475452279,0.021291958554855217,0.019492095626682526],[0.01854617327625727,0.020345200579721154,0.021291958554855217,0.021291958554855217,0.020345200579721154,0.01854617327625727],[0.016653127857564478,0.01854617327625727,0.019492095626682526,0.019492095626682526,0.01854617327625727,0.016653127857564478]],[[0.019493432136584284,0.021387322604223231,0.022334042211757957,0.022334042211757957,0.021387322604223231,0.019493432136584284],[0.021387322604223231,0.023186637528228696,0.024133670655631809,0.024133670655631809,0.023186637528228696,0.021387322604223231],[0.022334042211757957,0.024133670655631809,0.025080860587781695,0.025080860587781695,0.024133670655631809,0.022334042211757957],[0.022334042211757957,0.024133670655631809,0.025080860587781695,0.025080860587781695,0.024133670655631809,0.022334042211757957],[0.021387322604223231,0.023186637528228696,0.024133670655631809,0.024133670655631809,0.023186637528228696,0.021387322604223231],[0.019493432136584284,0.021387322604223231,0.022334042211757957,0.022334042211757957,0.021387322604223231,0.019493432136584284]],[[0.022334549724225345,0.024228768241791643,0.02517579191743189,0.02517579191743189,0.024228768241791643,0.022334549724225345],[0.024228768241791643,0.026028214574607283,0.02697536187505031,0.02697536187505031,0.026028214574607283,0.024228768241791643],[0.02517579191743189,0.02697536187505031,0.027922570999774715,0.027922570999774715,0.02697536187505031,0.02517579191743189],[0.02517579191743189,0.02697536187505031,0.027922570999774715,0.027922570999774715,0.02697536187505031,0.02517579191743189],[0.024228768241791643,0.026028214574607283,0.02697536187505031,0.02697536187505031,0.026028214574607283,0.024228768241791643],[0.022334549724225345,0.024228768241791643,0.02517579191743189,0.02517579191743189,0.024228768241791643,0.022334549724225345]],[[0.025176001209910391,0.027070368517153165,0.028017518153509068,0.028017518153509068,0.027070368517153165,0.025176001209910391],[0.027070368517153165,0.028869895291887448,0.029817100947645864,0.029817100947645864,0.028869895291887448,0.027070368517153165],[0.028017518153509068,0.029817100947645864,0.03076433461242244,0.03076433461242244,0.029817100947645864,0.028017518153509068],[0.028017518153509068,0.029817100947645864,0.03076433461242244,0.030764334612422436,0.02981710094764586,0.028017518153509068],[0.027070368517153165,0.028869895291887448,0.029817100947645864,0.02981710094764586,0.028869895291887448,0.027070368517153165],[0.025176001209910391,0.027070368517153165,0.028017518153509068,0.028017518153509068,0.027070368517153165,0.025176001209910391]],[[0.028017623698761911,0.0299120816529993,0.030859295141671322,0.030859295141671319,0.0299120816529993,0.028017623698761911],[0.0299120816529993,0.031711676707498471,0.032658923641399648,0.032658923641399648,0.031711676707498471,0.0299120816529993],[0.030859295141671322,0.032658923641399648,0.033606187292157697,0.033606187292157697,0.032658923641399648,0.030859295141671322],[0.030859295141671319,0.032658923641399648,0.033606187292157697,0.033606187292157697,0.032658923641399641,0.030859295141671319],[0.0299120816529993,0.031711676707498471,0.032658923641399648,0.032658923641399641,0.031711676707498464,0.029912081652999297],[0.028017623698761911,0.0299120816529993,0.030859295141671322,0.030859295141671319,0.029912081652999297,0.028017623698761911]],[[0.030859368361216544,0.032753902734214163,0.033701160692025861,0.033701160692025861,0.032753902734214163,0.030859368361216544],[0.032753902734214163,0.034553568242435592,0.035500853664826422,0.035500853664826422,0.034553568242435592,0.032753902734214163],[0.033701160692025861,0.035500853664826422,0.036448152811419832,0.036448152811419832,0.035500853664826422,0.033701160692025861],[0.033701160692025861,0.035500853664826422,0.036448152811419832,0.036448152811419832,0.035500853664826422,0.033701160692025861],[0.032753902734214163,0.034553568242435592,0.035500853664826422,0.035500853664826422,0.034553568242435592,0.032753902734214163],[0.030859368361216544,0.032753902734214163,0.033701160692025861,0.033701160692025861,0.032753902734214163,0.030859368361216544]],[[0.033701227873476888,0.035595840492741296,0.036543139289531616,0.036543139289531616,0.035595840492741296,0.033701227873476888],[0.035595840492741296,0.037395583953977171,0.038342910359888231,0.038342910359888231,0.037395583953977171,0.035595840492741296],[0.036543139289531616,0.038342910359888231,0.039290250560940633,0.039290250560940633,0.038342910359888231,0.036543139289531616],[0.036543139289531616,0.038342910359888231,0.039290250560940633,0.039290250560940633,0.038342910359888231,0.036543139289531616],[0.035595840492741296,0.037395583953977171,0.038342910359888231,0.038342910359888231,0.037395583953977171,0.035595840492741296],[0.033701227873476888,0.035595840492741296,0.036543139289531616,0.036543139289531616,0.035595840492741296,0.033701227873476888]],[[0.036543210142540472,0.038437908762283222,0.03938525059272116,0.03938525059272116,0.038437908762283222,0.036543210142540472],[0.038437908762283222,0.040237739688139734,0.041185111545032259,0.041185111545032259,0.040237739688139734,0.038437908762283222],[0.03938525059272116,0.041185111545032259,0.042132498404752868,0.042132498404752868,0.041185111545032259,0.03938525059272116],[0.03938525059272116,0.041185111545032259,0.042132498404752868,0.042132498404752868,0.041185111545032259,0.03938525059272116],[0.038437908762283222,0.040237739688139734,0.041185111545032259,0.041185111545032259,0.040237739688139734,0.038437908762283222],[0.036543210142540472,0.038437908762283222,0.03938525059272116,0.03938525059272116,0.038437908762283222,0.036543210142540472]],[[0.039385328736833321,0.041280123343840132,0.0422275125757329,0.0422275125757329,0.041280123343840132,0.039385328736833321],[0.041280123343840132,0.043080052048474676,0.044027474581703883,0.044027474581703883,0.043080052048474676,0.041280123343840132],[0.0422275125757329,0.044027474581703883,0.044974913754334253,0.044974913754334253,0.044027474581703883,0.0422275125757329],[0.0422275125757329,0.044027474581703883,0.044974913754334253,0.044974913754334253,0.044027474581703883,0.0422275125757329],[0.041280123343840132,0.043080052048474676,0.044027474581703883,0.044027474581703883,0.043080052048474676,0.041280123343840132],[0.039385328736833321,0.041280123343840132,0.0422275125757329,0.0422275125757329,0.041280123343840132,0.039385328736833321]],[[0.042227599399158912,0.044122500870862995,0.045069942706393556,0.045069942706393556,0.044122500870862995,0.042227599399158912],[0.044122500870862995,0.045922538039551188,0.046870016792241176,0.046870016792241176,0.045922538039551188,0.044122500870862995],[0.045069942706393556,0.046870016792241176,0.047817513991398525,0.047817513991398525,0.046870016792241176,0.045069942706393556],[0.045069942706393556,0.046870016792241176,0.047817513991398525,0.047817513991398525,0.046870016792241176,0.045069942706393556],[0.044122500870862995,0.045922538039551188,0.046870016792241176,0.046870016792241176,0.045922538039551188,0.044122500870862995],[0.042227599399158912,0.044122500870862995,0.045069942706393556,0.045069942706393556,0.044122500870862995,0.042227599399158912]],[[0.045070038788443505,0.046965058415779873,0.047912558406088421,0.047912558406088421,0.046965058415779873,0.045070038788443505],[0.046965058415779873,0.0487652149626859,0.049712755642189,0.049712755642189,0.0487652149626859,0.046965058415779873],[0.047912558406088421,0.049712755642189,0.050660316653319555,0.050660316653319555,0.049712755642189,0.047912558406088421],[0.047912558406088421,0.049712755642189,0.050660316653319555,0.050660316653319555,0.049712755642189,0.047912558406088421],[0.046965058415779873,0.0487652149626859,0.049712755642189,0.049712755642189,0.0487652149626859,0.046965058415779873],[0.045070038788443505,0.046965058415779873,0.047912558406088421,0.047912558406088421,0.046965058415779873,0.045070038788443505]],[[0.04791266404280578,0.049807813372810705,0.050755377248039767,0.050755377248039767,0.049807813372810705,0.04791266404280578],[0.049807813372810705,0.051608100406896756,0.052555708837718866,0.052555708837718866,0.051608100406896756,0.049807813372810705],[0.050755377248039767,0.052555708837718866,0.053503339532483749,0.053503339532483749,0.052555708837718866,0.050755377248039767],[0.050755377248039767,0.052555708837718866,0.053503339532483749,0.053503339532483749,0.052555708837718866,0.050755377248039767],[0.049807813372810705,0.051608100406896756,0.052555708837718866,0.052555708837718866,0.051608100406896756,0.049807813372810705],[0.04791266404280578,0.049807813372810705,0.050755377248039767,0.050755377248039767,0.049807813372810705,0.04791266404280578]],[[0.0507554926471266,0.052650783444559653,0.05359841706087503,0.05359841706087503,0.052650783444559653,0.0507554926471266],[0.052650783444559653,0.054451212276296138,0.055398894392799138,0.055398894392799138,0.054451212276296138,0.052650783444559653],[0.05359841706087503,0.055398894392799138,0.056346600744624976,0.056346600744624976,0.055398894392799138,0.05359841706087503],[0.05359841706087503,0.055398894392799138,0.056346600744624976,0.056346600744624976,0.055398894392799138,0.05359841706087503],[0.052650783444559653,0.054451212276296138,0.055398894392799138,0.055398894392799138,0.054451212276296138,0.052650783444559653],[0.0507554926471266,0.052650783444559653,0.05359841706087503,0.05359841706087503,0.052650783444559653,0.0507554926471266]],[[0.053598542414345127,0.0554939866679913,0.056441695998191523,0.056441695998191523,0.0554939866679913,0.053598542414345127],[0.0554939866679913,0.0572945688316521,0.0582423306857404,0.0582423306857404,0.0572945688316521,0.0554939866679913],[0.056441695998191523,0.0582423306857404,0.059190118786047227,0.059190118786047227,0.0582423306857404,0.056441695998191523],[0.056441695998191523,0.0582423306857404,0.059190118786047227,0.059190118786047227,0.0582423306857404,0.056441695998191523],[0.0554939866679913,0.0572945688316521,0.0582423306857404,0.0582423306857404,0.0572945688316521,0.0554939866679913],[0.053598542414345127,0.0554939866679913,0.056441695998191523,0.056441695998191523,0.0554939866679913,0.053598542414345127]],[[0.056441831509641952,0.058337441455577045,0.059285232596046358,0.059285232596046358,0.058337441455577045,0.056441831509641952],[0.058337441455577045,0.060138188737580388,0.061086036512091726,0.061086036512091726,0.060138188737580388,0.058337441455577045],[0.059285232596046358,0.061086036512091726,0.062033912586903654,0.062033912586903654,0.061086036512091726,0.059285232596046365],[0.059285232596046358,0.061086036512091726,0.062033912586903654,0.062033912586903654,0.061086036512091726,0.059285232596046365],[0.058337441455577045,0.060138188737580388,0.061086036512091726,0.061086036512091726,0.060138188737580388,0.058337441455577045],[0.056441831509641952,0.058337441455577045,0.059285232596046365,0.059285232596046365,0.058337441455577045,0.056441831509641952]],[[0.05928537849099829,0.061181166642392905,0.062129045826247439,0.062129045826247439,0.061181166642392905,0.05928537849099829],[0.061181166642392905,0.062982091112050165,0.063930031136357521,0.063930031136357521,0.062982091112050165,0.061181166642392905],[0.062129045826247439,0.063930031136357521,0.064878001563132948,0.064878001563132962,0.063930031136357521,0.062129045826247439],[0.062129045826247439,0.063930031136357521,0.064878001563132962,0.064878001563132962,0.063930031136357535,0.062129045826247446],[0.061181166642392905,0.062982091112050165,0.063930031136357521,0.063930031136357535,0.062982091112050165,0.061181166642392905],[0.05928537849099829,0.061181166642392905,0.062129045826247439,0.062129045826247446,0.061181166642392905,0.05928537849099829]],[[0.062129202356135352,0.06402518153565083,0.0649731551482657,0.0649731551482657,0.06402518153565083,0.062129202356135352],[0.06402518153565083,0.065826295576935673,0.0667743343434396,0.0667743343434396,0.065826295576935673,0.06402518153565083],[0.0649731551482657,0.0667743343434396,0.067722405668046076,0.067722405668046076,0.0667743343434396,0.0649731551482657],[0.0649731551482657,0.0667743343434396,0.067722405668046076,0.067722405668046076,0.0667743343434396,0.0649731551482657],[0.06402518153565083,0.065826295576935673,0.0667743343434396,0.0667743343434396,0.065826295576935673,0.06402518153565083],[0.062129202356135352,0.06402518153565083,0.0649731551482657,0.0649731551482657,0.06402518153565083,0.062129202356135352]],[[0.064973322592044566,0.066869505965337986,0.067817580560839266,0.067817580560839266,0.066869505965337986,0.064973322592044566],[0.066869505965337986,0.068670822309178467,0.069618966490206491,0.069618966490206491,0.068670822309178467,0.066869505965337986],[0.067817580560839266,0.069618966490206491,0.070567145444023913,0.070567145444023913,0.069618966490206491,0.067817580560839266],[0.067817580560839266,0.069618966490206491,0.070567145444023913,0.070567145444023913,0.069618966490206491,0.067817580560839266],[0.066869505965337986,0.068670822309178467,0.069618966490206491,0.069618966490206491,0.068670822309178467,0.066869505965337986],[0.064973322592044566,0.066869505965337986,0.067817580560839266,0.067817580560839266,0.066869505965337986,0.064973322592044566]],[[0.067817759225714161,0.069714160335525285,0.0706623426537208,0.0706623426537208,0.069714160335525285,0.067817759225714161],[0.069714160335525285,0.0715156920924763,0.072463948557428118,0.072463948557428118,0.0715156920924763,0.069714160335525285],[0.0706623426537208,0.072463948557428118,0.073412242074601,0.073412242074601,0.072463948557428118,0.0706623426537208],[0.0706623426537208,0.072463948557428118,0.073412242074601,0.073412242074601,0.072463948557428118,0.0706623426537208],[0.069714160335525285,0.0715156920924763,0.072463948557428118,0.072463948557428118,0.0715156920924763,0.069714160335525285],[0.067817759225714161,0.069714160335525285,0.0706623426537208,0.0706623426537208,0.069714160335525285,0.067817759225714161]],[[0.070662532875598816,0.0725591656762771,0.073507462659854625,0.073507462659854625,0.0725591656762771,0.070662532875598816],[0.0725591656762771,0.074360926369585884,0.075309302202297049,0.075309302202297049,0.074360926369585884,0.0725591656762771],[0.073507462659854625,0.075309302202297049,0.076257717437180683,0.076257717437180683,0.075309302202297049,0.073507462659854625],[0.073507462659854625,0.075309302202297049,0.076257717437180683,0.076257717437180683,0.075309302202297049,0.073507462659854625],[0.0725591656762771,0.074360926369585884,0.075309302202297049,0.075309302202297049,0.074360926369585884,0.0725591656762771],[0.070662532875598816,0.0725591656762771,0.073507462659854625,0.073507462659854625,0.0725591656762771,0.070662532875598816]],[[0.07350766480374149,0.0754045436962331,0.076352962508209735,0.076352962508209735,0.0754045436962331,0.07350766480374149],[0.0754045436962331,0.07720654729538344,0.07815504981174036,0.07815504981174036,0.07720654729538344,0.0754045436962331],[0.076352962508209735,0.07815504981174036,0.079103594156598941,0.079103594156598941,0.07815504981174036,0.076352962508209735],[0.076352962508209735,0.07815504981174036,0.079103594156598941,0.079103594156598941,0.07815504981174036,0.076352962508209735],[0.0754045436962331,0.07720654729538344,0.07815504981174036,0.07815504981174036,0.07720654729538344,0.0754045436962331],[0.07350766480374149,0.0754045436962331,0.076352962508209735,0.076352962508209735,0.0754045436962331,0.07350766480374149]],[[0.076353176968653513,0.07825031683603148,0.079198864877471908,0.079198864877471908,0.07825031683603148,0.076353176968653513],[0.07825031683603148,0.080052577790875212,0.08100121455673194,0.08100121455673194,0.080052577790875212,0.07825031683603148],[0.079198864877471908,0.08100121455673194,0.0819498956597539,0.0819498956597539,0.08100121455673194,0.079198864877471908],[0.079198864877471908,0.08100121455673194,0.0819498956597539,0.0819498956597539,0.08100121455673194,0.079198864877471908],[0.07825031683603148,0.080052577790875212,0.08100121455673194,0.08100121455673194,0.080052577790875212,0.07825031683603148],[0.076353176968653513,0.07825031683603148,0.079198864877471908,0.079198864877471908,0.07825031683603148,0.076353176968653513]],[[0.0791990920790951,0.081096508322766159,0.082045193250826459,0.082045193250826459,0.081096508322766159,0.0791990920790951],[0.081096508322766159,0.0828990415983698,0.0838478204478307,0.0838478204478307,0.0828990415983698,0.081096508322766159],[0.082045193250826459,0.0838478204478307,0.084796646231531089,0.084796646231531089,0.0838478204478307,0.082045193250826459],[0.082045193250826459,0.0838478204478307,0.084796646231531089,0.084796646231531089,0.0838478204478307,0.082045193250826459],[0.081096508322766159,0.0828990415983698,0.0838478204478307,0.0838478204478307,0.0828990415983698,0.081096508322766159],[0.0791990920790951,0.081096508322766159,0.082045193250826459,0.082045193250826459,0.081096508322766159,0.0791990920790951]],[[0.08204543364896949,0.083943142225675033,0.084891971972037281,0.084891971972037281,0.083943142225675033,0.08204543364896949],[0.083943142225675033,0.085745963338012821,0.086694892392150641,0.086694892392150641,0.085745963338012821,0.083943142225675033],[0.084891971972037281,0.086694892392150641,0.0876438710722306,0.0876438710722306,0.086694892392150641,0.084891971972037281],[0.084891971972037281,0.086694892392150641,0.0876438710722306,0.0876438710722306,0.086694892392150641,0.084891971972037281],[0.083943142225675033,0.085745963338012821,0.086694892392150641,0.086694892392150641,0.085745963338012821,0.083943142225675033],[0.08204543364896949,0.083943142225675033,0.084891971972037281,0.084891971972037281,0.083943142225675033,0.08204543364896949]],[[0.084892226053511044,0.08679024351327172,0.0877392263030386,0.0877392263030386,0.08679024351327172,0.084892226053511044],[0.08679024351327172,0.088593368565898167,0.089542456251976585,0.089542456251976585,0.088593368565898167,0.08679024351327172],[0.0877392263030386,0.089542456251976585,0.090491596356709628,0.090491596356709628,0.089542456251976585,0.0877392263030386],[0.0877392263030386,0.089542456251976585,0.090491596356709628,0.090491596356709628,0.089542456251976585,0.0877392263030386],[0.08679024351327172,0.088593368565898167,0.089542456251976585,0.089542456251976585,0.088593368565898167,0.08679024351327172],[0.084892226053511044,0.08679024351327172,0.0877392263030386,0.0877392263030386,0.08679024351327172,0.084892226053511044]],[[0.087739494586994357,0.089637838112129969,0.090586982483244177,0.090586982483244177,0.089637838112129969,0.087739494586994357],[0.089637838112129969,0.091441283833961384,0.092390538905229941,0.092390538905229941,0.091441283833961384,0.089637838112129969],[0.090586982483244177,0.092390538905229941,0.09333984929544463,0.09333984929544463,0.092390538905229941,0.090586982483244177],[0.090586982483244177,0.092390538905229941,0.09333984929544463,0.09333984929544463,0.092390538905229941,0.090586982483244177],[0.089637838112129969,0.091441283833961384,0.092390538905229941,0.092390538905229941,0.091441283833961384,0.089637838112129969],[0.087739494586994357,0.089637838112129969,0.090586982483244177,0.090586982483244177,0.089637838112129969,0.087739494586994357]],[[0.0905872655221541,0.092485952967519783,0.09343526779078018,0.09343526779078018,0.092485952967519783,0.0905872655221541],[0.092485952967519783,0.09428973675185523,0.095239168307985733,0.095239168307985733,0.09428973675185523,0.092485952967519783],[0.09343526779078018,0.095239168307985733,0.096188658197711871,0.096188658197711871,0.095239168307985733,0.09343526779078018],[0.09343526779078018,0.095239168307985733,0.096188658197711871,0.096188658197711871,0.095239168307985733,0.09343526779078018],[0.092485952967519783,0.09428973675185523,0.095239168307985733,0.095239168307985733,0.09428973675185523,0.092485952967519783],[0.0905872655221541,0.092485952967519783,0.09343526779078018,0.09343526779078018,0.092485952967519783,0.0905872655221541]],[[0.09343556617154071,0.09533461610611027,0.096284110605852333,0.096284110605852333,0.09533461610611027,0.09343556617154071],[0.09533461610611027,0.097138756051018391,0.098088373559249792,0.098088373559249792,0.097138756051018391,0.09533461610611027],[0.096284110605852333,0.098088373559249792,0.099038052537095272,0.099038052537095272,0.098088373559249792,0.096284110605852333],[0.096284110605852333,0.098088373559249792,0.099038052537095272,0.099038052537095272,0.098088373559249792,0.096284110605852333],[0.09533461610611027,0.097138756051018391,0.098088373559249792,0.098088373559249792,0.097138756051018391,0.09533461610611027],[0.09343556617154071,0.09533461610611027,0.096284110605852333,0.096284110605852333,0.09533461610611027,0.09343556617154071]],[[0.09628442495098484,0.098183856700920474,0.099133540476426987,0.099133540476426987,0.098183856700920474,0.09628442495098484],[0.098183856700920474,0.099988371651117292,0.10093818496817442,0.10093818496817442,0.099988371651117292,0.098183856700920474],[0.099133540476426987,0.10093818496817442,0.10188806301949796,0.10188806301949796,0.10093818496817442,0.099133540476426987],[0.099133540476426987,0.10093818496817442,0.10188806301949796,0.10188806301949796,0.10093818496817442,0.099133540476426987],[0.098183856700920474,0.099988371651117292,0.10093818496817442,0.10093818496817442,0.099988371651117292,0.098183856700920474],[0.09628442495098484,0.098183856700920474,0.099133540476426987,0.099133540476426987,0.098183856700920474,0.09628442495098484]],[[0.0991338714454013,0.10103370513873373,0.10198358818643621,0.10198358818643621,0.10103370513873373,0.0991338714454013],[0.10103370513873373,0.10283861472907355,0.10378863412392389,0.10378863412392389,0.10283861472907355,0.10103370513873373],[0.10198358818643621,0.10378863412392389,0.10473872165386901,0.10473872165386901,0.10378863412392389,0.10198358818643621],[0.10198358818643621,0.10378863412392389,0.10473872165386901,0.10473872165386901,0.10378863412392389,0.10198358818643621],[0.10103370513873373,0.10283861472907355,0.10378863412392389,0.10378863412392389,0.10283861472907355,0.10103370513873373],[0.0991338714454013,0.10103370513873373,0.10198358818643621,0.10198358818643621,0.10103370513873373,0.0991338714454013]],[[0.10198393647709843,0.10388419309015456,0.10483428582670329,0.10483428582670329,0.10388419309015456,0.10198393647709843],[0.10388419309015456,0.10568951779086147,0.10663975396837858,0.10663975396837858,0.10568951779086147,0.10388419309015456],[0.10483428582670329,0.10663975396837858,0.10759006182583367,0.10759006182583367,0.10663975396837858,0.10483428582670329],[0.10483428582670329,0.10663975396837858,0.10759006182583367,0.10759006182583367,0.10663975396837858,0.10483428582670329],[0.10388419309015456,0.10568951779086147,0.10663975396837858,0.10663975396837858,0.10568951779086147,0.10388419309015456],[0.10198393647709843,0.10388419309015456,0.10483428582670329,0.10483428582670329,0.10388419309015456,0.10198393647709843]],[[0.10483465217680722,0.10673535358250956,0.1076856668687641,0.1076856668687641,0.10673535358250956,0.10483465217680722],[0.10673535358250956,0.10854111474626846,0.10949157887186294,0.10949157887186294,0.10854111474626846,0.10673535358250956],[0.1076856668687641,0.10949157887186294,0.11044211837441194,0.11044211837441194,0.10949157887186294,0.1076856668687641],[0.1076856668687641,0.10949157887186294,0.11044211837441194,0.11044211837441194,0.10949157887186294,0.1076856668687641],[0.10673535358250956,0.10854111474626846,0.10949157887186294,0.10949157887186294,0.10854111474626846,0.10673535358250956],[0.10483465217680722,0.10673535358250956,0.1076856668687641,0.1076856668687641,0.10673535358250956,0.10483465217680722]],[[0.10768605205762256,0.10958722107579261,0.11053776624180239,0.11053776624180239,0.10958722107579261,0.10768605205762256],[0.10958722107579261,0.11139344098682602,0.11234414471211074,0.11234414471211074,0.11139344098682602,0.10958722107579261],[0.11053776624180239,0.11234414471211074,0.11329492767204072,0.11329492767204072,0.11234414471211074,0.11053776624180239],[0.11053776624180239,0.11234414471211074,0.11329492767204072,0.11329492767204072,0.11234414471211074,0.11053776624180239],[0.10958722107579261,0.11139344098682602,0.11234414471211074,0.11234414471211074,0.11139344098682602,0.10958722107579261],[0.10768605205762256,0.10958722107579261,0.11053776624180239,0.11053776624180239,0.10958722107579261,0.10768605205762256]],[[0.11053817109203727,0.11243983154183892,0.1133906204128859,0.1133906204128859,0.11243983154183892,0.11053817109203727],[0.11243983154183892,0.11424653346709711,0.11519748895665519,0.11519748895665519,0.11424653346709711,0.11243983154183892],[0.1133906204128859,0.11519748895665519,0.11614852770808641,0.11614852770808641,0.11519748895665519,0.1133906204128859],[0.1133906204128859,0.11519748895665519,0.11614852770808641,0.11614852770808641,0.11519748895665519,0.1133906204128859],[0.11243983154183892,0.11424653346709711,0.11519748895665519,0.11519748895665519,0.11424653346709711,0.11243983154183892],[0.11053817109203727,0.11243983154183892,0.1133906204128859,0.1133906204128859,0.11243983154183892,0.11053817109203727]],[[0.1133910457922967,0.11529322254694456,0.1162442674707075,0.1162442674707075,0.11529322254694456,0.1133910457922967],[0.11529322254694456,0.11710043078953535,0.11805165074885567,0.11805165074885567,0.11710043078953535,0.11529322254694456],[0.1162442674707075,0.11805165074885567,0.1190029581760625,0.1190029581760625,0.11805165074885567,0.1162442674707075],[0.1162442674707075,0.11805165074885567,0.1190029581760625,0.1190029581760625,0.11805165074885567,0.1162442674707075],[0.11529322254694456,0.11710043078953535,0.11805165074885567,0.11805165074885567,0.11710043078953535,0.11529322254694456],[0.1133910457922967,0.11529322254694456,0.1162442674707075,0.1162442674707075,0.11529322254694456,0.1133910457922967]],[[0.11624471429424639,0.11814743333812067,0.11909874721302657,0.11909874721302657,0.11814743333812067,0.11624471429424639],[0.11814743333812067,0.11995517329310934,0.12090667099775765,0.12090667099775765,0.11995517329310934,0.11814743333812067],[0.11909874721302657,0.12090667099775765,0.12185826056474919,0.12185826056474919,0.12090667099775765,0.11909874721302657],[0.11909874721302657,0.12090667099775765,0.12185826056474919,0.12185826056474919,0.12090667099775765,0.11909874721302657],[0.11814743333812067,0.11995517329310934,0.12090667099775765,0.12090667099775765,0.11995517329310934,0.11814743333812067],[0.11624471429424639,0.11814743333812067,0.11909874721302657,0.11909874721302657,0.11814743333812067,0.11624471429424639]],[[0.11909921644490011,0.12100250493321249,0.12195410123805249,0.12195410123805249,0.12100250493321249,0.11909921644490011],[0.12100250493321249,0.12281080314592864,0.12376259247202756,0.12376259247202756,0.12281080314592864,0.12100250493321249],[0.12195410123805249,0.12376259247202756,0.12471447825345949,0.12471447825345949,0.12376259247202756,0.12195410123805249],[0.12195410123805249,0.12376259247202756,0.12471447825345949,0.12471447825345949,0.12376259247202756,0.12195410123805249],[0.12100250493321249,0.12281080314592864,0.12376259247202756,0.12376259247202756,0.12281080314592864,0.12100250493321249],[0.11909921644490011,0.12100250493321249,0.12195410123805249,0.12195410123805249,0.12100250493321249,0.11909921644490011]],[[0.12195459389392921,0.12385848021507062,0.12481037303994759,0.12481037303994759,0.12385848021507062,0.12195459389392921],[0.12385848021507062,0.12566736444205998,0.12661945989814946,0.12661945989814946,0.12566736444205998,0.12385848021507062],[0.12481037303994759,0.12661945989814946,0.12757165661164005,0.12757165661164005,0.12661945989814943,0.12481037303994758],[0.12481037303994759,0.12661945989814946,0.12757165661164005,0.12757165661164005,0.12661945989814943,0.12481037303994758],[0.12385848021507062,0.12566736444205998,0.12661945989814943,0.12661945989814943,0.12566736444205998,0.12385848021507062],[0.12195459389392921,0.12385848021507062,0.12481037303994758,0.12481037303994758,0.12385848021507062,0.12195459389392921]],[[0.12481089018929784,0.12671540403002268,0.12766760810870462,0.12766760810870462,0.12671540403002268,0.12481089018929784],[0.12671540403002268,0.12852490330278707,0.12947732006313972,0.12947732006313972,0.12852490330278707,0.12671540403002268],[0.12766760810870462,0.12947732006313972,0.13042984310306635,0.13042984310306635,0.12947732006313972,0.12766760810870462],[0.12766760810870462,0.12947732006313972,0.13042984310306635,0.13042984310306635,0.12947732006313972,0.12766760810870462],[0.12671540403002268,0.12852490330278707,0.12947732006313972,0.12947732006313972,0.12852490330278704,0.12671540403002265],[0.12481089018929784,0.12671540403002268,0.12766760810870462,0.12766760810870462,0.12671540403002265,0.12481089018929781]],[[0.12766815087726169,0.1295733232908704,0.13052585403462144,0.13052585403462144,0.1295733232908704,0.12766815087726169],[0.1295733232908704,0.13138346798254297,0.13233622192201192,0.13233622192201192,0.13138346798254297,0.1295733232908704],[0.13052585403462144,0.13233622192201192,0.13328908739486642,0.13328908739486642,0.13233622192201192,0.13052585403462144],[0.13052585403462144,0.13233622192201192,0.13328908739486642,0.13328908739486642,0.13233622192201192,0.13052585403462144],[0.1295733232908704,0.13138346798254297,0.13233622192201192,0.13233622192201192,0.13138346798254297,0.1295733232908704],[0.12766815087726169,0.1295733232908704,0.13052585403462144,0.13052585403462144,0.1295733232908704,0.12766815087726169]],[[0.13052642360697866,0.1324322870846337,0.1333851606176111,0.1333851606176111,0.1324322870846337,0.13052642360697866],[0.1324322870846337,0.13424310897974692,0.13519621671022861,0.13519621671022861,0.13424310897974692,0.1324322870846337],[0.1333851606176111,0.13519621671022861,0.13614944147161287,0.13614944147161287,0.13519621671022861,0.1333851606176111],[0.1333851606176111,0.13519621671022861,0.13614944147161287,0.13614944147161287,0.13519621671022861,0.1333851606176111],[0.1324322870846337,0.13424310897974692,0.13519621671022861,0.13519621671022861,0.13424310897974692,0.1324322870846337],[0.13052642360697866,0.1324322870846337,0.1333851606176111,0.1333851606176111,0.1324322870846337,0.13052642360697866]],[[0.13338575823994822,0.13529234678531349,0.13624557998160483,0.13624557998160483,0.13529234678531349,0.13338575823994822],[0.13529234678531349,0.13710387915281702,0.13805735806141145,0.13805735806141145,0.13710387915281702,0.13529234678531349],[0.13624557998160483,0.13805735806141145,0.13901095975475847,0.13901095975475847,0.13805735806141145,0.13624557998160483],[0.13624557998160483,0.13805735806141145,0.13901095975475847,0.13901095975475847,0.13805735806141145,0.13624557998160483],[0.13529234678531349,0.13710387915281702,0.13805735806141145,0.13805735806141145,0.13710387915281702,0.13529234678531349],[0.13338575823994822,0.13529234678531349,0.13624557998160483,0.13624557998160483,0.13529234678531349,0.13338575823994822]],[[0.13624620696456438,0.13815355617192165,0.13910716669430517,0.13910716669430517,0.13815355617192165,0.13624620696456438],[0.13815355617192165,0.13996583384161682,0.1409197021305707,0.1409197021305707,0.13996583384161682,0.13815355617192165],[0.13910716669430517,0.1409197021305707,0.14187369922767876,0.14187369922767876,0.1409197021305707,0.13910716669430517],[0.13910716669430517,0.1409197021305707,0.14187369922767876,0.14187369922767876,0.1409197021305707,0.13910716669430517],[0.13815355617192165,0.13996583384161682,0.1409197021305707,0.1409197021305707,0.13996583384161682,0.13815355617192165],[0.13624620696456438,0.13815355617192165,0.13910716669430517,0.13910716669430517,0.13815355617192165,0.13624620696456438]],[[0.13910782441600661,0.14101597155203835,0.14196997789256116,0.14196997789256116,0.14101597155203835,0.13910782441600661],[0.14101597155203835,0.14282903099460342,0.14378330772312967,0.14378330772312967,0.14282903099460342,0.14101597155203835],[0.14196997789256116,0.14378330772312967,0.1447377195666017,0.1447377195666017,0.14378330772312967,0.14196997789256116],[0.14196997789256116,0.14378330772312967,0.1447377195666017,0.1447377195666017,0.14378330772312967,0.14196997789256116],[0.14101597155203835,0.14282903099460342,0.14378330772312967,0.14378330772312967,0.14282903099460342,0.14101597155203835],[0.13910782441600661,0.14101597155203835,0.14196997789256116,0.14196997789256116,0.14101597155203835,0.13910782441600661]],[[0.14197066780177603,0.14387965189118793,0.14483407341365431,0.14483407341365431,0.14387965189118793,0.14197066780177603],[0.14387965189118793,0.14569353130197679,0.14664823643004474,0.14664823643004474,0.14569353130197679,0.14387965189118793],[0.14483407341365431,0.14664823643004474,0.14760308327772917,0.14760308327772917,0.14664823643004474,0.14483407341365431],[0.14483407341365431,0.14664823643004474,0.14760308327772917,0.14760308327772917,0.14664823643004474,0.14483407341365431],[0.14387965189118793,0.14569353130197679,0.14664823643004474,0.14664823643004474,0.14569353130197679,0.14387965189118793],[0.14197066780177603,0.14387965189118793,0.14483407341365431,0.14483407341365431,0.14387965189118793,0.14197066780177603]],[[0.14483479703313706,0.14674465894832459,0.14769951593277589,0.14769951593277589,0.14674465894832459,0.14483479703313706],[0.14674465894832459,0.14855939833512094,0.14951455276931086,0.14951455276931086,0.14855939833512094,0.14674465894832459],[0.14769951593277589,0.14951455276931086,0.150469855840843,0.150469855840843,0.14951455276931086,0.14769951593277589],[0.14769951593277589,0.14951455276931086,0.150469855840843,0.150469855840843,0.14951455276931086,0.14769951593277589],[0.14674465894832459,0.14855939833512094,0.14951455276931086,0.14951455276931086,0.14855939833512094,0.14674465894832459],[0.14483479703313706,0.14674465894832459,0.14769951593277589,0.14769951593277589,0.14674465894832459,0.14483479703313706]],[[0.14770027486276718,0.14961105741771427,0.15056637110703316,0.15056637110703316,0.14961105741771427,0.14770027486276718],[0.14961105741771427,0.15142669869264969,0.15238232433418597,0.15238232433418597,0.15142669869264969,0.14961105741771427],[0.15056637110703316,0.15238232433418597,0.1533381058597342,0.1533381058597342,0.15238232433418597,0.15056637110703316],[0.15056637110703316,0.15238232433418597,0.1533381058597342,0.1533381058597342,0.15238232433418597,0.15056637110703316],[0.14961105741771427,0.15142669869264969,0.15238232433418597,0.15238232433418597,0.15142669869264969,0.14961105741771427],[0.14770027486276718,0.14961105741771427,0.15056637110703316,0.15056637110703316,0.14961105741771427,0.14770027486276718]],[[0.15056716702892173,0.15247891507756364,0.15343470772626205,0.15343470772626205,0.15247891507756364,0.15056716702892173],[0.15247891507756364,0.15429550215338969,0.15525162194844394,0.15525162194844394,0.15429550215338969,0.152478915077