{"M_cells":[[[0,0,0,0,0,0,0,0,0,0,0,0,0,0,0,0,0,0,0,0,0,0,0],[0,0,0,0,0,0,0,0,0,0,0,0,0,0,0,0,0,0,0,0,0,0,0],[0,0,0,0,0,0,0,0,0,0,0,0,0,0,0,0,0,0,0,0,0,0,0],[0,0,0,0,0,0,0,0,0,0,0,0,0,0,0,0,0,0,0,0,0,0,0],[0,0,0,0,0.0045,0,0.0045,0,0.0045,0,0.0045,0,0.0045,0,0.0045,0,0.0045,0,0.0045,0,0,0,0],[0,0,0,0,0,0,0,0,0,0,0,0,0,0,0,0,0,0,0,0,0,0,0],[0,0,0,0,0.0045,0,0.0045,0,0.0045,0,0.0045,0,0.0045,0,0.0045,0,0.0045,0,0.0045,0,0,0,0],[0,0,0,0,0,0,0,0,0,0,0,0,0,0,0,0,0,0,0,0,0,0,0],[0,0,0,0,0.0045,0,0.0045,0,0.0045,0,0.0045,0,0.0045,0,0.0045,0,0.0045,0,0.0045,0,0,0,0],[0,0,0,0,0,0,0,0,0,0,0,0,0,0,0,0,0,0,0,0,0,0,0],[0,0,0,0,0.0045,0,0.0045,0,0.0045,0,0.0045,0,0.0045,0,0.0045,0,0.0045,0,0.0045,0,0,0,0],[0,0,0,0,0,0,0,0,0,0,0,0,0,0,0,0,0,0,0,0,0,0,0],[0,0,0,0,0.0045,0,0.0045,0,0.0045,0,0.0045,0,0.0045,0,0.0045,0,0.0045,0,0.0045,0,0,0,0],[0,0,0,0,0,0,0,0,0,0,0,0,0,0,0,0,0,0,0,0,0,0,0],[0,0,0,0,0.0045,0,0.0045,0,0.0045,0,0.0045,0,0.0045,0,0.0045,0,0.0045,0,0.0045,0,0,0,0],[0,0,0,0,0,0,0,0,0,0,0,0,0,0,0,0,0,0,0,0,0,0,0],[0,0,0,0,0.0045,0,0.0045,0,0.0045,0,0.0045,0,0.0045,0,0.0045,0,0.0045,0,0.0045,0,0,0,0],[0,0,0,0,0,0,0,0,0,0,0,0,0,0,0,0,0,0,0,0,0,0,0],[0,0,0,0,0.0045,0,0.0045,0,0.0045,0,0.0045,0,0.0045,0,0.0045,0,0.0045,0,0.0045,0,0,0,0],[0,0,0,0,0,0,0,0,0,0,0,0,0,0,0,0,0,0,0,0,0,0,0],[0,0,0,0,0,0,0,0,0,0,0,0,0,0,0,0,0,0,0,0,0,0,0],[0,0,0,0,0,0,0,0,0,0,0,0,0,0,0,0,0,0,0,0,0,0,0],[0,0,0,0,0,0,0,0,0,0,0,0,0,0,0,0,0,0,0,0,0,0,0]],[[0,0,0,0,0,0,0,0,0,0,0,0,0,0,0,0,0,0,0,0,0,0,0],[0,1.8869780562602681E-23,1.131734090104737E-19,3.7709387825928047E-16,5.3849037098044534E-13,7.541877376487804E-16,5.3849048415385261E-13,7.5418775651856093E-16,5.3849048415385453E-13,7.54187756518561E-16,5.3849048415385453E-13,7.54187756518561E-16,5.3849048415385453E-13,7.54187756518561E-16,5.3849048415385453E-13,7.5418775651856093E-16,5.3849048415385261E-13,7.541877376487804E-16,5.3849037098044534E-13,3.7709387825928047E-16,1.131734090104737E-19,1.8869780562602681E-23,0],[0,1.131734090104737E-19,5.6564080323658547E-16,1.6154706602477077E-12,2.0185323168295979E-9,3.2309412073220055E-12,2.0185328824703878E-9,3.230941320495415E-12,2.0185328824704019E-9,3.2309413204954158E-12,2.0185328824704019E-9,3.2309413204954158E-12,2.0185328824704019E-9,3.2309413204954158E-12,2.0185328824704019E-9,3.230941320495415E-12,2.0185328824703878E-9,3.2309412073220055E-12,2.0185323168295979E-9,1.6154706602477077E-12,5.6564080323658547E-16,1.131734090104737E-19,0],[0,3.7709387825928047E-16,1.6154706602477077E-12,4.0370633138306926E-9,4.4838378359744787E-6,8.0741262505675036E-9,4.4838394514450847E-6,8.0741266276613819E-9,4.4838394514451406E-6,8.0741266276613869E-9,4.4838394514451406E-6,8.0741266276613869E-9,4.4838394514451406E-6,8.0741266276613869E-9,4.4838394514451406E-6,8.0741266276613819E-9,4.4838394514450847E-6,8.0741262505675036E-9,4.4838378359744787E-6,4.0370633138306926E-9,1.6154706602477077E-12,3.7709387825928047E-16,0],[0,5.3849037098044534E-13,2.0185323168295979E-9,4.4838378359744787E-6,0.0044820566111532555,8.96767513345858E-6,0.00448205862968548,8.9676756719489489E-6,0.0044820586296855742,8.967675671948959E-6,0.0044820586296855742,8.967675671948959E-6,0.0044820586296855742,8.967675671948959E-6,0.0044820586296855742,8.9676756719489489E-6,0.00448205862968548,8.96767513345858E-6,0.0044820566111532555,4.4838378359744787E-6,2.0185323168295979E-9,5.3849037098044534E-13,0],[0,7.541877376487804E-16,3.2309412073220055E-12,8.0741262505675036E-9,8.96767513345858E-6,1.614825174694726E-8,8.9676783643996729E-6,1.6148252501134997E-8,8.9676783643997864E-6,1.6148252501135007E-8,8.9676783643997864E-6,1.6148252501135007E-8,8.9676783643997864E-6,1.6148252501135007E-8,8.9676783643997864E-6,1.6148252501134997E-8,8.9676783643996729E-6,1.614825174694726E-8,8.96767513345858E-6,8.0741262505675036E-9,3.2309412073220055E-12,7.541877376487804E-16,0],[0,5.3849048415385261E-13,2.0185328824703878E-9,4.4838394514450847E-6,0.00448205862968548,8.9676783643996729E-6,0.0044820606482182668,8.9676789028901559E-6,0.0044820606482183604,8.9676789028901677E-6,0.0044820606482183604,8.9676789028901677E-6,0.0044820606482183604,8.9676789028901677E-6,0.0044820606482183604,8.9676789028901559E-6,0.0044820606482182668,8.9676783643996729E-6,0.00448205862968548,4.4838394514450847E-6,2.0185328824703878E-9,5.3849048415385261E-13,0],[0,7.5418775651856093E-16,3.230941320495415E-12,8.0741266276613819E-9,8.9676756719489489E-6,1.6148252501134997E-8,8.9676789028901559E-6,1.6148253255322754E-8,8.9676789028902711E-6,1.6148253255322767E-8,8.9676789028902711E-6,1.6148253255322767E-8,8.9676789028902711E-6,1.6148253255322767E-8,8.9676789028902711E-6,1.6148253255322754E-8,8.9676789028901559E-6,1.6148252501134997E-8,8.9676756719489489E-6,8.0741266276613819E-9,3.230941320495415E-12,7.5418775651856093E-16,0],[0,5.3849048415385453E-13,2.0185328824704019E-9,4.4838394514451406E-6,0.0044820586296855742,8.9676783643997864E-6,0.0044820606482183604,8.9676789028902711E-6,0.004482060648218455,8.9676789028902812E-6,0.004482060648218455,8.9676789028902812E-6,0.004482060648218455,8.9676789028902812E-6,0.004482060648218455,8.9676789028902711E-6,0.0044820606482183604,8.9676783643997864E-6,0.0044820586296855742,4.4838394514451406E-6,2.0185328824704019E-9,5.3849048415385453E-13,0],[0,7.54187756518561E-16,3.2309413204954158E-12,8.0741266276613869E-9,8.967675671948959E-6,1.6148252501135007E-8,8.9676789028901677E-6,1.6148253255322767E-8,8.9676789028902812E-6,1.614825325532278E-8,8.9676789028902812E-6,1.614825325532278E-8,8.9676789028902812E-6,1.614825325532278E-8,8.9676789028902812E-6,1.6148253255322767E-8,8.9676789028901677E-6,1.6148252501135007E-8,8.967675671948959E-6,8.0741266276613869E-9,3.2309413204954158E-12,7.54187756518561E-16,0],[0,5.3849048415385453E-13,2.0185328824704019E-9,4.4838394514451406E-6,0.0044820586296855742,8.9676783643997864E-6,0.0044820606482183604,8.9676789028902711E-6,0.004482060648218455,8.9676789028902812E-6,0.004482060648218455,8.9676789028902812E-6,0.004482060648218455,8.9676789028902812E-6,0.004482060648218455,8.9676789028902711E-6,0.0044820606482183604,8.9676783643997864E-6,0.0044820586296855742,4.4838394514451406E-6,2.0185328824704019E-9,5.3849048415385453E-13,0],[0,7.54187756518561E-16,3.2309413204954158E-12,8.0741266276613869E-9,8.967675671948959E-6,1.6148252501135007E-8,8.9676789028901677E-6,1.6148253255322767E-8,8.9676789028902812E-6,1.614825325532278E-8,8.9676789028902812E-6,1.614825325532278E-8,8.9676789028902812E-6,1.614825325532278E-8,8.9676789028902812E-6,1.6148253255322767E-8,8.9676789028901677E-6,1.6148252501135007E-8,8.967675671948959E-6,8.0741266276613869E-9,3.2309413204954158E-12,7.54187756518561E-16,0],[0,5.3849048415385453E-13,2.0185328824704019E-9,4.4838394514451406E-6,0.0044820586296855742,8.9676783643997864E-6,0.0044820606482183604,8.9676789028902711E-6,0.004482060648218455,8.9676789028902812E-6,0.004482060648218455,8.9676789028902812E-6,0.004482060648218455,8.9676789028902812E-6,0.004482060648218455,8.9676789028902711E-6,0.0044820606482183604,8.9676783643997864E-6,0.0044820586296855742,4.4838394514451406E-6,2.0185328824704019E-9,5.3849048415385453E-13,0],[0,7.54187756518561E-16,3.2309413204954158E-12,8.0741266276613869E-9,8.967675671948959E-6,1.6148252501135007E-8,8.9676789028901677E-6,1.6148253255322767E-8,8.9676789028902812E-6,1.614825325532278E-8,8.9676789028902812E-6,1.614825325532278E-8,8.9676789028902812E-6,1.614825325532278E-8,8.9676789028902812E-6,1.6148253255322767E-8,8.9676789028901677E-6,1.6148252501135007E-8,8.967675671948959E-6,8.0741266276613869E-9,3.2309413204954158E-12,7.54187756518561E-16,0],[0,5.3849048415385453E-13,2.0185328824704019E-9,4.4838394514451406E-6,0.0044820586296855742,8.9676783643997864E-6,0.0044820606482183604,8.9676789028902711E-6,0.004482060648218455,8.9676789028902812E-6,0.004482060648218455,8.9676789028902812E-6,0.004482060648218455,8.9676789028902812E-6,0.004482060648218455,8.9676789028902711E-6,0.0044820606482183604,8.9676783643997864E-6,0.0044820586296855742,4.4838394514451406E-6,2.0185328824704019E-9,5.3849048415385453E-13,0],[0,7.5418775651856093E-16,3.230941320495415E-12,8.0741266276613819E-9,8.9676756719489489E-6,1.6148252501134997E-8,8.9676789028901559E-6,1.6148253255322754E-8,8.9676789028902711E-6,1.6148253255322767E-8,8.9676789028902711E-6,1.6148253255322767E-8,8.9676789028902711E-6,1.6148253255322767E-8,8.9676789028902711E-6,1.6148253255322754E-8,8.9676789028901559E-6,1.6148252501134997E-8,8.9676756719489489E-6,8.0741266276613819E-9,3.230941320495415E-12,7.5418775651856093E-16,0],[0,5.3849048415385261E-13,2.0185328824703878E-9,4.4838394514450847E-6,0.00448205862968548,8.9676783643996729E-6,0.0044820606482182668,8.9676789028901559E-6,0.0044820606482183604,8.9676789028901677E-6,0.0044820606482183604,8.9676789028901677E-6,0.0044820606482183604,8.9676789028901677E-6,0.0044820606482183604,8.9676789028901559E-6,0.0044820606482182668,8.9676783643996729E-6,0.00448205862968548,4.4838394514450847E-6,2.0185328824703878E-9,5.3849048415385261E-13,0],[0,7.541877376487804E-16,3.2309412073220055E-12,8.0741262505675036E-9,8.96767513345858E-6,1.614825174694726E-8,8.9676783643996729E-6,1.6148252501134997E-8,8.9676783643997864E-6,1.6148252501135007E-8,8.9676783643997864E-6,1.6148252501135007E-8,8.9676783643997864E-6,1.6148252501135007E-8,8.9676783643997864E-6,1.6148252501134997E-8,8.9676783643996729E-6,1.614825174694726E-8,8.96767513345858E-6,8.0741262505675036E-9,3.2309412073220055E-12,7.541877376487804E-16,0],[0,5.3849037098044534E-13,2.0185323168295979E-9,4.4838378359744787E-6,0.0044820566111532555,8.96767513345858E-6,0.00448205862968548,8.9676756719489489E-6,0.0044820586296855742,8.967675671948959E-6,0.0044820586296855742,8.967675671948959E-6,0.0044820586296855742,8.967675671948959E-6,0.0044820586296855742,8.9676756719489489E-6,0.00448205862968548,8.96767513345858E-6,0.0044820566111532555,4.4838378359744787E-6,2.0185323168295979E-9,5.3849037098044534E-13,0],[0,3.7709387825928047E-16,1.6154706602477077E-12,4.0370633138306926E-9,4.4838378359744787E-6,8.0741262505675036E-9,4.4838394514450847E-6,8.0741266276613819E-9,4.4838394514451406E-6,8.0741266276613869E-9,4.4838394514451406E-6,8.0741266276613869E-9,4.4838394514451406E-6,8.0741266276613869E-9,4.4838394514451406E-6,8.0741266276613819E-9,4.4838394514450847E-6,8.0741262505675036E-9,4.4838378359744787E-6,4.0370633138306935E-9,1.6154706602477077E-12,3.7709387825928052E-16,0],[0,1.131734090104737E-19,5.6564080323658547E-16,1.6154706602477077E-12,2.0185323168295979E-9,3.2309412073220055E-12,2.0185328824703878E-9,3.230941320495415E-12,2.0185328824704019E-9,3.2309413204954158E-12,2.0185328824704019E-9,3.2309413204954158E-12,2.0185328824704019E-9,3.2309413204954158E-12,2.0185328824704019E-9,3.230941320495415E-12,2.0185328824703878E-9,3.2309412073220055E-12,2.0185323168295979E-9,1.6154706602477077E-12,5.6564080323658557E-16,1.131734090104737E-19,0],[0,1.8869780562602681E-23,1.131734090104737E-19,3.7709387825928047E-16,5.3849037098044534E-13,7.541877376487804E-16,5.3849048415385261E-13,7.5418775651856093E-16,5.3849048415385453E-13,7.54187756518561E-16,5.3849048415385453E-13,7.54187756518561E-16,5.3849048415385453E-13,7.54187756518561E-16,5.3849048415385453E-13,7.5418775651856093E-16,5.3849048415385261E-13,7.541877376487804E-16,5.3849037098044534E-13,3.7709387825928052E-16,1.131734090104737E-19,1.8869780562602681E-23,0],[0,0,0,0,0,0,0,0,0,0,0,0,0,0,0,0,0,0,0,0,0,0,0]],[[0,0,0,0,0,0,0,0,0,0,0,0,0,0,0,0,0,0,0,0,0,0,0],[0,3.4689201614116422E-21,6.9350695632789363E-18,8.6653782329124113E-15,5.0952572808809039E-12,1.7330752996904349E-14,5.0952642159492541E-12,1.733075646582451E-14,5.0952642159504683E-12,1.7330756465824826E-14,5.0952642159504683E-12,1.7330756465824826E-14,5.0952642159504683E-12,1.7330756465824826E-14,5.0952642159504683E-12,1.733075646582451E-14,5.0952642159492541E-12,1.7330752996904349E-14,5.0952572808809039E-12,8.6653782329124113E-15,6.9350695632789355E-18,3.4689201614116422E-21,0],[0,6.9350695632789363E-18,1.2998064747678892E-14,1.5285744102369315E-11,8.4887136371900557E-9,3.057148126966835E-11,8.4887266352522056E-9,3.0571488204737913E-11,8.4887266352548046E-9,3.0571488204738637E-11,8.4887266352548046E-9,3.0571488204738637E-11,8.4887266352548046E-9,3.0571488204738637E-11,8.4887266352548046E-9,3.0571488204737913E-11,8.4887266352522056E-9,3.057148126966835E-11,8.4887136371900557E-9,1.5285744102369315E-11,1.2998064747678892E-14,6.9350695632789363E-18,0],[0,8.6653782329124113E-15,1.5285744102369315E-11,1.6977396945569303E-8,8.9319408283509438E-6,3.3954785225759337E-8,8.9319561140915821E-6,3.3954793891137574E-8,8.9319561140950481E-6,3.395479389113862E-8,8.9319561140950481E-6,3.395479389113862E-8,8.9319561140950481E-6,3.395479389113862E-8,8.9319561140950481E-6,3.3954793891137574E-8,8.9319561140915821E-6,3.3954785225759337E-8,8.9319408283509438E-6,1.6977396945569307E-8,1.5285744102369315E-11,8.6653782329124113E-15,0],[0,5.0952572808809039E-12,8.4887136371900557E-9,8.9319408283509438E-6,0.00446422160353979,1.7863876561443915E-5,0.0044642300922512626,1.78638816567012E-5,0.0044642300922534293,1.7863881656701891E-5,0.0044642300922534293,1.7863881656701891E-5,0.0044642300922534293,1.7863881656701891E-5,0.0044642300922534293,1.78638816567012E-5,0.0044642300922512626,1.7863876561443915E-5,0.00446422160353979,8.9319408283509438E-6,8.4887136371900557E-9,5.0952572808809039E-12,0],[0,1.7330752996904349E-14,3.057148126966835E-11,3.3954785225759337E-8,1.7863876561443915E-5,6.79095531207636E-8,1.7863907132918249E-5,6.7909570451516609E-8,1.7863907132925188E-5,6.7909570451518674E-8,1.7863907132925188E-5,6.7909570451518674E-8,1.7863907132925188E-5,6.7909570451518674E-8,1.7863907132925188E-5,6.7909570451516609E-8,1.7863907132918249E-5,6.79095531207636E-8,1.7863876561443915E-5,3.3954785225759337E-8,3.0571481269668343E-11,1.7330752996904349E-14,0],[0,5.0952642159492541E-12,8.4887266352522056E-9,8.9319561140915821E-6,0.0044642300922512626,1.7863907132918249E-5,0.0044642385809757308,1.7863912228182466E-5,0.0044642385809778948,1.7863912228183157E-5,0.0044642385809778948,1.7863912228183157E-5,0.0044642385809778948,1.7863912228183157E-5,0.0044642385809778948,1.7863912228182466E-5,0.0044642385809757308,1.7863907132918249E-5,0.0044642300922512626,8.9319561140915821E-6,8.4887266352522056E-9,5.0952642159492541E-12,0],[0,1.733075646582451E-14,3.0571488204737913E-11,3.3954793891137574E-8,1.78638816567012E-5,6.7909570451516609E-8,1.7863912228182466E-5,6.7909587782273058E-8,1.7863912228189405E-5,6.7909587782275149E-8,1.7863912228189405E-5,6.7909587782275149E-8,1.7863912228189405E-5,6.7909587782275149E-8,1.7863912228189405E-5,6.7909587782273058E-8,1.7863912228182466E-5,6.7909570451516609E-8,1.78638816567012E-5,3.3954793891137574E-8,3.0571488204737913E-11,1.733075646582451E-14,0],[0,5.0952642159504683E-12,8.4887266352548046E-9,8.9319561140950481E-6,0.0044642300922534293,1.7863907132925188E-5,0.0044642385809778948,1.7863912228189405E-5,0.0044642385809800624,1.7863912228190096E-5,0.0044642385809800624,1.7863912228190096E-5,0.0044642385809800624,1.7863912228190096E-5,0.0044642385809800624,1.7863912228189405E-5,0.0044642385809778948,1.7863907132925188E-5,0.0044642300922534293,8.9319561140950481E-6,8.4887266352548046E-9,5.0952642159504683E-12,0],[0,1.7330756465824826E-14,3.0571488204738637E-11,3.395479389113862E-8,1.7863881656701891E-5,6.7909570451518674E-8,1.7863912228183157E-5,6.7909587782275149E-8,1.7863912228190096E-5,6.7909587782277253E-8,1.7863912228190096E-5,6.7909587782277253E-8,1.7863912228190096E-5,6.7909587782277253E-8,1.7863912228190096E-5,6.7909587782275149E-8,1.7863912228183157E-5,6.7909570451518674E-8,1.7863881656701891E-5,3.395479389113862E-8,3.0571488204738637E-11,1.7330756465824826E-14,0],[0,5.0952642159504683E-12,8.4887266352548046E-9,8.9319561140950481E-6,0.0044642300922534293,1.7863907132925188E-5,0.0044642385809778948,1.7863912228189405E-5,0.0044642385809800624,1.7863912228190096E-5,0.0044642385809800624,1.7863912228190096E-5,0.0044642385809800624,1.7863912228190096E-5,0.0044642385809800624,1.7863912228189405E-5,0.0044642385809778948,1.7863907132925188E-5,0.0044642300922534293,8.9319561140950481E-6,8.4887266352548046E-9,5.0952642159504683E-12,0],[0,1.7330756465824826E-14,3.0571488204738637E-11,3.395479389113862E-8,1.7863881656701891E-5,6.7909570451518674E-8,1.7863912228183157E-5,6.7909587782275149E-8,1.7863912228190096E-5,6.7909587782277253E-8,1.7863912228190096E-5,6.7909587782277253E-8,1.7863912228190096E-5,6.7909587782277253E-8,1.7863912228190096E-5,6.7909587782275149E-8,1.7863912228183157E-5,6.7909570451518674E-8,1.7863881656701891E-5,3.395479389113862E-8,3.0571488204738637E-11,1.7330756465824826E-14,0],[0,5.0952642159504683E-12,8.4887266352548046E-9,8.9319561140950481E-6,0.0044642300922534293,1.7863907132925188E-5,0.0044642385809778948,1.7863912228189405E-5,0.0044642385809800624,1.7863912228190096E-5,0.0044642385809800624,1.7863912228190096E-5,0.0044642385809800624,1.7863912228190096E-5,0.0044642385809800624,1.7863912228189405E-5,0.0044642385809778948,1.7863907132925188E-5,0.0044642300922534293,8.9319561140950481E-6,8.4887266352548046E-9,5.0952642159504683E-12,0],[0,1.7330756465824826E-14,3.0571488204738637E-11,3.395479389113862E-8,1.7863881656701891E-5,6.7909570451518674E-8,1.7863912228183157E-5,6.7909587782275149E-8,1.7863912228190096E-5,6.7909587782277253E-8,1.7863912228190096E-5,6.7909587782277253E-8,1.7863912228190096E-5,6.7909587782277253E-8,1.7863912228190096E-5,6.7909587782275149E-8,1.7863912228183157E-5,6.7909570451518674E-8,1.7863881656701891E-5,3.395479389113862E-8,3.0571488204738637E-11,1.7330756465824826E-14,0],[0,5.0952642159504683E-12,8.4887266352548046E-9,8.9319561140950481E-6,0.0044642300922534293,1.7863907132925188E-5,0.0044642385809778948,1.7863912228189405E-5,0.0044642385809800624,1.7863912228190096E-5,0.0044642385809800624,1.7863912228190096E-5,0.0044642385809800624,1.7863912228190096E-5,0.0044642385809800624,1.7863912228189405E-5,0.0044642385809778948,1.7863907132925188E-5,0.0044642300922534293,8.9319561140950481E-6,8.4887266352548046E-9,5.0952642159504683E-12,0],[0,1.733075646582451E-14,3.0571488204737913E-11,3.3954793891137574E-8,1.78638816567012E-5,6.7909570451516609E-8,1.7863912228182466E-5,6.7909587782273058E-8,1.7863912228189405E-5,6.7909587782275149E-8,1.7863912228189405E-5,6.7909587782275149E-8,1.7863912228189405E-5,6.7909587782275149E-8,1.7863912228189405E-5,6.7909587782273058E-8,1.7863912228182466E-5,6.7909570451516609E-8,1.78638816567012E-5,3.3954793891137574E-8,3.0571488204737913E-11,1.733075646582451E-14,0],[0,5.0952642159492541E-12,8.4887266352522056E-9,8.9319561140915821E-6,0.0044642300922512626,1.7863907132918249E-5,0.0044642385809757308,1.7863912228182466E-5,0.0044642385809778948,1.7863912228183157E-5,0.0044642385809778948,1.7863912228183157E-5,0.0044642385809778948,1.7863912228183157E-5,0.0044642385809778948,1.7863912228182466E-5,0.0044642385809757308,1.7863907132918249E-5,0.0044642300922512626,8.9319561140915821E-6,8.4887266352522056E-9,5.0952642159492541E-12,0],[0,1.7330752996904349E-14,3.057148126966835E-11,3.3954785225759337E-8,1.7863876561443915E-5,6.79095531207636E-8,1.7863907132918249E-5,6.7909570451516609E-8,1.7863907132925188E-5,6.7909570451518674E-8,1.7863907132925188E-5,6.7909570451518674E-8,1.7863907132925188E-5,6.7909570451518674E-8,1.7863907132925188E-5,6.7909570451516609E-8,1.7863907132918249E-5,6.79095531207636E-8,1.7863876561443915E-5,3.3954785225759337E-8,3.0571481269668343E-11,1.7330752996904349E-14,0],[0,5.0952572808809039E-12,8.4887136371900557E-9,8.9319408283509438E-6,0.00446422160353979,1.7863876561443915E-5,0.0044642300922512626,1.78638816567012E-5,0.0044642300922534293,1.7863881656701891E-5,0.0044642300922534293,1.7863881656701891E-5,0.0044642300922534293,1.7863881656701891E-5,0.0044642300922534293,1.78638816567012E-5,0.0044642300922512626,1.7863876561443915E-5,0.00446422160353979,8.9319408283509438E-6,8.4887136371900557E-9,5.0952572808809039E-12,0],[0,8.6653782329124113E-15,1.5285744102369315E-11,1.6977396945569307E-8,8.9319408283509438E-6,3.3954785225759337E-8,8.9319561140915821E-6,3.3954793891137574E-8,8.9319561140950481E-6,3.395479389113862E-8,8.9319561140950481E-6,3.395479389113862E-8,8.9319561140950481E-6,3.395479389113862E-8,8.9319561140950481E-6,3.3954793891137574E-8,8.9319561140915821E-6,3.3954785225759337E-8,8.9319408283509438E-6,1.6977396945569307E-8,1.5285744102369315E-11,8.6653782329124113E-15,0],[0,6.9350695632789355E-18,1.2998064747678892E-14,1.5285744102369315E-11,8.4887136371900557E-9,3.0571481269668343E-11,8.4887266352522056E-9,3.0571488204737913E-11,8.4887266352548046E-9,3.0571488204738637E-11,8.4887266352548046E-9,3.0571488204738637E-11,8.4887266352548046E-9,3.0571488204738637E-11,8.4887266352548046E-9,3.0571488204737913E-11,8.4887266352522056E-9,3.0571481269668343E-11,8.4887136371900557E-9,1.5285744102369315E-11,1.2998064747678892E-14,6.9350695632789355E-18,0],[0,3.4689201614116422E-21,6.9350695632789363E-18,8.6653782329124113E-15,5.0952572808809039E-12,1.7330752996904349E-14,5.0952642159492541E-12,1.733075646582451E-14,5.0952642159504683E-12,1.7330756465824826E-14,5.0952642159504683E-12,1.7330756465824826E-14,5.0952642159504683E-12,1.7330756465824826E-14,5.0952642159504683E-12,1.733075646582451E-14,5.0952642159492541E-12,1.7330752996904349E-14,5.0952572808809039E-12,8.6653782329124113E-15,6.9350695632789355E-18,3.4689201614116422E-21,0],[0,0,0,0,0,0,0,0,0,0,0,0,0,0,0,0,0,0,0,0,0,0,0]],[[0,0,0,0,0,0,0,0,0,0,0,0,0,0,0,0,0,0,0,0,0,0,0],[0,5.292927186309631E-20,6.3489815544105266E-17,4.8818899120586158E-14,1.8073967158350656E-11,9.7637745311885862E-14,1.807403064813444E-11,9.7637798241157726E-14,1.8074030648166203E-11,9.7637798241172342E-14,1.8074030648166203E-11,9.7637798241172342E-14,1.8074030648166203E-11,9.7637798241172342E-14,1.8074030648166203E-11,9.7637798241157726E-14,1.807403064813444E-11,9.7637745311885862E-14,1.8073967158350656E-11,4.8818899120586158E-14,6.3489815544105266E-17,5.292927186309631E-20,0],[0,6.3489815544105266E-17,7.3228308983943628E-14,5.4221647515916873E-11,1.9357283425652555E-8,1.0844323154199917E-10,1.9357356653921853E-8,1.0844329503181472E-10,1.9357356653961545E-8,1.0844329503183376E-10,1.9357356653961545E-8,1.0844329503183376E-10,1.9357356653961545E-8,1.0844329503183376E-10,1.9357356653961545E-8,1.0844329503181472E-10,1.9357356653921853E-8,1.0844323154199917E-10,1.9357283425652555E-8,5.4221647515916873E-11,7.3228308983943628E-14,6.3489815544105266E-17,0],[0,4.8818899120586158E-14,5.4221647515916873E-11,3.8714395985356672E-8,1.3344584597238425E-5,7.7428743151798368E-8,1.3344638818854199E-5,7.7428791970697489E-8,1.3344638818885942E-5,7.7428791970713357E-8,1.3344638818885942E-5,7.7428791970713357E-8,1.3344638818885942E-5,7.7428791970713357E-8,1.3344638818885942E-5,7.7428791970697489E-8,1.3344638818854199E-5,7.7428743151798368E-8,1.3344584597238425E-5,3.8714395985356672E-8,5.4221647515916873E-11,4.8818899120586158E-14,0],[0,1.8073967158350656E-11,1.9357283425652555E-8,1.3344584597238425E-5,0.004446485877919815,2.668915112050335E-5,0.0044465052351910376,2.6689169194470505E-5,0.0044465052352032413,2.6689169194476858E-5,0.0044465052352032413,2.6689169194476858E-5,0.0044465052352032413,2.6689169194476858E-5,0.0044465052352032413,2.6689169194470505E-5,0.0044465052351910376,2.668915112050335E-5,0.004446485877919815,1.3344584597238424E-5,1.9357283425652555E-8,1.8073967158350656E-11,0],[0,9.7637745311885862E-14,1.0844323154199917E-10,7.7428743151798368E-8,2.668915112050335E-5,1.5485738866581964E-7,2.6689259563671397E-5,1.54857486303565E-7,2.6689259563734894E-5,1.5485748630359674E-7,2.6689259563734894E-5,1.5485748630359674E-7,2.6689259563734894E-5,1.5485748630359674E-7,2.6689259563734894E-5,1.54857486303565E-7,2.6689259563671397E-5,1.5485738866581964E-7,2.668915112050335E-5,7.7428743151798368E-8,1.0844323154199915E-10,9.7637745311885837E-14,0],[0,1.807403064813444E-11,1.9357356653921853E-8,1.3344638818854199E-5,0.0044465052351910376,2.6689259563671397E-5,0.0044465245925354854,2.6689277637702045E-5,0.0044465245925476892,2.6689277637708388E-5,0.0044465245925476892,2.6689277637708388E-5,0.0044465245925476892,2.6689277637708388E-5,0.0044465245925476892,2.6689277637702045E-5,0.0044465245925354854,2.6689259563671397E-5,0.0044465052351910376,1.3344638818854199E-5,1.9357356653921853E-8,1.807403064813444E-11,0],[0,9.7637798241157726E-14,1.0844329503181472E-10,7.7428791970697489E-8,2.6689169194470505E-5,1.54857486303565E-7,2.6689277637702045E-5,1.5485758394136321E-7,2.6689277637765542E-5,1.5485758394139498E-7,2.6689277637765542E-5,1.5485758394139498E-7,2.6689277637765542E-5,1.5485758394139498E-7,2.6689277637765542E-5,1.5485758394136321E-7,2.6689277637702045E-5,1.54857486303565E-7,2.6689169194470505E-5,7.7428791970697489E-8,1.0844329503181472E-10,9.7637798241157726E-14,0],[0,1.8074030648166203E-11,1.9357356653961545E-8,1.3344638818885942E-5,0.0044465052352032413,2.6689259563734894E-5,0.0044465245925476892,2.6689277637765542E-5,0.0044465245925598938,2.6689277637771885E-5,0.0044465245925598938,2.6689277637771885E-5,0.0044465245925598938,2.6689277637771885E-5,0.0044465245925598938,2.6689277637765542E-5,0.0044465245925476892,2.6689259563734894E-5,0.0044465052352032413,1.3344638818885942E-5,1.9357356653961545E-8,1.8074030648166203E-11,0],[0,9.7637798241172342E-14,1.0844329503183376E-10,7.7428791970713357E-8,2.6689169194476858E-5,1.5485748630359674E-7,2.6689277637708388E-5,1.5485758394139498E-7,2.6689277637771885E-5,1.5485758394142674E-7,2.6689277637771885E-5,1.5485758394142674E-7,2.6689277637771885E-5,1.5485758394142674E-7,2.6689277637771885E-5,1.5485758394139498E-7,2.6689277637708388E-5,1.5485748630359674E-7,2.6689169194476858E-5,7.7428791970713357E-8,1.0844329503183376E-10,9.7637798241172342E-14,0],[0,1.8074030648166203E-11,1.9357356653961545E-8,1.3344638818885942E-5,0.0044465052352032413,2.6689259563734894E-5,0.0044465245925476892,2.6689277637765542E-5,0.0044465245925598938,2.6689277637771885E-5,0.0044465245925598938,2.6689277637771885E-5,0.0044465245925598938,2.6689277637771885E-5,0.0044465245925598938,2.6689277637765542E-5,0.0044465245925476892,2.6689259563734894E-5,0.0044465052352032413,1.3344638818885942E-5,1.9357356653961545E-8,1.8074030648166203E-11,0],[0,9.7637798241172342E-14,1.0844329503183376E-10,7.7428791970713357E-8,2.6689169194476858E-5,1.5485748630359674E-7,2.6689277637708388E-5,1.5485758394139498E-7,2.6689277637771885E-5,1.5485758394142674E-7,2.6689277637771885E-5,1.5485758394142674E-7,2.6689277637771885E-5,1.5485758394142674E-7,2.6689277637771885E-5,1.5485758394139498E-7,2.6689277637708388E-5,1.5485748630359674E-7,2.6689169194476858E-5,7.7428791970713357E-8,1.0844329503183376E-10,9.7637798241172342E-14,0],[0,1.8074030648166203E-11,1.9357356653961545E-8,1.3344638818885942E-5,0.0044465052352032413,2.6689259563734894E-5,0.0044465245925476892,2.6689277637765542E-5,0.0044465245925598938,2.6689277637771885E-5,0.0044465245925598938,2.6689277637771885E-5,0.0044465245925598938,2.6689277637771885E-5,0.0044465245925598938,2.6689277637765542E-5,0.0044465245925476892,2.6689259563734894E-5,0.0044465052352032413,1.3344638818885942E-5,1.9357356653961545E-8,1.8074030648166203E-11,0],[0,9.7637798241172342E-14,1.0844329503183376E-10,7.7428791970713357E-8,2.6689169194476858E-5,1.5485748630359674E-7,2.6689277637708388E-5,1.5485758394139498E-7,2.6689277637771885E-5,1.5485758394142674E-7,2.6689277637771885E-5,1.5485758394142674E-7,2.6689277637771885E-5,1.5485758394142674E-7,2.6689277637771885E-5,1.5485758394139498E-7,2.6689277637708388E-5,1.5485748630359674E-7,2.6689169194476858E-5,7.7428791970713357E-8,1.0844329503183376E-10,9.7637798241172342E-14,0],[0,1.8074030648166203E-11,1.9357356653961545E-8,1.3344638818885942E-5,0.0044465052352032413,2.6689259563734894E-5,0.0044465245925476892,2.6689277637765542E-5,0.0044465245925598938,2.6689277637771885E-5,0.0044465245925598938,2.6689277637771885E-5,0.0044465245925598938,2.6689277637771885E-5,0.0044465245925598938,2.6689277637765542E-5,0.0044465245925476892,2.6689259563734894E-5,0.0044465052352032413,1.3344638818885942E-5,1.9357356653961545E-8,1.8074030648166203E-11,0],[0,9.7637798241157726E-14,1.0844329503181472E-10,7.7428791970697489E-8,2.6689169194470505E-5,1.54857486303565E-7,2.6689277637702045E-5,1.5485758394136321E-7,2.6689277637765542E-5,1.5485758394139498E-7,2.6689277637765542E-5,1.5485758394139498E-7,2.6689277637765542E-5,1.5485758394139498E-7,2.6689277637765542E-5,1.5485758394136321E-7,2.6689277637702045E-5,1.54857486303565E-7,2.6689169194470505E-5,7.7428791970697489E-8,1.0844329503181472E-10,9.7637798241157726E-14,0],[0,1.807403064813444E-11,1.9357356653921853E-8,1.3344638818854199E-5,0.0044465052351910376,2.6689259563671397E-5,0.0044465245925354854,2.6689277637702045E-5,0.0044465245925476892,2.6689277637708388E-5,0.0044465245925476892,2.6689277637708388E-5,0.0044465245925476892,2.6689277637708388E-5,0.0044465245925476892,2.6689277637702045E-5,0.0044465245925354854,2.6689259563671397E-5,0.0044465052351910376,1.3344638818854199E-5,1.9357356653921853E-8,1.807403064813444E-11,0],[0,9.7637745311885862E-14,1.0844323154199917E-10,7.7428743151798368E-8,2.668915112050335E-5,1.5485738866581964E-7,2.6689259563671397E-5,1.54857486303565E-7,2.6689259563734894E-5,1.5485748630359674E-7,2.6689259563734894E-5,1.5485748630359674E-7,2.6689259563734894E-5,1.5485748630359674E-7,2.6689259563734894E-5,1.54857486303565E-7,2.6689259563671397E-5,1.5485738866581964E-7,2.668915112050335E-5,7.7428743151798368E-8,1.0844323154199915E-10,9.7637745311885837E-14,0],[0,1.8073967158350656E-11,1.9357283425652555E-8,1.3344584597238425E-5,0.004446485877919815,2.668915112050335E-5,0.0044465052351910376,2.6689169194470505E-5,0.0044465052352032413,2.6689169194476858E-5,0.0044465052352032413,2.6689169194476858E-5,0.0044465052352032413,2.6689169194476858E-5,0.0044465052352032413,2.6689169194470505E-5,0.0044465052351910376,2.668915112050335E-5,0.004446485877919815,1.3344584597238424E-5,1.9357283425652555E-8,1.8073967158350656E-11,0],[0,4.8818899120586158E-14,5.4221647515916873E-11,3.8714395985356672E-8,1.3344584597238424E-5,7.7428743151798368E-8,1.3344638818854199E-5,7.7428791970697489E-8,1.3344638818885942E-5,7.7428791970713357E-8,1.3344638818885942E-5,7.7428791970713357E-8,1.3344638818885942E-5,7.7428791970713357E-8,1.3344638818885942E-5,7.7428791970697489E-8,1.3344638818854199E-5,7.7428743151798368E-8,1.3344584597238424E-5,3.8714395985356672E-8,5.4221647515916873E-11,4.8818899120586158E-14,0],[0,6.3489815544105266E-17,7.3228308983943628E-14,5.4221647515916873E-11,1.9357283425652555E-8,1.0844323154199915E-10,1.9357356653921853E-8,1.0844329503181472E-10,1.9357356653961545E-8,1.0844329503183376E-10,1.9357356653961545E-8,1.0844329503183376E-10,1.9357356653961545E-8,1.0844329503183376E-10,1.9357356653961545E-8,1.0844329503181472E-10,1.9357356653921853E-8,1.0844323154199915E-10,1.9357283425652555E-8,5.4221647515916873E-11,7.3228308983943628E-14,6.3489815544105266E-17,0],[0,5.292927186309631E-20,6.3489815544105266E-17,4.8818899120586158E-14,1.8073967158350656E-11,9.7637745311885837E-14,1.807403064813444E-11,9.7637798241157726E-14,1.8074030648166203E-11,9.7637798241172342E-14,1.8074030648166203E-11,9.7637798241172342E-14,1.8074030648166203E-11,9.7637798241172342E-14,1.8074030648166203E-11,9.7637798241157726E-14,1.807403064813444E-11,9.7637745311885837E-14,1.8073967158350656E-11,4.8818899120586158E-14,6.3489815544105266E-17,5.292927186309631E-20,0],[0,0,0,0,0,0,0,0,0,0,0,0,0,0,0,0,0,0,0,0,0,0,0]],[[0,0,0,0,0,0,0,0,0,0,0,0,0,0,0,0,0,0,0,0,0,0,0],[0,3.4078928040376572E-19,2.9198904837458027E-16,1.6215193197515507E-13,4.3807872136874811E-11,3.2430352316083838E-13,4.3808164125633421E-11,3.243038639501188E-13,4.38081641259232E-11,3.2430386395031015E-13,4.38081641259232E-11,3.2430386395031015E-13,4.38081641259232E-11,3.2430386395031015E-13,4.38081641259232E-11,3.243038639501188E-13,4.3808164125633421E-11,3.2430352316083838E-13,4.3807872136874811E-11,1.6215193197515507E-13,2.9198904837458027E-16,3.4078928040376572E-19,0],[0,2.9198904837458027E-16,2.4322764237101143E-13,1.3142244845559005E-10,3.457150956894579E-8,2.6284460492195792E-10,3.4571752796332586E-8,2.628448969110063E-10,3.4571752796588165E-8,2.6284489691118011E-10,3.4571752796588165E-8,2.6284489691118011E-10,3.4571752796588165E-8,2.6284489691118011E-10,3.4571752796588165E-8,2.628448969110063E-10,3.4571752796332586E-8,2.6284460492195792E-10,3.457150956894579E-8,1.3142244845559005E-10,2.4322764237101143E-13,2.9198904837458027E-16,0],[0,1.6215193197515507E-13,1.3142244845559005E-10,6.9142451607407611E-8,1.7722039223298892E-5,1.3828474106278109E-7,1.7722170645601356E-5,1.3828490321471305E-7,1.7722170645747347E-5,1.3828490321481525E-7,1.7722170645747347E-5,1.3828490321481525E-7,1.7722170645747347E-5,1.3828490321481525E-7,1.7722170645747347E-5,1.3828490321471305E-7,1.7722170645601356E-5,1.3828474106278109E-7,1.7722039223298892E-5,6.9142451607407611E-8,1.3142244845559005E-10,1.6215193197515505E-13,0],[0,4.3807872136874811E-11,3.457150956894579E-8,1.7722039223298892E-5,0.0044288475364221407,3.5444034638696467E-5,0.0044288821078911729,3.54440784465686E-5,0.0044288821079317107,3.5444078446597791E-5,0.0044288821079317107,3.5444078446597791E-5,0.0044288821079317107,3.5444078446597791E-5,0.0044288821079317107,3.54440784465686E-5,0.0044288821078911729,3.5444034638696467E-5,0.0044288475364221407,1.7722039223298889E-5,3.457150956894579E-8,4.3807872136874805E-11,0],[0,3.2430352316083838E-13,2.6284460492195792E-10,1.3828474106278109E-7,3.5444034638696467E-5,2.7656915782183447E-7,3.54442974830094E-5,2.7656948212535767E-7,3.5444297483301374E-5,2.7656948212556212E-7,3.5444297483301374E-5,2.7656948212556212E-7,3.5444297483301374E-5,2.7656948212556212E-7,3.5444297483301374E-5,2.7656948212535767E-7,3.54442974830094E-5,2.7656915782183447E-7,3.5444034638696467E-5,1.3828474106278109E-7,2.6284460492195792E-10,3.2430352316083838E-13,0],[0,4.3808164125633421E-11,3.4571752796332586E-8,1.7722170645601356E-5,0.0044288821078911729,3.54442974830094E-5,0.0044289166796034288,3.5444341291173506E-5,0.0044289166796439676,3.54443412912027E-5,0.0044289166796439676,3.54443412912027E-5,0.0044289166796439676,3.54443412912027E-5,0.0044289166796439676,3.5444341291173506E-5,0.0044289166796034288,3.54442974830094E-5,0.0044288821078911729,1.7722170645601356E-5,3.457175279633258E-8,4.3808164125633421E-11,0],[0,3.243038639501188E-13,2.628448969110063E-10,1.3828490321471305E-7,3.54440784465686E-5,2.7656948212535767E-7,3.5444341291173506E-5,2.7656980642922159E-7,3.54443412914655E-5,2.765698064294261E-7,3.54443412914655E-5,2.765698064294261E-7,3.54443412914655E-5,2.765698064294261E-7,3.54443412914655E-5,2.7656980642922159E-7,3.5444341291173506E-5,2.7656948212535767E-7,3.54440784465686E-5,1.3828490321471305E-7,2.628448969110063E-10,3.243038639501188E-13,0],[0,4.38081641259232E-11,3.4571752796588165E-8,1.7722170645747347E-5,0.0044288821079317107,3.5444297483301374E-5,0.0044289166796439676,3.54443412914655E-5,0.0044289166796845055,3.5444341291494694E-5,0.0044289166796845055,3.5444341291494694E-5,0.0044289166796845055,3.5444341291494694E-5,0.0044289166796845055,3.54443412914655E-5,0.0044289166796439676,3.5444297483301374E-5,0.0044288821079317107,1.7722170645747347E-5,3.4571752796588165E-8,4.38081641259232E-11,0],[0,3.2430386395031015E-13,2.6284489691118011E-10,1.3828490321481525E-7,3.5444078446597791E-5,2.7656948212556212E-7,3.54443412912027E-5,2.765698064294261E-7,3.5444341291494694E-5,2.7656980642963055E-7,3.5444341291494694E-5,2.7656980642963055E-7,3.5444341291494694E-5,2.7656980642963055E-7,3.5444341291494694E-5,2.765698064294261E-7,3.54443412912027E-5,2.7656948212556212E-7,3.5444078446597791E-5,1.3828490321481525E-7,2.6284489691118011E-10,3.2430386395031015E-13,0],[0,4.38081641259232E-11,3.4571752796588165E-8,1.7722170645747347E-5,0.0044288821079317107,3.5444297483301374E-5,0.0044289166796439676,3.54443412914655E-5,0.0044289166796845055,3.5444341291494694E-5,0.0044289166796845055,3.5444341291494694E-5,0.0044289166796845055,3.5444341291494694E-5,0.0044289166796845055,3.54443412914655E-5,0.0044289166796439676,3.5444297483301374E-5,0.0044288821079317107,1.7722170645747347E-5,3.4571752796588165E-8,4.38081641259232E-11,0],[0,3.2430386395031015E-13,2.6284489691118011E-10,1.3828490321481525E-7,3.5444078446597791E-5,2.7656948212556212E-7,3.54443412912027E-5,2.765698064294261E-7,3.5444341291494694E-5,2.7656980642963055E-7,3.5444341291494694E-5,2.7656980642963055E-7,3.5444341291494694E-5,2.7656980642963055E-7,3.5444341291494694E-5,2.765698064294261E-7,3.54443412912027E-5,2.7656948212556212E-7,3.5444078446597791E-5,1.3828490321481525E-7,2.6284489691118011E-10,3.2430386395031015E-13,0],[0,4.38081641259232E-11,3.4571752796588165E-8,1.7722170645747347E-5,0.0044288821079317107,3.5444297483301374E-5,0.0044289166796439676,3.54443412914655E-5,0.0044289166796845055,3.5444341291494694E-5,0.0044289166796845055,3.5444341291494694E-5,0.0044289166796845055,3.5444341291494694E-5,0.0044289166796845055,3.54443412914655E-5,0.0044289166796439676,3.5444297483301374E-5,0.0044288821079317107,1.7722170645747347E-5,3.4571752796588165E-8,4.38081641259232E-11,0],[0,3.2430386395031015E-13,2.6284489691118011E-10,1.3828490321481525E-7,3.5444078446597791E-5,2.7656948212556212E-7,3.54443412912027E-5,2.765698064294261E-7,3.5444341291494694E-5,2.7656980642963055E-7,3.5444341291494694E-5,2.7656980642963055E-7,3.5444341291494694E-5,2.7656980642963055E-7,3.5444341291494694E-5,2.765698064294261E-7,3.54443412912027E-5,2.7656948212556212E-7,3.5444078446597791E-5,1.3828490321481525E-7,2.6284489691118011E-10,3.2430386395031015E-13,0],[0,4.38081641259232E-11,3.4571752796588165E-8,1.7722170645747347E-5,0.0044288821079317107,3.5444297483301374E-5,0.0044289166796439676,3.54443412914655E-5,0.0044289166796845055,3.5444341291494694E-5,0.0044289166796845055,3.5444341291494694E-5,0.0044289166796845055,3.5444341291494694E-5,0.0044289166796845055,3.54443412914655E-5,0.0044289166796439676,3.5444297483301374E-5,0.0044288821079317107,1.7722170645747347E-5,3.4571752796588165E-8,4.38081641259232E-11,0],[0,3.243038639501188E-13,2.628448969110063E-10,1.3828490321471305E-7,3.54440784465686E-5,2.7656948212535767E-7,3.5444341291173506E-5,2.7656980642922159E-7,3.54443412914655E-5,2.765698064294261E-7,3.54443412914655E-5,2.765698064294261E-7,3.54443412914655E-5,2.765698064294261E-7,3.54443412914655E-5,2.7656980642922159E-7,3.5444341291173506E-5,2.7656948212535767E-7,3.54440784465686E-5,1.3828490321471305E-7,2.628448969110063E-10,3.243038639501188E-13,0],[0,4.3808164125633421E-11,3.4571752796332586E-8,1.7722170645601356E-5,0.0044288821078911729,3.54442974830094E-5,0.0044289166796034288,3.5444341291173506E-5,0.0044289166796439676,3.54443412912027E-5,0.0044289166796439676,3.54443412912027E-5,0.0044289166796439676,3.54443412912027E-5,0.0044289166796439676,3.5444341291173506E-5,0.0044289166796034288,3.54442974830094E-5,0.0044288821078911729,1.7722170645601356E-5,3.457175279633258E-8,4.3808164125633421E-11,0],[0,3.2430352316083838E-13,2.6284460492195792E-10,1.3828474106278109E-7,3.5444034638696467E-5,2.7656915782183447E-7,3.54442974830094E-5,2.7656948212535767E-7,3.5444297483301374E-5,2.7656948212556212E-7,3.5444297483301374E-5,2.7656948212556212E-7,3.5444297483301374E-5,2.7656948212556212E-7,3.5444297483301374E-5,2.7656948212535767E-7,3.54442974830094E-5,2.7656915782183447E-7,3.5444034638696467E-5,1.3828474106278109E-7,2.6284460492195792E-10,3.2430352316083838E-13,0],[0,4.3807872136874811E-11,3.457150956894579E-8,1.7722039223298892E-5,0.0044288475364221407,3.5444034638696467E-5,0.0044288821078911729,3.54440784465686E-5,0.0044288821079317107,3.5444078446597791E-5,0.0044288821079317107,3.5444078446597791E-5,0.0044288821079317107,3.5444078446597791E-5,0.0044288821079317107,3.54440784465686E-5,0.0044288821078911729,3.5444034638696467E-5,0.0044288475364221407,1.7722039223298889E-5,3.457150956894579E-8,4.3807872136874805E-11,0],[0,1.6215193197515507E-13,1.3142244845559005E-10,6.9142451607407611E-8,1.7722039223298889E-5,1.3828474106278109E-7,1.7722170645601356E-5,1.3828490321471305E-7,1.7722170645747347E-5,1.3828490321481525E-7,1.7722170645747347E-5,1.382