{"M_cells":[[[0,0,0,0,0,0],[0,0,0,0,0,0],[0,0,0,0,0,0],[0,0,0,0,0,0],[0,0,0,0,0,0],[0,0,0,0,0,0]],[[0.00072512624342679455,0.0017727967350854819,0.0022332588890028363,0.0022332588890028359,0.0017727967350854819,0.00072512624342679455],[0.0017727967350854819,0.0033537790638043709,0.0041146890644134784,0.0041146890644134784,0.0033537790638043709,0.0017727967350854819],[0.0022332588890028363,0.0041146890644134784,0.00502585996027557,0.00502585996027557,0.0041146890644134784,0.0022332588890028359],[0.0022332588890028359,0.0041146890644134784,0.00502585996027557,0.00502585996027557,0.0041146890644134784,0.0022332588890028359],[0.0017727967350854819,0.0033537790638043709,0.0041146890644134784,0.0041146890644134784,0.0033537790638043709,0.0017727967350854819],[0.00072512624342679455,0.0017727967350854819,0.0022332588890028359,0.0022332588890028359,0.0017727967350854819,0.00072512624342679444]],[[0.00280729992648469,0.0044314614829035984,0.005194342014324442,0.005194342014324442,0.0044314614829035984,0.00280729992648469],[0.0044314614829035984,0.0061673449796941686,0.0070521570620151247,0.0070521570620151247,0.0061673449796941686,0.0044314614829035984],[0.005194342014324442,0.0070521570620151247,0.007997954749087665,0.007997954749087665,0.0070521570620151247,0.005194342014324442],[0.005194342014324442,0.0070521570620151247,0.007997954749087665,0.007997954749087665,0.0070521570620151247,0.005194342014324442],[0.0044314614829035984,0.0061673449796941686,0.0070521570620151247,0.0070521570620151247,0.0061673449796941686,0.0044314614829035984],[0.00280729992648469,0.0044314614829035984,0.005194342014324442,0.005194342014324442,0.0044314614829035984,0.00280729992648469]],[[0.0054066508051007272,0.0072136191040451754,0.00809278328973156,0.00809278328973156,0.0072136191040451754,0.0054066508051007272],[0.0072136191040451754,0.0089902969582180362,0.0099147521985995038,0.0099147521985995038,0.0089902969582180362,0.0072136191040451754],[0.00809278328973156,0.0099147521985995038,0.010861860495633157,0.010861860495633157,0.0099147521985995038,0.00809278328973156],[0.00809278328973156,0.0099147521985995038,0.010861860495633157,0.010861860495633157,0.0099147521985995038,0.0080927832897315574],[0.0072136191040451754,0.0089902969582180362,0.0099147521985995038,0.0099147521985995038,0.0089902969582180362,0.0072136191040451754],[0.0054066508051007272,0.0072136191040451754,0.00809278328973156,0.0080927832897315574,0.0072136191040451754,0.0054066508051007272]],[[0.008168598736366774,0.010033575353948382,0.010955711778742837,0.010955711778742837,0.010033575353948382,0.008168598736366774],[0.010033575353948382,0.011824649815698703,0.012763465731530768,0.012763465731530768,0.011824649815698703,0.010033575353948382],[0.010955711778742837,0.012763465731530768,0.013710624169957688,0.013710624169957688,0.012763465731530768,0.010955711778742836],[0.010955711778742837,0.012763465731530768,0.013710624169957688,0.013710624169957688,0.012763465731530768,0.010955711778742834],[0.010033575353948382,0.011824649815698703,0.012763465731530768,0.012763465731530768,0.011824649815698703,0.010033575353948382],[0.008168598736366774,0.010033575353948382,0.010955711778742836,0.010955711778742834,0.010033575353948382,0.008168598736366774]],[[0.010982997252208278,0.012867150643574436,0.013805104698803201,0.013805104698803201,0.012867150643574436,0.010982997252208278],[0.012867150643574436,0.01466350097573775,0.0156075929373462,0.015607592937346204,0.014663500975737752,0.012867150643574436],[0.013805104698803201,0.0156075929373462,0.016554754871595391,0.016554754871595391,0.0156075929373462,0.013805104698803198],[0.013805104698803201,0.015607592937346204,0.016554754871595391,0.016554754871595391,0.0156075929373462,0.013805104698803198],[0.012867150643574436,0.014663500975737752,0.0156075929373462,0.0156075929373462,0.01466350097573775,0.012867150643574436],[0.010982997252208278,0.012867150643574436,0.013805104698803198,0.013805104698803198,0.012867150643574436,0.010982997252208278]],[[0.013815006951582734,0.015705733139451165,0.016649509023815061,0.016649509023815061,0.015705733139451165,0.013815006951582734],[0.015705733139451165,0.017504030981072966,0.018450067249318958,0.018450067249318958,0.017504030981072966,0.015705733139451165],[0.016649509023815061,0.018450067249318958,0.019397234081443442,0.019397234081443442,0.018450067249318958,0.016649509023815057],[0.016649509023815061,0.018450067249318958,0.019397234081443442,0.019397234081443438,0.018450067249318955,0.016649509023815057],[0.015705733139451165,0.017504030981072966,0.018450067249318958,0.018450067249318955,0.017504030981072963,0.015705733139451165],[0.013815006951582734,0.015705733139451165,0.016649509023815057,0.016649509023815057,0.015705733139451165,0.013815006951582734]],[[0.016653128056357675,0.018546173571430583,0.019492095968658162,0.019492095968658162,0.018546173571430583,0.016653128056357675],[0.018546173571430583,0.020345201000684536,0.021291959040027283,0.021291959040027283,0.020345201000684536,0.018546173571430583],[0.019492095968658162,0.021291959040027283,0.022239135033664325,0.022239135033664325,0.021291959040027283,0.019492095968658158],[0.019492095968658162,0.021291959040027283,0.022239135033664325,0.022239135033664325,0.021291959040027283,0.019492095968658158],[0.018546173571430583,0.020345201000684536,0.021291959040027283,0.021291959040027283,0.020345201000684533,0.018546173571430579],[0.016653128056357675,0.018546173571430583,0.019492095968658158,0.019492095968658158,0.018546173571430579,0.016653128056357675]],[[0.01949343252636071,0.02138732315621868,0.022334042842697209,0.022334042842697209,0.02138732315621868,0.01949343252636071],[0.02138732315621868,0.023186638283475332,0.024133671514899143,0.024133671514899143,0.023186638283475332,0.02138732315621868],[0.022334042842697209,0.024133671514899143,0.025080861563788592,0.025080861563788592,0.024133671514899143,0.022334042842697209],[0.022334042842697209,0.024133671514899143,0.025080861563788592,0.025080861563788592,0.024133671514899143,0.022334042842697209],[0.02138732315621868,0.023186638283475332,0.024133671514899143,0.024133671514899143,0.023186638283475332,0.02138732315621868],[0.01949343252636071,0.02138732315621868,0.022334042842697209,0.022334042842697209,0.02138732315621868,0.01949343252636071]],[[0.022334550422652189,0.024228769194241859,0.025175792993759522,0.025175792993759522,0.024228769194241859,0.022334550422652189],[0.024228769194241859,0.026028215835269149,0.026975363293821972,0.026975363293821972,0.026028215835269149,0.024228769194241859],[0.025175792993759522,0.026975363293821972,0.027922572594014473,0.027922572594014473,0.026975363293821972,0.025175792993759522],[0.025175792993759522,0.026975363293821972,0.027922572594014473,0.027922572594014473,0.026975363293821972,0.025175792993759522],[0.024228769194241859,0.026028215835269149,0.026975363293821972,0.026975363293821972,0.026028215835269149,0.024228769194241859],[0.022334550422652189,0.024228769194241859,0.025175792993759522,0.025175792993759522,0.024228769194241859,0.022334550422652189]],[[0.025176002376968671,0.027070370060482463,0.028017519880683975,0.028017519880683975,0.027070370060482463,0.025176002376968671],[0.027070370060482463,0.028869897280104726,0.029817103164562268,0.029817103164562268,0.028869897280104726,0.027070370060482463],[0.028017519880683975,0.029817103164562268,0.030764337080777859,0.030764337080777859,0.029817103164562268,0.028017519880683975],[0.028017519880683975,0.029817103164562268,0.030764337080777859,0.030764337080777856,0.029817103164562268,0.028017519880683975],[0.027070370060482463,0.028869897280104726,0.029817103164562268,0.029817103164562268,0.028869897280104726,0.027070370060482463],[0.025176002376968671,0.027070370060482463,0.028017519880683975,0.028017519880683975,0.027070370060482463,0.025176002376968671]],[[0.028017625543418127,0.029912084031033764,0.030859297780765418,0.030859297780765418,0.029912084031033764,0.028017625543418127],[0.029912084031033764,0.031711679702970411,0.032658926954851959,0.032658926954851959,0.031711679702970411,0.029912084031033764],[0.030859297780765418,0.032658926954851959,0.033606190952444173,0.033606190952444173,0.032658926954851959,0.030859297780765418],[0.030859297780765418,0.032658926954851959,0.033606190952444173,0.033606190952444173,0.032658926954851959,0.030859297780765418],[0.029912084031033764,0.031711679702970411,0.032658926954851959,0.032658926954851959,0.031711679702970411,0.029912084031033764],[0.028017625543418127,0.029912084031033764,0.030859297780765418,0.030859297780765418,0.029912084031033764,0.028017625543418127]],[[0.030859371148004029,0.032753906250709751,0.033701164566225281,0.033701164566225281,0.032753906250709751,0.030859371148004029],[0.032753906250709751,0.034553572588906518,0.035500858439419553,0.035500858439419553,0.034553572588906518,0.032753906250709751],[0.033701164566225281,0.035500858439419553,0.036448158049827234,0.036448158049827234,0.035500858439419553,0.033701164566225281],[0.033701164566225281,0.035500858439419553,0.036448158049827234,0.036448158049827234,0.035500858439419553,0.033701164566225281],[0.032753906250709751,0.034553572588906518,0.035500858439419553,0.035500858439419553,0.034553572588906518,0.032753906250709751],[0.030859371148004029,0.032753906250709751,0.033701164566225281,0.033701164566225281,0.032753906250709751,0.030859371148004029]],[[0.033701231929010991,0.035595845517862962,0.036543144790597476,0.036543144790597476,0.035595845517862962,0.033701231929010991],[0.035595845517862962,0.037395590065696073,0.0383429170328888,0.0383429170328888,0.037395590065696073,0.035595845517862962],[0.036543144790597476,0.0383429170328888,0.039290257838473161,0.039290257838473161,0.0383429170328888,0.036543144790597476],[0.036543144790597476,0.0383429170328888,0.039290257838473161,0.039290257838473161,0.0383429170328888,0.036543144790597476],[0.035595845517862962,0.037395590065696073,0.0383429170328888,0.0383429170328888,0.037395590065696073,0.035595845517862962],[0.033701231929010991,0.035595845517862962,0.036543144790597476,0.036543144790597476,0.035595845517862962,0.033701231929010991]],[[0.036543215861997373,0.038437915739073243,0.03938525818745052,0.03938525818745052,0.038437915739073243,0.036543215861997373],[0.038437915739073243,0.040237748056334344,0.041185120632844095,0.041185120632844095,0.040237748056334344,0.038437915739073243],[0.03938525818745052,0.041185120632844095,0.042132508263710185,0.042132508263710185,0.041185120632844095,0.03938525818745052],[0.03938525818745052,0.041185120632844095,0.042132508263710185,0.042132508263710185,0.041185120632844095,0.03938525818745052],[0.038437915739073243,0.040237748056334344,0.041185120632844095,0.041185120632844095,0.040237748056334344,0.038437915739073243],[0.036543215861997373,0.038437915739073243,0.03938525818745052,0.03938525818745052,0.038437915739073243,0.036543215861997373]],[[0.039385336590434271,0.041280132794717775,0.042227522812463947,0.042227522812463947,0.041280132794717775,0.039385336590434271],[0.041280132794717775,0.043080063247882966,0.044027486686414485,0.044027486686414485,0.043080063247882966,0.041280132794717775],[0.042227522812463947,0.044027486686414485,0.044974926824877894,0.044974926824877894,0.044027486686414485,0.042227522812463947],[0.042227522812463947,0.044027486686414485,0.044974926824877894,0.044974926824877894,0.044027486686414485,0.042227522812463947],[0.041280132794717775,0.043080063247882966,0.044027486686414485,0.044027486686414485,0.043080063247882966,0.041280132794717775],[0.039385336590434271,0.041280132794717775,0.042227522812463947,0.042227522812463947,0.041280132794717775,0.039385336590434271]],[[0.042227609938695572,0.044122513404194569,0.045069956221597506,0.045069956221597506,0.044122513404194569,0.042227609938695572],[0.044122513404194569,0.045922552735050436,0.0468700326082806,0.0468700326082806,0.045922552735050436,0.044122513404194569],[0.045069956221597506,0.0468700326082806,0.047817530998244373,0.047817530998244373,0.0468700326082806,0.045069956221597506],[0.045069956221597506,0.0468700326082806,0.047817530998244373,0.047817530998244373,0.0468700326082806,0.045069956221597506],[0.044122513404194569,0.045922552735050436,0.0468700326082806,0.0468700326082806,0.045922552735050436,0.044122513404194569],[0.042227609938695572,0.044122513404194569,0.045069956221597506,0.045069956221597506,0.044122513404194569,0.042227609938695572]],[[0.04507005265389305,0.046965074732560917,0.047912575931084472,0.047912575931084472,0.046965074732560917,0.04507005265389305],[0.046965074732560917,0.048765233916058227,0.049712775963137529,0.049712775963137529,0.048765233916058227,0.046965074732560917],[0.047912575931084472,0.049712775963137529,0.050660338422592564,0.050660338422592564,0.049712775963137529,0.047912575931084472],[0.047912575931084472,0.049712775963137529,0.050660338422592564,0.050660338422592564,0.049712775963137529,0.047912575931084472],[0.046965074732560917,0.048765233916058227,0.049712775963137529,0.049712775963137529,0.048765233916058227,0.046965074732560917],[0.04507005265389305,0.046965074732560917,0.047912575931084472,0.047912575931084472,0.046965074732560917,0.04507005265389305]],[[0.047912681969067637,0.049807834273503326,0.050755399615877959,0.050755399615877959,0.049807834273503326,0.047912681969067637],[0.049807834273503326,0.051608124483774373,0.052555734563307428,0.052555734563307428,0.051608124483774373,0.049807834273503326],[0.050755399615877959,0.052555734563307428,0.053503366998778328,0.053503366998778328,0.052555734563307428,0.050755399615877959],[0.050755399615877959,0.052555734563307428,0.053503366998778328,0.053503366998778328,0.052555734563307428,0.050755399615877959],[0.049807834273503326,0.051608124483774373,0.052555734563307428,0.052555734563307428,0.051608124483774373,0.049807834273503326],[0.047912681969067637,0.049807834273503326,0.050755399615877959,0.050755399615877959,0.049807834273503326,0.047912681969067637]],[[0.050755515470924509,0.052650809836114851,0.053598445213420616,0.053598445213420616,0.052650809836114851,0.050755515470924509],[0.052650809836114851,0.054451242453316555,0.055398926536133389,0.055398926536133389,0.054451242453316555,0.052650809836114851],[0.053598445213420616,0.055398926536133389,0.056346634958301348,0.056346634958301348,0.055398926536133389,0.053598445213420616],[0.053598445213420616,0.055398926536133389,0.056346634958301348,0.056346634958301348,0.055398926536133389,0.053598445213420616],[0.052650809836114851,0.054451242453316555,0.055398926536133389,0.055398926536133389,0.054451242453316555,0.052650809836114851],[0.050755515470924509,0.052650809836114851,0.053598445213420616,0.053598445213420616,0.052650809836114851,0.050755515470924509]],[[0.053598571081333278,0.055494019571102858,0.056441730993450089,0.056441730993450089,0.055494019571102858,0.053598571081333278],[0.055494019571102858,0.057294606203866887,0.058242370380789464,0.058242370380789464,0.057294606203866887,0.055494019571102858],[0.056441730993450089,0.058242370380789464,0.059190160920804674,0.059190160920804674,0.058242370380789464,0.056441730993450089],[0.056441730993450089,0.058242370380789464,0.059190160920804674,0.059190160920804674,0.058242370380789464,0.056441730993450089],[0.055494019571102858,0.057294606203866887,0.058242370380789464,0.058242370380789464,0.057294606203866887,0.055494019571102858],[0.053598571081333278,0.055494019571102858,0.056441730993450089,0.056441730993450089,0.055494019571102858,0.053598571081333278]],[[0.056441867081748073,0.058337482012196414,0.059285275615763584,0.059285275615763584,0.058337482012196414,0.056441867081748073],[0.058337482012196414,0.060138234526147978,0.061086085021473481,0.061086085021473481,0.060138234526147978,0.058337482012196414],[0.059285275615763584,0.061086085021473481,0.062033963947662051,0.062033963947662051,0.061086085021473481,0.059285275615763584],[0.059285275615763584,0.061086085021473481,0.062033963947662051,0.062033963947662044,0.061086085021473481,0.059285275615763584],[0.058337482012196414,0.060138234526147978,0.061086085021473481,0.061086085021473481,0.060138234526147971,0.058337482012196407],[0.056441867081748073,0.058337482012196414,0.059285275615763584,0.059285275615763584,0.058337482012196407,0.056441867081748073]],[[0.059285422154044622,0.061181216123544754,0.062129098183819134,0.062129098183819134,0.061181216123544747,0.059285422154044629],[0.061181216123544754,0.062982146672251,0.063930089859457279,0.063930089859457279,0.06298214667225098,0.061181216123544747],[0.062129098183819134,0.063930089859457279,0.0648780635942594,0.0648780635942594,0.063930089859457279,0.062129098183819134],[0.062129098183819134,0.063930089859457279,0.0648780635942594,0.0648780635942594,0.063930089859457279,0.062129098183819134],[0.061181216123544747,0.06298214667225098,0.063930089859457279,0.063930089859457279,0.06298214667225098,0.061181216123544747],[0.059285422154044629,0.061181216123544747,0.062129098183819134,0.062129098183819134,0.061181216123544747,0.059285422154044622]],[[0.062129255427766032,0.064025241349578835,0.064973218296994734,0.064973218296994734,0.064025241349578821,0.062129255427766025],[0.064025241349578835,0.065826362406541383,0.06677440482489598,0.06677440482489598,0.065826362406541383,0.064025241349578821],[0.064973218296994734,0.06677440482489598,0.067722479961960541,0.067722479961960541,0.06677440482489598,0.064973218296994734],[0.064973218296994734,0.06677440482489598,0.067722479961960541,0.067722479961960541,0.06677440482489598,0.064973218296994734],[0.064025241349578821,0.065826362406541383,0.06677440482489598,0.06677440482489598,0.065826362406541383,0.064025241349578821],[0.062129255427766025,0.064025241349578821,0.064973218296994734,0.064973218296994734,0.064025241349578821,0.062129255427766025]],[[0.0649733865300002,0.06686957766602275,0.067817656102570387,0.067817656102570387,0.066869577666022723,0.064973386530000177],[0.06686957766602275,0.068670902057213629,0.069619050428799817,0.069619050428799817,0.068670902057213615,0.066869577666022723],[0.067817656102570387,0.069619050428799817,0.070567233750219019,0.070567233750219019,0.069619050428799817,0.067817656102570387],[0.067817656102570387,0.069619050428799817,0.070567233750219019,0.070567233750219019,0.069619050428799817,0.067817656102570387],[0.066869577666022723,0.068670902057213615,0.069619050428799817,0.069619050428799817,0.068670902057213615,0.066869577666022723],[0.064973386530000177,0.066869577666022723,0.067817656102570387,0.067817656102570387,0.066869577666022723,0.064973386530000177]],[[0.067817835636491283,0.069714245631607774,0.0706624323478949,0.0706624323478949,0.069714245631607746,0.067817835636491255],[0.069714245631607774,0.071515786568409082,0.07246404781541041,0.0724640478154104,0.071515786568409068,0.069714245631607746],[0.0706624323478949,0.07246404781541041,0.0734123463091156,0.0734123463091156,0.0724640478154104,0.0706624323478949],[0.0706624323478949,0.0724640478154104,0.0734123463091156,0.0734123463091156,0.0724640478154104,0.0706624323478949],[0.069714245631607746,0.071515786568409068,0.0724640478154104,0.0724640478154104,0.071515786568409068,0.069714245631607746],[0.067817835636491255,0.069714245631607746,0.0706624323478949,0.0706624323478949,0.069714245631607746,0.067817835636491255]],[[0.070662623523517168,0.072559266440417811,0.073507568433015869,0.073507568433015855,0.072559266440417811,0.07066262352351714],[0.072559266440417811,0.074361037552979292,0.075309418815196108,0.075309418815196108,0.074361037552979292,0.072559266440417811],[0.073507568433015869,0.075309418815196108,0.076257839692559615,0.0762578396925596,0.075309418815196108,0.073507568433015855],[0.073507568433015855,0.075309418815196108,0.0762578396925596,0.0762578396925596,0.0753094188151961,0.073507568433015855],[0.072559266440417811,0.074361037552979292,0.075309418815196108,0.0753094188151961,0.074361037552979292,0.072559266440417811],[0.07066262352351714,0.072559266440417811,0.073507568433015855,0.073507568433015855,0.072559266440417811,0.07066262352351714]],[[0.073507771620474061,0.075404661974953185,0.076353086463998812,0.076353086463998812,0.075404661974953185,0.073507771620474061],[0.075404661974953185,0.077206677346049579,0.078155185998677226,0.078155185998677226,0.077206677346049579,0.075404661974953185],[0.076353086463998812,0.078155185998677226,0.079103736712378608,0.079103736712378608,0.078155185998677226,0.076353086463998812],[0.076353086463998812,0.078155185998677226,0.079103736712378608,0.079103736712378608,0.078155185998677226,0.076353086463998812],[0.075404661974953185,0.077206677346049579,0.078155185998677226,0.078155185998677226,0.077206677346049579,0.075404661974953185],[0.073507771620474061,0.075404661974953185,0.076353086463998812,0.076353086463998812,0.075404661974953185,0.073507771620474061]],[[0.07635330206323751,0.078250454860068958,0.079199009307152832,0.079199009307152832,0.078250454860068958,0.07635330206323751],[0.078250454860068958,0.080052729059571379,0.081001372731294347,0.081001372731294347,0.080052729059571379,0.078250454860068958],[0.079199009307152832,0.081001372731294347,0.081950060993517232,0.081950060993517232,0.081001372731294347,0.079199009307152832],[0.079199009307152832,0.081001372731294347,0.081950060993517232,0.081950060993517232,0.081001372731294347,0.079199009307152832],[0.078250454860068958,0.080052729059571379,0.081001372731294347,0.081001372731294347,0.080052729059571379,0.078250454860068958],[0.07635330206323751,0.078250454860068958,0.079199009307152832,0.079199009307152832,0.078250454860068958,0.07635330206323751]],[[0.079199237748485252,0.081096668517990883,0.082045360644382018,0.082045360644382018,0.081096668517990883,0.079199237748485252],[0.081096668517990883,0.082899216638077533,0.08384800322954257,0.08384800322954257,0.082899216638077533,0.081096668517990883],[0.082045360644382018,0.08384800322954257,0.084796837030571892,0.084796837030571892,0.08384800322954257,0.082045360644382018],[0.082045360644382018,0.08384800322954257,0.084796837030571892,0.084796837030571892,0.08384800322954257,0.082045360644382018],[0.081096668517990883,0.082899216638077533,0.08384800322954257,0.08384800322954257,0.082899216638077533,0.081096668517990883],[0.079199237748485252,0.081096668517990883,0.082045360644382018,0.082045360644382018,0.081096668517990883,0.079199237748485252]],[[0.082045602389147071,0.083943327224593786,0.08489216502986989,0.08489216502986989,0.083943327224593786,0.082045602389147071],[0.083943327224593786,0.085746164915834353,0.086695102618572828,0.086695102618572828,0.085746164915834353,0.083943327224593786],[0.08489216502986989,0.086695102618572828,0.087644090245863171,0.087644090245863171,0.086695102618572828,0.08489216502986989],[0.08489216502986989,0.086695102618572828,0.087644090245863171,0.087644090245863171,0.086695102618572828,0.08489216502986989],[0.083943327224593786,0.085746164915834353,0.086695102618572828,0.086695102618572828,0.085746164915834353,0.083943327224593786],[0.082045602389147071,0.083943327224593786,0.08489216502986989,0.08489216502986989,0.083943327224593786,0.082045602389147071]],[[0.084892420571214572,0.086790456167179453,0.08773944794833051,0.08773944794833051,0.086790456167179453,0.084892420571214572],[0.086790456167179453,0.088593599675626772,0.089542696991496,0.089542696991496,0.088593599675626772,0.086790456167179453],[0.08773944794833051,0.089542696991496,0.090491847049281843,0.090491847049281843,0.089542696991496,0.08773944794833051],[0.08773944794833051,0.089542696991496,0.090491847049281843,0.090491847049281843,0.089542696991496,0.08773944794833051],[0.086790456167179453,0.088593599675626772,0.089542696991496,0.089542696991496,0.088593599675626772,0.086790456167179453],[0.084892420571214572,0.086790456167179453,0.08773944794833051,0.08773944794833051,0.086790456167179453,0.084892420571214572]],[[0.087739717812098383,0.089638081503938524,0.090587235875011329,0.090587235875011329,0.089638081503938524,0.087739717812098383],[0.089638081503938524,0.09144154770935832,0.09239081347057114,0.09239081347057114,0.09144154770935832,0.089638081503938524],[0.090587235875011329,0.09239081347057114,0.093340134900088356,0.093340134900088356,0.09239081347057114,0.090587235875011329],[0.090587235875011329,0.09239081347057114,0.093340134900088356,0.093340134900088356,0.09239081347057114,0.090587235875011329],[0.089638081503938524,0.09144154770935832,0.09239081347057114,0.09239081347057114,0.09144154770935832,0.089638081503938524],[0.087739717812098383,0.089638081503938524,0.090587235875011329,0.090587235875011329,0.089638081503938524,0.087739717812098383]],[[0.090587520620754439,0.0924862304253299,0.0934355563376819,0.0934355563376819,0.0924862304253299,0.090587520620754439],[0.0924862304253299,0.094290036880699687,0.095239480270510171,0.095239480270510171,0.094290036880699687,0.0924862304253299],[0.0934355563376819,0.095239480270510171,0.096188982370898013,0.096188982370898013,0.095239480270510171,0.0934355563376819],[0.0934355563376819,0.095239480270510171,0.096188982370898013,0.096188982370898013,0.095239480270510171,0.0934355563376819],[0.0924862304253299,0.094290036880699687,0.095239480270510171,0.095239480270510171,0.094290036880699687,0.0924862304253299],[0.090587520620754439,0.0924862304253299,0.0934355563376819,0.0934355563376819,0.0924862304253299,0.090587520620754439]],[[0.093435856559780733,0.095334931217551711,0.096284437980789256,0.096284437980789256,0.095334931217551711,0.093435856559780733],[0.095334931217551711,0.097139096189959,0.098088726764074943,0.098088726764074943,0.097139096189959,0.095334931217551711],[0.096284437980789256,0.098088726764074943,0.099038419214025064,0.099038419214025064,0.098088726764074943,0.096284437980789256],[0.096284437980789256,0.098088726764074943,0.099038419214025064,0.099038419214025064,0.098088726764074943,0.096284437980789256],[0.095334931217551711,0.097139096189959,0.098088726764074943,0.098088726764074943,0.097139096189959,0.095334931217551711],[0.093435856559780733,0.095334931217551711,0.096284437980789256,0.096284437980789256,0.095334931217551711,0.093435856559780733]],[[0.096284754309691467,0.098184213328335837,0.099133910631995462,0.099133910631995462,0.098184213328335837,0.096284754309691467],[0.098184213328335837,0.0999887558413997,0.1009385835501852,0.1009385835501852,0.0999887558413997,0.098184213328335837],[0.099133910631995462,0.1009385835501852,0.10188847643040504,0.10188847643040504,0.1009385835501852,0.099133910631995462],[0.099133910631995462,0.1009385835501852,0.10188847643040504,0.10188847643040504,0.1009385835501852,0.099133910631995462],[0.098184213328335837,0.0999887558413997,0.1009385835501852,0.1009385835501852,0.0999887558413997,0.098184213328335837],[0.096284754309691467,0.098184213328335837,0.099133910631995462,0.099133910631995462,0.098184213328335837,0.096284754309691467]],[[0.099134243735561151,0.10103410743524473,0.10198400537129007,0.10198400537129007,0.10103410743524473,0.099134243735561151],[0.10103410743524473,0.10283904731318824,0.10378908252472521,0.10378908252472521,0.10283904731318824,0.10103410743524473],[0.10198400537129007,0.10378908252472521,0.10473918634128133,0.10473918634128133,0.10378908252472521,0.10198400537129007],[0.10198400537129007,0.10378908252472521,0.10473918634128133,0.10473918634128133,0.10378908252472521,0.10198400537129007],[0.10103410743524473,0.10283904731318824,0.10378908252472521,0.10378908252472521,0.10283904731318824,0.10103410743524473],[0.099134243735561151,0.10103410743524473,0.10198400537129007,0.10198400537129007,0.10103410743524473,0.099134243735561151]],[[0.10198435595625004,0.1038846455166744,0.10483475460287163,0.10483475460287163,0.1038846455166744,0.10198435595625004],[0.1038846455166744,0.10569000343017247,0.10664025695424534,0.10664025695424534,0.10569000343017247,0.1038846455166744],[0.10483475460287163,0.10664025695424534,0.10759058266285282,0.10759058266285282,0.10664025695424534,0.10483475460287163],[0.10483475460287163,0.10664025695424534,0.10759058266285282,0.10759058266285282,0.10664025695424534,0.10483475460287163],[0.1038846455166744,0.10569000343017247,0.10664025695424534,0.10664025695424534,0.10569000343017247,0.1038846455166744],[0.10198435595625004,0.1038846455166744,0.10483475460287163,0.10483475460287163,0.1038846455166744,0.10198435595625004]],[[0.10483512341639603,0.10673586092576554,0.10768619213000472,0.10768619213000472,0.10673586092576554,0.10483512341639603],[0.10673586092576554,0.10854165843969361,0.10949214155276428,0.10949214155276428,0.10854165843969361,0.10673586092576554],[0.10768619213000472,0.10949214155276428,0.11044270058408807,0.11044270058408807,0.10949214155276428,0.10768619213000472],[0.10768619213000472,0.10949214155276428,0.11044270058408807,0.11044270058408807,0.10949214155276428,0.10768619213000472],[0.10673586092576554,0.10854165843969361,0.10949214155276428,0.10949214155276428,0.10854165843969361,0.10673586092576554],[0.10483512341639603,0.10673586092576554,0.10768619213000472,0.10768619213000472,0.10673586092576554,0.10483512341639603]],[[0.10768657996138253,0.10958778846741457,0.11053835323304381,0.11053835323304381,0.10958778846741457,0.10768657996138253],[0.10958778846741457,0.11139404809062542,0.11234477256186501,0.11234477256186501,0.11139404809062542,0.10958778846741457],[0.11053835323304381,0.11234477256186501,0.11329557684790033,0.11329557684790033,0.11234477256186501,0.11053835323304381],[0.11053835323304381,0.11234477256186501,0.11329557684790033,0.11329557684790033,0.11234477256186501,0.11053835323304381],[0.10958778846741457,0.11139404809062542,0.11234477256186501,0.11234477256186501,0.11139404809062542,0.10958778846741457],[0.10768657996138253,0.10958778846741457,0.11053835323304381,0.11053835323304381,0.10958778846741457,0.10768657996138253]],[[0.11053876091547435,0.11244046447859202,0.11339127475083441,0.11339127475083441,0.11244046447859202,0.11053876091547435],[0.11244046447859202,0.11424720971585034,0.11519818783429614,0.11519818783429614,0.11424720971585034,0.11244046447859202],[0.11339127475083441,0.11519818783429614,0.11614924983589514,0.11614924983589514,0.11519818783429614,0.11339127475083441],[0.11339127475083441,0.11519818783429614,0.11614924983589514,0.11614924983589514,0.11519818783429614,0.11339127475083441],[0.11244046447859202,0.11424720971585034,0.11519818783429614,0.11519818783429614,0.11424720971585034,0.11244046447859202],[0.11053876091547435,0.11244046447859202,0.11339127475083441,0.11339127475083441,0.11244046447859202,0.11053876091547435]],[[0.11339170316332861,0.11529392691217465,0.1162449951656834,0.1162449951656834,0.11529392691217465,0.11339170316332861],[0.11529392691217465,0.11710118231837557,0.11805242692127796,0.11805242692127796,0.11710118231837557,0.11529392691217465],[0.1162449951656834,0.11805242692127796,0.11900375965689228,0.11900375965689228,0.11805242692127796,0.1162449951656834],[0.1162449951656834,0.11805242692127796,0.11900375965689228,0.11900375965689228,0.11805242692127796,0.1162449951656834],[0.11529392691217465,0.11710118231837557,0.11805242692127796,0.11805242692127796,0.11710118231837557,0.11529392691217465],[0.11339170316332861,0.11529392691217465,0.1162449951656834,0.1162449951656834,0.11529392691217465,0.11339170316332861]],[[0.11624544523508618,0.11814821542448618,0.11909955469212667,0.11909955469212667,0.11814821542448618,0.11624544523508618],[0.11814821542448618,0.11995600666129846,0.12090753116373426,0.12090753116373426,0.11995600666129846,0.11814821542448618],[0.11909955469212667,0.12090753116373426,0.12185914823944387,0.12185914823944387,0.12090753116373426,0.11909955469212667],[0.11909955469212667,0.12090753116373426,0.12185914823944387,0.12185914823944387,0.12090753116373426,0.11909955469212667],[0.11814821542448618,0.11995600666129846,0.12090753116373426,0.12090753116373426,0.11995600666129846,0.11814821542448618],[0.11624544523508618,0.11814821542448618,0.11909955469212667,0.11909955469212667,0.11814821542448618,0.11624544523508618]],[[0.11910002739524982,0.12100337146678342,0.12195499536969256,0.12195499536969256,0.12100337146678342,0.11910002739524982],[0.12100337146678342,0.12281172536184835,0.1237635437876662,0.1237635437876662,0.12281172536184835,0.12100337146678342],[0.12195499536969256,0.1237635437876662,0.12471545942856746,0.12471545942856746,0.12376354378766621,0.12195499536969256],[0.12195499536969256,0.1237635437876662,0.12471545942856746,0.12471545942856746,0.12376354378766621,0.12195499536969256],[0.12100337146678342,0.12281172536184835,0.12376354378766621,0.12376354378766621,0.12281172536184835,0.12100337146678342],[0.11910002739524982,0.12100337146678342,0.12195499536969256,0.12195499536969256,0.12100337146678342,0.11910002739524982]],[[0.12195549173558019,0.12385943838088558,0.12481136115989981,0.12481136115989981,0.12385943838088558,0.12195549173558019],[0.12385943838088558,0.1256683829897195,0.12662051000389771,0.12662051000389771,0.1256683829897195,0.12385943838088558],[0.12481136115989981,0.12662051000389771,0.12757273908692562,0.12757273908692562,0.12662051000389771,0.12481136115989981],[0.12481136115989981,0.12662051000389771,0.12757273908692562,0.12757273908692562,0.12662051000389771,0.12481136115989981],[0.12385943838088558,0.1256683829897195,0.12662051000389771,0.12662051000389771,0.1256683829897195,0.12385943838088558],[0.12195549173558019,0.12385943838088558,0.12481136115989981,0.12481136115989981,0.12385943838088558,0.12195549173558019]],[[0.1248118822722092,0.1267164614991956,0.12766869804771069,0.12766869804771069,0.1267164614991956,0.1248118822722092],[0.1267164614991956,0.12852602616993863,0.12947847711242827,0.12947847711242827,0.12852602616993863,0.1267164614991956],[0.12766869804771069,0.12947847711242827,0.13043103520069105,0.13043103520069105,0.12947847711242827,0.12766869804771069],[0.12766869804771069,0.12947847711242827,0.13043103520069105,0.13043103520069105,0.12947847711242827,0.12766869804771069],[0.1267164614991956,0.12852602616993863,0.12947847711242827,0.12947847711242827,0.12852602616993863,0.1267164614991956],[0.1248118822722092,0.1267164614991956,0.12766869804771069,0.12766869804771069,0.1267164614991956,0.1248118822722092]],[[0.12766924504722502,0.12957448824933396,0.13052705414767432,0.13052705414767432,0.12957448824933396,0.12766924504722502],[0.12957448824933396,0.13138470369049782,0.13233749461163044,0.13233749461163044,0.13138470369049782,0.12957448824933396],[0.13052705414767432,0.13233749461163044,0.13329039799033626,0.13329039799033626,0.13233749461163044,0.13052705414767432],[0.13052705414767432,0.13233749461163044,0.13329039799033626,0.13329039799033626,0.13233749461163044,0.13052705414767432],[0.12957448824933396,0.13138470369049782,0.13233749461163044,0.13233749461163044,0.13138470369049782,0.12957448824933396],[0.12766924504722502,0.12957448824933396,0.13052705414767432,0.13052705414767432,0.12957448824933396,0.12766924504722502]],[[0.13052762823495645,0.13243356826363692,0.13338647981502358,0.13338647981502358,0.13243356826363692,0.13052762823495645],[0.13243356826363692,0.13424446661501163,0.1351976143125577,0.1351976143125577,0.13424446661501163,0.13243356826363692],[0.13338647981502358,0.1351976143125577,0.13615088002661774,0.13615088002661774,0.1351976143125577,0.13338647981502358],[0.13338647981502358,0.1351976143125577,0.13615088002661774,0.13615088002661774,0.1351976143125577,0.13338647981502358],[0.13243356826363692,0.13424446661501163,0.1351976143125577,0.1351976143125577,0.13424446661501163,0.13243356826363692],[0.13052762823495645,0.13243356826363692,0.13338647981502358,0.13338647981502358,0.13243356826363692,0.13052762823495645]],[[0.13338708225319965,0.13529375349377021,0.13624702776197251,0.13624702776197251,0.13529375349377021,0.13338708225319965],[0.13529375349377021,0.13710536840065493,0.13805889045861888,0.13805889045861888,0.13710536840065493,0.13529375349377021],[0.13624702776197251,0.13805889045861888,0.13901253635201366,0.13901253635201366,0.13805889045861888,0.13624702776197251],[0.13624702776197251,0.13805889045861888,0.13901253635201366,0.13901253635201366,0.13805889045861888,0.13624702776197251],[0.13529375349377021,0.13710536840065493,0.13805889045861888,0.13805889045861888,0.13710536840065493,0.13529375349377021],[0.13338708225319965,0.13529375349377021,0.13624702776197251,0.13624702776197251,0.13529375349377021,0.13338708225319965]],[[0.13624765987966631,0.13815509833073472,0.13910875317946894,0.13910875317946894,0.13815509833073472,0.13624765987966631],[0.13815509833073472,0.13996746502165627,0.14092137985088957,0.14092137985088957,0.13996746502165627,0.13815509833073472],[0.13910875317946894,0.14092137985088957,0.1418754246078891,0.1418754246078891,0.14092137985088957,0.13910875317946894],[0.13910875317946894,0.14092137985088957,0.1418754246078891,0.1418754246078891,0.14092137985088957,0.13910875317946894],[0.13815509833073472,0.13996746502165627,0.14092137985088957,0.14092137985088957,0.13996746502165627,0.13815509833073472],[0.13624765987966631,0.13815509833073472,0.13910875317946894,0.13910875317946894,0.13815509833073472,0.13624765987966631]],[[0.13910941637388521,0.14101765973051436,0.14197171386471902,0.14197171386471902,0.14101765973051436,0.13910941637388521],[0.14101765973051436,0.14283081509862336,0.1437851419793624,0.1437851419793624,0.14283081509862336,0.14101765973051436],[0.14197171386471902,0.1437851419793624,0.14473960516769444,0.14473960516769444,0.1437851419793624,0.14197171386471902],[0.14197171386471902,0.1437851419793624,0.14473960516769444,0.14473960516769444,0.1437851419793624,0.14197171386471902],[0.14101765973051436,0.14283081509862336,0.1437851419793624,0.1437851419793624,0.14283081509862336,0.14101765973051436],[0.13910941637388521,0.14101765973051436,0.14197171386471902,0.14197171386471902,0.14101765973051436,0.13910941637388521]],[[0.14197240960488172,0.14388149734568664,0.14483597035472973,0.14483597035472973,0.14388149734568664,0.14197240960488172],[0.14388149734568664,0.14569548003400548,0.14665023916041747,0.14665023916041747,0.14569548003400548,0.14388149734568664],[0.14483597035472973,0.14665023916041747,0.14760514127648267,0.14760514127648267,0.14665023916041747,0.14483597035472973],[0.14483597035472973,0.14665023916041747,0.14760514127648267,0.14760514127648267,0.14665023916041747,0.14483597035472973],[0.14388149734568664,0.14569548003400548,0.14665023916041747,0.14665023916041747,0.14569548003400548,0.14388149734568664],[0.14197240960488172,0.14388149734568664,0.14483597035472973,0.14483597035472973,0.14388149734568664,0.14197240960488172]],[[0.14483670018489603,0.14674667366326502,0.14770158606621672,0.14770158606621672,0.14674667366326502,0.14483670018489603],[0.14674667366326502,0.14856152415399279,0.1495167366808437,0.1495167366808437,0.14856152415399279,0.14674667366326502],[0.14770158606621672,0.1495167366808437,0.15047209919708052,0.15047209919708052,0.1495167366808437,0.14770158606621672],[0.14770158606621672,0.1495167366808437,0.15047209919708052,0.15047209919708052,0.1495167366808437,0.14770158606621672],[0.14674667366326502,0.14856152415399279,0.1495167366808437,0.1495167366808437,0.14856152415399279,0.14674667366326502],[0.14483670018489603,0.14674667366326502,0.14770158606621672,0.14770158606621672,0.14674667366326502,0.14483670018489603]],[[0.147702351609446,0.14961325414911303,0.15056862744215491,0.15056862744215491,0.14961325414911303,0.147702351609446],[0.14961325414911303,0.151429014857179,0.15238470294871817,0.15238470294871817,0.151429014857179,0.14961325414911303],[0.15056862744215491,0.15238470294871817,0.15334054836322467,0.15334054836322467,0.15238470294871817,0.15056862744215491],[0.15056862744215491,0.15238470294871817,0.15334054836322467,0.15334054836322467,0.15238470294871817,0.15056862744215491],[0.14961325414911303,0.151429014857179,0.15238470294871817,0.15238470294871817,0.151429014857179,0.14961325414911303],[0.147702351609446,0.14961325414911303,0.15056862744215491,0.15056862744215491,0.14961325414911303,0.147702351609446]],[[0.15056943040407181,0.1524813