{"M_cells":[[[0,0,0,0,0,0,0],[0,0,0,0,0,0,0],[0,0,0,0,0,0,0],[0,0,0,0,0,0,0],[0,0,0,0,0,0,0],[0,0,0,0,0,0,0],[0,0,0,0,0,0,0]],[[1.4204185685759275E-7,8.2081853422481085E-7,7.3026870035402407E-7,1.0683539180400362E-6,7.3026870035402407E-7,8.2081853422481085E-7,1.4204185685759275E-7],[8.2081853422481085E-7,3.4982359080109581E-6,3.1976601838102226E-6,4.5188993485820207E-6,3.1976601838102226E-6,3.4982359080109581E-6,8.2081853422481085E-7],[7.3026870035402407E-7,3.1976601838102226E-6,3.9257141826561976E-6,4.6577456077427965E-6,3.9257141826561976E-6,3.1976601838102221E-6,7.3026870035402407E-7],[1.0683539180400362E-6,4.5188993485820207E-6,4.6577456077427965E-6,6.1456230552433165E-6,4.6577456077427965E-6,4.51889934858202E-6,1.0683539180400362E-6],[7.3026870035402407E-7,3.1976601838102226E-6,3.9257141826561976E-6,4.6577456077427965E-6,3.9257141826561968E-6,3.1976601838102221E-6,7.3026870035402407E-7],[8.2081853422481085E-7,3.4982359080109581E-6,3.1976601838102221E-6,4.51889934858202E-6,3.1976601838102221E-6,3.4982359080109581E-6,8.20818534224811E-7],[1.4204185685759275E-7,8.2081853422481085E-7,7.3026870035402407E-7,1.0683539180400362E-6,7.3026870035402407E-7,8.20818534224811E-7,1.4204185685759278E-7]],[[9.9839260732317061E-7,3.2864696152366892E-6,2.984793327647612E-6,4.1602052434652575E-6,2.984793327647612E-6,3.2864696152366892E-6,9.9839260732317061E-7],[3.2864696152366892E-6,8.64130307366518E-6,8.0475364993067E-6,1.0793206234909579E-5,8.0475364993067E-6,8.64130307366518E-6,3.2864696152366892E-6],[2.984793327647612E-6,8.0475364993067E-6,9.5322346557510235E-6,1.1022298745440899E-5,9.5322346557510235E-6,8.0475364993067E-6,2.984793327647612E-6],[4.1602052434652575E-6,1.0793206234909579E-5,1.1022298745440899E-5,1.3995463376608176E-5,1.1022298745440899E-5,1.0793206234909579E-5,4.1602052434652575E-6],[2.984793327647612E-6,8.0475364993067E-6,9.5322346557510235E-6,1.1022298745440899E-5,9.5322346557510235E-6,8.0475364993067E-6,2.984793327647612E-6],[3.2864696152366892E-6,8.64130307366518E-6,8.0475364993067E-6,1.0793206234909579E-5,8.0475364993067E-6,8.64130307366518E-6,3.28646961523669E-6],[9.9839260732317061E-7,3.2864696152366892E-6,2.984793327647612E-6,4.1602052434652575E-6,2.984793327647612E-6,3.28646961523669E-6,9.98392607323171E-7]],[[2.9883579129385128E-6,7.3950301109886472E-6,6.8191708225375891E-6,9.1413541490197289E-6,6.8191708225375891E-6,7.3950301109886472E-6,2.9883579129385128E-6],[7.3950301109886472E-6,1.5425402080769737E-5,1.4546116715514511E-5,1.877878122055824E-5,1.4546116715514513E-5,1.5425402080769737E-5,7.3950301109886472E-6],[6.8191708225375891E-6,1.4546116715514511E-5,1.68018181631696E-5,1.9064268790241064E-5,1.6801818163169603E-5,1.4546116715514513E-5,6.8191708225375891E-6],[9.1413541490197289E-6,1.877878122055824E-5,1.9064268790241064E-5,2.3517951669437613E-5,1.9064268790241068E-5,1.8778781220558244E-5,9.1413541490197289E-6],[6.8191708225375891E-6,1.4546116715514513E-5,1.6801818163169603E-5,1.9064268790241068E-5,1.6801818163169603E-5,1.4546116715514513E-5,6.8191708225375891E-6],[7.3950301109886472E-6,1.5425402080769737E-5,1.4546116715514513E-5,1.8778781220558244E-5,1.4546116715514513E-5,1.5425402080769737E-5,7.3950301109886472E-6],[2.9883579129385128E-6,7.3950301109886472E-6,6.8191708225375891E-6,9.1413541490197289E-6,6.8191708225375891E-6,7.3950301109886472E-6,2.9883579129385132E-6]],[[6.3414624548264E-6,1.3145475128463515E-5,1.2264532582292486E-5,1.592489311537958E-5,1.2264532582292486E-5,1.3145475128463515E-5,6.3414624548264E-6],[1.3145475128463515E-5,2.384998315688192E-5,2.269324105702997E-5,2.8450729050455887E-5,2.269324105702997E-5,2.384998315688192E-5,1.3145475128463515E-5],[1.2264532582292486E-5,2.269324105702997E-5,2.5728130950244549E-5,2.8771148006482595E-5,2.5728130950244549E-5,2.269324105702997E-5,1.2264532582292486E-5],[1.592489311537958E-5,2.8450729050455887E-5,2.8771148006482595E-5,3.4700621027909968E-5,2.8771148006482595E-5,2.8450729050455887E-5,1.592489311537958E-5],[1.2264532582292486E-5,2.269324105702997E-5,2.5728130950244549E-5,2.8771148006482595E-5,2.5728130950244549E-5,2.269324105702997E-5,1.2264532582292486E-5],[1.3145475128463515E-5,2.384998315688192E-5,2.269324105702997E-5,2.8450729050455887E-5,2.269324105702997E-5,2.384998315688192E-5,1.3145475128463515E-5],[6.3414624548264E-6,1.3145475128463515E-5,1.2264532582292486E-5,1.592489311537958E-5,1.2264532582292486E-5,1.3145475128463515E-5,6.3414624548264015E-6]],[[1.118321335923242E-5,2.0536702465038461E-5,1.9337300495732252E-5,2.4453732543852307E-5,1.9337300495732252E-5,2.0536702465038461E-5,1.118321335923242E-5],[2.0536702465038461E-5,3.3913361661541283E-5,3.2486549381387205E-5,3.9791109197577059E-5,3.2486549381387205E-5,3.3913361661541283E-5,2.0536702465038461E-5],[1.9337300495732252E-5,3.2486549381387205E-5,3.6304929150760343E-5,4.0132808936293555E-5,3.6304929150760343E-5,3.2486549381387205E-5,1.9337300495732252E-5],[2.4453732543852307E-5,3.9791109197577059E-5,4.0132808936293555E-5,4.7533389296963136E-5,4.0132808936293555E-5,3.9791109197577059E-5,2.4453732543852307E-5],[1.9337300495732252E-5,3.2486549381387205E-5,3.6304929150760343E-5,4.0132808936293555E-5,3.6304929150760343E-5,3.2486549381387205E-5,1.9337300495732252E-5],[2.0536702465038461E-5,3.3913361661541283E-5,3.2486549381387205E-5,3.9791109197577059E-5,3.2486549381387205E-5,3.3913361661541283E-5,2.0536702465038461E-5],[1.118321335923242E-5,2.0536702465038461E-5,1.9337300495732252E-5,2.4453732543852307E-5,1.9337300495732252E-5,2.0536702465038461E-5,1.1183213359232421E-5]],[[1.7581880825041221E-5,2.9567124899170809E-5,2.8045086705965287E-5,3.4689636112143773E-5,2.8045086705965287E-5,2.9567124899170809E-5,1.7581880825041221E-5],[2.9567124899170809E-5,4.5612990642367782E-5,4.3922437109020587E-5,5.2786483271830126E-5,4.3922437109020587E-5,4.5612990642367782E-5,2.9567124899170809E-5],[2.8045086705965287E-5,4.3922437109020587E-5,4.8526162069537162E-5,5.3140754948788532E-5,4.8526162069537162E-5,4.3922437109020587E-5,2.8045086705965287E-5],[3.4689636112143773E-5,5.2786483271830126E-5,5.3140754948788532E-5,6.2007807922985719E-5,5.3140754948788532E-5,5.2786483271830126E-5,3.4689636112143773E-5],[2.8045086705965287E-5,4.3922437109020587E-5,4.8526162069537162E-5,5.3140754948788532E-5,4.8526162069537162E-5,4.3922437109020587E-5,2.8045086705965287E-5],[2.9567124899170809E-5,4.5612990642367782E-5,4.3922437109020587E-5,5.2786483271830126E-5,4.3922437109020587E-5,4.5612990642367782E-5,2.9567124899170809E-5],[1.7581880825041221E-5,2.9567124899170809E-5,2.8045086705965287E-5,3.4689636112143773E-5,2.8045086705965287E-5,2.9567124899170809E-5,1.7581880825041221E-5]],[[2.5574068570719309E-5,4.0234557212617167E-5,3.8390257465398051E-5,4.6606330651845965E-5,3.8390257465398051E-5,4.0234557212617167E-5,2.5574068570719309E-5],[4.0234557212617167E-5,5.8945684095340589E-5,5.6996616948013057E-5,6.7426345789120768E-5,5.6996616948013057E-5,5.8945684095340589E-5,4.0234557212617167E-5],[3.8390257465398051E-5,5.6996616948013057E-5,6.2386000789750991E-5,6.7787615687249332E-5,6.2386000789750977E-5,5.699661694801305E-5,3.8390257465398045E-5],[4.6606330651845965E-5,6.7426345789120768E-5,6.7787615687249332E-5,7.8116556184324435E-5,6.7787615687249332E-5,6.7426345789120768E-5,4.6606330651845965E-5],[3.8390257465398051E-5,5.6996616948013057E-5,6.2386000789750977E-5,6.7787615687249332E-5,6.2386000789750977E-5,5.699661694801305E-5,3.8390257465398045E-5],[4.0234557212617167E-5,5.8945684095340589E-5,5.699661694801305E-5,6.7426345789120768E-5,5.699661694801305E-5,5.8945684095340589E-5,4.0234557212617167E-5],[2.5574068570719309E-5,4.0234557212617167E-5,3.8390257465398045E-5,4.6606330651845965E-5,3.8390257465398045E-5,4.0234557212617167E-5,2.5574068570719309E-5]],[[3.5178734992491342E-5,5.2536243018729509E-5,5.0372079709323111E-5,6.0185165345805055E-5,5.0372079709323111E-5,5.2536243018729509E-5,3.5178734992491342E-5],[5.2536243018729509E-5,7.3907793077315566E-5,7.1704445871891874E-5,8.3702116199508965E-5,7.1704445871891874E-5,7.3907793077315566E-5,5.2536243018729509E-5],[5.0372079709323111E-5,7.1704445871891874E-5,7.7878831139327435E-5,8.4066806004987339E-5,7.7878831139327435E-5,7.1704445871891874E-5,5.0372079709323111E-5],[6.0185165345805055E-5,8.3702116199508965E-5,8.4066806004987339E-5,9.5853099262657276E-5,8.4066806004987339E-5,8.3702116199508965E-5,6.0185165345805055E-5],[5.0372079709323111E-5,7.1704445871891874E-5,7.7878831139327435E-5,8.4066806004987339E-5,7.7878831139327435E-5,7.1704445871891874E-5,5.0372079709323111E-5],[5.2536243018729509E-5,7.3907793077315566E-5,7.1704445871891874E-5,8.3702116199508965E-5,7.1704445871891874E-5,7.3907793077315566E-5,5.2536243018729509E-5],[3.5178734992491342E-5,5.2536243018729509E-5,5.0372079709323111E-5,6.0185165345805055E-5,5.0372079709323111E-5,5.2536243018729509E-5,3.5178734992491342E-5]],[[4.6404916509294556E-5,6.64689385464914E-5,6.3988009460760664E-5,7.5412369344803645E-5,6.3988009460760664E-5,6.64689385464914E-5,4.6404916509294556E-5],[6.64689385464914E-5,9.0495341038129574E-5,8.8041113110040383E-5,0.00010160648872691715,8.8041113110040383E-5,9.0495341038129574E-5,6.64689385464914E-5],[6.3988009460760664E-5,8.8041113110040383E-5,9.4999231947714036E-5,0.00010197229448171627,9.4999231947714036E-5,8.8041113110040383E-5,6.3988009460760664E-5],[7.5412369344803645E-5,0.00010160648872691715,0.00010197229448171627,0.00011521145615152294,0.00010197229448171627,0.00010160648872691716,7.5412369344803645E-5],[6.3988009460760664E-5,8.8041113110040383E-5,9.4999231947714036E-5,0.00010197229448171627,9.4999231947714036E-5,8.8041113110040383E-5,6.3988009460760664E-5],[6.64689385464914E-5,9.0495341038129574E-5,8.8041113110040383E-5,0.00010160648872691716,8.8041113110040383E-5,9.0495341038129574E-5,6.64689385464914E-5],[4.6404916509294556E-5,6.64689385464914E-5,6.3988009460760664E-5,7.5412369344803645E-5,6.3988009460760664E-5,6.64689385464914E-5,4.6404916509294556E-5]],[[5.9256008722195089E-5,8.2029011130153328E-5,7.9234461855241017E-5,9.22773139190353E-5,7.9234461855241017E-5,8.2029011130153328E-5,5.9256008722195089E-5],[8.2029011130153328E-5,0.00010870412582309455,0.000106001746431118,0.00012113301113891715,0.000106001746431118,0.00010870412582309455,8.2029011130153328E-5],[7.9234461855241017E-5,0.000106001746431118,0.00011374194931266496,0.00012149844567305481,0.00011374194931266496,0.000106001746431118,7.9234461855241017E-5],[9.22773139190353E-5,0.00012113301113891715,0.00012149844567305481,0.00013618604148429235,0.0001214984456730548,0.00012113301113891713,9.22773139190353E-5],[7.9234461855241017E-5,0.000106001746431118,0.00011374194931266496,0.0001214984456730548,0.00011374194931266496,0.000106001746431118,7.9234461855241017E-5],[8.2029011130153328E-5,0.00010870412582309455,0.000106001746431118,0.00012113301113891713,0.000106001746431118,0.00010870412582309455,8.2029011130153328E-5],[5.9256008722195089E-5,8.2029011130153328E-5,7.9234461855241017E-5,9.22773139190353E-5,7.9234461855241017E-5,8.2029011130153328E-5,5.9256008722195089E-5]],[[7.3732159573127422E-5,9.9212532514900527E-5,9.610726892389027E-5,0.00011077140751706816,9.610726892389027E-5,9.9212532514900527E-5,7.3732159573127422E-5],[9.9212532514900527E-5,0.00012852979540413503,0.00012558147082030062,0.00014227581054319856,0.00012558147082030062,0.00012852979540413503,9.9212532514900527E-5],[9.610726892389027E-5,0.00012558147082030062,0.00013410187196141558,0.00014263991215770312,0.00013410187196141558,0.00012558147082030062,9.610726892389027E-5],[0.00011077140751706816,0.00014227581054319856,0.00014263991215770312,0.00015877155729441145,0.00014263991215770312,0.00014227581054319859,0.00011077140751706816],[9.610726892389027E-5,0.00012558147082030062,0.00013410187196141558,0.00014263991215770312,0.00013410187196141558,0.00012558147082030062,9.610726892389027E-5],[9.9212532514900527E-5,0.00012852979540413503,0.00012558147082030062,0.00014227581054319859,0.00012558147082030062,0.00012852979540413503,9.9212532514900527E-5],[7.3732159573127422E-5,9.9212532514900527E-5,9.610726892389027E-5,0.00011077140751706816,9.610726892389027E-5,9.9212532514900527E-5,7.3732159573127422E-5]],[[8.983162172517052E-5,0.00011801535901435428,0.0001146019499361176,0.00013088739068915501,0.0001146019499361176,0.00011801535901435428,8.983162172517052E-5],[0.00011801535901435428,0.00014996790341470251,0.00014677543973443976,0.00016502941398561027,0.00014677543973443976,0.00014996790341470251,0.00011801535901435428],[0.0001146019499361176,0.00014677543973443976,0.00015607400977649889,0.00016539156033691852,0.00015607400977649889,0.00014677543973443976,0.00011460194993611761],[0.00013088739068915501,0.00016502941398561027,0.00016539156033691852,0.00018296291862460247,0.00016539156033691852,0.00016502941398561027,0.00013088739068915501],[0.0001146019499361176,0.00014677543973443976,0.00015607400977649889,0.00016539156033691852,0.00015607400977649889,0.00014677543973443976,0.00011460194993611761],[0.00011801535901435428,0.00014996790341470251,0.00014677543973443976,0.00016502941398561027,0.00014677543973443976,0.00014996790341470251,0.00011801535901435428],[8.983162172517052E-5,0.00011801535901435428,0.00011460194993611761,0.00013088739068915501,0.00011460194993611761,0.00011801535901435428,8.983162172517052E-5]],[[0.00010755152719593736,0.00013843319661080458,0.00013471386967770421,0.00015261888439531787,0.00013471386967770421,0.00013843319661080458,0.00010755152719593736],[0.00013843319661080458,0.00017301394943926602,0.00016957885079689369,0.00018938863042920303,0.00016957885079689369,0.00017301394943926602,0.00013843319661080458],[0.00013471386967770421,0.00016957885079689369,0.00017965347601877086,0.00018974841918879953,0.00017965347601877086,0.00016957885079689372,0.00013471386967770421],[0.00015261888439531787,0.00018938863042920303,0.00018974841918879953,0.00020875520215976045,0.00018974841918879956,0.00018938863042920306,0.00015261888439531787],[0.00013471386967770421,0.00016957885079689369,0.00017965347601877086,0.00018974841918879956,0.00017965347601877086,0.00016957885079689372,0.00013471386967770424],[0.00013843319661080458,0.00017301394943926602,0.00016957885079689372,0.00018938863042920306,0.00016957885079689372,0.00017301394943926605,0.00013843319661080458],[0.00010755152719593736,0.00013843319661080458,0.00013471386967770421,0.00015261888439531787,0.00013471386967770424,0.00013843319661080458,0.00010755152719593736]],[[0.00012688833828650126,0.00016046165191721629,0.00015643833005913292,0.00017596009939386165,0.00015643833005913292,0.00016046165191721629,0.00012688833828650126],[0.00016046165191721629,0.00019766340795264708,0.00019398695284084545,0.00021534847264643122,0.00019398695284084545,0.00019766340795264708,0.00016046165191721629],[0.00015643833005913292,0.00019398695284084545,0.00020483547305593768,0.00021570564468476196,0.00020483547305593768,0.00019398695284084545,0.00015643833005913292],[0.00017596009939386165,0.00021534847264643122,0.00021570564468476196,0.0002361436105706726,0.00021570564468476196,0.00021534847264643122,0.00017596009939386165],[0.00015643833005913292,0.00019398695284084545,0.00020483547305593768,0.00021570564468476196,0.00020483547305593768,0.00019398695284084545,0.00015643833005913295],[0.00016046165191721629,0.00019766340795264708,0.00019398695284084545,0.00021534847264643122,0.00019398695284084545,0.00019766340795264708,0.00016046165191721629],[0.00012688833828650126,0.00016046165191721629,0.00015643833005913292,0.00017596009939386165,0.00015643833005913295,0.00016046165191721629,0.00012688833828650126]],[[0.00014783811496197361,0.00018409627103209645,0.00017977062230034352,0.00020090564838370288,0.00017977062230034352,0.00018409627103209645,0.00014783811496197361],[0.00018409627103209645,0.00022391174890029416,0.0002199950482793715,0.00024290410517988415,0.0002199950482793715,0.00022391174890029416,0.00018409627103209645],[0.00017977062230034352,0.0002199950482793715,0.0002316152811144493,0.00024325849492555,0.0002316152811144493,0.0002199950482793715,0.00017977062230034349],[0.00020090564838370288,0.00024290410517988415,0.00024325849492555,0.00026512344761118073,0.00024325849492555,0.00024290410517988415,0.00020090564838370288],[0.00017977062230034352,0.0002199950482793715,0.0002316152811144493,0.00024325849492555,0.0002316152811144493,0.0002199950482793715,0.00017977062230034352],[0.00018409627103209645,0.00022391174890029416,0.0002199950482793715,0.00024290410517988415,0.0002199950482793715,0.00022391174890029416,0.00018409627103209645],[0.00014783811496197361,0.00018409627103209645,0.00017977062230034349,0.00020090564838370288,0.00017977062230034352,0.00018409627103209645,0.00014783811496197361]],[[0.00017039667660142917,0.00020933256856270948,0.00020470605597873659,0.00022745042393407071,0.00020470605597873659,0.00020933256856270948,0.00017039667660142917],[0.00020933256856270948,0.0002517544521758086,0.00024759849305905682,0.00027205080940636704,0.00024759849305905682,0.0002517544521758086,0.00020933256856270948],[0.00020470605597873659,0.00024759849305905682,0.0002599882495026611,0.0002724023126357756,0.00025998824950266116,0.00024759849305905682,0.00020470605597873657],[0.00022745042393407071,0.00027205080940636704,0.0002724023126357756,0.00029569010059713521,0.00027240231263577565,0.00027205080940636704,0.00022745042393407068],[0.00020470605597873659,0.00024759849305905682,0.00025998824950266116,0.00027240231263577565,0.00025998824950266116,0.00024759849305905682,0.00020470605597873659],[0.00020933256856270948,0.0002517544521758086,0.00024759849305905682,0.00027205080940636704,0.00024759849305905682,0.0002517544521758086,0.00020933256856270948],[0.00017039667660142917,0.00020933256856270948,0.00020470605597873657,0.00022745042393407068,0.00020470605597873659,0.00020933256856270948,0.00017039667660142917]],[[0.00019455970187605759,0.00023616604893475146,0.00023123997462819423,0.000255589518697582,0.0002312399746281942,0.00023616604893475146,0.00019455970187605759],[0.00023616604893475146,0.00028118701767497451,0.00027679269545173991,0.00030278395987409876,0.00027679269545173991,0.00028118701767497451,0.00023616604893475146],[0.00023123997462819423,0.00027679269545173991,0.00028994978978616573,0.000303132512724269,0.00028994978978616573,0.00027679269545173991,0.0002312399746281942],[0.000255589518697582,0.00030278395987409876,0.000303132512724269,0.00032783902796676081,0.000303132512724269,0.00030278395987409876,0.00025558951869758192],[0.0002312399746281942,0.00027679269545173991,0.00028994978978616573,0.000303132512724269,0.00028994978978616573,0.00027679269545173991,0.00023123997462819423],[0.00023616604893475146,0.00028118701767497451,0.00027679269545173991,0.00030278395987409876,0.00027679269545173991,0.00028118701767497451,0.00023616604893475146],[0.00019455970187605759,0.00023616604893475146,0.0002312399746281942,0.00025558951869758192,0.00023123997462819423,0.00023616604893475146,0.00019455970187605759]],[[0.00022032279165187248,0.00026459222179413933,0.00025936776361694885,0.00028531817291111106,0.00025936776361694879,0.00026459222179413922,0.0002203227916518724],[0.00026459222179413933,0.00031220497216299269,0.00030757311436225085,0.0003350990081050359,0.00030757311436225085,0.00031220497216299264,0.00026459222179413922],[0.00025936776361694885,0.00030757311436225085,0.00032149537046992469,0.00033544457334169667,0.00032149537046992469,0.00030757311436225085,0.00025936776361694879],[0.00028531817291111106,0.0003350990081050359,0.00033544457334169667,0.00036156575034841572,0.00033544457334169667,0.0003350990081050359,0.00028531817291111106],[0.00025936776361694879,0.00030757311436225085,0.00032149537046992469,0.00033544457334169667,0.00032149537046992469,0.00030757311436225085,0.00025936776361694885],[0.00026459222179413922,0.00031220497216299264,0.00030757311436225085,0.0003350990081050359,0.00030757311436225085,0.00031220497216299264,0.00026459222179413922],[0.0002203227916518724,0.00026459222179413922,0.00025936776361694879,0.00028531817291111106,0.00025936776361694885,0.00026459222179413922,0.0002203227916518724]],[[0.00024768150930959924,0.00029460661296347435,0.00028908485366557649,0.00031663173958228842,0.00028908485366557643,0.00029460661296347429,0.00024768150930959914],[0.00029460661296347435,0.00034480387385805013,0.00033993525750302664,0.00036899147136403433,0.00033993525750302664,0.00034480387385805007,0.00029460661296347429],[0.00028908485366557649,0.00033993525750302664,0.0003546205128245241,0.0003693340293592812,0.0003546205128245241,0.00033993525750302664,0.00028908485366557643],[0.00031663173958228842,0.00036899147136403433,0.0003693340293592812,0.00039686584405570309,0.0003693340293592812,0.00036899147136403433,0.00031663173958228842],[0.00028908485366557643,0.00033993525750302664,0.0003546205128245241,0.0003693340293592812,0.0003546205128245241,0.00033993525750302664,0.00028908485366557649],[0.00029460661296347429,0.00034480387385805007,0.00033993525750302664,0.00036899147136403433,0.00033993525750302664,0.00034480387385805007,0.00029460661296347429],[0.00024768150930959914,0.00029460661296347429,0.00028908485366557643,0.00031663173958228842,0.00028908485366557649,0.00029460661296347429,0.00024768150930959914]],[[0.00027663140696042592,0.00032620477209894,0.00032038672195905008,0.00034952566118953433,0.00032038672195905003,0.00032620477209893993,0.00027663140696042581],[0.00032620477209894,0.00037897931538619079,0.00037387467960483959,0.0004044569247484629,0.00037387467960483959,0.00037897931538619079,0.00032620477209893993],[0.00032038672195905008,0.00037387467960483959,0.00038932078757098393,0.00040479646752830835,0.00038932078757098393,0.00037387467960483959,0.00032038672195905003],[0.00034952566118953433,0.0004044569247484629,0.00040479646752830835,0.00043373493626688538,0.00040479646752830835,0.0004044569247484629,0.00034952566118953433],[0.00032038672195905003,0.00037387467960483959,0.00038932078757098393,0.00040479646752830835,0.00038932078757098393,0.00037387467960483959,0.00032038672195905008],[0.00032620477209893993,0.00037897931538619079,0.00037387467960483959,0.0004044569247484629,0.00037387467960483959,0.00037897931538619079,0.00032620477209893993],[0.00027663140696042581,0.00032620477209893993,0.00032038672195905003,0.00034952566118953433,0.00032038672195905008,0.00032620477209893993,0.00027663140696042581]],[[0.00030716804265898433,0.00035938227792441275,0.00035326889197482311,0.00038399545391197326,0.00035326889197482306,0.0003593822779244127,0.00030716804265898423],[0.00035938227792441275,0.00041472692557965288,0.00040938698073468425,0.00044149099550819666,0.00040938698073468419,0.00041472692557965283,0.0003593822779244127],[0.00035326889197482311,0.00040938698073468425,0.0004255918122042662,0.00044182752280971067,0.00042559181220426615,0.00040938698073468419,0.00035326889197482306],[0.00038399545391197326,0.00044149099550819666,0.00044182752280971067,0.000472168701375998,0.00044182752280971067,0.00044149099550819666,0.00038399545391197326],[0.00035326889197482306,0.00040938698073468419,0.00042559181220426615,0.00044182752280971067,0.0004255918122042662,0.00040938698073468425,0.00035326889197482311],[0.0003593822779244127,0.00041472692557965283,0.00040938698073468419,0.00044149099550819666,0.00040938698073468425,0.00041472692557965283,0.0003593822779244127],[0.00030716804265898423,0.0003593822779244127,0.00035326889197482306,0.00038399545391197326,0.00035326889197482311,0.0003593822779244127,0.00030716804265898423]],[[0.00033928699175317807,0.00039413474170240569,0.000387726932661054,0.0004200366968075859,0.00038772693266105393,0.00039413474170240563,0.00033928699175317796],[0.00039413474170240569,0.00045204237045749524,0.00044646780474125576,0.00048008935887116933,0.00044646780474125571,0.00045204237045749519,0.00039413474170240563],[0.000387726932661054,0.00044646780474125576,0.00046342924878915552,0.00048042287552069017,0.00046342924878915552,0.00044646780474125571,0.00038772693266105393],[0.0004200366968075859,0.00048008935887116933,0.00048042287552069017,0.000512162858161318,0.00048042287552069017,0.00048008935887116928,0.0004200366968075859],[0.00038772693266105393,0.00044646780474125571,0.00046342924878915552,0.00048042287552069017,0.00046342924878915547,0.00044646780474125571,0.00038772693266105393],[0.00039413474170240563,0.00045204237045749519,0.00044646780474125571,0.00048008935887116928,0.00044646780474125571,0.00045204237045749519,0.00039413474170240563],[0.00033928699175317796,0.00039413474170240563,0.00038772693266105393,0.0004200366968075859,0.00038772693266105393,0.00039413474170240563,0.00033928699175317796]],[[0.00037298385434771965,0.00043045780943145576,0.00042375645731520845,0.00045764502425883416,0.00042375645731520839,0.0004304578094314557,0.00037298385434771954],[0.00043045780943145576,0.00049092135363036963,0.00048511283782375709,0.00052024773488998919,0.00048511283782375704,0.00049092135363036952,0.0004304578094314557],[0.00042375645731520845,0.00048511283782375709,0.000502828802103904,0.0005205782490534447,0.000502828802103904,0.00048511283782375704,0.00042375645731520839],[0.00045764502425883416,0.00052024773488998919,0.0005205782490534447,0.00055371316752536755,0.0005205782490534447,0.00052024773488998919,0.00045764502425883416],[0.00042375645731520839,0.00048511283782375704,0.000502828802103904,0.0005205782490534447,0.000502828802103904,0.00048511283782375704,0.00042375645731520845],[0.0004304578094314557,0.00049092135363036952,0.00048511283782375704,0.00052024773488998919,0.00048511283782375704,0.00049092135363036952,0.0004304578094314557],[0.00037298385434771954,0.0004304578094314557,0.00042375645731520839,0.00045764502425883416,0.00042375645731520845,0.0004304578094314557,0.00037298385434771954]],[[0.00040825426015355206,0.00046834716312956875,0.00046135312235049824,0.00049681612058690111,0.00046135312235049818,0.0004683471631295687,0.00040825426015355195],[0.00046834716312956875,0.00053135961630144642,0.00052531780720950841,0.000561961885984475,0.00052531780720950841,0.00053135961630144631,0.0004683471631295687],[0.00046135312235049824,0.00052531780720950841,0.0005437862180392455,0.00056228940799577117,0.0005437862180392455,0.00052531780720950841,0.00046135312235049818],[0.00049681612058690111,0.000561961885984475,0.00056228940799577117,0.00059681543063563793,0.00056228940799577117,0.000561961885984475,0.00049681612058690111],[0.00046135312235049818,0.00052531780720950841,0.0005437862180392455,0.00056228940799577117,0.0005437862180392455,0.00052531780720950841,0.00046135312235049824],[0.0004683471631295687,0.00053135961630144631,0.00052531780720950841,0.000561961885984475,0.00052531780720950841,0.00053135961630144631,0.0004683471631295687],[0.00040825426015355195,0.0004683471631295687,0.00046135312235049818,0.00049681612058690111,0.00046135312235049824,0.0004683471631295687,0.00040825426015355195]],[[0.00044509387155836777,0.0005077985214656022,0.00050051262604554445,0.00053754571611219163,0.00050051262604554434,0.0005077985214656022,0.00044509387155836766],[0.0005077985214656022,0.000573352936985217,0.00056707847992265809,0.00060522761496052972,0.00056707847992265809,0.000573352936985217,0.0005077985214656022],[0.00050051262604554445,0.00056707847992265809,0.00058629728218448092,0.00060555215653465728,0.00058629728218448092,0.00056707847992265809,0.00050051262604554434],[0.00053754571611219163,0.00060522761496052972,0.00060555215653465728,0.00064146548734673916,0.00060555215653465728,0.00060522761496052972,0.00053754571611219163],[0.00050051262604554434,0.00056707847992265809,0.00058629728218448092,0.00060555215653465728,0.00058629728218448092,0.00056707847992265809,0.00050051262604554445],[0.0005077985214656022,0.000573352936985217,0.00056707847992265809,0.00060522761496052972,0.00056707847992265809,0.000573352936985217,0.0005077985214656022],[0.00044509387155836766,0.0005077985214656022,0.00050051262604554434,0.00053754571611219163,0.00050051262604554445,0.0005077985214656022,0.00044509387155836766]],[[0.00048349838547592273,0.0005488076399278967,0.00054123070732151556,0.00057982958418465271,0.00054123070732151556,0.0005488076399278967,0.00048349838547592262],[0.0005488076399278967,0.00061689713102997337,0.00061039066162673771,0.000650040763356547,0.00061039066162673771,0.00061689713102997337,0.0005488076399278967],[0.00054123070732151556,0.00061039066162673771,0.00063035781855038937,0.00065036233705964531,0.00063035781855038937,0.00061039066162673771,0.00054123070732151556],[0.00057982958418465271,0.000650040763356547,0.00065036233705964531,0.00068765921482051573,0.00065036233705964531,0.000650040763356547,0.00057982958418465271],[0.00054123070732151556,0.00061039066162673771,0.00063035781855038937,0.00065036233705964531,0.00063035781855038937,0.00061039066162673771,0.00054123070732151556],[0.0005488076399278967,0.00061689713102997337,0.00061039066162673771,0.000650040763356547,0.00061039066162673771,0.00061689713102997337,0.0005488076399278967],[0.00048349838547592262,0.0005488076399278967,0.00054123070732151556,0.00057982958418465271,0.00054123070732151556,0.0005488076399278967,0.00048349838547592262]],[[0.00052346353435167906,0.0005913703106660167,0.00058350314456384015,0.00062366353886719825,0.00058350314456384015,0.0005913703106660167,0.000523463534351679],[0.0005913703106660167,0.000661988050004023,0.000655250195525649,0.00069639721001559126,0.000655250195525649,0.000661988050004023,0.0005913703106660167],[0.00058350314456384015,0.000655250195525649,0.00067596368839190925,0.00069671582890727722,0.00067596368839190925,0.000655250195525649,0.00058350314456384015],[0.00062366353886719825,0.00069639721001559126,0.00069671582890727722,0.0007353925262852456,0.00069671582890727722,0.00069639721001559126,0.00062366353886719825],[0.00058350314456384015,0.000655250195525649,0.00067596368839190925,0.00069671582890727722,0.00067596368839190925,0.000655250195525649,0.00058350314456384015],[0.0005913703106660167,0.000661988050004023,0.000655250195525649,0.00069639721001559126,0.000655250195525649,0.000661988050004023,0.0005913703106660167],[0.000523463534351679,0.0005913703106660167,0.00058350314456384015,0.00062366353886719825,0.00058350314456384015,0.0005913703106660167,0.000523463534351679]],[[0.00056498508658327392,0.00063548236210250264,0.00062732575449132291,0.00066904343306131329,0.00062732575449132291,0.00063548236210250264,0.00056498508658327392],[0.00063548236210250264,0.00070862158098737441,0.000701652961309901,0.000744292869813512,0.000701652961309901,0.00070862158098737441,0.00063548236210250264],[0.00062732575449132291,0.000701652961309901,0.00072311078910319143,0.0007446085472050184,0.00072311078910319143,0.000701652961309901,0.00062732575449132291],[0.00066904343306131329,0.000744292869813512,0.0007446085472050184,0.00078466136989218966,0.0007446085472050184,0.000744292869813512,0.00066904343306131329],[0.00062732575449132291,0.000701652961309901,0.00072311078910319143,0.0007446085472050184,0.00072311078910319143,0.000701652961309901,0.00062732575449132291],[0.00063548236210250264,0.00070862158098737441,0.000701652961309901,0.000744292869813512,0.000701652961309901,0.00070862158098737441,0.00063548236210250264],[0.00056498508658327392,0.00063548236210250264,0.00062732575449132291,0.00066904343306131329,0.00062732575449132291,0.00063548236210250264,0.00056498508658327392]],[[0.0006080588465339164,0.00068113965838315484,0.00067269439106899549,0.00071596515693271351,0.00067269439106899549,0.00068113965838315484,0.0006080588465339164],[0.00068113965838315484,0.0007567936457975596,0.00074959487413707763,0.00079372369249434787,0.00074959487413707763,0.0007567936457975596,0.00068113965838315484],[0.00067269439106899549,0.00074959487413707763,0.00077179505316456816,0.00079403644178475908,0.00077179505316456816,0.00074959487413707763,0.00067269439106899549],[0.00071596515693271351,0.00079372369249434787,0.00079403644178475908,0.00083546172763949273,0.00079403644178475908,0.00079372369249434787,0.00071596515693271351],[0.00067269439106899549,0.00074959487413707763,0.00077179505316456816,0.00079403644178475908,0.00077179505316456816,0.00074959487413707763,0.00067269439106899549],[0.00068113965838315484,0.0007567936457975596,0.00074959487413707763,0.00079372369249434787,0.00074959487413707763,0.0007567936457975596,0.00068113965838315484],[0.0006080588465339164,0.00068113965838315484,0.00067269439106899549,0.00071596515693271351,0.00067269439106899549,0.00068113965838315484,0.0006080588465339164]],[[0.00065268065426219433,0.00072833809871422736,0.00071960494445791388,0.00076442463654139174,0.00071960494445791388,0.00072833809871422736,0.00065268065426219433],[0.00072833809871422736,0.00080650020016905183,0.00079907188363731365,0.00084468566157896551,0.00079907188363731365,0.00080650020016905183,0.00072833809871422736],[0.00071960494445791388,0.00079907188363731365,0.000822012447125964,0.00084499549614418874,0.000822012447125964,0.00079907188363731365,0.00071960494445791388],[0.00076442463654139174,0.00084468566157896551,0.00084499549614418874,0.0008877896143416091,0.00084499549614418874,0.00084468566157896551,0.00076442463654139174],[0.00071960494445791388,0.00079907188363731365,0.000822012447125964,0.00084499549614418874,0.000822012447125964,0.00079907188363731365,0.00071960494445791388],[0.00072833809871422736,0.00080650020016905183,0.00079907188363731365,0.00084468566157896551,0.00079907188363731365,0.00080650020016905183,0.00072833809871422736],[0.00065268065426219433,0.00072833809871422736,0.00071960494445791388,0.00076442463654139174,0.00071960494445791388,0.00072833809871422736,0.00065268065426219433]],[[0.00069884638505386914,0.00077707361661975079,0.00076805333999463963,0.00081441783261027392,0.00076805333999463963,0.00077707361661975079,0.00069884638505386914],[0.00077707361661975079,0.00085773723289889149,0.00085007997293598363,0.000897174793322417,0.00085007997293598363,0.00085773723289889149,0.00077707361661975079],[0.00076805333999463963,0.00085007997293598363,0.00087375897061474762,0.0008974817264398268,0.00087375897061474762,0.00085007997293598363,0.00076805333999463963],[0.00081441783261027392,0.000897174793322417,0.0008974817264398268,0.00094164107662793556,0.0008974817264398268,0.000897174793322417,0.00081441783261027392],[0.00076805333999463963,0.00085007997293598363,0.00087375897061474762,0.0008974817264398268,0.00087375897061474762,0.00085007997293598363,0.00076805333999463963],[0.00077707361661975079,0.00085773723289889149,0.00085007997293598363,0.000897174793322417,0.00085007997293598363,0.00085773723289889149,0.00077707361661975079],[0.00069884638505386914,0.00077707361661975079,0.00076805333999463963,0.00081441783261027392,0.00076805333999463963,0.00077707361661975079,0.00069884638505386914]],[[0.00074655194881504045,0.00082734217914189978,0.00081803553719307989,0.00086594073938734437,0.00081803553719307989,0.00082734217914189978,0.00074655194881504045],[0.00082734217914189978,0.0009105007649664931,0.00090261515768691751,0.0009511871357021517,0.00090261515768691751,0.0009105007649664931,0.00082734217914189978],[0.00081803553719307989,0.00090261515768691751,0.00092703065535849525,0.000951491180499341,0.00092703065535849525,0.00090261515768691751,0.00081803553719307989],[0.00086594073938734437,0.0009511871357021517,0.000951491180499341,0.0009970121919581252,0.00095149118049934112,0.00095118713570215181,0.00086594073938734437],[0.00081803553719307989,0.00090261515768691751,0.00092703065535849525,0.00095149118049934112,0.00092703065535849536,0.00090261515768691762,0.00081803553719307989],[0.00082734217914189978,0.0009105007649664931,0.00090261515768691751,0.00095118713570215181,0.00090261515768691762,0.00091050076496649321,0.00082734217914189978],[0.00074655194881504045,0.00082734217914189978,0.00081803553719307989,0.00086594073938734437,0.00081803553719307989,0.00082734217914189978,0.00074655194881504045]],[[0.00079579328936755351,0.00087913978599963585,0.0008695475287617975,0.00091898938356941564,0.0008695475287617975,0.00087913978599963585,0.00079579328936755351],[0.00087913978599963585,0.00096478684863205908,0.00095667348511012829,0.0010067187674234681,0.00095667348511012829,0.00096478684863205908,0.00087913978599963585],[0.0008695475287617975,0.00095667348511012829,0.000981823564214706,0.0010070199368432541,0.000981823564214706,0.00095667348511012829,0.0008695475287617975],[0.00091898938356941564,0.0010067187674234681,0.0010070199368432541,0.0010538990676440178,0.0010070199368432541,0.0010067187674234681,0.00091898938356941553],[0.0008695475287617975,0.00095667348511012829,0.000981823564214706,0.0010070199368432541,0.000981823564214706,0.00095667348511012829,0.0008695475287617975],[0.00087913978599963585,0.00096478684863205908,0.00095667348511012829,0.0010067187674234681,0.00095667348511012829,0.00096478684863205908,0.00087913978599963585],[0.00079579328936755351,0.00087913978599963585,0.0008695475287617975,0.00091898938356941553,0.0008695475287617975,0.00087913978599963585,0.00079579328936755351]],[[0.000846566383674397,0.00093246246871528491,0.00092258533963052842,0.00097355982326463076,0.00092258533963052842,0.00093246246871528491,0.000846566383674397],[0.00093246246871528491,0.0010205915665154679,0.0010122510330285283,0.0010637657969314307,0.0010122510330285283,0.0010205915665154679,0.00093246246871528491],[0.00092258533963052842,0.0010122510330285283,0.0010381337902005711,0.0010640641037077641,0.0010381337902005711,0.0010122510330285283,0.00092258533963052842],[0.00097355982326463076,0.0010637657969314307,0.0010640641037077641,0.0011122978398696902,0.0010640641037077641,0.0010637657969314307,0.00097355982326463066],[0.00092258533963052842,0.0010122510330285283,0.0010381337902005711,0.0010640641037077641,0.0010381337902005711,0.0010122510330285283,0.00092258533963052842],[0.00093246246871528491,0.0010205915665154679,0.0010122510330285283,0.0010637657969314307,0.0010122510330285283,0.0010205915665154679,0.00093246246871528491],[0.000846566383674397,0.00093246246871528491,0.00092258533963052842,0.00097355982326463066,0.00092258533963052842,0.00093246246871528491,0.000846566383674397]],[[0.00089886724101387,0.00098730628971464124,0.00097714502597976978,0.0010296481469770035,0.00097714502597976978,0.00098730628971464124,0.00089886724101387],[0.00098730628971464124,0.0010779110306554532,0.0010693439088982118,0.0011223243614202818,0.0010693439088982118,0.0010779110306554532,0.00098730628971464124],[0.00097714502597976978,0.0010693439088982118,0.0010959574555164198,0.0011226198180613442,0.0010959574555164198,0.0010693439088982118,0.00097714502597976978],[0.0010296481469770035,0.0011223243614202818,0.0011226198180613442,0.0011722046727020443,0.0011226198180613442,0.0011223243614202818,0.0010296481469770035],[0.00097714502597976978,0.0010693439088982118,0.0010959574555164198,0.0011226198180613442,0.0010959574555164198,0.0010693439088982118,0.00097714502597976978],[0.00098730628971464124,0.0010779110306554532,0.0010693439088982118,0.0011223243614202818,0.0010693439088982118,0.0010779110306554532,0.00098730628971464124],[0.00089886724101387,0.00098730628971464124,0.00097714502597976978,0.0010296481469770035,0.00097714502597976978,0.00098730628971464124,0.00089886724101387]],[[0.00095269190211433828,0.0010436673414033273,0.0010332226742682236,0.0010872504725995234,0.0010332226742682236,0.0010436673414033273,0.00095269190211433828],[0.0010436673414033273,0.0011367413815475211,0.0011279482488271164,0.0011823906258323484,0.0011279482488271164,0.0011367413815475211,0.0010436673414033273],[0.0010332226742682236,0.0011279482488271164,0.00115529071055686,0.0011826832446083515,0.00115529071055686,0.0011279482488271164,0.0010332226742682236],[0.0010872504725995234,0.0011823906258323484,0.0011826832446083515,0.0012336157570848204,0.0011826832446083515,0.0011823906258323484,0.0010872504725995234],[0.0010332226742682236,0.0011279482488271164,0.00115529071055686,0.0011826832446083515,0.00115529071055686,0.0011279482488271164,0.0010332226742682236],[0.0010436673414033273,0.0011367413815475211,0.0011279482488271164,0.0011823906258323484