{"M_cells":[[[0,0,0,0,0,0,0],[0,0,0,0,0,0,0],[0,0,0,0,0,0,0],[0,0,0,0,0,0,0],[0,0,0,0,0,0,0],[0,0,0,0,0,0,0],[0,0,0,0,0,0,0]],[[1.36678628883428E-12,7.8376924267650941E-12,6.9747350248586161E-12,1.0198737818790733E-11,6.9747350248586161E-12,7.8376924267650941E-12,1.36678628883428E-12],[7.8376924267650941E-12,3.297543923707787E-11,3.015491909854875E-11,4.2569797574007769E-11,3.015491909854875E-11,3.297543923707787E-11,7.8376924267650941E-12],[6.9747350248586161E-12,3.015491909854875E-11,3.6994548711788E-11,4.3870308849129388E-11,3.6994548711788E-11,3.015491909854875E-11,6.9747350248586161E-12],[1.0198737818790733E-11,4.2569797574007769E-11,4.3870308849129388E-11,5.7839448857256734E-11,4.3870308849129388E-11,4.2569797574007776E-11,1.0198737818790733E-11],[6.9747350248586161E-12,3.015491909854875E-11,3.6994548711788E-11,4.3870308849129388E-11,3.6994548711788E-11,3.015491909854875E-11,6.9747350248586161E-12],[7.8376924267650941E-12,3.297543923707787E-11,3.015491909854875E-11,4.2569797574007776E-11,3.015491909854875E-11,3.297543923707787E-11,7.8376924267650924E-12],[1.36678628883428E-12,7.8376924267650941E-12,6.9747350248586161E-12,1.0198737818790733E-11,6.9747350248586161E-12,7.8376924267650924E-12,1.3667862888342798E-12]],[[9.35119043055973E-12,3.0355742757841135E-11,2.7587662793407978E-11,3.8390452885679865E-11,2.7587662793407978E-11,3.0355742757841135E-11,9.35119043055973E-12],[3.0355742757841135E-11,7.81877519269302E-11,7.28892060575726E-11,9.7477355755697409E-11,7.28892060575726E-11,7.81877519269302E-11,3.0355742757841135E-11],[2.7587662793407978E-11,7.28892060575726E-11,8.6169495553325369E-11,9.9495442468432521E-11,8.6169495553325369E-11,7.2889206057572585E-11,2.7587662793407975E-11],[3.8390452885679865E-11,9.7477355755697409E-11,9.9495442468432521E-11,1.2605154440438744E-10,9.9495442468432521E-11,9.7477355755697409E-11,3.8390452885679865E-11],[2.7587662793407978E-11,7.28892060575726E-11,8.6169495553325369E-11,9.9495442468432521E-11,8.6169495553325369E-11,7.2889206057572585E-11,2.7587662793407975E-11],[3.0355742757841135E-11,7.81877519269302E-11,7.2889206057572585E-11,9.7477355755697409E-11,7.2889206057572585E-11,7.81877519269302E-11,3.0355742757841135E-11],[9.35119043055973E-12,3.0355742757841135E-11,2.7587662793407975E-11,3.8390452885679865E-11,2.7587662793407975E-11,3.0355742757841135E-11,9.35119043055973E-12]],[[2.7226952798540186E-11,6.6110869012343793E-11,6.1034055908056468E-11,8.1573014798012832E-11,6.1034055908056468E-11,6.6110869012343793E-11,2.7226952798540186E-11],[6.6110869012343793E-11,1.3441661410394766E-10,1.2695271663892834E-10,1.6311729098586878E-10,1.2695271663892834E-10,1.3441661410394766E-10,6.6110869012343793E-11],[6.1034055908056468E-11,1.2695271663892834E-10,1.4618262931228859E-10,1.6546675224564034E-10,1.4618262931228859E-10,1.2695271663892834E-10,6.1034055908056468E-11],[8.1573014798012832E-11,1.6311729098586878E-10,1.6546675224564034E-10,2.0334319140703395E-10,1.6546675224564034E-10,1.6311729098586878E-10,8.1573014798012845E-11],[6.1034055908056468E-11,1.2695271663892834E-10,1.4618262931228859E-10,1.6546675224564034E-10,1.4618262931228859E-10,1.2695271663892834E-10,6.1034055908056468E-11],[6.6110869012343793E-11,1.3441661410394766E-10,1.2695271663892834E-10,1.6311729098586878E-10,1.2695271663892834E-10,1.3441661410394766E-10,6.6110869012343793E-11],[2.7226952798540186E-11,6.6110869012343793E-11,6.1034055908056468E-11,8.1573014798012845E-11,6.1034055908056468E-11,6.6110869012343793E-11,2.7226952798540186E-11]],[[5.617751193419517E-11,1.1380842480781646E-10,1.0635880327371391E-10,1.3747823149425644E-10,1.0635880327371391E-10,1.1380842480781646E-10,5.617751193419517E-11],[1.1380842480781646E-10,2.0058688326346154E-10,1.9124353454252725E-10,2.3821414807492425E-10,1.9124353454252725E-10,2.0058688326346154E-10,1.1380842480781646E-10],[1.0635880327371391E-10,1.9124353454252725E-10,2.1592186737124912E-10,2.4066208286081649E-10,2.1592186737124912E-10,1.9124353454252725E-10,1.0635880327371391E-10],[1.3747823149425644E-10,2.3821414807492425E-10,2.4066208286081649E-10,2.8871535985792038E-10,2.4066208286081649E-10,2.3821414807492425E-10,1.3747823149425646E-10],[1.0635880327371391E-10,1.9124353454252725E-10,2.1592186737124912E-10,2.4066208286081649E-10,2.1592186737124912E-10,1.9124353454252725E-10,1.0635880327371391E-10],[1.1380842480781646E-10,2.0058688326346154E-10,1.9124353454252725E-10,2.3821414807492425E-10,1.9124353454252725E-10,2.0058688326346154E-10,1.1380842480781646E-10],[5.617751193419517E-11,1.1380842480781646E-10,1.0635880327371391E-10,1.3747823149425646E-10,1.0635880327371391E-10,1.1380842480781646E-10,5.617751193419517E-11]],[[9.6299824804080671E-11,1.7227836281633389E-10,1.6256174793055708E-10,2.0433653674618451E-10,1.6256174793055708E-10,1.7227836281633389E-10,9.6299824804080671E-11],[1.7227836281633389E-10,2.75716892433661E-10,2.6474588369123769E-10,3.2168105757415351E-10,2.6474588369123769E-10,2.75716892433661E-10,1.7227836281633389E-10],[1.6256174793055708E-10,2.6474588369123769E-10,2.9438367186924619E-10,3.2409022189287515E-10,2.9438367186924619E-10,2.6474588369123769E-10,1.6256174793055708E-10],[2.0433653674618451E-10,3.2168105757415351E-10,3.2409022189287515E-10,3.8128807395362768E-10,3.2409022189287515E-10,3.2168105757415351E-10,2.0433653674618454E-10],[1.6256174793055708E-10,2.6474588369123769E-10,2.9438367186924619E-10,3.2409022189287515E-10,2.9438367186924619E-10,2.6474588369123769E-10,1.6256174793055708E-10],[1.7227836281633389E-10,2.75716892433661E-10,2.6474588369123769E-10,3.2168105757415351E-10,2.6474588369123769E-10,2.75716892433661E-10,1.7227836281633389E-10],[9.6299824804080671E-11,1.7227836281633389E-10,1.6256174793055708E-10,2.0433653674618454E-10,1.6256174793055708E-10,1.7227836281633389E-10,9.6299824804080671E-11]],[[1.4714671963975953E-10,2.4045975249144654E-10,2.2865755881163873E-10,2.807266199003311E-10,2.2865755881163873E-10,2.4045975249144654E-10,1.4714671963975953E-10],[2.4045975249144654E-10,3.5891348216782314E-10,3.4653212399059925E-10,4.1258049373137266E-10,3.4653212399059925E-10,3.5891348216782314E-10,2.4045975249144654E-10],[2.2865755881163873E-10,3.4653212399059925E-10,3.8066521467291115E-10,4.1487323378741771E-10,3.8066521467291115E-10,3.4653212399059925E-10,2.2865755881163873E-10],[2.807266199003311E-10,4.1258049373137266E-10,4.1487323378741771E-10,4.8028451969101267E-10,4.1487323378741771E-10,4.1258049373137266E-10,2.807266199003311E-10],[2.2865755881163873E-10,3.4653212399059925E-10,3.8066521467291115E-10,4.1487323378741771E-10,3.8066521467291115E-10,3.4653212399059925E-10,2.2865755881163873E-10],[2.4045975249144654E-10,3.5891348216782314E-10,3.4653212399059925E-10,4.1258049373137266E-10,3.4653212399059925E-10,3.5891348216782314E-10,2.4045975249144654E-10],[1.4714671963975953E-10,2.4045975249144654E-10,2.2865755881163873E-10,2.807266199003311E-10,2.2865755881163873E-10,2.4045975249144654E-10,1.4714671963975953E-10]],[[2.0801884947038579E-10,3.1739006801396306E-10,3.0370844877630659E-10,3.6547835744997815E-10,3.0370844877630659E-10,3.1739006801396306E-10,2.0801884947038579E-10],[3.1739006801396306E-10,4.493669922795753E-10,4.3576087587907779E-10,5.1009686371684447E-10,4.3576087587907779E-10,4.493669922795753E-10,3.1739006801396306E-10],[3.0370844877630659E-10,4.3576087587907779E-10,4.7395646466815722E-10,5.1223250994509838E-10,4.7395646466815722E-10,4.3576087587907779E-10,3.0370844877630659E-10],[3.6547835744997815E-10,5.1009686371684447E-10,5.1223250994509838E-10,5.8501837930871879E-10,5.1223250994509838E-10,5.1009686371684447E-10,3.6547835744997815E-10],[3.0370844877630659E-10,4.3576087587907779E-10,4.7395646466815722E-10,5.1223250994509838E-10,4.7395646466815722E-10,4.3576087587907779E-10,3.0370844877630659E-10],[3.1739006801396306E-10,4.493669922795753E-10,4.3576087587907779E-10,5.1009686371684447E-10,4.3576087587907779E-10,4.493669922795753E-10,3.1739006801396306E-10],[2.0801884947038579E-10,3.1739006801396306E-10,3.0370844877630659E-10,3.6547835744997815E-10,3.0370844877630659E-10,3.1739006801396306E-10,2.0801884947038579E-10]],[[2.7812078012109327E-10,4.0219703042370266E-10,3.8684069742801371E-10,4.5760918860971344E-10,3.8684069742801371E-10,4.0219703042370266E-10,2.7812078012109327E-10],[4.0219703042370266E-10,5.4634608741710107E-10,5.3167297201732827E-10,6.1351663904407844E-10,5.3167297201732827E-10,5.4634608741710107E-10,4.0219703042370266E-10],[3.8684069742801371E-10,5.3167297201732827E-10,5.7353243469106073E-10,6.154773110905167E-10,5.7353243469106073E-10,5.3167297201732827E-10,3.8684069742801366E-10],[4.5760918860971344E-10,6.1351663904407844E-10,6.154773110905167E-10,6.9488330151438851E-10,6.154773110905166E-10,6.1351663904407833E-10,4.5760918860971344E-10],[3.8684069742801371E-10,5.3167297201732827E-10,5.7353243469106073E-10,6.154773110905166E-10,5.7353243469106063E-10,5.3167297201732827E-10,3.8684069742801366E-10],[4.0219703042370266E-10,5.4634608741710107E-10,5.3167297201732827E-10,6.1351663904407833E-10,5.3167297201732827E-10,5.4634608741710107E-10,4.0219703042370266E-10],[2.7812078012109327E-10,4.0219703042370266E-10,3.8684069742801366E-10,4.5760918860971344E-10,3.8684069742801366E-10,4.0219703042370266E-10,2.7812078012109327E-10]],[[3.5664333234559984E-10,4.94091769092331E-10,4.7725157713254572E-10,5.5628153385688973E-10,4.7725157713254572E-10,4.94091769092331E-10,3.5664333234559984E-10],[4.94091769092331E-10,6.491924223869454E-10,6.3358625461623115E-10,7.2221336091505336E-10,6.3358625461623115E-10,6.491924223869454E-10,4.94091769092331E-10],[4.7725157713254572E-10,6.3358625461623115E-10,6.7874571567188851E-10,7.2399503850743087E-10,6.7874571567188851E-10,6.3358625461623115E-10,4.7725157713254572E-10],[5.5628153385688973E-10,7.2221336091505336E-10,7.2399503850743087E-10,8.0934385806256439E-10,7.2399503850743087E-10,7.2221336091505336E-10,5.5628153385688973E-10],[4.7725157713254572E-10,6.3358625461623115E-10,6.7874571567188851E-10,7.2399503850743087E-10,6.7874571567188851E-10,6.3358625461623115E-10,4.7725157713254572E-10],[4.94091769092331E-10,6.491924223869454E-10,6.3358625461623115E-10,7.2221336091505336E-10,6.3358625461623115E-10,6.491924223869454E-10,4.94091769092331E-10],[3.5664333234559984E-10,4.94091769092331E-10,4.7725157713254572E-10,5.5628153385688973E-10,4.7725157713254572E-10,4.94091769092331E-10,3.5664333234559984E-10]],[[4.4280586806596312E-10,5.9236264730538536E-10,5.7421065587456808E-10,6.6077351776331153E-10,5.7421065587456808E-10,5.9236264730538536E-10,4.4280586806596312E-10],[5.9236264730538536E-10,7.5731521746826591E-10,7.4088983605970874E-10,8.35635864730055E-10,7.4088983605970874E-10,7.5731521746826591E-10,5.9236264730538536E-10],[5.7421065587456808E-10,7.4088983605970874E-10,7.8901937156781137E-10,8.372427636036663E-10,7.8901937156781137E-10,7.4088983605970874E-10,5.7421065587456808E-10],[6.6077351776331153E-10,8.35635864730055E-10,8.372427636036663E-10,9.2792760510736753E-10,8.372427636036663E-10,8.35635864730055E-10,6.6077351776331153E-10],[5.7421065587456808E-10,7.4088983605970874E-10,7.8901937156781137E-10,8.372427636036663E-10,7.8901937156781137E-10,7.4088983605970874E-10,5.7421065587456808E-10],[5.9236264730538536E-10,7.5731521746826591E-10,7.4088983605970874E-10,8.35635864730055E-10,7.4088983605970874E-10,7.5731521746826591E-10,5.9236264730538536E-10],[4.4280586806596312E-10,5.9236264730538536E-10,5.7421065587456808E-10,6.6077351776331153E-10,5.7421065587456808E-10,5.9236264730538536E-10,4.4280586806596312E-10]],[[5.3587680468942765E-10,6.9636943235542088E-10,6.7705787258800894E-10,7.7045817112772486E-10,6.7705787258800894E-10,6.9636943235542088E-10,5.3587680468942765E-10],[6.9636943235542088E-10,8.70185837117098E-10,8.530382013040545E-10,9.5329869826451573E-10,8.530382013040545E-10,8.70185837117098E-10,6.9636943235542088E-10],[6.7705787258800894E-10,8.530382013040545E-10,9.0384023983721167E-10,9.5473972681160523E-10,9.0384023983721167E-10,8.530382013040545E-10,6.7705787258800894E-10],[7.7045817112772486E-10,9.5329869826451573E-10,9.5473972681160523E-10,1.0502180242487989E-9,9.5473972681160523E-10,9.5329869826451573E-10,7.7045817112772486E-10],[6.7705787258800894E-10,8.530382013040545E-10,9.0384023983721167E-10,9.5473972681160523E-10,9.0384023983721167E-10,8.530382013040545E-10,6.7705787258800894E-10],[6.9636943235542088E-10,8.70185837117098E-10,8.530382013040545E-10,9.5329869826451573E-10,8.530382013040545E-10,8.70185837117098E-10,6.9636943235542088E-10],[5.3587680468942765E-10,6.9636943235542088E-10,6.7705787258800894E-10,7.7045817112772486E-10,6.7705787258800894E-10,6.9636943235542088E-10,5.3587680468942765E-10]],[[6.3518229851973711E-10,8.0553767839622169E-10,7.851998318232345E-10,8.8478810587612214E-10,7.851998318232345E-10,8.055376783962218E-10,6.3518229851973711E-10],[8.0553767839622169E-10,9.8733246509950038E-10,9.6954538525915118E-10,1.0747740958132151E-9,9.6954538525915118E-10,9.8733246509950038E-10,8.055376783962218E-10],[7.851998318232345E-10,9.6954538525915118E-10,1.0227526643609415E-9,1.0760606264172527E-9,1.0227526643609415E-9,9.6954538525915118E-10,7.851998318232345E-10],[8.8478810587612214E-10,1.0747740958132151E-9,1.0760606264172527E-9,1.1758482061469142E-9,1.0760606264172527E-9,1.0747740958132151E-9,8.84788105876122E-10],[7.851998318232345E-10,9.6954538525915118E-10,1.0227526643609415E-9,1.0760606264172527E-9,1.0227526643609415E-9,9.6954538525915118E-10,7.851998318232345E-10],[8.055376783962218E-10,9.8733246509950038E-10,9.6954538525915118E-10,1.0747740958132151E-9,9.6954538525915118E-10,9.8733246509950038E-10,8.055376783962218E-10],[6.3518229851973711E-10,8.055376783962218E-10,7.851998318232345E-10,8.84788105876122E-10,7.851998318232345E-10,8.055376783962218E-10,6.3518229851973711E-10]],[[7.4010852065915517E-10,9.19353289554766E-10,8.98105193084979E-10,1.0032837887961273E-9,8.98105193084979E-10,9.19353289554766E-10,7.4010852065915517E-10],[9.19353289554766E-10,1.1083349566762839E-9,1.0899793680716876E-9,1.1996851078481609E-9,1.0899793680716876E-9,1.1083349566762839E-9,9.19353289554766E-10],[8.98105193084979E-10,1.0899793680716876E-9,1.1453526747520183E-9,1.2008295822711874E-9,1.1453526747520183E-9,1.0899793680716876E-9,8.98105193084979E-10],[1.0032837887961273E-9,1.1996851078481609E-9,1.2008295822711874E-9,1.3044951870508158E-9,1.2008295822711874E-9,1.1996851078481609E-9,1.0032837887961271E-9],[8.98105193084979E-10,1.0899793680716876E-9,1.1453526747520183E-9,1.2008295822711874E-9,1.1453526747520183E-9,1.0899793680716876E-9,8.98105193084979E-10],[9.19353289554766E-10,1.1083349566762839E-9,1.0899793680716876E-9,1.1996851078481609E-9,1.0899793680716876E-9,1.1083349566762839E-9,9.19353289554766E-10],[7.4010852065915517E-10,9.19353289554766E-10,8.98105193084979E-10,1.0032837887961271E-9,8.98105193084979E-10,9.19353289554766E-10,7.4010852065915517E-10]],[[8.5010050029255553E-10,1.0373572779689446E-9,1.0152996845050221E-9,1.1255242437700577E-9,1.0152996845050221E-9,1.0373572779689446E-9,8.5010050029255553E-10],[1.0373572779689446E-9,1.2328199311082998E-9,1.2139567736480169E-9,1.3276996299094069E-9,1.2139567736480169E-9,1.2328199311082998E-9,1.0373572779689446E-9],[1.0152996845050221E-9,1.2139567736480169E-9,1.271282615570512E-9,1.3287146960693423E-9,1.271282615570512E-9,1.2139567736480169E-9,1.0152996845050221E-9],[1.1255242437700577E-9,1.3276996299094069E-9,1.3287146960693423E-9,1.435874873181826E-9,1.3287146960693423E-9,1.3276996299094066E-9,1.1255242437700575E-9],[1.0152996845050221E-9,1.2139567736480169E-9,1.271282615570512E-9,1.3287146960693423E-9,1.271282615570512E-9,1.2139567736480169E-9,1.0152996845050221E-9],[1.0373572779689446E-9,1.2328199311082998E-9,1.2139567736480169E-9,1.3276996299094066E-9,1.2139567736480169E-9,1.2328199311082998E-9,1.0373572779689446E-9],[8.5010050029255553E-10,1.0373572779689446E-9,1.0152996845050221E-9,1.1255242437700575E-9,1.0152996845050221E-9,1.0373572779689446E-9,8.5010050029255553E-10]],[[9.6465917977831076E-10,1.1591407489878875E-9,1.1363610601171124E-9,1.2511394479907286E-9,1.1363610601171124E-9,1.1591407489878875E-9,9.6465917977831076E-10],[1.1591407489878875E-9,1.3604561496250612E-9,1.3411379190758319E-9,1.4585251616056966E-9,1.3411379190758319E-9,1.3604561496250612E-9,1.1591407489878875E-9],[1.1363610601171124E-9,1.3411379190758319E-9,1.4002262203099977E-9,1.4594231502706763E-9,1.4002262203099977E-9,1.3411379190758319E-9,1.1363610601171124E-9],[1.2511394479907286E-9,1.4585251616056966E-9,1.4594231502706763E-9,1.5697375002217895E-9,1.4594231502706763E-9,1.4585251616056966E-9,1.2511394479907286E-9],[1.1363610601171124E-9,1.3411379190758319E-9,1.4002262203099977E-9,1.4594231502706763E-9,1.4002262203099977E-9,1.3411379190758319E-9,1.1363610601171124E-9],[1.1591407489878875E-9,1.3604561496250612E-9,1.3411379190758319E-9,1.4585251616056966E-9,1.3411379190758319E-9,1.3604561496250612E-9,1.1591407489878875E-9],[9.6465917977831076E-10,1.1591407489878875E-9,1.1363610601171124E-9,1.2511394479907286E-9,1.1363610601171124E-9,1.1591407489878875E-9,9.6465917977831076E-10]],[[1.0833375993869384E-9,1.2843401474235538E-9,1.2609141908398906E-9,1.3798039568088323E-9,1.2609141908398906E-9,1.2843401474235538E-9,1.0833375993869384E-9],[1.2843401474235538E-9,1.4909502073335225E-9,1.4712222374159852E-9,1.5919041791744937E-9,1.4712222374159852E-9,1.4909502073335225E-9,1.2843401474235538E-9],[1.2609141908398906E-9,1.4712222374159852E-9,1.5319041179502771E-9,1.5926967987645246E-9,1.5319041179502771E-9,1.4712222374159852E-9,1.2609141908398906E-9],[1.3798039568088323E-9,1.5919041791744937E-9,1.5926967987645246E-9,1.7058635813078097E-9,1.5926967987645246E-9,1.5919041791744937E-9,1.3798039568088323E-9],[1.2609141908398906E-9,1.4712222374159852E-9,1.5319041179502771E-9,1.5926967987645246E-9,1.5319041179502771E-9,1.4712222374159852E-9,1.2609141908398906E-9],[1.2843401474235538E-9,1.4909502073335225E-9,1.4712222374159852E-9,1.5919041791744937E-9,1.4712222374159852E-9,1.4909502073335225E-9,1.2843401474235538E-9],[1.0833375993869384E-9,1.2843401474235538E-9,1.2609141908398906E-9,1.3798039568088323E-9,1.2609141908398906E-9,1.2843401474235538E-9,1.0833375993869384E-9]],[[1.2057367293688963E-9,1.4126327926563794E-9,1.3886263991607292E-9,1.5112314576886634E-9,1.3886263991607292E-9,1.4126327926563794E-9,1.2057367293688963E-9],[1.4126327926563794E-9,1.6240425533592645E-9,1.6039440792701251E-9,1.7276100368652311E-9,1.6039440792701251E-9,1.6240425533592645E-9,1.4126327926563794E-9],[1.3886263991607292E-9,1.6039440792701251E-9,1.6660697543198597E-9,1.7283082083649808E-9,1.6660697543198597E-9,1.6039440792701251E-9,1.3886263991607292E-9],[1.5112314576886634E-9,1.7276100368652311E-9,1.7283082083649808E-9,1.8440603002923836E-9,1.7283082083649808E-9,1.7276100368652311E-9,1.5112314576886634E-9],[1.3886263991607292E-9,1.6039440792701251E-9,1.6660697543198597E-9,1.7283082083649808E-9,1.6660697543198597E-9,1.6039440792701251E-9,1.3886263991607292E-9],[1.4126327926563794E-9,1.6240425533592645E-9,1.6039440792701251E-9,1.7276100368652311E-9,1.6039440792701251E-9,1.6240425533592645E-9,1.4126327926563794E-9],[1.2057367293688963E-9,1.4126327926563794E-9,1.3886263991607292E-9,1.5112314576886634E-9,1.3886263991607292E-9,1.4126327926563794E-9,1.2057367293688963E-9]],[[1.3315012438035394E-9,1.5437327213123879E-9,1.5192030972840685E-9,1.6451700557830865E-9,1.5192030972840685E-9,1.5437327213123879E-9,1.3315012438035394E-9],[1.5437327213123879E-9,1.7595038421086469E-9,1.7390688869460977E-9,1.8654433319070007E-9,1.7390688869460977E-9,1.7595038421086467E-9,1.5437327213123879E-9],[1.5192030972840685E-9,1.7390688869460977E-9,1.80250570640898E-9,1.8660571135890108E-9,1.8025057064089802E-9,1.7390688869460977E-9,1.5192030972840685E-9],[1.6451700557830865E-9,1.8654433319070007E-9,1.8660571135890108E-9,1.9841583093394487E-9,1.8660571135890108E-9,1.8654433319070007E-9,1.6451700557830865E-9],[1.5192030972840685E-9,1.7390688869460977E-9,1.8025057064089802E-9,1.8660571135890108E-9,1.8025057064089802E-9,1.7390688869460977E-9,1.5192030972840685E-9],[1.5437327213123879E-9,1.7595038421086467E-9,1.7390688869460977E-9,1.8654433319070007E-9,1.7390688869460977E-9,1.7595038421086467E-9,1.5437327213123879E-9],[1.3315012438035394E-9,1.5437327213123879E-9,1.5192030972840685E-9,1.6451700557830865E-9,1.5192030972840685E-9,1.5437327213123879E-9,1.3315012438035394E-9]],[[1.4603154039057454E-9,1.677386846764227E-9,1.652383756711443E-9,1.7813981564893416E-9,1.6523837567114432E-9,1.6773868467642272E-9,1.4603154039057454E-9],[1.677386846764227E-9,1.8971316098185625E-9,1.8763897272839332E-9,2.0052286800984018E-9,1.8763897272839332E-9,1.8971316098185625E-9,1.6773868467642272E-9],[1.652383756711443E-9,1.8763897272839332E-9,1.9410203649936794E-9,2.0057672493747687E-9,1.9410203649936794E-9,1.8763897272839332E-9,1.6523837567114432E-9],[1.7813981564893416E-9,2.0052286800984018E-9,2.0057672493747687E-9,2.1260088920178124E-9,2.0057672493747687E-9,2.0052286800984018E-9,1.7813981564893416E-9],[1.6523837567114432E-9,1.8763897272839332E-9,1.9410203649936794E-9,2.0057672493747687E-9,1.9410203649936794E-9,1.8763897272839332E-9,1.6523837567114432E-9],[1.6773868467642272E-9,1.8971316098185625E-9,1.8763897272839332E-9,2.0052286800984018E-9,1.8763897272839332E-9,1.8971316098185625E-9,1.6773868467642272E-9],[1.4603154039057454E-9,1.6773868467642272E-9,1.6523837567114432E-9,1.7813981564893416E-9,1.6523837567114432E-9,1.6773868467642272E-9,1.4603154039057454E-9]],[[1.5918991448245861E-9,1.8133714361834765E-9,1.7879382169823776E-9,1.9197208492594992E-9,1.7879382169823776E-9,1.8133714361834765E-9,1.5918991448245863E-9],[1.8133714361834765E-9,2.0367472642173537E-9,2.0157241641843395E-9,2.1468118571491873E-9,2.0157241641843395E-9,2.0367472642173537E-9,1.8133714361834765E-9],[1.7879382169823776E-9,2.0157241641843395E-9,2.0814449593049515E-9,2.1472835281652549E-9,2.0814449593049515E-9,2.0157241641843395E-9,1.7879382169823776E-9],[1.9197208492594992E-9,2.1468118571491873E-9,2.1472835281652549E-9,2.2694814552528562E-9,2.1472835281652549E-9,2.1468118571491873E-9,1.9197208492594992E-9],[1.7879382169823776E-9,2.0157241641843395E-9,2.0814449593049515E-9,2.1472835281652549E-9,2.0814449593049515E-9,2.0157241641843395E-9,1.7879382169823778E-9],[1.8133714361834765E-9,2.0367472642173537E-9,2.0157241641843395E-9,2.1468118571491873E-9,2.0157241641843395E-9,2.0367472642173541E-9,1.8133714361834767E-9],[1.5918991448245863E-9,1.8133714361834765E-9,1.7879382169823776E-9,1.9197208492594992E-9,1.7879382169823778E-9,1.8133714361834767E-9,1.5918991448245863E-9]],[[1.7260044160678461E-9,1.9514888988569095E-9,1.9256633284494511E-9,2.0599667213116017E-9,1.9256633284494511E-9,1.9514888988569095E-9,1.7260044160678461E-9],[1.9514888988569095E-9,2.1781933707830429E-9,2.1569114488533008E-9,2.2900572665931544E-9,2.1569114488533008E-9,2.1781933707830429E-9,1.9514888988569095E-9],[1.9256633284494511E-9,2.1569114488533008E-9,2.2236308968130067E-9,2.290469529483575E-9,2.2236308968130071E-9,2.1569114488533008E-9,1.9256633284494511E-9],[2.0599667213116017E-9,2.2900572665931544E-9,2.290469529483575E-9,2.414461315883374E-9,2.290469529483575E-9,2.2900572665931548E-9,2.0599667213116017E-9],[1.9256633284494511E-9,2.1569114488533008E-9,2.2236308968130071E-9,2.290469529483575E-9,2.2236308968130071E-9,2.1569114488533012E-9,1.9256633284494515E-9],[1.9514888988569095E-9,2.1781933707830429E-9,2.1569114488533008E-9,2.2900572665931548E-9,2.1569114488533012E-9,2.1781933707830429E-9,1.95148889885691E-9],[1.7260044160678461E-9,1.9514888988569095E-9,1.9256633284494511E-9,2.0599667213116017E-9,1.9256633284494515E-9,1.95148889885691E-9,1.7260044160678463E-9]],[[1.862411798834938E-9,2.0915648740997893E-9,2.0653799159189777E-9,2.2019850454755266E-9,2.0653799159189777E-9,2.0915648740997893E-9,1.862411798834938E-9],[2.0915648740997893E-9,2.3213312163668564E-9,2.2998100042070527E-9,2.434845699406974E-9,2.2998100042070527E-9,2.3213312163668564E-9,2.0915648740997893E-9],[2.0653799159189777E-9,2.2998100042070527E-9,2.367447391303055E-9,2.4352052719087955E-9,2.367447391303055E-9,2.2998100042070527E-9,2.0653799159189781E-9],[2.2019850454755266E-9,2.434845699406974E-9,2.4352052719087955E-9,2.5608477501098202E-9,2.4352052719087955E-9,2.434845699406974E-9,2.2019850454755266E-9],[2.0653799159189777E-9,2.2998100042070527E-9,2.367447391303055E-9,2.4352052719087955E-9,2.367447391303055E-9,2.2998100042070527E-9,2.0653799159189781E-9],[2.0915648740997893E-9,2.3213312163668564E-9,2.2998100042070527E-9,2.434845699406974E-9,2.2998100042070527E-9,2.3213312163668564E-9,2.0915648740997897E-9],[1.862411798834938E-9,2.0915648740997893E-9,2.0653799159189781E-9,2.2019850454755266E-9,2.0653799159189781E-9,2.0915648740997897E-9,1.8624117988349382E-9]],[[2.000927406766397E-9,2.2334456032628687E-9,2.2069300451431412E-9,2.3456432967096654E-9,2.2069300451431412E-9,2.2334456032628687E-9,2.000927406766397E-9],[2.2334456032628687E-9,2.4660386294992933E-9,2.4442951793753479E-9,2.5810723539874063E-9,2.4442951793753479E-9,2.4660386294992933E-9,2.2334456032628687E-9],[2.2069300451431412E-9,2.4442951793753479E-9,2.5127793531136566E-9,2.5813852392572243E-9,2.5127793531136566E-9,2.4442951793753479E-9,2.2069300451431412E-9],[2.3456432967096654E-9,2.5810723539874063E-9,2.5813852392572243E-9,2.7085522767373651E-9,2.5813852392572243E-9,2.5810723539874063E-9,2.3456432967096654E-9],[2.2069300451431412E-9,2.4442951793753479E-9,2.5127793531136566E-9,2.5813852392572243E-9,2.5127793531136566E-9,2.4442951793753479E-9,2.2069300451431412E-9],[2.2334456032628687E-9,2.4660386294992933E-9,2.4442951793753479E-9,2.5810723539874063E-9,2.4442951793753479E-9,2.4660386294992937E-9,2.2334456032628692E-9],[2.000927406766397E-9,2.2334456032628687E-9,2.2069300451431412E-9,2.3456432967096654E-9,2.2069300451431412E-9,2.2334456032628692E-9,2.0009274067663974E-9]],[[2.1413800660210528E-9,2.37699556782832E-9,2.3501745714601068E-9,2.4908249589502938E-9,2.3501745714601068E-9,2.37699556782832E-9,2.1413800660210528E-9],[2.37699556782832E-9,2.6122080362022351E-9,2.5902572504971675E-9,2.7286450881748697E-9,2.5902572504971675E-9,2.6122080362022351E-9,2.37699556782832E-9],[2.3501745714601068E-9,2.5902572504971675E-9,2.659525516529831E-9,2.728916634760502E-9,2.659525516529831E-9,2.5902572504971675E-9,2.3501745714601068E-9],[2.4908249589502938E-9,2.7286450881748697E-9,2.728916634760502E-9,2.8574971477327782E-9,2.728916634760502E-9,2.7286450881748697E-9,2.4908249589502938E-9],[2.3501745714601068E-9,2.5902572504971675E-9,2.659525516529831E-9,2.728916634760502E-9,2.659525516529831E-9,2.5902572504971675E-9,2.3501745714601068E-9],[2.37699556782832E-9,2.6122080362022351E-9,2.5902572504971675E-9,2.7286450881748697E-9,2.5902572504971675E-9,2.6122080362022351E-9,2.37699556782832E-9],[2.1413800660210528E-9,2.37699556782832E-9,2.3501745714601068E-9,2.4908249589502938E-9,2.3501745714601068E-9,2.37699556782832E-9,2.1413800660210528E-9]],[[2.2836187639291719E-9,2.5220953741917552E-9,2.4949909486592856E-9,2.6374275891646715E-9,2.4949909486592856E-9,2.5220953741917552E-9,2.2836187639291719E-9],[2.5220953741917552E-9,2.75974473034162E-9,2.7375996447953349E-9,2.8774828777328558E-9,2.7375996447953349E-9,2.75974473034162E-9,2.5220953741917552E-9],[2.4949909486592856E-9,2.7375996447953349E-9,2.8075967807368953E-9,2.8777178390672469E-9,2.8075967807368953E-9,2.7375996447953349E-9,2.4949909486592856E-9],[2.6374275891646715E-9,2.8774828777328558E-9,2.8777178390672469E-9,3.0076140221637807E-9,2.8777178390672469E-9,2.8774828777328558E-9,2.6374275891646715E-9],[2.4949909486592856E-9,2.7375996447953349E-9,2.8075967807368953E-9,2.8777178390672469E-9,2.8075967807368953E-9,2.7375996447953349E-9,2.4949909486592856E-9],[2.5220953741917552E-9,2.75974473034162E-9,2.7375996447953349E-9,2.8774828777328558E-9,2.7375996447953349E-9,2.75974473034162E-9,2.5220953741917552E-9],[2.2836187639291719E-9,2.5220953741917552E-9,2.4949909486592856E-9,2.6374275891646715E-9,2.4949909486592856E-9,2.5220953741917552E-9,2.2836187639291719E-9]],[[2.4275103514058569E-9,2.6686398651868561E-9,2.6412712759310711E-9,2.7853611095131978E-9,2.6412712759310711E-9,2.6686398651868561E-9,2.4275103514058569E-9],[2.6686398651868561E-9,2.9085653382556456E-9,2.8862373660648374E-9,3.0275144581805034E-9,2.8862373660648374E-9,2.9085653382556456E-9,2.6686398651868561E-9],[2.6412712759310711E-9,2.8862373660648374E-9,2.9569147423315718E-9,3.0277170499278705E-9,2.9569147423315718E-9,2.8862373660648374E-9,2.6412712759310711E-9],[2.7853611095131978E-9,3.0275144581805034E-9,3.0277170499278705E-9,3.1588428020191428E-9,3.0277170499278705E-9,3.0275144581805034E-9,2.7853611095131978E-9],[2.6412712759310711E-9,2.8862373660648374E-9,2.9569147423315718E-9,3.0277170499278705E-9,2.9569147423315718E-9,2.8862373660648374E-9,2.6412712759310711E-9],[2.6686398651868561E-9,2.9085653382556456E-9,2.8862373660648374E-9,3.0275144581805034E-9,2.8862373660648374E-9,2.9085653382556456E-9,2.6686398651868561E-9],[2.4275103514058569E-9,2.6686398651868561E-9,2.6412712759310711E-9,2.7853611095131978E-9,2.6412712759310711E-9,2.6686398651868561E-9,2.4275103514058569E-9]],[[2.5729374820031088E-9,2.8165364385299368E-9,2.7889205612192431E-9,2.9345463018216325E-9,2.7889205612192431E-9,2.8165364385299368E-9,2.5729374820031088E-9],[2.8165364385299368E-9,3.0585964584293041E-9,3.0360956010846655E-9,3.1786771291733689E-9,3.0360956010846655E-9,3.0585964584293041E-9,2.8165364385299368E-9],[2.7889205612192431E-9,3.0360956010846655E-9,3.107410399070657E-9,3.1788510834147797E-9,3.107410399070657E-9,3.0360956010846655E-9,2.7889205612192431E-9],[2.9345463018216325E-9,3.1786771291733689E-9,3.1788510834147797E-9,3.3111306106885877E-9,3.1788510834147797E-9,3.1786771291733689E-9,2.9345463018216325E-9],[2.7889205612192431E-9,3.0360956010846655E-9,3.107410399070657E-9,3.1788510834147797E-9,3.107410399070657E-9,3.0360956010846655E-9,2.7889205612192431E-9],[2.8165364385299368E-9,3.0585964584293041E-9,3.0360956010846655E-9,3.1786771291733689E-9,3.0360956010846655E-9,3.0585964584293041E-9,2.8165364385299368E-9],[2.5729374820031088E-9,2.8165364385299368E-9,2.7889205612192431E-9,2.9345463018216325E-9,2.7889205612192431E-9,2.8165364385299368E-9,2.5729374820031088E-9]],[[2.7197967693916549E-9,2.9657035529463955E-9,2.9378551801998849E-9,3.0849134813700035E-9,2.9378551801998849E-9,2.9657035529463955E-9,2.7197967693916549E-9],[2.9657035529463955E-9,3.2097734582197322E-9,3.18710848795815E-9,3.3309157027485464E-9,3.18710848795815E-9,3.2097734582197322E-9,2.9657035529463955E-9],[2.9378551801998849E-9,3.18710848795815E-9,3.259023006241705E-9,3.3310643184433049E-9,3.259023006241705E-9,3.18710848795815E-9,2.9378551801998849E-9],[3.0849134813700035E-9,3.3309157027485464E-9,3.3310643184433049E-9,3.4644308969885283E-9,3.3310643184433049E-9,3.3309157027485464E-9,3.0849134813700035E-9],[2.9378551801998849E-9,3.18710848795815E-9,3.259023006241705E-9,3.3310643184433049E-9,3.259023006241705E-9,3.18710848795815E-9,2.9378551801998849E-9],[2.9657035529463955E-9,3.2097734582197322E-9,3.18710848795815E-9,3.3309157027485464E-9,3.18710848795815E-9,3.2097734582197322E-9,2.9657035529463955E-9],[2.7197967693916549E-9,2.9657035529463955E-9,2.9378551801998849E-9,3.0849134813700035E-9,2.9378551801998849E-9,2.9657035529463955E-9,2.7197967693916549E-9]],[[2.8679971448164367E-9,3.1160694036577333E-9,3.0880015112972161E-9,3.2364013294618516E-9,3.0880015112972161E-9,3.1160694036577333E-9,2.8679971448164367E-9],[3.1160694036577333E-9,3.3620394109836896E-9,3.3392180289313386E-9,3.4841815787065818E-9,3.3392180289313386E-9,3.3620394109836896E-9,3.1160694036577333E-9],[3.0880015112972161E-9,3.3392180289313386E-9,3.4116990687192733E-9,3.4843077681722854E-9,3.4116990687192733E-9,3.3392180289313386E-9,3.0880015112972161E-9],[3.2364013294618516E-9,3.4841815787065818E-9,3.4843077681722854E-9,3.61870264954959E-9,3.4843077681722854E-9,3.4841815787065818E-9,3.2364013294618516E-9],[3.0880015112972161E-9,3.3392180289313386E-9,3.4116990687192733E-9,3.4843077681722854E-9,3.4116990687192733E-9,3.3392180289313386E-9,3.0880015112972161E-9],[3.1160694036577333E-9,3.3620394109836896E-9,3.3392180289313386E-9,3.4841815787065818E-9,3.3392180289313386E-9,3.3620394109836896E-9,3.1160694036577333E-9],[2.8679971448164367E-9,3.1160694036577333E-9,3.0880015112972161E-9,3.2364013294618516E-9,3.0880015112972161E-9,3.1160694036577333E-9,2.8679971448164367E-9]],[[3.0174583964024827E-9,3.2675707500267907E-9,3.239294728492202E-9,3.3889558664317081E-9,3.239294728492202E-9,3.2675707500267907E-9,3.0174583964024827E-9],[3.2675707500267907E-9,3.5153441583393753E-9,3.4923731317735878E-9,3.6384319321959763E-9,3.4923731317735878E-9,3.5153441583393753E-9,3.2675707500267907E-9],[3.239294728492202E-9,3.4923731317735878E-9,3.5653914533843647E-9,3.6385382635567156E-9,3.5653914533843647E-9,3.4923731317735878E-9,3.239294728492202E-9],[3.3889558664317081E-9,3.6384319321959763E-9,3.6385382635567156E-9,3.77390970812949E-9,3.6385382635567156E-9,3.6384319321959763E-9,3.3889558664317081E-9],[3.239294728492202E-9,3.4923731317735878E-9,3.5653914533843647E-9,3.6385382635567156E-9,3.5653914533843647E-9,3.4923731317735878E-9,3.239294728492202E-9],[3.2675707500267907E-9,3.5153441583393753E-9,3.4923731317735878E-9,3.6384319321959763E-9,3.4923731317735878E-9,3.5153441583393749E-9,3.2675707500267907E-9],[3.0174583964024827E-9,3.2675707500267907E-9,3.239294728492202E-9,3.3889558664317081E-9,3.239294728492202E-9,3.2675707500267907E-9,3.0174583964024827E-9]],[[3.1681098729078928E-9,3.4201518793997044E-9,3.3916777351042843E-9,3.54252954872253E-9,3.3916777351042843E-9,3.4201518793997044E-9,3.1681098729078928E-9],[3.4201518793997044E-9,3.6696434836681849E-9,3.6465287652965575E-9,3.7936290002049339E-9,3.6465287652965575E-9,3.6696434836681849E-9,3.4201518793997044E-9],[3.3916777351042843E-9,3.6465287652965575E-9,3.72005860811543E-9,3.7937177358942132E-9,3.7200586081154306E-9,3.6465287652965575E-9,3.3916777351042843E-9],[3.54252954872253E-9,3.7936290002049339E-9,3.7937177358942132E-9,3.9300201599912666E-9,3.7937177358942132E-9,3.7936290002049339E-9,3.54252954872253E-9],[3.3916777351042843E-9,3.6465287652965575E-9,3.7200586081154306E-9,3.7937177358942132E-9,3.7200586081154306E-9,3.6465287652965575E-9,3.3916777351042843E-9],[3.4201518793997044E-9,3.6696434836681849E-9,3.6465287652965575E-9,3.7936290002049339E-9,3.6465287652965575E-9,3.6696434836681849E-9,3.4201518793997044E-9],[3.1681098729078928E-9,3.4201518793997044E-9,3.3916777351042843E-9,3.54252954872253E-9,3.3916777351042843E-9,3.4201518793997044E-9,3.1681098729078928E-9]],[[3.3198893354889624E-9,3.5737636924688752E-9,3.5451002231614986E-9,3.6970804754491168E-9,3.5451002231614986E-9,3.5737636924688752E-9,3.3198893354889624E-9],[3.5737636924688752E-9,3.8248983842856663E-9,3.8016452160051616E-9,3.9497394551510211E-9,3.8016452160051616E-9,3.8248983842856663E-9,3.5737636924688752E-9],[3.5451002231614986E-9,3.8016452160051616E-9,3.8756638749863749E-9,3.9498125866438096E-9,3.8756638749863749E-9,3.8016452160051616E-9,3.5451002231614986E-9],[3.6970804754491168E-9,3.9497394551510211E-9,3.9498125866438096E-9,4.0870058108956361E-9,3.9498125866438096E-9,3.9497394551510211E-9,3.6970804754491168E-9],[3.5451002231614986E-9,3.8016452160051616E-9,3.8756638749863749E-9,3.9498125866438096E-9,3.8756638749863749E-9,3.8016452160051616E-9,3.5451002231614986E-9],[3.5737636924688752E-9,3.8248983842856663E-9,3.8016452160051616E-9,3.9497394551510211E-9,3.8016452160051616E-9,3.8248983842856663E-9,3.5737636924688752E-9],[3.3198893354889624E-9,3.5737636924688752E-9,3.5451002231614986E-9,3.6970804754491168E-9,3.5451002231614986E-9,3.5737636924688752E-9,3.3198893354889624E-9]],[[3.4727419421582235E-9,3.7283628967693926E-9,3.6995178443803423E-9,3.8525716914778334E-9,3.6995178443803423E-9,3.7283628967693926E-9,3.4727419421582235E-9],[3.7283628967693926E-9,3.9810744309676635E-9,3.9576874342044951E-9,4.1067338551029073E-9,3.9576874342044951E-9,3.9810744309676635E-9,3.7283628967693926E-9],[3.6995178443803423E-9,3.9576874342044951E-9,4.032174886626634E-9,4.1067931341042358E-9,4.032174886626634E-9,3.9576874342044951E-9,3.6995178443803423E-9],[3.8525716914778334E-9,4.1067338551029073E-9,4.1067931341042358E-9,4.244841721512459E-9,4.1067931341042358E-9,4.1067338551029073E-9,3.8525716914778334E-9],[3.6995178443803423E-9,3.9576874342044951E-9,4.032174886626634E-9,4.1067931341042358E-9,4.0321748866266348E-9,3.9576874342044959E-9,3.6995178443803423E-9],[3.7283628967693926E-9,3.9810744309676635E-9,3.9576874342044951E-9,4.1067338551029073E-9,3.9576874342044959E-9,3.9810744309676651E-9,3.7283628967693934E-9],[3.4727419421582235E-9,3.7283628967693926E-9,3.6995178443803423E-9,3.8525716914778334E-9,3.6995178443803423E-9,3.7283628967693934E-9,3.4727419421582235E-9]],[[3.6266193507974615E-9,3.883911296174887E-9,3.8548914801257564E-9,4.008970575509338E-9,3.8548914801257564E-9,3.883911296174887E-9,3.6266193507974615E-9],[3.883911296174887E-9,4.1381412046928371E-9,4.11462445912078E-9,4.2645861613768478E-9,4.11462445912078E-9,4.1381412046928371E-9,3.883911296174887E-9],[3.8548914801257564E-9,4.11462445912078E-9,4.189563035907627E-9,4.26463312772318E-9,4.189563035907627E-9,4.11462445912078E-9,3.8548914801257564E-9],[4.008970575509338E-9,4.2645861613768478E-9,4.26463312772318E-9,4.4035058011719682E-9,4.26463312772318E-9,4.2645861613768478E-9,4.008970575509338E-9],[3.8548914801257564E-9,4.11462445912078E-9,4.189563035907627E-9,4.26463312772318E-9,4.189563035907627E-9,4.11462445912078E-9,3.8548914801257564E-9],[3.883911296174887E-9,4.1381412046928371E-9,4.11462445912078E-9,4.2645861613768478E-9,4.11462445912078E-9,4.1381412046928371E-9,3.883911296174887E-9],[3.6266193507974615E-9,3.883911296174887E-9,3.8548914801257564E-9,4.008970575509338E-9,3.8548914801257564E-9,3.883911296174887E-9,3.6266193507974615E-9]],[[3.7814789277930152E-9,4.04037516545023E-9,4.011186598994458E-9,4.1662483029628837E-9,4.011186598994458E-9,4.04037516545023E-9,3.7814789277930152E-9],[4.04037516545023E-9,4.2960718015464751E-9,4.2724289137274225E-9,4.4232733153330347E-9,4.2724289137274225E-9,4.2960718015464751E-9,4.04037516545023E-9],[4.011186598994458E-9,4.2724289137274225E-9,4.3478030102190517E-9,4.4233093218742878E-9,4.3478030102190517E-9,4.2724289137274225E-9,4.011186598994458E-9],[4.1662483029628837E-9,4.4232733153330347E-9,4.4233093218742878E-9,4.5629784518632961E-9,4.4233093218742878E-9,4.4232733153330347E-9,4.1662483029628837E-9],[4.011186598994458E-9,4.2724289137274225E-9,4.3478030102190517E-9,4.4233093218742878E-9,4.3478030102190517E-9,4.2724289137274225E-9,4.011186598994458E-9],[4.04037516545023E-9,4.2960718015464751E-9,4.2724289137274225E-9,4.4232733153330347E-9,4.2724289137274225E-9,4.2960718015464751E-9,4.04037516545023E-9],[3.7814789277930152E-9,4.04037516545023E-9,4.011186598994458E-9,4.1662483029628837E-9,4.011186598994458E-9,4.04037516545023E-9,3.7814789277930152E-9]],[[3.9372830505376616E-9,4.1977247000404381E-9,4.1683726918458506E-9,4.3243793746364542E-9,4.1683726918458506E-9,4.1977247000404381E-9,3.9372830505376616E-9],[4.1977247000404381E-9,4.4548423977237795E-9,4.4310765609981253E-9,4.5827748671612554E-9,4.4310765609981253E-9,4.4548423977237795E-9,4.1977247000404381E-9],[4.1683726918458506E-9,4.4310765609981253E-9,4.5068723825903637E-9,4.58280110189144E-9,4.5068723825903637E-9,4.4310765609981253E-9,4.1683726918458506E-9],[4.3243793746364542E-9,4.5827748671612554E-9,4.58280110189144E-9,4.7232422562573465E-9,4.58280110189144E-9,4.5827748671612554E-9,4.3243793746364542E-9],[4.1683726918458506E-9,4.4310765609981253E-9,4.5068723825903637E-9,4.58280110189144E-9,4.5068723825903637E-9,4.4310765609981253E-9,4.1683726918458506E-9],[4.1977247000404381E-9,4.4548423977237795E-9,4.4310765609981253E-9,4.5827748671612554E-9,4.4310765609981253E-9,4.4548423977237795E-9,4.1977247000404381E-9],[3.9372830505376616E-9,4.1977247000404381E-9,4.1683726918458506E-9,4.3243793746364542E-9,4.1683726918458506E-9,4.1977247000404381E-9,3.9372830505376616E-9]],[[4.0939984931783892E-9,4.3559335323139518E-9,4.3264227751997026E-9,4.4833412031733179E-9,4.3264227751997026E-9,4.3559335323139518E-9,4.0939984931783892E-9],[4.3559335323139518E-9,4.61443186747468E-9,4.590545914246566E-9,4.7430726503073884E-9,4.5905459