{"M_cells":[[[0,0,0,0,0,0,0],[0,0,0,0,0,0,0],[0,0,0,0,0,0,0],[0,0,0,0,0,0,0],[0,0,0,0,0,0,0],[0,0,0,0,0,0,0],[0,0,0,0,0,0,0]],[[1.420417694808078E-7,8.2081759046876869E-7,7.302678737576238E-7,1.0683526717962916E-6,7.302678737576238E-7,8.2081759046876858E-7,1.4204176948080778E-7],[8.2081759046876869E-7,3.4982273520315883E-6,3.1976525080937284E-6,4.5188880226110979E-6,3.1976525080937284E-6,3.4982273520315883E-6,8.2081759046876858E-7],[7.302678737576238E-7,3.1976525080937284E-6,3.9257044913429474E-6,4.6577338681429054E-6,3.9257044913429474E-6,3.1976525080937284E-6,7.302678737576238E-7],[1.0683526717962916E-6,4.5188880226110979E-6,4.6577338681429054E-6,6.1456070816238557E-6,4.6577338681429054E-6,4.5188880226110979E-6,1.0683526717962916E-6],[7.302678737576238E-7,3.1976525080937284E-6,3.9257044913429474E-6,4.6577338681429054E-6,3.9257044913429474E-6,3.1976525080937284E-6,7.302678737576238E-7],[8.2081759046876858E-7,3.4982273520315883E-6,3.1976525080937284E-6,4.5188880226110979E-6,3.1976525080937284E-6,3.4982273520315883E-6,8.2081759046876858E-7],[1.4204176948080778E-7,8.2081759046876858E-7,7.302678737576238E-7,1.0683526717962916E-6,7.302678737576238E-7,8.2081759046876858E-7,1.4204176948080778E-7]],[[9.9838765639942067E-7,3.2864409112263741E-6,2.9847678056889925E-6,4.1601678947836446E-6,2.9847678056889925E-6,3.2864409112263741E-6,9.9838765639942067E-7],[3.2864409112263741E-6,8.6411599033705628E-6,8.0474062992959325E-6,1.0793020064964958E-5,8.0474062992959325E-6,8.6411599033705628E-6,3.2864409112263741E-6],[2.9847678056889925E-6,8.0474062992959325E-6,9.5320735927257477E-6,1.1022106546638236E-5,9.5320735927257477E-6,8.0474062992959325E-6,2.9847678056889925E-6],[4.1601678947836446E-6,1.0793020064964958E-5,1.1022106546638236E-5,1.399520755082102E-5,1.1022106546638236E-5,1.0793020064964958E-5,4.1601678947836446E-6],[2.9847678056889925E-6,8.0474062992959325E-6,9.5320735927257477E-6,1.1022106546638236E-5,9.5320735927257477E-6,8.0474062992959325E-6,2.9847678056889925E-6],[3.2864409112263741E-6,8.6411599033705628E-6,8.0474062992959325E-6,1.0793020064964958E-5,8.0474062992959325E-6,8.6411599033705628E-6,3.2864409112263741E-6],[9.9838765639942067E-7,3.2864409112263741E-6,2.9847678056889925E-6,4.1601678947836446E-6,2.9847678056889925E-6,3.2864409112263741E-6,9.9838765639942067E-7]],[[2.9883078700522528E-6,7.39482304036538E-6,6.8189846118064351E-6,9.14108855503344E-6,6.8189846118064351E-6,7.39482304036538E-6,2.9883078700522528E-6],[7.39482304036538E-6,1.5424649932855588E-5,1.4545425781053441E-5,1.8777819063737414E-5,1.4545425781053439E-5,1.5424649932855585E-5,7.39482304036538E-6],[6.8189846118064351E-6,1.4545425781053441E-5,1.6800978653325949E-5,1.9063279753564088E-5,1.6800978653325949E-5,1.4545425781053439E-5,6.8189846118064351E-6],[9.14108855503344E-6,1.8777819063737414E-5,1.9063279753564088E-5,2.3516659774931144E-5,1.9063279753564088E-5,1.8777819063737414E-5,9.14108855503344E-6],[6.8189846118064351E-6,1.4545425781053439E-5,1.6800978653325949E-5,1.9063279753564088E-5,1.6800978653325949E-5,1.4545425781053441E-5,6.8189846118064351E-6],[7.39482304036538E-6,1.5424649932855585E-5,1.4545425781053439E-5,1.8777819063737414E-5,1.4545425781053441E-5,1.5424649932855585E-5,7.39482304036538E-6],[2.9883078700522528E-6,7.39482304036538E-6,6.8189846118064351E-6,9.14108855503344E-6,6.8189846118064351E-6,7.39482304036538E-6,2.9883078700522528E-6]],[[6.341211812993914E-6,1.3144644901074583E-5,1.226377890765737E-5,1.5923842374284825E-5,1.226377890765737E-5,1.3144644901074583E-5,6.341211812993914E-6],[1.3144644901074583E-5,2.3847528546711237E-5,2.2690967648622974E-5,2.8447634962038407E-5,2.2690967648622974E-5,2.3847528546711237E-5,1.3144644901074583E-5],[1.226377890765737E-5,2.2690967648622974E-5,2.5725411079255378E-5,2.8767979353931388E-5,2.5725411079255378E-5,2.2690967648622974E-5,1.226377890765737E-5],[1.5923842374284825E-5,2.8447634962038407E-5,2.8767979353931388E-5,3.4696550220722291E-5,2.8767979353931388E-5,2.8447634962038407E-5,1.5923842374284825E-5],[1.226377890765737E-5,2.2690967648622974E-5,2.5725411079255378E-5,2.8767979353931388E-5,2.5725411079255375E-5,2.2690967648622974E-5,1.226377890765737E-5],[1.3144644901074583E-5,2.3847528546711237E-5,2.2690967648622974E-5,2.8447634962038407E-5,2.2690967648622974E-5,2.3847528546711237E-5,1.3144644901074583E-5],[6.341211812993914E-6,1.3144644901074583E-5,1.226377890765737E-5,1.5923842374284825E-5,1.226377890765737E-5,1.3144644901074583E-5,6.341211812993914E-6]],[[1.1182357007777117E-5,2.0534287347915766E-5,1.9335090245486672E-5,2.4450713420330419E-5,1.9335090245486672E-5,2.0534287347915766E-5,1.1182357007777117E-5],[2.0534287347915766E-5,3.3907197214119268E-5,3.2480800625739033E-5,3.9783440893550383E-5,3.2480800625739033E-5,3.3907197214119268E-5,2.0534287347915766E-5],[1.9335090245486672E-5,3.2480800625739033E-5,3.629814286863497E-5,4.01249804876481E-5,3.629814286863497E-5,3.2480800625739033E-5,1.9335090245486672E-5],[2.4450713420330419E-5,3.9783440893550383E-5,4.01249804876481E-5,4.7523479505943421E-5,4.01249804876481E-5,3.9783440893550383E-5,2.4450713420330419E-5],[1.9335090245486672E-5,3.2480800625739033E-5,3.629814286863497E-5,4.01249804876481E-5,3.629814286863497E-5,3.2480800625739033E-5,1.9335090245486672E-5],[2.0534287347915766E-5,3.3907197214119268E-5,3.2480800625739033E-5,3.9783440893550383E-5,3.2480800625739033E-5,3.3907197214119268E-5,2.0534287347915766E-5],[1.1182357007777117E-5,2.0534287347915766E-5,1.9335090245486672E-5,2.4450713420330419E-5,1.9335090245486672E-5,2.0534287347915766E-5,1.1182357007777117E-5]],[[1.7579579985115048E-5,2.9561385553226637E-5,2.8039797155350813E-5,3.4682542450737795E-5,2.8039797155350813E-5,2.9561385553226637E-5,1.7579579985115048E-5],[2.9561385553226637E-5,4.5599881622430891E-5,4.3910140337994329E-5,5.2770369536017479E-5,4.3910140337994329E-5,4.5599881622430891E-5,2.9561385553226637E-5],[2.8039797155350813E-5,4.3910140337994329E-5,4.8511814255694246E-5,5.3124347900923776E-5,4.8511814255694246E-5,4.3910140337994329E-5,2.8039797155350813E-5],[3.4682542450737795E-5,5.2770369536017479E-5,5.3124347900923776E-5,6.19873118147727E-5,5.3124347900923776E-5,5.2770369536017479E-5,3.4682542450737795E-5],[2.8039797155350813E-5,4.3910140337994329E-5,4.8511814255694246E-5,5.3124347900923776E-5,4.8511814255694246E-5,4.3910140337994329E-5,2.8039797155350813E-5],[2.9561385553226637E-5,4.5599881622430891E-5,4.3910140337994329E-5,5.2770369536017479E-5,4.3910140337994329E-5,4.5599881622430891E-5,2.9561385553226637E-5],[1.7579579985115048E-5,2.9561385553226637E-5,2.8039797155350813E-5,3.4682542450737795E-5,2.8039797155350813E-5,2.9561385553226637E-5,1.7579579985115048E-5]],[[2.5568824876218041E-5,4.0222687777848605E-5,3.8379250747429018E-5,4.6591813107409435E-5,3.8379250747429018E-5,4.0222687777848605E-5,2.5568824876218041E-5],[4.0222687777848605E-5,5.8920839283750454E-5,5.6973193882516871E-5,6.7396134008842953E-5,5.6973193882516871E-5,5.8920839283750454E-5,4.0222687777848605E-5],[3.8379250747429018E-5,5.6973193882516871E-5,6.2358948892925377E-5,6.7756921699355042E-5,6.2358948892925377E-5,5.6973193882516871E-5,3.8379250747429012E-5],[4.6591813107409435E-5,6.7396134008842953E-5,6.7756921699355042E-5,7.8078666486062175E-5,6.7756921699355042E-5,6.7396134008842953E-5,4.6591813107409435E-5],[3.8379250747429018E-5,5.6973193882516871E-5,6.2358948892925377E-5,6.7756921699355042E-5,6.2358948892925377E-5,5.6973193882516871E-5,3.8379250747429012E-5],[4.0222687777848605E-5,5.8920839283750454E-5,5.6973193882516871E-5,6.7396134008842953E-5,5.6973193882516871E-5,5.8920839283750454E-5,4.0222687777848605E-5],[2.5568824876218041E-5,4.0222687777848605E-5,3.8379250747429012E-5,4.6591813107409435E-5,3.8379250747429012E-5,4.0222687777848605E-5,2.5568824876218041E-5]],[[3.5168130497951278E-5,5.2514060135611909E-5,5.035139750614911E-5,6.0158293745800452E-5,5.035139750614911E-5,5.2514060135611909E-5,3.5168130497951278E-5],[5.2514060135611909E-5,7.3864521393645607E-5,7.1663471678885913E-5,8.3650009768880556E-5,7.1663471678885913E-5,7.3864521393645607E-5,5.2514060135611909E-5],[5.035139750614911E-5,7.1663471678885913E-5,7.7831934115854567E-5,8.40139660075107E-5,7.7831934115854567E-5,7.1663471678885913E-5,5.035139750614911E-5],[6.0158293745800452E-5,8.3650009768880556E-5,8.40139660075107E-5,9.5788570151664174E-5,8.40139660075107E-5,8.3650009768880556E-5,6.0158293745800452E-5],[5.035139750614911E-5,7.1663471678885913E-5,7.7831934115854567E-5,8.40139660075107E-5,7.7831934115854567E-5,7.1663471678885913E-5,5.035139750614911E-5],[5.2514060135611909E-5,7.3864521393645607E-5,7.1663471678885913E-5,8.3650009768880556E-5,7.1663471678885913E-5,7.3864521393645607E-5,5.2514060135611909E-5],[3.5168130497951278E-5,5.2514060135611909E-5,5.035139750614911E-5,6.0158293745800452E-5,5.035139750614911E-5,5.2514060135611909E-5,3.5168130497951278E-5]],[[4.6385326031222416E-5,6.6430551972646788E-5,6.39520480129176E-5,7.5366280720784532E-5,6.39520480129176E-5,6.6430551972646788E-5,4.6385326031222416E-5],[6.6430551972646788E-5,9.0424694044133756E-5,8.7973960921719033E-5,0.00010152217302501093,8.7973960921719033E-5,9.0424694044133742E-5,6.6430551972646788E-5],[6.39520480129176E-5,8.7973960921719033E-5,9.4922986078840933E-5,0.00010188692578042569,9.4922986078840933E-5,8.7973960921719019E-5,6.3952048012917589E-5],[7.5366280720784532E-5,0.00010152217302501093,0.00010188692578042569,0.00011510821529353014,0.00010188692578042569,0.00010152217302501093,7.5366280720784532E-5],[6.39520480129176E-5,8.7973960921719033E-5,9.4922986078840933E-5,0.00010188692578042569,9.4922986078840933E-5,8.7973960921719019E-5,6.3952048012917589E-5],[6.6430551972646788E-5,9.0424694044133742E-5,8.7973960921719019E-5,0.00010152217302501093,8.7973960921719019E-5,9.0424694044133742E-5,6.6430551972646788E-5],[4.6385326031222416E-5,6.6430551972646788E-5,6.3952048012917589E-5,7.5366280720784532E-5,6.3952048012917589E-5,6.6430551972646788E-5,4.6385326031222416E-5]],[[5.9222289194359618E-5,8.1966477730104642E-5,7.9175629511075876E-5,9.2202847055016836E-5,7.9175629511075876E-5,8.1966477730104629E-5,5.9222289194359611E-5],[8.1966477730104642E-5,0.00010859452522610601,0.00010589721677296319,0.00012100326599228522,0.00010589721677296319,0.00010859452522610599,8.1966477730104629E-5],[7.9175629511075876E-5,0.00010589721677296319,0.00011362410955959617,0.000121367255218241,0.00011362410955959617,0.00010589721677296319,7.9175629511075876E-5],[9.2202847055016836E-5,0.00012100326599228522,0.000121367255218241,0.00013602878909678177,0.000121367255218241,0.00012100326599228524,9.2202847055016836E-5],[7.9175629511075876E-5,0.00010589721677296319,0.00011362410955959617,0.000121367255218241,0.00011362410955959617,0.00010589721677296319,7.9175629511075876E-5],[8.1966477730104629E-5,0.00010859452522610599,0.00010589721677296319,0.00012100326599228524,0.00010589721677296319,0.00010859452522610599,8.1966477730104629E-5],[5.9222289194359611E-5,8.1966477730104629E-5,7.9175629511075876E-5,9.2202847055016836E-5,7.9175629511075876E-5,8.1966477730104629E-5,5.9222289194359611E-5]],[[7.367731941560698E-5,9.9115493957528569E-5,9.60156269569697E-5,0.00011065672333952268,9.6015626956969693E-5,9.9115493957528569E-5,7.367731941560698E-5],[9.9115493957528569E-5,0.0001283666438112261,0.0001254254044391387,0.00014208410639430388,0.0001254254044391387,0.0001283666438112261,9.9115493957528569E-5],[9.60156269569697E-5,0.0001254254044391387,0.00013392705671780254,0.0001424462932061636,0.00013392705671780254,0.0001254254044391387,9.6015626956969693E-5],[0.00011065672333952268,0.00014208410639430388,0.0001424462932061636,0.00015854134830047044,0.0001424462932061636,0.00014208410639430388,0.00011065672333952267],[9.6015626956969693E-5,0.0001254254044391387,0.00013392705671780254,0.0001424462932061636,0.00013392705671780254,0.0001254254044391387,9.6015626956969693E-5],[9.9115493957528569E-5,0.0001283666438112261,0.0001254254044391387,0.00014208410639430388,0.0001254254044391387,0.0001283666438112261,9.9115493957528569E-5],[7.367731941560698E-5,9.9115493957528569E-5,9.6015626956969693E-5,0.00011065672333952267,9.6015626956969693E-5,9.9115493957528569E-5,7.367731941560698E-5]],[[8.9746471728644514E-5,0.00011787066235285687,0.00011446483613432021,0.00013071757668983662,0.0001144648361343202,0.00011787066235285687,8.9746471728644514E-5],[0.00011787066235285687,0.00014973317578630013,0.00014655031145961522,0.00016475548832034484,0.00014655031145961522,0.00014973317578630016,0.00011787066235285687],[0.00011446483613432021,0.00014655031145961522,0.00015582328612350139,0.00016511516908324124,0.00015582328612350139,0.00014655031145961522,0.0001144648361343202],[0.00013071757668983662,0.00016475548832034484,0.00016511516908324124,0.00018263672351843089,0.00016511516908324124,0.00016475548832034482,0.00013071757668983659],[0.0001144648361343202,0.00014655031145961522,0.00015582328612350139,0.00016511516908324124,0.00015582328612350139,0.00014655031145961522,0.0001144648361343202],[0.00011787066235285687,0.00014973317578630016,0.00014655031145961522,0.00016475548832034482,0.00014655031145961522,0.00014973317578630016,0.00011787066235285687],[8.9746471728644514E-5,0.00011787066235285687,0.0001144648361343202,0.00013071757668983659,0.0001144648361343202,0.00011787066235285687,8.9746471728644514E-5]],[[0.00010742431312217871,0.00013822449592638158,0.0001345155031570294,0.00015237554034711048,0.00013451550315702937,0.00013822449592638158,0.00010742431312217871],[0.00013822449592638158,0.00017268576188708319,0.00016926334123258091,0.00018900804029762841,0.00016926334123258091,0.00017268576188708319,0.00013822449592638158],[0.0001345155031570294,0.00016926334123258091,0.00017930392181175642,0.00018936472722538316,0.00017930392181175642,0.00016926334123258091,0.00013451550315702937],[0.00015237554034711048,0.00018900804029762841,0.00018936472722538316,0.00020830544159845989,0.00018936472722538316,0.00018900804029762841,0.00015237554034711046],[0.00013451550315702937,0.00016926334123258091,0.00017930392181175642,0.00018936472722538316,0.00017930392181175642,0.00016926334123258091,0.00013451550315702937],[0.00013822449592638158,0.00017268576188708319,0.00016926334123258091,0.00018900804029762841,0.00016926334123258091,0.00017268576188708319,0.00013822449592638158],[0.00010742431312217871,0.00013822449592638158,0.00013451550315702937,0.00015237554034711046,0.00013451550315702937,0.00013822449592638158,0.00010742431312217871]],[[0.0001267043542453965,0.00016016898828767181,0.00015615939479354915,0.00017562090076037406,0.00015615939479354912,0.00016016898828767181,0.0001267043542453965],[0.00016016898828767181,0.00019721555966055175,0.00019355549380945273,0.00021483211828076553,0.00019355549380945271,0.00019721555966055175,0.00016016898828767181],[0.00015615939479354915,0.00019355549380945273,0.00020435971131483024,0.0002151854623138784,0.00020435971131483021,0.00019355549380945271,0.00015615939479354912],[0.00017562090076037406,0.00021483211828076553,0.0002151854623138784,0.00023553765790366481,0.0002151854623138784,0.00021483211828076553,0.00017562090076037403],[0.00015615939479354912,0.00019355549380945271,0.00020435971131483021,0.0002151854623138784,0.00020435971131483021,0.00019355549380945271,0.00015615939479354912],[0.00016016898828767181,0.00019721555966055175,0.00019355549380945271,0.00021483211828076553,0.00019355549380945271,0.00019721555966055175,0.00016016898828767181],[0.0001267043542453965,0.00016016898828767181,0.00015615939479354912,0.00017562090076037403,0.00015615939479354912,0.00016016898828767181,0.0001267043542453965]],[[0.00014757929558600593,0.00018369562716287702,0.00017938782591127265,0.000200443882937178,0.00017938782591127265,0.00018369562716287702,0.00014757929558600593],[0.00018369562716287702,0.00022331323195934739,0.00021941733695261351,0.00024221771871432078,0.00021941733695261348,0.00022331323195934737,0.00018369562716287702],[0.00017938782591127265,0.00021941733695261351,0.00023098098119337892,0.00024256745933726818,0.00023098098119337889,0.00021941733695261348,0.00017938782591127265],[0.000200443882937178,0.00024221771871432078,0.00024256745933726818,0.00026432309251530581,0.00024256745933726818,0.00024221771871432078,0.00020044388293717798],[0.00017938782591127265,0.00021941733695261348,0.00023098098119337889,0.00024256745933726818,0.00023098098119337892,0.00021941733695261351,0.00017938782591127265],[0.00018369562716287702,0.00022331323195934737,0.00021941733695261348,0.00024221771871432078,0.00021941733695261351,0.00022331323195934739,0.00018369562716287702],[0.00014757929558600593,0.00018369562716287702,0.00017938782591127265,0.00020044388293717798,0.00017938782591127265,0.00018369562716287702,0.00014757929558600593]],[[0.00017004116503585877,0.00020879539342117778,0.00020419165932433232,0.00022683449610265077,0.00020419165932433232,0.00020879539342117778,0.00017004116503585877],[0.00020879539342117778,0.00025096892295390131,0.00024683896856023211,0.00027115440147149809,0.00024683896856023211,0.00025096892295390131,0.00020879539342117778],[0.00020419165932433232,0.00024683896856023211,0.00025915758831612107,0.00027150033372152517,0.00025915758831612107,0.00024683896856023211,0.00020419165932433232],[0.00022683449610265077,0.00027115440147149809,0.00027150033372152517,0.00029465096564557146,0.00027150033372152517,0.00027115440147149809,0.00022683449610265074],[0.00020419165932433232,0.00024683896856023211,0.00025915758831612107,0.00027150033372152517,0.00025915758831612107,0.00024683896856023211,0.00020419165932433232],[0.00020879539342117778,0.00025096892295390131,0.00024683896856023211,0.00027115440147149809,0.00024683896856023211,0.00025096892295390131,0.00020879539342117778],[0.00017004116503585877,0.00020879539342117778,0.00020419165932433232,0.00022683449610265074,0.00020419165932433232,0.00020879539342117778,0.00017004116503585877]],[[0.00019408138957058727,0.0002354587465905988,0.00023056128660474379,0.00025478241498635832,0.00023056128660474379,0.0002354587465905988,0.00019408138957058727],[0.0002354587465905988,0.00028017222191631191,0.00027580997031843559,0.00030163121530032782,0.00027580997031843559,0.00028017222191631191,0.0002354587465905988],[0.00023056128660474379,0.00027580997031843559,0.0002888788648958218,0.00030197316774374227,0.0002888788648958218,0.00027580997031843559,0.00023056128660474379],[0.00025478241498635832,0.00030163121530032782,0.00030197316774374227,0.00032650992824878616,0.00030197316774374227,0.00030163121530032782,0.00025478241498635832],[0.00023056128660474379,0.00027580997031843559,0.0002888788648958218,0.00030197316774374227,0.0002888788648958218,0.00027580997031843559,0.00023056128660474382],[0.0002354587465905988,0.00028017222191631191,0.00027580997031843559,0.00030163121530032782,0.00027580997031843559,0.00028017222191631196,0.0002354587465905988],[0.00019408138957058727,0.0002354587465905988,0.00023056128660474379,0.00025478241498635832,0.00023056128660474382,0.0002354587465905988,0.00019408138957058727]],[[0.00021969082480929221,0.00026367559731667214,0.00025848659425913072,0.00028427688030287825,0.00025848659425913072,0.00026367559731667214,0.00021969082480929221],[0.00026367559731667214,0.00031091211424686825,0.00030631935153764268,0.00033363662003182845,0.00030631935153764268,0.00031091211424686825,0.00026367559731667214],[0.00025848659425913072,0.00030631935153764268,0.00032013355499943492,0.00033397443970792622,0.00032013355499943492,0.00030631935153764268,0.00025848659425913072],[0.00028427688030287825,0.00033363662003182845,0.00033397443970792622,0.00035988798407504474,0.00033397443970792622,0.00033363662003182845,0.00028427688030287825],[0.00025848659425913072,0.00030631935153764268,0.00032013355499943492,0.00033397443970792622,0.00032013355499943492,0.00030631935153764268,0.00025848659425913072],[0.00026367559731667214,0.00031091211424686825,0.00030631935153764268,0.00033363662003182845,0.00030631935153764268,0.00031091211424686825,0.00026367559731667214],[0.00021969082480929221,0.00026367559731667214,0.00025848659425913072,0.00028427688030287825,0.00025848659425913072,0.00026367559731667214,0.00021969082480929221]],[[0.00024685975554600541,0.00029343526657585865,0.00028795691702532017,0.00031530660703156966,0.00028795691702532017,0.00029343526657585865,0.00024685975554600541],[0.00029343526657585865,0.00034317691843138519,0.00033835548136967473,0.00036715840059573304,0.00033835548136967473,0.00034317691843138519,0.00029343526657585865],[0.00028795691702532017,0.00033835548136967473,0.0003529097398559579,0.00036749194233300818,0.0003529097398559579,0.00033835548136967473,0.00028795691702532017],[0.00031530660703156966,0.00036715840059573304,0.00036749194233300818,0.00039477239930007938,0.00036749194233300818,0.00036715840059573304,0.00031530660703156966],[0.00028795691702532017,0.00033835548136967473,0.0003529097398559579,0.00036749194233300818,0.0003529097398559579,0.00033835548136967473,0.00028795691702532017],[0.00029343526657585865,0.00034317691843138519,0.00033835548136967473,0.00036715840059573304,0.00033835548136967473,0.00034317691843138519,0.00029343526657585865],[0.00024685975554600541,0.00029343526657585865,0.00028795691702532017,0.00031530660703156966,0.00028795691702532017,0.00029343526657585865,0.00024685975554600541]],[[0.00027557787417745383,0.00032472643073685938,0.00031896097825326547,0.00034785969206372269,0.00031896097825326547,0.00032472643073685938,0.00027557787417745383],[0.00032472643073685938,0.00037695420677925581,0.00037190600685026344,0.00040218356806553647,0.00037190600685026344,0.00037695420677925581,0.00032472643073685938],[0.00031896097825326547,0.00037190600685026344,0.00038719474873800383,0.00040251268645992097,0.00038719474873800383,0.00037190600685026344,0.00031896097825326547],[0.00034785969206372269,0.00040218356806553647,0.00040251268645992097,0.00043114959541911264,0.00040251268645992097,0.00040218356806553647,0.00034785969206372269],[0.00031896097825326547,0.00037190600685026344,0.00038719474873800383,0.00040251268645992097,0.00038719474873800383,0.00037190600685026344,0.00031896097825326547],[0.00032472643073685938,0.00037695420677925581,0.00037190600685026344,0.00040218356806553647,0.00037190600685026344,0.00037695420677925581,0.00032472643073685938],[0.00027557787417745383,0.00032472643073685938,0.00031896097825326547,0.00034785969206372269,0.00031896097825326547,0.00032472643073685938,0.00027557787417745383]],[[0.00030583424022283273,0.00035753705076106847,0.00035148681599272638,0.00038192351436087431,0.00035148681599272638,0.00035753705076106847,0.00030583424022283273],[0.00035753705076106847,0.00041223070683379031,0.00040695775336313029,0.00043869824262624251,0.00040695775336313029,0.00041223070683379031,0.00035753705076106847],[0.00035148681599272638,0.00040695775336313029,0.00042297505143890622,0.0004390227855244723,0.00042297505143890622,0.00040695775336313029,0.00035148681599272638],[0.00038192351436087431,0.00043869824262624251,0.0004390227855244723,0.00046900502029926383,0.0004390227855244723,0.00043869824262624251,0.00038192351436087431],[0.00035148681599272638,0.00040695775336313029,0.00042297505143890622,0.0004390227855244723,0.00042297505143890622,0.00040695775336313029,0.00035148681599272638],[0.00035753705076106847,0.00041223070683379031,0.00040695775336313029,0.00043869824262624251,0.00040695775336313029,0.00041223070683379031,0.00035753705076106847],[0.00030583424022283273,0.00035753705076106847,0.00035148681599272638,0.00038192351436087431,0.00035148681599272638,0.00035753705076106847,0.00030583424022283273]],[[0.0003376172216955988,0.00039185428291210235,0.00038552169224706956,0.00041748462136481109,0.00038552169224706956,0.00039185428291210235,0.0003376172216955988],[0.00039185428291210235,0.00044899217919046818,0.00044349660308187181,0.00047668751255862141,0.00044349660308187181,0.00044899217919046818,0.00039185428291210235],[0.00038552169224706956,0.00044349660308187181,0.00046023612734021833,0.0004770073152285086,0.00046023612734021833,0.00044349660308187186,0.00038552169224706956],[0.00041748462136481109,0.00047668751255862141,0.0004770073152285086,0.00050832299109560019,0.00047700731522850866,0.00047668751255862147,0.00041748462136481109],[0.00038552169224706956,0.00044349660308187181,0.00046023612734021833,0.00047700731522850866,0.00046023612734021833,0.00044349660308187186,0.00038552169224706956],[0.00039185428291210235,0.00044899217919046818,0.00044349660308187186,0.00047668751255862147,0.00044349660308187186,0.00044899217919046818,0.00039185428291210235],[0.0003376172216955988,0.00039185428291210235,0.00038552169224706956,0.00041748462136481109,0.00038552169224706956,0.00039185428291210235,0.0003376172216955988]],[[0.00037091441729282374,0.00042766436724460128,0.0004210519816763784,0.00045452859524071603,0.0004210519816763784,0.00042766436724460128,0.00037091441729282374],[0.00042766436724460128,0.000487223266009147,0.00048150734561288743,0.00051613526203383433,0.00048150734561288743,0.000487223266009147,0.00042766436724460128],[0.0004210519816763784,0.00048150734561288743,0.00049896230467703982,0.00051645014139966141,0.00049896230467703982,0.00048150734561288743,0.0004210519816763784],[0.00045452859524071603,0.00051613526203383433,0.00051645014139966141,0.00054908650106058078,0.0005164501413996613,0.00051613526203383433,0.00045452859524071603],[0.0004210519816763784,0.00048150734561288743,0.00049896230467703982,0.0005164501413996613,0.00049896230467703982,0.00048150734561288743,0.0004210519816763784],[0.00042766436724460128,0.000487223266009147,0.00048150734561288743,0.00051613526203383433,0.00048150734561288743,0.000487223266009147,0.00042766436724460128],[0.00037091441729282374,0.00042766436724460128,0.0004210519816763784,0.00045452859524071603,0.0004210519816763784,0.00042766436724460128,0.00037091441729282374]],[[0.00040571255682579394,0.00046495248878154408,0.00045806303468834061,0.00049303989171480987,0.00045806303468834061,0.00046495248878154408,0.00040571255682579394],[0.00046495248878154408,0.0005269073026406561,0.00052097349331576973,0.00055702395862603578,0.00052097349331576973,0.0005269073026406561,0.00046495248878154408],[0.00045806303468834061,0.00052097349331576973,0.00053913656174312484,0.00055733370704537431,0.00053913656174312484,0.00052097349331576973,0.00045806303468834061],[0.00049303989171480987,0.00055702395862603578,0.00055733370704537431,0.00059127697998042033,0.00055733370704537431,0.00055702395862603578,0.00049303989171480987],[0.00045806303468834061,0.00052097349331576973,0.00053913656174312484,0.00055733370704537431,0.00053913656174312484,0.00052097349331576973,0.00045806303468834061],[0.00046495248878154408,0.0005269073026406561,0.00052097349331576973,0.00055702395862603578,0.00052097349331576973,0.0005269073026406561,0.00046495248878154408],[0.00040571255682579394,0.00046495248878154408,0.00045806303468834061,0.00049303989171480987,0.00045806303468834061,0.00046495248878154408,0.00040571255682579394]],[[0.00044199737576804956,0.0005037026045588552,0.00049653900819599678,0.00053300164278566114,0.00049653900819599678,0.0005037026045588552,0.00044199737576804956],[0.0005037026045588552,0.00056802608235091939,0.00056187705146672283,0.00059933438883621375,0.00056187705146672283,0.00056802608235091939,0.0005037026045588552],[0.00049653900819599678,0.00056187705146672283,0.00058074027927896849,0.00059963876691963651,0.00058074027927896849,0.00056187705146672283,0.00049653900819599678],[0.00053300164278566114,0.00059933438883621375,0.00059963876691963651,0.000634873994868102,0.00059963876691963651,0.00059933438883621375,0.00053300164278566114],[0.00049653900819599678,0.00056187705146672283,0.00058074027927896849,0.00059963876691963651,0.00058074027927896849,0.00056187705146672283,0.00049653900819599678],[0.0005037026045588552,0.00056802608235091939,0.00056187705146672283,0.00059933438883621375,0.00056187705146672283,0.00056802608235091939,0.0005037026045588552],[0.00044199737576804956,0.0005037026045588552,0.00049653900819599678,0.00053300164278566114,0.00049653900819599678,0.0005037026045588552,0.00044199737576804956]],[[0.00047975345804625563,0.00054389722747424051,0.00053646265518840291,0.00057439541236398064,0.00053646265518840291,0.00054389722747424051,0.00047975345804625563],[0.00054389722747424051,0.00061055956091706583,0.00060419823036385453,0.00064304532637553659,0.00060419823036385453,0.00061055956091706583,0.00054389722747424051],[0.00053646265518840291,0.00060419823036385453,0.0006237529299506834,0.00064334405431600624,0.0006237529299506834,0.00060419823036385453,0.00053646265518840291],[0.00057439541236398064,0.00064304532637553659,0.00064334405431600624,0.00067985487338364874,0.00064334405431600624,0.00064304532637553659,0.00057439541236398064],[0.00053646265518840291,0.00060419823036385453,0.0006237529299506834,0.00064334405431600624,0.0006237529299506834,0.00060419823036385453,0.00053646265518840291],[0.00054389722747424051,0.00061055956091706583,0.00060419823036385453,0.00064304532637553659,0.00060419823036385453,0.00061055956091706583,0.00054389722747424051],[0.00047975345804625563,0.00054389722747424051,0.00053646265518840291,0.00057439541236398064,0.00053646265518840291,0.00054389722747424051,0.00047975345804625563]],[[0.00051896403906328756,0.00058551715494525468,0.00057781506146984264,0.0006172008907790286,0.00057781506146984264,0.00058551715494525468,0.00051896403906328756],[0.00058551715494525468,0.00065448548364627852,0.0006479150824157269,0.00068813311322239669,0.0006479150824157269,0.00065448548364627852,0.00058551715494525468],[0.00057781506146984264,0.0006479150824157269,0.00066815168640478313,0.00068842586001155188,0.00066815168640478313,0.0006479150824157269,0.00057781506146984264],[0.0006172008907790286,0.00068813311322239669,0.00068842586001155188,0.00072619422693447294,0.00068842586001155188,0.00068813311322239669,0.0006172008907790286],[0.00057781506146984264,0.0006479150824157269,0.00066815168640478313,0.00068842586001155188,0.00066815168640478313,0.0006479150824157269,0.00057781506146984264],[0.00058551715494525468,0.00065448548364627852,0.0006479150824157269,0.00068813311322239669,0.0006479150824157269,0.00065448548364627852,0.00058551715494525468],[0.00051896403906328756,0.00058551715494525468,0.00057781506146984264,0.0006172008907790286,0.00057781506146984264,0.00058551715494525468,0.00051896403906328756]],[[0.00055961075823108858,0.00062854112654091873,0.00062057531425911661,0.000661395509870302,0.00062057531425911661,0.00062854112654091873,0.00055961075823108858],[0.00062854112654091873,0.00069977891185113591,0.00069300304193626238,0.00073457112724713443,0.00069300304193626238,0.00069977891185113591,0.00062854112654091873],[0.00062057531425911661,0.00069300304193626238,0.00071391092358794647,0.000734857497011297,0.00071391092358794647,0.00069300304193626238,0.00062057531425911661],[0.000661395509870302,0.00073457112724713443,0.000734857497011297,0.0007738633431962033,0.000734857497011297,0.00073457112724713443,0.000661395509870302],[0.00062057531425911661,0.00069300304193626238,0.00071391092358794647,0.000734857497011297,0.00071391092358794647,0.00069300304193626238,0.00062057531425911661],[0.00062854112654091873,0.00069977891185113591,0.00069300304193626238,0.00073457112724713443,0.00069300304193626238,0.00069977891185113591,0.00062854112654091873],[0.00055961075823108858,0.00062854112654091873,0.00062057531425911661,0.000661395509870302,0.00062057531425911661,0.00062854112654091873,0.00055961075823108858]],[[0.00060167334679296083,0.00067294538975614521,0.00066472008256017174,0.00070695395481290351,0.00066472008256017174,0.00067294538975614521,0.00060167334679296083],[0.00067294538975614521,0.00074641161873973208,0.00073943433852760175,0.00078232910221934791,0.00073943433852760175,0.00074641161873973208,0.00067294538975614521],[0.00066472008256017174,0.00073943433852760175,0.00076100158358347384,0.00078260861670803616,0.00076100158358347384,0.00073943433852760175,0.00066472008256017174],[0.00070695395481290351,0.00078232910221934791,0.00078260861670803616,0.00082282940860270882,0.00078260861670803616,0.00078232910221934791,0.00070695395481290351],[0.00066472008256017174,0.00073943433852760175,0.00076100158358347384,0.00078260861670803616,0.00076100158358347384,0.00073943433852760175,0.00066472008256017174],[0.00067294538975614521,0.00074641161873973208,0.00073943433852760175,0.00078232910221934791,0.00073943433852760175,0.00074641161873973208,0.00067294538975614521],[0.00060167334679296083,0.00067294538975614521,0.00066472008256017174,0.00070695395481290351,0.00066472008256017174,0.00067294538975614521,0.00060167334679296083]],[[0.00064512923220591848,0.0007187031467231085,0.0007102230830949946,0.00075384754168322918,0.0007102230830949946,0.0007187031467231085,0.00064512923220591848],[0.0007187031467231085,0.00079435131592159531,0.00078717724643390954,0.00083137225618899594,0.00078717724643390954,0.00079435131592159531,0.0007187031467231085],[0.0007102230830949946,0.00078717724643390954,0.00080939036203039308,0.00083164433219812164,0.00080939036203039308,0.00078717724643390954,0.0007102230830949946],[0.00075384754168322918,0.00083137225618899594,0.00083164433219812164,0.00087305451015939341,0.00083164433219812164,0.00083137225618899594,0.00075384754168322918],[0.0007102230830949946,0.00078717724643390954,0.00080939036203039308,0.00083164433219812164,0.00080939036203039308,0.00078717724643390954,0.0007102230830949946],[0.0007187031467231085,0.00079435131592159531,0.00078717724643390954,0.00083137225618899594,0.00078717724643390954,0.00079435131592159531,0.0007187031467231085],[0.00064512923220591848,0.0007187031467231085,0.0007102230830949946,0.00075384754168322918,0.0007102230830949946,0.0007187031467231085,0.00064512923220591848]],[[0.00068995303463737054,0.00076578384681152728,0.00075705439802605185,0.00080204342101564921,0.00075705439802605185,0.00076578384681152728,0.00068995303463737054],[0.00076578384681152728,0.00084356066159385677,0.00083619512235222869,0.0008816601730177151,0.00083619512235222869,0.00084356066159385677,0.00076578384681152728],[0.00075705439802605185,0.00083619512235222869,0.00085903866462251686,0.00088192409325264863,0.00085903866462251686,0.00083619512235222869,0.00075705439802605185],[0.00080204342101564921,0.0008816601730177151,0.00088192409325264863,0.0009244943534254922,0.00088192409325264863,0.0008816601730177151,0.00080204342101564921],[0.00075705439802605185,0.00083619512235222869,0.00085903866462251686,0.00088192409325264863,0.00085903866462251686,0.00083619512235222869,0.00075705439802605185],[0.00076578384681152728,0.00084356066159385677,0.00083619512235222869,0.0008816601730177151,0.00083619512235222869,0.00084356066159385677,0.00076578384681152728],[0.00068995303463737054,0.00076578384681152728,0.00075705439802605185,0.00080204342101564921,0.00075705439802605185,0.00076578384681152728,0.00068995303463737054]],[[0.00073611592414455252,0.00081415228107823649,0.00080517960195816381,0.00085150355769405552,0.00080517960195816381,0.00081415228107823649,0.00073611592414455252],[0.00081415228107823649,0.00089399599126901009,0.00088644517409385188,0.00093314537093836891,0.00088644517409385188,0.00089399599126901009,0.00081415228107823649],[0.00080517960195816381,0.00088644517409385188,0.00090990127170975492,0.00093340024658725759,0.00090990127170975492,0.00088644517409385188,0.00080517960195816381],[0.00085150355769405552,0.00093314537093836891,0.00093340024658725759,0.00097709662199306946,0.00093340024658725759,0.00093314537093836891,0.00085150355769405552],[0.00080517960195816381,0.00088644517409385188,0.00090990127170975492,0.00093340024658725759,0.00090990127170975492,0.00088644517409385188,0.00080517960195816381],[0.00081415228107823649,0.00089399599126901009,0.00088644517409385188,0.00093314537093836891,0.00088644517409385188,0.00089399599126901009,0.00081415228107823649],[0.00073611592414455252,0.00081415228107823649,0.00080517960195816381,0.00085150355769405552,0.00080517960195816381,0.00081415228107823649,0.00073611592414455252]],[[0.00078358479916407914,0.00086376742562731831,0.00085455864691804479,0.00090218342807138452,0.00085455864691804479,0.00086376742562731831,0.00078358479916407914],[0.00086376742562731831,0.00094560570500424267,0.00093787689533458732,0.00098577148566675321,0.00093787689533458732,0.00094560570500424267,0.00086376742562731831],[0.00085455864691804479,0.00093787689533458732,0.0009619246423658637,0.00098601620891841028,0.0009619246423658637,0.00093787689533458732,0.00085455864691804479],[0.00090218342807138452,0.00098577148566675321,0.00098601620891841028,0.00103079889875884,0.00098601620891841028,0.00098577148566675321,0.00090218342807138452],[0.00085455864691804479,0.00093787689533458732,0.0009619246423658637,0.00098601620891841028,0.0009619246423658638,0.00093787689533458742,0.00085455864691804479],[0.00086376742562731831,0.00094560570500424267,0.00093787689533458732,0.00098577148566675321,0.00093787689533458742,0.00094560570500424267,0.00086376742562731831],[0.00078358479916407914,0.00086376742562731831,0.00085455864691804479,0.00090218342807138452,0.00085455864691804479,0.00086376742562731831,0.00078358479916407914]],[[0.00083232123918617858,0.00091458097520827027,0.00090514444798533067,0.000954030370051406,0.00090514444798533067,0.00091458097520827027,0.00083232123918617858],[0.00091458097520827027,0.00099832824851350485,0.00099043010406160161,0.0010394710024208787,0.00099043010406160161,0.00099832824851350485,0.00091458097520827027],[0.00090514444798533067,0.00099043010406160161,0.0010150447941339774,0.0010397041876332284,0.0010150447941339774,0.00099043010406160161,0.00090514444798533067],[0.000954030370051406,0.0010394710024208787,0.0010397041876332284,0.0010855260817234406,0.0010397041876332284,0.001039471002420879,0.000954030370051406],[0.00090514444798533067,0.00099043010406160161,0.0010150447941339774,0.0010397041876332284,0.0010150447941339774,0.00099043010406160161,0.00090514444798533067],[0.00091458097520827027,0.00099832824851350485,0.00099043010406160161,0.001039471002420879,0.00099043010406160161,0.00099832824851350485,0.00091458097520827027],[0.00083232123918617858,0.00091458097520827027,0.00090514444798533067,0.000954030370051406,0.00090514444798533067,0.00091458097520827027,0.00083232123918617858]],[[0.00088228017965663662,0.00096653551198954389,0.00095688111472301942,0.0010069815285696261,0.00095688111472301942,0.00096653551198954389,0.00088228017965663662],[0.00096653551198954389,0.0010520896516248417,0.0010440325458854034,0.0010941625061451591,0.0010440325458854034,0.0010520896516248417,0.00096653551198954389],[0.00095688111472301942,0.0010440325458854034,0.0010691847244131681,0.0010943824198709888,0.0010691847244131681,0.0010440325458854034,0.00095688111472301942],[0.0010069815285696261,0.0010941625061451591,0.0010943824198709888,0.0011411872755126816,0.0010943824198709888,0.0010941625061451591,0.0010069815285696261],[0.00095688111472301942,0.0010440325458854034,0.0010691847244131681,0.0010943824198709888,0.0010691847244131681,0.0010440325458854034,0.00095688111472301942],[0.00096653551198954389,0.0010520896516248417,0.0010440325458854034,0.0010941625061451591,0.0010440325458854034,0.0010520896516248417,0.00096653551198954389],[0.00088228017965663662,0.00096653551198954389,0.00095688111472301942,0.0010069815285696261,0.00095688111472301942,0.00096653551198954389,0.00088228017965663662]],[[0.00093340826054738894,0.0010195622777658371,0.0010097017942439057,0.0010609613699356767,0.0010097017942439057,0.0010195622777658371,0.00093340826054738894],[0.0010195622777658371,0.0011068006536193932,0.0010985970847280642,0.0011497475026992479,0.0010985970847280642,0.0011068006536193932,0.0010195622777658371],[0.0010097017942439057,0.0010985970847280642,0.00112425141269195,0.0011499519860014033,0.00112425141269195,0.0010985970847280642,0.0010097017942439057],[0.0010609613699356767,0.0011497475026992479,0.0011499519860014033,0.0011976722487347963,0.0011499519860014033,0.0011497475026992479,0.0010609613699356767],[0.0010097017942439057,0.00109859