{"M_cells":[[[0,0,0,0,0,0,0],[0,0,0,0,0,0,0],[0,0,0,0,0,0,0],[0,0,0,0,0,0,0],[0,0,0,0,0,0,0],[0,0,0,0,0,0,0],[0,0,0,0,0,0,0]],[[5.5235592932748476E-7,3.1654528954797543E-6,2.8169800851409666E-6,4.1189367151533358E-6,2.816980085140967E-6,3.1654528954797543E-6,5.5235592932748476E-7],[3.1654528954797543E-6,1.3304205670454221E-5,1.2166659710981114E-5,1.7174253611548336E-5,1.2166659710981115E-5,1.3304205670454222E-5,3.1654528954797543E-6],[2.8169800851409666E-6,1.2166659710981114E-5,1.4925403983773565E-5,1.7698682507408044E-5,1.4925403983773565E-5,1.2166659710981115E-5,2.8169800851409666E-6],[4.1189367151533358E-6,1.7174253611548336E-5,1.7698682507408044E-5,2.3332817407814805E-5,1.7698682507408044E-5,1.7174253611548336E-5,4.1189367151533358E-6],[2.816980085140967E-6,1.2166659710981115E-5,1.4925403983773565E-5,1.7698682507408044E-5,1.4925403983773565E-5,1.2166659710981115E-5,2.8169800851409666E-6],[3.1654528954797543E-6,1.3304205670454222E-5,1.2166659710981115E-5,1.7174253611548336E-5,1.2166659710981115E-5,1.3304205670454222E-5,3.1654528954797543E-6],[5.5235592932748476E-7,3.1654528954797543E-6,2.8169800851409666E-6,4.1189367151533358E-6,2.8169800851409666E-6,3.1654528954797543E-6,5.5235592932748476E-7]],[[3.7711356809326172E-6,1.2228946363472576E-5,1.1114374692941834E-5,1.546467065550767E-5,1.1114374692941834E-5,1.2228946363472576E-5,3.7711356809326172E-6],[1.2228946363472576E-5,3.1450837050202628E-5,2.9321702786189493E-5,3.9204625066361327E-5,2.9321702786189493E-5,3.1450837050202628E-5,1.2228946363472576E-5],[1.1114374692941834E-5,2.9321702786189493E-5,3.4659089463050711E-5,4.0014762493934705E-5,3.4659089463050711E-5,2.9321702786189489E-5,1.1114374692941832E-5],[1.546467065550767E-5,3.9204625066361327E-5,4.0014762493934705E-5,5.0686613859571277E-5,4.0014762493934705E-5,3.920462506636132E-5,1.5464670655507667E-5],[1.1114374692941834E-5,2.9321702786189493E-5,3.4659089463050711E-5,4.0014762493934705E-5,3.4659089463050711E-5,2.9321702786189489E-5,1.1114374692941832E-5],[1.2228946363472576E-5,3.1450837050202628E-5,2.9321702786189489E-5,3.920462506636132E-5,2.9321702786189489E-5,3.1450837050202628E-5,1.2228946363472576E-5],[3.7711356809326172E-6,1.2228946363472576E-5,1.1114374692941832E-5,1.5464670655507667E-5,1.1114374692941832E-5,1.2228946363472576E-5,3.7711356809326172E-6]],[[1.0958410248879958E-5,2.6574104188471961E-5,2.4535389959681887E-5,3.2785129304610922E-5,2.4535389959681887E-5,2.6574104188471961E-5,1.0958410248879958E-5],[2.6574104188471961E-5,5.3942009518850334E-5,5.0951863677684438E-5,6.5446047161565475E-5,5.0951863677684438E-5,5.3942009518850334E-5,2.6574104188471961E-5],[2.4535389959681887E-5,5.0951863677684438E-5,5.86577677060429E-5,6.6385322959261882E-5,5.8657767706042906E-5,5.0951863677684438E-5,2.4535389959681887E-5],[3.2785129304610922E-5,6.5446047161565475E-5,6.6385322959261882E-5,8.15610196131381E-5,6.6385322959261882E-5,6.5446047161565462E-5,3.2785129304610915E-5],[2.4535389959681887E-5,5.0951863677684438E-5,5.8657767706042906E-5,6.6385322959261882E-5,5.8657767706042906E-5,5.0951863677684438E-5,2.4535389959681887E-5],[2.6574104188471961E-5,5.3942009518850334E-5,5.0951863677684438E-5,6.5446047161565462E-5,5.0951863677684438E-5,5.3942009518850334E-5,2.6574104188471961E-5],[1.0958410248879958E-5,2.6574104188471961E-5,2.4535389959681887E-5,3.2785129304610915E-5,2.4535389959681887E-5,2.6574104188471961E-5,1.0958410248879958E-5]],[[2.2570280913874592E-5,4.5661663736012951E-5,4.2677065495164025E-5,5.5148686949695825E-5,4.2677065495164025E-5,4.5661663736012951E-5,2.2570280913874592E-5],[4.5661663736012951E-5,8.03538393808226E-5,7.6619325313843618E-5,9.5403466733310916E-5,7.6619325313843618E-5,8.03538393808226E-5,4.5661663736012951E-5],[4.2677065495164025E-5,7.6619325313843618E-5,8.6486756968745591E-5,9.63788665049986E-5,8.6486756968745591E-5,7.6619325313843618E-5,4.2677065495164025E-5],[5.5148686949695825E-5,9.5403466733310916E-5,9.63788665049986E-5,0.0001155891888401155,9.63788665049986E-5,9.5403466733310916E-5,5.5148686949695825E-5],[4.2677065495164025E-5,7.6619325313843618E-5,8.6486756968745591E-5,9.63788665049986E-5,8.64867569687456E-5,7.6619325313843632E-5,4.2677065495164025E-5],[4.5661663736012951E-5,8.03538393808226E-5,7.6619325313843618E-5,9.5403466733310916E-5,7.6619325313843632E-5,8.0353839380822614E-5,4.5661663736012951E-5],[2.2570280913874592E-5,4.5661663736012951E-5,4.2677065495164025E-5,5.5148686949695825E-5,4.2677065495164025E-5,4.5661663736012951E-5,2.2570280913874592E-5]],[[3.8630408289798652E-5,6.901804166985391E-5,6.5132422570013851E-5,8.1844483935323412E-5,6.5132422570013851E-5,6.901804166985391E-5,3.8630408289798652E-5],[6.901804166985391E-5,0.00011031191741482218,0.00010593326371235628,0.00012866958205576181,0.00010593326371235628,0.00011031191741482218,6.901804166985391E-5],[6.5132422570013851E-5,0.00010593326371235628,0.00011776670999367838,0.00012962756584348272,0.00011776670999367838,0.00010593326371235628,6.5132422570013851E-5],[8.1844483935323412E-5,0.00012866958205576181,0.00012962756584348272,0.00015246108695321156,0.00012962756584348272,0.00012866958205576181,8.1844483935323412E-5],[6.5132422570013851E-5,0.00010593326371235628,0.00011776670999367838,0.00012962756584348272,0.00011776670999367838,0.00010593326371235628,6.5132422570013851E-5],[6.901804166985391E-5,0.00011031191741482218,0.00010593326371235628,0.00012866958205576181,0.00010593326371235628,0.00011031191741482218,6.901804166985391E-5],[3.8630408289798652E-5,6.901804166985391E-5,6.5132422570013851E-5,8.1844483935323412E-5,6.5132422570013851E-5,6.901804166985391E-5,3.8630408289798652E-5]],[[5.8952506538028116E-5,9.6226562496555041E-5,9.1512952857646722E-5,0.00011231706076259237,9.1512952857646722E-5,9.6226562496555041E-5,5.8952506538028116E-5],[9.6226562496555041E-5,0.00014348599566995593,0.0001385474547894489,0.00016490480276391381,0.0001385474547894489,0.00014348599566995593,9.6226562496555041E-5],[9.1512952857646722E-5,0.0001385474547894489,0.00015216688033931825,0.00016581619000910743,0.00015216688033931825,0.0001385474547894489,9.1512952857646722E-5],[0.00011231706076259237,0.00016490480276391381,0.00016581619000910743,0.00019191268488145111,0.00016581619000910743,0.00016490480276391381,0.00011231706076259237],[9.1512952857646722E-5,0.0001385474547894489,0.00015216688033931825,0.00016581619000910743,0.00015216688033931825,0.0001385474547894489,9.1512952857646722E-5],[9.6226562496555041E-5,0.00014348599566995593,0.0001385474547894489,0.00016490480276391381,0.0001385474547894489,0.00014348599566995593,9.6226562496555041E-5],[5.8952506538028116E-5,9.6226562496555041E-5,9.1512952857646722E-5,0.00011231706076259237,9.1512952857646722E-5,9.6226562496555041E-5,5.8952506538028116E-5]],[[8.32589349446858E-5,0.00012692035866508438,0.0001214595355875853,0.00014612293408695575,0.0001214595355875853,0.00012692035866508438,8.32589349446858E-5],[0.00012692035866508438,0.00017958509412794481,0.00017415664443728852,0.00020382285947184055,0.00017415664443728852,0.00017958509412794481,0.00012692035866508438],[0.0001214595355875853,0.00017415664443728852,0.00018939892866689657,0.00020467334736853885,0.00018939892866689657,0.00017415664443728852,0.0001214595355875853],[0.00014612293408695575,0.00020382285947184055,0.00020467334736853885,0.00023371767293948155,0.00020467334736853885,0.00020382285947184053,0.00014612293408695575],[0.0001214595355875853,0.00017415664443728852,0.00018939892866689657,0.00020467334736853885,0.00018939892866689657,0.00017415664443728849,0.0001214595355875853],[0.00012692035866508438,0.00017958509412794481,0.00017415664443728852,0.00020382285947184053,0.00017415664443728849,0.00017958509412794479,0.00012692035866508435],[8.32589349446858E-5,0.00012692035866508438,0.0001214595355875853,0.00014612293408695575,0.0001214595355875853,0.00012692035866508435,8.3258934944685793E-5]],[[0.00011124286937920665,0.0001607763814934892,0.00015464665928921939,0.0001829012875178769,0.00015464665928921939,0.0001607763814934892,0.00011124286937920665],[0.0001607763814934892,0.00021835303210556762,0.00021249247390840655,0.00024518024834747546,0.00021249247390840655,0.00021835303210556762,0.0001607763814934892],[0.00015464665928921939,0.00021249247390840655,0.00022921137930344024,0.00024596447391897654,0.00022921137930344024,0.00021249247390840655,0.00015464665928921939],[0.0001829012875178769,0.00024518024834747546,0.00024596447391897654,0.00027768101189587854,0.00024596447391897659,0.00024518024834747546,0.00018290128751787693],[0.00015464665928921939,0.00021249247390840655,0.00022921137930344024,0.00024596447391897659,0.00022921137930344027,0.00021249247390840655,0.00015464665928921939],[0.0001607763814934892,0.00021835303210556762,0.00021249247390840655,0.00024518024834747546,0.00021249247390840655,0.00021835303210556762,0.00016077638149348918],[0.00011124286937920665,0.0001607763814934892,0.00015464665928921939,0.00018290128751787693,0.00015464665928921939,0.00016077638149348918,0.00011124286937920664]],[[0.00014259992764592932,0.0001975102137534751,0.00019078288700015021,0.0002223538263586765,0.00019078288700015021,0.0001975102137534751,0.00014259992764592932],[0.0001975102137534751,0.00025956438044278263,0.00025331939829614596,0.00028876831996322005,0.00025331939829614596,0.00025956438044278263,0.0001975102137534751],[0.00019078288700015021,0.00025331939829614596,0.00027138473923555358,0.000289486153335867,0.00027138473923555358,0.00025331939829614591,0.00019078288700015021],[0.0002223538263586765,0.00028876831996322005,0.000289486153335867,0.00032363383936433046,0.000289486153335867,0.00028876831996322005,0.00022235382635867653],[0.00019078288700015021,0.00025331939829614596,0.00027138473923555358,0.000289486153335867,0.00027138473923555358,0.00025331939829614591,0.00019078288700015021],[0.0001975102137534751,0.00025956438044278263,0.00025331939829614591,0.00028876831996322005,0.00025331939829614591,0.00025956438044278263,0.00019751021375347507],[0.00014259992764592932,0.0001975102137534751,0.00019078288700015021,0.00022235382635867653,0.00019078288700015021,0.00019751021375347507,0.00014259992764592929]],[[0.00017704334556909243,0.00023687150869541534,0.0002296093188089175,0.00026423064662652859,0.0002296093188089175,0.00023687150869541534,0.00017704334556909243],[0.00023687150869541534,0.000303020819156824,0.00029643082426672685,0.00033440722095031609,0.00029643082426672685,0.000303020819156824,0.00023687150869541534],[0.0002296093188089175,0.00029643082426672685,0.00031572724020834645,0.00033506146393304551,0.00031572724020834645,0.00029643082426672685,0.0002296093188089175],[0.00026423064662652859,0.00033440722095031609,0.00033506146393304551,0.00037142938584083351,0.00033506146393304551,0.00033440722095031609,0.00026423064662652864],[0.0002296093188089175,0.00029643082426672685,0.00031572724020834645,0.00033506146393304551,0.00031572724020834645,0.00029643082426672685,0.0002296093188089175],[0.00023687150869541534,0.000303020819156824,0.00029643082426672685,0.00033440722095031609,0.00029643082426672685,0.000303020819156824,0.00023687150869541532],[0.00017704334556909243,0.00023687150869541534,0.0002296093188089175,0.00026423064662652864,0.0002296093188089175,0.00023687150869541532,0.0001770433455690924]],[[0.00021431038001352683,0.00027863994878996973,0.0002708970824821752,0.00030832009943485841,0.0002708970824821752,0.00027863994878996973,0.00021431038001352683],[0.00027863994878996973,0.00034854787251118439,0.00034164556619114314,0.00038194115084167412,0.00034164556619114314,0.00034854787251118439,0.00027863994878996973],[0.0002708970824821752,0.00034164556619114314,0.00036207113729656414,0.00038253612010354207,0.0003620711372965642,0.00034164556619114314,0.00027089708248217526],[0.00030832009943485841,0.00038194115084167412,0.00038253612010354207,0.00042093964365739242,0.00038253612010354213,0.00038194115084167417,0.00030832009943485846],[0.0002708970824821752,0.00034164556619114314,0.0003620711372965642,0.00038253612010354213,0.0003620711372965642,0.00034164556619114314,0.00027089708248217526],[0.00027863994878996973,0.00034854787251118439,0.00034164556619114314,0.00038194115084167417,0.00034164556619114314,0.00034854787251118439,0.00027863994878996973],[0.00021431038001352683,0.00027863994878996973,0.00027089708248217526,0.00030832009943485846,0.00027089708248217526,0.00027863994878996973,0.0002143103800135268]],[[0.00025416411222272143,0.0003226216483654272,0.00031444444121525372,0.00035444134103788342,0.00031444444121525372,0.0003226216483654272,0.00025416411222272143],[0.0003226216483654272,0.00039599197468866219,0.00038880463769327273,0.0004312345493988951,0.00038880463769327273,0.00039599197468866219,0.0003226216483654272],[0.00031444444121525372,0.00038880463769327273,0.00041026947582214134,0.00043177521495152313,0.0004102694758221414,0.00038880463769327273,0.00031444444121525377],[0.00035444134103788342,0.0004312345493988951,0.00043177521495152313,0.00047205257813426224,0.00043177521495152313,0.0004312345493988951,0.00035444134103788347],[0.00031444444121525372,0.00038880463769327273,0.0004102694758221414,0.00043177521495152313,0.0004102694758221414,0.00038880463769327273,0.00031444444121525377],[0.0003226216483654272,0.00039599197468866219,0.00038880463769327273,0.0004312345493988951,0.00038880463769327273,0.00039599197468866219,0.0003226216483654272],[0.00025416411222272143,0.0003226216483654272,0.00031444444121525377,0.00035444134103788347,0.00031444444121525377,0.0003226216483654272,0.00025416411222272138]],[[0.00029639290959068096,0.00036864592787614969,0.00036007383137033708,0.00040243869477859904,0.00036007383137033708,0.00036864592787614969,0.00029639290959068096],[0.00036864592787614969,0.00044521777565286423,0.00043776831981890644,0.00048216889047450007,0.00043776831981890644,0.00044521777565286423,0.00036864592787614969],[0.00036007383137033708,0.00043776831981890644,0.00046019319486188793,0.00048266035933761965,0.00046019319486188793,0.00043776831981890644,0.00036007383137033708],[0.00040243869477859904,0.00048216889047450007,0.00048266035933761965,0.000524669651267433,0.00048266035933761965,0.00048216889047450007,0.0004024386947785991],[0.00036007383137033708,0.00043776831981890644,0.00046019319486188793,0.00048266035933761965,0.00046019319486188793,0.00043776831981890644,0.00036007383137033708],[0.00036864592787614969,0.00044521777565286423,0.00043776831981890644,0.00048216889047450007,0.00043776831981890644,0.00044521777565286423,0.00036864592787614969],[0.00029639290959068096,0.00036864592787614969,0.00036007383137033708,0.0004024386947785991,0.00036007383137033708,0.00036864592787614969,0.00029639290959068091]],[[0.00034080874566998849,0.00041656235076443571,0.00040762894462429713,0.00045217718343293806,0.00040762894462429713,0.00041656235076443571,0.00034080874566998849],[0.00041656235076443571,0.00049610546001048028,0.000488413301863695,0.00053463966181174034,0.000488413301863695,0.00049610546001048028,0.00041656235076443571],[0.00040762894462429713,0.000488413301863695,0.00051172829036976266,0.00053508686713325425,0.00051172829036976266,0.000488413301863695,0.00040762894462429713],[0.00045217718343293806,0.00053463966181174034,0.00053508686713325425,0.00057870323710982176,0.00053508686713325425,0.00053463966181174034,0.00045217718343293806],[0.00040762894462429713,0.000488413301863695,0.00051172829036976266,0.00053508686713325425,0.00051172829036976277,0.00048841330186369511,0.00040762894462429713],[0.00041656235076443571,0.00049610546001048028,0.000488413301863695,0.00053463966181174034,0.00048841330186369511,0.00049610546001048039,0.00041656235076443571],[0.00034080874566998849,0.00041656235076443571,0.00040762894462429713,0.00045217718343293806,0.00040762894462429713,0.00041656235076443571,0.00034080874566998844]],[[0.00038724495703731628,0.00046623775965149523,0.00045697173211918697,0.00050353857644501519,0.00045697173211918697,0.00046623775965149523,0.00038724495703731628],[0.00046623775965149523,0.000548547360356251,0.00054062922772362971,0.00058855253876110094,0.00054062922772362971,0.000548547360356251,0.00046623775965149523],[0.00045697173211918697,0.00054062922772362971,0.00056477222208150548,0.0005889600213416727,0.00056477222208150548,0.00054062922772362971,0.00045697173211918697],[0.00050353857644501519,0.00058855253876110094,0.0005889600213416727,0.00063407271041818506,0.0005889600213416727,0.00058855253876110094,0.00050353857644501519],[0.00045697173211918697,0.00054062922772362971,0.00056477222208150548,0.0005889600213416727,0.00056477222208150548,0.00054062922772362971,0.00045697173211918697],[0.00046623775965149523,0.000548547360356251,0.00054062922772362971,0.00058855253876110094,0.00054062922772362971,0.000548547360356251,0.00046623775965149529],[0.00038724495703731628,0.00046623775965149523,0.00045697173211918697,0.00050353857644501519,0.00045697173211918697,0.00046623775965149529,0.00038724495703731628]],[[0.0004355535194631436,0.00051755246494968369,0.00050797862174162354,0.00055641667742407,0.00050797862174162354,0.00051755246494968369,0.0004355535194631436],[0.00051755246494968369,0.00060244130862890976,0.00059431227894627347,0.00064381546672737165,0.00059431227894627347,0.00060244130862890976,0.00051755246494968369],[0.00050797862174162354,0.00059431227894627347,0.00061922671358481435,0.00064418708566332827,0.00061922671358481435,0.00059431227894627347,0.00050797862174162354],[0.00055641667742407,0.00064381546672737165,0.00064418708566332827,0.00069069492543737706,0.00064418708566332827,0.00064381546672737165,0.00055641667742407],[0.00050797862174162354,0.00059431227894627347,0.00061922671358481435,0.00064418708566332827,0.00061922671358481435,0.00059431227894627347,0.00050797862174162354],[0.00051755246494968369,0.00060244130862890976,0.00059431227894627347,0.00064381546672737165,0.00059431227894627347,0.00060244130862890976,0.0005175524649496838],[0.0004355535194631436,0.00051755246494968369,0.00050797862174162354,0.00055641667742407,0.00050797862174162354,0.0005175524649496838,0.00043555351946314365]],[[0.00048560108879731347,0.00057039271386026622,0.00056053336197201919,0.00061070810729673536,0.00056053336197201919,0.00057039271386026622,0.00048560108879731347],[0.00057039271386026622,0.00065767253559896664,0.0006493481915370293,0.00070031632515076339,0.0006493481915370293,0.00065767253559896664,0.00057039271386026622],[0.00056053336197201919,0.0006493481915370293,0.00067497787167731225,0.00070065450965122117,0.00067497787167731225,0.0006493481915370293,0.00056053336197201919],[0.00061070810729673536,0.00070031632515076339,0.00070065450965122117,0.00074845558250077361,0.00070065450965122117,0.00070031632515076339,0.00061070810729673536],[0.00056053336197201919,0.0006493481915370293,0.00067497787167731225,0.00070065450965122117,0.00067497787167731225,0.0006493481915370293,0.00056053336197201919],[0.00057039271386026622,0.00065767253559896664,0.0006493481915370293,0.00070031632515076339,0.0006493481915370293,0.00065767253559896664,0.00057039271386026633],[0.00048560108879731347,0.00057039271386026622,0.00056053336197201919,0.00061070810729673536,0.00056053336197201919,0.00057039271386026633,0.00048560108879731358]],[[0.00053726117168452514,0.00062463306981737463,0.00061451060798617732,0.00066629066907437885,0.00061451060798617732,0.00062463306981737463,0.00053726117168452514],[0.00062463306981737463,0.00071407568157672594,0.0007055764562677706,0.00075787654279409157,0.0007055764562677706,0.00071407568157672594,0.00062463306981737463],[0.00061451060798617732,0.0007055764562677706,0.0007318546970078889,0.00075818074040648309,0.0007318546970078889,0.0007055764562677706,0.00061451060798617732],[0.00066629066907437885,0.00075787654279409157,0.00075818074040648309,0.0008071507603200314,0.00075818074040648309,0.00075787654279409157,0.00066629066907437885],[0.00061451060798617732,0.0007055764562677706,0.0007318546970078889,0.00075818074040648309,0.0007318546970078889,0.0007055764562677706,0.00061451060798617732],[0.00062463306981737463,0.00071407568157672594,0.0007055764562677706,0.00075787654279409157,0.0007055764562677706,0.00071407568157672594,0.00062463306981737474],[0.00053726117168452514,0.00062463306981737463,0.00061451060798617732,0.00066629066907437885,0.00061451060798617732,0.00062463306981737474,0.00053726117168452524]],[[0.000590399713523971,0.00068011334408352717,0.00066975388475064453,0.000722996324705137,0.00066975388475064453,0.00068011334408352717,0.000590399713523971],[0.00068011334408352717,0.00077142601371302125,0.00076277976361032449,0.00081624620590466156,0.00076277976361032449,0.00077142601371302125,0.00068011334408352717],[0.00066975388475064453,0.00076277976361032449,0.000789622016391773,0.00081651271369930379,0.000789622016391773,0.00076277976361032449,0.00066975388475064453],[0.000722996324705137,0.00081624620590466156,0.00081651271369930379,0.00086649140894397812,0.00081651271369930379,0.00081624620590466156,0.000722996324705137],[0.00066975388475064453,0.00076277976361032449,0.000789622016391773,0.00081651271369930379,0.000789622016391773,0.00076277976361032449,0.00066975388475064453],[0.00068011334408352717,0.00077142601371302125,0.00076277976361032449,0.00081624620590466156,0.00076277976361032449,0.00077142601371302125,0.00068011334408352717],[0.000590399713523971,0.00068011334408352717,0.00066975388475064453,0.000722996324705137,0.00066975388475064453,0.00068011334408352717,0.00059039971352397116]],[[0.0006448623203378983,0.00073664237580506483,0.00072607705853808171,0.00078062026896999633,0.00072607705853808171,0.00073664237580506483,0.0006448623203378983],[0.00073664237580506483,0.00082950374047265269,0.000820741485493659,0.00087519140622627852,0.000820741485493659,0.00082950374047265269,0.00073664237580506483],[0.00072607705853808171,0.000820741485493659,0.00084805452167751151,0.00087541647637845855,0.00084805452167751151,0.000820741485493659,0.00072607705853808171],[0.00078062026896999633,0.00087519140622627852,0.00087541647637845855,0.00092622765720603152,0.00087541647637845855,0.00087519140622627852,0.00078062026896999633],[0.00072607705853808171,0.000820741485493659,0.00084805452167751151,0.00087541647637845855,0.00084805452167751151,0.000820741485493659,0.00072607705853808171],[0.00073664237580506483,0.00082950374047265269,0.000820741485493659,0.00087519140622627852,0.000820741485493659,0.00082950374047265269,0.00073664237580506483],[0.0006448623203378983,0.00073664237580506483,0.00072607705853808171,0.00078062026896999633,0.00072607705853808171,0.00073664237580506483,0.0006448623203378983]],[[0.00070047624900056681,0.00079402593802546911,0.00078328877628376658,0.000838958770230344,0.00078328877628376658,0.00079402593802546911,0.00070047624900056681],[0.00079402593802546911,0.00088812931859928485,0.00087928026097632938,0.00093453507225348814,0.00087928026097632949,0.000888129318599285,0.00079402593802546911],[0.00078328877628376658,0.00087928026097632938,0.000906974106883287,0.00093471721394481906,0.00090697410688328711,0.00087928026097632949,0.00078328877628376658],[0.000838958770230344,0.00093453507225348814,0.00093471721394481906,0.00098619292887514812,0.00093471721394481906,0.00093453507225348814,0.000838958770230344],[0.00078328877628376658,0.00087928026097632949,0.00090697410688328711,0.00093471721394481906,0.00090697410688328711,0.00087928026097632949,0.00078328877628376658],[0.00079402593802546911,0.000888129318599285,0.00087928026097632949,0.00093453507225348814,0.00087928026097632949,0.000888129318599285,0.00079402593802546911],[0.00070047624900056681,0.00079402593802546911,0.00078328877628376658,0.000838958770230344,0.00078328877628376658,0.00079402593802546911,0.00070047624900056681]],[[0.00075706249763063556,0.00085208515087995332,0.00084121007432853714,0.00089783118194579987,0.00084121007432853714,0.00085208515087995332,0.00075706249763063556],[0.00085208515087995332,0.00094715524456890493,0.00093824488585885553,0.000994140333526661,0.00093824488585885553,0.00094715524456890493,0.00085208515087995332],[0.00084121007432853714,0.00093824488585885553,0.00096623787174244873,0.0009942803525482245,0.00096623787174244873,0.00093824488585885553,0.00084121007432853714],[0.00089783118194579987,0.000994140333526661,0.0009942803525482245,0.0010462701857114798,0.0009942803525482245,0.000994140333526661,0.00089783118194579987],[0.00084121007432853714,0.00093824488585885553,0.00096623787174244873,0.0009942803525482245,0.00096623787174244873,0.00093824488585885542,0.000841210074328537],[0.00085208515087995332,0.00094715524456890493,0.00093824488585885553,0.000994140333526661,0.00093824488585885542,0.00094715524456890482,0.00085208515087995332],[0.00075706249763063556,0.00085208515087995332,0.00084121007432853714,0.00089783118194579987,0.000841210074328537,0.00085208515087995332,0.00075706249763063556]],[[0.00081444704099033053,0.00091066096473493656,0.00089967981872323842,0.000957082901459039,0.00089967981872323842,0.00091066096473493656,0.00081444704099033053],[0.00091066096473493656,0.0010064539692584216,0.00099750417377666317,0.0010538921062748499,0.00099750417377666317,0.0010064539692584216,0.00091066096473493656],[0.00089967981872323842,0.00099750417377666317,0.0010257233991559124,0.0010539922567277976,0.0010257233991559124,0.00099750417377666317,0.00089967981872323842],[0.000957082901459039,0.0010538921062748499,0.0010539922567277976,0.0011063633626064214,0.0010539922567277976,0.0010538921062748499,0.000957082901459039],[0.00089967981872323842,0.00099750417377666317,0.0010257233991559124,0.0010539922567277976,0.0010257233991559124,0.00099750417377666317,0.00089967981872323831],[0.00091066096473493656,0.0010064539692584216,0.00099750417377666317,0.0010538921062748499,0.00099750417377666317,0.0010064539692584216,0.00091066096473493656],[0.00081444704099033053,0.00091066096473493656,0.00089967981872323842,0.000957082901459039,0.00089967981872323831,0.00091066096473493656,0.00081444704099033053]],[[0.00087246711845612407,0.00096961192485110694,0.00095855366054437116,0.0010165803050407843,0.00095855366054437116,0.00096961192485110694,0.00087246711845612407],[0.00096961192485110694,0.0010659093888315363,0.0010569391882295205,0.0011136855424962911,0.0010569391882295205,0.0010659093888315363,0.00096961192485110694],[0.00095855366054437116,0.0010569391882295205,0.0010853190848953236,0.0011137486608441655,0.0010853190848953236,0.0010569391882295205,0.00095855366054437116],[0.0010165803050407843,0.0011136855424962911,0.0011137486608441655,0.0011663822884932394,0.0011137486608441655,0.0011136855424962911,0.0010165803050407843],[0.00095855366054437116,0.0010569391882295205,0.0010853190848953236,0.0011137486608441655,0.0010853190848953236,0.0010569391882295205,0.00095855366054437105],[0.00096961192485110694,0.0010659093888315363,0.0010569391882295205,0.0011136855424962911,0.0010569391882295205,0.0010659093888315365,0.00096961192485110694],[0.00087246711845612407,0.00096961192485110694,0.00095855366054437116,0.0010165803050407843,0.00095855366054437105,0.00096961192485110694,0.00087246711845612407]],[[0.00093097307263055335,0.0010288100380398007,0.0010177007321225423,0.0010762042690786525,0.0010177007321225423,0.0010288100380398007,0.00093097307263055335],[0.0010288100380398007,0.0011254122984297422,0.0011164387345687665,0.0011734206628709264,0.0011164387345687665,0.0011254122984297422,0.0010288100380398007],[0.0010177007321225423,0.0011164387345687665,0.0011449193475519238,0.0011734496011470783,0.0011449193475519238,0.0011164387345687665,0.0010177007321225423],[0.0010762042690786525,0.0011734206628709264,0.0011734496011470783,0.0012262373909125964,0.0011734496011470783,0.0011734206628709264,0.0010762042690786525],[0.0010177007321225423,0.0011164387345687665,0.0011449193475519238,0.0011734496011470783,0.0011449193475519238,0.0011164387345687665,0.0010177007321225423],[0.0010288100380398007,0.0011254122984297422,0.0011164387345687665,0.0011734206628709264,0.0011164387345687665,0.0011254122984297422,0.0010288100380398007],[0.00093097307263055335,0.0010288100380398007,0.0010177007321225423,0.0010762042690786525,0.0010177007321225423,0.0010288100380398007,0.00093097307263055335]],[[0.00098982763840330459,0.0010881375298109777,0.0010770007507700519,0.0011358456694671086,0.0010770007507700519,0.0010881375298109777,0.00098982763840330459],[0.0010881375298109777,0.00118486006028376,0.0011758986722141731,0.0012330026968790633,0.0011758986722141731,0.00118486006028376,0.0010881375298109777],[0.0010770007507700519,0.0011758986722141731,0.0012044246352195696,0.0012330001204733389,0.0012044246352195696,0.0011758986722141731,0.0010770007507700519],[0.0011358456694671086,0.0012330026968790633,0.0012330001204733389,0.0012858420332319898,0.0012330001204733389,0.0012330026968790633,0.0011358456694671086],[0.0010770007507700519,0.0011758986722141731,0.0012044246352195696,0.0012330001204733389,0.0012044246352195696,0.0011758986722141731,0.0010770007507700519],[0.0010881375298109777,0.00118486006028376,0.0011758986722141731,0.0012330026968790633,0.0011758986722141731,0.00118486006028376,0.0010881375298109777],[0.00098982763840330459,0.0010881375298109777,0.0010770007507700519,0.0011358456694671086,0.0010770007507700519,0.0010881375298109777,0.00098982763840330459]],[[0.0010489046050365148,0.0011474857399641108,0.0011363428758529625,0.0011954040648888724,0.0011363428758529625,0.0011474857399641108,0.0010489046050365148],[0.0011474857399641108,0.0012441590957101734,0.0012352239742809742,0.0012923457911718976,0.0012352239742809742,0.0012441590957101734,0.0011474857399641108],[0.0011363428758529625,0.0012352239742809742,0.0012637444413842876,0.0012923142416778387,0.0012637444413842876,0.0012352239742809742,0.0011363428758529625],[0.0011954040648888724,0.0012923457911718976,0.0012923142416778387,0.0013451185026713312,0.0012923142416778387,0.0012923457911718976,0.0011954040648888724],[0.0011363428758529625,0.0012352239742809742,0.0012637444413842876,0.0012923142416778387,0.0012637444413842876,0.0012352239742809742,0.0011363428758529625],[0.0011474857399641108,0.0012441590957101734,0.0012352239742809742,0.0012923457911718976,0.0012352239742809742,0.0012441590957101734,0.0011474857399641108],[0.0010489046050365148,0.0011474857399641108,0.0011363428758529625,0.0011954040648888724,0.0011363428758529625,0.0011474857399641108,0.0010489046050365148]],[[0.0011080880693383431,0.0012067558305261222,0.0011956262093613251,0.0012547887685543354,0.0011956262093613251,0.0012067558305261222,0.0011080880693383431],[0.0012067558305261222,0.0013032276588145907,0.0012943312513355122,0.0013513766218672396,0.0012943312513355122,0.0013032276588145907,0.0012067558305261222],[0.0011956262093613251,0.0012943312513355122,0.0013228004159749924,0.0013513186650592186,0.0013228004159749924,0.0012943312513355122,0.0011956262093613251],[0.0012547887685543354,0.0013513766218672396,0.0013513186650592186,0.0014040028664090369,0.0013513186650592186,0.0013513766218672396,0.0012547887685543354],[0.0011956262093613251,0.0012943312513355122,0.0013228004159749924,0.0013513186650592186,0.0013228004159749924,0.0012943312513355122,0.0011956262093613251],[0.0012067558305261222,0.0013032276588145907,0.0012943312513355122,0.0013513766218672396,0.0012943312513355122,0.0013032276588145907,0.0012067558305261222],[0.0011080880693383431,0.0012067558305261222,0.0011956262093613251,0.0012547887685543354,0.0011956262093613251,0.0012067558305261222,0.0011080880693383431]],[[0.0011672725491391853,0.0012658601312467966,0.0012547609646890473,0.001313920598764203,0.0012547609646890473,0.0012658601312467966,0.0011672725491391853],[0.0012658601312467966,0.0013619972707879292,0.0013531501680966132,0.0014100359768195643,0.0013531501680966132,0.0013619972707879292,0.0012658601312467966],[0.0012547609646890473,0.0013531501680966132,0.0013815278401274366,0.001409954299650563,0.0013815278401274366,0.0013531501680966132,0.0012547609646890473],[0.001313920598764203,0.0014100359768195643,0.001409954299650563,0.001462446556743143,0.001409954299650563,0.0014100359768195643,0.001313920598764203],[0.0012547609646890473,0.0013531501680966132,0.0013815278401274366,0.001409954299650563,0.0013815278401274366,0.0013531501680966132,0.0012547609646890473],[0.0012658601312467966,0.0013619972707879292,0.0013531501680966132,0.0014100359768195643,0.0013531501680966132,0.0013619972707879292,0.0012658601312467966],[0.0011672725491391853,0.0012658601312467966,0.0012547609646890473,0.001313920598764203,0.0012547609646890473,0.0012658601312467966,0.0011672725491391853]],[[0.0012263635940840568,0.001324723149817958,0.0013136694146378075,0.0013727330518470396,0.0013136694146378075,0.001324723149817958,0.0012263635940840568],[0.001324723149817958,0.0014204127349499256,0.0014116235682363437,0.0014682784636409849,0.0014116235682363437,0.0014204127349499256,0.001324723149817958],[0.0013136694146378075,0.0014116235682363437,0.001439875498587047,0.0014681758821800757,0.001439875498587047,0.0014116235682363437,0.0013136694146378075],[0.0013727330518470396,0.0014682784636409849,0.0014681758821800757,0.0015204154378211296,0.0014681758821800757,0.0014682784636409849,0.0013727330518470396],[0.0013136694146378075,0.0014116235682363437,0.001439875498587047,0.0014681758821800757,0.001439875498587047,0.0014116235682363437,0.0013136694146378075],[0.001324723149817958,0.0014204127349499256,0.0014116235682363437,0.0014682784636409849,0.0014116235682363437,0.0014204127349499256,0.001324723149817958],[0.0012263635940840568,0.001324723149817958,0.0013136694146378075,0.0013727330518470396,0.0013136694146378075,0.001324723149817958,0.0012263635940840568]],[[0.0012852784085471136,0.00138328189351569,0.0013722862472958363,0.0014311725344921743,0.0013722862472958363,0.00138328189351569,0.0012852784085471136],[0.00138328189351569,0.0014784313294889148,0.0014697067928305507,0.001526071275416277,0.0014697067928305507,0.0014784313294889148,0.00138328189351569],[0.0013722862472958363,0.0014697067928305507,0.0014978046905744105,0.0015259506799298766,0.0014978046905744105,0.0014697067928305507,0.0013722862472958363],[0.0014311725344921743,0.001526071275416277,0.0015259506799298766,0.0015778878811334698,0.0015259506799298766,0.001526071275416277,0.0014311725344921743],[0.0013722862472958363,0.0014697067928305507,0.0014978046905744105,0.0015259506799298766,0.0014978046905744105,0.0014697067928305507,0.0013722862472958363],[0.00138328189351569,0.0014784313294889148,0.0014697067928305507,0.001526071275416277,0.0014697067928305507,0.0014784313294889148,0.00138328189351569],[0.0012852784085471136,0.00138328189351569,0.0013722862472958363,0.0014311725344921743,0.0013722862472958363,0.00138328189351569,0.0012852784085471136]],[[0.0013439461805444621,0.0014414855830502142,0.0014305583573615489,0.0014891978494646939,0.0014305583573615489,0.0014414855830502142,0.0013439461805444621],[0.0014414855830502142,0.0015360217030388288,0.0015273666650667277,0.0015833927297520156,0.0015273666650667277,0.0015360217030388288,0.0014414855830502142],[0.0014305583573615489,0.0015273666650667277,0.0015552879801982906,0.0015832570067935996,0.0015552879801982906,0.0015273666650667277,0.0014305583573615489],[0.0014891978494646939,0.0015833927297520156,0.0015832570067935996,0.0016348528277211553,0.0015832570067935996,0.0015833927297520156,0.0014891978494646939],[0.0014305583573615489,0.0015273666650667277,0.0015552879801982906,0.0015832570067935996,0.0015552879801982906,0.0015273666650667277,0.0014305583573615489],[0.0014414855830502142,0.0015360217030388288,0.0015273666650667277,0.0015833927297520156,0.0015273666650667277,0.0015360217030388288,0.0014414855830502142],[0.0013439461805444621,0.0014414855830502142,0.0014305583573615489,0.0014891978494646939,0.0014305583573615489,0.0014414855830502142,0.0013439461805444621]],[[0.0014023080283775944,0.0014992949771563395,0.0014884442490826855,0.0015467792635283689,0.0014884442490826855,0.0014992949771563395,0.0014023080283775944],[0.0014992949771563395,0.0015931627373652038,0.0015845803998242893,0.0016402308933662635,0.0015845803998242893,0.0015931627373652038,0.0014992949771563395],[0.0014884442490826855,0.0015845803998242893,0.0016123079657442258,0.0016400828523354773,0.0016123079657442258,0.0015845803998242893,0.0014884442490826855],[0.0015467792635283689,0.0016402308933662635,0.0016400828523354773,0.001691308162709414,0.0016400828523354773,0.0016402308933662635,0.0015467792635283689],[0.0014884442490826855,0.0015845803998242893,0.0016123079657442258,0.0016400828523354773,0.0016123079657442258,0.0015845803998242893,0.0014884442490826855],[0.0014992949771563395,0.0015931627373652038,0.0015845803998242893,0.0016402308933662635,0.0015845803998242893,0.0015931627373652038,0.0014992949771563395],[0.0014023080283775944,0.0014992949771563395,0.0014884442490826855,0.0015467792635283689,0.0014884442490826855,0.0014992949771563395,0.0014023080283775944]],[[0.0014603166110273157,0.0015566814955832039,0.0015459132188703833,0.0016038974074716837,0.0015459132188703833,0.0015566814955832039,0.0014603166110273157],[0.0015566814955832039,0.001649842453220005,0.001641334527422709,0.0016965823464833228,0.001641334527422709,0.001649842453220005,0.0015566814955832039],[0.0015459132188703833,0.001641334527422709,0.0016688561316368891,0.001696424662031401,0.0016688561316368891,0.001641334527422709,0.0015459132188703833],[0.0016038974074716837,0.0016965823464833228,0.001696424662031401,0.0017472593779592701,0.001696424662031401,0.0016965823464833228,0.0016038974074716837],[0.0015459132188703833,0.001641334527422709,0.0016688561316368891,0.001696424662031401,0.0016688561316368891,0.001641334527422709,0.0015459132188703833],[0.0015566814955832039,0.001649842453220005,0.001641334527422709,0.0016965823464833228,0.001641334527422709,0.001649842453220005,0.0015566814955832039],[0.0014603166110273157,0.0015566814955832039,0.0015459132188703833,0.0016038974074716837,0.0015459132188703833,0.0015566814955832039,0.0014603166110273157]],[[0.0015179354936091605,0.0016136262527038246,0.001602944427008578,0.0016605421396938165,0.001602944427008578,0.0016136262527038246,0.0015179354936091605],[0.0016136262527038246,0.0017060569532406666,0.0016976238397202611,0.0017524510443804662,0.0016976238397202611,0.0017060569532406666,0.0016136262527038246],[0.001602944427008578,0.0016976238397202611,0.0017249317606199948,0.0017522862155654791,0.0017249317606199948,0.0016976238397202611,0.001602944427008578],[0.0016605421396938165,0.0017524510443804662,0.0017522862155654791,0.0018027184033730474,0.0017522862155654791,0.0017524510443804662,0.0016605421396938165],[0.001602944427008578,0.0016976238397202611,0.0017249317606199948,0.0017522862155654791,0.0017249317606199948,0.0016976238397202611,0.001602944427008578],[0.0016136262527038246,0.0017060569532406666,0.0016976238397202611,0.0017524510443804662,0.0016976238397202611,0.0017060569532406666,0.0016136262527038246],[0.0015179354936091605,0.0016136262527038246,0.001602944427008578,0.0016605421396938165,0.001602944427008578,0.0016136262527038246,0.0015179354936091605]],[[0.0015751383528197591,0.0016701190545592656,0.0016595259159335738,0.0017167114222169106,0.0016595259159335738,0.0016701190545592656,0.0015751383528197591],[0.0016701190545592656,0.0017618093824668397,0.0017534503480643787,0.0018078472298689249,0.0017534503480643787,0.0017618093824668397,0.0016701190545592656],[0.0016595259159335738,0.0017534503480643787,0.0017805408757096573,0.0018076775528038129,0.0017805408757096573,0.0017534503480643787,0.0016595259159335738],[0.0017167114222169106,0.0018078472298689249,0.0018076775528038129,0.0018577025158713653,0.0018076775528038129,0.0018078472298689249,0.0017167114222169106],[0.0016595259159335738,0.0017534503480643787,0.0017805408757096573,0.0018076775528038129,0.0017805408757096573,0.0017534503480643787,0.0016595259159335738],[0.0016701190545592656,0.0017618093824668397,0.0017534503480643787,0.0018078472298689249,0.0017534503480643787,0.0017618093824668397,0.0016701190545592656],[0.0015751383528197591,0.0016701190545592656,0.0016595259159335738,0.0017167114222169106,0.00165