{"M_cells":[[[0,0,0,0,0],[0,0,0,0,0],[0,0,0,0,0],[0,0,0,0,0],[0,0,0,0,0]],[[0.00040332809386661923,0.00096528635422077347,0.0011323269824643244,0.00096528635422077347,0.00040332809386661923],[0.00096528635422077347,0.0019391718351257348,0.0022369414741022558,0.0019391718351257348,0.00096528635422077347],[0.0011323269824643244,0.0022369414741022558,0.0025782871425072216,0.0022369414741022554,0.0011323269824643242],[0.00096528635422077347,0.0019391718351257348,0.0022369414741022554,0.001939171835125735,0.00096528635422077347],[0.00040332809386661923,0.00096528635422077347,0.0011323269824643242,0.00096528635422077347,0.00040332809386661923]],[[0.0020443176310291633,0.0032678727230459666,0.0036509101578683758,0.0032678727230459666,0.0020443176310291633],[0.0032678727230459666,0.0047798905785758653,0.0052646951340085775,0.0047798905785758653,0.0032678727230459666],[0.0036509101578683758,0.0052646951340085775,0.00578342473275391,0.0052646951340085775,0.0036509101578683758],[0.0032678727230459666,0.0047798905785758653,0.0052646951340085775,0.0047798905785758653,0.0032678727230459666],[0.0020443176310291633,0.0032678727230459666,0.0036509101578683758,0.0032678727230459666,0.0020443176310291633]],[[0.0046560181748777655,0.0062960663078743583,0.0068246778902360493,0.0062960663078743583,0.0046560181748777655],[0.0062960663078743583,0.0080955583060538846,0.0086857540727767989,0.0080955583060538846,0.0062960663078743583],[0.0068246778902360493,0.0086857540727767989,0.00929648001942755,0.0086857540727767989,0.0068246778902360493],[0.0062960663078743583,0.0080955583060538846,0.0086857540727767989,0.0080955583060538846,0.0062960663078743583],[0.0046560181748777655,0.0062960663078743583,0.0068246778902360493,0.0062960663078743583,0.0046560181748777655]],[[0.0078374991851773868,0.0097087888305832943,0.010321585585092434,0.0097087888305832943,0.0078374991851773868],[0.0097087888305832943,0.011659474209600845,0.012306481790366411,0.011659474209600845,0.0097087888305832943],[0.010321585585092434,0.012306481790366411,0.012964894269011368,0.012306481790366411,0.010321585585092434],[0.0097087888305832943,0.011659474209600845,0.012306481790366411,0.011659474209600845,0.0097087888305832943],[0.0078374991851773868,0.0097087888305832943,0.010321585585092434,0.0097087888305832943,0.0078374991851773868]],[[0.011328445081139338,0.013322913893554651,0.01398159806540304,0.013322913893554651,0.011328445081139338],[0.013322913893554651,0.015352462243710499,0.016029461507250882,0.0153524622437105,0.013322913893554651],[0.01398159806540304,0.016029461507250882,0.016712566519299407,0.016029461507250885,0.013981598065403042],[0.013322913893554651,0.0153524622437105,0.016029461507250885,0.015352462243710502,0.013322913893554653],[0.011328445081139338,0.013322913893554651,0.013981598065403042,0.013322913893554653,0.01132844508113934]],[[0.014982825538697484,0.017041817330100222,0.017724844327961002,0.017041817330100222,0.014982825538697484],[0.017041817330100222,0.019112272487605643,0.019804926721523453,0.019112272487605643,0.017041817330100222],[0.017724844327961002,0.019804926721523453,0.020500790419077812,0.019804926721523453,0.017724844327961002],[0.017041817330100222,0.019112272487605643,0.019804926721523453,0.019112272487605643,0.017041817330100222],[0.014982825538697484,0.017041817330100222,0.017724844327961002,0.017041817330100222,0.014982825538697484]],[[0.018722446994027059,0.020814934444382361,0.021510689267143966,0.020814934444382361,0.018722446994027059],[0.020814934444382361,0.022906483645690277,0.023607242297699407,0.022906483645690277,0.020814934444382361],[0.021510689267143966,0.023607242297699407,0.024309669095317891,0.023607242297699407,0.021510689267143966],[0.020814934444382361,0.022906483645690277,0.023607242297699407,0.022906483645690277,0.020814934444382361],[0.018722446994027059,0.020814934444382361,0.021510689267143966,0.020814934444382361,0.018722446994027059]],[[0.022506165848425956,0.024615901628024968,0.025318241668731794,0.024615901628024968,0.022506165848425956],[0.024615901628024968,0.026718224477882371,0.027423137732193032,0.026718224477882371,0.024615901628024968],[0.025318241668731794,0.027423137732193032,0.028128908829579455,0.027423137732193032,0.025318241668731794],[0.024615901628024968,0.026718224477882371,0.027423137732193032,0.026718224477882371,0.024615901628024968],[0.022506165848425956,0.024615901628024968,0.025318241668731794,0.024615901628024968,0.022506165848425956]],[[0.026312480641174255,0.028430988313206337,0.029136692988935481,0.028430988313206337,0.026312480641174255],[0.028430988313206337,0.030538708689313881,0.03124571523211014,0.030538708689313881,0.028430988313206337],[0.029136692988935481,0.03124571523211014,0.031953155784448253,0.03124571523211014,0.029136692988935481],[0.028430988313206337,0.030538708689313881,0.03124571523211014,0.030538708689313881,0.028430988313206337],[0.026312480641174255,0.028430988313206337,0.029136692988935481,0.028430988313206337,0.026312480641174255]],[[0.03013017776331977,0.0322530361826949,0.032960422034033807,0.0322530361826949,0.03013017776331977],[0.0322530361826949,0.03436334708885945,0.035071370311760781,0.03436334708885945,0.0322530361826949],[0.032960422034033807,0.035071370311760781,0.035779606018664541,0.035071370311760781,0.032960422034033807],[0.0322530361826949,0.03436334708885945,0.035071370311760781,0.03436334708885945,0.0322530361826949],[0.03013017776331977,0.0322530361826949,0.032960422034033807,0.0322530361826949,0.03013017776331977]],[[0.0339534027214606,0.036078299400181438,0.036786485566769049,0.036078299400181438,0.0339534027214606],[0.036078299400181438,0.038189726674433377,0.038898201758586361,0.038189726674433377,0.036078299400181438],[0.036786485566769049,0.038898201758586361,0.039606773161109075,0.038898201758586361,0.036786485566769049],[0.036078299400181438,0.038189726674433377,0.038898201758586361,0.038189726674433377,0.036078299400181438],[0.0339534027214606,0.036078299400181438,0.036786485566769049,0.036078299400181438,0.0339534027214606]],[[0.0377790847664293,0.039904801278058268,0.040613324257467442,0.039904801278058268,0.0377790847664293],[0.039904801278058268,0.042016561122113841,0.042725188635673941,0.042016561122113841,0.039904801278058268],[0.040613324257467442,0.042725188635673941,0.043433850998801878,0.042725188635673941,0.040613324257467442],[0.039904801278058268,0.042016561122113841,0.042725188635673941,0.042016561122113841,0.039904801278058268],[0.0377790847664293,0.039904801278058268,0.040613324257467442,0.039904801278058268,0.0377790847664293]],[[0.041605596201511365,0.043731480602009876,0.044440093292863483,0.043731480602009876,0.041605596201511365],[0.043731480602009876,0.045843145941218591,0.046551763717646633,0.045843145941218591,0.043731480602009876],[0.044440093292863483,0.046551763717646633,0.047260383189897975,0.046551763717646633,0.044440093292863483],[0.043731480602009876,0.045843145941218591,0.046551763717646633,0.045843145941218591,0.043731480602009876],[0.041605596201511365,0.043731480602009876,0.044440093292863483,0.043731480602009876,0.041605596201511365]],[[0.0454320555958314,0.04755774835477778,0.048266315498887193,0.04755774835477778,0.0454320555958314],[0.04755774835477778,0.049669075596042958,0.050377592168764543,0.049669075596042958,0.04755774835477778],[0.048266315498887193,0.050377592168764543,0.051086091882548923,0.050377592168764543,0.048266315498887193],[0.04755774835477778,0.049669075596042958,0.050377592168764543,0.049669075596042958,0.04755774835477778],[0.0454320555958314,0.04755774835477778,0.048266315498887193,0.04755774835477778,0.0454320555958314]],[[0.049257965861293128,0.051383257509140579,0.052091701344900619,0.051383257509140579,0.049257965861293128],[0.051383257509140579,0.053494096541179259,0.054202456557516612,0.053494096541179259,0.051383257509140579],[0.052091701344900619,0.054202456557516612,0.054910788630709119,0.054202456557516612,0.052091701344900619],[0.051383257509140579,0.053494096541179259,0.054202456557516612,0.053494096541179259,0.051383257509140579],[0.049257965861293128,0.051383257509140579,0.052091701344900619,0.051383257509140579,0.049257965861293128]],[[0.053083026228292828,0.055207783370237018,0.055916055381599487,0.055207783370237018,0.053083026228292828],[0.055207783370237018,0.05731803074097689,0.058026196972795867,0.05731803074097689,0.055207783370237018],[0.055916055381599487,0.058026196972795867,0.0587343279403568,0.058026196972795867,0.055916055381599487],[0.055207783370237018,0.05731803074097689,0.058026196972795867,0.05731803074097689,0.055207783370237018],[0.053083026228292828,0.055207783370237018,0.055916055381599487,0.055207783370237018,0.053083026228292828]],[[0.056907034454156478,0.059031161245042887,0.059739227455491123,0.059031161245042887,0.056907034454156478],[0.059031161245042887,0.0611407357219784,0.0618486796831455,0.0611407357219784,0.059031161245042887],[0.059739227455491123,0.0618486796831455,0.06255658288928781,0.0618486796831455,0.059739227455491123],[0.059031161245042887,0.0611407357219784,0.0618486796831455,0.0611407357219784,0.059031161245042887],[0.056907034454156478,0.059031161245042887,0.059739227455491123,0.059031161245042887,0.056907034454156478]],[[0.060729835820306534,0.062853253819833407,0.063561087110222986,0.062853253819833407,0.060729835820306534],[0.062853253819833407,0.064962083543642662,0.0656697805668741,0.064962083543642662,0.062853253819833407],[0.063561087110222986,0.0656697805668741,0.066377432161693173,0.0656697805668741,0.063561087110222986],[0.062853253819833407,0.064962083543642662,0.0656697805668741,0.064962083543642662,0.062853253819833407],[0.060729835820306534,0.062853253819833407,0.063561087110222986,0.062853253819833407,0.060729835820306534]],[[0.064551296370604069,0.066673933915114,0.0673815099797061,0.066673933915114,0.064551296370604069],[0.066673933915114,0.068781949548212623,0.069489376169005065,0.068781949548212623,0.066673933915114],[0.0673815099797061,0.069489376169005065,0.070196752968434376,0.069489376169005065,0.0673815099797061],[0.066673933915114,0.068781949548212623,0.069489376169005065,0.068781949548212623,0.066673933915114],[0.064551296370604069,0.066673933915114,0.0673815099797061,0.066673933915114,0.064551296370604069]],[[0.0683712886906721,0.07049307518201095,0.071200370365456858,0.07049307518201095,0.0683712886906721],[0.07049307518201095,0.072600206146714946,0.0733073386773512,0.072600206146714946,0.07049307518201095],[0.071200370365456858,0.0733073386773512,0.0740144169828714,0.0733073386773512,0.071200370365456858],[0.07049307518201095,0.072600206146714946,0.0733073386773512,0.072600206146714946,0.07049307518201095],[0.0683712886906721,0.07049307518201095,0.071200370365456858,0.07049307518201095,0.0683712886906721]],[[0.072189684156193534,0.074310546880178421,0.075017536983308264,0.074310546880178421,0.072189684156193534],[0.074310546880178421,0.076416719177720513,0.077123532891352875,0.076416719177720513,0.074310546880178421],[0.075017536983308264,0.077123532891352875,0.0778302878001893,0.077123532891352875,0.075017536983308264],[0.074310546880178421,0.076416719177720513,0.077123532891352875,0.076416719177720513,0.074310546880178421],[0.072189684156193534,0.074310546880178421,0.075017536983308264,0.074310546880178421,0.072189684156193534]],[[0.0760063484973695,0.078126210731511686,0.078832870312076461,0.078126210731511686,0.0760063484973695],[0.078126210731511686,0.08023134555712437,0.080937814180356588,0.08023134555712437,0.078126210731511686],[0.078832870312076461,0.080937814180356588,0.0816442191420153,0.080937814180356588,0.078832870312076461],[0.078126210731511686,0.08023134555712437,0.080937814180356588,0.08023134555712437,0.078126210731511686],[0.0760063484973695,0.078126210731511686,0.078832870312076461,0.078126210731511686,0.0760063484973695]],[[0.07982113904021132,0.081939918804885936,0.0826462207267359,0.081939918804885936,0.07982113904021132],[0.081939918804885936,0.084043931549242543,0.084750026905922371,0.084043931549242543,0.081939918804885936],[0.0826462207267359,0.084750026905922371,0.0854560533975252,0.084750026905922371,0.0826462207267359],[0.081939918804885936,0.084043931549242543,0.084750026905922371,0.084043931549242543,0.081939918804885936],[0.07982113904021132,0.081939918804885936,0.0826462207267359,0.081939918804885936,0.07982113904021132]],[[0.083633902769577051,0.085751511884788661,0.08645742698659499,0.085751511884788661,0.083633902769577051],[0.085751511884788661,0.087854311306116192,0.088560003029696244,0.087854311306116192,0.085751511884788661],[0.08645742698659499,0.088560003029696244,0.089265620282889327,0.088560003029696244,0.08645742698659499],[0.085751511884788661,0.087854311306116192,0.088560003029696244,0.087854311306116192,0.085751511884788661],[0.083633902769577051,0.085751511884788661,0.08645742698659499,0.085751511884788661,0.083633902769577051]],[[0.087444474764731744,0.089560818033780257,0.090266314849396026,0.089560818033780257,0.087444474764731744],[0.089560818033780257,0.091662305485086179,0.09236756075548351,0.091662305485086179,0.089560818033780257],[0.090266314849396026,0.09236756075548351,0.09307273549879734,0.09236756075548351,0.090266314849396026],[0.089560818033780257,0.091662305485086179,0.09236756075548351,0.091662305485086179,0.089560818033780257],[0.087444474764731744,0.089560818033780257,0.090266314849396026,0.089560818033780257,0.087444474764731744]],[[0.09125267676777131,0.093367651191173018,0.094072695685023744,0.093367651191173018,0.09125267676777131],[0.093367651191173018,0.0954677198383207,0.096172503118975822,0.0954677198383207,0.093367651191173018],[0.094072695685023744,0.096172503118975822,0.09687719931544013,0.096172503118975822,0.094072695685023744],[0.093367651191173018,0.0954677198383207,0.096172503118975822,0.0954677198383207,0.093367651191173018],[0.09125267676777131,0.093367651191173018,0.094072695685023744,0.093367651191173018,0.09125267676777131]],[[0.095058315752808514,0.097171809717653393,0.097876365014728392,0.097171809717653393,0.095058315752808514],[0.097171809717653393,0.0992703437099723,0.099974616470871663,0.0992703437099723,0.097171809717653393],[0.097876365014728392,0.099974616470871663,0.10067879503871492,0.099974616470871663,0.097876365014728392],[0.097171809717653393,0.0992703437099723,0.099974616470871663,0.0992703437099723,0.097171809717653393],[0.095058315752808514,0.097171809717653393,0.097876365014728392,0.097171809717653393,0.095058315752808514]],[[0.09886118241840082,0.10097307482934467,0.10167710092736097,0.10097307482934467,0.09886118241840082],[0.10097307482934467,0.10306994839707642,0.10377366881442189,0.10306994839707642,0.10097307482934467],[0.10167710092736097,0.10377366881442189,0.10447728732257497,0.10377366881442189,0.10167710092736097],[0.10097307482934467,0.10306994839707642,0.10377366881442189,0.10306994839707642,0.10097307482934467],[0.09886118241840082,0.10097307482934467,0.10167710092736097,0.10097307482934467,0.09886118241840082]],[[0.10266104955250725,0.10477120888056729,0.10547466233580785,0.10477120888056729,0.10266104955250725],[0.10477120888056729,0.10686628533907151,0.10756940796453508,0.10686628533907151,0.10477120888056729],[0.10547466233580785,0.10756940796453508,0.10827242029635739,0.10756940796453508,0.10547466233580785],[0.10477120888056729,0.10686628533907151,0.10756940796453508,0.10686628533907151,0.10477120888056729],[0.10266104955250725,0.10477120888056729,0.10547466233580785,0.10477120888056729,0.10266104955250725]],[[0.10645767023148926,0.10856595346100595,0.10926878704106369,0.10856595346100595,0.10645767023148926],[0.10856595346100595,0.11065908410345857,0.11136155949677291,0.11065908410345857,0.10856595346100595],[0.10926878704106369,0.11136155949677291,0.11206391547592449,0.11136155949677291,0.10926878704106369],[0.10856595346100595,0.11065908410345857,0.11136155949677291,0.11065908410345857,0.10856595346100595],[0.10645767023148926,0.10856595346100595,0.10926878704106369,0.10856595346100595,0.10645767023148926]],[[0.11025077581899001,0.11235702727406575,0.11305918957115477,0.11235702727406575,0.11025077581899001],[0.11235702727406575,0.11444805013399417,0.11514982445259903,0.11444805013399417,0.11235702727406575],[0.11305918957115477,0.11514982445259903,0.11585146942479728,0.11514982445259903,0.11305918957115477],[0.11235702727406575,0.11444805013399417,0.11514982445259903,0.11444805013399417,0.11235702727406575],[0.11025077581899001,0.11235702727406575,0.11305918957115477,0.11235702727406575,0.11025077581899001]],[[0.11404007373046103,0.11614412376122304,0.11684555875953334,0.11614412376122304,0.11404007373046103],[0.11614412376122304,0.11823286222447632,0.11893387676342693,0.11823286222447632,0.11614412376122304],[0.11684555875953334,0.11893387676342693,0.11963475112720515,0.11893387676342693,0.11684555875953334],[0.11614412376122304,0.11823286222447632,0.11893387676342693,0.11823286222447632,0.11614412376122304],[0.11404007373046103,0.11614412376122304,0.11684555875953334,0.11614412376122304,0.11404007373046103]],[[0.11782524492611759,0.11992690843299224,0.12062755502288926,0.11992690843299224,0.11782524492611759],[0.11992690843299224,0.1220131696759791,0.12271336035043973,0.1220131696759791,0.11992690843299224],[0.12062755502288926,0.12271336035043973,0.12341339902907064,0.12271336035043973,0.12062755502288926],[0.11992690843299224,0.1220131696759791,0.12271336035043973,0.1220131696759791,0.11992690843299224],[0.11782524492611759,0.11992690843299224,0.12062755502288926,0.11992690843299224,0.11782524492611759]],[[0.12160594109039108,0.12370501586139519,0.12440480729223059,0.12370501586139519,0.12160594109039108],[0.12370501586139519,0.12578858908876592,0.12648788585021858,0.12578858908876592,0.12370501586139519],[0.12440480729223059,0.12648788585021858,0.12718701769572061,0.12648788585021858,0.12440480729223059],[0.12370501586139519,0.12578858908876592,0.12648788585021858,0.12578858908876592,0.12370501586139519],[0.12160594109039108,0.12370501586139519,0.12440480729223059,0.12370501586139519,0.12160594109039108]],[[0.12538178144932069,0.12747804628130943,0.12817690954331759,0.12747804628130943,0.12538178144932069],[0.12747804628130943,0.12955870073172229,0.13025702690753724,0.12955870073172229,0.12747804628130943],[0.12817690954331759,0.13025702690753724,0.13095517402613485,0.13025702690753724,0.12817690954331759],[0.12747804628130943,0.12955870073172229,0.13025702690753724,0.12955870073172229,0.12747804628130946],[0.12538178144932069,0.12747804628130943,0.12817690954331759,0.12747804628130946,0.12538178144932072]],[[0.1291523491692228,0.13124556173901492,0.13194341686312669,0.13124556173901492,0.1291523491692228],[0.13124556173901492,0.13332304442208073,0.13402031596627417,0.13332304442208073,0.13124556173901492],[0.13194341686312669,0.13402031596627417,0.134717392952802,0.13402031596627417,0.13194341686312669],[0.13124556173901492,0.13332304442208073,0.13402031596627417,0.13332304442208073,0.13124556173901492],[0.1291523491692228,0.13124556173901492,0.13194341686312669,0.13124556173901492,0.1291523491692228]],[[0.13291718726999549,0.13500708171520104,0.13570384097757859,0.13500708171520104,0.13291718726999549],[0.13500708171520104,0.13708111483598953,0.13777723947677833,0.13708111483598953,0.13500708171520104],[0.13570384097757859,0.13777723947677833,0.13847315254323972,0.13777723947677833,0.13570384097757859],[0.13500708171520104,0.13708111483598953,0.13777723947677833,0.13708111483598953,0.13500708171520104],[0.13291718726999549,0.13500708171520104,0.13570384097757859,0.13500708171520104,0.13291718726999549]],[[0.13667579397428242,0.13876207813625618,0.13945764515201159,0.13876207813625618,0.13667579397428242],[0.13876207813625618,0.1408323561556642,0.14152723242278037,0.1408323561556642,0.13876207813625618],[0.13945764515201159,0.14152723242278037,0.14222187840352626,0.14152723242278037,0.13945764515201159],[0.13876207813625618,0.1408323561556642,0.14152723242278037,0.1408323561556642,0.13876207813625618],[0.13667579397428242,0.13876207813625618,0.13945764515201159,0.13876207813625618,0.13667579397428242]],[[0.1404276173990939,0.14250996967153309,0.14320423835912061,0.14250996967153309,0.1404276173990939],[0.14250996967153309,0.14457615594101955,0.14526967205251468,0.14457615594101955,0.14250996967153309],[0.14320423835912061,0.14526967205251468,0.14596293726518159,0.14526967205251468,0.14320423835912061],[0.14250996967153309,0.14457615594101955,0.14526967205251468,0.14457615594101955,0.14250996967153309],[0.1404276173990939,0.14250996967153309,0.14320423835912061,0.14250996967153309,0.1404276173990939]],[[0.14417204947887866,0.14625011519487102,0.14694296858914666,0.14625011519487102,0.14417204947887866],[0.14625011519487102,0.14831183809223347,0.14900387067661297,0.14831183809223347,0.14625011519487102],[0.14694296858914666,0.14900387067661297,0.14969562961394733,0.14900387067661297,0.14694296858914666],[0.14625011519487102,0.14831183809223347,0.14900387067661297,0.14831183809223347,0.14625011519487102],[0.14417204947887866,0.14625011519487102,0.14694296858914666,0.14625011519487102,0.14417204947887866]],[[0.14790841898763649,0.14998180626478391,0.15067311515242673,0.14998180626478391,0.14790841898763649],[0.14998180626478391,0.15203865474330136,0.15272906736810385,0.15203865474330136,0.14998180626478391],[0.15067311515242673,0.15272906736810385,0.15341918119092535,0.15272906736810385,0.15067311515242673],[0.14998180626478391,0.15203865474330136,0.15272906736810385,0.15203865474330136,0.14998180626478391],[0.14790841898763649,0.14998180626478391,0.15067311515242673,0.14998180626478391,0.14790841898763649]],[[0.15163598350171786,0.1537042584492847,0.15439387979520525,0.1537042584492847,0.15163598350171786],[0.1537042584492847,0.15575577689517842,0.15644441836741924,0.15575577689517842,0.1537042584492847],[0.15439387979520525,0.15644441836741924,0.15713273316307136,0.15644441836741924,0.15439387979520525],[0.1537042584492847,0.15575577689517842,0.15644441836741924,0.15575577689517842,0.1537042584492847],[0.15163598350171786,0.1537042584492847,0.15439387979520525,0.1537042584492847,0.15163598350171786]],[[0.15535392011362711,0.15741660128636756,0.15810437641331834,0.15741660128636756,0.15535392011362711],[0.15741660128636756,0.15946228355836689,0.1601489859552731,0.15946228355836689,0.15741660128636756],[0.15810437641331834,0.1601489859552731,0.16083533071873352,0.1601489859552731,0.15810437641331834],[0.15741660128636756,0.15946228355836689,0.1601489859552731,0.15946228355836689,0.15741660128636756],[0.15535392011362711,0.15741660128636756,0.15810437641331834,0.15741660128636756,0.15535392011362711]],[[0.15906131466894027,0.16111786662897651,0.16180361910506194,0.16111786662897651,0.15906131466894027],[0.16111786662897651,0.1631571491281095,0.16384172550816281,0.1631571491281095,0.16111786662897651],[0.16180361910506194,0.16384172550816281,0.16452590979426052,0.16384172550816281,0.16180361910506194],[0.16111786662897651,0.1631571491281095,0.16384172550816281,0.1631571491281095,0.16111786662897651],[0.15906131466894027,0.16111786662897651,0.16180361910506194,0.16111786662897651,0.15906131466894027]],[[0.16275714925204937,0.16480697507177716,0.16549050825125775,0.16480697507177716,0.16275714925204937],[0.16480697507177716,0.1668392286582836,0.16752147039230245,0.1668392286582836,0.16480697507177716],[0.16549050825125775,0.16752147039230245,0.16820328157689185,0.16752147039230245,0.16549050825125775],[0.16480697507177716,0.1668392286582836,0.16752147039230245,0.1668392286582836,0.16480697507177716],[0.16275714925204937,0.16480697507177716,0.16549050825125775,0.16480697507177716,0.16275714925204937]],[[0.16644028759016474,0.16848272009472484,0.1691638142462428,0.16848272009472484,0.16644028759016474],[0.16848272009472484,0.17050724063107484,0.17118691428060273,0.17050724063107484,0.16848272009472484],[0.1691638142462428,0.17118691428060273,0.17186611435567273,0.17118691428060273,0.1691638142462428],[0.16848272009472484,0.17050724063107484,0.17118691428060273,0.17050724063107484,0.16848272009472484],[0.16644028759016474,0.16848272009472484,0.1691638142462428,0.16848272009472484,0.16644028759016474]],[[0.17010945797649446,0.17214374948259714,0.17282215842534851,0.17214374948259714,0.17010945797649446],[0.17214374948259714,0.17415974673568865,0.174836590390859,0.17415974673568865,0.17214374948259714],[0.17282215842534851,0.174836590390859,0.17551291220296517,0.174836590390859,0.17282215842534851],[0.17214374948259714,0.17415974673568865,0.174836590390859,0.17415974673568865,0.17214374948259714],[0.17010945797649446,0.17214374948259714,0.17282215842534851,0.17214374948259714,0.17010945797649446]],[[0.17376323323073753,0.17578854348803055,0.17646399063984652,0.17578854348803055,0.17376323323073753],[0.17578854348803055,0.17779512806819422,0.17846884703899607,0.17779512806819422,0.17578854348803055],[0.17646399063984652,0.17846884703899607,0.17914198986159274,0.17846884703899607,0.17646399063984652],[0.17578854348803055,0.17779512806819422,0.17846884703899607,0.17779512806819422,0.17578854348803055],[0.17376323323073753,0.17578854348803055,0.17646399063984652,0.17578854348803055,0.17376323323073753]],[[0.1774000071150591,0.17941538909550483,0.18008756281694402,0.17941538909550483,0.1774000071150591],[0.17941538909550483,0.18141155704346706,0.18208181877644888,0.18141155704346706,0.17941538909550483],[0.18008756281694402,0.18208181877644888,0.18275144308414096,0.18208181877644888,0.18008756281694402],[0.17941538909550483,0.18141155704346706,0.18208181877644888,0.18141155704346706,0.17941538909550483],[0.1774000071150591,0.17941538909550483,0.18008756281694402,0.17941538909550483,0.1774000071150591]],[[0.18101796650382737,0.18302234961187744,0.18369089770676228,0.18302234961187744,0.18101796650382737],[0.18302234961187744,0.18500696416583873,0.18567339223228274,0.18500696416583873,0.18302234961187744],[0.18369089770676228,0.18567339223228274,0.18633911351823113,0.18567339223228274,0.18369089770676228],[0.18302234961187744,0.18500696416583873,0.18567339223228274,0.18500696416583873,0.18302234961187744],[0.18101796650382737,0.18302234961187744,0.18369089770676228,0.18302234961187744,0.18101796650382737]],[[0.18461505846316548,0.18660722865393478,0.18727175185851971,0.18660722865393478,0.18461505846316548],[0.18660722865393478,0.18857899863628627,0.18924116560729823,0.18857899863628627,0.18660722865393478],[0.18727175185851971,0.18924116560729823,0.1899025470536447,0.18924116560729823,0.18727175185851971],[0.18660722865393478,0.18857899863628627,0.18924116560729823,0.18857899863628627,0.18660722865393478],[0.18461505846316548,0.18660722865393478,0.18727175185851971,0.18660722865393478,0.18461505846316548]],[[0.18818895122974327,0.19016752742292461,0.19082757168353573,0.19016752742292461,0.18818895122974327],[0.19016752742292461,0.19212498157996391,0.19278240056888007,0.19212498157996391,0.19016752742292461],[0.19082757168353573,0.19278240056888007,0.19343894434412215,0.19278240056888007,0.19082757168353573],[0.19016752742292461,0.19212498157996391,0.19278240056888007,0.19212498157996391,0.19016752742292461],[0.18818895122974327,0.19016752742292461,0.19082757168353573,0.19016752742292461,0.18818895122974327]],[[0.19173698788758051,0.19370039395257949,0.19435544125451754,0.19370039395257949,0.19173698788758051],[0.19370039395257949,0.19564185046254823,0.19629396507592253,0.19564185046254823,0.19370039395257949],[0.19435544125451754,0.19629396507592253,0.19694510199333093,0.19629396507592253,0.19435544125451754],[0.19370039395257949,0.19564185046254823,0.19629396507592253,0.19564185046254823,0.19370039395257949],[0.19173698788758051,0.19370039395257949,0.19435544125451754,0.19370039395257949,0.19173698788758051]],[[0.19525613133015826,0.19720256279629717,0.19785202026663021,0.19720256279629717,0.19525613133015826],[0.19720256279629717,0.19912609303672366,0.19977226543374044,0.19912609303672366,0.19720256279629717],[0.19785202026663021,0.19977226543374044,0.20041734266308112,0.19977226543374044,0.19785202026663021],[0.19720256279629717,0.19912609303672366,0.19977226543374044,0.19912609303672366,0.19720256279629717],[0.19525613133015826,0.19720256279629717,0.19785202026663021,0.19720256279629717,0.19525613133015826]],[[0.19874289887337832,0.20067028339606188,0.20131347036219766,0.20067028339606188,0.19874289887337832],[0.20067028339606188,0.20257366894213413,0.20321316566221267,0.20257366894213413,0.20067028339606188],[0.20131347036219766,0.20321316566221267,0.20385143214718177,0.20321316566221267,0.20131347036219766],[0.20067028339606188,0.20257366894213413,0.20321316566221267,0.20257366894213413,0.20067028339606188],[0.19874289887337832,0.20067028339606188,0.20131347036219766,0.20067028339606188,0.19874289887337832]],[[0.20219328467362976,0.20409923517910314,0.2047353678285356,0.20409923517910314,0.20219328467362976],[0.20409923517910314,0.20597991691170264,0.20661189209800898,0.20597991691170264,0.20409923517910314],[0.2047353678285356,0.20661189209800898,0.20724248130122241,0.20661189209800898,0.2047353678285356],[0.20409923517910314,0.20597991691170264,0.20661189209800898,0.20597991691170264,0.20409923517910314],[0.20219328467362976,0.20409923517910314,0.2047353678285356,0.20409923517910314,0.20219328467362976]],[[0.20560266794345752,0.20748442730921729,0.20811260057242756,0.20748442730921729,0.20560266794345752],[0.20748442730921729,0.20933944548021413,0.20996292111428921,0.20933944548021413,0.20748442730921729],[0.20811260057242756,0.20996292111428921,0.21058483070281456,0.20996292111428921,0.20811260057242756],[0.20748442730921729,0.20933944548021413,0.20996292111428921,0.20933944548021413,0.20748442730921729],[0.20560266794345752,0.20748442730921729,0.20811260057242756,0.20748442730921729,0.20560266794345752]],[[0.20896570491021466,0.21082008106089078,0.21143924734431202,0.21082008106089078,0.20896570491021466],[0.21082008106089078,0.21264600525181729,0.21325984804019804,0.21264600525181729,0.21082008106089078],[0.21143924734431202,0.21325984804019804,0.21387191615719908,0.21325984804019804,0.21143924734431202],[0.21082008106089078,0.21264600525181729,0.21325984804019804,0.21264600525181729,0.21082008106089078],[0.20896570491021466,0.21082008106089078,0.21143924734431202,0.21082008106089078,0.20896570491021466]],[[0.21227620263476857,0.21409949311541096,0.2147084375662606,0.21409949311541096,0.21227620263476857],[0.21409949311541096,0.21589234131894072,0.21649523596392917,0.21589234131894072,0.21409949311541096],[0.2147084375662606,0.21649523596392917,0.2170961138354241,0.21649523596392917,0.2147084375662606],[0.21409949311541096,0.21589234131894072,0.21649523596392917,0.21589234131894072,0.21409949311541096],[0.21227620263476857,0.21409949311541096,0.2147084375662606,0.21409949311541096,0.21227620263476857]],[[0.21552697335133902,0.21731487888211598,0.21791219100556358,0.21731487888211598,0.21552697335133902],[0.21731487888211598,0.21907002555217422,0.21966044433457163,0.21907002555217422,0.21731487888211598],[0.21791219100556358,0.21966044433457163,0.22024856517498431,0.21966044433457163,0.21791219100556358],[0.21731487888211598,0.21907002555217422,0.21966044433457163,0.21907002555217422,0.21731487888211598],[0.21552697335133902,0.21731487888211598,0.21791219100556358,0.21731487888211598,0.21552697335133902]],[[0.2187096691163524,0.2204571964662497,0.22104123817957924,0.2204571964662497,0.2187096691163524],[0.2204571964662497,0.22216927046725146,0.22274543941654015,0.22216927046725146,0.2204571964662497],[0.22104123817957924,0.22274543941654015,0.22331898397223887,0.22274543941654015,0.22104123817957924],[0.2204571964662497,0.22216927046725146,0.22274543941654015,0.22216927046725146,0.2204571964662497],[0.2187096691163524,0.2204571964662497,0.22104123817957924,0.2204571964662497,0.2187096691163524]],[[0.2218145985182729,0.22351595440892008,0.22408482505650171,0.22351595440892008,0.2218145985182729],[0.22351595440892008,0.22517872949537296,0.22573859197224336,0.22517872949537296,0.22351595440892008],[0.22408482505650171,0.22573859197224336,0.22629545162845496,0.22573859197224336,0.22408482505650171],[0.22351595440892008,0.22517872949537296,0.22573859197224336,0.22517872949537296,0.22351595440892008],[0.2218145985182729,0.22351595440892008,0.22408482505650171,0.22351595440892008,0.2218145985182729]],[[0.2248305302551715,0.22647901004087767,0.22703050954971232,0.22647901004087767,0.2248305302551715],[0.22647901004087767,0.22808529290411708,0.22862647220346988,0.22808529290411708,0.22647901004087767],[0.22703050954971232,0.22862647220346988,0.2291642114056468,0.22862647220346988,0.22703050954971232],[0.22647901004087767,0.22808529290411708,0.22862647220346988,0.22808529290411708,0.22647901004087767],[0.2248305302551715,0.22647901004087767,0.22703050954971232,0.22647901004087767,0.2248305302551715]],[[0.22774449266932678,0.22933237024991571,0.22986396248623292,0.22933237024991571,0.22774449266932678],[0.22933237024991571,0.23087389420002849,0.23139365777932516,0.23087389420002849,0.22933237024991571],[0.22986396248623292,0.23139365777932516,0.23190947855547492,0.23139365777932516,0.22986396248623292],[0.22933237024991571,0.23087389420002849,0.23139365777932516,0.23087389420002849,0.22933237024991571],[0.22774449266932678,0.22933237024991571,0.22986396248623292,0.22933237024991571,0.22774449266932678]],[[0.23054158367146485,0.23206001225612202,0.23256879168414882,0.23206001225612202,0.23054158367146485],[0.23206001225612202,0.23352734787175572,0.23402257689988462,0.23352734787175572,0.23206001225612202],[0.23256879168414882,0.23402257689988462,0.23451328937721921,0.23402257689988462,0.23256879168414882],[0.23206001225612202,0.23352734787175572,0.23402257689988462,0.23352734787175572,0.23206001225612202],[0.23054158367146485,0.23206001225612202,0.23256879168414882,0.23206001225612202,0.23054158367146485]],[[0.23320481116947325,0.23464374752586947,0.23512641328401379,0.23464374752586947,0.23320481116947325],[0.23464374752586947,0.23602624427432889,0.23649341311777375,0.23602624427432889,0.23464374752586947],[0.23512641328401379,0.23649341311777375,0.23695541681780102,0.23649341311777375,0.23512641328401379],[0.23464374752586947,0.23602624427432889,0.23649341311777375,0.23602624427432889,0.23464374752586947],[0.23320481116947325,0.23464374752586947,0.23512641328401379,0.23464374752586947,0.23320481116947325]],[[0.23571498867447224,0.23706315534492289,0.23751599751743144,0.23706315534492289,0.23571498867447224],[0.23706315534492289,0.23834892902211169,0.23878409964060401,0.23834892902211169,0.23706315534492289],[0.23751599751743144,0.23878409964060401,0.23921338058964134,0.23878409964060401,0.23751599751743144],[0.23706315534492289,0.23834892902211169,0.23878409964060401,0.23834892902211169,0.23706315534492289],[0.23571498867447224,0.23706315534492289,0.23751599751743144,0.23706315534492289,0.23571498867447224]],[[0.23805071208186979,0.23929561146433884,0.23971451422475962,0.23929561146433884,0.23805071208186979],[0.23929561146433884,0.24047159005416474,0.24087042564040473,0.24047159005416474,0.23929561146433884],[0.23971451422475962,0.24087042564040473,0.24126257351619174,0.24087042564040473,0.23971451422475962],[0.23929561146433884,0.24047159005416474,0.24087042564040473,0.24047159005416474,0.23929561146433884],[0.23805071208186979,0.23929561146433884,0.23971451422475962,0.23929561146433884,0.23805071208186979]],[[0.24018843959479777,0.24131642979256077,0.24169689489181587,0.24131642979256077,0.24018843959479777],[0.24131642979256077,0.24236846438337004,0.24272626471930353,0.24236846438337004,0.24131642979256077],[0.24169689489181587,0.24272626471930353,0.24307651217264689,0.24272626471930353,0.24169689489181587],[0.24131642979256077,0.24236846438337004,0.24272626471930353,0.24236846438337004,0.24131642979256077],[0.24018843959479777,0.24131642979256077,0.24169689489181587,0.24131642979256077,0.24018843959479777]],[[0.24210268642890437,0.24309912142169268,0.24343631316696709,0.24309912142169268,0.24210268642890437],[0.24309912142169268,0.24401215995890477,0.24432391809435869,0.24401215995890477,0.24309912142169268],[0.24343631316696709,0.24432391809435869,0.24462720133788288,0.24432391809435869,0.24343631316696709],[0.24309912142169268,0.24401215995890477,0.24432391809435869,0.24401215995890477,0.24309912142169268],[0.24210268642890437,0.24309912142169268,0.24343631316696709,0.24309912142169268,0.24210268642890437]],[[0.24376633077324514,0.24461575836422031,0.24490456826352469,0.24461575836422031,0.24376633077324514],[0.24461575836422031,0.24537407073665635,0.24563454749217223,0.24537407073665635,0.24461575836422031],[0.24490456826352469,0.24563454749217223,0.24588558409990446,0.24563454749217223,0.24490456826352469],[0.24461575836422031,0.24537407073665635,0.24563454749217223,0.24537407073665635,0.24461575836422031],[0.24376633077324514,0.24461575836422031,0.24490456826352469,0.24461575836422031,0.24376633077324514]],[[0.24515101164863506,0.24583741468027276,0.24607254122374991,0.24583741468027276,0.24515101164863506],[0.24583741468027276,0.246424851234974,0.24662866176461434,0.246424851234974,0.24583741468027276],[0.24607254122374991,0.24662866176461434,0.24682203950577544,0.24662866176461434,0.24607254122374991],[0.24583741468027276,0.246424851234974,0.24662866176461434,0.246424851234974,0.24583741468027276],[0.24515101164863506,0.24583741468027276,0.24607254122374991,0.24583741468027276,0.24515101164863506]],[[0.24622758826602753,0.24673465069676159,0.24691068828083873,0.24673465069676159,0.24622758826602753],[0.24673465069676159,0.24713491522582987,0.24727662130595282,0.24713491522582987,0.24673465069676159],[0.24691068828083873,0.24727662130595282,0.24740689156474027,0.24727662130595282,0.24691068828083873],[0.24673465069676159,0.24713491522582987,0.24727662130595282,0.24713491522582987,0.24673465069676159],[0.24622758826602753,0.24673465069676159,0.24691068828083873,0.24673465069676159,0.24622758826602753]],[[0.2469666283359753,0.2472780093224744,0.247389540616544,0.2472780093224744,0.2469666283359753],[0.2472780093224744,0.24747493207027615,0.24754913505964279,0.24747493207027615,0.2472780093224744],[0.247389540616544,0.24754913505964279,0.24761090600058483,0.24754913505964279,0.247389540616544],[0.2472780093224744,0.24747493207027615,0.24754913505964279,0.24747493207027615,0.2472780093224744],[0.2469666283359753,0.2472780093224744,0.247389540616544,0.2472780093224744,0.2469666283359753]],[[0.24733889994428038,0.24743850513792079,0.24748019301968069,0.24743850513792079,0.24733889994428038],[0.24743850513792079,0.24741630923821803,0.24741774113891765,0.24741630923821803,0.24743850513792079],[0.24748019301968069,0.24741774113891765,0.24740576848062712,0.24741774113891765,0.24748019301968069],[0.24743850513792079,0.24741630923821803,0.24741774113891765,0.24741630923821803,0.24743850513792079],[0.24733889994428038,0.24743850513792079,0.24748019301968069,0.24743850513792079,0.24733889994428038]],[[0.247315854600548,0.24718810170557068,0.247154779411245,0.24718810170557068,0.247315854600548],[0.24718810170557068,0.24693166433684702,0.24685527700396512,0.24693166433684702,0.24718810170557068],[0.247154779411245,0.24685527700396512,0.24676455291531468,0.24685527700396512,0.247154779411245],[0.24718810170557068,0.24693166433684702,0.24685527700396512,0.24693166433684702,0.24718810170557068],[0.247315854600548,0.24718810170557068,0.247154779411245,0.24718810170557068,0.247315854600548]],[[0.24687010243547283,0.24650018464054124,0.24638694499141264,0.24650018464054124,0.24687010243547283],[0.24650018464054124,0.24599529931633835,0.24583635367338275,0.24599529931633835,0.24650018464054124],[0.24638694499141264,0.24583635367338275,0.24566219597987074,0.24583635367338275,0.24638694499141264],[0.24650018464054124,0.24599529931633835,0.24583635367338275,0.24599529931633835,0.24650018464054124],[0.24687010243547283,0.24650018464054124,0.24638694499141264,0.24650018464054124,0.24687010243547283]],[[0.24597588958151878,0.24535004377811481,0.24515232955787586,0.245350043778114