{"M_cells":[[[0,0,0,0,0,0],[0,0,0,0,0,0],[0,0,0,0,0,0],[0,0,0,0,0,0],[0,0,0,0,0,0],[0,0,0,0,0,0]],[[0.00072512624321838075,0.0017727967339336936,0.0022332588874606277,0.0022332588874606277,0.0017727967339336936,0.00072512624321838075],[0.0017727967339336936,0.0033537790584119943,0.0041146890571460894,0.0041146890571460894,0.0033537790584119943,0.0017727967339336936],[0.0022332588874606277,0.0041146890571460894,0.0050258599503919992,0.0050258599503919992,0.0041146890571460894,0.0022332588874606277],[0.0022332588874606277,0.0041146890571460894,0.0050258599503919992,0.0050258599503919992,0.0041146890571460894,0.0022332588874606277],[0.0017727967339336936,0.0033537790584119943,0.0041146890571460894,0.0041146890571460894,0.0033537790584119943,0.0017727967339336936],[0.00072512624321838075,0.0017727967339336936,0.0022332588874606277,0.0022332588874606277,0.0017727967339336936,0.00072512624321838075]],[[0.0028072999078026235,0.0044314614257088027,0.0051943419406360091,0.0051943419406360091,0.0044314614257088027,0.0028072999078026235],[0.0044314614257088027,0.0061673448251017672,0.0070521568628615075,0.0070521568628615075,0.0061673448251017672,0.0044314614257088027],[0.0051943419406360091,0.0070521568628615075,0.0079979544913482623,0.0079979544913482623,0.0070521568628615075,0.0051943419406360091],[0.0051943419406360091,0.0070521568628615075,0.0079979544913482623,0.0079979544913482623,0.0070521568628615075,0.0051943419406360091],[0.0044314614257088027,0.0061673448251017672,0.0070521568628615075,0.0070521568628615075,0.0061673448251017664,0.0044314614257088018],[0.0028072999078026235,0.0044314614257088027,0.0051943419406360091,0.0051943419406360091,0.0044314614257088018,0.0028072999078026231]],[[0.0054066505910208389,0.0072136186117045782,0.0080927826751253651,0.0080927826751253651,0.0072136186117045782,0.0054066505910208389],[0.0072136186117045782,0.0089902959281677446,0.0099147509164679987,0.0099147509164679987,0.0089902959281677446,0.0072136186117045782],[0.0080927826751253651,0.0099147509164679987,0.010861858896538661,0.010861858896538661,0.0099147509164679987,0.0080927826751253651],[0.0080927826751253651,0.0099147509164679987,0.010861858896538661,0.010861858896538661,0.0099147509164679987,0.0080927826751253651],[0.0072136186117045782,0.0089902959281677446,0.0099147509164679987,0.0099147509164679987,0.0089902959281677429,0.0072136186117045774],[0.0054066505910208389,0.0072136186117045782,0.0080927826751253651,0.0080927826751253651,0.0072136186117045774,0.005406650591020838]],[[0.0081685976224380348,0.010033573197088025,0.010955709154519327,0.010955709154519327,0.010033573197088025,0.0081685976224380348],[0.010033573197088025,0.011824645938461855,0.01276346103303953,0.01276346103303953,0.011824645938461855,0.010033573197088025],[0.010955709154519327,0.01276346103303953,0.013710618473315976,0.013710618473315976,0.01276346103303953,0.010955709154519327],[0.010955709154519327,0.01276346103303953,0.013710618473315976,0.013710618473315976,0.01276346103303953,0.010955709154519327],[0.010033573197088025,0.011824645938461855,0.01276346103303953,0.01276346103303953,0.011824645938461855,0.010033573197088025],[0.0081685976224380348,0.010033573197088025,0.010955709154519327,0.010955709154519327,0.010033573197088025,0.0081685976224380331]],[[0.010982993428456388,0.012867144048053667,0.013805096841908317,0.013805096841908317,0.012867144048053667,0.010982993428456388],[0.012867144048053667,0.014663490261187276,0.015607580229028056,0.015607580229028056,0.014663490261187276,0.012867144048053667],[0.013805096841908317,0.015607580229028056,0.01655473980338985,0.01655473980338985,0.015607580229028056,0.013805096841908317],[0.013805096841908317,0.015607580229028056,0.01655473980338985,0.01655473980338985,0.015607580229028056,0.013805096841908317],[0.012867144048053667,0.014663490261187276,0.015607580229028056,0.015607580229028056,0.014663490261187276,0.012867144048053667],[0.010982993428456388,0.012867144048053667,0.013805096841908317,0.013805096841908317,0.012867144048053667,0.010982993428456388]],[[0.013814996788051323,0.015705717005343837,0.016649490139157511,0.016649490139157511,0.015705717005343837,0.013814996788051323],[0.015705717005343837,0.017504006604770458,0.01845003883982884,0.01845003883982884,0.017504006604770458,0.015705717005343837],[0.016649490139157511,0.01845003883982884,0.019397200997553397,0.019397200997553397,0.01845003883982884,0.016649490139157511],[0.016649490139157511,0.01845003883982884,0.019397200997553397,0.019397200997553397,0.01845003883982884,0.016649490139157511],[0.015705717005343837,0.017504006604770458,0.01845003883982884,0.01845003883982884,0.017504006604770458,0.015705717005343837],[0.013814996788051323,0.015705717005343837,0.016649490139157511,0.016649490139157511,0.015705717005343837,0.013814996788051323]],[[0.016653105319363506,0.01854613966112802,0.019492056859952034,0.019492056859952034,0.01854613966112802,0.016653105319363506],[0.01854613966112802,0.02034515248488972,0.021291903314821937,0.021291903314821937,0.02034515248488972,0.01854613966112802],[0.019492056859952034,0.021291903314821937,0.022239071093680954,0.022239071093680954,0.021291903314821937,0.019492056859952034],[0.019492056859952034,0.021291903314821937,0.022239071093680954,0.022239071093680954,0.021291903314821937,0.019492056859952034],[0.01854613966112802,0.02034515248488972,0.021291903314821937,0.021291903314821937,0.02034515248488972,0.01854613966112802],[0.016653105319363506,0.01854613966112802,0.019492056859952034,0.019492056859952034,0.01854613966112802,0.016653105319363506]],[[0.019493387572952225,0.0213872592860048,0.022333970100228459,0.022333970100228459,0.0213872592860048,0.019493387572952225],[0.0213872592860048,0.023186550698224447,0.024133572140627089,0.024133572140627089,0.023186550698224447,0.0213872592860048],[0.022333970100228459,0.024133572140627089,0.025080748942277062,0.025080748942277062,0.024133572140627089,0.022333970100228459],[0.022333970100228459,0.024133572140627089,0.025080748942277062,0.025080748942277062,0.024133572140627089,0.022333970100228459],[0.0213872592860048,0.023186550698224447,0.024133572140627089,0.024133572140627089,0.023186550698224447,0.0213872592860048],[0.019493387572952225,0.0213872592860048,0.022333970100228459,0.022333970100228459,0.0213872592860048,0.019493387572952225]],[[0.022334469403110787,0.024228658448968713,0.025175668213603845,0.025175668213603845,0.024228658448968713,0.022334469403110787],[0.024228658448968713,0.026028069031488032,0.026975198460150909,0.026975198460150909,0.026028069031488032,0.024228658448968713],[0.025175668213603845,0.026975198460150909,0.027922387733142123,0.027922387733142123,0.026975198460150909,0.025175668213603845],[0.025175668213603845,0.026975198460150909,0.027922387733142123,0.027922387733142123,0.026975198460150909,0.025175668213603845],[0.024228658448968713,0.026028069031488032,0.026975198460150909,0.026975198460150909,0.026028069031488032,0.024228658448968713],[0.022334469403110787,0.024228658448968713,0.025175668213603845,0.025175668213603845,0.024228658448968713,0.022334469403110787]],[[0.025175866462222481,0.027070190041058914,0.028017318921338984,0.028017318921338984,0.027070190041058914,0.025175866462222481],[0.027070190041058914,0.028869665159391211,0.029816844865198974,0.02981684486519897,0.028869665159391208,0.027070190041058914],[0.028017318921338984,0.029816844865198974,0.030764049983618778,0.030764049983618778,0.02981684486519897,0.028017318921338984],[0.028017318921338984,0.02981684486519897,0.030764049983618778,0.030764049983618778,0.02981684486519897,0.028017318921338984],[0.027070190041058914,0.028869665159391208,0.02981684486519897,0.02981684486519897,0.028869665159391208,0.027070190041058914],[0.025175866462222481,0.027070190041058914,0.028017318921338984,0.028017318921338984,0.027070190041058914,0.025175866462222481]],[[0.028017410185392774,0.02991180613798454,0.030858990057883808,0.030858990057883808,0.02991180613798454,0.028017410185392774],[0.02991180613798454,0.031711329524055476,0.032658540305889244,0.032658540305889244,0.031711329524055476,0.02991180613798454],[0.030858990057883808,0.032658540305889244,0.033605764513567969,0.033605764513567969,0.032658540305889244,0.030858990057883808],[0.030858990057883808,0.032658540305889244,0.033605764513567969,0.033605764513567969,0.032658540305889244,0.030858990057883808],[0.02991180613798454,0.031711329524055476,0.032658540305889244,0.032658540305889244,0.031711329524055469,0.02991180613798454],[0.028017410185392774,0.02991180613798454,0.030858990057883808,0.030858990057883808,0.02991180613798454,0.028017410185392774]],[[0.030859045375156068,0.032753495003017039,0.033700712382987184,0.033700712382987184,0.032753495003017039,0.030859045375156068],[0.032753495003017039,0.03455306430801619,0.035500301031064552,0.035500301031064552,0.03455306430801619,0.032753495003017039],[0.033700712382987184,0.035500301031064552,0.036447547418311591,0.036447547418311591,0.035500301031064552,0.033700712382987184],[0.033700712382987184,0.035500301031064552,0.036447547418311591,0.036447547418311591,0.035500301031064552,0.033700712382987184],[0.032753495003017039,0.03455306430801619,0.035500301031064552,0.035500301031064552,0.03455306430801619,0.032753495003017039],[0.030859045375156068,0.032753495003017039,0.033700712382987184,0.033700712382987184,0.032753495003017039,0.030859045375156068]],[[0.033700757675685887,0.035595257903885485,0.036542502699482046,0.036542502699482046,0.035595257903885485,0.033700757675685887],[0.035595257903885485,0.037394875706462848,0.038342138309535145,0.038342138309535145,0.037394875706462848,0.035595257903885485],[0.036542502699482046,0.038342138309535145,0.03928940980779088,0.03928940980779088,0.038342138309535145,0.036542502699482046],[0.036542502699482046,0.038342138309535145,0.03928940980779088,0.03928940980779088,0.038342138309535145,0.036542502699482046],[0.035595257903885485,0.037394875706462848,0.038342138309535145,0.038342138309535145,0.037394875706462848,0.035595257903885485],[0.033700757675685887,0.035595257903885485,0.036542502699482046,0.036542502699482046,0.035595257903885485,0.033700757675685887]],[[0.036542547328125632,0.038437100595009266,0.039384372378271908,0.039384372378271908,0.038437100595009266,0.036542547328125632],[0.038437100595009266,0.040236771104131992,0.041184061295994605,0.041184061295994605,0.040236771104131992,0.038437100595009266],[0.039384372378271908,0.041184061295994605,0.042131360682747213,0.042131360682747213,0.041184061295994605,0.039384372378271908],[0.039384372378271908,0.041184061295994605,0.042131360682747213,0.042131360682747213,0.041184061295994605,0.039384372378271908],[0.038437100595009266,0.040236771104131992,0.041184061295994605,0.041184061295994605,0.040236771104131992,0.038437100595009266],[0.036542547328125632,0.038437100595009266,0.039384372378271908,0.039384372378271908,0.038437100595009266,0.036542547328125632]],[[0.0393844196269304,0.041279030205449964,0.0422263305211919,0.0422263305211919,0.041279030205449964,0.0393844196269304],[0.041279030205449964,0.0430787580631829,0.044026078114889219,0.044026078114889219,0.0430787580631829,0.041279030205449964],[0.0422263305211919,0.044026078114889219,0.044973408024431026,0.044973408024431026,0.044026078114889219,0.0422263305211919],[0.0422263305211919,0.044026078114889219,0.044973408024431026,0.044973408024431026,0.044026078114889219,0.0422263305211919],[0.041279030205449964,0.0430787580631829,0.044026078114889219,0.044026078114889219,0.0430787580631829,0.041279030205449964],[0.0393844196269304,0.041279030205449964,0.0422263305211919,0.0422263305211919,0.041279030205449964,0.0393844196269304]],[[0.042226381453403031,0.044121054121170622,0.045068385154484414,0.045068385154484414,0.044121054121170622,0.042226381453403031],[0.044121054121170622,0.0459208439804324,0.046868196290309166,0.046868196290309166,0.0459208439804324,0.044121054121170622],[0.045068385154484414,0.046868196290309166,0.047815559227612645,0.047815559227612645,0.046868196290309166,0.045068385154484414],[0.045068385154484414,0.046868196290309166,0.047815559227612645,0.047815559227612645,0.046868196290309166,0.045068385154484414],[0.044121054121170622,0.0459208439804324,0.046868196290309166,0.046868196290309166,0.0459208439804324,0.044121054121170622],[0.042226381453403031,0.044121054121170622,0.045068385154484414,0.045068385154484414,0.044121054121170622,0.042226381453403031]],[[0.045068440032794449,0.046963179603441006,0.047910543698820723,0.047910543698820723,0.046963179603441006,0.045068440032794449],[0.046963179603441006,0.04876303599171683,0.04971042293522198,0.04971042293522198,0.04876303599171683,0.046963179603441006],[0.047910543698820723,0.04971042293522198,0.050657821291220692,0.050657821291220692,0.04971042293522198,0.047910543698820723],[0.047910543698820723,0.04971042293522198,0.050657821291220692,0.050657821291220692,0.04971042293522198,0.047910543698820723],[0.046963179603441006,0.04876303599171683,0.04971042293522198,0.04971042293522198,0.04876303599171683,0.046963179603441006],[0.045068440032794449,0.046963179603441006,0.047910543698820723,0.047910543698820723,0.046963179603441006,0.045068440032794449]],[[0.047910602507604649,0.049805413678544873,0.050752813172789582,0.050752813172789582,0.049805413678544873,0.047910602507604649],[0.049805413678544873,0.05160534096666488,0.052552764851081311,0.052552764851081311,0.05160534096666488,0.049805413678544873],[0.050752813172789582,0.052552764851081311,0.053500200918279034,0.053500200918279034,0.052552764851081311,0.050752813172789582],[0.050752813172789582,0.052552764851081311,0.053500200918279034,0.053500200918279034,0.052552764851081311,0.050752813172789582],[0.049805413678544873,0.05160534096666488,0.052552764851081311,0.052552764851081311,0.05160534096666488,0.049805413678544873],[0.047910602507604649,0.049805413678544873,0.050752813172789582,0.050752813172789582,0.049805413678544873,0.047910602507604649]],[[0.050752875810504916,0.0526477631265661,0.0535952002970736,0.0535952002970736,0.0526477631265661,0.050752875810504916],[0.0526477631265661,0.054447765535419246,0.055395228592802291,0.055395228592802291,0.054447765535419246,0.0526477631265661],[0.0535952002970736,0.055395228592802291,0.056342704580554841,0.056342704580554841,0.055395228592802291,0.0535952002970736],[0.0535952002970736,0.055395228592802291,0.056342704580554841,0.056342704580554841,0.055395228592802291,0.0535952002970736],[0.0526477631265661,0.054447765535419246,0.055395228592802291,0.055395228592802291,0.054447765535419246,0.0526477631265661],[0.050752875810504916,0.0526477631265661,0.0535952002970736,0.0535952002970736,0.0526477631265661,0.050752875810504916]],[[0.053595266646414327,0.05549023450520682,0.056437711560368309,0.056437711560368309,0.05549023450520682,0.053595266646414327],[0.05549023450520682,0.0572903161253827,0.058237820519075972,0.058237820519075972,0.0572903161253827,0.05549023450520682],[0.056437711560368309,0.058237820519075972,0.059185338568170334,0.059185338568170334,0.058237820519075972,0.056437711560368309],[0.056437711560368309,0.058237820519075972,0.059185338568170334,0.059185338568170334,0.058237820519075972,0.056437711560368309],[0.05549023450520682,0.0572903161253827,0.058237820519075972,0.058237820519075972,0.0572903161253827,0.05549023450520682],[0.053595266646414327,0.05549023450520682,0.056437711560368309,0.056437711560368309,0.05549023450520682,0.053595266646414327]],[[0.056437781513216052,0.058332834184743693,0.059280353269299875,0.059280353269299875,0.058332834184743693,0.056437781513216052],[0.058332834184743693,0.060132998999763466,0.061080546835308648,0.061080546835308648,0.060132998999763466,0.058332834184743693],[0.059280353269299875,0.061080546835308648,0.062028109031650472,0.062028109031650472,0.061080546835308648,0.059280353269299875],[0.059280353269299875,0.061080546835308648,0.062028109031650472,0.062028109031650472,0.061080546835308648,0.059280353269299875],[0.058332834184743693,0.060132998999763466,0.061080546835308648,0.061080546835308648,0.060132998999763466,0.058332834184743693],[0.056437781513216052,0.058332834184743693,0.059280353269299875,0.059280353269299875,0.058332834184743693,0.056437781513216052]],[[0.059280426734919268,0.061175568385206214,0.062123131590519541,0.062123131590519541,0.061175568385206214,0.059280426734919268],[0.061175568385206214,0.062975820294889115,0.063923413631935044,0.063923413631935044,0.062975820294889115,0.061175568385206214],[0.062123131590519541,0.063923413631935044,0.064871022019276428,0.064871022019276428,0.063923413631935044,0.062123131590519541],[0.062123131590519541,0.063923413631935044,0.064871022019276428,0.064871022019276428,0.063923413631935044,0.062123131590519541],[0.061175568385206214,0.062975820294889115,0.063923413631935044,0.063923413631935044,0.062975820294889129,0.061175568385206214],[0.059280426734919268,0.061175568385206214,0.062123131590519541,0.062123131590519541,0.061175568385206214,0.059280426734919268]],[[0.0621232084975579,0.064018443212531764,0.064966052588058543,0.064966052588058543,0.064018443212531764,0.0621232084975579],[0.064018443212531764,0.065818786055272138,0.06676642691924993,0.06676642691924993,0.065818786055272138,0.064018443212531764],[0.064966052588058543,0.06676642691924993,0.067714083510965875,0.067714083510965875,0.06676642691924993,0.064966052588058543],[0.064966052588058543,0.06676642691924993,0.067714083510965875,0.067714083510965875,0.06676642691924993,0.064966052588058543],[0.064018443212531764,0.065818786055272138,0.06676642691924993,0.06676642691924993,0.065818786055272138,0.064018443212531764],[0.0621232084975579,0.064018443212531764,0.064966052588058543,0.064966052588058543,0.064018443212531764,0.0621232084975579]],[[0.064966132884302835,0.066861464692614211,0.067809122257231361,0.067809122257231361,0.066861464692614211,0.064966132884302835],[0.066861464692614211,0.068661902266205541,0.069609592659357081,0.069609592659357081,0.068661902266205541,0.066861464692614211],[0.067809122257231361,0.069609592659357081,0.070557299449324859,0.070557299449324859,0.069609592659357081,0.067809122257231361],[0.067809122257231361,0.069609592659357081,0.070557299449324859,0.070557299449324859,0.069609592659357081,0.067809122257231361],[0.066861464692614211,0.068661902266205541,0.069609592659357081,0.069609592659357081,0.068661902266205541,0.066861464692614211],[0.064966132884302835,0.066861464692614211,0.067809122257231361,0.067809122257231361,0.066861464692614211,0.064966132884302835]],[[0.067809205908616457,0.069704638802995808,0.070652346555746509,0.070652346555746509,0.069704638802995808,0.067809205908616457],[0.069704638802995808,0.071505174883981615,0.07245291679564958,0.07245291679564958,0.071505174883981615,0.069704638802995808],[0.070652346555746509,0.07245291679564958,0.073400675768310525,0.073400675768310525,0.07245291679564958,0.070652346555746509],[0.070652346555746509,0.07245291679564958,0.073400675768310525,0.073400675768310525,0.07245291679564958,0.070652346555746509],[0.069704638802995808,0.071505174883981615,0.07245291679564958,0.07245291679564958,0.071505174883981615,0.069704638802995808],[0.067809205908616457,0.069704638802995808,0.070652346555746509,0.070652346555746509,0.069704638802995808,0.067809205908616457]],[[0.070652433545170271,0.072547971502307435,0.073495731432435582,0.073495731432435582,0.072547971502307435,0.070652433545170271],[0.072547971502307435,0.074348609863958331,0.075296405280154785,0.075296405280154785,0.074348609863958331,0.072547971502307435],[0.073495731432435582,0.075296405280154785,0.076244218419849727,0.076244218419849727,0.075296405280154785,0.073495731432435582],[0.073495731432435582,0.075296405280154785,0.076244218419849727,0.076244218419849727,0.075296405280154785,0.073495731432435582],[0.072547971502307435,0.074348609863958331,0.075296405280154785,0.075296405280154785,0.074348609863958331,0.072547971502307435],[0.070652433545170271,0.072547971502307435,0.073495731432435582,0.073495731432435582,0.072547971502307435,0.070652433545170271]],[[0.073495821758611343,0.075391468757659036,0.076339282853966822,0.076339282853966822,0.075391468757659036,0.073495821758611343],[0.075391468757659036,0.077192213186735775,0.078140064099063961,0.078140064099063961,0.077192213186735775,0.075391468757659036],[0.076339282853966822,0.078140064099063961,0.079087933398736848,0.079087933398736848,0.078140064099063961,0.076339282853966822],[0.076339282853966822,0.078140064099063961,0.079087933398736848,0.079087933398736848,0.078140064099063961,0.076339282853966822],[0.075391468757659036,0.077192213186735775,0.078140064099063961,0.078140064099063961,0.077192213186735775,0.075391468757659036],[0.073495821758611343,0.075391468757659036,0.076339282853966822,0.076339282853966822,0.075391468757659036,0.073495821758611343]],[[0.076339376530386263,0.07823513657024242,0.079183006829830788,0.079183006829830788,0.07823513657024242,0.076339376530386263],[0.07823513657024242,0.080035990882709143,0.08098389929672,0.08098389929672,0.080035990882709143,0.07823513657024242],[0.079183006829830788,0.08098389929672,0.081931826766082072,0.081931826766082072,0.08098389929672,0.079183006829830788],[0.079183006829830788,0.08098389929672,0.081931826766082072,0.081931826766082072,0.08098389929672,0.079183006829830788],[0.07823513657024242,0.080035990882709143,0.08098389929672,0.08098389929672,0.080035990882709143,0.07823513657024242],[0.076339376530386263,0.07823513657024242,0.079183006829830788,0.079183006829830788,0.07823513657024242,0.076339376530386263]],[[0.0791831038838611,0.08107898099941388,0.082026909435887307,0.082026909435887307,0.08107898099941388,0.0791831038838611],[0.08107898099941388,0.082879949055265884,0.083827916998334362,0.083827916998334362,0.082879949055265884,0.08107898099941388],[0.082026909435887307,0.083827916998334362,0.084775904671575739,0.084775904671575739,0.083827916998334362,0.082026909435887307],[0.082026909435887307,0.083827916998334362,0.084775904671575739,0.084775904671575739,0.083827916998334362,0.082026909435887307],[0.08107898099941388,0.082879949055265884,0.083827916998334362,0.083827916998334362,0.082879949055265884,0.08107898099941388],[0.0791831038838611,0.08107898099941388,0.082026909435887307,0.082026909435887307,0.08107898099941388,0.0791831038838611]],[[0.082027009908008333,0.083923008185497916,0.084870996836715715,0.084870996836715715,0.083923008185497916,0.082027009908008333],[0.083923008185497916,0.0857240939028567,0.086672123431659032,0.086672123431659032,0.0857240939028567,0.083923008185497916],[0.084870996836715715,0.086672123431659032,0.087620173374788543,0.087620173374788543,0.086672123431659032,0.084870996836715715],[0.084870996836715715,0.086672123431659032,0.087620173374788543,0.087620173374788543,0.086672123431659032,0.084870996836715715],[0.083923008185497916,0.0857240939028567,0.086672123431659032,0.086672123431659032,0.0857240939028567,0.083923008185497916],[0.082027009908008333,0.083923008185497916,0.084870996836715715,0.084870996836715715,0.083923008185497916,0.082027009908008333]],[[0.084871100779890365,0.086767224371552654,0.0877152753070063,0.0877152753070063,0.086767224371552654,0.084871100779890365],[0.086767224371552654,0.088568431740170067,0.089516524947837031,0.089516524947837031,0.088568431740170067,0.086767224371552654],[0.0877152753070063,0.089516524947837031,0.09046463926572311,0.09046463926572311,0.089516524947837031,0.0877152753070063],[0.0877152753070063,0.089516524947837031,0.09046463926572311,0.09046463926572311,0.089516524947837031,0.0877152753070063],[0.086767224371552654,0.088568431740170067,0.089516524947837031,0.089516524947837031,0.088568431740170067,0.086767224371552654],[0.084871100779890365,0.086767224371552654,0.0877152753070063,0.0877152753070063,0.086767224371552654,0.084871100779890365]],[[0.087715382786173843,0.089611635924305141,0.090559751252195717,0.090559751252195717,0.089611635924305141,0.087715382786173843],[0.089611635924305141,0.09141296901860417,0.092361128041619278,0.092361128041619278,0.09141296901860417,0.089611635924305141],[0.090559751252195717,0.092361128041619278,0.093309308884797729,0.093309308884797729,0.092361128041619278,0.090559751252195717],[0.090559751252195717,0.092361128041619278,0.093309308884797729,0.093309308884797729,0.092361128041619278,0.090559751252195717],[0.089611635924305141,0.09141296901860417,0.092361128041619278,0.092361128041619278,0.09141296901860417,0.089611635924305141],[0.087715382786173843,0.089611635924305141,0.090559751252195717,0.090559751252195717,0.089611635924305141,0.087715382786173843]],[[0.090559862343879111,0.092456249354452832,0.093404431228524043,0.093404431228524043,0.092456249354452832,0.090559862343879111],[0.092456249354452832,0.094257712346216535,0.095205939371116766,0.095205939371116766,0.094257712346216535,0.092456249354452832],[0.093404431228524043,0.095205939371116766,0.096154188942425015,0.096154188942425015,0.095205939371116766,0.093404431228524043],[0.093404431228524043,0.095205939371116766,0.096154188942425015,0.096154188942425015,0.095205939371116766,0.093404431228524043],[0.092456249354452832,0.094257712346216535,0.095205939371116766,0.095205939371116766,0.094257712346216535,0.092456249354452832],[0.090559862343879111,0.092456249354452832,0.093404431228524043,0.093404431228524043,0.092456249354452832,0.090559862343879111]],[[0.0934045460205361,0.095301071336486035,0.09624932196269205,0.09624932196269205,0.095301071336486035,0.0934045460205361],[0.095301071336486035,0.0971026685073036,0.098050965777244273,0.098050965777244273,0.0971026685073036,0.095301071336486035],[0.09624932196269205,0.098050965777244273,0.098999286338333936,0.098999286338333936,0.098050965777244273,0.09624932196269205],[0.09624932196269205,0.098050965777244273,0.098999286338333936,0.098999286338333936,0.098050965777244273,0.09624932196269205],[0.095301071336486035,0.0971026685073036,0.098050965777244273,0.098050965777244273,0.0971026685073036,0.095301071336486035],[0.0934045460205361,0.095301071336486035,0.09624932196269205,0.09624932196269205,0.095301071336486035,0.0934045460205361]],[[0.096249440553932544,0.098146108728210738,0.099094430371247877,0.099094430371247877,0.098146108728210738,0.096249440553932544],[0.098146108728210738,0.0999478444817645,0.10089621430298952,0.10089621430298952,0.0999478444817645,0.098146108728210738],[0.099094430371247877,0.10089621430298952,0.10184460818076521,0.10184460818076521,0.10089621430298952,0.099094430371247877],[0.099094430371247877,0.10089621430298952,0.10184460818076521,0.10184460818076521,0.10089621430298952,0.099094430371247877],[0.098146108728210738,0.0999478444817645,0.10089621430298952,0.10089621430298952,0.0999478444817645,0.098146108728210738],[0.096249440553932544,0.098146108728210738,0.099094430371247877,0.099094430371247877,0.098146108728210738,0.096249440553932544]],[[0.099094552871582572,0.10099136859007977,0.10193976357984955,0.10193976357984955,0.10099136859007977,0.099094552871582572],[0.10099136859007977,0.10279324746436166,0.10374169221262954,0.10374169221262954,0.10279324746436166,0.10099136859007977],[0.10193976357984955,0.10374169221262954,0.10469016180565552,0.10469016180565552,0.10374169221262954,0.10193976357984955],[0.10193976357984955,0.10374169221262954,0.10469016180565552,0.10469016180565552,0.10374169221262954,0.10193976357984955],[0.10099136859007977,0.10279324746436166,0.10374169221262954,0.10374169221262954,0.10279324746436166,0.10099136859007977],[0.099094552871582572,0.10099136859007977,0.10193976357984955,0.10193976357984955,0.10099136859007977,0.099094552871582572]],[[0.10193989011006445,0.10383685820448105,0.10478532894251531,0.10478532894251531,0.10383685820448105,0.10193989011006445],[0.10383685820448105,0.10563888488400838,0.10658740701100947,0.10658740701100947,0.10563888488400838,0.10383685820448105],[0.10478532894251531,0.10658740701100947,0.10753595479592229,0.10753595479592229,0.10658740701100947,0.10478532894251531],[0.10478532894251531,0.10658740701100947,0.10753595479592229,0.10753595479592229,0.10658740701100947,0.10478532894251531],[0.10383685820448105,0.10563888488400838,0.10658740701100947,0.10658740701100947,0.10563888488400838,0.10383685820448105],[0.10193989011006445,0.10383685820448105,0.10478532894251531,0.10478532894251531,0.10383685820448105,0.10193989011006445]],[[0.1047854596343314,0.10668258509507006,0.1076311340609593,0.1076311340609593,0.10668258509507006,0.1047854596343314],[0.10668258509507006,0.10848476442316782,0.10943336646296925,0.10943336646296925,0.10848476442316782,0.10668258509507006],[0.1076311340609593,0.10943336646296925,0.11038199500092974,0.11038199500092974,0.10943336646296925,0.1076311340609593],[0.1076311340609593,0.10943336646296925,0.11038199500092974,0.11038199500092974,0.10943336646296925,0.1076311340609593],[0.10668258509507006,0.10848476442316782,0.10943336646296925,0.10943336646296925,0.10848476442316782,0.10668258509507006],[0.1047854596343314,0.10668258509507006,0.1076311340609593,0.1076311340609593,0.10668258509507006,0.1047854596343314]],[[0.10763126905711304,0.1095285570462652,0.11047718680412578,0.11047718680412578,0.1095285570462652,0.10763126905711304],[0.1095285570462652,0.11133089403747484,0.11227957861302537,0.11227957861302537,0.11133089403747484,0.1095285570462652],[0.11047718680412578,0.11227957861302537,0.11322829055624134,0.11322829055624134,0.11227957861302537,0.11047718680412578],[0.11047718680412578,0.11227957861302537,0.11322829055624134,0.11322829055624134,0.11227957861302537,0.11047718680412578],[0.1095285570462652,0.11133089403747484,0.11227957861302537,0.11227957861302537,0.11133089403747484,0.1095285570462652],[0.10763126905711304,0.1095285570462652,0.11047718680412578,0.11047718680412578,0.1095285570462652,0.10763126905711304]],[[0.11047732625850172,0.11237478212298217,0.11332349532799121,0.11332349532799121,0.11237478212298217,0.11047732625850172],[0.11237478212298217,0.11417728197565036,0.11512605180537316,0.11512605180537316,0.11417728197565036,0.11237478212298217],[0.11332349532799121,0.11512605180537316,0.11607484990371986,0.11607484990371986,0.11512605180537316,0.11332349532799121],[0.11332349532799121,0.11512605180537316,0.11607484990371986,0.11607484990371986,0.11512605180537316,0.11332349532799121],[0.11237478212298217,0.11417728197565036,0.11512605180537316,0.11512605180537316,0.11417728197565036,0.11237478212298217],[0.11047732625850172,0.11237478212298217,0.11332349532799121,0.11332349532799121,0.11237478212298217,0.11047732625850172]],[[0.11332363940580396,0.11522126869069635,0.11617006809572358,0.11617006809572358,0.11522126869069635,0.11332363940580396],[0.11522126869069635,0.11702393679979314,0.11797279470429289,0.11797279470429289,0.11702393679979314,0.11522126869069635],[0.11617006809572358,0.11797279470429289,0.1189216818120564,0.1189216818120564,0.11797279470429289,0.11617006809572358],[0.11617006809572358,0.11797279470429289,0.1189216818120564,0.1189216818120564,0.11797279470429289,0.11617006809572358],[0.11522126869069635,0.11702393679979314,0.11797279470429289,0.11797279470429289,0.11702393679979314,0.11522126869069635],[0.11332363940580396,0.11522126869069635,0.11617006809572358,0.11617006809572358,0.11522126869069635,0.11332363940580396]],[[0.11617021697374263,0.1180680254358986,0.11901691389825911,0.11901691389825911,0.1180680254358986,0.11617021697374263],[0.1180680254358986,0.11987086740610838,0.12081981631501573,0.12081981631501573,0.11987086740610838,0.1180680254358986],[0.11901691389825911,0.12081981631501573,0.12176879539778186,0.12176879539778186,0.12081981631501573,0.11901691389825911],[0.11901691389825911,0.12081981631501573,0.12176879539778186,0.12176879539778186,0.12081981631501573,0.11901691389825911],[0.1180680254358986,0.11987086740610838,0.12081981631501573,0.12081981631501573,0.11987086740610838,0.1180680254358986],[0.11617021697374263,0.1180680254358986,0.11901691389825911,0.11901691389825911,0.1180680254358986,0.11617021697374263]],[[0.11901706776507923,0.12091506138702128,0.12186404187537153,0.12186404187537153,0.12091506138702128,0.11901706776507923],[0.12091506138702128,0.12271808304614629,0.12366712600512057,0.12366712600512057,0.12271808304614629,0.12091506138702128],[0.12186404187537153,0.12366712600512057,0.12461620014682927,0.12461620014682927,0.12366712600512057,0.12186404187537153],[0.12186404187537153,0.12366712600512057,0.12461620014682927,0.12461620014682927,0.12366712600512057,0.12186404187537153],[0.12091506138702128,0.12271808304614629,0.12366712600512057,0.12366712600512057,0.12271808304614629,0.12091506138702128],[0.11901706776507923,0.12091506138702128,0.12186404187537153,0.12186404187537153,0.12091506138702128,0.11901706776507923]],[[0.12186420093171658,0.12376238593588065,0.12471146153728128,0.12471146153728128,0.12376238593588065,0.12186420093171658],[0.12376238593588065,0.12556559334859285,0.12651473352650258,0.12651473352650258,0.12556559334859285,0.12376238593588065],[0.12471146153728128,0.12651473352650258,0.12746390593668522,0.12746390593668522,0.12651473352650258,0.12471146153728128],[0.12471146153728128,0.12651473352650258,0.12746390593668522,0.12746390593668522,0.12651473352650258,0.12471146153728128],[0.12376238593588065,0.12556559334859285,0.12651473352650258,0.12651473352650258,0.12556559334859288,0.12376238593588067],[0.12186420093171658,0.12376238593588065,0.12471146153728128,0.12471146153728128,0.12376238593588067,0.1218642009317166]],[[0.12471162599634451,0.12661000885970083,0.12755918278685691,0.12755918278685691,0.12661000885970083,0.12471162599634451],[0.12661000885970083,0.12841340834167014,0.12936264903796443,0.12936264903796443,0.12841340834167014,0.12661000885970083],[0.12755918278685691,0.12936264903796443,0.13031192305917916,0.13031192305917916,0.12936264903796443,0.12755918278685691],[0.12755918278685691,0.12936264903796443,0.13031192305917916,0.13031192305917916,0.12936264903796443,0.12755918278685691],[0.12661000885970083,0.12841340834167014,0.12936264903796443,0.12936264903796443,0.12841340834167014,0.12661000885970083],[0.12471162599634451,0.12661000885970083,0.12755918278685691,0.12755918278685691,0.12661000885970083,0.12471162599634451]],[[0.12755935287466907,0.12945794034374805,0.13040721594244953,0.13040721594244953,0.12945794034374805,0.12755935287466907],[0.12945794034374805,0.13126153847617347,0.1322108831284608,0.1322108831284608,0.13126153847617347,0.12945794034374805],[0.13040721594244953,0.1322108831284608,0.13316026224393782,0.13316026224393782,0.1322108831284608,0.13040721594244953],[0.13040721594244953,0.1322108831284608,0.13316026224393782,0.13316026224393782,0.1322108831284608,0.13040721594244953],[0.12945794034374805,0.13126153847617347,0.1322108831284608,0.1322108831284608,0.13126153847617347,0.12945794034374805],[0.12755935287466907,0.12945794034374805,0.13040721594244953,0.13040721594244953,0.12945794034374805,0.12755935287466907]],[[0.13040739189827735,0.13230619100462429,0.1332555717613855,0.1332555717613855,0.13230619100462429,0.13040739189827735],[0.13230619100462429,0.13410999464918261,0.13505944684102131,0.13505944684102131,0.13410999464918261,0.13230619100462429],[0.1332555717613855,0.13505944684102131,0.13600893468252639,0.13600893468252639,0.13505944684102131,0.1332555717613855],[0.1332555717613855,0.13505944684102131,0.13600893468252639,0.13600893468252639,0.13505944684102131,0.1332555717613855],[0.13230619100462429,0.13410999464918261,0.13505944684102131,0.13505944684102131,0.13410999464918261,0.13230619100462429],[0.13040739189827735,0.13230619100462429,0.1332555717613855,0.1332555717613855,0.13230619100462429,0.13040739189827735]],[[0.13325575383814009,0.13515477191421879,0.13610426146414606,0.13610426146414606,0.13515477191421879,0.13325575383814009],[0.13515477191421879,0.13695878822844706,0.13790835169736029,0.13790835169736029,0.13695878822844706,0.13515477191421879],[0.13610426146414606,0.13790835169736029,0.13885795205328075,0.13885795205328075,0.13790835169736029,0.13610426146414606],[0.13610426146414606,0.13790835169736029,0.13885795205328075,0.13885795205328075,0.13790835169736029,0.13610426146414606],[0.13515477191421879,0.13695878822844706,0.13790835169736029,0.13790835169736029,0.13695878822844706,0.13515477191421879],[0.13325575383814009,0.13515477191421879,0.13610426146414606,0.13610426146414606,0.13515477191421879,0.13325575383814009]],[[0.13610444992881915,0.13800369462436227,0.13895329675923618,0.13895329675923618,0.13800369462436227,0.13610444992881915],[0.13800369462436227,0.13980793107747094,0.14075760972318141,0.14075760972318141,0.13980793107747094,0.13800369462436227],[0.13895329675923618,0.14075760972318141,0.1417073265468336,0.1417073265468336,0.14075760972318141,0.13895329675923618],[0.13895329675923618,0.14075760972318141,0.1417073265468336,0.1417073265468336,0.14075760972318141,0.13895329675923618],[0.13800369462436227,0.13980793107747094,0.14075760972318141,0.14075760972318141,0.13980793107747094,0.13800369462436227],[0.13610444992881915,0.13800369462436227,0.13895329675923618,0.13895329675923618,0.13800369462436227,0.13610444992881915]],[[0.13895349189332737,0.1408529711921451,0.14180268986871652,0.14180268986871652,0.1408529711921451,0.13895349189332737],[0.1408529711921451,0.1426574355812496,0.14360723347412827,0.14360723347412827,0.1426574355812496,0.1408529711921451],[0.14180268986871652,0.14360723347412827,0.1445570708922792,0.1445570708922792,0.14360723347412827,0.14180268986871652],[0.14180268986871652,0.14360723347412827,0.1445570708922792,0.1445570708922792,0.14360723347412827,0.14180268986871652],[0.1408529711921451,0.1426574355812496,0.14360723347412827,0.14360723347412827,0.1426574355812496,0.1408529711921451],[0.13895349189332737,0.1408529711921451,0.14180268986871652,0.14180268986871652,0.1408529711921451,0.13895349189332737]],[[0.1418028919686663,0.14370261420588257,0.14465245355438186,0.14465245355438186,0.14370261420588257,0.1418028919686663],[0.14370261420588257,0.14550731467263156,0.1464572360623502,0.1464572360623502,0.14550731467263156,0.14370261420588257],[0.14465245355438186,0.1464572360623502,0.14740719838393776,0.14740719838393776,0.1464572360623502,0.14465245355438186],[0.14465245355438186,0.1464572360623502,0.14740719838393776,0.14740719838393776,0.1464572360623502,0.14465245355438186],[0.14370261420588257,0.14550731467263156,0.1464572360623502,0.1464572360623502,0.14550731467263156,0.14370261420588257],[0.1418028919686663,0.14370261420588257,0.14465245355438186,0.14465245355438186,0.14370261420588257,0.1418028919686663]],[[0.14465266293198903,0.1465526368116804,0.14750260114452138,0.14750260114452138,0.1465526368116804,0.14465266293198903],[0.1465526368116804,0.14835758185923636,0.14930763118360027,0.14930763118360027,0.14835758185923636,0.1465526368116804],[0.14750260114452138,0.14930763118360027,0.15025772290862568,0.15025772290862568,0.14930763118360027,0.14750260114452138],[0.14750260114452138,0.14930763118360027,0.15025772290862568,0.15025772290862568,0.14930763118360027,0.14750260114452138],[0.1465526368116804,0.14835758185923636,0.14930763118360027,0.14930763118360027,0.14835758185923636,0.1465526368116804],[0.14465266293198903,0.1465526368116804,0.14750260114452138,0.14750260114452138,0.1465526368116804,0.14465266293198903]],[[0.14750281812732041,0.14940305274049365,0.15035314656114387,0.15035314656114387,0.14940305274049365,0.14750281812732041],[0.14940305274049365,0.15120825125079687,0.15215843314472297,0.15215843314472297,0.15120825125079687,0.14940305274049365],[0.15035314656114387,0.15215843314472297,0.15310865897327797,0.15310865897327797,0.15215843314472297,0.15035314656114387],[0.15035314656114387,0.15215843314472297,0.15310865897327797,0.15310865897327797,0.15215843314472297,0.15035314656114387],[0.14940305274049365,0.15120825125079687,0.15215843314472297,0.15215843314472297,0.15120825125079687,0.14940305274049365],[0.14750281812732041,0.14940305274049365,0.15035314656114387,0.15035314656114387,0.14940305274049365,0.14750281812732041]],[[0.15035337149274378,0.1522538763355836,0.1