{"M_cells":[[[0.0045,0.0045,0.0045,0.0045,0.0045,0.0045,0.0045],[0.0045,0.0045,0.0045,0.0045,0.0045,0.0045,0.0045],[0.0045,0.0045,0.0045,0.0045,0.0045,0.0045,0.0045],[0.0045,0.0045,0.0045,0.0045,0.0045,0.0045,0.0045],[0.0045,0.0045,0.0045,0.0045,0.0045,0.0045,0.0045],[0.0045,0.0045,0.0045,0.0045,0.0045,0.0045,0.0045],[0.0045,0.0045,0.0045,0.0045,0.0045,0.0045,0.0045]],[[0.0045000553652737559,0.0045003175219227188,0.00450028256061953,0.00450041317448608,0.00450028256061953,0.0045003175219227188,0.0045000553652737559],[0.0045003175219227188,0.0045013362179488741,0.0045012219161698992,0.0045017250161702481,0.0045012219161698992,0.0045013362179488741,0.0045003175219227188],[0.00450028256061953,0.0045012219161698992,0.0045014990857200187,0.0045017777206330465,0.0045014990857200187,0.0045012219161698992,0.00450028256061953],[0.00450041317448608,0.0045017250161702481,0.0045017777206330465,0.0045023438140515057,0.0045017777206330465,0.0045017250161702481,0.00450041317448608],[0.00450028256061953,0.0045012219161698992,0.0045014990857200187,0.0045017777206330465,0.0045014990857200187,0.0045012219161698992,0.00450028256061953],[0.0045003175219227188,0.0045013362179488741,0.0045012219161698992,0.0045017250161702481,0.0045012219161698992,0.0045013362179488741,0.0045003175219227188],[0.0045000553652737559,0.0045003175219227188,0.00450028256061953,0.00450041317448608,0.00450028256061953,0.0045003175219227188,0.0045000553652737559]],[[0.0045003790205354853,0.004501230886234186,0.004501118621461628,0.0045015567263684136,0.004501118621461628,0.004501230886234186,0.0045003790205354853],[0.004501230886234186,0.0045031728160062276,0.004502957691546355,0.0045039558468432592,0.004502957691546355,0.0045031728160062276,0.004501230886234186],[0.004501118621461628,0.004502957691546355,0.0045034968275112393,0.0045040378216881644,0.0045034968275112393,0.004502957691546355,0.004501118621461628],[0.0045015567263684136,0.0045039558468432592,0.0045040378216881644,0.0045051159743459048,0.0045040378216881644,0.0045039558468432592,0.0045015567263684136],[0.004501118621461628,0.004502957691546355,0.0045034968275112393,0.0045040378216881644,0.0045034968275112393,0.004502957691546355,0.004501118621461628],[0.004501230886234186,0.0045031728160062276,0.004502957691546355,0.0045039558468432592,0.004502957691546355,0.0045031728160062276,0.004501230886234186],[0.0045003790205354853,0.004501230886234186,0.004501118621461628,0.0045015567263684136,0.004501118621461628,0.004501230886234186,0.0045003790205354853]],[[0.0045011047034115769,0.0045026847069217519,0.00450247840730844,0.0045033128895488909,0.00450247840730844,0.0045026847069217519,0.0045011047034115769],[0.0045026847069217519,0.0045054663147092644,0.00450516232617662,0.0045066346567321424,0.00450516232617662,0.0045054663147092644,0.0045026847069217519],[0.00450247840730844,0.00450516232617662,0.004505945315711986,0.0045067305226102966,0.004505945315711986,0.00450516232617662,0.00450247840730844],[0.0045033128895488909,0.0045066346567321424,0.0045067305226102966,0.0045082729752687371,0.0045067305226102966,0.0045066346567321424,0.0045033128895488909],[0.00450247840730844,0.00450516232617662,0.004505945315711986,0.0045067305226102966,0.004505945315711986,0.00450516232617662,0.00450247840730844],[0.0045026847069217519,0.0045054663147092644,0.00450516232617662,0.0045066346567321424,0.00450516232617662,0.0045054663147092644,0.0045026847069217519],[0.0045011047034115769,0.0045026847069217519,0.00450247840730844,0.0045033128895488909,0.00450247840730844,0.0045026847069217519,0.0045011047034115769]],[[0.0045022827592587052,0.0045046311679549644,0.004504327570166518,0.0045055953446115366,0.004504327570166518,0.0045046311679549644,0.0045022827592587052],[0.0045046311679549644,0.0045081799642771678,0.0045077977594986116,0.0045097176231294568,0.0045077977594986116,0.0045081799642771678,0.0045046311679549644],[0.004504327570166518,0.0045077977594986116,0.004508806719524896,0.00450981822661616,0.004508806719524896,0.0045077977594986116,0.004504327570166518],[0.0045055953446115366,0.0045097176231294568,0.00450981822661616,0.0045117834082820862,0.00450981822661616,0.0045097176231294568,0.0045055953446115366],[0.004504327570166518,0.0045077977594986116,0.004508806719524896,0.00450981822661616,0.004508806719524896,0.0045077977594986116,0.004504327570166518],[0.0045046311679549644,0.0045081799642771678,0.0045077977594986116,0.0045097176231294568,0.0045077977594986116,0.0045081799642771678,0.0045046311679549644],[0.0045022827592587052,0.0045046311679549644,0.004504327570166518,0.0045055953446115366,0.004504327570166518,0.0045046311679549644,0.0045022827592587052]],[[0.0045039208193187793,0.0045070286288274915,0.00450663109425362,0.0045083390892832181,0.00450663109425362,0.0045070286288274915,0.0045039208193187793],[0.0045070286288274915,0.0045112812666836073,0.0045108299665995227,0.0045131687898008737,0.0045108299665995227,0.0045112812666836073,0.0045070286288274915],[0.00450663109425362,0.0045108299665995227,0.004512047971205661,0.0045132688268266262,0.004512047971205661,0.0045108299665995227,0.00450663109425362],[0.0045083390892832181,0.0045131687898008737,0.0045132688268266262,0.0045156205011237967,0.0045132688268266262,0.0045131687898008737,0.0045083390892832181],[0.00450663109425362,0.0045108299665995227,0.004512047971205661,0.0045132688268266262,0.004512047971205661,0.0045108299665995227,0.00450663109425362],[0.0045070286288274915,0.0045112812666836073,0.0045108299665995227,0.0045131687898008737,0.0045108299665995227,0.0045112812666836073,0.0045070286288274915],[0.0045039208193187793,0.0045070286288274915,0.00450663109425362,0.0045083390892832181,0.00450663109425362,0.0045070286288274915,0.0045039208193187793]],[[0.0045060055965684392,0.0045098406100142485,0.0045093553616486586,0.0045114938542481229,0.0045093553616486586,0.0045098406100142485,0.0045060055965684392],[0.0045098406100142485,0.0045147414527314505,0.0045142287071006084,0.0045169581486697152,0.0045142287071006084,0.0045147414527314505,0.0045098406100142485],[0.0045093553616486586,0.0045142287071006084,0.0045156401277682166,0.0045170546808273419,0.0045156401277682166,0.0045142287071006084,0.0045093553616486586],[0.0045114938542481229,0.0045169581486697152,0.0045170546808273419,0.004519761202199251,0.0045170546808273419,0.0045169581486697152,0.0045114938542481229],[0.0045093553616486586,0.0045142287071006084,0.0045156401277682166,0.0045170546808273419,0.0045156401277682166,0.0045142287071006084,0.0045093553616486586],[0.0045098406100142485,0.0045147414527314505,0.0045142287071006084,0.0045169581486697152,0.0045142287071006084,0.0045147414527314505,0.0045098406100142485],[0.0045060055965684392,0.0045098406100142485,0.0045093553616486586,0.0045114938542481229,0.0045093553616486586,0.0045098406100142485,0.0045060055965684392]],[[0.0045085144507452683,0.0045130349993880436,0.0045124691293095221,0.00451501974991561,0.0045124691293095221,0.0045130349993880436,0.0045085144507452683],[0.0045130349993880436,0.0045185348926679372,0.0045179670628591878,0.0045210601158774582,0.0045179670628591878,0.0045185348926679372,0.0045130349993880436],[0.0045124691293095221,0.0045179670628591878,0.0045195576541592368,0.0045211516389693628,0.0045195576541592368,0.0045179670628591878,0.0045124691293095221],[0.00451501974991561,0.0045210601158774582,0.0045211516389693628,0.0045241852475270171,0.0045211516389693628,0.0045210601158774582,0.00451501974991561],[0.0045124691293095221,0.0045179670628591878,0.0045195576541592368,0.0045211516389693628,0.0045195576541592368,0.0045179670628591878,0.0045124691293095221],[0.0045130349993880436,0.0045185348926679372,0.0045179670628591878,0.0045210601158774582,0.0045179670628591878,0.0045185348926679372,0.0045130349993880436],[0.0045085144507452683,0.0045130349993880436,0.0045124691293095221,0.00451501974991561,0.0045124691293095221,0.0045130349993880436,0.0045085144507452683]],[[0.004511421343684016,0.0045165828833859233,0.0045159434212116364,0.0045188836611687756,0.0045159434212116364,0.0045165828833859233,0.004511421343684016],[0.0045165828833859233,0.0045226353011361,0.0045220180002105148,0.00452544811658084,0.0045220180002105148,0.0045226353011361,0.0045165828833859233],[0.0045159434212116364,0.0045220180002105148,0.0045237741001686559,0.0045255338267959633,0.0045237741001686559,0.0045220180002105148,0.0045159434212116364],[0.0045188836611687756,0.00452544811658084,0.0045255338267959633,0.0045288684546577933,0.0045255338267959633,0.00452544811658084,0.0045188836611687756],[0.0045159434212116364,0.0045220180002105148,0.0045237741001686559,0.0045255338267959633,0.0045237741001686559,0.0045220180002105148,0.0045159434212116364],[0.0045165828833859233,0.0045226353011361,0.0045220180002105148,0.00452544811658084,0.0045220180002105148,0.0045226353011361,0.0045165828833859233],[0.004511421343684016,0.0045165828833859233,0.0045159434212116364,0.0045188836611687756,0.0045159434212116364,0.0045165828833859233,0.004511421343684016]],[[0.0045146985650886184,0.0045204521699069187,0.0045197463017859242,0.0045230497413266289,0.0045197463017859242,0.0045204521699069187,0.0045146985650886184],[0.0045204521699069187,0.0045269961867590424,0.0045263362880031983,0.004530069455186028,0.0045263362880031983,0.0045269961867590424,0.0045204521699069187],[0.0045197463017859242,0.0045263362880031983,0.0045282402792993469,0.0045301480799697941,0.0045282402792993469,0.0045263362880031983,0.0045197463017859242],[0.0045230497413266289,0.004530069455186028,0.0045301480799697941,0.0045337498359754626,0.0045301480799697941,0.004530069455186028,0.0045230497413266289],[0.0045197463017859242,0.0045263362880031983,0.0045282402792993469,0.0045301480799697941,0.0045282402792993469,0.0045263362880031983,0.0045197463017859242],[0.0045204521699069187,0.0045269961867590424,0.0045263362880031983,0.004530069455186028,0.0045263362880031983,0.0045269961867590424,0.0045204521699069187],[0.0045146985650886184,0.0045204521699069187,0.0045197463017859242,0.0045230497413266289,0.0045197463017859242,0.0045204521699069187,0.0045146985650886184]],[[0.0045183139348124535,0.0045246011239636124,0.0045238369125068208,0.0045274710974205455,0.0045238369125068208,0.0045246011239636124,0.0045183139348124535],[0.0045246011239636124,0.0045315649180813185,0.0045308701947355933,0.004534866119044475,0.0045308701947355933,0.0045315649180813185,0.0045246011239636124],[0.0045238369125068208,0.0045308701947355933,0.0045329012743854672,0.004534936307095924,0.0045329012743854672,0.0045308701947355933,0.0045238369125068208],[0.0045274710974205455,0.004534866119044475,0.004534936307095924,0.0045387653947046086,0.004534936307095924,0.004534866119044475,0.0045274710974205455],[0.0045238369125068208,0.0045308701947355933,0.0045329012743854672,0.004534936307095924,0.0045329012743854672,0.0045308701947355933,0.0045238369125068208],[0.0045246011239636124,0.0045315649180813185,0.0045308701947355933,0.004534866119044475,0.0045308701947355933,0.0045315649180813185,0.0045246011239636124],[0.0045183139348124535,0.0045246011239636124,0.0045238369125068208,0.0045274710974205455,0.0045238369125068208,0.0045246011239636124,0.0045183139348124535]],[[0.0045222301305545137,0.004528985732465571,0.0045281717797825052,0.0045320997702177658,0.0045281717797825052,0.004528985732465571,0.0045222301305545137],[0.004528985732465571,0.0045362981209552339,0.0045355760120235926,0.0045397938141972525,0.0045355760120235926,0.0045362981209552339,0.004528985732465571],[0.0045281717797825052,0.0045355760120235926,0.0045377133578166319,0.00453985476451437,0.0045377133578166319,0.0045355760120235926,0.0045281717797825052],[0.0045320997702177658,0.0045397938141972525,0.00453985476451437,0.0045438718725232851,0.00453985476451437,0.0045397938141972525,0.0045320997702177658],[0.0045281717797825052,0.0045355760120235926,0.0045377133578166319,0.00453985476451437,0.0045377133578166319,0.0045355760120235926,0.0045281717797825052],[0.004528985732465571,0.0045362981209552339,0.0045355760120235926,0.0045397938141972525,0.0045355760120235926,0.0045362981209552339,0.004528985732465571],[0.0045222301305545137,0.004528985732465571,0.0045281717797825052,0.0045320997702177658,0.0045281717797825052,0.004528985732465571,0.0045222301305545137]],[[0.004526406922104864,0.0045335622985905244,0.0045327073670997564,0.0045368895648606189,0.0045327073670997564,0.0045335622985905244,0.004526406922104864],[0.0045335622985905244,0.0045411516051836786,0.0045404093885090665,0.004544807448854017,0.0045404093885090665,0.0045411516051836786,0.0045335622985905244],[0.0045327073670997564,0.0045404093885090665,0.0045426319521491417,0.0045448586459045986,0.0045426319521491417,0.0045404093885090665,0.0045327073670997564],[0.0045368895648606189,0.004544807448854017,0.0045448586459045986,0.0045490242980660046,0.0045448586459045986,0.004544807448854017,0.0045368895648606189],[0.0045327073670997564,0.0045404093885090665,0.0045426319521491417,0.0045448586459045986,0.0045426319521491417,0.0045404093885090665,0.0045327073670997564],[0.0045335622985905244,0.0045411516051836786,0.0045404093885090665,0.004544807448854017,0.0045404093885090665,0.0045411516051836786,0.0045335622985905244],[0.004526406922104864,0.0045335622985905244,0.0045327073670997564,0.0045368895648606189,0.0045327073670997564,0.0045335622985905244,0.004526406922104864]],[[0.0045308023178625588,0.0045382861755303115,0.0045373991258283739,0.0045417939219407327,0.0045373991258283739,0.0045382861755303115,0.0045308023178625588],[0.0045382861755303115,0.0045460785800542887,0.004545323596427394,0.0045498589119956634,0.004545323596427394,0.0045460785800542887,0.0045382861755303115],[0.0045373991258283739,0.004545323596427394,0.0045476096864087477,0.0045498999359268521,0.0045476096864087477,0.004545323596427394,0.0045373991258283739],[0.0045417939219407327,0.0045498589119956634,0.0045498999359268521,0.00455417355260226,0.0045498999359268521,0.0045498589119956634,0.0045417939219407327],[0.0045373991258283739,0.004545323596427394,0.0045476096864087477,0.0045498999359268521,0.0045476096864087477,0.004545323596427394,0.0045373991258283739],[0.0045382861755303115,0.0045460785800542887,0.004545323596427394,0.0045498589119956634,0.004545323596427394,0.0045460785800542887,0.0045382861755303115],[0.0045308023178625588,0.0045382861755303115,0.0045373991258283739,0.0045417939219407327,0.0045373991258283739,0.0045382861755303115,0.0045308023178625588]],[[0.0045353728340422313,0.0045431116351226479,0.0045422014130199742,0.0045467655626589051,0.0045422014130199742,0.0045431116351226479,0.0045353728340422313],[0.0045431116351226479,0.0045510322385490512,0.0045502718063124455,0.00455490055930462,0.0045502718063124455,0.0045510322385490512,0.0045431116351226479],[0.0045422014130199742,0.0045502718063124455,0.0045525993825267959,0.0045549311090791111,0.0045525993825267959,0.0045502718063124455,0.0045422014130199742],[0.0045467655626589051,0.00455490055930462,0.0045549311090791111,0.0045592715817038033,0.0045549311090791111,0.00455490055930462,0.0045467655626589051],[0.0045422014130199742,0.0045502718063124455,0.0045525993825267959,0.0045549311090791111,0.0045525993825267959,0.0045502718063124455,0.0045422014130199742],[0.0045431116351226479,0.0045510322385490512,0.0045502718063124455,0.00455490055930462,0.0045502718063124455,0.0045510322385490512,0.0045431116351226479],[0.0045353728340422313,0.0045431116351226479,0.0045422014130199742,0.0045467655626589051,0.0045422014130199742,0.0045431116351226479,0.0045353728340422313]],[[0.0045400739059508555,0.0045479928409592569,0.0045470683861306947,0.0045517576158493047,0.0045470683861306947,0.0045479928409592569,0.0045400739059508555],[0.0045479928409592569,0.0045559674639165512,0.00455520870724844,0.0045598872254721725,0.00455520870724844,0.0045559674639165512,0.0045479928409592569],[0.0045470683861306947,0.00455520870724844,0.0045575558867009015,0.0045599071707982317,0.0045575558867009015,0.00455520870724844,0.0045470683861306947],[0.0045517576158493047,0.0045598872254721725,0.0045599071707982317,0.0045642738469731095,0.0045599071707982317,0.0045598872254721725,0.0045517576158493047],[0.0045470683861306947,0.00455520870724844,0.0045575558867009015,0.0045599071707982317,0.0045575558867009015,0.00455520870724844,0.0045470683861306947],[0.0045479928409592569,0.0045559674639165512,0.00455520870724844,0.0045598872254721725,0.00455520870724844,0.0045559674639165512,0.0045479928409592569],[0.0045400739059508555,0.0045479928409592569,0.0045470683861306947,0.0045517576158493047,0.0045470683861306947,0.0045479928409592569,0.0045400739059508555]],[[0.004544860599308035,0.004552884945120881,0.004551955045010235,0.00455672484572355,0.004551955045010235,0.004552884945120881,0.004544860599308035],[0.004552884945120881,0.0045608419164100272,0.0045600915923044664,0.0045647773446416667,0.0045600915923044664,0.0045608419164100272,0.004552884945120881],[0.004551955045010235,0.0045600915923044664,0.0045624371623692993,0.0045647867579991933,0.0045624371623692993,0.0045600915923044664,0.004551955045010235],[0.00455672484572355,0.0045647773446416667,0.0045647867579991933,0.0045691404222258777,0.0045647867579991933,0.0045647773446416667,0.00455672484572355],[0.004551955045010235,0.0045600915923044664,0.0045624371623692993,0.0045647867579991933,0.0045624371623692993,0.0045600915923044664,0.004551955045010235],[0.004552884945120881,0.0045608419164100272,0.0045600915923044664,0.0045647773446416667,0.0045600915923044664,0.0045608419164100272,0.004552884945120881],[0.004544860599308035,0.004552884945120881,0.004551955045010235,0.00455672484572355,0.004551955045010235,0.004552884945120881,0.004544860599308035]],[[0.00454968850027989,0.0045577452160817161,0.0045568183258197234,0.0045616248746424134,0.0045568183258197234,0.0045577452160817161,0.00454968850027989],[0.0045577452160817161,0.00456561726235446,0.0045648815763322309,0.0045695342425423977,0.0045648815763322309,0.00456561726235446,0.0045577452160817161],[0.0045568183258197234,0.0045648815763322309,0.004567205541728854,0.0045695334243827414,0.004567205541728854,0.0045648815763322309,0.0045568183258197234],[0.0045616248746424134,0.0045695342425423977,0.0045695334243827414,0.0045738373350078841,0.0045695334243827414,0.0045695342425423977,0.0045616248746424134],[0.0045568183258197234,0.0045648815763322309,0.004567205541728854,0.0045695334243827414,0.004567205541728854,0.0045648815763322309,0.0045568183258197234],[0.0045577452160817161,0.00456561726235446,0.0045648815763322309,0.0045695342425423977,0.0045648815763322309,0.00456561726235446,0.0045577452160817161],[0.00454968850027989,0.0045577452160817161,0.0045568183258197234,0.0045616248746424134,0.0045568183258197234,0.0045577452160817161,0.00454968850027989]],[[0.0045545147253628869,0.0045625342068351662,0.004561618247260783,0.0045664194237982157,0.004561618247260783,0.0045625342068351662,0.0045545147253628869],[0.0045625342068351662,0.0045702603391702063,0.0045695447627364608,0.0045741273213629882,0.0045695447627364608,0.0045702603391702063,0.0045625342068351662],[0.004561618247260783,0.0045695447627364608,0.0045718288966319189,0.0045741168152832468,0.0045718288966319189,0.0045695447627364608,0.004561618247260783],[0.0045664194237982157,0.0045741273213629882,0.0045741168152832468,0.0045783377390928061,0.0045741168152832468,0.0045741273213629882,0.0045664194237982157],[0.004561618247260783,0.0045695447627364608,0.0045718288966319189,0.0045741168152832468,0.0045718288966319189,0.0045695447627364608,0.004561618247260783],[0.0045625342068351662,0.0045702603391702063,0.0045695447627364608,0.0045741273213629882,0.0045695447627364608,0.0045702603391702063,0.0045625342068351662],[0.0045545147253628869,0.0045625342068351662,0.004561618247260783,0.0045664194237982157,0.004561618247260783,0.0045625342068351662,0.0045545147253628869]],[[0.0045592989922822545,0.0045672168638309137,0.0045663190146962365,0.0045710754516576149,0.0045663190146962365,0.0045672168638309137,0.0045592989922822545],[0.0045672168638309137,0.0045747440752435652,0.0045740531862262495,0.0045785329210767051,0.0045740531862262495,0.0045747440752435652,0.0045672168638309137],[0.0045663190146962365,0.0045740531862262495,0.0045762815326580034,0.0045785135127885878,0.0045762815326580034,0.0045740531862262495,0.0045663190146962365],[0.0045710754516576149,0.0045785329210767051,0.0045785135127885878,0.0045826226537041669,0.0045785135127885878,0.0045785329210767051,0.0045710754516576149],[0.0045663190146962365,0.0045740531862262495,0.0045762815326580034,0.0045785135127885878,0.0045762815326580034,0.0045740531862262495,0.0045663190146962365],[0.0045672168638309137,0.0045747440752435652,0.0045740531862262495,0.0045785329210767051,0.0045740531862262495,0.0045747440752435652,0.0045672168638309137],[0.0045592989922822545,0.0045672168638309137,0.0045663190146962365,0.0045710754516576149,0.0045663190146962365,0.0045672168638309137,0.0045592989922822545]],[[0.0045640046701535654,0.0045717634679915417,0.0045708899763926714,0.0045755660658479552,0.0045708899763926714,0.0045717634679915417,0.0045640046701535654],[0.0045717634679915417,0.004579048078342308,0.0045783854419429284,0.0045827347743625469,0.0045783854419429284,0.004579048078342308,0.0045717634679915417],[0.0045708899763926714,0.0045783854419429284,0.0045805447218670945,0.0045827074717928289,0.0045805447218670945,0.0045783854419429284,0.0045708899763926714],[0.0045755660658479552,0.0045827347743625469,0.0045827074717928289,0.0045866812029746245,0.0045827074717928289,0.0045827347743625469,0.0045755660658479552],[0.0045708899763926714,0.0045783854419429284,0.0045805447218670945,0.0045827074717928289,0.0045805447218670945,0.0045783854419429284,0.0045708899763926714],[0.0045717634679915417,0.004579048078342308,0.0045783854419429284,0.0045827347743625469,0.0045783854419429284,0.004579048078342308,0.0045717634679915417],[0.0045640046701535654,0.0045717634679915417,0.0045708899763926714,0.0045755660658479552,0.0045708899763926714,0.0045717634679915417,0.0045640046701535654]],[[0.0045685997194271069,0.0045761503182071006,0.0045753063416295358,0.0045798711141852586,0.0045753063416295358,0.0045761503182071006,0.0045685997194271069],[0.0045761503182071006,0.0045831588400120412,0.0045825269435821126,0.0045867240143298476,0.0045825269435821126,0.0045831588400120412,0.0045761503182071006],[0.0045753063416295358,0.0045825269435821126,0.0045846068266268032,0.0045866900091792737,0.0045846068266268032,0.0045825269435821126,0.0045753063416295358],[0.0045798711141852586,0.0045867240143298476,0.0045866900091792737,0.0045905103387627842,0.0045866900091792737,0.0045867240143298476,0.0045798711141852586],[0.0045753063416295358,0.0045825269435821126,0.0045846068266268032,0.0045866900091792737,0.0045846068266268032,0.0045825269435821126,0.0045753063416295358],[0.0045761503182071006,0.0045831588400120412,0.0045825269435821126,0.0045867240143298476,0.0045825269435821126,0.0045831588400120412,0.0045761503182071006],[0.0045685997194271069,0.0045761503182071006,0.0045753063416295358,0.0045798711141852586,0.0045753063416295358,0.0045761503182071006,0.0045685997194271069]],[[0.0045730574384139069,0.0045803600945405415,0.00457954959458617,0.0045839773966612788,0.00457954959458617,0.0045803600945405415,0.0045730574384139069],[0.0045803600945405415,0.0045870695440212352,0.0045864697924203647,0.0045904987424562642,0.0045864697924203647,0.0045870695440212352,0.0045803600945405415],[0.00457954959458617,0.0045864697924203647,0.0045884630104631426,0.0045904593561631284,0.0045884630104631426,0.0045864697924203647,0.00457954959458617],[0.0045839773966612788,0.0045904987424562642,0.0045904593561631284,0.0045941140853467408,0.0045904593561631284,0.0045904987424562642,0.0045839773966612788],[0.00457954959458617,0.0045864697924203647,0.0045884630104631426,0.0045904593561631284,0.0045884630104631426,0.0045864697924203647,0.00457954959458617],[0.0045803600945405415,0.0045870695440212352,0.0045864697924203647,0.0045904987424562642,0.0045864697924203647,0.0045870695440212352,0.0045803600945405415],[0.0045730574384139069,0.0045803600945405415,0.00457954959458617,0.0045839773966612788,0.00457954959458617,0.0045803600945405415,0.0045730574384139069]],[[0.0045773569508242113,0.00458438187328555,0.0045836075706726705,0.0045878784834333846,0.0045836075706726705,0.00458438187328555,0.0045773569508242113],[0.00458438187328555,0.0045907795125499761,0.0045902122838484593,0.0045940632159867968,0.0045902122838484593,0.0045907795125499761,0.00458438187328555],[0.0045836075706726705,0.0045902122838484593,0.0045921145799452025,0.0045940198352505844,0.0045921145799452025,0.0045902122838484593,0.0045836075706726705],[0.0045878784834333846,0.0045940632159867968,0.0045940198352505844,0.004597502401771405,0.0045940198352505844,0.0045940632159867968,0.0045878784834333846],[0.0045836075706726705,0.0045902122838484593,0.0045921145799452025,0.0045940198352505844,0.0045921145799452025,0.0045902122838484593,0.0045836075706726705],[0.00458438187328555,0.0045907795125499761,0.0045902122838484593,0.0045940632159867968,0.0045902122838484593,0.0045907795125499761,0.00458438187328555],[0.0045773569508242113,0.00458438187328555,0.0045836075706726705,0.0045878784834333846,0.0045836075706726705,0.00458438187328555,0.0045773569508242113]],[[0.0045814833953275952,0.0045882108046770374,0.0045874741992398575,0.0045915741689526376,0.0045874741992398575,0.0045882108046770374,0.0045814833953275952],[0.0045882108046770374,0.0045942933635345438,0.0045937581178964017,0.00459742675599906,0.0045937581178964017,0.0045942933635345438,0.0045882108046770374],[0.0045874741992398575,0.0045937581178964017,0.0045955680421511658,0.0045973807644524179,0.0045955680421511658,0.0045937581178964017,0.0045874741992398575],[0.0045915741689526376,0.00459742675599906,0.0045973807644524179,0.004600689799258496,0.0045973807644524179,0.00459742675599906,0.0045915741689526376],[0.0045874741992398575,0.0045937581178964017,0.0045955680421511658,0.0045973807644524179,0.0045955680421511658,0.0045937581178964017,0.0045874741992398575],[0.0045882108046770374,0.0045942933635345438,0.0045937581178964017,0.00459742675599906,0.0045937581178964017,0.0045942933635345438,0.0045882108046770374],[0.0045814833953275952,0.0045882108046770374,0.0045874741992398575,0.0045915741689526376,0.0045874741992398575,0.0045882108046770374,0.0045814833953275952]],[[0.0045854278097745976,0.0045918475001138492,0.0045911489523113034,0.0045950696318273919,0.0045911489523113034,0.0045918475001138492,0.0045854278097745976],[0.0045918475001138492,0.0045976199792475345,0.004597115408213919,0.0046006025016654337,0.004597115408213919,0.0045976199792475345,0.0045918475001138492],[0.0045911489523113034,0.004597115408213919,0.0045988339878993293,0.0046005552146695453,0.0045988339878993293,0.004597115408213919,0.0045911489523113034],[0.0045950696318273919,0.0046006025016654337,0.0046005552146695453,0.0046036938690204128,0.0046005552146695453,0.0046006025016654337,0.0045950696318273919],[0.0045911489523113034,0.004597115408213919,0.0045988339878993293,0.0046005552146695453,0.0045988339878993293,0.004597115408213919,0.0045911489523113034],[0.0045918475001138492,0.0045976199792475345,0.004597115408213919,0.0046006025016654337,0.004597115408213919,0.0045976199792475345,0.0045918475001138492],[0.0045854278097745976,0.0045918475001138492,0.0045911489523113034,0.0045950696318273919,0.0045911489523113034,0.0045918475001138492,0.0045854278097745976]],[[0.00458918673442191,0.004595297203289635,0.0045946360673052482,0.004598374397325823,0.0045946360673052482,0.004595297203289635,0.00458918673442191],[0.004595297203289635,0.0046007713959011088,0.0046002955958741988,0.0046036061395641949,0.0046002955958741988,0.0046007713959011088,0.004595297203289635],[0.0045946360673052482,0.0046002955958741988,0.0046019259179957842,0.0046035587483840828,0.0046019259179957842,0.0046002955958741988,0.0045946360673052482],[0.004598374397325823,0.0046036061395641949,0.0046035587483840828,0.0046065338680257974,0.0046035587483840828,0.0046036061395641949,0.004598374397325823],[0.0045946360673052482,0.0046002955958741988,0.0046019259179957842,0.0046035587483840828,0.0046019259179957842,0.0046002955958741988,0.0045946360673052482],[0.004595297203289635,0.0046007713959011088,0.0046002955958741988,0.0046036061395641949,0.0046002955958741988,0.0046007713959011088,0.004595297203289635],[0.00458918673442191,0.004595297203289635,0.0045946360673052482,0.004598374397325823,0.0045946360673052482,0.004595297203289635,0.00458918673442191]],[[0.00459276158531805,0.0045985688346129516,0.0045979436284570982,0.0046015012106869011,0.0045979436284570982,0.0045985688346129516,0.00459276158531805],[0.0045985688346129516,0.0046037617167625057,0.0046033123696721,0.0046064547206168477,0.0046033123696721,0.0046037617167625057,0.0045985688346129516],[0.0045979436284570982,0.0046033123696721,0.0046048591188067242,0.0046064082505850147,0.0046048591188067242,0.0046033123696721,0.0045979436284570982],[0.0046015012106869011,0.0046064547206168477,0.0046064082505850147,0.00460922948061848,0.0046064082505850147,0.0046064547206168477,0.0046015012106869011],[0.0045979436284570982,0.0046033123696721,0.0046048591188067242,0.0046064082505850147,0.0046048591188067242,0.0046033123696721,0.0045979436284570982],[0.0045985688346129516,0.0046037617167625057,0.0046033123696721,0.0046064547206168477,0.0046033123696721,0.0046037617167625057,0.0045985688346129516],[0.00459276158531805,0.0045985688346129516,0.0045979436284570982,0.0046015012106869011,0.0045979436284570982,0.0045985688346129516,0.00459276158531805]],[[0.0045961578670512858,0.0046016739994827853,0.0046010825952004317,0.0046044649242744894,0.0046010825952004317,0.0046016739994827853,0.0045961578670512858],[0.0046016739994827853,0.0046066061305953306,0.0046061806763653028,0.0046091656469739372,0.0046061806763653028,0.0046066061305953306,0.0046016739994827853],[0.0046010825952004317,0.0046061806763653028,0.0046076496689503831,0.0046091209320457405,0.0046076496689503831,0.0046061806763653028,0.0046010825952004317],[0.0046044649242744894,0.0046091656469739372,0.0046091209320457405,0.004611799830921838,0.0046091209320457405,0.0046091656469739372,0.0046044649242744894],[0.0046010825952004317,0.0046061806763653028,0.0046076496689503831,0.0046091209320457405,0.0046076496689503831,0.0046061806763653028,0.0046010825952004317],[0.0046016739994827853,0.0046066061305953306,0.0046061806763653028,0.0046091656469739372,0.0046061806763653028,0.0046066061305953306,0.0046016739994827853],[0.0045961578670512858,0.0046016739994827853,0.0046010825952004317,0.0046044649242744894,0.0046010825952004317,0.0046016739994827853,0.0045961578670512858]],[[0.0045993843013703746,0.00460462604001923,0.0046040658572601484,0.0046072814831239805,0.0046040658572601484,0.00460462604001923,0.0045993843013703746],[0.00460462604001923,0.0046093200891518761,0.004608915878043485,0.00461175587483697,0.004608915878043485,0.0046093200891518761,0.00460462604001923],[0.0046040658572601484,0.004608915878043485,0.0046103136275586895,0.0046117135486415922,0.0046103136275586895,0.004608915878043485,0.0046040658572601484],[0.0046072814831239805,0.00461175587483697,0.0046117135486415922,0.0046142627750555181,0.0046117135486415922,0.00461175587483697,0.0046072814831239805],[0.0046040658572601484,0.004608915878043485,0.0046103136275586895,0.0046117135486415922,0.0046103136275586895,0.004608915878043485,0.0046040658572601484],[0.00460462604001923,0.0046093200891518761,0.004608915878043485,0.00461175587483697,0.004608915878043485,0.0046093200891518761,0.00460462604001923],[0.0045993843013703746,0.00460462604001923,0.0046040658572601484,0.0046072814831239805,0.0046040658572601484,0.00460462604001923,0.0045993843013703746]],[[0.0046024519450212284,0.0046074391905488463,0.0046069073790073623,0.0046099670669071859,0.0046069073790073623,0.0046074391905488463,0.0046024519450212284],[0.0046074391905488463,0.0046119186683526983,0.0046115330856536275,0.00461424134455452,0.0046115330856536275,0.0046119186683526983,0.0046074391905488463],[0.0046069073790073623,0.0046115330856536275,0.0046128664233217554,0.00461420184608113,0.0046128664233217554,0.0046115330856536275,0.0046069073790073623],[0.0046099670669071859,0.00461424134455452,0.00461420184608113,0.0046166344625135167,0.00461420184608113,0.00461424134455452,0.0046099670669071859],[0.0046069073790073623,0.0046115330856536275,0.0046128664233217554,0.00461420184608113,0.0046128664233217554,0.0046115330856536275,0.0046069073790073623],[0.0046074391905488463,0.0046119186683526983,0.0046115330856536275,0.00461424134455452,0.0046115330856536275,0.0046119186683526983,0.0046074391905488463],[0.0046024519450212284,0.0046074391905488463,0.0046069073790073623,0.0046099670669071859,0.0046069073790073623,0.0046074391905488463,0.0046024519450212284]],[[0.00460537335862045,0.0046101278742446223,0.0046096214741258214,0.0046125374177646821,0.0046096214741258214,0.0046101278742446223,0.00460537335862045],[0.0046101278742446223,0.0046144161128467056,0.0046140466727972269,0.0046166366220205075,0.0046140466727972269,0.0046144161128467056,0.0046101278742446223],[0.0046096214741258214,0.0046140466727972269,0.0046153224377265467,0.0046166002127398771,0.0046153224377265467,0.0046140466727972269,0.0046096214741258214],[0.0046125374177646821,0.0046166366220205075,0.0046166002127398771,0.0046189291283273079,0.0046166002127398771,0.0046166366220205075,0.0046125374177646821],[0.0046096214741258214,0.0046140466727972269,0.0046153224377265467,0.0046166002127398771,0.0046153224377265467,0.0046140466727972269,0.0046096214741258214],[0.0046101278742446223,0.0046144161128467056,0.0046140466727972269,0.0046166366220205075,0.0046140466727972269,0.0046144161128467056,0.0046101278742446223],[0.00460537335862045,0.0046101278742446223,0.0046096214741258214,0.0046125374177646821,0.0046096214741258214,0.0046101278742446223,0.00460537335862045]],[[0.0046081618717876112,0.0046127061562134522,0.0046122222301092624,0.0046150073578998911,0.0046122222301092624,0.0046127061562134522,0.0046081618717876112],[0.0046127061562134522,0.0046168255457910033,0.004616469955387891,0.0046189547180590174,0.004616469955387891,0.0046168255457910033,0.0046127061562134522],[0.0046122222301092624,0.004616469955387891,0.0046176947583266188,0.0046189215066707147,0.0046176947583266188,0.004616469955387891,0.0046122222301092624],[0.0046150073578998911,0.0046189547180590174,0.0046189215066707147,0.0046211590634842765,0.0046189215066707147,0.0046189547180590174,0.0046150073578998911],[0.0046122222301092624,0.004616469955387891,0.0046176947583266188,0.0046189215066707147,0.0046176947583266188,0.004616469955387891,0.0046122222301092624],[0.0046127061562134522,0.0046168255457910033,0.004616469955387891,0.0046189547180590174,0.004616469955387891,0.0046168255457910033,0.0046127061562134522],[0.0046081618717876112,0.0046127061562134522,0.0046122222301092624,0.0046150073578998911,0.0046122222301092624,0.0046127061562134522,0.0046081618717876112]],[[0.0046108309715550419,0.00461518735014107,0.0046147230837586192,0.0046173904815225222,0.0046147230837586192,0.00461518735014107,0.0046108309715550419],[0.00461518735014107,0.0046191588155875644,0.0046188150115863665,0.0046212070449165778,0.0046188150115863665,0.0046191588155875644,0.00461518735014107],[0.0046147230837586192,0.0046188150115863665,0.0046199950688403891,0.00462117701596469,0.0046199950688403891,0.0046188150115863665,0.0046147230837586192],[0.0046173904815225222,0.0046212070449165778,0.00462117701596469,0.0046233347087450381,0.00462117701596469,0.0046212070449165778,0.0046173904815225222],[0.0046147230837586192,0.0046188150115863665,0.0046199950688403891,0.00462117701596469,0.0046199950688403891,0.0046188150115863665,0.0046147230837586192],[0.00461518735014107,0.0046191588155875644,0.0046188150115863665,0.0046212070449165778,0.0046188150115863665,0.0046191588155875644,0.00461518735014107],[0.0046108309715550419,0.00461518735014107,0.0046147230837586192,0.0046173904815225222,0.0046147230837586192,0.00461518735014107,0.0046108309715550419]],[[0.0046133938242139969,0.0046175837628910591,0.00461713653543367,0.0046196989938365194,0.00461713653543367,0.0046175837628910591,0.0046133938242139969],[0.0046175837628910591,0.0046214264479360646,0.0046210926118948848,0.0046234034691515907,0.0046210926118948848,0.0046214264479360646,0.0046175837628910591],[0.00461713653543367,0.0046210926118948848,0.0046222336409309662,0.0046233765122869743,0.0046222336409309662,0.0046210926118948848,0.00461713653543367],[0.0046196989938365194,0.0046234034691515907,0.0046233765122869743,0.0046254648229007139,0.0046233765122869743,0.0046234034691515907,0.0046196989938365194],[0.00461713653543367,0.0046210926118948848,0.0046222336409309662,0.0046233765122869743,0.0046222336409309662,0.0046210926118948848,0.00461713653543367],[0.0046175837628910591,0.0046214264479360646,0.0046210926118948848,0.0046234034691515907,0.0046210926118948848,0.0046214264479360646,0.0046175837628910591],[0.0046133938242139969,0.0046175837628910591,0.00461713653543367,0.0046196989938365194,0.00461713653543367,0.0046175837628910591,0.0046133938242139969]],[[0.0046158629271637677,0.0046199065543207855,0.0046194739817060322,0.0046219436647353439,0.0046194739817060322,0.0046199065543207855,0.0046158629271637677],[0.0046199065543207855,0.0046236376730096149,0.0046233122297232952,0.0046255524253061191,0.0046233122297232952,0.0046236376730096149,0.0046199065543207855],[0.0046194739817060322,0.0046233122297232952,0.0046244193954135954,0.0046255283627714564,0.0046244193954135954,0.0046233122297232952,0.0046194739817060322],[0.0046219436647353439,0.0046255524253061191,0.0046255283627714564,0.0046275566866693036,0.0046255283627714564,0.0046255524253061191,0.0046219436647353439],[0.0046194739817060322,0.0046233122297232952,0.0046244193954135954,0.0046255283627714564,0.0046244193954135954,0.0046233122297232952,0.0046194739817060322],[0.0046199065543207855,0.0046236376730096149,0.0046233122297232952,0.0046255524253061191,0.0046233122297232952,0.0046236376730096149,0.0046199065543207855],[0.0046158629271637677,0.0046199065543207855,0.0046194739817060322,0.0046219436647353439,0.0046194739817060322,0.0046199065543207855,0.0046158629271637677]],[[0.0046182498778722953,0.0046221656871675617,0.0046217456426394053,0.0046241338651482862,0.0046217456426394053,0.0046221656871675617,0.0046182498778722953],[0.0046221656871675617,0.00462580050181432,0.0046254821062418723,0.0046276610621389276,0.0046254821062418723,0.00462580050181432,0.0046221656871675617],[0.0046217456426394053,0.0046254821062418723,0.0046265600061149359,0.0046276396729126069,0.0046265600061149359,0.0046254821062418723,0.0046217456426394053],[0.0046241338651482862,0.0046276610621389276,0.0046276396729126069,0.00462961631459432,0.0046276396729126069,0.0046276610621389276,0.0046241338651482862],[0.0046217456426394053,0.0046254821062418723,0.0046265600061149359,0.0046276396729126069,0.0046265600061149359,0.0046254821062418723,0.0046217456426394053],[0.0046221656871675617,0.00462580050181432,0.0046254821062418723,0.0046276610621389276,0.0046254821062418723,0.00462580050181432,0.0046221656871675617],[0.0046182498778722953,0.0046221656871675617,0.0046217456426394053,0.0046241338651482862,0.0046217456426394053,0.0046221656871675617,0.0046182498778722953]],[[0.0046205652416679566,0.0046243699428348169,0.00462396056002311,0.0046262776576581986,0.00462396056002311,0.0046243699428348169,0.0046205652416679566],[0.0046243699428348169,0.0046279218311559211,0.004627609348240665,0.0046297354008954742,0.004627609348240665,0.0046279218311559211,0.0046243699428348169],[0.00462396056002311,0.004627609348240665,0.0046286620258676817,0.00462971644070698,0.0046286620258676817,0.004627609348240665,0.00462396056002311],[0.0046262776576581986,0.0046297354008954742,0.00462971644070698,0.0046316486573449644,0.00462971644070698,0.0046297354008954742,0.0046262776576581986],[0.00462396056002311,0.004627609348240665,0.0046286620258676817,0.00462971644070698,0.0046286620258676817,0.004627609348240665,0.004623960560023