{"M_cells":[[[0,0,0,0,0,0,0],[0,0,0,0,0,0,0],[0,0,0,0,0,0,0],[0,0,0,0,0,0,0],[0,0,0,0,0,0,0],[0,0,0,0,0,0,0],[0,0,0,0,0,0,0]],[[5.5355381151916677E-12,3.1743229615196705E-11,2.8248180803812581E-11,4.1305647764508173E-11,2.8248180803812581E-11,3.1743229615196712E-11,5.5355381151916685E-12],[3.1743229615196705E-11,1.33555694930472E-10,1.2213205782577251E-10,1.7241451746628188E-10,1.2213205782577251E-10,1.33555694930472E-10,3.1743229615196712E-11],[2.8248180803812581E-11,1.2213205782577251E-10,1.4983377378492555E-10,1.7768183780457081E-10,1.4983377378492555E-10,1.2213205782577251E-10,2.8248180803812581E-11],[4.1305647764508173E-11,1.7241451746628188E-10,1.7768183780457081E-10,2.34259408221038E-10,1.7768183780457081E-10,1.7241451746628188E-10,4.1305647764508173E-11],[2.8248180803812581E-11,1.2213205782577251E-10,1.4983377378492555E-10,1.7768183780457081E-10,1.4983377378492555E-10,1.2213205782577251E-10,2.8248180803812581E-11],[3.1743229615196712E-11,1.33555694930472E-10,1.2213205782577251E-10,1.7241451746628188E-10,1.2213205782577251E-10,1.33555694930472E-10,3.1743229615196712E-11],[5.5355381151916685E-12,3.1743229615196712E-11,2.8248180803812581E-11,4.1305647764508173E-11,2.8248180803812581E-11,3.1743229615196712E-11,5.5355381151916685E-12]],[[3.7875222850260442E-11,1.2295735350301773E-10,1.1174479608540862E-10,1.5550291759815346E-10,1.1174479608540862E-10,1.2295735350301776E-10,3.7875222850260448E-11],[1.2295735350301773E-10,3.1674172928670183E-10,2.9527528801437532E-10,3.9488897561076349E-10,2.9527528801437532E-10,3.1674172928670183E-10,1.2295735350301776E-10],[1.1174479608540862E-10,2.9527528801437532E-10,3.4907792746195566E-10,4.0306562969782597E-10,3.4907792746195566E-10,2.9527528801437532E-10,1.1174479608540862E-10],[1.5550291759815346E-10,3.9488897561076349E-10,4.0306562969782597E-10,5.1065382718023434E-10,4.0306562969782597E-10,3.9488897561076349E-10,1.5550291759815346E-10],[1.1174479608540862E-10,2.9527528801437532E-10,3.4907792746195566E-10,4.0306562969782597E-10,3.4907792746195566E-10,2.9527528801437532E-10,1.1174479608540862E-10],[1.2295735350301776E-10,3.1674172928670183E-10,2.9527528801437532E-10,3.9488897561076349E-10,2.9527528801437532E-10,3.1674172928670183E-10,1.2295735350301776E-10],[3.7875222850260448E-11,1.2295735350301776E-10,1.1174479608540862E-10,1.5550291759815346E-10,1.1174479608540862E-10,1.2295735350301776E-10,3.7875222850260448E-11]],[[1.102971211951603E-10,2.6786246698823279E-10,2.4729002485288788E-10,3.3051607328037728E-10,2.4729002485288788E-10,2.6786246698823284E-10,1.1029712119516032E-10],[2.6786246698823279E-10,5.4478932875722167E-10,5.1452816392587989E-10,6.6113854174072039E-10,5.1452816392587989E-10,5.4478932875722167E-10,2.6786246698823284E-10],[2.4729002485288788E-10,5.1452816392587989E-10,5.9248806025188687E-10,6.7066799337309009E-10,5.9248806025188687E-10,5.1452816392587989E-10,2.4729002485288788E-10],[3.3051607328037728E-10,6.6113854174072039E-10,6.7066799337309009E-10,8.2422791469990826E-10,6.7066799337309009E-10,6.6113854174072039E-10,3.3051607328037728E-10],[2.4729002485288788E-10,5.1452816392587989E-10,5.9248806025188687E-10,6.7066799337309009E-10,5.9248806025188687E-10,5.1452816392587989E-10,2.4729002485288788E-10],[2.6786246698823284E-10,5.4478932875722167E-10,5.1452816392587989E-10,6.6113854174072039E-10,5.1452816392587989E-10,5.4478932875722167E-10,2.6786246698823284E-10],[1.1029712119516032E-10,2.6786246698823284E-10,2.4729002485288788E-10,3.3051607328037728E-10,2.4729002485288788E-10,2.6786246698823284E-10,1.1029712119516032E-10]],[[2.2765226045284907E-10,4.6135471957175634E-10,4.31144522248718E-10,5.5733086285527836E-10,4.31144522248718E-10,4.6135471957175634E-10,2.276522604528491E-10],[4.6135471957175634E-10,8.1361120361027488E-10,7.7568110261286378E-10,9.66319313337584E-10,7.7568110261286378E-10,8.1361120361027488E-10,4.6135471957175634E-10],[4.31144522248718E-10,7.7568110261286378E-10,8.7584960750915378E-10,9.7626983168387487E-10,8.7584960750915378E-10,7.7568110261286378E-10,4.3114452224871805E-10],[5.5733086285527836E-10,9.66319313337584E-10,9.7626983168387487E-10,1.1713319434607465E-9,9.76269831683875E-10,9.6631931333758429E-10,5.5733086285527846E-10],[4.31144522248718E-10,7.7568110261286378E-10,8.7584960750915378E-10,9.76269831683875E-10,8.75849607509154E-10,7.75681102612864E-10,4.3114452224871805E-10],[4.6135471957175634E-10,8.1361120361027488E-10,7.7568110261286378E-10,9.6631931333758429E-10,7.75681102612864E-10,8.1361120361027488E-10,4.6135471957175645E-10],[2.276522604528491E-10,4.6135471957175634E-10,4.3114452224871805E-10,5.5733086285527846E-10,4.3114452224871805E-10,4.6135471957175645E-10,2.2765226045284912E-10]],[[3.9044744826268615E-10,6.9891212823605337E-10,6.5946117282725252E-10,8.29040206681711E-10,6.5946117282725252E-10,6.9891212823605337E-10,3.904474482626862E-10],[6.9891212823605337E-10,1.11956921958874E-9,1.0749450798315688E-9,1.3064224085398067E-9,1.0749450798315688E-9,1.11956921958874E-9,6.9891212823605337E-10],[6.5946117282725252E-10,1.0749450798315688E-9,1.1954581704189821E-9,1.3162517723250129E-9,1.1954581704189821E-9,1.0749450798315688E-9,6.5946117282725252E-10],[8.29040206681711E-10,1.3064224085398067E-9,1.3162517723250129E-9,1.5488638834687758E-9,1.3162517723250129E-9,1.3064224085398069E-9,8.2904020668171107E-10],[6.5946117282725252E-10,1.0749450798315688E-9,1.1954581704189821E-9,1.3162517723250129E-9,1.1954581704189821E-9,1.0749450798315688E-9,6.5946117282725252E-10],[6.9891212823605337E-10,1.11956921958874E-9,1.0749450798315688E-9,1.3064224085398069E-9,1.0749450798315688E-9,1.11956921958874E-9,6.9891212823605347E-10],[3.904474482626862E-10,6.9891212823605337E-10,6.5946117282725252E-10,8.2904020668171107E-10,6.5946117282725252E-10,6.9891212823605347E-10,3.904474482626862E-10]],[[5.9704948829561981E-10,9.7652301223838881E-10,9.285209599011741E-10,1.14022010588817E-9,9.285209599011741E-10,9.7652301223838881E-10,5.9704948829561981E-10],[9.7652301223838881E-10,1.4594315370592607E-9,1.408938508131621E-9,1.6780855729247552E-9,1.408938508131621E-9,1.4594315370592609E-9,9.7652301223838881E-10],[9.285209599011741E-10,1.408938508131621E-9,1.5480624223892419E-9,1.6874931040688802E-9,1.5480624223892419E-9,1.408938508131621E-9,9.285209599011741E-10],[1.14022010588817E-9,1.6780855729247552E-9,1.6874931040688802E-9,1.9541678103888535E-9,1.6874931040688802E-9,1.6780855729247552E-9,1.14022010588817E-9],[9.285209599011741E-10,1.408938508131621E-9,1.5480624223892419E-9,1.6874931040688802E-9,1.5480624223892419E-9,1.408938508131621E-9,9.285209599011741E-10],[9.7652301223838881E-10,1.4594315370592609E-9,1.408938508131621E-9,1.6780855729247552E-9,1.408938508131621E-9,1.4594315370592609E-9,9.76523012238389E-10],[5.9704948829561981E-10,9.7652301223838881E-10,9.285209599011741E-10,1.14022010588817E-9,9.285209599011741E-10,9.76523012238389E-10,5.9704948829561981E-10]],[[8.4486617555695231E-10,1.2906278929184915E-9,1.2348525214365743E-9,1.4865161306831865E-9,1.2348525214365743E-9,1.2906278929184915E-9,8.4486617555695231E-10],[1.2906278929184915E-9,1.8303318301811183E-9,1.7746596999652949E-9,2.0784579829299428E-9,1.7746596999652949E-9,1.8303318301811183E-9,1.2906278929184915E-9],[1.2348525214365743E-9,1.7746596999652949E-9,1.9308101972057516E-9,2.0872914934705284E-9,1.9308101972057516E-9,1.7746596999652949E-9,1.2348525214365743E-9],[1.4865161306831865E-9,2.0784579829299428E-9,2.0872914934705284E-9,2.3849556526655923E-9,2.0872914934705289E-9,2.0784579829299432E-9,1.4865161306831865E-9],[1.2348525214365743E-9,1.7746596999652949E-9,1.9308101972057516E-9,2.0872914934705289E-9,1.930810197205752E-9,1.7746596999652951E-9,1.2348525214365745E-9],[1.2906278929184915E-9,1.8303318301811183E-9,1.7746596999652949E-9,2.0784579829299432E-9,1.7746596999652951E-9,1.8303318301811185E-9,1.2906278929184918E-9],[8.4486617555695231E-10,1.2906278929184915E-9,1.2348525214365743E-9,1.4865161306831865E-9,1.2348525214365745E-9,1.2906278929184918E-9,8.4486617555695251E-10]],[[1.130970459584913E-9,1.6380698835028696E-9,1.5752835809755638E-9,1.8643649793862839E-9,1.5752835809755638E-9,1.6380698835028696E-9,1.130970459584913E-9],[1.6380698835028696E-9,2.2297310724532989E-9,2.1694531623822729E-9,2.5051010668076693E-9,2.1694531623822729E-9,2.2297310724532989E-9,1.6380698835028696E-9],[1.5752835809755638E-9,2.1694531623822729E-9,2.3411993377309122E-9,2.51329839185689E-9,2.3411993377309122E-9,2.1694531623822729E-9,1.5752835809755638E-9],[1.8643649793862839E-9,2.5051010668076693E-9,2.51329839185689E-9,2.8392460368576668E-9,2.51329839185689E-9,2.5051010668076693E-9,1.8643649793862839E-9],[1.5752835809755638E-9,2.1694531623822729E-9,2.3411993377309122E-9,2.51329839185689E-9,2.3411993377309122E-9,2.1694531623822729E-9,1.575283580975564E-9],[1.6380698835028696E-9,2.2297310724532989E-9,2.1694531623822729E-9,2.5051010668076693E-9,2.1694531623822729E-9,2.2297310724532989E-9,1.6380698835028698E-9],[1.130970459584913E-9,1.6380698835028696E-9,1.5752835809755638E-9,1.8643649793862839E-9,1.575283580975564E-9,1.6380698835028698E-9,1.1309704595849132E-9]],[[1.4524221428495771E-9,2.0160509998713041E-9,1.9469534723835968E-9,2.2708034754924818E-9,1.9469534723835968E-9,2.0160509998713041E-9,1.4524221428495771E-9],[2.0160509998713041E-9,2.6553822066365911E-9,2.5909744144807826E-9,2.9559141177674256E-9,2.5909744144807826E-9,2.6553822066365911E-9,2.0160509998713041E-9],[1.9469534723835968E-9,2.5909744144807826E-9,2.7770338157580151E-9,2.9634664620058334E-9,2.7770338157580151E-9,2.5909744144807826E-9,1.9469534723835968E-9],[2.2708034754924818E-9,2.9559141177674256E-9,2.9634664620058334E-9,3.3153158168179835E-9,2.9634664620058334E-9,2.9559141177674256E-9,2.2708034754924818E-9],[1.9469534723835968E-9,2.5909744144807826E-9,2.7770338157580151E-9,2.9634664620058334E-9,2.7770338157580151E-9,2.5909744144807826E-9,1.9469534723835972E-9],[2.0160509998713041E-9,2.6553822066365911E-9,2.5909744144807826E-9,2.9559141177674256E-9,2.5909744144807826E-9,2.6553822066365911E-9,2.0160509998713041E-9],[1.4524221428495771E-9,2.0160509998713041E-9,1.9469534723835968E-9,2.2708034754924818E-9,1.9469534723835972E-9,2.0160509998713041E-9,1.4524221428495773E-9]],[[1.8064258955856703E-9,2.4220930727979857E-9,2.3473043400594803E-9,2.7033347938117633E-9,2.3473043400594803E-9,2.4220930727979857E-9,1.8064258955856703E-9],[2.4220930727979857E-9,3.1052978503389651E-9,3.0371558826171227E-9,3.4290772861394609E-9,3.0371558826171227E-9,3.1052978503389651E-9,2.4220930727979857E-9],[2.3473043400594803E-9,3.0371558826171227E-9,3.2363850594287844E-9,3.4360063419912775E-9,3.2363850594287844E-9,3.0371558826171227E-9,2.3473043400594803E-9],[2.7033347938117633E-9,3.4290772861394609E-9,3.4360063419912775E-9,3.8116611372254767E-9,3.4360063419912775E-9,3.4290772861394609E-9,2.7033347938117633E-9],[2.3473043400594803E-9,3.0371558826171227E-9,3.2363850594287844E-9,3.4360063419912775E-9,3.2363850594287844E-9,3.0371558826171227E-9,2.3473043400594807E-9],[2.4220930727979857E-9,3.1052978503389651E-9,3.0371558826171227E-9,3.4290772861394609E-9,3.0371558826171227E-9,3.1052978503389651E-9,2.4220930727979857E-9],[1.8064258955856703E-9,2.4220930727979857E-9,2.3473043400594803E-9,2.7033347938117633E-9,2.3473043400594807E-9,2.4220930727979857E-9,1.8064258955856705E-9]],[[2.1904013269890081E-9,2.8540025634864754E-9,2.7740614770147087E-9,3.1598326343546334E-9,2.7740614770147087E-9,2.8540025634864754E-9,2.1904013269890081E-9],[2.8540025634864754E-9,3.5777210503983903E-9,3.5061751603099921E-9,3.9230069947420136E-9,3.5061751603099921E-9,3.57772105039839E-9,2.8540025634864754E-9],[2.7740614770147087E-9,3.5061751603099921E-9,3.71755813807743E-9,3.9293507588270934E-9,3.71755813807743E-9,3.5061751603099921E-9,2.7740614770147087E-9],[3.1598326343546334E-9,3.9230069947420136E-9,3.9293507588270934E-9,4.3269657625023456E-9,3.9293507588270934E-9,3.9230069947420136E-9,3.1598326343546334E-9],[2.7740614770147087E-9,3.5061751603099921E-9,3.71755813807743E-9,3.9293507588270934E-9,3.7175581380774305E-9,3.5061751603099921E-9,2.7740614770147087E-9],[2.8540025634864754E-9,3.57772105039839E-9,3.5061751603099921E-9,3.9230069947420136E-9,3.5061751603099921E-9,3.57772105039839E-9,2.8540025634864754E-9],[2.1904013269890081E-9,2.8540025634864754E-9,2.7740614770147087E-9,3.1598326343546334E-9,2.7740614770147087E-9,2.8540025634864754E-9,2.1904013269890085E-9]],[[2.6020064451475979E-9,3.3098388744261057E-9,3.2252089248796042E-9,3.6384709434328432E-9,3.2252089248796042E-9,3.3098388744261053E-9,2.6020064451475979E-9],[3.3098388744261057E-9,4.0710989965474141E-9,3.9964261804081975E-9,4.4363204180573192E-9,3.9964261804081975E-9,4.0710989965474141E-9,3.3098388744261053E-9],[3.2252089248796042E-9,3.9964261804081975E-9,4.2190623319867306E-9,4.4421244992558213E-9,4.2190623319867306E-9,3.9964261804081966E-9,3.2252089248796042E-9],[3.6384709434328432E-9,4.4363204180573192E-9,4.4421244992558213E-9,4.8600750188989579E-9,4.4421244992558213E-9,4.4363204180573192E-9,3.6384709434328428E-9],[3.2252089248796042E-9,3.9964261804081975E-9,4.2190623319867306E-9,4.4421244992558213E-9,4.2190623319867306E-9,3.9964261804081966E-9,3.2252089248796042E-9],[3.3098388744261053E-9,4.0710989965474141E-9,3.9964261804081966E-9,4.4363204180573192E-9,3.9964261804081966E-9,4.0710989965474141E-9,3.3098388744261053E-9],[2.6020064451475979E-9,3.3098388744261053E-9,3.2252089248796042E-9,3.6384709434328428E-9,3.2252089248796042E-9,3.3098388744261053E-9,2.6020064451475984E-9]],[[3.0391370399900395E-9,3.7878858708049314E-9,3.6989638307345779E-9,4.1376711343415833E-9,3.6989638307345779E-9,3.7878858708049305E-9,3.0391370399900386E-9],[3.7878858708049314E-9,4.5840595354751343E-9,4.5064934277436486E-9,4.9678067123497228E-9,4.5064934277436486E-9,4.5840595354751343E-9,3.7878858708049305E-9],[3.6989638307345779E-9,4.5064934277436486E-9,4.73958558300457E-9,4.9731191013551593E-9,4.73958558300457E-9,4.5064934277436486E-9,3.6989638307345779E-9],[4.1376711343415833E-9,4.9678067123497228E-9,4.9731191013551593E-9,5.4099741326318766E-9,4.9731191013551593E-9,4.967806712349722E-9,4.1376711343415833E-9],[3.6989638307345779E-9,4.5064934277436486E-9,4.73958558300457E-9,4.9731191013551593E-9,4.7395855830045693E-9,4.5064934277436486E-9,3.6989638307345779E-9],[3.7878858708049305E-9,4.5840595354751343E-9,4.5064934277436486E-9,4.967806712349722E-9,4.5064934277436486E-9,4.5840595354751335E-9,3.7878858708049305E-9],[3.0391370399900386E-9,3.7878858708049305E-9,3.6989638307345779E-9,4.1376711343415833E-9,3.6989638307345779E-9,3.7878858708049305E-9,3.0391370399900386E-9]],[[3.4999142407126831E-9,4.2866263722625609E-9,4.1937514748510289E-9,4.656061528863868E-9,4.1937514748510289E-9,4.2866263722625609E-9,3.4999142407126823E-9],[4.2866263722625609E-9,5.115390284569615E-9,5.0351290931668031E-9,5.5164033770647424E-9,5.0351290931668031E-9,5.115390284569615E-9,4.2866263722625609E-9],[4.1937514748510289E-9,5.0351290931668031E-9,5.2779723382248818E-9,5.52127139049874E-9,5.2779723382248818E-9,5.0351290931668031E-9,4.1937514748510289E-9],[4.656061528863868E-9,5.5164033770647424E-9,5.52127139049874E-9,5.9757700564331354E-9,5.52127139049874E-9,5.5164033770647424E-9,4.656061528863868E-9],[4.1937514748510289E-9,5.0351290931668031E-9,5.2779723382248818E-9,5.52127139049874E-9,5.2779723382248818E-9,5.0351290931668031E-9,4.1937514748510289E-9],[4.2866263722625609E-9,5.115390284569615E-9,5.0351290931668031E-9,5.5164033770647424E-9,5.0351290931668031E-9,5.115390284569615E-9,4.2866263722625609E-9],[3.4999142407126823E-9,4.2866263722625609E-9,4.1937514748510289E-9,4.656061528863868E-9,4.1937514748510289E-9,4.2866263722625609E-9,3.4999142407126823E-9]],[[3.9826668666235804E-9,4.8047193865246055E-9,4.7081819437477247E-9,5.1924455135587575E-9,4.7081819437477247E-9,4.8047193865246055E-9,3.9826668666235804E-9],[4.8047193865246055E-9,5.6640201238800377E-9,5.5812329562979649E-9,6.0811765924699706E-9,5.5812329562979649E-9,5.6640201238800377E-9,4.8047193865246055E-9],[4.7081819437477247E-9,5.5812329562979649E-9,5.8332043381119495E-9,6.0856451751332659E-9,5.8332043381119495E-9,5.5812329562979649E-9,4.7081819437477247E-9],[5.1924455135587575E-9,6.0811765924699706E-9,6.0856451751332659E-9,6.5566760989911206E-9,6.0856451751332659E-9,6.0811765924699706E-9,5.1924455135587575E-9],[4.7081819437477247E-9,5.5812329562979649E-9,5.8332043381119495E-9,6.0856451751332659E-9,5.8332043381119495E-9,5.5812329562979649E-9,4.7081819437477247E-9],[4.8047193865246055E-9,5.6640201238800377E-9,5.5812329562979649E-9,6.0811765924699706E-9,5.5812329562979649E-9,5.6640201238800377E-9,4.8047193865246055E-9],[3.9826668666235804E-9,4.8047193865246055E-9,4.7081819437477247E-9,5.1924455135587575E-9,4.7081819437477247E-9,4.8047193865246055E-9,3.9826668666235804E-9]],[[4.4859121013706876E-9,5.340979857956541E-9,5.24102887378592E-9,5.7457760484352592E-9,5.24102887378592E-9,5.340979857956541E-9,4.4859121013706876E-9],[5.340979857956541E-9,6.229002839304424E-9,6.1438347369018346E-9,6.6613046940733588E-9,6.1438347369018346E-9,6.229002839304424E-9,5.340979857956541E-9],[5.24102887378592E-9,6.1438347369018346E-9,6.4043839485132129E-9,6.6654155613964351E-9,6.4043839485132129E-9,6.1438347369018346E-9,5.24102887378592E-9],[5.7457760484352592E-9,6.6613046940733588E-9,6.6654155613964351E-9,7.1519988327838185E-9,6.6654155613964351E-9,6.6613046940733588E-9,5.7457760484352592E-9],[5.24102887378592E-9,6.1438347369018346E-9,6.4043839485132129E-9,6.6654155613964351E-9,6.4043839485132129E-9,6.1438347369018346E-9,5.24102887378592E-9],[5.340979857956541E-9,6.229002839304424E-9,6.1438347369018346E-9,6.6613046940733588E-9,6.1438347369018346E-9,6.229002839304424E-9,5.340979857956541E-9],[4.4859121013706876E-9,5.340979857956541E-9,5.24102887378592E-9,5.7457760484352592E-9,5.24102887378592E-9,5.340979857956541E-9,4.4859121013706876E-9]],[[5.0083363256590605E-9,5.8943607053641667E-9,5.7912103778117689E-9,6.3151349100496387E-9,5.7912103778117689E-9,5.8943607053641667E-9,5.0083363256590605E-9],[5.8943607053641667E-9,6.8095026948292929E-9,6.7220786447080425E-9,7.256064161859939E-9,6.7220786447080425E-9,6.8095026948292929E-9,5.8943607053641667E-9],[5.7912103778117689E-9,6.7220786447080425E-9,6.990719685332954E-9,7.2598554543378977E-9,6.990719685332954E-9,6.7220786447080425E-9,5.7912103778117689E-9],[6.3151349100496387E-9,7.256064161859939E-9,7.2598554543378977E-9,7.7611268737795954E-9,7.2598554543378977E-9,7.256064161859939E-9,6.3151349100496387E-9],[5.7912103778117689E-9,6.7220786447080425E-9,6.990719685332954E-9,7.2598554543378977E-9,6.990719685332954E-9,6.7220786447080425E-9,5.7912103778117689E-9],[5.8943607053641667E-9,6.8095026948292929E-9,6.7220786447080425E-9,7.256064161859939E-9,6.7220786447080425E-9,6.8095026948292929E-9,5.8943607053641667E-9],[5.0083363256590605E-9,5.8943607053641667E-9,5.7912103778117689E-9,6.3151349100496387E-9,5.7912103778117689E-9,5.8943607053641667E-9,5.0083363256590605E-9]],[[5.5487770147842212E-9,6.4639369281224035E-9,6.3577720966529542E-9,6.8997155407272185E-9,6.3577720966529542E-9,6.4639369281224027E-9,5.5487770147842212E-9],[6.4639369281224035E-9,7.4047817230614124E-9,7.3152098675102385E-9,7.8648176547084463E-9,7.3152098675102385E-9,7.4047817230614124E-9,6.4639369281224027E-9],[6.3577720966529542E-9,7.3152098675102385E-9,7.5915136273332353E-9,7.8683238968806461E-9,7.5915136273332353E-9,7.3152098675102385E-9,6.3577720966529542E-9],[6.8997155407272185E-9,7.8648176547084463E-9,7.8683238968806461E-9,8.3835212139002379E-9,7.8683238968806461E-9,7.8648176547084446E-9,6.8997155407272185E-9],[6.3577720966529542E-9,7.3152098675102385E-9,7.5915136273332353E-9,7.8683238968806461E-9,7.5915136273332353E-9,7.3152098675102385E-9,6.3577720966529542E-9],[6.4639369281224027E-9,7.4047817230614124E-9,7.3152098675102385E-9,7.8648176547084446E-9,7.3152098675102385E-9,7.4047817230614124E-9,6.4639369281224027E-9],[5.5487770147842212E-9,6.4639369281224027E-9,6.3577720966529542E-9,6.8997155407272185E-9,6.3577720966529542E-9,6.4639369281224027E-9,5.5487770147842212E-9]],[[6.1062061007540005E-9,7.04889156854441E-9,6.9398722308514126E-9,7.4988087016041266E-9,6.9398722308514126E-9,7.0488915685444093E-9,6.1062061007540005E-9],[7.04889156854441E-9,8.01418853851443E-9,7.9225627572891367E-9,8.48700372884254E-9,7.9225627572891367E-9,8.01418853851443E-9,7.0488915685444093E-9],[6.9398722308514126E-9,7.9225627572891367E-9,8.2061504548287479E-9,8.4902559623440708E-9,8.2061504548287479E-9,7.9225627572891367E-9,6.9398722308514126E-9],[7.4988087016041266E-9,8.48700372884254E-9,8.4902559623440708E-9,9.01870685268477E-9,8.4902559623440708E-9,8.48700372884254E-9,7.4988087016041266E-9],[6.9398722308514126E-9,7.9225627572891367E-9,8.2061504548287479E-9,8.4902559623440708E-9,8.2061504548287479E-9,7.9225627572891367E-9,6.9398722308514126E-9],[7.0488915685444093E-9,8.01418853851443E-9,7.9225627572891367E-9,8.48700372884254E-9,7.9225627572891367E-9,8.01418853851443E-9,7.0488915685444093E-9],[6.1062061007540005E-9,7.0488915685444093E-9,6.9398722308514126E-9,7.4988087016041266E-9,6.9398722308514126E-9,7.0488915685444093E-9,6.1062061007540005E-9]],[[6.679714925630711E-9,7.64850333063132E-9,7.5367683707208558E-9,8.1117903472178478E-9,7.5367683707208558E-9,7.64850333063132E-9,6.679714925630711E-9],[7.64850333063132E-9,8.6371484951693918E-9,8.5435504980186784E-9,9.1221279578186724E-9,8.5435504980186784E-9,8.6371484951693918E-9,7.64850333063132E-9],[7.5367683707208558E-9,8.5435504980186784E-9,8.83408788937436E-9,9.1251539670959961E-9,8.83408788937436E-9,8.5435504980186784E-9,7.5367683707208558E-9],[8.1117903472178478E-9,9.1221279578186724E-9,9.1251539670959961E-9,9.6662655243298821E-9,9.1251539670959961E-9,9.1221279578186724E-9,8.1117903472178478E-9],[7.5367683707208558E-9,8.5435504980186784E-9,8.83408788937436E-9,9.1251539670959961E-9,8.83408788937436E-9,8.5435504980186784E-9,7.5367683707208558E-9],[7.64850333063132E-9,8.6371484951693918E-9,8.5435504980186784E-9,9.1221279578186724E-9,8.5435504980186784E-9,8.6371484951693918E-9,7.64850333063132E-9],[6.679714925630711E-9,7.64850333063132E-9,7.5367683707208558E-9,8.1117903472178478E-9,7.5367683707208558E-9,7.64850333063132E-9,6.679714925630711E-9]],[[7.2685007689557934E-9,8.26213566987618E-9,8.1478059334044439E-9,8.7381112901990588E-9,8.1478059334044439E-9,8.26213566987618E-9,7.2685007689557934E-9],[8.26213566987618E-9,9.2731550273655446E-9,9.1776560634192352E-9,9.7697552295954558E-9,9.1776560634192352E-9,9.2731550273655446E-9,8.26213566987618E-9],[8.1478059334044439E-9,9.1776560634192352E-9,9.47484834196581E-9,9.7725798101357775E-9,9.47484834196581E-9,9.1776560634192352E-9,8.1478059334044439E-9],[8.7381112901990588E-9,9.7697552295954558E-9,9.7725798101357775E-9,1.0325829354489857E-8,9.7725798101357775E-9,9.7697552295954558E-9,8.7381112901990588E-9],[8.1478059334044439E-9,9.1776560634192352E-9,9.47484834196581E-9,9.7725798101357775E-9,9.47484834196581E-9,9.1776560634192352E-9,8.1478059334044439E-9],[8.26213566987618E-9,9.2731550273655446E-9,9.1776560634192352E-9,9.7697552295954558E-9,9.1776560634192352E-9,9.2731550273655446E-9,8.26213566987618E-9],[7.2685007689557934E-9,8.26213566987618E-9,8.1478059334044439E-9,8.7381112901990588E-9,8.1478059334044439E-9,8.26213566987618E-9,7.2685007689557934E-9]],[[7.8718548601173637E-9,8.8892271845665674E-9,8.7724080213129025E-9,9.37728832976377E-9,8.7724080213129025E-9,8.8892271845665674E-9,7.8718548601173637E-9],[8.8892271845665674E-9,9.9217620302141033E-9,9.8244242964462274E-9,1.0429503039823436E-8,9.8244242964462274E-9,9.9217620302141033E-9,8.8892271845665674E-9],[8.7724080213129025E-9,9.8244242964462274E-9,1.0128011605142167E-8,1.0432148278618833E-8,1.0128011605142167E-8,9.8244242964462274E-9,8.7724080213129025E-9],[9.37728832976377E-9,1.0429503039823436E-8,1.0432148278618833E-8,1.0997075310918908E-8,1.0432148278618833E-8,1.0429503039823436E-8,9.37728832976377E-9],[8.7724080213129025E-9,9.8244242964462274E-9,1.0128011605142167E-8,1.0432148278618833E-8,1.0128011605142167E-8,9.8244242964462274E-9,8.7724080213129025E-9],[8.8892271845665674E-9,9.9217620302141033E-9,9.8244242964462274E-9,1.0429503039823436E-8,9.8244242964462274E-9,9.9217620302141033E-9,8.8892271845665674E-9],[7.8718548601173637E-9,8.8892271845665674E-9,8.7724080213129025E-9,9.37728832976377E-9,8.7724080213129025E-9,8.8892271845665674E-9,7.8718548601173637E-9]],[[8.4891517542383166E-9,9.5292831551542573E-9,9.4100665296222171E-9,1.0028896592359301E-8,9.4100665296222171E-9,9.5292831551542573E-9,8.4891517542383166E-9],[9.5292831551542573E-9,1.0582577151933892E-8,1.0483454963908358E-8,1.1101035633812411E-8,1.0483454963908358E-8,1.0582577151933892E-8,9.5292831551542573E-9],[9.4100665296222171E-9,1.0483454963908358E-8,1.0793208448197481E-8,1.110352118436149E-8,1.0793208448197481E-8,1.0483454963908358E-8,9.4100665296222171E-9],[1.0028896592359301E-8,1.1101035633812411E-8,1.110352118436149E-8,1.1679720335410015E-8,1.110352118436149E-8,1.1101035633812411E-8,1.0028896592359301E-8],[9.4100665296222171E-9,1.0483454963908358E-8,1.0793208448197481E-8,1.110352118436149E-8,1.0793208448197481E-8,1.0483454963908358E-8,9.4100665296222171E-9],[9.5292831551542573E-9,1.0582577151933892E-8,1.0483454963908358E-8,1.1101035633812411E-8,1.0483454963908358E-8,1.0582577151933892E-8,9.5292831551542573E-9],[8.4891517542383166E-9,9.5292831551542573E-9,9.4100665296222171E-9,1.0028896592359301E-8,9.4100665296222171E-9,9.5292831551542573E-9,8.4891517542383166E-9]],[[9.1198399396641642E-9,1.0181868094071485E-8,1.0060334346994997E-8,1.0692562886831498E-8,1.0060334346994997E-8,1.0181868094071485E-8,9.1198399396641642E-9],[1.0181868094071485E-8,1.1255255885475894E-8,1.115439665895487E-8,1.1784058875501247E-8,1.115439665895487E-8,1.1255255885475894E-8,1.0181868094071485E-8],[1.0060334346994997E-8,1.115439665895487E-8,1.1470114994982239E-8,1.1786402217563545E-8,1.1470114994982239E-8,1.115439665895487E-8,1.0060334346994997E-8],[1.0692562886831498E-8,1.1784058875501247E-8,1.1786402217563545E-8,1.2373517063074506E-8,1.1786402217563545E-8,1.1784058875501247E-8,1.0692562886831498E-8],[1.0060334346994997E-8,1.115439665895487E-8,1.1470114994982239E-8,1.1786402217563545E-8,1.1470114994982239E-8,1.115439665895487E-8,1.0060334346994997E-8],[1.0181868094071485E-8,1.1255255885475894E-8,1.115439665895487E-8,1.1784058875501247E-8,1.115439665895487E-8,1.1255255885475894E-8,1.0181868094071485E-8],[9.1198399396641642E-9,1.0181868094071485E-8,1.0060334346994997E-8,1.0692562886831498E-8,1.0060334346994997E-8,1.0181868094071485E-8,9.1198399396641642E-9]],[[9.7634335463226275E-9,1.0846599183416484E-8,1.0722818510894598E-8,1.1367959916331166E-8,1.0722818510894598E-8,1.0846599183416484E-8,9.7634335463226275E-9],[1.0846599183416484E-8,1.1939496360402645E-8,1.1836941441227261E-8,1.247831574214658E-8,1.1836941441227261E-8,1.1939496360402645E-8,1.0846599183416484E-8],[1.0722818510894598E-8,1.1836941441227261E-8,1.2158447781004655E-8,1.248053242138644E-8,1.2158447781004655E-8,1.1836941441227261E-8,1.0722818510894598E-8],[1.1367959916331166E-8,1.247831574214658E-8,1.248053242138644E-8,1.3078250049956726E-8,1.248053242138644E-8,1.247831574214658E-8,1.1367959916331166E-8],[1.0722818510894598E-8,1.1836941441227261E-8,1.2158447781004655E-8,1.248053242138644E-8,1.2158447781004655E-8,1.1836941441227261E-8,1.0722818510894598E-8],[1.0846599183416484E-8,1.1939496360402645E-8,1.1836941441227261E-8,1.247831574214658E-8,1.1836941441227261E-8,1.1939496360402645E-8,1.0846599183416484E-8],[9.7634335463226275E-9,1.0846599183416484E-8,1.0722818510894598E-8,1.1367959916331166E-8,1.0722818510894598E-8,1.0846599183416484E-8,9.7634335463226275E-9]],[[1.0419505031423499E-8,1.1523140491942861E-8,1.1397174195461186E-8,1.2054801219149151E-8,1.1397174195461186E-8,1.1523140491942861E-8,1.0419505031423499E-8],[1.1523140491942861E-8,1.2635034748203191E-8,1.2530820119363988E-8,1.3183582359746149E-8,1.2530820119363988E-8,1.2635034748203191E-8,1.1523140491942861E-8],[1.1397174195461186E-8,1.2530820119363988E-8,1.2857959401183247E-8,1.3185686205412508E-8,1.2857959401183247E-8,1.2530820119363988E-8,1.1397174195461186E-8],[1.2054801219149151E-8,1.3183582359746149E-8,1.3185686205412508E-8,1.3793732442128818E-8,1.3185686205412508E-8,1.3183582359746149E-8,1.2054801219149151E-8],[1.1397174195461186E-8,1.2530820119363988E-8,1.2857959401183247E-8,1.3185686205412508E-8,1.2857959401183247E-8,1.2530820119363988E-8,1.1397174195461186E-8],[1.1523140491942861E-8,1.2635034748203191E-8,1.2530820119363988E-8,1.3183582359746149E-8,1.2530820119363988E-8,1.2635034748203191E-8,1.1523140491942861E-8],[1.0419505031423499E-8,1.1523140491942861E-8,1.1397174195461186E-8,1.2054801219149151E-8,1.1397174195461186E-8,1.1523140491942861E-8,1.0419505031423499E-8]],[[1.1087678728941322E-8,1.2211197875595151E-8,1.208309942524388E-8,1.2752836733623464E-8,1.208309942524388E-8,1.2211197875595151E-8,1.1087678728941322E-8],[1.2211197875595151E-8,1.3341641205076347E-8,1.3235798093452551E-8,1.3899664507389627E-8,1.3235798093452551E-8,1.3341641205076347E-8,1.2211197875595151E-8],[1.208309942524388E-8,1.3235798093452551E-8,1.3568434672034927E-8,1.3901667827969122E-8,1.3568434672034927E-8,1.3235798093452551E-8,1.208309942524388E-8],[1.2752836733623464E-8,1.3899664507389627E-8,1.3901667827969122E-8,1.4519803029364192E-8,1.3901667827969122E-8,1.3899664507389627E-8,1.2752836733623464E-8],[1.208309942524388E-8,1.3235798093452551E-8,1.3568434672034927E-8,1.3901667827969122E-8,1.3568434672034927E-8,1.3235798093452551E-8,1.208309942524388E-8],[1.2211197875595151E-8,1.3341641205076347E-8,1.3235798093452551E-8,1.3899664507389627E-8,1.3235798093452551E-8,1.3341641205076347E-8,1.2211197875595151E-8],[1.1087678728941322E-8,1.2211197875595151E-8,1.208309942524388E-8,1.2752836733623464E-8,1.208309942524388E-8,1.2211197875595151E-8,1.1087678728941322E-8]],[[1.1767625160276487E-8,1.2910514477424621E-8,1.2780330421874052E-8,1.3461848900152565E-8,1.2780330421874052E-8,1.2910514477424621E-8,1.1767625160276487E-8],[1.2910514477424621E-8,1.4059116285814793E-8,1.3951671686174263E-8,1.4626394529508298E-8,1.3951671686174263E-8,1.4059116285814793E-8,1.2910514477424621E-8],[1.2780330421874052E-8,1.3951671686174263E-8,1.4289687242662845E-8,1.4628308287308862E-8,1.4289687242662846E-8,1.3951671686174264E-8,1.2780330421874052E-8],[1.3461848900152565E-8,1.4626394529508298E-8,1.4628308287308862E-8,1.5256323634724392E-8,1.4628308287308862E-8,1.4626394529508298E-8,1.3461848900152565E-8],[1.2780330421874052E-8,1.3951671686174263E-8,1.4289687242662846E-8,1.4628308287308862E-8,1.4289687242662846E-8,1.3951671686174264E-8,1.2780330421874052E-8],[1.2910514477424621E-8,1.4059116285814793E-8,1.3951671686174264E-8,1.4626394529508298E-8,1.3951671686174264E-8,1.4059116285814795E-8,1.2910514477424621E-8],[1.1767625160276487E-8,1.2910514477424621E-8,1.2780330421874052E-8,1.3461848900152565E-8,1.2780330421874052E-8,1.2910514477424621E-8,1.1767625160276487E-8]],[[1.2459056014420478E-8,1.3620866753071819E-8,1.3488637502974321E-8,1.4181649227519753E-8,1.3488637502974321E-8,1.3620866753071819E-8,1.2459056014420478E-8],[1.3620866753071819E-8,1.4787287770848844E-8,1.4678264900990217E-8,1.5363628603890987E-8,1.4678264900990217E-8,1.4787287770848844E-8,1.3620866753071819E-8],[1.3488637502974321E-8,1.4678264900990217E-8,1.5021556597915897E-8,1.536546257004795E-8,1.5021556597915897E-8,1.4678264900990217E-8,1.3488637502974321E-8],[1.4181649227519753E-8,1.5363628603890987E-8,1.536546257004795E-8,1.6003176798253502E-8,1.536546257004795E-8,1.5363628603890987E-8,1.4181649227519753E-8],[1.3488637502974321E-8,1.4678264900990217E-8,1.5021556597915897E-8,1.536546257004795E-8,1.5021556597915897E-8,1.4678264900990217E-8,1.3488637502974321E-8],[1.3620866753071819E-8,1.4787287770848844E-8,1.4678264900990217E-8,1.5363628603890987E-8,1.4678264900990217E-8,1.4787287770848846E-8,1.3620866753071821E-8],[1.2459056014420478E-8,1.3620866753071819E-8,1.3488637502974321E-8,1.4181649227519753E-8,1.3488637502974321E-8,1.3620866753071821E-8,1.2459056014420478E-8]],[[1.3161719716336052E-8,1.4342060957204254E-8,1.4207821463287562E-8,1.4912075262107932E-8,1.4207821463287562E-8,1.4342060957204254E-8,1.3161719716336052E-8],[1.4342060957204254E-8,1.5526007855890468E-8,1.5415426553977351E-8,1.6111244320733009E-8,1.5415426553977351E-8,1.5526007855890468E-8,1.4342060957204254E-8],[1.4207821463287562E-8,1.5415426553977351E-8,1.5763905404772555E-8,1.6113007212365426E-8,1.5763905404772555E-8,1.5415426553977351E-8,1.4207821463287562E-8],[1.4912075262107932E-8,1.6111244320733009E-8,1.6113007212365426E-8,1.6760263718725204E-8,1.6113007212365426E-8,1.6111244320733009E-8,1.4912075262107932E-8],[1.4207821463287562E-8,1.5415426553977351E-8,1.5763905404772555E-8,1.6113007212365426E-8,1.5763905404772555E-8,1.5415426553977351E-8,1.4207821463287562E-8],[1.4342060957204254E-8,1.5526007855890468E-8,1.5415426553977351E-8,1.6111244320733009E-8,1.5415426553977351E-8,1.5526007855890472E-8,1.4342060957204256E-8],[1.3161719716336052E-8,1.4342060957204254E-8,1.4207821463287562E-8,1.4912075262107932E-8,1.4207821463287562E-8,1.4342060957204256E-8,1.3161719716336053E-8]],[[1.3875397511838441E-8,1.5073930034415631E-8,1.4937710377319976E-8,1.5652987907842214E-8,1.4937710377319976E-8,1.5073930034415631E-8,1.3875397511838441E-8],[1.5073930034415631E-8,1.6275150660065022E-8,1.616302773303372E-8,1.6869138534194826E-8,1.616302773303372E-8,1.6275150660065022E-8,1.5073930034415631E-8],[1.4937710377319976E-8,1.616302773303372E-8,1.6516617159572082E-8,1.6870838135494892E-8,1.6516617159572082E-8,1.616302773303372E-8,1.4937710377319976E-8],[1.5652987907842214E-8,1.6869138534194826E-8,1.6870838135494892E-8,1.7527502422249716E-8,1.6870838135494892E-8,1.6869138534194826E-8,1.5652987907842214E-8],[1.4937710377319976E-8,1.616302773303372E-8,1.6516617159572082E-8,1.6870838135494892E-8,1.6516617159572082E-8,1.616302773303372E-8,1.4937710377319976E-8],[1.5073930034415631E-8,1.6275150660065022E-8,1.616302773303372E-8,1.6869138534194826E-8,1.616302773303372E-8,1.6275150660065022E-8,1.5073930034415634E-8],[1.3875397511838441E-8,1.5073930034415631E-8,1.4937710377319976E-8,1.5652987907842214E-8,1.4937710377319976E-8,1.5073930034415634E-8,1.3875397511838443E-8]],[[1.4599900005933828E-8,1.5816330865225733E-8,1.567815677084016E-8,1.6404269052305418E-8,1.567815677084016E-8,1.5816330865225733E-8,1.4599900005933828E-8],[1.5816330865225733E-8,1.7034610014028508E-8,1.6920959544275562E-8,1.763722545317333E-8,1.6920959544275562E-8,1.7034610014028508E-8,1.5816330865225733E-8],[1.567815677084016E-8,1.6920959544275562E-8,1.7279594099327795E-8,1.7638868722160234E-8,1.7279594099327795E-8,1.6920959544275562E-8,1.567815677084016E-8],[1.6404269052305418E-8,1.763722545317333E-8,1.7638868722160234E-8,1.8304826130659592E-8,1.7638868722160234E-8,1.763722545317333E-8,1.6404269052305418E-8],[1.567815677084016E-8,1.6920959544275562E-8,1.7279594099327795E-8,1.7638868722160234E-8,1.7279594099327795E-8,1.6920959544275562E-8,1.567815677084016E-8],[1.5816330865225733E-8,1.7034610014028508E-8,1.6920959544275562E-8,1.763722545317333E-8,1.6920959544275562E-8,1.7034610014028511E-8,1.5816330865225736E-8],[1.4599900005933828E-8,1.5816330865225733E-8,1.567815677084016E-8,1.6404269052305418E-8,1.567815677084016E-8,1.5816330865225736E-8,1.4599900005933831E-8]],[[1.5335064099329077E-8,1.6569141824069225E-8,1.6429035115551896E-8,1.7165819460788707E-8,1.6429035115551896E-8,1.6569141824069225E-8,1.5335064099329077E-8],[1.6569141824069225E-8,1.7804297494461122E-8,1.7689131110716344E-8,1.8415434942432305E-8,1.7689131110716344E-8,1.7804297494461122E-8,1.6569141824069225E-8],[1.6429035115551896E-8,1.7689131110716344E-8,1.8052755345185644E-8,1.8417028104994926E-8,1.8052755345185644E-8,1.7689131110716344E-8,1.6429035115551896E-8],[1.7165819460788707E-8,1.8415434942432305E-8,1.8417028104994926E-8,1.9092181806115804E-8,1.841702810499493E-8,1.8415434942432305E-8,1.7165819460788707E-8],[1.6429035115551896E-8,1.7689131110716344E-8,1.8052755345185644E-8,1.841702810499493E-8,1.8052755345185647E-8,1.7689131110716347E-8,1.64290351155519E-8],[1.6569141824069225E-8,1.7804297494461122E-8,1.7689131110716344E-8,1.8415434942432305E-8,1.7689131110716347E-8,1.7804297494461125E-8,1.6569141824069229E-8],[1.5335064099329077E-8,1.6569141824069225E-8,1.6429035115551896E-8,1.7165819460788707E-8,1.64290351155519E-8,1.6569141824069229E-8,1.5335064099329081E-8]],[[1.6080750274695217E-8,1.7332260611609781E-8,1.7190239607262067E-8,1.7937556905328129E-8,1.7190239607262067E-8,1.7332260611609781E-8,1.6080750274695217E-8],[1.7332260611609781E-8,1.8584140675567629E-8,1.8467467792840897E-8,1.920371100901455E-8,1.8467467792840897E-8,1.8584140675567629E-8,1.7332260611609781E-8],[1.7190239607262067E-8,1.8467467792840897E-8,1.883603525022537E-8,1.920525964173007E-8,1.883603525022537E-8,1.8467467792840897E-8,1.7190239607262067E-8],[1.7937556905328129E-8,1.920371100901455E-8,1.920525964173007E-8,1.9889528851376178E-8,1.920525964173007E-8,1.920371100901455E-8,1.7937556905328129E-8],[1.7190239607262067E-8,1.8467467792840897E-8,1.883603525022537E-8,1.920525964173007E-8,1.883603525022537E-8,1.84674677928409E-8,1.7190239607262071E-8],[1.7332260611609781E-8,1.8584140675567629E-8,1.8467467792840897E-8,1.920371100901455E-8,1.84674677928409E-8,1.8584140675567632E-8,1.7332260611609781E-8],[1.6080750274695217E-8,1.7332260611609781E-8,1.7190239607262067E-8,1.7937556905328129E-8,1.7190239607262071E-8,1.7332260611609781E-8,1.6080750274695217E-8]],[[1.6836840190332349E-8,1.8105602328486744E-8,1.7961682193040033E-8,1.8719414500225825E-8,1.7961682193040033E-8,1.8105602328486744E-8,1.6836840190332349E-8],[1.8105602328486744E-8,1.9374081571915645E-8,1.9255909604592793E-8,2.000201045208928E-8,1.9255909604592793E-8,1.9374081571915645E-8,1.8105602328486744E-8],[1.7961682193040033E-8,1.9255909604592793E-8,1.9629381927366828E-8,2.0003519555160492E-8,1.9629381927366828E-8,1.9255909604592793E-8,1.7961682193040033E-8],[1.8719414500225825E-8,2.000201045208928E-8,2.0003519555160492E-8,2.0696837947753305E-8,2.0003519555160495E-8,2.0002010452089283E-8,1.8719414500225825E-8],[1.7961682193040033E-8,1.9255909604592793E-8,1.9629381927366828E-8,2.0003519555160495E-8,1.9629381927366828E-8,1.9255909604592793E-8,1.7961682193040036E-8],[1.8105602328486744E-8,1.9374081571915645E-8,1.9255909604592793E-8,2.0002010452089283E-8,1.9255909604592793E-8,1.9374081571915645E-8,1.8105602328486744E-8],[1.6836840190332349E-8,1.8105602328486744E-8,1.7961682193040033E-8,1.8719414500225825E-8,1.7961682193040036E-8,1.8105602328486744E-8,1.6836840190332349E-8]],[[1.7603234544186896E-8,1.8889097761732219E-8,1.8743290817361817E-8,1.9511339219339215E-8,1.8743290817361817E-8,1.8889097761732219E-8,1.7603234544186896E-8],[1.8889097761732219E-8,2.0174075250149505E-8,2.0054409801675346E-8,2.0810301657174359E-8,2.0054409801675346E-8,2.0174075250149505E-8,1.8889097761732219E-8],[1.8743290817361817E-8,2.0054409801675346E-8,2.0432755936228074E-8,2.0811775718684218E-8,2.0432755936228074E-8,2.0054409801675346E-8,1.8743290817361817E-8],[1.9511339219339215E-8,2.0810301657174359E-8,2.0811775718684218E-8,2.1514090015027373E-8,2.0811775718684221E-8,2.0810301657174363E-8,1.9511339219339219E-8],[1.8743290817361817E-8,2.0054409801675346E-8,2.0432755936228074E-8,2.0811775718684221E-8,2.0432755936228077E-8,2.0054409801675349E-8,1.8743290817361821E-8],[1.8889097761732219E-8,2.0174075250149505E-8,2.0054409801675346E-8,2.0810301657174363E-8,2.0054409801675349E-8,2.0174075250149505E-8,1.8889097761732219E-8],[1.7603234544186896E-8,1.8889097761732219E-8,1.8743290817361817E-8,1.9511339219339219E-8,1.8743290817361821E-8,1.8889097761732219E-8,1.7603234544186896E-8]],[[1.8379851175840326E-8,1.9682691858711294E-8,1.9535007861055321E-8,2.0313290573632891E-8,1.9535007861055321E-8,1.9682691858711294E-8,1.8379851175840326E-8],[1.9682691858711294E-8,2.0984088589903546E-8,2.0862933621962792E-8,2.1628563518048445E-8,2.0862933621962792E-8,2.0984088589903546E-8,1.9682691858711294E-8],[1.9535007861055321E-8,2.0862933621962792E-8,2.1246129110421195E-8,2.1630006570593145E-8,2.1246129110421195E-8,2.0862933621962792E-8,1.9535007861055321E-8],[2.0313290573632891E-8,2.1628563518048445E-8,2.1630006570593145E-8,2.2341275279490369E-8,2.163000657