{"M_cells":[[[0,0,0,0,0,0,0],[0,0,0,0,0,0,0],[0,0,0,0,0,0,0],[0,0,0,0,0,0,0],[0,0,0,0,0,0,0],[0,0,0,0,0,0,0],[0,0,0,0,0,0,0]],[[9.1706638306530137E-7,2.5677242383043203E-6,2.3510561941564567E-6,3.2104517800411637E-6,2.3510561941564567E-6,2.5677242383043203E-6,9.1706638306530137E-7],[2.5677242383043203E-6,5.9140991391691315E-6,5.5453275275610709E-6,7.2869014619249191E-6,5.5453275275610709E-6,5.9140991391691315E-6,2.5677242383043203E-6],[2.3510561941564567E-6,5.5453275275610709E-6,6.4797532379919085E-6,7.4172080379799131E-6,6.4797532379919085E-6,5.5453275275610709E-6,2.3510561941564567E-6],[3.2104517800411637E-6,7.2869014619249191E-6,7.4172080379799131E-6,9.2742107003716039E-6,7.4172080379799131E-6,7.28690146192492E-6,3.2104517800411637E-6],[2.3510561941564567E-6,5.5453275275610709E-6,6.4797532379919085E-6,7.4172080379799131E-6,6.4797532379919085E-6,5.5453275275610709E-6,2.3510561941564567E-6],[2.5677242383043203E-6,5.9140991391691315E-6,5.5453275275610709E-6,7.28690146192492E-6,5.5453275275610709E-6,5.9140991391691315E-6,2.56772423830432E-6],[9.1706638306530137E-7,2.5677242383043203E-6,2.3510561941564567E-6,3.2104517800411637E-6,2.3510561941564567E-6,2.56772423830432E-6,9.1706638306530137E-7]],[[5.5915770562319021E-6,1.0268271981541088E-5,9.6685775068024633E-6,1.2226767657069108E-5,9.6685775068024633E-6,1.026827198154109E-5,5.5915770562319021E-6],[1.0268271981541088E-5,1.6956488622419379E-5,1.6243094973691136E-5,1.9895316742192403E-5,1.6243094973691136E-5,1.6956488622419379E-5,1.026827198154109E-5],[9.6685775068024633E-6,1.6243094973691136E-5,1.8152253516602444E-5,2.0066161935351658E-5,1.8152253516602444E-5,1.6243094973691133E-5,9.6685775068024633E-6],[1.2226767657069108E-5,1.9895316742192403E-5,2.0066161935351658E-5,2.3766389423316316E-5,2.0066161935351658E-5,1.98953167421924E-5,1.2226767657069106E-5],[9.6685775068024633E-6,1.6243094973691136E-5,1.8152253516602444E-5,2.0066161935351658E-5,1.8152253516602441E-5,1.6243094973691133E-5,9.6685775068024616E-6],[1.026827198154109E-5,1.6956488622419379E-5,1.6243094973691133E-5,1.98953167421924E-5,1.6243094973691133E-5,1.6956488622419376E-5,1.0268271981541088E-5],[5.5915770562319021E-6,1.026827198154109E-5,9.6685775068024633E-6,1.2226767657069106E-5,9.6685775068024616E-6,1.0268271981541088E-5,5.5915770562319E-6]],[[1.5086830475231699E-5,2.3090188674018606E-5,2.2087922158993427E-5,2.6593900155122625E-5,2.2087922158993427E-5,2.3090188674018609E-5,1.5086830475231702E-5],[2.3090188674018606E-5,3.3110742492321342E-5,3.2072450568656245E-5,3.7679016621872034E-5,3.2072450568656245E-5,3.3110742492321349E-5,2.3090188674018609E-5],[2.2087922158993427E-5,3.2072450568656245E-5,3.4963331972222861E-5,3.7860668401165762E-5,3.4963331972222861E-5,3.2072450568656245E-5,2.2087922158993427E-5],[2.6593900155122625E-5,3.7679016621872034E-5,3.7860668401165762E-5,4.3389513331135981E-5,3.7860668401165762E-5,3.7679016621872034E-5,2.6593900155122625E-5],[2.2087922158993427E-5,3.2072450568656245E-5,3.4963331972222861E-5,3.7860668401165762E-5,3.4963331972222861E-5,3.2072450568656245E-5,2.2087922158993427E-5],[2.3090188674018609E-5,3.3110742492321349E-5,3.2072450568656245E-5,3.7679016621872034E-5,3.2072450568656245E-5,3.3110742492321342E-5,2.3090188674018606E-5],[1.5086830475231702E-5,2.3090188674018609E-5,2.2087922158993427E-5,2.6593900155122625E-5,2.2087922158993427E-5,2.3090188674018606E-5,1.5086830475231699E-5]],[[2.9627098553593132E-5,4.101287188043564E-5,3.9615690496025991E-5,4.6136720015070562E-5,3.9615690496025991E-5,4.101287188043564E-5,2.9627098553593135E-5],[4.101287188043564E-5,5.4349274023847224E-5,5.2998208368676917E-5,6.0563219248382059E-5,5.2998208368676923E-5,5.4349274023847224E-5,4.101287188043564E-5],[3.9615690496025991E-5,5.2998208368676917E-5,5.6867982496264E-5,6.0745902395741216E-5,5.6867982496264009E-5,5.2998208368676917E-5,3.9615690496025991E-5],[4.6136720015070562E-5,6.0563219248382059E-5,6.0745902395741216E-5,6.8089060842026273E-5,6.0745902395741216E-5,6.0563219248382059E-5,4.6136720015070562E-5],[3.9615690496025991E-5,5.2998208368676923E-5,5.6867982496264009E-5,6.0745902395741216E-5,5.6867982496264009E-5,5.2998208368676917E-5,3.9615690496025991E-5],[4.101287188043564E-5,5.4349274023847224E-5,5.2998208368676917E-5,6.0563219248382059E-5,5.2998208368676917E-5,5.4349274023847224E-5,4.101287188043564E-5],[2.9627098553593135E-5,4.101287188043564E-5,3.9615690496025991E-5,4.6136720015070562E-5,3.9615690496025991E-5,4.101287188043564E-5,2.9627098553593132E-5]],[[4.9241983719707287E-5,6.4007046933832782E-5,6.2223944095459677E-5,7.0770788837212675E-5,6.2223944095459677E-5,6.4007046933832782E-5,4.9241983719707294E-5],[6.4007046933832782E-5,8.06384073267254E-5,7.8981686040647137E-5,8.8496557535699562E-5,7.8981686040647137E-5,8.06384073267254E-5,6.4007046933832782E-5],[6.2223944095459677E-5,7.8981686040647137E-5,8.3824431374096426E-5,8.8676999717041683E-5,8.3824431374096426E-5,7.8981686040647137E-5,6.2223944095459677E-5],[7.0770788837212675E-5,8.8496557535699562E-5,8.8676999717041683E-5,9.782046868991691E-5,8.8676999717041683E-5,8.8496557535699562E-5,7.0770788837212675E-5],[6.2223944095459677E-5,7.8981686040647137E-5,8.3824431374096426E-5,8.8676999717041683E-5,8.3824431374096426E-5,7.8981686040647137E-5,6.2223944095459677E-5],[6.4007046933832782E-5,8.06384073267254E-5,7.8981686040647137E-5,8.8496557535699562E-5,7.8981686040647137E-5,8.06384073267254E-5,6.4007046933832782E-5],[4.9241983719707294E-5,6.4007046933832782E-5,6.2223944095459677E-5,7.0770788837212675E-5,6.2223944095459677E-5,6.4007046933832782E-5,4.9241983719707287E-5]],[[7.3912866855557435E-5,9.2038742082139541E-5,8.9876319497033449E-5,0.00010044204286914934,8.9876319497033449E-5,9.2038742082139541E-5,7.3912866855557435E-5],[9.2038742082139541E-5,0.00011194210978683123,0.00010998421723060057,0.00012143633585720599,0.00010998421723060057,0.00011194210978683123,9.2038742082139541E-5],[8.9876319497033449E-5,0.00010998421723060057,0.00011579308141580637,0.00012161343291731318,0.00011579308141580637,0.00010998421723060057,8.9876319497033449E-5],[0.00010044204286914934,0.00012143633585720599,0.00012161343291731318,0.000132543495173098,0.00012161343291731318,0.00012143633585720599,0.00010044204286914934],[8.9876319497033449E-5,0.00010998421723060057,0.00011579308141580637,0.00012161343291731318,0.00011579308141580637,0.00010998421723060057,8.9876319497033449E-5],[9.2038742082139541E-5,0.00011194210978683123,0.00010998421723060057,0.00012143633585720599,0.00010998421723060057,0.00011194210978683123,9.2038742082139541E-5],[7.3912866855557435E-5,9.2038742082139541E-5,8.9876319497033449E-5,0.00010044204286914934,8.9876319497033449E-5,9.2038742082139541E-5,7.3912866855557435E-5]],[[0.00010360813066782988,0.00012507201495318615,0.00012253499802248309,0.000135107145971308,0.00012253499802248309,0.00012507201495318615,0.00010360813066782988],[0.00012507201495318615,0.00014822370117009617,0.00014596785223652963,0.00015934340971914606,0.00014596785223652963,0.00014822370117009617,0.00012507201495318615],[0.00012253499802248309,0.00014596785223652963,0.00015273575559089265,0.00015951679802458569,0.00015273575559089265,0.00014596785223652963,0.00012253499802248309],[0.000135107145971308,0.00015934340971914606,0.00015951679802458569,0.00017222000183943296,0.00015951679802458569,0.00015934340971914606,0.000135107145971308],[0.00012253499802248309,0.00014596785223652963,0.00015273575559089265,0.00015951679802458569,0.00015273575559089265,0.00014596785223652963,0.00012253499802248309],[0.00012507201495318615,0.00014822370117009617,0.00014596785223652963,0.00015934340971914606,0.00014596785223652963,0.00014822370117009617,0.00012507201495318615],[0.00010360813066782988,0.00012507201495318615,0.00012253499802248309,0.000135107145971308,0.00012253499802248309,0.00012507201495318615,0.00010360813066782988]],[[0.00013829247359723078,0.00016307037005648751,0.0001601624285261771,0.00017472691099665086,0.0001601624285261771,0.00016307037005648751,0.00013829247359723078],[0.00016307037005648751,0.00018944658165551796,0.0001868953994255262,0.00020218033329153762,0.0001868953994255262,0.00018944658165551796,0.00016307037005648751],[0.0001601624285261771,0.0001868953994255262,0.00019461526433032486,0.00020234990781543103,0.00019461526433032486,0.0001868953994255262,0.0001601624285261771],[0.00017472691099665086,0.00020218033329153762,0.00020234990781543103,0.000216813045093217,0.00020234990781543103,0.00020218033329153762,0.00017472691099665086],[0.0001601624285261771,0.0001868953994255262,0.00019461526433032486,0.00020234990781543103,0.00019461526433032486,0.0001868953994255262,0.0001601624285261771],[0.00016307037005648751,0.00018944658165551796,0.0001868953994255262,0.00020218033329153762,0.0001868953994255262,0.00018944658165551796,0.00016307037005648751],[0.00013829247359723078,0.00016307037005648751,0.0001601624285261771,0.00017472691099665086,0.0001601624285261771,0.00016307037005648751,0.00013829247359723078]],[[0.00017792968624005663,0.00020599740328981273,0.0002027216709420968,0.00021926401318523358,0.0002027216709420968,0.00020599740328981273,0.00017792968624005663],[0.00020599740328981273,0.00023557451300600387,0.00023273034347774923,0.00024991064720007391,0.00023273034347774926,0.00023557451300600389,0.00020599740328981273],[0.0002027216709420968,0.00023273034347774923,0.00024139516599052071,0.00025007639454458674,0.00024139516599052074,0.00023273034347774926,0.0002027216709420968],[0.00021926401318523358,0.00024991064720007391,0.00025007639454458674,0.00026628647862060671,0.00025007639454458674,0.00024991064720007391,0.00021926401318523358],[0.0002027216709420968,0.00023273034347774926,0.00024139516599052074,0.00025007639454458674,0.00024139516599052074,0.00023273034347774926,0.0002027216709420968],[0.00020599740328981273,0.00023557451300600389,0.00023273034347774926,0.00024991064720007391,0.00023273034347774926,0.00023557451300600389,0.00020599740328981273],[0.00017792968624005663,0.00020599740328981273,0.0002027216709420968,0.00021926401318523358,0.0002027216709420968,0.00020599740328981273,0.00017792968624005663]],[[0.00022248356758621795,0.0002538170596393039,0.0002501764038659574,0.00026868214852815723,0.0002501764038659574,0.0002538170596393039,0.00022248356758621795],[0.0002538170596393039,0.000286571703494581,0.00028343675718780223,0.000302498575197366,0.00028343675718780223,0.000286571703494581,0.0002538170596393039],[0.0002501764038659574,0.00028343675718780223,0.00029303962487203631,0.00030266051420284822,0.00029303962487203631,0.00028343675718780223,0.0002501764038659574],[0.00026868214852815723,0.000302498575197366,0.00030266051420284822,0.00032060475778159745,0.00030266051420284822,0.000302498575197366,0.00026868214852815723],[0.0002501764038659574,0.00028343675718780223,0.00029303962487203631,0.00030266051420284822,0.00029303962487203631,0.00028343675718780223,0.0002501764038659574],[0.0002538170596393039,0.000286571703494581,0.00028343675718780223,0.000302498575197366,0.00028343675718780223,0.000286571703494581,0.0002538170596393039],[0.00022248356758621795,0.0002538170596393039,0.0002501764038659574,0.00026868214852815723,0.0002501764038659574,0.0002538170596393039,0.00022248356758621795]],[[0.00027191823460525152,0.00030649371165980072,0.00030249086274227078,0.00032294569170628594,0.00030249086274227078,0.00030649371165980072,0.00027191823460525152],[0.00030649371165980072,0.00034240280848143464,0.00033897922377866481,0.00035990887113894308,0.00033897922377866481,0.00034240280848143464,0.00030649371165980072],[0.00030249086274227078,0.00033897922377866481,0.00034951331472769109,0.000360067031229263,0.00034951331472769109,0.00033897922377866481,0.00030249086274227078],[0.00032294569170628594,0.00035990887113894308,0.000360067031229263,0.00037973282448504445,0.000360067031229263,0.00035990887113894308,0.00032294569170628594],[0.00030249086274227078,0.00033897922377866481,0.00034951331472769109,0.000360067031229263,0.00034951331472769109,0.00033897922377866481,0.00030249086274227078],[0.00030649371165980072,0.00034240280848143464,0.00033897922377866481,0.00035990887113894308,0.00033897922377866481,0.00034240280848143464,0.00030649371165980072],[0.00027191823460525152,0.00030649371165980072,0.00030249086274227078,0.00032294569170628594,0.00030249086274227078,0.00030649371165980072,0.00027191823460525152]],[[0.000326198209885058,0.00036399215822734257,0.00035962976984543749,0.0003820195312734284,0.00035962976984543749,0.00036399215822734257,0.000326198209885058],[0.00036399215822734257,0.00040303289496106771,0.0003993227671925137,0.00042210672211941629,0.0003993227671925137,0.00040303289496106771,0.00036399215822734257],[0.00035962976984543749,0.0003993227671925137,0.00041078134226346034,0.00042226113522626416,0.00041078134226346034,0.0003993227671925137,0.00035962976984543749],[0.0003820195312734284,0.00042210672211941629,0.00042226113522626416,0.00044363602392228881,0.00042226113522626416,0.00042210672211941629,0.0003820195312734284],[0.00035962976984543749,0.0003993227671925137,0.00041078134226346034,0.00042226113522626416,0.00041078134226346034,0.0003993227671925137,0.00035962976984543749],[0.00036399215822734257,0.00040303289496106771,0.0003993227671925137,0.00042210672211941629,0.0003993227671925137,0.00040303289496106771,0.00036399215822734257],[0.000326198209885058,0.00036399215822734257,0.00035962976984543749,0.0003820195312734284,0.00035962976984543749,0.00036399215822734257,0.000326198209885058]],[[0.00038528842163710784,0.00042627758835322028,0.00042155826656387041,0.000445868968907191,0.00042155826656387036,0.00042627758835322028,0.00038528842163710784],[0.00042627758835322028,0.00046842739032947951,0.00046443278619626025,0.00048905767236406123,0.00046443278619626019,0.00046842739032947945,0.00042627758835322028],[0.00042155826656387041,0.00046443278619626025,0.00047680917863535273,0.00048920836984937908,0.00047680917863535273,0.00046443278619626025,0.00042155826656387036],[0.000445868968907191,0.00048905767236406123,0.00048920836984937908,0.00051228003326140182,0.00048920836984937908,0.00048905767236406123,0.00044586896890719106],[0.00042155826656387036,0.00046443278619626019,0.00047680917863535273,0.00048920836984937908,0.00047680917863535279,0.00046443278619626025,0.00042155826656387036],[0.00042627758835322028,0.00046842739032947945,0.00046443278619626025,0.00048905767236406123,0.00046443278619626025,0.00046842739032947951,0.00042627758835322028],[0.00038528842163710784,0.00042627758835322028,0.00042155826656387036,0.00044586896890719106,0.00042155826656387036,0.00042627758835322028,0.00038528842163710784]],[[0.00044915416730248014,0.00049331552932131684,0.00048824184766378594,0.00051445964162188734,0.00048824184766378594,0.00049331552932131684,0.00044915416730248014],[0.00049331552932131684,0.00053855202350556986,0.00053427498936103543,0.0005607275539916334,0.00053427498936103543,0.00053855202350556986,0.00049331552932131684],[0.00048824184766378594,0.00053427498936103543,0.00054756259325569991,0.0005608745654405177,0.00054756259325569991,0.00053427498936103532,0.00048824184766378594],[0.00051445964162188734,0.0005607275539916334,0.0005608745654405177,0.0005856307938423449,0.0005608745654405177,0.00056072755399163329,0.00051445964162188734],[0.00048824184766378594,0.00053427498936103543,0.00054756259325569991,0.0005608745654405177,0.00054756259325569991,0.00053427498936103532,0.00048824184766378594],[0.00049331552932131684,0.00053855202350556986,0.00053427498936103532,0.00056072755399163329,0.00053427498936103532,0.00053855202350556986,0.00049331552932131684],[0.00044915416730248014,0.00049331552932131684,0.00048824184766378594,0.00051445964162188734,0.00048824184766378594,0.00049331552932131684,0.00044915416730248014]],[[0.0005177610610898639,0.00056507178700785873,0.0005596462957128558,0.00058775745133725474,0.0005596462957128558,0.00056507178700785873,0.0005177610610898639],[0.00056507178700785873,0.00061337276137476417,0.00060881532902338218,0.00063708241881580774,0.00060881532902338218,0.00061337276137476417,0.00056507178700785873],[0.0005596462957128558,0.00060881532902338218,0.00062300758702617167,0.00063722577153229828,0.00062300758702617167,0.00060881532902338218,0.0005596462957128558],[0.00058775745133725474,0.00063708241881580774,0.00063722577153229828,0.00066365444298403613,0.00063722577153229828,0.00063708241881580774,0.00058775745133725474],[0.0005596462957128558,0.00060881532902338218,0.00062300758702617167,0.00063722577153229828,0.00062300758702617167,0.00060881532902338218,0.0005596462957128558],[0.00056507178700785873,0.00061337276137476417,0.00060881532902338218,0.00063708241881580774,0.00060881532902338218,0.00061337276137476417,0.00056507178700785873],[0.0005177610610898639,0.00056507178700785873,0.0005596462957128558,0.00058775745133725474,0.0005596462957128558,0.00056507178700785873,0.0005177610610898639]],[[0.000591074973437768,0.00064151238126691269,0.00063573761408723521,0.00066572849543464186,0.00063573761408723521,0.00064151238126691269,0.000591074973437768],[0.00064151238126691269,0.00069285574131761161,0.000688019932903414,0.00071808846839719882,0.000688019932903414,0.00069285574131761161,0.00064151238126691269],[0.00063573761408723521,0.000688019932903414,0.00070311032330200155,0.00071822818715735874,0.00070311032330200155,0.000688019932903414,0.00063573761408723521],[0.00066572849543464186,0.00071808846839719882,0.00071822818715735874,0.00074631724332032128,0.00071822818715735874,0.00071808846839719882,0.00066572849543464186],[0.00063573761408723521,0.000688019932903414,0.00070311032330200155,0.00071822818715735874,0.00070311032330200155,0.000688019932903414,0.00063573761408723521],[0.00064151238126691269,0.00069285574131761161,0.000688019932903414,0.00071808846839719882,0.000688019932903414,0.00069285574131761161,0.00064151238126691269],[0.000591074973437768,0.00064151238126691269,0.00063573761408723521,0.00066572849543464186,0.00063573761408723521,0.00064151238126691269,0.000591074973437768]],[[0.000669061965273619,0.000722603477103883,0.00071648195731026452,0.00074833899532820785,0.00071648195731026452,0.000722603477103883,0.000669061965273619],[0.000722603477103883,0.0007769671996175788,0.00077185503229182894,0.00080371198068948993,0.00077185503229182894,0.0007769671996175788,0.000722603477103883],[0.00071648195731026452,0.00077185503229182894,0.00078783705535085107,0.00080384808757772417,0.00078783705535085107,0.00077185503229182894,0.00071648195731026452],[0.00074833899532820785,0.00080371198068948993,0.00080384808757772417,0.00083358550825688934,0.00080384808757772417,0.00080371198068948993,0.00074833899532820785],[0.00071648195731026452,0.00077185503229182894,0.00078783705535085107,0.00080384808757772417,0.00078783705535085107,0.00077185503229182894,0.00071648195731026452],[0.000722603477103883,0.0007769671996175788,0.00077185503229182894,0.00080371198068948993,0.00077185503229182894,0.0007769671996175788,0.000722603477103883],[0.000669061965273619,0.000722603477103883,0.00071648195731026452,0.00074833899532820785,0.00071648195731026452,0.000722603477103883,0.000669061965273619]],[[0.000751688217762033,0.00080831131139384726,0.00080184555763031186,0.00083555522130895823,0.00080184555763031186,0.00080831131139384726,0.000751688217762033],[0.00080831131139384726,0.00086567339507513978,0.00086028688576626712,0.00089391923199833988,0.00086028688576626712,0.00086567339507513978,0.00080831131139384726],[0.00080184555763031186,0.00086028688576626712,0.00087715404919777422,0.00089405174625664945,0.00087715404919777422,0.00086028688576626712,0.00080184555763031186],[0.00083555522130895823,0.00089391923199833988,0.00089405174625664945,0.0009254255223399416,0.00089405174625664945,0.00089391923199833988,0.00083555522130895823],[0.00080184555763031186,0.00086028688576626712,0.00087715404919777422,0.00089405174625664945,0.00087715404919777422,0.00086028688576626712,0.00080184555763031186],[0.00080831131139384726,0.00086567339507513978,0.00086028688576626712,0.00089391923199833988,0.00086028688576626712,0.00086567339507513978,0.00080831131139384726],[0.000751688217762033,0.00080831131139384726,0.00080184555763031186,0.00083555522130895823,0.00080184555763031186,0.00080831131139384726,0.000751688217762033]],[[0.00083891995726082923,0.0008986021144270583,0.00089179464676334666,0.0009273434123172916,0.00089179464676334666,0.0008986021144270583,0.00083891995726082923],[0.0008986021144270583,0.00095894052687890306,0.000953281697339797,0.00098867641303093624,0.000953281697339797,0.00095894052687890306,0.0008986021144270583],[0.00089179464676334666,0.000953281697339797,0.00097102750071653091,0.00098880535089064265,0.00097102750071653091,0.000953281697339797,0.00089179464676334666],[0.0009273434123172916,0.00098867641303093624,0.00098880535089064265,0.0010218034553124511,0.00098880535089064265,0.00098867641303093624,0.00092734341231729171],[0.00089179464676334666,0.000953281697339797,0.00097102750071653091,0.00098880535089064265,0.00097102750071653091,0.000953281697339797,0.00089179464676334666],[0.0008986021144270583,0.00095894052687890306,0.000953281697339797,0.00098867641303093624,0.000953281697339797,0.00095894052687890306,0.0008986021144270583],[0.00083891995726082923,0.0008986021144270583,0.00089179464676334666,0.00092734341231729171,0.00089179464676334666,0.0008986021144270583,0.00083891995726082923]],[[0.00093072337471952369,0.00099344202527596836,0.000986295371651373,0.0010236696893572231,0.00098629537165137319,0.00099344202527596836,0.00093072337471952369],[0.00099344202527596836,0.0010567346455663232,0.0010508055278191247,0.0010879495377260787,0.0010508055278191249,0.0010567346455663234,0.00099344202527596836],[0.000986295371651373,0.0010508055278191247,0.0010694234457085006,0.0010880749122065166,0.0010694234457085006,0.0010508055278191249,0.00098629537165137319],[0.0010236696893572231,0.0010879495377260787,0.0010880749122065166,0.0011226852685094495,0.0010880749122065166,0.0010879495377260787,0.0010236696893572231],[0.00098629537165137319,0.0010508055278191249,0.0010694234457085006,0.0010880749122065166,0.0010694234457085006,0.0010508055278191249,0.00098629537165137319],[0.00099344202527596836,0.0010567346455663234,0.0010508055278191249,0.0010879495377260787,0.0010508055278191249,0.0010567346455663234,0.00099344202527596836],[0.00093072337471952369,0.00099344202527596836,0.00098629537165137319,0.0010236696893572231,0.00098629537165137319,0.00099344202527596836,0.00093072337471952369]],[[0.0010270645384553578,0.0010927969997460067,0.0010853137029480148,0.0011244999611656292,0.0010853137029480148,0.0010927969997460067,0.0010270645384553578],[0.0010927969997460067,0.001159021555687433,0.0011528241979713442,0.0011917043433807171,0.0011528241979713442,0.001159021555687433,0.0010927969997460067],[0.0010853137029480148,0.0011528241979713442,0.0011723076615292203,0.0011918261640446316,0.0011723076615292203,0.0011528241979713442,0.0010853137029480148],[0.0011244999611656292,0.0011917043433807171,0.0011918261640446316,0.0012280366120464039,0.0011918261640446316,0.0011917043433807171,0.0011244999611656292],[0.0010853137029480148,0.0011528241979713442,0.0011723076615292203,0.0011918261640446316,0.0011723076615292203,0.0011528241979713442,0.0010853137029480148],[0.0010927969997460067,0.001159021555687433,0.0011528241979713442,0.0011917043433807171,0.0011528241979713442,0.001159021555687433,0.0010927969997460067],[0.0010270645384553578,0.0010927969997460067,0.0010853137029480148,0.0011244999611656292,0.0010853137029480148,0.0010927969997460067,0.0010270645384553578]],[[0.001127909298995399,0.001196632709436685,0.001188815334746938,0.0012297998205605713,0.001188815334746938,0.001196632709436685,0.001127909298995399],[0.001196632709436685,0.0012657667085358858,0.0012593031818673073,0.0012999061803493108,0.0012593031818673073,0.0012657667085358858,0.001196632709436685],[0.001188815334746938,0.0012593031818673073,0.0012796455585853093,0.0013000244530056912,0.0012796455585853093,0.0012593031818673073,0.001188815334746938],[0.0012297998205605713,0.0012999061803493108,0.0013000244530056912,0.0013378227109950081,0.0013000244530056912,0.0012999061803493108,0.0012297998205605713],[0.001188815334746938,0.0012593031818673073,0.0012796455585853093,0.0013000244530056912,0.0012796455585853093,0.0012593031818673073,0.001188815334746938],[0.001196632709436685,0.0012657667085358858,0.0012593031818673073,0.0012999061803493108,0.0012593031818673073,0.0012657667085358858,0.001196632709436685],[0.001127909298995399,0.001196632709436685,0.001188815334746938,0.0012297998205605713,0.001188815334746938,0.001196632709436685,0.001127909298995399]],[[0.0012332231844207802,0.0013049144301705042,0.0012967655738191581,0.0013395344296314332,0.0012967655738191581,0.0013049144301705042,0.0012332231844207802],[0.0013049144301705042,0.0013769350830133255,0.0013702074884813355,0.0014125198892863916,0.0013702074884813355,0.0013769350830133255,0.0013049144301705042],[0.0012967655738191581,0.0013702074884813355,0.001391402059726539,0.0014126346156307613,0.001391402059726539,0.0013702074884813355,0.0012967655738191581],[0.0013395344296314332,0.0014125198892863916,0.0014126346156307613,0.0014520082384134984,0.0014126346156307613,0.0014125198892863916,0.0013395344296314332],[0.0012967655738191581,0.0013702074884813355,0.001391402059726539,0.0014126346156307613,0.001391402059726539,0.0013702074884813355,0.0012967655738191581],[0.0013049144301705042,0.0013769350830133255,0.0013702074884813355,0.0014125198892863916,0.0013702074884813355,0.0013769350830133255,0.0013049144301705042],[0.0012332231844207802,0.0013049144301705042,0.0012967655738191581,0.0013395344296314332,0.0012967655738191581,0.0013049144301705042,0.0012332231844207802]],[[0.0013429712843575636,0.001417606917723097,0.0014091292163130561,0.00145366839160211,0.0014091292163130561,0.001417606917723097,0.0013429712843575636],[0.001417606917723097,0.0014924910523285318,0.0014855015292696415,0.0015295096635217706,0.0014855015292696415,0.0014924910523285318,0.001417606917723097],[0.0014091292163130561,0.0014855015292696415,0.0015075414651880917,0.0015296208407021168,0.0015075414651880917,0.0014855015292696415,0.0014091292163130561],[0.00145366839160211,0.0015295096635217706,0.0015296208407021168,0.0015705571726926351,0.0015296208407021168,0.0015295096635217706,0.00145366839160211],[0.0014091292163130561,0.0014855015292696415,0.0015075414651880917,0.0015296208407021168,0.0015075414651880917,0.0014855015292696415,0.0014091292163130561],[0.001417606917723097,0.0014924910523285318,0.0014855015292696415,0.0015295096635217706,0.0014855015292696415,0.0014924910523285318,0.001417606917723097],[0.0013429712843575636,0.001417606917723097,0.0014091292163130561,0.00145366839160211,0.0014091292163130561,0.001417606917723097,0.0013429712843575636]],[[0.0014571181204099911,0.0015346742683933878,0.0015258704094838528,0.0015721656067842981,0.0015258704094838528,0.0015346742683933878,0.0014571181204099911],[0.0015346742683933878,0.0016123982337845643,0.0016051489690077486,0.001650838893685012,0.0016051489690077486,0.0016123982337845643,0.0015346742683933878],[0.0015258704094838528,0.0016051489690077486,0.0016280273002802781,0.0016509465137789748,0.0016280273002802781,0.0016051489690077486,0.0015258704094838528],[0.0015721656067842981,0.001650838893685012,0.0016509465137789748,0.0016934326361751123,0.0016509465137789748,0.001650838893685012,0.0015721656067842981],[0.0015258704094838528,0.0016051489690077486,0.0016280273002802781,0.0016509465137789748,0.0016280273002802781,0.0016051489690077486,0.0015258704094838528],[0.0015346742683933878,0.0016123982337845643,0.0016051489690077486,0.001650838893685012,0.0016051489690077486,0.0016123982337845643,0.0015346742683933878],[0.0014571181204099911,0.0015346742683933878,0.0015258704094838528,0.0015721656067842981,0.0015258704094838528,0.0015346742683933878,0.0014571181204099911]],[[0.0015756275004041719,0.0016560797614646417,0.0016469524955401765,0.0016949891095238434,0.0016469524955401765,0.0016560797614646417,0.0015756275004041719],[0.0016560797614646417,0.0017366193183515385,0.0017291125566189479,0.0017764699911086369,0.0017291125566189479,0.0017366193183515385,0.0016560797614646417],[0.0016469524955401765,0.0017291125566189479,0.00175282214245488,0.001776574040494216,0.00175282214245488,0.0017291125566189479,0.0016469524955401765],[0.0016949891095238434,0.0017764699911086369,0.001776574040494216,0.0018205967113807137,0.001776574040494216,0.0017764699911086369,0.0016949891095238434],[0.0016469524955401765,0.0017291125566189479,0.00175282214245488,0.001776574040494216,0.00175282214245488,0.0017291125566189479,0.0016469524955401765],[0.0016560797614646417,0.0017366193183515385,0.0017291125566189479,0.0017764699911086369,0.0017291125566189479,0.0017366193183515385,0.0016560797614646417],[0.0015756275004041719,0.0016560797614646417,0.0016469524955401765,0.0016949891095238434,0.0016469524955401765,0.0016560797614646417,0.0015756275004041719]],[[0.001698462353278385,0.0017817856800009298,0.0017723378340982238,0.0018221008824023002,0.0017723378340982238,0.0017817856800009298,0.001698462353278385],[0.0017817856800009298,0.0018651158760298594,0.0018573539320416823,0.0019063641858060535,0.0018573539320416823,0.0018651158760298594,0.0017817856800009298],[0.0017723378340982238,0.0018573539320416823,0.0018818874236679879,0.0019064646444036638,0.0018818874236679879,0.0018573539320416823,0.0017723378340982238],[0.0018221008824023002,0.0019063641858060535,0.0019064646444036638,0.001952010230387364,0.0019064646444036638,0.0019063641858060535,0.0018221008824023002],[0.0017723378340982238,0.0018573539320416823,0.0018818874236679879,0.0019064646444036638,0.0018818874236679879,0.0018573539320416823,0.0017723378340982238],[0.0017817856800009298,0.0018651158760298594,0.0018573539320416823,0.0019063641858060535,0.0018573539320416823,0.0018651158760298594,0.0017817856800009298],[0.001698462353278385,0.0017817856800009298,0.0017723378340982238,0.0018221008824023002,0.0017723378340982238,0.0017817856800009298,0.001698462353278385]],[[0.0018255845407996526,0.001911753105668207,0.0019019875989912617,0.0019534616431556733,0.0019019875989912617,0.001911753105668207,0.0018255845407996526],[0.001911753105668207,0.0019978481321427958,0.0019898334043290783,0.0020404812939020869,0.0019898334043290783,0.0019978481321427958,0.001911753105668207],[0.0019019875989912617,0.0019898334043290783,0.0020151832030722693,0.0020405781342602591,0.0020151832030722698,0.0019898334043290788,0.0019019875989912617],[0.0019534616431556733,0.0020404812939020869,0.0020405781342602591,0.0020876325319381696,0.0020405781342602591,0.0020404812939020874,0.0019534616431556733],[0.0019019875989912617,0.0019898334043290783,0.0020151832030722698,0.0020405781342602591,0.0020151832030722698,0.0019898334043290788,0.0019019875989912619],[0.001911753105668207,0.0019978481321427958,0.0019898334043290788,0.0020404812939020874,0.0019898334043290788,0.0019978481321427963,0.001911753105668207],[0.0018255845407996526,0.001911753105668207,0.0019019875989912617,0.0019534616431556733,0.0019019875989912619,0.001911753105668207,0.0018255845407996526]],[[0.0019569546414613483,0.0020459416823199179,0.0020358615442461277,0.0020890305987644095,0.0020358615442461277,0.0020459416823199179,0.0019569546414613483],[0.0020459416823199179,0.002134774708604876,0.00212650969509501,0.0021787794482337947,0.00212650969509501,0.002134774708604876,0.0020459416823199179],[0.0020358615442461277,0.00212650969509501,0.0021526679039513114,0.0021788726344235941,0.0021526679039513114,0.00212650969509501,0.0020358615442461277],[0.0020890305987644095,0.0021787794482337947,0.0021788726344235941,0.002227421179604238,0.0021788726344235941,0.0021787794482337947,0.0020890305987644095],[0.0020358615442461277,0.00212650969509501,0.0021526679039513114,0.0021788726344235941,0.0021526679039513114,0.00212650969509501,0.0020358615442461277],[0.0020459416823199179,0.002134774708604876,0.00212650969509501,0.0021787794482337947,0.00212650969509501,0.002134774708604876,0.0020459416823199179],[0.0019569546414613483,0.0020459416823199179,0.0020358615442461277,0.0020890305987644095,0.0020358615442461277,0.0020459416823199179,0.0019569546414613483]],[[0.00209253170087683,0.00218430934188675,0.0021739177328600223,0.0022287651598964561,0.0021739177328600223,0.00218430934188675,0.00209253170087683],[0.00218430934188675,0.0022758523228280396,0.0022673396400558288,0.0023212147843685083,0.0022673396400558288,0.0022758523228280396,0.00218430934188675],[0.0021739177328600223,0.0022673396400558288,0.0022942980073896195,0.00232130427064233,0.0022942980073896195,0.0022673396400558288,0.0021739177328600223],[0.0022287651598964561,0.0023212147843685083,0.00232130427064233,0.0023713316327583609,0.00232130427064233,0.0023212147843685083,0.0022287651598964561],[0.0021739177328600223,0.0022673396400558288,0.0022942980073896195,0.00232130427064233,0.0022942980073896195,0.0022673396400558288,0.0021739177328600223],[0.00218430934188675,0.0022758523228280396,0.0022673396400558288,0.0023212147843685083,0.0022673396400558288,0.0022758523228280396,0.00218430934188675],[0.00209253170087683,0.00218430934188675,0.0021739177328600223,0.0022287651598964561,0.0021739177328600223,0.00218430934188675,0.00209253170087683]],[[0.0022322729416726929,0.002326811984587244,0.0023161122205100633,0.0023726206072621527,0.0023161122205100633,0.002326811984587244,0.0022322729416726929],[0.002326811984587244,0.0024210354351612696,0.002412277839673673,0.0024677410724045661,0.002412277839673673,0.0024210354351612696,0.002326811984587244],[0.0023161122205100633,0.002412277839673673,0.0024400276933582931,0.0024678268015628987,0.0024400276933582931,0.002412277839673673,0.0023161122205100633],[0.0023726206072621527,0.0024677410724045661,0.0024678268015628987,0.0025193168600975376,0.0024678268015628987,0.0024677410724045661,0.0023726206072621527],[0.0023161122205100633,0.002412277839673673,0.0024400276933582931,0.0024678268015628987,0.0024400276933582931,0.002412277839673673,0.0023161122205100633],[0.002326811984587244,0.0024210354351612696,0.002412277839673673,0.0024677410724045661,0.002412277839673673,0.0024210354351612696,0.002326811984587244],[0.0022322729416726929,0.002326811984587244,0.0023161122205100633,0.0023726206072621527,0.0023161122205100633,0.002326811984587244,0.0022322729416726929]],[[0.0023761334242057433,0.0024734031035213732,0.0024623986844094811,0.0025205496993618457,0.0024623986844094811,0.0024734031035213732,0.0023761334242057433],[0.0024734031035213732,0.0025702758334869855,0.0025612762476676528,0.0026183092824992697,0.0025612762476676528,0.0025702758334869855,0.0024734031035213732],[0.0024623986844094811,0.0025612762476676528,0.0025898084175640431,0.0026183911838926974,0.0025898084175640431,0.0025612762476676528,0.0024623986844094811],[0.0025205496993618457,0.0026183092824992697,0.0026183911838926974,0.0026713268828515379,0.0026183911838926974,0.0026183092824992697,0.0025205496993618457],[0.0024623986844094811,0.0025612762476676528,0.0025898084175640431,0.0026183911838926974,0.0025898084175640431,0.0025612762476676528,0.0024623986844094811],[0.0024734031035213732,0.0025702758334869855,0.0025612762476676528,0.0026183092824992697,0.0025612762476676528,0.0025702758334869855,0.0024734031035213732],[0.0023761334242057433,0.0024734031035213732,0.0024623986844094811,0.0025205496993618457,0.0024623986844094811,0.0024734031035213732,0.0023761334242057433]],[[0.0025240656472747722,0.0026240333411922806,0.002612727985048394,0.0026725022084216825,0.002612727985048394,0.0026240333411922806,0.0025240656472747722],[0.0026240333411922806,0.0027235221406555752,0.0027142836832587539,0.0027728670689271067,0.0027142836832587539,0.0027235221406555752,0.0026240333411922806],[0.002612727985048394,0.0027142836832587539,0.0027435884093858936,0.0027729450559994271,0.0027435884093858936,0.0027142836832587539,0.002612727985048394],[0.0026725022084216825,0.0027728670689271067,0.0027729450559994271,0.0028273082314351954,0.0027729450559994271,0.0027728670689271067,0.0026725022084216825],[0.002612727985048394,0.0027142836832587539,0.0027435884093858936,0.0027729450559994271,0.0027435884093858936,0.0027142836832587539,0.002612727985048394],[0.0026240333411922806,0.0027235221406555752,0.0027142836832587539,0.0027728670689271067,0.0027142836832587539,0.0027235221406555752,0.0026240333411922806],[0.0025240656472747722,0.0026240333411922806,0.002612727985048394,0.0026725022084216825,0.002612727985048394,0.0026240333411922806,0.0025240656472747722]],[[0.0026760190752128676,0.0027786499622277062,0.0027670476453439106,0.0028284243678136454,0.0027670476453439106,0.0027786499622277062,0.0026760190752128676],[0.0027786499622277062,0.0028807192265978146,0.0028712452492297654,0.00293135815336292,0.0028712452492297654,0.0028807192265978146,0.0027786499622277062],[0.0027670476453439106,0.0028712452492297654,0.0029013120722740605,0.002931432120612767,0.0029013120722740605,0.0028712452492297654,0.0027670476453439106],[0.0028284243678136454,0.00293135815336292,0.002931432120612767,0.0029872032948740561,0.002931432120612767,0.00293135815336292,0.0028284243678136454],[0.0027670476453439106,0.0028712452492297654,0.0029013120722740605,0.002931432120612767,0.0029013120722740605,0.0028712452492297654,0.0027670476453439106],[0.0027786499622277062,0.0028807192265978146,0.0028712452492297654,0.00293135815336292,0.0028712452492297654,0.0028807192265978146,0.0027786499622277062],[0.0026760190752128676,0.0027786499622277062,0.0027670476453439106,0.0028284243678136454,0.0027670476453439106,0.0027786499622277062,0.0026760190752128676]],[[0.0028319395741073813,0.002937196222281007,0.0029253012275095021,0.0029882582096695549,0.0029253012275095021,0.002937196222281007,0.0028319395741073813],[0.002937196222281007,0.0030418075018946548,0.003032101632898044,0.0030937215826662787,0.003032101632898044,0.0030418075018946548,0.002937196222281007],[0.0029253012275095021,0.003032101632898044,0.0030629192627795181,0.0030937914018656048,0.0030629192627795181,0.003032101632898044,0.0029253012275095021],[0.0029882582096695549,0.0030937215826662787,0.0030937914018656048,0.0031509495364813547,0.0030937914018656048,0.0030937215826662787,0.0029882582096695549],[0.0029253012275095021,0.003032101632898044,0.0030629192627795181,0.0030937914018656048,0.0030629192627795181,0.003032101632898044,0.0029253012275095021],[0.002937196222281007,0.0030418075018946548,0.003032101632898044,0.0030937215826662787,0.003032101632898044,0.0030418075018946548,0.002937196222281007],[0.0028319395741073813,0.002937196222281007,0.0029253012275095021,0.0029882582096695549,0.0029253012275095021,0.002937196222281007,0.0028319395741073813]],[[0.0029917687351119003,0.003099610607418514,0.0030874275823892139,0.0031519407653161453,0.0030874275823892139,0.003099610607418514,0.0029917687351119003],[0.003099610607418514,0.003206722062861652,0.0031967882604820616,0.0032598908292305663,0.0031967882604820616,0.003206722062861652,0.003099610607418514],[0.0030874275823892139,0.0031967882604820616,0.0032283444174614033,0.003259956344685512,0.0032283444174614033,0.0031967882604820616,0.0030874275823892139],[0.0031519407653161453,0.0032598908292305663,0.003259956344685512,0.003318478541460626,0.003259956344685512,0.0032598908292305663,0.0031519407653161453],[0.0030874275823892139,0.0031967882604820616,0.0032283444174614033,0.003259956344685512,0.0032283444174614033,0.0031967882604820616,0.0030874275823892139],[0.003099610607418514,0.003206722062861652,0.0031967882604820616,0.0032598908292305663,0.0031967882604820616,0.003206722062861652,0.003099610607418514],[0.0029917687351119003,0.003099610607418514,0.0030874275823892139,0.0031519407653161453,0.0030874275823892139,0.003099610607418514,0.0029917687351119003]],[[0.0031554430564629372,0.0032658259107304667,0.0032533599385778404,0.0033194030930339992,0.0032533599385778404,0.0032658259107304667,0.0031554430564629372],[0.0032658259107304667,0.0033753916491890104,0.0033652342664711181,0.0034297926922699758,0.0