{"M_cells":[[[0,0,0,0,0,0],[0,0,0,0,0,0],[0,0,0,0,0,0],[0,0,0,0,0,0],[0,0,0,0,0,0],[0,0,0,0,0,0]],[[0.00072512624167135739,0.0017727967258158854,0.0022332588766171366,0.0022332588766171366,0.0017727967258158854,0.00072512624167135739],[0.0017727967258158854,0.0033537790222789468,0.004114689008595936,0.004114689008595936,0.0033537790222789468,0.0017727967258158854],[0.0022332588766171366,0.004114689008595936,0.0050258598845858617,0.0050258598845858617,0.004114689008595936,0.0022332588766171366],[0.0022332588766171366,0.004114689008595936,0.0050258598845858617,0.0050258598845858617,0.004114689008595936,0.0022332588766171366],[0.0017727967258158854,0.0033537790222789468,0.004114689008595936,0.004114689008595936,0.0033537790222789468,0.0017727967258158854],[0.00072512624167135739,0.0017727967258158854,0.0022332588766171366,0.0022332588766171366,0.0017727967258158854,0.00072512624167135739]],[[0.00280729979621655,0.0044314610930378095,0.005194341513081068,0.005194341513081068,0.0044314610930378095,0.00280729979621655],[0.0044314610930378095,0.00616734394927599,0.0070521557379629694,0.0070521557379629694,0.00616734394927599,0.0044314610930378095],[0.005194341513081068,0.0070521557379629694,0.00799795304033016,0.00799795304033016,0.0070521557379629694,0.005194341513081068],[0.005194341513081068,0.0070521557379629694,0.00799795304033016,0.00799795304033016,0.0070521557379629694,0.005194341513081068],[0.0044314610930378095,0.00616734394927599,0.0070521557379629694,0.0070521557379629694,0.00616734394927599,0.0044314610930378095],[0.00280729979621655,0.0044314610930378095,0.005194341513081068,0.005194341513081068,0.0044314610930378095,0.00280729979621655]],[[0.0054066494298817555,0.0072136160059241162,0.0080927794327896267,0.0080927794327896267,0.0072136160059241162,0.0054066494298817555],[0.0072136160059241162,0.0089902906151961316,0.009914744330273683,0.009914744330273683,0.0089902906151961316,0.0072136160059241162],[0.0080927794327896267,0.009914744330273683,0.010861850718903719,0.010861850718903719,0.009914744330273683,0.0080927794327896267],[0.0080927794327896267,0.009914744330273683,0.010861850718903719,0.010861850718903719,0.009914744330273683,0.0080927794327896267],[0.0072136160059241162,0.0089902906151961316,0.009914744330273683,0.009914744330273683,0.0089902906151961316,0.0072136160059241162],[0.0054066494298817555,0.0072136160059241162,0.0080927794327896267,0.0080927794327896267,0.0072136160059241162,0.0054066494298817555]],[[0.0081685920403184523,0.010033562672424563,0.010955696406374244,0.010955696406374244,0.010033562672424563,0.0081685920403184523],[0.010033562672424563,0.011824627538149234,0.012763438856897878,0.012763438856897878,0.011824627538149234,0.010033562672424563],[0.010955696406374244,0.012763438856897878,0.01371059174536025,0.01371059174536025,0.012763438856897878,0.010955696406374244],[0.010955696406374244,0.012763438856897878,0.01371059174536025,0.01371059174536025,0.012763438856897878,0.010955696406374244],[0.010033562672424563,0.011824627538149234,0.012763438856897878,0.012763438856897878,0.011824627538149234,0.010033562672424563],[0.0081685920403184523,0.010033562672424563,0.010955696406374244,0.010955696406374244,0.010033562672424563,0.0081685920403184523]],[[0.010982975643682755,0.012867114237945489,0.013805061532480612,0.013805061532480612,0.012867114237945489,0.010982975643682755],[0.012867114237945489,0.014663443235233132,0.015607524826083375,0.015607524826083375,0.014663443235233132,0.012867114237945489],[0.013805061532480612,0.015607524826083375,0.016554674584869995,0.016554674584869995,0.015607524826083375,0.013805061532480612],[0.013805061532480612,0.015607524826083375,0.016554674584869995,0.016554674584869995,0.015607524826083375,0.013805061532480612],[0.012867114237945489,0.014663443235233132,0.015607524826083375,0.015607524826083375,0.014663443235233132,0.012867114237945489],[0.010982975643682755,0.012867114237945489,0.013805061532480612,0.013805061532480612,0.012867114237945489,0.010982975643682755]],[[0.013814952789382747,0.015705649226481756,0.016649411342115304,0.016649411342115304,0.015705649226481756,0.013814952789382749],[0.015705649226481756,0.017503907248700525,0.018449923939372538,0.018449923939372538,0.017503907248700525,0.015705649226481756],[0.016649411342115304,0.018449923939372538,0.019397068289904056,0.019397068289904056,0.018449923939372538,0.016649411342115304],[0.016649411342115304,0.018449923939372538,0.019397068289904056,0.019397068289904056,0.018449923939372538,0.016649411342115304],[0.015705649226481756,0.017503907248700525,0.018449923939372538,0.018449923939372538,0.017503907248700525,0.015705649226481756],[0.013814952789382749,0.015705649226481756,0.016649411342115304,0.016649411342115304,0.015705649226481756,0.013814952789382749]],[[0.016653013468355189,0.018546006831146232,0.019491904842232656,0.019491904842232656,0.018546006831146232,0.016653013468355189],[0.018546006831146232,0.020344968162607027,0.02129169340974019,0.02129169340974019,0.020344968162607027,0.018546006831146232],[0.019491904842232656,0.02129169340974019,0.022238832408594835,0.022238832408594835,0.02129169340974019,0.019491904842232656],[0.019491904842232656,0.02129169340974019,0.022238832408594835,0.022238832408594835,0.02129169340974019,0.019491904842232656],[0.018546006831146232,0.020344968162607027,0.02129169340974019,0.02129169340974019,0.020344968162607027,0.018546006831146232],[0.016653013468355189,0.018546006831146232,0.019491904842232656,0.019491904842232656,0.018546006831146232,0.016653013468355189]],[[0.019493217679218265,0.021387025302501656,0.022333705850627664,0.022333705850627664,0.021387025302501656,0.019493217679218265],[0.021387025302501656,0.023186239483740583,0.0241332222695914,0.0241332222695914,0.023186239483740583,0.021387025302501656],[0.022333705850627664,0.0241332222695914,0.025080356219803004,0.025080356219803004,0.0241332222695914,0.022333705850627664],[0.022333705850627664,0.0241332222695914,0.025080356219803004,0.025080356219803004,0.0241332222695914,0.022333705850627664],[0.021387025302501656,0.023186239483740583,0.0241332222695914,0.0241332222695914,0.023186239483740583,0.021387025302501656],[0.019493217679218265,0.021387025302501656,0.022333705850627664,0.022333705850627664,0.021387025302501656,0.019493217679218265]],[[0.02233418221647069,0.024228277929948045,0.025175243310040372,0.025175243310040372,0.024228277929948045,0.02233418221647069],[0.024228277929948045,0.026027579645010294,0.026974654251268944,0.026974654251268944,0.026027579645010294,0.024228277929948045],[0.025175243310040372,0.026974654251268944,0.0279217834832707,0.0279217834832707,0.026974654251268944,0.025175243310040372],[0.025175243310040372,0.026974654251268944,0.0279217834832707,0.0279217834832707,0.026974654251268944,0.025175243310040372],[0.024228277929948045,0.026027579645010294,0.026974654251268944,0.026974654251268944,0.026027579645010294,0.024228277929948045],[0.02233418221647069,0.024228277929948045,0.025175243310040372,0.025175243310040372,0.024228277929948045,0.02233418221647069]],[[0.025175413488194322,0.027069608323333823,0.028016675625338664,0.028016675625338664,0.027069608323333823,0.025175413488194322],[0.027069608323333823,0.028868937099466335,0.029816042743487436,0.029816042743487436,0.028868937099466335,0.027069608323333823],[0.028016675625338664,0.029816042743487436,0.030763167558708591,0.030763167558708587,0.029816042743487436,0.028016675625338664],[0.028016675625338664,0.029816042743487436,0.030763167558708587,0.030763167558708587,0.029816042743487432,0.028016675625338664],[0.027069608323333823,0.028868937099466335,0.029816042743487436,0.029816042743487432,0.028868937099466335,0.027069608323333823],[0.025175413488194322,0.027069608323333823,0.028016675625338664,0.028016675625338664,0.027069608323333823,0.025175413488194322]],[[0.028016733729181072,0.029910959444569254,0.030858061548486672,0.030858061548486672,0.029910959444569254,0.028016733729181072],[0.029910959444569254,0.031710293318340813,0.032657407792277632,0.032657407792277632,0.031710293318340813,0.029910959444569254],[0.030858061548486672,0.032657407792277632,0.0336045284464401,0.0336045284464401,0.032657407792277632,0.030858061548486672],[0.030858061548486672,0.032657407792277632,0.0336045284464401,0.0336045284464401,0.032657407792277632,0.030858061548486672],[0.029910959444569254,0.031710293318340813,0.032657407792277632,0.032657407792277632,0.031710293318340813,0.029910959444569254],[0.028016733729181072,0.029910959444569254,0.030858061548486672,0.030858061548486672,0.029910959444569254,0.028016733729181072]],[[0.030858078733157986,0.032752310709966467,0.033699423065443254,0.033699423065443254,0.032752310709966467,0.030858078733157986],[0.032752310709966467,0.034551641825496658,0.035498757081947323,0.035498757081947323,0.034551641825496658,0.032752310709966467],[0.033699423065443254,0.035498757081947323,0.036445873781875936,0.036445873781875936,0.035498757081947323,0.033699423065443254],[0.033699423065443254,0.035498757081947323,0.036445873781875936,0.036445873781875936,0.035498757081947323,0.033699423065443254],[0.032752310709966467,0.034551641825496658,0.035498757081947323,0.035498757081947323,0.034551641825496658,0.032752310709966467],[0.030858078733157986,0.032752310709966467,0.033699423065443254,0.033699423065443254,0.032752310709966467,0.030858078733157986]],[[0.03369942541151371,0.035593654855573677,0.03654076854346338,0.03654076854346338,0.035593654855573677,0.03369942541151371],[0.035593654855573677,0.037392980490968224,0.038340093662448914,0.038340093662448914,0.037392980490968224,0.035593654855573677],[0.03654076854346338,0.038340093662448914,0.039287206567495805,0.039287206567495805,0.038340093662448914,0.03654076854346338],[0.03654076854346338,0.038340093662448914,0.039287206567495805,0.039287206567495805,0.038340093662448914,0.03654076854346338],[0.035593654855573677,0.037392980490968224,0.038340093662448914,0.038340093662448914,0.037392980490968224,0.035593654855573677],[0.03369942541151371,0.035593654855573677,0.03654076854346338,0.03654076854346338,0.035593654855573677,0.03369942541151371]],[[0.036540765587119592,0.038434989432274982,0.0393821012552731,0.0393821012552731,0.038434989432274982,0.036540765587119592],[0.038434989432274982,0.040234308702261107,0.041181418799224809,0.041181418799224809,0.040234308702261107,0.038434989432274982],[0.0393821012552731,0.041181418799224809,0.042128528024082061,0.042128528024082061,0.041181418799224809,0.0393821012552731],[0.0393821012552731,0.041181418799224809,0.042128528024082061,0.042128528024082061,0.041181418799224809,0.0393821012552731],[0.038434989432274982,0.040234308702261107,0.041181418799224809,0.041181418799224809,0.040234308702261107,0.038434989432274982],[0.036540765587119592,0.038434989432274982,0.0393821012552731,0.0393821012552731,0.038434989432274982,0.036540765587119592]],[[0.039382096457236372,0.041276313682999666,0.042223422521801841,0.042223422521801841,0.041276313682999666,0.039382096457236372],[0.041276313682999666,0.043075626329562765,0.044022733027539326,0.044022733027539326,0.043075626329562765,0.041276313682999666],[0.042223422521801841,0.044022733027539326,0.044969838645275748,0.044969838645275748,0.044022733027539326,0.042223422521801841],[0.042223422521801841,0.044022733027539326,0.044969838645275748,0.044969838645275748,0.044022733027539326,0.042223422521801841],[0.041276313682999666,0.043075626329562765,0.044022733027539326,0.044022733027539326,0.043075626329562765,0.041276313682999666],[0.039382096457236372,0.041276313682999666,0.042223422521801841,0.042223422521801841,0.041276313682999666,0.039382096457236372]],[[0.04222341711257574,0.044117627399436456,0.045064732874003491,0.045064732874003491,0.044117627399436456,0.04222341711257574],[0.044117627399436456,0.045916933350226181,0.046864036545380933,0.046864036545380933,0.045916933350226181,0.044117627399436456],[0.045064732874003491,0.046864036545380933,0.047811138590296814,0.047811138590296814,0.046864036545380933,0.045064732874003491],[0.045064732874003491,0.046864036545380933,0.047811138590296814,0.047811138590296814,0.046864036545380933,0.045064732874003491],[0.044117627399436456,0.045916933350226181,0.046864036545380933,0.046864036545380933,0.045916933350226181,0.044117627399436456],[0.04222341711257574,0.044117627399436456,0.045064732874003491,0.045064732874003491,0.044117627399436456,0.04222341711257574]],[[0.045064727266878421,0.046958930506332486,0.047906032485051625,0.047906032485051625,0.046958930506332486,0.045064727266878421],[0.046958930506332486,0.048758229715099653,0.049705329362280073,0.049705329362280073,0.048758229715099653,0.046958930506332486],[0.047906032485051625,0.049705329362280073,0.0506524278324515,0.0506524278324515,0.049705329362280073,0.047906032485051625],[0.047906032485051625,0.049705329362280073,0.0506524278324515,0.0506524278324515,0.049705329362280073,0.047906032485051625],[0.046958930506332486,0.048758229715099653,0.049705329362280073,0.049705329362280073,0.048758229715099653,0.046958930506332486],[0.045064727266878421,0.046958930506332486,0.047906032485051625,0.047906032485051625,0.046958930506332486,0.045064727266878421]],[[0.04790602679529396,0.049800222912797953,0.050747321333384554,0.050747321333384554,0.049800222912797953,0.04790602679529396],[0.049800222912797953,0.051599515303174394,0.052546611357668305,0.052546611357668305,0.051599515303174394,0.049800222912797953],[0.050747321333384554,0.052546611357668305,0.053493706217153957,0.053493706217153957,0.052546611357668305,0.050747321333384554],[0.050747321333384554,0.052546611357668305,0.053493706217153957,0.053493706217153957,0.052546611357668305,0.050747321333384554],[0.049800222912797953,0.051599515303174394,0.052546611357668305,0.052546611357668305,0.051599515303174394,0.049800222912797953],[0.04790602679529396,0.049800222912797953,0.050747321333384554,0.050747321333384554,0.049800222912797953,0.04790602679529396]],[[0.050747315568825134,0.052641504461205059,0.053588599266082858,0.053588599266082858,0.052641504461205059,0.050747315568825134],[0.052641504461205059,0.05444078990811247,0.055387882305354796,0.055387882305354796,0.05444078990811247,0.052641504461205059],[0.053588599266082858,0.055387882305354796,0.056334973486073407,0.056334973486073407,0.055387882305354796,0.053588599266082858],[0.053588599266082858,0.055387882305354796,0.056334973486073407,0.056334973486073407,0.055387882305354796,0.053588599266082858],[0.052641504461205059,0.05444078990811247,0.055387882305354796,0.055387882305354796,0.05444078990811247,0.052641504461205059],[0.050747315568825134,0.052641504461205059,0.053588599266082858,0.053588599266082858,0.052641504461205059,0.050747315568825134]],[[0.053588593396879595,0.0554827749113976,0.056429866024997548,0.056429866024997548,0.0554827749113976,0.053588593396879595],[0.0554827749113976,0.057282053235940066,0.058229141884989608,0.058229141884989608,0.057282053235940066,0.0554827749113976],[0.056429866024997548,0.058229141884989608,0.059176229288288411,0.059176229288288411,0.058229141884989608,0.056429866024997548],[0.056429866024997548,0.058229141884989608,0.059176229288288411,0.059176229288288411,0.058229141884989608,0.056429866024997548],[0.0554827749113976,0.057282053235940066,0.058229141884989608,0.058229141884989608,0.057282053235940066,0.0554827749113976],[0.053588593396879595,0.0554827749113976,0.056429866024997548,0.056429866024997548,0.0554827749113976,0.053588593396879595]],[[0.05642986000898683,0.058324033937346087,0.059271121258638169,0.059271121258638169,0.058324033937346087,0.05642986000898683],[0.058324033937346087,0.060123304906330007,0.061070389688234007,0.061070389688234007,0.060123304906330007,0.058324033937346087],[0.059271121258638169,0.061070389688234007,0.062017473186170707,0.062017473186170707,0.061070389688234007,0.059271121258638169],[0.059271121258638169,0.061070389688234007,0.062017473186170707,0.062017473186170707,0.061070389688234007,0.059271121258638169],[0.058324033937346087,0.060123304906330007,0.061070389688234007,0.061070389688234007,0.060123304906330007,0.058324033937346087],[0.05642986000898683,0.058324033937346087,0.059271121258638169,0.059271121258638169,0.058324033937346087,0.05642986000898683]],[[0.05927111505036823,0.061165281127876177,0.062112364528334914,0.062112364528334914,0.061165281127876177,0.05927111505036823],[0.061165281127876177,0.062964544454727475,0.063911625222521723,0.063911625222521723,0.062964544454727475,0.061165281127876177],[0.062112364528334914,0.063911625222521723,0.064858704658882285,0.064858704658882285,0.063911625222521723,0.062112364528334914],[0.062112364528334914,0.063911625222521723,0.064858704658882285,0.064858704658882285,0.063911625222521723,0.062112364528334907],[0.061165281127876177,0.062964544454727475,0.063911625222521723,0.063911625222521723,0.062964544454727475,0.061165281127876177],[0.05927111505036823,0.061165281127876177,0.062112364528334914,0.062112364528334907,0.061165281127876177,0.05927111505036823]],[[0.062112358082121864,0.0640065159884352,0.064953595311842388,0.064953595311842388,0.0640065159884352,0.062112358082121864],[0.0640065159884352,0.065805771334347229,0.066752847913506427,0.066752847913506427,0.065805771334347229,0.0640065159884352],[0.064953595311842388,0.066752847913506427,0.067699923104579146,0.067699923104579146,0.066752847913506427,0.064953595311842388],[0.064953595311842388,0.066752847913506427,0.067699923104579146,0.067699923104579146,0.066752847913506427,0.064953595311842388],[0.0640065159884352,0.065805771334347229,0.066752847913506427,0.066752847913506427,0.065805771334347229,0.0640065159884352],[0.062112358082121864,0.0640065159884352,0.064953595311842388,0.064953595311842388,0.0640065159884352,0.062112358082121878]],[[0.064953588582649019,0.066847737942808516,0.067794813005586652,0.067794813005586652,0.066847737942808516,0.064953588582649019],[0.066847737942808516,0.0686469849177145,0.069594057106629054,0.069594057106629054,0.0686469849177145,0.066847737942808516],[0.067794813005586652,0.069594057106629054,0.070541127841753468,0.070541127841753468,0.069594057106629054,0.067794813005586652],[0.067794813005586652,0.069594057106629054,0.070541127841753468,0.070541127841753468,0.069594057106629054,0.067794813005586652],[0.066847737942808516,0.0686469849177145,0.069594057106629054,0.069594057106629054,0.0686469849177145,0.066847737942808516],[0.064953588582649019,0.066847737942808516,0.067794813005586652,0.067794813005586652,0.066847737942808516,0.064953588582649019]],[[0.067794805949116646,0.0696889463344222,0.070636016926027514,0.070636016926027514,0.0696889463344222,0.067794805949116646],[0.0696889463344222,0.07148818449766034,0.072435252067994185,0.072435252067994185,0.07148818449766034,0.0696889463344222],[0.070636016926027514,0.072435252067994185,0.073382318109900757,0.073382318109900757,0.072435252067994185,0.070636016926027514],[0.070636016926027514,0.072435252067994185,0.073382318109900757,0.073382318109900757,0.072435252067994185,0.070636016926027514],[0.0696889463344222,0.07148818449766034,0.072435252067994185,0.072435252067994185,0.07148818449766034,0.0696889463344222],[0.067794805949116646,0.0696889463344222,0.070636016926027514,0.070636016926027514,0.0696889463344222,0.067794805949116646]],[[0.070636009498546273,0.072530140427123052,0.073477206310331666,0.073477206310331666,0.072530140427123052,0.070636009498546273],[0.072530140427123052,0.0743293692877619,0.0752764319846448,0.0752764319846448,0.0743293692877619,0.072530140427123052],[0.073477206310331666,0.0752764319846448,0.0762234930696005,0.0762234930696005,0.0752764319846448,0.073477206310331666],[0.073477206310331666,0.0752764319846448,0.0762234930696005,0.0762234930696005,0.0752764319846448,0.073477206310331666],[0.072530140427123052,0.0743293692877619,0.0752764319846448,0.0752764319846448,0.0743293692877619,0.072530140427123052],[0.070636009498546273,0.072530140427123052,0.073477206310331666,0.073477206310331666,0.072530140427123052,0.070636009498546273]],[[0.073477198468405641,0.075371319405422382,0.076318380316459045,0.076318380316459045,0.075371319405422382,0.073477198468405641],[0.075371319405422382,0.077170538422248622,0.0781175959642946,0.0781175959642946,0.077170538422248622,0.075371319405422382],[0.076318380316459045,0.0781175959642946,0.079064651802066038,0.079064651802066038,0.0781175959642946,0.076318380316459045],[0.076318380316459045,0.0781175959642946,0.079064651802066038,0.079064651802066038,0.0781175959642946,0.076318380316459045],[0.075371319405422382,0.077170538422248622,0.0781175959642946,0.0781175959642946,0.077170538422248622,0.075371319405422382],[0.073477198468405641,0.075371319405422382,0.076318380316459045,0.076318380316459045,0.075371319405422382,0.073477198468405641]],[[0.0763183720166735,0.078212482374213355,0.079159538022711931,0.079159538022711931,0.078212482374213355,0.0763183720166735],[0.078212482374213355,0.080011690955395315,0.08095874303455082,0.08095874303455082,0.080011690955395315,0.078212482374213355],[0.079159538022711931,0.08095874303455082,0.081905793308196154,0.081905793308196154,0.08095874303455082,0.079159538022711931],[0.079159538022711931,0.08095874303455082,0.081905793308196154,0.081905793308196154,0.08095874303455082,0.079159538022711931],[0.078212482374213355,0.080011690955395315,0.08095874303455082,0.08095874303455082,0.080011690955395315,0.078212482374213355],[0.0763183720166735,0.078212482374213355,0.079159538022711931,0.079159538022711931,0.078212482374213355,0.0763183720166735]],[[0.079159529221394229,0.081053628357990112,0.082000678426789389,0.082000678426789389,0.081053628357990112,0.079159529221394229],[0.081053628357990112,0.082852825860432286,0.083799872141661069,0.083799872141661069,0.082852825860432286,0.081053628357990112],[0.082000678426789389,0.083799872141661069,0.084746916507159445,0.084746916507159445,0.083799872141661069,0.082000678426789389],[0.082000678426789389,0.083799872141661069,0.084746916507159445,0.084746916507159445,0.083799872141661069,0.082000678426789389],[0.081053628357990112,0.082852825860432286,0.083799872141661069,0.083799872141661069,0.082852825860432286,0.081053628357990112],[0.079159529221394229,0.081053628357990112,0.082000678426789389,0.082000678426789389,0.081053628357990112,0.079159529221394229]],[[0.082000669079735841,0.0838947562995869,0.084841800444360627,0.084841800444360627,0.0838947562995869,0.082000669079735841],[0.0838947562995869,0.085693942027986886,0.086640982148796578,0.086640982148796578,0.085693942027986886,0.0838947562995869],[0.084841800444360627,0.086640982148796578,0.087588020234522584,0.087588020234522584,0.086640982148796578,0.084841800444360627],[0.084841800444360627,0.086640982148796578,0.087588020234522584,0.087588020234522584,0.086640982148796578,0.084841800444360627],[0.0838947562995869,0.085693942027986886,0.086640982148796578,0.086640982148796578,0.085693942027986886,0.0838947562995869],[0.082000669079735841,0.0838947562995869,0.084841800444360627,0.084841800444360627,0.0838947562995869,0.082000669079735841]],[[0.084841790506584663,0.086735865058461856,0.087682902907199683,0.087682902907199683,0.086735865058461856,0.084841790506584663],[0.086735865058461856,0.088535038264084681,0.089482071833904261,0.089482071833904261,0.088535038264084681,0.086735865058461856],[0.087682902907199683,0.089482071833904261,0.090429103239953776,0.090429103239953776,0.089482071833904261,0.087682902907199683],[0.087682902907199683,0.089482071833904261,0.090429103239953776,0.090429103239953776,0.089482071833904261,0.087682902907199683],[0.086735865058461856,0.088535038264084681,0.089482071833904261,0.089482071833904261,0.088535038264084681,0.086735865058461856],[0.084841790506584663,0.086735865058461856,0.087682902907199683,0.087682902907199683,0.086735865058461856,0.084841790506584663]],[[0.087682892332680187,0.089576953408537829,0.090523984560868131,0.090523984560868131,0.089576953408537829,0.087682892332680187],[0.089576953408537829,0.0913761132877124,0.092323139887121056,0.092323139887121056,0.0913761132877124,0.089576953408537829],[0.090523984560868131,0.092323139887121056,0.093270164184492924,0.093270164184492924,0.092323139887121056,0.090523984560868131],[0.090523984560868131,0.092323139887121056,0.093270164184492924,0.093270164184492924,0.092323139887121056,0.090523984560868131],[0.089576953408537829,0.0913761132877124,0.092323139887121056,0.092323139887121056,0.0913761132877124,0.089576953408537829],[0.087682892332680187,0.089576953408537829,0.090523984560868131,0.090523984560868131,0.089576953408537829,0.087682892332680187]],[[0.090523973302313321,0.092418020035612669,0.0933650440619912,0.0933650440619912,0.092418020035612669,0.090523973302313321],[0.092418020035612669,0.094217165727963667,0.095164184907781224,0.095164184907781224,0.094217165727963667,0.092418020035612669],[0.0933650440619912,0.095164184907781224,0.096111201637418556,0.096111201637418556,0.095164184907781224,0.0933650440619912],[0.0933650440619912,0.095164184907781224,0.096111201637418556,0.096111201637418556,0.095164184907781224,0.0933650440619912],[0.092418020035612669,0.094217165727963667,0.095164184907781224,0.095164184907781224,0.094217165727963667,0.092418020035612669],[0.090523973302313321,0.092418020035612669,0.0933650440619912,0.0933650440619912,0.092418020035612669,0.090523973302313321]],[[0.093365032070602566,0.095259063534355329,0.0962060799751055,0.0962060799751055,0.095259063534355329,0.093365032070602566],[0.095259063534355329,0.097058194120769783,0.098005205401005838,0.098005205401005838,0.097058194120769783,0.095259063534355329],[0.0962060799751055,0.098005205401005838,0.098952214072699177,0.098952214072699177,0.098005205401005838,0.0962060799751055],[0.0962060799751055,0.098005205401005838,0.098952214072699177,0.098952214072699177,0.098005205401005838,0.0962060799751055],[0.095259063534355329,0.097058194120769783,0.098005205401005838,0.098005205401005838,0.097058194120769783,0.095259063534355329],[0.093365032070602566,0.095259063534355329,0.0962060799751055,0.0962060799751055,0.095259063534355329,0.093365032070602566]],[[0.096206067200352643,0.098100082404886324,0.099047090769103063,0.099047090769103063,0.098100082404886324,0.096206067200352643],[0.098100082404886324,0.099899196905220936,0.10084619977388726,0.10084619977388726,0.099899196905220936,0.098100082404886324],[0.099047090769103063,0.10084619977388726,0.10179319986504133,0.10179319986504133,0.10084619977388726,0.099047090769103063],[0.099047090769103063,0.10084619977388726,0.10179319986504133,0.10179319986504133,0.10084619977388726,0.099047090769103063],[0.098100082404886324,0.099899196905220936,0.10084619977388726,0.10084619977388726,0.099899196905220936,0.098100082404886324],[0.096206067200352643,0.098100082404886324,0.099047090769103063,0.099047090769103063,0.098100082404886324,0.096206067200352643]],[[0.099047077158498434,0.10094107504895335,0.10188807481327054,0.10188807481327054,0.10094107504895335,0.099047077158498434],[0.10094107504895335,0.10274017241948327,0.10368716633126995,0.10368716633126995,0.10274017241948327,0.10094107504895335],[0.10188807481327054,0.10368716633126995,0.10463415728553402,0.10463415728553402,0.10368716633126995,0.10188807481327054],[0.10188807481327054,0.10368716633126995,0.10463415728553402,0.10463415728553402,0.10368716633126995,0.10188807481327054],[0.10094107504895335,0.10274017241948327,0.10368716633126995,0.10368716633126995,0.10274017241948327,0.10094107504895335],[0.099047077158498434,0.10094107504895335,0.10188807481327054,0.10188807481327054,0.10094107504895335,0.099047077158498434]],[[0.10188806031214105,0.10378203976568867,0.10472903037290902,0.10472903037290902,0.10378203976568867,0.10188806031214105],[0.10378203976568867,0.10558111889629654,0.10652810327111126,0.10652810327111126,0.10558111889629654,0.10378203976568867],[0.10472903037290902,0.10652810327111126,0.10747508449687262,0.10747508449687262,0.10652810327111126,0.10472903037290902],[0.10472903037290902,0.10652810327111126,0.10747508449687262,0.10747508449687262,0.10652810327111126,0.10472903037290902],[0.10378203976568867,0.10558111889629654,0.10652810327111126,0.10652810327111126,0.10558111889629654,0.10378203976568867],[0.10188806031214105,0.10378203976568867,0.10472903037290902,0.10472903037290902,0.10378203976568867,0.10188806031214105]],[[0.10472901492417458,0.10662297474696443,0.10756995560455282,0.10756995560455282,0.10662297474696443,0.10472901492417458],[0.10662297474696443,0.10842203445806757,0.10936900867943686,0.10936900867943686,0.10842203445806757,0.10662297474696443],[0.10756995560455282,0.10936900867943686,0.11031597954817637,0.11031597954817637,0.10936900867943686,0.10756995560455282],[0.10756995560455282,0.10936900867943686,0.11031597954817637,0.11031597954817637,0.10936900867943686,0.10756995560455282],[0.10662297474696443,0.10842203445806757,0.10936900867943686,0.10936900867943686,0.10842203445806757,0.10662297474696443],[0.10472901492417458,0.10662297474696443,0.10756995560455282,0.10756995560455282,0.10662297474696443,0.10472901492417458]],[[0.10756993914849718,0.10946387807232805,0.11041084855076454,0.11041084855076454,0.10946387807232805,0.10756993914849718],[0.10946387807232805,0.11126291711153928,0.11220988052486984,0.11220988052486984,0.11126291711153928,0.10946387807232805],[0.11041084855076454,0.11220988052486984,0.11315684036937675,0.11315684036937675,0.11220988052486984,0.11041084855076454],[0.11041084855076454,0.11220988052486984,0.11315684036937675,0.11315684036937675,0.11220988052486984,0.11041084855076454],[0.10946387807232805,0.11126291711153928,0.11220988052486984,0.11220988052486984,0.11126291711153928,0.10946387807232805],[0.10756993914849718,0.10946387807232805,0.11041084855076454,0.11041084855076454,0.10946387807232805,0.10756993914849718]],[[0.11041083102480613,0.11230474770351093,0.11325170713450665,0.11325170713450665,0.11230474770351093,0.11041083102480613],[0.11230474770351093,0.11410376474202868,0.11505071665272669,0.11505071665272669,0.11410376474202868,0.11230474770351093],[0.11325170713450665,0.11505071665272669,0.11599766476516969,0.11599766476516969,0.11505071665272669,0.11325170713450665],[0.11325170713450665,0.11505071665272669,0.11599766476516969,0.11599766476516969,0.11505071665272669,0.11325170713450665],[0.11230474770351093,0.11410376474202868,0.11505071665272669,0.11505071665272669,0.11410376474202868,0.11230474770351093],[0.11041083102480613,0.11230474770351093,0.11325170713450665,0.11325170713450665,0.11230474770351093,0.11041083102480613]],[[0.11325168847296087,0.11514558147850627,0.11609252915306946,0.11609252915306946,0.11514558147850627,0.11325168847296087],[0.11514558147850627,0.11694457510722467,0.11789151477866727,0.11789151477866727,0.11694457510722467,0.11514558147850627],[0.11609252915306946,0.11789151477866727,0.11883845040851847,0.11883845040851847,0.11789151477866727,0.11609252915306946],[0.11609252915306946,0.11789151477866727,0.11883845040851847,0.11883845040851847,0.11789151477866727,0.11609252915306946],[0.11514558147850627,0.11694457510722467,0.11789151477866727,0.11789151477866727,0.11694457510722467,0.11514558147850627],[0.11325168847296087,0.11514558147850627,0.11609252915306946,0.11609252915306946,0.11514558147850627,0.11325168847296087]],[[0.11609250928691121,0.11798637710519867,0.11893331227155773,0.11893331227155773,0.11798637710519867,0.11609250928691121],[0.11798637710519867,0.11978534583053133,0.12073227248188867,0.12073227248188867,0.11978534583053133,0.11798637710519867],[0.11893331227155773,0.12073227248188867,0.12167919483369485,0.12167919483369485,0.12073227248188867,0.11893331227155773],[0.11893331227155773,0.12073227248188867,0.12167919483369485,0.12167919483369485,0.12073227248188867,0.11893331227155773],[0.11798637710519867,0.11978534583053133,0.12073227248188867,0.12073227248188867,0.11978534583053133,0.11798637710519867],[0.11609250928691121,0.11798637710519867,0.11893331227155773,0.11893331227155773,0.11798637710519867,0.11609250928691121]],[[0.11893329112816886,0.12082713215453096,0.12177405401590082,0.12177405401590082,0.12082713215453096,0.11893329112816886],[0.12082713215453096,0.12262607439393591,0.12357298719783595,0.12357298719783595,0.12262607439393591,0.12082713215453096],[0.12177405401590082,0.12357298719783595,0.12451989542883242,0.12451989542883242,0.12357298719783595,0.12177405401590082],[0.12177405401590082,0.12357298719783595,0.12451989542883242,0.12451989542883241,0.12357298719783594,0.12177405401590082],[0.12082713215453096,0.12262607439393591,0.12357298719783595,0.12357298719783594,0.12262607439393591,0.12082713215453096],[0.11893329112816886,0.12082713215453096,0.12177405401590082,0.12177405401590082,0.12082713215453096,0.11893329112816886]],[[0.12177403151881588,0.12366784405319303,0.12461475176538897,0.12461475176538898,0.12366784405319303,0.12177403151881588],[0.12366784405319303,0.12546675813039079,0.12641365621042391,0.12641365621042391,0.12546675813039079,0.12366784405319303],[0.12461475176538897,0.12641365621042391,0.12736054942798419,0.12736054942798419,0.12641365621042391,0.12461475176538897],[0.12461475176538898,0.12641365621042391,0.12736054942798419,0.12736054942798419,0.12641365621042391,0.12461475176538897],[0.12366784405319303,0.12546675813039079,0.12641365621042391,0.12641365621042391,0.12546675813039077,0.12366784405319303],[0.12177403151881588,0.12366784405319303,0.12461475176538897,0.12461475176538897,0.12366784405319303,0.12177403151881588]],[[0.12461472783402733,0.12650851007581493,0.12745540274469508,0.12745540274469508,0.12650851007581493,0.12461472783402733],[0.12650851007581493,0.12830739421568182,0.12925427664373437,0.12925427664373437,0.12830739421568182,0.12650851007581493],[0.12745540274469508,0.12925427664373437,0.13020115390264911,0.13020115390264911,0.12925427664373437,0.12745540274469508],[0.12745540274469508,0.12925427664373437,0.13020115390264911,0.13020115390264911,0.12925427664373437,0.12745540274469508],[0.12650851007581493,0.12830739421568182,0.12925427664373437,0.12925427664373437,0.12830739421568182,0.12650851007581493],[0.12461472783402733,0.12650851007581493,0.12745540274469508,0.12745540274469508,0.12650851007581493,0.12461472783402733]],[[0.12745537729407902,0.12934912733663348,0.13029600401537625,0.13029600401537625,0.12934912733663348,0.12745537729407902],[0.12934912733663348,0.13114797965976024,0.1320948454531739,0.1320948454531739,0.13114797965976024,0.12934912733663348],[0.13029600401537625,0.1320948454531739,0.13304170575275065,0.13304170575275065,0.1320948454531739,0.13029600401537625],[0.13029600401537625,0.1320948454531739,0.13304170575275065,0.13304170575275065,0.1320948454531739,0.13029600401537625],[0.12934912733663348,0.13114797965976024,0.1320948454531739,0.1320948454531739,0.13114797965976024,0.12934912733663348],[0.12745537729407902,0.12934912733663348,0.13029600401537625,0.13029600401537625,0.12934912733663348,0.12745537729407902]],[[0.13029597695584225,0.13218969278061857,0.133136552466817,0.133136552466817,0.13218969278061857,0.13029597695584225],[0.13218969278061857,0.1339885112975151,0.13493535941606014,0.13493535941606014,0.1339885112975151,0.13218969278061857],[0.133136552466817,0.13493535941606014,0.13588220169703624,0.13588220169703624,0.13493535941606014,0.133136552466817],[0.133136552466817,0.13493535941606014,0.13588220169703624,0.13588220169703624,0.13493535941606014,0.133136552466817],[0.13218969278061857,0.1339885112975151,0.13493535941606014,0.13493535941606014,0.1339885112975151,0.13218969278061857],[0.13029597695584225,0.13218969278061857,0.133136552466817,0.133136552466817,0.13218969278061857,0.13029597695584225]],[[0.13313652370370804,0.13503020317403008,0.13597704480659853,0.13597704480659853,0.13503020317403008,0.13313652370370804],[0.13503020317403008,0.1368289857789598,0.13777581512161483,0.13777581512161483,0.1368289857789598,0.13503020317403008],[0.13597704480659853,0.13777581512161483,0.1387226382628729,0.1387226382628729,0.13777581512161483,0.13597704480659853],[0.13597704480659853,0.13777581512161483,0.1387226382628729,0.1387226382628729,0.13777581512161483,0.13597704480659853],[0.13503020317403008,0.1368289857789598,0.13777581512161483,0.13777581512161483,0.1368289857789598,0.13503020317403008],[0.13313652370370804,0.13503020317403008,0.13597704480659853,0.13597704480659853,0.13503020317403008,0.13313652370370804]],[[0.1359770142399517,0.13787065509437807,0.13881747755026377,0.13881747755026377,0.13787065509437807,0.1359770142399517],[0.13787065509437807,0.13966939955880309,0.14061620896033136,0.14061620896033136,0.13966939955880309,0.13787065509437807],[0.13881747755026377,0.14061620896033136,0.14156301177540806,0.14156301177540806,0.14061620896033136,0.13881747755026377],[0.13881747755026377,0.14061620896033136,0.14156301177540806,0.14156301177540806,0.14061620896033136,0.13881747755026377],[0.13787065509437807,0.13966939955880309,0.14061620896033136,0.14061620896033136,0.13966939955880309,0.13787065509437807],[0.1359770142399517,0.13787065509437807,0.13881747755026377,0.13881747755026377,0.13787065509437807,0.1359770142399517]],[[0.13881744507446156,0.1407110449197326,0.14165784701041592,0.14165784701041592,0.1407110449197326,0.13881744507446156],[0.1407110449197326,0.14250974888534729,0.14345653711265735,0.14345653711265735,0.14250974888534729,0.1407110449197326],[0.14165784701041592,0.14345653711265735,0.14440331834603348,0.14440331834603348,0.14345653711265735,0.14165784701041592],[0.14165784701041592,0.14345653711265735,0.14440331834603348,0.14440331834603348,0.14345653711265735,0.14165784701041592],[0.1407110449197326,0.14250974888534729,0.14345653711265735,0.14345653711265735,0.14250974888534729,0.1407110449197326],[0.13881744507446156,0.1407110449197326,0.14165784701041592,0.14165784701041592,0.1407110449197326,0.13881744507446156]],[[0.14165781251384052,0.14355136881739008,0.14449814928517149,0.14449814928517149,0.14355136881739008,0.14165781251384052],[0.14355136881739008,0.14535002978872305,0.14629679553700442,0.14629679553700442,0.14535002978872305,0.14355136881739008],[0.14449814928517149,0.14629679553700442,0.1472435538601648,0.1472435538601648,0.14629679553700442,0.14449814928517149],[0.14449814928517149,0.14629679553700442,0.1472435538601648,0.1472435538601648,0.14629679553700442,0.14449814928517149],[0.14355136881739008,0.14535002978872305,0.14629679553700442,0.14629679553700442,0.14535002978872305,0.14355136881739008],[0.14165781251384052,0.14355136881739008,0.14449814928517149,0.14449814928517149,0.14355136881739008,0.14165781251384052]],[[0.14449811264982457,0.14639162273182305,0.14733838024587612,0.14733838024587612,0.14639162273182305,0.14449811264982457],[0.14639162273182305,0.14819023806838064,0.1491369799569992,0.1491369799569992,0.14819023806838064,0.14639162273182305],[0.14733838024587612,0.1491369799569992,0.150083713964249,0.150083713964249,0.1491369799569992,0.14733838024587612],[0.14733838024587612,0.1491369799569992,0.150083713964249,0.150083713964249,0.1491369799569992,0.14733838024587612],[0.14639162273182305,0.14819023806838064,0.1491369799569992,0.1491369799569992,0.14819023806838064,0.14639162273182305],[0.14449811264982457,0.14639162273182305,0.14733838024587612,0.14733838024587612,0.14639162273182305,0.14449811264982457]],[[0.14733834134698284,0.149231802371892,0.15017853552406671,0.15017853552406671,0.149231802371892,0.14733834134698284],[0.149231802371892,0.15103036927981531,0.151977085847954,0.151977085847954,0.15103036927981531,0.149231802371892],[0.15017853552406671,0.151977085847954,0.15292379405197729,0.15292379405197729,0.151977085847954,0.15017853552406671],[0.15017853552406671,0.151977085847954,0.15292379405197729,0.15292379405197729,0.151977085847954,0.15017853552406671],[0.149231802371892,0.15103036927981531,0.151977085847954,0.151977085847954,0.15103036927981531,0.149231802371892],[0.14733834134698284,0.149231802371892,0.15017853552406671,0.15017853552406671,0.149231802371892,0.14733834134698284]],[[0.15017849422965956,0.15207190319726308,0.15301861049764462,0.1530