{"M_cells":[[[0,0,0,0,0,0,0],[0,0,0,0,0,0,0],[0,0,0,0,0,0,0],[0,0,0,0,0,0,0],[0,0,0,0,0,0,0],[0,0,0,0,0,0,0],[0,0,0,0,0,0,0]],[[5.5355479876591745E-10,3.1743319180265597E-9,2.8248259558783474E-9,4.1305765694866867E-9,2.8248259558783474E-9,3.1743319180265597E-9,5.5355479876591745E-10],[3.1743319180265597E-9,1.3355635670165194E-8,1.2213265408722835E-8,1.7241538951865363E-8,1.2213265408722835E-8,1.3355635670165194E-8,3.1743319180265597E-9],[2.8248259558783474E-9,1.2213265408722835E-8,1.4983452264820428E-8,1.7768274116027535E-8,1.4983452264820428E-8,1.2213265408722835E-8,2.8248259558783474E-9],[4.1305765694866867E-9,1.7241538951865363E-8,1.7768274116027535E-8,2.3426062975515878E-8,1.7768274116027535E-8,1.7241538951865363E-8,4.1305765694866867E-9],[2.8248259558783474E-9,1.2213265408722835E-8,1.4983452264820428E-8,1.7768274116027535E-8,1.4983452264820425E-8,1.2213265408722835E-8,2.8248259558783474E-9],[3.1743319180265597E-9,1.3355635670165194E-8,1.2213265408722835E-8,1.7241538951865363E-8,1.2213265408722835E-8,1.3355635670165194E-8,3.1743319180265592E-9],[5.5355479876591745E-10,3.1743319180265597E-9,2.8248259558783474E-9,4.1305765694866867E-9,2.8248259558783474E-9,3.1743319180265592E-9,5.5355479876591735E-10]],[[3.7875492447628375E-9,1.2295867536107003E-8,1.1174597768684254E-8,1.5550462678359966E-8,1.1174597768684254E-8,1.2295867536107005E-8,3.7875492447628383E-9],[1.2295867536107003E-8,3.1674718055008245E-8,2.9528027430032725E-8,3.94896001413908E-8,2.9528027430032725E-8,3.1674718055008245E-8,1.2295867536107005E-8],[1.1174597768684254E-8,2.9528027430032725E-8,3.4908403497606588E-8,4.0307286613675446E-8,3.4908403497606588E-8,2.9528027430032725E-8,1.1174597768684254E-8],[1.5550462678359966E-8,3.94896001413908E-8,4.0307286613675446E-8,5.1066335842431262E-8,4.0307286613675446E-8,3.94896001413908E-8,1.5550462678359966E-8],[1.1174597768684254E-8,2.9528027430032725E-8,3.4908403497606588E-8,4.0307286613675446E-8,3.4908403497606594E-8,2.9528027430032728E-8,1.1174597768684254E-8],[1.2295867536107005E-8,3.1674718055008245E-8,2.9528027430032725E-8,3.94896001413908E-8,2.9528027430032728E-8,3.1674718055008245E-8,1.2295867536107005E-8],[3.7875492447628383E-9,1.2295867536107005E-8,1.1174597768684254E-8,1.5550462678359966E-8,1.1174597768684254E-8,1.2295867536107005E-8,3.7875492447628383E-9]],[[1.1029887194315122E-8,2.6786863008530432E-8,2.4729560447591111E-8,3.3052390607270096E-8,2.4729560447591111E-8,2.6786863008530432E-8,1.1029887194315122E-8],[2.6786863008530432E-8,5.4480805147282113E-8,5.1454548499540441E-8,6.61162199134452E-8,5.1454548499540441E-8,5.4480805147282113E-8,2.6786863008530432E-8],[2.4729560447591111E-8,5.1454548499540441E-8,5.9250883195518608E-8,6.7069223308440025E-8,5.9250883195518608E-8,5.1454548499540441E-8,2.4729560447591111E-8],[3.3052390607270096E-8,6.61162199134452E-8,6.7069223308440025E-8,8.2425913034765728E-8,6.7069223308440025E-8,6.61162199134452E-8,3.3052390607270096E-8],[2.4729560447591111E-8,5.1454548499540441E-8,5.9250883195518608E-8,6.7069223308440025E-8,5.9250883195518608E-8,5.1454548499540441E-8,2.4729560447591111E-8],[2.6786863008530432E-8,5.4480805147282113E-8,5.1454548499540441E-8,6.61162199134452E-8,5.1454548499540441E-8,5.4480805147282113E-8,2.6786863008530432E-8],[1.1029887194315122E-8,2.6786863008530432E-8,2.4729560447591111E-8,3.3052390607270096E-8,2.4729560447591111E-8,2.6786863008530432E-8,1.1029887194315122E-8]],[[2.2765859513447859E-8,4.613726649774611E-8,4.311609419168716E-8,5.5735330975943409E-8,4.311609419168716E-8,4.613726649774611E-8,2.2765859513447859E-8],[4.613726649774611E-8,8.136559956124418E-8,7.7572292231082819E-8,9.6637492608740733E-8,7.7572292231082819E-8,8.136559956124418E-8,4.613726649774611E-8],[4.311609419168716E-8,7.7572292231082819E-8,8.7589887150843736E-8,9.7632657067931E-8,8.7589887150843736E-8,7.7572292231082819E-8,4.311609419168716E-8],[5.5735330975943409E-8,9.6637492608740733E-8,9.7632657067931E-8,1.1714035846115383E-7,9.7632657067931E-8,9.6637492608740747E-8,5.5735330975943409E-8],[4.311609419168716E-8,7.7572292231082819E-8,8.7589887150843736E-8,9.7632657067931E-8,8.7589887150843736E-8,7.7572292231082819E-8,4.311609419168716E-8],[4.613726649774611E-8,8.136559956124418E-8,7.7572292231082819E-8,9.6637492608740747E-8,7.7572292231082819E-8,8.136559956124418E-8,4.613726649774611E-8],[2.2765859513447859E-8,4.613726649774611E-8,4.311609419168716E-8,5.5735330975943409E-8,4.311609419168716E-8,4.613726649774611E-8,2.2765859513447859E-8]],[[3.9046411846352012E-8,6.9895252579430827E-8,6.59498471253452E-8,8.2909000376120392E-8,6.59498471253452E-8,6.9895252579430827E-8,3.9046411846352012E-8],[6.9895252579430827E-8,1.1196569560507483E-7,1.0750276169734861E-7,1.3065296508170086E-7,1.0750276169734861E-7,1.1196569560507483E-7,6.9895252579430827E-8],[6.59498471253452E-8,1.0750276169734861E-7,1.1955539344117079E-7,1.3163608104948936E-7,1.1955539344117079E-7,1.0750276169734861E-7,6.59498471253452E-8],[8.2909000376120392E-8,1.3065296508170086E-7,1.3163608104948936E-7,1.5489991807888252E-7,1.3163608104948936E-7,1.3065296508170086E-7,8.2909000376120392E-8],[6.59498471253452E-8,1.0750276169734861E-7,1.1955539344117079E-7,1.3163608104948936E-7,1.1955539344117079E-7,1.0750276169734861E-7,6.59498471253452E-8],[6.9895252579430827E-8,1.1196569560507483E-7,1.0750276169734861E-7,1.3065296508170086E-7,1.0750276169734861E-7,1.1196569560507483E-7,6.9895252579430827E-8],[3.9046411846352012E-8,6.9895252579430827E-8,6.59498471253452E-8,8.2909000376120392E-8,6.59498471253452E-8,6.9895252579430827E-8,3.9046411846352012E-8]],[[5.97085409605227E-8,9.7660033383853868E-8,9.2859290725122663E-8,1.14031414675143E-7,9.2859290725122663E-8,9.7660033383853881E-8,5.97085409605227E-8],[9.7660033383853868E-8,1.4595828158986827E-7,1.4090817303226293E-7,1.6782679164160887E-7,1.4090817303226293E-7,1.4595828158986827E-7,9.7660033383853881E-8],[9.2859290725122663E-8,1.4090817303226293E-7,1.5482264413318178E-7,1.6876779866506809E-7,1.5482264413318178E-7,1.4090817303226293E-7,9.2859290725122663E-8],[1.14031414675143E-7,1.6782679164160887E-7,1.6876779866506809E-7,1.9543936873680327E-7,1.6876779866506809E-7,1.6782679164160887E-7,1.14031414675143E-7],[9.2859290725122663E-8,1.4090817303226293E-7,1.5482264413318178E-7,1.6876779866506809E-7,1.5482264413318178E-7,1.4090817303226293E-7,9.2859290725122663E-8],[9.7660033383853881E-8,1.4595828158986827E-7,1.4090817303226293E-7,1.6782679164160887E-7,1.4090817303226293E-7,1.4595828158986827E-7,9.76600333838539E-8],[5.97085409605227E-8,9.7660033383853881E-8,9.2859290725122663E-8,1.14031414675143E-7,9.2859290725122663E-8,9.76600333838539E-8,5.97085409605227E-8]],[[8.4493368707360879E-8,1.290760273007265E-7,1.23497653386521E-7,1.4866751626697587E-7,1.23497653386521E-7,1.290760273007265E-7,8.4493368707360879E-8],[1.290760273007265E-7,1.8305705593395148E-7,1.774886939637803E-7,2.0787421398057932E-7,1.774886939637803E-7,1.8305705593395148E-7,1.290760273007265E-7],[1.23497653386521E-7,1.774886939637803E-7,1.9310675051765982E-7,2.0875789587240731E-7,1.9310675051765982E-7,1.774886939637803E-7,1.23497653386521E-7],[1.4866751626697587E-7,2.0787421398057932E-7,2.0875789587240731E-7,2.3853020222428834E-7,2.0875789587240731E-7,2.0787421398057932E-7,1.4866751626697587E-7],[1.23497653386521E-7,1.774886939637803E-7,1.9310675051765982E-7,2.0875789587240731E-7,1.9310675051765982E-7,1.774886939637803E-7,1.23497653386521E-7],[1.290760273007265E-7,1.8305705593395148E-7,1.774886939637803E-7,2.0787421398057932E-7,1.774886939637803E-7,1.8305705593395151E-7,1.2907602730072653E-7],[8.4493368707360879E-8,1.290760273007265E-7,1.23497653386521E-7,1.4866751626697587E-7,1.23497653386521E-7,1.2907602730072653E-7,8.4493368707360879E-8]],[[1.1310853682549121E-7,1.6382788482187507E-7,1.5754804908667007E-7,1.8646131890768176E-7,1.575480490866701E-7,1.6382788482187507E-7,1.1310853682549121E-7],[1.6382788482187507E-7,2.2300840378768086E-7,2.1697906994942855E-7,2.5055164590807577E-7,2.1697906994942855E-7,2.2300840378768086E-7,1.6382788482187507E-7],[1.5754804908667007E-7,2.1697906994942855E-7,2.3415777784449271E-7,2.5137178494041655E-7,2.3415777784449271E-7,2.1697906994942855E-7,1.575480490866701E-7],[1.8646131890768176E-7,2.5055164590807577E-7,2.5137178494041655E-7,2.8397451917851204E-7,2.5137178494041655E-7,2.5055164590807577E-7,1.8646131890768181E-7],[1.575480490866701E-7,2.1697906994942855E-7,2.3415777784449271E-7,2.5137178494041655E-7,2.3415777784449271E-7,2.1697906994942855E-7,1.575480490866701E-7],[1.6382788482187507E-7,2.2300840378768086E-7,2.1697906994942855E-7,2.5055164590807577E-7,2.1697906994942855E-7,2.2300840378768086E-7,1.638278848218751E-7],[1.1310853682549121E-7,1.6382788482187507E-7,1.575480490866701E-7,1.8646131890768181E-7,1.575480490866701E-7,1.638278848218751E-7,1.1310853682549123E-7]],[[1.4526036056376507E-7,2.0163611230011026E-7,1.9472472121708132E-7,2.2711680307448544E-7,1.9472472121708135E-7,2.0163611230011026E-7,1.4526036056376507E-7],[2.0163611230011026E-7,2.6558786460273241E-7,2.5914510554743837E-7,2.9564923889545514E-7,2.5914510554743837E-7,2.6558786460273246E-7,2.0163611230011026E-7],[1.9472472121708132E-7,2.5914510554743837E-7,2.7775635928205185E-7,2.9640495144028206E-7,2.7775635928205185E-7,2.5914510554743837E-7,1.9472472121708135E-7],[2.2711680307448544E-7,2.9564923889545514E-7,2.9640495144028206E-7,3.3160019074979137E-7,2.9640495144028206E-7,2.9564923889545514E-7,2.2711680307448549E-7],[1.9472472121708135E-7,2.5914510554743837E-7,2.7775635928205185E-7,2.9640495144028206E-7,2.7775635928205185E-7,2.5914510554743837E-7,1.9472472121708135E-7],[2.0163611230011026E-7,2.6558786460273246E-7,2.5914510554743837E-7,2.9564923889545514E-7,2.5914510554743837E-7,2.6558786460273246E-7,2.0163611230011029E-7],[1.4526036056376507E-7,2.0163611230011026E-7,1.9472472121708135E-7,2.2711680307448549E-7,1.9472472121708135E-7,2.0163611230011029E-7,1.4526036056376509E-7]],[[1.8066961902210434E-7,2.4225315989485866E-7,2.3477215819170118E-7,2.7038453836205091E-7,2.3477215819170121E-7,2.4225315989485866E-7,1.8066961902210434E-7],[2.4225315989485866E-7,3.1059690479570395E-7,3.037802554358171E-7,3.4298518618727341E-7,3.037802554358171E-7,3.1059690479570395E-7,2.4225315989485866E-7],[2.3477215819170118E-7,3.037802554358171E-7,3.2370983181711093E-7,3.4367863544887769E-7,3.2370983181711093E-7,3.037802554358171E-7,2.3477215819170121E-7],[2.7038453836205091E-7,3.4298518618727341E-7,3.4367863544887769E-7,3.8125697276980741E-7,3.4367863544887769E-7,3.4298518618727346E-7,2.7038453836205096E-7],[2.3477215819170121E-7,3.037802554358171E-7,3.2370983181711093E-7,3.4367863544887769E-7,3.2370983181711093E-7,3.037802554358171E-7,2.3477215819170121E-7],[2.4225315989485866E-7,3.1059690479570395E-7,3.037802554358171E-7,3.4298518618727346E-7,3.037802554358171E-7,3.1059690479570395E-7,2.4225315989485866E-7],[1.8066961902210434E-7,2.4225315989485866E-7,2.3477215819170121E-7,2.7038453836205096E-7,2.3477215819170121E-7,2.4225315989485866E-7,1.8066961902210434E-7]],[[2.190785553898408E-7,2.8545990255018605E-7,2.7746312580328693E-7,3.1605210304334366E-7,2.7746312580328693E-7,2.8545990255018605E-7,2.190785553898408E-7],[2.8545990255018605E-7,3.5785999612946035E-7,3.5070245298893848E-7,3.9240126932077571E-7,3.5070245298893848E-7,3.5785999612946035E-7,2.8545990255018605E-7],[2.7746312580328693E-7,3.5070245298893848E-7,3.7184885844940733E-7,3.9303624774756758E-7,3.7184885844940733E-7,3.5070245298893848E-7,2.7746312580328693E-7],[3.1605210304334366E-7,3.9240126932077571E-7,3.9303624774756758E-7,4.32813345416138E-7,3.9303624774756758E-7,3.9240126932077571E-7,3.1605210304334366E-7],[2.7746312580328693E-7,3.5070245298893848E-7,3.7184885844940733E-7,3.9303624774756758E-7,3.7184885844940733E-7,3.5070245298893848E-7,2.7746312580328693E-7],[2.8545990255018605E-7,3.5785999612946035E-7,3.5070245298893848E-7,3.9240126932077571E-7,3.5070245298893848E-7,3.5785999612946035E-7,2.8545990255018605E-7],[2.190785553898408E-7,2.8545990255018605E-7,2.7746312580328693E-7,3.1605210304334366E-7,2.7746312580328693E-7,2.8545990255018605E-7,2.190785553898408E-7]],[[2.6025321936009424E-7,3.3106247222374992E-7,3.2259622774315994E-7,3.6393705959266624E-7,3.2259622774315994E-7,3.3106247222374992E-7,2.6025321936009424E-7],[3.3106247222374992E-7,4.072219903783984E-7,3.9975123061115257E-7,4.4375931076194053E-7,3.9975123061115251E-7,4.072219903783984E-7,3.3106247222374992E-7],[3.2259622774315994E-7,3.9975123061115257E-7,4.2202448900133481E-7,4.44340371452375E-7,4.2202448900133481E-7,3.9975123061115251E-7,3.2259622774315994E-7],[3.6393705959266624E-7,4.4375931076194053E-7,4.44340371452375E-7,4.86153913141281E-7,4.44340371452375E-7,4.4375931076194048E-7,3.6393705959266624E-7],[3.2259622774315994E-7,3.9975123061115251E-7,4.2202448900133481E-7,4.44340371452375E-7,4.2202448900133481E-7,3.9975123061115251E-7,3.2259622774315994E-7],[3.3106247222374992E-7,4.072219903783984E-7,3.9975123061115251E-7,4.4375931076194048E-7,3.9975123061115251E-7,4.072219903783984E-7,3.3106247222374992E-7],[2.6025321936009424E-7,3.3106247222374992E-7,3.2259622774315994E-7,3.6393705959266624E-7,3.2259622774315994E-7,3.3106247222374992E-7,2.6025321936009424E-7]],[[3.03983404247846E-7,3.788894121751336E-7,3.6999334302189469E-7,4.1388168065971167E-7,3.6999334302189469E-7,3.788894121751336E-7,3.03983404247846E-7],[3.788894121751336E-7,4.5854577405288356E-7,4.5078514425679555E-7,4.9693830115956765E-7,4.507851442567956E-7,4.5854577405288356E-7,3.788894121751336E-7],[3.6999334302189469E-7,4.5078514425679555E-7,4.741056088488887E-7,4.9747023525827594E-7,4.7410560884888875E-7,4.507851442567956E-7,3.6999334302189469E-7],[4.1388168065971167E-7,4.9693830115956765E-7,4.9747023525827594E-7,5.4117724318783182E-7,4.9747023525827594E-7,4.9693830115956765E-7,4.1388168065971167E-7],[3.6999334302189469E-7,4.507851442567956E-7,4.7410560884888875E-7,4.9747023525827594E-7,4.7410560884888875E-7,4.507851442567956E-7,3.6999334302189469E-7],[3.788894121751336E-7,4.5854577405288356E-7,4.507851442567956E-7,4.9693830115956765E-7,4.507851442567956E-7,4.5854577405288356E-7,3.788894121751336E-7],[3.03983404247846E-7,3.788894121751336E-7,3.6999334302189469E-7,4.1388168065971167E-7,3.6999334302189469E-7,3.788894121751336E-7,3.03983404247846E-7]],[[3.50081403192968E-7,4.2878912877747066E-7,4.1949713113965243E-7,4.6574889713881453E-7,4.1949713113965243E-7,4.2878912877747066E-7,3.50081403192968E-7],[4.2878912877747066E-7,5.1171018287471249E-7,5.0367949194926175E-7,5.518320391229512E-7,5.0367949194926175E-7,5.1171018287471249E-7,4.2878912877747066E-7],[4.1949713113965243E-7,5.0367949194926175E-7,5.2797672659746266E-7,5.5231957053478583E-7,5.2797672659746266E-7,5.0367949194926175E-7,4.1949713113965248E-7],[4.6574889713881453E-7,5.518320391229512E-7,5.5231957053478583E-7,5.9779405196847559E-7,5.5231957053478583E-7,5.518320391229512E-7,4.6574889713881448E-7],[4.1949713113965243E-7,5.0367949194926175E-7,5.2797672659746266E-7,5.5231957053478583E-7,5.2797672659746266E-7,5.0367949194926175E-7,4.1949713113965248E-7],[4.2878912877747066E-7,5.1171018287471249E-7,5.0367949194926175E-7,5.518320391229512E-7,5.0367949194926175E-7,5.1171018287471249E-7,4.2878912877747066E-7],[3.50081403192968E-7,4.2878912877747066E-7,4.1949713113965248E-7,4.6574889713881448E-7,4.1949713113965248E-7,4.2878912877747066E-7,3.50081403192968E-7]],[[3.9838024572823312E-7,4.8062761763735166E-7,4.7096870203491739E-7,5.194191174228407E-7,4.7096870203491739E-7,4.8062761763735166E-7,3.9838024572823312E-7],[4.8062761763735166E-7,5.6660815368573346E-7,5.5832430483280045E-7,6.0834716793514741E-7,5.5832430483280045E-7,5.6660815368573346E-7,4.8062761763735166E-7],[4.7096870203491739E-7,5.5832430483280045E-7,5.8353605570009045E-7,6.08794783738166E-7,5.8353605570009045E-7,5.5832430483280045E-7,4.7096870203491739E-7],[5.194191174228407E-7,6.0834716793514741E-7,6.08794783738166E-7,6.5592567079060423E-7,6.08794783738166E-7,6.0834716793514741E-7,5.194191174228406E-7],[4.7096870203491739E-7,5.5832430483280045E-7,5.8353605570009045E-7,6.08794783738166E-7,5.8353605570009045E-7,5.5832430483280045E-7,4.7096870203491739E-7],[4.8062761763735166E-7,5.6660815368573346E-7,5.5832430483280045E-7,6.0834716793514741E-7,5.5832430483280045E-7,5.6660815368573346E-7,4.8062761763735166E-7],[3.9838024572823312E-7,4.8062761763735166E-7,4.7096870203491739E-7,5.194191174228406E-7,4.7096870203491739E-7,4.8062761763735166E-7,3.9838024572823312E-7]],[[4.4873176723175396E-7,5.3428644105826312E-7,5.2428549303055788E-7,5.7478768140236456E-7,5.2428549303055788E-7,5.3428644105826312E-7,4.4873176723175396E-7],[5.3428644105826312E-7,6.2314509095505061E-7,6.1462258459482527E-7,6.6640152518719842E-7,6.1462258459482527E-7,6.2314509095505061E-7,5.3428644105826312E-7],[5.2428549303055788E-7,6.1462258459482527E-7,6.4069384985135693E-7,6.66813389973066E-7,6.4069384985135693E-7,6.1462258459482527E-7,5.2428549303055788E-7],[5.7478768140236456E-7,6.6640152518719842E-7,6.66813389973066E-7,7.155027384816196E-7,6.66813389973066E-7,6.6640152518719842E-7,5.7478768140236445E-7],[5.2428549303055788E-7,6.1462258459482527E-7,6.4069384985135693E-7,6.66813389973066E-7,6.4069384985135693E-7,6.1462258459482527E-7,5.2428549303055788E-7],[5.3428644105826312E-7,6.2314509095505061E-7,6.1462258459482527E-7,6.6640152518719842E-7,6.1462258459482527E-7,6.2314509095505061E-7,5.3428644105826312E-7],[4.4873176723175396E-7,5.3428644105826312E-7,5.2428549303055788E-7,5.7478768140236445E-7,5.2428549303055788E-7,5.3428644105826312E-7,4.4873176723175396E-7]],[[5.0100469440883923E-7,5.8966093407724739E-7,5.7933936379861333E-7,6.3176278727366844E-7,5.7933936379861333E-7,5.8966093407724739E-7,5.0100469440883923E-7],[5.8966093407724739E-7,6.812374255460011E-7,6.7248876010937367E-7,7.2592274306289752E-7,6.7248876010937367E-7,6.812374255460011E-7,5.8966093407724739E-7],[5.7933936379861333E-7,6.7248876010937367E-7,6.9937095692929215E-7,7.2630266440161724E-7,6.9937095692929215E-7,6.7248876010937367E-7,5.7933936379861333E-7],[6.3176278727366844E-7,7.2592274306289752E-7,7.2630266440161724E-7,7.7646408023012872E-7,7.2630266440161724E-7,7.2592274306289752E-7,6.3176278727366844E-7],[5.7933936379861333E-7,6.7248876010937367E-7,6.9937095692929215E-7,7.2630266440161724E-7,6.9937095692929215E-7,6.7248876010937367E-7,5.7933936379861333E-7],[5.8966093407724739E-7,6.812374255460011E-7,6.7248876010937367E-7,7.2592274306289752E-7,6.7248876010937367E-7,6.812374255460011E-7,5.8966093407724739E-7],[5.0100469440883923E-7,5.8966093407724739E-7,5.7933936379861333E-7,6.3176278727366844E-7,5.7933936379861333E-7,5.8966093407724739E-7,5.0100469440883923E-7]],[[5.5508283715384234E-7,6.4665861681641017E-7,6.360349033399281E-7,6.9026377821037533E-7,6.360349033399281E-7,6.4665861681641017E-7,5.5508283715384234E-7],[6.4665861681641017E-7,7.4081134453829868E-7,7.3184733715227906E-7,7.8684705220977992E-7,7.3184733715227906E-7,7.4081134453829868E-7,6.4665861681641017E-7],[6.360349033399281E-7,7.3184733715227906E-7,7.5949756091297481E-7,7.8719847650858085E-7,7.5949756091297481E-7,7.3184733715227906E-7,6.360349033399281E-7],[6.9026377821037533E-7,7.8684705220977992E-7,7.8719847650858085E-7,8.3875574064838888E-7,7.8719847650858085E-7,7.8684705220977992E-7,6.9026377821037533E-7],[6.360349033399281E-7,7.3184733715227906E-7,7.5949756091297481E-7,7.8719847650858085E-7,7.5949756091297481E-7,7.3184733715227906E-7,6.360349033399281E-7],[6.4665861681641017E-7,7.4081134453829868E-7,7.3184733715227906E-7,7.8684705220977992E-7,7.3184733715227906E-7,7.4081134453829868E-7,6.4665861681641017E-7],[5.5508283715384234E-7,6.4665861681641017E-7,6.360349033399281E-7,6.9026377821037533E-7,6.360349033399281E-7,6.4665861681641017E-7,5.5508283715384234E-7]],[[6.108634265428156E-7,7.0519779178480532E-7,6.9428793435031306E-7,7.5021970854853637E-7,6.9428793435031306E-7,7.0519779178480532E-7,6.108634265428156E-7],[7.0519779178480532E-7,8.0180167239413726E-7,7.926317170059538E-7,8.4911825293402025E-7,7.926317170059538E-7,8.0180167239413726E-7,7.0519779178480532E-7],[6.9428793435031306E-7,7.926317170059538E-7,8.2101208539778664E-7,8.4944427865179817E-7,8.2101208539778664E-7,7.926317170059538E-7,6.9428793435031306E-7],[7.5021970854853637E-7,8.4911825293402025E-7,8.4944427865179817E-7,9.0233014554566382E-7,8.4944427865179817E-7,8.4911825293402025E-7,7.5021970854853637E-7],[6.9428793435031306E-7,7.926317170059538E-7,8.2101208539778664E-7,8.4944427865179817E-7,8.2101208539778664E-7,7.926317170059538E-7,6.9428793435031306E-7],[7.0519779178480532E-7,8.0180167239413726E-7,7.926317170059538E-7,8.4911825293402025E-7,7.926317170059538E-7,8.0180167239413726E-7,7.0519779178480532E-7],[6.108634265428156E-7,7.0519779178480532E-7,6.9428793435031306E-7,7.5021970854853637E-7,6.9428793435031306E-7,7.0519779178480532E-7,6.108634265428156E-7]],[[6.682556114232551E-7,7.6520630597592521E-7,7.5402419660933867E-7,8.1156813110882457E-7,7.5402419660933867E-7,7.6520630597592521E-7,6.682556114232551E-7],[7.6520630597592521E-7,8.6415088540955933E-7,8.5478316211467827E-7,9.1268682524967453E-7,8.5478316211467827E-7,8.6415088540955933E-7,7.6520630597592521E-7],[7.5402419660933867E-7,8.5478316211467827E-7,8.8386023600314661E-7,9.129902253295676E-7,8.8386023600314661E-7,8.5478316211467827E-7,7.5402419660933867E-7],[8.1156813110882457E-7,9.1268682524967453E-7,9.129902253295676E-7,9.67145371781293E-7,9.129902253295676E-7,9.1268682524967453E-7,8.1156813110882457E-7],[7.5402419660933867E-7,8.5478316211467827E-7,8.8386023600314661E-7,9.129902253295676E-7,8.8386023600314661E-7,8.5478316211467827E-7,7.5402419660933867E-7],[7.6520630597592521E-7,8.6415088540955933E-7,8.5478316211467827E-7,9.1268682524967453E-7,8.5478316211467827E-7,8.6415088540955933E-7,7.6520630597592521E-7],[6.682556114232551E-7,7.6520630597592521E-7,7.5402419660933867E-7,8.1156813110882457E-7,7.5402419660933867E-7,7.6520630597592521E-7,6.682556114232551E-7]],[[7.2717911169432681E-7,8.2662045902003831E-7,8.151781900532874E-7,8.7425406230460485E-7,8.151781900532874E-7,8.2662045902003831E-7,7.2717911169432681E-7],[8.2662045902003831E-7,9.2780824306160764E-7,9.18249889332203E-7,9.7750915501124587E-7,9.1824988933220291E-7,9.2780824306160764E-7,8.2662045902003831E-7],[8.151781900532874E-7,9.18249889332203E-7,9.4799416211688956E-7,9.7779240351386657E-7,9.4799416211688945E-7,9.1824988933220291E-7,8.151781900532874E-7],[8.7425406230460485E-7,9.7750915501124587E-7,9.7779240351386657E-7,1.0331645082557418E-6,9.7779240351386657E-7,9.7750915501124587E-7,8.7425406230460485E-7],[8.151781900532874E-7,9.1824988933220291E-7,9.4799416211688945E-7,9.7779240351386657E-7,9.4799416211688945E-7,9.1824988933220291E-7,8.151781900532874E-7],[8.2662045902003831E-7,9.2780824306160764E-7,9.1824988933220291E-7,9.7750915501124587E-7,9.1824988933220291E-7,9.2780824306160764E-7,8.2662045902003831E-7],[7.2717911169432681E-7,8.2662045902003831E-7,8.151781900532874E-7,8.7425406230460485E-7,8.151781900532874E-7,8.2662045902003831E-7,7.2717911169432681E-7]],[[7.8756301914783646E-7,8.8938404015777951E-7,8.776921587010354E-7,9.3822909210855187E-7,8.776921587010354E-7,8.8938404015777951E-7,7.8756301914783646E-7],[8.8938404015777951E-7,9.92729021448917E-7,9.8298627353543538E-7,1.0435468575654102E-6,9.8298627353543538E-7,9.92729021448917E-7,8.8938404015777951E-7],[8.776921587010354E-7,9.8298627353543538E-7,1.0133717210703291E-6,1.0438121574657436E-6,1.0133717210703291E-6,9.8298627353543538E-7,8.776921587010354E-7],[9.3822909210855187E-7,1.0435468575654102E-6,1.0438121574657436E-6,1.1003550938831563E-6,1.0438121574657436E-6,1.0435468575654102E-6,9.38229092108552E-7],[8.776921587010354E-7,9.8298627353543538E-7,1.0133717210703291E-6,1.0438121574657436E-6,1.0133717210703289E-6,9.8298627353543538E-7,8.776921587010354E-7],[8.8938404015777951E-7,9.92729021448917E-7,9.8298627353543538E-7,1.0435468575654102E-6,9.8298627353543538E-7,9.92729021448917E-7,8.8938404015777951E-7],[7.8756301914783646E-7,8.8938404015777951E-7,8.776921587010354E-7,9.38229092108552E-7,8.776921587010354E-7,8.8938404015777951E-7,7.8756301914783646E-7]],[[8.493447334581413E-7,9.5344747830361929E-7,9.4151519782843737E-7,1.0034506132807223E-6,9.4151519782843737E-7,9.534474783036194E-7,8.493447334581413E-7],[9.5344747830361929E-7,1.058873835457585E-6,1.0489521463600922E-6,1.1107661834688072E-6,1.0489521463600922E-6,1.058873835457585E-6,9.534474783036194E-7],[9.4151519782843737E-7,1.0489521463600922E-6,1.0799558300195723E-6,1.1110154938297607E-6,1.0799558300195723E-6,1.0489521463600922E-6,9.4151519782843737E-7],[1.0034506132807223E-6,1.1107661834688072E-6,1.1110154938297607E-6,1.1686886204616973E-6,1.1110154938297607E-6,1.1107661834688072E-6,1.0034506132807225E-6],[9.4151519782843737E-7,1.0489521463600922E-6,1.0799558300195723E-6,1.1110154938297607E-6,1.0799558300195723E-6,1.0489521463600922E-6,9.4151519782843737E-7],[9.534474783036194E-7,1.058873835457585E-6,1.0489521463600922E-6,1.1107661834688072E-6,1.0489521463600922E-6,1.058873835457585E-6,9.534474783036194E-7],[8.493447334581413E-7,9.534474783036194E-7,9.4151519782843737E-7,1.0034506132807225E-6,9.4151519782843737E-7,9.534474783036194E-7,8.493447334581413E-7]],[[9.124690197672038E-7,1.0187670908826239E-6,1.0066024682784277E-6,1.0698811494641762E-6,1.0066024682784277E-6,1.0187670908826239E-6,9.124690197672038E-7],[1.0187670908826239E-6,1.126208037507133E-6,1.1161121764862659E-6,1.1791374930844439E-6,1.1161121764862659E-6,1.126208037507133E-6,1.0187670908826239E-6],[1.0066024682784277E-6,1.1161121764862659E-6,1.1477138925428774E-6,1.1793725546003785E-6,1.1477138925428774E-6,1.1161121764862659E-6,1.0066024682784277E-6],[1.0698811494641762E-6,1.1791374930844439E-6,1.1793725546003785E-6,1.2381400898336586E-6,1.1793725546003785E-6,1.1791374930844439E-6,1.0698811494641762E-6],[1.0066024682784277E-6,1.1161121764862659E-6,1.1477138925428774E-6,1.1793725546003785E-6,1.1477138925428774E-6,1.1161121764862659E-6,1.0066024682784277E-6],[1.0187670908826239E-6,1.126208037507133E-6,1.1161121764862659E-6,1.1791374930844439E-6,1.1161121764862659E-6,1.126208037507133E-6,1.0187670908826239E-6],[9.124690197672038E-7,1.0187670908826239E-6,1.0066024682784277E-6,1.0698811494641762E-6,1.0066024682784277E-6,1.0187670908826239E-6,9.124690197672038E-7]],[[9.7688717428589032E-7,1.0853044183829408E-6,1.0729145032823029E-6,1.1374877654500914E-6,1.0729145032823029E-6,1.0853044183829408E-6,9.7688717428589032E-7],[1.0853044183829408E-6,1.1947011816896361E-6,1.1844353192224526E-6,1.2486347884385557E-6,1.1844353192224526E-6,1.1947011816896361E-6,1.0853044183829408E-6],[1.0729145032823029E-6,1.1844353192224526E-6,1.2166172882573042E-6,1.248857146819149E-6,1.2166172882573042E-6,1.1844353192224526E-6,1.0729145032823029E-6],[1.1374877654500914E-6,1.2486347884385557E-6,1.248857146819149E-6,1.3086876156618403E-6,1.248857146819149E-6,1.2486347884385557E-6,1.1374877654500914E-6],[1.0729145032823029E-6,1.1844353192224526E-6,1.2166172882573042E-6,1.248857146819149E-6,1.2166172882573042E-6,1.1844353192224526E-6,1.0729145032823029E-6],[1.0853044183829408E-6,1.1947011816896361E-6,1.1844353192224526E-6,1.2486347884385557E-6,1.1844353192224526E-6,1.1947011816896361E-6,1.0853044183829408E-6],[9.7688717428589032E-7,1.0853044183829408E-6,1.0729145032823029E-6,1.1374877654500914E-6,1.0729145032823029E-6,1.0853044183829408E-6,9.7688717428589032E-7]],[[1.0425562848348342E-6,1.1530256326036368E-6,1.1404165944818313E-6,1.2062415454849116E-6,1.1404165944818313E-6,1.1530256326036368E-6,1.0425562848348342E-6],[1.1530256326036368E-6,1.2643265427412142E-6,1.2538943240550196E-6,1.3192352916542821E-6,1.2538943240550196E-6,1.2643265427412142E-6,1.1530256326036368E-6],[1.1404165944818313E-6,1.2538943240550196E-6,1.28664091458573E-6,1.3194463185983143E-6,1.28664091458573E-6,1.2538943240550196E-6,1.1404165944818313E-6],[1.2062415454849116E-6,1.3192352916542821E-6,1.3194463185983143E-6,1.3803120605338339E-6,1.3194463185983143E-6,1.3192352916542821E-6,1.2062415454849116E-6],[1.1404165944818313E-6,1.2538943240550196E-6,1.28664091458573E-6,1.3194463185983143E-6,1.28664091458573E-6,1.2538943240550196E-6,1.1404165944818313E-6],[1.1530256326036368E-6,1.2643265427412142E-6,1.2538943240550196E-6,1.3192352916542821E-6,1.2538943240550196E-6,1.2643265427412142E-6,1.1530256326036368E-6],[1.0425562848348342E-6,1.1530256326036368E-6,1.1404165944818313E-6,1.2062415454849116E-6,1.1404165944818313E-6,1.1530256326036368E-6,1.0425562848348342E-6]],[[1.1094385739218295E-6,1.2219010073213984E-6,1.2090782448648679E-6,1.2761171271601819E-6,1.2090782448648679E-6,1.2219010073213984E-6,1.1094385739218295E-6],[1.2219010073213984E-6,1.3350606794882261E-6,1.3244652892756442E-6,1.3909190595655017E-6,1.3244652892756442E-6,1.3350606794882261E-6,1.2219010073213984E-6],[1.2090782448648679E-6,1.3244652892756442E-6,1.3577627701057036E-6,1.3911199712212992E-6,1.3577627701057036E-6,1.3244652892756442E-6,1.2090782448648679E-6],[1.2761171271601819E-6,1.3909190595655017E-6,1.3911199712212992E-6,1.4529966988692133E-6,1.3911199712212992E-6,1.3909190595655017E-6,1.2761171271601819E-6],[1.2090782448648679E-6,1.3244652892756442E-6,1.3577627701057036E-6,1.3911199712212992E-6,1.3577627701057036E-6,1.3244652892756442E-6,1.2090782448648679E-6],[1.2219010073213984E-6,1.3350606794882261E-6,1.3244652892756442E-6,1.3909190595655017E-6,1.3244652892756442E-6,1.3350606794882261E-6,1.2219010073213984E-6],[1.1094385739218295E-6,1.2219010073213984E-6,1.2090782448648679E-6,1.2761171271601819E-6,1.2090782448648679E-6,1.2219010073213984E-6,1.1094385739218295E-6]],[[1.1775008125662923E-6,1.2919044404587231E-6,1.2788726769460756E-6,1.34709227928129E-6,1.2788726769460756E-6,1.2919044404587231E-6,1.1775008125662923E-6],[1.2919044404587231E-6,1.4068830320512727E-6,1.3961272526506039E-6,1.4636686236502103E-6,1.3961272526506039E-6,1.4068830320512727E-6,1.2919044404587231E-6],[1.2788726769460756E-6,1.3961272526506039E-6,1.4299635685592663E-6,1.4638604965137822E-6,1.4299635685592663E-6,1.3961272526506039E-6,1.2788726769460756E-6],[1.34709227928129E-6,1.4636686236502103E-6,1.4638604965137822E-6,1.5267268950835109E-6,1.4638604965137822E-6,1.4636686236502103E-6,1.34709227928129E-6],[1.2788726769460756E-6,1.3961272526506039E-6,1.4299635685592663E-6,1.4638604965137822E-6,1.4299635685592663E-6,1.3961272526506039E-6,1.2788726769460756E-6],[1.2919044404587231E-6,1.4068830320512727E-6,1.3961272526506039E-6,1.4636686236502103E-6,1.3961272526506039E-6,1.4068830320512727E-6,1.2919044404587231E-6],[1.1775008125662923E-6,1.2919044404587231E-6,1.2788726769460756E-6,1.34709227928129E-6,1.2788726769460756E-6,1.2919044404587231E-6,1.1775008125662923E-6]],[[1.2467137934585828E-6,1.3630130166787909E-6,1.3497763846138425E-6,1.4191475121345561E-6,1.3497763846138425E-6,1.3630130166787909E-6,1.2467137934585828E-6],[1.3630130166787909E-6,1.4797755409593855E-6,1.4688618061665008E-6,1.5374686430038718E-6,1.4688618061665008E-6,1.4797755409593855E-6,1.3630130166787909E-6],[1.3497763846138425E-6,1.4688618061665008E-6,1.5032263713930823E-6,1.5376524271880606E-6,1.5032263713930823E-6,1.4688618061665008E-6,1.3497763846138425E-6],[1.4191475121345561E-6,1.5374686430038718E-6,1.5376524271880606E-6,1.6014897843846059E-6,1.5376524271880606E-6,1.5374686430038718E-6,1.4191475121345561E-6],[1.3497763846138425E-6,1.4688618061665008E-6,1.5032263713930823E-6,1.5376524271880606E-6,1.5032263713930823E-6,1.4688618061665008E-6,1.3497763846138425E-6],[1.3630130166787909E-6,1.4797755409593855E-6,1.4688618061665008E-6,1.5374686430038718E-6,1.4688618061665008E-6,1.4797755409593855E-6,1.3630130166787909E-6],[1.2467137934585828E-6,1.3630130166787909E-6,1.3497763846138425E-6,1.4191475121345561E-6,1.3497763846138425E-6,1.3630130166787909E-6,1.2467137934585828E-6]],[[1.3170518520109573E-6,1.4352065984689217E-6,1.4217687164402764E-6,1.4922657076267433E-6,1.4217687164402764E-6,1.4352065984689217E-6,1.3170518520109573E-6],[1.4352065984689217E-6,1.5537222741107751E-6,1.54265272088426E-6,1.6123055553572539E-6,1.54265272088426E-6,1.5537222741107751E-6,1.4352065984689217E-6],[1.4217687164402764E-6,1.54265272088426E-6,1.5775362243067342E-6,1.612482085081951E-6,1.5775362243067342E-6,1.54265272088426E-6,1.4217687164402764E-6],[1.4922657076267433E-6,1.6123055553572539E-6,1.612482085081951E-6,1.6772739400129204E-6,1.612482085081951E-6,1.6123055553572539E-6,1.4922657076267433E-6],[1.4217687164402764E-6,1.54265272088426E-6,1.5775362243067342E-6,1.612482085081951E-6,1.5775362243067342E-6,1.54265272088426E-6,1.4217687164402764E-6],[1.4352065984689217E-6,1.5537222741107751E-6,1.54265272088426E-6,1.6123055553572539E-6,1.54265272088426E-6,1.5537222741107751E-6,1.4352065984689217E-6],[1.3170518520109573E-6,1.4352065984689217E-6,1.4217687164402764E-6,1.4922657076267433E-6,1.4217687164402764E-6,1.4352065984689217E-6,1.3170518520109573E-6]],[[1.3884924232174732E-6,1.5084674319195033E-6,1.4948314766521079E-6,1.5664317545822612E-6,1.4948314766521079E-6,1.5084674319195033E-6,1.3884924232174732E-6],[1.5084674319195033E-6,1.6287090437594155E-6,1.6174855644287422E-6,1.6881672066175908E-6,1.6174855644287422E-6,1.6287090437594155E-6,1.5084674319195033E-6],[1.4948314766521079E-6,1.6174855644287422E-6,1.6528797792375965E-6,1.6883372076174688E-6,1.6528797792375965E-6,1.6174855644287422E-6,1.4948314766521079E-6],[1.5664317545822612E-6,1.6881672066175908E-6,1.6883372076174688E-6,1.754069005063732E-6,1.6883372076174688E-6,1.6881672066175908E-6,1.5664317545822612E-6],[1.4948314766521079E-6,1.6174855644287422E-6,1.6528797792375965E-6,1.6883372076174688E-6,1.6528797792375965E-6,1.6174855644287422E-6,1.4948314766521079E-6],[1.5084674319195033E-6,1.6287090437594155E-6,1.6174855644287422E-6,1.6881672066175908E-6,1.6174855644287422E-6,1.6287090437594155E-6,1.5084674319195033E-6],[1.3884924232174732E-6,1.5084674319195033E-6,1.4948314766521079E-6,1.5664317545822612E-6,1.4948314766521079E-6,1.5084674319195033E-6,1.3884924232174732E-6]],[[1.4610156207248588E-6,1.5827797501620168E-6,1.5689485270083326E-6,1.641632170624772E-6,1.5689485270083326E-6,1.5827797501620168E-6,1.4610156207248588E-6],[1.5827797501620168E-6,1.7047229898019439E-6,1.6933472880539545E-6,1.7650424323869139E-6,1.6933472880539545E-6,1.7047229898019439E-6,1.5827797501620168E-6],[1.5689485270083326E-6,1.6933472880539545E-6,1.7292448768634684E-6,1.7652065256952397E-6,1.7292448768634684E-6,1.6933472880539545E-6,1.5689485270083326E-6],[1.641632170624772E-6,1.7650424323869139E-6,1.7652065256952397E-6,1.8318652584314798E-6,1.7652065256952397E-6,1.7650424323869139E-6,1.641632170624772E-6],[1.5689485270083326E-6,1.6933472880539545E-6,1.7292448768634684E-6,1.7652065256952397E-6,1.7292448768634684E-6,1.6933472880539545E-6,1.5689485270083326E-6],[1.5827797501620168E-6,1.7047229898019439E-6,1.6933472880539545E-6,1.7650424323869139E-6,1.6933472880539545E-6,1.7047229898019439E-6,1.5827797501620168E-6],[1.4610156207248588E-6,1.5827797501620168E-6,1.5689485270083326E-6,1.641632170624772E-6,1.5689485270083326E-6,1.5827797501620168E-6,1.4610156207248588E-6]],[[1.5346038217686628E-6,1.6581293522710281E-6,1.6441053680326528E-6,1.7178546859664624E-6,1.6441053680326528E-6,1.6581293522710281E-6,1.5346038217686628E-6],[1.6581293522710281E-6,1.7817520968918256E-6,1.770225751882543E-6,1.8429205546190305E-6,1.770225751882543E-6,1.7817520968918256E-6,1.6581293522710281E-6],[1.6441053680326528E-6,1.770225751882543E-6,1.8066200553378029E-6,1.8430792558463716E-6,1.8066200553378029E-6,1.770225751882543E-6,1.6441053680326528E-6],[1.7178546859664624E-6,1.8429205546190305E-6,1.8430792558463716E-6,1.9106530720246688E-6,1.8430792558463716E-6,1.8429205546190305E-6,1.7178546859664624E-6],[1.6441053680326528E-6,1.770225751882543E-6,1.8066200553378029E-6,1.8430792558463716E-6,1.8066200553378029E-6,1.770225751882543E-6,1.6441053680326528E-6],[1.6581293522710281E-6,1.7817520968918256E-6,1.770225751882543E-6,1.8429205546190305E-6,1.770225751882543E-6,1.7817520968918256E-6,1.6581293522710281E-6],[1.5346038217686628E-6,1.6581293522710281E-6,1.6441053680326528E-6,1.7178546859664624E-6,1.6441053680326528E-6,1.6581293522710281E-6,1.5346038217686628E-6]],[[1.6092412371984822E-6,1.7345031278045842E-6,1.7202886708587625E-6,1.7950877554761762E-6,1.7202886708587625E-6,1.7345031278045842E-6,1.6092412371984822E-6],[1.7345031278045842E-6,1.859784600877188E-6,1.8481091453667352E-6,1.9217907426035894E-6,1.8481091453667352E-6,1.859784600877188E-6,1.7345031278045842E-6],[1.7202886708587625E-6,1.8481091453667352E-6,1.8849939381582647E-6,1.9219444553841034E-6,1.8849939381582649E-6,1.8481091453667354E-6,1.7202886708587625E-6],[1.7950877554761762E-6,1.9217907426035894E-6,1.9219444553841034E-6,1.9904221998812177E-6,1.9219444553841034E-6,1.92179074260359E-6,1.7950877554761762E-6],[1.7202886708587625E-6,1.8481091453667352E-6,1.8849939381582649E-6,1.9219444553841034E-6,1.8849939381582649E-6,1.8481091453667354E-6,1.7202886708587627E-6],[1.7345031278045842E-6,1.859784600877188E-6,1.8481091453667354E-6,1.92179074260359E-6,1.8481091453667354E-6,1.8597846008771882E-6,1.7345031278045844E-6],[1.6092412371984822E-6,1.7345031278045842E-6,1.7202886708587625E-6,1.7950877554761762E-6,1.7202886708587627E-6,1.7345031278045844E-6,1.6092412371984822E-6]],[[1.6849134392615344E-6,1.8118884868062607E-6,1.7974857210993666E-6,1.8733199534200121E-6,1.7974857210993666E-6,1.8118884868062607E-6,1.6849134392615344E-6],[1.8118884868062607E-6,1.9388082255706085E-6,1.9269852459641146E-6,2.001641171039196E-6,1.9269852459641146E-6,1.9388082255706085E-6,1.8118884868062607E-6],[1.7974857210993666E-6,1.9269852459641146E-6,1.9643544388041505E-6,2.0017901728200736E-6,1.9643544388041505E-6,1.9269852459641146E-6,1.7974857210993666E-6],[1.8733199534200121E-6,2.001641171039196E-6,2.0017901728200736E-6,2.0711608210505546E-6,2.0017901728200736E-6,2.0016411710391964E-6,1.8733199534200121E-6],[1.7974857210993666E-6,1.9269852459641146E-6,1.9643544388041505E-6,2.0017901728200736E-6,1.9643544388041505E-6,1.926985245964115E-6,1.7974857210993668E-6],[1.8118884868062607E-6,1.9388082255706085E-6,1.9269852459641146E-6,2.0016411710391964E-6,1.926985245964115E-6,1.9388082255706089E-6,1.8118884868062609E-6],[1.6849134392615344E-6,1.8118884868062607E-6,1.7974857210993666E-6,1.8733199534200121E-6,1.7974857210993668E-6,1.8118884868062609E-6,1.6849134392615347E-6]],[[1.7616068110503564E-6,1.8902726430898525E-6,1.8756837245563498E-6,1.9525391917577437E-6,1.8756837245563498E-6,1.8902726430898525E-6,1.7616068110503564E-6],[1.8902726430898525E-6,2.0188091785321125E-6,2.0068404466839291E-6,2.0824578950762933E-6,2.0068404466839291E-6,2.0188091785321125E-6,1.8902726430898525E-6],[1.8756837245563498E-6,2.0068404466839291E-6,2.0446877072522579E-6,2.0826023131026172E-6,2.0446877072522579E-6,2.0068404466839291E-6,1.8756837245563498E-6],[1.9525391917577437E-6,2.0824578950762933E-6,2.0826023131026172E-6,2.1528542452416442E-6,2.0826023131026172E-6,2.0824578950762933E-6,1.9525391917577437E-6],[1.8756837245563498E-6,2.0068404466839291E-6,2.0446877072522579E-6,2.0826023131026172E-6,2.0446877072522579E-6,2.0068404466839291E-6,1.87568372455635E-6],[1.8902726430898525E-6,2.0188091785321125E-6,2.0068404466839291E-6,2.0824578950762933E-6,2.0068404466839291E-6,2.0188091785321125E-6,1.8902726430898527E-6],[1.7616068110503564E-6,1.8902726430898525E-6,1.8756837245563498E-6,1.9525391917577437E-6,1.87568372455635E-6,1.8902726430898527E-6,1.7616068110503566E-6]],[[1.8393078717587153E-6,1.969641689661194E-6,1.9548689154850722E-6,2.0327316938601506E-6,1.9548689154850722E-6,1.969641689661194E-6,1.8393078717587153E-6],[1.969641689661194E-6,2.0997708378934709E-6,2.0876584850722765E-6,2.1642233699029159E-6,2.0876584850722765E-6,2.0997708378934709E-6,1.969641689661194E-6],[1.9548689154850722E-6,2.0876584850722765E-6,2.125976748664477E-6,2.1643631457144647E-6,2.125976748664477E-6,2.0876584850722765E-6,1.9548689154850722E-6],[2.0327316938601506E-6,2.1642233699029159E-6,2.1643631457144647E-6,2.2354832055820382E-6,2.1643631457144647E-6,2.1642233699029159E-6,2.0327316938601506E-6],[1.9548689154850722E-6,2.0876584850722765E-6,2.125976748664477E-6,2.1643631457144647E-6,2.125976748664477E-6,2.0876584850722765E-6,1.9548689154850722E-6],[1.969641689661194E-6,2.0997708378934709E-6,2.0876584850722765E-6,2.1642233