{"M_cells":[[[0,0,0,0,0,0,0],[0,0,0,0,0,0,0],[0,0,0,0,0,0,0],[0,0,0,0,0,0,0],[0,0,0,0,0,0,0],[0,0,0,0,0,0,0],[0,0,0,0,0,0,0]],[[1.3449472246681552E-5,7.6482895998012036E-5,6.8079623664295456E-5,9.9495206722271539E-5,6.8079623664295456E-5,7.6482895998012036E-5,1.3449472246681552E-5],[7.6482895998012036E-5,0.00031730949945547356,0.00029030386209085655,0.00040934844464842217,0.00029030386209085655,0.00031730949945547356,7.6482895998012036E-5],[6.8079623664295456E-5,0.00029030386209085655,0.000355872137326699,0.0004217741110775968,0.000355872137326699,0.00029030386209085655,6.8079623664295456E-5],[9.9495206722271539E-5,0.00040934844464842217,0.0004217741110775968,0.00055559976062679163,0.0004217741110775968,0.00040934844464842217,9.9495206722271539E-5],[6.8079623664295456E-5,0.00029030386209085655,0.000355872137326699,0.0004217741110775968,0.000355872137326699,0.00029030386209085655,6.8079623664295456E-5],[7.6482895998012036E-5,0.00031730949945547356,0.00029030386209085655,0.00040934844464842217,0.00029030386209085655,0.00031730949945547361,7.6482895998012036E-5],[1.3449472246681552E-5,7.6482895998012036E-5,6.8079623664295456E-5,9.9495206722271539E-5,6.8079623664295456E-5,7.6482895998012036E-5,1.3449472246681552E-5]],[[8.9426347850801041E-5,0.00028605342529963772,0.000260153900570654,0.00036140716636448735,0.000260153900570654,0.00028605342529963772,8.9426347850801041E-5],[0.00028605342529963772,0.00072098059009081841,0.00067285342283008209,0.000897052027011951,0.00067285342283008209,0.00072098059009081841,0.00028605342529963772],[0.000260153900570654,0.00067285342283008209,0.00079378842861007617,0.00091511738289159659,0.00079378842861007617,0.00067285342283008209,0.000260153900570654],[0.00036140716636448735,0.000897052027011951,0.00091511738289159659,0.0011565701318376055,0.00091511738289159659,0.000897052027011951,0.00036140716636448735],[0.000260153900570654,0.00067285342283008209,0.00079378842861007617,0.00091511738289159659,0.00079378842861007627,0.0006728534228300822,0.000260153900570654],[0.00028605342529963772,0.00072098059009081841,0.00067285342283008209,0.000897052027011951,0.0006728534228300822,0.00072098059009081841,0.00028605342529963772],[8.9426347850801041E-5,0.00028605342529963772,0.000260153900570654,0.00036140716636448735,0.000260153900570654,0.00028605342529963772,8.9426347850801041E-5]],[[0.0002531189373477562,0.00060278695111150922,0.00055717571061623863,0.00074233627574554328,0.00055717571061623863,0.00060278695111150922,0.0002531189373477562],[0.00060278695111150922,0.0011941669965595295,0.0011296883635635061,0.0014443051765394422,0.0011296883635635061,0.0011941669965595295,0.00060278695111150922],[0.00055717571061623863,0.0011296883635635061,0.0012965756807483792,0.0014639052488485949,0.0012965756807483792,0.0011296883635635061,0.00055717571061623863],[0.00074233627574554328,0.0014443051765394422,0.0014639052488485949,0.0017917735820932223,0.0014639052488485949,0.0014443051765394422,0.00074233627574554328],[0.00055717571061623863,0.0011296883635635061,0.0012965756807483792,0.0014639052488485949,0.0012965756807483792,0.0011296883635635061,0.00055717571061623863],[0.00060278695111150922,0.0011941669965595295,0.0011296883635635061,0.0014443051765394422,0.0011296883635635061,0.0011941669965595298,0.00060278695111150922],[0.0002531189373477562,0.00060278695111150922,0.00055717571061623863,0.00074233627574554328,0.00055717571061623863,0.00060278695111150922,0.0002531189373477562]],[[0.00050798778037539809,0.0010059456325352573,0.00094168706923042009,0.0012116149571941206,0.00094168706923042009,0.0010059456325352573,0.00050798778037539809],[0.0010059456325352573,0.0017235887941428037,0.0016466235861521523,0.0020376381406698942,0.0016466235861521523,0.0017235887941428037,0.0010059456325352573],[0.00094168706923042009,0.0016466235861521523,0.0018513573120380522,0.0020565719951264158,0.0018513573120380522,0.0016466235861521525,0.00094168706923042009],[0.0012116149571941206,0.0020376381406698942,0.0020565719951264158,0.00245382631056589,0.0020565719951264158,0.0020376381406698942,0.0012116149571941206],[0.00094168706923042009,0.0016466235861521523,0.0018513573120380522,0.0020565719951264158,0.0018513573120380522,0.0016466235861521525,0.00094168706923042009],[0.0010059456325352573,0.0017235887941428037,0.0016466235861521525,0.0020376381406698942,0.0016466235861521525,0.0017235887941428037,0.0010059456325352573],[0.00050798778037539809,0.0010059456325352573,0.00094168706923042009,0.0012116149571941206,0.00094168706923042009,0.0010059456325352573,0.00050798778037539809]],[[0.00084762235062767731,0.0014788692044606468,0.0013983676732047064,0.0017472526792806523,0.0013983676732047064,0.0014788692044606468,0.00084762235062767731],[0.0014788692044606468,0.0022984792657472957,0.0022120714927319511,0.0026668464592365967,0.0022120714927319511,0.0022984792657472957,0.0014788692044606468],[0.0013983676732047064,0.0022120714927319511,0.0024477985253986453,0.0026840375248981968,0.0024477985253986453,0.0022120714927319511,0.0013983676732047064],[0.0017472526792806523,0.0026668464592365967,0.0026840375248981968,0.0031370057748251697,0.0026840375248981968,0.0026668464592365967,0.0017472526792806523],[0.0013983676732047064,0.0022120714927319511,0.0024477985253986453,0.0026840375248981968,0.0024477985253986449,0.0022120714927319506,0.0013983676732047064],[0.0014788692044606468,0.0022984792657472957,0.0022120714927319511,0.0026668464592365967,0.0022120714927319506,0.0022984792657472952,0.0014788692044606468],[0.00084762235062767731,0.0014788692044606468,0.0013983676732047064,0.0017472526792806523,0.0013983676732047064,0.0014788692044606468,0.00084762235062767731]],[[0.0012618177773652704,0.00200813472617611,0.0019141345980869949,0.002333255915883156,0.0019141345980869949,0.00200813472617611,0.0012618177773652704],[0.00200813472617611,0.0029101132834361853,0.0028166141499876549,0.0033241302641596245,0.0028166141499876549,0.0029101132834361853,0.00200813472617611],[0.0019141345980869949,0.0028166141499876549,0.0030776141212015711,0.0033391509013115943,0.0030776141212015711,0.0028166141499876549,0.0019141345980869949],[0.002333255915883156,0.0033241302641596245,0.0033391509013115943,0.003836856651692663,0.0033391509013115943,0.0033241302641596245,0.0023332559158831564],[0.0019141345980869949,0.0028166141499876549,0.0030776141212015711,0.0033391509013115943,0.0030776141212015711,0.0028166141499876549,0.0019141345980869949],[0.00200813472617611,0.0029101132834361853,0.0028166141499876549,0.0033241302641596245,0.0028166141499876549,0.0029101132834361853,0.00200813472617611],[0.0012618177773652704,0.00200813472617611,0.0019141345980869949,0.0023332559158831564,0.0019141345980869949,0.00200813472617611,0.0012618177773652704]],[[0.0017395805841917463,0.0025829081019617386,0.0024780159396628671,0.0029578366631512177,0.0024780159396628671,0.0025829081019617386,0.0017395805841917463],[0.0025829081019617386,0.0035514244051287136,0.0034526250462206341,0.0040034814421526042,0.0034526250462206341,0.0035514244051287136,0.0025829081019617386],[0.0024780159396628671,0.0034526250462206341,0.0037341668391164826,0.0040162653434271719,0.003734166839116483,0.0034526250462206341,0.0024780159396628671],[0.0029578366631512177,0.0040034814421526042,0.0040162653434271719,0.0045498962888807859,0.0040162653434271719,0.0040034814421526042,0.0029578366631512177],[0.0024780159396628671,0.0034526250462206341,0.003734166839116483,0.0040162653434271719,0.003734166839116483,0.0034526250462206341,0.0024780159396628671],[0.0025829081019617386,0.0035514244051287136,0.0034526250462206341,0.0040034814421526042,0.0034526250462206341,0.0035514244051287136,0.0025829081019617386],[0.0017395805841917463,0.0025829081019617386,0.0024780159396628671,0.0029578366631512177,0.0024780159396628671,0.0025829081019617386,0.0017395805841917463]],[[0.0022705220304098665,0.0031944358793604614,0.003080924167783404,0.0036121995403370155,0.003080924167783404,0.0031944358793604614,0.0022705220304098665],[0.0031944358793604614,0.0042166933654781179,0.0041139447410105468,0.0047002412960414483,0.0041139447410105468,0.0042166933654781179,0.0031944358793604614],[0.003080924167783404,0.0041139447410105468,0.0044121418071401035,0.0047109115323290306,0.0044121418071401035,0.0041139447410105468,0.003080924167783404],[0.0036121995403370155,0.0047002412960414483,0.0047109115323290306,0.005273392778889381,0.0047109115323290306,0.0047002412960414483,0.0036121995403370155],[0.003080924167783404,0.0041139447410105468,0.0044121418071401035,0.0047109115323290306,0.0044121418071401035,0.0041139447410105468,0.003080924167783404],[0.0031944358793604614,0.0042166933654781179,0.0041139447410105468,0.0047002412960414483,0.0041139447410105468,0.0042166933654781179,0.0031944358793604619],[0.0022705220304098665,0.0031944358793604614,0.003080924167783404,0.0036121995403370155,0.003080924167783404,0.0031944358793604619,0.0022705220304098665]],[[0.0028454206861257638,0.0038356423415558966,0.00371539837884417,0.0042897093553146094,0.00371539837884417,0.0038356423415558966,0.0028454206861257638],[0.0038356423415558966,0.0049012944308754521,0.0047956082308018063,0.0054107770870873671,0.0047956082308018063,0.0049012944308754521,0.0038356423415558966],[0.00371539837884417,0.0047956082308018063,0.0051072839242210354,0.0054195450582034616,0.0051072839242210354,0.0047956082308018063,0.00371539837884417],[0.0042897093553146094,0.0054107770870873671,0.0054195450582034616,0.00600519653468825,0.0054195450582034616,0.0054107770870873671,0.0042897093553146094],[0.00371539837884417,0.0047956082308018063,0.0051072839242210354,0.0054195450582034616,0.0051072839242210354,0.0047956082308018063,0.00371539837884417],[0.0038356423415558966,0.0049012944308754521,0.0047956082308018063,0.0054107770870873671,0.0047956082308018063,0.0049012944308754521,0.0038356423415558966],[0.0028454206861257638,0.0038356423415558966,0.00371539837884417,0.0042897093553146094,0.00371539837884417,0.0038356423415558966,0.0028454206861257643]],[[0.0034563701955551379,0.0045008073908864221,0.0043753516028801169,0.0049853116238214338,0.0043753516028801169,0.0045008073908864221,0.0034563701955551379],[0.0045008073908864221,0.00560148885495989,0.0054936188839852206,0.0061322426134409755,0.0054936188839852206,0.00560148885495989,0.0045008073908864221],[0.0043753516028801169,0.0054936188839852206,0.00581618670177587,0.0061393502068866441,0.00581618670177587,0.0054936188839852206,0.0043753516028801169],[0.0049853116238214338,0.0061322426134409755,0.0061393502068866441,0.0067436116258970582,0.0061393502068866441,0.0061322426134409755,0.0049853116238214338],[0.0043753516028801169,0.0054936188839852206,0.00581618670177587,0.0061393502068866441,0.00581618670177587,0.0054936188839852206,0.0043753516028801169],[0.0045008073908864221,0.00560148885495989,0.0054936188839852206,0.0061322426134409755,0.0054936188839852206,0.00560148885495989,0.0045008073908864221],[0.0034563701955551379,0.0045008073908864221,0.0043753516028801169,0.0049853116238214338,0.0043753516028801169,0.0045008073908864221,0.0034563701955551379]],[[0.0040967312465178211,0.0051853075264157548,0.0050558403785183883,0.0056951233135952625,0.0050558403785183883,0.0051853075264157548,0.0040967312465178211],[0.0051853075264157548,0.006314256761315174,0.0062047627672607028,0.0068623990061971356,0.0062047627672607028,0.006314256761315174,0.0051853075264157548],[0.0050558403785183883,0.0062047627672607028,0.0065361228570794,0.0068680868515017248,0.0065361228570794,0.0062047627672607028,0.0050558403785183883],[0.0056951233135952625,0.0068623990061971356,0.0068680868515017248,0.0074872969048592457,0.0068680868515017248,0.0068623990061971356,0.0056951233135952625],[0.0050558403785183883,0.0062047627672607028,0.0065361228570794,0.0068680868515017248,0.0065361228570794,0.0062047627672607028,0.0050558403785183883],[0.0051853075264157548,0.006314256761315174,0.0062047627672607028,0.0068623990061971356,0.0062047627672607028,0.006314256761315174,0.0051853075264157548],[0.0040967312465178211,0.0051853075264157548,0.0050558403785183883,0.0056951233135952625,0.0050558403785183883,0.0051853075264157548,0.0040967312465178211]],[[0.0047610011529868592,0.0058854067620726525,0.005752863226447612,0.0064161396446499675,0.005752863226447612,0.0058854067620726525,0.0047610011529868592],[0.0058854067620726525,0.0070371604056105336,0.0069264571752830273,0.0075994792468769045,0.0069264571752830273,0.0070371604056105336,0.0058854067620726525],[0.005752863226447612,0.0069264571752830273,0.0072649086016643221,0.0076039705247536293,0.0072649086016643221,0.0069264571752830273,0.005752863226447612],[0.0064161396446499675,0.0075994792468769045,0.0076039705247536293,0.00823518962084572,0.0076039705247536293,0.0075994792468769045,0.0064161396446499675],[0.005752863226447612,0.0069264571752830273,0.0072649086016643221,0.0076039705247536293,0.0072649086016643221,0.0069264571752830273,0.005752863226447612],[0.0058854067620726525,0.0070371604056105336,0.0069264571752830273,0.0075994792468769045,0.0069264571752830273,0.0070371604056105336,0.0058854067620726525],[0.0047610011529868592,0.0058854067620726525,0.005752863226447612,0.0064161396446499675,0.005752863226447612,0.0058854067620726525,0.0047610011529868592]],[[0.0054446581723799851,0.006598087461640696,0.0064631889772940919,0.0071460211092817865,0.0064631889772940919,0.006598087461640696,0.0054446581723799851],[0.006598087461640696,0.0077682330616324876,0.0076566276619489289,0.0083420848269713851,0.0076566276619489289,0.0077682330616324876,0.006598087461640696],[0.0064631889772940919,0.0076566276619489289,0.0080007950225956543,0.0083455781703763027,0.0080007950225956543,0.0076566276619489289,0.0064631889772940919],[0.0071460211092817865,0.0083420848269713851,0.0083455781703763027,0.0089864461278209747,0.0083455781703763027,0.0083420848269713851,0.0071460211092817857],[0.0064631889772940919,0.0076566276619489289,0.0080007950225956543,0.0083455781703763027,0.0080007950225956526,0.007656627661948928,0.0064631889772940919],[0.006598087461640696,0.0077682330616324876,0.0076566276619489289,0.0083420848269713851,0.007656627661948928,0.0077682330616324858,0.006598087461640696],[0.0054446581723799851,0.006598087461640696,0.0064631889772940919,0.0071460211092817857,0.0064631889772940919,0.006598087461640696,0.0054446581723799851]],[[0.0061440079632048067,0.0073209132946184911,0.0071842130727890483,0.0078829367309271627,0.0071842130727890483,0.0073209132946184911,0.0061440079632048067],[0.0073209132946184911,0.00850588881875309,0.0083936085596411445,0.0090891063113535137,0.0083936085596411445,0.00850588881875309,0.0073209132946184911],[0.0071842130727890483,0.0083936085596411445,0.0087423811937953778,0.0090917738627123244,0.0087423811937953778,0.0083936085596411445,0.0071842130727890483],[0.0078829367309271627,0.0090891063113535137,0.0090917738627123244,0.0097403956670337744,0.0090917738627123244,0.0090891063113535137,0.0078829367309271627],[0.0071842130727890483,0.0083936085596411445,0.0087423811937953778,0.0090917738627123244,0.0087423811937953778,0.0083936085596411445,0.0071842130727890483],[0.0073209132946184911,0.00850588881875309,0.0083936085596411445,0.0090891063113535137,0.0083936085596411445,0.008505888818753091,0.0073209132946184911],[0.0061440079632048067,0.0073209132946184911,0.0071842130727890483,0.0078829367309271627,0.0071842130727890483,0.0073209132946184911,0.0061440079632048067]],[[0.0068560441298425416,0.0080519181537803183,0.0079138387272976417,0.0086254473138036719,0.0079138387272976417,0.0080519181537803183,0.0068560441298425416],[0.0080519181537803183,0.0092488494288529132,0.0091360627035174651,0.0098396618666424639,0.0091360627035174651,0.0092488494288529132,0.0080519181537803183],[0.0079138387272976417,0.0091360627035174651,0.0094885446875158565,0.0098416501183139111,0.0094885446875158565,0.0091360627035174651,0.0079138387272976417],[0.0086254473138036719,0.0098396618666424639,0.0098416501183139111,0.010496504207345452,0.0098416501183139111,0.0098396618666424639,0.0086254473138036719],[0.0079138387272976417,0.0091360627035174651,0.0094885446875158565,0.0098416501183139111,0.0094885446875158565,0.0091360627035174651,0.0079138387272976417],[0.0080519181537803183,0.0092488494288529132,0.0091360627035174651,0.0098396618666424639,0.0091360627035174651,0.0092488494288529132,0.0080519181537803183],[0.0068560441298425416,0.0080519181537803183,0.0079138387272976417,0.0086254473138036719,0.0079138387272976417,0.0080519181537803183,0.0068560441298425416]],[[0.0075783269511679905,0.0087895161125251912,0.008650379483145015,0.00937241752801299,0.008650379483145015,0.0087895161125251912,0.0075783269511679905],[0.0087895161125251912,0.0099960850381951381,0.0098829167712175779,0.010593049418682953,0.0098829167712175779,0.0099960850381951381,0.0087895161125251912],[0.008650379483145015,0.0098829167712175779,0.010238386004498345,0.010594481426903129,0.010238386004498345,0.0098829167712175779,0.008650379483145015],[0.00937241752801299,0.010593049418682953,0.010594481426903129,0.011254346061899871,0.010594481426903129,0.010593049418682953,0.00937241752801299],[0.008650379483145015,0.0098829167712175779,0.010238386004498345,0.010594481426903129,0.010238386004498345,0.0098829167712175779,0.008650379483145015],[0.0087895161125251912,0.0099960850381951381,0.0098829167712175779,0.010593049418682953,0.0098829167712175779,0.0099960850381951381,0.0087895161125251912],[0.0075783269511679905,0.0087895161125251912,0.008650379483145015,0.00937241752801299,0.008650379483145015,0.0087895161125251912,0.0075783269511679905]],[[0.0083088805668558134,0.0095324284576914428,0.0093924797944847,0.010122949065122004,0.0093924797944847,0.0095324284576914428,0.0083088805668558134],[0.0095324284576914428,0.010746766213411236,0.010633309268302677,0.011348709235865602,0.010633309268302677,0.010746766213411236,0.0095324284576914428],[0.0093924797944847,0.010633309268302677,0.010991184131376562,0.011349687389011903,0.010991184131376562,0.010633309268302677,0.0093924797944847],[0.010122949065122004,0.011348709235865602,0.011349687389011903,0.012013581544641603,0.011349687389011903,0.011348709235865602,0.010122949065122004],[0.0093924797944847,0.010633309268302677,0.010991184131376562,0.011349687389011903,0.010991184131376562,0.010633309268302677,0.0093924797944847],[0.0095324284576914428,0.010746766213411236,0.010633309268302677,0.011348709235865602,0.010633309268302677,0.010746766213411236,0.0095324284576914428],[0.0083088805668558134,0.0095324284576914428,0.0093924797944847,0.010122949065122004,0.0093924797944847,0.0095324284576914428,0.0083088805668558134]],[[0.0090461071766972049,0.010279624588399891,0.010139050588858368,0.010876329383010419,0.010139050588858368,0.010279624588399891,0.0090461071766972049],[0.010279624588399891,0.011500225143018785,0.011386548724868497,0.012106194545730128,0.011386548724868497,0.011500225143018785,0.010279624588399891],[0.010139050588858368,0.011386548724868497,0.011746360991264174,0.012106803427155338,0.011746360991264174,0.011386548724868497,0.010139050588858368],[0.010876329383010419,0.012106194545730128,0.012106803427155338,0.012773939336986345,0.012106803427155338,0.012106194545730128,0.010876329383010419],[0.010139050588858368,0.011386548724868497,0.011746360991264174,0.012106803427155338,0.011746360991264174,0.011386548724868497,0.010139050588858368],[0.010279624588399891,0.011500225143018785,0.011386548724868497,0.012106194545730128,0.011386548724868497,0.011500225143018785,0.010279624588399891],[0.0090461071766972049,0.010279624588399891,0.010139050588858368,0.010876329383010419,0.010139050588858368,0.010279624588399891,0.0090461071766972049]],[[0.00978871616651839,0.01103027417463916,0.010889217148658136,0.011631992116759396,0.010889217148658136,0.01103027417463916,0.00978871616651839],[0.01103027417463916,0.012255924284525955,0.012142080120316539,0.012865148380058741,0.012142080120316539,0.012255924284525955,0.01103027417463916],[0.010889217148658136,0.012142080120316539,0.012503453001607561,0.012865457482049723,0.012503453001607561,0.012142080120316539,0.010889217148658136],[0.011631992116759396,0.012865148380058741,0.012865457482049723,0.013535202540896534,0.012865457482049723,0.012865148380058741,0.011631992116759396],[0.010889217148658136,0.012142080120316539,0.012503453001607561,0.012865457482049723,0.012503453001607561,0.012142080120316539,0.010889217148658136],[0.01103027417463916,0.012255924284525955,0.012142080120316539,0.012865148380058741,0.012142080120316539,0.012255924284525955,0.01103027417463916],[0.00978871616651839,0.01103027417463916,0.010889217148658136,0.011631992116759396,0.010889217148658136,0.01103027417463916,0.00978871616651839]],[[0.01053566596419608,0.011783708455702769,0.011642277054898769,0.012389486309434141,0.011642277054898769,0.011783708455702769,0.01053566596419608],[0.011783708455702769,0.013013431046623164,0.012899457928510371,0.013625285274976627,0.012899457928510371,0.013013431046623164,0.011783708455702769],[0.011642277054898769,0.012899457928510371,0.013262088312566277,0.013625351448440676,0.013262088312566277,0.012899457928510371,0.011642277054898769],[0.012389486309434141,0.013625285274976627,0.013625351448440676,0.014297197626296354,0.013625351448440676,0.013625285274976627,0.012389486309434141],[0.011642277054898769,0.012899457928510371,0.013262088312566277,0.013625351448440676,0.013262088312566277,0.012899457928510371,0.011642277054898769],[0.011783708455702769,0.013013431046623164,0.012899457928510371,0.013625285274976627,0.012899457928510371,0.013013431046623164,0.011783708455702769],[0.01053566596419608,0.011783708455702769,0.011642277054898769,0.012389486309434141,0.011642277054898769,0.011783708455702769,0.01053566596419608]],[[0.011286116564748167,0.012539388953189566,0.012397666307726077,0.013148452371518075,0.012397666307726077,0.012539388953189566,0.011286116564748167],[0.012539388953189566,0.013772397358125653,0.013658324484099987,0.014386376772675482,0.013658324484099987,0.013772397358125653,0.012539388953189566],[0.012397666307726077,0.013658324484099987,0.014021968586476386,0.01438624637108213,0.014021968586476386,0.013658324484099987,0.012397666307726077],[0.013148452371518075,0.014386376772675482,0.01438624637108213,0.015059785657317765,0.01438624637108213,0.014386376772675482,0.013148452371518075],[0.012397666307726077,0.013658324484099987,0.014021968586476386,0.01438624637108213,0.014021968586476386,0.013658324484099987,0.012397666307726077],[0.012539388953189566,0.013772397358125653,0.013658324484099987,0.014386376772675482,0.013658324484099987,0.013772397358125653,0.012539388953189566],[0.011286116564748167,0.012539388953189566,0.012397666307726077,0.013148452371518075,0.012397666307726077,0.012539388953189566,0.011286116564748167]],[[0.012039390897076452,0.013296882194539231,0.013154932067040296,0.013908603214154141,0.013154932067040296,0.013296882194539231,0.012039390897076452],[0.013296882194539231,0.014532543190092933,0.01441839262262844,0.015148239911395038,0.01441839262262844,0.014532543190092933,0.013296882194539231],[0.013154932067040296,0.01441839262262844,0.014782854408440972,0.015147950628511188,0.014782854408440972,0.01441839262262844,0.013154932067040296],[0.013908603214154141,0.015148239911395038,0.015147950628511188,0.015822855317187277,0.015147950628511188,0.015148239911395038,0.013908603214154141],[0.013154932067040296,0.01441839262262844,0.014782854408440972,0.015147950628511188,0.014782854408440972,0.01441839262262844,0.013154932067040296],[0.013296882194539231,0.014532543190092933,0.01441839262262844,0.015148239911395038,0.01441839262262844,0.014532543190092933,0.013296882194539231],[0.012039390897076452,0.013296882194539231,0.013154932067040296,0.013908603214154141,0.013154932067040296,0.013296882194539231,0.012039390897076452]],[[0.012794943462950018,0.014055839305097019,0.013913710738686356,0.014669709387686563,0.013913710738686356,0.014055839305097019,0.012794943462950018],[0.014055839305097019,0.015293643273163057,0.015179431751486646,0.01591072807196078,0.015179431751486647,0.015293643273163059,0.014055839305097019],[0.013913710738686356,0.015179431751486646,0.015544553601281014,0.015910310494155418,0.015544553601281015,0.015179431751486647,0.013913710738686356],[0.014669709387686563,0.01591072807196078,0.015910310494155418,0.01658631735582566,0.015910310494155418,0.01591072807196078,0.014669709387686563],[0.013913710738686356,0.015179431751486647,0.015544553601281015,0.015910310494155418,0.015544553601281015,0.015179431751486647,0.013913710738686356],[0.014055839305097019,0.015293643273163059,0.015179431751486647,0.01591072807196078,0.015179431751486647,0.015293643273163059,0.014055839305097019],[0.012794943462950018,0.014055839305097019,0.013913710738686356,0.014669709387686563,0.013913710738686356,0.014055839305097019,0.012794943462950018]],[[0.013552334926303483,0.014815979540530053,0.014673710368731632,0.01543158733886891,0.014673710368731632,0.014815979540530051,0.013552334926303483],[0.014815979540530053,0.016055516395470915,0.015941256674134791,0.016673723687808076,0.015941256674134791,0.016055516395470915,0.014815979540530051],[0.014673710368731632,0.015941256674134791,0.01630691186425617,0.016673202591281747,0.01630691186425617,0.015941256674134791,0.014673710368731632],[0.01543158733886891,0.016673723687808076,0.016673202591281747,0.017350100164942976,0.016673202591281747,0.016673723687808076,0.01543158733886891],[0.014673710368731632,0.015941256674134791,0.01630691186425617,0.016673202591281747,0.01630691186425617,0.015941256674134791,0.014673710368731632],[0.014815979540530051,0.016055516395470915,0.015941256674134791,0.016673723687808076,0.015941256674134791,0.016055516395470915,0.014815979540530051],[0.013552334926303483,0.014815979540530051,0.014673710368731632,0.01543158733886891,0.014673710368731632,0.014815979540530051,0.013552334926303483]],[[0.014311211553183946,0.015577077005896124,0.015434696504889675,0.01619409010828704,0.015434696504889675,0.015577077005896124,0.014311211553183946],[0.015577077005896124,0.016818016783313076,0.016703718623384142,0.017437132431996259,0.016703718623384142,0.016818016783313076,0.015577077005896124],[0.015434696504889675,0.016703718623384142,0.01706980527160791,0.017436527858184697,0.01706980527160791,0.016703718623384142,0.015434696504889675],[0.01619409010828704,0.017437132431996259,0.017436527858184697,0.018114146248162648,0.017436527858184697,0.017437132431996259,0.01619409010828704],[0.015434696504889675,0.016703718623384142,0.01706980527160791,0.017436527858184697,0.01706980527160791,0.016703718623384142,0.015434696504889675],[0.015577077005896124,0.016818016783313076,0.016703718623384142,0.017437132431996259,0.016703718623384142,0.016818016783313076,0.015577077005896124],[0.014311211553183946,0.015577077005896124,0.015434696504889675,0.01619409010828704,0.015434696504889675,0.015577077005896124,0.014311211553183946]],[[0.015071288595141702,0.016338949949923048,0.016196480845523609,0.016957099945012793,0.016196480845523609,0.016338949949923048,0.015071288595141702],[0.016338949949923048,0.017581027161721517,0.017466698066891346,0.018200878577148007,0.017466698066891346,0.017581027161721517,0.016338949949923048],[0.016196480845523609,0.017466698066891346,0.017833134260051113,0.018200206718783363,0.017833134260051113,0.017466698066891346,0.016196480845523609],[0.016957099945012793,0.018200878577148007,0.018200206718783363,0.01887840940266872,0.018200206718783363,0.018200878577148007,0.016957099945012793],[0.016196480845523609,0.017466698066891346,0.017833134260051113,0.018200206718783363,0.017833134260051113,0.017466698066891346,0.016196480845523609],[0.016338949949923048,0.017581027161721517,0.017466698066891346,0.018200878577148007,0.017466698066891346,0.017581027161721517,0.016338949949923048],[0.015071288595141702,0.016338949949923048,0.016196480845523609,0.016957099945012793,0.016196480845523609,0.016338949949923048,0.015071288595141702]],[[0.015832336871935429,0.017101452138946496,0.016958912128296658,0.017720522432808115,0.016958912128296658,0.017101452138946496,0.015832336871935429],[0.017101452138946496,0.018344453169286658,0.018230098934339321,0.018964901288377922,0.018230098934339321,0.018344453169286658,0.017101452138946496],[0.016958912128296658,0.018230098934339321,0.01859681880864918,0.018964175216078186,0.01859681880864918,0.018230098934339321,0.016958912128296658],[0.017720522432808115,0.018964901288377922,0.018964175216078186,0.01964285246722167,0.018964175216078186,0.018964901288377922,0.017720522432808115],[0.016958912128296658,0.018230098934339321,0.01859681880864918,0.018964175216078186,0.01859681880864918,0.018230098934339321,0.016958912128296658],[0.017101452138946496,0.018344453169286658,0.018230098934339321,0.018964901288377922,0.018230098934339321,0.018344453169286658,0.017101452138946496],[0.015832336871935429,0.017101452138946496,0.016958912128296658,0.017720522432808115,0.016958912128296658,0.017101452138946496,0.015832336871935429]],[[0.016594171945692356,0.017864465909247784,0.017721868817356816,0.018484281811489985,0.017721868817356816,0.017864465909247784,0.016594171945692356],[0.017864465909247784,0.019108218864168081,0.018993843985096365,0.019729151659379232,0.018993843985096365,0.019108218864168081,0.017864465909247784],[0.017721868817356816,0.018993843985096365,0.019360794573832347,0.019728381915239426,0.019360794573832347,0.018993843985096365,0.017721868817356816],[0.018484281811489985,0.019729151659379232,0.019728381915239426,0.020407445521498993,0.019728381915239426,0.019729151659379232,0.018484281811489985],[0.017721868817356816,0.018993843985096365,0.019360794573832347,0.019728381915239426,0.019360794573832347,0.018993843985096365,0.017721868817356816],[0.017864465909247784,0.019108218864168081,0.018993843985096365,0.019729151659379232,0.018993843985096365,0.019108218864168081,0.017864465909247784],[0.016594171945692356,0.017864465909247784,0.017721868817356816,0.018484281811489985,0.017721868817356816,0.017864465909247784,0.016594171945692356]],[[0.017356645391483544,0.018627896573174551,0.01848525323435108,0.019248317245573316,0.01848525323435108,0.018627896573174551,0.017356645391483544],[0.018627896573174551,0.01987226310895716,0.019757871090790555,0.020493590341152553,0.019757871090790555,0.01987226310895716,0.018627896573174551],[0.01848525323435108,0.019757871090790555,0.020125009789716066,0.020492785422239364,0.020125009789716066,0.019757871090790555,0.01848525323435108],[0.019248317245573316,0.020493590341152553,0.020492785422239364,0.0211721644454365,0.020492785422239364,0.020493590341152553,0.019248317245573316],[0.01848525323435108,0.019757871090790555,0.020125009789716066,0.020492785422239364,0.020125009789716066,0.019757871090790555,0.01848525323435108],[0.018627896573174551,0.01987226310895716,0.019757871090790555,0.020493590341152553,0.019757871090790555,0.01987226310895716,0.018627896573174551],[0.017356645391483544,0.018627896573174551,0.01848525323435108,0.019248317245573316,0.01848525323435108,0.018627896573174551,0.017356645391483544]],[[0.018119637762074925,0.019391667916631182,0.019248986848272542,0.020012579845244051,0.019248986848272542,0.019391667916631182,0.018119637762074925],[0.019391667916631182,0.020636536663101123,0.020522130251878094,0.021258185643813345,0.020522130251878094,0.020636536663101123,0.019391667916631182],[0.019248986848272542,0.020522130251878094,0.020889422781750811,0.021257352395040115,0.020889422781750811,0.020522130251878094,0.019248986848272542],[0.020012579845244051,0.021258185643813345,0.021257352395040115,0.021936989765968189,0.021257352395040115,0.021258185643813345,0.020012579845244051],[0.019248986848272542,0.020522130251878094,0.020889422781750811,0.021257352395040115,0.020889422781750811,0.020522130251878094,0.019248986848272542],[0.019391667916631182,0.020636536663101123,0.020522130251878094,0.021258185643813345,0.020522130251878094,0.020636536663101123,0.019391667916631182],[0.018119637762074925,0.019391667916631182,0.019248986848272542,0.020012579845244051,0.019248986848272542,0.019391667916631182,0.018119637762074925]],[[0.018883052920624227,0.020155718575994273,0.020013006495269763,0.020777030285841325,0.020013006495269763,0.020155718575994273,0.018883052920624227],[0.020155718575994273,0.021400999844801552,0.021286581203091813,0.022022912016351138,0.021286581203091813,0.021400999844801552,0.020155718575994273],[0.020013006495269763,0.021286581203091813,0.021653999972015628,0.022022055949098413,0.021653999972015628,0.021286581203091813,0.020013006495269763],[0.020777030285841325,0.022022912016351138,0.022022055949098413,0.022701905733374463,0.022022055949098413,0.022022912016351138,0.020777030285841325],[0.020013006495269763,0.021286581203091813,0.021653999972015628,0.022022055949098413,0.021653999972015628,0.021286581203091813,0.020013006495269763],[0.020155718575994273,0.021400999844801552,0.021286581203091813,0.022022912016351138,0.021286581203091813,0.021400999844801552,0.020155718575994273],[0.018883052920624227,0.020155718575994273,0.020013006495269763,0.020777030285841325,0.020013006495269763,0.020155718575994273,0.018883052920624227]],[[0.019646813477097839,0.020919999123349315,0.020777261344703979,0.021541636904145237,0.020777261344703979,0.020919999123349315,0.019646813477097839],[0.020919999123349315,0.022165620651102055,0.022051191491370685,0.022787748828552685,0.022051191491370685,0.022165620651102055,0.020919999123349315],[0.020777261344703979,0.022051191491370685,0.022418714278682604,0.022786874378658444,0.022418714278682604,0.022051191491370685,0.020777261344703979],[0.021541636904145237,0.022787748828552685,0.022786874378658444,0.023466899581182331,0.022786874378658444,0.022787748828552685,0.021541636904145237],[0.020777261344703979,0.022051191491370685,0.022418714278682604,0.022786874378658444,0.022418714278682604,0.022051191491370685,0.020777261344703979],[0.020919999123349315,0.022165620651102055,0.022051191491370685,0.022787748828552685,0.022051191491370685,0.022165620651102055,0.020919999123349315],[0.019646813477097839,0.020919999123349315,0.020777261344703979,0.021541636904145237,0.020777261344703979,0.020919999123349315,0.019646813477097839]],[[0.020410857114678854,0.021684469722039659,0.021541710464005985,0.022306374174967468,0.021541710464005985,0.021684469722039659,0.020410857114678854],[0.021684469722039659,0.022930373246541055,0.022815934932902578,0.0235526793946447,0.022815934932902578,0.022930373246541055,0.021684469722039659],[0.021541710464005985,0.022815934932902578,0.023183543831559055,0.023551790131029079,0.023183543831559055,0.022815934932902578,0.021541710464005985],[0.022306374174967468,0.0235526793946447,0.023551790131029079,0.02423196093288231,0.023551790131029079,0.0235526793946447,0.022306374174967468],[0.021541710464005985,0.022815934932902578,0.023183543831559055,0.023551790131029079,0.023183543831559055,0.022815934932902578,0.021541710464005985],[0.021684469722039659,0.022930373246541055,0.022815934932902578,0.0235526793946447,0.022815934932902578,0.022930373246541055,0.021684469722039659],[0.020410857114678854,0.021684469722039659,0.021541710464005985,0.022306374174967468,0.021541710464005985,0.021684469722039659,0.020410857114678854]],[[0.021175133633430026,0.022449098241246166,0.022306320864028482,0.023071221491377806,0.022306320864028482,0.022449098241246166,0.021175133633430026],[0.022449098241246166,0.023695236748205943,0.02358079037438511,0.02431769019040585,0.02358079037438511,0.023695236748205943,0.022449098241246166],[0.022306320864028482,0.02358079037438511,0.02394847094112864,0.024316788983593813,0.02394847094112864,0.02358079037438511,0.022306320864028482],[0.023071221491377806,0.02431769019040585,0.024316788983593813,0.024997081326139068,0.024316788983593813,0.02431769019040585,0.023071221491377806],[0.022306320864028482,0.02358079037438511,0.02394847094112864,0.024316788983593813,0.02394847094112864,0.02358079037438511,0.022306320864028482],[0.022449098241246166,0.023695236748205943,0.02358079037438511,0.02431769019040585,0.02358079037438511,0.023695236748205943,0.022449098241246166],[0.021175133633430026,0.022449098241246166,0.022306320864028482,0.023071221491377806,0.022306320864028482,0.022449098241246166,0.021175133633430026]],[[0.021939602571741917,0.023213858739912871,0.023071065929953262,0.023836162187542132,0.023071065929953262,0.023213858739912871,0.021939602571741917],[0.023213858739912871,0.024460194249094749,0.0243457406984043,0.025082770225180802,0.0243457406984043,0.024460194249094749,0.023213858739912871],[0.023071065929953262,0.0243457406984043,0.024713481270913825,0.025081859383308674,0.024713481270913825,0.0243457406984043,0.023071065929953262],[0.023836162187542132,0.025082770225180802,0.025081859383308674,0.025762253831052802,0.025081859383308674,0.025082770225180802,0.023836162187542132],[0.023071065929953262,0.0243457406984043,0.024713481270913825,0.025081859383308674,0.024713481270913825,0.0243457406984043,0.023071065929953262],[0.023213858739912871,0.024460194249094749,0.0243457406984043,0.025082770225180802,0.0243457406984043,0.024460194249094749,0.023213858739912871],[0.021939602571741917,0.023213858739912871,0.023071065929953262,0.023836162187542132,0.023071065929953262,0.023213858739912871,0.021939602571741917]],[[0.02270423129302818,0.02397873024779466,0.023835924161588546,0.024601182755563132,0.023835924161588546,0.02397873024779466,0.02270423129302818],[0.02397873024779466,0.025225232033057446,0.025110772024726138,0.025847910537975687,0.025110772024726138,0.025225232033057446,0.02397873024779466],[0.023835924161588546,0.025110772024726138,0.025478563172946077,0.02584699191647245,0.025478563172946077,0.025110772024726138,0.023835924161588546],[0.024601182755563132,0.025847910537975687,0.02584699191647245,0.026527472743744458,0.02584699191647245,0.025847910537975687,0.024601182755563132],[0.023835924161588546,0.025110772024726138,0.025478563172946077,0.02584699191647245,0.025478563172946077,0.025110772024726138,0.023835924161588546],[0.02397873024779466,0.025225232033057446,0.025110772024726138,0.025847910537975687,0.025110772024726138,0.025225232033057446,0.02397873024779466],[0.02270423129302818,0.02397873024779466,0.023835924161588546,0.024601182755563132,0.023835924161588546,0.02397873024779466,0.02270423129302818]],[[0.023468993446904198,0.024743695785450662,0.02460087816194996,0.025366272217528019,0.02460087816194996,0.024743695785450662,0.023468993446904198],[0.024743695785450662,0.025990338943712912,0.025875873068813924,0.026613103792966268,0.025875873068813924,0.025990338943712912,0.024743695785450662],[0.02460087816194996,0.025875873068813924,0.026243707154087088,0.026612178882949204,0.026243707154087088,0.025875873068813924,0.02460087816194996],[0.025366272217528019,0.026613103792966268,0.026612178882949204,0.027292733340274791,0.026612178882949204,0.026613103792966268,0.025366272217528019],[0.02460087816194996,0.025875873068813924,0.026243707154087088,0.026612178882949204,0.026243707154087088,0.025875873068813924,0.02460087816194996],[0.024743695785450662,0.025990338943712912,0.025875873068813924,0.026613103792966268,0.025875873068813924,0.025990338943712912,0.024743695785450662],[0.023468993446904198,0.024743695785450662,0.02460087816194996,0.025366272217528019,0.02460087816194996,0.024743695785450662,0.023468993446904198]],[[0.02423386773171388,0.025508741576367344,0.02536591382507767,0.026131421621800151,0.02536591382507767,0.025508741576367344,0.02423386773171388],[0.025508741576367344,0.026755505877102754,0.026641034626524753,0.027378343954675567,0.026641034626524753,0.026755505877102754,0.025508741576367344],[0.02536591382507767,0.026641034626524753,0.027008905447329788,0.027377413954152278,0.027008905447329788,0.026641034626524753,0.02536591382507767],[0.026131421621800151,0.027378343954675567,0.027377413954152278,0.028058031678900527,0.027377413954152278,0.027378343954675567,0.026131421621800151],[0.02536591382507767,0.026641034626524753