{"M_cells":[[[0,0,0,0,0,0,0],[0,0,0,0,0,0,0],[0,0,0,0,0,0,0],[0,0,0,0,0,0,0],[0,0,0,0,0,0,0],[0,0,0,0,0,0,0],[0,0,0,0,0,0,0]],[[5.4155738847936521E-7,3.0856459536429623E-6,2.7464553873881138E-6,4.0143199992572118E-6,2.7464553873881138E-6,3.0856459536429623E-6,5.4155738847936521E-7],[3.0856459536429623E-6,1.2843413070624996E-5,1.1749055538420429E-5,1.6571467902218474E-5,1.1749055538420429E-5,1.2843413070624996E-5,3.0856459536429623E-6],[2.7464553873881138E-6,1.1749055538420429E-5,1.4405334003700642E-5,1.7075250251458697E-5,1.440533400370064E-5,1.1749055538420429E-5,2.7464553873881138E-6],[4.0143199992572118E-6,1.6571467902218474E-5,1.7075250251458697E-5,2.249759732145118E-5,1.7075250251458694E-5,1.6571467902218474E-5,4.0143199992572118E-6],[2.7464553873881138E-6,1.1749055538420429E-5,1.440533400370064E-5,1.7075250251458694E-5,1.440533400370064E-5,1.1749055538420429E-5,2.7464553873881138E-6],[3.0856459536429623E-6,1.2843413070624996E-5,1.1749055538420429E-5,1.6571467902218474E-5,1.1749055538420429E-5,1.2843413070624996E-5,3.0856459536429623E-6],[5.4155738847936521E-7,3.0856459536429623E-6,2.7464553873881138E-6,4.0143199992572118E-6,2.7464553873881138E-6,3.0856459536429623E-6,5.4155738847936521E-7]],[[3.6246897472696648E-6,1.1634197365275254E-5,1.0579070156366763E-5,1.4702363677971812E-5,1.0579070156366763E-5,1.1634197365275254E-5,3.6246897472696648E-6],[1.1634197365275254E-5,2.9472037591127353E-5,2.7497679875092118E-5,3.6686758733047094E-5,2.7497679875092118E-5,2.9472037591127353E-5,1.1634197365275254E-5],[1.0579070156366763E-5,2.7497679875092118E-5,3.2455888032993752E-5,3.743045681186111E-5,3.2455888032993752E-5,2.7497679875092118E-5,1.0579070156366763E-5],[1.4702363677971812E-5,3.6686758733047094E-5,3.743045681186111E-5,4.7333417187807753E-5,3.743045681186111E-5,3.6686758733047094E-5,1.4702363677971812E-5],[1.0579070156366763E-5,2.7497679875092118E-5,3.2455888032993752E-5,3.743045681186111E-5,3.2455888032993752E-5,2.7497679875092118E-5,1.0579070156366763E-5],[1.1634197365275254E-5,2.9472037591127353E-5,2.7497679875092118E-5,3.6686758733047094E-5,2.7497679875092118E-5,2.9472037591127353E-5,1.1634197365275254E-5],[3.6246897472696648E-6,1.1634197365275254E-5,1.0579070156366763E-5,1.4702363677971812E-5,1.0579070156366763E-5,1.1634197365275254E-5,3.6246897472696648E-6]],[[1.0326807381886029E-5,2.4704320025958908E-5,2.2828480277583971E-5,3.0437340018069591E-5,2.2828480277583971E-5,2.4704320025958908E-5,1.0326807381886029E-5],[2.4704320025958908E-5,4.924089930692605E-5,4.6564226002168372E-5,5.9602667462553255E-5,4.6564226002168372E-5,4.924089930692605E-5,2.4704320025958908E-5],[2.2828480277583971E-5,4.6564226002168372E-5,5.3484462297978827E-5,6.0423315648042664E-5,5.3484462297978827E-5,4.6564226002168372E-5,2.2828480277583971E-5],[3.0437340018069591E-5,5.9602667462553255E-5,6.0423315648042664E-5,7.4027296409205639E-5,6.0423315648042664E-5,5.9602667462553255E-5,3.0437340018069591E-5],[2.2828480277583971E-5,4.6564226002168372E-5,5.3484462297978827E-5,6.0423315648042664E-5,5.3484462297978827E-5,4.6564226002168372E-5,2.2828480277583971E-5],[2.4704320025958908E-5,4.924089930692605E-5,4.6564226002168372E-5,5.9602667462553255E-5,4.6564226002168372E-5,4.924089930692605E-5,2.4704320025958908E-5],[1.0326807381886029E-5,2.4704320025958908E-5,2.2828480277583971E-5,3.0437340018069591E-5,2.2828480277583971E-5,2.4704320025958908E-5,1.0326807381886029E-5]],[[2.0858907351214311E-5,4.1528086037756603E-5,3.8859749957244243E-5,5.0053464951423388E-5,3.8859749957244237E-5,4.15280860377566E-5,2.0858907351214311E-5],[4.1528086037756603E-5,7.1634777135325437E-5,6.8402771766371486E-5,8.4779988826124764E-5,6.8402771766371486E-5,7.1634777135325437E-5,4.15280860377566E-5],[3.8859749957244243E-5,6.8402771766371486E-5,7.6985085047678192E-5,8.5587892060003535E-5,7.6985085047678192E-5,6.8402771766371486E-5,3.8859749957244243E-5],[5.0053464951423388E-5,8.4779988826124764E-5,8.5587892060003535E-5,0.00010225501249089307,8.5587892060003535E-5,8.4779988826124764E-5,5.0053464951423388E-5],[3.8859749957244237E-5,6.8402771766371486E-5,7.6985085047678192E-5,8.5587892060003535E-5,7.6985085047678192E-5,6.8402771766371486E-5,3.8859749957244243E-5],[4.15280860377566E-5,7.1634777135325437E-5,6.8402771766371486E-5,8.4779988826124764E-5,6.8402771766371486E-5,7.1634777135325437E-5,4.15280860377566E-5],[2.0858907351214311E-5,4.15280860377566E-5,3.8859749957244243E-5,5.0053464951423388E-5,3.8859749957244243E-5,4.15280860377566E-5,2.0858907351214311E-5]],[[3.5026068839725891E-5,6.1477315159450059E-5,5.8101704053152595E-5,7.2702406836307139E-5,5.8101704053152589E-5,6.1477315159450059E-5,3.5026068839725891E-5],[6.1477315159450059E-5,9.6229845715527113E-5,9.25604019834194E-5,0.0001118042527896832,9.25604019834194E-5,9.6229845715527113E-5,6.1477315159450059E-5],[5.8101704053152595E-5,9.25604019834194E-5,0.00010254597955941037,0.00011255361859885015,0.00010254597955941037,9.25604019834194E-5,5.8101704053152589E-5],[7.2702406836307139E-5,0.0001118042527896832,0.00011255361859885015,0.00013176272938791365,0.00011255361859885015,0.0001118042527896832,7.2702406836307139E-5],[5.8101704053152589E-5,9.25604019834194E-5,0.00010254597955941037,0.00011255361859885015,0.00010254597955941038,9.2560401983419419E-5,5.8101704053152589E-5],[6.1477315159450059E-5,9.6229845715527113E-5,9.25604019834194E-5,0.0001118042527896832,9.2560401983419419E-5,9.6229845715527126E-5,6.1477315159450059E-5],[3.5026068839725891E-5,6.1477315159450059E-5,5.8101704053152589E-5,7.2702406836307139E-5,5.8101704053152589E-5,6.1477315159450059E-5,3.5026068839725891E-5]],[[5.2466882021611004E-5,8.4037213014070448E-5,8.0056648885849425E-5,9.775753546185146E-5,8.0056648885849425E-5,8.4037213014070448E-5,5.2466882021611004E-5],[8.4037213014070448E-5,0.00012267753690784882,0.00011866331646336274,0.0001403536141004869,0.00011866331646336274,0.00012267753690784882,8.4037213014070448E-5],[8.0056648885849425E-5,0.00011866331646336274,0.00012983219318032243,0.00014102444779539965,0.00012983219318032243,0.00011866331646336274,8.0056648885849425E-5],[9.775753546185146E-5,0.0001403536141004869,0.00014102444779539965,0.00016235013772197837,0.00014102444779539965,0.0001403536141004869,9.775753546185146E-5],[8.0056648885849425E-5,0.00011866331646336274,0.00012983219318032243,0.00014102444779539965,0.00012983219318032243,0.00011866331646336274,8.0056648885849425E-5],[8.4037213014070448E-5,0.00012267753690784882,0.00011866331646336274,0.0001403536141004869,0.00011866331646336274,0.00012267753690784882,8.4037213014070448E-5],[5.2466882021611004E-5,8.4037213014070448E-5,8.0056648885849425E-5,9.775753546185146E-5,8.0056648885849425E-5,8.4037213014070448E-5,5.2466882021611004E-5]],[[7.27743524994911E-5,0.00010878541081085338,0.00010429969627645231,0.00012474934770354443,0.00010429969627645231,0.00010878541081085338,7.27743524994911E-5],[0.00010878541081085338,0.00015069121701050006,0.0001464040688329212,0.00017017587448723144,0.0001464040688329212,0.00015069121701050006,0.00010878541081085338],[0.00010429969627645231,0.0001464040688329212,0.00015857123657997724,0.00017076289418099122,0.00015857123657997724,0.0001464040688329212,0.00010429969627645231],[0.00012474934770354443,0.00017017587448723144,0.00017076289418099122,0.00019385803425784763,0.00017076289418099122,0.00017017587448723144,0.00012474934770354443],[0.00010429969627645231,0.0001464040688329212,0.00015857123657997724,0.00017076289418099122,0.00015857123657997724,0.0001464040688329212,0.00010429969627645231],[0.00010878541081085338,0.00015069121701050006,0.0001464040688329212,0.00017017587448723144,0.0001464040688329212,0.00015069121701050006,0.00010878541081085338],[7.27743524994911E-5,0.00010878541081085338,0.00010429969627645231,0.00012474934770354443,0.00010429969627645231,0.00010878541081085338,7.27743524994911E-5]],[[9.5553854984548286E-5,0.00013537510651716409,0.00013047300664505759,0.00015332137363371245,0.00013047300664505759,0.00013537510651716409,9.5553854984548286E-5],[0.00013537510651716409,0.00018003519279933462,0.00017553033404768274,0.0002010718185923399,0.00017553033404768274,0.00018003519279933462,0.00013537510651716409],[0.00013047300664505759,0.00017553033404768274,0.00018854131702101683,0.00020157773530309205,0.00018854131702101683,0.00017553033404768274,0.00013047300664505759],[0.00015332137363371245,0.0002010718185923399,0.00020157773530309205,0.00022615907438193833,0.00020157773530309205,0.0002010718185923399,0.00015332137363371245],[0.00013047300664505759,0.00017553033404768274,0.00018854131702101683,0.00020157773530309205,0.00018854131702101683,0.00017553033404768274,0.00013047300664505759],[0.00013537510651716409,0.00018003519279933462,0.00017553033404768274,0.0002010718185923399,0.00017553033404768274,0.00018003519279933462,0.00013537510651716409],[9.5553854984548286E-5,0.00013537510651716409,0.00013047300664505759,0.00015332137363371245,0.00013047300664505759,0.00013537510651716409,9.5553854984548286E-5]],[[0.00012044815221490267,0.00016352139660924753,0.00015827796069775753,0.00018319966474765516,0.00015827796069775753,0.00016352139660924753,0.00012044815221490267],[0.00016352139660924753,0.0002105156464114019,0.00020583528087422128,0.00023288296923760382,0.00020583528087422128,0.0002105156464114019,0.00016352139660924753],[0.00015827796069775753,0.00020583528087422128,0.00021956175379243657,0.00023331447176555016,0.00021956175379243657,0.00020583528087422128,0.00015827796069775753],[0.00018319966474765516,0.00023288296923760382,0.00023331447176555016,0.0002591508148299767,0.00023331447176555016,0.00023288296923760382,0.00018319966474765516],[0.00015827796069775753,0.00020583528087422128,0.00021956175379243657,0.00023331447176555016,0.00021956175379243657,0.00020583528087422128,0.00015827796069775753],[0.00016352139660924753,0.0002105156464114019,0.00020583528087422128,0.00023288296923760382,0.00020583528087422128,0.0002105156464114019,0.00016352139660924755],[0.00012044815221490267,0.00016352139660924753,0.00015827796069775753,0.00018319966474765516,0.00015827796069775753,0.00016352139660924755,0.00012044815221490267]],[[0.00014714560688039476,0.0001929901362661161,0.00018746690092505294,0.00021417138453538772,0.00018746690092505294,0.0001929901362661161,0.00014714560688039476],[0.0001929901362661161,0.00024197316779340109,0.00023714946245246128,0.00026548247585940672,0.00023714946245246128,0.00024197316779340109,0.0001929901362661161],[0.00018746690092505294,0.00023714946245246128,0.0002514852006793203,0.0002658478829685289,0.0002514852006793203,0.00023714946245246131,0.00018746690092505294],[0.00021417138453538772,0.00026548247585940672,0.0002658478829685289,0.00029275042650802436,0.0002658478829685289,0.00026548247585940677,0.00021417138453538772],[0.00018746690092505294,0.00023714946245246128,0.0002514852006793203,0.0002658478829685289,0.0002514852006793203,0.00023714946245246131,0.00018746690092505294],[0.0001929901362661161,0.00024197316779340109,0.00023714946245246131,0.00026548247585940677,0.00023714946245246131,0.00024197316779340112,0.00019299013626611613],[0.00014714560688039476,0.0001929901362661161,0.00018746690092505294,0.00021417138453538772,0.00018746690092505294,0.00019299013626611613,0.00014714560688039476]],[[0.00017538018207923913,0.00022358883033114622,0.0002178352838891075,0.00024606956959112835,0.0002178352838891075,0.00022358883033114622,0.00017538018207923913],[0.00022358883033114622,0.00027427660921970816,0.00026933406515188105,0.00029876825322266379,0.000269334065151881,0.00027427660921970816,0.00022358883033114622],[0.0002178352838891075,0.00026933406515188105,0.00028419134922256644,0.00029907618588397884,0.00028419134922256638,0.000269334065151881,0.0002178352838891075],[0.00024606956959112835,0.00029876825322266379,0.00029907618588397884,0.00032689063793713723,0.00029907618588397884,0.00029876825322266379,0.00024606956959112835],[0.0002178352838891075,0.000269334065151881,0.00028419134922256638,0.00029907618588397884,0.00028419134922256638,0.00026933406515188105,0.0002178352838891075],[0.00022358883033114622,0.00027427660921970816,0.000269334065151881,0.00029876825322266379,0.00026933406515188105,0.00027427660921970816,0.00022358883033114622],[0.00017538018207923913,0.00022358883033114622,0.0002178352838891075,0.00024606956959112835,0.0002178352838891075,0.00022358883033114622,0.00017538018207923913]],[[0.00020492775258735402,0.00025515917038321353,0.00024921462569601512,0.00027876212579678656,0.00024921462569601512,0.00025515917038321353,0.00020492775258735402],[0.00025515917038321353,0.000307318032479038,0.00030227533285885535,0.00033265775722643329,0.00030227533285885535,0.000307318032479038,0.00025515917038321353],[0.00024921462569601512,0.00030227533285885535,0.00031758183696640953,0.000332916428165963,0.00031758183696640953,0.0003022753328588554,0.00024921462569601517],[0.00027876212579678656,0.00033265775722643329,0.000332916428165963,0.00036151659495475,0.000332916428165963,0.00033265775722643329,0.00027876212579678656],[0.00024921462569601512,0.00030227533285885535,0.00031758183696640953,0.000332916428165963,0.00031758183696640953,0.0003022753328588554,0.00024921462569601517],[0.00025515917038321353,0.000307318032479038,0.0003022753328588554,0.00033265775722643329,0.0003022753328588554,0.000307318032479038,0.00025515917038321353],[0.00020492775258735402,0.00025515917038321353,0.00024921462569601517,0.00027876212579678656,0.00024921462569601517,0.00025515917038321353,0.00020492775258735402]],[[0.0002356010562540999,0.00028757091409631791,0.00028146636810100949,0.00031214376948889645,0.00028146636810100949,0.00028757091409631791,0.0002356010562540999],[0.00028757091409631791,0.00034100855779648414,0.00033587998687862139,0.00036708396671344094,0.00033587998687862139,0.00034100855779648414,0.00028757091409631791],[0.00028146636810100949,0.00033587998687862139,0.00035157613177735317,0.00036730083761644548,0.00035157613177735317,0.00033587998687862139,0.00028146636810100949],[0.00031214376948889645,0.00036708396671344094,0.00036730083761644548,0.00039658340956325613,0.00036730083761644548,0.00036708396671344094,0.00031214376948889645],[0.00028146636810100949,0.00033587998687862139,0.00035157613177735317,0.00036730083761644548,0.00035157613177735317,0.00033587998687862139,0.00028146636810100949],[0.00028757091409631791,0.00034100855779648414,0.00033587998687862139,0.00036708396671344094,0.00033587998687862139,0.00034100855779648414,0.00028757091409631791],[0.0002356010562540999,0.00028757091409631791,0.00028146636810100949,0.00031214376948889645,0.00028146636810100949,0.00028757091409631791,0.0002356010562540999]],[[0.00026724444230989686,0.00032071686311100397,0.00031447665762287581,0.00034613004454157761,0.00031447665762287581,0.00032071686311100397,0.00026724444230989686],[0.00032071686311100397,0.00037527495580578466,0.00037007147717197742,0.00040199226441984252,0.00037007147717197742,0.00037527495580578466,0.00032071686311100397],[0.00031447665762287581,0.00037007147717197742,0.00038610820453935477,0.00040217391692789524,0.00038610820453935477,0.00037007147717197742,0.00031447665762287581],[0.00034613004454157761,0.00040199226441984252,0.00040217391692789524,0.00043205423218119427,0.00040217391692789524,0.00040199226441984252,0.00034613004454157761],[0.00031447665762287581,0.00037007147717197742,0.00038610820453935477,0.00040217391692789524,0.00038610820453935477,0.00037007147717197742,0.00031447665762287581],[0.00032071686311100397,0.00037527495580578466,0.00037007147717197742,0.00040199226441984252,0.00037007147717197742,0.00037527495580578466,0.00032071686311100397],[0.00026724444230989686,0.00032071686311100397,0.00031447665762287581,0.00034613004454157761,0.00031447665762287581,0.00032071686311100397,0.00026724444230989686]],[[0.00029972895330717883,0.000354508741710828,0.00034815196433399882,0.00038065282316119181,0.00034815196433399882,0.000354508741710828,0.00029972895330717883],[0.000354508741710828,0.00041005685094631884,0.0004047869210374635,0.00043733799588029342,0.0004047869210374635,0.00041005685094631884,0.000354508741710828],[0.00034815196433399882,0.0004047869210374635,0.00042112383758243074,0.00043749012233297986,0.00042112383758243074,0.0004047869210374635,0.00034815196433399882],[0.00038065282316119181,0.00043733799588029342,0.00043749012233297986,0.00046789872509485722,0.00043749012233297986,0.00043733799588029342,0.00038065282316119181],[0.00034815196433399882,0.0004047869210374635,0.00042112383758243074,0.00043749012233297986,0.00042112383758243074,0.0004047869210374635,0.00034815196433399882],[0.000354508741710828,0.00041005685094631884,0.0004047869210374635,0.00043733799588029342,0.0004047869210374635,0.00041005685094631884,0.000354508741710828],[0.00029972895330717883,0.000354508741710828,0.00034815196433399882,0.00038065282316119181,0.00034815196433399882,0.000354508741710828,0.00029972895330717883]],[[0.00033294795535203646,0.00038887381486149943,0.00038241544042346191,0.00041565688187442833,0.00038241544042346191,0.00038887381486149943,0.00033294795535203646],[0.00038887381486149943,0.00044530442733896775,0.00043997460649127597,0.00047308454488196547,0.00043997460649127597,0.00044530442733896775,0.00038887381486149943],[0.00038241544042346191,0.00043997460649127597,0.00045657844537985693,0.00047321200200148208,0.00045657844537985693,0.00043997460649127597,0.00038241544042346191],[0.00041565688187442833,0.00047308454488196547,0.00047321200200148208,0.00050409184609730455,0.00047321200200148208,0.00047308454488196547,0.00041565688187442833],[0.00038241544042346191,0.00043997460649127597,0.00045657844537985693,0.00047321200200148208,0.00045657844537985693,0.00043997460649127597,0.00038241544042346191],[0.00038887381486149943,0.00044530442733896775,0.00043997460649127597,0.00047308454488196547,0.00043997460649127597,0.00044530442733896775,0.00038887381486149943],[0.00033294795535203646,0.00038887381486149943,0.00038241544042346191,0.00041565688187442833,0.00038241544042346191,0.00038887381486149943,0.00033294795535203646]],[[0.00036681336903559983,0.00042375211325219962,0.00041720391331434776,0.00045109726725548534,0.00041720391331434776,0.00042375211325219962,0.00036681336903559983],[0.00042375211325219962,0.00048097654715776082,0.0004755919574330838,0.00050920180626681723,0.0004755919574330838,0.00048097654715776082,0.00042375211325219962],[0.00041720391331434776,0.0004755919574330838,0.00049243530799561756,0.000509308698077561,0.00049243530799561756,0.0004755919574330838,0.00041720391331434776],[0.00045109726725548534,0.00050920180626681723,0.000509308698077561,0.00054061287386020283,0.000509308698077561,0.00050920180626681723,0.00045109726725548534],[0.00041720391331434776,0.0004755919574330838,0.00049243530799561756,0.000509308698077561,0.00049243530799561756,0.0004755919574330838,0.00041720391331434776],[0.00042375211325219962,0.00048097654715776082,0.0004755919574330838,0.00050920180626681723,0.0004755919574330838,0.00048097654715776082,0.00042375211325219962],[0.00036681336903559983,0.00042375211325219962,0.00041720391331434776,0.00045109726725548534,0.00041720391331434776,0.00042375211325219962,0.00036681336903559983]],[[0.00040125247614436986,0.0004590941565972219,0.00045246541362131275,0.00048693724926871749,0.00045246541362131275,0.0004590941565972219,0.00040125247614436986],[0.0004590941565972219,0.00051703920732343116,0.00051160387532156633,0.00054566496704058656,0.00051160387532156633,0.00051703920732343116,0.0004590941565972219],[0.00045246541362131275,0.00051160387532156633,0.00052866413723061888,0.00054575473754513279,0.00052866413723061888,0.00051160387532156622,0.00045246541362131275],[0.00048693724926871749,0.00054566496704058656,0.00054575473754513279,0.00057744462306155025,0.00054575473754513279,0.00054566496704058656,0.00048693724926871749],[0.00045246541362131275,0.00051160387532156633,0.00052866413723061888,0.00054575473754513279,0.00052866413723061888,0.00051160387532156622,0.00045246541362131275],[0.0004590941565972219,0.00051703920732343116,0.00051160387532156622,0.00054566496704058656,0.00051160387532156622,0.00051703920732343116,0.0004590941565972219],[0.00040125247614436986,0.0004590941565972219,0.00045246541362131275,0.00048693724926871749,0.00045246541362131275,0.0004590941565972219,0.00040125247614436986]],[[0.00043620524434702151,0.00049485908578868155,0.00048815714860494163,0.00052314671717792148,0.00048815714860494163,0.00049485908578868155,0.00043620524434702151],[0.00049485908578868155,0.00055346427348407147,0.00054798138725990677,0.00058245352855771173,0.00054798138725990677,0.00055346427348407147,0.00049485908578868155],[0.00048815714860494163,0.00054798138725990677,0.00056523991114059455,0.00058252905337873137,0.00056523991114059455,0.00054798138725990677,0.00048815714860494163],[0.00052314671717792148,0.00058245352855771173,0.00058252905337873137,0.0006145728094469722,0.00058252905337873137,0.00058245352855771173,0.00052314671717792148],[0.00048815714860494163,0.00054798138725990677,0.00056523991114059455,0.00058252905337873137,0.00056523991114059455,0.00054798138725990677,0.00048815714860494163],[0.00049485908578868155,0.00055346427348407147,0.00054798138725990677,0.00058245352855771173,0.00054798138725990677,0.00055346427348407147,0.00049485908578868155],[0.00043620524434702151,0.00049485908578868155,0.00048815714860494163,0.00052314671717792148,0.00048815714860494163,0.00049485908578868155,0.00043620524434702151]],[[0.00047162210185152027,0.00053101313038561755,0.00052424384371892922,0.00055970091253920967,0.00052424384371892922,0.00053101313038561755,0.00047162210185152027],[0.00053101313038561755,0.0005902284411346795,0.00058470054317844369,0.00061955051850970822,0.00058470054317844369,0.0005902284411346795,0.00053101313038561755],[0.00052424384371892922,0.00058470054317844369,0.00060214192524608054,0.000619614189942819,0.00060214192524608054,0.00058470054317844369,0.00052424384371892922],[0.00055970091253920967,0.00061955051850970822,0.000619614189942819,0.00065198553405394863,0.000619614189942819,0.00061955051850970822,0.00055970091253920967],[0.00052424384371892922,0.00058470054317844369,0.00060214192524608054,0.000619614189942819,0.00060214192524608054,0.00058470054317844369,0.00052424384371892922],[0.00053101313038561755,0.0005902284411346795,0.00058470054317844369,0.00061955051850970822,0.00058470054317844369,0.0005902284411346795,0.00053101313038561755],[0.00047162210185152027,0.00053101313038561755,0.00052424384371892922,0.00055970091253920967,0.00052424384371892922,0.00053101313038561755,0.00047162210185152027]],[[0.00050746209488318765,0.00056752835101948483,0.000560696386621234,0.00059657942156886962,0.000560696386621234,0.00056752835101948483,0.00050746209488318765],[0.00056752835101948483,0.000627312382721979,0.00062174151542371,0.00065694185325290548,0.00062174151542371,0.000627312382721979,0.00056752835101948483],[0.000560696386621234,0.00062174151542371,0.00063935301890026487,0.00065699565626948554,0.00063935301890026487,0.00062174151542371,0.000560696386621234],[0.00059657942156886962,0.00065694185325290548,0.00065699565626948554,0.00068967286263163583,0.00065699565626948554,0.00065694185325290548,0.00059657942156886962],[0.000560696386621234,0.00062174151542371,0.00063935301890026487,0.00065699565626948554,0.00063935301890026487,0.00062174151542371,0.000560696386621234],[0.00056752835101948483,0.000627312382721979,0.00062174151542371,0.00065694185325290548,0.00062174151542371,0.000627312382721979,0.00056752835101948483],[0.00050746209488318765,0.00056752835101948483,0.000560696386621234,0.00059657942156886962,0.000560696386621234,0.00056752835101948483,0.00050746209488318765]],[[0.00054369136662524,0.00060438160708886982,0.00059749071879705237,0.0006337653689250009,0.00059749071879705237,0.00060438160708886982,0.00054369136662524],[0.00060438160708886982,0.00066470004699245393,0.000659087862800712,0.0006946158198416788,0.000659087862800712,0.00066470004699245393,0.00060438160708886982],[0.00059749071879705237,0.000659087862800712,0.00067685894340575089,0.00069466139835580338,0.00067685894340575089,0.000659087862800712,0.00059749071879705237],[0.0006337653689250009,0.0006946158198416788,0.00069466139835580338,0.00072762648144655546,0.00069466139835580338,0.0006946158198416788,0.0006337653689250009],[0.00059749071879705237,0.000659087862800712,0.00067685894340575089,0.00069466139835580338,0.00067685894340575089,0.000659087862800712,0.00059749071879705237],[0.00060438160708886982,0.00066470004699245393,0.000659087862800712,0.0006946158198416788,0.000659087862800712,0.00066470004699245393,0.00060438160708886982],[0.00054369136662524,0.00060438160708886982,0.00059749071879705237,0.0006337653689250009,0.00059749071879705237,0.00060438160708886982,0.00054369136662524]],[[0.00058028190382602507,0.00064155370900818181,0.000634606929391035,0.00067124476916258767,0.000634606929391035,0.00064155370900818181,0.00058028190382602507],[0.00064155370900818181,0.00070237808293419372,0.00069672592825385489,0.000732562653801435,0.00069672592825385489,0.00070237808293419372,0.00064155370900818181],[0.000634606929391035,0.00069672592825385489,0.00071464784497298828,0.00073260136748577948,0.00071464784497298828,0.00069672592825385489,0.000634606929391035],[0.00067124476916258767,0.000732562653801435,0.00073260136748577948,0.00076583941460547911,0.00073260136748577948,0.000732562653801435,0.00067124476916258767],[0.000634606929391035,0.00069672592825385489,0.00071464784497298828,0.00073260136748577948,0.00071464784497298828,0.00069672592825385489,0.000634606929391035],[0.00064155370900818181,0.00070237808293419372,0.00069672592825385489,0.000732562653801435,0.00069672592825385489,0.00070237808293419372,0.00064155370900818181],[0.00058028190382602507,0.00064155370900818181,0.000634606929391035,0.00067124476916258767,0.000634606929391035,0.00064155370900818181,0.00058028190382602507]],[[0.00061721050503796759,0.0006790287215911174,0.00067202851391284129,0.0007090060024901321,0.00067202851391284129,0.0006790287215911174,0.00061721050503796759],[0.0006790287215911174,0.00074033536565921011,0.00073464434517534459,0.00077077419375483911,0.00073464434517534459,0.00074033536565921011,0.0006790287215911174],[0.00067202851391284129,0.00073464434517534459,0.00075270984081318108,0.00077080716617755217,0.00075270984081318108,0.00073464434517534459,0.00067202851391284129],[0.0007090060024901321,0.00077077419375483911,0.00077080716617755217,0.00080430579105877659,0.00077080716617755217,0.00077077419375483911,0.0007090060024901321],[0.00067202851391284129,0.00073464434517534459,0.00075270984081318108,0.00077080716617755217,0.00075270984081318108,0.00073464434517534459,0.00067202851391284129],[0.0006790287215911174,0.00074033536565921011,0.00073464434517534459,0.00077077419375483911,0.00073464434517534459,0.00074033536565921011,0.0006790287215911174],[0.00061721050503796759,0.0006790287215911174,0.00067202851391284129,0.0007090060024901321,0.00067202851391284129,0.0006790287215911174,0.00061721050503796759]],[[0.00065445793168070112,0.00071679339116232168,0.00070974176724396558,0.00074703938910620279,0.00070974176724396558,0.00071679339116232168,0.00065445793168070112],[0.00071679339116232168,0.00077856260566161472,0.00077283363203118239,0.000809243597913332,0.00077283363203118239,0.00077856260566161472,0.00071679339116232168],[0.00070974176724396558,0.00077283363203118239,0.00079103667081650278,0.000809271756970477,0.00079103667081650278,0.00077283363203118239,0.00070974176724396558],[0.00074703938910620279,0.000809243597913332,0.000809271756970477,0.00084302065179317324,0.000809271756970477,0.000809243597913332,0.00074703938910620279],[0.00070974176724396558,0.00077283363203118239,0.00079103667081650278,0.000809271756970477,0.00079103667081650278,0.00077283363203118239,0.00070974176724396558],[0.00071679339116232168,0.00077856260566161472,0.00077283363203118239,0.000809243597913332,0.00077283363203118239,0.00077856260566161472,0.00071679339116232168],[0.00065445793168070112,0.00071679339116232168,0.00070974176724396558,0.00074703938910620279,0.00070974176724396558,0.00071679339116232168,0.00065445793168070112]],[[0.00069200820952427459,0.00075483667392148312,0.00074773528597636631,0.00078533684210155513,0.00074773528597636631,0.00075483667392148312,0.00069200820952427459],[0.00075483667392148312,0.0008170520262241437,0.00081128585879219753,0.000847965110456659,0.00081128585879219753,0.0008170520262241437,0.00075483667392148312],[0.00074773528597636631,0.00081128585879219753,0.0008296214105897033,0.00084798922211529063,0.0008296214105897033,0.00081128585879219753,0.00074773528597636631],[0.00078533684210155513,0.000847965110456659,0.00084798922211529063,0.00088197978954432528,0.00084798922211529063,0.000847965110456659,0.00078533684210155513],[0.00074773528597636631,0.00081128585879219753,0.0008296214105897033,0.00084798922211529063,0.0008296214105897033,0.00081128585879219753,0.00074773528597636631],[0.00075483667392148312,0.0008170520262241437,0.00081128585879219753,0.000847965110456659,0.00081128585879219753,0.0008170520262241437,0.00075483667392148312],[0.00069200820952427459,0.00075483667392148312,0.00074773528597636631,0.00078533684210155513,0.00074773528597636631,0.00075483667392148312,0.00069200820952427459]],[[0.00072984805369966414,0.00079314934712058818,0.00078599955971214719,0.000823891583210404,0.00078599955971214719,0.00079314934712058818,0.00072984805369966414],[0.00079314934712058818,0.00085579709646148381,0.00084999437171577954,0.0008869338681569398,0.00084999437171577954,0.00085579709646148381,0.00079314934712058818],[0.00078599955971214719,0.00084999437171577954,0.00086845823427970979,0.00088695456447686566,0.00086845823427970979,0.00084999437171577954,0.00078599955971214719],[0.000823891583210404,0.0008869338681569398,0.00088695456447686566,0.00092117961477449493,0.00088695456447686566,0.0008869338681569398,0.000823891583210404],[0.00078599955971214719,0.00084999437171577954,0.00086845823427970979,0.00088695456447686566,0.00086845823427970979,0.00084999437171577954,0.00078599955971214719],[0.00079314934712058818,0.00085579709646148381,0.00084999437171577954,0.0008869338681569398,0.00084999437171577954,0.00085579709646148381,0.00079314934712058818],[0.00072984805369966414,0.00079314934712058818,0.00078599955971214719,0.000823891583210404,0.00078599955971214719,0.00079314934712058818,0.00072984805369966414]],[[0.00076796639500000831,0.00083172368791039578,0.0008245266347037865,0.000862697908959096,0.0008245266347037865,0.00083172368791039578,0.00076796639500000831],[0.00083172368791039578,0.00089479230969069891,0.00088895356547961609,0.00092614573941662013,0.00088895356547961609,0.00089479230969069891,0.00083172368791039578],[0.0008245266347037865,0.00088895356547961609,0.00090754221772276875,0.000926163541728915,0.00090754221772276875,0.00088895356547961609,0.0008245266347037865],[0.000862697908959096,0.00092614573941662013,0.000926163541728915,0.00096061704275672566,0.000926163541728915,0.00092614573941662013,0.000862697908959096],[0.0008245266347037865,0.00088895356547961609,0.00090754221772276875,0.000926163541728915,0.00090754221772276875,0.00088895356547961609,0.0008245266347037865],[0.00083172368791039578,0.00089479230969069891,0.00088895356547961609,0.00092614573941662013,0.00088895356547961609,0.00089479230969069891,0.00083172368791039578],[0.00076796639500000831,0.00083172368791039578,0.0008245266347037865,0.000862697908959096,0.0008245266347037865,0.00083172368791039578,0.00076796639500000831]],[[0.00080635398912218042,0.00087055320739420471,0.00086330983625383087,0.00090175099725273286,0.00086330983625383087,0.00087055320739420471,0.00080635398912218042],[0.00087055320739420471,0.00093403299859359747,0.00092815869363034739,0.00096559718929280127,0.00092815869363034749,0.00093403299859359757,0.00087055320739420471],[0.00086330983625383087,0.00092815869363034739,0.00094686917413282993,0.000965612527306358,0.00094686917413283,0.00092815869363034749,0.00086330983625383087],[0.00090175099725273286,0.00096559718929280127,0.000965612527306358,0.0010002893974459157,0.000965612527306358,0.00096559718929280138,0.000901750997252733],[0.00086330983625383087,0.00092815869363034749,0.00094686917413283,0.000965612527306358,0.00094686917413283,0.00092815869363034749,0.00086330983625383087],[0.00087055320739420471,0.00093403299859359757,0.00092815869363034749,0.00096559718929280138,0.00092815869363034749,0.00093403299859359757,0.00087055320739420471],[0.00080635398912218042,0.00087055320739420471,0.00086330983625383087,0.000901750997252733,0.00086330983625383087,0.00087055320739420471,0.00080635398912218042]],[[0.00084500309371149124,0.00090963242959938456,0.00090234353874308552,0.00094104674634900784,0.00090234353874308552,0.00090963242959938456,0.00084500309371149124],[0.00090963242959938456,0.00097351518005314936,0.0009676057098657935,0.0010052851651573965,0.0009676057098657935,0.00097351518005314936,0.00090963242959938456],[0.00090234353874308552,0.0009676057098657935,0.00098643551585819679,0.0010052983926557282,0.00098643551585819679,0.0009676057098657935,0.00090234353874308552],[0.00094104674634900784,0.0010052851651573965,0.0010052983926557282,0.0010401943284450506,0.0010052983926557282,0.0010052851651573965,0.000941046746349008],[0.00090234353874308552,0.0009676057098657935,0.00098643551585819679,0.0010052983926557282,0.00098643551585819679,0.0009676057098657935,0.00090234353874308552],[0.00090963242959938456,0.00097351518005314936,0.0009676057098657935,0.0010052851651573965,0.0009676057098657935,0.00097351518005314936,0.00090963242959938456],[0.00084500309371149124,0.00090963242959938456,0.00090234353874308552,0.000941046746349008,0.00090234353874308552,0.00090963242959938456,0.00084500309371149124]],[[0.00088390720070680455,0.00094895670682401743,0.000941622974115829,0.000980581639625697,0.000941622974115829,0.00094895670682401743,0.00088390720070680455],[0.00094895670682401743,0.0010132354236605464,0.0010072911338865488,0.0010452069984513742,0.0010072911338865488,0.0010132354236605464,0.00094895670682401743],[0.000941622974115829,0.0010072911338865488,0.0010262381367512707,0.001045218406138197,0.0010262381367512707,0.0010072911338865488,0.000941622974115829],[0.000980581639625697,0.0010452069984513742,0.001045218406138197,0.0010803297378214078,0.001045218406138197,0.0010452069984513742,0.000980581639625697],[0.000941622974115829,0.0010072911338865488,0.0010262381367512707,0.001045218406138197,0.0010262381367512707,0.0010072911338865488,0.000941622974115829],[0.00094895670682401743,0.0010132354236605464,0.0010072911338865488,0.0010452069984513742,0.0010072911338865488,0.0010132354236605464,0.00094895670682401743],[0.00088390720070680455,0.00094895670682401743,0.000941622974115829,0.000980581639625697,0.000941622974115829,0.00094895670682401743,0.00088390720070680455]],[[0.00092306081362762324,0.00098852206420626,0.00098114407120435273,0.0010203526306498205,0.00098114407120435273,0.00098852206420626,0.00092306081362762324],[0.00098852206420626,0.0010531907387447501,0.0010472119364852814,0.0010853603185750366,0.0010472119364852814,0.0010531907387447501,0.00098852206420626],[0.00098114407120435273,0.0010472119364852814,0.001066274310458828,0.0010853701445323043,0.001066274310458828,0.0010472119364852814,0.00098114407120435273],[0.0010203526306498205,0.0010853603185750366,0.0010853701445323043,0.0011206937138139451,0.0010853701445323043,0.0010853603185750366,0.0010203526306498205],[0.00098114407120435273,0.0010472119364852814,0.001066274310458828,0.0010853701445323043,0.001066274310458828,0.0010472119364852814,0.00098114407120435273],[0.00098852206420626,0.0010531907387447501,0.0010472119364852814,0.0010853603185750366,0.0010472119364852814,0.0010531907387447501,0.00098852206420626],[0.00092306081362762324,0.00098852206420626,0.00098114407120435273,0.0010203526306498205,0.00098114407120435273,0.00098852206420626,0.00092306081362762324]],[[0.0009624592611706084,0.0010283250674491906,0.0010209033194838921,0.0010603570438686915,0.0010209033194838921,0.0010283250674491906,0.0009624592611706084],[0.0010283250674491906,0.0010933784754016997,0.0010873654392261232,0.0011257429753405203,0.0010873654392261232,0.0010933784754016997,0.0010283250674491906],[0.0010209033194838921,0.0010873654392261232,0.0011065416004793608,0.0011257514134774354,0.0011065416004793608,0.0010873654392261232,0.0010209033194838921],[0.0010603570438686915,0.0011257429753405203,0.0011257514134774354,0.0011612844686076857,0.0011257514134774354,0.0011257429753405203,0.0010603570438686915],[0.0010209033194838921,0.0010873654392261232,0.0011065416004793608,0.0011257514134774354,0.0011065416004793608,0.0010873654392261232,0.0010209033194838921],[0.0010283250674491906,0.0010933784754016997,0.0010873654392261232,0.0011257429753405203,0.0010873654392261232,0.0010933784754016997,0.0010283250674491906],[0.0009624592611706084,0.0010283250674491906,0.0010209033194838921,0.0010603570438686915,0.0010209033194838921,0.0010283250674491906,0.0009624592611706084]],[[0.0010020985398534871,0.0010683627084553048,0.0010608976517678355,0.0011005924868123464,0.0010608976517678355,0.0010683627084553048,0.0010020985398534871],[0.0010683627084553048,0.0011337962354192683,0.0011277492245322773,0.0011663529666165683,0.0011277492245322773,0.0011337962354192683,0.0010683627084553048],[0.0010608976517678355,0.0011277492245322773,0.0011470377781736265,0.0011663601734124009,0.0011470377781736265,0.0011277492245322773,0.0010608976517678355],[0.0011005924868123464,0.0011663529666165683,0.0011663601734124009,0.0012021002773395526,0.0011663601734124009,0.0011663529666165683,0.0011005924868123464],[0.0010608976517678355,0.0011277492245322773,0.0011470377781736265,0.0011663601734124009,0.0011470377781736265,0.0011277492245322773,0.0010608976517678355],[0.0010683627084553048,0.0011337962354192683,0.0011277492245322773,0.0011663529666165683,0.0011277492245322773,0.0011337962354192683,0.0010683627084553048],[0.0010020985398534871,0.0010683627084553048,0.0010608976517678355,0.0011005924868123464,0.0010608976517678355,0.0010683627084553048,0.0010020985398534871]],[[0.0010419751795080737,0.0011086323042125213,0.0011011243410153208,0.0011410567700548926,0.0011011243410153208,0.0011086323042125213,0.0010419751795080737],[0.0011086323042125213,0.0011744417892202094,0.0011683610522638538,0.0012071883678274255,0.0011683610522638538,0.0011744417892202094,0.0011086323042125213],[0.0011011243410153208,0.0011683610522638538,0.001187760745066503,0.0012071944676033744,0.001187760745066503,0.0011683610522638538,0.0011011243410153208],[0.0011410567700548926,0.0012071883678274255,0.0012071944676033744,0.0012431394153404002,0.0012071944676033744,0.0012071883678274255,0.0011410567700548926],[0.0011011243410153208,0.0011683610522638538,0.001187760745066503,0.0012071944676033744,0.001187760745066503,0.0011683610522638538,0.0011011243410153208],[0.0011086323042125213,0.0011744417892202094,0.0011683610522638538,0.0012071883678274255,0.0011683610522638538,0.0011744417892202094,0.0011086323042125213],[0.0010419751795080737,0.0011086323042125213,0.0011011243410153208,0.0011410567700548926,0.0011011243410153208,0.0011086323042125213,0.0010419751795080737]],[[0.0010820861262196546,0.0011491314046497747,0.0011415809068608894,0.0011817478313481354,0.0011415809068608894,0.0011491314046497747,0.0010820861262196546],[0.0011491314046497747,0.0012153129949922454,0.0012091987789473247,0.0012482472598370749,0.0012091987789473247,0.0012153129949922454,0.0011491314046497747],[0.0011415809068608894,0.0012091987789473247,0.0012287084557563381,0.001248252348732058,0.0012287084557563381,0.0012091987789473247,0.0011415809068608894],[0.0011817478313481354,0.0012482472598370749,0.001248252348732058,0.0012844000903136342,0.001248252348732058,0.0012482472598370749,0.0011817478313481354],[0.0011415809068608894,0.0012091987789473247,0.0012287084557563381,0.001248252348732058,0.0012287084557563381,0.0012091987789473247,0.0011415809068608894],[0.0011491314046497747,0.0012153129949