{"M_cells":[[[0,0,0,0,0,0,0],[0,0,0,0,0,0,0],[0,0,0,0,0,0,0],[0,0,0,0,0,0,0],[0,0,0,0,0,0,0],[0,0,0,0,0,0,0],[0,0,0,0,0,0,0]],[[5.6847326697927232E-9,3.2855654812963656E-8,2.9230989060111194E-8,4.2764203060733513E-8,2.9230989060111194E-8,3.2855654812963656E-8,5.6847326697927224E-9],[3.2855654812963656E-8,1.4006447038681722E-7,1.2802871904425059E-7,1.8093273874539474E-7,1.2802871904425059E-7,1.4006447038681722E-7,3.2855654812963656E-8],[2.9230989060111194E-8,1.2802871904425059E-7,1.5718100906013253E-7,1.8649267043552755E-7,1.5718100906013253E-7,1.2802871904425059E-7,2.9230989060111197E-8],[4.2764203060733513E-8,1.8093273874539474E-7,1.8649267043552755E-7,2.46070097344199E-7,1.8649267043552755E-7,1.8093273874539474E-7,4.2764203060733513E-8],[2.9230989060111194E-8,1.2802871904425059E-7,1.5718100906013253E-7,1.8649267043552755E-7,1.5718100906013253E-7,1.2802871904425059E-7,2.9230989060111197E-8],[3.2855654812963656E-8,1.4006447038681722E-7,1.2802871904425059E-7,1.8093273874539474E-7,1.2802871904425059E-7,1.4006447038681722E-7,3.2855654812963656E-8],[5.6847326697927224E-9,3.2855654812963656E-8,2.9230989060111197E-8,4.2764203060733513E-8,2.9230989060111197E-8,3.2855654812963656E-8,5.6847326697927224E-9]],[[3.9979801186389055E-8,1.3164239718170926E-7,1.1955683124539067E-7,1.6664384834954424E-7,1.1955683124539067E-7,1.3164239718170929E-7,3.9979801186389055E-8],[1.3164239718170926E-7,3.46284506413045E-7,3.2248359133653822E-7,4.32534729662431E-7,3.2248359133653822E-7,3.46284506413045E-7,1.3164239718170929E-7],[1.1955683124539067E-7,3.2248359133653822E-7,3.8199425618180406E-7,4.417202241085868E-7,3.8199425618180406E-7,3.2248359133653822E-7,1.1955683124539067E-7],[1.6664384834954424E-7,4.32534729662431E-7,4.417202241085868E-7,5.6089613390357658E-7,4.417202241085868E-7,4.32534729662431E-7,1.6664384834954424E-7],[1.1955683124539067E-7,3.2248359133653822E-7,3.8199425618180406E-7,4.417202241085868E-7,3.8199425618180406E-7,3.2248359133653822E-7,1.1955683124539067E-7],[1.3164239718170929E-7,3.46284506413045E-7,3.2248359133653822E-7,4.32534729662431E-7,3.2248359133653822E-7,3.46284506413045E-7,1.3164239718170929E-7],[3.9979801186389055E-8,1.3164239718170929E-7,1.1955683124539067E-7,1.6664384834954424E-7,1.1955683124539067E-7,1.3164239718170929E-7,3.9979801186389055E-8]],[[1.1973661857154954E-7,2.9642096851026733E-7,2.7333161629407418E-7,3.664343708391052E-7,2.7333161629407418E-7,2.9642096851026733E-7,1.1973661857154954E-7],[2.9642096851026733E-7,6.1864529535625092E-7,5.833618708191651E-7,7.5318477747927812E-7,5.833618708191651E-7,6.1864529535625092E-7,2.9642096851026733E-7],[2.7333161629407418E-7,5.833618708191651E-7,6.7386926990259866E-7,7.6464780912236868E-7,6.7386926990259866E-7,5.833618708191651E-7,2.7333161629407418E-7],[3.664343708391052E-7,7.5318477747927812E-7,7.6464780912236868E-7,9.43355570871078E-7,7.6464780912236868E-7,7.5318477747927812E-7,3.664343708391052E-7],[2.7333161629407418E-7,5.833618708191651E-7,6.7386926990259866E-7,7.6464780912236868E-7,6.7386926990259866E-7,5.833618708191651E-7,2.7333161629407418E-7],[2.9642096851026733E-7,6.1864529535625092E-7,5.833618708191651E-7,7.5318477747927812E-7,5.833618708191651E-7,6.1864529535625092E-7,2.9642096851026733E-7],[1.1973661857154954E-7,2.9642096851026733E-7,2.7333161629407418E-7,3.664343708391052E-7,2.7333161629407418E-7,2.9642096851026733E-7,1.1973661857154954E-7]],[[2.54241675343204E-7,5.272877733766994E-7,4.9193421710760594E-7,6.3881359995069011E-7,4.9193421710760594E-7,5.272877733766994E-7,2.54241675343204E-7],[5.272877733766994E-7,9.5726187472354688E-7,9.1079489197633478E-7,1.1420287923756878E-6,9.1079489197633478E-7,9.5726187472354688E-7,5.272877733766994E-7],[4.9193421710760594E-7,9.1079489197633478E-7,1.0326912805208298E-6,1.1549145509558464E-6,1.0326912805208298E-6,9.1079489197633478E-7,4.9193421710760594E-7],[6.3881359995069011E-7,1.1420287923756878E-6,1.1549145509558464E-6,1.3930886328397026E-6,1.1549145509558464E-6,1.1420287923756878E-6,6.3881359995069011E-7],[4.9193421710760594E-7,9.1079489197633478E-7,1.0326912805208298E-6,1.1549145509558464E-6,1.0326912805208296E-6,9.1079489197633478E-7,4.9193421710760594E-7],[5.272877733766994E-7,9.5726187472354688E-7,9.1079489197633478E-7,1.1420287923756878E-6,9.1079489197633478E-7,9.5726187472354688E-7,5.272877733766993E-7],[2.54241675343204E-7,5.272877733766994E-7,4.9193421710760594E-7,6.3881359995069011E-7,4.9193421710760594E-7,5.272877733766993E-7,2.5424167534320395E-7]],[[4.4863509366696413E-7,8.2433589037991572E-7,7.7615692249754767E-7,9.81645974563935E-7,7.7615692249754767E-7,8.2433589037991572E-7,4.4863509366696413E-7],[8.2433589037991572E-7,1.362203648472674E-6,1.3048257159566026E-6,1.5984889530132877E-6,1.3048257159566026E-6,1.362203648472674E-6,8.2433589037991572E-7],[7.7615692249754767E-7,1.3048257159566026E-6,1.4583484415745898E-6,1.6122537002659493E-6,1.4583484415745898E-6,1.3048257159566026E-6,7.7615692249754767E-7],[9.81645974563935E-7,1.5984889530132877E-6,1.6122537002659493E-6,1.9098298556710791E-6,1.6122537002659493E-6,1.5984889530132877E-6,9.81645974563935E-7],[7.7615692249754767E-7,1.3048257159566026E-6,1.4583484415745898E-6,1.6122537002659493E-6,1.4583484415745898E-6,1.3048257159566026E-6,7.7615692249754767E-7],[8.2433589037991572E-7,1.362203648472674E-6,1.3048257159566026E-6,1.5984889530132877E-6,1.3048257159566026E-6,1.362203648472674E-6,8.2433589037991561E-7],[4.4863509366696413E-7,8.2433589037991572E-7,7.7615692249754767E-7,9.81645974563935E-7,7.7615692249754767E-7,8.2433589037991561E-7,4.48635093666964E-7]],[[7.05775275352679E-7,1.1876387408945221E-6,1.1264404635212991E-6,1.3935459726626447E-6,1.1264404635212991E-6,1.1876387408945221E-6,7.05775275352679E-7],[1.1876387408945221E-6,1.8335052093958287E-6,1.7654472304411008E-6,2.1221660810727397E-6,1.7654472304411008E-6,1.8335052093958287E-6,1.1876387408945221E-6],[1.1264404635212991E-6,1.7654472304411008E-6,1.9507359777887276E-6,2.1364628254798538E-6,1.9507359777887276E-6,1.7654472304411008E-6,1.1264404635212991E-6],[1.3935459726626447E-6,2.1221660810727397E-6,2.1364628254798538E-6,2.4933782114248717E-6,2.1364628254798538E-6,2.1221660810727397E-6,1.3935459726626447E-6],[1.1264404635212991E-6,1.7654472304411008E-6,1.9507359777887276E-6,2.1364628254798538E-6,1.9507359777887276E-6,1.7654472304411008E-6,1.1264404635212991E-6],[1.1876387408945221E-6,1.8335052093958287E-6,1.7654472304411008E-6,2.1221660810727397E-6,1.7654472304411008E-6,1.8335052093958287E-6,1.1876387408945221E-6],[7.05775275352679E-7,1.1876387408945221E-6,1.1264404635212991E-6,1.3935459726626447E-6,1.1264404635212991E-6,1.1876387408945221E-6,7.0577527535267887E-7]],[[1.0272580938501746E-6,1.6172455266215641E-6,1.5430159931830582E-6,1.8736037841266743E-6,1.5430159931830582E-6,1.6172455266215641E-6,1.0272580938501746E-6],[1.6172455266215641E-6,2.37117521017858E-6,2.2926245433176887E-6,2.7127771833270314E-6,2.2926245433176887E-6,2.37117521017858E-6,1.6172455266215641E-6],[1.5430159931830582E-6,2.2926245433176887E-6,2.5097573507249409E-6,2.7273837487141727E-6,2.5097573507249409E-6,2.2926245433176887E-6,1.5430159931830582E-6],[1.8736037841266743E-6,2.7127771833270314E-6,2.7273837487141727E-6,3.1435769956113807E-6,2.7273837487141727E-6,2.7127771833270314E-6,1.8736037841266743E-6],[1.5430159931830582E-6,2.2926245433176887E-6,2.5097573507249409E-6,2.7273837487141727E-6,2.5097573507249409E-6,2.2926245433176887E-6,1.5430159931830582E-6],[1.6172455266215641E-6,2.37117521017858E-6,2.2926245433176887E-6,2.7127771833270314E-6,2.2926245433176887E-6,2.37117521017858E-6,1.6172455266215641E-6],[1.0272580938501746E-6,1.6172455266215641E-6,1.5430159931830582E-6,1.8736037841266743E-6,1.5430159931830582E-6,1.6172455266215641E-6,1.0272580938501746E-6]],[[1.4139757299248466E-6,2.1131822563553955E-6,2.0259906097823953E-6,2.421212491961428E-6,2.0259906097823953E-6,2.1131822563553955E-6,1.4139757299248466E-6],[2.1131822563553955E-6,2.9752033648785657E-6,2.8863080225422755E-6,3.3701153368922589E-6,2.8863080225422755E-6,2.9752033648785657E-6,2.1131822563553955E-6],[2.0259906097823953E-6,2.8863080225422755E-6,3.1353239989903258E-6,3.3848889855646039E-6,3.1353239989903258E-6,2.8863080225422755E-6,2.0259906097823953E-6],[2.421212491961428E-6,3.3701153368922589E-6,3.3848889855646039E-6,3.8603002322056106E-6,3.3848889855646039E-6,3.3701153368922589E-6,2.421212491961428E-6],[2.0259906097823953E-6,2.8863080225422755E-6,3.1353239989903258E-6,3.3848889855646039E-6,3.1353239989903258E-6,2.8863080225422755E-6,2.0259906097823953E-6],[2.1131822563553955E-6,2.9752033648785657E-6,2.8863080225422755E-6,3.3701153368922589E-6,2.8863080225422755E-6,2.9752033648785657E-6,2.1131822563553955E-6],[1.4139757299248466E-6,2.1131822563553955E-6,2.0259906097823953E-6,2.421212491961428E-6,2.0259906097823953E-6,2.1131822563553955E-6,1.4139757299248466E-6]],[[1.866424482077176E-6,2.6754550557279623E-6,2.5753986945788687E-6,3.0359588971447212E-6,2.5753986945788687E-6,2.6754550557279623E-6,1.866424482077176E-6],[2.6754550557279623E-6,3.6455658317465402E-6,3.5464407971447373E-6,4.0940238177307213E-6,3.5464407971447373E-6,3.6455658317465402E-6,2.6754550557279623E-6],[2.5753986945788687E-6,3.5464407971447373E-6,3.8273544881976594E-6,4.108872543748184E-6,3.8273544881976594E-6,3.5464407971447373E-6,2.5753986945788687E-6],[3.0359588971447212E-6,4.0940238177307213E-6,4.108872543748184E-6,4.6434434476394786E-6,4.108872543748184E-6,4.0940238177307213E-6,3.0359588971447212E-6],[2.5753986945788687E-6,3.5464407971447373E-6,3.8273544881976594E-6,4.108872543748184E-6,3.8273544881976594E-6,3.5464407971447373E-6,2.5753986945788687E-6],[2.6754550557279623E-6,3.6455658317465402E-6,3.5464407971447373E-6,4.0940238177307213E-6,3.5464407971447373E-6,3.6455658317465402E-6,2.6754550557279623E-6],[1.866424482077176E-6,2.6754550557279623E-6,2.5753986945788687E-6,3.0359588971447212E-6,2.5753986945788687E-6,2.6754550557279623E-6,1.866424482077176E-6]],[[2.3848753794298362E-6,3.3040540726375605E-6,3.1912325985452986E-6,3.7175543391639617E-6,3.1912325985452986E-6,3.3040540726375605E-6,2.3848753794298362E-6],[3.3040540726375605E-6,4.3822292722552081E-6,4.2729630014768333E-6,4.88437934138851E-6,4.2729630014768333E-6,4.3822292722552081E-6,3.3040540726375605E-6],[3.1912325985452986E-6,4.2729630014768333E-6,4.585773498695129E-6,4.8992436542866637E-6,4.585773498695129E-6,4.2729630014768333E-6,3.1912325985452981E-6],[3.7175543391639617E-6,4.88437934138851E-6,4.8992436542866637E-6,5.4929173846849014E-6,4.8992436542866637E-6,4.88437934138851E-6,3.7175543391639617E-6],[3.1912325985452986E-6,4.2729630014768333E-6,4.585773498695129E-6,4.8992436542866637E-6,4.585773498695129E-6,4.2729630014768333E-6,3.1912325985452981E-6],[3.3040540726375605E-6,4.3822292722552081E-6,4.2729630014768333E-6,4.88437934138851E-6,4.2729630014768333E-6,4.3822292722552081E-6,3.3040540726375605E-6],[2.3848753794298362E-6,3.3040540726375605E-6,3.1912325985452981E-6,3.7175543391639617E-6,3.1912325985452981E-6,3.3040540726375605E-6,2.3848753794298362E-6]],[[2.9694695469243471E-6,3.9989571829957178E-6,3.8734608894763308E-6,4.46579071475286E-6,3.8734608894763308E-6,3.9989571829957178E-6,2.9694695469243471E-6],[3.9989571829957178E-6,5.1851538661189718E-6,5.0658141213786429E-6,5.7410811553546124E-6,5.0658141213786429E-6,5.1851538661189718E-6,3.9989571829957178E-6],[3.8734608894763308E-6,5.0658141213786429E-6,5.4105108543115157E-6,5.755922482910869E-6,5.4105108543115157E-6,5.0658141213786429E-6,3.8734608894763308E-6],[4.46579071475286E-6,5.7410811553546124E-6,5.755922482910869E-6,6.408643701863146E-6,5.755922482910869E-6,5.7410811553546124E-6,4.46579071475286E-6],[3.8734608894763308E-6,5.0658141213786429E-6,5.4105108543115157E-6,5.755922482910869E-6,5.4105108543115157E-6,5.0658141213786429E-6,3.8734608894763308E-6],[3.9989571829957178E-6,5.1851538661189718E-6,5.0658141213786429E-6,5.7410811553546124E-6,5.0658141213786429E-6,5.1851538661189718E-6,3.9989571829957178E-6],[2.9694695469243471E-6,3.9989571829957178E-6,3.8734608894763308E-6,4.46579071475286E-6,3.8734608894763308E-6,3.9989571829957178E-6,2.9694695469243471E-6]],[[3.6202720921077259E-6,4.7601331773344195E-6,4.6220391308790256E-6,5.2805124157364421E-6,4.6220391308790256E-6,4.7601331773344195E-6,3.6202720921077259E-6],[4.7601331773344195E-6,6.0542955233159227E-6,5.9249342465026232E-6,6.6640439040061758E-6,5.9249342465026232E-6,6.0542955233159227E-6,4.7601331773344195E-6],[4.6220391308790256E-6,5.9249342465026232E-6,6.3015006750796115E-6,6.6788371833014957E-6,6.3015006750796115E-6,5.9249342465026232E-6,4.6220391308790256E-6],[5.2805124157364421E-6,6.6640439040061758E-6,6.6788371833014957E-6,7.3905520184921061E-6,6.6788371833014957E-6,6.6640439040061766E-6,5.2805124157364421E-6],[4.6220391308790256E-6,5.9249342465026232E-6,6.3015006750796115E-6,6.6788371833014957E-6,6.3015006750796115E-6,5.9249342465026232E-6,4.6220391308790256E-6],[4.7601331773344195E-6,6.0542955233159227E-6,5.9249342465026232E-6,6.6640439040061766E-6,5.9249342465026232E-6,6.0542955233159227E-6,4.7601331773344195E-6],[3.6202720921077259E-6,4.7601331773344195E-6,4.6220391308790256E-6,5.2805124157364421E-6,4.6220391308790256E-6,4.7601331773344195E-6,3.6202720921077259E-6]],[[4.3373029686143646E-6,5.5875443506374537E-6,5.43691619529888E-6,6.161598353756983E-6,5.43691619529888E-6,5.5875443506374537E-6,4.3373029686143646E-6],[5.5875443506374537E-6,6.98960748960637E-6,6.8502647014512111E-6,7.65319293573215E-6,6.8502647014512111E-6,6.98960748960637E-6,5.5875443506374537E-6],[5.43691619529888E-6,6.8502647014512111E-6,7.2586806754858962E-6,7.6679218625715624E-6,7.2586806754858962E-6,6.8502647014512111E-6,5.43691619529888E-6],[6.161598353756983E-6,7.65319293573215E-6,7.6679218625715624E-6,8.4385778746723332E-6,7.6679218625715624E-6,7.65319293573215E-6,6.161598353756983E-6],[5.43691619529888E-6,6.8502647014512111E-6,7.2586806754858962E-6,7.6679218625715624E-6,7.2586806754858962E-6,6.8502647014512111E-6,5.43691619529888E-6],[5.5875443506374537E-6,6.98960748960637E-6,6.8502647014512111E-6,7.65319293573215E-6,6.8502647014512111E-6,6.9896074896063692E-6,5.5875443506374537E-6],[4.3373029686143646E-6,5.5875443506374537E-6,5.43691619529888E-6,6.161598353756983E-6,5.43691619529888E-6,5.5875443506374537E-6,4.3373029686143646E-6]],[[5.1205549411453353E-6,6.4811485308625075E-6,6.31803792046754E-6,7.1089503967939486E-6,6.31803792046754E-6,6.4811485308625075E-6,5.1205549411453353E-6],[6.4811485308625075E-6,7.99104150018667E-6,7.8417483310303737E-6,8.7084611976551566E-6,7.8417483310303737E-6,7.99104150018667E-6,6.4811485308625075E-6],[6.31803792046754E-6,7.8417483310303737E-6,8.281991600824244E-6,8.7231151688282715E-6,8.281991600824244E-6,7.8417483310303737E-6,6.31803792046754E-6],[7.1089503967939486E-6,8.7084611976551566E-6,8.7231151688282715E-6,9.5526613152399462E-6,8.7231151688282715E-6,8.7084611976551549E-6,7.1089503967939486E-6],[6.31803792046754E-6,7.8417483310303737E-6,8.281991600824244E-6,8.7231151688282715E-6,8.281991600824244E-6,7.8417483310303737E-6,6.31803792046754E-6],[6.4811485308625075E-6,7.99104150018667E-6,7.8417483310303737E-6,8.7084611976551549E-6,7.8417483310303737E-6,7.99104150018667E-6,6.4811485308625075E-6],[5.1205549411453353E-6,6.4811485308625075E-6,6.31803792046754E-6,7.1089503967939486E-6,6.31803792046754E-6,6.4811485308625075E-6,5.1205549411453353E-6]],[[5.9700042373827247E-6,7.4409006262245846E-6,7.2653491936970232E-6,8.1224858952625962E-6,7.2653491936970232E-6,7.4409006262245846E-6,5.9700042373827247E-6],[7.4409006262245846E-6,9.0585486002226349E-6,8.8993295981324417E-6,9.8297871668205586E-6,8.8993295981324417E-6,9.0585486002226349E-6,7.4409006262245846E-6],[7.2653491936970232E-6,8.8993295981324417E-6,9.3713767825682232E-6,9.8443593041247619E-6,9.3713767825682232E-6,8.89932959813244E-6,7.2653491936970232E-6],[8.1224858952625962E-6,9.8297871668205586E-6,9.8443593041247619E-6,1.0732745900404081E-5,9.8443593041247619E-6,9.8297871668205569E-6,8.1224858952625962E-6],[7.2653491936970232E-6,8.8993295981324417E-6,9.3713767825682232E-6,9.8443593041247619E-6,9.3713767825682215E-6,8.89932959813244E-6,7.2653491936970232E-6],[7.4409006262245846E-6,9.0585486002226349E-6,8.89932959813244E-6,9.8297871668205569E-6,8.89932959813244E-6,9.0585486002226349E-6,7.4409006262245846E-6],[5.9700042373827247E-6,7.4409006262245846E-6,7.2653491936970232E-6,8.1224858952625962E-6,7.2653491936970232E-6,7.4409006262245846E-6,5.9700042373827247E-6]],[[6.8856169916429904E-6,8.4667537812687889E-6,8.2787951133553572E-6,9.2021328259337551E-6,8.2787951133553572E-6,8.4667537812687889E-6,6.8856169916429904E-6],[8.4667537812687889E-6,1.0192079721824757E-5,1.0022954584147086E-5,1.1017113460940748E-5,1.0022954584147086E-5,1.0192079721824757E-5,8.4667537812687889E-6],[8.2787951133553572E-6,1.0022954584147086E-5,1.052678179081985E-5,1.1031599329018658E-5,1.052678179081985E-5,1.0022954584147086E-5,8.2787951133553572E-6],[9.2021328259337551E-6,1.1017113460940748E-5,1.1031599329018658E-5,1.1978778008852234E-5,1.1031599329018658E-5,1.1017113460940748E-5,9.2021328259337551E-6],[8.2787951133553572E-6,1.0022954584147086E-5,1.052678179081985E-5,1.1031599329018658E-5,1.052678179081985E-5,1.0022954584147086E-5,8.2787951133553572E-6],[8.4667537812687889E-6,1.0192079721824757E-5,1.0022954584147086E-5,1.1017113460940748E-5,1.0022954584147086E-5,1.0192079721824757E-5,8.4667537812687889E-6],[6.8856169916429904E-6,8.4667537812687889E-6,8.2787951133553572E-6,9.2021328259337551E-6,8.2787951133553572E-6,8.4667537812687889E-6,6.8856169916429904E-6]],[[7.8673532236892414E-6,9.5586602256368473E-6,9.3583216133486263E-6,1.0347826617900583E-5,9.3583216133486263E-6,9.5586602256368473E-6,7.8673532236892414E-6],[9.5586602256368473E-6,1.1391586084090781E-5,1.1212570941835776E-5,1.2270385896547906E-5,1.1212570941835776E-5,1.1391586084090781E-5,9.5586602256368473E-6],[9.3583216133486263E-6,1.1212570941835776E-5,1.1748154163148127E-5,1.228478266743044E-5,1.1748154163148127E-5,1.1212570941835776E-5,9.3583216133486263E-6],[1.0347826617900583E-5,1.2270385896547906E-5,1.228478266743044E-5,1.3290706341699225E-5,1.228478266743044E-5,1.2270385896547906E-5,1.0347826617900583E-5],[9.3583216133486263E-6,1.1212570941835776E-5,1.1748154163148127E-5,1.228478266743044E-5,1.1748154163148127E-5,1.1212570941835776E-5,9.3583216133486263E-6],[9.5586602256368473E-6,1.1391586084090781E-5,1.1212570941835776E-5,1.2270385896547906E-5,1.1212570941835776E-5,1.1391586084090781E-5,9.5586602256368473E-6],[7.8673532236892414E-6,9.5586602256368473E-6,9.3583216133486263E-6,1.0347826617900583E-5,9.3583216133486263E-6,9.5586602256368473E-6,7.8673532236892414E-6]],[[8.9151693444150338E-6,1.071657188708374E-5,1.0503875778765024E-5,1.1559508063540102E-5,1.0503875778765024E-5,1.071657188708374E-5,8.9151693444150338E-6],[1.071657188708374E-5,1.265701946524102E-5,1.2468127827598082E-5,1.358955284287565E-5,1.2468127827598082E-5,1.265701946524102E-5,1.071657188708374E-5],[1.0503875778765024E-5,1.2468127827598082E-5,1.3035443192018961E-5,1.3603858749279311E-5,1.3035443192018961E-5,1.2468127827598082E-5,1.0503875778765024E-5],[1.1559508063540102E-5,1.358955284287565E-5,1.3603858749279311E-5,1.466848156452445E-5,1.3603858749279311E-5,1.358955284287565E-5,1.1559508063540102E-5],[1.0503875778765024E-5,1.2468127827598082E-5,1.3035443192018961E-5,1.3603858749279311E-5,1.3035443192018961E-5,1.2468127827598082E-5,1.0503875778765024E-5],[1.071657188708374E-5,1.265701946524102E-5,1.2468127827598082E-5,1.358955284287565E-5,1.2468127827598082E-5,1.265701946524102E-5,1.071657188708374E-5],[8.9151693444150338E-6,1.071657188708374E-5,1.0503875778765024E-5,1.1559508063540102E-5,1.0503875778765024E-5,1.071657188708374E-5,8.9151693444150338E-6]],[[1.0029019761564021E-5,1.1940440826700619E-5,1.1715405986518162E-5,1.2837121932126176E-5,1.1715405986518162E-5,1.1940440826700619E-5,1.0029019761564021E-5],[1.1940440826700619E-5,1.3988332382596092E-5,1.3789575826995078E-5,1.4974564771892379E-5,1.3789575826995078E-5,1.3988332382596094E-5,1.1940440826700619E-5],[1.1715405986518162E-5,1.3789575826995078E-5,1.4388599756265817E-5,1.4988778747932591E-5,1.4388599756265817E-5,1.3789575826995078E-5,1.1715405986518162E-5],[1.2837121932126176E-5,1.4974564771892379E-5,1.4988778747932591E-5,1.611205604436081E-5,1.4988778747932591E-5,1.4974564771892379E-5,1.2837121932126176E-5],[1.1715405986518162E-5,1.3789575826995078E-5,1.4388599756265817E-5,1.4988778747932591E-5,1.4388599756265817E-5,1.3789575826995078E-5,1.1715405986518162E-5],[1.1940440826700619E-5,1.3988332382596094E-5,1.3789575826995078E-5,1.4974564771892379E-5,1.3789575826995078E-5,1.3988332382596094E-5,1.1940440826700619E-5],[1.0029019761564021E-5,1.1940440826700619E-5,1.1715405986518162E-5,1.2837121932126176E-5,1.1715405986518162E-5,1.1940440826700619E-5,1.0029019761564021E-5]],[[1.120885792301221E-5,1.3230219541709646E-5,1.2992861948738877E-5,1.4180616040258859E-5,1.2992861948738875E-5,1.3230219541709646E-5,1.120885792301221E-5],[1.3230219541709646E-5,1.53854782062554E-5,1.517686688012382E-5,1.6425373938778707E-5,1.5176866880123818E-5,1.53854782062554E-5,1.3230219541709646E-5],[1.2992861948738877E-5,1.517686688012382E-5,1.5807576185078361E-5,1.6439495382831588E-5,1.5807576185078361E-5,1.5176866880123818E-5,1.2992861948738875E-5],[1.4180616040258859E-5,1.6425373938778707E-5,1.6439495382831588E-5,1.762138365186872E-5,1.6439495382831588E-5,1.6425373938778707E-5,1.4180616040258859E-5],[1.2992861948738875E-5,1.5176866880123818E-5,1.5807576185078361E-5,1.6439495382831588E-5,1.5807576185078361E-5,1.5176866880123818E-5,1.2992861948738875E-5],[1.3230219541709646E-5,1.53854782062554E-5,1.5176866880123818E-5,1.6425373938778707E-5,1.5176866880123818E-5,1.53854782062554E-5,1.3230219541709646E-5],[1.120885792301221E-5,1.3230219541709646E-5,1.2992861948738875E-5,1.4180616040258859E-5,1.2992861948738875E-5,1.3230219541709646E-5,1.120885792301221E-5]],[[1.2454637000587786E-5,1.4585861170503891E-5,1.4336194703490502E-5,1.5589940620385163E-5,1.43361947034905E-5,1.4585861170503891E-5,1.2454637000587786E-5],[1.4585861170503891E-5,1.6848411225042515E-5,1.6629954209492691E-5,1.7941934149253983E-5,1.6629954209492691E-5,1.6848411225042515E-5,1.4585861170503891E-5],[1.4336194703490502E-5,1.6629954209492691E-5,1.7292326145565856E-5,1.7955962766759589E-5,1.7292326145565856E-5,1.6629954209492691E-5,1.43361947034905E-5],[1.5589940620385163E-5,1.7941934149253983E-5,1.7955962766759589E-5,1.9196419608059843E-5,1.7955962766759589E-5,1.7941934149253983E-5,1.5589940620385163E-5],[1.43361947034905E-5,1.6629954209492691E-5,1.7292326145565856E-5,1.7955962766759589E-5,1.7292326145565856E-5,1.6629954209492691E-5,1.43361947034905E-5],[1.4585861170503891E-5,1.6848411225042515E-5,1.6629954209492691E-5,1.7941934149253983E-5,1.6629954209492691E-5,1.6848411225042515E-5,1.4585861170503891E-5],[1.2454637000587786E-5,1.4585861170503891E-5,1.43361947034905E-5,1.5589940620385163E-5,1.43361947034905E-5,1.4585861170503891E-5,1.2454637000587786E-5]],[[1.37663103392444E-5,1.6007319625945168E-5,1.5745356577896207E-5,1.70650478844453E-5,1.5745356577896207E-5,1.6007319625945168E-5,1.37663103392444E-5],[1.6007319625945168E-5,1.8377086677938004E-5,1.814879225097884E-5,1.9524200584638944E-5,1.814879225097884E-5,1.8377086677938004E-5,1.6007319625945168E-5],[1.5745356577896207E-5,1.814879225097884E-5,1.8842804547027927E-5,1.9538136283437438E-5,1.8842804547027927E-5,1.814879225097884E-5,1.5745356577896207E-5],[1.70650478844453E-5,1.9524200584638944E-5,1.9538136283437438E-5,2.0837120361175413E-5,1.9538136283437438E-5,1.9524200584638944E-5,1.70650478844453E-5],[1.5745356577896207E-5,1.814879225097884E-5,1.8842804547027927E-5,1.9538136283437438E-5,1.8842804547027927E-5,1.814879225097884E-5,1.5745356577896207E-5],[1.6007319625945168E-5,1.8377086677938004E-5,1.814879225097884E-5,1.9524200584638944E-5,1.814879225097884E-5,1.8377086677938004E-5,1.6007319625945168E-5],[1.37663103392444E-5,1.6007319625945168E-5,1.5745356577896207E-5,1.70650478844453E-5,1.5745356577896207E-5,1.6007319625945168E-5,1.37663103392444E-5]],[[1.5143831750083039E-5,1.74945496761512E-5,1.7220301137437023E-5,1.8605891715506189E-5,1.7220301137437023E-5,1.74945496761512E-5,1.5143831750083039E-5],[1.74945496761512E-5,1.9971460760327623E-5,1.9733336587428169E-5,2.1172129665063575E-5,1.9733336587428169E-5,1.9971460760327623E-5,1.74945496761512E-5],[1.7220301137437023E-5,1.9733336587428169E-5,2.0458967456683751E-5,2.1185972485389703E-5,2.0458967456683751E-5,1.9733336587428169E-5,1.7220301137437023E-5],[1.8605891715506189E-5,2.1172129665063575E-5,2.1185972485389703E-5,2.2543443483591319E-5,2.1185972485389703E-5,2.1172129665063575E-5,1.8605891715506189E-5],[1.7220301137437023E-5,1.9733336587428169E-5,2.0458967456683751E-5,2.1185972485389703E-5,2.0458967456683751E-5,1.9733336587428169E-5,1.7220301137437023E-5],[1.74945496761512E-5,1.9971460760327623E-5,1.9733336587428169E-5,2.1172129665063575E-5,1.9733336587428169E-5,1.9971460760327623E-5,1.74945496761512E-5],[1.5143831750083039E-5,1.74945496761512E-5,1.7220301137437023E-5,1.8605891715506189E-5,1.7220301137437023E-5,1.74945496761512E-5,1.5143831750083039E-5]],[[1.6587155697628807E-5,1.90475069867984E-5,1.8760983128634231E-5,2.0212427443351241E-5,1.8760983128634231E-5,1.90475069867984E-5,1.6587155697628807E-5],[1.90475069867984E-5,2.1631490611562417E-5,2.138354388398806E-5,2.2885678937505146E-5,2.138354388398806E-5,2.1631490611562417E-5,1.90475069867984E-5],[1.8760983128634231E-5,2.138354388398806E-5,2.2140772022829788E-5,2.2899429004932207E-5,2.2140772022829788E-5,2.138354388398806E-5,1.8760983128634231E-5],[2.0212427443351241E-5,2.2885678937505146E-5,2.2899429004932207E-5,2.4315347581537195E-5,2.2899429004932207E-5,2.2885678937505146E-5,2.0212427443351241E-5],[1.8760983128634231E-5,2.138354388398806E-5,2.2140772022829788E-5,2.2899429004932207E-5,2.2140772022829788E-5,2.138354388398806E-5,1.8760983128634231E-5],[1.90475069867984E-5,2.1631490611562417E-5,2.138354388398806E-5,2.2885678937505146E-5,2.138354388398806E-5,2.1631490611562417E-5,1.90475069867984E-5],[1.6587155697628807E-5,1.90475069867984E-5,1.8760983128634231E-5,2.0212427443351241E-5,1.8760983128634231E-5,1.90475069867984E-5,1.6587155697628807E-5]],[[1.8096237414337455E-5,2.0666148135024976E-5,2.03673584186184E-5,2.1884611674946248E-5,2.03673584186184E-5,2.0666148135024976E-5,1.8096237414337455E-5],[2.0666148135024976E-5,2.3357134288261165E-5,2.309937182407653E-5,2.4664806979479011E-5,2.309937182407653E-5,2.3357134288261165E-5,2.0666148135024976E-5],[2.03673584186184E-5,2.309937182407653E-5,2.3888176402290621E-5,2.4678464473106955E-5,2.3888176402290621E-5,2.309937182407653E-5,2.03673584186184E-5],[2.1884611674946248E-5,2.4664806979479011E-5,2.4678464473106955E-5,2.6152792212390018E-5,2.4678464473106955E-5,2.4664806979479011E-5,2.1884611674946248E-5],[2.03673584186184E-5,2.309937182407653E-5,2.3888176402290621E-5,2.4678464473106955E-5,2.3888176402290621E-5,2.309937182407653E-5,2.03673584186184E-5],[2.0666148135024976E-5,2.3357134288261165E-5,2.309937182407653E-5,2.4664806979479011E-5,2.309937182407653E-5,2.3357134288261165E-5,2.0666148135024976E-5],[1.8096237414337455E-5,2.0666148135024976E-5,2.03673584186184E-5,2.1884611674946248E-5,2.03673584186184E-5,2.0666148135024976E-5,1.8096237414337455E-5]],[[1.9671032964220666E-5,2.2350430602085873E-5,2.2039383932983625E-5,2.3622402160387272E-5,2.2039383932983625E-5,2.2350430602085873E-5,1.9671032964220666E-5],[2.2350430602085873E-5,2.5148350726283991E-5,2.4880779044827409E-5,2.6509473311923539E-5,2.4880779044827409E-5,2.5148350726283991E-5,2.2350430602085873E-5],[2.2039383932983625E-5,2.4880779044827409E-5,2.5701139689658851E-5,2.6523038442717346E-5,2.5701139689658851E-5,2.4880779044827409E-5,2.2039383932983625E-5],[2.3622402160387272E-5,2.6509473311923539E-5,2.6523038442717346E-5,2.8055737805627843E-5,2.6523038442717346E-5,2.6509473311923539E-5,2.3622402160387272E-5],[2.2039383932983625E-5,2.4880779044827409E-5,2.5701139689658851E-5,2.6523038442717346E-5,2.5701139689658851E-5,2.4880779044827409E-5,2.2039383932983625E-5],[2.2350430602085873E-5,2.5148350726283991E-5,2.4880779044827409E-5,2.6509473311923539E-5,2.4880779044827409E-5,2.5148350726283991E-5,2.2350430602085873E-5],[1.9671032964220666E-5,2.2350430602085873E-5,2.2039383932983625E-5,2.3622402160387272E-5,2.2039383932983625E-5,2.2350430602085873E-5,1.9671032964220666E-5]],[[2.1311499270258779E-5,2.4100312749712155E-5,2.3777017592185978E-5,2.5425757681258261E-5,2.3777017592185978E-5,2.4100312749712155E-5,2.1311499270258779E-5],[2.4100312749712155E-5,2.7005099693195278E-5,2.6727725070847604E-5,2.84196383166123E-5,2.6727725070847604E-5,2.7005099693195278E-5,2.4100312749712155E-5],[2.3777017592185978E-5,2.6727725070847604E-5,2.7579621846263042E-5,2.8433111312505837E-5,2.7579621846263042E-5,2.6727725070847604E-5,2.3777017592185978E-5],[2.5425757681258261E-5,2.84196383166123E-5,2.8433111312505837E-5,3.0024145584408474E-5,2.8433111312505837E-5,2.84196383166123E-5,2.5425757681258261E-5],[2.3777017592185978E-5,2.6727725070847604E-5,2.7579621846263042E-5,2.8433111312505837E-5,2.7579621846263042E-5,2.6727725070847604E-5,2.3777017592185978E-5],[2.4100312749712155E-5,2.7005099693195278E-5,2.6727725070847604E-5,2.84196383166123E-5,2.6727725070847604E-5,2.7005099693195278E-5,2.4100312749712155E-5],[2.1311499270258779E-5,2.4100312749712155E-5,2.3777017592185978E-5,2.5425757681258261E-5,2.3777017592185978E-5,2.4100312749712155E-5,2.1311499270258779E-5]],[[2.301759411545768E-5,2.5915753783489964E-5,2.5580218246072391E-5,2.7294637952396337E-5,2.5580218246072391E-5,2.5915753783489964E-5,2.301759411545768E-5],[2.5915753783489964E-5,2.8927341732184172E-5,2.8640170245083208E-5,3.0395263154547449E-5,2.8640170245083208E-5,2.8927341732184172E-5,2.5915753783489964E-5],[2.5580218246072391E-5,2.8640170245083208E-5,2.9523583627050576E-5,3.0408644250051057E-5,2.9523583627050576E-5,2.8640170245083208E-5,2.5580218246072391E-5],[2.7294637952396337E-5,3.0395263154547449E-5,3.0408644250051057E-5,3.2057977485262479E-5,3.0408644250051057E-5,3.0395263154547449E-5,2.729463795239634E-5],[2.5580218246072391E-5,2.8640170245083208E-5,2.9523583627050576E-5,3.0408644250051057E-5,2.9523583627050576E-5,2.8640170245083208E-5,2.5580218246072391E-5],[2.5915753783489964E-5,2.8927341732184172E-5,2.8640170245083208E-5,3.0395263154547449E-5,2.8640170245083208E-5,2.8927341732184172E-5,2.5915753783489964E-5],[2.301759411545768E-5,2.5915753783489964E-5,2.5580218246072391E-5,2.729463795239634E-5,2.5580218246072391E-5,2.5915753783489964E-5,2.301759411545768E-5]],[[2.4789276124152046E-5,2.7796713705355496E-5,2.7448945605789802E-5,2.9229003530741174E-5,2.7448945605789802E-5,2.7796713705355496E-5,2.4789276124152046E-5],[2.7796713705355496E-5,3.0915038097776471E-5,3.0618075655572489E-5,3.2436309682519949E-5,3.0618075655572489E-5,3.0915038097776471E-5,2.7796713705355496E-5],[2.7448945605789802E-5,3.0618075655572489E-5,3.1532986503737242E-5,3.2449599111310211E-5,3.1532986503737242E-5,3.0618075655572489E-5,2.7448945605789802E-5],[2.9229003530741174E-5,3.2436309682519949E-5,3.2449599111310211E-5,3.4157196073721988E-5,3.2449599111310211E-5,3.2436309682519949E-5,2.9229003530741174E-5],[2.7448945605789802E-5,3.0618075655572489E-5,3.1532986503737242E-5,3.2449599111310211E-5,3.1532986503737242E-5,3.0618075655572489E-5,2.7448945605789802E-5],[2.7796713705355496E-5,3.0915038097776471E-5,3.0618075655572489E-5,3.2436309682519949E-5,3.0618075655572489E-5,3.0915038097776471E-5,2.7796713705355496E-5],[2.4789276124152046E-5,2.7796713705355496E-5,2.7448945605789802E-5,2.9229003530741174E-5,2.7448945605789802E-5,2.7796713705355496E-5,2.4789276124152046E-5]],[[2.6626504727868209E-5,2.9743153256365982E-5,2.9383160172064122E-5,3.1228815726599671E-5,2.9383160172064122E-5,2.9743153256365982E-5,2.6626504727868209E-5],[2.9743153256365982E-5,3.2968150683127963E-5,3.2661403056756005E-5,3.4542740365389874E-5,3.2661403056756005E-5,3.2968150683127963E-5,2.9743153256365982E-5],[2.9383160172064122E-5,3.2661403056756005E-5,3.3607792582580349E-5,3.455593835485005E-5,3.3607792582580349E-5,3.2661403056756005E-5,2.9383160172064122E-5],[3.1228815726599671E-5,3.4542740365389874E-5,3.455593835485005E-5,3.6321764453804051E-5,3.455593835485005E-5,3.4542740365389881E-5,3.1228815726599671E-5],[2.9383160172064122E-5,3.2661403056756005E-5,3.3607792582580349E-5,3.455593835485005E-5,3.3607792582580349E-5,3.2661403056756005E-5,2.9383160172064122E-5],[2.9743153256365982E-5,3.2968150683127963E-5,3.2661403056756005E-5,3.4542740365389881E-5,3.2661403056756005E-5,3.2968150683127969E-5,2.9743153256365985E-5],[2.6626504727868209E-5,2.9743153256365982E-5,2.9383160172064122E-5,3.1228815726599671E-5,2.9383160172064122E-5,2.9743153256365985E-5,2.6626504727868209E-5]],[[2.85292401184573E-5,3.1755033850168338E-5,3.1382823158690576E-5,3.3294036513739532E-5,3.1382823158690576E-5,3.1755033850168338E-5,2.85292401184573E-5],[3.1755033850168338E-5,3.5086641938242291E-5,3.47701147839056E-5,3.6714518181842285E-5,3.47701147839056E-5,3.5086641938242291E-5,3.1755033850168338E-5],[3.1382823158690576E-5,3.47701147839056E-5,3.5747964515095737E-5,3.67276249488452E-5,3.5747964515095737E-5,3.47701147839056E-5,3.1382823158690576E-5],[3.3294036513739532E-5,3.6714518181842285E-5,3.67276249488452E-5,3.8551646169277567E-5,3.67276249488452E-5,3.6714518181842285E-5,3.3294036513739532E-5],[3.1382823158690576E-5,3.47701147839056E-5,3.5747964515095737E-5,3.67276249488452E-5,3.5747964515095737E-5,3.47701147839056E-5,3.1382823158690576E-5],[3.1755033850168338E-5,3.5086641938242291E-5,3.47701147839056E-5,3.6714518181842285E-5,3.47701147839056E-5,3.5086641938242291E-5,3.1755033850168338E-5],[2.85292401184573E-5,3.1755033850168338E-5,3.1382823158690576E-5,3.3294036513739532E-5,3.1382823158690576E-5,3.1755033850168338E-5,2.8529240118457304E-5]],[[3.0497443190023176E-5,3.3832317496996214E-5,3.344789640988147E-5,3.5424628435305928E-5,3.344789640988147E-5,3.3832317496996214E-5,3.0497443190023176E-5],[3.3832317496996214E-5,3.7270474778022494E-5,3.69441736590257E-5,3.8951606521345233E-5,3.69441736590257E-5,3.7270474778022494E-5,3.3832317496996214E-5],[3.344789640988147E-5,3.69441736590257E-5,3.7953465399865328E-5,3.8964622268784E-5,3.7953465399865328E-5,3.69441736590257E-5,3.344789640988147E-5],[3.5424628435305928E-5,3.8951606521345233E-5,3.8964622268784E-5,4.0846805094471953E-5,3.8964622268784E-5,3.8951606521345233E-5,3.5424628435305928E-5],[3.344789640988147E-5,3.69441736590257E-5,3.7953465399865328E-5,3.8964622268784E-5,3.7953465399865328E-5,3.69441736590257E-5,3.344789640988147E-5],[3.3832317496996214E-5,3.7270474778022494E-5,3.69441736590257E-5,3.8951606521345233E-5,3.69441736590257E-5,3.7270474778022494E-5,3.3832317496996214E-5],[3.0497443190023176E-5,3.3832317496996214E-5,3.344789640988147E-5,3.5424628435305928E-5,3.344789640988147E-5,3.3832317496996214E-5,3.0497443190023176E-5]],[[3.2531075470274857E-5,3.5974966717496274E-5,3.5578342309950056E-5,3.7620554502878756E-5,3.5578342309950056E-5,3.5974966717496274E-5,3.2531075470274857E-5],[3.5974966717496274E-5,3.9519612478650959E-5,3.9183542886354239E-5,4.1253969069922519E-5,3.9183542886354239E-5,3.9519612478650959E-5,3.5974966717496274E-5],[3.5578342309950056E-5,3.9183542886354239E-5,4.0224258673375911E-5,4.126689398363449E-5,4.0224258673375911E-5,3.9183542886354239E-5,3.5578342309950056E-5],[3.7620554502878756E-5,4.1253969069922519E-5,4.126689398363449E-5,4.3207205312160049E-5,4.126689398363449E-5,4.1253969069922519E-5,3.7620554502878756E-5],[3.5578342309950056E-5,3.9183542886354239E-5,4.0224258673375911E-5,4.126689398363449E-5,4.0224258673375911E-5,3.9183542886354239E-5,3.5578342309950056E-5],[3.5974966717496274E-5,3.9519612478650959E-5,3.9183542886354239E-5,4.1253969069922519E-5,3.9183542886354239E-5,3.9519612478650959E-5,3.5974966717496274E-5],[3.2531075470274857E-5,3.5974966717496274E-5,3.5578342309950056E-5,3.7620554502878756E-5,3.5578342309950056E-5,3.5974966717496274E-5,3.2531075470274857E-5]],[[3.4630099041211673E-5,3.8182944445213565E-5,3.7774123683553804E-5,3.9881778086022045E-5,3.7774123683553804E-5,3.8182944445213565E-5,3.4630099041211673E-5],[3.8182944445213565E-5,4.18340185603363E-5,4.1488185935249212E-5,4.3621569682052204E-5,4.1488185935249212E-5,4.18340185603363E-5,3.8182944445213565E-5],[3.7774123683553804E-5,4.1488185935249212E-5,4.2560307987482156E-5,4.3634403927872245E-5,4.2560307987482156E-5,4.1488185935249212E-5,3.7774123683553804E-5],[3.9881778086022045E-5,4.3621569682052204E-5,4.3634403927872245E-5,4.5632810975647814E-5,4.3634403927872245E-5,4.3621569682052204E-5,3.9881778086022045E-5],[3.7774123683553804E-5,4.1488185935249212E-5,4.2560307987482156E-5,4.3634403927872245E-5,4.2560307987482156E-5,4.1488185935249212E-5,3.7774123683553804E-5],[3.8182944445213565E-5,4.18340185603363E-5,4.1488185935249212E-5,4.3621569682052204E-5,4.1488185935249212E-5,4.18340185603363E-5,3.8182944445213565E-5],[3.4630099041211673E-5,3.8182944445213565E-5,3.7774123683553804E-5,3.9881778086022045E-5,3.7774123683553804E-5,3.8182944445213565E-5,3.4630099041211673E-5]],[[3.67944764484387E-5,4.0456213916074294E-5,4.0035203684436009E-5,4.220826278958742E-5,4.0035203684436009E-5,4.0456213916074294E-5,3.67944764484387E-5],[4.0456213916074294E-5,4.4213656653963814E-5,4.3858066407852876E-5,4.6054372235620931E-5,4.3858066407852876E-5,4.4213656653963814E-5,4.0456213916074294E-5],[4.0035203684436009E-5,4.3858066407852876E-5,4.4961577070683785E-5,4.6067115956355247E-5,4.4961577070683785E-5,4.3858066407852876E-5,4.0035203684436009E-5],[4.220826278958742E-5,4.6054372235620931E-5,4.6067115956355247E-5,4.8123586151727822E-5,4.6067115956355247E-5,4.6054372235620931E-5,4.220826278958742E-5],[4.0035203684436009E-5,4.3858066407852876E-5,4.4961577070683785E-5,4.6067115956355247E-5,4.4961577070683785E-5,4.3858066407852876E-5,4.0035203684436009E-5],[4.0456213916074294E-5,4.4213656653963814E-5,4.3858066407852876E-5,4.6054372235620931E-5,4.3858066407852876E-5,4.4213656653963814E-5,4.0456213916074294E-5],[3.67944764484387E-5,4.0456213916074294E-5,4.0035203684436009E-5,4.220826278958742E-5,4.0035203684436009E-5,4.0456213916074294E-5,3.67944764484387E-5]],[[3.9024170597868187E-5,4.2794738542700036E-5,4.2361545670242115E-5,4.4599972315737945E-5,4.2361545670242115E-5,4.2794738542700036E-5,3.9024170597868187E-5],[4.2794738542700036E-5,4.66584903486098E-5,4.6293147888420394E-5,4.8552340466322973E-5,4.6293147888420394E-5,4.66584903486098E-5,4.2794738542700036E-5],[4.2361545670242115E-5,4.6293147888420394E-5,4.7428029569869611E-5,4.8564993778465909E-5,4.7428029569869611E-5,4.6293147888420394E-5,4.2361545670242115E-5],[4.4599972315737945E-5,4.8552340466322973E-5,4.8564993778465909E-5,5.06794946405154E-5,4.8564993778465909E-5,4.8552340466322973E-5,4.4599972315737945E-5],[4.2361545670242115E-5,4.6293147888420394E-5,4.7428029569869611E-5,4.8564993778465909E-5,4.7428029569869611E-5,4.6293147888420394E-5,4.2361545670242115E-5],[4.2794738542700036E-5,4.66584903486098E-5,4.6293147888420394E-5,4.8552340466322973E-5,4.6293147888420394E-5,4.66584903486098E-5,4.2794738542700036E-5],[3.9024170597868187E-5,4.2794738542700036E-5,4.2361545670242115E-5,4.4599972315737945E-5,4.2361545670242115E-5,4.2794738542700036E-5,3.9024170597868187E-5]],[[4.1319144637989914E-5,4.5198481770804176E-5,4.4753113060505677E-5,4.7056870307213271E-5,4.4753113060505677E-5,4.5198481770804176E-5,4.1319144637989914E-5],[4.5198481770804176E-5,4.9168483016168594E-5,4.8793393770549416E-5,5.1115437777181843E-5,4.8793393770549416E-5,4.9168483016168594E-5,4.5198481770804176E-5],[4.4753113060505677E-5,4.8793393770549416E-5,4.9959628868494064E-5,5.1128000767212495E-5,4.9959628868494064E-5,4.8793393770549416E-5,4.4753113060505677E-5],[4.7056870307213271E-5,5.1115437777181843E-5,5.1128000767212495E-5,5.3300499767366869E-5,5.1128000767212495E-5,5.1115437777181843E-5,4.7056870307213271E-5],[4.4753113060505677E-5,4.8793393770549416E-5,4.9959628868494064E-5,5.1128000767212495E-5,4.9959628868494064E-5,4.8793393770549416E-5,4.4753113060505677E-5],[4.5198481770804176E-5,4.9168483016168594E-5,4.8793393770549416E-5,5.1115437777181843E-5,4.8793393770549416E-5,4.9168483016168594E-5,4.5198481770804176E-