{"M_cells":[[[0,0,0,0,0],[0,0,0,0,0],[0,0,0,0,0],[0,0,0,0,0],[0,0,0,0,0]],[[0.00040319791029955882,0.00096490732882414075,0.0011318753429746741,0.00096490732882414086,0.00040319791029955882],[0.00096490732882414075,0.0019382313719921156,0.002235833690102689,0.0019382313719921156,0.00096490732882414086],[0.0011318753429746741,0.002235833690102689,0.002576980475510126,0.002235833690102689,0.0011318753429746741],[0.00096490732882414086,0.0019382313719921156,0.002235833690102689,0.0019382313719921156,0.00096490732882414086],[0.00040319791029955882,0.00096490732882414086,0.0011318753429746741,0.00096490732882414086,0.00040319791029955882]],[[0.0020431015755163966,0.003265654914773606,0.0036483857209644913,0.0032656549147736065,0.002043101575516397],[0.003265654914773606,0.0047762160197047845,0.0052605648784413619,0.0047762160197047845,0.0032656549147736065],[0.0036483857209644913,0.0052605648784413619,0.0057787890928329456,0.0052605648784413627,0.0036483857209644913],[0.0032656549147736065,0.0047762160197047845,0.0052605648784413627,0.0047762160197047853,0.0032656549147736065],[0.002043101575516397,0.0032656549147736065,0.0036483857209644913,0.0032656549147736065,0.002043101575516397]],[[0.0046522758186196165,0.006290548049753166,0.006818597901360508,0.0062905480497531651,0.0046522758186196165],[0.006290548049753166,0.0080879083909252223,0.0086774167993343438,0.0080879083909252223,0.0062905480497531651],[0.006818597901360508,0.0086774167993343438,0.00928741351040192,0.0086774167993343438,0.006818597901360508],[0.0062905480497531651,0.0080879083909252223,0.0086774167993343438,0.0080879083909252223,0.0062905480497531651],[0.0046522758186196165,0.0062905480497531651,0.006818597901360508,0.0062905480497531651,0.0046522758186196165]],[[0.0078300492694958878,0.00969904651892224,0.010311101421393465,0.0096990465189222379,0.0078300492694958861],[0.00969904651892224,0.011647255276143475,0.012293448081517258,0.011647255276143473,0.0096990465189222379],[0.010311101421393465,0.012293448081517258,0.012951021474742606,0.012293448081517257,0.010311101421393465],[0.0096990465189222379,0.011647255276143473,0.012293448081517257,0.011647255276143473,0.0096990465189222379],[0.0078300492694958861,0.0096990465189222379,0.010311101421393465,0.0096990465189222379,0.0078300492694958861]],[[0.01131663176256165,0.01330859161040927,0.013966450528416375,0.01330859161040927,0.01131663176256165],[0.01330859161040927,0.015335602937009226,0.016011755731855187,0.015335602937009226,0.01330859161040927],[0.013966450528416375,0.016011755731855187,0.016694007201686793,0.016011755731855187,0.013966450528416375],[0.01330859161040927,0.015335602937009226,0.016011755731855187,0.015335602937009227,0.01330859161040927],[0.01131663176256165,0.01330859161040927,0.013966450528416375,0.01330859161040927,0.01131663176256165]],[[0.014966491875722418,0.017023005337151495,0.017705207170604389,0.017023005337151495,0.014966491875722418],[0.017023005337151495,0.019091070793642237,0.019782919080646545,0.019091070793642237,0.017023005337151495],[0.017705207170604389,0.019782919080646545,0.020477983235978041,0.019782919080646545,0.017705207170604389],[0.017023005337151495,0.019091070793642237,0.019782919080646545,0.019091070793642237,0.017023005337151495],[0.014966491875722418,0.017023005337151495,0.017705207170604389,0.017023005337151495,0.014966491875722418]],[[0.018701818453397041,0.020792036647338343,0.02148702829433391,0.020792036647338343,0.018701818453397041],[0.020792036647338343,0.022881485047573032,0.02358152840070054,0.022881485047573032,0.020792036647338343],[0.02148702829433391,0.02358152840070054,0.024283255858099543,0.02358152840070054,0.02148702829433391],[0.020792036647338343,0.022881485047573032,0.02358152840070054,0.022881485047573032,0.020792036647338343],[0.018701818453397041,0.020792036647338343,0.02148702829433391,0.020792036647338343,0.018701818453397041]],[[0.022481735690997869,0.02458953328167927,0.025291215086012207,0.02458953328167927,0.022481735690997869],[0.02458953328167927,0.026690139169539124,0.027394461649511433,0.026690139169539124,0.02458953328167927],[0.025291215086012207,0.027394461649511433,0.028099664460393886,0.027394461649511433,0.025291215086012207],[0.02458953328167927,0.026690139169539124,0.027394461649511433,0.026690139169539124,0.02458953328167927],[0.022481735690997869,0.02458953328167927,0.025291215086012207,0.02458953328167927,0.022481735690997869]],[[0.026284924128786066,0.028401907692344398,0.029107088445685683,0.028401907692344398,0.026284924128786066],[0.028401907692344398,0.030508360346436565,0.031214923938581836,0.030508360346436565,0.028401907692344398],[0.029107088445685683,0.031214923938581836,0.031921948532041722,0.031214923938581836,0.029107088445685683],[0.028401907692344398,0.030508360346436565,0.031214923938581836,0.030508360346436565,0.028401907692344398],[0.026284924128786066,0.028401907692344398,0.029107088445685683,0.028401907692344398,0.026284924128786066]],[[0.030100295831242439,0.032222102932947715,0.032929119865809042,0.032222102932947715,0.030100295831242439],[0.032222102932947715,0.034331643522800916,0.035039388607784126,0.034331643522800916,0.032222102932947715],[0.032929119865809042,0.035039388607784126,0.035747376438779024,0.035039388607784126,0.032929119865809042],[0.032222102932947715,0.034331643522800916,0.035039388607784126,0.034331643522800916,0.032222102932947715],[0.030100295831242439,0.032222102932947715,0.032929119865809042,0.032222102932947715,0.030100295831242439]],[[0.033922088213043322,0.036046451173784196,0.036754439033340004,0.036046451173784196,0.033922088213043322],[0.036046451173784196,0.038157644533962365,0.038866019841257329,0.038157644533962365,0.036046451173784196],[0.036754439033340004,0.038866019841257329,0.039574524312709643,0.038866019841257329,0.036754439033340004],[0.036046451173784196,0.038157644533962365,0.038866019841257329,0.038157644533962365,0.036046451173784196],[0.033922088213043322,0.036046451173784196,0.036754439033340004,0.036046451173784196,0.033922088213043322]],[[0.03774730397175919,0.039873042047762874,0.04058155025746496,0.039873042047762874,0.03774730397175919],[0.039873042047762874,0.041985139232513166,0.042693857253928082,0.041985139232513166,0.039873042047762874],[0.04058155025746496,0.042693857253928082,0.04340264522036795,0.042693857253928082,0.04058155025746496],[0.039873042047762874,0.041985139232513166,0.042693857253928082,0.041985139232513166,0.039873042047762874],[0.03774730397175919,0.039873042047762874,0.04058155025746496,0.039873042047762874,0.03774730397175919]],[[0.04157438013218679,0.043700876150912782,0.044409669368727131,0.043700876150912782,0.04157438013218679],[0.043700876150912782,0.045813483844658026,0.046522393825557652,0.045813483844658026,0.043700876150912782],[0.044409669368727131,0.046522393825557652,0.047231342731579293,0.046522393825557652,0.044409669368727131],[0.043700876150912782,0.045813483844658026,0.046522393825557652,0.045813483844658026,0.043700876150912782],[0.04157438013218679,0.043700876150912782,0.044409669368727131,0.043700876150912782,0.04157438013218679]],[[0.045402497247147115,0.047529426106245706,0.0482383805974006,0.047529426106245706,0.045402497247147115],[0.047529426106245706,0.049642335226366234,0.050351357276006883,0.049642335226366234,0.047529426106245706],[0.0482383805974006,0.050351357276006883,0.051060401847322336,0.050351357276006883,0.0482383805974006],[0.047529426106245706,0.049642335226366234,0.050351357276006883,0.049642335226366234,0.047529426106245706],[0.045402497247147115,0.047529426106245706,0.0482383805974006,0.047529426106245706,0.045402497247147115]],[[0.049231221119004291,0.0513584090024729,0.052067458862771421,0.0513584090024729,0.049231221119004291],[0.0513584090024729,0.053471505841066018,0.054180596763551116,0.053471505841066018,0.0513584090024729],[0.052067458862771421,0.054180596763551116,0.054889701374620285,0.054180596763551116,0.052067458862771421],[0.0513584090024729,0.053471505841066018,0.054180596763551116,0.053471505841066018,0.0513584090024729],[0.049231221119004291,0.0513584090024729,0.052067458862771421,0.0513584090024729,0.049231221119004291]],[[0.053060317029646628,0.055187668412086263,0.055896777674978831,0.055187668412086263,0.053060317029646628],[0.055187668412086263,0.057300888561305267,0.058010024136717561,0.057300888561305267,0.055187668412086263],[0.055896777674978831,0.058010024136717561,0.058719168483646084,0.058010024136717561,0.055896777674978831],[0.055187668412086263,0.057300888561305267,0.058010024136717561,0.057300888561305267,0.055187668412086263],[0.053060317029646628,0.055187668412086263,0.055896777674978831,0.055187668412086263,0.053060317029646628]],[[0.056889653413780356,0.05901711320531132,0.059726261375126259,0.05901711320531132,0.056889653413780356],[0.05901711320531132,0.061130417656301866,0.061839583449575443,0.061130417656301866,0.05901711320531132],[0.059726261375126259,0.061839583449575443,0.062548755117747629,0.061839583449575436,0.059726261375126259],[0.05901711320531132,0.061130417656301866,0.061839583449575436,0.061130417656301866,0.05901711320531132],[0.056889653413780356,0.05901711320531132,0.059726261375126259,0.05901711320531132,0.056889653413780356]],[[0.060719151894364096,0.062846685798626914,0.063555860344595691,0.062846685798626914,0.060719151894364096],[0.062846685798626914,0.064960048531384512,0.065669235121015121,0.064960048531384512,0.062846685798626914],[0.063555860344595691,0.065669235121015121,0.066378425725477114,0.065669235121015121,0.063555860344595691],[0.062846685798626914,0.064960048531384512,0.065669235121015121,0.064960048531384512,0.062846685798626914],[0.060719151894364096,0.062846685798626914,0.063555860344595691,0.062846685798626914,0.060719151894364096]],[[0.064548761345666616,0.066676345656249358,0.067385538114356561,0.066676345656249358,0.064548761345666616],[0.066676345656249358,0.0687897471836303,0.069498947680759537,0.0687897471836303,0.066676345656249358],[0.067385538114356561,0.069498947680759537,0.0702081508577724,0.069498947680759537,0.067385538114356561],[0.066676345656249358,0.0687897471836303,0.069498947680759537,0.0687897471836303,0.066676345656249358],[0.064548761345666616,0.066676345656249358,0.067385538114356561,0.066676345656249358,0.064548761345666616]],[[0.068378444407130715,0.070506060694370112,0.071215264638744891,0.070506060694370112,0.068378444407130715],[0.070506060694370112,0.072619484690555181,0.073328693444648069,0.072619484690555181,0.070506060694370112],[0.071215264638744891,0.073328693444648069,0.074037903802157259,0.073328693444648069,0.071215264638744891],[0.070506060694370112,0.072619484690555181,0.073328693444648069,0.072619484690555181,0.070506060694370112],[0.068378444407130715,0.070506060694370112,0.071215264638744891,0.070506060694370112,0.068378444407130715]],[[0.072208170447620693,0.074335802778457152,0.075045012761227867,0.074335802778457152,0.072208170447620693],[0.074335802778457152,0.076449234304412389,0.077158446223392463,0.076449234304412389,0.074335802778457152],[0.075045012761227867,0.077158446223392463,0.077867658787938221,0.077158446223392463,0.075045012761227867],[0.074335802778457152,0.076449234304412389,0.077158446223392463,0.076449234304412389,0.074335802778457152],[0.072208170447620693,0.074335802778457152,0.075045012761227867,0.074335802778457152,0.072208170447620693]],[[0.076037911869856992,0.078165545338815048,0.078874756331355655,0.078165545338815048,0.076037911869856992],[0.078165545338815048,0.080278969893665952,0.080988180081923419,0.080278969893665952,0.078165545338815048],[0.078874756331355655,0.080988180081923419,0.081697390002244769,0.080988180081923419,0.078874756331355655],[0.078165545338815048,0.080278969893665952,0.080988180081923419,0.080278969893665952,0.078165545338815048],[0.076037911869856992,0.078165545338815048,0.078874756331355655,0.078165545338815048,0.076037911869856992]],[[0.079867642142830556,0.0819952620806528,0.082704469174057063,0.0819952620806528,0.079867642142830556],[0.0819952620806528,0.08410866507914129,0.084817868639633379,0.08410866507914129,0.0819952620806528],[0.082704469174057063,0.084817868639633379,0.085527071022647422,0.084817868639633379,0.082704469174057063],[0.0819952620806528,0.08410866507914129,0.084817868639633379,0.08410866507914129,0.0819952620806528],[0.079867642142830556,0.0819952620806528,0.082704469174057063,0.0819952620806528,0.079867642142830556]],[[0.083697334726151928,0.085824926257595621,0.0865341244968481,0.085824926257595621,0.083697334726151928],[0.085824926257595621,0.087938292726224124,0.088647484646911912,0.087938292726224124,0.085824926257595621],[0.0865341244968481,0.088647484646911912,0.089356674461575011,0.088647484646911912,0.0865341244968481],[0.085824926257595621,0.087938292726224124,0.088647484646911912,0.087938292726224124,0.085824926257595621],[0.083697334726151928,0.085824926257595621,0.0865341244968481,0.085824926257595621,0.083697334726151928]],[[0.087526962452910043,0.089654510233238713,0.0903636945199151,0.089654510233238713,0.087526962452910043],[0.089654510233238713,0.09176782461739956,0.092476999700610241,0.09176782461739956,0.089654510233238713],[0.0903636945199151,0.092476999700610241,0.093186171716168831,0.092476999700610241,0.0903636945199151],[0.089654510233238713,0.09176782461739956,0.092476999700610241,0.09176782461739956,0.089654510233238713],[0.087526962452910043,0.089654510233238713,0.0903636945199151,0.089654510233238713,0.087526962452910043]],[[0.0913564971458442,0.093483985187490334,0.094193150217170521,0.093483985187490334,0.0913564971458442],[0.093483985187490334,0.095597231213566086,0.096306384026755551,0.095597231213566086,0.093483985187490334],[0.094193150217170521,0.096306384026755551,0.097015532767959073,0.096306384026755551,0.094193150217170521],[0.093483985187490334,0.095597231213566086,0.096306384026755551,0.095597231213566086,0.093483985187490334],[0.0913564971458442,0.093483985187490334,0.094193150217170521,0.093483985187490334,0.0913564971458442]],[[0.095185909349864456,0.097313320893143207,0.098022461109938092,0.097313320893143207,0.095185909349864456],[0.097313320893143207,0.099426481456331442,0.10013560629301957,0.099426481456331442,0.097313320893143207],[0.098022461109938092,0.10013560629301957,0.10084472600319198,0.10013560629301957,0.098022461109938092],[0.097313320893143207,0.099426481456331442,0.10013560629301957,0.099426481456331442,0.097313320893143207],[0.095185909349864456,0.097313320893143207,0.098022461109938092,0.097313320893143207,0.095185909349864456]],[[0.099015168119852531,0.10114248552363739,0.10185159508262916,0.10114248552363739,0.099015168119852531],[0.10114248552363739,0.10325554258610867,0.10396463343108947,0.10325554258610867,0.10114248552363739],[0.10185159508262916,0.10396463343108947,0.10467371803826322,0.10396463343108947,0.10185159508262916],[0.10114248552363739,0.10325554258610867,0.10396463343108947,0.10325554258610867,0.10114248552363739],[0.099015168119852531,0.10114248552363739,0.10185159508262916,0.10114248552363739,0.099015168119852531]],[[0.10284424083173961,0.10497144547134472,0.10568051820409326,0.10497144547134472,0.10284424083173961],[0.10497144547134472,0.10708437996251947,0.10779343045820984,0.10708437996251947,0.10497144547134472],[0.10568051820409326,0.10779343045820984,0.10850247354175524,0.10779343045820984,0.10568051820409326],[0.10497144547134472,0.10708437996251947,0.10779343045820984,0.10708437996251947,0.10497144547134472],[0.10284424083173961,0.10497144547134472,0.10568051820409326,0.10497144547134472,0.10284424083173961]],[[0.10667309299975214,0.10880016516517194,0.10950919454570641,0.10880016516517194,0.10667309299975214],[0.10880016516517194,0.11091295687959941,0.1116219602918176,0.11091295687959941,0.10880016516517194],[0.10950919454570641,0.1116219602918176,0.11233095504815029,0.1116219602918176,0.10950919454570641],[0.10880016516517194,0.11091295687959941,0.1116219602918176,0.11091295687959941,0.10880016516517194],[0.10667309299975214,0.10880016516517194,0.10950919454570641,0.10880016516517194,0.10667309299975214]],[[0.11050168809057832,0.11262860688128459,0.11333758599112612,0.11262860688128459,0.11050168809057832],[0.11262860688128459,0.11474123437150405,0.11545018355369398,0.11474123437150405,0.11262860688128459],[0.11333758599112612,0.11545018355369398,0.11615912276023338,0.11545018355369398,0.11333758599112612],[0.11262860688128459,0.11474123437150405,0.11545018355369398,0.11474123437150405,0.11262860688128459],[0.11050168809057832,0.11262860688128459,0.11333758599112612,0.11262860688128459,0.11050168809057832]],[[0.11432998732910919,0.11645673054311619,0.11716565203451036,0.11645673054311619,0.11432998732910919],[0.11645673054311619,0.11856917100585647,0.11927805836115761,0.11856917100585647,0.11645673054311619],[0.11716565203451036,0.11927805836115761,0.11998693433800899,0.11927805836115761,0.11716565203451036],[0.11645673054311619,0.11856917100585647,0.11927805836115761,0.11856917100585647,0.11645673054311619],[0.11432998732910919,0.11645673054311619,0.11716565203451036,0.11645673054311619,0.11432998732910919]],[[0.11815794949246153,0.12028449350819846,0.120993349565031,0.12028449350819846,0.11815794949246153],[0.12028449350819846,0.12239672266275392,0.12310554010350161,0.12239672266275392,0.12028449350819846],[0.120993349565031,0.12310554010350161,0.12381434467248491,0.12310554010350162,0.120993349565031],[0.12028449350819846,0.12239672266275392,0.12310554010350162,0.12239672266275393,0.12028449350819846],[0.11815794949246153,0.12028449350819846,0.120993349565031,0.12028449350819846,0.11815794949246153]],[[0.121985530690058,0.12411185033997155,0.12482063263595759,0.12411185033997155,0.121985530690058],[0.12411185033997155,0.12622384229781922,0.12693258120214451,0.12622384229781922,0.12411185033997155],[0.12482063263595759,0.12693258120214451,0.1276413056428648,0.12693258120214451,0.12482063263595759],[0.12411185033997155,0.12622384229781922,0.12693258120214451,0.12622384229781924,0.12411185033997157],[0.121985530690058,0.12411185033997155,0.12482063263595759,0.12411185033997157,0.121985530690058]],[[0.12581268412797081,0.12793875256294562,0.12864745221681162,0.12793875256294562,0.12581268412797081],[0.12793875256294562,0.13005047968778569,0.13075913085303978,0.13005047968778569,0.12793875256294562],[0.12864745221681162,0.13075913085303978,0.13146776585572331,0.13075913085303978,0.12864745221681165],[0.12793875256294562,0.13005047968778569,0.13075913085303978,0.13005047968778569,0.12793875256294565],[0.12581268412797081,0.12793875256294562,0.12864745221681165,0.12793875256294565,0.12581268412797084]],[[0.12963935985600439,0.13176514839979592,0.13247375592715777,0.13176514839979592,0.12963935985600439],[0.13176514839979592,0.13387658115722126,0.13458513474994982,0.13387658115722126,0.13176514839979592],[0.13247375592715777,0.13458513474994982,0.13529367036478793,0.13458513474994982,0.13247375592715777],[0.13176514839979592,0.13387658115722126,0.13458513474994982,0.13387658115722126,0.13176514839979592],[0.12963935985600439,0.13176514839979592,0.13247375592715777,0.13176514839979592,0.12963935985600439]],[[0.13346550449608752,0.1355909824889624,0.136299487750656,0.1355909824889624,0.13346550449608752],[0.1355909824889624,0.13770208928498442,0.13841053478719931,0.13770208928498442,0.1355909824889624],[0.136299487750656,0.13841053478719931,0.13911896036993077,0.13841053478719931,0.136299487750656],[0.1355909824889624,0.13770208928498442,0.13841053478719931,0.13770208928498442,0.1355909824889624],[0.13346550449608752,0.1355909824889624,0.136299487750656,0.1355909824889624,0.13346550449608752]],[[0.13729106095052737,0.13941619558132115,0.14012458772788697,0.13941619558132115,0.13729106095052737],[0.13941619558132115,0.1415269425889488,0.14223526874041892,0.1415269425889488,0.13941619558132115],[0.14012458772788697,0.14223526874041892,0.14294357289389115,0.14223526874041892,0.14012458772788697],[0.13941619558132115,0.1415269425889488,0.14223526874041892,0.1415269425889488,0.13941619558132115],[0.13729106095052737,0.13941619558132115,0.14012458772788697,0.13941619558132115,0.13729106095052737]],[[0.14111596808869653,0.14324072421452214,0.14394899162660368,0.14324072421452214,0.14111596808869653],[0.14324072421452214,0.1453510751875966,0.14605926992389823,0.1453510751875966,0.14324072421452214],[0.14394899162660368,0.14605926992389823,0.14676744043533316,0.14605926992389823,0.14394899162660368],[0.14324072421452214,0.1453510751875966,0.14605926992389823,0.1453510751875966,0.14324072421452214],[0.14111596808869653,0.14324072421452214,0.14394899162660368,0.14324072421452214,0.14111596808869653]],[[0.1449401604107286,0.14706450036343233,0.14777263058781678,0.14706450036343233,0.1449401604107286],[0.14706450036343233,0.14917441643689783,0.14988246682294684,0.14917441643689783,0.14706450036343233],[0.14777263058781678,0.14988246682294684,0.15059049059663862,0.14988246682294684,0.14777263058781678],[0.14706450036343233,0.14917441643689783,0.14988246682294684,0.14917441643689783,0.14706450036343233],[0.1449401604107286,0.14706450036343233,0.14777263058781678,0.14706450036343233,0.1449401604107286]],[[0.14876356768666837,0.150887451065297,0.15159543074631343,0.150887451065297,0.14876356768666837],[0.150887451065297,0.15299689054108473,0.15370478269987534,0.15299689054108473,0.150887451065297],[0.15159543074631343,0.15370478269987534,0.15441264568504237,0.15370478269987534,0.15159543074631343],[0.150887451065297,0.15299689054108473,0.15370478269987534,0.15299689054108473,0.150887451065297],[0.14876356768666837,0.150887451065297,0.15159543074631343,0.150887451065297,0.14876356768666837]],[[0.15258611456965829,0.15470949801807882,0.15541731282403404,0.15470949801807882,0.15258611456965829],[0.15470949801807882,0.15681841613577316,0.15752613517203631,0.15681841613577316,0.15470949801807882],[0.15541731282403404,0.15752613517203631,0.15823382228555369,0.15752613517203631,0.15541731282403404],[0.15470949801807882,0.15681841613577316,0.15752613517203631,0.15681841613577316,0.15470949801807882],[0.15258611456965829,0.15470949801807882,0.15541731282403404,0.15470949801807882,0.15258611456965829]],[[0.15640772018166646,0.15853055715048919,0.15923819169500966,0.15853055715048919,0.15640772018166646],[0.15853055715048919,0.16063890584201951,0.16134643576056953,0.16063890584201951,0.15853055715048919],[0.15923819169500966,0.16134643576056953,0.16205393080431657,0.16134643576056953,0.15923819169500966],[0.15853055715048919,0.16063890584201951,0.16134643576056953,0.16063890584201951,0.15853055715048919],[0.15640772018166646,0.15853055715048919,0.15923819169500966,0.15853055715048919,0.15640772018166646]],[[0.16022829767028723,0.16235053816238168,0.16305797592022178,0.16235053816238168,0.16022829767028723],[0.16235053816238168,0.16445826578994088,0.16516558940840975,0.16445826578994088,0.16235053816238168],[0.16305797592022178,0.16516558940840975,0.16587287498098024,0.16516558940840975,0.16305797592022178],[0.16235053816238168,0.16445826578994088,0.16516558940840975,0.16445826578994088,0.16235053816238168],[0.16022829767028723,0.16235053816238168,0.16305797592022178,0.16235053816238168,0.16022829767028723]],[[0.16404775373530159,0.1661693440341212,0.16687656725132366,0.1661693440341212,0.16404775373530159],[0.1661693440341212,0.16827639511066281,0.16898349396642465,0.16827639511066281,0.1661693440341212],[0.16687656725132366,0.16898349396642465,0.16969055136897324,0.16898349396642465,0.16687656725132366],[0.1661693440341212,0.16827639511066281,0.16898349396642465,0.16827639511066281,0.1661693440341212],[0.16404775373530159,0.1661693440341212,0.16687656725132366,0.1661693440341212,0.16404775373530159]],[[0.16786598812373155,0.169986870503848,0.17069386010196871,0.169986870503848,0.16786598812373155],[0.169986870503848,0.17209318539556576,0.17280003964663573,0.17209318539556576,0.169986870503848],[0.17069386010196871,0.17280003964663573,0.17350684878266692,0.17280003964663573,0.17069386010196871],[0.169986870503848,0.17209318539556576,0.17280003964663573,0.17209318539556576,0.169986870503848],[0.16786598812373155,0.169986870503848,0.17069386010196871,0.169986870503848,0.16786598812373155]],[[0.17168289309237073,0.17380300551166766,0.17450974098593752,0.17380300551166766,0.17168289309237073],[0.17380300551166766,0.17590852012203523,0.17661510844180234,0.17590852012203523,0.17380300551166766],[0.17450974098593752,0.17661510844180234,0.17732164771076128,0.17661510844180234,0.17450974098593752],[0.17380300551166766,0.17590852012203523,0.17661510844180234,0.17590852012203523,0.17380300551166766],[0.17168289309237073,0.17380300551166766,0.17450974098593752,0.17380300551166766,0.17168289309237073]],[[0.17549835283697479,0.17761762861017807,0.17832408792143703,0.17761762861017807,0.17549835283697479],[0.17761762861017807,0.17972227404530239,0.18042857351100006,0.17972227404530239,0.17761762861017807],[0.17832408792143703,0.18042857351100006,0.18113481969558817,0.18042857351100006,0.17832408792143703],[0.17761762861017807,0.17972227404530239,0.18042857351100006,0.17972227404530239,0.17761762861017807],[0.17549835283697479,0.17761762861017807,0.17832408792143703,0.17761762861017807,0.17549835283697479]],[[0.17931224288768746,0.18143061034110053,0.18213676980150045,0.18143061034110053,0.17931224288768746],[0.18143061034110053,0.183534312556422,0.18424029853134369,0.183534312556422,0.18143061034110053],[0.18213676980150045,0.18424029853134369,0.18494622667857188,0.18424029853134369,0.18213676980150045],[0.18143061034110053,0.183534312556422,0.18424029853134369,0.183534312556422,0.18143061034110053],[0.17931224288768746,0.18143061034110053,0.18213676980150045,0.18143061034110053,0.17931224288768746]],[[0.18312442947077703,0.18524181157839803,0.18594764573084649,0.18524181157839803,0.18312442947077703],[0.18524181157839803,0.18734449100707512,0.18805013701662357,0.18734449100707512,0.18524181157839803],[0.18594764573084649,0.18805013701662357,0.18875572031273047,0.18805013701662357,0.18594764573084649],[0.18524181157839803,0.18734449100707512,0.18805013701662357,0.18734449100707512,0.18524181157839803],[0.18312442947077703,0.18524181157839803,0.18594764573084649,0.18524181157839803,0.18312442947077703]],[[0.1869347688372342,0.18905108283881161,0.18975656433043667,0.18905108283881161,0.1869347688372342],[0.18905108283881161,0.19115265400259981,0.19185793160444273,0.19115265400259981,0.18905108283881161],[0.18975656433043667,0.19185793160444273,0.19256314124394636,0.19185793160444273,0.18975656433043667],[0.18905108283881161,0.19115265400259981,0.19185793160444273,0.19115265400259981,0.18905108283881161],[0.1869347688372342,0.18905108283881161,0.18975656433043667,0.18905108283881161,0.1869347688372342]],[[0.19074310655977383,0.19285826356180344,0.19356336301163674,0.19285826356180344,0.19074310655977383],[0.19285826356180344,0.19495863466570804,0.19566351331442713,0.19495863466570804,0.19285826356180344],[0.19356336301163674,0.19566351331442713,0.19636831836376373,0.19566351331442713,0.19356336301163674],[0.19285826356180344,0.19495863466570804,0.19566351331442713,0.19495863466570804,0.19285826356180344],[0.19074310655977383,0.19285826356180344,0.19356336301163674,0.19285826356180344,0.19074310655977383]],[[0.19454927680043996,0.19666318136175073,0.19736786722325478,0.19666318136175073,0.19454927680043996],[0.19666318136175073,0.19876225387444788,0.19946670078134346,0.19876225387444788,0.19666318136175073],[0.19736786722325478,0.19946670078134346,0.20017106803776341,0.19946670078134346,0.19736786722325478],[0.19666318136175073,0.19876225387444788,0.19946670078134346,0.19876225387444788,0.19666318136175073],[0.19454927680043996,0.19666318136175073,0.19736786722325478,0.19666318136175073,0.19454927680043996]],[[0.19835310155247765,0.2004656512567283,0.201169889675836,0.2004656512567283,0.19835310155247765],[0.2004656512567283,0.20256331947949879,0.203267299468424,0.20256331947949879,0.2004656512567283],[0.201169889675836,0.203267299468424,0.20397119331509156,0.203267299468424,0.201169889675836],[0.2004656512567283,0.20256331947949879,0.203267299468424,0.20256331947949879,0.2004656512567283],[0.19835310155247765,0.2004656512567283,0.201169889675836,0.2004656512567283,0.19835310155247765]],[[0.20215438986138431,0.20426547487969945,0.20496922954944721,0.20426547487969945,0.20215438986138431],[0.20426547487969945,0.20636162550760964,0.20706510086805671,0.20636162550760964,0.20426547487969945],[0.20496922954944721,0.20706510086805671,0.20776848312662091,0.20706510086805671,0.20496922954944721],[0.20426547487969945,0.20636162550760964,0.20706510086805671,0.20636162550760964,0.20426547487969945],[0.20215438986138431,0.20426547487969945,0.20496922954944721,0.20426547487969945,0.20215438986138431]],[[0.20595293703190298,0.20806243967990867,0.20876567169304272,0.20806243967990867,0.20595293703190298],[0.20806243967990867,0.21015695136010262,0.21085988169912864,0.21015695136010262,0.20806243967990867],[0.20876567169304272,0.21085988169912864,0.21156271148142047,0.21085988169912864,0.20876567169304272],[0.20806243967990867,0.21015695136010262,0.21085988169912864,0.21015695136010262,0.20806243967990867],[0.20595293703190298,0.20806243967990867,0.20876567169304272,0.20806243967990867,0.20595293703190298]],[[0.20974852382962852,0.21185631812436023,0.21255898582567923,0.21185631812436023,0.20974852382962852],[0.21185631812436023,0.21394906101765998,0.21465140311267031,0.21394906101765998,0.21185631812436023],[0.21255898582567923,0.21465140311267031,0.21535363667363536,0.21465140311267031,0.21255898582567923],[0.21185631812436023,0.21394906101765998,0.21465140311267031,0.21394906101765998,0.21185631812436023],[0.20974852382962852,0.21185631812436023,0.21255898582567923,0.21185631812436023,0.20974852382962852]],[[0.21354091568846809,0.21564686691214513,0.21634892575286443,0.21564686691214513,0.21354091568846809],[0.21564686691214513,0.21773770226570749,0.21843940992064545,0.21773770226570749,0.21564686691214513],[0.21634892575286443,0.21843940992064545,0.21914100051514041,0.21843940992064545,0.21634892575286443],[0.21564686691214513,0.21773770226570749,0.21843940992064545,0.21773770226570749,0.21564686691214513],[0.21354091568846809,0.21564686691214513,0.21634892575286443,0.21564686691214513,0.21354091568846809]],[[0.21732986193789966,0.21943382621710994,0.22013522861398607,0.21943382621710994,0.21732986193789966],[0.21943382621710994,0.22152260595762652,0.22222362986566679,0.22152260595762652,0.21943382621710994],[0.22013522861398607,0.22222362986566679,0.22292452761234274,0.22222362986566679,0.22013522861398607],[0.21943382621710994,0.22152260595762652,0.22222362986566679,0.22152260595762652,0.21943382621710994],[0.21732986193789966,0.21943382621710994,0.22013522861398607,0.21943382621710994,0.21732986193789966]],[[0.22111509506705282,0.223216918977826,0.22391761418051939,0.223216918977826,0.22111509506705282],[0.223216918977826,0.225303485336735,0.22600377295326565,0.225303485336735,0.223216918977826],[0.22391761418051939,0.22600377295326565,0.22670392470942302,0.22600377295326565,0.22391761418051939],[0.223216918977826,0.225303485336735,0.22600377295326565,0.225303485336735,0.223216918977826],[0.22111509506705282,0.223216918977826,0.22391761418051939,0.223216918977826,0.22111509506705282]],[[0.22489633004633935,0.22699585025754904,0.22769578422827091,0.22699585025754904,0.22489633004633935],[0.22699585025754904,0.22908003544184141,0.2297795308721966,0.22908003544184141,0.22699585025754904],[0.22769578422827091,0.2297795308721966,0.2304788801242133,0.2297795308721966,0.22769578422827091],[0.22699585025754904,0.22908003544184141,0.2297795308721966,0.22908003544184141,0.22699585025754904],[0.22489633004633935,0.22699585025754904,0.22769578422827091,0.22699585025754904,0.22489633004633935]],[[0.22867326373095434,0.23077030670081822,0.2314694220110545,0.23077030670081822,0.22867326373095434],[0.23077030670081822,0.23285193262528575,0.23355057653245398,0.23285193262528575,0.23077030670081822],[0.2314694220110545,0.23355057653245398,0.23424906330715442,0.23355057653245398,0.2314694220110545],[0.23077030670081822,0.23285193262528575,0.23355057653245398,0.23285193262528575,0.23077030670081822],[0.22867326373095434,0.23077030670081822,0.2314694220110545,0.23077030670081822,0.22867326373095434]],[[0.23244557437494023,0.23453995611758371,0.23523819186750197,0.23453995611758371,0.23244557437494023],[0.23453995611758371,0.23661883421669333,0.23731656375501206,0.23661883421669333,0.23453995611758371],[0.23523819186750197,0.23731656375501206,0.2380141245581241,0.23731656375501206,0.23523819186750197],[0.23453995611758371,0.23661883421669333,0.23731656375501206,0.23661883421669333,0.23453995611758371],[0.23244557437494023,0.23453995611758371,0.23523819186750197,0.23453995611758371,0.23244557437494023]],[[0.23621292128834492,0.23830444722973215,0.23900173899660815,0.23830444722973215,0.23621292128834492],[0.23830444722973215,0.24038037836956944,0.24107712715117058,0.24038037836956944,0.23830444722973215],[0.23900173899660815,0.24107712715117058,0.24177369493977791,0.24107712715117058,0.23900173899660815],[0.23830444722973215,0.24038037836956944,0.24107712715117058,0.24038037836956944,0.23830444722973215],[0.23621292128834492,0.23830444722973215,0.23900173899660815,0.23830444722973215,0.23621292128834492]],[[0.23997494467435065,0.24206340961914852,0.24275968944189666,0.24206340961914852,0.23997494467435065],[0.24206340961914852,0.24413618413194679,0.24483188223342522,0.24413618413194679,0.24206340961914852],[0.24275968944189666,0.24483188223342522,0.24552738643001365,0.24483188223342522,0.24275968944189666],[0.24206340961914852,0.24413618413194679,0.24483188223342522,0.24413618413194679,0.24206340961914852],[0.23997494467435065,0.24206340961914852,0.24275968944189666,0.24206340961914852,0.23997494467435065]],[[0.24373126568687814,0.24581645391961793,0.24651165032712222,0.24581645391961793,0.24373126568687814],[0.24581645391961793,0.24788585178505471,0.24858042580239609,0.24788585178505471,0.24581645391961793],[0.24651165032712222,0.24858042580239609,0.24927479235864849,0.24858042580239609,0.24651165032712222],[0.24581645391961793,0.24788585178505471,0.24858042580239609,0.24788585178505471,0.24581645391961793],[0.24373126568687814,0.24581645391961793,0.24651165032712222,0.24581645391961793,0.24373126568687814]],[[0.24748148675209364,0.2495631722974766,0.25025721038894511,0.2495631722974766,0.24748148675209364],[0.2495631722974766,0.25162896349597674,0.25232233665617243,0.2516289634959768,0.2495631722974766],[0.25025721038894511,0.25232233665617243,0.25301548817500097,0.25232233665617249,0.25025721038894516],[0.2495631722974766,0.2516289634959768,0.25232233665617249,0.2516289634959768,0.24956317229747665],[0.24748148675209364,0.2495631722974766,0.25025721038894516,0.24956317229747665,0.24748148675209364]],[[0.25122519219925249,0.25330313926699349,0.2539959408528335,0.25330313926699349,0.25122519219925249],[0.25330313926699349,0.25536508433042582,0.25605717666828676,0.25536508433042582,0.25330313926699349],[0.2539959408528335,0.25605717666828676,0.2567490325926286,0.25605717666828676,0.2539959408528335],[0.25330313926699349,0.25536508433042582,0.25605717666828676,0.25536508433042582,0.25330313926699349],[0.25122519219925249,0.25330313926699349,0.2539959408528335,0.25330313926699349,0.25122519219925249]],[[0.25496194924643728,0.25703591288583733,0.25772739669740019,0.25703591288583733,0.25496194924643728],[0.25703591288583733,0.25909376366992065,0.25978449227828665,0.25909376366992065,0.25703591288583733],[0.25772739669740019,0.25978449227828665,0.2604749691548004,0.25978449227828665,0.25772739669740019],[0.25703591288583733,0.25909376366992065,0.25978449227828665,0.25909376366992065,0.25703591288583733],[0.25496194924643728,0.25703591288583733,0.25772739669740019,0.25703591288583733,0.25496194924643728]],[[0.25869130938512952,0.26076103637242304,0.26145111834831636,0.26076103637242304,0.25869130938512952],[0.26076103637242304,0.2628145370725416,0.2635038164332455,0.2628145370725416,0.26076103637242304],[0.26145111834831636,0.2635038164332455,0.26419282825815749,0.2635038164332455,0.26145111834831636],[0.26076103637242304,0.2628145370725416,0.2635038164332455,0.2628145370725416,0.26076103637242304],[0.25869130938512952,0.26076103637242304,0.26145111834831636,0.26076103637242304,0.25869130938512952]],[[0.26241281020232277,0.26447804018101262,0.26516663383693917,0.26447804018101262,0.26241281020232277],[0.26447804018101262,0.2665269286088725,0.267214671010505,0.2665269286088725,0.26447804018101262],[0.26516663383693917,0.267214671010505,0.2679021296633522,0.267214671010505,0.26516663383693917],[0.26447804018101262,0.2665269286088725,0.267214671010505,0.2665269286088725,0.26447804018101262],[0.26241281020232277,0.26447804018101262,0.26516663383693917,0.26447804018101262,0.26241281020232277]],[[0.26612597767209817,0.26818644456057816,0.2688734614476419,0.26818644456057816,0.26612597767209817],[0.26818644456057816,0.27023045369267851,0.27091656973906986,0.27023045369267851,0.26818644456057816],[0.2688734614476419,0.27091656973906986,0.27160238550790422,0.27091656973906986,0.2688734614476419],[0.26818644456057816,0.27023045369267851,0.27091656973906986,0.27023045369267851,0.26818644456057816],[0.26612597767209817,0.26818644456057816,0.2688734614476419,0.26818644456057816,0.26612597767209817]],[[0.26983032893602971,0.2718857626098406,0.27257111286408209,0.2718857626098406,0.26983032893602971],[0.2718857626098406,0.27392462241032389,0.27460902162094791,0.27392462241032389,0.2718857626098406],[0.27257111286408209,0.27460902162094791,0.27529310381969674,0.27460902162094791,0.27257111286408209],[0.2718857626098406,0.27392462241032389,0.27460902162094791,0.27392462241032389,0.2718857626098406],[0.26983032893602971,0.2718857626098406,0.27257111286408209,0.2718857626098406,0.26983032893602971]],[[0.27352537557764911,0.27557550382425111,0.27625909680700056,0.27557550382425111,0.27352537557764911],[0.27557550382425111,0.27760894333420388,0.27829153483425062,0.27760894333420388,0.27557550382425111],[0.27625909680700056,0.27829153483425062,0.27897379250936344,0.27829153483425062,0.27625909680700056],[0.27557550382425111,0.27760894333420388,0.27829153483425062,0.27760894333420388,0.27557550382425111],[0.27352537557764911,0.27557550382425111,0.27625909680700056,0.27557550382425111,0.27352537557764911]],[[0.27721062737699576,0.279255178109403,0.27993692313442808,0.279255178109403,0.27721062737699576],[0.279255178109403,0.28128292778250658,0.28196362107637307,0.28128292778250658,0.279255178109403],[0.27993692313442808,0.28196362107637307,0.28264396379576123,0.28196362107637307,0.27993692313442808],[0.279255178109403,0.28128292778250658,0.28196362107637307,0.28128292778250658,0.279255178109403],[0.27721062737699576,0.279255178109403,0.27993692313442808,0.279255178109403,0.27721062737699576]],[[0.28088559650947992,0.28292430021259823,0.28360410735181646,0.28292430021259823,0.28088559650947992],[0.28292430021259823,0.28494609446366831,0.28562480028118808,0.28494609446366831,0.28292430021259823],[0.28360410735181646,0.28562480028118808,0.28630313899395915,0.28562480028118808,0.28360410735181646],[0.28292430021259823,0.28494609446366831,0.28562480028118808,0.28494609446366831,0.28292430021259823],[0.28088559650947992,0.28292430021259823,0.28360410735181646,0.28292430021259823,0.28088559650947992]],[[0.28454980212979691,0.28658239449948569,0.28726017545447829,0.28658239449948569,0.28454980212979691],[0.28658239449948569,0.28859797441869811,0.28927460561882429,0.28859797441869811,0.28658239449948569],[0.28726017545447829,0.28927460561882429,0.28995085356968758,0.28927460561882429,0.28726017545447829],[0.28658239449948569,0.28859797441869811,0.28927460561882429,0.28859797441869811,0.28658239449948569],[0.28454980212979691,0.28658239449948569,0.28726017545447829,0.28658239449948569,0.28454980212979691]],[[0.28820277525665156,0.29022899997812568,0.2909046690001969,0.29022899997812568,0.28820277525665156],[0.