{"M_cells":[[[0,0,0,0,0,0,0],[0,0,0,0,0,0,0],[0,0,0,0,0,0,0],[0,0,0,0,0,0,0],[0,0,0,0,0,0,0],[0,0,0,0,0,0,0],[0,0,0,0,0,0,0]],[[7.987935549802533E-5,0.00021621370348832595,0.00019834179567778247,0.00026957663974040241,0.00019834179567778247,0.00021621370348832595,7.987935549802533E-5],[0.00021621370348832595,0.00047488877002703484,0.00044646808451399774,0.00058208150636116938,0.00044646808451399774,0.00047488877002703489,0.00021621370348832595],[0.00019834179567778247,0.00044646808451399774,0.0005189709034078752,0.00059168343839673858,0.0005189709034078752,0.00044646808451399774,0.00019834179567778247],[0.00026957663974040241,0.00058208150636116938,0.00059168343839673858,0.00073519761240548617,0.00059168343839673858,0.00058208150636116938,0.00026957663974040241],[0.00019834179567778247,0.00044646808451399774,0.0005189709034078752,0.00059168343839673858,0.0005189709034078752,0.00044646808451399774,0.00019834179567778247],[0.00021621370348832595,0.00047488877002703489,0.00044646808451399774,0.00058208150636116938,0.00044646808451399774,0.00047488877002703489,0.00021621370348832595],[7.987935549802533E-5,0.00021621370348832595,0.00019834179567778247,0.00026957663974040241,0.00019834179567778247,0.00021621370348832595,7.987935549802533E-5]],[[0.000423809512884108,0.00073943043392374471,0.00069917999610170814,0.00087362118397340909,0.00069917999610170814,0.00073943043392374471,0.000423809512884108],[0.00073943043392374471,0.0011492302506080241,0.0011060269381141378,0.0013334117129208786,0.0011060269381141378,0.0011492302506080241,0.00073943043392374471],[0.00069917999610170814,0.0011060269381141378,0.0012238890009564234,0.0013420070417562633,0.0012238890009564234,0.0011060269381141378,0.00069917999610170814],[0.00087362118397340909,0.0013334117129208786,0.0013420070417562633,0.0015684882739358376,0.0013420070417562633,0.0013334117129208786,0.00087362118397340909],[0.00069917999610170814,0.0011060269381141378,0.0012238890009564234,0.0013420070417562633,0.0012238890009564234,0.0011060269381141378,0.00069917999610170814],[0.00073943043392374471,0.0011492302506080241,0.0011060269381141378,0.0013334117129208786,0.0011060269381141378,0.0011492302506080241,0.00073943043392374461],[0.000423809512884108,0.00073943043392374471,0.00069917999610170814,0.00087362118397340909,0.00069917999610170814,0.00073943043392374461,0.00042380951288410794]],[[0.00099949555252788454,0.0014422585220786924,0.0013875286882927896,0.001640853604745837,0.0013875286882927896,0.0014422585220786924,0.00099949555252788454],[0.0014422585220786924,0.001940654038993669,0.0018901959006748766,0.00217492608340587,0.0018901959006748766,0.001940654038993669,0.0014422585220786924],[0.0013875286882927896,0.0018901959006748766,0.0020353455856595057,0.002180777821145822,0.0020353455856595057,0.0018901959006748766,0.0013875286882927896],[0.001640853604745837,0.00217492608340587,0.002180777821145822,0.0024551925415731519,0.002180777821145822,0.00217492608340587,0.0016408536047458368],[0.0013875286882927896,0.0018901959006748766,0.0020353455856595057,0.002180777821145822,0.0020353455856595057,0.0018901959006748766,0.0013875286882927896],[0.0014422585220786924,0.001940654038993669,0.0018901959006748766,0.00217492608340587,0.0018901959006748766,0.0019406540389936694,0.0014422585220786924],[0.00099949555252788454,0.0014422585220786924,0.0013875286882927896,0.0016408536047458368,0.0013875286882927896,0.0014422585220786924,0.00099949555252788454]],[[0.0017281532314762202,0.0022503508438996137,0.0021876256127582212,0.0024925940235330404,0.0021876256127582212,0.0022503508438996137,0.0017281532314762202],[0.0022503508438996137,0.0028006618572489596,0.0027467300169153634,0.0030660256098933546,0.0027467300169153634,0.0028006618572489596,0.0022503508438996137],[0.0021876256127582212,0.0027467300169153634,0.0029080054361246945,0.0030695786771892074,0.0029080054361246945,0.002746730016915363,0.0021876256127582208],[0.0024925940235330404,0.0030660256098933546,0.0030695786771892074,0.0033716929576370464,0.0030695786771892074,0.0030660256098933546,0.0024925940235330404],[0.0021876256127582212,0.0027467300169153634,0.0029080054361246945,0.0030695786771892074,0.0029080054361246945,0.0027467300169153634,0.0021876256127582212],[0.0022503508438996137,0.0028006618572489596,0.002746730016915363,0.0030660256098933546,0.0027467300169153634,0.0028006618572489596,0.0022503508438996137],[0.0017281532314762202,0.0022503508438996137,0.0021876256127582208,0.0024925940235330404,0.0021876256127582212,0.0022503508438996137,0.0017281532314762202]],[[0.0025502524544058392,0.003120057368406023,0.0030531621546364416,0.0033899202110636135,0.0030531621546364416,0.003120057368406023,0.0025502524544058392],[0.003120057368406023,0.0037007312990277015,0.00364514270615155,0.0039849015687241649,0.00364514270615155,0.0037007312990277015,0.003120057368406023],[0.0030531621546364416,0.00364514270615155,0.0038158606437712129,0.0039868851925959721,0.0038158606437712129,0.00364514270615155,0.0030531621546364416],[0.0033899202110636135,0.0039849015687241649,0.0039868851925959721,0.0043050122606586539,0.0039868851925959721,0.0039849015687241649,0.0033899202110636135],[0.0030531621546364416,0.00364514270615155,0.0038158606437712129,0.0039868851925959721,0.0038158606437712129,0.00364514270615155,0.0030531621546364416],[0.003120057368406023,0.0037007312990277015,0.00364514270615155,0.0039849015687241649,0.00364514270615155,0.0037007312990277015,0.003120057368406023],[0.0025502524544058392,0.003120057368406023,0.0030531621546364416,0.0033899202110636135,0.0030531621546364416,0.003120057368406023,0.0025502524544058392]],[[0.0034278772306619307,0.0040257577611333287,0.003956725005541774,0.0043124971291943429,0.003956725005541774,0.0040257577611333287,0.0034278772306619307],[0.0040257577611333287,0.0046241547548901817,0.0045677684024360392,0.0049195293267516923,0.0045677684024360392,0.0046241547548901817,0.0040257577611333287],[0.003956725005541774,0.0045677684024360392,0.0047439895414938746,0.0049205223602453536,0.0047439895414938746,0.0045677684024360392,0.003956725005541774],[0.0043124971291943429,0.0049195293267516923,0.0049205223602453536,0.0052479115815012136,0.0049205223602453536,0.0049195293267516923,0.0043124971291943429],[0.003956725005541774,0.0045677684024360392,0.0047439895414938746,0.0049205223602453536,0.0047439895414938746,0.0045677684024360392,0.003956725005541774],[0.0040257577611333287,0.0046241547548901817,0.0045677684024360392,0.0049195293267516923,0.0045677684024360392,0.0046241547548901817,0.0040257577611333287],[0.0034278772306619307,0.0040257577611333287,0.003956725005541774,0.0043124971291943429,0.003956725005541774,0.0040257577611333287,0.0034278772306619307]],[[0.0043381279358888705,0.0049524500408293162,0.0048823187279083127,0.0052493018573226595,0.0048823187279083127,0.0049524500408293162,0.0043381279358888705],[0.0049524500408293162,0.0055611780033506617,0.005504400090078884,0.0058631670779956662,0.005504400090078884,0.0055611780033506617,0.0049524500408293162],[0.0048823187279083127,0.005504400090078884,0.0056838216726024082,0.005863557864589833,0.0056838216726024082,0.005504400090078884,0.0048823187279083127],[0.0052493018573226595,0.0058631670779956662,0.005863557864589833,0.006196309371922921,0.005863557864589833,0.0058631670779956662,0.0052493018573226595],[0.0048823187279083127,0.005504400090078884,0.0056838216726024082,0.005863557864589833,0.0056838216726024082,0.005504400090078884,0.0048823187279083127],[0.0049524500408293162,0.0055611780033506617,0.005504400090078884,0.0058631670779956662,0.005504400090078884,0.0055611780033506617,0.0049524500408293162],[0.0043381279358888705,0.0049524500408293162,0.0048823187279083127,0.0052493018573226595,0.0048823187279083127,0.0049524500408293162,0.0043381279358888705]],[[0.0052674533447146753,0.0058913735829634762,0.0058206700345580856,0.006194216143120085,0.0058206700345580856,0.0058913735829634762,0.0052674533447146753],[0.0058913735829634762,0.006506120813596427,0.0064491455967361395,0.0068119940385146386,0.0064491455967361395,0.006506120813596427,0.0058913735829634762],[0.0058206700345580856,0.0064491455967361395,0.006630427584915612,0.0068120258812287534,0.006630427584915612,0.0064491455967361395,0.0058206700345580856],[0.006194216143120085,0.0068119940385146386,0.0068120258812287534,0.0071478862707526469,0.0068120258812287534,0.0068119940385146386,0.006194216143120085],[0.0058206700345580856,0.0064491455967361395,0.006630427584915612,0.0068120258812287534,0.006630427584915612,0.0064491455967361395,0.0058206700345580856],[0.0058913735829634762,0.006506120813596427,0.0064491455967361395,0.0068119940385146386,0.0064491455967361395,0.006506120813596427,0.0058913735829634762],[0.0052674533447146753,0.0058913735829634762,0.0058206700345580856,0.006194216143120085,0.0058206700345580856,0.0058913735829634762,0.0052674533447146753]],[[0.0062079070528913488,0.0068374244556060363,0.0067664169952121348,0.0071437928570789733,0.0067664169952121348,0.0068374244556060363,0.0062079070528913488],[0.0068374244556060363,0.0074556812304923271,0.0073986033810183429,0.0077638293379672591,0.0073986033810183429,0.0074556812304923271,0.0068374244556060363],[0.0067664169952121348,0.0073986033810183429,0.0075809678572772111,0.0077636496306327206,0.0075809678572772111,0.0073986033810183429,0.0067664169952121348],[0.0071437928570789733,0.0077638293379672591,0.0077636496306327206,0.0081013164558608429,0.0077636496306327206,0.0077638293379672591,0.0071437928570789733],[0.0067664169952121348,0.0073986033810183429,0.0075809678572772111,0.0077636496306327206,0.0075809678572772111,0.0073986033810183429,0.0067664169952121348],[0.0068374244556060363,0.0074556812304923271,0.0073986033810183429,0.0077638293379672591,0.0073986033810183429,0.0074556812304923271,0.0068374244556060363],[0.0062079070528913488,0.0068374244556060363,0.0067664169952121348,0.0071437928570789733,0.0067664169952121348,0.0068374244556060363,0.0062079070528913488]],[[0.0071548510347466477,0.0077876342532537616,0.0077164616917327657,0.0080960710254392443,0.0077164616917327657,0.0077876342532537616,0.0071548510347466477],[0.0077876342532537616,0.0084079417748107767,0.0083508085494546046,0.008717421788578178,0.0083508085494546046,0.0084079417748107767,0.0077876342532537616],[0.0077164616917327657,0.0083508085494546046,0.0085338044405549977,0.0087171182079181491,0.0085338044405549977,0.0083508085494546046,0.0077164616917327657],[0.0080960710254392443,0.008717421788578178,0.0087171182079181491,0.0090558382963322054,0.0087171182079181491,0.008717421788578178,0.0080960710254392443],[0.0077164616917327657,0.0083508085494546046,0.0085338044405549977,0.0087171182079181491,0.0085338044405549977,0.0083508085494546046,0.0077164616917327657],[0.0077876342532537616,0.0084079417748107767,0.0083508085494546046,0.008717421788578178,0.0083508085494546046,0.0084079417748107767,0.0077876342532537616],[0.0071548510347466477,0.0077876342532537616,0.0077164616917327657,0.0080960710254392443,0.0077164616917327657,0.0077876342532537616,0.0071548510347466477]],[[0.0081055852709803009,0.0087402783483428344,0.008669013843359729,0.00904992771446357,0.008669013843359729,0.0087402783483428344,0.0081055852709803009],[0.0087402783483428344,0.0093617892244609573,0.0093046248604908045,0.0096720505575251473,0.0093046248604908045,0.0093617892244609573,0.0087402783483428344],[0.008669013843359729,0.0093046248604908045,0.0094879906757663751,0.0096716747093699741,0.0094879906757663751,0.0093046248604908045,0.008669013843359729],[0.00904992771446357,0.0096720505575251473,0.0096716747093699741,0.010011012161699964,0.0096716747093699741,0.0096720505575251473,0.00904992771446357],[0.008669013843359729,0.0093046248604908045,0.0094879906757663751,0.0096716747093699741,0.0094879906757663751,0.0093046248604908045,0.008669013843359729],[0.0087402783483428344,0.0093617892244609573,0.0093046248604908045,0.0096720505575251473,0.0093046248604908045,0.0093617892244609573,0.0087402783483428344],[0.0081055852709803009,0.0087402783483428344,0.008669013843359729,0.00904992771446357,0.008669013843359729,0.0087402783483428344,0.0081055852709803009]],[[0.00905854006610646,0.0096943549649908256,0.0096230378503168665,0.010004716552803479,0.0096230378503168665,0.0096943549649908256,0.00905854006610646],[0.0096943549649908256,0.01031657683177783,0.010259394128091194,0.010627298593770037,0.010259394128091194,0.01031657683177783,0.0096943549649908256],[0.0096230378503168665,0.010259394128091194,0.010442978182001076,0.010626880658728391,0.010442978182001076,0.010259394128091194,0.0096230378503168665],[0.010004716552803479,0.010627298593770037,0.010626880658728391,0.010966582844468527,0.010626880658728391,0.010627298593770037,0.010004716552803479],[0.0096230378503168665,0.010259394128091194,0.010442978182001076,0.010626880658728391,0.010442978182001076,0.010259394128091194,0.0096230378503168665],[0.0096943549649908256,0.01031657683177783,0.010259394128091194,0.010627298593770037,0.010259394128091194,0.01031657683177783,0.0096943549649908256],[0.00905854006610646,0.0096943549649908256,0.0096230378503168665,0.010004716552803479,0.0096230378503168665,0.0096943549649908256,0.00905854006610646]],[[0.010012803133050462,0.010649281740547412,0.010577933596432283,0.010960063614578009,0.010577933596432283,0.010649281740547412,0.010012803133050462],[0.010649281740547412,0.011271928093451468,0.011214734024520145,0.011582923308424711,0.011214734024520145,0.011271928093451468,0.010649281740547412],[0.010577933596432283,0.011214734024520145,0.011398448171675249,0.011582480865950921,0.011398448171675249,0.011214734024520145,0.010577933596432283],[0.010960063614578009,0.011582923308424711,0.011582480865950921,0.011922401017117211,0.011582480865950921,0.011582923308424711,0.010960063614578009],[0.010577933596432283,0.011214734024520145,0.011398448171675249,0.011582480865950921,0.011398448171675249,0.011214734024520145,0.010577933596432283],[0.010649281740547412,0.011271928093451468,0.011214734024520145,0.011582923308424711,0.011214734024520145,0.011271928093451468,0.010649281740547412],[0.010012803133050462,0.010649281740547412,0.010577933596432283,0.010960063614578009,0.010577933596432283,0.010649281740547412,0.010012803133050462]],[[0.010967843800472034,0.011604719359645285,0.011533352274561847,0.011915751251115114,0.011533352274561847,0.011604719359645285,0.010967843800472034],[0.011604719359645285,0.012227622926946232,0.012170421430859711,0.012538782472665667,0.012170421430859711,0.012227622926946232,0.011604719359645285],[0.011533352274561847,0.012170421430859711,0.012354214271067291,0.012538325735615788,0.012354214271067291,0.012170421430859711,0.011533352274561847],[0.011915751251115114,0.012538782472665667,0.012538325735615788,0.012878378230815501,0.012538325735615788,0.012538782472665667,0.011915751251115114],[0.011533352274561847,0.012170421430859711,0.012354214271067291,0.012538325735615788,0.012354214271067291,0.012170421430859711,0.011533352274561847],[0.011604719359645285,0.012227622926946232,0.012170421430859711,0.012538782472665667,0.012170421430859711,0.012227622926946232,0.011604719359645285],[0.010967843800472034,0.011604719359645285,0.011533352274561847,0.011915751251115114,0.011533352274561847,0.011604719359645285,0.010967843800472034]],[[0.011923352606194329,0.012560469211798228,0.012489090114922803,0.012871651640897855,0.012489090114922803,0.012560469211798228,0.011923352606194329],[0.012560469211798228,0.013183531717738209,0.013126325116303326,0.013494791642411384,0.013126325116303326,0.013183531717738209,0.012560469211798228],[0.012489090114922803,0.013126325116303326,0.013310166488174183,0.013494326533618551,0.013310166488174183,0.013126325116303326,0.012489090114922803],[0.012871651640897855,0.013494791642411384,0.013494326533618551,0.013834461064530484,0.013494326533618551,0.013494791642411384,0.012871651640897855],[0.012489090114922803,0.013126325116303326,0.013310166488174183,0.013494326533618551,0.013310166488174183,0.013126325116303326,0.012489090114922803],[0.012560469211798228,0.013183531717738209,0.013126325116303326,0.013494791642411384,0.013126325116303326,0.013183531717738209,0.012560469211798228],[0.011923352606194329,0.012560469211798228,0.012489090114922803,0.012871651640897855,0.012489090114922803,0.012560469211798228,0.011923352606194329]],[[0.012879148173992373,0.01351641407258183,0.013445027050006952,0.013827688651739336,0.013445027050006952,0.01351641407258183,0.012879148173992373],[0.01351641407258183,0.014139577132014587,0.014082366872016822,0.014450899650587679,0.014082366872016822,0.014139577132014587,0.01351641407258183],[0.013445027050006952,0.014082366872016822,0.014266238883452102,0.014450429600715473,0.014266238883452102,0.014082366872016822,0.013445027050006952],[0.013827688651739336,0.014450899650587679,0.014450429600715473,0.014790616245860531,0.014450429600715473,0.014450899650587679,0.013827688651739336],[0.013445027050006952,0.014082366872016822,0.014266238883452102,0.014450429600715473,0.014266238883452102,0.014082366872016822,0.013445027050006952],[0.01351641407258183,0.014139577132014587,0.014082366872016822,0.014450899650587679,0.014082366872016822,0.014139577132014587,0.01351641407258183],[0.012879148173992373,0.01351641407258183,0.013445027050006952,0.013827688651739336,0.013445027050006952,0.01351641407258183,0.012879148173992373]],[[0.01383512322105333,0.014472483749045251,0.014401091303720161,0.014783815901980843,0.014401091303720161,0.014472483749045251,0.01383512322105333],[0.014472483749045251,0.015095712015612375,0.015038499064474138,0.015407074479757249,0.015038499064474138,0.015095712015612375,0.014472483749045251],[0.014401091303720161,0.015038499064474138,0.015222390905532179,0.015406601474035456,0.015222390905532179,0.015038499064474138,0.014401091303720161],[0.014783815901980843,0.015407074479757249,0.015406601474035456,0.015746822073340657,0.015406601474035456,0.015407074479757251,0.014783815901980843],[0.014401091303720161,0.015038499064474138,0.015222390905532179,0.015406601474035456,0.015222390905532179,0.015038499064474138,0.014401091303720161],[0.014472483749045251,0.015095712015612375,0.015038499064474138,0.015407074479757251,0.015038499064474138,0.015095712015612377,0.014472483749045251],[0.01383512322105333,0.014472483749045251,0.014401091303720161,0.014783815901980843,0.014401091303720161,0.014472483749045251,0.01383512322105333]],[[0.014791213280570282,0.015428635192873172,0.015357238940178328,0.01574000411896357,0.015357238940178328,0.015428635192873172,0.014791213280570282],[0.015428635192873172,0.016051906605247489,0.015994691666384259,0.016363295108771308,0.015994691666384259,0.016051906605247489,0.015428635192873172],[0.015357238940178328,0.015994691666384259,0.016178596609629867,0.016362820294942793,0.016178596609629867,0.015994691666384259,0.015357238940178328],[0.01574000411896357,0.016363295108771308,0.016362820294942793,0.016703063464203277,0.016362820294942793,0.016363295108771308,0.01574000411896357],[0.015357238940178328,0.015994691666384259,0.016178596609629867,0.016362820294942793,0.016178596609629867,0.015994691666384259,0.015357238940178328],[0.015428635192873172,0.016051906605247489,0.015994691666384259,0.016363295108771308,0.015994691666384259,0.016051906605247489,0.015428635192873172],[0.014791213280570282,0.015428635192873172,0.015357238940178328,0.01574000411896357,0.015357238940178328,0.015428635192873172,0.014791213280570282]],[[0.015747378592676838,0.0163848409907998,0.016313442047279417,0.016696233844641611,0.016313442047279417,0.0163848409907998,0.015747378592676838],[0.0163848409907998,0.0170081411275082,0.016950924759536145,0.017319546801540683,0.016950924759536145,0.0170081411275082,0.0163848409907998],[0.016313442047279417,0.016950924759536145,0.017134838425072584,0.017319070842385254,0.017134838425072584,0.016950924759536145,0.016313442047279417],[0.016696233844641611,0.017319546801540683,0.017319070842385254,0.017659329090503727,0.017319070842385254,0.017319546801540683,0.016696233844641611],[0.016313442047279417,0.016950924759536145,0.017134838425072584,0.017319070842385254,0.017134838425072584,0.016950924759536145,0.016313442047279417],[0.0163848409907998,0.0170081411275082,0.016950924759536145,0.017319546801540683,0.016950924759536145,0.0170081411275082,0.0163848409907998],[0.015747378592676838,0.0163848409907998,0.016313442047279417,0.016696233844641611,0.016313442047279417,0.0163848409907998,0.015747378592676838]],[[0.016703593621888054,0.017341082702568993,0.017269681905399115,0.017652491220753772,0.017269681905399115,0.017341082702568993,0.016703593621888054],[0.017341082702568993,0.017964401513672176,0.017907184197385993,0.018275818380619306,0.017907184197385993,0.017964401513672176,0.017341082702568993],[0.017269681905399115,0.017907184197385993,0.01809110354888856,0.018275341658141417,0.01809110354888856,0.017907184197385993,0.017269681905399115],[0.017652491220753772,0.018275818380619306,0.018275341658141417,0.018615609719150439,0.018275341658141417,0.018275818380619306,0.017652491220753772],[0.017269681905399115,0.017907184197385993,0.01809110354888856,0.018275341658141417,0.01809110354888856,0.017907184197385993,0.017269681905399115],[0.017341082702568993,0.017964401513672176,0.017907184197385993,0.018275818380619306,0.017907184197385993,0.017964401513672176,0.017341082702568993],[0.016703593621888054,0.017341082702568993,0.017269681905399115,0.017652491220753772,0.017269681905399115,0.017341082702568993,0.016703593621888054]],[[0.017659840988363436,0.018297347002615535,0.018225945034599875,0.01860876554919379,0.018225945034599875,0.018297347002615535,0.017659840988363436],[0.018297347002615535,0.018920676915830079,0.018863459092377986,0.019232100645811382,0.018863459092377986,0.018920676915830079,0.018297347002615535],[0.018225945034599875,0.018863459092377986,0.019047381855576119,0.019231623379417608,0.019047381855576119,0.018863459092377986,0.018225945034599875],[0.01860876554919379,0.019232100645811382,0.019231623379417608,0.019571897246263167,0.019231623379417608,0.019232100645811382,0.01860876554919379],[0.018225945034599875,0.018863459092377986,0.019047381855576119,0.019231623379417608,0.019047381855576119,0.018863459092377986,0.018225945034599875],[0.018297347002615535,0.018920676915830079,0.018863459092377986,0.019232100645811382,0.018863459092377986,0.018920676915830079,0.018297347002615535],[0.017659840988363436,0.018297347002615535,0.018225945034599875,0.01860876554919379,0.018225945034599875,0.018297347002615535,0.017659840988363436]],[[0.018616107952287839,0.019253623442720774,0.019182220904093054,0.019565047876244544,0.019182220904093054,0.019253623442720774,0.018616107952287839],[0.019253623442720774,0.019876958264031304,0.019819740357025561,0.020188385453463745,0.019819740357025561,0.019876958264031304,0.019253623442720774],[0.019182220904093054,0.019819740357025561,0.020003664682271508,0.020187907768321363,0.020003664682271508,0.019819740357025561,0.019182220904093054],[0.019565047876244544,0.020188385453463745,0.020187907768321363,0.020528184132003819,0.020187907768321363,0.020188385453463745,0.019565047876244544],[0.019182220904093054,0.019819740357025561,0.020003664682271508,0.020187907768321363,0.020003664682271508,0.019819740357025561,0.019182220904093054],[0.019253623442720774,0.019876958264031304,0.019819740357025561,0.020188385453463745,0.019819740357025561,0.019876958264031304,0.019253623442720774],[0.018616107952287839,0.019253623442720774,0.019182220904093054,0.019565047876244544,0.019182220904093054,0.019253623442720774,0.018616107952287839]],[[0.019572384374425007,0.020209903151483324,0.020138500601560961,0.020521330167453618,0.020138500601560961,0.020209903151483324,0.019572384374425007],[0.020209903151483324,0.020833237424821915,0.020776019853416244,0.021144665176919823,0.020776019853416244,0.020833237424821915,0.020209903151483324],[0.020138500601560961,0.020776019853416244,0.020959944119247953,0.02114418714348093,0.020959944119247953,0.020776019853416244,0.020138500601560961],[0.020521330167453618,0.021144665176919823,0.02114418714348093,0.021484463066292588,0.02114418714348093,0.021144665176919823,0.020521330167453618],[0.020138500601560961,0.020776019853416244,0.020959944119247953,0.02114418714348093,0.020959944119247953,0.020776019853416244,0.020138500601560961],[0.020209903151483324,0.020833237424821915,0.020776019853416244,0.021144665176919823,0.020776019853416244,0.020833237424821915,0.020209903151483324],[0.019572384374425007,0.020209903151483324,0.020138500601560961,0.020521330167453618,0.020138500601560961,0.020209903151483324,0.019572384374425007]],[[0.020528661529829812,0.021166178074977695,0.021094776056648164,0.021477604823207982,0.021094776056648164,0.021166178074977695,0.020528661529829812],[0.021166178074977695,0.021789506707016813,0.021732289893879035,0.022100932386762067,0.021732289893879035,0.021789506707016813,0.021166178074977695],[0.021094776056648164,0.021732289893879035,0.021916212591992636,0.022100454043604858,0.021916212591992636,0.021732289893879035,0.021094776056648164],[0.021477604823207982,0.022100932386762067,0.022100454043604858,0.022440726767503472,0.022100454043604858,0.022100932386762067,0.021477604823207982],[0.021094776056648164,0.021732289893879035,0.021916212591992636,0.022100454043604858,0.021916212591992636,0.021732289893879035,0.021094776056648164],[0.021166178074977695,0.021789506707016813,0.021732289893879035,0.022100932386762067,0.021732289893879035,0.021789506707016813,0.021166178074977695],[0.020528661529829812,0.021166178074977695,0.021094776056648164,0.021477604823207982,0.021094776056648164,0.021166178074977695,0.020528661529829812]],[[0.021484931414374471,0.022122440529820285,0.022051039584237105,0.022433864390665935,0.022051039584237105,0.022122440529820285,0.021484931414374471],[0.022122440529820285,0.022745758567743427,0.022688542944142225,0.023057179657600013,0.022688542944142225,0.022745758567743427,0.022122440529820285],[0.022051039584237105,0.022688542944142225,0.022872462611334972,0.023056701024622619,0.022872462611334972,0.022688542944142225,0.022051039584237105],[0.022433864390665935,0.023057179657600013,0.023056701024622619,0.023396967857552249,0.023056701024622619,0.023057179657600013,0.022433864390665935],[0.022051039584237105,0.022688542944142225,0.022872462611334972,0.023056701024622619,0.022872462611334972,0.022688542944142225,0.022051039584237105],[0.022122440529820285,0.022745758567743427,0.022688542944142225,0.023057179657600013,0.022688542944142225,0.022745758567743427,0.022122440529820285],[0.021484931414374471,0.022122440529820285,0.022051039584237105,0.022433864390665935,0.022051039584237105,0.022122440529820285,0.021484931414374471]],[[0.022441186335760133,0.023078682936418682,0.023007283612103174,0.023390101388726832,0.023007283612103174,0.023078682936418682,0.022441186335760133],[0.023078682936418682,0.02370198543383218,0.023644771443094795,0.02401339944756202,0.023644771443094795,0.02370198543383218,0.023078682936418682],[0.023007283612103174,0.023644771443094795,0.023828686620271773,0.024012920533597722,0.023828686620271773,0.023644771443094795,0.023007283612103174],[0.023390101388726832,0.02401339944756202,0.024012920533597722,0.02435317878070355,0.024012920533597722,0.02401339944756202,0.023390101388726832],[0.023007283612103174,0.023644771443094795,0.023828686620271773,0.024012920533597722,0.023828686620271773,0.023644771443094795,0.023007283612103174],[0.023078682936418682,0.02370198543383218,0.023644771443094795,0.02401339944756202,0.023644771443094795,0.02370198543383218,0.023078682936418682],[0.022441186335760133,0.023078682936418682,0.023007283612103174,0.023390101388726832,0.023007283612103174,0.023078682936418682,0.022441186335760133]],[[0.023397418668533457,0.024034897655910856,0.023963500514671741,0.024346308197860669,0.023963500514671741,0.024034897655910856,0.023397418668533457],[0.024034897655910856,0.024658179589409954,0.024600967689473022,0.02496958401933274,0.024600967689473022,0.024658179589409954,0.024034897655910856],[0.023963500514671741,0.024600967689473022,0.024784876896209642,0.024969104826539527,0.024784876896209642,0.024600967689473022,0.023963500514671741],[0.024346308197860669,0.02496958401933274,0.024969104826539527,0.025309351747168564,0.024969104826539527,0.02496958401933274,0.024346308197860669],[0.023963500514671741,0.024600967689473022,0.024784876896209642,0.024969104826539527,0.024784876896209642,0.024600967689473022,0.023963500514671741],[0.024034897655910856,0.024658179589409954,0.024600967689473022,0.02496958401933274,0.024600967689473022,0.024658179589409954,0.024034897655910856],[0.023397418668533457,0.024034897655910856,0.023963500514671741,0.024346308197860669,0.023963500514671741,0.024034897655910856,0.023397418668533457]],[[0.024353620703457517,0.024991076886584061,0.0249196825076361,0.025302476986954456,0.0249196825076361,0.024991076886584061,0.024353620703457517],[0.024991076886584061,0.025614333101289476,0.025557123766755677,0.025925725384722233,0.025557123766755677,0.025614333101289476,0.024991076886584061],[0.0249196825076361,0.025557123766755677,0.025741025484760465,0.025925245911106985,0.025741025484760465,0.025557123766755677,0.0249196825076361],[0.025302476986954456,0.025925725384722233,0.025925245911106985,0.026265478690544,0.025925245911106985,0.025925725384722233,0.025302476986954456],[0.0249196825076361,0.025557123766755677,0.025741025484760465,0.025925245911106985,0.025741025484760465,0.025557123766755677,0.0249196825076361],[0.024991076886584061,0.025614333101289476,0.025557123766755677,0.025925725384722233,0.025557123766755677,0.025614333101289476,0.024991076886584061],[0.024353620703457517,0.024991076886584061,0.0249196825076361,0.025302476986954456,0.0249196825076361,0.024991076886584061,0.024353620703457517]],[[0.02530978455095214,0.025947212594189296,0.025875821577273542,0.026258599661061963,0.025875821577273542,0.025947212594189296,0.02530978455095214],[0.025947212594189296,0.02657043776570793,0.026513231489649312,0.026881815262333072,0.026513231489649312,0.02657043776570793,0.025947212594189296],[0.025875821577273542,0.026513231489649312,0.026697124151276123,0.026881335503197053,0.026697124151276123,0.026513231489649312,0.025875821577273542],[0.026258599661061963,0.026881815262333072,0.026881335503197053,0.027221551232741111,0.026881335503197053,0.026881815262333072,0.026258599661061963],[0.025875821577273542,0.026513231489649312,0.026697124151276123,0.026881335503197053,0.026697124151276123,0.026513231489649312,0.025875821577273542],[0.025947212594189296,0.02657043776570793,0.026513231489649312,0.026881815262333072,0.026513231489649312,0.02657043776570793,0.025947212594189296],[0.02530978455095214,0.025947212594189296,0.025875821577273542,0.026258599661061963,0.025875821577273542,0.025947212594189296,0.02530978455095214]],[[0.026265902075295579,0.026903296461341493,0.026831909429305537,0.027214667820720427,0.026831909429305537,0.026903296461341493,0.026265902075295579],[0.026903296461341493,0.02752648506688201,0.027469282362528189,0.027837845042265094,0.027469282362528189,0.02752648506688201,0.026903296461341493],[0.026831909429305537,0.027469282362528189,0.027653164342107635,0.027837364991025397,0.027653164342107635,0.027469282362528189,0.026831909429305537],[0.027214667820720427,0.027837845042265094,0.027837364991025397,0.028177560652702192,0.027837364991025397,0.027837845042265094,0.027214667820720427],[0.026831909429305537,0.027469282362528189,0.027653164342107635,0.027837364991025397,0.027653164342107635,0.027469282362528189,0.026831909429305537],[0.026903296461341493,0.02752648506688201,0.027469282362528189,0.027837845042265094,0.027469282362528189,0.02752648506688201,0.026903296461341493],[0.026265902075295579,0.026903296461341493,0.026831909429305537,0.027214667820720427,0.026831909429305537,0.026903296461341493,0.026265902075295579]],[[0.027221964846090109,0.027859319847420988,0.027787937448526211,0.028170672727415379,0.027787937448526211,0.027859319847420988,0.027221964846090109],[0.027859319847420988,0.028482466141846154,0.028425267544239085,0.028793805754333619,0.028425267544239085,0.028482466141846154,0.027859319847420988],[0.027787937448526211,0.028425267544239085,0.028609137150935233,0.028793325402982798,0.028609137150935233,0.028425267544239085,0.027787937448526211],[0.028170672727415379,0.028793805754333619,0.028793325402982798,0.029133497856742831,0.028793325402982798,0.028793805754333619,0.028170672727415379],[0.027787937448526211,0.028425267544239085,0.028609137150935233,0.028793325402982798,0.028609137150935233,0.028425267544239085,0.027787937448526211],[0.027859319847420988,0.028482466141846154,0.028425267544239085,0.028793805754333619,0.028425267544239085,0.028482466141846154,0.027859319847420988],[0.027221964846090109,0.027859319847420988,0.027787937448526211,0.028170672727415379,0.027787937448526211,0.027859319847420988,0.027221964846090109]],[[0.028177964099172618,0.028815273753987212,0.028743896664103943,0.029126605272030079,0.028743896664103943,0.028815273753987212,0.028177964099172618],[0.028815273753987212,0.029438371748348648,0.029381177816013657,0.029749688037735544,0.029381177816013657,0.029438371748348648,0.028815273753987212],[0.028743896664103943,0.029381177816013657,0.029565033287452681,0.029749207377092086,0.029565033287452681,0.029381177816013657,0.028743896664103943],[0.029126605272030079,0.029749688037735544,0.029749207377092086,0.030089353349242273,0.029749207377092086,0.029749688037735544,0.029126605272030079],[0.028743896664103943,0.029381177816013657,0.029565033287452681,0.029749207377092086,0.029565033287452681,0.029381177816013657,0.028743896664103943],[0.028815273753987212,0.029438371748348648,0.029381177816013657,0.029749688037735544,0.029381177816013657,0.029438371748348648,0.028815273753987212],[0.028177964099172618,0.028815273753987212,0.028743896664103943,0.029126605272030079,0.028743896664103943,0.028815273753987212,0.028177964099172618]],[[0.02913389070241099,0.029771148792797165,0.029699777717570108,0.030082455944433185,0.029699777717570108,0.029771148792797165,0.02913389070241099],[0.029771148792797165,0.030394192233913337,0.03033700355057365,0.030705482110941096,0.03033700355057365,0.030394192233913337,0.029771148792797165],[0.029699777717570108,0.03033700355057365,0.030520843046804521,0.030705001130777308,0.030520843046804521,0.03033700355057365,0.029699777717570108],[0.030082455944433185,0.030705482110941096,0.030705001130777308,0.031045117202912507,0.030705001130777308,0.030705482110941096,0.030082455944433185],[0.029699777717570108,0.03033700355057365,0.030520843046804521,0.030705001130777308,0.030520843046804521,0.03033700355057365,0.029699777717570108],[0.029771148792797165,0.030394192233913337,0.03033700355057365,0.030705482110941096,0.03033700355057365,0.030394192233913337,0.029771148792797165],[0.02913389070241099,0.029771148792797165,0.029699777717570108,0.030082455944433185,0.029699777717570108,0.029771148792797165,0.02913389070241099]],[[0.030089735123735424,0.030726935154710141,0.030655570831769126,0.031038214803098135,0.030655570831769129,0.030726935154710141,0.030089735123735424],[0.030726935154710141,0.031349917504945146,0.031292734681304439,0.0316611777410812,0.031292734681304446,0.031349917504945153,0.030726935154710141],[0.030655570831769126,0.031292734681304439,0.031476556278831433,0.031660696430180782,0.03147655627883144,0.031292734681304446,0.030655570831769129],[0.031038214803098135,0.0316611777410812,0.031660696430180782,0.032000779028181985,0.031660696430180782,0.0316611777410812,0.031038214803098135],[0.030655570831769129,0.031292734681304446,0.03147655627883144,0.031660696430180782,0.031476556278831433,0.031292734681304439,0.030655570831769126],[0.030726935154710141,0.031349917504945153,0.031292734681304446,0.0316611777410812,0.031292734681304439,0.031349917504945146,0.030726935154710141],[0.030089735123735424,0.030726935154710141,0.030655570831769129,0.031038214803098135,0.030655570831769126,0.030726935154710141,0.030089735123735424]],[[0.031045487399841181,0.031682622578478779,0.031611265779706021,0.031993871444098418,0.031611265779706021,0.031682622578478779,0.031045487399841181],[0.031682622578478779,0.0323055369952063,0.032248360670804936,0.032616764212372654,0.032248360670804936,0.0323055369952063,0.031682622578478779],[0.031611265779706021,0.032248360670804936,0.032432162356536662,0.032616282558545776,0.032432162356536662,0.032248360670804936,0.031611265779706021],[0.031993871444098418,0.032616764212372654,0.032616282558545776,0.032956327941384,0.032616282558545776,0.032616764212372654,0.031993871444098418],[0.031611265779706021,0.032248360670804936,0.032432162356536662,0.032616282558545776,0.032432162356536662,0.032248360670804936,0.031611265779706021],[0.031682622578478779,0.0323055369952063,0.032248360670804936,0.032616764212372654,0.032248360670804936,0.0323055369952063,0.031682622578478779],[0.031045487399841181,0.031682622578478779,0.031611265779706021,0.031993871444098418,0.031611265779706021,0.031682622578478779,0.031045487399841181]],[[0.032001137104631004,0.032638200318798348,0.032566851852690488,0.032949414969066983,0.032566851852690488,0.032638200318798348,0.032001137104631004],[0.032638200318798348,0.033261039633244588,0.033203870478403591,0.033572230293301267,0.033203870478403591,0.033261039633244588,0.032638200318798348],[0.032566851852690488,0.033203870478403591,0.033387650143423465,0.0335717482833749,0.033387650143423465,0.033203870478403591,0.032566851852690488],[0.032949414969066983,0.033572230293301267,0.0335717482833749,0.033911752531560854,0.0335717482833749,0.033572230293301267,0.032949414969066983],[0.032566851852690488,0.033203870478403591,0.033387650143423465,0.0335717482833749,0.033387650143423465,0.033203870478403591,0.032566851852690488],[0.032638200318798348,0.033261039633244588,0.033203870478403591,0.033572230293301267,0.033203870478403591,0.033261039633244588,0.032638200318798348],[0.032001137104631004,0.032638200318798348,0.032566851852690488,0.032949414969066983,0.032566851852690488,0.032638200318798348,0.032001137104631004]],[[0.032956673316833,0.033593657113237405,0.033522317827367747,0.033904833951849962,0.033522317827367747,0.033593657113237405,0.032956673316833],[0.033593657113237405,0.034216413808502086,0.034159252526358784,0.034527564202359223,0.034159252526358784,0.034216413808502086,0.033593657113237405],[0.033522317827367747,0.034159252526358784,0.034343007959456523,0.034527081822152188,0.034343007959456523,0.034159252526358784,0.033522317827367747],[0.033904833951849962,0.034527564202359223,0.034527081822152188,0.034867040825729036,0.034527081822152188,0.034527564202359223,0.033904833951849962],[0.033522317827367747,0.034159252526358784,0.034343007959456523,0.034527081822152188,0.034343007959456523,0.034159252526358784,0.033522317827367747],[0.033593657113237405,0.034216413808502086,0.034159252526358784,0.034527564202359223,0.034159252526358784,0.034216413808502086,0.033593657113237405],[0.032956673316833,0.033593657113237405,0.033522317827367747,0.033904833951849962,0.033522317827367747,0.033593657113237405,0.032956673316833]],[[0.033912084586436929,0.034548981147803873,0.034477651931400392,0.034860116403680863,0.034477651931400392,0.034548981147803873,0.033912084586436929],[0.034548981147803873,0.035171647335928743,0.035114494664570853,0.035482753572207558,0.035114494664570853,0.035171647335928743,0.034548981147803873],[0.034477651931400392,0.035114494664570853,0.035298223545495042,0.035482270806496567,0.035298223545495042,0.035114494664570853,0.034477651931400392],[0.034860116403680863,0.035482753572207558,0.035482270806496567,0.035822180252507357,0.035482270806496567,0.035482753572207558,0.034860116403680863],[0.034477651931400392,0.035114494664570853,0.035298223545495042,0.035482270806496567,0.035298223545495042,0.035114494664570853,0.034477651931400392],[0.034548981147803873,0.035171647335928743,0.035114494664570853,0.035482753572207558,0.0351144946645708