{"M_cells":[[[0,0,0,0,0,0,0],[0,0,0,0,0,0,0],[0,0,0,0,0,0,0],[0,0,0,0,0,0,0],[0,0,0,0,0,0,0],[0,0,0,0,0,0,0],[0,0,0,0,0,0,0]],[[1.4204183284476801E-8,8.2081831363477788E-8,7.3026850644725846E-8,1.068353627523764E-7,7.3026850644725846E-8,8.20818313634778E-8,1.4204183284476804E-8],[8.2081831363477788E-8,3.4982342493679258E-7,3.1976586899641378E-7,4.5188971619648775E-7,3.1976586899641378E-7,3.4982342493679263E-7,8.20818313634778E-8],[7.3026850644725846E-8,3.1976586899641378E-7,3.9257123055593609E-7,4.6577433425065004E-7,3.9257123055593609E-7,3.1976586899641378E-7,7.3026850644725846E-8],[1.068353627523764E-7,4.5188971619648775E-7,4.6577433425065004E-7,6.1456199903477E-7,4.6577433425065004E-7,4.5188971619648775E-7,1.068353627523764E-7],[7.3026850644725846E-8,3.1976586899641378E-7,3.9257123055593609E-7,4.6577433425065004E-7,3.9257123055593609E-7,3.1976586899641378E-7,7.3026850644725846E-8],[8.20818313634778E-8,3.4982342493679263E-7,3.1976586899641378E-7,4.5188971619648775E-7,3.1976586899641378E-7,3.4982342493679258E-7,8.20818313634778E-8],[1.4204183284476804E-8,8.20818313634778E-8,7.3026850644725846E-8,1.068353627523764E-7,7.3026850644725846E-8,8.20818313634778E-8,1.4204183284476804E-8]],[[9.9839190484774968E-8,3.2864660899838545E-7,2.9847901789374596E-7,4.1602006809773423E-7,2.9847901789374596E-7,3.2864660899838545E-7,9.9839190484774981E-8],[3.2864660899838545E-7,8.6412880819009263E-7,8.0475228001769644E-7,1.0793186882802284E-6,8.0475228001769655E-7,8.6412880819009263E-7,3.2864660899838545E-7],[2.9847901789374596E-7,8.0475228001769644E-7,9.5322178471782439E-7,1.1022278804964104E-6,9.532217847178245E-7,8.0475228001769644E-7,2.9847901789374596E-7],[4.1602006809773423E-7,1.0793186882802284E-6,1.1022278804964104E-6,1.3995437063644951E-6,1.1022278804964104E-6,1.0793186882802284E-6,4.1602006809773423E-7],[2.9847901789374596E-7,8.0475228001769655E-7,9.532217847178245E-7,1.1022278804964104E-6,9.532217847178245E-7,8.0475228001769644E-7,2.9847901789374596E-7],[3.2864660899838545E-7,8.6412880819009263E-7,8.0475228001769644E-7,1.0793186882802284E-6,8.0475228001769644E-7,8.6412880819009263E-7,3.2864660899838545E-7],[9.9839190484774981E-8,3.2864660899838545E-7,2.9847901789374596E-7,4.1602006809773423E-7,2.9847901789374596E-7,3.2864660899838545E-7,9.9839190484774968E-8]],[[2.9883530236110317E-7,7.3950123332042716E-7,6.81915475081982E-7,9.14133151051132E-7,6.81915475081982E-7,7.3950123332042727E-7,2.9883530236110317E-7],[7.3950123332042716E-7,1.5425345819894762E-6,1.454606475634054E-6,1.8778709915695576E-6,1.454606475634054E-6,1.5425345819894764E-6,7.3950123332042727E-7],[6.81915475081982E-7,1.454606475634054E-6,1.6801755652728837E-6,1.9064195671687387E-6,1.680175565272884E-6,1.454606475634054E-6,6.81915475081982E-7],[9.14133151051132E-7,1.8778709915695576E-6,1.9064195671687387E-6,2.351785717440548E-6,1.9064195671687387E-6,1.8778709915695576E-6,9.14133151051132E-7],[6.81915475081982E-7,1.454606475634054E-6,1.680175565272884E-6,1.9064195671687387E-6,1.680175565272884E-6,1.454606475634054E-6,6.81915475081982E-7],[7.3950123332042727E-7,1.5425345819894764E-6,1.454606475634054E-6,1.8778709915695576E-6,1.454606475634054E-6,1.5425345819894764E-6,7.3950123332042727E-7],[2.9883530236110317E-7,7.3950123332042727E-7,6.81915475081982E-7,9.14133151051132E-7,6.81915475081982E-7,7.3950123332042727E-7,2.9883530236110317E-7]],[[6.3414434907502132E-7,1.3145419209294881E-6,1.2264481526436154E-6,1.5924822945238843E-6,1.2264481526436154E-6,1.3145419209294881E-6,6.3414434907502132E-7],[1.3145419209294881E-6,2.3849836610220694E-6,2.269310456887964E-6,2.845054625336592E-6,2.269310456887964E-6,2.3849836610220694E-6,1.3145419209294881E-6],[1.2264481526436154E-6,2.269310456887964E-6,2.5727969404132344E-6,2.87709612904136E-6,2.5727969404132344E-6,2.269310456887964E-6,1.2264481526436154E-6],[1.5924822945238843E-6,2.845054625336592E-6,2.87709612904136E-6,3.470038399701751E-6,2.87709612904136E-6,2.845054625336592E-6,1.5924822945238843E-6],[1.2264481526436154E-6,2.269310456887964E-6,2.5727969404132344E-6,2.87709612904136E-6,2.5727969404132344E-6,2.269310456887964E-6,1.2264481526436154E-6],[1.3145419209294881E-6,2.3849836610220694E-6,2.269310456887964E-6,2.845054625336592E-6,2.269310456887964E-6,2.3849836610220694E-6,1.3145419209294881E-6],[6.3414434907502132E-7,1.3145419209294881E-6,1.2264481526436154E-6,1.5924822945238843E-6,1.2264481526436154E-6,1.3145419209294881E-6,6.3414434907502132E-7]],[[1.1183159867962162E-6,2.053656666299123E-6,1.9337175467679698E-6,2.4453564379531659E-6,1.9337175467679698E-6,2.053656666299123E-6,1.1183159867962162E-6],[2.053656666299123E-6,3.3913050097991619E-6,3.2486257192398343E-6,3.9790725953256371E-6,3.2486257192398343E-6,3.3913050097991619E-6,2.053656666299123E-6],[1.9337175467679698E-6,3.2486257192398343E-6,3.6304588034221226E-6,4.0132418700516754E-6,3.6304588034221226E-6,3.2486257192398339E-6,1.9337175467679698E-6],[2.4453564379531659E-6,3.9790725953256371E-6,4.0132418700516754E-6,4.7532901536923868E-6,4.0132418700516754E-6,3.9790725953256371E-6,2.4453564379531659E-6],[1.9337175467679698E-6,3.2486257192398343E-6,3.6304588034221226E-6,4.0132418700516754E-6,3.6304588034221226E-6,3.2486257192398339E-6,1.9337175467679698E-6],[2.053656666299123E-6,3.3913050097991619E-6,3.2486257192398339E-6,3.9790725953256371E-6,3.2486257192398339E-6,3.3913050097991619E-6,2.053656666299123E-6],[1.1183159867962162E-6,2.053656666299123E-6,1.9337175467679698E-6,2.4453564379531659E-6,1.9337175467679698E-6,2.053656666299123E-6,1.1183159867962162E-6]],[[1.7581757319620536E-6,2.9566844882167503E-6,2.8044827067815981E-6,3.4689293505482598E-6,2.8044827067815981E-6,2.9566844882167503E-6,1.7581757319620536E-6],[2.9566844882167503E-6,4.5612409163741457E-6,4.3921888638873932E-6,5.2785776788330885E-6,4.3921888638873932E-6,4.5612409163741457E-6,2.9566844882167503E-6],[2.8044827067815981E-6,4.3921888638873932E-6,4.8525529207950559E-6,5.3140037396218293E-6,4.8525529207950559E-6,4.3921888638873932E-6,2.8044827067815981E-6],[3.4689293505482598E-6,5.2785776788330885E-6,5.3140037396218293E-6,6.2006923197943293E-6,5.3140037396218293E-6,5.2785776788330885E-6,3.4689293505482598E-6],[2.8044827067815981E-6,4.3921888638873932E-6,4.8525529207950559E-6,5.3140037396218293E-6,4.8525529207950559E-6,4.3921888638873932E-6,2.8044827067815981E-6],[2.9566844882167503E-6,4.5612409163741457E-6,4.3921888638873932E-6,5.2785776788330885E-6,4.3921888638873932E-6,4.5612409163741449E-6,2.9566844882167503E-6],[1.7581757319620536E-6,2.9566844882167503E-6,2.8044827067815981E-6,3.4689293505482598E-6,2.8044827067815981E-6,2.9566844882167503E-6,1.7581757319620536E-6]],[[2.5573819982301295E-6,4.02340414952142E-6,3.8389776348959093E-6,4.6605706498285215E-6,3.83897763489591E-6,4.02340414952142E-6,2.5573819982301295E-6],[4.02340414952142E-6,5.8944693356848976E-6,5.6995677880186585E-6,6.7425155226796461E-6,5.6995677880186594E-6,5.8944693356848976E-6,4.02340414952142E-6],[3.8389776348959093E-6,5.6995677880186585E-6,6.2384928114837447E-6,6.7786408966213333E-6,6.2384928114837447E-6,5.6995677880186594E-6,3.83897763489591E-6],[4.6605706498285215E-6,6.7425155226796461E-6,6.7786408966213333E-6,7.8115086201905341E-6,6.7786408966213333E-6,6.7425155226796461E-6,4.6605706498285215E-6],[3.83897763489591E-6,5.6995677880186594E-6,6.2384928114837447E-6,6.7786408966213333E-6,6.2384928114837447E-6,5.6995677880186594E-6,3.83897763489591E-6],[4.02340414952142E-6,5.8944693356848976E-6,5.6995677880186594E-6,6.7425155226796461E-6,5.6995677880186594E-6,5.8944693356848976E-6,4.02340414952142E-6],[2.5573819982301295E-6,4.02340414952142E-6,3.83897763489591E-6,4.6605706498285215E-6,3.83897763489591E-6,4.02340414952142E-6,2.5573819982301295E-6]],[[3.5178282158795742E-6,5.2535368571020717E-6,5.037125959185708E-6,6.0184117470893393E-6,5.037125959185708E-6,5.2535368571020717E-6,3.5178282158795742E-6],[5.2535368571020717E-6,7.3906215171025122E-6,7.1702943994370668E-6,8.37002386448951E-6,7.1702943994370668E-6,7.390621517102513E-6,5.2535368571020717E-6],[5.037125959185708E-6,7.1702943994370668E-6,7.7877130605949809E-6,8.406490620225521E-6,7.7877130605949826E-6,7.1702943994370676E-6,5.0371259591857089E-6],[6.0184117470893393E-6,8.37002386448951E-6,8.406490620225521E-6,9.585080982564947E-6,8.406490620225521E-6,8.370023864489511E-6,6.01841174708934E-6],[5.037125959185708E-6,7.1702943994370668E-6,7.7877130605949826E-6,8.406490620225521E-6,7.7877130605949826E-6,7.1702943994370676E-6,5.0371259591857089E-6],[5.2535368571020717E-6,7.390621517102513E-6,7.1702943994370676E-6,8.370023864489511E-6,7.1702943994370676E-6,7.390621517102513E-6,5.2535368571020717E-6],[3.5178282158795742E-6,5.2535368571020717E-6,5.0371259591857089E-6,6.01841174708934E-6,5.0371259591857089E-6,5.2535368571020717E-6,3.5178282158795742E-6]],[[4.6404151758585511E-6,6.646754656779634E-6,6.39866978996738E-6,7.54107163094367E-6,6.39866978996738E-6,6.646754656779634E-6,4.6404151758585511E-6],[6.646754656779634E-6,9.0492955527923424E-6,8.8038834313025265E-6,1.0160367532908046E-5,8.8038834313025265E-6,9.0492955527923424E-6,6.646754656779634E-6],[6.39866978996738E-6,8.8038834313025265E-6,9.4996671606520444E-6,1.0196945177020034E-5,9.4996671606520444E-6,8.8038834313025265E-6,6.39866978996738E-6],[7.54107163094367E-6,1.0160367532908046E-5,1.0196945177020034E-5,1.1520806345484276E-5,1.0196945177020034E-5,1.0160367532908046E-5,7.54107163094367E-6],[6.39866978996738E-6,8.8038834313025265E-6,9.4996671606520444E-6,1.0196945177020034E-5,9.4996671606520444E-6,8.8038834313025265E-6,6.39866978996738E-6],[6.646754656779634E-6,9.0492955527923424E-6,8.8038834313025265E-6,1.0160367532908046E-5,8.8038834313025265E-6,9.0492955527923424E-6,6.646754656779634E-6],[4.6404151758585511E-6,6.646754656779634E-6,6.39866978996738E-6,7.54107163094367E-6,6.39866978996738E-6,6.646754656779634E-6,4.6404151758585511E-6]],[[5.9254791581821411E-6,8.2026902978311376E-6,7.9232467377750515E-6,9.2274831012962241E-6,7.9232467377750515E-6,8.2026902978311376E-6,5.9254791581821411E-6],[8.2026902978311376E-6,1.0870066591898997E-5,1.0599843084919653E-5,1.2112896338893582E-5,1.0599843084919653E-5,1.0870066591898997E-5,8.2026902978311376E-6],[7.9232467377750515E-6,1.0599843084919653E-5,1.1373824952398501E-5,1.214943605975435E-5,1.1373824952398501E-5,1.0599843084919653E-5,7.9232467377750515E-6],[9.2274831012962241E-6,1.2112896338893582E-5,1.214943605975435E-5,1.3618120853930935E-5,1.214943605975435E-5,1.2112896338893582E-5,9.2274831012962241E-6],[7.9232467377750515E-6,1.0599843084919653E-5,1.1373824952398501E-5,1.214943605975435E-5,1.1373824952398501E-5,1.0599843084919655E-5,7.9232467377750515E-6],[8.2026902978311376E-6,1.0870066591898997E-5,1.0599843084919653E-5,1.2112896338893582E-5,1.0599843084919655E-5,1.0870066591899E-5,8.20269029783114E-6],[5.9254791581821411E-6,8.2026902978311376E-6,7.9232467377750515E-6,9.2274831012962241E-6,7.9232467377750515E-6,8.20269029783114E-6,5.925479158182142E-6]],[[7.37303126140454E-6,9.9209465780559672E-6,9.6104357063730918E-6,1.1076782291576777E-5,9.6104357063730918E-6,9.9209465780559672E-6,7.37303126140454E-6],[9.9209465780559672E-6,1.2852494426356034E-5,1.2557680910615393E-5,1.4227017667960957E-5,1.2557680910615391E-5,1.2852494426356033E-5,9.9209465780559672E-6],[9.6104357063730918E-6,1.2557680910615393E-5,1.3409670173625336E-5,1.4263423204324013E-5,1.3409670173625336E-5,1.2557680910615391E-5,9.6104357063730918E-6],[1.1076782291576777E-5,1.4227017667960957E-5,1.4263423204324013E-5,1.5876489046461298E-5,1.4263423204324013E-5,1.4227017667960957E-5,1.1076782291576777E-5],[9.6104357063730918E-6,1.2557680910615391E-5,1.3409670173625336E-5,1.4263423204324013E-5,1.3409670173625336E-5,1.2557680910615391E-5,9.6104357063730918E-6],[9.9209465780559672E-6,1.2852494426356033E-5,1.2557680910615391E-5,1.4227017667960957E-5,1.2557680910615391E-5,1.2852494426356033E-5,9.9209465780559672E-6],[7.37303126140454E-6,9.9209465780559672E-6,9.6104357063730918E-6,1.1076782291576777E-5,9.6104357063730918E-6,9.9209465780559672E-6,7.3730312614045406E-6]],[[8.9828926543695772E-6,1.1801104372882342E-5,1.1459783940706518E-5,1.3088238175308061E-5,1.1459783940706518E-5,1.1801104372882342E-5,8.9828926543695772E-6],[1.1801104372882342E-5,1.4996129055831814E-5,1.4676906945111636E-5,1.6502178551028033E-5,1.4676906945111636E-5,1.4996129055831814E-5,1.1801104372882342E-5],[1.1459783940706518E-5,1.4676906945111636E-5,1.5606698323095085E-5,1.6538387580545396E-5,1.5606698323095085E-5,1.4676906945111636E-5,1.1459783940706518E-5],[1.3088238175308061E-5,1.6502178551028033E-5,1.6538387580545396E-5,1.8295396425801074E-5,1.6538387580545396E-5,1.6502178551028033E-5,1.3088238175308061E-5],[1.1459783940706518E-5,1.4676906945111636E-5,1.5606698323095085E-5,1.6538387580545396E-5,1.5606698323095085E-5,1.4676906945111636E-5,1.1459783940706518E-5],[1.1801104372882342E-5,1.4996129055831814E-5,1.4676906945111636E-5,1.6502178551028033E-5,1.4676906945111636E-5,1.4996129055831814E-5,1.1801104372882342E-5],[8.9828926543695772E-6,1.1801104372882342E-5,1.1459783940706518E-5,1.3088238175308061E-5,1.1459783940706518E-5,1.1801104372882342E-5,8.9828926543695772E-6]],[[1.0754772052814013E-5,1.3842729157560942E-5,1.3470822867251026E-5,1.5261207409329459E-5,1.3470822867251026E-5,1.3842729157560942E-5,1.0754772052814013E-5],[1.3842729157560942E-5,1.7300514726904508E-5,1.6957035291587107E-5,1.893785387193357E-5,1.6957035291587107E-5,1.7300514726904508E-5,1.3842729157560942E-5],[1.3470822867251026E-5,1.6957035291587107E-5,1.7964414892872187E-5,1.8973826077059814E-5,1.7964414892872187E-5,1.6957035291587107E-5,1.3470822867251026E-5],[1.5261207409329459E-5,1.893785387193357E-5,1.8973826077059814E-5,2.0874344330462035E-5,1.8973826077059814E-5,1.893785387193357E-5,1.5261207409329459E-5],[1.3470822867251026E-5,1.6957035291587107E-5,1.7964414892872187E-5,1.8973826077059814E-5,1.7964414892872187E-5,1.6957035291587107E-5,1.3470822867251026E-5],[1.3842729157560942E-5,1.7300514726904508E-5,1.6957035291587107E-5,1.893785387193357E-5,1.6957035291587107E-5,1.7300514726904508E-5,1.3842729157560942E-5],[1.0754772052814013E-5,1.3842729157560942E-5,1.3470822867251026E-5,1.5261207409329459E-5,1.3470822867251026E-5,1.3842729157560942E-5,1.0754772052814013E-5]],[[1.268831082473466E-5,1.604537611433833E-5,1.5643077266189489E-5,1.7595105283445346E-5,1.5643077266189489E-5,1.604537611433833E-5,1.268831082473466E-5],[1.604537611433833E-5,1.9765192836014919E-5,1.9397584833337117E-5,2.15335385649378E-5,1.9397584833337117E-5,1.9765192836014919E-5,1.604537611433833E-5],[1.5643077266189489E-5,1.9397584833337117E-5,2.0482333949936638E-5,2.1569247951174183E-5,2.0482333949936638E-5,1.9397584833337117E-5,1.5643077266189489E-5],[1.7595105283445346E-5,2.15335385649378E-5,2.1569247951174183E-5,2.3612846376176064E-5,2.1569247951174183E-5,2.15335385649378E-5,1.7595105283445346E-5],[1.5643077266189489E-5,1.9397584833337117E-5,2.0482333949936638E-5,2.1569247951174183E-5,2.0482333949936638E-5,1.9397584833337117E-5,1.5643077266189489E-5],[1.604537611433833E-5,1.9765192836014919E-5,1.9397584833337117E-5,2.15335385649378E-5,1.9397584833337117E-5,1.9765192836014919E-5,1.604537611433833E-5],[1.268831082473466E-5,1.604537611433833E-5,1.5643077266189489E-5,1.7595105283445346E-5,1.5643077266189489E-5,1.604537611433833E-5,1.268831082473466E-5]],[[1.4783109739945015E-5,1.8408594027717116E-5,1.7976070500019541E-5,2.0089386943981309E-5,1.7976070500019541E-5,1.8408594027717116E-5,1.4783109739945015E-5],[1.8408594027717116E-5,2.2389703995327727E-5,2.1998079478888553E-5,2.4288742417814897E-5,2.1998079478888553E-5,2.2389703995327727E-5,1.8408594027717116E-5],[1.7976070500019541E-5,2.1998079478888553E-5,2.3159977018910836E-5,2.4324172349427667E-5,2.3159977018910836E-5,2.1998079478888553E-5,1.7976070500019541E-5],[2.0089386943981309E-5,2.4288742417814897E-5,2.4324172349427667E-5,2.6510425971469658E-5,2.4324172349427667E-5,2.4288742417814897E-5,2.0089386943981309E-5],[1.7976070500019541E-5,2.1998079478888553E-5,2.3159977018910836E-5,2.4324172349427667E-5,2.3159977018910836E-5,2.1998079478888553E-5,1.7976070500019541E-5],[1.8408594027717116E-5,2.2389703995327727E-5,2.1998079478888553E-5,2.4288742417814897E-5,2.1998079478888553E-5,2.2389703995327727E-5,1.8408594027717116E-5],[1.4783109739945015E-5,1.8408594027717116E-5,1.7976070500019541E-5,2.0089386943981309E-5,1.7976070500019541E-5,1.8408594027717116E-5,1.4783109739945015E-5]],[[1.7038745155494168E-5,2.0931928195369517E-5,2.0469327427274428E-5,2.2743535194719677E-5,2.0469327427274428E-5,2.0931928195369517E-5,1.7038745155494168E-5],[2.0931928195369517E-5,2.5173589487155837E-5,2.4758048164277378E-5,2.7202986584073153E-5,2.4758048164277378E-5,2.5173589487155837E-5,2.0931928195369517E-5],[2.0469327427274428E-5,2.4758048164277378E-5,2.5996872210723737E-5,2.7238126562824971E-5,2.5996872210723737E-5,2.4758048164277378E-5,2.0469327427274428E-5],[2.2743535194719677E-5,2.7202986584073153E-5,2.7238126562824971E-5,2.9566614570256889E-5,2.7238126562824971E-5,2.7202986584073153E-5,2.2743535194719677E-5],[2.0469327427274428E-5,2.4758048164277378E-5,2.5996872210723737E-5,2.7238126562824971E-5,2.5996872210723737E-5,2.4758048164277378E-5,2.0469327427274428E-5],[2.0931928195369517E-5,2.5173589487155837E-5,2.4758048164277378E-5,2.7202986584073153E-5,2.4758048164277378E-5,2.5173589487155837E-5,2.0931928195369517E-5],[1.7038745155494168E-5,2.0931928195369517E-5,2.0469327427274428E-5,2.2743535194719677E-5,2.0469327427274428E-5,2.0931928195369517E-5,1.7038745155494168E-5]],[[1.9454779012790209E-5,2.3614922566521934E-5,2.3122375970150689E-5,2.5557052524885204E-5,2.3122375970150689E-5,2.3614922566521934E-5,1.9454779012790209E-5],[2.3614922566521934E-5,2.8116392274889272E-5,2.7677024737972012E-5,3.0275801221317636E-5,2.7677024737972012E-5,2.8116392274889272E-5,2.3614922566521934E-5],[2.3122375970150689E-5,2.7677024737972012E-5,2.8992553545331394E-5,3.0310644787496049E-5,2.8992553545331394E-5,2.7677024737972012E-5,2.3122375970150689E-5],[2.5557052524885204E-5,3.0275801221317636E-5,3.0310644787496049E-5,3.2780950431443157E-5,3.0310644787496049E-5,3.0275801221317636E-5,2.5557052524885204E-5],[2.3122375970150689E-5,2.7677024737972012E-5,2.8992553545331394E-5,3.0310644787496049E-5,2.8992553545331394E-5,2.7677024737972012E-5,2.3122375970150689E-5],[2.3614922566521934E-5,2.8116392274889272E-5,2.7677024737972012E-5,3.0275801221317636E-5,2.7677024737972012E-5,2.8116392274889272E-5,2.3614922566521934E-5],[1.9454779012790209E-5,2.3614922566521934E-5,2.3122375970150689E-5,2.5557052524885204E-5,2.3122375970150689E-5,2.3614922566521934E-5,1.9454779012790209E-5]],[[2.2030765136037188E-5,2.6457121288400534E-5,2.593474790884687E-5,2.8529455864693769E-5,2.593474790884687E-5,2.6457121288400534E-5,2.2030765136037188E-5],[2.6457121288400534E-5,3.1217657694119817E-5,3.0754547796254542E-5,3.3506723874990393E-5,3.0754547796254542E-5,3.1217657694119817E-5,2.6457121288400534E-5],[2.593474790884687E-5,3.0754547796254542E-5,3.214656042398316E-5,3.3541267233955704E-5,3.214656042398316E-5,3.0754547796254542E-5,2.593474790884687E-5],[2.8529455864693769E-5,3.3506723874990393E-5,3.3541267233955704E-5,3.6152977728163116E-5,3.3541267233955704E-5,3.3506723874990393E-5,2.8529455864693766E-5],[2.593474790884687E-5,3.0754547796254542E-5,3.214656042398316E-5,3.3541267233955704E-5,3.214656042398316E-5,3.0754547796254542E-5,2.593474790884687E-5],[2.6457121288400534E-5,3.1217657694119817E-5,3.0754547796254542E-5,3.3506723874990393E-5,3.0754547796254542E-5,3.1217657694119817E-5,2.6457121288400534E-5],[2.2030765136037188E-5,2.6457121288400534E-5,2.593474790884687E-5,2.8529455864693766E-5,2.593474790884687E-5,2.6457121288400534E-5,2.2030765136037188E-5]],[[2.4766253271253423E-5,2.9458069807006595E-5,2.8905979238754881E-5,3.1660273108283661E-5,2.8905979238754881E-5,2.9458069807006595E-5,2.4766253271253423E-5],[2.9458069807006595E-5,3.4476933914282788E-5,3.3990160504159725E-5,3.6895298357672964E-5,3.3990160504159725E-5,3.4476933914282788E-5,2.9458069807006595E-5],[2.8905979238754881E-5,3.3990160504159725E-5,3.5458437214777462E-5,3.6929539477357546E-5,3.5458437214777462E-5,3.3990160504159725E-5,2.8905979238754881E-5],[3.1660273108283661E-5,3.6895298357672964E-5,3.6929539477357546E-5,3.9682245898655689E-5,3.6929539477357546E-5,3.6895298357672964E-5,3.1660273108283661E-5],[2.8905979238754881E-5,3.3990160504159725E-5,3.5458437214777462E-5,3.6929539477357546E-5,3.5458437214777462E-5,3.3990160504159725E-5,2.8905979238754881E-5],[2.9458069807006595E-5,3.4476933914282788E-5,3.3990160504159725E-5,3.6895298357672964E-5,3.3990160504159725E-5,3.4476933914282788E-5,2.9458069807006595E-5],[2.4766253271253423E-5,2.9458069807006595E-5,2.8905979238754881E-5,3.1660273108283661E-5,2.8905979238754881E-5,2.9458069807006595E-5,2.4766253271253423E-5]],[[2.7660791713737537E-5,3.26173156368061E-5,3.2035610285917018E-5,3.4949040786847444E-5,3.2035610285917018E-5,3.26173156368061E-5,2.7660791713737537E-5],[3.26173156368061E-5,3.7893772236321084E-5,3.7383410418909318E-5,4.0441073959325983E-5,3.7383410418909318E-5,3.7893772236321084E-5,3.26173156368061E-5],[3.2035610285917018E-5,3.7383410418909318E-5,3.8927732922962347E-5,4.0475011974721732E-5,3.8927732922962347E-5,3.7383410418909318E-5,3.2035610285917018E-5],[3.4949040786847444E-5,4.0441073959325983E-5,4.0475011974721732E-5,4.3368309164478505E-5,4.0475011974721732E-5,4.0441073959325983E-5,3.4949040786847444E-5],[3.2035610285917018E-5,3.7383410418909318E-5,3.8927732922962347E-5,4.0475011974721732E-5,3.8927732922962347E-5,3.7383410418909318E-5,3.2035610285917018E-5],[3.26173156368061E-5,3.7893772236321084E-5,3.7383410418909318E-5,4.0441073959325983E-5,3.7383410418909318E-5,3.7893772236321084E-5,3.26173156368061E-5],[2.7660791713737537E-5,3.26173156368061E-5,3.2035610285917018E-5,3.4949040786847444E-5,3.2035610285917018E-5,3.26173156368061E-5,2.7660791713737537E-5]],[[3.0713929034125992E-5,3.5934408887030725E-5,3.5323185692958935E-5,3.8395302493632404E-5,3.5323185692958935E-5,3.5934408887030725E-5,3.0713929034125992E-5],[3.5934408887030725E-5,4.1467727273599336E-5,4.0933849322957595E-5,4.4143604879472466E-5,4.0933849322957595E-5,4.1467727273599336E-5,3.5934408887030725E-5],[3.5323185692958935E-5,4.0933849322957595E-5,4.2554000924007554E-5,4.4177239698077712E-5,4.2554000924007554E-5,4.0933849322957595E-5,3.5323185692958935E-5],[3.8395302493632404E-5,4.4143604879472466E-5,4.4177239698077712E-5,4.72107261648108E-5,4.4177239698077712E-5,4.4143604879472466E-5,3.8395302493632404E-5],[3.5323185692958935E-5,4.0933849322957595E-5,4.2554000924007554E-5,4.4177239698077712E-5,4.2554000924007554E-5,4.0933849322957595E-5,3.5323185692958935E-5],[3.5934408887030725E-5,4.1467727273599336E-5,4.0933849322957595E-5,4.4143604879472466E-5,4.0933849322957595E-5,4.1467727273599336E-5,3.5934408887030725E-5],[3.0713929034125992E-5,3.5934408887030725E-5,3.5323185692958935E-5,3.8395302493632404E-5,3.5323185692958935E-5,3.5934408887030725E-5,3.0713929034125992E-5]],[[3.3925215217020757E-5,3.9408902610555545E-5,3.8768254338921091E-5,4.1998607802645765E-5,3.8768254338921091E-5,3.9408902610555545E-5,3.3925215217020757E-5],[3.9408902610555545E-5,4.519835704995078E-5,4.4641033068695373E-5,4.80024498088402E-5,4.4641033068695373E-5,4.519835704995078E-5,3.9408902610555545E-5],[3.8768254338921091E-5,4.4641033068695373E-5,4.6336798742815505E-5,4.8035781848215473E-5,4.6336798742815505E-5,4.4641033068695373E-5,3.8768254338921091E-5],[4.1998607802645765E-5,4.80024498088402E-5,4.8035781848215473E-5,5.1209059671403829E-5,4.8035781848215473E-5,4.80024498088402E-5,4.1998607802645765E-5],[3.8768254338921091E-5,4.4641033068695373E-5,4.6336798742815505E-5,4.8035781848215473E-5,4.6336798742815505E-5,4.4641033068695373E-5,3.8768254338921091E-5],[3.9408902610555545E-5,4.519835704995078E-5,4.4641033068695373E-5,4.80024498088402E-5,4.4641033068695373E-5,4.519835704995078E-5,3.9408902610555545E-5],[3.3925215217020757E-5,3.9408902610555545E-5,3.8768254338921091E-5,4.1998607802645765E-5,3.8768254338921091E-5,3.9408902610555545E-5,3.3925215217020757E-5]],[[3.7294202409871212E-5,4.3040353024312868E-5,4.2370369228017385E-5,4.575851151300857E-5,4.2370369228017385E-5,4.3040353024312868E-5,3.7294202409871212E-5],[4.3040353024312868E-5,4.908522303904096E-5,4.8504521434387762E-5,5.2017171612019666E-5,4.8504521434387762E-5,4.908522303904096E-5,4.3040353024312868E-5],[4.2370369228017385E-5,4.8504521434387762E-5,5.0275687866613349E-5,5.2050201624555537E-5,5.0275687866613349E-5,4.8504521434387762E-5,4.2370369228017385E-5],[4.575851151300857E-5,5.2017171612019666E-5,5.2050201624555537E-5,5.5362876359598974E-5,5.2050201624555537E-5,5.2017171612019666E-5,4.575851151300857E-5],[4.2370369228017385E-5,4.8504521434387762E-5,5.0275687866613349E-5,5.2050201624555537E-5,5.0275687866613349E-5,4.8504521434387762E-5,4.2370369228017385E-5],[4.3040353024312868E-5,4.908522303904096E-5,4.8504521434387762E-5,5.2017171612019666E-5,4.8504521434387762E-5,4.908522303904096E-5,4.3040353024312868E-5],[3.7294202409871212E-5,4.3040353024312868E-5,4.2370369228017385E-5,4.575851151300857E-5,4.2370369228017385E-5,4.3040353024312868E-5,3.7294202409871212E-5]],[[4.0820445409337152E-5,4.6828319637224586E-5,4.61290873660807E-5,4.9674573109065812E-5,4.61290873660807E-5,4.6828319637224586E-5,4.0820445409337152E-5],[4.6828319637224586E-5,5.3127890162262296E-5,5.2523877989902907E-5,5.618733707862472E-5,5.2523877989902907E-5,5.3127890162262296E-5,4.6828319637224586E-5],[4.61290873660807E-5,5.2523877989902907E-5,5.4370233582294155E-5,5.6220066034119762E-5,5.4370233582294155E-5,5.2523877989902907E-5,4.61290873660807E-5],[4.9674573109065812E-5,5.618733707862472E-5,5.6220066034119762E-5,5.9671746618334647E-5,5.6220066034119762E-5,5.618733707862472E-5,4.9674573109065812E-5],[4.61290873660807E-5,5.2523877989902907E-5,5.4370233582294155E-5,5.6220066034119762E-5,5.4370233582294155E-5,5.2523877989902907E-5,4.61290873660807E-5],[4.6828319637224586E-5,5.3127890162262296E-5,5.2523877989902907E-5,5.618733707862472E-5,5.2523877989902907E-5,5.3127890162262296E-5,4.6828319637224586E-5],[4.0820445409337152E-5,4.6828319637224586E-5,4.61290873660807E-5,4.9674573109065812E-5,4.61290873660807E-5,4.6828319637224586E-5,4.0820445409337152E-5]],[[4.4503501968664962E-5,5.0772365311827752E-5,5.0043969634224877E-5,5.374635636404479E-5,5.0043969634224877E-5,5.0772365311827752E-5,4.4503501968664962E-5],[5.0772365311827752E-5,5.7325926757323292E-5,5.6698669970457386E-5,6.051251672100317E-5,5.6698669970457386E-5,5.7325926757323285E-5,5.0772365311827752E-5],[5.0043969634224877E-5,5.6698669970457386E-5,5.8620004831374529E-5,6.0544945727713713E-5,5.8620004831374529E-5,5.6698669970457386E-5,5.0043969634224877E-5],[5.374635636404479E-5,6.051251672100317E-5,6.0544945727713713E-5,6.4135244387212624E-5,6.0544945727713713E-5,6.051251672100317E-5,5.374635636404479E-5],[5.0043969634224877E-5,5.6698669970457386E-5,5.8620004831374529E-5,6.0544945727713713E-5,5.8620004831374529E-5,5.6698669970457386E-5,5.0043969634224877E-5],[5.0772365311827752E-5,5.7325926757323285E-5,5.6698669970457386E-5,6.051251672100317E-5,5.6698669970457386E-5,5.7325926757323292E-5,5.0772365311827759E-5],[4.4503501968664962E-5,5.0772365311827752E-5,5.0043969634224877E-5,5.374635636404479E-5,5.0043969634224877E-5,5.0772365311827759E-5,4.4503501968664962E-5]],[[4.8342932981840912E-5,5.4872056278539492E-5,5.411458066417331E-5,5.7973429039589394E-5,5.411458066417331E-5,5.4872056278539492E-5,4.8342932981840912E-5],[5.4872056278539492E-5,6.1678904526125931E-5,6.1028468156665682E-5,6.4992284603617343E-5,6.1028468156665682E-5,6.1678904526125931E-5,5.4872056278539492E-5],[5.411458066417331E-5,6.1028468156665682E-5,6.302457407755524E-5,6.5024414855007056E-5,6.302457407755524E-5,6.1028468156665689E-5,5.411458066417331E-5],[5.7973429039589394E-5,6.4992284603617343E-5,6.5024414855007056E-5,6.8752947012285372E-5,6.5024414855007056E-5,6.4992284603617356E-5,5.7973429039589394E-5],[5.411458066417331E-5,6.1028468156665682E-5,6.302457407755524E-5,6.5024414855007056E-5,6.302457407755524E-5,6.1028468156665689E-5,5.411458066417331E-5],[5.4872056278539492E-5,6.1678904526125931E-5,6.1028468156665689E-5,6.4992284603617356E-5,6.1028468156665689E-5,6.1678904526125944E-5,5.4872056278539506E-5],[4.8342932981840912E-5,5.4872056278539492E-5,5.411458066417331E-5,5.7973429039589394E-5,5.411458066417331E-5,5.4872056278539506E-5,4.8342932981840919E-5]],[[5.2338302582290034E-5,5.9126962116144251E-5,5.8340488716945507E-5,6.2355362649534272E-5,5.8340488716945507E-5,5.9126962116144251E-5,5.2338302582290034E-5],[5.9126962116144251E-5,6.6186398467936021E-5,6.55128467593495E-5,6.9626218193930209E-5,6.55128467593495E-5,6.6186398467936021E-5,5.9126962116144251E-5],[5.8340488716945507E-5,6.55128467593495E-5,6.75835171831796E-5,6.9658050932647317E-5,6.75835171831796E-5,6.55128467593495E-5,5.8340488716945507E-5],[6.2355362649534272E-5,6.9626218193930209E-5,6.9658050932647317E-5,7.3524435114682019E-5,6.9658050932647317E-5,6.9626218193930209E-5,6.2355362649534272E-5],[5.8340488716945507E-5,6.55128467593495E-5,6.75835171831796E-5,6.9658050932647317E-5,6.75835171831796E-5,6.55128467593495E-5,5.8340488716945507E-5],[5.9126962116144251E-5,6.6186398467936021E-5,6.55128467593495E-5,6.9626218193930209E-5,6.55128467593495E-5,6.6186398467936021E-5,5.9126962116144257E-5],[5.2338302582290034E-5,5.9126962116144251E-5,5.8340488716945507E-5,6.2355362649534272E-5,5.8340488716945507E-5,5.9126962116144257E-5,5.2338302582290047E-5]],[[5.6489178181966571E-5,6.35366557082086E-5,6.2721265565217628E-5,6.6891732266815673E-5,6.2721265565217628E-5,6.35366557082086E-5,5.6489178181966571E-5],[6.35366557082086E-5,7.0847986802045535E-5,7.01513833078165E-5,7.4413898227832561E-5,7.01513833078165E-5,7.0847986802045535E-5,6.35366557082086E-5],[6.2721265565217628E-5,7.01513833078165E-5,7.2296413291876742E-5,7.4445434721271875E-5,7.2296413291876742E-5,7.01513833078165E-5,6.2721265565217628E-5],[6.6891732266815673E-5,7.4413898227832561E-5,7.4445434721271875E-5,7.8449292467929358E-5,7.4445434721271875E-5,7.4413898227832561E-5,6.6891732266815673E-5],[6.2721265565217628E-5,7.01513833078165E-5,7.2296413291876742E-5,7.4445434721271875E-5,7.2296413291876742E-5,7.01513833078165E-5,6.2721265565217628E-5],[6.35366557082086E-5,7.0847986802045535E-5,7.01513833078165E-5,7.4413898227832561E-5,7.01513833078165E-5,7.0847986802045535E-5,6.35366557082086E-5],[5.6489178181966571E-5,6.35366557082086E-5,6.2721265565217628E-5,6.6891732266815673E-5,6.2721265565217628E-5,6.35366557082086E-5,5.6489178181966578E-5]],[[6.0795130468657521E-5,6.8100713182282451E-5,6.7256486378969633E-5,7.1582116359336954E-5,6.7256486378969633E-5,6.8100713182282451E-5,6.0795130468657521E-5],[6.8100713182282451E-5,7.5663250882798135E-5,7.4943658540505443E-5,7.9354908584760515E-5,7.4943658540505443E-5,7.5663250882798135E-5,6.8100713182282451E-5],[6.7256486378969633E-5,7.4943658540505443E-5,7.7162844715347492E-5,7.9386150108437292E-5,7.7162844715347492E-5,7.4943658540505443E-5,6.7256486378969633E-5],[7.1582116359336954E-5,7.9354908584760515E-5,7.9386150108437292E-5,8.3527105880979035E-5,7.9386150108437292E-5,7.9354908584760515E-5,7.1582116359336954E-5],[6.7256486378969633E-5,7.4943658540505443E-5,7.7162844715347492E-5,7.9386150108437292E-5,7.7162844715347492E-5,7.4943658540505443E-5,6.7256486378969633E-5],[6.8100713182282451E-5,7.5663250882798135E-5,7.4943658540505443E-5,7.9354908584760515E-5,7.4943658540505443E-5,7.5663250882798135E-5,6.8100713182282451E-5],[6.0795130468657521E-5,6.8100713182282451E-5,6.7256486378969633E-5,7.1582116359336954E-5,6.7256486378969633E-5,6.8100713182282451E-5,6.0795130468657528E-5]],[[6.52557333738599E-5,7.28187138367348E-5,7.1945729613795924E-5,7.64260966452185E-5,7.1945729613795924E-5,7.28187138367348E-5,6.52557333738599E-5],[7.28187138367348E-5,8.0631775108959934E-5,7.9889256297120863E-5,8.4448836169136889E-5,7.9889256297120863E-5,8.0631775108959934E-5,7.28187138367348E-5],[7.1945729613795924E-5,7.9889256297120863E-5,8.2182396822791064E-5,8.4479783995339936E-5,8.2182396822791064E-5,7.9889256297120863E-5,7.1945729613795924E-5],[7.64260966452185E-5,8.4448836169136889E-5,8.4479783995339936E-5,8.8757465084810213E-5,8.4479783995339936E-5,8.4448836169136889E-5,7.64260966452185E-5],[7.1945729613795924E-5,7.9889256297120863E-5,8.2182396822791064E-5,8.4479783995339936E-5,8.2182396822791064E-5,7.9889256297120863E-5,7.1945729613795924E-5],[7.28187138367348E-5,8.0631775108959934E-5,7.9889256297120863E-5,8.4448836169136889E-5,7.9889256297120863E-5,8.0631775108959934E-5,7.28187138367348E-5],[6.52557333738599E-5,7.28187138367348E-5,7.1945729613795924E-5,7.64260966452185E-5,7.1945729613795924E-5,7.28187138367348E-5,6.5255733373859915E-5]],[[6.9870564019796152E-5,7.7690240058585379E-5,7.6788576901137224E-5,8.1423257960906226E-5,7.6788576901137224E-5,7.7690240058585379E-5,6.9870564019796152E-5],[7.7690240058585379E-5,8.5753146828733664E-5,8.4987763411500185E-5,8.9695270795725932E-5,8.4987763411500185E-5,8.5753146828733664E-5,7.7690240058585379E-5],[7.6788576901137224E-5,8.4987763411500185E-5,8.7354657931802048E-5,8.9725926185742981E-5,8.7354657931802048E-5,8.4987763411500185E-5,7.6788576901137224E-5],[8.1423257960906226E-5,8.9695270795725932E-5,8.9725926185742981E-5,9.4139962621019721E-5,8.9725926185742981E-5,8.9695270795725932E-5,8.1423257960906226E-5],[7.6788576901137224E-5,8.4987763411500185E-5,8.7354657931802048E-5,8.9725926185742981E-5,8.7354657931802048E-5,8.4987763411500185E-5,7.6788576901137224E-5],[7.7690240058585379E-5,8.5753146828733664E-5,8.4987763411500185E-5,8.9695270795725932E-5,8.4987763411500185E-5,8.5753146828733664E-5,7.7690240058585379E-5],[6.9870564019796152E-5,7.7690240058585379E-5,7.6788576901137224E-5,8.1423257960906226E-5,7.6788576901137224E-5,7.7690240058585379E-5,6.9870564019796152E-5]],[[7.46392026515425E-5,8.2714877234653538E-5,8.1784612939765988E-5,8.65731881376504E-5,8.1784612939765988E-5,8.2714877234653538E-5,7.46392026515425E-5],[8.2714877234653538E-5,9.1026956241270973E-5,9.0238769604608014E-5,9.5093805077179719E-5,9.0238769604608014E-5,9.1026956241270973E-5,8.2714877234653538E-5],[8.1784612939765988E-5,9.0238769604608014E-5,9.2679219199849771E-5,9.5124169275942119E-5,9.2679219199849771E-5,9.0238769604608014E-5,8.1784612939765988E-5],[8.65731881376504E-5,9.5093805077179719E-5,9.5124169275942119E-5,9.967419373122649E-5,9.5124169275942119E-5,9.5093805077179719E-5,8.65731881376504E-5],[8.1784612939765988E-5,9.0238769604608014E-5,9.2679219199849771E-5,9.5124169275942119E-5,9.2679219199849771E-5,9.0238769604608014E-5,8.1784612939765988E-5],[8.2714877234653538E-5,9.1026956241270973E-5,9.0238769604608014E-5,9.5093805077179719E-5,9.0238769604608014E-5,9.1026956241270973E-5,8.2714877234653538E-5],[7.46392026515425E-5,8.2714877234653538E-5,8.1784612939765988E-5,8.65731881376504E-5,8.1784612939765988E-5,8.2714877234653538E-5,7.46392026515425E-5]],[[7.9561232558362276E-5,8.7892213657575225E-5,8.6933425387855789E-5,9.1875477883229567E-5,8.6933425387855789E-5,8.7892213657575225E-5,7.9561232558362276E-5],[8.7892213657575225E-5,9.6452796295177411E-5,9.564186737710726E-5,0.00010064403431248533,9.564186737710726E-5,9.6452796295177411E-5,8.7892213657575225E-5],[8.6933425387855789E-5,9.564186737710726E-5,9.81556745156054E-5,0.00010067410854484726,9.81556745156054E-5,9.564186737710726E-5,8.6933425387855789E-5],[9.1875477883229567E-5,0.00010064403431248533,0.00010067410854484726,0.00010535975624636359,0.00010067410854484726,0.00010064403431248533,9.1875477883229567E-5],[8.6933425387855789E-5,9.564186737710726E-5,9.81556745156054E-5,0.00010067410854484726,9.81556745156054E-5,9.564186737710726E-5,8.6933425387855789E-5],[8.7892213657575225E-5,9.6452796295177411E-5,9.564186737710726E-5,0.00010064403431248533,9.564186737710726E-5,9.6452796295177411E-5,8.7892213657575225E-5],[7.9561232558362276E-5,8.7892213657575225E-5,8.6933425387855789E-5,9.1875477883229567E-5,8.6933425387855789E-5,8.7892213657575225E-5,7.9561232558362276E-5]],[[8.463623998709543E-5,9.3221840427748344E-5,9.22346047550856E-5,9.7329720666713753E-5,9.22346047550856E-5,9.3221840427748344E-5,8.463623998709543E-5],[9.3221840427748344E-5,0.00010203026258431044,0.00010119665190105878,0.00010634555637535211,0.00010119665190105878,0.00010203026258431044,9.3221840427748344E-5],[9.22346047550856E-5,0.00010119665190105878,0.0001037836203895366,0.0001063753418434719,0.0001037836203895366,0.00010119665190105878,9.22346047550856E-5],[9.7329720666713753E-5,0.00010634555637535211,0.0001063753418434719,0.0001111962504751419,0.0001063753418434719,0.00010634555637535211,9.7329720666713753E-5],[9.22346047550856E-5,0.00010119665190105878,0.0001037836203895366,0.0001063753418434719,0.0001037836203895366,0.00010119665190105878,9.22346047550856E-5],[9.3221840427748344E-5,0.00010203026258431044,0.00010119665190105878,0.00010634555637535211,0.00010119665190105878,0.00010203026258431044,9.3221840427748344E-5],[8.463623998709543E-5,9.3221840427748344E-5,9.22346047550856E-5,9.7329720666713753E-5,9.22346047550856E-5,9.3221840427748344E-5,8.463623998709543E-5]],[[8.986381404951431E-5,9.8703351351829568E-5,9.7687744294246449E-5,0.00010293551260464528,9.7687744294246449E-5,9.8703351351829568E-5,8.986381404951431E-5],[9.8703351351829568E-5,0.00010775895324095727,0.00010690272091031353,0.00011219797160175677,0.00010690272091031353,0.00010775895324095727,9.8703351351829568E-5],[9.7687744294246449E-5,0.00010690272091031353,0.00010956265584324658,0.00011222746948321733,0.00010956265584324658,0.00010690272091031353,9.7687744294246449E-5],[0.00010293551260464528,0.00011219797160175677,0.00011222746948321733,0.00011718327909106804,0.00011222746948321733,0.00011219797160175677,0.00010293551260464528],[9.7687744294246449E-5,0.00010690272091031353,0.00010956265584324658,0.00011222746948321733,0.00010956265584324658,0.00010690272091031353,9.7687744294246449E-5],[9.8703351351829568E-5,0.00010775895324095727,0.00010690272091031353,0.00011219797160175677,0.00010690272091031353,0.00010775895324095727,9.8703351351829568E-5],[8.986381404951431E-5,9.8703351351829568E-5,9.7687744294246449E-5,0.00010293551260464528,9.7687744294246449E-5,9.8703351351829568E-5,8.986381404951431E-5]],[[9.5243546624894474E-5,0.00010433634283814727,0.00010329243989189743,0.00010869245234748444,0.00010329243989189743,0.00010433634283814727,9.5243546624894474E-5],[0.00010433634283814727,0.00011363846882636964,0.00011275967458920677,0.00011820088267602449,0.00011275967458920677,0.00011363846882636965,0.00010433634283814727],[0.00010329243989189743,0.00011275967458920677,0.00011549238229710512,0.00011823009412243973,0.00011549238229710512,0.00011275967458920677,0.00010329243989189743],[0.00010869245234748444,0.00011820088267602449,0.00011823009412243973,0.00012332044701749228,0.00011823009412243973,0.00011820088267602449,0.00010869245234748444],[0.00010329243989189743,0.00011275967458920677,0.00011549238229710512,0.00011823009412243973,0.00011549238229710512,0.00011275967458920677,0.00010329243989189743],[0.00010433634283814727,0.00011363846882636965,0.00011275967458920677,0.00011820088267602449,0.00011275967458920677,0.00011363846882636965,0.00010433634283814727],[9.5243546624894474E-5,0.00010433634283814727,0.00010329243989189743,0.00010869245234748444,0.00010329243989189743,0.00010433634283814727,9.5243546624894474E-5]],[[0.00010077503225864977,0.00011012041378920011,0.00010904828995763213,0.00011460014096535245,0.00010904828995763213,0.00011012041378920011,0.00010077503225864977],[0.00011012041378920011,0.00011966841221853805,0.00011876711545916848,0.00012435389451488172,0.00011876711545916848,0.00011966841221853805,0.00011012041378920011],[0.00010904828995763213,0.00011876711545916848,0.00012157240345574044,0.00012438282065082031,0.00012157240345574044,0.00011876711545916849,0.00010904828995763213],[0.00011460014096535245,0.00012435389451488172,0.00012438282065082031,0.0001296073613101974,0.00012438282065082031,0.00012435389451488174,0.00011460014096535245],[0.00010904828995763213,0.00011876711545916848,0.00012157240345574044,0.00012438282065082031,0.00012157240345574044,0.00011876711545916849,0.00010904828995763213],[0.00011012041378920