{"M_cells":[[[0,0,0,0,0,0,0],[0,0,0,0,0,0,0],[0,0,0,0,0,0,0],[0,0,0,0,0,0,0],[0,0,0,0,0,0,0],[0,0,0,0,0,0,0],[0,0,0,0,0,0,0]],[[5.5355390127157511E-11,3.1743237757812535E-10,2.8248187963610659E-10,4.1305658485818542E-10,2.8248187963610659E-10,3.1743237757812525E-10,5.5355390127157485E-11],[3.1743237757812535E-10,1.3355575509489967E-9,1.2213211203412673E-9,1.7241459674773439E-9,1.2213211203412673E-9,1.3355575509489967E-9,3.1743237757812525E-10],[2.8248187963610659E-10,1.2213211203412673E-9,1.4983384186672412E-9,1.7768191993169978E-9,1.4983384186672412E-9,1.2213211203412671E-9,2.8248187963610654E-10],[4.1305658485818542E-10,1.7241459674773439E-9,1.7768191993169978E-9,2.3425951927445129E-9,1.7768191993169978E-9,1.7241459674773439E-9,4.1305658485818537E-10],[2.8248187963610659E-10,1.2213211203412673E-9,1.4983384186672412E-9,1.7768191993169978E-9,1.4983384186672412E-9,1.2213211203412671E-9,2.8248187963610654E-10],[3.1743237757812525E-10,1.3355575509489967E-9,1.2213211203412671E-9,1.7241459674773439E-9,1.2213211203412671E-9,1.3355575509489965E-9,3.174323775781253E-10],[5.5355390127157485E-11,3.1743237757812525E-10,2.8248187963610654E-10,4.1305658485818537E-10,2.8248187963610654E-10,3.174323775781253E-10,5.5355390127157504E-11]],[[3.787524736123924E-10,1.2295747368449335E-9,1.1174490351433134E-9,1.5550307299392619E-9,1.1174490351433134E-9,1.2295747368449335E-9,3.7875247361239235E-10],[1.2295747368449335E-9,3.1674222491894392E-9,2.9527574136800636E-9,3.9488961439757738E-9,2.9527574136800636E-9,3.1674222491894392E-9,1.2295747368449335E-9],[1.1174490351433134E-9,2.9527574136800636E-9,3.4907848275711351E-9,4.0306628763431952E-9,3.4907848275711355E-9,2.9527574136800636E-9,1.1174490351433134E-9],[1.5550307299392619E-9,3.9488961439757738E-9,4.0306628763431952E-9,5.1065469375816435E-9,4.0306628763431952E-9,3.9488961439757738E-9,1.5550307299392619E-9],[1.1174490351433134E-9,2.9527574136800636E-9,3.4907848275711355E-9,4.0306628763431952E-9,3.4907848275711355E-9,2.9527574136800636E-9,1.1174490351433134E-9],[1.2295747368449335E-9,3.1674222491894392E-9,2.9527574136800636E-9,3.9488961439757738E-9,2.9527574136800636E-9,3.1674222491894392E-9,1.2295747368449335E-9],[3.7875247361239235E-10,1.2295747368449335E-9,1.1174490351433134E-9,1.5550307299392619E-9,1.1174490351433134E-9,1.2295747368449335E-9,3.7875247361239235E-10]],[[1.1029728037548348E-9,2.6786302735669228E-9,2.4729053216710249E-9,3.3051678545905445E-9,2.4729053216710249E-9,2.6786302735669228E-9,1.1029728037548348E-9],[2.6786302735669228E-9,5.44791031127027E-9,5.1452973884161664E-9,6.611406927881754E-9,5.1452973884161664E-9,5.44791031127027E-9,2.6786302735669228E-9],[2.4729053216710249E-9,5.1452973884161664E-9,5.9248994891545508E-9,6.7067019736431068E-9,5.9248994891545508E-9,5.1452973884161664E-9,2.4729053216710249E-9],[3.3051678545905445E-9,6.611406927881754E-9,6.7067019736431068E-9,8.2423075297287164E-9,6.7067019736431068E-9,6.611406927881754E-9,3.3051678545905445E-9],[2.4729053216710249E-9,5.1452973884161664E-9,5.9248994891545508E-9,6.7067019736431068E-9,5.9248994891545508E-9,5.1452973884161664E-9,2.4729053216710249E-9],[2.6786302735669228E-9,5.44791031127027E-9,5.1452973884161664E-9,6.611406927881754E-9,5.1452973884161664E-9,5.44791031127027E-9,2.6786302735669228E-9],[1.1029728037548348E-9,2.6786302735669228E-9,2.4729053216710249E-9,3.3051678545905445E-9,2.4729053216710249E-9,2.6786302735669228E-9,1.1029728037548348E-9]],[[2.2765283643309894E-9,4.6135635128963238E-9,4.3114601522770512E-9,5.5733290387045521E-9,4.3114601522770512E-9,4.6135635128963238E-9,2.2765283643309894E-9],[4.6135635128963238E-9,8.13615276493303E-9,7.7568490520706319E-9,9.66324370118888E-9,7.7568490520706319E-9,8.13615276493303E-9,4.6135635128963238E-9],[4.3114601522770512E-9,7.7568490520706319E-9,8.7585408700200233E-9,9.7627499086652173E-9,8.7585408700200233E-9,7.7568490520706319E-9,4.3114601522770512E-9],[5.5733290387045521E-9,9.66324370118888E-9,9.7627499086652173E-9,1.1713384576666748E-8,9.7627499086652173E-9,9.66324370118888E-9,5.5733290387045521E-9],[4.3114601522770512E-9,7.7568490520706319E-9,8.7585408700200233E-9,9.7627499086652173E-9,8.7585408700200233E-9,7.7568490520706319E-9,4.3114601522770512E-9],[4.6135635128963238E-9,8.13615276493303E-9,7.7568490520706319E-9,9.66324370118888E-9,7.7568490520706319E-9,8.13615276493303E-9,4.6135635128963238E-9],[2.2765283643309894E-9,4.6135635128963238E-9,4.3114601522770512E-9,5.5733290387045521E-9,4.3114601522770512E-9,4.6135635128963238E-9,2.2765283643309894E-9]],[[3.904489640463555E-9,6.9891580156418105E-9,6.594645643343389E-9,8.2904473468463686E-9,6.594645643343389E-9,6.9891580156418105E-9,3.904489640463555E-9],[6.9891580156418105E-9,1.1195771975666462E-8,1.0749525849906584E-8,1.3064321601703585E-8,1.0749525849906584E-8,1.1195771975666462E-8,6.9891580156418105E-9],[6.594645643343389E-9,1.0749525849906584E-8,1.1954668783076544E-8,1.3162616872468391E-8,1.1954668783076544E-8,1.0749525849906584E-8,6.594645643343389E-9],[8.2904473468463686E-9,1.3064321601703585E-8,1.3162616872468391E-8,1.5488761861480008E-8,1.3162616872468391E-8,1.3064321601703585E-8,8.2904473468463686E-9],[6.594645643343389E-9,1.0749525849906584E-8,1.1954668783076544E-8,1.3162616872468391E-8,1.1954668783076544E-8,1.0749525849906584E-8,6.594645643343389E-9],[6.9891580156418105E-9,1.1195771975666462E-8,1.0749525849906584E-8,1.3064321601703585E-8,1.0749525849906584E-8,1.1195771975666462E-8,6.9891580156418105E-9],[3.904489640463555E-9,6.9891580156418105E-9,6.594645643343389E-9,8.2904473468463686E-9,6.594645643343389E-9,6.9891580156418105E-9,3.904489640463555E-9]],[[5.9705275461722963E-9,9.7653004319619709E-9,9.285275021372251E-9,1.1402286571184075E-8,9.285275021372251E-9,9.7653004319619709E-9,5.9705275461722963E-9],[9.7653004319619709E-9,1.4594452932412661E-8,1.4089515316399154E-8,1.6781021538403043E-8,1.4089515316399154E-8,1.4594452932412661E-8,9.7653004319619709E-9],[9.285275021372251E-9,1.4089515316399154E-8,1.5480773369939597E-8,1.6875099158524137E-8,1.5480773369939597E-8,1.4089515316399154E-8,9.285275021372251E-9],[1.1402286571184075E-8,1.6781021538403043E-8,1.6875099158524137E-8,1.9541883498693225E-8,1.6875099158524137E-8,1.6781021538403043E-8,1.1402286571184075E-8],[9.285275021372251E-9,1.4089515316399154E-8,1.5480773369939597E-8,1.6875099158524137E-8,1.5480773369939597E-8,1.4089515316399154E-8,9.285275021372251E-9],[9.7653004319619709E-9,1.4594452932412661E-8,1.4089515316399154E-8,1.6781021538403043E-8,1.4089515316399154E-8,1.4594452932412659E-8,9.76530043196197E-9],[5.9705275461722963E-9,9.7653004319619709E-9,9.285275021372251E-9,1.1402286571184075E-8,9.285275021372251E-9,9.76530043196197E-9,5.9705275461722963E-9]],[[8.4487231447889891E-9,1.2906399305792147E-8,1.2348637981506694E-8,1.48653059181415E-8,1.2348637981506694E-8,1.2906399305792148E-8,8.4487231447889891E-9],[1.2906399305792147E-8,1.8303535386275727E-8,1.77468036354667E-8,2.0784838221764993E-8,1.77468036354667E-8,1.8303535386275727E-8,1.2906399305792148E-8],[1.2348637981506694E-8,1.77468036354667E-8,1.9308335949804935E-8,2.0873176335303396E-8,1.9308335949804935E-8,1.77468036354667E-8,1.2348637981506694E-8],[1.48653059181415E-8,2.0784838221764993E-8,2.0873176335303396E-8,2.3849871490305373E-8,2.0873176335303396E-8,2.0784838221764993E-8,1.48653059181415E-8],[1.2348637981506694E-8,1.77468036354667E-8,1.9308335949804935E-8,2.0873176335303396E-8,1.9308335949804935E-8,1.77468036354667E-8,1.2348637981506694E-8],[1.2906399305792148E-8,1.8303535386275727E-8,1.77468036354667E-8,2.0784838221764993E-8,1.77468036354667E-8,1.8303535386275727E-8,1.2906399305792147E-8],[8.4487231447889891E-9,1.2906399305792148E-8,1.2348637981506694E-8,1.48653059181415E-8,1.2348637981506694E-8,1.2906399305792147E-8,8.4487231447889891E-9]],[[1.1309809085163793E-8,1.6380888853301173E-8,1.5753014865422509E-8,1.8643875497936406E-8,1.5753014865422509E-8,1.6380888853301177E-8,1.1309809085163793E-8],[1.6380888853301173E-8,2.2297631688451575E-8,2.169483855709418E-8,2.5051388397362252E-8,2.169483855709418E-8,2.2297631688451575E-8,1.6380888853301177E-8],[1.5753014865422509E-8,2.169483855709418E-8,2.3412337505234467E-8,2.5133365344112556E-8,2.3412337505234467E-8,2.169483855709418E-8,1.5753014865422509E-8],[1.8643875497936406E-8,2.5051388397362252E-8,2.5133365344112556E-8,2.8392914264502883E-8,2.5133365344112556E-8,2.5051388397362252E-8,1.8643875497936406E-8],[1.5753014865422509E-8,2.169483855709418E-8,2.3412337505234467E-8,2.5133365344112556E-8,2.3412337505234467E-8,2.169483855709418E-8,1.5753014865422509E-8],[1.6380888853301177E-8,2.2297631688451575E-8,2.169483855709418E-8,2.5051388397362252E-8,2.169483855709418E-8,2.2297631688451575E-8,1.6380888853301173E-8],[1.1309809085163793E-8,1.6380888853301177E-8,1.5753014865422509E-8,1.8643875497936406E-8,1.5753014865422509E-8,1.6380888853301173E-8,1.1309809085163793E-8]],[[1.4524386438088146E-8,2.0160792003986667E-8,1.9469801830179676E-8,2.2708366255688662E-8,1.9469801830179676E-8,2.0160792003986667E-8,1.4524386438088146E-8],[2.0160792003986667E-8,2.6554273494850983E-8,2.5910177568576926E-8,2.9559667015978665E-8,2.5910177568576926E-8,2.6554273494850983E-8,2.0160792003986667E-8],[1.9469801830179676E-8,2.5910177568576926E-8,2.7770819898832029E-8,2.96351948054291E-8,2.7770819898832029E-8,2.5910177568576923E-8,1.9469801830179676E-8],[2.2708366255688662E-8,2.9559667015978665E-8,2.96351948054291E-8,3.3153782047336678E-8,2.96351948054291E-8,2.9559667015978662E-8,2.2708366255688662E-8],[1.9469801830179676E-8,2.5910177568576926E-8,2.7770819898832029E-8,2.96351948054291E-8,2.7770819898832029E-8,2.5910177568576923E-8,1.9469801830179676E-8],[2.0160792003986667E-8,2.6554273494850983E-8,2.5910177568576923E-8,2.9559667015978662E-8,2.5910177568576923E-8,2.6554273494850983E-8,2.0160792003986667E-8],[1.4524386438088146E-8,2.0160792003986667E-8,1.9469801830179676E-8,2.2708366255688662E-8,1.9469801830179676E-8,2.0160792003986667E-8,1.4524386438088146E-8]],[[1.8064504743267018E-8,2.4221329493379071E-8,2.3473422810278563E-8,2.7033812230990757E-8,2.3473422810278563E-8,2.4221329493379071E-8,1.8064504743267018E-8],[2.4221329493379071E-8,3.1053588841445934E-8,3.037214686056084E-8,3.42914772002076E-8,3.037214686056084E-8,3.1053588841445934E-8,2.4221329493379071E-8],[2.3473422810278563E-8,3.037214686056084E-8,3.2364499176528139E-8,3.4360772701632932E-8,3.2364499176528139E-8,3.037214686056084E-8,2.3473422810278563E-8],[2.7033812230990757E-8,3.42914772002076E-8,3.4360772701632932E-8,3.811743756970149E-8,3.4360772701632932E-8,3.42914772002076E-8,2.7033812230990757E-8],[2.3473422810278563E-8,3.037214686056084E-8,3.2364499176528139E-8,3.4360772701632932E-8,3.2364499176528139E-8,3.037214686056084E-8,2.3473422810278563E-8],[2.4221329493379071E-8,3.1053588841445934E-8,3.037214686056084E-8,3.42914772002076E-8,3.037214686056084E-8,3.1053588841445934E-8,2.4221329493379071E-8],[1.8064504743267018E-8,2.4221329493379071E-8,2.3473422810278563E-8,2.7033812230990757E-8,2.3473422810278563E-8,2.4221329493379071E-8,1.8064504743267018E-8]],[[2.1904362658778414E-8,2.8540568013436892E-8,2.7741132885505851E-8,3.1598952316881433E-8,2.7741132885505851E-8,2.8540568013436892E-8,2.1904362658778414E-8],[2.8540568013436892E-8,3.5778009715477227E-8,3.5062523950183314E-8,3.9230984444196304E-8,3.5062523950183314E-8,3.5778009715477227E-8,2.8540568013436892E-8],[2.7741132885505851E-8,3.5062523950183314E-8,3.7176427450434653E-8,3.9294427558178786E-8,3.7176427450434653E-8,3.5062523950183314E-8,2.7741132885505851E-8],[3.1598952316881433E-8,3.9230984444196304E-8,3.9294427558178786E-8,4.3270719419055585E-8,3.9294427558178786E-8,3.9230984444196304E-8,3.1598952316881433E-8],[2.7741132885505851E-8,3.5062523950183314E-8,3.7176427450434653E-8,3.9294427558178786E-8,3.7176427450434653E-8,3.5062523950183314E-8,2.7741132885505851E-8],[2.8540568013436892E-8,3.5778009715477227E-8,3.5062523950183314E-8,3.9230984444196304E-8,3.5062523950183314E-8,3.5778009715477227E-8,2.8540568013436892E-8],[2.1904362658778414E-8,2.8540568013436892E-8,2.7741132885505851E-8,3.1598952316881433E-8,2.7741132885505851E-8,2.8540568013436892E-8,2.1904362658778414E-8]],[[2.6020542528061262E-8,3.3099103332039655E-8,3.2252774286208726E-8,3.63855275025421E-8,3.2252774286208726E-8,3.3099103332039655E-8,2.6020542528061262E-8],[3.3099103332039655E-8,4.071200922311186E-8,3.9965249432054179E-8,4.43643614495323E-8,3.9965249432054179E-8,4.071200922311186E-8,3.3099103332039655E-8],[3.2252774286208726E-8,3.9965249432054179E-8,4.2191698632368085E-8,4.442240819410436E-8,4.2191698632368085E-8,3.9965249432054179E-8,3.2252774286208726E-8],[3.63855275025421E-8,4.43643614495323E-8,4.442240819410436E-8,4.860208151378992E-8,4.442240819410436E-8,4.43643614495323E-8,3.63855275025421E-8],[3.2252774286208726E-8,3.9965249432054179E-8,4.2191698632368085E-8,4.442240819410436E-8,4.2191698632368085E-8,3.9965249432054179E-8,3.2252774286208726E-8],[3.3099103332039655E-8,4.071200922311186E-8,3.9965249432054179E-8,4.43643614495323E-8,3.9965249432054179E-8,4.071200922311186E-8,3.3099103332039655E-8],[2.6020542528061262E-8,3.3099103332039655E-8,3.2252774286208726E-8,3.63855275025421E-8,3.2252774286208726E-8,3.3099103332039655E-8,2.6020542528061262E-8]],[[3.0392004199150211E-8,3.7879775527527749E-8,3.6990519978233863E-8,4.137775311670893E-8,3.6990519978233863E-8,3.7879775527527749E-8,3.0392004199150211E-8],[3.7879775527527749E-8,4.5841866761818678E-8,4.5066169135888562E-8,4.9679500466884043E-8,4.5066169135888562E-8,4.5841866761818678E-8,3.7879775527527749E-8],[3.6990519978233863E-8,4.5066169135888562E-8,4.7397192975085455E-8,4.97326306771322E-8,4.7397192975085455E-8,4.5066169135888562E-8,3.6990519978233863E-8],[4.137775311670893E-8,4.9679500466884043E-8,4.97326306771322E-8,5.4101376529648064E-8,4.97326306771322E-8,4.9679500466884043E-8,4.137775311670893E-8],[3.6990519978233863E-8,4.5066169135888562E-8,4.7397192975085455E-8,4.97326306771322E-8,4.7397192975085455E-8,4.5066169135888562E-8,3.6990519978233863E-8],[3.7879775527527749E-8,4.5841866761818678E-8,4.5066169135888562E-8,4.9679500466884043E-8,4.5066169135888562E-8,4.5841866761818678E-8,3.7879775527527749E-8],[3.0392004199150211E-8,3.7879775527527749E-8,3.6990519978233863E-8,4.137775311670893E-8,3.6990519978233863E-8,3.7879775527527749E-8,3.0392004199150211E-8]],[[3.4999960603892328E-8,4.2867413931607591E-8,4.1938623963450338E-8,4.6561913280022421E-8,4.1938623963450338E-8,4.2867413931607591E-8,3.4999960603892328E-8],[4.2867413931607591E-8,5.1155459188401821E-8,5.035280569749314E-8,5.5165776945912887E-8,5.035280569749314E-8,5.1155459188401821E-8,4.2867413931607591E-8],[4.1938623963450338E-8,5.035280569749314E-8,5.2781355541757765E-8,5.5214463717970708E-8,5.2781355541757765E-8,5.035280569749314E-8,4.1938623963450338E-8],[4.6561913280022421E-8,5.5165776945912887E-8,5.5214463717970708E-8,5.9759674202519313E-8,5.5214463717970708E-8,5.5165776945912887E-8,4.6561913280022421E-8],[4.1938623963450338E-8,5.035280569749314E-8,5.2781355541757765E-8,5.5214463717970708E-8,5.2781355541757765E-8,5.035280569749314E-8,4.1938623963450338E-8],[4.2867413931607591E-8,5.1155459188401821E-8,5.035280569749314E-8,5.5165776945912887E-8,5.035280569749314E-8,5.1155459188401821E-8,4.2867413931607591E-8],[3.4999960603892328E-8,4.2867413931607591E-8,4.1938623963450338E-8,4.6561913280022421E-8,4.1938623963450338E-8,4.2867413931607591E-8,3.4999960603892328E-8]],[[3.9827701281111784E-8,4.8048609492908258E-8,4.708318803638062E-8,5.192604250340852E-8,4.708318803638062E-8,4.8048609492908258E-8,3.9827701281111784E-8],[4.8048609492908258E-8,5.6642075766883989E-8,5.58141574149715E-8,6.0813852942724083E-8,5.58141574149715E-8,5.6642075766883989E-8,4.8048609492908258E-8],[4.708318803638062E-8,5.58141574149715E-8,5.8334004116581075E-8,6.0858545658126872E-8,5.8334004116581075E-8,5.58141574149715E-8,4.708318803638062E-8],[5.192604250340852E-8,6.0813852942724083E-8,6.0858545658126872E-8,6.55691076532001E-8,6.0858545658126872E-8,6.0813852942724083E-8,5.192604250340852E-8],[4.708318803638062E-8,5.58141574149715E-8,5.8334004116581075E-8,6.0858545658126872E-8,5.8334004116581075E-8,5.58141574149715E-8,4.708318803638062E-8],[4.8048609492908258E-8,5.6642075766883989E-8,5.58141574149715E-8,6.0813852942724083E-8,5.58141574149715E-8,5.6642075766883989E-8,4.8048609492908258E-8],[3.9827701281111784E-8,4.8048609492908258E-8,4.708318803638062E-8,5.192604250340852E-8,4.708318803638062E-8,4.8048609492908258E-8,3.9827701281111784E-8]],[[4.4860399139235485E-8,5.3411512289457011E-8,5.2411949246719211E-8,5.7459670807076087E-8,5.2411949246719211E-8,5.3411512289457E-8,4.4860399139235479E-8],[5.3411512289457011E-8,6.22922546255703E-8,6.1440521788310638E-8,6.6615511890166253E-8,6.1440521788310638E-8,6.22922546255703E-8,5.3411512289457E-8],[5.2411949246719211E-8,6.1440521788310638E-8,6.4046162550493444E-8,6.6656627641418832E-8,6.4046162550493444E-8,6.1440521788310638E-8,5.2411949246719211E-8],[5.7459670807076087E-8,6.6615511890166253E-8,6.6656627641418832E-8,7.1522742489858266E-8,6.6656627641418832E-8,6.6615511890166253E-8,5.7459670807076087E-8],[5.2411949246719211E-8,6.1440521788310638E-8,6.4046162550493444E-8,6.6656627641418832E-8,6.4046162550493444E-8,6.1440521788310638E-8,5.2411949246719211E-8],[5.3411512289457E-8,6.22922546255703E-8,6.1440521788310638E-8,6.6615511890166253E-8,6.1440521788310638E-8,6.22922546255703E-8,5.3411512289457E-8],[4.4860399139235479E-8,5.3411512289457E-8,5.2411949246719211E-8,5.7459670807076087E-8,5.2411949246719211E-8,5.3411512289457E-8,4.4860399139235479E-8]],[[5.0084918806418123E-8,5.8945651931941186E-8,5.7914089191175962E-8,6.3153616179743417E-8,5.7914089191175962E-8,5.8945651931941179E-8,5.0084918806418116E-8],[5.8945651931941186E-8,6.809763850115537E-8,6.72233410400606E-8,7.25635185115294E-8,6.72233410400606E-8,6.809763850115537E-8,5.8945651931941179E-8],[5.7914089191175962E-8,6.72233410400606E-8,6.9909916029521211E-8,7.26014386469262E-8,6.9909916029521211E-8,6.72233410400606E-8,5.7914089191175962E-8],[6.3153616179743417E-8,7.25635185115294E-8,7.26014386469262E-8,7.7614464623627516E-8,7.26014386469262E-8,7.25635185115294E-8,6.3153616179743417E-8],[5.7914089191175962E-8,6.72233410400606E-8,6.9909916029521211E-8,7.26014386469262E-8,6.9909916029521211E-8,6.72233410400606E-8,5.7914089191175962E-8],[5.8945651931941179E-8,6.809763850115537E-8,6.72233410400606E-8,7.25635185115294E-8,6.72233410400606E-8,6.809763850115537E-8,5.8945651931941179E-8],[5.0084918806418116E-8,5.8945651931941179E-8,5.7914089191175962E-8,6.3153616179743417E-8,5.7914089191175962E-8,5.8945651931941179E-8,5.0084918806418116E-8]],[[5.5489635629252368E-8,6.4641778647704846E-8,6.3580064551641878E-8,6.89998130948005E-8,6.3580064551641878E-8,6.4641778647704846E-8,5.5489635629252361E-8],[6.4641778647704846E-8,7.405084766208957E-8,7.3155067015170016E-8,7.86514991814753E-8,7.3155067015170016E-8,7.405084766208957E-8,6.4641778647704846E-8],[6.3580064551641878E-8,7.3155067015170016E-8,7.5918285220378392E-8,7.8686568894936515E-8,7.5918285220378392E-8,7.3155067015170016E-8,6.3580064551641878E-8],[6.89998130948005E-8,7.86514991814753E-8,7.8686568894936515E-8,8.383888360684221E-8,7.8686568894936515E-8,7.86514991814753E-8,6.89998130948005E-8],[6.3580064551641878E-8,7.3155067015170016E-8,7.5918285220378392E-8,7.8686568894936515E-8,7.5918285220378392E-8,7.3155067015170016E-8,6.3580064551641878E-8],[6.4641778647704846E-8,7.405084766208957E-8,7.3155067015170016E-8,7.86514991814753E-8,7.3155067015170016E-8,7.405084766208957E-8,6.4641778647704846E-8],[5.5489635629252361E-8,6.4641778647704846E-8,6.3580064551641878E-8,6.89998130948005E-8,6.3580064551641878E-8,6.4641778647704846E-8,5.5489635629252361E-8]],[[6.10642693163234E-8,7.0491722924067369E-8,6.94014574328189E-8,7.49911690602976E-8,6.94014574328189E-8,7.0491722924067369E-8,6.10642693163234E-8],[7.0491722924067369E-8,8.0145368055773234E-8,7.92290430573294E-8,8.48738391229898E-8,7.92290430573294E-8,8.0145368055773234E-8,7.0491722924067369E-8],[6.94014574328189E-8,7.92290430573294E-8,8.2065116671039973E-8,8.4906368784309262E-8,8.2065116671039973E-8,7.92290430573294E-8,6.94014574328189E-8],[7.49911690602976E-8,8.48738391229898E-8,8.4906368784309262E-8,9.0191248958767475E-8,8.4906368784309262E-8,8.48738391229898E-8,7.49911690602976E-8],[6.94014574328189E-8,7.92290430573294E-8,8.2065116671039973E-8,8.4906368784309262E-8,8.2065116671039973E-8,7.92290430573294E-8,6.94014574328189E-8],[7.0491722924067369E-8,8.0145368055773234E-8,7.92290430573294E-8,8.48738391229898E-8,7.92290430573294E-8,8.0145368055773234E-8,7.0491722924067369E-8],[6.10642693163234E-8,7.0491722924067369E-8,6.94014574328189E-8,7.49911690602976E-8,6.94014574328189E-8,7.0491722924067369E-8,6.10642693163234E-8]],[[6.67997334919067E-8,7.64882717120847E-8,7.53708436798502E-8,8.1121443380122547E-8,7.53708436798502E-8,7.64882717120847E-8,6.67997334919067E-8],[7.64882717120847E-8,8.6375452894803319E-8,8.5439400698427829E-8,9.1225593615629269E-8,8.5439400698427829E-8,8.6375452894803319E-8,7.64882717120847E-8],[7.53708436798502E-8,8.5439400698427829E-8,8.8344987217396148E-8,9.12558610271551E-8,8.8344987217396148E-8,8.5439400698427829E-8,7.53708436798502E-8],[8.1121443380122547E-8,9.1225593615629269E-8,9.12558610271551E-8,9.6667377440974186E-8,9.12558610271551E-8,9.1225593615629269E-8,8.1121443380122547E-8],[7.53708436798502E-8,8.5439400698427829E-8,8.8344987217396148E-8,9.12558610271551E-8,8.8344987217396148E-8,8.5439400698427829E-8,7.53708436798502E-8],[7.64882717120847E-8,8.6375452894803319E-8,8.5439400698427829E-8,9.1225593615629269E-8,8.5439400698427829E-8,8.6375452894803319E-8,7.64882717120847E-8],[6.67997334919067E-8,7.64882717120847E-8,7.53708436798502E-8,8.1121443380122547E-8,7.53708436798502E-8,7.64882717120847E-8,6.67997334919067E-8]],[[7.2688000987816449E-8,8.2625059337339635E-8,8.1481677262450585E-8,8.7385143812041739E-8,8.1481677262450585E-8,8.2625059337339635E-8,7.2688000987816449E-8],[8.2625059337339635E-8,9.2736036072873873E-8,9.1780969243783123E-8,9.7702410970698449E-8,9.1780969243783123E-8,9.2736036072873873E-8,8.2625059337339635E-8],[8.1481677262450585E-8,9.1780969243783123E-8,9.4753120471282462E-8,9.7730664049012981E-8,9.4753120471282462E-8,9.1780969243783123E-8,8.1481677262450585E-8],[8.7385143812041739E-8,9.7702410970698449E-8,9.7730664049012981E-8,1.0326358962645279E-7,9.7730664049012981E-8,9.7702410970698449E-8,8.7385143812041739E-8],[8.1481677262450585E-8,9.1780969243783123E-8,9.4753120471282462E-8,9.7730664049012981E-8,9.4753120471282462E-8,9.1780969243783123E-8,8.1481677262450585E-8],[8.2625059337339635E-8,9.2736036072873873E-8,9.1780969243783123E-8,9.7702410970698449E-8,9.1780969243783123E-8,9.2736036072873873E-8,8.2625059337339635E-8],[7.2688000987816449E-8,8.2625059337339635E-8,8.1481677262450585E-8,8.7385143812041739E-8,8.1481677262450585E-8,8.2625059337339635E-8,7.2688000987816449E-8]],[[7.8721983981623623E-8,8.8896471422192963E-8,8.7728188869336129E-8,9.37774378597862E-8,8.7728188869336129E-8,8.8896471422192963E-8,7.8721983981623623E-8],[8.8896471422192963E-8,9.9222655972367864E-8,9.8249196571147651E-8,1.0430046546496236E-7,9.8249196571147651E-8,9.9222655972367864E-8,8.8896471422192963E-8],[8.7728188869336129E-8,9.8249196571147651E-8,1.0128531374393E-7,1.0432692504482265E-7,1.0128531374393E-7,9.8249196571147651E-8,8.7728188869336129E-8],[9.37774378597862E-8,1.0430046546496236E-7,1.0432692504482265E-7,1.0997665440354486E-7,1.0432692504482265E-7,1.0430046546496236E-7,9.37774378597862E-8],[8.7728188869336129E-8,9.8249196571147651E-8,1.0128531374393E-7,1.0432692504482265E-7,1.0128531374393E-7,9.8249196571147651E-8,8.7728188869336129E-8],[8.8896471422192963E-8,9.9222655972367864E-8,9.8249196571147651E-8,1.0430046546496236E-7,9.8249196571147651E-8,9.9222655972367864E-8,8.8896471422192963E-8],[7.8721983981623623E-8,8.8896471422192963E-8,8.7728188869336129E-8,9.37774378597862E-8,8.7728188869336129E-8,8.8896471422192963E-8,7.8721983981623623E-8]],[[8.4895427766794463E-8,9.5297560285156066E-8,9.4105296989678083E-8,1.0029407618284476E-7,9.4105296989678083E-8,9.5297560285156066E-8,8.4895427766794463E-8],[9.5297560285156066E-8,1.0583138838764863E-7,1.04840079677452E-7,1.110163987575437E-7,1.04840079677452E-7,1.0583138838764863E-7,9.5297560285156066E-8],[9.4105296989678083E-8,1.04840079677452E-7,1.0793787399694972E-7,1.1104126134114594E-7,1.0793787399694972E-7,1.04840079677452E-7,9.4105296989678083E-8],[1.0029407618284476E-7,1.110163987575437E-7,1.1104126134114594E-7,1.1680374028932153E-7,1.1104126134114594E-7,1.1101639875754371E-7,1.0029407618284476E-7],[9.4105296989678083E-8,1.04840079677452E-7,1.0793787399694972E-7,1.1104126134114594E-7,1.0793787399694972E-7,1.04840079677452E-7,9.4105296989678083E-8],[9.5297560285156066E-8,1.0583138838764863E-7,1.04840079677452E-7,1.1101639875754371E-7,1.04840079677452E-7,1.0583138838764863E-7,9.5297560285156066E-8],[8.4895427766794463E-8,9.5297560285156066E-8,9.4105296989678083E-8,1.0029407618284476E-7,9.4105296989678083E-8,9.5297560285156066E-8,8.4895427766794463E-8]],[[9.1202816835439972E-8,1.018239704412188E-7,1.006085299232575E-7,1.069313261477787E-7,1.006085299232575E-7,1.018239704412188E-7,9.1202816835439972E-8],[1.018239704412188E-7,1.1255878743778057E-7,1.1155010370074614E-7,1.1784726857334926E-7,1.1155010370074614E-7,1.1255878743778058E-7,1.018239704412188E-7],[1.006085299232575E-7,1.1155010370074614E-7,1.1470756161573377E-7,1.1787070892709337E-7,1.1470756161573377E-7,1.1155010370074614E-7,1.006085299232575E-7],[1.069313261477787E-7,1.1784726857334926E-7,1.1787070892709337E-7,1.237423726129376E-7,1.1787070892709337E-7,1.1784726857334926E-7,1.069313261477787E-7],[1.006085299232575E-7,1.1155010370074614E-7,1.1470756161573377E-7,1.1787070892709337E-7,1.1470756161573377E-7,1.1155010370074614E-7,1.006085299232575E-7],[1.018239704412188E-7,1.1255878743778058E-7,1.1155010370074614E-7,1.1784726857334926E-7,1.1155010370074614E-7,1.1255878743778057E-7,1.0182397044121878E-7],[9.1202816835439972E-8,1.018239704412188E-7,1.006085299232575E-7,1.069313261477787E-7,1.006085299232575E-7,1.0182397044121878E-7,9.1202816835439958E-8]],[[9.7639291966345759E-8,1.0847187297740707E-7,1.0723395733303334E-7,1.136859139433573E-7,1.0723395733303334E-7,1.0847187297740707E-7,9.7639291966345759E-8],[1.0847187297740707E-7,1.1940183347834987E-7,1.1837618831530825E-7,1.2479050364020891E-7,1.1837618831530825E-7,1.1940183347834987E-7,1.0847187297740707E-7],[1.0723395733303334E-7,1.1837618831530825E-7,1.2159154097238352E-7,1.2481267719034198E-7,1.2159154097238352E-7,1.1837618831530825E-7,1.0723395733303334E-7],[1.136859139433573E-7,1.2479050364020891E-7,1.2481267719034198E-7,1.3079039577889476E-7,1.2481267719034198E-7,1.2479050364020891E-7,1.1368591394335729E-7],[1.0723395733303334E-7,1.1837618831530825E-7,1.2159154097238352E-7,1.2481267719034198E-7,1.2159154097238352E-7,1.1837618831530826E-7,1.0723395733303334E-7],[1.0847187297740707E-7,1.1940183347834987E-7,1.1837618831530825E-7,1.2479050364020891E-7,1.1837618831530826E-7,1.1940183347834987E-7,1.0847187297740707E-7],[9.7639291966345759E-8,1.0847187297740707E-7,1.0723395733303334E-7,1.1368591394335729E-7,1.0723395733303334E-7,1.0847187297740707E-7,9.7639291966345745E-8]],[[1.0420057708294531E-7,1.1523790771786694E-7,1.1397813011983753E-7,1.2055497398141569E-7,1.1397813011983753E-7,1.1523790771786694E-7,1.0420057708294531E-7],[1.1523790771786694E-7,1.2635788714412714E-7,1.2531564054677081E-7,1.3184386402983283E-7,1.2531564054677081E-7,1.2635788714412714E-7,1.1523790771786694E-7],[1.1397813011983753E-7,1.2531564054677081E-7,1.2858733689163361E-7,1.3186490903844231E-7,1.2858733689163361E-7,1.2531564054677081E-7,1.1397813011983753E-7],[1.2055497398141569E-7,1.3184386402983283E-7,1.3186490903844231E-7,1.3794593994158173E-7,1.3186490903844231E-7,1.3184386402983283E-7,1.2055497398141569E-7],[1.1397813011983753E-7,1.2531564054677081E-7,1.2858733689163361E-7,1.3186490903844231E-7,1.2858733689163361E-7,1.2531564054677081E-7,1.1397813011983753E-7],[1.1523790771786694E-7,1.2635788714412714E-7,1.2531564054677081E-7,1.3184386402983283E-7,1.2531564054677081E-7,1.2635788714412714E-7,1.1523790771786694E-7],[1.0420057708294531E-7,1.1523790771786694E-7,1.1397813011983753E-7,1.2055497398141569E-7,1.1397813011983753E-7,1.1523790771786694E-7,1.0420057708294531E-7]],[[1.1088291474566263E-7,1.2211913222092436E-7,1.2083802755208798E-7,1.2753600453486316E-7,1.2083802755208798E-7,1.2211913222092436E-7,1.1088291474566263E-7],[1.2211913222092436E-7,1.3342464876283905E-7,1.3236611318312939E-7,1.3900540618441192E-7,1.3236611318312939E-7,1.3342464876283905E-7,1.2211913222092436E-7],[1.2083802755208798E-7,1.3236611318312939E-7,1.3569279625752072E-7,1.3902544570514489E-7,1.3569279625752072E-7,1.3236611318312939E-7,1.2083802755208798E-7],[1.2753600453486316E-7,1.3900540618441192E-7,1.3902544570514489E-7,1.4520739152193707E-7,1.3902544570514489E-7,1.3900540618441192E-7,1.2753600453486316E-7],[1.2083802755208798E-7,1.3236611318312939E-7,1.3569279625752072E-7,1.3902544570514489E-7,1.3569279625752072E-7,1.3236611318312939E-7,1.2083802755208798E-7],[1.2211913222092436E-7,1.3342464876283905E-7,1.3236611318312939E-7,1.3900540618441192E-7,1.3236611318312939E-7,1.3342464876283905E-7,1.2211913222092436E-7],[1.1088291474566263E-7,1.2211913222092436E-7,1.2083802755208798E-7,1.2753600453486316E-7,1.2083802755208798E-7,1.2211913222092436E-7,1.1088291474566263E-7]],[[1.1768300925250893E-7,1.2911297676636433E-7,1.2781101072135694E-7,1.3462682874313828E-7,1.2781101072135694E-7,1.2911297676636433E-7,1.1768300925250893E-7],[1.2911297676636433E-7,1.4060012247623413E-7,1.3952556806898437E-7,1.4627345201843776E-7,1.3952556806898437E-7,1.4060012247623413E-7,1.2911297676636433E-7],[1.2781101072135694E-7,1.3952556806898437E-7,1.4290605410431675E-7,1.4629259564151368E-7,1.4290605410431675E-7,1.3952556806898437E-7,1.2781101072135694E-7],[1.3462682874313828E-7,1.4627345201843776E-7,1.4629259564151368E-7,1.5257336707939677E-7,1.4629259564151368E-7,1.4627345201843776E-7,1.3462682874313828E-7],[1.2781101072135694E-7,1.3952556806898437E-7,1.4290605410431675E-7,1.4629259564151368E-7,1.4290605410431675E-7,1.3952556806898437E-7,1.2781101072135694E-7],[1.2911297676636433E-7,1.4060012247623413E-7,1.3952556806898437E-7,1.4627345201843776E-7,1.3952556806898437E-7,1.4060012247623413E-7,1.2911297676636433E-7],[1.1768300925250893E-7,1.2911297676636433E-7,1.2781101072135694E-7,1.3462682874313828E-7,1.2781101072135694E-7,1.2911297676636433E-7,1.1768300925250893E-7]],[[1.2459797643118353E-7,1.3621720459467743E-7,1.3489478151657598E-7,1.4182556025700296E-7,1.3489478151657598E-7,1.3621720459467743E-7,1.2459797643118353E-7],[1.3621720459467743E-7,1.4788258448881485E-7,1.4679224366627521E-7,1.5364656157414976E-7,1.4679224366627521E-7,1.4788258448881485E-7,1.3621720459467743E-7],[1.3489478151657598E-7,1.4679224366627521E-7,1.5022550362519762E-7,1.5366490697558023E-7,1.5022550362519762E-7,1.4679224366627521E-7,1.3489478151657598E-7],[1.4182556025700296E-7,1.5364656157414976E-7,1.5366490697558023E-7,1.6004269012075425E-7,1.5366490697558023E-7,1.5364656157414976E-7,1.4182556025700296E-7],[1.3489478151657598E-7,1.4679224366627521E-7,1.5022550362519762E-7,1.5366490697558023E-7,1.5022550362519762E-7,1.4679224366627521E-7,1.3489478151657598E-7],[1.3621720459467743E-7,1.4788258448881485E-7,1.4679224366627521E-7,1.5364656157414976E-7,1.4679224366627521E-7,1.4788258448881485E-7,1.3621720459467743E-7],[1.2459797643118353E-7,1.3621720459467743E-7,1.3489478151657598E-7,1.4182556025700296E-7,1.3489478151657598E-7,1.3621720459467743E-7,1.2459797643118353E-7]],[[1.3162529930965962E-7,1.4342987675206076E-7,1.4208734641667573E-7,1.4913057290831737E-7,1.4208734641667573E-7,1.4342987675206076E-7,1.3162529930965962E-7],[1.4342987675206076E-7,1.5527055493846823E-7,1.5416462634744211E-7,1.6112350878306509E-7,1.5416462634744211E-7,1.5527055493846823E-7,1.4342987675206076E-7],[1.4208734641667573E-7,1.5416462634744211E-7,1.5764976960899371E-7,1.6114114309535456E-7,1.5764976960899371E-7,1.5416462634744211E-7,1.4208734641667573E-7],[1.4913057290831737E-7,1.6112350878306509E-7,1.6114114309535456E-7,1.6761437048512833E-7,1.6114114309535456E-7,1.6112350878306509E-7,1.4913057290831737E-7],[1.4208734641667573E-7,1.5416462634744211E-7,1.5764976960899371E-7,1.6114114309535456E-7,1.5764976960899371E-7,1.5416462634744211E-7,1.4208734641667573E-7],[1.4342987675206076E-7,1.5527055493846823E-7,1.5416462634744211E-7,1.6112350878306509E-7,1.5416462634744211E-7,1.5527055493846823E-7,1.4342987675206076E-7],[1.3162529930965962E-7,1.4342987675206076E-7,1.4208734641667573E-7,1.4913057290831737E-7,1.4208734641667573E-7,1.4342987675206076E-7,1.3162529930965962E-7]],[[1.387627889479875E-7,1.5074932097589301E-7,1.4938698449424744E-7,1.5654047388290455E-7,1.4938698449424744E-7,1.5074932097589301E-7,1.387627889479875E-7],[1.5074932097589301E-7,1.6276277294743105E-7,1.6164142495778429E-7,1.6870325994790704E-7,1.6164142495778429E-7,1.6276277294743105E-7,1.5074932097589301E-7],[1.4938698449424744E-7,1.6164142495778429E-7,1.6517768488080578E-7,1.6872026097004173E-7,1.6517768488080578E-7,1.6164142495778429E-7,1.4938698449424744E-7],[1.5654047388290455E-7,1.6870325994790704E-7,1.6872026097004173E-7,1.7528758599258537E-7,1.6872026097004173E-7,1.6870325994790704E-7,1.5654047388290455E-7],[1.4938698449424744E-7,1.6164142495778429E-7,1.6517768488080578E-7,1.6872026097004173E-7,1.6517768488080578E-7,1.6164142495778429E-7,1.4938698449424744E-7],[1.5074932097589301E-7,1.6276277294743105E-7,1.6164142495778429E-7,1.6870325994790704E-7,1.6164142495778429E-7,1.6276277294743105E-7,1.5074932097589301E-7],[1.387627889479875E-7,1.5074932097589301E-7,1.4938698449424744E-7,1.5654047388290455E-7,1.4938698449424744E-7,1.5074932097589301E-7,1.387627889479875E-7]],[[1.4600854980066578E-7,1.5817410412693655E-7,1.5679221910353333E-7,1.6405407995062922E-7,1.5679221910353333E-7,1.5817410412693655E-7,1.4600854980066578E-7],[1.5817410412693655E-7,1.7035817446832565E-7,1.6922154824499547E-7,1.7638495461162462E-7,1.6922154824499547E-7,1.7035817446832565E-7,1.5817410412693655E-7],[1.5679221910353333E-7,1.6922154824499547E-7,1.7280826937855556E-7,1.7640139187566434E-7,1.7280826937855556E-7,1.6922154824499547E-7,1.5679221910353333E-7],[1.6405407995062922E-7,1.7638495461162462E-7,1.7640139187566434E-7,1.83061666085241E-7,1.7640139187566434E-7,1.7638495461162462E-7,1.6405407995062922E-7],[1.5679221910353333E-7,1.6922154824499547E-7,1.7280826937855556E-7,1.7640139187566434E-7,1.7280826937855556E-7,1.6922154824499547E-7,1.5679221910353333E-7],[1.5817410412693655E-7,1.7035817446832565E-7,1.6922154824499547E-7,1.7638495461162462E-7,1.6922154824499547E-7,1.7035817446832565E-7,1.5817410412693655E-7],[1.4600854980066578E-7,1.5817410412693655E-7,1.5679221910353333E-7,1.6405407995062922E-7,1.5679221910353333E-7,1.5817410412693655E-7,1.4600854980066578E-7]],[[1.5336094905653492E-7,1.65703007736698E-7,1.6430179279547683E-7,1.7167039636994776E-7,1.6430179279547683E-7,1.65703007736698E-7,1.5336094905653492E-7],[1.65703007736698E-7,1.7805587258860876E-7,1.7690408480623973E-7,1.8416788852439656E-7,1.7690408480623973E-7,1.7805587258860876E-7,1.65703007736698E-7],[1.6430179279547683E-7,1.7690408480623973E-7,1.8054071154553317E-7,1.8418382423489015E-7,1.8054071154553317E-7,1.7690408480623973E-7,1.6430179279547683E-7],[1.7167039636994776E-7,1.8416788852439656E-7,1.8418382423489015E-7,1.9093607722459182E-7,1.8418382423489015E-7,1.8416788852439656E-7,1.7167039636994776E-7],[1.6430179279547683E-7,1.7690408480623973E-7,1.8054071154553317E-7,1.8418382423489015E-7,1.8054071154553317E-7,1.7690408480623973E-7,1.6430179279547683E-7],[1.65703007736698E-7,1.7805587258860876E-7,1.7690408480623973E-7,1.8416788852439656E-7,1.7690408480623973E-7,1.7805587258860876E-7,1.65703007736698E-7],[1.5336094905653492E-7,1.65703007736698E-7,1.6430179279547683E-7,1.7167039636994776E-7,1.6430179279547683E-7,1.65703007736698E-7,1.5336094905653492E-7]],[[1.6081858947165952E-7,1.733350062929621E-7,1.7191464506268128E-7,1.7938859813694497E-7,1.7191464506268128E-7,1.733350062929621E-7,1.6081858947165952E-7],[1.733350062929621E-7,1.858551399992685E-7,1.8468828524841837E-7,1.920514984572771E-7,1.8468828524841837E-7,1.858551399992685E-7,1.733350062929621E-7],[1.7191464506268128E-7,1.8468828524841837E-7,1.883743517604004E-7,1.9206698831836422E-7,1.883743517604004E-7,1.8468828524841837E-7,1.7191464506268128E-7],[1.7938859813694497E-7,1.920514984572771E-7,1.9206698831836422E-7,1.9891040983888192E-7,1.9206698831836422E-7,1.920514984572771E-7,1.7938859813694497E-7],[1.7191464506268128E-7,1.8468828524841837E-7,1.883743517604004E-7,1.9206698831836422E-7,1.883743517604004E-7,1.8468828524841837E-7,1.7191464506268128E-7],[1.733350062929621E-7,1.858551399992685E-7,1.8468828524841837E-7,1.920514984572771E-7,1.8468828524841837E-7,1.858551399992685E-7,1.733350062929621E-7],[1.6081858947165952E-7,1.733350062929621E-7,1.7191464506268128E-7,1.7938859813694497E-7,1.7191464506268128E-7,1.733350062929621E-7,1.6081858947165952E-7]],[[1.6838028527126824E-7,1.81069247934039E-7,1.7962989256884851E-7,1.8720801329336119E-7,1.7962989256884851E-7,1.81069247934039E-7,1.6838028527126824E-7],[1.81069247934039E-7,1.9375539337044539E-7,1.9257354629623692E-7,2.0003534864337809E-7,1.9257354629623692E-7,1.9375539337044539E-7,1.81069247934039E-7],[1.7962989256884851E-7,1.9257354629623692E-7,1.9630866756166127E-7,2.0005044258698503E-7,1.9630866756166127E-7,1.9257354629623692E-7,1.7962989256884851E-7],[1.8720801329336119E-7,2.0003534864337809E-7,2.0005044258698503E-7,2.0698436664005325E-7,2.0005044258698503E-7,2.0003534864337809E-7,1.8720801329336119E-7],[1.7962989256884851E-7,1.9257354629623692E-7,1.9630866756166127E-7,2.0005044258698503E-7,1.9630866756166127E-7,1.9257354629623692E-7,1.7962989256884851E-7],[1.81069247934039E-7,1.9375539337044539E-7,1.9257354629623692E-7,2.0003534864337809E-7,1.9257354629623692E-7,1.9375539337044539E-7,1.81069247934039E-7],[1.6838028527126824E-7,1.81069247934039E-7,1.7962989256884851E-7,1.8720801329336119E-7,1.7962989256884851E-7,1.81069247934039E-7,1.6838028527126824E-7]],[[1.7604504074991908E-7,1.8890503726357594E-7,1.8744681156187661E-7,1.9512810804573964E-7,1.8744681156187661E-7,1.8890503726357594E-7,1.7604504074991908E-7],[1.8890503726357594E-7,2.0175617940862347E-7,2.0055939661627737E-7,2.0811911865511417E-7,2.0055939661627737E-7,2.0175617940862347E-7,1.8890503726357594E-7],[1.8744681156187661E-7,2.0055939661627737E-7,2.0434326045423244E-7,2.0813386148221197E-7,2.0434326045423244E-7,2.0055939661627737E-7,1.8744681156187661E-7],[1.9512810804573964E-7,2.0811911865511417E-7,2.0813386148221197E-7,2.1515775215198386E-7,2.0813386148221197E-7,2.0811911865511417E-7,1.9512810804573964E-7],[1.8744681156187661E-7,2.0055939661627737E-7,2.0434326045423244E-7,2.0813386148221197E-7,2.0434326045423244E-7,2.0055939661627737E-7,1.8744681156187661E-7],[1.8890503726357594E-7,2.0175617940862347E-7,2.0055939661627737E-7,2.0811911865511417E-7,2.0055939661627737E-7,2.0175617940862347E-7,1.8890503726357594E-7],[1.7604504074991908E-7,1.8890503726357594E-7,1.8744681156187661E-7,1.9512810804573964E-7,1.8744681156187661E-7,1.8890503726357594E-7,1.7604504074991908E-7]],[[1.8381203124548006E-7,1.9684182003373459E-7,1.9536482220837566E-7,2.0314847347994341E-7,1.9536482220837566E-7,1.9684182003373459E-7,1.8381203124548006E-7],[1.9684182003373459E-7,2.0985716239782869E-7,2.0864548415435011E-7,2.1630259254985253E-7,2.0864548415435011E-7,2.0985716239782869E-7,1.9684182003373459E-7],[1.9536482220837566E-7,2.0864548415435011E-7,2.1247784411222937E-7,2.1631702449537724E-7,2.1247784411222937E-7,2.0864548415435011E-7,1.9536482220837566E-7],[2.0314847347994341E-7,2.1630259254985253E-7,2.1631702449537724E-7,2.2343046331089417E-7,2.1631702449537724E-7,2.1630259254985253E-7,2.0314847347994341E-7],[1.9536482220837566E-7,2.0864548415435011E-7,2.1247784411222937E-7,2.1631702449537724E-7,2.1247784411222937E-7,2.0864548415435011E-7,1.9536482220837566E-7],[1.9684182003373459E-7,2.0985716239782869E-7,2.0864548415435011E-7,2.1630259254985253E-7,2.0864548415435011E-7,2.0985716239782869E-7,1.9684182003373459E-7],[1.8381203124548