{"M_cells":[[[0,0,0,0,0,0,0],[0,0,0,0,0,0,0],[0,0,0,0,0,0,0],[0,0,0,0,0,0,0],[0,0,0,0,0,0,0],[0,0,0,0,0,0,0],[0,0,0,0,0,0,0]],[[1.8002470436223754E-7,9.7343507751564967E-7,8.6786911504892523E-7,1.2641277717511361E-6,8.6786911504892523E-7,9.7343507751564988E-7,1.8002470436223754E-7],[9.7343507751564967E-7,3.7113781998065803E-6,3.4053879435573964E-6,4.7667206870652374E-6,3.4053879435573964E-6,3.7113781998065803E-6,9.7343507751564988E-7],[8.6786911504892523E-7,3.4053879435573964E-6,4.1538448088725395E-6,4.9052925399366156E-6,4.1538448088725395E-6,3.4053879435573964E-6,8.6786911504892533E-7],[1.2641277717511361E-6,4.7667206870652374E-6,4.9052925399366156E-6,6.4265708740089078E-6,4.9052925399366156E-6,4.7667206870652374E-6,1.2641277717511361E-6],[8.6786911504892523E-7,3.4053879435573964E-6,4.1538448088725395E-6,4.9052925399366156E-6,4.1538448088725395E-6,3.4053879435573964E-6,8.6786911504892533E-7],[9.7343507751564988E-7,3.7113781998065803E-6,3.4053879435573964E-6,4.7667206870652374E-6,3.4053879435573964E-6,3.7113781998065803E-6,9.7343507751564988E-7],[1.8002470436223754E-7,9.7343507751564988E-7,8.6786911504892533E-7,1.2641277717511361E-6,8.6786911504892533E-7,9.7343507751564988E-7,1.8002470436223754E-7]],[[1.0231015809170303E-6,3.0227851420436571E-6,2.7600959997636193E-6,3.7973500079690047E-6,2.7600959997636193E-6,3.0227851420436575E-6,1.0231015809170303E-6],[3.0227851420436571E-6,6.79673994311292E-6,6.3816711799014175E-6,8.35983577670242E-6,6.3816711799014175E-6,6.7967399431129207E-6,3.0227851420436575E-6],[2.7600959997636193E-6,6.3816711799014175E-6,7.4401550196701588E-6,8.50119510425521E-6,7.44015501967016E-6,6.3816711799014175E-6,2.7600959997636193E-6],[3.7973500079690047E-6,8.35983577670242E-6,8.50119510425521E-6,1.0595428232035796E-5,8.50119510425521E-6,8.35983577670242E-6,3.7973500079690047E-6],[2.7600959997636193E-6,6.3816711799014175E-6,7.44015501967016E-6,8.50119510425521E-6,7.44015501967016E-6,6.3816711799014175E-6,2.7600959997636193E-6],[3.0227851420436575E-6,6.7967399431129207E-6,6.3816711799014175E-6,8.35983577670242E-6,6.3816711799014175E-6,6.7967399431129207E-6,3.0227851420436575E-6],[1.0231015809170303E-6,3.0227851420436575E-6,2.7600959997636193E-6,3.7973500079690047E-6,2.7600959997636193E-6,3.0227851420436575E-6,1.0231015809170303E-6]],[[2.5259606340844667E-6,5.4803262332972887E-6,5.0968454743859341E-6,6.6821423090464886E-6,5.0968454743859341E-6,5.4803262332972887E-6,2.5259606340844667E-6],[5.4803262332972887E-6,9.6515623381261948E-6,9.2023714382372058E-6,1.1478941353374038E-5,9.2023714382372058E-6,9.6515623381261948E-6,5.4803262332972887E-6],[5.0968454743859341E-6,9.2023714382372058E-6,1.0394163372226418E-5,1.1588348657014558E-5,1.0394163372226418E-5,9.2023714382372058E-6,5.0968454743859341E-6],[6.6821423090464886E-6,1.1478941353374038E-5,1.1588348657014558E-5,1.3898442931255843E-5,1.1588348657014558E-5,1.1478941353374038E-5,6.6821423090464886E-6],[5.0968454743859341E-6,9.2023714382372058E-6,1.0394163372226418E-5,1.1588348657014558E-5,1.0394163372226418E-5,9.2023714382372058E-6,5.0968454743859341E-6],[5.4803262332972887E-6,9.6515623381261948E-6,9.2023714382372058E-6,1.1478941353374038E-5,9.2023714382372058E-6,9.6515623381261948E-6,5.4803262332972887E-6],[2.5259606340844667E-6,5.4803262332972887E-6,5.0968454743859341E-6,6.6821423090464886E-6,5.0968454743859341E-6,5.4803262332972887E-6,2.5259606340844667E-6]],[[4.5042360407167265E-6,8.0964259505390937E-6,7.6368631071706524E-6,9.62043163311481E-6,7.6368631071706524E-6,8.0964259505390937E-6,4.5042360407167265E-6],[8.0964259505390937E-6,1.2425844098642097E-5,1.1970934191731597E-5,1.4402421757841589E-5,1.1970934191731597E-5,1.2425844098642097E-5,8.0964259505390937E-6],[7.6368631071706524E-6,1.1970934191731597E-5,1.3223761000761351E-5,1.4478920328357541E-5,1.3223761000761351E-5,1.1970934191731597E-5,7.6368631071706524E-6],[9.62043163311481E-6,1.4402421757841589E-5,1.4478920328357541E-5,1.6871028944612046E-5,1.4478920328357541E-5,1.4402421757841589E-5,9.62043163311481E-6],[7.6368631071706524E-6,1.1970934191731597E-5,1.3223761000761351E-5,1.4478920328357541E-5,1.3223761000761351E-5,1.1970934191731597E-5,7.6368631071706524E-6],[8.0964259505390937E-6,1.2425844098642097E-5,1.1970934191731597E-5,1.4402421757841589E-5,1.1970934191731597E-5,1.2425844098642097E-5,8.0964259505390937E-6],[4.5042360407167265E-6,8.0964259505390937E-6,7.6368631071706524E-6,9.62043163311481E-6,7.6368631071706524E-6,8.0964259505390937E-6,4.5042360407167265E-6]],[[6.7884005350845517E-6,1.0777406794697283E-5,1.0275432566012775E-5,1.2529556260228185E-5,1.0275432566012775E-5,1.0777406794697283E-5,6.7884005350845517E-6],[1.0777406794697283E-5,1.5174822375354949E-5,1.4724120300188073E-5,1.72415875145521E-5,1.4724120300188073E-5,1.5174822375354949E-5,1.0777406794697283E-5],[1.0275432566012775E-5,1.4724120300188073E-5,1.6007123056686492E-5,1.7292435968072515E-5,1.6007123056686492E-5,1.4724120300188073E-5,1.0275432566012775E-5],[1.2529556260228185E-5,1.72415875145521E-5,1.7292435968072515E-5,1.9716466138009386E-5,1.7292435968072512E-5,1.7241587514552097E-5,1.2529556260228185E-5],[1.0275432566012775E-5,1.4724120300188073E-5,1.6007123056686492E-5,1.7292435968072512E-5,1.6007123056686488E-5,1.4724120300188072E-5,1.0275432566012775E-5],[1.0777406794697283E-5,1.5174822375354949E-5,1.4724120300188073E-5,1.7241587514552097E-5,1.4724120300188072E-5,1.5174822375354949E-5,1.0777406794697283E-5],[6.7884005350845517E-6,1.0777406794697283E-5,1.0275432566012775E-5,1.2529556260228185E-5,1.0275432566012775E-5,1.0777406794697283E-5,6.7884005350845517E-6]],[[9.2596508006873332E-6,1.3487699131622127E-5,1.2964784104121929E-5,1.5396960634777362E-5,1.2964784104121929E-5,1.3487699131622127E-5,9.2596508006873332E-6],[1.3487699131622127E-5,1.791840867231852E-5,1.7474559251913079E-5,2.0042619537016878E-5,1.7474559251913079E-5,1.791840867231852E-5,1.3487699131622127E-5],[1.2964784104121929E-5,1.7474559251913079E-5,1.8773807427145538E-5,2.0075358022249359E-5,1.8773807427145538E-5,1.7474559251913079E-5,1.2964784104121929E-5],[1.5396960634777362E-5,2.0042619537016878E-5,2.0075358022249359E-5,2.2512620854226585E-5,2.0075358022249359E-5,2.0042619537016878E-5,1.5396960634777362E-5],[1.2964784104121929E-5,1.7474559251913079E-5,1.8773807427145538E-5,2.0075358022249359E-5,1.8773807427145538E-5,1.7474559251913079E-5,1.2964784104121929E-5],[1.3487699131622127E-5,1.791840867231852E-5,1.7474559251913079E-5,2.0042619537016878E-5,1.7474559251913079E-5,1.791840867231852E-5,1.3487699131622127E-5],[9.2596508006873332E-6,1.3487699131622127E-5,1.2964784104121929E-5,1.5396960634777362E-5,1.2964784104121929E-5,1.3487699131622127E-5,9.2596508006873332E-6]],[[1.1842890462348454E-5,1.6213408847768363E-5,1.5681955578359402E-5,1.8229645595847203E-5,1.5681955578359402E-5,1.6213408847768363E-5,1.1842890462348454E-5],[1.6213408847768363E-5,2.0663457752808825E-5,2.022634778035336E-5,2.2825706307621726E-5,2.022634778035336E-5,2.0663457752808825E-5,1.6213408847768363E-5],[1.5681955578359402E-5,2.022634778035336E-5,2.1535132780082932E-5,2.2846218135133276E-5,2.1535132780082932E-5,2.022634778035336E-5,1.5681955578359402E-5],[1.8229645595847203E-5,2.2825706307621726E-5,2.2846218135133276E-5,2.5289786814134904E-5,2.2846218135133276E-5,2.2825706307621726E-5,1.8229645595847203E-5],[1.5681955578359402E-5,2.022634778035336E-5,2.1535132780082932E-5,2.2846218135133276E-5,2.1535132780082932E-5,2.022634778035336E-5,1.5681955578359402E-5],[1.6213408847768363E-5,2.0663457752808825E-5,2.022634778035336E-5,2.2825706307621726E-5,2.022634778035336E-5,2.0663457752808825E-5,1.6213408847768363E-5],[1.1842890462348454E-5,1.6213408847768363E-5,1.5681955578359402E-5,1.8229645595847203E-5,1.5681955578359402E-5,1.6213408847768363E-5,1.1842890462348454E-5]],[[1.4492944544918052E-5,1.894878361835661E-5,1.8415356744437697E-5,2.1037691310468054E-5,1.8415356744437697E-5,1.894878361835661E-5,1.4492944544918052E-5],[1.894878361835661E-5,2.3412080797377248E-5,2.2980678976313453E-5,2.5600282147393657E-5,2.2980678976313453E-5,2.3412080797377248E-5,1.894878361835661E-5],[1.8415356744437697E-5,2.2980678976313453E-5,2.4295547791769333E-5,2.5612717178993016E-5,2.4295547791769333E-5,2.2980678976313453E-5,1.8415356744437697E-5],[2.1037691310468054E-5,2.5600282147393657E-5,2.5612717178993016E-5,2.8060059098808935E-5,2.5612717178993016E-5,2.5600282147393657E-5,2.1037691310468054E-5],[1.8415356744437697E-5,2.2980678976313453E-5,2.4295547791769333E-5,2.5612717178993016E-5,2.4295547791769333E-5,2.2980678976313453E-5,1.8415356744437697E-5],[1.894878361835661E-5,2.3412080797377248E-5,2.2980678976313453E-5,2.5600282147393657E-5,2.2980678976313453E-5,2.3412080797377248E-5,1.894878361835661E-5],[1.4492944544918052E-5,1.894878361835661E-5,1.8415356744437697E-5,2.1037691310468054E-5,1.8415356744437697E-5,1.894878361835661E-5,1.4492944544918052E-5]],[[1.7183306111797956E-5,2.1691191599001279E-5,2.1158896015842739E-5,2.3829637829553837E-5,2.1158896015842739E-5,2.1691191599001279E-5,1.7183306111797956E-5],[2.1691191599001279E-5,2.6164727495695503E-5,2.5737822789006325E-5,2.8371097885055072E-5,2.5737822789006325E-5,2.6164727495695503E-5,2.1691191599001279E-5],[2.1158896015842739E-5,2.5737822789006325E-5,2.705688669013302E-5,2.8378252357046272E-5,2.705688669013302E-5,2.5737822789006325E-5,2.1158896015842739E-5],[2.3829637829553837E-5,2.8371097885055072E-5,2.8378252357046272E-5,3.0828466952458874E-5,2.8378252357046272E-5,2.8371097885055072E-5,2.3829637829553837E-5],[2.1158896015842739E-5,2.5737822789006325E-5,2.705688669013302E-5,2.8378252357046272E-5,2.705688669013302E-5,2.5737822789006325E-5,2.1158896015842739E-5],[2.1691191599001279E-5,2.6164727495695503E-5,2.5737822789006325E-5,2.8371097885055072E-5,2.5737822789006325E-5,2.6164727495695503E-5,2.1691191599001279E-5],[1.7183306111797956E-5,2.1691191599001279E-5,2.1158896015842739E-5,2.3829637829553837E-5,2.1158896015842739E-5,2.1691191599001279E-5,1.7183306111797956E-5]],[[1.9898591110466295E-5,2.4439253565106677E-5,2.3909275595136119E-5,2.6611735481963404E-5,2.3909275595136119E-5,2.4439253565106677E-5,1.9898591110466295E-5],[2.4439253565106677E-5,2.8921312654803085E-5,2.8497793021462664E-5,3.1140725553067886E-5,2.8497793021462664E-5,2.8921312654803085E-5,2.4439253565106677E-5],[2.3909275595136119E-5,2.8497793021462664E-5,2.981996567523413E-5,3.11444417477862E-5,2.9819965675234134E-5,2.8497793021462667E-5,2.3909275595136119E-5],[2.6611735481963404E-5,3.1140725553067886E-5,3.11444417477862E-5,3.3597226585079682E-5,3.11444417477862E-5,3.1140725553067893E-5,2.6611735481963404E-5],[2.3909275595136119E-5,2.8497793021462664E-5,2.9819965675234134E-5,3.11444417477862E-5,2.9819965675234134E-5,2.8497793021462667E-5,2.3909275595136119E-5],[2.4439253565106677E-5,2.8921312654803085E-5,2.8497793021462667E-5,3.1140725553067893E-5,2.8497793021462667E-5,2.8921312654803085E-5,2.4439253565106677E-5],[1.9898591110466295E-5,2.4439253565106677E-5,2.3909275595136119E-5,2.6611735481963404E-5,2.3909275595136119E-5,2.4439253565106677E-5,1.9898591110466295E-5]],[[2.2629885780871059E-5,2.7192139174531681E-5,2.6664675959857598E-5,2.9388284525082691E-5,2.6664675959857598E-5,2.7192139174531681E-5,2.2629885780871059E-5],[2.7192139174531681E-5,3.168161569368888E-5,3.1260554220673466E-5,3.3910644525959011E-5,3.1260554220673466E-5,3.168161569368888E-5,2.7192139174531681E-5],[2.6664675959857598E-5,3.1260554220673466E-5,3.2585185956556815E-5,3.3912123003287409E-5,3.2585185956556815E-5,3.1260554220673466E-5,2.66646759598576E-5],[2.9388284525082691E-5,3.3910644525959011E-5,3.3912123003287409E-5,3.63673882565785E-5,3.3912123003287409E-5,3.3910644525959011E-5,2.9388284525082694E-5],[2.6664675959857598E-5,3.1260554220673466E-5,3.2585185956556815E-5,3.3912123003287409E-5,3.2585185956556815E-5,3.1260554220673466E-5,2.66646759598576E-5],[2.7192139174531681E-5,3.168161569368888E-5,3.1260554220673466E-5,3.3910644525959011E-5,3.1260554220673466E-5,3.168161569368888E-5,2.7192139174531681E-5],[2.2629885780871059E-5,2.7192139174531681E-5,2.66646759598576E-5,2.9388284525082694E-5,2.66646759598576E-5,2.7192139174531681E-5,2.2629885780871059E-5]],[[2.5371997731925224E-5,2.994929225631735E-5,2.9424082837463415E-5,3.2162155714790916E-5,2.9424082837463419E-5,2.994929225631735E-5,2.5371997731925224E-5],[2.994929225631735E-5,3.44454128263756E-5,3.4026075034984115E-5,3.6681743745224584E-5,3.4026075034984115E-5,3.44454128263756E-5,2.994929225631735E-5],[2.9424082837463415E-5,3.4026075034984115E-5,3.535276543078101E-5,3.6681763165352152E-5,3.535276543078101E-5,3.4026075034984115E-5,2.9424082837463422E-5],[3.2162155714790916E-5,3.6681743745224584E-5,3.6681763165352152E-5,3.9139489136109443E-5,3.6681763165352152E-5,3.6681743745224584E-5,3.2162155714790916E-5],[2.9424082837463419E-5,3.4026075034984115E-5,3.535276543078101E-5,3.6681763165352152E-5,3.535276543078101E-5,3.4026075034984115E-5,2.9424082837463422E-5],[2.994929225631735E-5,3.44454128263756E-5,3.4026075034984115E-5,3.6681743745224584E-5,3.4026075034984115E-5,3.4445412826375596E-5,2.994929225631735E-5],[2.5371997731925224E-5,2.994929225631735E-5,2.9424082837463422E-5,3.2162155714790916E-5,2.9424082837463422E-5,2.994929225631735E-5,2.5371997731925224E-5]],[[2.8121868476378158E-5,3.271031502468079E-5,3.218692822091147E-5,3.4935235326721695E-5,3.2186928220911476E-5,3.27103150246808E-5,2.8121868476378158E-5],[3.271031502468079E-5,3.7212513373589545E-5,3.6794335008125238E-5,3.9454571661799846E-5,3.6794335008125238E-5,3.7212513373589552E-5,3.27103150246808E-5],[3.218692822091147E-5,3.6794335008125238E-5,3.8122830985521976E-5,3.9453636410318484E-5,3.8122830985521976E-5,3.6794335008125238E-5,3.2186928220911476E-5],[3.4935235326721695E-5,3.9454571661799846E-5,3.9453636410318484E-5,4.1913821928703657E-5,3.9453636410318484E-5,3.9454571661799846E-5,3.4935235326721695E-5],[3.2186928220911476E-5,3.6794335008125238E-5,3.8122830985521976E-5,3.9453636410318484E-5,3.8122830985521976E-5,3.6794335008125238E-5,3.2186928220911476E-5],[3.27103150246808E-5,3.7212513373589552E-5,3.6794335008125238E-5,3.9454571661799846E-5,3.6794335008125238E-5,3.7212513373589552E-5,3.27103150246808E-5],[2.8121868476378158E-5,3.27103150246808E-5,3.2186928220911476E-5,3.4935235326721695E-5,3.2186928220911476E-5,3.27103150246808E-5,2.8121868476378158E-5]],[[3.0877666994773055E-5,3.5474912550837012E-5,3.4952892977880449E-5,3.7708751262094321E-5,3.4952892977880456E-5,3.5474912550837012E-5,3.0877666994773055E-5],[3.5474912550837012E-5,3.9982763565523361E-5,3.9565320209765839E-5,4.2229470136604145E-5,3.9565320209765846E-5,3.9982763565523368E-5,3.5474912550837012E-5],[3.4952892977880449E-5,3.9565320209765839E-5,4.0895457890808868E-5,4.2227907175084727E-5,4.0895457890808874E-5,3.9565320209765846E-5,3.4952892977880456E-5],[3.7708751262094321E-5,4.2229470136604145E-5,4.2227907175084727E-5,4.4690551784526206E-5,4.2227907175084727E-5,4.2229470136604145E-5,3.7708751262094328E-5],[3.4952892977880456E-5,3.9565320209765846E-5,4.0895457890808874E-5,4.2227907175084727E-5,4.0895457890808874E-5,3.9565320209765846E-5,3.4952892977880456E-5],[3.5474912550837012E-5,3.9982763565523368E-5,3.9565320209765846E-5,4.2229470136604145E-5,3.9565320209765846E-5,3.9982763565523368E-5,3.5474912550837012E-5],[3.0877666994773055E-5,3.5474912550837012E-5,3.4952892977880456E-5,3.7708751262094328E-5,3.4952892977880456E-5,3.5474912550837012E-5,3.0877666994773055E-5]],[[3.3638274008275554E-5,3.8242861543907773E-5,3.7721796213073419E-5,4.04834971827455E-5,3.7721796213073419E-5,3.8242861543907773E-5,3.3638274008275554E-5],[3.8242861543907773E-5,4.2756040797246537E-5,4.2339018218089047E-5,4.5006650978833578E-5,4.2339018218089047E-5,4.2756040797246537E-5,3.8242861543907773E-5],[3.7721796213073419E-5,4.2339018218089047E-5,4.3670688544392E-5,4.500467265457871E-5,4.3670688544392E-5,4.2339018218089047E-5,3.7721796213073419E-5],[4.04834971827455E-5,4.5006650978833578E-5,4.500467265457871E-5,4.7469771184584442E-5,4.500467265457871E-5,4.5006650978833578E-5,4.0483497182745506E-5],[3.7721796213073419E-5,4.2339018218089047E-5,4.3670688544392E-5,4.500467265457871E-5,4.3670688544392E-5,4.2339018218089047E-5,3.7721796213073419E-5],[3.8242861543907773E-5,4.2756040797246537E-5,4.2339018218089047E-5,4.5006650978833578E-5,4.2339018218089047E-5,4.2756040797246537E-5,3.8242861543907773E-5],[3.3638274008275554E-5,3.8242861543907773E-5,3.7721796213073419E-5,4.0483497182745506E-5,3.7721796213073419E-5,3.8242861543907773E-5,3.3638274008275554E-5]],[[3.6402987889338131E-5,4.10139902132608E-5,4.0493532684089696E-5,4.3259981957003652E-5,4.0493532684089696E-5,4.10139902132608E-5,3.6402987889338131E-5],[4.10139902132608E-5,4.553224629354558E-5,4.5115414796696195E-5,4.7786241989983471E-5,4.5115414796696195E-5,4.553224629354558E-5,4.10139902132608E-5],[4.0493532684089696E-5,4.5115414796696195E-5,4.6448542691425394E-5,4.7783986559636617E-5,4.6448542691425394E-5,4.5115414796696195E-5,4.0493532684089696E-5],[4.3259981957003652E-5,4.7786241989983471E-5,4.7783986559636617E-5,5.0251528101184145E-5,4.7783986559636617E-5,4.7786241989983478E-5,4.3259981957003659E-5],[4.0493532684089696E-5,4.5115414796696195E-5,4.6448542691425394E-5,4.7783986559636617E-5,4.6448542691425394E-5,4.5115414796696195E-5,4.0493532684089696E-5],[4.10139902132608E-5,4.553224629354558E-5,4.5115414796696195E-5,4.7786241989983478E-5,4.5115414796696195E-5,4.553224629354558E-5,4.10139902132608E-5],[3.6402987889338131E-5,4.10139902132608E-5,4.0493532684089696E-5,4.3259981957003659E-5,4.0493532684089696E-5,4.10139902132608E-5,3.6402987889338131E-5]],[[3.9171355779714563E-5,4.3788164130819892E-5,4.3268037382985575E-5,4.6038527867100734E-5,4.3268037382985575E-5,4.3788164130819892E-5,3.9171355779714563E-5],[4.3788164130819892E-5,4.8311298651377126E-5,4.7894492226902229E-5,5.0568315716544875E-5,4.7894492226902229E-5,4.8311298651377126E-5,4.3788164130819892E-5],[4.3268037382985575E-5,4.7894492226902229E-5,4.9229023758802088E-5,5.05658734511341E-5,4.9229023758802088E-5,4.7894492226902229E-5,4.3268037382985575E-5],[4.6038527867100734E-5,5.0568315716544875E-5,5.05658734511341E-5,5.3035841781299908E-5,5.05658734511341E-5,5.0568315716544875E-5,4.6038527867100734E-5],[4.3268037382985575E-5,4.7894492226902229E-5,4.9229023758802088E-5,5.05658734511341E-5,4.9229023758802088E-5,4.7894492226902229E-5,4.3268037382985575E-5],[4.3788164130819892E-5,4.8311298651377126E-5,4.7894492226902229E-5,5.0568315716544875E-5,4.7894492226902229E-5,4.8311298651377126E-5,4.3788164130819892E-5],[3.9171355779714563E-5,4.3788164130819892E-5,4.3268037382985575E-5,4.6038527867100734E-5,4.3268037382985575E-5,4.3788164130819892E-5,3.9171355779714563E-5]],[[4.1943075530747253E-5,4.6565275919256368E-5,4.6045265645140519E-5,4.8819334745419475E-5,4.6045265645140519E-5,4.6565275919256368E-5,4.1943075530747253E-5],[4.6565275919256368E-5,5.1093128789699059E-5,5.0676228764490872E-5,5.3352907882234161E-5,5.0676228764490872E-5,5.1093128789699059E-5,4.6565275919256368E-5],[4.6045265645140519E-5,5.0676228764490872E-5,5.2012123161185836E-5,5.3350337894025825E-5,5.2012123161185836E-5,5.0676228764490872E-5,4.6045265645140519E-5],[4.8819334745419475E-5,5.3352907882234161E-5,5.3350337894025825E-5,5.5822712280438348E-5,5.3350337894025825E-5,5.3352907882234161E-5,4.8819334745419475E-5],[4.6045265645140519E-5,5.0676228764490872E-5,5.2012123161185836E-5,5.3350337894025825E-5,5.2012123161185836E-5,5.0676228764490872E-5,4.6045265645140519E-5],[4.6565275919256368E-5,5.1093128789699059E-5,5.0676228764490872E-5,5.3352907882234161E-5,5.0676228764490872E-5,5.1093128789699059E-5,4.6565275919256368E-5],[4.1943075530747253E-5,4.6565275919256368E-5,4.6045265645140519E-5,4.8819334745419475E-5,4.6045265645140519E-5,4.6565275919256368E-5,4.1943075530747253E-5]],[[4.4717937938082432E-5,4.9345237649756715E-5,4.8825182162104026E-5,5.1602521796197909E-5,4.8825182162104026E-5,4.9345237649756715E-5,4.4717937938082432E-5],[4.9345237649756715E-5,5.3877676207504954E-5,5.3460598738440127E-5,5.6140029424156018E-5,5.3460598738440127E-5,5.3877676207504954E-5,4.9345237649756715E-5],[4.8825182162104026E-5,5.3460598738440127E-5,5.4797823388762924E-5,5.6137370533310348E-5,5.4797823388762924E-5,5.3460598738440127E-5,4.8825182162104026E-5],[5.1602521796197909E-5,5.6140029424156018E-5,5.6137370533310348E-5,5.8612126549969167E-5,5.6137370533310348E-5,5.6140029424156018E-5,5.1602521796197909E-5],[4.8825182162104026E-5,5.3460598738440127E-5,5.4797823388762924E-5,5.6137370533310348E-5,5.4797823388762924E-5,5.3460598738440127E-5,4.8825182162104026E-5],[4.9345237649756715E-5,5.3877676207504954E-5,5.3460598738440127E-5,5.6140029424156018E-5,5.3460598738440127E-5,5.3877676207504954E-5,4.9345237649756715E-5],[4.4717937938082432E-5,4.9345237649756715E-5,4.8825182162104026E-5,5.1602521796197909E-5,4.8825182162104026E-5,4.9345237649756715E-5,4.4717937938082432E-5]],[[4.7495792129795234E-5,5.2127975251057209E-5,5.1607755083068705E-5,5.4388154901079758E-5,5.1607755083068705E-5,5.2127975251057209E-5,4.7495792129795234E-5],[5.2127975251057209E-5,5.6664886292378211E-5,5.6247572961023711E-5,5.8929674458826595E-5,5.6247572961023711E-5,5.6664886292378211E-5,5.2127975251057209E-5],[5.1607755083068705E-5,5.6247572961023711E-5,5.7586100280307842E-5,5.8926952229493686E-5,5.7586100280307842E-5,5.6247572961023711E-5,5.1607755083068705E-5],[5.4388154901079758E-5,5.8929674458826595E-5,5.8926952229493686E-5,6.1404062472623873E-5,5.8926952229493686E-5,5.8929674458826595E-5,5.4388154901079758E-5],[5.1607755083068705E-5,5.6247572961023711E-5,5.7586100280307842E-5,5.8926952229493686E-5,5.7586100280307842E-5,5.6247572961023711E-5,5.1607755083068705E-5],[5.2127975251057209E-5,5.6664886292378211E-5,5.6247572961023711E-5,5.8929674458826595E-5,5.6247572961023711E-5,5.6664886292378211E-5,5.2127975251057209E-5],[4.7495792129795234E-5,5.2127975251057209E-5,5.1607755083068705E-5,5.4388154901079758E-5,5.1607755083068705E-5,5.2127975251057209E-5,4.7495792129795234E-5]],[[5.0276524439413017E-5,5.491342443000472E-5,5.4392952996167641E-5,5.7176264500671036E-5,5.4392952996167641E-5,5.491342443000472E-5,5.0276524439413017E-5],[5.491342443000472E-5,5.9454708421610914E-5,5.9037119250960131E-5,6.1721825609940386E-5,5.9037119250960131E-5,5.9454708421610914E-5,5.491342443000472E-5],[5.4392952996167641E-5,5.9037119250960131E-5,6.0376924715712192E-5,6.1719056920086357E-5,6.0376924715712192E-5,5.9037119250960131E-5,5.4392952996167641E-5],[5.7176264500671036E-5,6.1721825609940386E-5,6.1719056920086357E-5,6.4198491603970393E-5,6.1719056920086357E-5,6.1721825609940386E-5,5.7176264500671036E-5],[5.4392952996167641E-5,5.9037119250960131E-5,6.0376924715712192E-5,6.1719056920086357E-5,6.03769247157122E-5,5.9037119250960131E-5,5.4392952996167641E-5],[5.491342443000472E-5,5.9454708421610914E-5,5.9037119250960131E-5,6.1721825609940386E-5,5.9037119250960131E-5,5.9454708421610914E-5,5.491342443000472E-5],[5.0276524439413017E-5,5.491342443000472E-5,5.4392952996167641E-5,5.7176264500671036E-5,5.4392952996167641E-5,5.491342443000472E-5,5.0276524439413017E-5]],[[5.30600452637953E-5,5.7701527724415066E-5,5.7180743511997919E-5,5.9966857353351685E-5,5.7180743511997919E-5,5.7701527724415066E-5,5.30600452637953E-5],[5.7701527724415066E-5,6.224709464241431E-5,6.182920296234331E-5,6.4516457603395352E-5,6.182920296234331E-5,6.224709464241431E-5,5.7701527724415066E-5],[5.7180743511997919E-5,6.182920296234331E-5,6.3170263882111115E-5,6.4513653622620679E-5,6.3170263882111115E-5,6.182920296234331E-5,5.7180743511997919E-5],[5.9966857353351685E-5,6.4516457603395352E-5,6.4513653622620679E-5,6.6995381065237E-5,6.4513653622620679E-5,6.4516457603395352E-5,5.9966857353351685E-5],[5.7180743511997919E-5,6.182920296234331E-5,6.3170263882111115E-5,6.4513653622620679E-5,6.3170263882111115E-5,6.182920296234331E-5,5.7180743511997919E-5],[5.7701527724415066E-5,6.224709464241431E-5,6.182920296234331E-5,6.4516457603395352E-5,6.182920296234331E-5,6.224709464241431E-5,5.7701527724415066E-5],[5.30600452637953E-5,5.7701527724415066E-5,5.7180743511997919E-5,5.9966857353351685E-5,5.7180743511997919E-5,5.7701527724415066E-5,5.30600452637953E-5]],[[5.5846280738855137E-5,6.0492232396502578E-5,5.9971092714798904E-5,6.2759924306397588E-5,5.9971092714798904E-5,6.0492232396502578E-5,5.5846280738855137E-5],[6.0492232396502578E-5,6.5041998767343816E-5,6.4623787468155958E-5,6.73135397130504E-5,6.4623787468155958E-5,6.50419987673438E-5,6.0492232396502578E-5],[5.9971092714798904E-5,6.4623787468155958E-5,6.5966082223218548E-5,6.731070784958097E-5,6.5966082223218548E-5,6.4623787468155958E-5,5.9971092714798904E-5],[6.2759924306397588E-5,6.73135397130504E-5,6.731070784958097E-5,6.9794694865536654E-5,6.731070784958097E-5,6.73135397130504E-5,6.2759924306397588E-5],[5.9971092714798904E-5,6.4623787468155958E-5,6.5966082223218548E-5,6.731070784958097E-5,6.5966082223218548E-5,6.4623787468155958E-5,5.9971092714798904E-5],[6.0492232396502578E-5,6.50419987673438E-5,6.4623787468155958E-5,6.73135397130504E-5,6.4623787468155958E-5,6.50419987673438E-5,6.0492232396502578E-5],[5.5846280738855137E-5,6.0492232396502578E-5,5.9971092714798904E-5,6.2759924306397588E-5,5.9971092714798904E-5,6.0492232396502578E-5,5.5846280738855137E-5]],[[5.8635167381005747E-5,6.3285488943836348E-5,6.2763965063704076E-5,6.5555445460879641E-5,6.2763965063704076E-5,6.3285488943836348E-5,5.8635167381005747E-5],[6.3285488943836348E-5,6.7839375763787272E-5,6.7420834579168471E-5,7.0113037438286017E-5,6.7420834579168471E-5,6.7839375763787272E-5,6.3285488943836348E-5],[6.2763965063704076E-5,6.7420834579168471E-5,6.8764342152788328E-5,7.0110182616258112E-5,6.8764342152788328E-5,6.7420834579168471E-5,6.2763965063704076E-5],[6.5555445460879641E-5,7.0113037438286017E-5,7.0110182616258112E-5,7.2596394834517831E-5,7.0110182616258112E-5,7.0113037438286017E-5,6.5555445460879641E-5],[6.2763965063704076E-5,6.7420834579168471E-5,6.8764342152788328E-5,7.0110182616258112E-5,6.8764342152788328E-5,6.7420834579168471E-5,6.2763965063704076E-5],[6.3285488943836348E-5,6.7839375763787272E-5,6.7420834579168471E-5,7.0113037438286017E-5,6.7420834579168471E-5,6.7839375763787272E-5,6.3285488943836348E-5],[5.8635167381005747E-5,6.3285488943836348E-5,6.2763965063704076E-5,6.5555445460879641E-5,6.2763965063704076E-5,6.3285488943836348E-5,5.8635167381005747E-5]],[[6.142664859128027E-5,6.6081250059363183E-5,6.5559323510839876E-5,6.8353393626134645E-5,6.5559323510839876E-5,6.6081250059363183E-5,6.142664859128027E-5],[6.6081250059363183E-5,7.0639181349825645E-5,7.0220304895921541E-5,7.2914913664752214E-5,7.0220304895921541E-5,7.0639181349825645E-5,6.6081250059363183E-5],[6.5559323510839876E-5,7.0220304895921541E-5,7.1565004592735084E-5,7.2912039164882772E-5,7.1565004592735084E-5,7.0220304895921541E-5,6.5559323510839876E-5],[6.8353393626134645E-5,7.2914913664752214E-5,7.2912039164882772E-5,7.5400441286519834E-5,7.2912039164882772E-5,7.2914913664752214E-5,6.8353393626134645E-5],[6.5559323510839876E-5,7.0220304895921541E-5,7.1565004592735084E-5,7.2912039164882772E-5,7.1565004592735084E-5,7.0220304895921541E-5,6.5559323510839876E-5],[6.6081250059363183E-5,7.0639181349825645E-5,7.0220304895921541E-5,7.2914913664752214E-5,7.0220304895921541E-5,7.0639181349825645E-5,6.6081250059363183E-5],[6.142664859128027E-5,6.6081250059363183E-5,6.5559323510839876E-5,6.8353393626134645E-5,6.5559323510839876E-5,6.6081250059363183E-5,6.142664859128027E-5]],[[6.4220672351757526E-5,6.8879469914913218E-5,6.8357129709478519E-5,7.1153736646563018E-5,6.8357129709478519E-5,6.8879469914913218E-5,6.4220672351757526E-5],[6.8879469914913218E-5,7.34413717338435E-5,7.3022158099510771E-5,7.5719129475451476E-5,7.3022158099510771E-5,7.34413717338435E-5,6.8879469914913218E-5],[6.8357129709478519E-5,7.3022158099510771E-5,7.436802938128666E-5,7.5716237490053425E-5,7.436802938128666E-5,7.3022158099510771E-5,6.8357129709478519E-5],[7.1153736646563018E-5,7.5719129475451476E-5,7.5716237490053425E-5,7.8206793498580133E-5,7.5716237490053425E-5,7.5719129475451476E-5,7.1153736646563018E-5],[6.8357129709478519E-5,7.3022158099510771E-5,7.436802938128666E-5,7.5716237490053425E-5,7.436802938128666E-5,7.3022158099510771E-5,6.8357129709478519E-5],[6.8879469914913218E-5,7.34413717338435E-5,7.3022158099510771E-5,7.5719129475451476E-5,7.3022158099510771E-5,7.34413717338435E-5,6.8879469914913218E-5],[6.4220672351757526E-5,6.8879469914913218E-5,6.8357129709478519E-5,7.1153736646563018E-5,6.8357129709478519E-5,6.8879469914913218E-5,6.4220672351757526E-5]],[[6.7017189698295564E-5,7.1680103675764349E-5,7.1157344246127084E-5,7.3956438981427023E-5,7.1157344246127084E-5,7.1680103675764349E-5,6.7017189698295564E-5],[7.1680103675764349E-5,7.6245903453624086E-5,7.5826353189986211E-5,7.8525644724063034E-5,7.5826353189986211E-5,7.6245903453624086E-5,7.1680103675764349E-5],[7.1157344246127084E-5,7.5826353189986211E-5,7.7173375585110865E-5,7.852273672452159E-5,7.7173375585110865E-5,7.5826353189986211E-5,7.1157344246127084E-5],[7.3956438981427023E-5,7.8525644724063034E-5,7.852273672452159E-5,8.1015410058911681E-5,7.852273672452159E-5,7.8525644724063034E-5,7.3956438981427023E-5],[7.1157344246127084E-5,7.5826353189986211E-5,7.7173375585110865E-5,7.852273672452159E-5,7.7173375585110865E-5,7.5826353189986211E-5,7.1157344246127084E-5],[7.1680103675764349E-5,7.6245903453624086E-5,7.5826353189986211E-5,7.8525644724063034E-5,7.5826353189986211E-5,7.6245903453624086E-5,7.1680103675764349E-5],[6.7017189698295564E-5,7.1680103675764349E-5,7.1157344246127084E-5,7.3956438981427023E-5,7.1157344246127084E-5,7.1680103675764349E-5,6.7017189698295564E-5]],[[6.9816153706058566E-5,7.4483107178940051E-5,7.3959926864446143E-5,7.6761462787350155E-5,7.3959926864446143E-5,7.4483107178940051E-5,6.9816153706058566E-5],[7.4483107178940051E-5,7.9052733283850336E-5,7.86328486816795E-5,8.1334418445837284E-5,7.86328486816795E-5,7.9052733283850336E-5,7.4483107178940051E-5],[7.3959926864446143E-5,7.86328486816795E-5,7.9981001740680929E-5,8.13314954265454E-5,7.9981001740680929E-5,7.86328486816795E-5,7.3959926864446143E-5],[7.6761462787350155E-5,8.1334418445837284E-5,8.13314954265454E-5,8.3826249124999621E-5,8.13314954265454E-5,8.1334418445837284E-5,7.6761462787350155E-5],[7.3959926864446143E-5,7.86328486816795E-5,7.9981001740680929E-5,8.13314954265454E-5,7.9981001740680929E-5,7.86328486816795E-5,7.3959926864446143E-5],[7.4483107178940051E-5,7.9052733283850336E-5,7.86328486816795E-5,8.1334418445837284E-5,7.86328486816795E-5,7.9052733283850336E-5,7.4483107178940051E-5],[6.9816153706058566E-5,7.4483107178940051E-5,7.3959926864446143E-5,7.6761462787350155E-5,7.3959926864446143E-5,7.4483107178940051E-5,6.9816153706058566E-5]],[[7.2617518817710079E-5,7.728843672669407E-5,7.6764836667408056E-5,7.9568768668112066E-5,7.6764836667408056E-5,7.728843672669407E-5,7.2617518817710079E-5],[7.728843672669407E-5,8.1861818190330423E-5,8.1441602764024926E-5,8.4145409157031445E-5,8.1441602764024926E-5,8.1861818190330423E-5,7.728843672669407E-5],[7.6764836667408056E-5,8.1441602764024926E-5,8.279086604360338E-5,8.41424717976869E-5,8.279086604360338E-5,8.1441602764024926E-5,7.6764836667408056E-5],[7.9568768668112066E-5,8.4145409157031445E-5,8.41424717976869E-5,8.6639268618509551E-5,8.41424717976869E-5,8.4145409157031445E-5,7.9568768668112066E-5],[7.6764836667408056E-5,8.1441602764024926E-5,8.279086604360338E-5,8.41424717976869E-5,8.279086604360338E-5,8.1441602764024926E-5,7.6764836667408056E-5],[7.728843672669407E-5,8.1861818190330423E-5,8.1441602764024926E-5,8.4145409157031445E-5,8.1441602764024926E-5,8.1861818190330423E-5,7.728843672669407E-5],[7.2617518817710079E-5,7.728843672669407E-5,7.6764836667408056E-5,7.9568768668112066E-5,7.6764836667408056E-5,7.728843672669407E-5,7.2617518817710079E-5]],[[7.5421240402567111E-5,8.00960489604728E-5,7.9572032293824871E-5,8.2378316200776408E-5,7.9572032293824871E-5,8.00960489604728E-5,7.5421240402567111E-5],[8.00960489604728E-5,8.46731153159225E-5,8.42525734352534E-5,8.6958575077555146E-5,8.42525734352534E-5,8.46731153159225E-5,8.00960489604728E-5],[7.9572032293824871E-5,8.42525734352534E-5,8.5602926499744775E-5,8.6955623851345064E-5,8.5602926499744775E-5,8.42525734352534E-5,7.9572032293824871E-5],[8.2378316200776408E-5,8.6958575077555146E-5,8.6955623851345064E-5,8.9454426375942637E-5,8.6955623851345064E-5,8.6958575077555146E-5,8.2378316200776408E-5],[7.9572032293824871E-5,8.42525734352534E-5,8.5602926499744775E-5,8.6955623851345064E-5,8.5602926499744775E-5,8.42525734352534E-5,7.9572032293824871E-5],[8.00960489604728E-5,8.46731153159225E-5,8.42525734352534E-5,8.6958575077555146E-5,8.42525734352534E-5,8.46731153159225E-5,8.00960489604728E-5],[7.5421240402567111E-5,8.00960489604728E-5,7.9572032293824871E-5,8.2378316200776408E-5,7.9572032293824871E-5,8.00960489604728E-5,7.5421240402567111E-5]],[[7.8227274472424425E-5,8.2905900790686244E-5,8.2381472070120553E-5,8.5190064310680671E-5,8.2381472070120553E-5,8.2905900790686244E-5,7.8227274472424425E-5],[8.2905900790686244E-5,8.7486581987757E-5,8.7065718615001321E-5,8.9773874300463335E-5,8.7065718615001321E-5,8.7486581987757E-5,8.2905900790686244E-5],[8.2381472070120553E-5,8.7065718615001321E-5,8.8417141048311611E-5,8.9770909546285635E-5,8.8417141048311611E-5,8.7065718615001321E-5,8.2381472070120553E-5],[8.5190064310680671E-5,8.9773874300463335E-5,8.9770909546285635E-5,9.2271680268216444E-5,8.9770909546285635E-5,8.9773874300463335E-5,8.5190064310680671E-5],[8.2381472070120553E-5,8.7065718615001321E-5,8.8417141048311611E-5,8.9770909546285635E-5,8.8417141048311611E-5,8.7065718615001321E-5,8.2381472070120553E-5],[8.2905900790686244E-5,8.7486581987757E-5,8.7065718615001321E-5,8.9773874300463335E-5,8.7065718615001321E-5,8.7486581987757E-5,8.2905900790686244E-5],[7.8227274472424425E-5,8.2905900790686244E-5,8.2381472070120553E-5,8.5190064310680671E-5,8.2381472070120553E-5,8.2905900790686244E-5,7.8227274472424425E-5]],[[8.1035577503967159E-5,8.5717949364943951E-5,8.5193114140249616E-5,8.8003971543831921E-5,8.5193114140249616E-5,8.5717949364943951E-5,8.1035577503967159E-5],[8.5717949364943951E-5,9.03021757386359E-5,8.9880996240673087E-5,9.25912649244981E-5,8.9880996240673087E-5,9.03021757386359E-5,8.5717949364943951E-5],[8.5193114140249616E-5,8.9880996240673087E-5,9.123346766432709E-5,9.2588286895219023E-5,9.123346766432709E-5,8.9880996240673087E-5,8.5193114140249616E-5],[8.8003971543831921E-5,9.25912649244981E-5,9.2588286895219023E-5,9.5090988298355E-5,9.2588286895219023E-5,9.25912649244981E-5,8.8003971543831921E-5],[8.5193114140249616E-5,8.9880996240673087E-5,9.123346766432709E-5,9.2588286895219023E-5,9.123346766432709E-5,8.9880996240673087E-5,8.5193114140249616E-5],[8.5717949364943951E-5,9.03021757386359E-5,8.9880996240673087E-5,9.25912649244981E-5,8.9880996240673087E-5,9.03021757386359E-5,8.5717949364943951E-5],[8.1035577503967159E-5,8.5717949364943951E-5,8.5193114140249616E-5,8.8003971543831921E-5,8.5193114140249616E-5,8.5717949364943951E-5,8.1035577503967159E-5]],[[8.3846106333877843E-5,8.8532152062540116E-5,8.8006916577244886E-5,9.0819996269260461E-5,8.8006916577244886E-5,8.8532152062540116E-5,8.3846106333877843E-5],[8.8532152062540116E-5,9.3119854337685707E-5,9.2698364351309119E-5,9.5410705160769643E-5,9.2698364351309119E-5,9.3119854337685707E-5,8.8532152062540116E-5],[8.8006916577244886E-5,9.2698364351309119E-5,9.4051864445911511E-5,9.540771405548083E-5,9.4051864445911511E-5,9.2698364351309119E-5,8.8006916577244886E-5],[9.0819996269260461E-5,9.5410705160769643E-5,9.540771405548083E-5,9.7912308683654E-5,9.540771405548083E-5,9.5410705160769643E-5,9.0819996269260461E-5],[8.8006916577244886E-5,9.2698364351309119E-5,9.4051864445911511E-5,9.540771405548083E-5,9.4051864445911511E-5,9.2698364351309119E-5,8.8006916577244886E-5],[8.8532152062540116E-5,9.3119854337685707E-5,9.2698364351309119E-5,9.5410705160769643E-5,9.2698364351309119E-5,9.3119854337685707E-5,8.8532152062540116E-5],[8.3846106333877843E-5,8.8532152062540116E-5,8.8006916577244886E-5,9.0819996269260461E-5,8.8006916577244886E-5,8.8532152062540116E-5,8.3846106333877843E-5]],[[8.6658818103439454E-5,9.1348466506672464E-5,9.0822837479805942E-5,9.3638096833305E-5,9.0822837479805942E-5,9.1348466506672464E-5,8.6658818103439454E-5],[9.1348466506672464E-5,9.5939575826893293E-5,9.5517781161840346E-5,9.8232153421196392E-5,9.5517781161840346E-5,9.5939575826893293E-5,9.1348466506672464E-5],[9.0822837479805942E-5,9.5517781161840346E-5,9.6872289690280556E-5,9.8229149406766538E-5,9.6872289690280556E-5,9.5517781161840346E-5,9.0822837479805942E-5],[9.3638096833305E-5,9.8232153421196392E-5,9.8229149406766538E-5,0.00010073559992672094,9.8229149406766538E-5,9.8232153421196392E-5,9.3638096833305E-5],[9.0822837479805942E-5,9.5517781161840346E-5,9.6872289690280556E-5,9.8229149406766538E-5,9.6872289690280556E-5,9.5517781161840346E-5,9.0822837479805942E-5],[9.1348466506672464E-5,9.5939575826893293E-5,9.5517781161840346E-5,9.8232153421196392E-5,9.5517781161840346E-5,9.5939575826893293E-5,9.1348466506672464E-5],[8.6658818103439454E-5,9.1348466506672464E-5,9.0822837479805942E-5,9.3638096833305E-5,9.0822837479805942E-5,9.1348466506672464E-5,8.6658818103439454E-5]],[[8.9473670236753469E-5,9.4166850588483226E-5,9.3640835056889486E-5,9.6458231680703732E-5,9.3640835056889486E-5,9.4166850588483226E-5,8.9473670236753469E-5],[9.4166850588483226E-5,9.8761298561211993E-5,9.8339205129892518E-5,0.00010105556839392992,9.8339205129892518E-5,9.8761298561211993E-5,9.4166850588483226E-5],[9.3640835056889486E-5,9.8339205129892518E-5,9.96947019612733E-5,0.00010105255161937701,9.96947019612733E-5,9.8339205129892518E-5,9.3640835056889486E-5],[9.6458231680703732E-5,0.00010105556839392992,0.00010105255161937701,0.00010356082087840771,0.00010105255161937701,0.00010105556839392992,9.6458231680703732E-5],[9.3640835056889486E-5,9.8339205129892518E-5,9.96947019612733E-5,0.00010105255161937701,9.96947019612733E-5,9.8339205129892518E-5,9.3640835056889486E-5],[9.4166850588483226E-5,9.8761298561211993E-5,9.8339205129892518E-5,0.00010105556839392992,9.8339205129892518E-5,9.8761298561211993E-5,9.4166850588483226E-5],[8.9473670236753469E-5,9.4166850588483226E-5,9.3640835056889486E-5,9.6458231680703732E-5,9.3640835056889486E-5,9.4166850588483226E-5,8.9473670236753469E-5]],[[9.2290620441677892E-5,9.6987262498795526E-5,9.6460867702777842E-5,9.92803594525264E-5,9.6460867702777842E-5,9.6987262498795526E-5,9.2290620441677892E-5],[9.6987262498795526E-5,0.00010158498125061996,0.000101162595016734,0.00010388090910931866,0.000101162595016734,0.00010158498125061996,9.6987262498795526E-5],[9.6460867702777842E-5,0.000101162595016734,0.0001025190601504011,0.00010387787971536358,0.0001025190601504011,0.000101162595016734,9.6460867702777842E-5],[9.92803594525264E-5,0.00010388090910931866,0.00010387787971536358,0.00010638793079467499,0.00010387787971536358,0.00010388090910931866,9.92803594525264E-5],[9.6460867702777842E-5,0.000101162595016734,0.0001025190601504011,0.00010387787971536358,0.0001025190601504011,0.000101162595016734,9.6460867702777842E-5],[9.6987262498795526E-5,0.00010158498125061996,0.000101162595016734,0.00010388090910931866,0.000101162595016734,0.00010158498125061996,9.6987262498795526E-5],[9.2290620441677892E-5,9.6987262498795526E-5,9.6460867702777842E-5,9.92803594525264E-5,9.6460867702777842E-5,9.6987262498795526E-5,9.2290620441677892E-5]],[[9.5109626725936366E-5,9.9809660764664209E-5,9.9282894064563218E-5,0.00010210443906779499,9.9282894064563218E-5,9.9809660764664209E-5,9.5109626725936366E-5],[9.9809660764664209E-5,0.00010441058300297969,0.00010398790994350366,0.00010670813499881533,0.00010398790994350366,0.00010441058300297969,9.9809660764664209E-5],[9.9282894064563218E-5,0.00010398790994350366,0.00010534532353279448,0.0001067050931241903,0.00010534532353279448,0.00010398790994350366,9.9282894064563218E-5],[0.00010210443906779499,0.00010670813499881533,0.0001067050931241903,0.00010921688938872646,0.0001067050931241903,0.00010670813499881533,0.00010210443906779499],[9.9282894064563218E-5,0.00010398790994350366,0.00010534532353279448,0.0001067050931241903,0.00010534532353279448,0.00010398790994350366,9.9282894064563218E-5],[9.9809660764664209E-5,0.00010441058300297969,0.00010398790994350