{"M_cells":[[[0.0045,0.0045,0.0045,0.0045,0.0045,0.0045,0.0045],[0.0045,0.0045,0.0045,0.0045,0.0045,0.0045,0.0045],[0.0045,0.0045,0.0045,0.0045,0.0045,0.0045,0.0045],[0.0045,0.0045,0.0045,0.0045,0.0045,0.0045,0.0045],[0.0045,0.0045,0.0045,0.0045,0.0045,0.0045,0.0045],[0.0045,0.0045,0.0045,0.0045,0.0045,0.0045,0.0045],[0.0045,0.0045,0.0045,0.0045,0.0045,0.0045,0.0045]],[[0.0045000005682894074,0.0045000032841877244,0.0045000029218818611,0.0045000042746136133,0.0045000029218818611,0.0045000032841877244,0.0045000005682894074],[0.0045000032841877244,0.0045000139983273927,0.0045000127955172652,0.0045000180826449219,0.0045000127955172652,0.0045000139983273927,0.0045000032841877244],[0.0045000029218818611,0.0045000127955172652,0.0045000157089345218,0.00450001863827242,0.0045000157089345218,0.0045000127955172652,0.0045000029218818611],[0.0045000042746136133,0.0045000180826449219,0.00450001863827242,0.004500024592267224,0.00450001863827242,0.0045000180826449219,0.0045000042746136133],[0.0045000029218818611,0.0045000127955172652,0.0045000157089345218,0.00450001863827242,0.0045000157089345218,0.0045000127955172652,0.0045000029218818611],[0.0045000032841877244,0.0045000139983273927,0.0045000127955172652,0.0045000180826449219,0.0045000127955172652,0.0045000139983273927,0.0045000032841877244],[0.0045000005682894074,0.0045000032841877244,0.0045000029218818611,0.0045000042746136133,0.0045000029218818611,0.0045000032841877244,0.0045000005682894074]],[[0.00450000399532899,0.0045000131532026179,0.0045000119457588835,0.0045000166502204373,0.0045000119457588835,0.0045000131532026179,0.00450000399532899],[0.0045000131532026179,0.0045000345904491409,0.0045000322133769786,0.0045000432050104561,0.0045000322133769786,0.0045000345904491409,0.0045000131532026179],[0.0045000119457588835,0.0045000322133769786,0.004500038157068586,0.0045000441222505334,0.004500038157068586,0.0045000322133769786,0.0045000119457588835],[0.0045000166502204373,0.0045000432050104561,0.0045000441222505334,0.00450005602486086,0.0045000441222505334,0.0045000432050104561,0.0045000166502204373],[0.0045000119457588835,0.0045000322133769786,0.004500038157068586,0.0045000441222505334,0.004500038157068586,0.0045000322133769786,0.0045000119457588835],[0.0045000131532026179,0.0045000345904491409,0.0045000322133769786,0.0045000432050104561,0.0045000322133769786,0.0045000345904491409,0.0045000131532026179],[0.00450000399532899,0.0045000131532026179,0.0045000119457588835,0.0045000166502204373,0.0045000119457588835,0.0045000131532026179,0.00450000399532899]],[[0.0045000119615070944,0.0045000296048775829,0.0045000272992433621,0.0045000365965842592,0.0045000272992433621,0.0045000296048775829,0.0045000119615070944],[0.0045000296048775829,0.0045000617667636522,0.0045000582451392686,0.0045000751964579238,0.0045000582451392686,0.0045000617667636522,0.0045000296048775829],[0.0045000272992433621,0.0045000582451392686,0.0045000672791234682,0.0045000763401514543,0.0045000672791234682,0.0045000582451392686,0.0045000272992433621],[0.0045000365965842592,0.0045000751964579238,0.0045000763401514543,0.004500094177312168,0.0045000763401514543,0.0045000751964579238,0.0045000365965842592],[0.0045000272992433621,0.0045000582451392686,0.0045000672791234682,0.0045000763401514543,0.0045000672791234682,0.0045000582451392686,0.0045000272992433621],[0.0045000296048775829,0.0045000617667636522,0.0045000582451392686,0.0045000751964579238,0.0045000582451392686,0.0045000617667636522,0.0045000296048775829],[0.0045000119615070944,0.0045000296048775829,0.0045000272992433621,0.0045000365965842592,0.0045000272992433621,0.0045000296048775829,0.0045000119615070944]],[[0.0045000253891671659,0.0045000526407031789,0.0045000491122904737,0.0045000637723606046,0.0045000491122904737,0.0045000526407031789,0.0045000253891671659],[0.0045000526407031789,0.004500095530798132,0.0045000908959024616,0.0045001139633814649,0.0045000908959024616,0.004500095530798132,0.0045000526407031789],[0.0045000491122904737,0.0045000908959024616,0.0045001030555778141,0.0045001152478342495,0.0045001030555778141,0.0045000908959024616,0.0045000491122904737],[0.0045000637723606046,0.0045001139633814649,0.0045001152478342495,0.004500139005706053,0.0045001152478342495,0.0045001139633814649,0.0045000637723606046],[0.0045000491122904737,0.0045000908959024616,0.0045001030555778141,0.0045001152478342495,0.0045001030555778141,0.0045000908959024616,0.0045000491122904737],[0.0045000526407031789,0.004500095530798132,0.0045000908959024616,0.0045001139633814649,0.0045000908959024616,0.004500095530798132,0.0045000526407031789],[0.0045000253891671659,0.0045000526407031789,0.0045000491122904737,0.0045000637723606046,0.0045000491122904737,0.0045000526407031789,0.0045000253891671659]],[[0.0045000447852127793,0.0045000822619576265,0.0045000774561891341,0.0045000979553597581,0.0045000774561891341,0.0045000822619576265,0.0045000447852127793],[0.0045000822619576265,0.00450013588167852,0.00450013016209661,0.0045001594400859027,0.00450013016209661,0.00450013588167852,0.0045000822619576265],[0.0045000774561891341,0.00450013016209661,0.0045001454673989309,0.0045001608108041127,0.0045001454673989309,0.00450013016209661,0.0045000774561891341],[0.0045000979553597581,0.0045001594400859027,0.0045001608108041127,0.0045001904758145937,0.0045001608108041127,0.0045001594400859027,0.0045000979553597581],[0.0045000774561891341,0.00450013016209661,0.0045001454673989309,0.0045001608108041127,0.0045001454673989309,0.00450013016209661,0.0045000774561891341],[0.0045000822619576265,0.00450013588167852,0.00450013016209661,0.0045001594400859027,0.00450013016209661,0.00450013588167852,0.0045000822619576265],[0.0045000447852127793,0.0045000822619576265,0.0045000774561891341,0.0045000979553597581,0.0045000774561891341,0.0045000822619576265,0.0045000447852127793]],[[0.0045000704279943068,0.0045001184680961833,0.0045001123671446217,0.0045001389987884381,0.0045001123671446217,0.0045001184680961833,0.0045000704279943068],[0.0045001184680961833,0.0045001828152239519,0.0045001760353107923,0.004500211578997629,0.0045001760353107923,0.0045001828152239519,0.0045001184680961833],[0.0045001123671446217,0.0045001760353107923,0.0045001944964618273,0.0045002130012228216,0.0045001944964618273,0.0045001760353107923,0.0045001123671446217],[0.0045001389987884381,0.004500211578997629,0.0045002130012228216,0.0045002485600930424,0.0045002130012228216,0.004500211578997629,0.0045001389987884381],[0.0045001123671446217,0.0045001760353107923,0.0045001944964618273,0.0045002130012228216,0.0045001944964618273,0.0045001760353107923,0.0045001123671446217],[0.0045001184680961833,0.0045001828152239519,0.0045001760353107923,0.004500211578997629,0.0045001760353107923,0.0045001828152239519,0.0045001184680961833],[0.0045000704279943068,0.0045001184680961833,0.0045001123671446217,0.0045001389987884381,0.0045001123671446217,0.0045001184680961833,0.0045000704279943068]],[[0.0045001024694693043,0.0045001612563112716,0.0045001538605261085,0.0045001868037513,0.0045001538605261085,0.0045001612563112716,0.0045001024694693043],[0.0045001612563112716,0.0045002363248412107,0.0045002285045420021,0.0045002703443995764,0.0045002285045420021,0.0045002363248412107,0.0045001612563112716],[0.0045001538605261085,0.0045002285045420021,0.0045002501256666124,0.00450027179589446,0.0045002501256666124,0.0045002285045420021,0.0045001538605261085],[0.0045001868037513,0.0045002703443995764,0.00450027179589446,0.0045003132356550941,0.00450027179589446,0.0045002703443995764,0.0045001868037513],[0.0045001538605261085,0.0045002285045420021,0.0045002501256666124,0.00450027179589446,0.0045002501256666124,0.0045002285045420021,0.0045001538605261085],[0.0045001612563112716,0.0045002363248412107,0.0045002285045420021,0.0045002703443995764,0.0045002285045420021,0.0045002363248412107,0.0045001612563112716],[0.0045001024694693043,0.0045001612563112716,0.0045001538605261085,0.0045001868037513,0.0045001538605261085,0.0045001612563112716,0.0045001024694693043]],[[0.0045001409912238362,0.0045002106216465937,0.00450020193944925,0.0045002413019253852,0.00450020193944925,0.0045002106216465937,0.0045001409912238362],[0.0045002106216465937,0.0045002964022289559,0.0045002875575037493,0.0045003357084054231,0.0045002875575037493,0.0045002964022289559,0.0045002106216465937],[0.00450020193944925,0.0045002875575037493,0.0045003123389113272,0.004500337174902393,0.0045003123389113272,0.0045002875575037493,0.00450020193944925],[0.0045002413019253852,0.0045003357084054231,0.004500337174902393,0.0045003844829024269,0.004500337174902393,0.0045003357084054231,0.0045002413019253852],[0.00450020193944925,0.0045002875575037493,0.0045003123389113272,0.004500337174902393,0.0045003123389113272,0.0045002875575037493,0.00450020193944925],[0.0045002106216465937,0.0045002964022289559,0.0045002875575037493,0.0045003357084054231,0.0045002875575037493,0.0045002964022289559,0.0045002106216465937],[0.0045001409912238362,0.0045002106216465937,0.00450020193944925,0.0045002413019253852,0.00450020193944925,0.0045002106216465937,0.0045001409912238362]],[[0.0045001860353333627,0.0045002665573354982,0.0045002565999278654,0.0045003024446131591,0.0045002565999278654,0.0045002665573354982,0.0045001860353333627],[0.0045002665573354982,0.004500363037917612,0.0045003531813776311,0.0045004076483614154,0.0045003531813776311,0.004500363037917612,0.0045002665573354982],[0.0045002565999278654,0.0045003531813776311,0.00450038112100451,0.0045004091206828174,0.00450038112100451,0.0045003531813776311,0.0045002565999278654],[0.0045003024446131591,0.0045004076483614154,0.0045004091206828174,0.0045004622845929666,0.0045004091206828174,0.0045004076483614154,0.0045003024446131591],[0.0045002565999278654,0.0045003531813776311,0.00450038112100451,0.0045004091206828174,0.00450038112100451,0.0045003531813776311,0.0045002565999278654],[0.0045002665573354982,0.004500363037917612,0.0045003531813776311,0.0045004076483614154,0.0045003531813776311,0.004500363037917612,0.0045002665573354982],[0.0045001860353333627,0.0045002665573354982,0.0045002565999278654,0.0045003024446131591,0.0045002565999278654,0.0045002665573354982,0.0045001860353333627]],[[0.0045002376214705346,0.004500329055195736,0.0045003178339523969,0.004500370195803698,0.0045003178339523969,0.004500329055195736,0.0045002376214705346],[0.004500329055195736,0.00450043622167508,0.0045004253632370261,0.0045004861451614416,0.0045004253632370261,0.00450043622167508,0.004500329055195736],[0.0045003178339523969,0.0045004253632370261,0.0045004564575606629,0.0045004876173919892,0.0045004564575606629,0.0045004253632370261,0.0045003178339523969],[0.004500370195803698,0.0045004861451614416,0.0045004876173919892,0.00450054662520444,0.0045004876173919892,0.0045004861451614416,0.004500370195803698],[0.0045003178339523969,0.0045004253632370261,0.0045004564575606629,0.0045004876173919892,0.0045004564575606629,0.0045004253632370261,0.0045003178339523969],[0.004500329055195736,0.00450043622167508,0.0045004253632370261,0.0045004861451614416,0.0045004253632370261,0.00450043622167508,0.004500329055195736],[0.0045002376214705346,0.004500329055195736,0.0045003178339523969,0.004500370195803698,0.0045003178339523969,0.004500329055195736,0.0045002376214705346]],[[0.004500295756468483,0.0045003981060021819,0.0045003856313194854,0.0045004445277596816,0.0045003856313194854,0.0045003981060021819,0.004500295756468483],[0.0045003981060021819,0.004500515942807079,0.0045005040902799075,0.0045005711821489922,0.0045005040902799075,0.004500515942807079,0.0045003981060021819],[0.0045003856313194854,0.0045005040902799075,0.0045005383348995752,0.0045005726504720612,0.0045005383348995752,0.0045005040902799075,0.0045003856313194854],[0.0045004445277596816,0.0045005711821489922,0.0045005726504720612,0.0045006374904976746,0.0045005726504720612,0.0045005711821489922,0.0045004445277596816],[0.0045003856313194854,0.0045005040902799075,0.0045005383348995752,0.0045005726504720612,0.0045005383348995752,0.0045005040902799075,0.0045003856313194854],[0.0045003981060021819,0.004500515942807079,0.0045005040902799075,0.0045005711821489922,0.0045005040902799075,0.004500515942807079,0.0045003981060021819],[0.004500295756468483,0.0045003981060021819,0.0045003856313194854,0.0045004445277596816,0.0045003856313194854,0.0045003981060021819,0.004500295756468483]],[[0.0045003604397246162,0.0045004736998054034,0.00450045998071138,0.0045005254181998281,0.00450045998071138,0.0045004736998054034,0.0045003604397246162],[0.0045004736998054034,0.00450060219037601,0.004500589349951312,0.00450066274439732,0.004500589349951312,0.00450060219037601,0.0045004736998054034],[0.00450045998071138,0.004500589349951312,0.0045006267399577259,0.0045006642063514339,0.0045006267399577259,0.004500589349951312,0.00450045998071138],[0.0045005254181998281,0.00450066274439732,0.0045006642063514339,0.0045007348672152919,0.0045006642063514339,0.00450066274439732,0.0045005254181998281],[0.00450045998071138,0.004500589349951312,0.0045006267399577259,0.0045006642063514339,0.0045006267399577259,0.004500589349951312,0.00450045998071138],[0.0045004736998054034,0.00450060219037601,0.004500589349951312,0.00450066274439732,0.004500589349951312,0.00450060219037601,0.0045004736998054034],[0.0045003604397246162,0.0045004736998054034,0.00450045998071138,0.0045005254181998281,0.00450045998071138,0.0045004736998054034,0.0045003604397246162]],[[0.0045004316662951051,0.0045005558261900468,0.0045005408703269406,0.0045006128484924293,0.0045005408703269406,0.0045005558261900468,0.0045004316662951051],[0.0045005558261900468,0.0045006949533592825,0.0045006811300034978,0.0045007608182347624,0.0045006811300034978,0.0045006949533592825,0.0045005558261900468],[0.0045005408703269406,0.0045006811300034978,0.0045007216602143667,0.0045007622722367828,0.0045007216602143667,0.0045006811300034978,0.0045005408703269406],[0.0045006128484924293,0.0045007608182347624,0.0045007622722367828,0.0045008387428725691,0.0045007622722367828,0.0045007608182347624,0.0045006128484924293],[0.0045005408703269406,0.0045006811300034978,0.0045007216602143667,0.0045007622722367828,0.0045007216602143667,0.0045006811300034978,0.0045005408703269406],[0.0045005558261900468,0.0045006949533592825,0.0045006811300034978,0.0045007608182347624,0.0045006811300034978,0.0045006949533592825,0.0045005558261900468],[0.0045004316662951051,0.0045005558261900468,0.0045005408703269406,0.0045006128484924293,0.0045005408703269406,0.0045005558261900468,0.0045004316662951051]],[[0.0045005094286951312,0.0045006444744757007,0.0045006282882453577,0.0045007068024921727,0.0045006282882453577,0.0045006444744757007,0.0045005094286951312],[0.0045006444744757007,0.0045007942207615642,0.0045007794185211005,0.0045008653909294465,0.0045007794185211005,0.0045007942207615642,0.0045006444744757007],[0.0045006282882453577,0.0045007794185211005,0.00450082308363138,0.0045008668359676164,0.00450082308363138,0.0045007794185211005,0.0045006282882453577],[0.0045007068024921727,0.0045008653909294465,0.0045008668359676164,0.0045009491056113952,0.0045008668359676164,0.0045008653909294465,0.0045007068024921727],[0.0045006282882453577,0.0045007794185211005,0.00450082308363138,0.0045008668359676164,0.00450082308363138,0.0045007794185211005,0.0045006282882453577],[0.0045006444744757007,0.0045007942207615642,0.0045007794185211005,0.0045008653909294465,0.0045007794185211005,0.0045007942207615642,0.0045006444744757007],[0.0045005094286951312,0.0045006444744757007,0.0045006282882453577,0.0045007068024921727,0.0045006282882453577,0.0045006444744757007,0.0045005094286951312]],[[0.0045005937179652695,0.0045007396338695741,0.0045007222226323956,0.004500807265786457,0.0045007222226323956,0.0045007396338695741,0.0045005937179652695],[0.0045007396338695741,0.0045008999816941704,0.0045008842039277559,0.0045009764504781776,0.0045008842039277559,0.0045008999816941704,0.0045007396338695741],[0.0045007222226323956,0.0045008842039277559,0.0045009309986053367,0.0045009778859137805,0.0045009309986053367,0.0045008842039277559,0.0045007222226323956],[0.004500807265786457,0.0045009764504781776,0.0045009778859137805,0.0045010659440973579,0.0045009778859137805,0.0045009764504781776,0.004500807265786457],[0.0045007222226323956,0.0045008842039277559,0.0045009309986053367,0.0045009778859137805,0.0045009309986053367,0.0045008842039277559,0.0045007222226323956],[0.0045007396338695741,0.0045008999816941704,0.0045008842039277559,0.0045009764504781776,0.0045008842039277559,0.0045008999816941704,0.0045007396338695741],[0.0045005937179652695,0.0045007396338695741,0.0045007222226323956,0.004500807265786457,0.0045007222226323956,0.0045007396338695741,0.0045005937179652695]],[[0.004500684524315496,0.0045008412935793928,0.0045008226618537452,0.0045009142252051045,0.0045008226618537452,0.0045008412935793928,0.004500684524315496],[0.0045008412935793928,0.004501012225429776,0.0045009954749829738,0.0045010939854638818,0.0045009954749829738,0.004501012225429776,0.0045008412935793928],[0.0045008226618537452,0.0045009954749829738,0.00450104539392944,0.0045010954109024962,0.00450104539392944,0.0045009954749829738,0.0045008226618537452],[0.0045009142252051045,0.0045010939854638818,0.0045010954109024962,0.0045011892474466336,0.0045010954109024962,0.0045010939854638818,0.0045009142252051045],[0.0045008226618537452,0.0045009954749829738,0.00450104539392944,0.0045010954109024962,0.00450104539392944,0.0045009954749829738,0.0045008226618537452],[0.0045008412935793928,0.004501012225429776,0.0045009954749829738,0.0045010939854638818,0.0045009954749829738,0.004501012225429776,0.0045008412935793928],[0.004500684524315496,0.0045008412935793928,0.0045008226618537452,0.0045009142252051045,0.0045008226618537452,0.0045008412935793928,0.004500684524315496]],[[0.0045007818375215249,0.0045009494428956921,0.0045009295945344285,0.0045010276684983351,0.0045009295945344285,0.0045009494428956921,0.0045007818375215249],[0.0045009494428956921,0.0045011309414395911,0.0045011132207742714,0.0045012179849579078,0.0045011132207742714,0.0045011309414395911,0.0045009494428956921],[0.0045009295945344285,0.0045011132207742714,0.004501166258763201,0.0045012194001655586,0.004501166258763201,0.0045011132207742714,0.0045009295945344285],[0.0045010276684983351,0.0045012179849579078,0.0045012194001655586,0.0045013190051731355,0.0045012194001655586,0.0045012179849579078,0.0045010276684983351],[0.0045009295945344285,0.0045011132207742714,0.004501166258763201,0.0045012194001655586,0.004501166258763201,0.0045011132207742714,0.0045009295945344285],[0.0045009494428956921,0.0045011309414395911,0.0045011132207742714,0.0045012179849579078,0.0045011132207742714,0.0045011309414395911,0.0045009494428956921],[0.0045007818375215249,0.0045009494428956921,0.0045009295945344285,0.0045010276684983351,0.0045009295945344285,0.0045009494428956921,0.0045007818375215249]],[[0.0045008856471733787,0.004501064071250371,0.0045010430095874113,0.00450114758412421,0.0045010430095874113,0.004501064071250371,0.0045008856471733787],[0.004501064071250371,0.0045012561194179446,0.0045012374307075945,0.004501348438452543,0.0045012374307075945,0.0045012561194179446,0.004501064071250371],[0.0045010430095874113,0.0045012374307075945,0.0045012935826083747,0.0045013498433008068,0.0045012935826083747,0.0045012374307075945,0.0045010430095874113],[0.00450114758412421,0.004501348438452543,0.0045013498433008068,0.0045014552071500642,0.0045013498433008068,0.004501348438452543,0.00450114758412421],[0.0045010430095874113,0.0045012374307075945,0.0045012935826083747,0.0045013498433008068,0.0045012935826083747,0.0045012374307075945,0.0045010430095874113],[0.004501064071250371,0.0045012561194179446,0.0045012374307075945,0.004501348438452543,0.0045012374307075945,0.0045012561194179446,0.004501064071250371],[0.0045008856471733787,0.004501064071250371,0.0045010430095874113,0.00450114758412421,0.0045010430095874113,0.004501064071250371,0.0045008856471733787]],[[0.0045009959428337553,0.0045011851682576279,0.0045011628962251223,0.0045012739611066024,0.0045011628962251223,0.0045011851682576279,0.0045009959428337553],[0.0045011851682576279,0.0045013877492979162,0.0045013680944974,0.0045014853358134989,0.0045013680944974,0.0045013877492979162,0.0045011851682576279],[0.0045011628962251223,0.0045013680944974,0.0045014273552896776,0.0045014867302434871,0.0045014273552896776,0.0045013680944974,0.0045011628962251223],[0.0045012739611066024,0.0045014853358134989,0.0045014867302434871,0.004501597843581384,0.0045014867302434871,0.0045014853358134989,0.0045012739611066024],[0.0045011628962251223,0.0045013680944974,0.0045014273552896776,0.0045014867302434871,0.0045014273552896776,0.0045013680944974,0.0045011628962251223],[0.0045011851682576279,0.0045013877492979162,0.0045013680944974,0.0045014853358134989,0.0045013680944974,0.0045013877492979162,0.0045011851682576279],[0.0045009959428337553,0.0045011851682576279,0.0045011628962251223,0.0045012739611066024,0.0045011628962251223,0.0045011851682576279,0.0045009959428337553]],[[0.004501112714139768,0.0045013127237416963,0.0045012892439608111,0.0045014067889393994,0.0045012892439608111,0.0045013127237416963,0.004501112714139768],[0.0045013127237416963,0.0045015258212603637,0.004501505202156684,0.0045016286672456066,0.004501505202156684,0.0045015258212603637,0.0045013127237416963],[0.0045012892439608111,0.004501505202156684,0.0045015675669387752,0.0045016300512441742,0.0045015675669387752,0.004501505202156684,0.0045012892439608111],[0.0045014067889393994,0.0045016286672456066,0.0045016300512441742,0.0045017469049798923,0.0045016300512441742,0.0045016286672456066,0.0045014067889393994],[0.0045012892439608111,0.004501505202156684,0.0045015675669387752,0.0045016300512441742,0.0045015675669387752,0.004501505202156684,0.0045012892439608111],[0.0045013127237416963,0.0045015258212603637,0.004501505202156684,0.0045016286672456066,0.004501505202156684,0.0045015258212603637,0.0045013127237416963],[0.004501112714139768,0.0045013127237416963,0.0045012892439608111,0.0045014067889393994,0.0045012892439608111,0.0045013127237416963,0.004501112714139768]],[[0.0045012359508691561,0.0045014467277551765,0.0045014220426053513,0.0045015460575208669,0.0045014220426053513,0.0045014467277551765,0.0045012359508691561],[0.0045014467277551765,0.0045016703257387295,0.0045016487439878544,0.0045017784232677808,0.0045016487439878544,0.0045016703257387295,0.0045014467277551765],[0.0045014220426053513,0.0045016487439878544,0.0045017142079812177,0.0045017797968518042,0.0045017142079812177,0.0045016487439878544,0.0045014220426053513],[0.0045015460575208669,0.0045017784232677808,0.0045017797968518042,0.0045019023821504531,0.0045017797968518042,0.0045017784232677808,0.0045015460575208669],[0.0045014220426053513,0.0045016487439878544,0.0045017142079812177,0.0045017797968518042,0.0045017142079812177,0.0045016487439878544,0.0045014220426053513],[0.0045014467277551765,0.0045016703257387295,0.0045016487439878544,0.0045017784232677808,0.0045016487439878544,0.0045016703257387295,0.0045014467277551765],[0.0045012359508691561,0.0045014467277551765,0.0045014220426053513,0.0045015460575208669,0.0045014220426053513,0.0045014467277551765,0.0045012359508691561]],[[0.0045013656429826838,0.00450158717059019,0.0045015612822612806,0.0045016917571077883,0.0045015612822612806,0.00450158717059019,0.0045013656429826838],[0.00450158717059019,0.00450182125342041,0.0045017987105739942,0.0045019345946939017,0.0045017987105739942,0.00450182125342041,0.00450158717059019],[0.0045015612822612806,0.0045017987105739942,0.0045018672691251446,0.0045019359578998067,0.0045018672691251446,0.0045017987105739942,0.0045015612822612806],[0.0045016917571077883,0.0045019345946939017,0.0045019359578998067,0.0045020642661762825,0.0045019359578998067,0.0045019345946939017,0.0045016917571077883],[0.0045015612822612806,0.0045017987105739942,0.0045018672691251446,0.0045019359578998067,0.0045018672691251446,0.0045017987105739942,0.0045015612822612806],[0.00450158717059019,0.00450182125342041,0.0045017987105739942,0.0045019345946939017,0.0045017987105739942,0.00450182125342041,0.00450158717059019],[0.0045013656429826838,0.00450158717059019,0.0045015612822612806,0.0045016917571077883,0.0045015612822612806,0.00450158717059019,0.0045013656429826838]],[[0.0045015017806514478,0.0045017340427847309,0.0045017069533159352,0.0045018438782829422,0.0045017069533159352,0.0045017340427847309,0.0045015017806514478],[0.0045017340427847309,0.004501978595246166,0.0045019550927709205,0.0045020971726181039,0.0045019550927709205,0.004501978595246166,0.0045017340427847309],[0.0045017069533159352,0.0045019550927709205,0.0045020267413517214,0.0045020985254949205,0.0045020267413517214,0.0045019550927709205,0.0045017069533159352],[0.0045018438782829422,0.0045020971726181039,0.0045020985254949205,0.0045022325484079658,0.0045020985254949205,0.0045020971726181039,0.0045018438782829422],[0.0045017069533159352,0.0045019550927709205,0.0045020267413517214,0.0045020985254949205,0.0045020267413517214,0.0045019550927709205,0.0045017069533159352],[0.0045017340427847309,0.004501978595246166,0.0045019550927709205,0.0045020971726181039,0.0045019550927709205,0.004501978595246166,0.0045017340427847309],[0.0045015017806514478,0.0045017340427847309,0.0045017069533159352,0.0045018438782829422,0.0045017069533159352,0.0045017340427847309,0.0045015017806514478]],[[0.0045016443542737856,0.0045018873351254591,0.0045018590464340116,0.0045020024119313256,0.0045018590464340116,0.0045018873351254591,0.0045016443542737856],[0.0045018873351254591,0.0045021423424079247,0.0045021178816996455,0.0045022661484028156,0.0045021178816996455,0.0045021423424079247,0.0045018873351254591],[0.0045018590464340116,0.0045021178816996455,0.0045021926159065275,0.0045022674910075089,0.0045021926159065275,0.0045021178816996455,0.0045018590464340116],[0.0045020024119313256,0.0045022661484028156,0.0045022674910075089,0.00450240722045396,0.0045022674910075089,0.0045022661484028156,0.0045020024119313256],[0.0045018590464340116,0.0045021178816996455,0.0045021926159065275,0.0045022674910075089,0.0045021926159065275,0.0045021178816996455,0.0045018590464340116],[0.0045018873351254591,0.0045021423424079247,0.0045021178816996455,0.0045022661484028156,0.0045021178816996455,0.0045021423424079247,0.0045018873351254591],[0.0045016443542737856,0.0045018873351254591,0.0045018590464340116,0.0045020024119313256,0.0045018590464340116,0.0045018873351254591,0.0045016443542737856]],[[0.00450179335448493,0.0045020470386479159,0.0045020175525504382,0.0045021673492221517,0.0045020175525504382,0.0045020470386479159,0.00450179335448493],[0.0045020470386479159,0.0045023124863455789,0.00450228706873941,0.0045024415136688751,0.00450228706873941,0.0045023124863455789,0.0045020470386479159],[0.0045020175525504382,0.00450228706873941,0.0045023648842919123,0.004502442846063234,0.0045023648842919123,0.00450228706873941,0.0045020175525504382],[0.0045021673492221517,0.0045024415136688751,0.004502442846063234,0.0045025882741724288,0.004502442846063234,0.0045024415136688751,0.0045021673492221517],[0.0045020175525504382,0.00450228706873941,0.0045023648842919123,0.004502442846063234,0.0045023648842919123,0.00450228706873941,0.0045020175525504382],[0.0045020470386479159,0.0045023124863455789,0.00450228706873941,0.0045024415136688751,0.00450228706873941,0.0045023124863455789,0.0045020470386479159],[0.00450179335448493,0.0045020470386479159,0.0045020175525504382,0.0045021673492221517,0.0045020175525504382,0.0045020470386479159,0.00450179335448493]],[[0.0045019487721621506,0.0045022131446351274,0.0045021824628632395,0.0045023386815950563,0.0045021824628632395,0.0045022131446351274,0.0045019487721621506],[0.0045022131446351274,0.0045024890187431547,0.0045024626455210876,0.0045026232602870938,0.0045024626455210876,0.0045024890187431547,0.0045022131446351274],[0.0045021824628632395,0.0045024626455210876,0.0045025435382599838,0.0045026245825356475,0.0045025435382599838,0.0045024626455210876,0.0045021824628632395],[0.0045023386815950563,0.0045026232602870938,0.0045026245825356475,0.0045027757016639991,0.0045026245825356475,0.0045026232602870938,0.0045023386815950563],[0.0045021824628632395,0.0045024626455210876,0.0045025435382599838,0.0045026245825356475,0.0045025435382599838,0.0045024626455210876,0.0045021824628632395],[0.0045022131446351274,0.0045024890187431547,0.0045024626455210876,0.0045026232602870938,0.0045024626455210876,0.0045024890187431547,0.0045022131446351274],[0.0045019487721621506,0.0045022131446351274,0.0045021824628632395,0.0045023386815950563,0.0045021824628632395,0.0045022131446351274,0.0045019487721621506]],[[0.0045021105984267371,0.0045023856446149155,0.0045023537688268084,0.0045025164007487942,0.0045023537688268084,0.0045023856446149155,0.0045021105984267371],[0.0045023856446149155,0.0045026719315244962,0.0045026446039209,0.0045028113803707382,0.0045026446039209,0.0045026719315244962,0.0045023856446149155],[0.0045023537688268084,0.0045026446039209,0.0045027285698060505,0.004502812692539342,0.0045027285698060505,0.0045026446039209,0.0045023537688268084],[0.0045025164007487942,0.0045028113803707382,0.004502812692539342,0.0045029694952650858,0.004502812692539342,0.0045028113803707382,0.0045025164007487942],[0.0045023537688268084,0.0045026446039209,0.0045027285698060505,0.004502812692539342,0.0045027285698060505,0.0045026446039209,0.0045023537688268084],[0.0045023856446149155,0.0045026719315244962,0.0045026446039209,0.0045028113803707382,0.0045026446039209,0.0045026719315244962,0.0045023856446149155],[0.0045021105984267371,0.0045023856446149155,0.0045023537688268084,0.0045025164007487942,0.0045023537688268084,0.0045023856446149155,0.0045021105984267371]],[[0.0045022788246432922,0.0045025645303563514,0.0045025314621454813,0.0045027004986320143,0.0045025314621454813,0.0045025645303563514,0.0045022788246432922],[0.0045025645303563514,0.0045028612168486462,0.0045028329360544831,0.0045030058662688371,0.0045028329360544831,0.0045028612168486462,0.0045025645303563514],[0.0045025314621454813,0.0045028329360544831,0.0045029199711625412,0.0045030071684237479,0.0045029199711625412,0.0045028329360544831,0.0045025314621454813],[0.0045027004986320143,0.0045030058662688371,0.0045030071684237479,0.0045031696475418244,0.0045030071684237479,0.0045030058662688371,0.0045027004986320143],[0.0045025314621454813,0.0045028329360544831,0.0045029199711625412,0.0045030071684237479,0.0045029199711625412,0.0045028329360544831,0.0045025314621454813],[0.0045025645303563514,0.0045028612168486462,0.0045028329360544831,0.0045030058662688371,0.0045028329360544831,0.0045028612168486462,0.0045025645303563514],[0.0045022788246432922,0.0045025645303563514,0.0045025314621454813,0.0045027004986320143,0.0045025314621454813,0.0045025645303563514,0.0045022788246432922]],[[0.0045024534424179538,0.004502749793865923,0.0045027155347673216,0.0045028909674351388,0.0045027155347673216,0.004502749793865923,0.0045024534424179538],[0.004502749793865923,0.0045030568671052566,0.0045030276342711622,0.0045032067105599937,0.0045030276342711622,0.0045030568671052566,0.004502749793865923],[0.0045027155347673216,0.0045030276342711622,0.0045031177347932124,0.0045032080027672316,0.0045031177347932124,0.0045030276342711622,0.0045027155347673216],[0.0045028909674351388,0.0045032067105599937,0.0045032080027672316,0.0045033761512843062,0.0045032080027672316,0.0045032067105599937,0.0045028909674351388],[0.0045027155347673216,0.0045030276342711622,0.0045031177347932124,0.0045032080027672316,0.0045031177347932124,0.0045030276342711622,0.0045027155347673216],[0.004502749793865923,0.0045030568671052566,0.0045030276342711622,0.0045032067105599937,0.0045030276342711622,0.0045030568671052566,0.004502749793865923],[0.0045024534424179538,0.004502749793865923,0.0045027155347673216,0.0045028909674351388,0.0045027155347673216,0.004502749793865923,0.0045024534424179538]],[[0.0045026344435954695,0.0045029414273830455,0.0045029059788782655,0.0045030877995834336,0.0045029059788782655,0.0045029414273830455,0.0045026344435954695],[0.0045029414273830455,0.0045032588749096582,0.0045032286911484559,0.0045034139060465888,0.0045032286911484559,0.0045032588749096582,0.0045029414273830455],[0.0045029059788782655,0.0045032286911484559,0.0045033218533876065,0.0045034151883715417,0.0045033218533876065,0.0045032286911484559,0.0045029059788782655],[0.0045030877995834336,0.0045034139060465888,0.0045034151883715417,0.0045035889995011643,0.0045034151883715417,0.0045034139060465888,0.0045030877995834336],[0.0045029059788782655,0.0045032286911484559,0.0045033218533876065,0.0045034151883715417,0.0045033218533876065,0.0045032286911484559,0.0045029059788782655],[0.0045029414273830455,0.0045032588749096582,0.0045032286911484559,0.0045034139060465888,0.0045032286911484559,0.0045032588749096582,0.0045029414273830455],[0.0045026344435954695,0.0045029414273830455,0.0045029059788782655,0.0045030877995834336,0.0045029059788782655,0.0045029414273830455,0.0045026344435954695]],[[0.0045028218202554371,0.004503139423375567,0.0045031027868963226,0.004503290987730493,0.0045031027868963226,0.004503139423375567,0.0045028218202554371],[0.004503139423375567,0.0045034672330981256,0.0045034360994867257,0.0045036274457493078,0.0045034360994867257,0.0045034672330981256,0.004503139423375567],[0.0045031027868963226,0.0045034360994867257,0.0045035323198556864,0.0045036287182564352,0.0045035323198556864,0.0045034360994867257,0.0045031027868963226],[0.004503290987730493,0.0045036274457493078,0.0045036287182564352,0.0045038081854143252,0.0045036287182564352,0.0045036274457493078,0.004503290987730493],[0.0045031027868963226,0.0045034360994867257,0.0045035323198556864,0.0045036287182564352,0.0045035323198556864,0.0045034360994867257,0.0045031027868963226],[0.004503139423375567,0.0045034672330981256,0.0045034360994867257,0.0045036274457493078,0.0045034360994867257,0.0045034672330981256,0.004503139423375567],[0.0045028218202554371,0.004503139423375567,0.0045031027868963226,0.004503290987730493,0.0045031027868963226,0.004503139423375567,0.0045028218202554371]],[[0.0045030155647083382,0.0045033437745351269,0.0045033059514662842,0.0045035005247522925,0.0045033059514662842,0.0045033437745351269,0.0045030155647083382],[0.0045033437745351269,0.0045036819347230731,0.0045036498523040574,0.0045038473229019145,0.0045036498523040574,0.0045036819347230731,0.0045033437745351269],[0.0045033059514662842,0.0045036498523040574,0.0045037491273227448,0.0045038485856545843,0.0045037491273227448,0.0045036498523040574,0.0045033059514662842],[0.0045035005247522925,0.0045038473229019145,0.0045038485856545843,0.0045040337024540127,0.0045038485856545843,0.0045038473229019145,0.0045035005247522925],[0.0045033059514662842,0.0045036498523040574,0.0045037491273227448,0.0045038485856545843,0.0045037491273227448,0.0045036498523040574,0.0045033059514662842],[0.0045033437745351269,0.0045036819347230731,0.0045036498523040574,0.0045038473229019145,0.0045036498523040574,0.0045036819347230731,0.0045033437745351269],[0.0045030155647083382,0.0045033437745351269,0.0045033059514662842,0.0045035005247522925,0.0045033059514662842,0.0045033437745351269,0.0045030155647083382]],[[0.004503215669491154,0.00450355447377238,0.0045035154654542607,0.0045037164037417367,0.0045035154654542607,0.00450355447377238,0.004503215669491154],[0.00450355447377238,0.004503902973048271,0.0045038699428312182,0.0045040735309462357,0.0045038699428312182,0.004503902973048271,0.00450355447377238],[0.0045035154654542607,0.0045038699428312182,0.0045039722691243983,0.0045040747840066168,0.0045039722691243983,0.0045038699428312182,0.0045035154654542607],[0.0045037164037417367,0.0045040735309462357,0.0045040747840066168,0.0045042655442539235,0.0045040747840066168,0.0045040735309462357,0.0045037164037417367],[0.0045035154654542607,0.0045038699428312182,0.0045039722691243983,0.0045040747840066168,0.0045039722691243983,0.0045038699428312182,0.0045035154654542607],[0.00450355447377238,0.004503902973048271,0.0045038699428312182,0.0045040735309462357,0.0045038699428312182,0.004503902973048271,0.00450355447377238],[0.004503215669491154,0.00450355447377238,0.0045035154654542607,0.0045037164037417367,0.0045035154654542607,0.00450355447377238,0.004503215669491154]],[[0.0045034221273627687,0.0045037715142123586,0.0045037313219426058,0.0045039386180032951,0.0045037313219426058,0.0045037715142123586,0.0045034221273627687],[0.0045037715142123586,0.0045041303415442194,0.0045040963645068014,0.0045043060635273028,0.0045040963645068014,0.0045041303415442194,0.0045037715142123586],[0.0045037313219426058,0.0045040963645068014,0.0045042017388017283,0.0045043073069562867,0.0045042017388017283,0.0045040963645068014,0.0045037313219426058],[0.0045039386180032951,0.0045043060635273028,0.0045043073069562867,0.0045045037046464922,0.0045043073069562867,0.0045043060635273028,0.0045039386180032951],[0.0045037313219426058,0.0045040963645068014,0.0045042017388017283,0.0045043073069562867,0.0045042017388017283,0.0045040963645068014,0.0045037313219426058],[0.0045037715142123586,0.0045041303415442194,0.0045040963645068014,0.0045043060635273028,0.0045040963645068014,0.0045041303415442194,0.0045037715142123586],[0.0045034221273627687,0.0045037715142123586,0.0045037313219426058,0.0045039386180032951,0.0045037313219426058,0.0045037715142123586,0.0045034221273627687]],[[0.0045036349312994285,0.0045039948891897105,0.00450395351422496,0.0045041671610479925,0.00450395351422496,0.0045039948891897105,0.0045036349312994285],[0.0045039948891897105,0.0045043640338834085,0.0045043291109724175,0.0045045449144885943,0.0045043291109724175,0.0045043640338834085,0.0045039948891897105],[0.00450395351422496,0.0045043291109724175,0.0045044375300965517,0.0045045461483457774,0.0045044375300965517,0.0045043291109724175,0.00450395351422496],[0.0045041671610479925,0.0045045449144885943,0.0045045461483457774,0.0045047481776582738,0.0045045461483457774,0.0045045449144885943,0.0045041671610479925],[0.00450395351422496,0.0045043291109724175,0.0045044375300965517,0.0045045461483457774,0.0045044375300965517,0.0045043291109724175,0.00450395351422496],[0.0045039948891897105,0.0045043640338834085,0.0045043291109724175,0.0045045449144885943,0.0045043291109724175,0.0045043640338834085,0.0045039948891897105],[0.0045036349312994285,0.0045039948891897105,0.00450395351422496,0.0045041671610479925,0.00450395351422496,0.0045039948891897105,0.0045036349312994285]],[[0.0045038540744901205,0.0045042245922441212,0.0045041820358013478,0.0045044020265885623,0.0045041820358013478,0.0045042245922441212,0.0045038540744901205],[0.0045042245922441212,0.004504604043935872,0.0045045681760681033,0.0045047900778675039,0.0045045681760681033,0.004504604043935872,0.0045042245922441212],[0.0045041820358013478,0.0045045681760681033,0.0045046796369468392,0.0045047913022111512,0.0045046796369468392,0.0045045681760681033,0.0045041820358013478],[0.0045044020265885623,0.0045047900778675039,0.0045047913022111512,0.00450499895750551,0.0045047913022111512,0.0045047900778675039,0.0045044020265885623],[0.0045041820358013478,0.0045045681760681033,0.0045046796369468392,0.0045047913022111512,0.0045046796369468392,0.0045045681760681033,0.0045041820358013478],[0.0045042245922441212,0.004504604043935872,0.0045045681760681033,0.0045047900778675039,0.0045045681760681033,0.004504604043935872,0.0045042245922441212],[0.0045038540744901205,0.0045042245922441212,0.0045041820358013478,0.0045044020265885623,0.0045041820358013478,0.0045042245922441212,0.0045038540744901205]],[[0.0045040795503319461,0.0045044606171157154,0.0045044168803733912,0.0045046432085346861,0.0045044168803733912,0.0045044606171157154,0.0045040795503319461],[0.0045044606171157154,0.0045048503657646472,0.0045048135538276789,0.00450504154789078,0.0045048135538276789,0.0045048503657646472,0.0045044606171157154],[0.0045044168803733912,0.0045048135538276789,0.0045049280534821233,0.0045050427627778295,0.0045049280534821233,0.0045048135538276789,0.0045044168803733912],[0.0045046432085346861,0.00450504154789078,0.0045050427627778295,0.0045052560385896835,0.0045050427627778295,0.00450504154789078,0.0045046432085346861],[0.0045044168803733912,0.0045048135538276789,0