{"M_cells":[[[0,0,0,0,0],[0,0,0,0,0],[0,0,0,0,0],[0,0,0,0,0],[0,0,0,0,0]],[[0.00040336625366966042,0.00096539889049272742,0.001132461199383674,0.00096539889049272732,0.00040336625366966036],[0.00096539889049272742,0.0019394560473144037,0.002237276754606248,0.0019394560473144037,0.00096539889049272732],[0.001132461199383674,0.002237276754606248,0.0025786832849915291,0.002237276754606248,0.001132461199383674],[0.00096539889049272732,0.0019394560473144037,0.002237276754606248,0.0019394560473144037,0.00096539889049272732],[0.00040336625366966036,0.00096539889049272732,0.001132461199383674,0.00096539889049272732,0.00040336625366966036]],[[0.0020447018359432603,0.0032685908918411942,0.0036517301441754239,0.0032685908918411942,0.0020447018359432603],[0.0032685908918411942,0.0047811172217407669,0.0052660798965318946,0.0047811172217407669,0.0032685908918411942],[0.0036517301441754239,0.0052660798965318946,0.0057849863809345745,0.0052660798965318946,0.0036517301441754239],[0.0032685908918411942,0.0047811172217407669,0.0052660798965318946,0.0047811172217407669,0.0032685908918411942],[0.0020447018359432603,0.0032685908918411942,0.0036517301441754239,0.0032685908918411942,0.0020447018359432603]],[[0.0046573092091024794,0.006298037171043303,0.0068268620494125248,0.006298037171043303,0.0046573092091024794],[0.006298037171043303,0.0080984023254364,0.00868887661561924,0.0080984023254364,0.006298037171043303],[0.0068268620494125248,0.00868887661561924,0.0092999028281400137,0.00868887661561924,0.0068268620494125257],[0.006298037171043303,0.0080984023254364,0.00868887661561924,0.0080984023254364,0.006298037171043303],[0.0046573092091024794,0.006298037171043303,0.0068268620494125257,0.006298037171043303,0.0046573092091024794]],[[0.0078403361623820191,0.0097126622082963458,0.010325790077098782,0.0097126622082963458,0.0078403361623820191],[0.0097126622082963458,0.011664570342572811,0.012311973861268321,0.011664570342572811,0.0097126622082963458],[0.010325790077098782,0.012311973861268321,0.012970803885996016,0.012311973861268321,0.010325790077098782],[0.0097126622082963458,0.011664570342572811,0.012311973861268321,0.011664570342572811,0.0097126622082963458],[0.0078403361623820191,0.0097126622082963458,0.010325790077098782,0.0097126622082963458,0.0078403361623820191]],[[0.011333457622901834,0.013329304304897734,0.013988433695671031,0.013329304304897734,0.011333457622901834],[0.013329304304897734,0.015360404713620233,0.016037911082535779,0.015360404713620233,0.013329304304897734],[0.013988433695671031,0.016037911082535779,0.016721543829099034,0.016037911082535779,0.013988433695671031],[0.013329304304897734,0.015360404713620233,0.016037911082535779,0.015360404713620233,0.013329304304897734],[0.011333457622901834,0.013329304304897734,0.013988433695671031,0.013329304304897734,0.011333457622901834]],[[0.014990613155777552,0.017051308394608274,0.01773488969414207,0.017051308394608274,0.014990613155777552],[0.017051308394608274,0.019123632091110065,0.019816900165802651,0.019123632091110065,0.017051308394608274],[0.01773488969414207,0.019816900165802651,0.020513397550770356,0.019816900165802651,0.01773488969414207],[0.017051308394608274,0.019123632091110065,0.019816900165802651,0.019123632091110065,0.017051308394608274],[0.014990613155777552,0.017051308394608274,0.01773488969414207,0.017051308394608274,0.014990613155777552]],[[0.018733587143670453,0.020828095650768919,0.021524511000854358,0.020828095650768919,0.018733587143670453],[0.020828095650768919,0.022921827108553762,0.023623305060845933,0.022921827108553762,0.020828095650768919],[0.021524511000854358,0.023623305060845933,0.024326470749950688,0.023623305060845933,0.021524511000854358],[0.020828095650768919,0.022921827108553762,0.023623305060845933,0.022921827108553762,0.020828095650768919],[0.018733587143670453,0.020828095650768919,0.021524511000854358,0.020828095650768919,0.018733587143670453]],[[0.022521230134289666,0.024633305982432296,0.02533641290319363,0.024633305982432296,0.022521230134289666],[0.024633305982432296,0.02673813117237285,0.02744387095985661,0.02673813117237285,0.024633305982432296],[0.02533641290319363,0.02744387095985661,0.028150488474984369,0.02744387095985661,0.02533641290319363],[0.024633305982432296,0.02673813117237285,0.02744387095985661,0.02673813117237285,0.024633305982432296],[0.022521230134289666,0.024633305982432296,0.02533641290319363,0.024633305982432296,0.022521230134289666]],[[0.026332050875251384,0.028453227305994488,0.029159808107521716,0.028453227305994488,0.026332050875251384],[0.028453227305994488,0.030563783836350361,0.031271728443576154,0.030563783836350361,0.028453227305994488],[0.029159808107521716,0.031271728443576154,0.031980127706768641,0.031271728443576154,0.029159808107521716],[0.028453227305994488,0.030563783836350361,0.031271728443576154,0.030563783836350361,0.028453227305994488],[0.026332050875251384,0.028453227305994488,0.029159808107521716,0.028453227305994488,0.026332050875251384]],[[0.030154859406114187,0.032280731608148414,0.032989107995816253,0.032280731608148414,0.030154859406114187],[0.032280731608148414,0.034394231953725908,0.035103311059907216,0.034394231953725908,0.032280731608148414],[0.032989107995816253,0.035103311059907216,0.035812624432677846,0.035103311059907216,0.032989107995816253],[0.032280731608148414,0.034394231953725908,0.035103311059907216,0.034394231953725908,0.032280731608148414],[0.030154859406114187,0.032280731608148414,0.032989107995816253,0.032280731608148414,0.030154859406114187]],[[0.0339838355332231,0.036112112590475642,0.03682141067082377,0.036112112590475642,0.0339838355332231],[0.036112112590475642,0.038227106584962048,0.038936763228874981,0.038227106584962048,0.036112112590475642],[0.03682141067082377,0.038936763228874981,0.03964653940684669,0.038936763228874981,0.03682141067082377],[0.036112112590475642,0.038227106584962048,0.038936763228874981,0.038227106584962048,0.036112112590475642],[0.0339838355332231,0.036112112590475642,0.03682141067082377,0.036112112590475642,0.0339838355332231]],[[0.037815951249027681,0.039945440514792888,0.0406552051991463,0.039945440514792888,0.037815951249027681],[0.039945440514792888,0.042061172074584548,0.042771115966281262,0.042061172074584548,0.039945440514792888],[0.0406552051991463,0.042771115966281262,0.043481119599077,0.042771115966281262,0.0406552051991463],[0.039945440514792888,0.042061172074584548,0.042771115966281262,0.042061172074584548,0.039945440514792888],[0.037815951249027681,0.039945440514792888,0.0406552051991463,0.039945440514792888,0.037815951249027681]],[[0.041649628526573869,0.0437797073822638,0.044489701194993937,0.0437797073822638,0.041649628526573869],[0.0437797073822638,0.045895780392524572,0.046605859618843025,0.045895780392524572,0.0437797073822638],[0.044489701194993937,0.046605859618843025,0.047315967317589115,0.046605859618843025,0.044489701194993937],[0.0437797073822638,0.045895780392524572,0.046605859618843025,0.045895780392524572,0.0437797073822638],[0.041649628526573869,0.0437797073822638,0.044489701194993937,0.0437797073822638,0.041649628526573869]],[[0.0454840416164218,0.047614383032806205,0.04832448141793376,0.047614383032806205,0.0454840416164218],[0.047614383032806205,0.049730587876401819,0.050440722248140314,0.049730587876401819,0.047614383032806205],[0.04832448141793376,0.050440722248140314,0.051150868614359572,0.050440722248140314,0.04832448141793376],[0.047614383032806205,0.049730587876401819,0.050440722248140314,0.049730587876401819,0.047614383032806205],[0.0454840416164218,0.047614383032806205,0.04832448141793376,0.047614383032806205,0.0454840416164218]],[[0.049318754661017247,0.051449184689586196,0.052159321602896491,0.051449184689586196,0.049318754661017247],[0.051449184689586196,0.053565408191601355,0.054275554631034978,0.053565408191601355,0.051449184689586196],[0.052159321602896491,0.054275554631034978,0.054985704243427955,0.054275554631034978,0.052159321602896491],[0.051449184689586196,0.053565408191601355,0.054275554631034978,0.053565408191601355,0.051449184689586196],[0.049318754661017247,0.051449184689586196,0.052159321602896491,0.051449184689586196,0.049318754661017247]],[[0.053153533534166089,0.055283957316604411,0.05599409696643351,0.055283957316604411,0.053153533534166089],[0.055283957316604411,0.057400135987031226,0.058110270555030263,0.057400135987031226,0.055283957316604411],[0.05599409696643351,0.058110270555030263,0.058820403425786968,0.058110270555030263,0.05599409696643351],[0.055283957316604411,0.057400135987031226,0.058110270555030263,0.057400135987031226,0.055283957316604411],[0.053153533534166089,0.055283957316604411,0.05599409696643351,0.055283957316604411,0.053153533534166089]],[[0.056988248143114782,0.059118611488560749,0.059828733659114383,0.059118611488560749,0.056988248143114782],[0.059118611488560749,0.061234707233764028,0.06194481579411186,0.061234707233764028,0.059118611488560749],[0.059828733659114383,0.06194481579411186,0.0626549198137792,0.06194481579411186,0.059828733659114383],[0.059118611488560749,0.061234707233764028,0.06194481579411186,0.061234707233764028,0.059118611488560749],[0.056988248143114782,0.059118611488560749,0.059828733659114383,0.059118611488560749,0.056988248143114782]],[[0.060822821682757391,0.062953091102354641,0.063663183527906883,0.062953091102354641,0.060822821682757391],[0.062953091102354641,0.06506907859334371,0.065779151958808582,0.06506907859334371,0.062953091102354641],[0.063663183527906883,0.065779151958808582,0.066489218966432354,0.065779151958808582,0.063663183527906883],[0.062953091102354641,0.06506907859334371,0.065779151958808582,0.06506907859334371,0.062953091102354641],[0.060822821682757391,0.062953091102354641,0.063663183527906883,0.062953091102354641,0.060822821682757391]],[[0.064657204251599446,0.066787356568196551,0.067497410965877122,0.066787356568196551,0.064657204251599446],[0.066787356568196551,0.068903216654316785,0.069613248057379187,0.068903216654316785,0.066787356568196551],[0.067497410965877122,0.069613248057379187,0.070323271790603437,0.069613248057379187,0.067497410965877122],[0.066787356568196551,0.068903216654316785,0.069613248057379187,0.068903216654316785,0.066787356568196551],[0.064657204251599446,0.066787356568196551,0.067497410965877122,0.066787356568196551,0.064657204251599446]],[[0.068491359103721935,0.070621376026770585,0.0713313860268507,0.070621376026770585,0.068491359103721935],[0.070621376026770585,0.072737092282742138,0.073447076051419771,0.072737092282742138,0.070621376026770585],[0.0713313860268507,0.073447076051419771,0.07415705107085506,0.073447076051419771,0.0713313860268507],[0.070621376026770585,0.072737092282742138,0.073447076051419771,0.072737092282742138,0.070621376026770585],[0.068491359103721935,0.070621376026770585,0.0713313860268507,0.070621376026770585,0.068491359103721935]],[[0.072325255451215792,0.074455120724417345,0.075165080784041161,0.074455120724417345,0.072325255451215792],[0.074455120724417345,0.076570677619509309,0.077280608477262036,0.076570677619509309,0.074455120724417345],[0.075165080784041161,0.077280608477262036,0.077990529595131391,0.077280608477262036,0.075165080784041161],[0.074455120724417345,0.076570677619509309,0.077280608477262036,0.076570677619509309,0.074455120724417345],[0.072325255451215792,0.074455120724417345,0.075165080784041161,0.074455120724417345,0.072325255451215792]],[[0.076158864658849662,0.078288562538979339,0.078998467364937763,0.078288562538979339,0.076158864658849662],[0.078288562538979339,0.080403944444019812,0.081113817132191207,0.080403944444019812,0.078288562538979339],[0.078998467364937763,0.081113817132191207,0.081823679101334951,0.081113817132191207,0.078998467364937763],[0.078288562538979339,0.080403944444019812,0.081113817132191207,0.080403944444019812,0.078288562538979339],[0.076158864658849662,0.078288562538979339,0.078998467364937763,0.078288562538979339,0.076158864658849662]],[[0.079992158191957125,0.082121672614448471,0.08283151684876526,0.082121672614448471,0.079992158191957125],[0.082121672614448471,0.084236863239526574,0.084946672305790435,0.084236863239526574,0.082121672614448471],[0.08283151684876526,0.084946672305790435,0.085656469642404393,0.084946672305790435,0.08283151684876526],[0.082121672614448471,0.084236863239526574,0.084946672305790435,0.084236863239526574,0.082121672614448471],[0.079992158191957125,0.082121672614448471,0.08283151684876526,0.082121672614448471,0.079992158191957125]],[[0.083825106466712943,0.085954420563394876,0.086664198603908518,0.085954420563394876,0.083825106466712943],[0.085954420563394876,0.088069402614766631,0.088779142286287249,0.088069402614766631,0.085954420563394876],[0.086664198603908518,0.088779142286287249,0.089488869160610759,0.088779142286287249,0.086664198603908518],[0.085954420563394876,0.088069402614766631,0.088779142286287249,0.088069402614766631,0.085954420563394876],[0.083825106466712943,0.085954420563394876,0.086664198603908518,0.085954420563394876,0.083825106466712943]],[[0.087657678160885322,0.089786773956028076,0.0904964798455477,0.089786773956028076,0.087657678160885322],[0.089786773956028076,0.091901528902199367,0.092611193001225015,0.091901528902199367,0.089786773956028076],[0.0904964798455477,0.092611193001225015,0.093320843161948108,0.092611193001225015,0.0904964798455477],[0.089786773956028076,0.091901528902199367,0.092611193001225015,0.091901528902199367,0.089786773956028076],[0.087657678160885322,0.089786773956028076,0.0904964798455477,0.089786773956028076,0.087657678160885322]],[[0.091489839755279259,0.093618697949405416,0.094328325298874166,0.093618697949405416,0.091489839755279259],[0.093618697949405416,0.095733205838962,0.096442787718802533,0.095733205838962,0.093618697949405416],[0.094328325298874166,0.096442787718802533,0.097152354433315533,0.096442787718802533,0.094328325298874166],[0.093618697949405416,0.095733205838962,0.096442787718802533,0.095733205838962,0.093618697949405416],[0.091489839755279259,0.093618697949405416,0.094328325298874166,0.093618697949405416,0.091489839755279259]],[[0.0953215551860046,0.097450154980126949,0.098159696907733227,0.097450154980126949,0.0953215551860046],[0.097450154980126949,0.099564394281118657,0.10027388677093543,0.099564394281118657,0.097450154980126949],[0.098159696907733227,0.10027388677093543,0.10098336277201146,0.10027388677093543,0.098159696907733227],[0.097450154980126949,0.099564394281118657,0.10027388677093543,0.099564394281118657,0.097450154980126949],[0.0953215551860046,0.097450154980126949,0.098159696907733227,0.097450154980126949,0.0953215551860046]],[[0.099152785544686,0.10128110447999976,0.10199055355675408,0.10128110447999976,0.099152785544686],[0.10128110447999976,0.10339505192477554,0.10410444727703839,0.10339505192477554,0.10128110447999976],[0.10199055355675408,0.10410444727703839,0.10481382471091748,0.10410444727703839,0.10199055355675408],[0.10128110447999976,0.10339505192477554,0.10410444727703839,0.10339505192477554,0.10128110447999976],[0.099152785544686,0.10128110447999976,0.10199055355675408,0.10128110447999976,0.099152785544686]],[[0.10298348879317527,0.10511150259275537,0.10582085078941794,0.10511150259275537,0.10298348879317527],[0.10511150259275537,0.10722513301938504,0.10793442285663336,0.10722513301938504,0.10511150259275537],[0.10582085078941794,0.10793442285663336,0.10864369322972746,0.10793442285663336,0.10582085078941794],[0.10511150259275537,0.10722513301938504,0.10793442285663336,0.10722513301938504,0.10511150259275537],[0.10298348879317527,0.10511150259275537,0.10582085078941794,0.10511150259275537,0.10298348879317527]],[[0.10681361947452477,0.10894130187954185,0.10965054051210227,0.10894130187954185,0.10681361947452477],[0.10894130187954185,0.11105458806468146,0.11176376332366805,0.11105458806468146,0.10894130187954185],[0.10965054051210227,0.11176376332366805,0.11247291744625909,0.11176376332366805,0.10965054051210227],[0.10894130187954185,0.11105458806468146,0.11176376332366805,0.11105458806468146,0.10894130187954185],[0.10681361947452477,0.10894130187954185,0.10965054051210227,0.10894130187954185,0.10681361947452477]],[[0.11064312840974361,0.11277045100573249,0.11347957067779259,0.11277045100573249,0.11064312840974361],[0.11277045100573249,0.11488336348564941,0.11559241435766457,0.11488336348564941,0.11277045100573249],[0.11347957067779259,0.11559241435766457,0.11630144228354281,0.11559241435766457,0.11347957067779259],[0.11277045100573249,0.11488336348564941,0.11559241435766457,0.11488336348564941,0.11277045100573249],[0.11064312840974361,0.11277045100573249,0.11347957067779259,0.11277045100573249,0.11064312840974361]],[[0.11447196237382183,0.11659889440403284,0.11730788494501167,0.11659889440403284,0.11447196237382183],[0.11659889440403284,0.11871140128141451,0.11942031714794279,0.11871140128141451,0.11659889440403284],[0.11730788494501167,0.11942031714794279,0.12012920810921324,0.11942031714794279,0.11730788494501167],[0.11659889440403284,0.11871140128141451,0.11942031714794279,0.11871140128141451,0.11659889440403284],[0.11447196237382183,0.11659889440403284,0.11730788494501167,0.11659889440403284,0.11447196237382183]],[[0.11830006374643454,0.12042657191001178,0.12113542230839608,0.12042657191001178,0.11830006374643454],[0.12042657191001178,0.12253863864458549,0.12324740800761015,0.12253863864458549,0.12042657191001178],[0.12113542230839608,0.12324740800761015,0.12395615034401473,0.12324740800761015,0.12113542230839608],[0.12042657191001178,0.12253863864458549,0.12324740800761015,0.12253863864458549,0.12042657191001178],[0.11830006374643454,0.12042657191001178,0.12113542230839608,0.12042657191001178,0.11830006374643454]],[[0.12212737013354387,0.1242534183666085,0.1249621166975806,0.1242534183666085,0.12212737013354387],[0.1242534183666085,0.12636500754773566,0.12707361795406577,0.12636500754773566,0.1242534183666085],[0.1249621166975806,0.12707361795406577,0.1277821990362096,0.12707361795406577,0.1249621166975806],[0.1242534183666085,0.12636500754773566,0.12707361795406577,0.12636500754773566,0.1242534183666085],[0.12212737013354387,0.1242534183666085,0.1249621166975806,0.1242534183666085,0.12212737013354387]],[[0.12595381395655875,0.12807936319432067,0.12878789654112616,0.12807936319432067,0.12595381395655875],[0.12807936319432067,0.1301904342937166,0.13089887225271143,0.1301904342937166,0.12807936319432067],[0.12878789654112616,0.13089887225271143,0.13160727839857295,0.13089887225271143,0.12878789654112616],[0.12807936319432067,0.1301904342937166,0.13089887225271143,0.1301904342937166,0.12807936319432067],[0.12595381395655875,0.12807936319432067,0.12878789654112616,0.12807936319432067,0.12595381395655875]],[[0.1297793220056393,0.1319043299236351,0.13261268429206835,0.1319043299236351,0.1297793220056393],[0.1319043299236351,0.13401483902628161,0.13472308992032944,0.13401483902628161,0.1319043299236351],[0.13261268429206835,0.13472308992032944,0.13543130630440239,0.13472308992032944,0.13261268429206835],[0.1319043299236351,0.13401483902628161,0.13472308992032944,0.13401483902628161,0.1319043299236351],[0.1297793220056393,0.1319043299236351,0.13261268429206835,0.1319043299236351,0.1297793220056393]],[[0.13360381495363843,0.13572823568607834,0.13643639591141846,0.13572823568607834,0.13360381495363843],[0.13572823568607834,0.13783813519725013,0.13854618318430764,0.13783813519725013,0.13572823568607834],[0.13643639591141846,0.13854618318430764,0.13925419373867406,0.13854618318430764,0.13643639591141846],[0.13572823568607834,0.13783813519725013,0.13854618318430764,0.13783813519725013,0.13572823568607834],[0.13360381495363843,0.13572823568607834,0.13643639591141846,0.13572823568607834,0.13360381495363843]],[[0.13742720682692278,0.13955099065998328,0.14025894030563182,0.13955099065998328,0.13742720682692278],[0.13955099065998328,0.14166022898612762,0.14236805689356113,0.14166022898612762,0.13955099065998328],[0.14025894030563182,0.14236805689356113,0.14307584420013572,0.14236805689356113,0.14025894030563182],[0.13955099065998328,0.14166022898612762,0.14236805689356113,0.14166022898612762,0.13955099065998328],[0.13742720682692278,0.13955099065998328,0.14025894030563182,0.13955099065998328,0.13742720682692278]],[[0.14124940442897255,0.14337249746665576,0.14408021871375018,0.14337249746665576,0.14124940442897255],[0.14337249746665576,0.14548101866768257,0.14618860787661048,0.14548101866768257,0.14337249746665576],[0.14408021871375018,0.14618860787661048,0.14689615304972295,0.14618860787661048,0.14408021871375018],[0.14337249746665576,0.14548101866768257,0.14618860787661048,0.14548101866768257,0.14337249746665576],[0.14124940442897255,0.14337249746665576,0.14408021871375018,0.14337249746665576,0.14124940442897255]],[[0.14507030671235108,0.14719265051237007,0.14790012403944866,0.14719265051237007,0.14507030671235108],[0.14719265051237007,0.14930039392264685,0.1500077242418702,0.14930039392264685,0.14719265051237007],[0.14790012403944866,0.1500077242418702,0.15071500680028341,0.1500077242418702,0.14790012403944866],[0.14719265051237007,0.14930039392264685,0.1500077242418702,0.14930039392264685,0.14719265051237007],[0.14507030671235108,0.14719265051237007,0.14790012403944866,0.14719265051237007,0.14507030671235108]],[[0.14888980409418068,0.15101133527099875,0.15171854012287203,0.15101133527099875,0.14888980409418068],[0.15101133527099875,0.15311823508614367,0.15382528461470985,0.15311823508614367,0.15101133527099875],[0.15171854012287203,0.15382528461470985,0.15453228234208188,0.15382528461470985,0.15171854012287203],[0.15101133527099875,0.15311823508614367,0.15382528461470985,0.15311823508614367,0.15101133527099875],[0.14888980409418068,0.15101133527099875,0.15171854012287203,0.15101133527099875,0.14888980409418068]],[[0.15270777770982322,0.15482842750181977,0.155535340946569,0.15482842750181977,0.15270777770982322],[0.15482842750181977,0.15693441232807312,0.15764115730539383,0.15693441232807312,0.15482842750181977],[0.155535340946569,0.15764115730539383,0.15834784609810118,0.15764115730539383,0.155535340946569],[0.15482842750181977,0.15693441232807312,0.15764115730539383,0.15693441232807312,0.15482842750181977],[0.15270777770982322,0.15482842750181977,0.155535340946569,0.15482842750181977,0.15270777770982322]],[[0.15652409859898922,0.15864379239640394,0.15935038976939989,0.15864379239640394,0.15652409859898922],[0.15864379239640394,0.16074878475908247,0.16145519940144457,0.16074878475908247,0.15864379239640394],[0.15935038976939989,0.16145519940144457,0.16216155310258912,0.16145519940144457,0.15935038976939989],[0.15864379239640394,0.16074878475908247,0.16145519940144457,0.16074878475908247,0.15864379239640394],[0.15652409859898922,0.15864379239640394,0.15935038976939989,0.15864379239640394,0.15652409859898922]],[[0.16033862681798172,0.1624572836479371,0.16316353818173823,0.1624572836479371,0.16033862681798172],[0.1624572836479371,0.16456119945518635,0.16526725577740381,0.16456119945518635,0.1624572836479371],[0.16316353818173823,0.16526725577740381,0.16597324599571597,0.16526725577740381,0.16316353818173823],[0.1624572836479371,0.16456119945518635,0.16526725577740381,0.16456119945518635,0.1624572836479371],[0.16033862681798172,0.1624572836479371,0.16316353818173823,0.1624572836479371,0.16033862681798172]],[[0.16415121047117945,0.16626874243583095,0.16697462507454142,0.16626874243583095,0.16415121047117945],[0.16626874243583095,0.16837149039350729,0.1690771580143148,0.16837149039350729,0.16626874243583095],[0.16697462507454142,0.1690771580143148,0.16978275392655748,0.1690771580143148,0.16697462507454142],[0.16626874243583095,0.16837149039350729,0.1690771580143148,0.16837149039350729,0.16626874243583095],[0.16415121047117945,0.16626874243583095,0.16697462507454142,0.16626874243583095,0.16415121047117945]],[[0.167961684654303,0.17007799631778964,0.17078347551453812,0.17007799631778964,0.167961684654303],[0.17007799631778964,0.17217947729100849,0.17288472322072321,0.17217947729100849,0.17007799631778964],[0.17078347551453812,0.17288472322072321,0.1735898913560798,0.17288472322072321,0.17078347551453812],[0.17007799631778964,0.17217947729100849,0.17288472322072321,0.17217947729100849,0.17007799631778964],[0.167961684654303,0.17007799631778964,0.17078347551453812,0.17007799631778964,0.167961684654303]],[[0.17176987030134747,0.17388485802084874,0.17458989951680429,0.17388485802084874,0.17176987030134747],[0.17388485802084874,0.17598496433733132,0.17668975274615695,0.17598496433733132,0.17388485802084874],[0.17458989951680429,0.17668975274615695,0.17739445675096518,0.17668975274615695,0.17458989951680429],[0.17388485802084874,0.17598496433733132,0.17668975274615695,0.17598496433733132,0.17388485802084874],[0.17176987030134747,0.17388485802084874,0.17458989951680429,0.17388485802084874,0.17176987030134747]],[[0.17557557292643045,0.17768912412228832,0.17839369070552885,0.17768912412228832,0.17557557292643045],[0.17768912412228832,0.17978773881227109,0.18049203077750089,0.17978773881227109,0.17768912412228832],[0.17839369070552885,0.18049203077750089,0.1811962311585649,0.18049203077750089,0.17839369070552885],[0.17768912412228832,0.17978773881227109,0.18049203077750089,0.17978773881227109,0.17768912412228832],[0.17557557292643045,0.17768912412228832,0.17839369070552885,0.17768912412228832,0.17557557292643045]],[[0.1793785812510954,0.1814905736105257,0.18219462485297,0.1814905736105257,0.1793785812510954],[0.1814905736105257,0.18358756957761463,0.18429132280786009,0.18358756957761463,0.1814905736105257],[0.18219462485297,0.18429132280786009,0.18499497665244438,0.18429132280786009,0.18219462485297],[0.1814905736105257,0.18358756957761463,0.18429132280786009,0.18358756957761463,0.1814905736105257],[0.1793785812510954,0.1814905736105257,0.18219462485297,0.1814905736105257,0.1793785812510954]],[[0.18317866570691296,0.18528896631552089,0.18599245828600347,0.18528896631552089,0.18317866570691296],[0.18528896631552089,0.18738420543248829,0.18808737396693881,0.18738420543248829,0.18528896631552089],[0.18599245828600347,0.18808737396693881,0.188790434637421,0.18808737396693881,0.18599245828600347],[0.18528896631552089,0.18738420543248829,0.18808737396693881,0.18738420543248829,0.18528896631552089],[0.18317866570691296,0.18528896631552089,0.18599245828600347,0.18528896631552089,0.18317866570691296]],[[0.18697557680257007,0.18908404119740443,0.18978692614883078,0.18908404119740443,0.18697557680257007],[0.18908404119740443,0.19117737332055426,0.19187990720113596,0.19117737332055426,0.18908404119740443],[0.18978692614883078,0.19187990720113596,0.19258232400216649,0.19187990720113596,0.18978692614883078],[0.18908404119740443,0.19117737332055426,0.19187990720113596,0.19117737332055426,0.18908404119740443],[0.18697557680257007,0.18908404119740443,0.18978692614883078,0.18908404119740443,0.18697557680257007]],[[0.19076904334389114,0.19287551448155096,0.193577740509914,0.19287551448155096,0.19076904334389114],[0.19287551448155096,0.19496677637691973,0.19566862129110377,0.19496677637691973,0.19287551448155096],[0.193577740509914,0.19566862129110377,0.19637033910700949,0.19566862129110377,0.193577740509914],[0.19287551448155096,0.19496677637691973,0.19566862129110377,0.19496677637691973,0.19287551448155096],[0.19076904334389114,0.19287551448155096,0.193577740509914,0.19287551448155096,0.19076904334389114]],[[0.19455877049474338,0.19666307762751034,0.19736458830058276,0.19666307762751034,0.19455877049474338],[0.19666307762751034,0.19875209180191217,0.19945318869384993,0.19875209180191217,0.19666307762751034],[0.19736458830058276,0.19945318869384993,0.20015414759391553,0.19945318869384993,0.19736458830058276],[0.19666307762751034,0.19875209180191217,0.19945318869384993,0.19875209180191217,0.19666307762751034],[0.19455877049474338,0.19666307762751034,0.19736458830058276,0.19666307762751034,0.19455877049474338]],[[0.19834443766604284,0.20044639511899914,0.20114712907219812,0.20044639511899914,0.19834443766604284],[0.20044639511899914,0.20253296854862612,0.20323325319615446,0.20253296854862612,0.20044639511899914],[0.20114712907219812,0.20323325319615446,0.20393338800534086,0.20323325319615446,0.20114712907219812],[0.20044639511899914,0.20253296854862612,0.20323325319615446,0.20253296854862612,0.20044639511899914],[0.19834443766604284,0.20044639511899914,0.20114712907219812,0.20044639511899914,0.19834443766604284]],[[0.2021256962198606,0.20422510206153865,0.20492499255859978,0.20422510206153865,0.2021256962198606],[0.20422510206153865,0.20630902481074342,0.20700842736580433,0.20630902481074342,0.20422510206153865],[0.20492499255859978,0.20700842736580433,0.20770766719841471,0.20700842736580433,0.20492499255859978],[0.20422510206153865,0.20630902481074342,0.20700842736580433,0.20630902481074342,0.20422510206153865],[0.2021256962198606,0.20422510206153865,0.20492499255859978,0.20422510206153865,0.2021256962198606]],[[0.20590216697522165,0.20799880157436987,0.20869777603029266,0.20799880157436987,0.20590216697522165],[0.20799880157436987,0.21007984529720744,0.21077828978717983,0.21007984529720744,0.20799880157436987],[0.20869777603029266,0.21077828978717983,0.21147655754098577,0.21077828978717983,0.20869777603029266],[0.20799880157436987,0.21007984529720744,0.21077828978717983,0.21007984529720744,0.20799880157436987],[0.20590216697522165,0.20799880157436987,0.20869777603029266,0.20799880157436987,0.20590216697522165]],[[0.20967343750222858,0.21176706196331427,0.21246504142716408,0.21176706196331427,0.20967343750222858],[0.21176706196331427,0.21384497828060117,0.21454238206811505,0.21384497828060117,0.21176706196331427],[0.21246504142716408,0.21454238206811505,0.21523959387650762,0.21454238206811505,0.21246504142716408],[0.21176706196331427,0.21384497828060117,0.21454238206811505,0.21384497828060117,0.21176706196331427],[0.20967343750222858,0.21176706196331427,0.21246504142716408,0.21176706196331427,0.20967343750222858]],[[0.21343905919142436,0.2155294136616934,0.21622631225684669,0.2155294136616934,0.21343905919142436],[0.2155294136616934,0.21760393240669043,0.21830020560559388,0.21760393240669043,0.2155294136616934],[0.21622631225684669,0.21830020560559388,0.21899627024545604,0.21830020560559388,0.21622631225684669],[0.2155294136616934,0.21760393240669043,0.21830020560559388,0.21760393240669043,0.2155294136616934],[0.21343905919142436,0.2155294136616934,0.21622631225684669,0.2155294136616934,0.21343905919142436]],[[0.21719854408593831,0.21928534592748516,0.21998107024703528,0.21928534592748516,0.21719854408593831],[0.21928534592748516,0.22135617325394513,0.22205121809928532,0.22135617325394513,0.21928534592748516],[0.21998107024703528,0.22205121809928532,0.22274603635249757,0.22205121809928532,0.21998107024703528],[0.21928534592748516,0.22135617325394513,0.22205121809928532,0.22135617325394513,0.21928534592748516],[0.21719854408593831,0.21928534592748516,0.21998107024703528,0.21928534592748516,0.21719854408593831]],[[0.22095136146515262,0.22303430328600837,0.22372875174147505,0.22303430328600837,0.22095136146515262],[0.22303430328600837,0.22510111963332716,0.22579482980356647,0.22510111963332716,0.22303430328600837],[0.22372875174147505,0.22579482980356647,0.22648829377039054,0.22579482980356647,0.22372875174147505],[0.22303430328600837,0.22510111963332716,0.22579482980356647,0.22510111963332716,0.22303430328600837],[0.22095136146515262,0.22303430328600837,0.22372875174147505,0.22303430328600837,0.22095136146515262]],[[0.22469693417024411,0.22677568170990245,0.22746874383148896,0.22677568170990245,0.22469693417024411],[0.22677568170990245,0.22883813962139779,0.22953039951145307,0.22883813962139779,0.22677568170990245],[0.22746874383148896,0.22953039951145307,0.23022239187449919,0.22953039951145307,0.22746874383148896],[0.22677568170990245,0.22883813962139779,0.22953039951145307,0.22883813962139779,0.22677568170990245],[0.22469693417024411,0.22677568170990245,0.22746874383148896,0.22677568170990245,0.22469693417024411]],[[0.22843463466455641,0.23050882453070107,0.2312003802180729,0.23050882453070107,0.22843463466455641],[0.23050882453070107,0.232566546322899,0.23325723026723835,0.232566546322899,0.23050882453070107],[0.2312003802180729,0.23325723026723835,0.23394762350533393,0.23325723026723835,0.2312003802180729],[0.23050882453070107,0.232566546322899,0.23325723026723835,0.232566546322899,0.23050882453070107],[0.22843463466455641,0.23050882453070107,0.2312003802180729,0.23050882453070107,0.22843463466455641]],[[0.23216378082481207,0.23423301808019739,0.23492293680330625,0.23423301808019739,0.23216378082481207],[0.23423301808019739,0.23628559336328459,0.23697456480903992,0.23628559336328459,0.23423301808019739],[0.23492293680330625,0.23697456480903992,0.23766322036110582,0.23697456480903992,0.23492293680330625],[0.23423301808019739,0.23628559336328459,0.23697456480903992,0.23628559336328459,0.23423301808019739],[0.23216378082481207,0.23423301808019739,0.23492293680330625,0.23423301808019739,0.23216378082481207]],[[0.23588363146347752,0.23794748706434263,0.23863562701469723,0.23794748706434263,0.23588363146347752],[0.23794748706434263,0.23999447011682476,0.24068158074783383,0.23999447011682476,0.23794748706434263],[0.23863562701469723,0.24068158074783383,0.24136834812785071,0.24068158074783383,0.23863562701469723],[0.23794748706434263,0.23999447011682476,0.24068158074783383,0.23999447011682476,0.23794748706434263],[0.23588363146347752,0.23794748706434263,0.23863562701469723,0.23794748706434263,0.23588363146347752]],[[0.23959338158756241,0.24165138967831107,0.24233759687209444,0.24165138967831107,0.23959338158756241],[0.24165138967831107,0.24369229668236728,0.24437738549618662,0.24369229668236728,0.24165138967831107],[0.24233759687209444,0.24437738549618662,0.24506210136150874,0.24437738549618662,0.24233759687209444],[0.24165138967831107,0.24369229668236728,0.24437738549618662,0.24369229668236728,0.24165138967831107],[0.23959338158756241,0.24165138967831107,0.24233759687209444,0.24165138967831107,0.23959338158756241]],[[0.24329215740556698,0.24534381247800308,0.2460279198137385,0.24534381247800308,0.24329215740556698],[0.24534381247800308,0.24737811862610093,0.24806101096739222,0.24737811862610093,0.24534381247800308],[0.2460279198137385,0.24806101096739222,0.24874349814404276,0.24806101096739222,0.2460279198137385],[0.24534381247800308,0.24737811862610093,0.24806101096739222,0.24737811862610093,0.24534381247800308],[0.24329215740556698,0.24534381247800308,0.2460279198137385,0.24534381247800308,0.24329215740556698]],[[0.24697901110147055,0.24902376503133242,0.24970559130610998,0.24902376503133242,0.24697901110147055],[0.24902376503133242,0.25105090151925569,0.2517314080744435,0.25105090151925569,0.24902376503133242],[0.24970559130610998,0.2517314080744435,0.252411474544586,0.2517314080744435,0.24970559130610998],[0.24902376503133242,0.25105090151925569,0.2517314080744435,0.25105090151925569,0.24902376503133242],[0.24697901110147055,0.24902376503133242,0.24970559130610998,0.24902376503133242,0.24697901110147055]],[[0.25065291540279505,0.25269017438117575,0.25336952327111417,0.25269017438117575,0.25065291540279505],[0.25269017438117575,0.2547095253077114,0.25538744106751909,0.2547095253077114,0.25269017438117575],[0.25336952327111417,0.25538744106751909,0.25606487892602409,0.25538744106751909,0.25336952327111417],[0.25269017438117575,0.2547095253077114,0.25538744106751909,0.2547095253077114,0.25269017438117575],[0.25065291540279505,0.25269017438117575,0.25336952327111417,0.25269017438117575,0.25065291540279505]],[[0.25431275797926278,0.25634187936164593,0.2570185383740855,0.25634187936164593,0.25431275797926278],[0.25634187936164593,0.258352778560595,0.25902788175888508,0.258352778560595,0.25634187936164593],[0.2570185383740855,0.25902788175888508,0.2597024661477233,0.25902788175888508,0.2570185383740855],[0.25634187936164593,0.258352778560595,0.25902788175888508,0.258352778560595,0.25634187936164593],[0.25431275797926278,0.25634187936164593,0.2570185383740855,0.25634187936164593,0.25431275797926278]],[[0.25795733571779955,0.25997762481914133,0.26065136422568447,0.25997762481914133,0.25795733571779955],[0.25997762481914133,0.26197935265473943,0.2626514036938693,0.26197935265473943,0.25997762481914133],[0.26065136422568447,0.2626514036938693,0.26332289172491613,0.2626514036938693,0.26065136422568447],[0.25997762481914133,0.26197935265473943,0.2626514036938693,0.26197935265473943,0.25997762481914133],[0.25795733571779955,0.25997762481914133,0.26065136422568447,0.25997762481914133,0.25795733571779955]],[[0.26158534892986235,0.26359605579923473,0.26426662756072972,0.26359605579923473,0.26158534892986235],[0.26359605579923473,0.26558783596134855,0.2662565763360713,0.26558783596134855,0.26359605579923473],[0.26426662756072972,0.2662565763360713,0.2669247060146529,0.2662565763360713,0.26426662756072972],[0.26359605579923473,0.26558783596134855,0.2662565763360713,0.26558783596134855,0.26359605579923473],[0.26158534892986235,0.26359605579923473,0.26426662756072972,0.26359605579923473,0.26158534892986235]],[[0.2651953955561312,0.26719571176968548,0.26786284846587305,0.26719571176968548,0.2651953955561312],[0.26719571176968548,0.26917670810974864,0.26984185934324345,0.26917670810974864,0.26719571176968548],[0.26786284846587305,0.26984185934324345,0.27050634850630911,0.26984185934324345,0.26786284846587305],[0.26719571176968548,0.26917670810974864,0.26984185934324345,0.26917670810974864,0.26719571176968548],[0.2651953955561312,0.26719571176968548,0.26786284846587305,0.26719571176968548,0.2651953955561312]],[[0.26878596544219263,0.27077502095722844,0.27143843473510237,0.27077502095722844,0.26878596544219263],[0.27077502095722844,0.27274433440937373,0.27340559701619915,0.27274433440937373,0.27077502095722844],[0.27143843473510237,0.27340559701619915,0.27406614230015214,0.27340559701619915,0.27143843473510237],[0.27077502095722844,0.27274433440937373,0.27340559701619915,0.27274433440937373,0.27077502095722844],[0.26878596544219263,0.27077502095722844,0.27143843473510237,0.27077502095722844,0.26878596544219263]],[[0.27235543476488933,0.27433229488060268,0.27499167643674044,0.27433229488060268,0.27235543476488933],[0.27433229488060268,0.27628896051443463,0.27694601300597171,0.27628896051443463,0.27433229488060268],[0.27499167643674044,0.27694601300597171,0.27760228885983113,0.27694601300597171,0.27499167643674044],[0.27433229488060268,0.27628896051443463,0.27694601300597171,0.27628896051443463,0.27433229488060268],[0.27235543476488933,0.27433229488060268,0.27499167643674044,0.27433229488060268,0.27235543476488933]],[[0.27590206069271939,0.27786572316433822,0.278520740776573,0.27786572316433822,0.27590206069271939],[0.27786572316433822,0.27980870741559438,0.28046120536350577,0.27980870741559438,0.27786572316433822],[0.278520740776573,0.28046120536350577,0.28111286312298184,0.28046120536350577,0.278520740776573],[0.27786572316433822,0.27980870741559438,0.28046120536350577,0.27980870741559438,0.27786572316433822],[0.27590206069271939,0.27786572316433822,0.278520740776573,0.27786572316433822,0.27590206069271939]],[[0.27942397636352406,0.28137336871511337,0.28202366733891443,0.28137336871511337,0.27942397636352406],[0.28137336871511337,0.28330156683792873,0.28394914201047794,0.28330156683792873,0.28137336871511337],[0.28202366733891443,0.28394914201047794,0.28459580904762638,0.28394914201047794,0.28202366733891443],[0.28137336871511337,0.28330156683792873,0.28394914201047794,0.28330156683792873,0.28137336871511337],[0.27942397636352406,0.28137336871511337,0.28202366733891443,0.28137336871511337,0.27942397636352406]],[[0.28291918625791485,0.28485316333538874,0.28549836377887872,0.28485316333538874,0.28291918625791485],[0.28485316333538874,0.28676539711445542,0.28740765669878393,0.28676539711445542,0.28485316333538874],[0.28549836377887872,0.28740765669878393,0.28804893566006284,0.28740765669878393,0.28549836377887872],[0.28485316333538874,0.28676539711445542,0.28740765669878393,0.28676539711445542,0.28485316333538874],[0.28291918625791485,0.28485316333538874,0.28549836377887872,0.28485316333538874,0.28291918625791485]],[[0.28638556203763516,0.28830290383682133,0.28894260202640742,0.28830