{"M_cells":[[[0,0,0,0,0,0,0],[0,0,0,0,0,0,0],[0,0,0,0,0,0,0],[0,0,0,0,0,0,0],[0,0,0,0,0,0,0],[0,0,0,0,0,0,0],[0,0,0,0,0,0,0]],[[2.2142140265837711E-11,1.2697278563908178E-10,1.129926069001977E-10,1.6522241564136783E-10,1.129926069001977E-10,1.2697278563908178E-10,2.2142140265837711E-11],[1.2697278563908178E-10,5.3422156894096646E-10,4.8852714518026247E-10,6.89656466900279E-10,4.8852714518026247E-10,5.3422156894096646E-10,1.2697278563908178E-10],[1.129926069001977E-10,4.8852714518026247E-10,5.99333723612026E-10,7.1072568965265519E-10,5.99333723612026E-10,4.8852714518026247E-10,1.1299260690019773E-10],[1.6522241564136783E-10,6.89656466900279E-10,7.1072568965265519E-10,9.3703537174251775E-10,7.1072568965265519E-10,6.89656466900279E-10,1.6522241564136783E-10],[1.129926069001977E-10,4.8852714518026247E-10,5.99333723612026E-10,7.1072568965265519E-10,5.99333723612026E-10,4.8852714518026247E-10,1.1299260690019773E-10],[1.2697278563908178E-10,5.3422156894096646E-10,4.8852714518026247E-10,6.89656466900279E-10,4.8852714518026247E-10,5.3422156894096646E-10,1.2697278563908178E-10],[2.2142140265837711E-11,1.2697278563908178E-10,1.1299260690019773E-10,1.6522241564136783E-10,1.1299260690019773E-10,1.2697278563908178E-10,2.2142140265837711E-11]],[[1.5150019741549168E-10,4.9182541368359581E-10,4.4697562682258995E-10,6.2200646627407753E-10,4.4697562682258995E-10,4.9182541368359581E-10,1.5150019741549168E-10],[4.9182541368359581E-10,1.2669471559272991E-9,1.18108317591714E-9,1.5795302162054574E-9,1.18108317591714E-9,1.2669471559272991E-9,4.9182541368359581E-10],[4.4697562682258995E-10,1.18108317591714E-9,1.3962894824282603E-9,1.6122360031891764E-9,1.3962894824282603E-9,1.18108317591714E-9,4.4697562682258995E-10],[6.2200646627407753E-10,1.5795302162054574E-9,1.6122360031891764E-9,2.042580032428547E-9,1.6122360031891764E-9,1.5795302162054574E-9,6.2200646627407753E-10],[4.4697562682258995E-10,1.18108317591714E-9,1.3962894824282603E-9,1.6122360031891764E-9,1.3962894824282606E-9,1.1810831759171402E-9,4.4697562682258995E-10],[4.9182541368359581E-10,1.2669471559272991E-9,1.18108317591714E-9,1.5795302162054574E-9,1.1810831759171402E-9,1.2669471559272993E-9,4.9182541368359581E-10],[1.5150019741549168E-10,4.9182541368359581E-10,4.4697562682258995E-10,6.2200646627407753E-10,4.4697562682258995E-10,4.9182541368359581E-10,1.5150019741549168E-10]],[[4.4118166303308289E-10,1.0714220160756363E-9,9.8913503999591434E-10,1.3220285939387185E-9,9.8913503999591434E-10,1.0714220160756363E-9,4.4118166303308289E-10],[1.0714220160756363E-9,2.1790579341255896E-9,2.0580213022107377E-9,2.64442717640881E-9,2.0580213022107377E-9,2.1790579341255896E-9,1.0714220160756363E-9],[9.8913503999591434E-10,2.0580213022107377E-9,2.3698413746695506E-9,2.6825414729499741E-9,2.3698413746695506E-9,2.0580213022107377E-9,9.8913503999591434E-10],[1.3220285939387185E-9,2.64442717640881E-9,2.6825414729499741E-9,3.2967414162911282E-9,2.6825414729499741E-9,2.64442717640881E-9,1.3220285939387185E-9],[9.8913503999591434E-10,2.0580213022107377E-9,2.3698413746695506E-9,2.6825414729499741E-9,2.3698413746695506E-9,2.0580213022107377E-9,9.8913503999591434E-10],[1.0714220160756363E-9,2.1790579341255896E-9,2.0580213022107377E-9,2.64442717640881E-9,2.0580213022107377E-9,2.1790579341255896E-9,1.0714220160756363E-9],[4.4118166303308289E-10,1.0714220160756363E-9,9.8913503999591434E-10,1.3220285939387185E-9,9.8913503999591434E-10,1.0714220160756363E-9,4.4118166303308289E-10]],[[9.1057606663467466E-10,1.8453117015556786E-9,1.7244807067778078E-9,2.2291879821729455E-9,1.7244807067778078E-9,1.8453117015556786E-9,9.1057606663467466E-10],[1.8453117015556786E-9,3.254135308128257E-9,3.1024374516582617E-9,3.86488785008305E-9,3.1024374516582617E-9,3.254135308128257E-9,1.8453117015556786E-9],[1.7244807067778078E-9,3.1024374516582617E-9,3.5030557932561445E-9,3.9046807334003992E-9,3.5030557932561445E-9,3.1024374516582617E-9,1.7244807067778078E-9],[2.2291879821729455E-9,3.86488785008305E-9,3.9046807334003992E-9,4.6848168170184005E-9,3.9046807334003992E-9,3.8648878500830506E-9,2.2291879821729455E-9],[1.7244807067778078E-9,3.1024374516582617E-9,3.5030557932561445E-9,3.9046807334003992E-9,3.5030557932561445E-9,3.1024374516582617E-9,1.7244807067778078E-9],[1.8453117015556786E-9,3.254135308128257E-9,3.1024374516582617E-9,3.8648878500830506E-9,3.1024374516582617E-9,3.254135308128257E-9,1.8453117015556786E-9],[9.1057606663467466E-10,1.8453117015556786E-9,1.7244807067778078E-9,2.2291879821729455E-9,1.7244807067778078E-9,1.8453117015556786E-9,9.1057606663467466E-10]],[[1.5616813622073368E-9,2.7953497674868523E-9,2.6375709362299838E-9,3.315788098502442E-9,2.6375709362299838E-9,2.7953497674868527E-9,1.561681362207337E-9],[2.7953497674868523E-9,4.4775352632734434E-9,4.2990877343937579E-9,5.2247696091543688E-9,4.2990877343937579E-9,4.4775352632734434E-9,2.7953497674868527E-9],[2.6375709362299838E-9,4.2990877343937579E-9,4.7810173450597172E-9,5.2640684755474057E-9,4.7810173450597172E-9,4.2990877343937579E-9,2.6375709362299838E-9],[3.315788098502442E-9,5.2247696091543688E-9,5.2640684755474057E-9,6.1942710986618338E-9,5.2640684755474057E-9,5.2247696091543688E-9,3.315788098502442E-9],[2.6375709362299838E-9,4.2990877343937579E-9,4.7810173450597172E-9,5.2640684755474057E-9,4.7810173450597172E-9,4.2990877343937579E-9,2.6375709362299838E-9],[2.7953497674868527E-9,4.4775352632734434E-9,4.2990877343937579E-9,5.2247696091543688E-9,4.2990877343937579E-9,4.4775352632734434E-9,2.7953497674868523E-9],[1.561681362207337E-9,2.7953497674868527E-9,2.6375709362299838E-9,3.315788098502442E-9,2.6375709362299838E-9,2.7953497674868523E-9,1.5616813622073368E-9]],[[2.3879178903426712E-9,3.9054119929339021E-9,3.7134560414369933E-9,4.5600421411086945E-9,3.7134560414369933E-9,3.9054119929339021E-9,2.3879178903426716E-9],[3.9054119929339021E-9,5.8362204433588879E-9,5.6343391419974585E-9,6.7104980591431277E-9,5.6343391419974585E-9,5.8362204433588879E-9,3.9054119929339021E-9],[3.7134560414369933E-9,5.6343391419974585E-9,6.1906045488689475E-9,6.7480961496177122E-9,6.1906045488689475E-9,5.6343391419974585E-9,3.7134560414369933E-9],[4.5600421411086945E-9,6.7104980591431277E-9,6.7480961496177122E-9,7.8143369384562417E-9,6.7480961496177122E-9,6.7104980591431277E-9,4.5600421411086937E-9],[3.7134560414369933E-9,5.6343391419974585E-9,6.1906045488689475E-9,6.7480961496177122E-9,6.1906045488689475E-9,5.6343391419974585E-9,3.7134560414369933E-9],[3.9054119929339021E-9,5.8362204433588879E-9,5.6343391419974585E-9,6.7104980591431277E-9,5.6343391419974585E-9,5.8362204433588879E-9,3.9054119929339021E-9],[2.3879178903426716E-9,3.9054119929339021E-9,3.7134560414369933E-9,4.5600421411086937E-9,3.7134560414369933E-9,3.9054119929339021E-9,2.3879178903426712E-9]],[[3.3788513695165496E-9,5.1611640586767276E-9,4.93815800524249E-9,5.9444219816437966E-9,4.93815800524249E-9,5.1611640586767276E-9,3.37885136951655E-9],[5.1611640586767276E-9,7.3186001512638931E-9,7.0960623923944493E-9,8.3105301759416966E-9,7.0960623923944493E-9,7.3186001512638931E-9,5.1611640586767276E-9],[4.93815800524249E-9,7.0960623923944493E-9,7.720277608382615E-9,8.34581467960158E-9,7.720277608382615E-9,7.0960623923944493E-9,4.93815800524249E-9],[5.9444219816437966E-9,8.3105301759416966E-9,8.34581467960158E-9,9.5357063808820752E-9,8.34581467960158E-9,8.3105301759416966E-9,5.9444219816437966E-9],[4.93815800524249E-9,7.0960623923944493E-9,7.720277608382615E-9,8.34581467960158E-9,7.720277608382615E-9,7.0960623923944493E-9,4.93815800524249E-9],[5.1611640586767276E-9,7.3186001512638931E-9,7.0960623923944493E-9,8.3105301759416966E-9,7.0960623923944493E-9,7.3186001512638931E-9,5.1611640586767276E-9],[3.37885136951655E-9,5.1611640586767276E-9,4.93815800524249E-9,5.9444219816437966E-9,4.93815800524249E-9,5.1611640586767276E-9,3.3788513695165496E-9]],[[4.5226899666845421E-9,6.54986540096557E-9,6.2988782558123375E-9,7.4545475862903542E-9,6.2988782558123375E-9,6.54986540096557E-9,4.5226899666845429E-9],[6.54986540096557E-9,8.914380117691739E-9,8.6734997217201546E-9,1.0014960590746122E-8,8.6734997217201546E-9,8.914380117691739E-9,6.54986540096557E-9],[6.2988782558123375E-9,8.6734997217201546E-9,9.3598845647176387E-9,1.0047678993012374E-8,9.3598845647176387E-9,8.6734997217201546E-9,6.2988782558123375E-9],[7.4545475862903542E-9,1.0014960590746122E-8,1.0047678993012374E-8,1.135028929385965E-8,1.0047678993012374E-8,1.0014960590746122E-8,7.4545475862903542E-9],[6.2988782558123375E-9,8.6734997217201546E-9,9.3598845647176387E-9,1.0047678993012374E-8,9.3598845647176387E-9,8.6734997217201546E-9,6.2988782558123375E-9],[6.54986540096557E-9,8.914380117691739E-9,8.6734997217201546E-9,1.0014960590746122E-8,8.6734997217201546E-9,8.914380117691739E-9,6.54986540096557E-9],[4.5226899666845429E-9,6.54986540096557E-9,6.2988782558123375E-9,7.4545475862903542E-9,6.2988782558123375E-9,6.54986540096557E-9,4.5226899666845421E-9]],[[5.8075723730572021E-9,8.060196771298979E-9,7.7840499602786925E-9,9.078425904883501E-9,7.7840499602786925E-9,8.060196771298979E-9,5.8075723730572021E-9],[8.060196771298979E-9,1.0614423295499698E-8,1.0357126317504067E-8,1.1815226254350745E-8,1.0357126317504067E-8,1.0614423295499698E-8,8.060196771298979E-9],[7.7840499602786925E-9,1.0357126317504067E-8,1.1100487918023384E-8,1.1845339848133096E-8,1.1100487918023384E-8,1.0357126317504067E-8,7.7840499602786925E-9],[9.078425904883501E-9,1.1815226254350745E-8,1.1845339848133096E-8,1.3251021480767492E-8,1.1845339848133096E-8,1.1815226254350745E-8,9.078425904883501E-9],[7.7840499602786925E-9,1.0357126317504067E-8,1.1100487918023384E-8,1.1845339848133096E-8,1.1100487918023384E-8,1.0357126317504067E-8,7.7840499602786925E-9],[8.060196771298979E-9,1.0614423295499698E-8,1.0357126317504067E-8,1.1815226254350745E-8,1.0357126317504067E-8,1.0614423295499698E-8,8.060196771298979E-9],[5.8075723730572021E-9,8.060196771298979E-9,7.7840499602786925E-9,9.078425904883501E-9,7.7840499602786925E-9,8.060196771298979E-9,5.8075723730572021E-9]],[[7.2222015647433552E-9,9.6821059858682886E-9,9.38330489289753E-9,1.080591819476552E-8,9.38330489289753E-9,9.6821059858682886E-9,7.2222015647433552E-9],[9.6821059858682886E-9,1.2410622315543175E-8,1.2138515609135439E-8,1.3703879966087638E-8,1.2138515609135439E-8,1.2410622315543177E-8,9.6821059858682886E-9],[9.38330489289753E-9,1.2138515609135439E-8,1.2934211536465119E-8,1.3731472377976532E-8,1.2934211536465119E-8,1.2138515609135439E-8,9.38330489289753E-9],[1.080591819476552E-8,1.3703879966087638E-8,1.3731472377976532E-8,1.5231710151681403E-8,1.3731472377976532E-8,1.3703879966087638E-8,1.0805918194765521E-8],[9.38330489289753E-9,1.2138515609135439E-8,1.2934211536465119E-8,1.3731472377976532E-8,1.2934211536465119E-8,1.2138515609135439E-8,9.38330489289753E-9],[9.6821059858682886E-9,1.2410622315543177E-8,1.2138515609135439E-8,1.3703879966087638E-8,1.2138515609135439E-8,1.2410622315543177E-8,9.6821059858682886E-9],[7.2222015647433552E-9,9.6821059858682886E-9,9.38330489289753E-9,1.0805918194765521E-8,9.38330489289753E-9,9.6821059858682886E-9,7.2222015647433552E-9]],[[8.7561268906573E-9,1.140666896310654E-8,1.1087396586979588E-8,1.2628358607738239E-8,1.1087396586979588E-8,1.140666896310654E-8,8.7561268906573E-9],[1.140666896310654E-8,1.4295783708555522E-8,1.401021359485084E-8,1.5674413071064537E-8,1.401021359485084E-8,1.4295783708555522E-8,1.140666896310654E-8],[1.1087396586979588E-8,1.401021359485084E-8,1.4854106531951103E-8,1.5699633529839666E-8,1.4854106531951103E-8,1.4010213594850842E-8,1.1087396586979588E-8],[1.2628358607738239E-8,1.5674413071064537E-8,1.5699633529839666E-8,1.7286907897010738E-8,1.5699633529839666E-8,1.567441307106454E-8,1.2628358607738241E-8],[1.1087396586979588E-8,1.401021359485084E-8,1.4854106531951103E-8,1.5699633529839666E-8,1.4854106531951103E-8,1.4010213594850842E-8,1.1087396586979589E-8],[1.140666896310654E-8,1.4295783708555522E-8,1.4010213594850842E-8,1.567441307106454E-8,1.4010213594850842E-8,1.4295783708555524E-8,1.1406668963106543E-8],[8.7561268906573E-9,1.140666896310654E-8,1.1087396586979588E-8,1.2628358607738241E-8,1.1087396586979589E-8,1.1406668963106543E-8,8.7561268906573009E-9]],[[1.0399839614339289E-8,1.322596438463072E-8,1.2888104208654271E-8,1.4538274466923903E-8,1.2888104208654271E-8,1.322596438463072E-8,1.0399839614339289E-8],[1.322596438463072E-8,1.6263523594244371E-8,1.5965624443628081E-8,1.7721113997728278E-8,1.5965624443628081E-8,1.6263523594244371E-8,1.322596438463072E-8],[1.2888104208654271E-8,1.5965624443628081E-8,1.6854034290022477E-8,1.774414253667577E-8,1.6854034290022477E-8,1.5965624443628081E-8,1.2888104208654271E-8],[1.4538274466923903E-8,1.7721113997728278E-8,1.774414253667577E-8,1.9411808713122352E-8,1.774414253667577E-8,1.7721113997728278E-8,1.4538274466923903E-8],[1.2888104208654271E-8,1.5965624443628081E-8,1.6854034290022477E-8,1.774414253667577E-8,1.6854034290022477E-8,1.5965624443628081E-8,1.2888104208654271E-8],[1.322596438463072E-8,1.6263523594244371E-8,1.5965624443628081E-8,1.7721113997728278E-8,1.5965624443628081E-8,1.6263523594244371E-8,1.3225964384630724E-8],[1.0399839614339289E-8,1.322596438463072E-8,1.2888104208654271E-8,1.4538274466923903E-8,1.2888104208654271E-8,1.3225964384630724E-8,1.0399839614339291E-8]],[[1.2144771932168161E-8,1.5132960850026164E-8,1.477813112349793E-8,1.6529176104444809E-8,1.477813112349793E-8,1.5132960850026164E-8,1.2144771932168161E-8],[1.5132960850026164E-8,1.8308174260846169E-8,1.7998907938370262E-8,1.9838953475464132E-8,1.7998907938370262E-8,1.8308174260846169E-8,1.5132960850026164E-8],[1.477813112349793E-8,1.7998907938370262E-8,1.8928564708019803E-8,1.9859979962113365E-8,1.8928564708019803E-8,1.7998907938370262E-8,1.4778131123497929E-8],[1.6529176104444809E-8,1.9838953475464132E-8,1.9859979962113365E-8,2.1602161325922253E-8,1.9859979962113365E-8,1.9838953475464132E-8,1.6529176104444809E-8],[1.477813112349793E-8,1.7998907938370262E-8,1.8928564708019803E-8,1.9859979962113365E-8,1.8928564708019803E-8,1.7998907938370262E-8,1.477813112349793E-8],[1.5132960850026164E-8,1.8308174260846169E-8,1.7998907938370262E-8,1.9838953475464132E-8,1.7998907938370262E-8,1.8308174260846169E-8,1.5132960850026164E-8],[1.2144771932168161E-8,1.5132960850026164E-8,1.4778131123497929E-8,1.6529176104444809E-8,1.477813112349793E-8,1.5132960850026164E-8,1.2144771932168163E-8]],[[1.3983248421112789E-8,1.7121415595680769E-8,1.6751005831725196E-8,1.8595395215769182E-8,1.6751005831725196E-8,1.7121415595680769E-8,1.3983248421112789E-8],[1.7121415595680769E-8,2.0424700886600222E-8,2.0104888416490578E-8,2.2023490027625684E-8,2.0104888416490578E-8,2.0424700886600222E-8,1.7121415595680769E-8],[1.6751005831725196E-8,2.0104888416490578E-8,2.1072887751651796E-8,2.2042701883357527E-8,2.1072887751651796E-8,2.0104888416490578E-8,1.6751005831725196E-8],[1.8595395215769182E-8,2.2023490027625684E-8,2.2042701883357527E-8,2.3854196264456821E-8,2.2042701883357527E-8,2.2023490027625684E-8,1.8595395215769182E-8],[1.6751005831725196E-8,2.0104888416490578E-8,2.1072887751651796E-8,2.2042701883357527E-8,2.1072887751651796E-8,2.0104888416490578E-8,1.6751005831725196E-8],[1.7121415595680769E-8,2.0424700886600222E-8,2.0104888416490578E-8,2.2023490027625684E-8,2.0104888416490578E-8,2.0424700886600222E-8,1.7121415595680769E-8],[1.3983248421112789E-8,1.7121415595680769E-8,1.6751005831725196E-8,1.8595395215769182E-8,1.6751005831725196E-8,1.7121415595680769E-8,1.3983248421112789E-8]],[[1.5908416379502457E-8,1.9185783904062088E-8,1.8800989202913466E-8,2.0731957775241581E-8,1.8800989202913466E-8,1.9185783904062088E-8,1.5908416379502457E-8],[1.9185783904062088E-8,2.2608627565470515E-8,2.2278974405516076E-8,2.4270791179038465E-8,2.2278974405516076E-8,2.2608627565470515E-8,1.9185783904062088E-8],[1.8800989202913466E-8,2.2278974405516076E-8,2.328273658756812E-8,2.4288366529702218E-8,2.328273658756812E-8,2.2278974405516076E-8,1.8800989202913466E-8],[2.0731957775241581E-8,2.4270791179038465E-8,2.4288366529702218E-8,2.6164564002256578E-8,2.4288366529702218E-8,2.4270791179038465E-8,2.0731957775241581E-8],[1.8800989202913466E-8,2.2278974405516076E-8,2.328273658756812E-8,2.4288366529702218E-8,2.328273658756812E-8,2.2278974405516076E-8,1.8800989202913466E-8],[1.9185783904062088E-8,2.2608627565470515E-8,2.2278974405516076E-8,2.4270791179038465E-8,2.2278974405516076E-8,2.2608627565470515E-8,1.9185783904062088E-8],[1.5908416379502457E-8,1.9185783904062088E-8,1.8800989202913466E-8,2.0731957775241581E-8,1.8800989202913466E-8,1.9185783904062088E-8,1.5908416379502457E-8]],[[1.7914169192769609E-8,2.1321138337766879E-8,2.092298974987993E-8,2.2934482124473325E-8,2.092298974987993E-8,2.1321138337766879E-8,1.7914169192769609E-8],[2.1321138337766879E-8,2.48559717706893E-8,2.4517087955973949E-8,2.6577367066972872E-8,2.4517087955973949E-8,2.48559717706893E-8,2.1321138337766879E-8],[2.092298974987993E-8,2.4517087955973949E-8,2.5554320733184041E-8,2.6593471257044724E-8,2.5554320733184041E-8,2.4517087955973949E-8,2.092298974987993E-8],[2.2934482124473325E-8,2.6577367066972872E-8,2.6593471257044724E-8,2.8530282111866257E-8,2.6593471257044724E-8,2.6577367066972872E-8,2.2934482124473325E-8],[2.092298974987993E-8,2.4517087955973949E-8,2.5554320733184041E-8,2.6593471257044724E-8,2.5554320733184041E-8,2.4517087955973949E-8,2.092298974987993E-8],[2.1321138337766879E-8,2.48559717706893E-8,2.4517087955973949E-8,2.6577367066972872E-8,2.4517087955973949E-8,2.48559717706893E-8,2.1321138337766879E-8],[1.7914169192769609E-8,2.1321138337766879E-8,2.092298974987993E-8,2.2934482124473325E-8,2.092298974987993E-8,2.1321138337766879E-8,1.7914169192769609E-8]],[[1.9995070089871156E-8,2.3523096935907574E-8,2.311248743073267E-8,2.5199095813889402E-8,2.311248743073267E-8,2.3523096935907574E-8,1.9995070089871156E-8],[2.3523096935907574E-8,2.71631864026224E-8,2.6815602627501184E-8,2.8940114004604008E-8,2.6815602627501184E-8,2.71631864026224E-8,2.3523096935907574E-8],[2.311248743073267E-8,2.6815602627501184E-8,2.7884267854673018E-8,2.8954898164448652E-8,2.7884267854673018E-8,2.6815602627501184E-8,2.311248743073267E-8],[2.5199095813889402E-8,2.8940114004604008E-8,2.8954898164448652E-8,3.0948689838202356E-8,2.8954898164448652E-8,2.8940114004604008E-8,2.5199095813889402E-8],[2.311248743073267E-8,2.6815602627501184E-8,2.7884267854673018E-8,2.8954898164448652E-8,2.7884267854673018E-8,2.6815602627501184E-8,2.311248743073267E-8],[2.3523096935907574E-8,2.71631864026224E-8,2.6815602627501184E-8,2.8940114004604008E-8,2.6815602627501184E-8,2.7163186402622404E-8,2.3523096935907574E-8],[1.9995070089871156E-8,2.3523096935907574E-8,2.311248743073267E-8,2.5199095813889402E-8,2.311248743073267E-8,2.3523096935907574E-8,1.9995070089871156E-8]],[[2.2146279946848645E-8,2.578775952562814E-8,2.5365465782848028E-8,2.7522366727394557E-8,2.5365465782848028E-8,2.578775952562814E-8,2.2146279946848645E-8],[2.578775952562814E-8,2.952710860739006E-8,2.9171289118490694E-8,3.135626614735341E-8,2.9171289118490694E-8,2.952710860739006E-8,2.578775952562814E-8],[2.5365465782848028E-8,2.9171289118490694E-8,3.0269573024322345E-8,3.1369866984976543E-8,3.0269573024322345E-8,2.9171289118490694E-8,2.5365465782848028E-8],[2.7522366727394557E-8,3.135626614735341E-8,3.1369866984976543E-8,3.3417408837738605E-8,3.1369866984976543E-8,3.1356266147353417E-8,2.7522366727394557E-8],[2.5365465782848028E-8,2.9171289118490694E-8,3.0269573024322345E-8,3.1369866984976543E-8,3.0269573024322345E-8,2.9171289118490698E-8,2.5365465782848028E-8],[2.578775952562814E-8,2.952710860739006E-8,2.9171289118490694E-8,3.1356266147353417E-8,2.9171289118490698E-8,2.952710860739006E-8,2.578775952562814E-8],[2.2146279946848645E-8,2.578775952562814E-8,2.5365465782848028E-8,2.7522366727394557E-8,2.5365465782848028E-8,2.578775952562814E-8,2.2146279946848645E-8]],[[2.4363490769042685E-8,2.8111651332334633E-8,2.7678351843014564E-8,2.9901245315991232E-8,2.7678351843014564E-8,2.8111651332334633E-8,2.4363490769042685E-8],[2.8111651332334633E-8,3.1944914608558032E-8,3.1581267604112348E-8,3.3823353840263455E-8,3.1581267604112348E-8,3.1944914608558032E-8,2.8111651332334633E-8],[2.7678351843014564E-8,3.1581267604112348E-8,3.270755441219852E-8,3.3835894135976024E-8,3.270755441219852E-8,3.1581267604112348E-8,2.7678351843014564E-8],[2.9901245315991232E-8,3.3823353840263455E-8,3.3835894135976024E-8,3.5934309086738945E-8,3.3835894135976024E-8,3.3823353840263455E-8,2.9901245315991232E-8],[2.7678351843014564E-8,3.1581267604112348E-8,3.270755441219852E-8,3.3835894135976024E-8,3.270755441219852E-8,3.1581267604112348E-8,2.7678351843014564E-8],[2.8111651332334633E-8,3.1944914608558032E-8,3.1581267604112348E-8,3.3823353840263455E-8,3.1581267604112348E-8,3.1944914608558032E-8,2.8111651332334633E-8],[2.4363490769042685E-8,2.8111651332334633E-8,2.7678351843014564E-8,2.9901245315991232E-8,2.7678351843014564E-8,2.8111651332334633E-8,2.4363490769042685E-8]],[[2.6642865389579687E-8,3.04916731166443E-8,3.00479631546206E-8,3.2333015639453551E-8,3.00479631546206E-8,3.04916731166443E-8,2.6642865389579687E-8],[3.04916731166443E-8,3.4414079858259921E-8,3.4042965938825935E-8,3.6339167534392314E-8,3.4042965938825935E-8,3.4414079858259921E-8,3.04916731166443E-8],[3.00479631546206E-8,3.4042965938825935E-8,3.5195814531995526E-8,3.635075701256151E-8,3.5195814531995526E-8,3.4042965938825935E-8,3.00479631546206E-8],[3.2333015639453551E-8,3.6339167534392314E-8,3.635075701256151E-8,3.8497479156536977E-8,3.635075701256151E-8,3.6339167534392314E-8,3.2333015639453551E-8],[3.00479631546206E-8,3.4042965938825935E-8,3.5195814531995526E-8,3.635075701256151E-8,3.5195814531995526E-8,3.4042965938825935E-8,3.00479631546206E-8],[3.04916731166443E-8,3.4414079858259921E-8,3.4042965938825935E-8,3.6339167534392314E-8,3.4042965938825935E-8,3.4414079858259921E-8,3.04916731166443E-8],[2.6642865389579687E-8,3.04916731166443E-8,3.00479631546206E-8,3.2333015639453551E-8,3.00479631546206E-8,3.04916731166443E-8,2.6642865389579687E-8]],[[2.898098334395377E-8,3.2925057119962087E-8,3.2471461120968486E-8,3.4815253512836186E-8,3.2471461120968486E-8,3.2925057119962087E-8,2.898098334395377E-8],[3.2925057119962087E-8,3.6932343880750996E-8,3.655408297421068E-8,3.8901726388727E-8,3.655408297421068E-8,3.6932343880750996E-8,3.2925057119962087E-8],[3.2471461120968486E-8,3.655408297421068E-8,3.7732206287050614E-8,3.8912462765533422E-8,3.7732206287050614E-8,3.655408297421068E-8,3.2471461120968486E-8],[3.4815253512836186E-8,3.8901726388727E-8,3.8912462765533422E-8,4.110520020371071E-8,3.8912462765533422E-8,3.8901726388727E-8,3.4815253512836186E-8],[3.2471461120968486E-8,3.655408297421068E-8,3.7732206287050614E-8,3.8912462765533422E-8,3.7732206287050614E-8,3.655408297421068E-8,3.2471461120968486E-8],[3.2925057119962087E-8,3.6932343880750996E-8,3.655408297421068E-8,3.8901726388727E-8,3.655408297421068E-8,3.6932343880750996E-8,3.2925057119962087E-8],[2.898098334395377E-8,3.2925057119962087E-8,3.2471461120968486E-8,3.4815253512836186E-8,3.2471461120968486E-8,3.2925057119962087E-8,2.898098334395377E-8]],[[3.1374792589273239E-8,3.540932816002631E-8,3.49463099828866E-8,3.7345790470677589E-8,3.49463099828866E-8,3.540932816002631E-8,3.1374792589273239E-8],[3.540932816002631E-8,3.9497679247157419E-8,3.9112556334038022E-8,4.1509250845762476E-8,3.9112556334038022E-8,3.9497679247157419E-8,3.540932816002631E-8],[3.49463099828866E-8,3.9112556334038022E-8,4.0314803171202161E-8,4.1519220931241608E-8,4.0314803171202161E-8,3.9112556334038022E-8,3.49463099828866E-8],[3.7345790470677589E-8,4.1509250845762476E-8,4.1519220931241608E-8,4.3755923139772252E-8,4.1519220931241608E-8,4.1509250845762476E-8,3.7345790470677589E-8],[3.49463099828866E-8,3.9112556334038022E-8,4.0314803171202161E-8,4.1519220931241608E-8,4.0314803171202161E-8,3.9112556334038022E-8,3.49463099828866E-8],[3.540932816002631E-8,3.9497679247157419E-8,3.9112556334038022E-8,4.1509250845762476E-8,3.9112556334038022E-8,3.9497679247157419E-8,3.540932816002631E-8],[3.1374792589273239E-8,3.540932816002631E-8,3.49463099828866E-8,3.7345790470677589E-8,3.49463099828866E-8,3.540932816002631E-8,3.1374792589273239E-8]],[[3.382156660427853E-8,3.7942269279073619E-8,3.747024074871442E-8,3.9922682556888055E-8,3.747024074871442E-8,3.7942269279073619E-8,3.382156660427853E-8],[3.7942269279073619E-8,4.2108264182723589E-8,4.171653407249123E-8,4.41601386001156E-8,4.171653407249123E-8,4.2108264182723589E-8,3.7942269279073619E-8],[3.747024074871442E-8,4.171653407249123E-8,4.2941873072235338E-8,4.4169419383051984E-8,4.2941873072235338E-8,4.171653407249123E-8,3.747024074871442E-8],[3.9922682556888055E-8,4.41601386001156E-8,4.4169419383051984E-8,4.644824853704919E-8,4.4169419383051984E-8,4.41601386001156E-8,3.9922682556888055E-8],[3.747024074871442E-8,4.171653407249123E-8,4.2941873072235338E-8,4.4169419383051984E-8,4.2941873072235338E-8,4.171653407249123E-8,3.747024074871442E-8],[3.7942269279073619E-8,4.2108264182723589E-8,4.171653407249123E-8,4.41601386001156E-8,4.171653407249123E-8,4.2108264182723589E-8,3.7942269279073619E-8],[3.382156660427853E-8,3.7942269279073619E-8,3.747024074871442E-8,3.9922682556888055E-8,3.747024074871442E-8,3.7942269279073619E-8,3.382156660427853E-8]],[[3.6318866361155486E-8,4.0521891407939384E-8,4.0041219467909836E-8,4.2544183161638731E-8,4.0041219467909836E-8,4.0521891407939384E-8,3.6318866361155486E-8],[4.0521891407939384E-8,4.4762458365982649E-8,4.4364349716899446E-8,4.6852943481506686E-8,4.4364349716899446E-8,4.4762458365982649E-8,4.0521891407939384E-8],[4.0041219467909836E-8,4.4364349716899446E-8,4.5611855205073349E-8,4.6861603157425509E-8,4.5611855205073349E-8,4.4364349716899446E-8,4.0041219467909836E-8],[4.2544183161638731E-8,4.6852943481506686E-8,4.6861603157425509E-8,4.918090890084489E-8,4.6861603157425509E-8,4.6852943481506686E-8,4.2544183161638731E-8],[4.0041219467909836E-8,4.4364349716899446E-8,4.5611855205073349E-8,4.6861603157425509E-8,4.5611855205073349E-8,4.4364349716899446E-8,4.0041219467909836E-8],[4.0521891407939384E-8,4.4762458365982649E-8,4.4364349716899446E-8,4.6852943481506686E-8,4.4364349716899446E-8,4.4762458365982649E-8,4.0521891407939384E-8],[3.6318866361155486E-8,4.0521891407939384E-8,4.0041219467909836E-8,4.2544183161638731E-8,4.0041219467909836E-8,4.0521891407939384E-8,3.6318866361155486E-8]],[[3.8864506662158483E-8,4.3146406567466274E-8,4.26574193060906E-8,4.5208719283953506E-8,4.26574193060906E-8,4.3146406567466274E-8,3.8864506662158483E-8],[4.3146406567466274E-8,4.74587815323025E-8,4.7054500263097247E-8,4.9586356853933267E-8,4.7054500263097247E-8,4.74587815323025E-8,4.3146406567466274E-8],[4.26574193060906E-8,4.7054500263097247E-8,4.8323339769527064E-8,4.9594455776176276E-8,4.8323339769527064E-8,4.7054500263097247E-8,4.26574193060906E-8],[4.5208719283953506E-8,4.9586356853933267E-8,4.9594455776176276E-8,5.1952752997154293E-8,4.9594455776176276E-8,4.9586356853933267E-8,4.5208719283953506E-8],[4.26574193060906E-8,4.7054500263097247E-8,4.8323339769527064E-8,4.9594455776176276E-8,4.8323339769527064E-8,4.7054500263097247E-8,4.26574193060906E-8],[4.3146406567466274E-8,4.74587815323025E-8,4.7054500263097247E-8,4.9586356853933267E-8,4.7054500263097247E-8,4.74587815323025E-8,4.3146406567466274E-8],[3.8864506662158483E-8,4.3146406567466274E-8,4.26574193060906E-8,4.5208719283953506E-8,4.26574193060906E-8,4.3146406567466274E-8,3.8864506662158483E-8]],[[4.1456526360510212E-8,4.5814204182893255E-8,4.53171959438784E-8,4.7914870717042871E-8,4.53171959438784E-8,4.5814204182893255E-8,4.1456526360510212E-8],[4.5814204182893255E-8,5.0195894542026456E-8,4.97856267499201E-8,5.2359191197256388E-8,4.97856267499201E-8,5.0195894542026456E-8,4.5814204182893255E-8],[4.53171959438784E-8,4.97856267499201E-8,5.1075049985000769E-8,5.2366782743237707E-8,5.1075049985000769E-8,4.97856267499201E-8,4.53171959438784E-8],[4.7914870717042871E-8,5.2359191197256388E-8,5.2366782743237707E-8,5.4762731973392835E-8,5.2366782743237707E-8,5.2359191197256388E-8,4.7914870717042871E-8],[4.53171959438784E-8,4.97856267499201E-8,5.1075049985000769E-8,5.2366782743237707E-8,5.1075049985000769E-8,4.97856267499201E-8,4.53171959438784E-8],[4.5814204182893255E-8,5.0195894542026456E-8,4.97856267499201E-8,5.2359191197256388E-8,4.97856267499201E-8,5.0195894542026456E-8,4.5814204182893255E-8],[4.1456526360510212E-8,4.5814204182893255E-8,4.53171959438784E-8,4.7914870717042871E-8,4.53171959438784E-8,4.5814204182893255E-8,4.1456526360510212E-8]],[[4.4093162022940645E-8,4.8523830136870225E-8,4.8019065881755646E-8,5.0661351744133263E-8,4.8019065881755646E-8,4.8523830136870225E-8,4.4093162022940645E-8],[4.8523830136870225E-8,5.297258261608093E-8,5.2556497090115035E-8,5.5170365589590926E-8,5.2556497090115035E-8,5.297258261608093E-8,4.8523830136870225E-8],[4.8019065881755646E-8,5.2556497090115035E-8,5.3865826203589562E-8,5.5177496941566057E-8,5.3865826203589562E-8,5.2556497090115035E-8,4.8019065881755646E-8],[5.0661351744133263E-8,5.5170365589590926E-8,5.5177496941566057E-8,5.760988704917891E-8,5.5177496941566057E-8,5.5170365589590926E-8,5.0661351744133263E-8],[4.8019065881755646E-8,5.2556497090115035E-8,5.3865826203589562E-8,5.5177496941566057E-8,5.3865826203589562E-8,5.2556497090115035E-8,4.8019065881755646E-8],[4.8523830136870225E-8,5.297258261608093E-8,5.2556497090115035E-8,5.5170365589590926E-8,5.2556497090115035E-8,5.297258261608093E-8,4.8523830136870225E-8],[4.4093162022940645E-8,4.8523830136870225E-8,4.8019065881755646E-8,5.0661351744133263E-8,4.8019065881755646E-8,4.8523830136870225E-8,4.4093162022940645E-8]],[[4.6772824633456516E-8,5.1273968232010751E-8,5.0761687287166818E-8,5.3446995003251909E-8,5.0761687287166818E-8,5.1273968232010751E-8,4.6772824633456516E-8],[5.1273968232010751E-8,5.5787740479670172E-8,5.5365990878863391E-8,5.80188928515878E-8,5.5365990878863391E-8,5.5787740479670172E-8,5.1273968232010751E-8],[5.0761687287166818E-8,5.5365990878863391E-8,5.6694611844768945E-8,5.8025605695418539E-8,5.6694611844768945E-8,5.5365990878863391E-8,5.0761687287166818E-8],[5.3446995003251909E-8,5.80188928515878E-8,5.8025605695418539E-8,6.0493338586975469E-8,5.8025605695418539E-8,5.80188928515878E-8,5.3446995003251909E-8],[5.0761687287166818E-8,5.5365990878863391E-8,5.6694611844768945E-8,5.8025605695418539E-8,5.6694611844768945E-8,5.5365990878863391E-8,5.0761687287166818E-8],[5.1273968232010751E-8,5.5787740479670172E-8,5.5365990878863391E-8,5.80188928515878E-8,5.5365990878863391E-8,5.5787740479670172E-8,5.1273968232010751E-8],[4.6772824633456516E-8,5.1273968232010751E-8,5.0761687287166818E-8,5.3446995003251909E-8,5.0761687287166818E-8,5.1273968232010751E-8,4.6772824633456516E-8]],[[4.9494078980347256E-8,5.4063423774512632E-8,5.3543843068064483E-8,5.6270737235547409E-8,5.3543843068064483E-8,5.4063423774512632E-8,4.9494078980347256E-8],[5.4063423774512632E-8,5.86403591879214E-8,5.8213085939027274E-8,6.0903868148998586E-8,5.8213085939027274E-8,5.86403591879214E-8,5.4063423774512632E-8],[5.3543843068064483E-8,5.8213085939027274E-8,5.9560440930515151E-8,6.0910199296597416E-8,5.9560440930515158E-8,5.8213085939027274E-8,5.3543843068064483E-8],[5.6270737235547409E-8,6.0903868148998586E-8,6.0910199296597416E-8,6.3412276379727353E-8,6.0910199296597416E-8,6.0903868148998586E-8,5.6270737235547409E-8],[5.3543843068064483E-8,5.8213085939027274E-8,5.9560440930515158E-8,6.0910199296597416E-8,5.9560440930515158E-8,5.8213085939027274E-8,5.3543843068064483E-8],[5.4063423774512632E-8,5.86403591879214E-8,5.8213085939027274E-8,6.0903868148998586E-8,5.8213085939027274E-8,5.86403591879214E-8,5.4063423774512632E-8],[4.9494078980347256E-8,5.4063423774512632E-8,5.3543843068064483E-8,5.6270737235547409E-8,5.3543843068064483E-8,5.4063423774512632E-8,4.9494078980347256E-8]],[[5.2255625408945308E-8,5.6891109026567686E-8,5.6364425899150574E-8,5.9131606676752554E-8,5.6364425899150568E-8,5.6891109026567686E-8,5.2255625408945308E-8],[5.6891109026567686E-8,6.1529514436500529E-8,6.1096846394863233E-8,6.382445887926939E-8,6.109684639486322E-8,6.1529514436500529E-8,5.6891109026567686E-8],[5.6364425899150574E-8,6.1096846394863233E-8,6.2462427030087425E-8,6.3830440821403985E-8,6.2462427030087425E-8,6.109684639486322E-8,5.6364425899150568E-8],[5.9131606676752554E-8,6.382445887926939E-8,6.3830440821403985E-8,6.6365951015527948E-8,6.3830440821403985E-8,6.382445887926939E-8,5.9131606676752554E-8],[5.6364425899150568E-8,6.109684639486322E-8,6.2462427030087425E-8,6.3830440821403985E-8,6.2462427030087425E-8,6.109684639486322E-8,5.6364425899150568E-8],[5.6891109026567686E-8,6.1529514436500529E-8,6.109684639486322E-8,6.382445887926939E-8,6.109684639486322E-8,6.1529514436500529E-8,5.6891109026567686E-8],[5.2255625408945308E-8,5.6891109026567686E-8,5.6364425899150568E-8,5.9131606676752554E-8,5.6364425899150568E-8,5.6891109026567686E-8,5.2255625408945308E-8]],[[5.50562836601527E-8,5.9756030307234889E-8,5.9222424963765008E-8,6.2028711888102732E-8,5.9222424963765008E-8,5.9756030307234889E-8,5.50562836601527E-8],[5.9756030307234889E-8,6.4454356185669937E-8,6.4016412094046923E-8,6.6779895692536556E-8,6.4016412094046923E-8,6.4454356185669937E-8,5.9756030307234889E-8],[5.9222424963765008E-8,6.4016412094046923E-8,6.5399753449702438E-8,6.6785557088937541E-8,6.5399753449702438E-8,6.4016412094046923E-8,5.9222424963765008E-8],[6.2028711888102732E-8,6.6779895692536556E-8,6.6785557088937541E-8,6.935366619866629E-8,6.6785557088937541E-8,6.6779895692536556E-8,6.2028711888102732E-8],[5.9222424963765008E-8,6.4016412094046923E-8,6.5399753449702438E-8,6.6785557088937541E-8,6.5399753449702438E-8,6.4016412094046923E-8,5.9222424963765008E-8],[5.9756030307234889E-8,6.4454356185669937E-8,6.4016412094046923E-8,6.6779895692536556E-8,6.4016412094046923E-8,6.4454356185669937E-8,5.9756030307234889E-8],[5.50562836601527E-8,5.9756030307234889E-8,5.9222424963765008E-8,6.2028711888102732E-8,5.9222424963765008E-8,5.9756030307234889E-8,5.50562836601527E-8]],[[5.7894978548774511E-8,6.265727654959726E-8,6.2116914206136524E-8,6.4961231853167755E-8,6.2116914206136524E-8,6.265727654959726E-8,5.7894978548774511E-8],[6.265727654959726E-8,6.74140994484282E-8,6.6970989221978124E-8,6.9769464518094277E-8,6.6970989221978124E-8,6.74140994484282E-8,6.265727654959726E-8],[6.2116914206136524E-8,6.6970989221978124E-8,6.8371664524525984E-8,6.9774830631638735E-8,6.8371664524525984E-8,6.6970989221978124E-8,6.2116914206136524E-8],[6.4961231853167755E-8,6.9769464518094277E-8,6.9774830631638735E-8,7.2374771922700546E-8,6.9774830631638735E-8,6.9769464518094277E-8,6.4961231853167755E-8],[6.2116914206136524E-8,6.6970989221978124E-8,6.8371664524525984E-8,6.9774830631638735E-8,6.8371664524525984E-8,6.6970989221978124E-8,6.2116914206136524E-8],[6.265727654959726E-8,6.74140994484282E-8,6.6970989221978124E-8,6.9769464518094277E-8,6.6970989221978124E-8,6.74140994484282E-8,6.265727654959726E-8],[5.7894978548774511E-8,6.265727654959726E-8,6.2116914206136524E-8,6.4961231853167755E-8,6.2116914206136524E-8,6.265727654959726E-8,5.7894978548774511E-8]],[[6.07707272662108E-8,6.5594009146632009E-8,6.50470419162332E-8,6.7928407192072508E-8,6.50470419162332E-8,6.5594009146632009E-8,6.07707272662108E-8],[6.5594009146632009E-8,7.0408016112623058E-8,6.9959841973094364E-8,7.27924994849251E-8,6.9959841973094364E-8,7.0408016112623058E-8,6.5594009146632009E-8],[6.50470419162332E-8,6.9959841973094364E-8,7.1377457889432275E-8,7.2797592566263274E-8,7.1377457889432275E-8,6.9959841973094364E-8,6.50470419162332E-8],[6.7928407192072508E-8,7.27924994849251E-8,7.2797592566263274E-8,7.54286584050584E-8,7.2797592566263274E-8,7.27924994849251E-8,6.7928407192072508E-8],[6.50470419162332E-8,6.9959841973094364E-8,7.1377457889432275E-8,7.2797592566263274E-8,7.1377457889432275E-8,6.9959841973094364E-8,6.50470419162332E-8],[6.5594009146632009E-8,7.0408016112623058E-8,6.9959841973094364E-8,7.27924994849251E-8,6.9959841973094364E-8,7.0408016112623058E-8,6.5594009146632009E-8],[6.07707272662108E-8,6.5594009146632009E-8,6.50470419162332E-8,6.7928407192072508E-8,6.50470419162332E-8,6.5594009146632009E-8,6.07707272662108E-8]],[[6.36826281190797E-8,6.8565452939722337E-8,6.80120214930916E-8,7.0929532365450377E-8,6.80120214930916E-8,6.8565452939722337E-8,6.36826281190797E-8],[6.8565452939722337E-8,7.34354276835935E-8,7.2982285161696577E-8,7.58483766396909E-8,7.2982285161696577E-8,7.34354276835935E-8,6.8565452939722337E-8],[6.80120214930916E-8,7.2982285161696577E-8,7.4416477621209787E-8,7.5853216268153413E-8,7.4416477621209787E-8,7.2982285161696577E-8,6.80120214930916E-8],[7.0929532365450377E-8,7.58483766396909E-8,7.5853216268153413E-8,7.8514750704375226E-8,7.5853216268153413E-8,7.58483766396909E-8,7.0929532365450377E-8],[6.80120214930916E-8,7.2982285161696577E-8,7.4416477621209787E-8,7.5853216268153413E-8,7.4416477621209787E-8,7.2982285161696577E-8,6.80120214930916E-8],[6.8565452939722337E-8,7.34354276835935E-8,7.2982285161696577E-8,7.58483766396909E-8,7.2982285161696577E-8,7.34354276835935E-8,6.8565452939722337E-8],[6.36826281190797E-8,6.8565452939722337E-8,6.80120214930916E-8,7.0929532365450377E-8,6.80120214930916E-8,6.8565452939722337E-8,6.36826281190797E-8]],[[6.6629850539210686E-8,7.1570888222460872E-8,7.1011123252953468E-8,7.39639487580263E-8,7.1011123252953468E-8,7.1570888222460872E-8,6.6629850539210686E-8],[7.1570888222460872E-8,7.6495698848345652E-8,7.6037677670102431E-8,7.893650837819803E-8,7.6037677670102431E-8,7.6495698848345652E-8,7.1570888222460872E-8],[7.1011123252953468E-8,7.6037677670102431E-8,7.7488108158838259E-8,7.89411117642515E-8,7.7488108158838259E-8,7.6037677670102431E-8,7.1011123252953468E-8],[7.39639487580263E-8,7.893650837819803E-8,7.89411117642515E-8,8.1632503951784993E-8,7.89411117642515E-8,7.893650837819803E-8,7.39639487580263E-8],[7.1011123252953468E-8,7.6037677670102431E-8,7.7488108158838259E-8,7.89411117642515E-8,7.7488108158838259E-8,7.6037677670102431E-8,7.1011123252953468E-8],[7.1570888222460872E-8,7.6495698848345652E-8,7.6037677670102431E-8,7.893650837819803E-8,7.6037677670102431E-8,7.6495698848345652E-8,7.1570888222460872E-8],[6.6629850539210686E-8,7.1570888222460872E-8,7.1011123252953468E-8,7.39639487580263E-8,7.1011123252953468E-8,7.1570888222460872E-8,6.6629850539210686E-8]],[[6.9611626221338545E-8,7.4609643648556763E-8,7.4043667166033143E-8,7.70310385464755E-8,7.4043667166033143E-8,7.4609643648556763E-8,6.9611626221338545E-8],[7.4609643648556763E-8,7.9588231774650079E-8,7.9125416644993675E-8,8.2056338517005378E-8,7.9125416644993675E-8,7.9588231774650079E-8,7.4609643648556763E-8],[7.4043667166033143E-8,7.9125416644993675E-8,8.059176892031255E-8,8.20607207709499E-8,8.059176892031255E-8,7.9125416644993675E-8,7.4043667166033143E-8],[7.70310385464755E-8,8.2056338517005378E-8,8.20607207709499E-8,8.4781399135811464E-8,8.20607207709499E-8,8.2056338517005378E-8,7.70310385464755E-8],[7.4043667166033143E-8,7.9125416644993675E-8,8.059176892031255E-8,8.20607207709499E-8,8.059176892031255E-8,7.9125416644993675E-8,7.4043667166033143E-8],[7.4609643648556763E-8,7.9588231774650079E-8,7.9125416644993675E-8,8.2056338517005378E-8,7.9125416644993675E-8,7.9588231774650079E-8,7.4609643648556763E-8],[6.9611626221338545E-8,7.4609643648556763E-8,7.4043667166033143E-8,7.70310385464755E-8,7.4043667166033143E-8,7.4609643648556763E-8,6.9611626221338545E-8]],[[7.2627241263031755E-8,7.7681089946766019E-8,7.71090164207833E-8,8.0130219268683712E-8,7.71090164207833E-8,7.7681089946766019E-8,7.2627241263031755E-8],[7.7681089946766019E-8,8.27124610691913E-8,8.22449323640445E-8,8.52073379409297E-8,8.22449323640445E-8,8.27124610691913E-8,7.7681089946766019E-8],[7.71090164207833E-8,8.22449323640445E-8,8.3726909544657452E-8,8.5211512311986056E-8,8.3726909544657452E-8,8.22449323640445E-8,7.71090164207833E-8],[8.0130219268683712E-8,8.52073379409297E-8,8.5211512311986056E-8,8.7960939387694742E-8,8.5211512311986056E-8,8.52073379409297E-8,8.0130219268683712E-8],[7.71090164207833E-8,8.22449323640445E-8,8.3726909544657452E-8,8.5211512311986056E-8,8.3726909544657452E-8,8.22449323640445E-8,7.71090164207833E-8],[7.7681089946766019E-8,8.27124610691913E-8,8.22449323640445E-8,8.52073379409297E-8,8.22449323640445E-8,8.27124610691913E-8,7.7681089946766019E-8],[7.2627241263031755E-8,7.7681089946766019E-8,7.71090164207833E-8,8.013021926