{"M_cells":[[[0,0,0,0,0,0,0],[0,0,0,0,0,0,0],[0,0,0,0,0,0,0],[0,0,0,0,0,0,0],[0,0,0,0,0,0,0],[0,0,0,0,0,0,0],[0,0,0,0,0,0,0]],[[9.00123498867089E-8,4.8671751995527334E-7,4.3393454094947954E-7,6.3206386116736422E-7,4.3393454094947949E-7,4.8671751995527334E-7,9.00123498867089E-8],[4.8671751995527334E-7,1.8556889797763942E-6,1.7026938631641718E-6,2.3833601858571383E-6,1.7026938631641718E-6,1.8556889797763942E-6,4.8671751995527334E-7],[4.3393454094947954E-7,1.7026938631641718E-6,2.0769222686450663E-6,2.4526461067409393E-6,2.0769222686450663E-6,1.7026938631641718E-6,4.3393454094947949E-7],[6.3206386116736422E-7,2.3833601858571383E-6,2.4526461067409393E-6,3.2132852174472366E-6,2.4526461067409393E-6,2.3833601858571383E-6,6.3206386116736422E-7],[4.3393454094947949E-7,1.7026938631641718E-6,2.0769222686450663E-6,2.4526461067409393E-6,2.0769222686450667E-6,1.7026938631641718E-6,4.3393454094947949E-7],[4.8671751995527334E-7,1.8556889797763942E-6,1.7026938631641718E-6,2.3833601858571383E-6,1.7026938631641718E-6,1.8556889797763942E-6,4.8671751995527334E-7],[9.00123498867089E-8,4.8671751995527334E-7,4.3393454094947949E-7,6.3206386116736422E-7,4.3393454094947949E-7,4.8671751995527334E-7,9.00123498867089E-8]],[[5.1155075246406677E-7,1.5113924148051521E-6,1.3800478593347627E-6,1.8986748036078261E-6,1.3800478593347624E-6,1.5113924148051521E-6,5.1155075246406677E-7],[1.5113924148051521E-6,3.3983694638632657E-6,3.1908351214865059E-6,4.1799172432508153E-6,3.1908351214865059E-6,3.3983694638632657E-6,1.5113924148051521E-6],[1.3800478593347627E-6,3.1908351214865059E-6,3.7200769448847416E-6,4.2505968902676217E-6,3.7200769448847416E-6,3.1908351214865059E-6,1.3800478593347624E-6],[1.8986748036078261E-6,4.1799172432508153E-6,4.2505968902676217E-6,5.2977132589101205E-6,4.2505968902676217E-6,4.1799172432508153E-6,1.8986748036078261E-6],[1.3800478593347624E-6,3.1908351214865059E-6,3.7200769448847416E-6,4.2505968902676217E-6,3.7200769448847416E-6,3.1908351214865059E-6,1.3800478593347624E-6],[1.5113924148051521E-6,3.3983694638632657E-6,3.1908351214865059E-6,4.1799172432508153E-6,3.1908351214865059E-6,3.3983694638632661E-6,1.5113924148051521E-6],[5.1155075246406677E-7,1.5113924148051521E-6,1.3800478593347624E-6,1.8986748036078261E-6,1.3800478593347624E-6,1.5113924148051521E-6,5.1155075246406677E-7]],[[1.2629801598958758E-6,2.7401626755901082E-6,2.5484223333945916E-6,3.3410706029492719E-6,2.5484223333945916E-6,2.7401626755901082E-6,1.2629801598958758E-6],[2.7401626755901082E-6,4.8257801654999175E-6,4.6011847774660064E-6,5.7394694416112277E-6,4.6011847774660064E-6,4.8257801654999175E-6,2.7401626755901082E-6],[2.5484223333945916E-6,4.6011847774660064E-6,5.1970805871501185E-6,5.7941730717798859E-6,5.1970805871501185E-6,4.6011847774660064E-6,2.5484223333945916E-6],[3.3410706029492719E-6,5.7394694416112277E-6,5.7941730717798859E-6,6.9492198967653337E-6,5.7941730717798859E-6,5.7394694416112277E-6,3.3410706029492719E-6],[2.5484223333945916E-6,4.6011847774660064E-6,5.1970805871501185E-6,5.7941730717798859E-6,5.1970805871501185E-6,4.6011847774660064E-6,2.5484223333945916E-6],[2.7401626755901082E-6,4.8257801654999175E-6,4.6011847774660064E-6,5.7394694416112277E-6,4.6011847774660064E-6,4.8257801654999175E-6,2.7401626755901082E-6],[1.2629801598958758E-6,2.7401626755901082E-6,2.5484223333945916E-6,3.3410706029492719E-6,2.5484223333945916E-6,2.7401626755901082E-6,1.2629801598958758E-6]],[[2.2521176417661878E-6,4.0482121463664072E-6,3.818430783165E-6,4.8102148052629423E-6,3.818430783165E-6,4.0482121463664064E-6,2.252117641766187E-6],[4.0482121463664072E-6,6.212920532707944E-6,5.9854656536285835E-6,7.2012090655842731E-6,5.9854656536285827E-6,6.2129205327079431E-6,4.0482121463664064E-6],[3.818430783165E-6,5.9854656536285835E-6,6.6118788627374446E-6,7.2394583306887294E-6,6.6118788627374446E-6,5.9854656536285827E-6,3.818430783165E-6],[4.8102148052629423E-6,7.2012090655842731E-6,7.2394583306887294E-6,8.4355122578125552E-6,7.2394583306887294E-6,7.2012090655842731E-6,4.8102148052629423E-6],[3.818430783165E-6,5.9854656536285827E-6,6.6118788627374446E-6,7.2394583306887294E-6,6.6118788627374446E-6,5.9854656536285827E-6,3.818430783165E-6],[4.0482121463664064E-6,6.2129205327079431E-6,5.9854656536285827E-6,7.2012090655842731E-6,5.9854656536285827E-6,6.2129205327079431E-6,4.0482121463664064E-6],[2.252117641766187E-6,4.0482121463664064E-6,3.818430783165E-6,4.8102148052629423E-6,3.818430783165E-6,4.0482121463664064E-6,2.252117641766187E-6]],[[3.3941995772863557E-6,5.3887021257708844E-6,5.1377150859786216E-6,6.2647766141546155E-6,5.1377150859786216E-6,5.3887021257708836E-6,3.3941995772863548E-6],[5.3887021257708844E-6,7.5874091706446569E-6,7.3620582119626567E-6,8.6207914051090629E-6,7.3620582119626567E-6,7.5874091706446569E-6,5.3887021257708836E-6],[5.1377150859786216E-6,7.3620582119626567E-6,8.0035593755968639E-6,8.6462156162582258E-6,8.0035593755968639E-6,7.3620582119626567E-6,5.1377150859786216E-6],[6.2647766141546155E-6,8.6207914051090629E-6,8.6462156162582258E-6,9.8582302890646184E-6,8.6462156162582241E-6,8.6207914051090612E-6,6.2647766141546147E-6],[5.1377150859786216E-6,7.3620582119626567E-6,8.0035593755968639E-6,8.6462156162582241E-6,8.0035593755968622E-6,7.3620582119626567E-6,5.1377150859786216E-6],[5.3887021257708836E-6,7.5874091706446569E-6,7.3620582119626567E-6,8.6207914051090612E-6,7.3620582119626567E-6,7.5874091706446569E-6,5.3887021257708836E-6],[3.3941995772863548E-6,5.3887021257708836E-6,5.1377150859786216E-6,6.2647766141546147E-6,5.1377150859786216E-6,5.3887021257708836E-6,3.3941995772863548E-6]],[[4.6298243331694618E-6,6.7438478309529711E-6,6.4823904015533346E-6,7.6984782921323265E-6,6.4823904015533346E-6,6.7438478309529711E-6,4.629824333169461E-6],[6.7438478309529711E-6,8.9592018434910552E-6,8.7372772115328826E-6,1.002130692300256E-5,8.7372772115328826E-6,8.9592018434910552E-6,6.7438478309529711E-6],[6.4823904015533346E-6,8.7372772115328826E-6,9.3869010786410267E-6,1.0037676155299223E-5,9.3869010786410267E-6,8.7372772115328826E-6,6.4823904015533346E-6],[7.6984782921323265E-6,1.002130692300256E-5,1.0037676155299223E-5,1.1256307153260324E-5,1.0037676155299223E-5,1.002130692300256E-5,7.6984782921323265E-6],[6.4823904015533346E-6,8.7372772115328826E-6,9.3869010786410267E-6,1.0037676155299223E-5,9.3869010786410267E-6,8.7372772115328826E-6,6.4823904015533346E-6],[6.7438478309529711E-6,8.9592018434910552E-6,8.7372772115328826E-6,1.002130692300256E-5,8.7372772115328826E-6,8.9592018434910552E-6,6.7438478309529711E-6],[4.629824333169461E-6,6.7438478309529711E-6,6.4823904015533346E-6,7.6984782921323265E-6,6.4823904015533346E-6,6.7438478309529711E-6,4.629824333169461E-6]],[[5.9214437481149166E-6,8.1067022288228881E-6,7.8409756825326182E-6,9.1148202834794109E-6,7.8409756825326182E-6,8.1067022288228881E-6,5.9214437481149166E-6],[8.1067022288228881E-6,1.0331725944711402E-5,1.0113171032463687E-5,1.141284986838003E-5,1.0113171032463687E-5,1.0331725944711402E-5,8.1067022288228881E-6],[7.8409756825326182E-6,1.0113171032463687E-5,1.0767563316047798E-5,1.1423105776948394E-5,1.0767563316047798E-5,1.0113171032463687E-5,7.8409756825326182E-6],[9.1148202834794109E-6,1.141284986838003E-5,1.1423105776948394E-5,1.2644889711129584E-5,1.1423105776948394E-5,1.141284986838003E-5,9.1148202834794109E-6],[7.8409756825326182E-6,1.0113171032463687E-5,1.0767563316047798E-5,1.1423105776948394E-5,1.0767563316047798E-5,1.0113171032463687E-5,7.8409756825326182E-6],[8.1067022288228881E-6,1.0331725944711402E-5,1.0113171032463687E-5,1.141284986838003E-5,1.0113171032463687E-5,1.0331725944711402E-5,8.1067022288228881E-6],[5.9214437481149166E-6,8.1067022288228881E-6,7.8409756825326182E-6,9.1148202834794109E-6,7.8409756825326182E-6,8.1067022288228881E-6,5.9214437481149166E-6]],[[7.2464703583759186E-6,9.4743891763285226E-6,9.2076758269007629E-6,1.0518842690570182E-5,9.2076758269007629E-6,9.4743891763285226E-6,7.2464703583759186E-6],[9.4743891763285226E-6,1.1706037081074823E-5,1.1490336237143356E-5,1.2800137417106875E-5,1.1490336237143356E-5,1.1706037081074823E-5,9.4743891763285226E-6],[9.2076758269007629E-6,1.1490336237143356E-5,1.2147770442069752E-5,1.2806354932594102E-5,1.2147770442069752E-5,1.1490336237143356E-5,9.2076758269007629E-6],[1.0518842690570182E-5,1.2800137417106875E-5,1.2806354932594102E-5,1.4030025516792346E-5,1.2806354932594102E-5,1.2800137417106875E-5,1.0518842690570182E-5],[9.2076758269007629E-6,1.1490336237143356E-5,1.2147770442069752E-5,1.2806354932594102E-5,1.2147770442069752E-5,1.1490336237143356E-5,9.2076758269007629E-6],[9.4743891763285226E-6,1.1706037081074823E-5,1.1490336237143356E-5,1.2800137417106875E-5,1.1490336237143356E-5,1.1706037081074823E-5,9.4743891763285226E-6],[7.2464703583759186E-6,9.4743891763285226E-6,9.2076758269007629E-6,1.0518842690570182E-5,9.2076758269007629E-6,9.4743891763285226E-6,7.2464703583759186E-6]],[[8.59165071736494E-6,1.0845592770774632E-5,1.0579445061361869E-5,1.191481555813045E-5,1.0579445061361869E-5,1.0845592770774632E-5,8.59165071736494E-6],[1.0845592770774632E-5,1.3082360119788969E-5,1.2868907822340713E-5,1.4185545006876925E-5,1.2868907822340713E-5,1.3082360119788969E-5,1.0845592770774632E-5],[1.0579445061361869E-5,1.2868907822340713E-5,1.3528439593535569E-5,1.4189122247417583E-5,1.3528439593535569E-5,1.2868907822340713E-5,1.0579445061361869E-5],[1.191481555813045E-5,1.4185545006876925E-5,1.4189122247417583E-5,1.5414229217466156E-5,1.4189122247417583E-5,1.4185545006876925E-5,1.191481555813045E-5],[1.0579445061361869E-5,1.2868907822340713E-5,1.3528439593535569E-5,1.4189122247417583E-5,1.3528439593535569E-5,1.2868907822340713E-5,1.0579445061361869E-5],[1.0845592770774632E-5,1.3082360119788969E-5,1.2868907822340713E-5,1.4185545006876925E-5,1.2868907822340713E-5,1.3082360119788969E-5,1.0845592770774632E-5],[8.59165071736494E-6,1.0845592770774632E-5,1.0579445061361869E-5,1.191481555813045E-5,1.0579445061361869E-5,1.0845592770774632E-5,8.59165071736494E-6]],[[9.9492928201725918E-6,1.2219623422241803E-5,1.1954634509574871E-5,1.3305864073655036E-5,1.1954634509574871E-5,1.2219623422241803E-5,9.9492928201725918E-6],[1.2219623422241803E-5,1.446065249296727E-5,1.4248892717545948E-5,1.5570358684923968E-5,1.4248892717545948E-5,1.446065249296727E-5,1.2219623422241803E-5],[1.1954634509574871E-5,1.4248892717545948E-5,1.4909978900124943E-5,1.5572216791995494E-5,1.4909978900124943E-5,1.4248892717545948E-5,1.1954634509574871E-5],[1.3305864073655036E-5,1.5570358684923968E-5,1.5572216791995494E-5,1.6798608952894478E-5,1.5572216791995494E-5,1.5570358684923968E-5,1.3305864073655036E-5],[1.1954634509574871E-5,1.4248892717545948E-5,1.4909978900124943E-5,1.5572216791995494E-5,1.4909978900124943E-5,1.4248892717545948E-5,1.1954634509574871E-5],[1.2219623422241803E-5,1.446065249296727E-5,1.4248892717545948E-5,1.5570358684923968E-5,1.4248892717545948E-5,1.446065249296727E-5,1.2219623422241803E-5],[9.9492928201725918E-6,1.2219623422241803E-5,1.1954634509574871E-5,1.3305864073655036E-5,1.1954634509574871E-5,1.2219623422241803E-5,9.9492928201725918E-6]],[[1.131493980965211E-5,1.3596065986512869E-5,1.3332334436745765E-5,1.4694138394417823E-5,1.3332334436745765E-5,1.3596065986512869E-5,1.131493980965211E-5],[1.3596065986512869E-5,1.5840803945166956E-5,1.5630273230464835E-5,1.6955318176989729E-5,1.5630273230464835E-5,1.5840803945166956E-5,1.3596065986512869E-5],[1.3332334436745765E-5,1.5630273230464835E-5,1.6292589003076875E-5,1.6956057431154445E-5,1.6292589003076875E-5,1.5630273230464835E-5,1.3332334436745765E-5],[1.4694138394417823E-5,1.6955318176989729E-5,1.6956057431154445E-5,1.8183689896350448E-5,1.6956057431154445E-5,1.6955318176989729E-5,1.4694138394417823E-5],[1.3332334436745765E-5,1.5630273230464835E-5,1.6292589003076875E-5,1.6956057431154445E-5,1.6292589003076875E-5,1.5630273230464835E-5,1.3332334436745765E-5],[1.3596065986512869E-5,1.5840803945166956E-5,1.5630273230464835E-5,1.6955318176989729E-5,1.5630273230464835E-5,1.584080394516696E-5,1.3596065986512871E-5],[1.131493980965211E-5,1.3596065986512869E-5,1.3332334436745765E-5,1.4694138394417823E-5,1.3332334436745765E-5,1.3596065986512871E-5,1.131493980965211E-5]],[[1.2685995516257638E-5,1.4974642410424409E-5,1.4712037738173532E-5,1.6081073933352845E-5,1.4712037738173532E-5,1.4974642410424409E-5,1.2685995516257638E-5],[1.4974642410424409E-5,1.722270262522215E-5,1.7013033726100513E-5,1.8340867999794223E-5,1.7013033726100513E-5,1.722270262522215E-5,1.4974642410424409E-5],[1.4712037738173532E-5,1.7013033726100513E-5,1.7676378894261179E-5,1.834087773203087E-5,1.7676378894261182E-5,1.7013033726100513E-5,1.4712037738173532E-5],[1.6081073933352845E-5,1.8340867999794223E-5,1.834087773203087E-5,1.9569740683895489E-5,1.834087773203087E-5,1.8340867999794223E-5,1.6081073933352845E-5],[1.4712037738173532E-5,1.7013033726100513E-5,1.7676378894261182E-5,1.834087773203087E-5,1.7676378894261182E-5,1.7013033726100513E-5,1.4712037738173532E-5],[1.4974642410424409E-5,1.722270262522215E-5,1.7013033726100513E-5,1.8340867999794223E-5,1.7013033726100513E-5,1.722270262522215E-5,1.4974642410424411E-5],[1.2685995516257638E-5,1.4974642410424409E-5,1.4712037738173532E-5,1.6081073933352845E-5,1.4712037738173532E-5,1.4974642410424411E-5,1.2685995516257638E-5]],[[1.4060930726712756E-5,1.635515383953775E-5,1.6093460447805873E-5,1.7467613870217683E-5,1.6093460447805873E-5,1.635515383953775E-5,1.4060930726712756E-5],[1.635515383953775E-5,1.8606253242400948E-5,1.839716402414141E-5,1.9727282432427854E-5,1.839716402414141E-5,1.8606253242400948E-5,1.635515383953775E-5],[1.6093460447805873E-5,1.839716402414141E-5,1.9061412068312573E-5,1.9726814836630963E-5,1.9061412068312573E-5,1.839716402414141E-5,1.6093460447805873E-5],[1.7467613870217683E-5,1.9727282432427854E-5,1.9726814836630963E-5,2.0956907727648934E-5,1.9726814836630963E-5,1.9727282432427854E-5,1.7467613870217683E-5],[1.6093460447805873E-5,1.839716402414141E-5,1.9061412068312573E-5,1.9726814836630963E-5,1.9061412068312573E-5,1.839716402414141E-5,1.6093460447805873E-5],[1.635515383953775E-5,1.8606253242400948E-5,1.839716402414141E-5,1.9727282432427854E-5,1.839716402414141E-5,1.8606253242400948E-5,1.635515383953775E-5],[1.4060930726712756E-5,1.635515383953775E-5,1.6093460447805873E-5,1.7467613870217683E-5,1.6093460447805873E-5,1.635515383953775E-5,1.4060930726712756E-5]],[[1.5438829966927189E-5,1.7737452854569836E-5,1.7476443043434422E-5,1.8854372204892002E-5,1.7476443043434422E-5,1.7737452854569836E-5,1.5438829966927189E-5],[1.7737452854569836E-5,1.9991378968119851E-5,1.978265721459646E-5,2.111473246685175E-5,1.978265721459646E-5,1.9991378968119851E-5,1.7737452854569836E-5],[1.7476443043434422E-5,1.978265721459646E-5,2.0447726218666887E-5,2.1113951025078437E-5,2.0447726218666887E-5,1.978265721459646E-5,1.7476443043434422E-5],[1.8854372204892002E-5,2.111473246685175E-5,2.1113951025078437E-5,2.2345273670545796E-5,2.1113951025078437E-5,2.111473246685175E-5,1.8854372204892002E-5],[1.7476443043434422E-5,1.978265721459646E-5,2.0447726218666887E-5,2.1113951025078437E-5,2.0447726218666887E-5,1.978265721459646E-5,1.7476443043434422E-5],[1.7737452854569836E-5,1.9991378968119851E-5,1.978265721459646E-5,2.111473246685175E-5,1.978265721459646E-5,1.9991378968119851E-5,1.7737452854569836E-5],[1.5438829966927189E-5,1.7737452854569836E-5,1.7476443043434422E-5,1.8854372204892002E-5,1.7476443043434422E-5,1.7737452854569836E-5,1.5438829966927189E-5]],[[1.6819133639139183E-5,1.9121427862274495E-5,1.8860895128317666E-5,2.0241745825207395E-5,1.8860895128317666E-5,1.9121427862274495E-5,1.6819133639139183E-5],[1.9121427862274495E-5,2.137801856396277E-5,2.1169507149410476E-5,2.2503324077285384E-5,2.1169507149410476E-5,2.137801856396277E-5,1.9121427862274495E-5],[1.8860895128317666E-5,2.1169507149410476E-5,2.1835342610503624E-5,2.2502334964599358E-5,2.1835342610503624E-5,2.1169507149410476E-5,1.8860895128317666E-5],[2.0241745825207395E-5,2.2503324077285384E-5,2.2502334964599358E-5,2.3734884829377723E-5,2.2502334964599358E-5,2.2503324077285384E-5,2.0241745825207395E-5],[1.8860895128317666E-5,2.1169507149410476E-5,2.1835342610503624E-5,2.2502334964599358E-5,2.1835342610503624E-5,2.1169507149410476E-5,1.8860895128317666E-5],[1.9121427862274495E-5,2.137801856396277E-5,2.1169507149410476E-5,2.2503324077285384E-5,2.1169507149410476E-5,2.137801856396277E-5,1.9121427862274495E-5],[1.6819133639139183E-5,1.9121427862274495E-5,1.8860895128317666E-5,2.0241745825207395E-5,1.8860895128317666E-5,1.9121427862274495E-5,1.6819133639139183E-5]],[[1.8201490977818742E-5,2.0506993026981306E-5,2.0246764139520179E-5,2.1629989230164427E-5,2.0246764139520179E-5,2.0506993026981306E-5,1.8201490977818742E-5],[2.0506993026981306E-5,2.2766122714389206E-5,2.255770678121376E-5,2.3893121242451371E-5,2.255770678121376E-5,2.2766122714389206E-5,2.0506993026981306E-5],[2.0246764139520179E-5,2.255770678121376E-5,2.3224271190856497E-5,2.3891993588702452E-5,2.3224271190856497E-5,2.255770678121376E-5,2.0246764139520179E-5],[2.1629989230164427E-5,2.3893121242451371E-5,2.3891993588702452E-5,2.5125765275216539E-5,2.3891993588702452E-5,2.3893121242451371E-5,2.1629989230164427E-5],[2.0246764139520179E-5,2.255770678121376E-5,2.3224271190856497E-5,2.3891993588702452E-5,2.3224271190856497E-5,2.255770678121376E-5,2.0246764139520179E-5],[2.0506993026981306E-5,2.2766122714389206E-5,2.255770678121376E-5,2.3893121242451371E-5,2.255770678121376E-5,2.2766122714389206E-5,2.0506993026981306E-5],[1.8201490977818742E-5,2.0506993026981306E-5,2.0246764139520179E-5,2.1629989230164427E-5,2.0246764139520179E-5,2.0506993026981306E-5,1.8201490977818742E-5]],[[1.958567560914993E-5,2.1894081202078055E-5,2.1634017639039606E-5,2.3019263633891774E-5,2.1634017639039606E-5,2.1894081202078055E-5,1.958567560914993E-5],[2.1894081202078055E-5,2.4155650798215917E-5,2.3947247329730904E-5,2.5284160322131981E-5,2.3947247329730904E-5,2.4155650798215917E-5,2.1894081202078055E-5],[2.1634017639039606E-5,2.3947247329730904E-5,2.4614513756018395E-5,2.528293926445825E-5,2.4614513756018395E-5,2.3947247329730904E-5,2.1634017639039606E-5],[2.3019263633891774E-5,2.5284160322131981E-5,2.528293926445825E-5,2.6517924725273965E-5,2.528293926445825E-5,2.5284160322131981E-5,2.3019263633891774E-5],[2.1634017639039606E-5,2.3947247329730904E-5,2.4614513756018395E-5,2.528293926445825E-5,2.4614513756018395E-5,2.3947247329730904E-5,2.1634017639039606E-5],[2.1894081202078055E-5,2.4155650798215917E-5,2.3947247329730904E-5,2.5284160322131981E-5,2.3947247329730904E-5,2.4155650798215917E-5,2.1894081202078055E-5],[1.958567560914993E-5,2.1894081202078055E-5,2.1634017639039606E-5,2.3019263633891774E-5,2.1634017639039606E-5,2.1894081202078055E-5,1.958567560914993E-5]],[[2.0971536521566591E-5,2.3282638774381268E-5,2.3022633368532643E-5,2.4409669033989612E-5,2.3022633368532643E-5,2.3282638774381268E-5,2.0971536521566591E-5],[2.3282638774381268E-5,2.5546568363737824E-5,2.5338118010370909E-5,2.6676459273448757E-5,2.5338118010370909E-5,2.5546568363737824E-5,2.3282638774381268E-5],[2.3022633368532643E-5,2.5338118010370909E-5,2.6006066104747515E-5,2.6675174369686832E-5,2.6006066104747515E-5,2.5338118010370909E-5,2.3022633368532643E-5],[2.4409669033989612E-5,2.6676459273448757E-5,2.6675174369686832E-5,2.7911363309962946E-5,2.6675174369686832E-5,2.6676459273448757E-5,2.4409669033989612E-5],[2.3022633368532643E-5,2.5338118010370909E-5,2.6006066104747515E-5,2.6675174369686832E-5,2.6006066104747515E-5,2.5338118010370909E-5,2.3022633368532643E-5],[2.3282638774381268E-5,2.5546568363737824E-5,2.5338118010370909E-5,2.6676459273448757E-5,2.5338118010370909E-5,2.5546568363737824E-5,2.3282638774381268E-5],[2.0971536521566591E-5,2.3282638774381268E-5,2.3022633368532643E-5,2.4409669033989612E-5,2.3022633368532643E-5,2.3282638774381268E-5,2.0971536521566591E-5]],[[2.2358969183442965E-5,2.4672621863260878E-5,2.4412593755986462E-5,2.58012651225673E-5,2.4412593755986462E-5,2.4672621863260878E-5,2.2358969183442965E-5],[2.4672621863260878E-5,2.6938845257910751E-5,2.6730306083759836E-5,2.8070023669066585E-5,2.6730306083759836E-5,2.6938845257910751E-5,2.4672621863260878E-5],[2.4412593755986462E-5,2.6730306083759836E-5,2.7398919582290626E-5,2.8068694331064943E-5,2.7398919582290626E-5,2.6730306083759836E-5,2.4412593755986462E-5],[2.58012651225673E-5,2.8070023669066585E-5,2.8068694331064943E-5,2.93060746166477E-5,2.8068694331064943E-5,2.8070023669066585E-5,2.58012651225673E-5],[2.4412593755986462E-5,2.6730306083759836E-5,2.7398919582290626E-5,2.8068694331064943E-5,2.7398919582290626E-5,2.6730306083759836E-5,2.4412593755986462E-5],[2.4672621863260878E-5,2.6938845257910751E-5,2.6730306083759836E-5,2.8070023669066585E-5,2.6730306083759836E-5,2.6938845257910751E-5,2.4672621863260878E-5],[2.2358969183442965E-5,2.4672621863260878E-5,2.4412593755986462E-5,2.58012651225673E-5,2.4412593755986462E-5,2.4672621863260878E-5,2.2358969183442965E-5]],[[2.3747898237432816E-5,2.6063993525345223E-5,2.5803882966657214E-5,2.7194084939162136E-5,2.5803882966657214E-5,2.6063993525345223E-5,2.3747898237432816E-5],[2.6063993525345223E-5,2.8332454280738561E-5,2.8123797060910205E-5,2.9464850680275256E-5,2.8123797060910205E-5,2.8332454280738561E-5,2.6063993525345223E-5],[2.5803882966657214E-5,2.8123797060910205E-5,2.8793062217010779E-5,2.9463489691928936E-5,2.8793062217010779E-5,2.8123797060910205E-5,2.5803882966657214E-5],[2.7194084939162136E-5,2.9464850680275256E-5,2.9463489691928936E-5,3.0702047707421515E-5,2.9463489691928936E-5,2.9464850680275256E-5,2.7194084939162136E-5],[2.5803882966657214E-5,2.8123797060910205E-5,2.8793062217010779E-5,2.9463489691928936E-5,2.8793062217010779E-5,2.8123797060910205E-5,2.5803882966657214E-5],[2.6063993525345223E-5,2.8332454280738561E-5,2.8123797060910205E-5,2.9464850680275256E-5,2.8123797060910205E-5,2.8332454280738561E-5,2.6063993525345223E-5],[2.3747898237432816E-5,2.6063993525345223E-5,2.5803882966657214E-5,2.7194084939162136E-5,2.5803882966657214E-5,2.6063993525345223E-5,2.3747898237432816E-5]],[[2.5138266937205886E-5,2.7456721714941495E-5,2.7196485393865952E-5,2.8588143811612824E-5,2.7196485393865952E-5,2.7456721714941495E-5,2.5138266937205886E-5],[2.7456721714941495E-5,2.9727370235886754E-5,2.9518574964856078E-5,3.0860931740883415E-5,2.9518574964856078E-5,2.9727370235886754E-5,2.7456721714941495E-5],[2.7196485393865952E-5,2.9518574964856078E-5,3.0188479566687298E-5,3.0859547543033717E-5,3.0188479566687298E-5,2.9518574964856078E-5,2.7196485393865952E-5],[2.8588143811612824E-5,3.0860931740883415E-5,3.0859547543033717E-5,3.2099268489808096E-5,3.0859547543033717E-5,3.0860931740883415E-5,2.8588143811612824E-5],[2.7196485393865952E-5,2.9518574964856078E-5,3.0188479566687298E-5,3.0859547543033717E-5,3.0188479566687298E-5,2.9518574964856082E-5,2.7196485393865952E-5],[2.7456721714941495E-5,2.9727370235886754E-5,2.9518574964856078E-5,3.0860931740883415E-5,2.9518574964856082E-5,2.972737023588676E-5,2.7456721714941495E-5],[2.5138266937205886E-5,2.7456721714941495E-5,2.7196485393865952E-5,2.8588143811612824E-5,2.7196485393865952E-5,2.7456721714941495E-5,2.5138266937205886E-5]],[[2.6530030576564069E-5,2.885077781055038E-5,2.859038495085633E-5,2.9983445235504495E-5,2.859038495085633E-5,2.885077781055038E-5,2.6530030576564069E-5],[2.885077781055038E-5,3.1123569270781705E-5,3.0914622595121145E-5,3.22582543446793E-5,3.0914622595121145E-5,3.1123569270781712E-5,2.885077781055038E-5],[2.859038495085633E-5,3.0914622595121145E-5,3.1585155351554757E-5,3.2256852524010036E-5,3.1585155351554764E-5,3.0914622595121145E-5,2.859038495085633E-5],[2.9983445235504495E-5,3.22582543446793E-5,3.2256852524010036E-5,3.3497720663072181E-5,3.2256852524010036E-5,3.22582543446793E-5,2.9983445235504495E-5],[2.859038495085633E-5,3.0914622595121145E-5,3.1585155351554764E-5,3.2256852524010036E-5,3.1585155351554764E-5,3.0914622595121145E-5,2.859038495085633E-5],[2.885077781055038E-5,3.1123569270781712E-5,3.0914622595121145E-5,3.22582543446793E-5,3.0914622595121145E-5,3.1123569270781712E-5,2.885077781055038E-5],[2.6530030576564069E-5,2.885077781055038E-5,2.859038495085633E-5,2.9983445235504495E-5,2.859038495085633E-5,2.885077781055038E-5,2.6530030576564069E-5]],[[2.7923152327416492E-5,3.0246135561605416E-5,2.998556479642107E-5,3.13799847597124E-5,2.998556479642107E-5,3.0246135561605416E-5,2.7923152327416492E-5],[3.0246135561605416E-5,3.252102842425043E-5,3.2311921769412436E-5,3.3656803268190073E-5,3.2311921769412436E-5,3.252102842425043E-5,3.0246135561605416E-5],[2.998556479642107E-5,3.2311921769412436E-5,3.2983071928878963E-5,3.365538753070928E-5,3.2983071928878963E-5,3.2311921769412436E-5,2.998556479642107E-5],[3.13799847597124E-5,3.3656803268190073E-5,3.365538753070928E-5,3.4897386379157762E-5,3.365538753070928E-5,3.3656803268190073E-5,3.13799847597124E-5],[2.998556479642107E-5,3.2311921769412436E-5,3.2983071928878963E-5,3.365538753070928E-5,3.2983071928878963E-5,3.2311921769412436E-5,2.998556479642107E-5],[3.0246135561605416E-5,3.252102842425043E-5,3.2311921769412436E-5,3.3656803268190073E-5,3.2311921769412436E-5,3.2521028424250437E-5,3.0246135561605416E-5],[2.7923152327416492E-5,3.0246135561605416E-5,2.998556479642107E-5,3.13799847597124E-5,2.998556479642107E-5,3.0246135561605416E-5,2.7923152327416492E-5]],[[2.9317600560568595E-5,3.1642770343918395E-5,3.1382007285502204E-5,3.2777752568766556E-5,3.1382007285502204E-5,3.1642770343918395E-5,2.9317600560568595E-5],[3.1642770343918395E-5,3.391972532112594E-5,3.3710453532939591E-5,3.5056561409270741E-5,3.3710453532939591E-5,3.391972532112594E-5,3.1642770343918395E-5],[3.1382007285502204E-5,3.3710453532939591E-5,3.4382210649526668E-5,3.505513421893914E-5,3.4382210649526668E-5,3.3710453532939591E-5,3.1382007285502204E-5],[3.2777752568766556E-5,3.5056561409270741E-5,3.505513421893914E-5,3.6298246708764621E-5,3.505513421893914E-5,3.5056561409270741E-5,3.2777752568766556E-5],[3.1382007285502204E-5,3.3710453532939591E-5,3.4382210649526668E-5,3.505513421893914E-5,3.4382210649526668E-5,3.3710453532939591E-5,3.1382007285502204E-5],[3.1642770343918395E-5,3.391972532112594E-5,3.3710453532939591E-5,3.5056561409270741E-5,3.3710453532939591E-5,3.391972532112594E-5,3.1642770343918395E-5],[2.9317600560568595E-5,3.1642770343918395E-5,3.1382007285502204E-5,3.2777752568766556E-5,3.1382007285502204E-5,3.1642770343918395E-5,2.9317600560568595E-5]],[[3.0713347097784951E-5,3.304065863958693E-5,3.27796940281515E-5,3.4176735209937133E-5,3.27796940281515E-5,3.304065863958693E-5,3.0713347097784951E-5],[3.304065863958693E-5,3.5319637969964941E-5,3.5110198334205004E-5,3.6457510367213233E-5,3.5110198334205004E-5,3.5319637969964941E-5,3.304065863958693E-5],[3.27796940281515E-5,3.5110198334205004E-5,3.5782552126792579E-5,3.6456073366264566E-5,3.5782552126792579E-5,3.5110198334205004E-5,3.27796940281515E-5],[3.4176735209937133E-5,3.6457510367213233E-5,3.6456073366264566E-5,3.7700281973100239E-5,3.6456073366264566E-5,3.6457510367213233E-5,3.4176735209937133E-5],[3.27796940281515E-5,3.5110198334205004E-5,3.5782552126792579E-5,3.6456073366264566E-5,3.5782552126792579E-5,3.5110198334205004E-5,3.27796940281515E-5],[3.304065863958693E-5,3.5319637969964941E-5,3.5110198334205004E-5,3.6457510367213233E-5,3.5110198334205004E-5,3.5319637969964941E-5,3.304065863958693E-5],[3.0713347097784951E-5,3.304065863958693E-5,3.27796940281515E-5,3.4176735209937133E-5,3.27796940281515E-5,3.304065863958693E-5,3.0713347097784951E-5]],[[3.2110366059935669E-5,3.4439777678580055E-5,3.41786059934508E-5,3.5576916756414678E-5,3.41786059934508E-5,3.4439777678580055E-5,3.2110366059935669E-5],[3.4439777678580055E-5,3.6720744632569947E-5,3.6511136170123662E-5,3.78596308479492E-5,3.6511136170123662E-5,3.6720744632569947E-5,3.4439777678580055E-5],[3.41786059934508E-5,3.6511136170123662E-5,3.7184076440169754E-5,3.7858185134382457E-5,3.7184076440169754E-5,3.6511136170123662E-5,3.41786059934508E-5],[3.5576916756414678E-5,3.78596308479492E-5,3.7858185134382457E-5,3.910347198248081E-5,3.7858185134382457E-5,3.78596308479492E-5,3.5576916756414678E-5],[3.41786059934508E-5,3.6511136170123662E-5,3.7184076440169754E-5,3.7858185134382457E-5,3.7184076440169754E-5,3.6511136170123662E-5,3.41786059934508E-5],[3.4439777678580055E-5,3.6720744632569947E-5,3.6511136170123662E-5,3.78596308479492E-5,3.6511136170123662E-5,3.6720744632569947E-5,3.4439777678580055E-5],[3.2110366059935669E-5,3.4439777678580055E-5,3.41786059934508E-5,3.5576916756414678E-5,3.41786059934508E-5,3.4439777678580055E-5,3.2110366059935669E-5]],[[3.350863310323913E-5,3.58401051957746E-5,3.5578723625324779E-5,3.6978279596906246E-5,3.5578723625324779E-5,3.58401051957746E-5,3.350863310323913E-5],[3.58401051957746E-5,3.8123023743171858E-5,3.7913246704869445E-5,3.9262902950287794E-5,3.7913246704869445E-5,3.8123023743171858E-5,3.58401051957746E-5],[3.5578723625324779E-5,3.7913246704869445E-5,3.858676329102381E-5,3.9261449261589311E-5,3.858676329102381E-5,3.7913246704869445E-5,3.5578723625324779E-5],[3.6978279596906246E-5,3.9262902950287794E-5,3.9261449261589311E-5,4.0507796210079696E-5,3.9261449261589311E-5,3.9262902950287794E-5,3.6978279596906246E-5],[3.5578723625324779E-5,3.7913246704869445E-5,3.858676329102381E-5,3.9261449261589311E-5,3.858676329102381E-5,3.7913246704869445E-5,3.5578723625324779E-5],[3.58401051957746E-5,3.8123023743171858E-5,3.7913246704869445E-5,3.9262902950287794E-5,3.7913246704869445E-5,3.8123023743171858E-5,3.58401051957746E-5],[3.350863310323913E-5,3.58401051957746E-5,3.5578723625324779E-5,3.6978279596906246E-5,3.5578723625324779E-5,3.58401051957746E-5,3.350863310323913E-5]],[[3.4908124911825084E-5,3.7241619269788692E-5,3.698002695419555E-5,3.8380804976515426E-5,3.698002695419555E-5,3.7241619269788692E-5,3.4908124911825084E-5],[3.7241619269788692E-5,3.9526453861742081E-5,3.9316509367110944E-5,4.0667306370865569E-5,3.9316509367110944E-5,3.9526453861742081E-5,3.7241619269788692E-5],[3.698002695419555E-5,3.9316509367110944E-5,3.9990592122812819E-5,4.0665845205960123E-5,3.9990592122812819E-5,3.9316509367110944E-5,3.698002695419555E-5],[3.8380804976515426E-5,4.0667306370865569E-5,4.0665845205960123E-5,4.1913233920411067E-5,4.0665845205960123E-5,4.0667306370865569E-5,3.8380804976515426E-5],[3.698002695419555E-5,3.9316509367110944E-5,3.9990592122812819E-5,4.0665845205960123E-5,3.9990592122812819E-5,3.9316509367110944E-5,3.698002695419555E-5],[3.7241619269788692E-5,3.9526453861742081E-5,3.9316509367110944E-5,4.0667306370865569E-5,3.9316509367110944E-5,3.9526453861742081E-5,3.7241619269788692E-5],[3.4908124911825084E-5,3.7241619269788692E-5,3.698002695419555E-5,3.8380804976515426E-5,3.698002695419555E-5,3.7241619269788692E-5,3.4908124911825084E-5]],[[3.6308818861559613E-5,3.8644298219333957E-5,3.8382495697687412E-5,3.9784473371188375E-5,3.8382495697687412E-5,3.8644298219333957E-5,3.6308818861559613E-5],[3.8644298219333957E-5,4.0931013650591858E-5,4.0720903429920896E-5,4.20728205532891E-5,4.0720903429920896E-5,4.0931013650591858E-5,3.8644298219333957E-5],[3.8382495697687412E-5,4.0720903429920896E-5,4.1395542215213239E-5,4.2071352253671962E-5,4.1395542215213239E-5,4.0720903429920896E-5,3.8382495697687412E-5],[3.9784473371188375E-5,4.20728205532891E-5,4.2071352253671962E-5,4.3319764266141086E-5,4.2071352253671962E-5,4.20728205532891E-5,3.9784473371188375E-5],[3.8382495697687412E-5,4.0720903429920896E-5,4.1395542215213239E-5,4.2071352253671962E-5,4.1395542215213239E-5,4.0720903429920896E-5,3.8382495697687412E-5],[3.8644298219333957E-5,4.0931013650591858E-5,4.0720903429920896E-5,4.20728205532891E-5,4.0720903429920896E-5,4.0931013650591858E-5,3.8644298219333957E-5],[3.6308818861559613E-5,3.8644298219333957E-5,3.8382495697687412E-5,3.9784473371188375E-5,3.8382495697687412E-5,3.8644298219333957E-5,3.6308818861559613E-5]],[[3.7710692799282925E-5,4.0048120539722172E-5,3.9786109348434416E-5,4.1189264750250309E-5,3.9786109348434416E-5,4.0048120539722172E-5,3.7710692799282925E-5],[4.0048120539722172E-5,4.2336681866738327E-5,4.2126408077039895E-5,4.3479424798803204E-5,4.2126408077039895E-5,4.2336681866738327E-5,4.0048120539722172E-5],[3.9786109348434416E-5,4.2126408077039895E-5,4.2801592759063966E-5,4.3477949602615139E-5,4.2801592759063966E-5,4.2126408077039895E-5,3.9786109348434416E-5],[4.1189264750250309E-5,4.3479424798803204E-5,4.3477949602615139E-5,4.4727366362692659E-5,4.3477949602615139E-5,4.3479424798803204E-5,4.1189264750250309E-5],[3.9786109348434416E-5,4.2126408077039895E-5,4.2801592759063966E-5,4.3477949602615139E-5,4.2801592759063966E-5,4.2126408077039895E-5,3.9786109348434416E-5],[4.0048120539722172E-5,4.2336681866738327E-5,4.2126408077039895E-5,4.3479424798803204E-5,4.2126408077039895E-5,4.2336681866738327E-5,4.0048120539722172E-5],[3.7710692799282925E-5,4.0048120539722172E-5,3.9786109348434416E-5,4.1189264750250309E-5,3.9786109348434416E-5,4.0048120539722172E-5,3.7710692799282925E-5]],[[3.9113724900294274E-5,4.1453064867214306E-5,4.1190847249441236E-5,4.2595158763298082E-5,4.1190847249441236E-5,4.1453064867214306E-5,3.9113724900294274E-5],[4.1453064867214306E-5,4.3743437364855518E-5,4.3533002458530454E-5,4.4887098350313976E-5,4.3533002458530454E-5,4.3743437364855518E-5,4.1453064867214306E-5],[4.1190847249441236E-5,4.3533002458530454E-5,4.4208722917219394E-5,4.4885616428434841E-5,4.4208722917219394E-5,4.3533002458530454E-5,4.1190847249441236E-5],[4.2595158763298082E-5,4.4887098350313976E-5,4.4885616428434841E-5,4.6136019347245987E-5,4.4885616428434841E-5,4.4887098350313976E-5,4.2595158763298082E-5],[4.1190847249441236E-5,4.3533002458530454E-5,4.4208722917219394E-5,4.4885616428434841E-5,4.4208722917219394E-5,4.3533002458530454E-5,4.1190847249441236E-5],[4.1453064867214306E-5,4.3743437364855518E-5,4.3533002458530454E-5,4.4887098350313976E-5,4.3533002458530454E-5,4.3743437364855518E-5,4.1453064867214306E-5],[3.9113724900294274E-5,4.1453064867214306E-5,4.1190847249441236E-5,4.2595158763298082E-5,4.1190847249441236E-5,4.1453064867214306E-5,3.9113724900294274E-5]],[[4.0517893579074421E-5,4.2859109962519651E-5,4.2596688658430835E-5,4.4002134875717179E-5,4.2596688658430835E-5,4.2859109962519651E-5,4.0517893579074421E-5],[4.2859109962519651E-5,4.515125910723613E-5,4.494066573822968E-5,4.6295820457861741E-5,4.494066573822968E-5,4.515125910723613E-5,4.2859109962519651E-5],[4.2596688658430835E-5,4.494066573822968E-5,4.561691187502531E-5,4.6294331938022974E-5,4.561691187502531E-5,4.494066573822968E-5,4.2596688658430835E-5],[4.4002134875717179E-5,4.6295820457861741E-5,4.6294331938022974E-5,4.754570242672231E-5,4.6294331938022974E-5,4.6295820457861741E-5,4.4002134875717179E-5],[4.2596688658430835E-5,4.494066573822968E-5,4.561691187502531E-5,4.6294331938022974E-5,4.561691187502531E-5,4.494066573822968E-5,4.2596688658430835E-5],[4.2859109962519651E-5,4.515125910723613E-5,4.494066573822968E-5,4.6295820457861741E-5,4.494066573822968E-5,4.515125910723613E-5,4.2859109962519651E-5],[4.0517893579074421E-5,4.2859109962519651E-5,4.2596688658430835E-5,4.4002134875717179E-5,4.2596688658430835E-5,4.2859109962519651E-5,4.0517893579074421E-5]],[[4.1923177436265074E-5,4.4266234707345918E-5,4.4003612802951685E-5,4.541017246911466E-5,4.4003612802951685E-5,4.4266234707345918E-5,4.1923177436265074E-5],[4.4266234707345918E-5,4.6560126178316556E-5,4.6349377134895835E-5,4.7705570431106781E-5,4.6349377134895835E-5,4.6560126178316556E-5,4.4266234707345918E-5],[4.4003612802951685E-5,4.6349377134895835E-5,4.7026138883137412E-5,4.7704075414003333E-5,4.7026138883137412E-5,4.6349377134895835E-5,4.4003612802951685E-5],[4.541017246911466E-5,4.7705570431106781E-5,4.7704075414003333E-5,4.8956394917949847E-5,4.7704075414003333E-5,4.7705570431106781E-5,4.541017246911466E-5],[4.4003612802951685E-5,4.6349377134895835E-5,4.7026138883137412E-5,4.7704075414003333E-5,4.7026138883137412E-5,4.6349377134895835E-5,4.4003612802951685E-5],[4.4266234707345918E-5,4.6560126178316556E-5,4.6349377134895835E-5,4.7705570431106781E-5,4.6349377134895835E-5,4.6560126178316556E-5,4.4266234707345918E-5],[4.1923177436265074E-5,4.4266234707345918E-5,4.4003612802951685E-5,4.541017246911466E-5,4.4003612802951685E-5,4.4266234707345918E-5,4.1923177436265074E-5]],[[4.3329555230331653E-5,4.5674418109759905E-5,4.5411598927927743E-5,4.6819250917651166E-5,4.5411598927927743E-5,4.5674418109759905E-5,4.3329555230331653E-5],[4.5674418109759905E-5,4.797001780208903E-5,4.7759115958486067E-5,4.9116327682637083E-5,4.7759115958486067E-5,4.797001780208903E-5,4.5674418109759905E-5],[4.5411598927927743E-5,4.7759115958486067E-5,4.8436383294640292E-5,4.9114826252687428E-5,4.8436383294640292E-5,4.7759115958486067E-5,4.5411598927927743E-5],[4.6819250917651166E-5,4.9116327682637083E-5,4.9114826252687428E-5,5.0368076282215546E-5,4.9114826252687428E-5,4.9116327682637083E-5,4.6819250917651166E-5],[4.5411598927927743E-5,4.7759115958486067E-5,4.8436383294640292E-5,4.9114826252687428E-5,4.8436383294640292E-5,4.7759115958486067E-5,4.5411598927927743E-5],[4.5674418109759905E-5,4.797001780208903E-5,4.7759115958486067E-5,4.9116327682637083E-5,4.7759115958486067E-5,4.797001780208903E-5,4.5674418109759905E-5],[4.3329555230331653E-5,4.5674418109759905E-5,4.5411598927927743E-5,4.6819250917651166E-5,4.5411598927927743E-5,4.5674418109759905E-5,4.3329555230331653E-5]],[[4.4737005865975242E-5,4.7083639315387416E-5,4.682062633714994E-5,4.8229349647710757E-5,4.682062633714994E-5,4.7083639315387416E-5,4.4737005865975242E-5],[4.7083639315387416E-5,4.9380913361240926E-5,4.9169861642654954E-5,5.0528071764718688E-5,4.9169861642654954E-5,4.9380913361240926E-5,4.7083639315387416E-5],[4.682062633714994E-5,4.9169861642654954E-5,4.9847624597879425E-5,5.0526563997237073E-5,4.9847624597879425E-5,4.9169861642654954E-5,4.682062633714994E-5],[4.8229349647710757E-5,5.0528071764718688E-5,5.0526563997237073E-5,5.1780726155720009E-5,5.0526563997237073E-5,5.0528071764718688E-5,4.8229349647710757E-5],[4.682062633714994E-5,4.9169861642654954E-5,4.9847624597879425E-5,5.0526563997237073E-5,4.9847624597879425E-5,4.9169861642654954E-5,4.682062633714994E-5],[4.7083639315387416E-5,4.9380913361240926E-5,4.9169861642654954E-5,5.0528071764718688E-5,4.9169861642654954E-5,4.9380913361240926E-5,4.7083639315387416E-5],[4.4737005865975242E-5,4.7083639315387416E-5,4.682062633714994E-5,4.8229349647710757E-5,4.682062633714994E-5,4.7083639315387416E-5,4.4737005865975242E-5]],[[4.6145508393819752E-5,4.84938776224173E-5,4.823067442995238E-5,4.9640448185950977E-5,4.823067442995238E-5,4.84938776224173E-5,4.6145508393819752E-5],[4.84938776224173E-5,5.0792792417234936E-5,5.0581593774284558E-5,5.1940782401282875E-5,5.0581593774284558E-5,5.0792792417234936E-5,4.84938776224173E-5],[4.823067442995238E-5,5.0581593774284558E-5,5.125984244601651E-5,5.19392683672426E-5,5.125984244601651E-5,5.0581593774284558E-5,4.823067442995238E-5],[4.9640448185950977E-5,5.1940782401282875E-5,5.19392683672426E-5,5.3194324376969864E-5,5.19392683672426E-5,5.1940782401282875E-5,4.9640448185950977E-5],[4.823067442995238E-5,5.0581593774284558E-5,5.125984244601651E-5,5.19392683672426E-5,5.125984244601651E-5,5.0581593774284558E-5,4.823067442995238E-5],[4.84938776224173E-5,5.0792792417234936E-5,5.0581593774284558E-5,5.1940782401282875E-5,5.0581593774284558E-5,5.0792792417234936E-5,4.84938776224173E-5],[4.6145508393819752E-5,4.84938776224173E-5,4.823067442995238E-5,4.9640448185950977E-5,4.823067442995238E-5,4.84938776224173E-5,4.6145508393819752E-5]],[[4.7555042017652474E-5,4.9905112498952276E-5,4.9641722734045111E-5,5.1052526199146164E-5,4.9641722734045111E-5,4.9905112498952276E-5,4.7555042017652474E-5],[4.9905112498952276E-5,5.2205634730746857E-5,5.1994292120614188E-5,5.3354439516352124E-5,5.1994292120614188E-5,5.2205634730746857E-5,4.9905112498952276E-5],[4.9641722734045111E-5,5.1994292120614188E-5,5.2673016683998091E-5,5.3352919285528133E-5,5.2673016683998091E-5,5.1994292120614188E-5,4.9641722734045111E-5],[5.1052526199146164E-5,5.3354439516352124E-5,5.3352919285528133E-5,5.46088510117816E-5,5.3352919285528133E-5,5.3354439516352124E-5,5.1052526199146164E-5],[4.9641722734045111E-5,5.1994292120614188E-5,5.2673016683998091E-5,5.3352919285528133E-5,5.2673016683998091E-5,5.1994292120614188E-5,4.9641722734045111E-5],[4.9905112498952276E-5,5.2205634730746857E-5,5.1994292120614188E-5,