{"M_cells":[[[0,0,0,0,0,0,0,0,0,0,0,0],[0,0,0,0,0,0,0,0,0,0,0,0],[0,0,0,0,0,0,0,0,0,0,0,0],[0,0,0,0,0,0,0,0,0,0,0,0],[0,0,0,0,0.0045,0,0.0045,0,0,0,0,0],[0,0,0,0,0,0,0,0,0,0,0,0],[0,0,0,0,0.0045,0,0.0045,0,0,0,0,0],[0,0,0,0,0,0,0,0,0,0,0,0],[0,0,0,0,0,0,0,0,0,0,0,0],[0,0,0,0,0,0,0,0,0,0,0,0],[0,0,0,0,0,0,0,0,0,0,0,0],[0,0,0,0,0,0,0,0,0,0,0,0]],[[0,0,0,0,0,0,0,0,0,0,0,0],[0,2.2428754925733365E-44,2.9944978985457089E-37,2.6095296386833935E-30,1.1146643365846136E-23,5.2190592773667414E-30,1.1146643365846136E-23,2.6095296386833935E-30,2.9944978985457085E-37,2.2428754925733415E-44,1.2324935955710069E-51,0],[0,2.9944978985457089E-37,3.9142944580250743E-30,3.343993009753722E-23,1.404000748292112E-16,6.6879860195073841E-23,1.404000748292112E-16,3.343993009753722E-23,3.9142944580250736E-30,2.9944978985457156E-37,1.6821566194300112E-44,0],[0,2.6095296386833935E-30,3.343993009753722E-23,2.8080014965841334E-16,1.1681106041293892E-9,5.6160029931682135E-16,1.1681106041293892E-9,2.8080014965841334E-16,3.3439930097537226E-23,2.6095296386833998E-30,1.4972489492728691E-37,0],[0,1.1146643365846136E-23,1.404000748292112E-16,1.1681106041293892E-9,0.00500688910953417,2.3362212082587553E-9,0.00500688910953417,1.168110604129389E-9,1.404000748292112E-16,1.114664336584617E-23,6.5238240967087491E-31,0],[0,5.2190592773667414E-30,6.6879860195073841E-23,5.6160029931682135E-16,2.3362212082587553E-9,1.1232005986336324E-15,2.3362212082587553E-9,5.6160029931682135E-16,6.6879860195073841E-23,5.2190592773667547E-30,2.9944978985457127E-37,0],[0,1.1146643365846136E-23,1.404000748292112E-16,1.1681106041293892E-9,0.00500688910953417,2.3362212082587553E-9,0.00500688910953417,1.168110604129389E-9,1.404000748292112E-16,1.114664336584617E-23,6.5238240967087491E-31,0],[0,2.6095296386833935E-30,3.343993009753722E-23,2.8080014965841334E-16,1.168110604129389E-9,5.6160029931682135E-16,1.168110604129389E-9,2.8080014965841334E-16,3.3439930097537226E-23,2.6095296386833998E-30,1.4972489492728691E-37,0],[0,2.9944978985457085E-37,3.9142944580250736E-30,3.3439930097537226E-23,1.404000748292112E-16,6.6879860195073841E-23,1.404000748292112E-16,3.3439930097537226E-23,3.9142944580250736E-30,2.9944978985457156E-37,1.6821566194300114E-44,0],[0,2.2428754925733415E-44,2.9944978985457156E-37,2.6095296386833998E-30,1.114664336584617E-23,5.2190592773667547E-30,1.114664336584617E-23,2.6095296386833998E-30,2.9944978985457156E-37,2.2428754925733459E-44,1.2324935955710096E-51,0],[0,1.2324935955710069E-51,1.6821566194300112E-44,1.4972489492728691E-37,6.5238240967087491E-31,2.9944978985457127E-37,6.5238240967087491E-31,1.4972489492728691E-37,1.6821566194300114E-44,1.2324935955710096E-51,6.6206024503298556E-59,0],[0,0,0,0,0,0,0,0,0,0,0,0]],[[0,0,0,0,0,0,0,0,0,0,0,0],[0,1.7024755270115563E-42,1.0809835972368092E-35,4.5425205227780381E-29,9.505305262850354E-23,9.0850410455557343E-29,9.505305262850354E-23,4.5425205227780381E-29,1.0809835972368092E-35,1.7024755270115748E-42,1.9933291428442832E-49,0],[0,1.0809835972368092E-35,6.8137807841669294E-29,2.8515915788546742E-22,5.9908937777678324E-16,5.7031831577091293E-22,5.9908937777678324E-16,2.8515915788546742E-22,6.8137807841669294E-29,1.0809835972368215E-35,1.2768566452586997E-42,0],[0,4.5425205227780381E-29,2.8515915788546742E-22,1.1981787555534069E-15,2.5943494261338848E-9,2.3963575111067228E-15,2.5943494261338848E-9,1.1981787555534069E-15,2.8515915788546742E-22,4.5425205227780886E-29,5.404917986184285E-36,0],[0,9.505305262850354E-23,5.9908937777678324E-16,2.5943494261338848E-9,0.0065431658728120285,5.1886988522675785E-9,0.0065431658728120285,2.5943494261338844E-9,5.9908937777678294E-16,9.50530526285046E-23,1.1356301306947092E-29,0],[0,9.0850410455557343E-29,5.7031831577091293E-22,2.3963575111067228E-15,5.1886988522675785E-9,4.7927150222132633E-15,5.1886988522675785E-9,2.3963575111067228E-15,5.7031831577091293E-22,9.0850410455558364E-29,1.0809835972368172E-35,0],[0,9.505305262850354E-23,5.9908937777678324E-16,2.5943494261338848E-9,0.0065431658728120285,5.1886988522675785E-9,0.0065431658728120285,2.5943494261338844E-9,5.9908937777678294E-16,9.50530526285046E-23,1.1356301306947092E-29,0],[0,4.5425205227780381E-29,2.8515915788546742E-22,1.1981787555534069E-15,2.5943494261338844E-9,2.3963575111067228E-15,2.5943494261338844E-9,1.1981787555534067E-15,2.8515915788546733E-22,4.542520522778088E-29,5.4049179861842837E-36,0],[0,1.0809835972368092E-35,6.8137807841669294E-29,2.8515915788546742E-22,5.9908937777678294E-16,5.7031831577091293E-22,5.9908937777678294E-16,2.8515915788546733E-22,6.8137807841669283E-29,1.0809835972368215E-35,1.2768566452586997E-42,0],[0,1.7024755270115748E-42,1.0809835972368215E-35,4.5425205227780886E-29,9.50530526285046E-23,9.0850410455558364E-29,9.50530526285046E-23,4.542520522778088E-29,1.0809835972368215E-35,1.7024755270115936E-42,1.9933291428443052E-49,0],[0,1.9933291428442832E-49,1.2768566452586997E-42,5.404917986184285E-36,1.1356301306947092E-29,1.0809835972368172E-35,1.1356301306947092E-29,5.4049179861842837E-36,1.2768566452586997E-42,1.9933291428443052E-49,2.3115124631485405E-56,0],[0,0,0,0,0,0,0,0,0,0,0,0]],[[0,0,0,0,0,0,0,0,0,0,0,0],[0,2.0822949653476907E-41,8.7180314014821846E-35,2.4331849495033814E-28,3.4171374981443535E-22,4.8663698990063476E-28,3.4171374981443535E-22,2.4331849495033814E-28,8.7180314014821825E-35,2.0822949653477432E-41,3.7187442463202774E-48,0],[0,8.7180314014821846E-35,3.6497774242549172E-28,1.025141249442957E-21,1.4720445673732164E-15,2.0502824988857402E-21,1.4720445673732164E-15,1.025141249442957E-21,3.6497774242549168E-28,8.718031401482407E-35,1.5617212240108603E-41,0],[0,2.4331849495033814E-28,1.025141249442957E-21,2.9440891347455812E-15,4.5350841433678016E-9,5.8881782694906756E-15,4.5350841433678016E-9,2.9440891347455808E-15,1.025141249442957E-21,2.4331849495034446E-28,4.3590157007415381E-35,0],[0,3.4171374981443535E-22,1.4720445673732164E-15,4.5350841433678016E-9,0.0091011623435064033,9.0701682867349167E-9,0.0091011623435064033,4.5350841433678008E-9,1.472044567373216E-15,3.4171374981444386E-22,6.0829623737609E-29,0],[0,4.8663698990063476E-28,2.0502824988857402E-21,5.8881782694906756E-15,9.0701682867349167E-9,1.1776356538980375E-14,9.0701682867349167E-9,5.888178269490674E-15,2.0502824988857395E-21,4.8663698990064723E-28,8.7180314014823257E-35,0],[0,3.4171374981443535E-22,1.4720445673732164E-15,4.5350841433678016E-9,0.0091011623435064033,9.0701682867349167E-9,0.0091011623435064033,4.5350841433678008E-9,1.472044567373216E-15,3.4171374981444386E-22,6.0829623737609E-29,0],[0,2.4331849495033814E-28,1.025141249442957E-21,2.9440891347455808E-15,4.5350841433678008E-9,5.888178269490674E-15,4.5350841433678008E-9,2.9440891347455804E-15,1.0251412494429566E-21,2.4331849495034442E-28,4.3590157007415376E-35,0],[0,8.7180314014821825E-35,3.6497774242549168E-28,1.025141249442957E-21,1.472044567373216E-15,2.0502824988857395E-21,1.472044567373216E-15,1.0251412494429566E-21,3.6497774242549168E-28,8.7180314014824059E-35,1.56172122401086E-41,0],[0,2.0822949653477432E-41,8.718031401482407E-35,2.4331849495034446E-28,3.4171374981444386E-22,4.8663698990064723E-28,3.4171374981444386E-22,2.4331849495034442E-28,8.7180314014824059E-35,2.0822949653477962E-41,3.7187442463203703E-48,0],[0,3.7187442463202774E-48,1.5617212240108603E-41,4.3590157007415381E-35,6.0829623737609E-29,8.7180314014823257E-35,6.0829623737609E-29,4.3590157007415376E-35,1.56172122401086E-41,3.7187442463203703E-48,6.6105985482701482E-55,0],[0,0,0,0,0,0,0,0,0,0,0,0]],[[0,0,0,0,0,0,0,0,0,0,0,0],[0,1.2330080260130481E-40,3.8713530465385833E-34,8.1542030811944418E-28,8.729498099730352E-22,1.6308406162386419E-27,8.729498099730352E-22,8.1542030811944418E-28,3.8713530465385833E-34,1.2330080260131046E-40,2.9494164038090656E-47,0],[0,3.8713530465385833E-34,1.2231304621790739E-27,2.618849429917556E-21,2.9190998279777066E-15,5.2376988598343394E-21,2.9190998279777066E-15,2.618849429917556E-21,1.2231304621790739E-27,3.8713530465387612E-34,9.24756019509885E-41,0],[0,8.1542030811944418E-28,2.618849429917556E-21,5.83819965595256E-15,7.24477248433891E-9,1.1676399311903487E-14,7.24477248433891E-9,5.8381996559525592E-15,2.618849429917556E-21,8.154203081194813E-28,1.9356765232696462E-34,0],[0,8.729498099730352E-22,2.9190998279777066E-15,7.24477248433891E-9,0.01267326770891304,1.4489544968676068E-8,0.01267326770891304,7.2447724843389092E-9,2.9190998279777051E-15,8.7294980997307357E-22,2.0385507703000588E-28,0],[0,1.6308406162386419E-27,5.2376988598343394E-21,1.1676399311903487E-14,1.4489544968676068E-8,2.3352798623803695E-14,1.4489544968676068E-8,1.1676399311903482E-14,5.2376988598343387E-21,1.6308406162387162E-27,3.8713530465387E-34,0],[0,8.729498099730352E-22,2.9190998279777066E-15,7.24477248433891E-9,0.01267326770891304,1.4489544968676068E-8,0.01267326770891304,7.2447724843389092E-9,2.9190998279777051E-15,8.7294980997307357E-22,2.0385507703000588E-28,0],[0,8.1542030811944418E-28,2.618849429917556E-21,5.8381996559525592E-15,7.2447724843389092E-9,1.1676399311903482E-14,7.2447724843389092E-9,5.8381996559525592E-15,2.6188494299175553E-21,8.1542030811948113E-28,1.9356765232696453E-34,0],[0,3.8713530465385833E-34,1.2231304621790739E-27,2.618849429917556E-21,2.9190998279777051E-15,5.2376988598343387E-21,2.9190998279777051E-15,2.6188494299175553E-21,1.2231304621790735E-27,3.87135304653876E-34,9.2475601950988488E-41,0],[0,1.2330080260131046E-40,3.8713530465387612E-34,8.154203081194813E-28,8.7294980997307357E-22,1.6308406162387162E-27,8.7294980997307357E-22,8.1542030811948113E-28,3.87135304653876E-34,1.2330080260131605E-40,2.9494164038091988E-47,0],[0,2.9494164038090656E-47,9.24756019509885E-41,1.9356765232696462E-34,2.0385507703000588E-28,3.8713530465387E-34,2.0385507703000588E-28,1.9356765232696453E-34,9.2475601950988488E-41,2.9494164038091988E-47,7.0470019825245231E-54,0],[0,0,0,0,0,0,0,0,0,0,0,0]],[[0,0,0,0,0,0,0,0,0,0,0,0],[0,4.9393244872684443E-40,1.2469451137341979E-33,2.1247512675208021E-27,1.8583148427526059E-21,4.2495025350406185E-27,1.8583148427526059E-21,2.1247512675208021E-27,1.2469451137341979E-33,4.9393244872687991E-40,1.4755555370609618E-46,0],[0,1.2469451137341979E-33,3.1871269012808337E-27,5.5749445282528281E-21,5.1634710645665707E-15,1.1149889056503168E-20,5.1634710645665707E-15,5.5749445282528281E-21,3.1871269012808337E-27,1.2469451137342865E-33,3.7044933654519529E-40,0],[0,2.1247512675208021E-27,5.5749445282528281E-21,1.0326942129125701E-14,1.0975976461067693E-8,2.0653884258247164E-14,1.0975976461067693E-8,1.0326942129125701E-14,5.5749445282528273E-21,2.1247512675209503E-27,6.2347255686727636E-34,0],[0,1.8583148427526059E-21,5.1634710645665707E-15,1.0975976461067693E-8,0.017251927875087121,2.1951952922131638E-8,0.017251927875087121,1.0975976461067693E-8,5.1634710645665691E-15,1.85831484275273E-21,5.3118781688078106E-28,0],[0,4.2495025350406185E-27,1.1149889056503168E-20,2.0653884258247164E-14,2.1951952922131638E-8,4.1307768516485789E-14,2.1951952922131638E-8,2.0653884258247158E-14,1.1149889056503166E-20,4.2495025350409148E-27,1.2469451137342571E-33,0],[0,1.8583148427526059E-21,5.1634710645665707E-15,1.0975976461067693E-8,0.017251927875087121,2.1951952922131638E-8,0.017251927875087121,1.0975976461067693E-8,5.1634710645665691E-15,1.85831484275273E-21,5.3118781688078106E-28,0],[0,2.1247512675208021E-27,5.5749445282528281E-21,1.0326942129125701E-14,1.0975976461067693E-8,2.0653884258247158E-14,1.0975976461067693E-8,1.0326942129125701E-14,5.5749445282528273E-21,2.1247512675209503E-27,6.2347255686727619E-34,0],[0,1.2469451137341979E-33,3.1871269012808337E-27,5.5749445282528273E-21,5.1634710645665691E-15,1.1149889056503166E-20,5.1634710645665691E-15,5.5749445282528273E-21,3.1871269012808334E-27,1.2469451137342864E-33,3.7044933654519513E-40,0],[0,4.9393244872687991E-40,1.2469451137342865E-33,2.1247512675209503E-27,1.85831484275273E-21,4.2495025350409148E-27,1.85831484275273E-21,2.1247512675209503E-27,1.2469451137342864E-33,4.9393244872691515E-40,1.4755555370610668E-46,0],[0,1.4755555370609618E-46,3.7044933654519529E-40,6.2347255686727636E-34,5.3118781688078106E-28,1.2469451137342571E-33,5.3118781688078106E-28,6.2347255686727619E-34,3.7044933654519513E-40,1.4755555370610668E-46,4.41631631922658E-53,0],[0,0,0,0,0,0,0,0,0,0,0,0]],[[0,0,0,0,0,0,0,0,0,0,0,0],[0,1.5502206938899344E-39,3.2875249369401489E-33,4.733699761269113E-27,3.5308824417348969E-21,9.4673995225351322E-27,3.5308824417348969E-21,4.733699761269113E-27,3.2875249369401496E-33,1.5502206938900933E-39,5.5351544191157387E-46,0],[0,3.2875249369401489E-33,7.1005496419025054E-27,1.0592647325191544E-20,8.4912836434060264E-15,2.1185294650376513E-20,8.4912836434060264E-15,1.0592647325191542E-20,7.1005496419025054E-27,3.2875249369404814E-33,1.1626655204177295E-39,0],[0,4.733699761269113E-27,1.0592647325191544E-20,1.6982567286795487E-14,1.5979376498051572E-8,3.3965134573581507E-14,1.5979376498051572E-8,1.6982567286795487E-14,1.0592647325191542E-20,4.7336997612695772E-27,1.6437624684707385E-33,0],[0,3.5308824417348969E-21,8.4912836434060264E-15,1.5979376498051572E-8,0.022829645054607096,3.1958752996096044E-8,0.022829645054607096,1.5979376498051572E-8,8.4912836434060264E-15,3.5308824417352249E-21,1.1834249403190995E-27,0],[0,9.4673995225351322E-27,2.1185294650376513E-20,3.3965134573581507E-14,3.1958752996096044E-8,6.7930269147143993E-14,3.1958752996096044E-8,3.3965134573581495E-14,2.1185294650376507E-20,9.4673995225360563E-27,3.2875249369403706E-33,0],[0,3.5308824417348969E-21,8.4912836434060264E-15,1.5979376498051572E-8,0.022829645054607096,3.1958752996096044E-8,0.022829645054607096,1.5979376498051572E-8,8.4912836434060264E-15,3.5308824417352249E-21,1.1834249403190995E-27,0],[0,4.733699761269113E-27,1.0592647325191542E-20,1.6982567286795487E-14,1.5979376498051572E-8,3.3965134573581495E-14,1.5979376498051572E-8,1.6982567286795487E-14,1.0592647325191542E-20,4.7336997612695772E-27,1.6437624684707382E-33,0],[0,3.2875249369401496E-33,7.1005496419025054E-27,1.0592647325191542E-20,8.4912836434060264E-15,2.1185294650376507E-20,8.4912836434060264E-15,1.0592647325191542E-20,7.1005496419025054E-27,3.2875249369404814E-33,1.1626655204177292E-39,0],[0,1.5502206938900933E-39,3.2875249369404814E-33,4.7336997612695772E-27,3.5308824417352249E-21,9.4673995225360563E-27,3.5308824417352249E-21,4.7336997612695772E-27,3.2875249369404814E-33,1.5502206938902525E-39,5.5351544191163089E-46,0],[0,5.5351544191157387E-46,1.1626655204177295E-39,1.6437624684707385E-33,1.1834249403190995E-27,3.2875249369403706E-33,1.1834249403190995E-27,1.6437624684707382E-33,1.1626655204177292E-39,5.5351544191163089E-46,1.9857857949059329E-52,0],[0,0,0,0,0,0,0,0,0,0,0,0]],[[0,0,0,0,0,0,0,0,0,0,0,0],[0,4.1185182957975368E-39,7.5600308585422458E-33,9.4752296595638325E-27,6.2029159849569252E-21,1.8950459319119437E-26,6.2029159849569252E-21,9.475229659563831E-27,7.5600308585422486E-33,4.1185182957981052E-39,1.7054965965042094E-45,0],[0,7.5600308585422458E-33,1.4212844489342663E-26,1.8608747954840541E-20,1.325110365283747E-14,3.7217495909665951E-20,1.325110365283747E-14,1.8608747954840541E-20,1.4212844489342663E-26,7.5600308585432722E-33,3.0888887218491492E-39,0],[0,9.4752296595638325E-27,1.8608747954840541E-20,2.6502207305641789E-14,2.2503785458490562E-8,5.3004414611264588E-14,2.2503785458490562E-8,2.6502207305641789E-14,1.8608747954840541E-20,9.4752296595650651E-27,3.7800154292731681E-33,0],[0,6.2029159849569252E-21,1.325110365283747E-14,2.2503785458490562E-8,0.0293989773569611,4.500757091696865E-8,0.0293989773569611,2.2503785458490562E-8,1.325110365283747E-14,6.2029159849576827E-21,2.3688074148957974E-27,0],[0,1.8950459319119437E-26,3.7217495909665951E-20,5.3004414611264588E-14,4.500757091696865E-8,1.0600882922249113E-13,4.500757091696865E-8,5.3004414611264576E-14,3.7217495909665945E-20,1.89504593191219E-26,7.5600308585429246E-33,0],[0,6.2029159849569252E-21,1.325110365283747E-14,2.2503785458490562E-8,0.0293989773569611,4.500757091696865E-8,0.0293989773569611,2.2503785458490562E-8,1.325110365283747E-14,6.2029159849576827E-21,2.3688074148957974E-27,0],[0,9.475229659563831E-27,1.8608747954840541E-20,2.6502207305641789E-14,2.2503785458490562E-8,5.3004414611264576E-14,2.2503785458490562E-8,2.6502207305641789E-14,1.8608747954840541E-20,9.4752296595650651E-27,3.7800154292731681E-33,0],[0,7.5600308585422486E-33,1.4212844489342663E-26,1.8608747954840541E-20,1.325110365283747E-14,3.7217495909665945E-20,1.325110365283747E-14,1.8608747954840541E-20,1.4212844489342663E-26,7.5600308585432722E-33,3.0888887218491492E-39,0],[0,4.1185182957981052E-39,7.5600308585432722E-33,9.4752296595650651E-27,6.2029159849576827E-21,1.89504593191219E-26,6.2029159849576827E-21,9.4752296595650651E-27,7.5600308585432722E-33,4.1185182957986755E-39,1.7054965965044468E-45,0],[0,1.7054965965042094E-45,3.0888887218491492E-39,3.7800154292731681E-33,2.3688074148957974E-27,7.5600308585429246E-33,2.3688074148957974E-27,3.7800154292731681E-33,3.0888887218491492E-39,1.7054965965044468E-45,7.1159783012341628E-52,0],[0,0,0,0,0,0,0,0,0,0,0,0]],[[0,0,0,0,0,0,0,0,0,0,0,0],[0,9.6946394193733065E-39,1.5740747891770393E-32,1.7539700462125266E-26,1.0281421663625058E-20,3.5079400924231143E-26,1.0281421663625058E-20,1.7539700462125263E-26,1.5740747891770396E-32,9.6946394193750291E-39,4.5553336947348593E-45,0],[0,1.5740747891770393E-32,2.630955069318063E-26,3.0844264990812228E-20,1.9853472658567335E-14,6.168852998159293E-20,1.9853472658567335E-14,3.0844264990812228E-20,2.630955069318063E-26,1.5740747891773136E-32,7.2709795645330086E-39,0],[0,1.7539700462125266E-26,3.0844264990812228E-20,3.9706945317073304E-14,3.079616256842935E-8,7.9413890634111468E-14,3.079616256842935E-8,3.9706945317073304E-14,3.0844264990812228E-20,1.7539700462128164E-26,7.87037394589066E-33,0],[0,1.0281421663625058E-20,1.9853472658567335E-14,3.079616256842935E-8,0.036952538381551346,6.15923251368381E-8,0.036952538381551346,3.079616256842935E-8,1.9853472658567335E-14,1.0281421663626632E-20,4.3849251155427048E-27,0],[0,3.5079400924231143E-26,6.168852998159293E-20,7.9413890634111468E-14,6.15923251368381E-8,1.5882778126815261E-13,6.15923251368381E-8,7.9413890634111456E-14,6.1688529981592918E-20,3.5079400924236946E-26,1.5740747891772219E-32,0],[0,1.0281421663625058E-20,1.9853472658567335E-14,3.079616256842935E-8,0.036952538381551346,6.15923251368381E-8,0.036952538381551346,3.079616256842935E-8,1.9853472658567335E-14,1.0281421663626632E-20,4.3849251155427048E-27,0],[0,1.7539700462125263E-26,3.0844264990812228E-20,3.9706945317073304E-14,3.079616256842935E-8,7.9413890634111456E-14,3.079616256842935E-8,3.9706945317073304E-14,3.0844264990812228E-20,1.7539700462128164E-26,7.87037394589066E-33,0],[0,1.5740747891770396E-32,2.630955069318063E-26,3.0844264990812228E-20,1.9853472658567335E-14,6.1688529981592918E-20,1.9853472658567335E-14,3.0844264990812228E-20,2.630955069318063E-26,1.5740747891773136E-32,7.2709795645330086E-39,0],[0,9.6946394193750291E-39,1.5740747891773136E-32,1.7539700462128164E-26,1.0281421663626632E-20,3.5079400924236946E-26,1.0281421663626632E-20,1.7539700462128164E-26,1.5740747891773136E-32,9.69463941937677E-39,4.5553336947356876E-45,0],[0,4.5553336947348593E-45,7.2709795645330086E-39,7.87037394589066E-33,4.3849251155427048E-27,1.5740747891772219E-32,4.3849251155427048E-27,7.87037394589066E-33,7.2709795645330086E-39,4.5553336947356876E-45,2.1624374008741507E-51,0],[0,0,0,0,0,0,0,0,0,0,0,0]],[[0,0,0,0,0,0,0,0,0,0,0,0],[0,2.0815969838731399E-38,3.0384992095270849E-32,3.0577183516082662E-26,1.6283585609643549E-20,6.11543670321237E-26,1.6283585609643549E-20,3.0577183516082662E-26,3.0384992095270849E-32,2.0815969838736029E-38,1.0916621154664452E-44,0],[0,3.0384992095270849E-32,4.5865775274108393E-26,4.8850756828809096E-20,2.8770445928017422E-14,9.7701513657557346E-20,2.8770445928017422E-14,4.8850756828809096E-20,4.5865775274108393E-26,3.03849920952774E-32,1.5611977379056664E-38,0],[0,3.0577183516082662E-26,4.8850756828809096E-20,5.754089185592785E-14,4.1101627239469949E-8,1.1508178371179451E-13,4.1101627239469949E-8,5.754089185592785E-14,4.8850756828809096E-20,3.05771835160889E-26,1.5192496047648512E-32,0],[0,1.6283585609643549E-20,2.8770445928017422E-14,4.1101627239469949E-8,0.045482996813311125,8.22032544789073E-8,0.045482996813311125,4.1101627239469949E-8,2.8770445928017422E-14,1.6283585609646573E-20,7.6442958790451225E-27,0],[0,6.11543670321237E-26,9.7701513657557346E-20,1.1508178371179451E-13,8.22032544789073E-8,2.3016356742346654E-13,8.22032544789073E-8,1.1508178371179448E-13,9.7701513657557322E-20,6.1154367032136143E-26,3.0384992095275211E-32,0],[0,1.6283585609643549E-20,2.8770445928017422E-14,4.1101627239469949E-8,0.045482996813311125,8.22032544789073E-8,0.045482996813311125,4.1101627239469949E-8,2.8770445928017422E-14,1.6283585609646573E-20,7.6442958790451225E-27,0],[0,3.0577183516082662E-26,4.8850756828809096E-20,5.754089185592785E-14,4.1101627239469949E-8,1.1508178371179448E-13,4.1101627239469949E-8,5.754089185592785E-14,4.8850756828809096E-20,3.05771835160889E-26,1.5192496047648512E-32,0],[0,3.0384992095270849E-32,4.5865775274108393E-26,4.8850756828809096E-20,2.8770445928017422E-14,9.7701513657557322E-20,2.8770445928017422E-14,4.8850756828809096E-20,4.5865775274108393E-26,3.03849920952774E-32,1.5611977379056664E-38,0],[0,2.0815969838736029E-38,3.03849920952774E-32,3.05771835160889E-26,1.6283585609646573E-20,6.1154367032136143E-26,1.6283585609646573E-20,3.05771835160889E-26,3.03849920952774E-32,2.0815969838740675E-38,1.0916621154666946E-44,0],[0,1.0916621154664452E-44,1.5611977379056664E-38,1.5192496047648512E-32,7.6442958790451225E-27,3.0384992095275211E-32,7.6442958790451225E-27,1.5192496047648512E-32,1.5611977379056664E-38,1.0916621154666946E-44,5.79850506833349E-51,0],[0,0,0,0,0,0,0,0,0,0,0,0]],[[0,0,0,0,0,0,0,0,0,0,0,0],[0,4.1576949947711257E-38,5.5249676331316154E-32,5.0815158811713378E-26,2.4852095986237768E-20,1.0163031762334355E-25,2.4852095986237768E-20,5.0815158811713378E-26,5.5249676331316154E-32,4.1576949947722512E-38,2.4025044823578223E-44,0],[0,5.5249676331316154E-32,7.6222738217538911E-26,7.4556287958492311E-20,4.05351340984546E-14,1.49112575916874E-19,4.05351340984546E-14,7.4556287958492311E-20,7.6222738217538911E-26,5.5249676331330561E-32,3.1182712460803161E-38,0],[0,5.0815158811713378E-26,7.4556287958492311E-20,8.1070268196731413E-14,5.3663472790707169E-8,1.6214053639336122E-13,5.3663472790707169E-8,8.1070268196731413E-14,7.4556287958492311E-20,5.0815158811725839E-26,2.7624838165686886E-32,0],[0,2.4852095986237768E-20,4.05351340984546E-14,5.3663472790707169E-8,0.054983076020928535,1.0732694558136463E-7,0.054983076020928535,5.3663472790707182E-8,4.05351340984546E-14,2.4852095986243266E-20,1.2703789702977192E-26,0],[0,1.0163031762334355E-25,1.49112575916874E-19,1.6214053639336122E-13,1.0732694558136463E-7,3.2428107278651888E-13,1.0732694558136463E-7,1.6214053639336119E-13,1.4911257591687398E-19,1.0163031762336847E-25,5.5249676331325766E-32,0],[0,2.4852095986237768E-20,4.05351340984546E-14,5.3663472790707169E-8,0.054983076020928535,1.0732694558136463E-7,0.054983076020928535,5.3663472790707182E-8,4.05351340984546E-14,2.4852095986243266E-20,1.2703789702977192E-26,0],[0,5.0815158811713378E-26,7.4556287958492311E-20,8.1070268196731413E-14,5.3663472790707182E-8,1.6214053639336119E-13,5.3663472790707182E-8,8.1070268196731413E-14,7.4556287958492311E-20,5.0815158811725839E-26,2.7624838165686886E-32,0],[0,5.5249676331316154E-32,7.6222738217538911E-26,7.4556287958492311E-20,4.05351340984546E-14,1.4911257591687398E-19,4.05351340984546E-14,7.4556287958492311E-20,7.6222738217538911E-26,5.5249676331330561E-32,3.1182712460803161E-38,0],[0,4.1576949947722512E-38,5.5249676331330561E-32,5.0815158811725839E-26,2.4852095986243266E-20,1.0163031762336847E-25,2.4852095986243266E-20,5.0815158811725839E-26,5.5249676331330561E-32,4.15769499477338E-38,2.4025044823584919E-44,0],[0,2.4025044823578223E-44,3.1182712460803161E-38,2.7624838165686886E-32,1.2703789702977192E-26,5.5249676331325766E-32,1.2703789702977192E-26,2.7624838165686886E-32,3.1182712460803161E-38,2.4025044823584919E-44,1.409420750191871E-50,0],[0,0,0,0,0,0,0,0,0,0,0,0]],[[0,0,0,0,0,0,0,0,0,0,0,0],[0,7.8324611744651863E-38,9.5694117303050083E-32,8.119147772473618E-26,3.6770350899651415E-20,1.6238295544931562E-25,3.6770350899651415E-20,8.119147772473618E-26,9.5694117303050083E-32,7.832461174467715E-38,4.9361411892522036E-44,0],[0,9.5694117303050083E-32,1.2178721658704564E-25,1.103110526985715E-19,5.574124826378232E-14,2.2062210539695142E-19,5.574124826378232E-14,1.103110526985715E-19,1.2178721658704564E-25,9.5694117303079674E-32,5.8743458808533144E-38,0],[0,8.119147772473618E-26,1.103110526985715E-19,1.1148249652728052E-13,6.87231800705382E-8,2.2296499305439866E-13,6.87231800705382E-8,1.1148249652728052E-13,1.103110526985715E-19,8.1191477724759725E-26,4.7847058651584263E-32,0],[0,3.6770350899651415E-20,5.574124826378232E-14,6.87231800705382E-8,0.06544555365767124,1.3744636014100283E-7,0.06544555365767124,6.8723180070538208E-8,5.574124826378232E-14,3.677035089966093E-20,2.0297869431276059E-26,0],[0,1.6238295544931562E-25,2.2062210539695142E-19,2.2296499305439866E-13,1.3744636014100283E-7,4.4592998610847228E-13,1.3744636014100283E-7,2.2296499305439863E-13,2.2062210539695137E-19,1.6238295544936257E-25,9.5694117303069767E-32,0],[0,3.6770350899651415E-20,5.574124826378232E-14,6.87231800705382E-8,0.06544555365767124,1.3744636014100283E-7,0.06544555365767124,6.8723180070538208E-8,5.574124826378232E-14,3.677035089966093E-20,2.0297869431276059E-26,0],[0,8.119147772473618E-26,1.103110526985715E-19,1.1148249652728052E-13,6.8723180070538208E-8,2.2296499305439863E-13,6.8723180070538208E-8,1.1148249652728052E-13,1.103110526985715E-19,8.1191477724759725E-26,4.7847058651584263E-32,0],[0,9.5694117303050083E-32,1.2178721658704564E-25,1.103110526985715E-19,5.574124826378232E-14,2.2062210539695137E-19,5.574124826378232E-14,1.103110526985715E-19,1.2178721658704564E-25,9.5694117303079674E-32,5.8743458808533144E-38,0],[0,7.832461174467715E-38,9.5694117303079674E-32,8.1191477724759725E-26,3.677035089966093E-20,1.6238295544936257E-25,3.677035089966093E-20,8.1191477724759725E-26,9.5694117303079674E-32,7.8324611744702447E-38,4.9361411892538494E-44,0],[0,4.9361411892522036E-44,5.8743458808533144E-38,4.7847058651584263E-32,2.0297869431276059E-26,9.5694117303069767E-32,2.0297869431276059E-26,4.7847058651584263E-32,5.8743458808533144E-38,4.9361411892538494E-44,3.1651011716852605E-50,0],[0,0,0,0,0,0,0,0,0,0,0,0]],[[0,0,0,0,0,0,0,0,0,0,0,0],[0,1.4057562222341892E-37,1.5916859011612281E-31,1.2550247792888475E-25,5.2977552983636296E-20,2.5100495585748807E-25,5.2977552983636296E-20,1.2550247792888475E-25,1.5916859011612281E-31,1.4057562222347215E-37,9.5824865478841645E-44,0],[0,1.5916859011612281E-31,1.8825371689322176E-25,1.589326589502722E-19,7.5042648455038123E-14,3.1786531790022571E-19,7.5042648455038123E-14,1.589326589502722E-19,1.8825371689322176E-25,1.5916859011618029E-31,1.0543171666765735E-37,0],[0,1.2550247792888475E-25,1.589326589502722E-19,1.5008529690963698E-13,8.6520430978995712E-8,3.0017059381902294E-13,8.6520430978995712E-8,1.5008529690963698E-13,1.5893265895027222E-19,1.255024779289269E-25,7.9584295058176357E-32,0],[0,5.2977552983636296E-20,7.5042648455038123E-14,8.6520430978995712E-8,0.0768632612648057,1.7304086195788533E-7,0.0768632612648057,8.6520430978995725E-8,7.5042648455038135E-14,5.2977552983652137E-20,3.1375619482386314E-26,0],[0,2.5100495585748807E-25,3.1786531790022571E-19,3.0017059381902294E-13,1.7304086195788533E-7,6.0034118763754374E-13,1.7304086195788533E-7,3.0017059381902289E-13,3.1786531790022566E-19,2.5100495585757238E-25,1.5916859011616089E-31,0],[0,5.2977552983636296E-20,7.5042648455038123E-14,8.6520430978995712E-8,0.0768632612648057,1.7304086195788533E-7,0.0768632612648057,8.6520430978995725E-8,7.5042648455038135E-14,5.2977552983652137E-20,3.1375619482386314E-26,0],[0,1.2550247792888475E-25,1.589326589502722E-19,1.5008529690963698E-13,8.6520430978995725E-8,3.0017059381902289E-13,8.6520430978995725E-8,1.5008529690963698E-13,1.5893265895027222E-19,1.255024779289269E-25,7.9584295058176357E-32,0],[0,1.5916859011612281E-31,1.8825371689322176E-25,1.5893265895027222E-19,7.5042648455038135E-14,3.1786531790022566E-19,7.5042648455038135E-14,1.5893265895027222E-19,1.8825371689322176E-25,1.5916859011618029E-31,1.0543171666765735E-37,0],[0,1.4057562222347215E-37,1.5916859011618029E-31,1.255024779289269E-25,5.2977552983652137E-20,2.5100495585757238E-25,5.2977552983652137E-20,1.255024779289269E-25,1.5916859011618029E-31,1.4057562222352535E-37,9.5824865478879222E-44,0],[0,9.5824865478841645E-44,1.0543171666765735E-37,7.9584295058176357E-32,3.1375619482386314E-26,1.5916859011616089E-31,3.1375619482386314E-26,7.9584295058176357E-32,1.0543171666765735E-37,9.5824865478879222E-44,6.6590788775290717E-50,0],[0,0,0,0,0,0,0,0,0,0,0,0]],[[0,0,0,0,0,0,0,0,0,0,0,0],[0,2.422010212989528E-37,2.5580006575069179E-31,1.8856613755126748E-25,7.4583691502233819E-20,3.7713227510205017E-25,7.4583691502233819E-20,1.8856613755126748E-25,2.5580006575069179E-31,2.4220102129905892E-37,1.77362922167257E-43,0],[0,2.5580006575069179E-31,2.828492063267197E-25,2.2375107450567823E-19,9.9152895489804684E-14,4.4750214901084436E-19,9.9152895489804684E-14,2.2375107450567823E-19,2.828492063267197E-25,2.5580006575079824E-31,1.8165076597440027E-37,0],[0,1.8856613755126748E-25,2.2375107450567823E-19,1.9830579097894933E-13,1.0729312189125211E-7,3.9661158195752116E-13,1.0729312189125211E-7,1.9830579097894933E-13,2.2375107450567823E-19,1.885661375513401E-25,1.2790003287555869E-31,0],[0,7.4583691502233819E-20,9.9152895489804684E-14,1.0729312189125211E-7,0.089229083877603713,2.1458624378235496E-7,0.089229083877603713,1.0729312189125214E-7,9.915289548980471E-14,7.4583691502259325E-20,4.7141534388101383E-26,0],[0,3.7713227510205017E-25,4.4750214901084436E-19,3.9661158195752116E-13,2.1458624378235496E-7,7.93223163914288E-13,2.1458624378235496E-7,3.9661158195752111E-13,4.4750214901084427E-19,3.7713227510219554E-25,2.5580006575076242E-31,0],[0,7.4583691502233819E-20,9.9152895489804684E-14,1.0729312189125211E-7,0.089229083877603713,2.1458624378235496E-7,0.089229083877603713,1.0729312189125214E-7,9.915289548980471E-14,7.4583691502259325E-20,4.7141534388101383E-26,0],[0,1.8856613755126748E-25,2.2375107450567823E-19,1.9830579097894933E-13,1.0729312189125214E-7,3.9661158195752111E-13,1.0729312189125214E-7,1.9830579097894933E-13,2.2375107450567823E-19,1.885661375513401E-25,1.2790003287555869E-31,0],[0,2.5580006575069179E-31,2.828492063267197E-25,2.2375107450567823E-19,9.915289548980471E-14,4.4750214901084427E-19,9.915289548980471E-14,2.2375107450567823E-19,2.8284920632671975E-25,2.5580006575079824E-31,1.8165076597440024E-37,0],[0,2.4220102129905892E-37,2.5580006575079824E-31,1.885661375513401E-25,7.4583691502259325E-20,3.7713227510219554E-25,7.4583691502259325E-20,1.885661375513401E-25,2.5580006575079824E-31,2.4220102129916491E-37,1.7736292216733762E-43,0],[0,1.77362922167257E-43,1.8165076597440027E-37,1.2790003287555869E-31,4.7141534388101383E-26,2.5580006575076242E-31,4.7141534388101383E-26,1.2790003287555869E-31,1.8165076597440024E-37,1.7736292216733762E-43,1.3264281708287781E-49,0],[0,0,0,0,0,0,0,0,0,0,0,0]],[[0,0,0,0,0,0,0,0,0,0,0,0],[0,4.0292954278713407E-37,3.9908449649904267E-31,2.7640015648560152E-25,1.0288441281016772E-19,5.5280031297039718E-25,1.0288441281016772E-19,2.7640015648560152E-25,3.9908449649904267E-31,4.0292954278733612E-37,3.151861869175153E-43,0],[0,3.9908449649904267E-31,4.1460023472810053E-25,3.0865323842890696E-19,1.2884480616590239E-13,6.1730647685701495E-19,1.2884480616590239E-13,3.0865323842890696E-19,4.1460023472810053E-25,3.99084496499232E-31,3.021971570907038E-37,0],[0,2.7640015648560152E-25,3.0865323842890696E-19,2.5768961233083729E-13,1.31277376982942E-7,5.1537922466112124E-13,1.31277376982942E-7,2.5768961233083729E-13,3.0865323842890696E-19,2.7640015648572251E-25,1.9954224824989955E-31,0],[0,1.0288441281016772E-19,1.2884480616590239E-13,1.31277376982942E-7,0.10253595963393025,2.6255475396567814E-7,0.10253595963393025,1.3127737698294204E-7,1.2884480616590241E-13,1.0288441281020758E-19,6.9100039121873781E-26,0],[0,5.5280031297039718E-25,6.1730647685701495E-19,5.1537922466112124E-13,2.6255475396567814E-7,1.0307584493211364E-12,2.6255475396567814E-7,5.1537922466112124E-13,6.1730647685701476E-19,5.528003129706388E-25,3.9908449649916817E-31,0],[0,1.0288441281016772E-19,1.2884480616590239E-13,1.31277376982942E-7,0.10253595963393025,2.6255475396567814E-7,0.10253595963393025,1.3127737698294204E-7,1.2884480616590241E-13,1.0288441281020758E-19,6.9100039121873781E-26,0],[0,2.7640015648560152E-25,3.0865323842890696E-19,2.5768961233083729E-13,1.3127737698294204E-7,5.1537922466112124E-13,1.3127737698294204E-7,2.5768961233083729E-13,3.0865323842890696E-19,2.7640015648572251E-25,1.9954224824989955E-31,0],[0,3.9908449649904267E-31,4.1460023472810053E-25,3.0865323842890696E-19,1.2884480616590241E-13,6.1730647685701476E-19,1.2884480616590241E-13,3.0865323842890696E-19,4.1460023472810053E-25,3.99084496499232E-31,3.021971570907038E-37,0],[0,4.0292954278733612E-37,3.99084496499232E-31,2.7640015648572251E-25,1.0288441281020758E-19,5.528003129706388E-25,1.0288441281020758E-19,2.7640015648572251E-25,3.99084496499232E-31,4.0292954278753758E-37,3.1518618691767934E-43,0],[0,3.151861869175153E-43,3.021971570907038E-37,1.9954224824989955E-31,6.9100039121873781E-26,3.9908449649916817E-31,6.9100039121873781E-26,1.9954224824989955E-31,3.021971570907038E-37,3.1518618691767934E-43,2.5218325383855183E-49,0],[0,0,0,0,0,0,0,0,0,0,0,0]],[[0,0,0,0,0,0,0,0,0,0,0,0],[0,6.5022507230898222E-37,6.0669494461815371E-31,3.9641485361482774E-25,1.3937578000402897E-19,7.928297072283549E-25,1.3937578000402897E-19,3.9641485361482774E-25,6.0669494461815371E-31,6.5022507230935114E-37,5.4071886474170685E-43,0],[0,6.0669494461815371E-31,5.9462228042175412E-25,4.1812734000966046E-19,1.649500117748941E-13,8.3625468001810691E-19,1.649500117748941E-13,4.1812734000966046E-19,5.9462228042175412E-25,6.0669494461847838E-31,4.8766880423238149E-37,0],[0,3.9641485361482774E-25,4.1812734000966046E-19,3.2990002354840041E-13,1.5870756145794549E-7,6.5980004709600768E-13,1.5870756145794549E-7,3.2990002354840041E-13,4.1812734000966046E-19,3.9641485361502284E-25,3.033474723097257E-31,0],[0,1.3937578000402897E-19,1.649500117748941E-13,1.5870756145794549E-7,0.11677687938540429,3.1741512291561216E-7,0.11677687938540429,1.5870756145794552E-7,1.6495001177489413E-13,1.3937578000408964E-19,9.9103713404470891E-26,0],[0,7.928297072283549E-25,8.3625468001810691E-19,6.5980004709600768E-13,3.1741512291561216E-7,1.319600094190428E-12,3.1741512291561216E-7,6.5980004709600768E-13,8.3625468001810672E-19,7.9282970722874456E-25,6.0669494461836908E-31,0],[0,1.3937578000402897E-19,1.649500117748941E-13,1.5870756145794549E-7,0.11677687938540429,3.1741512291561216E-7,0.11677687938540429,1.5870756145794552E-7,1.6495001177489413E-13,1.3937578000408964E-19,9.9103713404470891E-26,0],[0,3.9641485361482774E-25,4.1812734000966046E-19,3.2990002354840041E-13,1.5870756145794552E-7,6.5980004709600768E-13,1.5870756145794552E-7,3.2990002354840041E-13,4.1812734000966046E-19,3.9641485361502284E-25,3.033474723097257E-31,0],[0,6.0669494461815371E-31,5.9462228042175412E-25,4.1812734000966046E-19,1.6495001177489413E-13,8.3625468001810672E-19,1.6495001177489413E-13,4.1812734000966046E-19,5.9462228042175412E-25,6.0669494461847838E-31,4.8766880423238149E-37,0],[0,6.5022507230935114E-37,6.0669494461847838E-31,3.9641485361502284E-25,1.3937578000408964E-19,7.9282970722874456E-25,1.3937578000408964E-19,3.9641485361502284E-25,6.0669494461847838E-31,6.50225072309719E-37,5.4071886474202579E-43,0],[0,5.4071886474170685E-43,4.8766880423238149E-37,3.033474723097257E-31,9.9103713404470891E-26,6.0669494461836908E-31,9.9103713404470891E-26,3.033474723097257E-31,4.8766880423238149E-37,5.4071886474202579E-43,4.6055542501456261E-49,0],[0,0,0,0,0,0,0,0,0,0,0,0]],[[0,0,0,0,0,0,0,0,0,0,0,0],[0,1.0215984265596023E-36,9.014147801615589E-31,5.576207695249117E-25,1.8576892259133506E-19,1.1152415390477789E-24,1.8576892259133506E-19,5.576207695249117E-25,9.014147801615589E-31,1.0215984265602528E-36,8.9946148715040486E-43,0],[0,9.014147801615589E-31,8.3643115428660154E-25,5.573067677704E-19,2.0835851991109239E-13,1.1146135355389961E-18,2.0835851991109239E-13,5.573067677704E-19,8.3643115428660154E-25,9.01414780162098E-31,7.6619881992083929E-37,0],[0,5.576207695249117E-25,5.573067677704E-19,4.1671703982023281E-13,1.8981629467927682E-7,8.3343407963935015E-13,1.8981629467927682E-7,4.1671703982023281E-13,5.573067677704E-19,5.5762076952521833E-25,4.5070739008185836E-31,0],[0,1.8576892259133506E-19,2.0835851991109239E-13,1.8981629467927682E-7,0.13194488631112486,3.7963258935818179E-7,0.13194488631112486,1.8981629467927685E-7,2.0835851991109242E-13,1.8576892259142522E-19,1.3940519238242826E-25,0],[0,1.1152415390477789E-24,1.1146135355389961E-18,8.3343407963935015E-13,3.7963258935818179E-7,1.6668681592764678E-12,3.7963258935818179E-7,8.3343407963935015E-13,1.1146135355389959E-18,1.1152415390483928E-24,9.0141478016191728E-31,0],[0,1.8576892259133506E-19,2.0835851991109239E-13,1.8981629467927682E-7,0.13194488631112486,3.7963258935818179E-7,0.13194488631112486,1.8981629467927685E-7,2.0835851991109242E-13,1.8576892259142522E-19,1.3940519238242826E-25,0],[0,5.576207695249117E-25,5.573067677704E-19,4.1671703982023281E-13,1.8981629467927685E-7,8.3343407963935015E-13,1.8981629467927685E-7,4.1671703982023281E-13,5.573067677704E-19,5.5762076952521833E-25,4.5070739008185836E-31,0],[0,9.014147801615589E-31,8.3643115428660154E-25,5.573067677704E-19,2.0835851991109242E-13,1.1146135355389959E-18,2.0835851991109242E-13,5.573067677704E-19,8.3643115428660154E-25,9.01414780162098E-31,7.6619881992083929E-37,0],[0,1.0215984265602528E-36,9.01414780162098E-31,5.5762076952521833E-25,1.8576892259142522E-19,1.1152415390483928E-24,1.8576892259142522E-19,5.5762076952521833E-25,9.01414780162098E-31,1.0215984265609016E-36,8.9946148715100179E-43,0],[0,8.9946148715040486E-43,7.6619881992083929E-37,4.5070739008185836E-31,1.3940519238242826E-25,9.0141478016191728E-31,1.3940519238242826E-25,4.5070739008185836E-31,7.6619881992083929E-37,8.9946148715100179E-43,8.1208095735107857E-49,0],[0,0,0,0,0,0,0,0,0,0,0,0]],[[0,0,0,0,0,0,0,0,0,0,0,0],[0,1.5674182344324608E-36,1.3122051051870278E-30,7.7085086511586126E-25,2.4400457699848681E-19,1.5417017302285854E-24,2.4400457699848681E-19,7.7085086511586126E-25,1.3122051051870278E-30,1.5674182344335717E-36,1.4559695884014317E-42,0],[0,1.3122051051870278E-30,1.1562762976726162E-24,7.3201373099021206E-19,2.6001827955192145E-13,1.4640274619777981E-18,2.6001827955192145E-13,7.3201373099021206E-19,1.1562762976726162E-24,1.312205105187902E-30,1.1755636758262895E-36,0],[0,7.7085086511586126E-25,7.3201373099021206E-19,5.2003655910114466E-13,2.2483446320371666E-7,1.0400731182007468E-12,2.2483446320371666E-7,5.2003655910114466E-13,7.3201373099021206E-19,7.7085086511633164E-25,6.5610255259526077E-31,0],[0,2.4400457699848681E-19,2.6001827955192145E-13,2.2483446320371666E-7,0.14803307553395534,4.496689264069448E-7,0.14803307553395534,2.2483446320371669E-7,2.6001827955192145E-13,2.4400457699861791E-19,1.9271271628080696E-25,0],[0,1.5417017302285854E-24,1.4640274619777981E-18,1.0400731182007468E-12,4.496689264069448E-7,2.0801462363984095E-12,4.496689264069448E-7,1.0400731182007468E-12,1.4640274619777979E-18,1.5417017302295273E-24,1.3122051051876089E-30,0],[0,2.4400457699848681E-19,2.6001827955192145E-13,2.2483446320371666E-7,0.14803307553395534,4.496689264069448E-7,0.14803307553395534,2.2483446320371669E-7,2.6001827955192145E-13,2.4400457699861791E-19,1.9271271628080696E-25,0],[0,7.7085086511586126E-25,7.3201373099021206E-19,5.2003655910114466E-13,2.2483446320371669E-7,1.0400731182007468E-12,2.2483446320371669E-7,5.2003655910114466E-13,7.3201373099021206E-19,7.7085086511633164E-25,6.5610255259526077E-31,0],[0,1.3122051051870278E-30,1.1562762976726162E-24,7.3201373099021206E-19,2.6001827955192145E-13,1.464