{"M_cells":[[[0,0,0,0,0,0,0],[0,0,0,0,0,0,0],[0,0,0,0,0,0,0],[0,0,0,0,0,0,0],[0,0,0,0,0,0,0],[0,0,0,0,0,0,0],[0,0,0,0,0,0,0]],[[5.5356206937114981E-9,3.1743950582626524E-8,2.824881535830812E-8,4.1306596388479986E-8,2.824881535830812E-8,3.1743950582626524E-8,5.5356206937114981E-9],[3.1743950582626524E-8,1.3356073046957152E-7,1.2213660098903358E-7,1.7242114360414315E-7,1.2213660098903358E-7,1.3356073046957152E-7,3.1743950582626524E-8],[2.824881535830812E-8,1.2213660098903358E-7,1.4983947024020555E-7,1.7768870044668247E-7,1.4983947024020555E-7,1.2213660098903358E-7,2.824881535830812E-8],[4.1306596388479986E-8,1.7242114360414315E-7,1.7768870044668247E-7,2.3426866978806739E-7,1.7768870044668247E-7,1.7242114360414315E-7,4.1306596388479986E-8],[2.824881535830812E-8,1.2213660098903358E-7,1.4983947024020555E-7,1.7768870044668247E-7,1.4983947024020555E-7,1.2213660098903358E-7,2.824881535830812E-8],[3.1743950582626524E-8,1.3356073046957152E-7,1.2213660098903358E-7,1.7242114360414315E-7,1.2213660098903358E-7,1.3356073046957152E-7,3.1743950582626524E-8],[5.5356206937114981E-9,3.1743950582626524E-8,2.824881535830812E-8,4.1306596388479986E-8,2.824881535830812E-8,3.1743950582626524E-8,5.5356206937114981E-9]],[[3.7877019465373757E-8,1.2296540376064511E-7,1.117520154619024E-7,1.5551328657592063E-7,1.117520154619024E-7,1.2296540376064511E-7,3.7877019465373757E-8],[1.2296540376064511E-7,3.167707844250679E-7,2.9530199115062816E-7,3.9492614729736182E-7,2.9530199115062816E-7,3.167707844250679E-7,1.2296540376064511E-7],[1.117520154619024E-7,2.9530199115062816E-7,3.4911036966266029E-7,4.0310384055352746E-7,3.4911036966266029E-7,2.9530199115062811E-7,1.1175201546190241E-7],[1.5551328657592063E-7,3.9492614729736182E-7,4.0310384055352746E-7,5.1070370838725652E-7,4.0310384055352746E-7,3.9492614729736177E-7,1.5551328657592063E-7],[1.117520154619024E-7,2.9530199115062816E-7,3.4911036966266029E-7,4.0310384055352746E-7,3.4911036966266029E-7,2.9530199115062811E-7,1.1175201546190241E-7],[1.2296540376064511E-7,3.167707844250679E-7,2.9530199115062811E-7,3.9492614729736177E-7,2.9530199115062811E-7,3.167707844250679E-7,1.2296540376064511E-7],[3.7877019465373757E-8,1.2296540376064511E-7,1.1175201546190241E-7,1.5551328657592063E-7,1.1175201546190241E-7,1.2296540376064511E-7,3.7877019465373757E-8]],[[1.1030584737354744E-7,2.6788830301597683E-7,2.4731361299836257E-7,3.3054852491980848E-7,2.4731361299836257E-7,2.6788830301597683E-7,1.1030584737354744E-7],[2.6788830301597683E-7,5.4484898434993375E-7,5.1458410254968939E-7,6.6121211537409858E-7,5.1458410254968939E-7,5.4484898434993375E-7,2.6788830301597683E-7],[2.4731361299836257E-7,5.1458410254968939E-7,5.925534680135822E-7,6.7074288834081687E-7,5.925534680135822E-7,5.1458410254968939E-7,2.4731361299836257E-7],[3.3054852491980848E-7,6.6121211537409858E-7,6.7074288834081687E-7,8.2432157747357719E-7,6.7074288834081687E-7,6.6121211537409858E-7,3.3054852491980848E-7],[2.4731361299836257E-7,5.1458410254968939E-7,5.925534680135822E-7,6.7074288834081687E-7,5.925534680135822E-7,5.1458410254968939E-7,2.4731361299836257E-7],[2.6788830301597683E-7,5.4484898434993375E-7,5.1458410254968939E-7,6.6121211537409858E-7,5.1458410254968939E-7,5.4484898434993375E-7,2.6788830301597683E-7],[1.1030584737354744E-7,2.6788830301597683E-7,2.4731361299836257E-7,3.3054852491980848E-7,2.4731361299836257E-7,2.6788830301597683E-7,1.1030584737354744E-7]],[[2.2767324609536328E-7,4.6139651160370482E-7,4.3118363663745093E-7,5.5738133246744974E-7,4.3118363663745093E-7,4.6139651160370482E-7,2.2767324609536328E-7],[4.6139651160370482E-7,8.1366127792972821E-7,7.757304502831977E-7,9.6637486634147145E-7,7.757304502831977E-7,8.1366127792972821E-7,4.6139651160370482E-7],[4.3118363663745093E-7,7.757304502831977E-7,8.7590180430346875E-7,9.7632482508962353E-7,8.7590180430346875E-7,7.757304502831977E-7,4.3118363663745093E-7],[5.5738133246744974E-7,9.6637486634147145E-7,9.7632482508962353E-7,1.1713914654341097E-6,9.7632482508962353E-7,9.6637486634147166E-7,5.5738133246744984E-7],[4.3118363663745093E-7,7.757304502831977E-7,8.7590180430346875E-7,9.7632482508962353E-7,8.7590180430346875E-7,7.757304502831977E-7,4.3118363663745093E-7],[4.6139651160370482E-7,8.1366127792972821E-7,7.757304502831977E-7,9.6637486634147166E-7,7.757304502831977E-7,8.1366127792972821E-7,4.6139651160370482E-7],[2.2767324609536328E-7,4.6139651160370482E-7,4.3118363663745093E-7,5.5738133246744984E-7,4.3118363663745093E-7,4.6139651160370482E-7,2.2767324609536328E-7]],[[3.9047466809273636E-7,6.9893110176198951E-7,6.5948139738564665E-7,8.29057760496415E-7,6.5948139738564665E-7,6.9893110176198951E-7,3.9047466809273636E-7],[6.9893110176198951E-7,1.1194874546711888E-6,1.0748748973522492E-6,1.3063045615759981E-6,1.0748748973522492E-6,1.1194874546711888E-6,6.9893110176198951E-7],[6.5948139738564665E-7,1.0748748973522492E-6,1.195361164188612E-6,1.3161277281043866E-6,1.195361164188612E-6,1.0748748973522492E-6,6.5948139738564665E-7],[8.29057760496415E-7,1.3063045615759981E-6,1.3161277281043866E-6,1.548683748358562E-6,1.3161277281043866E-6,1.3063045615759981E-6,8.2905776049641511E-7],[6.5948139738564665E-7,1.0748748973522492E-6,1.195361164188612E-6,1.3161277281043866E-6,1.195361164188612E-6,1.0748748973522492E-6,6.5948139738564665E-7],[6.9893110176198951E-7,1.1194874546711888E-6,1.0748748973522492E-6,1.3063045615759981E-6,1.0748748973522492E-6,1.1194874546711888E-6,6.9893110176198951E-7],[3.9047466809273636E-7,6.9893110176198951E-7,6.5948139738564665E-7,8.2905776049641511E-7,6.5948139738564665E-7,6.9893110176198951E-7,3.9047466809273636E-7]],[[5.9704667432070771E-7,9.7641301235825562E-7,9.2842532617162173E-7,1.1400713053469043E-6,9.2842532617162173E-7,9.7641301235825562E-7,5.9704667432070771E-7],[9.7641301235825562E-7,1.4589740711706778E-6,1.4085201058279179E-6,1.6774937363962604E-6,1.4085201058279179E-6,1.4589740711706778E-6,9.7641301235825562E-7],[9.2842532617162173E-7,1.4085201058279179E-6,1.5475490195756822E-6,1.6868841957761361E-6,1.5475490195756822E-6,1.4085201058279181E-6,9.2842532617162173E-7],[1.1400713053469043E-6,1.6774937363962604E-6,1.6868841957761361E-6,1.9533657776069487E-6,1.6868841957761361E-6,1.6774937363962604E-6,1.1400713053469043E-6],[9.2842532617162173E-7,1.4085201058279179E-6,1.5475490195756822E-6,1.6868841957761361E-6,1.5475490195756822E-6,1.4085201058279181E-6,9.2842532617162173E-7],[9.7641301235825562E-7,1.4589740711706778E-6,1.4085201058279181E-6,1.6774937363962604E-6,1.4085201058279181E-6,1.4589740711706778E-6,9.7641301235825562E-7],[5.9704667432070771E-7,9.7641301235825562E-7,9.2842532617162173E-7,1.1400713053469043E-6,9.2842532617162173E-7,9.7641301235825562E-7,5.9704667432070771E-7]],[[8.447411970562813E-7,1.2901784375561239E-6,1.2344459552904952E-6,1.485942829515315E-6,1.2344459552904952E-6,1.2901784375561237E-6,8.447411970562813E-7],[1.2901784375561239E-6,1.8290831530981461E-6,1.773499908706224E-6,2.0768901487063156E-6,1.773499908706224E-6,1.8290831530981461E-6,1.2901784375561237E-6],[1.2344459552904952E-6,1.773499908706224E-6,1.9294294703660674E-6,2.0856888549836545E-6,1.9294294703660674E-6,1.773499908706224E-6,1.2344459552904952E-6],[1.485942829515315E-6,2.0768901487063156E-6,2.0856888549836545E-6,2.3829092040788249E-6,2.0856888549836545E-6,2.0768901487063156E-6,1.485942829515315E-6],[1.2344459552904952E-6,1.773499908706224E-6,1.9294294703660674E-6,2.0856888549836545E-6,1.9294294703660674E-6,1.773499908706224E-6,1.2344459552904952E-6],[1.2901784375561237E-6,1.8290831530981461E-6,1.773499908706224E-6,2.0768901487063156E-6,1.773499908706224E-6,1.8290831530981461E-6,1.2901784375561237E-6],[8.447411970562813E-7,1.2901784375561237E-6,1.2344459552904952E-6,1.485942829515315E-6,1.2344459552904952E-6,1.2901784375561237E-6,8.447411970562813E-7]],[[1.1305421258991516E-6,1.6369182645647269E-6,1.5742268154230354E-6,1.8629298366329373E-6,1.5742268154230354E-6,1.6369182645647267E-6,1.1305421258991514E-6],[1.6369182645647269E-6,2.2270321684619373E-6,2.1669249888041527E-6,2.5017715505919005E-6,2.1669249888041527E-6,2.2270321684619373E-6,1.6369182645647267E-6],[1.5742268154230354E-6,2.1669249888041527E-6,2.3382405050195315E-6,2.5099071939923677E-6,2.3382405050195315E-6,2.1669249888041527E-6,1.5742268154230354E-6],[1.8629298366329373E-6,2.5017715505919005E-6,2.5099071939923677E-6,2.8349962245724056E-6,2.5099071939923677E-6,2.5017715505919005E-6,1.8629298366329373E-6],[1.5742268154230354E-6,2.1669249888041527E-6,2.3382405050195315E-6,2.5099071939923677E-6,2.3382405050195315E-6,2.1669249888041527E-6,1.5742268154230354E-6],[1.6369182645647267E-6,2.2270321684619373E-6,2.1669249888041527E-6,2.5017715505919005E-6,2.1669249888041527E-6,2.2270321684619373E-6,1.6369182645647267E-6],[1.1305421258991514E-6,1.6369182645647267E-6,1.5742268154230354E-6,1.8629298366329373E-6,1.5742268154230354E-6,1.6369182645647267E-6,1.1305421258991514E-6]],[[1.4513757511488866E-6,2.0136137474795296E-6,1.9446975351466119E-6,2.2678111634097916E-6,1.9446975351466119E-6,2.0136137474795296E-6,1.4513757511488864E-6],[2.0136137474795296E-6,2.650216431220642E-6,2.5861078148098248E-6,2.9496203046870573E-6,2.5861078148098248E-6,2.650216431220642E-6,2.0136137474795296E-6],[1.9446975351466119E-6,2.5861078148098248E-6,2.771404241890453E-6,2.9570710888546873E-6,2.771404241890453E-6,2.5861078148098248E-6,1.9446975351466119E-6],[2.2678111634097916E-6,2.9496203046870573E-6,2.9570710888546873E-6,3.3074072093796373E-6,2.9570710888546873E-6,2.9496203046870573E-6,2.2678111634097916E-6],[1.9446975351466119E-6,2.5861078148098248E-6,2.771404241890453E-6,2.9570710888546873E-6,2.771404241890453E-6,2.5861078148098248E-6,1.9446975351466119E-6],[2.0136137474795296E-6,2.650216431220642E-6,2.5861078148098248E-6,2.9496203046870573E-6,2.5861078148098248E-6,2.650216431220642E-6,2.0136137474795296E-6],[1.4513757511488864E-6,2.0136137474795296E-6,1.9446975351466119E-6,2.2678111634097916E-6,1.9446975351466119E-6,2.0136137474795296E-6,1.4513757511488864E-6]],[[1.804249140522181E-6,2.4174583404198448E-6,2.3429884873511863E-6,2.6977064156969951E-6,2.3429884873511863E-6,2.4174583404198448E-6,1.8042491405221808E-6],[2.4174583404198448E-6,3.0960976622018214E-6,3.028453793151036E-6,3.4179707951754304E-6,3.028453793151036E-6,3.0960976622018214E-6,2.4174583404198448E-6],[2.3429884873511863E-6,3.028453793151036E-6,3.2264023414397097E-6,3.4247384367176403E-6,3.2264023414397097E-6,3.028453793151036E-6,2.3429884873511863E-6],[2.6977064156969951E-6,3.4179707951754304E-6,3.4247384367176403E-6,3.7978624117153742E-6,3.4247384367176403E-6,3.4179707951754304E-6,2.6977064156969951E-6],[2.3429884873511863E-6,3.028453793151036E-6,3.2264023414397097E-6,3.4247384367176403E-6,3.2264023414397097E-6,3.028453793151036E-6,2.3429884873511863E-6],[2.4174583404198448E-6,3.0960976622018214E-6,3.028453793151036E-6,3.4179707951754304E-6,3.028453793151036E-6,3.0960976622018214E-6,2.4174583404198448E-6],[1.8042491405221808E-6,2.4174583404198448E-6,2.3429884873511863E-6,2.6977064156969951E-6,2.3429884873511863E-6,2.4174583404198448E-6,1.8042491405221808E-6]],[[2.1862843074804897E-6,2.8457505826685144E-6,2.7663438706282975E-6,3.1498937339645504E-6,2.7663438706282975E-6,2.8457505826685144E-6,2.1862843074804897E-6],[2.8457505826685144E-6,3.5620344702328932E-6,3.4912967205072587E-6,3.9041961454561845E-6,3.4912967205072587E-6,3.5620344702328932E-6,2.8457505826685144E-6],[2.7663438706282975E-6,3.4912967205072587E-6,3.700590233854521E-6,3.9102860967193741E-6,3.700590233854521E-6,3.4912967205072591E-6,2.7663438706282975E-6],[3.1498937339645504E-6,3.9041961454561845E-6,3.9102860967193741E-6,4.3037812327835282E-6,3.9102860967193741E-6,3.9041961454561845E-6,3.1498937339645504E-6],[2.7663438706282975E-6,3.4912967205072587E-6,3.700590233854521E-6,3.9102860967193741E-6,3.700590233854521E-6,3.4912967205072591E-6,2.7663438706282975E-6],[2.8457505826685144E-6,3.5620344702328932E-6,3.4912967205072591E-6,3.9041961454561845E-6,3.4912967205072591E-6,3.5620344702328932E-6,2.8457505826685144E-6],[2.1862843074804897E-6,2.8457505826685144E-6,2.7663438706282975E-6,3.1498937339645504E-6,2.7663438706282975E-6,2.8457505826685144E-6,2.1862843074804897E-6]],[[2.594677547541921E-6,3.2957399345352129E-6,3.2119823632941809E-6,3.621593167745719E-6,3.2119823632941805E-6,3.2957399345352125E-6,2.594677547541921E-6],[3.2957399345352129E-6,4.0450411604318585E-6,3.9716650110670806E-6,4.4052180891940735E-6,3.9716650110670806E-6,4.0450411604318577E-6,3.2957399345352125E-6],[3.2119823632941809E-6,3.9716650110670806E-6,4.1909365321494233E-6,4.4106224378243263E-6,4.1909365321494233E-6,3.9716650110670806E-6,3.2119823632941809E-6],[3.621593167745719E-6,4.4052180891940735E-6,4.4106224378243263E-6,4.8219475488366276E-6,4.4106224378243263E-6,4.4052180891940735E-6,3.621593167745719E-6],[3.2119823632941805E-6,3.9716650110670806E-6,4.1909365321494233E-6,4.4106224378243263E-6,4.1909365321494233E-6,3.9716650110670815E-6,3.2119823632941813E-6],[3.2957399345352125E-6,4.0450411604318577E-6,3.9716650110670806E-6,4.4052180891940735E-6,3.9716650110670815E-6,4.0450411604318585E-6,3.2957399345352133E-6],[2.594677547541921E-6,3.2957399345352125E-6,3.2119823632941809E-6,3.621593167745719E-6,3.2119823632941813E-6,3.2957399345352133E-6,2.594677547541921E-6]],[[3.0265950606801258E-6,3.7644259061078782E-6,3.6769077970922111E-6,4.1097120584080693E-6,3.6769077970922111E-6,3.7644259061078773E-6,3.0265950606801254E-6],[3.7644259061078782E-6,4.5415404898448674E-6,4.466037189109004E-6,4.9172276454873153E-6,4.466037189109004E-6,4.5415404898448674E-6,3.7644259061078773E-6],[3.6769077970922111E-6,4.466037189109004E-6,4.6937630499833781E-6,4.9219119600996784E-6,4.693763049983379E-6,4.4660371891090049E-6,3.6769077970922111E-6],[4.1097120584080693E-6,4.9172276454873153E-6,4.9219119600996784E-6,5.3482097338768683E-6,4.9219119600996784E-6,4.9172276454873153E-6,4.1097120584080693E-6],[3.6769077970922111E-6,4.466037189109004E-6,4.693763049983379E-6,4.9219119600996784E-6,4.693763049983379E-6,4.4660371891090049E-6,3.6769077970922111E-6],[3.7644259061078773E-6,4.5415404898448674E-6,4.4660371891090049E-6,4.9172276454873153E-6,4.4660371891090049E-6,4.5415404898448674E-6,3.7644259061078782E-6],[3.0265950606801254E-6,3.7644259061078773E-6,3.6769077970922111E-6,4.1097120584080693E-6,3.6769077970922111E-6,3.7644259061078782E-6,3.0265950606801258E-6]],[[3.4790257489715678E-6,4.248377022261727E-6,4.15773081149531E-6,4.6106355760019133E-6,4.15773081149531E-6,4.2483770222617261E-6,3.479025748971567E-6],[4.248377022261727E-6,5.0473164139480129E-6,4.9702773013977245E-6,5.4356769817453557E-6,4.9702773013977245E-6,5.0473164139480121E-6,4.2483770222617261E-6],[4.15773081149531E-6,4.9702773013977245E-6,5.2047143675948421E-6,5.4395793127991552E-6,5.2047143675948421E-6,4.9702773013977245E-6,4.15773081149531E-6],[4.6106355760019133E-6,5.4356769817453557E-6,5.4395793127991552E-6,5.8775601368322959E-6,5.4395793127991552E-6,5.4356769817453557E-6,4.6106355760019133E-6],[4.15773081149531E-6,4.9702773013977245E-6,5.2047143675948421E-6,5.4395793127991552E-6,5.2047143675948421E-6,4.9702773013977245E-6,4.15773081149531E-6],[4.2483770222617261E-6,5.0473164139480121E-6,4.9702773013977245E-6,5.4356769817453557E-6,4.9702773013977245E-6,5.0473164139480129E-6,4.248377022261727E-6],[3.479025748971567E-6,4.2483770222617261E-6,4.15773081149531E-6,4.6106355760019133E-6,4.15773081149531E-6,4.248377022261727E-6,3.4790257489715678E-6]],[[3.9486513595874786E-6,4.7437002553852261E-6,4.6506232788765478E-6,5.1202212845950062E-6,4.6506232788765478E-6,4.7437002553852253E-6,3.9486513595874769E-6],[4.7437002553852261E-6,5.5578178202596633E-6,5.47989965217094E-6,5.95570899988799E-6,5.47989965217094E-6,5.5578178202596633E-6,4.7437002553852253E-6],[4.6506232788765478E-6,5.47989965217094E-6,5.7191139618422863E-6,5.95875709650553E-6,5.7191139618422863E-6,5.47989965217094E-6,4.6506232788765478E-6],[5.1202212845950062E-6,5.95570899988799E-6,5.95875709650553E-6,6.4047694867182404E-6,5.95875709650553E-6,5.95570899988799E-6,5.1202212845950062E-6],[4.6506232788765478E-6,5.47989965217094E-6,5.7191139618422863E-6,5.95875709650553E-6,5.7191139618422863E-6,5.47989965217094E-6,4.6506232788765478E-6],[4.7437002553852253E-6,5.5578178202596633E-6,5.47989965217094E-6,5.95570899988799E-6,5.47989965217094E-6,5.5578178202596633E-6,4.7437002553852261E-6],[3.9486513595874769E-6,4.7437002553852253E-6,4.6506232788765478E-6,5.1202212845950062E-6,4.6506232788765478E-6,4.7437002553852261E-6,3.9486513595874786E-6]],[[4.4318135261961421E-6,5.2462149376949509E-6,5.1514634750169952E-6,5.6340468382819735E-6,5.1514634750169952E-6,5.2462149376949509E-6,4.4318135261961413E-6],[5.2462149376949509E-6,6.0686108665627281E-6,5.9904897762314253E-6,6.4727298743739248E-6,5.9904897762314253E-6,6.0686108665627281E-6,5.2462149376949509E-6],[5.1514634750169952E-6,5.9904897762314253E-6,6.2324651288560544E-6,6.4748666832165347E-6,6.2324651288560544E-6,5.9904897762314253E-6,5.1514634750169952E-6],[5.6340468382819735E-6,6.4727298743739248E-6,6.4748666832165347E-6,6.925122690003067E-6,6.4748666832165347E-6,6.4727298743739248E-6,5.6340468382819735E-6],[5.1514634750169952E-6,5.9904897762314253E-6,6.2324651288560544E-6,6.4748666832165347E-6,6.2324651288560544E-6,5.9904897762314253E-6,5.1514634750169952E-6],[5.2462149376949509E-6,6.0686108665627281E-6,5.9904897762314253E-6,6.4727298743739248E-6,5.9904897762314253E-6,6.0686108665627281E-6,5.2462149376949509E-6],[4.4318135261961413E-6,5.2462149376949509E-6,5.1514634750169952E-6,5.6340468382819735E-6,5.1514634750169952E-6,5.2462149376949509E-6,4.4318135261961421E-6]],[[4.924603541348335E-6,5.7517207161097294E-6,5.6560799383152062E-6,6.1477510522971194E-6,5.6560799383152062E-6,5.7517207161097294E-6,4.9246035413483341E-6],[5.7517207161097294E-6,6.5756672308128741E-6,6.49799132578399E-6,6.98272564975679E-6,6.49799132578399E-6,6.5756672308128741E-6,5.7517207161097294E-6],[5.6560799383152062E-6,6.49799132578399E-6,6.7407485779573345E-6,6.9839262827479585E-6,6.7407485779573345E-6,6.49799132578399E-6,5.6560799383152062E-6],[6.1477510522971194E-6,6.98272564975679E-6,6.9839262827479585E-6,7.4347378310191225E-6,6.9839262827479585E-6,6.98272564975679E-6,6.1477510522971194E-6],[5.6560799383152062E-6,6.49799132578399E-6,6.7407485779573345E-6,6.9839262827479585E-6,6.7407485779573345E-6,6.49799132578399E-6,5.6560799383152062E-6],[5.7517207161097294E-6,6.5756672308128741E-6,6.49799132578399E-6,6.98272564975679E-6,6.49799132578399E-6,6.5756672308128741E-6,5.7517207161097294E-6],[4.9246035413483341E-6,5.7517207161097294E-6,5.6560799383152062E-6,6.1477510522971194E-6,5.6560799383152062E-6,5.7517207161097294E-6,4.924603541348335E-6]],[[5.4230241066805312E-6,6.2562154080334818E-6,6.1604621431032941E-6,6.65728425134028E-6,6.1604621431032941E-6,6.2562154080334818E-6,5.4230241066805312E-6],[6.2562154080334818E-6,7.0754266972920373E-6,6.9987873006451129E-6,7.48227905824899E-6,6.9987873006451129E-6,7.0754266972920373E-6,6.2562154080334818E-6],[6.1604621431032941E-6,6.9987873006451129E-6,7.2404642376192431E-6,7.4825531563189029E-6,7.2404642376192431E-6,6.9987873006451129E-6,6.1604621431032941E-6],[6.65728425134028E-6,7.48227905824899E-6,7.4825531563189029E-6,7.9304814679555941E-6,7.4825531563189029E-6,7.48227905824899E-6,6.65728425134028E-6],[6.1604621431032941E-6,6.9987873006451129E-6,7.2404642376192431E-6,7.4825531563189029E-6,7.2404642376192431E-6,6.9987873006451129E-6,6.1604621431032941E-6],[6.2562154080334818E-6,7.0754266972920373E-6,6.9987873006451129E-6,7.48227905824899E-6,6.9987873006451129E-6,7.0754266972920373E-6,6.2562154080334818E-6],[5.4230241066805312E-6,6.2562154080334818E-6,6.1604621431032941E-6,6.65728425134028E-6,6.1604621431032941E-6,6.2562154080334818E-6,5.4230241066805312E-6]],[[5.9231501038432758E-6,6.7560053853908063E-6,6.6608781883792905E-6,7.159009396623341E-6,6.6608781883792905E-6,6.7560053853908063E-6,5.9231501038432758E-6],[6.7560053853908063E-6,7.5647337417746142E-6,7.4896570641443265E-6,7.968441710382491E-6,7.4896570641443265E-6,7.5647337417746142E-6,6.7560053853908063E-6],[6.6608781883792905E-6,7.4896570641443265E-6,7.7285408257736079E-6,7.96782568551441E-6,7.72854082577361E-6,7.4896570641443274E-6,6.6608781883792905E-6],[7.159009396623341E-6,7.968441710382491E-6,7.96782568551441E-6,8.4097335739876013E-6,7.96782568551441E-6,7.9684417103824927E-6,7.159009396623341E-6],[6.6608781883792905E-6,7.4896570641443265E-6,7.72854082577361E-6,7.96782568551441E-6,7.72854082577361E-6,7.4896570641443274E-6,6.6608781883792913E-6],[6.7560053853908063E-6,7.5647337417746142E-6,7.4896570641443274E-6,7.9684417103824927E-6,7.4896570641443274E-6,7.5647337417746151E-6,6.7560053853908063E-6],[5.9231501038432758E-6,6.7560053853908063E-6,6.6608781883792905E-6,7.159009396623341E-6,6.6608781883792913E-6,6.7560053853908063E-6,5.9231501038432758E-6]],[[6.421243038952182E-6,7.2477270782906266E-6,7.1539092332360716E-6,7.6496928579934253E-6,7.1539092332360716E-6,7.2477270782906266E-6,6.421243038952182E-6],[7.2477270782906266E-6,8.040751262661995E-6,7.9677025164483568E-6,8.4386006943611242E-6,7.9677025164483568E-6,8.040751262661995E-6,7.2477270782906266E-6],[7.1539092332360716E-6,7.9677025164483568E-6,8.20223080038845E-6,8.4371471261117585E-6,8.20223080038845E-6,7.9677025164483568E-6,7.1539092332360716E-6],[7.6496928579934253E-6,8.4386006943611242E-6,8.4371471261117585E-6,8.8701911495340418E-6,8.4371471261117585E-6,8.4386006943611242E-6,7.6496928579934253E-6],[7.1539092332360716E-6,7.9677025164483568E-6,8.20223080038845E-6,8.4371471261117585E-6,8.20223080038845E-6,7.9677025164483568E-6,7.1539092332360716E-6],[7.2477270782906266E-6,8.040751262661995E-6,7.9677025164483568E-6,8.4386006943611242E-6,7.9677025164483568E-6,8.040751262661995E-6,7.2477270782906266E-6],[6.421243038952182E-6,7.2477270782906266E-6,7.1539092332360716E-6,7.6496928579934253E-6,7.1539092332360716E-6,7.2477270782906266E-6,6.421243038952182E-6]],[[6.9138118542722633E-6,7.728329603060851E-6,7.6364428382505456E-6,8.12645656079001E-6,7.6364428382505456E-6,7.728329603060851E-6,6.9138118542722633E-6],[7.728329603060851E-6,8.5009243651592129E-6,8.4303138208146349E-6,8.8904268790988973E-6,8.4303138208146349E-6,8.5009243651592129E-6,7.728329603060851E-6],[7.6364428382505456E-6,8.4303138208146349E-6,8.6590688058999539E-6,8.888196847637654E-6,8.6590688058999539E-6,8.4303138208146349E-6,7.6364428382505456E-6],[8.12645656079001E-6,8.8904268790988973E-6,8.888196847637654E-6,9.30980903341963E-6,8.888196847637654E-6,8.8904268790988973E-6,8.12645656079001E-6],[7.6364428382505456E-6,8.4303138208146349E-6,8.6590688058999539E-6,8.888196847637654E-6,8.6590688058999539E-6,8.4303138208146349E-6,7.6364428382505456E-6],[7.728329603060851E-6,8.5009243651592129E-6,8.4303138208146349E-6,8.8904268790988973E-6,8.4303138208146349E-6,8.5009243651592129E-6,7.728329603060851E-6],[6.9138118542722633E-6,7.728329603060851E-6,7.6364428382505456E-6,8.12645656079001E-6,7.6364428382505456E-6,7.728329603060851E-6,6.9138118542722633E-6]],[[7.3976397282289549E-6,8.1950687708381032E-6,8.10567136295777E-6,8.5867557387247187E-6,8.10567136295777E-6,8.1950687708381032E-6,7.3976397282289549E-6],[8.1950687708381032E-6,8.9430232166595728E-6,8.8752063686294255E-6,9.3219304312706978E-6,8.8752063686294255E-6,8.9430232166595728E-6,8.1950687708381032E-6],[8.10567136295777E-6,8.8752063686294255E-6,9.0969205943135276E-6,9.3189912783852661E-6,9.0969205943135276E-6,8.8752063686294255E-6,8.10567136295777E-6],[8.5867557387247187E-6,9.3219304312706978E-6,9.3189912783852661E-6,9.72688819765896E-6,9.3189912783852661E-6,9.3219304312706978E-6,8.5867557387247187E-6],[8.10567136295777E-6,8.8752063686294255E-6,9.0969205943135276E-6,9.3189912783852661E-6,9.0969205943135276E-6,8.8752063686294255E-6,8.10567136295777E-6],[8.1950687708381032E-6,8.9430232166595728E-6,8.8752063686294255E-6,9.3219304312706978E-6,8.8752063686294255E-6,8.9430232166595728E-6,8.1950687708381032E-6],[7.3976397282289549E-6,8.1950687708381032E-6,8.10567136295777E-6,8.5867557387247187E-6,8.10567136295777E-6,8.1950687708381032E-6,7.3976397282289549E-6]],[[7.86980497117507E-6,8.6455379733385227E-6,8.5591213743754352E-6,9.0284097027240739E-6,8.5591213743754352E-6,8.6455379733385227E-6,7.86980497117507E-6],[8.6455379733385227E-6,9.3652345945836689E-6,9.3005051662729441E-6,9.7315738848097845E-6,9.3005051662729441E-6,9.3652345945836689E-6,8.6455379733385227E-6],[8.5591213743754352E-6,9.3005051662729441E-6,9.5140837540178E-6,9.7280009895893875E-6,9.5140837540178E-6,9.3005051662729441E-6,8.5591213743754352E-6],[9.0284097027240739E-6,9.7315738848097845E-6,9.7280009895893875E-6,1.0120226750191152E-5,9.7280009895893875E-6,9.7315738848097845E-6,9.0284097027240739E-6],[8.5591213743754352E-6,9.3005051662729441E-6,9.5140837540178E-6,9.7280009895893875E-6,9.5140837540178E-6,9.3005051662729441E-6,8.5591213743754352E-6],[8.6455379733385227E-6,9.3652345945836689E-6,9.3005051662729441E-6,9.7315738848097845E-6,9.3005051662729441E-6,9.3652345945836689E-6,8.6455379733385227E-6],[7.86980497117507E-6,8.6455379733385227E-6,8.5591213743754352E-6,9.0284097027240739E-6,8.5591213743754352E-6,8.6455379733385227E-6,7.86980497117507E-6]],[[8.327713980690083E-6,9.0777256737875227E-6,8.9947076876460067E-6,9.4496665227357013E-6,8.9947076876460067E-6,9.0777256737875227E-6,8.327713980690083E-6],[9.0777256737875227E-6,9.7662396553939586E-6,9.70482015085769E-6,1.0118359199255113E-5,9.70482015085769E-6,9.7662396553939586E-6,9.0777256737875227E-6],[8.9947076876460067E-6,9.70482015085769E-6,9.9093691012325639E-6,1.0114238121883292E-5,9.9093691012325639E-6,9.70482015085769E-6,8.9947076876460067E-6],[9.4496665227357013E-6,1.0118359199255113E-5,1.0114238121883292E-5,1.0489218748657147E-5,1.0114238121883292E-5,1.0118359199255113E-5,9.4496665227357013E-6],[8.9947076876460067E-6,9.70482015085769E-6,9.9093691012325639E-6,1.0114238121883292E-5,9.9093691012325639E-6,9.70482015085769E-6,8.9947076876460067E-6],[9.0777256737875227E-6,9.7662396553939586E-6,9.70482015085769E-6,1.0118359199255113E-5,9.70482015085769E-6,9.7662396553939586E-6,9.0777256737875227E-6],[8.327713980690083E-6,9.0777256737875227E-6,8.9947076876460067E-6,9.4496665227357013E-6,8.9947076876460067E-6,9.0777256737875227E-6,8.327713980690083E-6]],[[8.7691455499082383E-6,9.4900694172928171E-6,9.4107859332611E-6,9.8492604435087073E-6,9.4107859332611E-6,9.4900694172928171E-6,8.7691455499082383E-6],[9.4900694172928171E-6,1.0145238779709405E-5,1.0087274246040872E-5,1.0481843233408759E-5,1.0087274246040872E-5,1.0145238779709405E-5,9.4900694172928171E-6],[9.4107859332611E-6,1.0087274246040872E-5,1.0282121280573936E-5,1.0477269477565481E-5,1.0282121280573936E-5,1.0087274246040872E-5,9.4107859332611E-6],[9.8492604435087073E-6,1.0481843233408759E-5,1.0477269477565481E-5,1.0833851121134838E-5,1.0477269477565481E-5,1.0481843233408759E-5,9.8492604435087073E-6],[9.4107859332611E-6,1.0087274246040872E-5,1.0282121280573936E-5,1.0477269477565481E-5,1.0282121280573936E-5,1.0087274246040872E-5,9.4107859332611E-6],[9.4900694172928171E-6,1.0145238779709405E-5,1.0087274246040872E-5,1.0481843233408759E-5,1.0087274246040872E-5,1.0145238779709405E-5,9.4900694172928171E-6],[8.7691455499082383E-6,9.4900694172928171E-6,9.4107859332611E-6,9.8492604435087073E-6,9.4107859332611E-6,9.4900694172928171E-6,8.7691455499082383E-6]],[[9.1922934764537044E-6,9.8814832757530688E-6,9.8061818945282622E-6,1.0226433908111358E-5,9.8061818945282622E-6,9.8814832757530688E-6,9.1922934764537044E-6],[9.8814832757530688E-6,1.0501927184435015E-5,1.0447484717005146E-5,1.0822093381656353E-5,1.0447484717005146E-5,1.0501927184435015E-5,9.8814832757530688E-6],[9.8061818945282622E-6,1.0447484717005146E-5,1.063218593671952E-5,1.0817169475655433E-5,1.063218593671952E-5,1.0447484717005146E-5,9.8061818945282622E-6],[1.0226433908111358E-5,1.0822093381656353E-5,1.0817169475655433E-5,1.1154627836543783E-5,1.0817169475655433E-5,1.0822093381656353E-5,1.0226433908111358E-5],[9.8061818945282622E-6,1.0447484717005146E-5,1.063218593671952E-5,1.0817169475655433E-5,1.063218593671952E-5,1.0447484717005146E-5,9.8061818945282622E-6],[9.8814832757530688E-6,1.0501927184435015E-5,1.0447484717005146E-5,1.0822093381656353E-5,1.0447484717005146E-5,1.0501927184435015E-5,9.8814832757530688E-6],[9.1922934764537044E-6,9.8814832757530688E-6,9.8061818945282622E-6,1.0226433908111358E-5,9.8061818945282622E-6,9.8814832757530688E-6,9.1922934764537044E-6]],[[9.5957944467522483E-6,1.0251354031235357E-5,1.0180191765877508E-5,1.0580921403652163E-5,1.0180191765877508E-5,1.0251354031235357E-5,9.5957944467522483E-6],[1.0251354031235357E-5,1.0836444367861105E-5,1.0785517685221181E-5,1.1139616857322032E-5,1.0785517685221181E-5,1.0836444367861105E-5,1.0251354031235357E-5],[1.0180191765877508E-5,1.0785517685221181E-5,1.0959850917383394E-5,1.1134448031499637E-5,1.0959850917383394E-5,1.0785517685221181E-5,1.0180191765877508E-5],[1.0580921403652163E-5,1.1139616857322032E-5,1.1134448031499637E-5,1.1452471875185737E-5,1.1134448031499637E-5,1.1139616857322032E-5,1.0580921403652163E-5],[1.0180191765877508E-5,1.0785517685221181E-5,1.0959850917383394E-5,1.1134448031499637E-5,1.0959850917383394E-5,1.0785517685221181E-5,1.0180191765877508E-5],[1.0251354031235357E-5,1.0836444367861105E-5,1.0785517685221181E-5,1.1139616857322032E-5,1.0785517685221181E-5,1.0836444367861105E-5,1.0251354031235357E-5],[9.5957944467522483E-6,1.0251354031235357E-5,1.0180191765877508E-5,1.0580921403652163E-5,1.0180191765877508E-5,1.0251354031235357E-5,9.5957944467522483E-6]],[[9.97873527796471E-6,1.0599513202453268E-5,1.0532558661909585E-5,1.0912906703827419E-5,1.0532558661909585E-5,1.0599513202453268E-5,9.97873527796471E-6],[1.0599513202453268E-5,1.1149314314528353E-5,1.1101831607846389E-5,1.1435285330674376E-5,1.1101831607846389E-5,1.1149314314528353E-5,1.0599513202453268E-5],[1.0532558661909585E-5,1.1101831607846389E-5,1.1265780289922371E-5,1.1429975107981636E-5,1.1265780289922371E-5,1.1101831607846389E-5,1.0532558661909585E-5],[1.0912906703827419E-5,1.1435285330674376E-5,1.1429975107981636E-5,1.1728632226067861E-5,1.1429975107981636E-5,1.1435285330674376E-5,1.0912906703827419E-5],[1.0532558661909585E-5,1.1101831607846389E-5,1.1265780289922371E-5,1.1429975107981636E-5,1.1265780289922371E-5,1.1101831607846389E-5,1.0532558661909585E-5],[1.0599513202453268E-5,1.1149314314528353E-5,1.1101831607846389E-5,1.1435285330674376E-5,1.1101831607846389E-5,1.1149314314528353E-5,1.0599513202453268E-5],[9.97873527796471E-6,1.0599513202453268E-5,1.0532558661909585E-5,1.0912906703827419E-5,1.0532558661909585E-5,1.0599513202453268E-5,9.97873527796471E-6]],[[1.0340640107257476E-5,1.0926193316239259E-5,1.0863432721755984E-5,1.1222965109986978E-5,1.0863432721755984E-5,1.0926193316239259E-5,1.0340640107257476E-5],[1.0926193316239259E-5,1.1441381162275145E-5,1.1397214868465708E-5,1.171025923046776E-5,1.1397214868465708E-5,1.1441381162275145E-5,1.0926193316239259E-5],[1.0863432721755984E-5,1.1397214868465708E-5,1.1550945560777242E-5,1.1704905560856036E-5,1.1550945560777242E-5,1.1397214868465708E-5,1.0863432721755984E-5],[1.1222965109986978E-5,1.171025923046776E-5,1.1704905560856036E-5,1.1984597464822996E-5,1.1704905560856036E-5,1.171025923046776E-5,1.1222965109986978E-5],[1.0863432721755984E-5,1.1397214868465708E-5,1.1550945560777242E-5,1.1704905560856036E-5,1.1550945560777242E-5,1.1397214868465708E-5,1.0863432721755984E-5],[1.0926193316239259E-5,1.1441381162275145E-5,1.1397214868465708E-5,1.171025923046776E-5,1.1397214868465708E-5,1.1441381162275145E-5,1.0926193316239259E-5],[1.0340640107257476E-5,1.0926193316239259E-5,1.0863432721755984E-5,1.1222965109986978E-5,1.0863432721755984E-5,1.0926193316239259E-5,1.0340640107257476E-5]],[[1.0681440848143804E-5,1.1231973472799347E-5,1.1173319633987363E-5,1.1511996868360132E-5,1.1173319633987363E-5,1.1231973472799347E-5,1.0681440848143804E-5],[1.1231973472799347E-5,1.1713739853748187E-5,1.1672717665249191E-5,1.1965909590328819E-5,1.1672717665249191E-5,1.1713739853748187E-5,1.1231973472799347E-5],[1.1173319633987363E-5,1.1672717665249191E-5,1.18165528693953E-5,1.1960601635008378E-5,1.18165528693953E-5,1.1672717665249191E-5,1.1173319633987363E-5],[1.1511996868360132E-5,1.1965909590328819E-5,1.1960601635008378E-5,1.2222010172917673E-5,1.1960601635008378E-5,1.1965909590328819E-5,1.1511996868360132E-5],[1.1173319633987363E-5,1.1672717665249191E-5,1.18165528693953E-5,1.1960601635008378E-5,1.18165528693953E-5,1.1672717665249191E-5,1.1173319633987363E-5],[1.1231973472799347E-5,1.1713739853748187E-5,1.1672717665249191E-5,1.1965909590328819E-5,1.1672717665249191E-5,1.1713739853748187E-5,1.1231973472799347E-5],[1.0681440848143804E-5,1.1231973472799347E-5,1.1173319633987363E-5,1.1511996868360132E-5,1.1173319633987363E-5,1.1231973472799347E-5,1.0681440848143804E-5]],[[1.1001434369064114E-5,1.1517717054581177E-5,1.1463020534048303E-5,1.1781154754036527E-5,1.1463020534048303E-5,1.1517717054581177E-5,1.1001434369064114E-5],[1.1517717054581177E-5,1.1967663274336998E-5,1.192957988863912E-5,1.220373850248357E-5,1.192957988863912E-5,1.1967663274336998E-5,1.1517717054581177E-5],[1.1463020534048303E-5,1.192957988863912E-5,1.2063967477751027E-5,1.2198554065298157E-5,1.2063967477751027E-5,1.192957988863912E-5,1.1463020534048303E-5],[1.1781154754036527E-5,1.220373850248357E-5,1.2198554065298157E-5,1.2442582381012456E-5,1.2198554065298157E-5,1.220373850248357E-5,1.1781154754036527E-5],[1.1463020534048303E-5,1.192957988863912E-5,1.2063967477751027E-5,1.2198554065298157E-5,1.2063967477751027E-5,1.192957988863912E-5,1.1463020534048303E-5],[1.1517717054581177E-5,1.1967663274336998E-5,1.192957988863912E-5,1.220373850248357E-5,1.192957988863912E-5,1.1967663274336998E-5,1.1517717054581177E-5],[1.1001434369064114E-5,1.1517717054581177E-5,1.1463020534048303E-5,1.1781154754036527E-5,1.1463020534048303E-5,1.1517717054581177E-5,1.1001434369064114E-5]],[[1.1301229570462443E-5,1.1784504678412118E-5,1.1733566412004816E-5,1.2031769102206591E-5,1.1733566412004816E-5,1.1784504678412118E-5,1.1301229570462443E-5],[1.1784504678412118E-5,1.2204530584259415E-5,1.2169159547327125E-5,1.2425303511119451E-5,1.2169159547327125E-5,1.2204530584259415E-5,1.1784504678412118E-5],[1.1733566412004816E-5,1.2169159547327125E-5,1.2294640542809562E-5,1.2420307199898769E-5,1.2294640542809562E-5,1.2169159547327125E-5,1.1733566412004816E-5],[1.2031769102206591E-5,1.2425303511119451E-5,1.2420307199898769E-5,1.2648018332401289E-5,1.2420307199898769E-5,1.2425303511119451E-5,1.2031769102206591E-5],[1.1733566412004816E-5,1.2169159547327125E-5,1.2294640542809562E-5,1.2420307199898769E-5,1.2294640542809562E-5,1.2169159547327125E-5,1.1733566412004816E-5],[1.1784504678412118E-5,1.2204530584259415E-5,1.2169159547327125E-5,1.2425303511119451E-5,1.2169159547327125E-5,1.2204530584259415E-5,1.1784504678412118E-5],[1.1301229570462443E-5,1.1784504678412118E-5,1.1733566412004816E-5,1.2031769102206591E-5,1.1733566412004816E-5,1.1784504678412118E-5,1.1301229570462443E-5]],[[1.1581687764658691E-5,1.2033566512241604E-5,1.1986151085603945E-5,1.2265274813258965E-5,1.1986151085603945E-5,1.2033566512241604E-5,1.1581687764658691E-5],[1.2033566512241604E-5,1.2425762138892764E-5,1.2392867020549571E-5,1.263215191053566E-5,1.2392867020549571E-5,1.2425762138892764E-5,1.2033566512241604E-5],[1.1986151085603945E-5,1.2392867020549571E-5,1.2510043811068186E-5,1.26273941456145E-5,1.2510043811068186E-5,1.2392867020549571E-5,1.1986151085603945E-5],[1.2265274813258965E-5,1.263215191053566E-5,1.26273941456145E-5,1.2839951261016748E-5,1.26273941456145E-5,1.263215191053566E-5,1.2265274813258965E-5],[1.1986151085603945E-5,1.2392867020549571E-5,1.2510043811068186E-5,1.26273941456145E-5,1.2510043811068186E-5,1.2392867020549571E-5,1.1986151085603945E-5],[1.2033566512241604E-5,1.2425762138892764E-5,1.2392867020549571E-5,1.263215191053566E-5,1.2392867020549571E-5,1.2425762138892764E-5,1.2033566512241604E-5],[1.1581687764658691E-5,1.2033566512241604E-5,1.1986151085603945E-5,1.2265274813258965E-5,1.1986151085603945E-5,1.2033566512241604E-5,1.1581687764658691E-5]],[[1.1843860189405057E-5,1.2266218325793815E-5,1.2222067063684734E-5,1.2483145025428196E-5,1.2222067063684734E-5,1.2266218325793815E-5,1.1843860189405057E-5],[1.2266218325793815E-5,1.2632764864026402E-5,1.2602109082474006E-5,1.282576873148299E-5,1.2602109082474006E-5,1.2632764864026402E-5,1.2266218325793815E-5],[1.2222067063684734E-5,1.2602109082474006E-5,1.2711616064372296E-5,1.2821285645851021E-5,1.2711616064372296E-5,1.2602109082474006E-5,1.2222067063684734E-5],[1.2483145025428196E-5,1.282576873148299E-5,1.2821285645851021E-5,1.3019897604534976E-5,1.2821285645851021E-5,1.282576873148299E-5,1.2483145025428196E-5],[1.2222067063684734E-5,1.2602109082474006E-5,1.2711616064372296E-5,1.2821285645851021E-5,1.2711616064372296E-5,1.2602109082474006E-5,1.2222067063684734E-5],[1.2266218325793815E-5,1.2632764864026402E-5,1.2602109082474006E-5,1.282576873148299E-5,1.2602109082474006E-5,1.2632764864026402E-5,1.2266218325793815E-5],[1.1843860189405057E-5,1.2266218325793815E-5,1.2222067063684734E-5,1.2483145025428196E-5,1.2222067063684734E-5,1.2266218325793815E-5,1.1843860189405057E-5]],[[1.2088926571095527E-5,1.248380488815668E-5,1.2442647976875072E-5,1.2686835058758988E-5,1.2442647976875072E-5,1.248380488815668E-5,1.2088926571095527E-5],[1.248380488815668E-5,1.2826889897321435E-5,1.279824472881754E-5,1.3007539585485818E-5,1.279824472881754E-5,1.2826889897321435E-5,1.248380488815668E-5],[1.2442647976875072E-5,1.279824472881754E-5,1.2900722860765417E-5,1.3003353746892245E-5,1.2900722860765417E-5,1.279824472881754E-5,1.2442647976875072E-5],[1.2686835058758988E-5,1.3007539585485818E-5,1.3003353746892245E-5,1.3189228698287318E-5,1.3003353746892245E-5,1.3007539585485818E-5,1.2686835058758988E-5],[1.2442647976875072E-5,1.279824472881754E-5,1.2900722860765417E-5,1.3003353746892245E-5,1.2900722860765417E-5,1.279824472881754E-5,1.2442647976875072E-5],[1.248380488815668E-5,1.2826889897321435E-5,1.279824472881754E-5,1.3007539585485818E-5,1.279824472881754E-5,1.2826889897321435E-5,1.248380488815668E-5],[1.2088926571095527E-5,1.248380488815668E-5,1.2442647976875072E-5,1.2686835058758988E-5,1.2442647976875072E-5,1.248380488815668E-5,1.2088926571095527E-5]],[[1.231813821229016E-5,1.2687653064148651E-5,1.2649220094690337E-5,1.2877738618150033E-5,1.2649220094690337E-5,1.2687653064148651E-5,1.231813821229016E-5],[1.2687653064148651E-5,1.3009402673704675E-5,1.2982553235703643E-5,1.3178727668499783E-5,1.2982553235703643E-5,1.3009402673704675E-5,1.2687653064148651E-5],[1.2649220094690337E-5,1.2982553235703643E-5,1.3078629391085969E-5,1.3174849462751003E-5,1.3078629391085969E-5,1.2982553235703643E-5,1.2649220094690337E-5],[1.2877738618150033E-5,1.3178727668499783E-5,1.3174849462751003E-5,1.3349157947073591E-5,1.3174849462751003E-5,1.3178727668499783E-5,1.2877738618150033E-5],[1.2649220094690337E-5,1.2982553235703643E-5,1.3078629391085969E-5,1.3174849462751003E-5,1.3078629391085969E-5,1.2982553235703643E-5,1.2649220094690337E-5],[1.2687653064148651E-5,1.3009402673704675E-5,1.2982553235703643E-5,1.3178727668499783E-5,1.2982553235703643E-5,1.3009402673704675E-5,1.2687653064148651E-5],[1.231813821229016E-5,1.2687653064148651E-5,1.2649220094690337E-5,1.2877738618150033E-5,1.2649220094690337E-5,1.2687653064148651E-5,1.231813821229016E-5]],[[1.253276824591023E-5,1.2879035665992418E-5,1.2843064207133488E-5,1.3057156710029433E-5,1.2843064207133488E-5,1.2879035665992418E-5,1.253276824591023E-5],[1.2879035665992418E-5,1.3181464521095061E-5,1.3156213739473739E-5,1.3340463110497192E-5,1.3156213739473739E-5,1.3181464521095061E-5,1.2879035665992418E-5],[1.2843064207133488E-5,1.3156213739473739E-5,1.3246485165727275E-5,1.3336892577986746E-5,1.3246485165727275E-5,1.3156213739473739E-5,1.2843064207133488E-5],[1.3057156710029433E-5,1.3340463110497192E-5,1.3336892577986746E-5,1.3500740507923553E-5,1.3336892577986746E-5,1.3340463110497192E-5,1.3057156710029433E-5],[1.2843064207133488E-5,1.3156213739473739E-5,1.3246485165727275E-5,1.3336892577986746E-5,1.3246485165727275E-5,1.3156213739473739E-5,1.2843064207133488E-5],[1.2879035665992418E-5,1.3181464521095061E-5,1.3156213739473739E-5,1.3340463110497192E-5,1.3156213739473739E-