{"M_cells":[[[0,0,0,0,0,0,0],[0,0,0,0,0,0,0],[0,0,0,0,0,0,0],[0,0,0,0,0,0,0],[0,0,0,0,0,0,0],[0,0,0,0,0,0,0],[0,0,0,0,0,0,0]],[[5.53553802543481E-13,3.1743228800892564E-12,2.82481800877911E-12,4.1305646692313458E-12,2.82481800877911E-12,3.1743228800892564E-12,5.53553802543481E-13],[3.1743228800892564E-12,1.3355568891369185E-11,1.2213205240460468E-11,1.7241450953763516E-11,1.2213205240460468E-11,1.3355568891369185E-11,3.1743228800892564E-12],[2.82481800877911E-12,1.2213205240460468E-11,1.4983376697630887E-11,1.7768182959131554E-11,1.4983376697630887E-11,1.2213205240460468E-11,2.82481800877911E-12],[4.1305646692313458E-12,1.7241450953763516E-11,1.7768182959131554E-11,2.3425939711491664E-11,1.7768182959131554E-11,1.7241450953763516E-11,4.1305646692313458E-12],[2.82481800877911E-12,1.2213205240460468E-11,1.4983376697630887E-11,1.7768182959131554E-11,1.4983376697630887E-11,1.2213205240460468E-11,2.82481800877911E-12],[3.1743228800892564E-12,1.3355568891369185E-11,1.2213205240460468E-11,1.7241450953763516E-11,1.2213205240460468E-11,1.3355568891369185E-11,3.1743228800892564E-12],[5.53553802543481E-13,3.1743228800892564E-12,2.82481800877911E-12,4.1305646692313458E-12,2.82481800877911E-12,3.1743228800892564E-12,5.53553802543481E-13]],[[3.7875220399007742E-12,1.229573414840592E-11,1.1174478534173804E-11,1.555029020574158E-11,1.1174478534173804E-11,1.229573414840592E-11,3.7875220399007742E-12],[1.229573414840592E-11,3.1674167971984609E-11,2.9527524267547504E-11,3.9488891172695256E-11,2.9527524267547504E-11,3.1674167971984609E-11,1.229573414840592E-11],[1.1174478534173804E-11,2.9527524267547504E-11,3.4907787192795258E-11,4.030655638987329E-11,3.4907787192795258E-11,2.9527524267547504E-11,1.1174478534173804E-11],[1.555029020574158E-11,3.9488891172695256E-11,4.030655638987329E-11,5.10653740514914E-11,4.0306556389873296E-11,3.9488891172695263E-11,1.555029020574158E-11],[1.1174478534173804E-11,2.9527524267547504E-11,3.4907787192795258E-11,4.0306556389873296E-11,3.4907787192795258E-11,2.9527524267547504E-11,1.1174478534173804E-11],[1.229573414840592E-11,3.1674167971984609E-11,2.9527524267547504E-11,3.9488891172695263E-11,2.9527524267547504E-11,3.1674167971984615E-11,1.2295734148405921E-11],[3.7875220399007742E-12,1.229573414840592E-11,1.1174478534173804E-11,1.555029020574158E-11,1.1174478534173804E-11,1.2295734148405921E-11,3.787522039900775E-12]],[[1.1029710527592395E-11,2.67862410946827E-11,2.4728997411711169E-11,3.3051600205622778E-11,2.4728997411711169E-11,2.67862410946827E-11,1.1029710527592395E-11],[2.67862410946827E-11,5.4478915850519419E-11,5.14528006419709E-11,6.6113832661547938E-11,5.14528006419709E-11,5.4478915850519419E-11,2.67862410946827E-11],[2.4728997411711169E-11,5.14528006419709E-11,5.9248787136749932E-11,6.7066777295248628E-11,5.9248787136749932E-11,5.1452800641970894E-11,2.4728997411711169E-11],[3.3051600205622778E-11,6.6113832661547938E-11,6.7066777295248628E-11,8.2422763084376982E-11,6.7066777295248628E-11,6.6113832661547938E-11,3.3051600205622778E-11],[2.4728997411711169E-11,5.14528006419709E-11,5.9248787136749932E-11,6.7066777295248628E-11,5.9248787136749932E-11,5.1452800641970894E-11,2.4728997411711169E-11],[2.67862410946827E-11,5.4478915850519419E-11,5.1452800641970894E-11,6.6113832661547938E-11,5.1452800641970894E-11,5.4478915850519419E-11,2.67862410946827E-11],[1.1029710527592395E-11,2.67862410946827E-11,2.4728997411711169E-11,3.3051600205622778E-11,2.4728997411711169E-11,2.67862410946827E-11,1.1029710527592395E-11]],[[2.2765220284979692E-11,4.61354556384645E-11,4.31144372936177E-11,5.5733065873319613E-11,4.31144372936177E-11,4.61354556384645E-11,2.2765220284979692E-11],[4.61354556384645E-11,8.13610796280468E-11,7.7568072231320756E-11,9.66318807604472E-11,7.7568072231320756E-11,8.13610796280468E-11,4.61354556384645E-11],[4.31144372936177E-11,7.7568072231320756E-11,8.758491595112088E-11,9.7626931570849162E-11,8.758491595112088E-11,7.7568072231320756E-11,4.31144372936177E-11],[5.5733065873319613E-11,9.66318807604472E-11,9.7626931570849162E-11,1.171331291965286E-10,9.7626931570849162E-11,9.6631880760447189E-11,5.5733065873319613E-11],[4.31144372936177E-11,7.7568072231320756E-11,8.758491595112088E-11,9.7626931570849162E-11,8.758491595112088E-11,7.7568072231320756E-11,4.31144372936177E-11],[4.61354556384645E-11,8.13610796280468E-11,7.7568072231320756E-11,9.6631880760447189E-11,7.7568072231320756E-11,8.1361079628046819E-11,4.61354556384645E-11],[2.2765220284979692E-11,4.61354556384645E-11,4.31144372936177E-11,5.5733065873319613E-11,4.31144372936177E-11,4.61354556384645E-11,2.2765220284979692E-11]],[[3.9044729666942465E-11,6.9891176086442788E-11,6.5946083363942134E-11,8.2903975383051851E-11,6.5946083363942134E-11,6.9891176086442788E-11,3.9044729666942465E-11],[6.9891176086442788E-11,1.1195684216998432E-10,1.0749443292272832E-10,1.3064214332588122E-10,1.0749443292272832E-10,1.1195684216998432E-10,6.9891176086442788E-11],[6.5946083363942134E-11,1.0749443292272832E-10,1.1954572995250969E-10,1.3162507807111112E-10,1.1954572995250969E-10,1.0749443292272832E-10,6.5946083363942134E-11],[8.2903975383051851E-11,1.3064214332588122E-10,1.3162507807111112E-10,1.5488626530445347E-10,1.3162507807111112E-10,1.3064214332588122E-10,8.2903975383051851E-11],[6.5946083363942134E-11,1.0749443292272832E-10,1.1954572995250969E-10,1.3162507807111112E-10,1.1954572995250969E-10,1.0749443292272832E-10,6.5946083363942134E-11],[6.9891176086442788E-11,1.1195684216998432E-10,1.0749443292272832E-10,1.3064214332588122E-10,1.0749443292272832E-10,1.1195684216998432E-10,6.9891176086442788E-11],[3.9044729666942465E-11,6.9891176086442788E-11,6.5946083363942134E-11,8.2903975383051851E-11,6.5946083363942134E-11,6.9891176086442788E-11,3.9044729666942465E-11]],[[5.9704916162795832E-11,9.7652230906062509E-11,9.2852030559897066E-11,1.1402192506596838E-10,9.2852030559897079E-11,9.7652230906062535E-11,5.9704916162795845E-11],[9.7652230906062509E-11,1.4594301612683302E-10,1.4089372056130183E-10,1.6780839146138981E-10,1.4089372056130183E-10,1.4594301612683305E-10,9.7652230906062535E-11],[9.2852030559897066E-11,1.4089372056130183E-10,1.548060930732337E-10,1.6874914226653418E-10,1.548060930732337E-10,1.4089372056130185E-10,9.2852030559897079E-11],[1.1402192506596838E-10,1.6780839146138981E-10,1.6874914226653418E-10,1.9541657561566795E-10,1.6874914226653418E-10,1.6780839146138984E-10,1.1402192506596838E-10],[9.2852030559897079E-11,1.4089372056130183E-10,1.548060930732337E-10,1.6874914226653418E-10,1.548060930732337E-10,1.4089372056130185E-10,9.2852030559897079E-11],[9.7652230906062535E-11,1.4594301612683305E-10,1.4089372056130185E-10,1.6780839146138984E-10,1.4089372056130185E-10,1.4594301612683305E-10,9.7652230906062522E-11],[5.9704916162795845E-11,9.7652230906062535E-11,9.2852030559897079E-11,1.1402192506596838E-10,9.2852030559897079E-11,9.7652230906062522E-11,5.9704916162795832E-11]],[[8.4486556159189073E-11,1.2906266889994907E-10,1.2348513936182578E-10,1.4865146843767741E-10,1.2348513936182578E-10,1.2906266889994909E-10,8.4486556159189086E-11],[1.2906266889994907E-10,1.8303296590405437E-10,1.7746576333193124E-10,2.0784553986358706E-10,1.7746576333193124E-10,1.8303296590405437E-10,1.2906266889994909E-10],[1.2348513936182578E-10,1.7746576333193124E-10,1.9308078570955096E-10,2.0872888790867209E-10,1.9308078570955096E-10,1.7746576333193124E-10,1.2348513936182578E-10],[1.4865146843767741E-10,2.0784553986358706E-10,2.0872888790867209E-10,2.3849525025597093E-10,2.0872888790867209E-10,2.0784553986358706E-10,1.4865146843767741E-10],[1.2348513936182578E-10,1.7746576333193124E-10,1.9308078570955096E-10,2.0872888790867209E-10,1.9308078570955096E-10,1.7746576333193127E-10,1.2348513936182578E-10],[1.2906266889994909E-10,1.8303296590405437E-10,1.7746576333193124E-10,2.0784553986358706E-10,1.7746576333193127E-10,1.830329659040544E-10,1.2906266889994909E-10],[8.4486556159189086E-11,1.2906266889994909E-10,1.2348513936182578E-10,1.4865146843767741E-10,1.2348513936182578E-10,1.2906266889994909E-10,8.4486556159189073E-11]],[[1.1309694145576602E-10,1.6380679830597124E-10,1.5752817901681696E-10,1.8643627220212843E-10,1.5752817901681696E-10,1.6380679830597124E-10,1.1309694145576604E-10],[1.6380679830597124E-10,2.2297278623433696E-10,2.1694500925909966E-10,2.50509728893576E-10,2.1694500925909966E-10,2.2297278623433696E-10,1.6380679830597124E-10],[1.5752817901681696E-10,2.1694500925909966E-10,2.341195895927292E-10,2.5132945770110949E-10,2.341195895927292E-10,2.1694500925909966E-10,1.5752817901681696E-10],[1.8643627220212843E-10,2.50509728893576E-10,2.5132945770110949E-10,2.8392414971749514E-10,2.5132945770110949E-10,2.50509728893576E-10,1.8643627220212843E-10],[1.5752817901681696E-10,2.1694500925909966E-10,2.341195895927292E-10,2.5132945770110949E-10,2.3411958959272914E-10,2.1694500925909966E-10,1.5752817901681696E-10],[1.6380679830597124E-10,2.2297278623433696E-10,2.1694500925909966E-10,2.50509728893576E-10,2.1694500925909966E-10,2.2297278623433696E-10,1.6380679830597124E-10],[1.1309694145576604E-10,1.6380679830597124E-10,1.5752817901681696E-10,1.8643627220212843E-10,1.5752817901681696E-10,1.6380679830597124E-10,1.1309694145576602E-10]],[[1.4524204925263303E-10,2.0160481794043871E-10,1.9469508009205687E-10,2.2708001599761166E-10,1.9469508009205687E-10,2.0160481794043871E-10,1.4524204925263303E-10],[2.0160481794043871E-10,2.6553776916436383E-10,2.590970079552352E-10,2.9559088585246015E-10,2.590970079552352E-10,2.6553776916436383E-10,2.0160481794043871E-10],[1.9469508009205687E-10,2.590970079552352E-10,2.7770289975630874E-10,2.9634611592778023E-10,2.7770289975630874E-10,2.590970079552352E-10,1.9469508009205687E-10],[2.2708001599761166E-10,2.9559088585246015E-10,2.9634611592778023E-10,3.3153095769678939E-10,2.9634611592778023E-10,2.9559088585246015E-10,2.2708001599761166E-10],[1.9469508009205687E-10,2.590970079552352E-10,2.7770289975630874E-10,2.9634611592778023E-10,2.7770289975630874E-10,2.590970079552352E-10,1.9469508009205687E-10],[2.0160481794043871E-10,2.6553776916436383E-10,2.590970079552352E-10,2.9559088585246015E-10,2.590970079552352E-10,2.6553776916436383E-10,2.0160481794043871E-10],[1.4524204925263303E-10,2.0160481794043871E-10,1.9469508009205687E-10,2.2708001599761166E-10,1.9469508009205687E-10,2.0160481794043871E-10,1.4524204925263303E-10]],[[1.8064234373500919E-10,2.4220890845194321E-10,2.3473005453588836E-10,2.7033301501251382E-10,2.3473005453588836E-10,2.4220890845194321E-10,1.8064234373500919E-10],[2.4220890845194321E-10,3.1052917459384295E-10,3.0371500012770177E-10,3.429070241526994E-10,3.0371500012770177E-10,3.1052917459384295E-10,2.4220890845194321E-10],[2.3473005453588836E-10,3.0371500012770177E-10,3.2363785724872037E-10,3.4359992479316164E-10,3.2363785724872037E-10,3.0371500012770177E-10,2.3473005453588836E-10],[2.7033301501251382E-10,3.429070241526994E-10,3.4359992479316164E-10,3.8116528737628447E-10,3.4359992479316164E-10,3.429070241526994E-10,2.7033301501251382E-10],[2.3473005453588836E-10,3.0371500012770177E-10,3.2363785724872037E-10,3.4359992479316164E-10,3.2363785724872037E-10,3.0371500012770177E-10,2.3473005453588836E-10],[2.4220890845194321E-10,3.1052917459384295E-10,3.0371500012770177E-10,3.429070241526994E-10,3.0371500012770177E-10,3.1052917459384295E-10,2.4220890845194321E-10],[1.8064234373500919E-10,2.4220890845194321E-10,2.3473005453588836E-10,2.7033301501251382E-10,2.3473005453588836E-10,2.4220890845194321E-10,1.8064234373500919E-10]],[[2.1903978325536318E-10,2.8539971387975616E-10,2.7740562949864692E-10,3.159826373537069E-10,2.7740562949864692E-10,2.8539971387975616E-10,2.1903978325536318E-10],[2.8539971387975616E-10,3.5777130568632118E-10,3.5061674354505279E-10,3.9229978480866041E-10,3.5061674354505279E-10,3.5777130568632118E-10,2.8539971387975616E-10],[2.7740562949864692E-10,3.5061674354505279E-10,3.7175496758318483E-10,3.9293415574182928E-10,3.7175496758318483E-10,3.5061674354505279E-10,2.7740562949864692E-10],[3.159826373537069E-10,3.9229978480866041E-10,3.9293415574182928E-10,4.3269551425334474E-10,3.9293415574182933E-10,3.9229978480866046E-10,3.159826373537069E-10],[2.7740562949864692E-10,3.5061674354505279E-10,3.7175496758318483E-10,3.9293415574182933E-10,3.7175496758318483E-10,3.5061674354505279E-10,2.7740562949864692E-10],[2.8539971387975616E-10,3.5777130568632118E-10,3.5061674354505279E-10,3.9229978480866046E-10,3.5061674354505279E-10,3.5777130568632118E-10,2.8539971387975616E-10],[2.1903978325536318E-10,2.8539971387975616E-10,2.7740562949864692E-10,3.159826373537069E-10,2.7740562949864692E-10,2.8539971387975616E-10,2.1903978325536318E-10]],[[2.6020016635881766E-10,3.309831727284739E-10,3.2252020732802277E-10,3.63846276124865E-10,3.2252020732802277E-10,3.309831727284739E-10,2.6020016635881766E-10],[3.309831727284739E-10,4.0710888020452772E-10,3.9964163022440635E-10,4.4363088430997365E-10,3.9964163022440635E-10,4.0710888020452772E-10,3.309831727284739E-10],[3.2252020732802277E-10,3.9964163022440635E-10,4.2190515767725258E-10,4.44211286494588E-10,4.2190515767725258E-10,3.9964163022440635E-10,3.2252020732802277E-10],[3.63846276124865E-10,4.4363088430997365E-10,4.44211286494588E-10,4.8600617029509468E-10,4.44211286494588E-10,4.4363088430997365E-10,3.63846276124865E-10],[3.2252020732802277E-10,3.9964163022440635E-10,4.2190515767725258E-10,4.44211286494588E-10,4.2190515767725258E-10,3.9964163022440635E-10,3.2252020732802277E-10],[3.309831727284739E-10,4.0710888020452772E-10,3.9964163022440635E-10,4.4363088430997365E-10,3.9964163022440635E-10,4.0710888020452772E-10,3.309831727284739E-10],[2.6020016635881766E-10,3.309831727284739E-10,3.2252020732802277E-10,3.63846276124865E-10,3.2252020732802277E-10,3.309831727284739E-10,2.6020016635881766E-10]],[[3.0391307008824783E-10,3.7878767008888087E-10,3.6989550123544522E-10,4.137660714579923E-10,3.6989550123544522E-10,3.7878767008888087E-10,3.0391307008824783E-10],[3.7878767008888087E-10,4.5840468188469582E-10,4.50648107665499E-10,4.96779237592711E-10,4.50648107665499E-10,4.5840468188469582E-10,3.7878767008888087E-10],[3.6989550123544522E-10,4.50648107665499E-10,4.7395722087922838E-10,4.9731047016990986E-10,4.7395722087922838E-10,4.50648107665499E-10,3.6989550123544522E-10],[4.137660714579923E-10,4.96779237592711E-10,4.9731047016990986E-10,5.409957777069716E-10,4.9731047016990986E-10,4.96779237592711E-10,4.137660714579923E-10],[3.6989550123544522E-10,4.50648107665499E-10,4.7395722087922838E-10,4.9731047016990986E-10,4.7395722087922838E-10,4.50648107665499E-10,3.6989550123544522E-10],[3.7878767008888087E-10,4.5840468188469582E-10,4.50648107665499E-10,4.96779237592711E-10,4.50648107665499E-10,4.5840468188469582E-10,3.7878767008888087E-10],[3.0391307008824783E-10,3.7878767008888087E-10,3.6989550123544522E-10,4.137660714579923E-10,3.6989550123544522E-10,3.7878767008888087E-10,3.0391307008824783E-10]],[[3.4999060572185468E-10,4.2866148678762053E-10,4.1937403804697687E-10,4.6560485462638836E-10,4.1937403804697687E-10,4.2866148678762053E-10,3.4999060572185468E-10],[4.2866148678762053E-10,5.1153747177991367E-10,5.03511394223371E-10,5.5163859414308805E-10,5.03511394223371E-10,5.1153747177991367E-10,4.2866148678762053E-10],[4.1937403804697687E-10,5.03511394223371E-10,5.2779560130334519E-10,5.521253888450294E-10,5.2779560130334519E-10,5.03511394223371E-10,4.1937403804697687E-10],[4.6560485462638836E-10,5.5163859414308805E-10,5.521253888450294E-10,5.9757503155001167E-10,5.521253888450294E-10,5.5163859414308805E-10,4.6560485462638836E-10],[4.1937403804697687E-10,5.03511394223371E-10,5.2779560130334519E-10,5.521253888450294E-10,5.2779560130334519E-10,5.03511394223371E-10,4.1937403804697687E-10],[4.2866148678762053E-10,5.1153747177991367E-10,5.03511394223371E-10,5.5163859414308805E-10,5.03511394223371E-10,5.1153747177991367E-10,4.2866148678762064E-10],[3.4999060572185468E-10,4.2866148678762053E-10,4.1937403804697687E-10,4.6560485462638836E-10,4.1937403804697687E-10,4.2866148678762064E-10,3.4999060572185473E-10]],[[3.9826565384285822E-10,4.8047052272327383E-10,4.7081682548265033E-10,5.1924296363769633E-10,4.7081682548265033E-10,4.8047052272327383E-10,3.9826565384285822E-10],[4.8047052272327383E-10,5.66400137427798E-10,5.581214673545069E-10,6.08115571730159E-10,5.581214673545069E-10,5.66400137427798E-10,4.8047052272327383E-10],[4.7081682548265033E-10,5.581214673545069E-10,5.8331847261250119E-10,6.0856242310326944E-10,5.8331847261250119E-10,5.581214673545069E-10,4.7081682548265033E-10],[5.1924296363769633E-10,6.08115571730159E-10,6.0856242310326944E-10,6.556652626541872E-10,6.0856242310326944E-10,6.08115571730159E-10,5.1924296363769633E-10],[4.7081682548265033E-10,5.581214673545069E-10,5.8331847261250119E-10,6.0856242310326944E-10,5.8331847261250119E-10,5.581214673545069E-10,4.7081682548265033E-10],[4.8047052272327383E-10,5.66400137427798E-10,5.581214673545069E-10,6.08115571730159E-10,5.581214673545069E-10,5.66400137427798E-10,4.8047052272327393E-10],[3.9826565384285822E-10,4.8047052272327383E-10,4.7081682548265033E-10,5.1924296363769633E-10,4.7081682548265033E-10,4.8047052272327393E-10,3.9826565384285832E-10]],[[4.4858993174170022E-10,5.3409627169455535E-10,5.2410122648917569E-10,5.7457569406881936E-10,5.2410122648917569E-10,5.3409627169455535E-10,4.4858993174170022E-10],[5.3409627169455535E-10,6.2289805714367817E-10,6.1438129872806764E-10,6.6612800382107919E-10,6.1438129872806764E-10,6.2289805714367817E-10,5.3409627169455535E-10],[5.2410122648917569E-10,6.1438129872806764E-10,6.404360711935303E-10,6.6653908347003331E-10,6.404360711935303E-10,6.1438129872806764E-10,5.2410122648917569E-10],[5.7457569406881936E-10,6.6612800382107919E-10,6.6653908347003331E-10,7.1519712837704507E-10,6.6653908347003331E-10,6.6612800382107919E-10,5.7457569406881936E-10],[5.2410122648917569E-10,6.1438129872806764E-10,6.404360711935303E-10,6.6653908347003331E-10,6.404360711935303E-10,6.1438129872806764E-10,5.2410122648917569E-10],[5.3409627169455535E-10,6.2289805714367817E-10,6.1438129872806764E-10,6.6612800382107919E-10,6.1438129872806764E-10,6.2289805714367817E-10,5.3409627169455535E-10],[4.4858993174170022E-10,5.3409627169455535E-10,5.2410122648917569E-10,5.7457569406881936E-10,5.2410122648917569E-10,5.3409627169455535E-10,4.4858993174170028E-10]],[[5.00832076664615E-10,5.89434025154759E-10,5.7911905187842043E-10,6.3151122334687024E-10,5.7911905187842043E-10,5.89434025154759E-10,5.00832076664615E-10],[5.89434025154759E-10,6.8094765722231254E-10,6.7220530918493747E-10,7.2560353848278626E-10,6.7220530918493747E-10,6.8094765722231254E-10,5.89434025154759E-10],[5.7911905187842043E-10,6.7220530918493747E-10,6.9906924860237042E-10,7.259826605135108E-10,6.9906924860237042E-10,6.7220530918493747E-10,5.7911905187842043E-10],[6.3151122334687024E-10,7.2560353848278626E-10,7.259826605135108E-10,7.7610949055445464E-10,7.259826605135108E-10,7.2560353848278626E-10,6.3151122334687024E-10],[5.7911905187842043E-10,6.7220530918493747E-10,6.9906924860237042E-10,7.259826605135108E-10,6.9906924860237042E-10,6.7220530918493747E-10,5.7911905187842043E-10],[5.89434025154759E-10,6.8094765722231254E-10,6.7220530918493747E-10,7.2560353848278626E-10,6.7220530918493747E-10,6.8094765722231254E-10,5.89434025154759E-10],[5.00832076664615E-10,5.89434025154759E-10,5.7911905187842043E-10,6.3151122334687024E-10,5.7911905187842043E-10,5.89434025154759E-10,5.00832076664615E-10]],[[5.548758355432457E-10,6.4639128280130173E-10,6.3577486545340388E-10,6.8996889564688438E-10,6.3577486545340388E-10,6.4639128280130173E-10,5.548758355432457E-10],[6.4639128280130173E-10,7.40475140972217E-10,7.3151801752806477E-10,7.864784418060758E-10,7.3151801752806477E-10,7.40475140972217E-10,6.4639128280130173E-10],[6.3577486545340388E-10,7.3151801752806477E-10,7.5914821282578463E-10,7.868290587236472E-10,7.5914821282578463E-10,7.3151801752806477E-10,6.3577486545340388E-10],[6.8996889564688438E-10,7.864784418060758E-10,7.868290587236472E-10,8.3834844873233892E-10,7.868290587236472E-10,7.864784418060758E-10,6.8996889564688438E-10],[6.3577486545340388E-10,7.3151801752806477E-10,7.5914821282578463E-10,7.868290587236472E-10,7.5914821282578463E-10,7.3151801752806477E-10,6.3577486545340388E-10],[6.4639128280130173E-10,7.40475140972217E-10,7.3151801752806477E-10,7.864784418060758E-10,7.3151801752806477E-10,7.40475140972217E-10,6.4639128280130173E-10],[5.548758355432457E-10,6.4639128280130173E-10,6.3577486545340388E-10,6.8996889564688438E-10,6.3577486545340388E-10,6.4639128280130173E-10,5.548758355432457E-10]],[[6.1061840118404071E-10,7.04886348792478E-10,6.9398448716052311E-10,7.49877787175658E-10,6.9398448716052311E-10,7.04886348792478E-10,6.1061840118404071E-10],[7.04886348792478E-10,8.01415370029095E-10,7.9225285911870363E-10,8.4869656973716677E-10,7.9225285911870363E-10,8.01415370029095E-10,7.04886348792478E-10],[6.9398448716052311E-10,7.9225285911870363E-10,8.2061143213618678E-10,8.4902178575119148E-10,8.2061143213618678E-10,7.9225285911870363E-10,6.9398448716052311E-10],[7.49877787175658E-10,8.4869656973716677E-10,8.4902178575119148E-10,9.0186650332268188E-10,8.4902178575119148E-10,8.4869656973716677E-10,7.49877787175658E-10],[6.9398448716052311E-10,7.9225285911870363E-10,8.2061143213618678E-10,8.4902178575119148E-10,8.2061143213618678E-10,7.9225285911870363E-10,6.9398448716052311E-10],[7.04886348792478E-10,8.01415370029095E-10,7.9225285911870363E-10,8.4869656973716677E-10,7.9225285911870363E-10,8.01415370029095E-10,7.04886348792478E-10],[6.1061840118404071E-10,7.04886348792478E-10,6.9398448716052311E-10,7.49877787175658E-10,6.9398448716052311E-10,7.04886348792478E-10,6.1061840118404071E-10]],[[6.6796890758168281E-10,7.6484709360530544E-10,7.5367367607762792E-10,8.1117549361457843E-10,7.5367367607762792E-10,7.6484709360530544E-10,6.6796890758168281E-10],[7.6484709360530544E-10,8.637108801001E-10,8.543511526445777E-10,9.1220848006685279E-10,8.543511526445777E-10,8.637108801001E-10,7.6484709360530544E-10],[7.5367367607762792E-10,8.543511526445777E-10,8.8340467904945577E-10,9.125110736634755E-10,8.8340467904945577E-10,8.543511526445777E-10,7.5367367607762792E-10],[8.1117549361457843E-10,9.1220848006685279E-10,9.125110736634755E-10,9.6662182830114225E-10,9.1251107366347539E-10,9.1220848006685268E-10,8.1117549361457843E-10],[7.5367367607762792E-10,8.543511526445777E-10,8.8340467904945577E-10,9.1251107366347539E-10,8.8340467904945577E-10,8.543511526445777E-10,7.5367367607762792E-10],[7.6484709360530544E-10,8.637108801001E-10,8.543511526445777E-10,9.1220848006685268E-10,8.543511526445777E-10,8.637108801001E-10,7.6484709360530544E-10],[6.6796890758168281E-10,7.6484709360530544E-10,7.5367367607762792E-10,8.1117549361457843E-10,7.5367367607762792E-10,7.6484709360530544E-10,6.6796890758168281E-10]],[[7.2684708264303318E-10,8.26209863001965E-10,8.1477697410498781E-10,8.738070965763647E-10,8.1477697410498781E-10,8.26209863001965E-10,7.2684708264303318E-10],[8.26209863001965E-10,9.273110150442476E-10,9.1776119588585956E-10,9.7697066213107971E-10,9.1776119588585956E-10,9.273110150442476E-10,8.26209863001965E-10],[8.1477697410498781E-10,9.1776119588585956E-10,9.474801951372132E-10,9.7725311289648677E-10,9.474801951372132E-10,9.1776119588585956E-10,8.1477697410498781E-10],[8.738070965763647E-10,9.7697066213107971E-10,9.7725311289648677E-10,1.0325776368837958E-9,9.7725311289648677E-10,9.7697066213107971E-10,8.738070965763647E-10],[8.1477697410498781E-10,9.1776119588585956E-10,9.474801951372132E-10,9.7725311289648677E-10,9.474801951372132E-10,9.1776119588585956E-10,8.1477697410498781E-10],[8.26209863001965E-10,9.273110150442476E-10,9.1776119588585956E-10,9.7697066213107971E-10,9.1776119588585956E-10,9.273110150442477E-10,8.26209863001965E-10],[7.2684708264303318E-10,8.26209863001965E-10,8.1477697410498781E-10,8.738070965763647E-10,8.1477697410498781E-10,8.26209863001965E-10,7.2684708264303318E-10]],[[7.8718204940847208E-10,8.8891851714953115E-10,8.7723669179779559E-10,9.3772427644570333E-10,8.7723669179779559E-10,8.8891851714953115E-10,7.8718204940847208E-10],[8.8891851714953115E-10,9.9217116490852377E-10,9.82437473658151E-10,1.0429448661370747E-9,9.82437473658151E-10,9.9217116490852377E-10,8.8891851714953115E-10],[8.7723669179779559E-10,9.82437473658151E-10,1.0127959602327383E-9,1.0432093828045415E-9,1.0127959602327383E-9,9.82437473658151E-10,8.7723669179779559E-10],[9.3772427644570333E-10,1.0429448661370747E-9,1.0432093828045415E-9,1.0997016265915178E-9,1.0432093828045415E-9,1.0429448661370747E-9,9.3772427644570333E-10],[8.7723669179779559E-10,9.82437473658151E-10,1.0127959602327383E-9,1.0432093828045415E-9,1.0127959602327383E-9,9.82437473658151E-10,8.7723669179779559E-10],[8.8891851714953115E-10,9.9217116490852377E-10,9.82437473658151E-10,1.0429448661370747E-9,9.82437473658151E-10,9.9217116490852377E-10,8.8891851714953115E-10],[7.8718204940847208E-10,8.8891851714953115E-10,8.7723669179779559E-10,9.3772427644570333E-10,8.7723669179779559E-10,8.8891851714953115E-10,7.8718204940847208E-10]],[[8.4891126362817489E-10,9.5292358454952778E-10,9.4100201910781753E-10,1.002884546438404E-9,9.4100201910781753E-10,9.5292358454952778E-10,8.4891126362817489E-10],[9.5292358454952778E-10,1.0582520951591246E-9,1.0483399632714213E-9,1.1100975173601336E-9,1.0483399632714213E-9,1.0582520951591246E-9,9.5292358454952778E-10],[9.4100201910781753E-10,1.0483399632714213E-9,1.0793150519507467E-9,1.1103460653108811E-9,1.0793150519507467E-9,1.0483399632714213E-9,9.4100201910781753E-10],[1.002884546438404E-9,1.1100975173601336E-9,1.1103460653108811E-9,1.1679654924468133E-9,1.1103460653108811E-9,1.1100975173601336E-9,1.002884546438404E-9],[9.4100201910781753E-10,1.0483399632714213E-9,1.0793150519507467E-9,1.1103460653108811E-9,1.0793150519507467E-9,1.0483399632714213E-9,9.4100201910781753E-10],[9.5292358454952778E-10,1.0582520951591246E-9,1.0483399632714213E-9,1.1100975173601336E-9,1.0483399632714213E-9,1.0582520951591246E-9,9.5292358454952778E-10],[8.4891126362817489E-10,9.5292358454952778E-10,9.4100201910781753E-10,1.002884546438404E-9,9.4100201910781753E-10,9.5292358454952778E-10,8.4891126362817489E-10]],[[9.1197957450140237E-10,1.0181815170151579E-9,1.0060282454503889E-9,1.0692505881160235E-9,1.0060282454503889E-9,1.0181815170151579E-9,9.1197957450140237E-10],[1.0181815170151579E-9,1.1255193558444389E-9,1.1154335247787365E-9,1.1783992030435355E-9,1.1154335247787365E-9,1.1255193558444389E-9,1.0181815170151579E-9],[1.0060282454503889E-9,1.1154335247787365E-9,1.1470050834690037E-9,1.17863353028287E-9,1.1470050834690037E-9,1.1154335247787365E-9,1.0060282454503889E-9],[1.0692505881160235E-9,1.1783992030435355E-9,1.17863353028287E-9,1.2373444989074309E-9,1.17863353028287E-9,1.1783992030435355E-9,1.0692505881160235E-9],[1.0060282454503889E-9,1.1154335247787365E-9,1.1470050834690037E-9,1.17863353028287E-9,1.1470050834690037E-9,1.1154335247787365E-9,1.0060282454503889E-9],[1.0181815170151579E-9,1.1255193558444389E-9,1.1154335247787365E-9,1.1783992030435355E-9,1.1154335247787365E-9,1.1255193558444389E-9,1.0181815170151579E-9],[9.1197957450140237E-10,1.0181815170151579E-9,1.0060282454503889E-9,1.0692505881160235E-9,1.0060282454503889E-9,1.0181815170151579E-9,9.1197957450140237E-10]],[[9.7633839550614432E-10,1.0846540334385546E-9,1.0722760752338619E-9,1.1367896725776134E-9,1.0722760752338619E-9,1.0846540334385546E-9,9.7633839550614432E-10],[1.0846540334385546E-9,1.1939427607864521E-9,1.1836873649944217E-9,1.2478242218732579E-9,1.1836873649944217E-9,1.1939427607864521E-9,1.0846540334385546E-9],[1.0722760752338619E-9,1.1836873649944217E-9,1.2158377092428679E-9,1.2480458829956442E-9,1.2158377092428679E-9,1.1836873649944217E-9,1.0722760752338619E-9],[1.1367896725776134E-9,1.2478242218732579E-9,1.2480458829956442E-9,1.3078171026362836E-9,1.2480458829956442E-9,1.2478242218732579E-9,1.1367896725776134E-9],[1.0722760752338619E-9,1.1836873649944217E-9,1.2158377092428679E-9,1.2480458829956442E-9,1.2158377092428679E-9,1.1836873649944217E-9,1.0722760752338619E-9],[1.0846540334385546E-9,1.1939427607864521E-9,1.1836873649944217E-9,1.2478242218732579E-9,1.1836873649944217E-9,1.1939427607864521E-9,1.0846540334385546E-9],[9.7633839550614432E-10,1.0846540334385546E-9,1.0722760752338619E-9,1.1367896725776134E-9,1.0722760752338619E-9,1.0846540334385546E-9,9.7633839550614432E-10]],[[1.0419449729655606E-9,1.1523075414909777E-9,1.1397110266480586E-9,1.2054731545468126E-9,1.1397110266480586E-9,1.1523075414909777E-9,1.0419449729655606E-9],[1.1523075414909777E-9,1.2634959281181431E-9,1.2530745657500488E-9,1.3183501875285518E-9,1.2530745657500488E-9,1.2634959281181431E-9,1.1523075414909777E-9],[1.1397110266480586E-9,1.2530745657500488E-9,1.2857881897874224E-9,1.3185605654862769E-9,1.2857881897874224E-9,1.2530745657500488E-9,1.1397110266480586E-9],[1.2054731545468126E-9,1.3183501875285518E-9,1.3185605654862769E-9,1.3793646194216868E-9,1.3185605654862769E-9,1.3183501875285518E-9,1.2054731545468126E-9],[1.1397110266480586E-9,1.2530745657500488E-9,1.2857881897874224E-9,1.3185605654862769E-9,1.2857881897874224E-9,1.2530745657500488E-9,1.1397110266480586E-9],[1.1523075414909777E-9,1.2634959281181431E-9,1.2530745657500488E-9,1.3183501875285518E-9,1.2530745657500488E-9,1.2634959281181431E-9,1.1523075414909777E-9],[1.0419449729655606E-9,1.1523075414909777E-9,1.1397110266480586E-9,1.2054731545468126E-9,1.1397110266480586E-9,1.1523075414909777E-9,1.0419449729655606E-9]],[[1.1087617409958333E-9,1.2211126276810408E-9,1.2083029030412136E-9,1.2752760288692723E-9,1.2083029030412136E-9,1.2211126276810408E-9,1.1087617409958333E-9],[1.2211126276810408E-9,1.3341558745708395E-9,1.3235716681481269E-9,1.3899576791281635E-9,1.3235716681481269E-9,1.3341558745708395E-9,1.2211126276810408E-9],[1.2083029030412136E-9,1.3235716681481269E-9,1.3568350079060911E-9,1.390158004797325E-9,1.3568350079060911E-9,1.3235716681481269E-9,1.2083029030412136E-9],[1.2752760288692723E-9,1.3899576791281635E-9,1.390158004797325E-9,1.451970929558284E-9,1.390158004797325E-9,1.3899576791281635E-9,1.2752760288692723E-9],[1.2083029030412136E-9,1.3235716681481269E-9,1.3568350079060911E-9,1.390158004797325E-9,1.3568350079060911E-9,1.3235716681481269E-9,1.2083029030412136E-9],[1.2211126276810408E-9,1.3341558745708395E-9,1.3235716681481269E-9,1.3899576791281635E-9,1.3235716681481269E-9,1.3341558745708395E-9,1.2211126276810408E-9],[1.1087617409958333E-9,1.2211126276810408E-9,1.2083029030412136E-9,1.2752760288692723E-9,1.2083029030412136E-9,1.2211126276810408E-9,1.1087617409958333E-9]],[[1.1767557525745511E-9,1.2910436073529063E-9,1.2780253275936326E-9,1.3461765407231824E-9,1.2780253275936326E-9,1.2910436073529063E-9,1.1767557525745511E-9],[1.2910436073529063E-9,1.4059026568737262E-9,1.3951583056873678E-9,1.462629932468765E-9,1.3951583056873678E-9,1.4059026568737262E-9,1.2910436073529063E-9],[1.2780253275936326E-9,1.3951583056873678E-9,1.4289595298015314E-9,1.4628213021082722E-9,1.4289595298015314E-9,1.3951583056873678E-9,1.2780253275936326E-9],[1.3461765407231824E-9,1.462629932468765E-9,1.4628213021082722E-9,1.5256222168215599E-9,1.4628213021082722E-9,1.462629932468765E-9,1.3461765407231824E-9],[1.2780253275936326E-9,1.3951583056873678E-9,1.4289595298015314E-9,1.4628213021082722E-9,1.4289595298015314E-9,1.3951583056873678E-9,1.2780253275936326E-9],[1.2910436073529063E-9,1.4059026568737262E-9,1.3951583056873678E-9,1.462629932468765E-9,1.3951583056873678E-9,1.4059026568737262E-9,1.2910436073529063E-9],[1.1767557525745511E-9,1.2910436073529063E-9,1.2780253275936326E-9,1.3461765407231824E-9,1.2780253275936326E-9,1.2910436073529063E-9,1.1767557525745511E-9]],[[1.2458981775623142E-9,1.3620781272443893E-9,1.3488553332178396E-9,1.4181558422635817E-9,1.3488553332178396E-9,1.3620781272443893E-9,1.2458981775623142E-9],[1.3620781272443893E-9,1.4787190544723678E-9,1.467816880094988E-9,1.53635256684278E-9,1.467816880094988E-9,1.4787190544723678E-9,1.3620781272443893E-9],[1.3488553332178396E-9,1.467816880094988E-9,1.5021457054065554E-9,1.5365359575956165E-9,1.5021457054065554E-9,1.467816880094988E-9,1.3488553332178396E-9],[1.4181558422635817E-9,1.53635256684278E-9,1.5365359575956165E-9,1.6003067368558854E-9,1.5365359575956165E-9,1.53635256684278E-9,1.4181558422635817E-9],[1.3488553332178396E-9,1.467816880094988E-9,1.5021457054065554E-9,1.5365359575956165E-9,1.5021457054065554E-9,1.467816880094988E-9,1.3488553332178396E-9],[1.3620781272443893E-9,1.4787190544723678E-9,1.467816880094988E-9,1.53635256684278E-9,1.467816880094988E-9,1.4787190544723678E-9,1.3620781272443893E-9],[1.2458981775623142E-9,1.3620781272443893E-9,1.3488553332178396E-9,1.4181558422635817E-9,1.3488553332178396E-9,1.3620781272443893E-9,1.2458981775623142E-9]],[[1.3161638595486125E-9,1.434196814142959E-9,1.4207730006832805E-9,1.4911976895584527E-9,1.4207730006832805E-9,1.434196814142959E-9,1.3161638595486125E-9],[1.434196814142959E-9,1.5525902885097344E-9,1.5415322745265823E-9,1.61111334296217E-9,1.5415322745265823E-9,1.5525902885097344E-9,1.434196814142959E-9],[1.4207730006832805E-9,1.5415322745265823E-9,1.576379803040079E-9,1.6112896265716492E-9,1.576379803040079E-9,1.5415322745265823E-9,1.4207730006832805E-9],[1.4911976895584527E-9,1.61111334296217E-9,1.6112896265716492E-9,1.6760146113704742E-9,1.6112896265716492E-9,1.61111334296217E-9,1.4911976895584527E-9],[1.4207730006832805E-9,1.5415322745265823E-9,1.576379803040079E-9,1.6112896265716492E-9,1.576379803040079E-9,1.5415322745265823E-9,1.4207730006832805E-9],[1.434196814142959E-9,1.5525902885097344E-9,1.5415322745265823E-9,1.61111334296217E-9,1.5415322745265823E-9,1.5525902885097344E-9,1.434196814142959E-9],[1.3161638595486125E-9,1.434196814142959E-9,1.4207730006832805E-9,1.4911976895584527E-9,1.4207730006832805E-9,1.434196814142959E-9,1.3161638595486125E-9]],[[1.3875309243503774E-9,1.5073829639907672E-9,1.4937611388950213E-9,1.5652881746000889E-9,1.4937611388950213E-9,1.5073829639907672E-9,1.3875309243503774E-9],[1.5073829639907672E-9,1.6275037726587653E-9,1.6162915995055605E-9,1.6869019481357883E-9,1.6162915995055605E-9,1.6275037726587653E-9,1.5073829639907672E-9],[1.4937611388950213E-9,1.6162915995055605E-9,1.6516501741504392E-9,1.6870719030551203E-9,1.6516501741504392E-9,1.6162915995055605E-9,1.4937611388950213E-9],[1.5652881746000889E-9,1.6869019481357883E-9,1.6870719030551203E-9,1.7527376450239395E-9,1.6870719030551203E-9,1.6869019481357883E-9,1.5652881746000889E-9],[1.4937611388950213E-9,1.6162915995055605E-9,1.6516501741504392E-9,1.6870719030551203E-9,1.6516501741504392E-9,1.6162915995055605E-9,1.4937611388950213E-9],[1.5073829639907672E-9,1.6275037726587653E-9,1.6162915995055605E-9,1.6869019481357883E-9,1.6162915995055605E-9,1.6275037726587653E-9,1.5073829639907672E-9],[1.3875309243503774E-9,1.5073829639907672E-9,1.4937611388950213E-9,1.5652881746000889E-9,1.4937611388950213E-9,1.5073829639907672E-9,1.3875309243503774E-9]],[[1.4599804338590832E-9,1.5816222665022309E-9,1.5678050020609267E-9,1.6404154879365988E-9,1.5678050020609267E-9,1.5816222665022309E-9,1.4599804338590832E-9],[1.5816222665022309E-9,1.7034488919562631E-9,1.6920839675846776E-9,1.7637098053709648E-9,1.6920839675846776E-9,1.7034488919562631E-9,1.5816222665022309E-9],[1.5678050020609267E-9,1.6920839675846776E-9,1.727947044469868E-9,1.7638741274392759E-9,1.727947044469868E-9,1.6920839675846776E-9,1.5678050020609267E-9],[1.6404154879365988E-9,1.7637098053709648E-9,1.7638741274392759E-9,1.8304691622897929E-9,1.7638741274392759E-9,1.7637098053709648E-9,1.6404154879365988E-9],[1.5678050020609267E-9,1.6920839675846776E-9,1.727947044469868E-9,1.7638741274392759E-9,1.727947044469868E-9,1.6920839675846776E-9,1.5678050020609267E-9],[1.5816222665022309E-9,1.7034488919562631E-9,1.6920839675846776E-9,1.7637098053709648E-9,1.6920839675846776E-9,1.7034488919562631E-9,1.5816222665022309E-9],[1.4599804338590832E-9,1.5816222665022309E-9,1.5678050020609267E-9,1.6404154879365988E-9,1.5678050020609267E-9,1.5816222665022309E-9,1.4599804338590832E-9]],[[1.5334960797076506E-9,1.6569025609834987E-9,1.6428920391790244E-9,1.7165697080997041E-9,1.6428920391790244E-9,1.6569025609834987E-9,1.5334960797076506E-9],[1.6569025609834987E-9,1.780416806277418E-9,1.7689002932386737E-9,1.8415299035140048E-9,1.7689002932386737E-9,1.780416806277418E-9,1.6569025609834987E-9],[1.6428920391790244E-9,1.7689002932386737E-9,1.8052623283864354E-9,1.8416892153612362E-9,1.8052623283864354E-9,1.7689002932386737E-9,1.6428920391790244E-9],[1.7165697080997041E-9,1.8415299035140048E-9,1.8416892153612362E-9,1.9092038619470316E-9,1.8416892153612362E-9,1.8415299035140048E-9,1.7165697080997041E-9],[1.6428920391790244E-9,1.7689002932386737E-9,1.8052623283864354E-9,1.8416892153612362E-9,1.8052623283864354E-9,1.7689002932386737E-9,1.6428920391790244E-9],[1.6569025609834987E-9,1.780416806277418E-9,1.7689002932386737E-9,1.8415299035140048E-9,1.7689002932386737E-9,1.7804168062774182E-9,1.6569025609834987E-9],[1.5334960797076506E-9,1.6569025609834987E-9,1.6428920391790244E-9,1.7165697080997041E-9,1.6428920391790244E-9,1.6569025609834987E-9,1.5334960797076506E-9]],[[1.6080639119156057E-9,1.733213619587264E-9,1.7190116718767546E-9,1.7937426145340537E-9,1.7190116718767546E-9,1.733213619587264E-9,1.6080639119156057E-9],[1.733213619587264E-9,1.8584002755139834E-9,1.846733114949256E-9,1.9203566459218242E-9,1.8467331149492558E-9,1.8584002755139831E-9,1.733213619587264E-9],[1.7190116718767546E-9,1.846733114949256E-9,1.8835894637531709E-9,1.9205115052512342E-9,1.8835894637531705E-9,1.8467331149492558E-9,1.7190116718767546E-9],[1.7937426145340537E-9,1.9203566459218242E-9,1.9205115052512342E-9,1.9889376871400344E-9,1.9205115052512342E-9,1.9203566459218242E-9,1.7937426145340537E-9],[1.7190116718767546E-9,1.8467331149492558E-9,1.8835894637531705E-9,1.9205115052512342E-9,1.8835894637531705E-9,1.8467331149492558E-9,1.7190116718767546E-9],[1.733213619587264E-9,1.8584002755139831E-9,1.8467331149492558E-9,1.9203566459218242E-9,1.8467331149492558E-9,1.8584002755139831E-9,1.733213619587264E-9],[1.6080639119156057E-9,1.733213619587264E-9,1.7190116718767546E-9,1.7937426145340537E-9,1.7190116718767546E-9,1.733213619587264E-9,1.6080639119156057E-9]],[[1.6836720982768557E-9,1.8105469547136813E-9,1.796155097153405E-9,1.8719275211780486E-9,1.796155097153405E-9,1.8105469547136813E-9,1.6836720982768557E-9],[1.8105469547136813E-9,1.9373935038895835E-9,1.9255764368350843E-9,2.0001857154808016E-9,1.9255764368350847E-9,1.9373935038895839E-9,1.8105469547136813E-9],[1.796155097153405E-9,1.9255764368350843E-9,1.9629232647113856E-9,2.0003366223633716E-9,1.962923264711386E-9,1.9255764368350847E-9,1.796155097153405E-9],[1.8719275211780486E-9,2.0001857154808016E-9,2.0003366223633716E-9,2.0696677092112712E-9,2.0003366223633716E-9,2.0001857154808016E-9,1.8719275211780486E-9],[1.796155097153405E-9,1.9255764368350847E-9,1.962923264711386E-9,2.0003366223633716E-9,1.962923264711386E-9,1.9255764368350847E-9,1.796155097153405E-9],[1.8105469547136813E-9,1.9373935038895839E-9,1.9255764368350847E-9,2.0001857154808016E-9,1.9255764368350847E-9,1.9373935038895839E-9,1.8105469547136813E-9],[1.6836720982768557E-9,1.8105469547136813E-9,1.796155097153405E-9,1.8719275211780486E-9,1.796155097153405E-9,1.8105469547136813E-9,1.6836720982768557E-9]],[[1.7603107107861528E-9,1.8888956476819142E-9,1.8743151120230126E-9,1.951119128224979E-9,1.8743151120230126E-9,1.8888956476819142E-9,1.7603107107861528E-9],[1.8888956476819142E-9,2.0173920011661047E-9,2.0054255875161418E-9,2.0810139540664667E-9,2.0054255875161418E-9,2.0173920011661047E-9,1.8888956476819142E-9],[1.8743151120230126E-9,2.0054255875161418E-9,2.0432597904123511E-9,2.081161357367033E-9,2.0432597904123511E-9,2.0054255875161418E-9,1.8743151120230126E-9],[1.951119128224979E-9,2.0810139540664667E-9,2.081161357367033E-9,2.1513920237329688E-9,2.081161357367033E-9,2.0810139540664667E-9,1.951119128224979E-9],[1.8743151120230126E-9,2.0054255875161418E-9,2.0432597904123511E-9,2.081161357367033E-9,2.0432597904123511E-9,2.0054255875161418E-9,1.8743151120230126E-9],[1.8888956476819142E-9,2.0173920011661047E-9,2.0054255875161418E-9,2.0810139540664667E-9,2.0054255875161418E-9,2.0173920011661047E-9,1.8888956476819142E-9],[1.7603107107861528E-9,1.8888956476819142