{"M_cells":[[[0,0,0,0,0,0,0],[0,0,0,0,0,0,0],[0,0,0,0,0,0,0],[0,0,0,0,0,0,0],[0,0,0,0,0,0,0],[0,0,0,0,0,0,0],[0,0,0,0,0,0,0]],[[1.8341322698530091E-8,5.1354467744845514E-8,4.7021108451966315E-8,6.4209013994770565E-8,4.7021108451966315E-8,5.1354467744845514E-8,1.8341322698530091E-8],[5.1354467744845514E-8,1.1828193839054071E-7,1.1090650918078921E-7,1.4573797380232256E-7,1.1090650918078921E-7,1.1828193839054071E-7,5.1354467744845514E-8],[4.7021108451966315E-8,1.1090650918078921E-7,1.2959501577608951E-7,1.4834410414749816E-7,1.2959501577608951E-7,1.1090650918078921E-7,4.7021108451966315E-8],[6.4209013994770565E-8,1.4573797380232256E-7,1.4834410414749816E-7,1.854841421988906E-7,1.4834410414749816E-7,1.4573797380232254E-7,6.4209013994770565E-8],[4.7021108451966315E-8,1.1090650918078921E-7,1.2959501577608951E-7,1.4834410414749816E-7,1.2959501577608948E-7,1.1090650918078921E-7,4.7021108451966315E-8],[5.1354467744845514E-8,1.1828193839054071E-7,1.1090650918078921E-7,1.4573797380232254E-7,1.1090650918078921E-7,1.1828193839054071E-7,5.1354467744845514E-8],[1.8341322698530091E-8,5.1354467744845514E-8,4.7021108451966315E-8,6.4209013994770565E-8,4.7021108451966315E-8,5.1354467744845514E-8,1.8341322698530091E-8]],[[1.1183154592227262E-7,2.0536553322828077E-7,1.9337163182909168E-7,2.4453547866603429E-7,1.9337163182909168E-7,2.0536553322828074E-7,1.1183154592227262E-7],[2.0536553322828077E-7,3.3913019654367658E-7,3.2486228633483217E-7,3.9790688527428904E-7,3.2486228633483212E-7,3.3913019654367653E-7,2.0536553322828074E-7],[1.9337163182909168E-7,3.2486228633483217E-7,3.6304554712392648E-7,4.0132380597304491E-7,3.6304554712392643E-7,3.2486228633483212E-7,1.9337163182909166E-7],[2.4453547866603429E-7,3.9790688527428904E-7,4.0132380597304491E-7,4.7532853943820646E-7,4.0132380597304491E-7,3.9790688527428904E-7,2.4453547866603429E-7],[1.9337163182909168E-7,3.2486228633483212E-7,3.6304554712392643E-7,4.0132380597304491E-7,3.6304554712392643E-7,3.2486228633483212E-7,1.9337163182909166E-7],[2.0536553322828074E-7,3.3913019654367653E-7,3.2486228633483212E-7,3.9790688527428904E-7,3.2486228633483212E-7,3.3913019654367653E-7,2.0536553322828074E-7],[1.1183154592227262E-7,2.0536553322828074E-7,1.9337163182909166E-7,2.4453547866603429E-7,1.9337163182909166E-7,2.0536553322828074E-7,1.1183154592227262E-7]],[[3.0173734869859563E-7,4.6180568266241374E-7,4.41760199130351E-7,5.3188037208614176E-7,4.41760199130351E-7,4.6180568266241374E-7,3.0173734869859563E-7],[4.6180568266241374E-7,6.6221924528379767E-7,6.4145313271821464E-7,7.5358574242122824E-7,6.4145313271821464E-7,6.6221924528379767E-7,4.6180568266241374E-7],[4.41760199130351E-7,6.4145313271821464E-7,6.99271453060816E-7,7.572188766184033E-7,6.99271453060816E-7,6.4145313271821464E-7,4.41760199130351E-7],[5.3188037208614176E-7,7.5358574242122824E-7,7.572188766184033E-7,8.6779715477398358E-7,7.572188766184033E-7,7.5358574242122824E-7,5.3188037208614176E-7],[4.41760199130351E-7,6.4145313271821464E-7,6.99271453060816E-7,7.572188766184033E-7,6.99271453060816E-7,6.4145313271821464E-7,4.41760199130351E-7],[4.6180568266241374E-7,6.6221924528379767E-7,6.4145313271821464E-7,7.5358574242122824E-7,6.4145313271821464E-7,6.6221924528379767E-7,4.6180568266241374E-7],[3.0173734869859563E-7,4.6180568266241374E-7,4.41760199130351E-7,5.3188037208614176E-7,4.41760199130351E-7,4.6180568266241374E-7,3.0173734869859563E-7]],[[5.92546769229798E-7,8.202670672189438E-7,7.9232281516990251E-7,9.2274600323062746E-7,7.9232281516990251E-7,8.202670672189438E-7,5.92546769229798E-7],[8.202670672189438E-7,1.0870034829562058E-6,1.0599812615362067E-6,1.2112859275752222E-6,1.0599812615362067E-6,1.0870034829562058E-6,8.202670672189438E-7],[7.9232281516990251E-7,1.0599812615362067E-6,1.1373791028335896E-6,1.2149398671738809E-6,1.1373791028335896E-6,1.0599812615362067E-6,7.9232281516990251E-7],[9.2274600323062746E-7,1.2112859275752222E-6,1.2149398671738809E-6,1.3618076752593774E-6,1.2149398671738809E-6,1.2112859275752222E-6,9.2274600323062746E-7],[7.9232281516990251E-7,1.0599812615362067E-6,1.1373791028335896E-6,1.2149398671738809E-6,1.1373791028335896E-6,1.0599812615362067E-6,7.9232281516990251E-7],[8.202670672189438E-7,1.0870034829562058E-6,1.0599812615362067E-6,1.2112859275752222E-6,1.0599812615362067E-6,1.0870034829562058E-6,8.202670672189438E-7],[5.92546769229798E-7,8.202670672189438E-7,7.9232281516990251E-7,9.2274600323062746E-7,7.9232281516990251E-7,8.202670672189438E-7,5.92546769229798E-7]],[[9.84857206031687E-7,1.2801715670826521E-6,1.2445078378507568E-6,1.4154519004884249E-6,1.2445078378507568E-6,1.2801715670826521E-6,9.84857206031687E-7],[1.2801715670826521E-6,1.612818944005552E-6,1.5796823613235413E-6,1.7699906912768781E-6,1.5796823613235413E-6,1.6128189440055522E-6,1.2801715670826521E-6],[1.2445078378507568E-6,1.5796823613235413E-6,1.6765429945455462E-6,1.7736001043853225E-6,1.6765429945455462E-6,1.5796823613235413E-6,1.2445078378507568E-6],[1.4154519004884249E-6,1.7699906912768781E-6,1.7736001043853225E-6,1.9564806442153623E-6,1.7736001043853225E-6,1.7699906912768781E-6,1.4154519004884249E-6],[1.2445078378507568E-6,1.5796823613235413E-6,1.6765429945455462E-6,1.7736001043853225E-6,1.6765429945455465E-6,1.5796823613235416E-6,1.2445078378507568E-6],[1.2801715670826521E-6,1.6128189440055522E-6,1.5796823613235413E-6,1.7699906912768781E-6,1.5796823613235416E-6,1.6128189440055522E-6,1.2801715670826521E-6],[9.84857206031687E-7,1.2801715670826521E-6,1.2445078378507568E-6,1.4154519004884249E-6,1.2445078378507568E-6,1.2801715670826521E-6,9.84857206031687E-7]],[[1.4783048566500181E-6,1.8408505911903722E-6,1.7975985730865521E-6,2.0089286955724786E-6,1.7975985730865521E-6,1.8408505911903722E-6,1.4783048566500183E-6],[1.8408505911903722E-6,2.2389581591751118E-6,2.199796061670865E-6,2.4288604415922676E-6,2.199796061670865E-6,2.2389581591751118E-6,1.8408505911903722E-6],[1.7975985730865521E-6,2.199796061670865E-6,2.315984827876215E-6,2.4324033708405294E-6,2.315984827876215E-6,2.199796061670865E-6,1.7975985730865521E-6],[2.0089286955724786E-6,2.4288604415922676E-6,2.4324033708405294E-6,2.6510268418258524E-6,2.4324033708405294E-6,2.4288604415922676E-6,2.0089286955724786E-6],[1.7975985730865521E-6,2.199796061670865E-6,2.315984827876215E-6,2.4324033708405294E-6,2.315984827876215E-6,2.199796061670865E-6,1.7975985730865523E-6],[1.8408505911903722E-6,2.2389581591751118E-6,2.199796061670865E-6,2.4288604415922676E-6,2.199796061670865E-6,2.2389581591751122E-6,1.8408505911903724E-6],[1.4783048566500183E-6,1.8408505911903722E-6,1.7975985730865521E-6,2.0089286955724786E-6,1.7975985730865523E-6,1.8408505911903724E-6,1.4783048566500183E-6]],[[2.0722694844530626E-6,2.5015998380317518E-6,2.4508529093583113E-6,2.7023253718895292E-6,2.4508529093583113E-6,2.5015998380317518E-6,2.0722694844530626E-6],[2.5015998380317518E-6,2.964704557548498E-6,2.9195801653624792E-6,3.1871305411339274E-6,2.9195801653624792E-6,2.964704557548498E-6,2.5015998380317518E-6],[2.4508529093583113E-6,2.9195801653624792E-6,3.0549585902663774E-6,3.19059984771205E-6,3.0549585902663774E-6,2.9195801653624792E-6,2.4508529093583113E-6],[2.7023253718895292E-6,3.1871305411339274E-6,3.19059984771205E-6,3.4447031220193008E-6,3.19059984771205E-6,3.1871305411339274E-6,2.7023253718895292E-6],[2.4508529093583113E-6,2.9195801653624792E-6,3.0549585902663774E-6,3.19059984771205E-6,3.0549585902663774E-6,2.9195801653624792E-6,2.4508529093583113E-6],[2.5015998380317518E-6,2.964704557548498E-6,2.9195801653624792E-6,3.1871305411339274E-6,2.9195801653624792E-6,2.964704557548498E-6,2.5015998380317518E-6],[2.0722694844530626E-6,2.5015998380317518E-6,2.4508529093583113E-6,2.7023253718895292E-6,2.4508529093583113E-6,2.5015998380317518E-6,2.0722694844530626E-6]],[[2.7660609442077093E-6,3.2617078838845941E-6,3.2035380100613552E-6,3.4948779178310033E-6,3.2035380100613552E-6,3.2617078838845941E-6,2.7660609442077093E-6],[3.2617078838845941E-6,3.7893472809358683E-6,3.7383117271219128E-6,4.0440745132434552E-6,3.7383117271219128E-6,3.7893472809358683E-6,3.2617078838845941E-6],[3.2035380100613552E-6,3.7383117271219128E-6,3.8927421571853117E-6,4.0474682382762886E-6,3.8927421571853117E-6,3.7383117271219128E-6,3.2035380100613552E-6],[3.4948779178310033E-6,4.0440745132434552E-6,4.0474682382762886E-6,4.33679451209169E-6,4.0474682382762886E-6,4.0440745132434552E-6,3.4948779178310033E-6],[3.2035380100613552E-6,3.7383117271219128E-6,3.8927421571853117E-6,4.0474682382762886E-6,3.8927421571853117E-6,3.7383117271219128E-6,3.2035380100613552E-6],[3.2617078838845941E-6,3.7893472809358683E-6,3.7383117271219128E-6,4.0440745132434552E-6,3.7383117271219128E-6,3.7893472809358683E-6,3.2617078838845946E-6],[2.7660609442077093E-6,3.2617078838845941E-6,3.2035380100613552E-6,3.4948779178310033E-6,3.2035380100613552E-6,3.2617078838845946E-6,2.7660609442077093E-6]],[[3.5589749654308694E-6,4.12046934330416E-6,4.0549374515159993E-6,4.3858638677762245E-6,4.0549374515159993E-6,4.12046934330416E-6,3.5589749654308694E-6],[4.12046934330416E-6,4.7121871023183018E-6,4.6552857100918E-6,4.9989901023694764E-6,4.6552857100918E-6,4.7121871023183018E-6,4.12046934330416E-6],[4.0549374515159993E-6,4.6552857100918E-6,4.8286328000313785E-6,5.0023081281624662E-6,4.8286328000313785E-6,4.6552857100918E-6,4.0549374515159993E-6],[4.3858638677762245E-6,4.9989901023694764E-6,5.0023081281624662E-6,5.32660658091884E-6,5.0023081281624671E-6,4.9989901023694773E-6,4.3858638677762254E-6],[4.0549374515159993E-6,4.6552857100918E-6,4.8286328000313785E-6,5.0023081281624671E-6,4.8286328000313794E-6,4.6552857100918008E-6,4.0549374515159993E-6],[4.12046934330416E-6,4.7121871023183018E-6,4.6552857100918E-6,4.9989901023694773E-6,4.6552857100918008E-6,4.7121871023183027E-6,4.1204693433041611E-6],[3.5589749654308694E-6,4.12046934330416E-6,4.0549374515159993E-6,4.3858638677762254E-6,4.0549374515159993E-6,4.1204693433041611E-6,3.55897496543087E-6]],[[4.4503117633914275E-6,5.0771903341928848E-6,5.0043516819109139E-6,5.3745857901337055E-6,5.0043516819109139E-6,5.0771903341928848E-6,4.4503117633914275E-6],[5.0771903341928848E-6,5.7325384633603109E-6,5.6698135576614288E-6,6.0511935591729444E-6,5.6698135576614288E-6,5.7325384633603109E-6,5.0771903341928848E-6],[5.0043516819109139E-6,5.6698135576614288E-6,5.8619446904693882E-6,6.0544364226529355E-6,5.8619446904693882E-6,5.6698135576614288E-6,5.0043516819109139E-6],[5.3745857901337055E-6,6.0511935591729444E-6,6.0544364226529355E-6,6.4134618944926459E-6,6.0544364226529355E-6,6.0511935591729444E-6,5.3745857901337064E-6],[5.0043516819109139E-6,5.6698135576614288E-6,5.8619446904693882E-6,6.0544364226529355E-6,5.8619446904693882E-6,5.6698135576614288E-6,5.0043516819109139E-6],[5.0771903341928848E-6,5.7325384633603109E-6,5.6698135576614288E-6,6.0511935591729444E-6,5.6698135576614288E-6,5.7325384633603109E-6,5.0771903341928848E-6],[4.4503117633914275E-6,5.0771903341928848E-6,5.0043516819109139E-6,5.3745857901337064E-6,5.0043516819109139E-6,5.0771903341928848E-6,4.4503117633914275E-6]],[[5.4393825575958666E-6,6.1311904029428387E-6,6.0510971367992037E-6,6.4603648145227808E-6,6.0510971367992037E-6,6.1311904029428387E-6,5.4393825575958666E-6],[6.1311904029428387E-6,6.8497298715240079E-6,6.7812220222305632E-6,7.2000169799950422E-6,6.7812220222305632E-6,6.8497298715240079E-6,6.1311904029428387E-6],[6.0510971367992037E-6,6.7812220222305632E-6,6.9920073619092374E-6,7.2031854410905223E-6,6.9920073619092374E-6,6.7812220222305632E-6,6.0510971367992037E-6],[6.4603648145227808E-6,7.2000169799950422E-6,7.2031854410905223E-6,7.5966981301473908E-6,7.2031854410905223E-6,7.2000169799950422E-6,6.4603648145227816E-6],[6.0510971367992037E-6,6.7812220222305632E-6,6.9920073619092374E-6,7.2031854410905223E-6,6.9920073619092374E-6,6.7812220222305632E-6,6.0510971367992037E-6],[6.1311904029428387E-6,6.8497298715240079E-6,6.7812220222305632E-6,7.2000169799950422E-6,6.7812220222305632E-6,6.8497298715240079E-6,6.1311904029428387E-6],[5.4393825575958666E-6,6.1311904029428387E-6,6.0510971367992037E-6,6.4603648145227816E-6,6.0510971367992037E-6,6.1311904029428387E-6,5.4393825575958666E-6]],[[6.5255116965757966E-6,7.2818029030534608E-6,7.1945052384393535E-6,7.6425377537574924E-6,7.1945052384393535E-6,7.2818029030534608E-6,6.5255116965757966E-6],[7.2818029030534608E-6,8.0631036273102331E-6,7.9888522041173892E-6,8.4448068217594532E-6,7.9888522041173892E-6,8.0631036273102331E-6,7.2818029030534608E-6],[7.1945052384393535E-6,7.9888522041173892E-6,8.2181646222309521E-6,8.4479017035220357E-6,8.2181646222309521E-6,7.9888522041173892E-6,7.1945052384393535E-6],[7.6425377537574924E-6,8.4448068217594532E-6,8.4479017035220357E-6,8.8756668815407755E-6,8.4479017035220357E-6,8.4448068217594532E-6,7.6425377537574941E-6],[7.1945052384393535E-6,7.9888522041173892E-6,8.2181646222309521E-6,8.4479017035220357E-6,8.2181646222309521E-6,7.9888522041173892E-6,7.1945052384393535E-6],[7.2818029030534608E-6,8.0631036273102331E-6,7.9888522041173892E-6,8.4448068217594532E-6,7.9888522041173892E-6,8.0631036273102331E-6,7.2818029030534608E-6],[6.5255116965757966E-6,7.2818029030534608E-6,7.1945052384393535E-6,7.6425377537574941E-6,7.1945052384393535E-6,7.2818029030534608E-6,6.5255116965757966E-6]],[[7.7080370796887048E-6,8.5283747279449837E-6,8.4339214939003187E-6,8.920455561889125E-6,8.4339214939003187E-6,8.5283747279449837E-6,7.7080370796887048E-6],[8.5283747279449837E-6,9.37201529264036E-6,9.2920587231895751E-6,9.78492289057016E-6,9.2920587231895768E-6,9.37201529264036E-6,8.5283747279449837E-6],[8.4339214939003187E-6,9.2920587231895751E-6,9.53977368394815E-6,9.78794501944444E-6,9.5397736839481518E-6,9.2920587231895768E-6,8.43392149390032E-6],[8.920455561889125E-6,9.78492289057016E-6,9.78794501944444E-6,1.0249732763502048E-5,9.78794501944444E-6,9.78492289057016E-6,8.9204555618891267E-6],[8.4339214939003187E-6,9.2920587231895768E-6,9.5397736839481518E-6,9.78794501944444E-6,9.5397736839481518E-6,9.2920587231895768E-6,8.43392149390032E-6],[8.5283747279449837E-6,9.37201529264036E-6,9.2920587231895768E-6,9.78492289057016E-6,9.2920587231895768E-6,9.37201529264036E-6,8.5283747279449837E-6],[7.7080370796887048E-6,8.5283747279449837E-6,8.43392149390032E-6,8.9204555618891267E-6,8.43392149390032E-6,8.5283747279449837E-6,7.7080370796887048E-6]],[[8.9863099062824719E-6,9.8702657899008514E-6,9.7687046919633318E-6,1.0293482313212507E-5,9.7687046919633318E-6,9.8702657899008514E-6,8.9863099062824719E-6],[9.8702657899008514E-6,1.0775833070944435E-5,1.0690208972128174E-5,1.1219737534712443E-5,1.0690208972128174E-5,1.0775833070944435E-5,9.8702657899008514E-6],[9.7687046919633318E-6,1.0690208972128174E-5,1.0956204406150902E-5,1.1222687718453896E-5,1.0956204406150902E-5,1.0690208972128175E-5,9.7687046919633335E-6],[1.0293482313212507E-5,1.1219737534712443E-5,1.1222687718453896E-5,1.1718272656642693E-5,1.1222687718453896E-5,1.1219737534712443E-5,1.0293482313212507E-5],[9.7687046919633318E-6,1.0690208972128174E-5,1.0956204406150902E-5,1.1222687718453896E-5,1.0956204406150902E-5,1.0690208972128175E-5,9.7687046919633352E-6],[9.8702657899008514E-6,1.0775833070944435E-5,1.0690208972128175E-5,1.1219737534712443E-5,1.0690208972128175E-5,1.0775833070944437E-5,9.8702657899008514E-6],[8.9863099062824719E-6,9.8702657899008514E-6,9.7687046919633335E-6,1.0293482313212507E-5,9.7687046919633352E-6,9.8702657899008514E-6,8.9863099062824719E-6]],[[1.0359694166194094E-5,1.1306848410842854E-5,1.1198226170779335E-5,1.1760994399136965E-5,1.1198226170779335E-5,1.1306848410842854E-5,1.0359694166194094E-5],[1.1306848410842854E-5,1.2273937168034775E-5,1.2182682423069903E-5,1.2748634935694423E-5,1.2182682423069903E-5,1.2273937168034775E-5,1.1306848410842854E-5],[1.1198226170779335E-5,1.2182682423069903E-5,1.246683860051808E-5,1.2751513955645023E-5,1.246683860051808E-5,1.2182682423069903E-5,1.1198226170779337E-5],[1.1760994399136965E-5,1.2748634935694423E-5,1.2751513955645023E-5,1.3280675024911025E-5,1.2751513955645023E-5,1.2748634935694423E-5,1.1760994399136966E-5],[1.1198226170779335E-5,1.2182682423069903E-5,1.246683860051808E-5,1.2751513955645023E-5,1.246683860051808E-5,1.2182682423069903E-5,1.1198226170779339E-5],[1.1306848410842854E-5,1.2273937168034775E-5,1.2182682423069903E-5,1.2748634935694423E-5,1.2182682423069903E-5,1.2273937168034775E-5,1.1306848410842854E-5],[1.0359694166194094E-5,1.1306848410842854E-5,1.1198226170779337E-5,1.1760994399136966E-5,1.1198226170779339E-5,1.1306848410842854E-5,1.0359694166194094E-5]],[[1.1827566040579123E-5,1.2837506692993116E-5,1.2721869134973991E-5,1.3322379826516549E-5,1.2721869134973991E-5,1.2837506692993118E-5,1.1827566040579125E-5],[1.2837506692993116E-5,1.3865719160642689E-5,1.3768869972630628E-5,1.4371010453795283E-5,1.3768869972630628E-5,1.3865719160642689E-5,1.2837506692993118E-5],[1.2721869134973991E-5,1.3768869972630628E-5,1.4071069379352427E-5,1.4373819062669323E-5,1.4071069379352427E-5,1.376886997263063E-5,1.2721869134973993E-5],[1.3322379826516549E-5,1.4371010453795283E-5,1.4373819062669323E-5,1.4936339277341133E-5,1.4373819062669323E-5,1.4371010453795285E-5,1.3322379826516549E-5],[1.2721869134973991E-5,1.3768869972630628E-5,1.4071069379352427E-5,1.4373819062669323E-5,1.4071069379352427E-5,1.376886997263063E-5,1.2721869134973993E-5],[1.2837506692993118E-5,1.3865719160642689E-5,1.376886997263063E-5,1.4371010453795285E-5,1.376886997263063E-5,1.3865719160642691E-5,1.2837506692993118E-5],[1.1827566040579125E-5,1.2837506692993118E-5,1.2721869134973993E-5,1.3322379826516549E-5,1.2721869134973993E-5,1.2837506692993118E-5,1.1827566040579125E-5]],[[1.3389313281581937E-5,1.4461635896224008E-5,1.4339028009376059E-5,1.4977037570959396E-5,1.4339028009376061E-5,1.4461635896224008E-5,1.3389313281581939E-5],[1.4461635896224008E-5,1.5550581382206705E-5,1.5448173317123564E-5,1.6086270009350278E-5,1.5448173317123567E-5,1.5550581382206705E-5,1.4461635896224008E-5],[1.4339028009376059E-5,1.5448173317123564E-5,1.5768300534877562E-5,1.6089008931120279E-5,1.5768300534877565E-5,1.5448173317123567E-5,1.4339028009376061E-5],[1.4977037570959396E-5,1.6086270009350278E-5,1.6089008931120279E-5,1.6684675160940805E-5,1.6089008931120283E-5,1.6086270009350278E-5,1.4977037570959396E-5],[1.4339028009376061E-5,1.5448173317123567E-5,1.5768300534877565E-5,1.6089008931120283E-5,1.5768300534877565E-5,1.5448173317123567E-5,1.4339028009376061E-5],[1.4461635896224008E-5,1.5550581382206705E-5,1.5448173317123567E-5,1.6086270009350278E-5,1.5448173317123567E-5,1.5550581382206705E-5,1.4461635896224008E-5],[1.3389313281581939E-5,1.4461635896224008E-5,1.4339028009376061E-5,1.4977037570959396E-5,1.4339028009376061E-5,1.4461635896224008E-5,1.3389313281581939E-5]],[[1.5044334597789354E-5,1.6178641831783108E-5,1.6049107821886373E-5,1.6724376965515224E-5,1.6049107821886373E-5,1.6178641831783108E-5,1.5044334597789354E-5],[1.6178641831783108E-5,1.7327936328528782E-5,1.7220004353107075E-5,1.7893829490961195E-5,1.7220004353107075E-5,1.7327936328528782E-5,1.6178641831783108E-5],[1.6049107821886373E-5,1.7220004353107075E-5,1.7557945943999053E-5,1.7896499421515539E-5,1.7557945943999053E-5,1.7220004353107075E-5,1.6049107821886373E-5],[1.6724376965515224E-5,1.7893829490961195E-5,1.7896499421515539E-5,1.8525102178192959E-5,1.7896499421515539E-5,1.7893829490961195E-5,1.6724376965515224E-5],[1.6049107821886373E-5,1.7220004353107075E-5,1.7557945943999053E-5,1.7896499421515539E-5,1.7557945943999053E-5,1.7220004353107075E-5,1.6049107821886373E-5],[1.6178641831783108E-5,1.7327936328528782E-5,1.7220004353107075E-5,1.7893829490961195E-5,1.7220004353107075E-5,1.7327936328528782E-5,1.6178641831783108E-5],[1.5044334597789354E-5,1.6178641831783108E-5,1.6049107821886373E-5,1.6724376965515224E-5,1.6049107821886373E-5,1.6178641831783108E-5,1.5044334597789354E-5]],[[1.6792039055269053E-5,1.7987940275120838E-5,1.7851523610904627E-5,1.8563817115720462E-5,1.7851523610904627E-5,1.7987940275120838E-5,1.6792039055269053E-5],[1.7987940275120838E-5,1.9197206083186987E-5,1.9083784600023474E-5,1.9793114185927439E-5,1.9083784600023474E-5,1.9197206083186987E-5,1.7987940275120838E-5],[1.7851523610904627E-5,1.9083784600023474E-5,1.9439428994962768E-5,1.9795715793981612E-5,1.9439428994962768E-5,1.9083784600023474E-5,1.7851523610904627E-5],[1.8563817115720462E-5,1.9793114185927439E-5,1.9795715793981612E-5,2.0457049025419972E-5,1.9795715793981612E-5,1.9793114185927439E-5,1.8563817115720462E-5],[1.7851523610904627E-5,1.9083784600023474E-5,1.9439428994962768E-5,1.9795715793981612E-5,1.9439428994962768E-5,1.9083784600023474E-5,1.7851523610904627E-5],[1.7987940275120838E-5,1.9197206083186987E-5,1.9083784600023474E-5,1.9793114185927439E-5,1.9083784600023474E-5,1.9197206083186987E-5,1.7987940275120838E-5],[1.6792039055269053E-5,1.7987940275120838E-5,1.7851523610904627E-5,1.8563817115720462E-5,1.7851523610904627E-5,1.7987940275120838E-5,1.6792039055269053E-5]],[[1.8631845497009972E-5,1.9888956397795395E-5,1.9745699854177308E-5,2.0494786336265152E-5,1.9745699854177308E-5,1.9888956397795395E-5,1.8631845497009972E-5],[1.9888956397795395E-5,2.1157821761565439E-5,2.1038944642479135E-5,2.1783558229922012E-5,2.1038944642479135E-5,2.1157821761565439E-5,1.9888956397795395E-5],[1.9745699854177308E-5,2.1038944642479135E-5,2.141218203335534E-5,2.1786092157980816E-5,2.141218203335534E-5,2.1038944642479135E-5,1.9745699854177308E-5],[2.0494786336265152E-5,2.1783558229922012E-5,2.1786092157980816E-5,2.2479953049448042E-5,2.1786092157980816E-5,2.1783558229922012E-5,2.0494786336265152E-5],[1.9745699854177308E-5,2.1038944642479135E-5,2.141218203335534E-5,2.1786092157980816E-5,2.141218203335534E-5,2.1038944642479135E-5,1.9745699854177308E-5],[1.9888956397795395E-5,2.1157821761565439E-5,2.1038944642479135E-5,2.1783558229922012E-5,2.1038944642479135E-5,2.1157821761565439E-5,1.9888956397795395E-5],[1.8631845497009972E-5,1.9888956397795395E-5,1.9745699854177308E-5,2.0494786336265152E-5,1.9745699854177308E-5,1.9888956397795395E-5,1.8631845497009972E-5]],[[2.0563181980795114E-5,2.1881124217346156E-5,2.1731069916677603E-5,2.2516721606300422E-5,2.1731069916677603E-5,2.1881124217346156E-5,2.0563181980795114E-5],[2.1881124217346156E-5,2.3209222971986277E-5,2.308492359011258E-5,2.3864604073678991E-5,2.308492359011258E-5,2.3209222971986277E-5,2.1881124217346156E-5],[2.1731069916677603E-5,2.308492359011258E-5,2.3475645825366237E-5,2.3867070938972721E-5,2.3475645825366237E-5,2.308492359011258E-5,2.1731069916677603E-5],[2.2516721606300422E-5,2.3864604073678991E-5,2.3867070938972721E-5,2.4593259720530066E-5,2.3867070938972721E-5,2.3864604073678991E-5,2.2516721606300422E-5],[2.1731069916677603E-5,2.308492359011258E-5,2.3475645825366237E-5,2.3867070938972721E-5,2.3475645825366237E-5,2.308492359011258E-5,2.1731069916677603E-5],[2.1881124217346156E-5,2.3209222971986277E-5,2.308492359011258E-5,2.3864604073678991E-5,2.308492359011258E-5,2.3209222971986277E-5,2.1881124217346156E-5],[2.0563181980795114E-5,2.1881124217346156E-5,2.1731069916677603E-5,2.2516721606300422E-5,2.1731069916677603E-5,2.1881124217346156E-5,2.0563181980795114E-5]],[[2.2585485234459023E-5,2.3963886063687995E-5,2.3807075515512488E-5,2.4629068041186394E-5,2.3807075515512488E-5,2.3963886063687995E-5,2.2585485234459023E-5],[2.3963886063687995E-5,2.535085729235372E-5,2.5221168553229304E-5,2.6035701964820893E-5,2.5221168553229304E-5,2.535085729235372E-5,2.3963886063687995E-5],[2.3807075515512488E-5,2.5221168553229304E-5,2.5629269036489407E-5,2.603810236018755E-5,2.5629269036489407E-5,2.5221168553229304E-5,2.3807075515512488E-5],[2.4629068041186394E-5,2.6035701964820893E-5,2.603810236018755E-5,2.67964221197488E-5,2.603810236018755E-5,2.6035701964820893E-5,2.4629068041186394E-5],[2.3807075515512488E-5,2.5221168553229304E-5,2.5629269036489407E-5,2.603810236018755E-5,2.5629269036489407E-5,2.5221168553229304E-5,2.3807075515512488E-5],[2.3963886063687995E-5,2.535085729235372E-5,2.5221168553229304E-5,2.6035701964820893E-5,2.5221168553229304E-5,2.535085729235372E-5,2.3963886063687995E-5],[2.2585485234459023E-5,2.3963886063687995E-5,2.3807075515512488E-5,2.4629068041186394E-5,2.3807075515512488E-5,2.3963886063687995E-5,2.2585485234459023E-5]],[[2.469820012708799E-5,2.6136692060426624E-5,2.5973166200036112E-5,2.6831278378812163E-5,2.5973166200036112E-5,2.6136692060426624E-5,2.469820012708799E-5],[2.6136692060426624E-5,2.758217976067839E-5,2.7447134132480449E-5,2.8296309443099465E-5,2.7447134132480449E-5,2.758217976067839E-5,2.6136692060426624E-5],[2.5973166200036112E-5,2.7447134132480449E-5,2.7872507723948852E-5,2.8298643937802842E-5,2.7872507723948852E-5,2.7447134132480449E-5,2.5973166200036112E-5],[2.6831278378812163E-5,2.8296309443099465E-5,2.8298643937802842E-5,2.9088900439220765E-5,2.8298643937802842E-5,2.8296309443099465E-5,2.6831278378812163E-5],[2.5973166200036112E-5,2.7447134132480449E-5,2.7872507723948852E-5,2.8298643937802842E-5,2.7872507723948852E-5,2.7447134132480449E-5,2.5973166200036112E-5],[2.6136692060426624E-5,2.758217976067839E-5,2.7447134132480449E-5,2.8296309443099465E-5,2.7447134132480449E-5,2.758217976067839E-5,2.6136692060426624E-5],[2.469820012708799E-5,2.6136692060426624E-5,2.5973166200036112E-5,2.6831278378812163E-5,2.5973166200036112E-5,2.6136692060426624E-5,2.469820012708799E-5]],[[2.6900779154607207E-5,2.8398999619504984E-5,2.8228798845477447E-5,2.9122812478777565E-5,2.8228798845477447E-5,2.8398999619504984E-5,2.6900779154607207E-5],[2.8398999619504984E-5,2.9902652377887137E-5,2.9762281920947522E-5,3.0645890847416663E-5,2.9762281920947518E-5,2.9902652377887137E-5,2.8398999619504984E-5],[2.8228798845477447E-5,2.9762281920947522E-5,3.0204824841216479E-5,3.0648159987898284E-5,3.0204824841216475E-5,2.9762281920947522E-5,2.822879884547745E-5],[2.9122812478777565E-5,3.0645890847416663E-5,3.0648159987898284E-5,3.14701614934957E-5,3.0648159987898284E-5,3.0645890847416663E-5,2.9122812478777565E-5],[2.8228798845477447E-5,2.9762281920947518E-5,3.0204824841216475E-5,3.0648159987898284E-5,3.0204824841216475E-5,2.9762281920947522E-5,2.822879884547745E-5],[2.8398999619504984E-5,2.9902652377887137E-5,2.9762281920947522E-5,3.0645890847416663E-5,2.9762281920947522E-5,2.9902652377887137E-5,2.8398999619504984E-5],[2.6900779154607207E-5,2.8398999619504984E-5,2.822879884547745E-5,2.9122812478777565E-5,2.822879884547745E-5,2.8398999619504984E-5,2.6900779154607207E-5]],[[2.9192681938155655E-5,3.07502729475718E-5,3.0573437158441676E-5,3.1503136832800014E-5,3.0573437158441676E-5,3.07502729475718E-5,2.9192681938155658E-5],[3.07502729475718E-5,3.2311743621321938E-5,3.2166080017022966E-5,3.3083916833024439E-5,3.2166080017022966E-5,3.2311743621321938E-5,3.07502729475718E-5],[3.0573437158441676E-5,3.2166080017022966E-5,3.2625689753017804E-5,3.3086121143589837E-5,3.2625689753017804E-5,3.2166080017022966E-5,3.0573437158441676E-5],[3.1503136832800014E-5,3.3083916833024439E-5,3.3086121143589837E-5,3.3939678240565186E-5,3.3086121143589837E-5,3.3083916833024439E-5,3.1503136832800014E-5],[3.0573437158441676E-5,3.2166080017022966E-5,3.2625689753017804E-5,3.3086121143589837E-5,3.2625689753017804E-5,3.2166080017022966E-5,3.0573437158441676E-5],[3.07502729475718E-5,3.2311743621321938E-5,3.2166080017022966E-5,3.3083916833024439E-5,3.2166080017022966E-5,3.2311743621321938E-5,3.07502729475718E-5],[2.9192681938155658E-5,3.07502729475718E-5,3.0573437158441676E-5,3.1503136832800014E-5,3.0573437158441676E-5,3.07502729475718E-5,2.9192681938155658E-5]],[[3.1573374733664344E-5,3.3189982562504365E-5,3.3006551192685633E-5,3.3971724084766108E-5,3.3006551192685633E-5,3.3189982562504365E-5,3.1573374733664344E-5],[3.3189982562504365E-5,3.4808927967363131E-5,3.465800254651088E-5,3.5609863897336389E-5,3.465800254651088E-5,3.4808927967363131E-5,3.3189982562504365E-5],[3.3006551192685633E-5,3.465800254651088E-5,3.5134577759254277E-5,3.5612003880776008E-5,3.5134577759254277E-5,3.465800254651088E-5,3.3006551192685633E-5],[3.3971724084766108E-5,3.5609863897336389E-5,3.5612003880776008E-5,3.64969293109206E-5,3.5612003880776008E-5,3.5609863897336389E-5,3.3971724084766108E-5],[3.3006551192685633E-5,3.465800254651088E-5,3.5134577759254277E-5,3.5612003880776008E-5,3.5134577759254277E-5,3.465800254651088E-5,3.3006551192685633E-5],[3.3189982562504365E-5,3.4808927967363131E-5,3.465800254651088E-5,3.5609863897336389E-5,3.465800254651088E-5,3.4808927967363131E-5,3.3189982562504365E-5],[3.1573374733664344E-5,3.3189982562504365E-5,3.3006551192685633E-5,3.3971724084766108E-5,3.3006551192685633E-5,3.3189982562504365E-5,3.1573374733664344E-5]],[[3.404232995105763E-5,3.5717604818498436E-5,3.5527616873594578E-5,3.65280525588442E-5,3.5527616873594578E-5,3.5717604818498436E-5,3.404232995105763E-5],[3.5717604818498436E-5,3.7393685421600973E-5,3.7237529192374738E-5,3.8223213912779081E-5,3.7237529192374738E-5,3.7393685421600973E-5,3.5717604818498436E-5],[3.5527616873594578E-5,3.7237529192374738E-5,3.7730969626269358E-5,3.8225290050925106E-5,3.7730969626269358E-5,3.7237529192374738E-5,3.5527616873594578E-5],[3.65280525588442E-5,3.8223213912779081E-5,3.8225290050925106E-5,3.9141398543093144E-5,3.8225290050925106E-5,3.8223213912779081E-5,3.65280525588442E-5],[3.5527616873594578E-5,3.7237529192374738E-5,3.7730969626269358E-5,3.8225290050925106E-5,3.7730969626269358E-5,3.7237529192374738E-5,3.5527616873594578E-5],[3.5717604818498436E-5,3.7393685421600973E-5,3.7237529192374738E-5,3.8223213912779081E-5,3.7237529192374738E-5,3.7393685421600973E-5,3.5717604818498436E-5],[3.404232995105763E-5,3.5717604818498436E-5,3.5527616873594578E-5,3.65280525588442E-5,3.5527616873594578E-5,3.5717604818498436E-5,3.404232995105763E-5]],[[3.6599025681508908E-5,3.83326214381742E-5,3.8136115529778387E-5,3.9171605794088336E-5,3.8136115529778387E-5,3.83326214381742E-5,3.6599025681508908E-5],[3.83326214381742E-5,4.0065501054995953E-5,3.9904144730563129E-5,4.0923453665116237E-5,3.9904144730563129E-5,4.0065501054995953E-5,3.83326214381742E-5],[3.8136115529778387E-5,3.9904144730563129E-5,4.041435112389165E-5,4.0925466419336888E-5,4.041435112389165E-5,3.9904144730563129E-5,3.8136115529778387E-5],[3.9171605794088336E-5,4.0923453665116237E-5,4.0925466419336888E-5,4.1872574524110478E-5,4.0925466419336888E-5,4.0923453665116237E-5,3.9171605794088336E-5],[3.8136115529778387E-5,3.9904144730563129E-5,4.041435112389165E-5,4.0925466419336888E-5,4.041435112389165E-5,3.9904144730563129E-5,3.8136115529778387E-5],[3.83326214381742E-5,4.0065501054995953E-5,3.9904144730563129E-5,4.0923453665116237E-5,3.9904144730563129E-5,4.0065501054995953E-5,3.83326214381742E-5],[3.6599025681508908E-5,3.83326214381742E-5,3.8136115529778387E-5,3.9171605794088336E-5,3.8136115529778387E-5,3.83326214381742E-5,3.6599025681508908E-5]],[[3.9242945231184205E-5,4.1034519050118113E-5,4.0831533430229752E-5,4.19018720839864E-5,4.0831533430229752E-5,4.1034519050118113E-5,3.9242945231184205E-5],[4.1034519050118113E-5,4.2823864544453165E-5,4.2657338570347724E-5,4.3710074395681144E-5,4.2657338570347724E-5,4.2823864544453165E-5,4.1034519050118113E-5],[4.0831533430229752E-5,4.2657338570347724E-5,4.3184212566687558E-5,4.371202420731131E-5,4.3184212566687558E-5,4.2657338570347724E-5,4.0831533430229752E-5],[4.19018720839864E-5,4.3710074395681144E-5,4.371202420731131E-5,4.4689950133299544E-5,4.371202420731131E-5,4.3710074395681144E-5,4.19018720839864E-5],[4.0831533430229752E-5,4.2657338570347724E-5,4.3184212566687558E-5,4.371202420731131E-5,4.3184212566687558E-5,4.2657338570347724E-5,4.0831533430229752E-5],[4.1034519050118113E-5,4.2823864544453165E-5,4.2657338570347724E-5,4.3710074395681144E-5,4.2657338570347724E-5,4.2823864544453165E-5,4.1034519050118113E-5],[3.9242945231184205E-5,4.1034519050118113E-5,4.0831533430229752E-5,4.19018720839864E-5,4.0831533430229752E-5,4.1034519050118113E-5,3.9242945231184205E-5]],[[4.1973576659890296E-5,4.3822788730270259E-5,4.3613361325456857E-5,4.4718344019327078E-5,4.3613361325456857E-5,4.3822788730270259E-5,4.1973576659890296E-5],[4.3822788730270259E-5,4.5668269716210341E-5,4.5496604297571739E-5,4.658257134590476E-5,4.5496604297571739E-5,4.5668269716210341E-5,4.3822788730270259E-5],[4.3613361325456857E-5,4.5496604297571739E-5,4.6040048357819003E-5,4.658445863661597E-5,4.6040048357819003E-5,4.5496604297571739E-5,4.3613361325456857E-5],[4.4718344019327078E-5,4.658257134590476E-5,4.658445863661597E-5,4.7593022087824764E-5,4.658445863661597E-5,4.658257134590476E-5,4.4718344019327078E-5],[4.3613361325456857E-5,4.5496604297571739E-5,4.6040048357819003E-5,4.658445863661597E-5,4.6040048357819003E-5,4.5496604297571739E-5,4.3613361325456857E-5],[4.3822788730270259E-5,4.5668269716210341E-5,4.5496604297571739E-5,4.658257134590476E-5,4.5496604297571739E-5,4.5668269716210341E-5,4.3822788730270259E-5],[4.1973576659890296E-5,4.3822788730270259E-5,4.3613361325456857E-5,4.4718344019327078E-5,4.3613361325456857E-5,4.3822788730270259E-5,4.1973576659890296E-5]],[[4.4790412323050123E-5,4.6696925545595333E-5,4.64810939909935E-5,4.7620518032833631E-5,4.64810939909935E-5,4.6696925545595333E-5,4.4790412323050123E-5],[4.6696925545595333E-5,4.8598214090457125E-5,4.8421439219219422E-5,4.9540443302551639E-5,4.8421439219219422E-5,4.8598214090457125E-5,4.6696925545595333E-5],[4.64810939909935E-5,4.8421439219219422E-5,4.8981356533914646E-5,4.9542268474659212E-5,4.8981356533914646E-5,4.8421439219219422E-5,4.64810939909935E-5],[4.7620518032833631E-5,4.9540443302551639E-5,4.9542268474659212E-5,5.0581290488360263E-5,4.9542268474659212E-5,4.9540443302551639E-5,4.7620518032833631E-5],[4.64810939909935E-5,4.8421439219219422E-5,4.8981356533914646E-5,4.9542268474659212E-5,4.8981356533914646E-5,4.8421439219219422E-5,4.64810939909935E-5],[4.6696925545595333E-5,4.8598214090457125E-5,4.8421439219219422E-5,4.9540443302551639E-5,4.8421439219219422E-5,4.8598214090457125E-5,4.6696925545595333E-5],[4.4790412323050123E-5,4.6696925545595333E-5,4.64810939909935E-5,4.7620518032833631E-5,4.64810939909935E-5,4.6696925545595333E-5,4.4790412323050123E-5]],[[4.7692948415397917E-5,4.9656428098383247E-5,4.9434229771683906E-5,5.06078939439149E-5,4.9434229771683906E-5,4.9656428098383247E-5,4.7692948415397917E-5],[4.9656428098383247E-5,5.1613198425531243E-5,5.1431343907667565E-5,5.2583192142010359E-5,5.1431343907667565E-5,5.1613198425531243E-5,4.9656428098383247E-5],[4.9434229771683906E-5,5.1431343907667565E-5,5.2007638309310185E-5,5.2584955578718682E-5,5.2007638309310185E-5,5.1431343907667565E-5,4.9434229771683906E-5],[5.06078939439149E-5,5.2583192142010359E-5,5.2584955578718682E-5,5.3654258363238842E-5,5.2584955578718682E-5,5.2583192142010359E-5,5.06078939439149E-5],[4.9434229771683906E-5,5.1431343907667565E-5,5.2007638309310185E-5,5.2584955578718682E-5,5.2007638309310185E-5,5.1431343907667565E-5,4.9434229771683906E-5],[4.9656428098383247E-5,5.1613198425531243E-5,5.1431343907667565E-5,5.2583192142010359E-5,5.1431343907667565E-5,5.1613198425531243E-5,4.9656428098383247E-5],[4.7692948415397917E-5,4.9656428098383247E-5,4.9434229771683906E-5,5.06078939439149E-5,4.9434229771683906E-5,4.9656428098383247E-5,4.7692948415397917E-5]],[[5.0680684514783779E-5,5.2700798069572084E-5,5.2472270125097537E-5,5.3679974501893167E-5,5.2472270125097537E-5,5.2700798069572084E-5,5.0680684514783779E-5],[5.2700798069572084E-5,5.4712726260051637E-5,5.45258217429683E-5,5.571032237197803E-5,5.45258217429683E-5,5.4712726260051637E-5,5.2700798069572084E-5],[5.2472270125097537E-5,5.45258217429683E-5,5.5118397618001495E-5,5.5712024437563895E-5,5.5118397618001495E-5,5.45258217429683E-5,5.2472270125097537E-5],[5.3679974501893167E-5,5.571032237197803E-5,5.5712024437563895E-5,5.6811431209404604E-5,5.5712024437563895E-5,5.571032237197803E-5,5.3679974501893167E-5],[5.2472270125097537E-5,5.45258217429683E-5,5.5118397618001495E-5,5.5712024437563895E-5,5.5118397618001495E-5,5.45258217429683E-5,5.2472270125097537E-5],[5.2700798069572084E-5,5.4712726260051637E-5,5.45258217429683E-5,5.571032237197803E-5,5.45258217429683E-5,5.4712726260051637E-5,5.2700798069572084E-5],[5.0680684514783779E-5,5.2700798069572084E-5,5.2472270125097537E-5,5.3679974501893167E-5,5.2472270125097537E-5,5.2700798069572084E-5,5.0680684514783779E-5]],[[5.3753123124416314E-5,5.5829539759396992E-5,5.559471916239892E-5,5.6836264926018436E-5,5.559471916239892E-5,5.5829539759396992E-5,5.3753123124416314E-5],[5.5829539759396992E-5,5.7896303451275951E-5,5.7704378451459646E-5,5.8921340668821935E-5,5.7704378451459646E-5,5.7896303451275951E-5,5.5829539759396992E-5],[5.559471916239892E-5,5.7704378451459646E-5,5.8313140651600632E-5,5.8922981708755841E-5,5.8313140651600632E-5,5.7704378451459646E-5,5.559471916239892E-5],[5.6836264926018436E-5,5.8921340668821935E-5,5.8922981708755841E-5,6.0052316528440733E-5,5.8922981708755841E-5,5.8921340668821935E-5,5.6836264926018436E-5],[5.559471916239892E-5,5.7704378451459646E-5,5.8313140651600632E-5,5.8922981708755841E-5,5.8313140651600632E-5,5.7704378451459646E-5,5.559471916239892E-5],[5.5829539759396992E-5,5.7896303451275951E-5,5.7704378451459646E-5,5.8921340668821935E-5,5.7704378451459646E-5,5.7896303451275951E-5,5.5829539759396992E-5],[5.3753123124416314E-5,5.5829539759396992E-5,5.559471916239892E-5,5.6836264926018436E-5,5.559471916239892E-5,5.5829539759396992E-5,5.3753123124416314E-5]],[[5.690976921186168E-5,5.9042159623658755E-5,5.8801083184974766E-5,6.0076272440567866E-5,5.8801083184974766E-5,5.9042159623658755E-5,5.690976921186168E-5],[5.9042159623658755E-5,6.1163437707952928E-5,6.0966521638979589E-5,6.2215755408882216E-5,6.0966521638979589E-5,6.1163437707952928E-5,5.9042159623658755E-5],[5.8801083184974766E-5,6.0966521638979589E-5,6.1591375391563253E-5,6.22173357498857E-5,6.1591375391563253E-5,6.0966521638979582E-5,5.8801083184974766E-5],[6.0076272440567866E-5,6.2215755408882216E-5,6.22173357498857E-5,6.3376423355919587E-5,6.22173357498857E-5,6.2215755408882216E-5,6.0076272440567866E-5],[5.8801083184974766E-5,6.0966521638979589E-5,6.1591375391563253E-5,6.22173357498857E-5,6.1591375391563253E-5,6.0966521638979582E-5,5.8801083184974766E-5],[5.9042159623658755E-5,6.1163437707952928E-5,6.0966521638979582E-5,6.2215755408882216E-5,6.0966521638979582E-5,6.1163437707952928E-5,5.9042159623658755E-5],[5.690976921186168E-5,5.9042159623658755E-5,5.8801083184974766E-5,6.0076272440567866E-5,5.8801083184974766E-5,5.9042159623658755E-5,5.690976921186168E-5]],[[6.0150129743087915E-5,6.233816580387116E-5,6.2090870215053415E-5,6.3399505803233668E-5,6.2090870215053415E-5,6.233816580387116E-5,6.0150129743087915E-5],[6.233816580387116E-5,6.4513638115887086E-5,6.4311760316892631E-5,6.5593076191901374E-5,6.4311760316892631E-5,6.4513638115887086E-5,6.233816580387116E-5],[6.2090870215053415E-5,6.4311760316892631E-5,6.4952611133886441E-5,6.5594596141941146E-5,6.4952611133886441E-5,6.4311760316892631E-5,6.2090870215053415E-5],[6.3399505803233668E-5,6.5593076191901374E-5,6.5594596141941146E-5,6.6783261782246732E-5,6.5594596141941146E-5,6.5593076191901374E-5,6.3399505803233668E-5],[6.2090870215053415E-5,6.4311760316892631E-5,6.4952611133886441E-5,6.5594596141941146E-5,6.4952611133886441E-5,6.4311760316892631E-5,6.2090870215053415E-5],[6.233816580387116E-5,6.4513638115887086E-5,6.4311760316892631E-5,6.5593076191901374E-5,6.4311760316892631E-5,6.4513638115887086E-5,6.233816580387116E-5],[6.0150129743087915E-5,6.233816580387116E-5,6.2090870215053415E-5,6.3399505803233668E-5,6.2090870215053415E-5,6.233816580387116E-5,6.0150129743087915E-5]],[[6.3473713209754242E-5,6.5717067649453836E-5,6.5463589518525812E-5,6.6805474824992918E-5,6.5463589518525812E-5,6.5717067649453836E-5,6.3473713209754242E-5],[6.5717067649453836E-5,6.79464146543647E-5,6.7739604419095919E-5,6.90528133547327E-5,6.7739604419095919E-5,6.79464146543647E-5,6.5717067649453836E-5],[6.5463589518525812E-5,6.7739604419095919E-5,6.8396358004435112E-5,6.9054273202949541E-5,6.8396358004435112E-5,6.7739604419095919E-5,6.5463589518525812E-5],[6.6805474824992918E-5,6.90528133547327E-5,6.9054273202949541E-5,7.0272342463131062E-5,6.9054273202949541E-5,6.90528133547327E-5,6.6805474824992918E-5],[6.5463589518525812E-5,6.7739604419095919E-5,6.8396358004435112E-5,6.9054273202949541E-5,6.8396358004435112E-5,6.7739604419095919E-5,6.5463589518525812E-5],[6.5717067649453836E-5,6.79464146543647E-5,6.7739604419095919E-