{"M_cells":[[[0,0,0,0,0,0],[0,0,0,0,0,0],[0,0,0,0,0,0],[0,0,0,0,0,0],[0,0,0,0,0,0],[0,0,0,0,0,0]],[[0.00021942240738862049,0.00050865569709298241,0.00020941021065685523,9.4364023265590958E-5,4.3212075409775645E-5,1.6306265705834186E-5],[0.00050865569709298241,0.0008192082822216539,0.00039945596731732813,0.00019077518739872259,9.3814958867533639E-5,4.3212075409775645E-5],[0.00020941021065685523,0.00039945596731732813,0.00028750342771341323,0.00017570586496619373,9.8208065672443008E-5,4.5972952728758176E-5],[9.4364023265590958E-5,0.00019077518739872259,0.00017570586496619373,0.00012655367575821277,7.74863444732531E-5,3.5685204613073563E-5],[4.3212075409775645E-5,9.3814958867533639E-5,9.8208065672443008E-5,7.74863444732531E-5,4.9620982255502754E-5,2.1800160397156435E-5],[1.6306265705834186E-5,4.3212075409775645E-5,4.5972952728758176E-5,3.5685204613073563E-5,2.1800160397156435E-5,7.9429370030977987E-6]],[[0.0007059300497946632,0.0010307336293182033,0.00049272153294911908,0.0002569462758624276,0.00014142740746298955,8.201492663002658E-5],[0.0010307336293182033,0.0012319201376466795,0.00067516579695741145,0.00037326945832977449,0.00021959373603103226,0.00014142740746298955],[0.00049272153294911908,0.00067516579695741145,0.00050832111355958692,0.00034161812266229777,0.00022243566369839582,0.00014488983338660944],[0.0002569462758624276,0.00037326945832977449,0.00034161812266229777,0.00026267205040284583,0.00018382220928706616,0.00011771882796330522],[0.00014142740746298955,0.00021959373603103226,0.00022243566369839582,0.00018382220928706616,0.0001326214372744458,8.1486012397693859E-5],[8.201492663002658E-5,0.00014142740746298955,0.00014488983338660944,0.00011771882796330522,8.1486012397693859E-5,4.5304332256959642E-5]],[[0.0011507342288028337,0.0014163491689781207,0.00075251362719082207,0.00043655785588437879,0.00027243560151116452,0.00018976732994681331],[0.0014163491689781207,0.001545996313551303,0.00091662483288483152,0.00055846027816559634,0.00036752918627723139,0.00027243560151116452],[0.00075251362719082207,0.00091662483288483152,0.00071493344422471621,0.00051337624946905572,0.00036699273810019046,0.0002738400774361891],[0.00043655785588437879,0.00055846027816559634,0.00051337624946905572,0.00041335006506375917,0.00031342797223733607,0.00023036336996527798],[0.00027243560151116452,0.00036752918627723139,0.00036699273810019046,0.00031342797223733607,0.00024319056276782237,0.00017303443855773608],[0.00018976732994681331,0.00027243560151116452,0.0002738400774361891,0.00023036336996527798,0.00017303443855773608,0.00011577566327440267]],[[0.0015068884902662942,0.0017191331648906808,0.00098683718036603045,0.00062038248916464526,0.00042328404085439084,0.00032578687706901171],[0.0017191331648906808,0.0018070627743988479,0.0011359133218371534,0.00074315840678984189,0.00052842565115591219,0.00042328404085439084],[0.00098683718036603045,0.0011359133218371534,0.00091197098378122555,0.00068815749063568963,0.0005241964902657258,0.00042139020333549314],[0.00062038248916464526,0.00074315840678984189,0.00068815749063568963,0.000573538300600401,0.00045902823319770106,0.00036427909742932943],[0.00042328404085439084,0.00052842565115591219,0.0005241964902657258,0.00045902823319770106,0.00037430132146683363,0.00028966729274713677],[0.00032578687706901171,0.00042328404085439084,0.00042139020333549314,0.00036427909742932943,0.00028966729274713677,0.00021514012209366119]],[[0.0017965511648590329,0.001973222464624922,0.0012019682160688365,0.000804177845446333,0.00058575306461103587,0.00047931990663223556],[0.001973222464624922,0.0020363625319881357,0.0013404106760182383,0.0009263506453388744,0.00069669883188116437,0.00058575306461103587],[0.0012019682160688365,0.0013404106760182383,0.0011023219522748138,0.00086435842886869725,0.00068916621067091133,0.00058041649126787712],[0.000804177845446333,0.0009263506453388744,0.00086435842886869725,0.000739830403801727,0.00061541474473646109,0.00051273773839157649],[0.00058575306461103587,0.00069669883188116437,0.00068916621067091133,0.00061541474473646109,0.00052013859693062848,0.00042496352710523234],[0.00047931990663223556,0.00058575306461103587,0.00058041649126787712,0.00051273773839157649,0.00042496352710523234,0.00033728449088871561]],[[0.0020435992213495378,0.0021981061702574917,0.0014039270622724447,0.000986763670824127,0.0007548771960774023,0.0006432343691117414],[0.0021981061702574917,0.0022462307350468286,0.0015352576456175901,0.0011080350005978456,0.00086911748007143647,0.0007548771960774023],[0.0014039270622724447,0.0015352576456175901,0.0012881887098707687,0.0010412425657253413,0.00085891225826365892,0.00074650485582997324],[0.000986763670824127,0.0011080350005978456,0.0010412425657253413,0.00091007041640672509,0.0007790127373609229,0.00067101254063013324],[0.0007548771960774023,0.00086911748007143647,0.00085891225826365892,0.0007790127373609229,0.0006762774952421358,0.00057364900608622318],[0.0006432343691117414,0.0007548771960774023,0.00074650485582997324,0.00067101254063013324,0.00057364900608622318,0.00047638810003147383]],[[0.0022643090237877972,0.0024051801716904204,0.0015971936611155,0.0011680410000425437,0.00092775801099125445,0.00081314003479015455],[0.0024051801716904204,0.0024440836454811274,0.0017238870956495778,0.0012885002151933633,0.00104384721250826,0.00092775801099125445],[0.0015971936611155,0.0017238870956495778,0.0014711156881636498,0.00121846550479568,0.001031606606915826,0.00091694315274518123],[0.0011680410000425437,0.0012885002151933633,0.00121846550479568,0.0010828759461101877,0.00094740222703371992,0.00083585430763221627],[0.00092775801099125445,0.00104384721250826,0.001031606606915826,0.00094740222703371992,0.00083949897017466493,0.00073170633925003815],[0.00081314003479015455,0.00092775801099125445,0.00091694315274518123,0.00083585430763221627,0.00073170633925003815,0.0006276661634987919]],[[0.0024688048484796518,0.002601264588233709,0.001784828225175276,0.0013482335271145915,0.0011027394612321837,0.000986444953551118],[0.002601264588233709,0.0026344495360619293,0.0019085339913520504,0.0014680619753127094,0.0012198585475920595,0.0011027394612321837],[0.001784828225175276,0.0019085339913520504,0.0016521372761927212,0.0013958607729080699,0.0012061285390058797,0.0010900686488846075],[0.0013482335271145915,0.0014680619753127094,0.0013958607729080699,0.0012573519004187518,0.0011189597594589188,0.0010050607125180232],[0.0011027394612321837,0.0012198585475920595,0.0012061285390058797,0.0011189597594589188,0.001007528213665634,0.00089620990825908982],[0.000986444953551118,0.0011027394612321837,0.0010900686488846075,0.0010050607125180232,0.00089620990825908982,0.00078747042230555833]],[[0.0026632710421552667,0.0027905097139851167,0.0019688445137625112,0.0015276131120532355,0.0012788881559977021,0.0011616572021148142],[0.0027905097139851167,0.00282012263956534,0.0020906356667362343,0.0016469834942973427,0.0013965780175336053,0.0012788881559977021],[0.0019688445137625112,0.0020906356667362343,0.0018319307585725709,0.0015733454109537145,0.0013817882011607063,0.00126486048743101],[0.0015276131120532355,0.0016469834942973427,0.0015733454109537145,0.0014329158738547905,0.0012926036491406967,0.001177153399087453],[0.0012788881559977021,0.0013965780175336053,0.0013817882011607063,0.0012926036491406967,0.0011787896885486803,0.0010650907184909944],[0.0011616572021148142,0.0012788881559977021,0.00126486048743101,0.001177153399087453,0.0010650907184909944,0.00095314173686460613]],[[0.0028514935451007585,0.002975471277572553,0.0021505447136750183,0.0017064133403710856,0.0014556826646146257,0.0013379317522212431],[0.002975471277572553,0.003002840715559449,0.0022711114159412044,0.0018254629455269357,0.0015736877483322153,0.0014556826646146257],[0.0021505447136750183,0.0022711114159412044,0.00201093464881915,0.0017508770237538479,0.0015581590362139411,0.0014406898238123517],[0.0017064133403710856,0.0018254629455269357,0.0017508770237538479,0.0016091881933169062,0.0014676170532673708,0.0013511470562460567],[0.0014556826646146257,0.0015736877483322153,0.0015581590362139411,0.0014676170532673708,0.0013522079603839881,0.0012369150219291266],[0.0013379317522212431,0.0014556826646146257,0.0014406898238123517,0.0013511470562460567,0.0012369150219291266,0.0011227982805506534]],[[0.0030358065368558257,0.0031577367430765846,0.0023307640961296216,0.0018848123258155235,0.001632833402454064,0.0015147949743619137],[0.0031577367430765846,0.0031836910261516171,0.0024505480061135271,0.0020036421392571084,0.0017510121256898918,0.001632833402454064],[0.0023307640961296216,0.0024505480061135271,0.0021894313260503563,0.0019284335192471008,0.0017349760852091657,0.0016171676927233477],[0.0018848123258155235,0.0020036421392571084,0.0019284335192471008,0.0017859212791081316,0.0016435269751084495,0.0015263886040619186],[0.001632833402454064,0.0017510121256898918,0.0017349760852091657,0.0016435269751084495,0.001527056924237438,0.0014107037977684404],[0.0015147949743619137,0.001632833402454064,0.0016171676927233477,0.0015263886040619186,0.0014107037977684404,0.0012951353446014268]],[[0.0032176596407396097,0.0033382985936486215,0.0025100366256298541,0.0020629383183303,0.0018101801780350238,0.0016919832437610448],[0.0033382985936486215,0.0033633571077157482,0.0026293198567741835,0.0021816196356975411,0.0019284543491415033,0.0018101801780350238],[0.0025100366256298541,0.0026293198567741835,0.002367602188148936,0.0021060032200867496,0.0019120740460290273,0.0017940524546298977],[0.0020629383183303,0.0021816196356975411,0.0021060032200867496,0.0019629537757065688,0.0018200224270647791,0.0017024470783548709],[0.0018101801780350238,0.0019284543491415033,0.0019120740460290273,0.0018200224270647791,0.0017028504260572291,0.0015857958566704677],[0.0016919832437610448,0.0018101801780350238,0.0017940524546298977,0.0017024470783548709,0.0015857958566704677,0.0014692616895554613]],[[0.0033979587805434979,0.0035177804931735644,0.0026887033120800781,0.0022408807452453032,0.0019876346160081675,0.0018693505094441968],[0.0035177804931735644,0.0035422703705084119,0.0028076660290827483,0.0023594626896126115,0.0021059611471465436,0.0019876346160081675],[0.0026887033120800781,0.0028076660290827483,0.0025455636665147221,0.0022835798934891065,0.0020893493709134028,0.0019711933529612279],[0.0022408807452453032,0.0023594626896126115,0.0022835798934891065,0.0021401806187611992,0.0019968995433044976,0.0018790391099253708],[0.0019876346160081675,0.0021059611471465436,0.0020893493709134028,0.0019968995433044976,0.0018792650989676062,0.0017617484192188216],[0.0018693505094441968,0.0019876346160081675,0.0019711933529612279,0.0018790391099253708,0.0017617484192188216,0.0016445752451920178]],[[0.0035772730126991331,0.0036965759492606164,0.002866981982021915,0.0024187007391251896,0.0021651480535648453,0.0020468161153790218],[0.0036965759492606164,0.0037207039865965554,0.0029857393093752791,0.0025372166298646632,0.0022835032387694873,0.0021651480535648453],[0.002866981982021915,0.0029857393093752791,0.0027233904920301536,0.002461160192799728,0.0022667369562601376,0.0021484959547466045],[0.0024187007391251896,0.0025372166298646632,0.002461160192799728,0.0023175334682780523,0.0021740250101121858,0.0020559789297704624],[0.0021651480535648453,0.0022835032387694873,0.0022667369562601376,0.0021740250101121858,0.0020560869764006404,0.001938266925221539],[0.0020468161153790218,0.0021651480535648453,0.0021484959547466045,0.0020559789297704624,0.001938266925221539,0.00182067274072377]],[[0.0037559612893203679,0.00387493408598912,0.0030450118830116298,0.0025964395447672568,0.0023426937330316704,0.0022243356191914213],[0.00387493408598912,0.0038988314070582176,0.0031636374528896845,0.0027149117405874412,0.0024610645459970737,0.0023426937330316704],[0.0030450118830116298,0.0031636374528896845,0.0029011306484381955,0.0026387423161028795,0.0024441957340906859,0.0023259008906025055],[0.0025964395447672568,0.0027149117405874412,0.0026387423161028795,0.0024949679181824973,0.0023513118300319026,0.0022331450540375884],[0.0023426937330316704,0.0024610645459970737,0.0024441957340906859,0.0023513118300319026,0.0022331750760548612,0.0021151564469138874],[0.0022243356191914213,0.0023426937330316704,0.0023259008906025055,0.0022331450540375884,0.0021151564469138874,0.0019972858584193075]],[[0.0039342508133021828,0.0040530130638535469,0.0032228821183727004,0.0027741247343344346,0.0025202569584888363,0.0024018845729663293],[0.0040530130638535469,0.0040767630223885075,0.0033414230736256837,0.0028925681236381634,0.002638636249103217,0.0025202569584888363],[0.0032228821183727004,0.0033414230736256837,0.003078814962250603,0.0028163252933349346,0.0026216997225501611,0.002503370712269473],[0.0027741247343344346,0.0028925681236381634,0.0028163252933349346,0.0026724551425081392,0.002528703329507049,0.0024104582029855705],[0.0025202569584888363,0.002638636249103217,0.0026216997225501611,0.002528703329507049,0.0024104368237096289,0.0022922885354629209],[0.0024018845729663293,0.0025202569584888363,0.002503370712269473,0.0024104582029855705,0.0022922885354629209,0.0021742370162285188]],[[0.0041122858081490575,0.0042309135315070521,0.00340064976337653,0.0029517746161981727,0.0026978296672807911,0.0025794495455471341],[0.0042309135315070521,0.0042545692284393236,0.0035191363177149294,0.0030701990560620578,0.0028162135151287588,0.0026978296672807911],[0.00340064976337653,0.0035191363177149294,0.00325646324907878,0.0029939086037531312,0.0027992324419477987,0.0026808817295263807],[0.0029517746161981727,0.0030701990560620578,0.0029939086037531312,0.0028499764457515977,0.002706162643675404,0.0025878667295255436],[0.0026978296672807911,0.0028162135151287588,0.0027992324419477987,0.002706162643675404,0.0025878116033695403,0.0024695788409020572],[0.0025794495455471341,0.0026978296672807911,0.0026808817295263807,0.0025878667295255436,0.0024695788409020572,0.0023514091850410437]],[[0.0042901580440502128,0.0044086996667665425,0.0035783514134200335,0.0031294012855175098,0.002875407440989131,0.0027570231669026548],[0.0044086996667665425,0.0044322949916203785,0.0036968029486664847,0.0032478132729973058,0.0029937936991024771,0.002875407440989131],[0.0035783514134200335,0.0036968029486664847,0.0034340882535311584,0.0031714919693174091,0.00297678341622566,0.0028584189171499009],[0.0031294012855175098,0.0032478132729973058,0.0031714919693174091,0.0030275197122978286,0.002883665822853548,0.002765337037771026],[0.002875407440989131,0.0029937936991024771,0.00297678341622566,0.002883665822853548,0.0027652598176509061,0.002646972129414771],[0.0027570231669026548,0.002875407440989131,0.0028584189171499009,0.002765337037771026,0.002646972129414771,0.0025287255087467504]],[[0.0044679260327446088,0.0045864124606150511,0.0037560105530902053,0.0033070127008928488,0.0030529878614066141,0.002934601397775054],[0.0045864124606150511,0.00460996907470813,0.0038744395124490224,0.0034254165032034825,0.0031713753556704412,0.0030529878614066141],[0.0037560105530902053,0.0038744395124490224,0.0036116981760919132,0.0033490752426179656,0.0031543459727890687,0.0030359727241719924],[0.0033070127008928488,0.0034254165032034825,0.0033490752426179656,0.0032050770959839645,0.0030611973243996958,0.0029428473013945484],[0.0030529878614066141,0.0031713753556704412,0.0031543459727890687,0.0030611973243996958,0.00294275565004147,0.0028244323179950942],[0.002934601397775054,0.0030529878614066141,0.0030359727241719924,0.0029428473013945484,0.0028244323179950942,0.0027061356579276877]],[[0.0046456271434649,0.0047640781303810173,0.0039336422642639616,0.0034846140821134996,0.0032305696069923093,0.0031121820273085033],[0.0047640781303810173,0.0047876098961647327,0.0040520566414206077,0.0036030124936877969,0.0033489576962982275,0.0032305696069923093],[0.0039336422642639616,0.0040520566414206077,0.0037892982948595148,0.0035266583459435037,0.0033319158542128285,0.0032135370674173619],[0.0034846140821134996,0.0036030124936877969,0.0035266583459435037,0.0033826435183507263,0.0032387470705801079,0.0031203833554827782],[0.0032305696069923093,0.0033489576962982275,0.0033319158542128285,0.0032387470705801079,0.0031202822962309164,0.0030019358805744079],[0.0031121820273085033,0.0032305696069923093,0.0032135370674173619,0.0031203833554827782,0.0030019358805744079,0.0028836067520816933]],[[0.0048232852752553264,0.004941713462455222,0.00411125623788211,0.0036622088432306868,0.0034081519565878353,0.0032897638471313761],[0.004941713462455222,0.0049652292599448675,0.0042296611703202744,0.0037806036892877818,0.0035265402913130465,0.0034081519565878353],[0.00411125623788211,0.0042296611703202744,0.0039668920071209771,0.00370424123813094,0.003509490339632946,0.0033911080655273308],[0.0036622088432306868,0.0037806036892877818,0.00370424123813094,0.0035602156935195277,0.0034163085317546102,0.0032979360153650573],[0.0034081519565878353,0.0035265402913130465,0.003509490339632946,0.0034163085317546102,0.0032978288328525895,0.0031794675032005156],[0.0032897638471313761,0.0034081519565878353,0.0033911080655273308,0.0032979360153650573,0.0031794675032005156,0.0030611173523656153]],[[0.0050009157287204259,0.0051193292130077917,0.0042888587028697524,0.0038397992115798557,0.0035857345169699969,0.0034673461976312964],[0.0051193292130077917,0.0051428347344496788,0.00440725749294079,0.0039581916812835034,0.0037041229064265929,0.0035857345169699969],[0.0042888587028697524,0.00440725749294079,0.0041444814987774458,0.0038818238965466841,0.0036870676872514329,0.0035686832378163968],[0.0038397992115798557,0.0039581916812835034,0.0038818238965466841,0.0037377914955896651,0.0035938774793723579,0.0034754993297716405],[0.0035857345169699969,0.0037041229064265929,0.0036870676872514329,0.0035938774793723579,0.003475388167122197,0.0033570172308997311],[0.0034673461976312964,0.0035857345169699969,0.0035686832378163968,0.0034754993297716405,0.0033570172308997311,0.0032386535029640868]],[[0.0051785283067355024,0.0052969322769202531,0.0044664536628735941,0.0040173866364874742,0.0037633170733657045,0.0036449287188461137],[0.0052969322769202531,0.0053204311724747129,0.00458484843281352,0.004135777502436184,0.0038817054130978364,0.0037633170733657045],[0.0044664536628735941,0.00458484843281352,0.0043220681748672119,0.00405940630732121,0.0038646467797908914,0.0037462609959625312],[0.0040173866364874742,0.004135777502436184,0.00405940630732121,0.0039153695485683732,0.0037714511757159885,0.0036530694443835071],[0.0037633170733657045,0.0038817054130978364,0.0038646467797908914,0.0037714511757159885,0.0036529556973463563,0.0035345785993308866],[0.0036449287188461137,0.0037633170733657045,0.0037462609959625312,0.0036530694443835071,0.0035345785993308866,0.0034162061313763]],[[0.00535612929192578,0.0054745270734801637,0.0046440436899704007,0.0041949720580983282,0.0039408995074877405,0.0038225112137778108],[0.0054745270734801637,0.0054980216837565432,0.004762435802474714,0.0043133618204461458,0.0040592877394258105,0.0039408995074877405],[0.0046440436899704007,0.004762435802474714,0.004499652936607648,0.0042369884600852569,0.00404222689857561,0.0039238403207608992],[0.0041949720580983282,0.0043133618204461458,0.0042369884600852569,0.0040929489607390316,0.0039490278479787878,0.0038306438633980786],[0.0039408995074877405,0.0040592877394258105,0.00404222689857561,0.0039490278479787878,0.0038305284395196257,0.0037121474141517297],[0.0038225112137778108,0.0039408995074877405,0.0039238403207608992,0.0038306438633980786,0.0037121474141517297,0.0035937693459307685]],[[0.0055337227099883706,0.00565211643298869,0.0048216304344850169,0.00437255608366316,0.0041184817526340152,0.0040000935734465764],[0.00565211643298869,0.0056756082580488943,0.0049400207629667035,0.0044909450644980906,0.0042368698432808764,0.0041184817526340152],[0.0048216304344850169,0.0049400207629667035,0.0046772363597665789,0.004414570345159052,0.0042198075793344744,0.0041014205561611516],[0.00437255608366316,0.0044909450644980906,0.004414570345159052,0.0042705291527008514,0.00412660634720472,0.0040082209702194628],[0.0041184817526340152,0.0042368698432808764,0.0042198075793344744,0.00412660634720472,0.00400810445874892,0.0038897209550907146],[0.0040000935734465764,0.0041184817526340152,0.0041014205561611516,0.0040082209702194628,0.0038897209550907146,0.0037713393234656148]],[[0.0057113111379704555,0.0058297021647537211,0.0049992149527024465,0.0045501391028610659,0.00429606376912347,0.0041776757358375155],[0.0058297021647537211,0.0058531921647339228,0.0051176040550765679,0.0046685275078753377,0.0044144516976318444,0.00429606376912347],[0.0049992149527024465,0.0051176040550765679,0.004854818809559301,0.004592151952074016,0.0043973885200352539,0.0042790012778148806],[0.0045501391028610659,0.0046685275078753377,0.004592151952074016,0.0044481097461114717,0.0043041859272842306,0.0041857997166247626],[0.00429606376912347,0.0044144516976318444,0.0043973885200352539,0.0043041859272842306,0.00418568249962148,0.0040672974577933892],[0.0041776757358375155,0.00429606376912347,0.0042790012778148806,0.0041857997166247626,0.0040672974577933892,0.0039489135840038011]],[[0.0058888962220647123,0.0060072854213588413,0.0051767979176560236,0.0047277213630913129,0.0044736455308835412,0.0043552576634428757],[0.0060072854213588413,0.0060307742093462947,0.0052951861481546651,0.0048461093218078845,0.0045920332825557172,0.0044736455308835412],[0.0051767979176560236,0.0052951861481546651,0.0050324005146893808,0.00476973326881414,0.0045749695219070938,0.0044565822090603929],[0.0047277213630913129,0.0048461093218078845,0.00476973326881414,0.0046256904917417576,0.0044817661018433947,0.0043633794213457332],[0.0044736455308835412,0.0045920332825557172,0.0045749695219070938,0.0044817661018433947,0.0043632617461854982,0.0042448757769636917],[0.0043552576634428757,0.0044736455308835412,0.0044565822090603929,0.0043633794213457332,0.0042448757769636917,0.0041264905185508915]],[[0.0060664790096737154,0.0061848669324880068,0.0053543797547830393,0.0049053030185511083,0.0046512270181489823,0.00453283933100333],[0.0061848669324880068,0.00620835489836703,0.0054727673359333609,0.0050236906105251217,0.0047696145809055434,0.0046512270181489823],[0.0053543797547830393,0.0054727673359333609,0.0052099816150782095,0.0049473142814423967,0.0047525504516651162,0.0046341631671637162],[0.0049053030185511083,0.0050236906105251217,0.0049473142814423967,0.0048032712229750018,0.0046593465516294339,0.0045409596396408158],[0.0046512270181489823,0.0047696145809055434,0.0047525504516651162,0.0046593465516294339,0.0045408416662501292,0.0044224551676234],[0.00453283933100333,0.0046512270181489823,0.0046341631671637162,0.0045409596396408158,0.0044224551676234,0.0043040690821045538]],[[0.0062440601625551248,0.00636244715512751,0.0055319607292660051,0.0050828841621837831,0.0048288082135042919,0.004710420718835406],[0.00636244715512751,0.0063859345451505074,0.0056503477982424817,0.0052012714340485275,0.0049471955759759463,0.0048288082135042919],[0.0055319607292660051,0.0056503477982424817,0.005387562192641482,0.0051248949739292641,0.004930131217296926,0.004811744028887616],[0.0050828841621837831,0.0052012714340485275,0.0051248949739292641,0.0049808518257654817,0.004836927064608071,0.004718540078889155],[0.0048288082135042919,0.0049471955759759463,0.004930131217296926,0.004836927064608071,0.0047184219104706455,0.0046000351432143117],[0.004710420718835406,0.0048288082135042919,0.004811744028887616,0.004718540078889155,0.0046000351432143117,0.0044816485943067084]],[[0.0064216400937340545,0.0065400263701057412,0.0057095410022862383,0.0052604648464535239,0.0050063890997518925,0.0048880018092164286],[0.0065400263701057412,0.0065635133380409858,0.0058279276407686952,0.0053788518229983678,0.0051247762502561224,0.0050063890997518925],[0.0057095410022862383,0.0058279276407686952,0.005565142291137375,0.0053024753280838709,0.005107711752532591,0.00498932470842231],[0.0052604648464535239,0.0053788518229983678,0.0053024753280838709,0.0051584322192383065,0.0050145074972377211,0.0048961205439970526],[0.0050063890997518925,0.0051247762502561224,0.005107711752532591,0.0050145074972377211,0.0048960022469914542,0.0047776153836290138],[0.0048880018092164286,0.0050063890997518925,0.00498932470842231,0.0048961205439970526,0.0047776153836290138,0.0046592286101243448]],[[0.0065992190554962724,0.0067176047441660277,0.00588712066726267,0.0054380450968402787,0.0051839696587737483,0.005065582584437736],[0.0067176047441660277,0.0067410913841842576,0.0060055069206717878,0.0055564317882032411,0.0053023565847714425,0.0051839696587737483],[0.00588712066726267,0.0060055069206717878,0.005742721928966482,0.0054800553235338674,0.0052852920068788374,0.0051669051432312822],[0.0054380450968402787,0.0055564317882032411,0.0054800553235338674,0.0053360123431652352,0.0051920877494449407,0.005073700902104631],[0.0051839696587737483,0.0053023565847714425,0.0052852920068788374,0.0051920877494449407,0.0050735825191457942,0.0049551956756471206],[0.005065582584437736,0.0051839696587737483,0.0051669051432312822,0.005073700902104631,0.0049551956756471206,0.00483680883603315]],[[0.0067767971959617713,0.0068951823698844223,0.0060646997731974789,0.0056156249205974017,0.0053615498709300843,0.0052431630257651074],[0.0068951823698844223,0.0069186687377053276,0.0061830856630860709,0.0057340113269299334,0.0054799365587405039,0.0053615498709300843],[0.0060646997731974789,0.0061830856630860709,0.0059203011074235876,0.0056576349377251344,0.0054628719392202608,0.005344485284968354],[0.0056156249205974017,0.0057340113269299334,0.0056576349377251344,0.0055135921498807383,0.0053696677484591677,0.0052512810597789691],[0.0053615498709300843,0.0054799365587405039,0.0054628719392202608,0.0053696677484591677,0.0052511626180937014,0.0051327758743843956],[0.0052431630257651074,0.0053615498709300843,0.005344485284968354,0.0052512810597789691,0.0051327758743843956,0.0050143890757334735]],[[0.0069543745954613271,0.0070727592913356254,0.0062422783397126941,0.0057932043124278316,0.0055391297147455174,0.0054207431128895081],[0.0070727592913356254,0.0070962454178228268,0.0063606638717444127,0.005911590426915826,0.0056575161493981922,0.0055391297147455174],[0.0062422783397126941,0.0063606638717444127,0.0060978798160124578,0.0058352141459257836,0.0056404515137070885,0.005522065093644642],[0.0057932043124278316,0.005911590426915826,0.0058352141459257836,0.0056911715990629694,0.0055472474383722091,0.0054288609482810168],[0.0055391297147455174,0.0056575161493981922,0.0056404515137070885,0.0055472474383722091,0.00542874246513042,0.0053103558783552515],[0.0054207431128895081,0.0055391297147455174,0.005522065093644642,0.0054288609482810168,0.0053103558783552515,0.0051919691950162656]],[[0.0071319512899218687,0.0072503355205871586,0.0064198563667285935,0.0059707832581568417,0.0057167091667460991,0.0055983228236392655],[0.0072503355205871586,0.0072738214204832938,0.0065382415358107,0.0060891690689726776,0.0058350953319035222,0.0057167091667460991],[0.0064198563667285935,0.0065382415358107,0.00627545803586286,0.0060127929212267185,0.005818030697108686,0.00569964453387931],[0.0059707832581568417,0.0060891690689726776,0.0060127929212267185,0.0058687506543617443,0.0057248267733946067,0.0056064405140489873],[0.0057167091667460991,0.0058350953319035222,0.005818030697108686,0.0057248267733946067,0.005606322000250883,0.0054879356133486585],[0.0055983228236392655,0.0057167091667460991,0.00569964453387931,0.0056064405140489873,0.0054879356133486585,0.0053695490990352257]],[[0.0073095272858903415,0.0074279110482857172,0.0065974338406849129,0.0061483617371011611,0.0058942882013724388,0.0057759021338297679],[0.0074279110482857172,0.0074513967258189968,0.00671581863426407,0.0062667472286603281,0.0060126740792874715,0.0058942882013724388],[0.0065974338406849129,0.00671581863426407,0.0064530357419193283,0.00619037123453428,0.0059956094571050524,0.0058772235724849553],[0.0061483617371011611,0.0062667472286603281,0.00619037123453428,0.0060463292812151419,0.0059024057134968323,0.0057840197125501348],[0.0058942882013724388,0.0060126740792874715,0.0059956094571050524,0.0059024057134968323,0.0057839011747571629,0.0056655150220040031],[0.0057759021338297679,0.0058942882013724388,0.0058772235724849553,0.0057840197125501348,0.0056655150220040031,0.0055471287176106065]],[[0.0074871025701721793,0.0076054858504370952,0.0067750107385303217,0.0063259397235901037,0.0060718667909291516,0.0059534810171810145],[0.0076054858504370952,0.007628971302913224,0.0068933951387017585,0.006444324877354907,0.0061902523624176491,0.0060718667909291516],[0.0067750107385303217,0.0068933951387017585,0.006630612904334557,0.0063679490545537664,0.0061731877611783557,0.0060548021769074442],[0.0063259397235901037,0.006444324877354907,0.0063679490545537664,0.0062239074454304077,0.0060799842215879668,0.0059615985043057328],[0.0060718667909291516,0.0061902523624176491,0.0061731877611783557,0.0060799842215879668,0.00596147994647744,0.0058430940570717311],[0.0059534810171810145,0.0060718667909291516,0.0060548021769074442,0.0059615985043057328,0.0058430940570717311,0.0057247079957270415]],[[0.0076646771159994088,0.0077830598927313335,0.0069525870302688756,0.0065035171879337036,0.0062494449055480851,0.0061310594452681118],[0.0077830598927313335,0.0078065451128277608,0.0070709710151183889,0.0066219019829210479,0.0063678301499663038,0.0062494449055480851],[0.0069525870302688756,0.0070709710151183889,0.0068081894893456873,0.0065455263477624355,0.0063507655758863173,0.0062323803142113332],[0.0065035171879337036,0.0066219019829210479,0.0065455263477624355,0.0064014851122540829,0.0062575622616832336,0.0061391768523157931],[0.0062494449055480851,0.0063678301499663038,0.0063507655758863173,0.0062575622616832336,0.0061390582766688859,0.0060206726770524891],[0.0061310594452681118,0.0062494449055480851,0.0062323803142113332,0.0061391768523157931,0.0060206726770524891,0.0059022868873888122]],[[0.007842250886960658,0.0079606331332838839,0.0071301626805737759,0.0066810940970290691,0.0064270225131545624,0.0063086373874834227],[0.0079606331332838839,0.0079841181105081791,0.0072485462250226123,0.0067994785101247552,0.0065454074083756628,0.0064270225131545624],[0.0071301626805737759,0.0072485462250226123,0.0069857654598141621,0.006723103078372393,0.0065283428663781961,0.0064099579504129011],[0.0066810940970290691,0.0067994785101247552,0.006723103078372393,0.0065790622457548411,0.0064351397977069277,0.0063167547203845428],[0.0064270225131545624,0.0065454074083756628,0.0065283428663781961,0.0064351397977069277,0.0063166361280058026,0.0061982508433710273],[0.0063086373874834227,0.0064270225131545624,0.0064099579504129011,0.0063167547203845428,0.0061982508433710273,0.00607986535164215]],[[0.0080198238394867151,0.0081382055243533376,0.0073077376497952748,0.0068586704147293228,0.0066045995794294246,0.0064862148110001331],[0.0081382055243533376,0.008161690245962791,0.0074261207261225618,0.00697705442087473,0.0067229841018163206,0.0066045995794294246],[0.0073077376497952748,0.0074261207261225618,0.0071633407755446439,0.00690067920828287,0.0067059195960629276,0.0065875350500329806],[0.0068586704147293228,0.00697705442087473,0.00690067920828287,0.00675663880840418,0.0066127167927016459,0.0064943320720240033],[0.0066045995794294246,0.0067229841018163206,0.0067059195960629276,0.0066127167927016459,0.0064942134632645487,0.0063758285185372089],[0.0064862148110001331,0.0066045995794294246,0.0065875350500329806,0.0064943320720240033,0.0063758285185372089,0.0062574433499951411]],[[0.0081973959244025143,0.0083157770133965841,0.0074853118945756858,0.0070362461020559968,0.0067821760677646333,0.006663791680731561],[0.0083157770133965841,0.008339261464970783,0.0076036944727306231,0.0071546296743498694,0.0069005601921376695,0.0067821760677646333],[0.0074853118945756858,0.0076036944727306231,0.0073409153934586241,0.0070782546970225707,0.0068834957263721169,0.0067651115757879389],[0.0070362461020559968,0.0071546296743498694,0.0070782546970225707,0.0069342147607817173,0.0067902932082965729,0.0066719088697270272],[0.0067821760677646333,0.0069005601921376695,0.0068834957263721169,0.0067902932082965729,0.0066717902444556375,0.006553405664942143],[0.006663791680731561,0.0067821760677646333,0.0067651115757879389,0.0066719088697270272,0.006553405664942143,0.0064350208447366891]],[[0.008374967087875055,0.00849334754369514,0.0076628853682072359,0.0072138211173062338,0.006959751939210293,0.0068413679592839978],[0.00849334754369514,0.0085168317094844181,0.0077812674159838651,0.0073322042270496214,0.0070781356388091316,0.006959751939210293],[0.0076628853682072359,0.0077812674159838651,0.0075184892676708566,0.0072558295016820779,0.0070610712165805958,0.006942687488366156],[0.0072138211173062338,0.0073322042270496214,0.0072558295016820779,0.0071117900613574614,0.0069678690043396751,0.00684948507447616],[0.006959751939210293,0.0070781356388091316,0.0070610712165805958,0.0069678690043396751,0.0068493664322409643,0.006730982244060605],[0.0068413679592839978,0.006959751939210293,0.006942687488366156,0.00684948507447616,0.006730982244060605,0.0066125977978333146]],[[0.0085525372719684779,0.0086709170547002272,0.00784045802082133,0.0073913954160890237,0.0071373271524131478,0.007018943606900082],[0.0086709170547002272,0.008694400917829994,0.0079588395039422635,0.0075097780327912887,0.0072557103988523152,0.0071373271524131478],[0.00784045802082133,0.0079588395039422635,0.0076960623494997929,0.0074334035768364422,0.0072386460236606781,0.0071202627462562664],[0.0073913954160890237,0.0075097780327912887,0.0074334035768364422,0.007289364666320121,0.0071454441386317527,0.007027060645399554],[0.0071373271524131478,0.0072557103988523152,0.0072386460236606781,0.0071454441386317527,0.0070269419855316885,0.0069085582159128427],[0.007018943606900082,0.0071373271524131478,0.0071202627462562664,0.007027060645399554,0.0069085582159128427,0.0067901741701957225]],[[0.0087301064149435965,0.0088484854821963,0.008018029799465835,0.00756896895131265,0.0073149016635450136,0.0071965185813943587],[0.0088484854821963,0.0088719690247776109,0.0081364106816054337,0.007687351042669959,0.0074332844267633487,0.0073149016635450136],[0.008018029799465835,0.0081364106816054337,0.0078736345874325132,0.0076109768744583037,0.0074162201021547441,0.007297837305605008],[0.00756896895131265,0.007687351042669959,0.0076109768744583037,0.0074669385294321962,0.0073230185667235012,0.0072046355395207224],[0.0073149016635450136,0.0074332844267633487,0.0074162201021547441,0.0073230185667235012,0.0072045168611990819,0.0070861335386892613],[0.0071965185813943587,0.0073149016635450136,0.007297837305605008,0.0072046355395207224,0.0070861335386892613,0.0069677499211802836]],[[0.0089076744513897858,0.0090260527583419653,0.0081956006481068329,0.0077465416731368753,0.0074924754262223076,0.00737409283807862],[0.0090260527583419653,0.0090495359615217034,0.0083139808908730649,0.0078649232049908865,0.0076108576744260874,0.0074924754262223076],[0.0081956006481068329,0.0083139808908730649,0.0080512059270568155,0.0077885493438216036,0.0075937934040565822,0.007475411120091471],[0.0077465416731368753,0.0078649232049908865,0.0077885493438216036,0.0076445116018989331,0.0075005922417497204,0.0073822097115638918],[0.0074924754262223076,0.0076108576744260874,0.0075937934040565822,0.0075005922417497204,0.0073820910138557615,0.0072637081684787316],[0.00737409283807862,0.0074924754262223076,0.007475411120091471,0.0073822097115638918,0.0072637081684787316,0.007145325008238914]],[[0.0090852413122455757,0.0092036188116298764,0.0083731705075787075,0.00792411352889903,0.0076700483914159514,0.0075516663296780976],[0.0092036188116298764,0.0092271016556014687,0.0084915500704660224,0.0080424944651807211,0.0077884300910156887,0.0076700483914159514],[0.0083731705075787075,0.0084915500704660224,0.0082287763109688151,0.0079661209313956882,0.0077713658786946445,0.00765298414080779],[0.00792411352889903,0.0080424944651807211,0.0079661209313956882,0.0078220838322426833,0.0076781651142839424,0.0075597831137924074],[0.0076700483914159514,0.0077884300910156887,0.0077713658786946445,0.0076781651142839424,0.0075596643956781914,0.0074412820590589726],[0.0075516663296780976,0.0076700483914159514,0.00765298414080779,0.0075597831137924074,0.0074412820590589726,0.0073228993866621]],[[0.0092628069247431312,0.0093811835667911535,0.0085507393154969358,0.00810168446302073,0.0078476205073520332,0.0077292390062384756],[0.0093811835667911535,0.00940466603077907,0.0086691181558186409,0.00822006476568209,0.0079660016228929875,0.0078476205073520332],[0.0085507393154969358,0.0086691181558186409,0.008406345678661574,0.0081436915807302241,0.0079489374726136423,0.0078305563161415],[0.00810168446302073,0.00822006476568209,0.0081436915807302241,0.0079996551661777431,0.0078557371322031787,0.0077373556958651177],[0.0078476205073520332,0.0079660016228929875,0.0079489374726136423,0.0078557371322031787,0.0077372369562528848,0.007618855161724219],[0.0077292390062384756,0.0078476205073520332,0.0078305563161415,0.0077373556958651177,0.007618855161724219,0.0075004730093778671]],[[0.0094403712123022742,0.0095587469446592657,0.0087283070061439476,0.00827925441689746,0.00802519171940257,0.007906810815023051],[0.0095587469446592657,0.0095822290068862618,0.0088466850789486549,0.0083976340458333971,0.0081435722134890181,0.00802519171940257],[0.0087283070061439476,0.0088466850789486549,0.0085839139663976185,0.0083212612323303424,0.0081265081294512841,0.0080081275916549857],[0.00827925441689746,0.0083976340458333971,0.0083212612323303424,0.00817722554648184,0.0080333082405557536,0.0079149274047012573],[0.00802519171940257,0.0081435722134890181,0.0081265081294512841,0.0080333082405557536,0.0079148086424346131,0.0077964274251338273],[0.007906810815023051,0.00802519171940257,0.0080081275916549857,0.0079149274047012573,0.0077964274251338273,0.0076780458267836776]],[[0.0096179340943863042,0.0097363088620052909,0.0089058735103351681,0.0084568233287751326,0.008202761969967479,0.00808438170040069],[0.0097363088620052909,0.0097597904996479037,0.0090242507683101578,0.0085752022417366087,0.008321141803180606,0.008202761969967479],[0.0089058735103351681,0.0090242507683101578,0.008761481107068465,0.0084988298235226783,0.008304077789808911,0.0081856979099599637],[0.0084568233287751326,0.0085752022417366087,0.0084988298235226783,0.0083547949128623712,0.0082108783814277241,0.0080924981843469423],[0.008202761969967479,0.008321141803180606,0.008304077789808911,0.0082108783814277241,0.0080923793982087041,0.0079739987951704325],[0.00808438170040069,0.008202761969967479,0.0081856979099599637,0.0080924981843469423,0.0079739987951704325,0.0078556177865968437]],[[0.0097954954863301233,0.0099138692313500611,0.0090834387552647076,0.0086343911336134276,0.0083803311983464256,0.008261951603724435],[0.0099138692313500611,0.0099373504204851217,0.00920181514862973,0.00875276928611238,0.0084987103291557422,0.0083803311983464256],[0.0090834387552647076,0.00920181514862973,0.008939047030040486,0.008676397288310992,0.0084816463911141539,0.0083632672105850916],[0.0086343911336134276,0.00875276928611238,0.008676397288310992,0.0085323632018152,0.00838844749380487,0.00827006797583994],[0.0083803311983464256,0.0084987103291557422,0.0084816463911141539,0.00838844749380487,0.0082699491645527885,0.0081515692148014674],[0.008261951603724435,0.0083803311983464256,0.0083632672105850916,0.00827006797583994,0.0081515692148014674,0.0080331888337126876]],[[0.0099730552991477289,0.01009142796075701,0.0092610026643393517,0.008811957762937481,0.0085578993406010065,0.00843952046319992],[0.01009142796075701,0.010114908676302142,0.0093793781407301279,0.008930335108144366,0.0086762777252693286,0.0085578993406010065],[0.0092610026643393517,0.0093793781407301279,0.0091166116609898012,0.00885396355722225,0.008659213867475252,0.0085408354298360141],[0.008811957762937481,0.008930335108144366,0.00885396355722225,0.0087099303464754137,0.00856601551342812,0.0084476367170686333],[0.0085578993406010065,0.0086762777252693286,0.008659213867475252,0.00856601551342812,0.008447517879294434,0.00832913862393899],[0.00843952046319992,0.008557899340