{"M_cells":[[[0,0,0,0,0],[0,0,0,0,0],[0,0,0,0,0],[0,0,0,0,0],[0,0,0,0,0]],[[0.00040332943703113292,0.00096529123747200545,0.0011323328826567563,0.00096529123747200545,0.00040332943703113287],[0.00096529123747200545,0.0019391874141198447,0.0022369601730513424,0.0019391874141198447,0.00096529123747200545],[0.0011323328826567563,0.0022369601730513424,0.0025783096620754118,0.0022369601730513424,0.0011323328826567563],[0.00096529123747200545,0.0019391874141198447,0.0022369601730513424,0.0019391874141198447,0.00096529123747200545],[0.00040332943703113287,0.00096529123747200545,0.0011323328826567563,0.00096529123747200545,0.00040332943703113287]],[[0.0020443502416442995,0.0032679453901913909,0.0036509947722775066,0.0032679453901913909,0.0020443502416442995],[0.0032679453901913909,0.0047800392387043764,0.0052648668281906541,0.0047800392387043764,0.0032679453901913909],[0.0036509947722775066,0.0052648668281906541,0.0057836231558631452,0.0052648668281906541,0.0036509947722775066],[0.0032679453901913909,0.0047800392387043764,0.0052648668281906541,0.0047800392387043764,0.0032679453901913909],[0.0020443502416442995,0.0032679453901913909,0.0036509947722775066,0.0032679453901913909,0.0020443502416442995]],[[0.0046562029334218137,0.0062963919657470242,0.0068250467117891046,0.0062963919657470233,0.0046562029334218137],[0.0062963919657470242,0.0080960992771851575,0.0086863620060619786,0.0080960992771851557,0.0062963919657470233],[0.0068250467117891046,0.0086863620060619786,0.0092971628468908312,0.0086863620060619786,0.0068250467117891046],[0.0062963919657470233,0.0080960992771851557,0.0086863620060619786,0.0080960992771851557,0.0062963919657470233],[0.0046562029334218137,0.0062963919657470233,0.0068250467117891046,0.0062963919657470233,0.0046562029334218137]],[[0.0078380811070393047,0.0097096820903963457,0.010322576081151912,0.0097096820903963457,0.0078380811070393047],[0.0097096820903963457,0.011660788220877195,0.012307929001857046,0.011660788220877195,0.0097096820903963457],[0.010322576081151912,0.012307929001857046,0.012966486668019812,0.012307929001857046,0.010322576081151912],[0.0097096820903963457,0.011660788220877195,0.012307929001857046,0.011660788220877195,0.0097096820903963457],[0.0078380811070393047,0.0097096820903963457,0.010322576081151912,0.0097096820903963457,0.0078380811070393047]],[[0.011329785917039977,0.013324795207707378,0.01398365055453191,0.013324795207707378,0.011329785917039977],[0.013324795207707378,0.015355020314190783,0.016032236511681633,0.015355020314190783,0.013324795207707378],[0.01398365055453191,0.016032236511681633,0.016715573710143997,0.016032236511681633,0.01398365055453191],[0.013324795207707378,0.015355020314190783,0.016032236511681633,0.015355020314190783,0.013324795207707378],[0.011329785917039977,0.013324795207707378,0.01398365055453191,0.013324795207707378,0.011329785917039977]],[[0.014985379947070793,0.017045186091520517,0.017728473622192112,0.017045186091520517,0.014985379947070793],[0.017045186091520517,0.019116611320444569,0.019809579269110176,0.019116611320444569,0.017045186091520517],[0.017728473622192112,0.019809579269110176,0.020505774408323456,0.019809579269110176,0.017728473622192112],[0.017045186091520517,0.019116611320444569,0.019809579269110176,0.019116611320444569,0.017045186091520517],[0.014985379947070793,0.017045186091520517,0.017728473622192112,0.017045186091520517,0.014985379947070793]],[[0.018726739721326977,0.020820349255762625,0.021516465700592808,0.020820349255762625,0.018726739721326977],[0.020820349255762625,0.0229131906860719,0.023614369885271318,0.0229131906860719,0.020820349255762625],[0.021516465700592808,0.023614369885271318,0.024317236871464715,0.023614369885271318,0.021516465700592808],[0.020820349255762625,0.0229131906860719,0.023614369885271318,0.0229131906860719,0.020820349255762625],[0.018726739721326977,0.020820349255762625,0.021516465700592808,0.020820349255762625,0.018726739721326977]],[[0.022512776058741808,0.024623968942879278,0.025326781087081151,0.024623968942879278,0.022512776058741808],[0.024623968942879278,0.026727930746636416,0.027433379833220781,0.026727930746636416,0.024623968942879278],[0.025326781087081151,0.027433379833220781,0.028139708005521888,0.027433379833220781,0.025326781087081151],[0.024623968942879278,0.026727930746636416,0.027433379833220781,0.026727930746636416,0.024623968942879278],[0.022512776058741808,0.024623968942879278,0.025326781087081151,0.024623968942879278,0.022512776058741808]],[[0.026322033447701072,0.028442357499956595,0.029148652998959718,0.028442357499956595,0.026322033447701072],[0.028442357499956595,0.03055208673076678,0.031259752251878055,0.03055208673076678,0.028442357499956595],[0.029148652998959718,0.031259752251878055,0.031967874500602275,0.031259752251878055,0.029148652998959718],[0.028442357499956595,0.03055208673076678,0.031259752251878055,0.03055208673076678,0.028442357499956595],[0.026322033447701072,0.028442357499956595,0.029148652998959718,0.028442357499956595,0.026322033447701072]],[[0.030143341067260718,0.03226839873638146,0.032976502044715812,0.03226839873638146,0.030143341067260718],[0.03226839873638146,0.034381111935308836,0.035089925183862773,0.034381111935308836,0.03226839873638146],[0.032976502044715812,0.035089925183862773,0.0357989751056876,0.035089925183862773,0.032976502044715812],[0.03226839873638146,0.034381111935308836,0.035089925183862773,0.034381111935308836,0.03226839873638146],[0.030143341067260718,0.03226839873638146,0.032976502044715812,0.03226839873638146,0.030143341067260718]],[[0.033970887424844817,0.036098390585036957,0.036807428946046473,0.036098390585036957,0.033970887424844817],[0.036098390585036957,0.038212638480196362,0.038922042944656177,0.038212638480196362,0.036098390585036957],[0.036807428946046473,0.038922042944656177,0.039631569455812428,0.038922042944656177,0.036807428946046473],[0.036098390585036957,0.038212638480196362,0.038922042944656177,0.038212638480196362,0.036098390585036957],[0.033970887424844817,0.036098390585036957,0.036807428946046473,0.036098390585036957,0.033970887424844817]],[[0.037801646956127061,0.039930403123314688,0.040639921625756137,0.039930403123314688,0.037801646956127061],[0.039930403123314688,0.042045428706212681,0.04275513387233694,0.042045428706212681,0.039930403123314688],[0.040639921625756137,0.04275513387233694,0.043464901264215268,0.04275513387233694,0.040639921625756137],[0.039930403123314688,0.042045428706212681,0.04275513387233694,0.042045428706212681,0.039930403123314688],[0.037801646956127061,0.039930403123314688,0.040639921625756137,0.039930403123314688,0.037801646956127061]],[[0.041634040443622733,0.043763425654696306,0.0444731864452978,0.043763425654696306,0.041634040443622733],[0.043763425654696306,0.045878830856761706,0.046588684203623915,0.045878830856761706,0.043763425654696306],[0.0444731864452978,0.046588684203623915,0.047298568402854908,0.046588684203623915,0.0444731864452978],[0.043763425654696306,0.045878830856761706,0.046588684203623915,0.045878830856761706,0.043763425654696306],[0.041634040443622733,0.043763425654696306,0.0444731864452978,0.043763425654696306,0.041634040443622733]],[[0.0454672388747476,0.047596923899116718,0.048306801727143529,0.047596923899116718,0.0454672388747476],[0.047596923899116718,0.049712496563823622,0.050422417075908291,0.049712496563823622,0.047596923899116718],[0.048306801727143529,0.050422417075908291,0.0511323518138272,0.050422417075908291,0.048306801727143529],[0.047596923899116718,0.049712496563823622,0.050422417075908291,0.049712496563823622,0.047596923899116718],[0.0454672388747476,0.047596923899116718,0.048306801727143529,0.047596923899116718,0.0454672388747476]],[[0.049300801944749159,0.051430610137156323,0.052140538080494514,0.051430610137156323,0.049300801944749159],[0.051430610137156323,0.053546234201960925,0.054256177846200772,0.053546234201960925,0.051430610137156323],[0.052140538080494514,0.054256177846200772,0.054966126720332104,0.054256177846200772,0.052140538080494514],[0.051430610137156323,0.053546234201960925,0.054256177846200772,0.053546234201960925,0.051430610137156323],[0.049300801944749159,0.051430610137156323,0.052140538080494514,0.051430610137156323,0.049300801944749159]],[[0.053134490379534029,0.055264323880536911,0.0559742651582935,0.055264323880536911,0.053134490379534029],[0.055264323880536911,0.057379932738789226,0.058089874537453873,0.057379932738789226,0.055264323880536911],[0.0559742651582935,0.058089874537453873,0.058799816504910694,0.058089874537453873,0.0559742651582935],[0.055264323880536911,0.057379932738789226,0.058089874537453873,0.057379932738789226,0.055264323880536911],[0.053134490379534029,0.055264323880536911,0.0559742651582935,0.055264323880536911,0.053134490379534029]],[[0.056968168485398249,0.059097969892028764,0.059807903223743436,0.059097969892028764,0.056968168485398249],[0.059097969892028764,0.061213522157383113,0.061923446873439571,0.061213522157383113,0.059097969892028764],[0.059807903223743436,0.061923446873439571,0.06263336871188277,0.061923446873439571,0.059807903223743436],[0.059097969892028764,0.061213522157383113,0.061923446873439571,0.061213522157383113,0.059097969892028764],[0.056968168485398249,0.059097969892028764,0.059807903223743436,0.059097969892028764,0.056968168485398249]],[[0.060801753517388091,0.062931485956468108,0.06364139795191967,0.062931485956468108,0.060801753517388091],[0.062931485956468108,0.065046952847582912,0.065756850138095443,0.065046952847582912,0.062931485956468108],[0.06364139795191967,0.065756850138095443,0.066466742520443559,0.065756850138095443,0.06364139795191967],[0.062931485956468108,0.065046952847582912,0.065756850138095443,0.065046952847582912,0.062931485956468108],[0.060801753517388091,0.062931485956468108,0.06364139795191967,0.062931485956468108,0.060801753517388091]],[[0.064635189335231838,0.066764826081727041,0.0674747072780935,0.066764826081727041,0.064635189335231838],[0.066764826081727041,0.068880184832444069,0.069590046719112272,0.068880184832444069,0.066764826081727041],[0.0674747072780935,0.069590046719112272,0.070299902161930314,0.069590046719112272,0.0674747072780935],[0.066764826081727041,0.068880184832444069,0.069590046719112272,0.068880184832444069,0.066764826081727041],[0.064635189335231838,0.066764826081727041,0.0674747072780935,0.066764826081727041,0.064635189335231838]],[[0.06846843265454694,0.070597951698588679,0.0713077944889264,0.070597951698588679,0.06846843265454694],[0.070597951698588679,0.072713182090478626,0.0734230016311331,0.072713182090478626,0.070597951698588679],[0.0713077944889264,0.0734230016311331,0.07413281341383135,0.0734230016311331,0.0713077944889264],[0.070597951698588679,0.072713182090478626,0.0734230016311331,0.072713182090478626,0.070597951698588679],[0.06846843265454694,0.070597951698588679,0.0713077944889264,0.070597951698588679,0.06846843265454694]],[[0.072301445826016345,0.074430827003456643,0.0751406245451637,0.074430827003456643,0.072301445826016345],[0.074430827003456643,0.076545909514180749,0.0772556800959946,0.076545909514180749,0.074430827003456643],[0.0751406245451637,0.0772556800959946,0.077965441682304279,0.0772556800959946,0.0751406245451637],[0.074430827003456643,0.076545909514180749,0.0772556800959946,0.076545909514180749,0.074430827003456643],[0.072301445826016345,0.074430827003456643,0.0751406245451637,0.074430827003456643,0.072301445826016345]],[[0.076134192993964414,0.07826341644260805,0.07897316207291398,0.07826341644260805,0.076134192993964414],[0.07826341644260805,0.080378331228103367,0.081088046181869558,0.080378331228103367,0.07826341644260805],[0.07897316207291398,0.081088046181869558,0.0817977509003915,0.081088046181869558,0.07897316207291398],[0.07826341644260805,0.080378331228103367,0.081088046181869558,0.080378331228103367,0.07826341644260805],[0.076134192993964414,0.07826341644260805,0.07897316207291398,0.07826341644260805,0.076134192993964414]],[[0.079966638000114748,0.082095683299057962,0.082805370212013008,0.082095683299057962,0.079966638000114748],[0.082095683299057962,0.084210409603431333,0.08492006198278694,0.084210409603431333,0.082095683299057962],[0.082805370212013008,0.08492006198278694,0.085629702840297944,0.08492006198278694,0.082805370212013008],[0.082095683299057962,0.084210409603431333,0.08492006198278694,0.084210409603431333,0.082095683299057962],[0.079966638000114748,0.082095683299057962,0.082805370212013008,0.082095683299057962,0.079966638000114748]],[[0.08379874318395833,0.085927588842192,0.086637209899631529,0.085927588842192,0.08379874318395833],[0.085927588842192,0.088042104624181813,0.088751687068634233,0.088042104624181813,0.085927588842192],[0.086637209899631529,0.088751687068634233,0.089461256630469221,0.088751687068634233,0.086637209899631529],[0.085927588842192,0.088042104624181813,0.088751687068634233,0.088042104624181813,0.085927588842192],[0.08379874318395833,0.085927588842192,0.086637209899631529,0.085927588842192,0.08379874318395833]],[[0.087630468638647263,0.089759091759288812,0.090468639369466891,0.089759091759288812,0.087630468638647263],[0.089759091759288812,0.091873373425270924,0.092582878064769183,0.091873373425270924,0.089759091759288812],[0.090468639369466891,0.092582878064769183,0.093292368368039141,0.092582878064769183,0.090468639369466891],[0.089759091759288812,0.091873373425270924,0.092582878064769183,0.091873373425270924,0.089759091759288812],[0.087630468638647263,0.089759091759288812,0.090468639369466891,0.089759091759288812,0.087630468638647263]],[[0.091461771692723667,0.093590147722266939,0.094299613751573169,0.093590147722266939,0.091461771692723667],[0.093590147722266939,0.095704169908191791,0.096413588287137683,0.095704169908191791,0.093590147722266939],[0.094299613751573169,0.096413588287137683,0.097122990768839415,0.096413588287137683,0.094299613751573169],[0.093590147722266939,0.095704169908191791,0.096413588287137683,0.095704169908191791,0.093590147722266939],[0.091461771692723667,0.093590147722266939,0.094299613751573169,0.093590147722266939,0.091461771692723667]],[[0.095292606497558635,0.0974207090125987,0.098130084712259549,0.0974207090125987,0.095292606497558635],[0.0974207090125987,0.099534444384393614,0.10024376739344072,0.099534444384393614,0.0974207090125987],[0.098130084712259549,0.10024376739344072,0.10095307282395469,0.10024376739344072,0.098130084712259549],[0.0974207090125987,0.099534444384393614,0.10024376739344072,0.099534444384393614,0.0974207090125987],[0.095292606497558635,0.0974207090125987,0.098130084712259549,0.0974207090125987,0.095292606497558635]],[[0.099122923657134737,0.1012507241632581,0.10196000010139432,0.1012507241632581,0.099122923657134737],[0.1012507241632581,0.1033641432192476,0.1040733610286204,0.1033641432192476,0.1012507241632581],[0.10196000010139432,0.1040733610286204,0.10478255944545048,0.1040733610286204,0.10196000010139432],[0.1012507241632581,0.1033641432192476,0.1040733610286204,0.1033641432192476,0.1012507241632581],[0.099122923657134737,0.1012507241632581,0.10196000010139432,0.1012507241632581,0.099122923657134737]],[[0.10295266986613232,0.10508013759521387,0.10578930358908169,0.10508013759521387,0.10295266986613232],[0.10508013759521387,0.10719320846133762,0.10790231045219968,0.10719320846133762,0.10508013759521387],[0.10578930358908169,0.10790231045219968,0.1086113910910497,0.10790231045219968,0.10578930358908169],[0.10508013759521387,0.10719320846133762,0.10790231045219968,0.10719320846133762,0.10508013759521387],[0.10295266986613232,0.10508013759521387,0.10578930358908169,0.10508013759521387,0.10295266986613232]],[[0.10678178753743321,0.10890888923545004,0.10961793428089008,0.10890888923545004,0.10678178753743321],[0.10890888923545004,0.11102157744772,0.11173055213952326,0.11102157744772,0.10890888923545004],[0.10961793428089008,0.11173055213952326,0.11243950336094614,0.11173055213952326,0.10961793428089008],[0.10890888923545004,0.11102157744772,0.11173055213952326,0.11102157744772,0.10890888923545004],[0.10678178753743321,0.10890888923545004,0.10961793428089008,0.10890888923545004,0.10678178753743321]],[[0.11061021440782329,0.1127369141082894,0.11344582630463362,0.1127369141082894,0.11061021440782329],[0.1127369141082894,0.11484918237878008,0.11555801735125928,0.11484918237878008,0.1127369141082894],[0.11344582630463362,0.11555801735125928,0.11626682656167983,0.11555801735125928,0.11344582630463362],[0.1127369141082894,0.11484918237878008,0.11555801735125928,0.11484918237878008,0.1127369141082894],[0.11061021440782329,0.1127369141082894,0.11344582630463362,0.1127369141082894,0.11061021440782329]],[[0.11443788311463204,0.11656414189424066,0.11727290836342623,0.11656414189424066,0.11443788311463204],[0.11656414189424066,0.1186759498577592,0.11938463166655944,0.1186759498577592,0.11656414189424066],[0.11727290836342623,0.11938463166655944,0.12009328523273954,0.11938463166655944,0.11727290836342623],[0.11656414189424066,0.1186759498577592,0.11938463166655944,0.1186759498577592,0.11656414189424066],[0.11443788311463204,0.11656414189424066,0.11727290836342623,0.11656414189424066,0.11443788311463204]],[[0.11826472073778568,0.12039049645152559,0.12109910325048019,0.12039049645152559,0.11826472073778568],[0.12039049645152559,0.12250180039048147,0.12321031447556792,0.12250180039048147,0.12039049645152559],[0.12109910325048019,0.12321031447556792,0.12391879763169023,0.12321031447556791,0.12109910325048019],[0.12039049645152559,0.12250180039048147,0.12321031447556791,0.12250180039048147,0.12039049645152559],[0.11826472073778568,0.12039049645152559,0.12109910325048019,0.12039049645152559,0.11826472073778568]],[[0.12209064830266624,0.12421589529594147,0.12492432732140459,0.12421589529594147,0.12209064830266624],[0.12421589529594147,0.12632664784102432,0.12703497842706454,0.12632664784102432,0.12421589529594147],[0.12492432732140459,0.12703497842706454,0.12774327517363399,0.12703497842706454,0.12492432732140459],[0.12421589529594147,0.12632664784102432,0.12703497842706454,0.12632664784102432,0.1242158952959415],[0.12209064830266624,0.12421589529594147,0.12492432732140459,0.1242158952959415,0.12209064830266625]],[[0.1259155802394134,0.12804024903468955,0.12874848991961738,0.12804024903468955,0.1259155802394134],[0.12804024903468955,0.13015039883889359,0.13085852882677851,0.13015039883889359,0.12804024903468955],[0.12874848991961738,0.13085852882677851,0.13156662182051693,0.13085852882677851,0.1287484899196174],[0.12804024903468955,0.13015039883889359,0.13085852882677851,0.13015039883889359,0.12804024903468958],[0.1259155802394134,0.12804024903468955,0.1287484899196174,0.12804024903468958,0.12591558023941343]],[[0.12973942379407086,0.13186346074955238,0.13257149275030505,0.13186346074955238,0.12973942379407086],[0.13186346074955238,0.13397295213295293,0.13468086298160378,0.13397295213295293,0.13186346074955238],[0.13257149275030505,0.13468086298160378,0.13538873341545885,0.13468086298160378,0.13257149275030505],[0.13186346074955238,0.13397295213295293,0.13468086298160378,0.13397295213295293,0.13186346074955238],[0.12973942379407086,0.13186346074955238,0.13257149275030505,0.13186346074955238,0.12973942379407086]],[[0.1335620783869956,0.13568542532456565,0.13639322919793803,0.13568542532456565,0.1335620783869956],[0.13568542532456565,0.13779419788702849,0.13850186948453519,0.13779419788702849,0.13568542532456565],[0.13639322919793803,0.13850186948453519,0.13920949695685689,0.13850186948453519,0.13639322919793803],[0.13568542532456565,0.13779419788702849,0.13850186948453519,0.13779419788702849,0.13568542532456565],[0.1335620783869956,0.13568542532456565,0.13639322919793803,0.13568542532456565,0.1335620783869956]],[[0.13738343491331459,0.13950602871284989,0.14021358358198704,0.13950602871284989,0.13738343491331459],[0.13950602871284989,0.14161401691161465,0.14232142743469767,0.14161401691161465,0.13950602871284989],[0.14021358358198704,0.14232142743469767,0.14302878980654676,0.14232142743469767,0.14021358358198704],[0.13950602871284989,0.14161401691161465,0.14232142743469767,0.14161401691161465,0.13950602871284989],[0.13738343491331459,0.13950602871284989,0.14021358358198704,0.13950602871284989,0.13738343491331459]],[[0.14120337498001784,0.1433251471367985,0.14403243034495219,0.1433251471367985,0.14120337498001784],[0.1433251471367985,0.14543227982559515,0.14613940558627833,0.14543227982559515,0.1433251471367985],[0.14403243034495219,0.14613940558627833,0.14684647882573745,0.14613940558627833,0.14403243034495219],[0.1433251471367985,0.14543227982559515,0.14613940558627833,0.14543227982559515,0.1433251471367985],[0.14120337498001784,0.1433251471367985,0.14403243034495219,0.1433251471367985,0.14120337498001784]],[[0.14502177007349851,0.14714264621527029,0.14784963316619992,0.14714264621527029,0.14502177007349851],[0.14714264621527029,0.14924884614129652,0.14995566141956621,0.14924884614129652,0.14714264621527029],[0.14784963316619992,0.14995566141956621,0.15066241943181721,0.14995566141956621,0.14784963316619992],[0.14714264621527029,0.14924884614129652,0.14995566141956621,0.14924884614129652,0.14714264621527029],[0.14502177007349851,0.14714264621527029,0.14784963316619992,0.14714264621527029,0.14502177007349851]],[[0.14883848065107924,0.15095838001088274,0.15166504399465169,0.15095838001088274,0.14883848065107924],[0.15095838001088274,0.15306356326563492,0.15377004012675458,0.15306356326563492,0.15095838001088274],[0.15166504399465169,0.15377004012675458,0.15447645456856496,0.15377004012675458,0.15166504399465169],[0.15095838001088274,0.15306356326563492,0.15377004012675458,0.15306356326563492,0.15095838001088274],[0.14883848065107924,0.15095838001088274,0.15166504399465169,0.15095838001088274,0.14883848065107924]],[[0.15265335514918388,0.15477218998974104,0.15547850199252025,0.15477218998974104,0.15265335514918388],[0.15477218998974104,0.15687626540930585,0.15758237350432808,0.15687626540930585,0.15477218998974104],[0.15547850199252025,0.15758237350432808,0.15828841358146437,0.15758237350432808,0.15547850199252025],[0.15477218998974104,0.15687626540930585,0.15758237350432808,0.15687626540930585,0.15477218998974104],[0.15265335514918388,0.15477218998974104,0.15547850199252025,0.15477218998974104,0.15265335514918388]],[[0.15646622890017883,0.15858390388523963,0.15928983238160804,0.15858390388523963,0.15646622890017883],[0.15858390388523963,0.16068677239524198,0.16139247874312035,0.16068677239524198,0.15858390388523963],[0.15928983238160804,0.16139247874312035,0.162098110989064,0.16139247874312035,0.15928983238160804],[0.15858390388523963,0.16068677239524198,0.16139247874312035,0.16068677239524198,0.15858390388523963],[0.15646622890017883,0.15858390388523963,0.15928983238160804,0.15858390388523963,0.15646622890017883]],[[0.16027692294934887,0.16239333445697027,0.16309884518299161,0.16239333445697027,0.16027692294934887],[0.16239333445697027,0.16449488835690562,0.16520015710644706,0.16449488835690562,0.16239333445697027],[0.16309884518299161,0.16520015710644706,0.16590534514063587,0.16520015710644706,0.16309884518299161],[0.16239333445697027,0.16449488835690562,0.16520015710644706,0.16449488835690562,0.16239333445697027],[0.16027692294934887,0.16239333445697027,0.16309884518299161,0.16239333445697027,0.16027692294934887]],[[0.16408524276239853,0.16620027813458876,0.16690533383993572,0.16620027813458876,0.16408524276239853],[0.16620027813458876,0.16830040031582391,0.16900519248559367,0.16830040031582391,0.16620027813458876],[0.16690533383993572,0.16900519248559367,0.16970989674925333,0.16900519248559367,0.16690533383993572],[0.16620027813458876,0.16830040031582391,0.16900519248559367,0.16830040031582391,0.16620027813458876],[0.16408524276239853,0.16620027813458876,0.16690533383993572,0.16620027813458876,0.16408524276239853]],[[0.1678909768131317,0.17000451353591858,0.17070907371295793,0.17000451353591858,0.1678909768131317],[0.17000451353591858,0.17210307662707852,0.17280734982115306,0.17210307662707852,0.17000451353591858],[0.17070907371295793,0.17280734982115306,0.17351152728860381,0.17280734982115306,0.17070907371295793],[0.17000451353591858,0.17210307662707852,0.17280734982115306,0.17210307662707852,0.17000451353591858],[0.1678909768131317,0.17000451353591858,0.17070907371295793,0.17000451353591858,0.1678909768131317]],[[0.17169389504004445,0.17380579984739694,0.17450982043515589,0.17380579984739694,0.17169389504004445],[0.17380579984739694,0.17590266528035148,0.1766063733776741,0.17590266528035148,0.17380579984739694],[0.17450982043515589,0.1766063733776741,0.17730997724081593,0.1766063733776741,0.17450982043515589],[0.17380579984739694,0.17590266528035148,0.1766063733776741,0.17590266528035148,0.17380579984739694],[0.17169389504004445,0.17380579984739694,0.17450982043515589,0.17380579984739694,0.17169389504004445]],[[0.17549374715954982,0.17760387505399639,0.17830730811461026,0.17760387505399639,0.17549374715954982],[0.17760387505399639,0.17969889204304479,0.18040198485791525,0.17969889204304479,0.17760387505399639],[0.17830730811461026,0.18040198485791525,0.18110496418139743,0.18040198485791525,0.17830730811461026],[0.17760387505399639,0.17969889204304479,0.18040198485791525,0.17969889204304479,0.17760387505399639],[0.17549374715954982,0.17760387505399639,0.17830730811461026,0.17760387505399639,0.17549374715954982]],[[0.17929026082243857,0.18139845400472973,0.18210124736983871,0.18139845400472973,0.17929026082243857],[0.18139845400472973,0.18349145843099252,0.18419388134203421,0.18349145843099252,0.18139845400472973],[0.18210124736983871,0.18419388134203421,0.18489618068640903,0.18419388134203421,0.18210124736983871],[0.18139845400472973,0.18349145843099252,0.18419388134203421,0.18349145843099252,0.18139845400472973],[0.17929026082243857,0.18139845400472973,0.18210124736983871,0.18139845400472973,0.17929026082243857]],[[0.18308313959915104,0.18518922629862289,0.18589132318298141,0.18518922629862289,0.18308313959915104],[0.18518922629862289,0.18728003949101787,0.18798173303575233,0.18728003949101787,0.18518922629862289],[0.18589132318298141,0.18798173303575233,0.18868329204570533,0.18798173303575233,0.18589132318298141],[0.18518922629862289,0.18728003949101787,0.18798173303575233,0.18728003949101787,0.18518922629862289],[0.18308313959915104,0.18518922629862289,0.18589132318298141,0.18518922629862289,0.18308313959915104]],[[0.1868720607784079,0.18897585397503022,0.18967719255430765,0.18897585397503022,0.1868720607784079],[0.18897585397503022,0.19106428137855441,0.19176518081048768,0.19106428137855441,0.18897585397503022],[0.18967719255430765,0.19176518081048768,0.19246593376501764,0.19176518081048768,0.18967719255430765],[0.18897585397503022,0.19106428137855441,0.19176518081048768,0.19106428137855441,0.18897585397503022],[0.1868720607784079,0.18897585397503022,0.18967719255430765,0.18897585397503022,0.1868720607784079]],[[0.19065667296225444,0.19275796899078579,0.19345848194044249,0.19275796899078579,0.19065667296225444],[0.19275796899078579,0.19484379871220947,0.1955438335171433,0.19484379871220947,0.19275796899078579],[0.19345848194044249,0.1955438335171433,0.19624370883835032,0.1955438335171433,0.19345848194044249],[0.19275796899078579,0.19484379871220947,0.1955438335171433,0.19484379871220947,0.19275796899078579],[0.19065667296225444,0.19275796899078579,0.19345848194044249,0.19275796899078579,0.19065667296225444]],[[0.19443659343979802,0.19653517046582247,0.19723478445760589,0.19653517046582247,0.19443659343979802],[0.19653517046582247,0.19861817168624613,0.19931726505428779,0.19861817168624613,0.19653517046582247],[0.19723478445760589,0.19931726505428779,0.20001618477122102,0.19931726505428779,0.19723478445760589],[0.19653517046582247,0.19861817168624613,0.19931726505428779,0.19861817168624613,0.19653517046582247],[0.19443659343979802,0.19653517046582247,0.19723478445760589,0.19653517046582247,0.19443659343979802]],[[0.19821140532059994,0.20030702167747011,0.20100565682998775,0.20030702167747011,0.19821140532059994],[0.20030702167747011,0.202386942920632,0.20308501117020636,0.202386942920632,0.20030702167747011],[0.20100565682998775,0.20308501117020636,0.20378289033402058,0.20308501117020636,0.20100565682998775],[0.20030702167747011,0.202386942920632,0.20308501117020636,0.202386942920632,0.20030702167747011],[0.19821140532059994,0.20030702167747011,0.20100565682998775,0.20030702167747011,0.19821140532059994]],[[0.20198065440754107,0.204073046782918,0.20477061606246588,0.204073046782918,0.20198065440754107],[0.204073046782918,0.2061496140275873,0.20684656597755113,0.2061496140275873,0.204073046782918],[0.20477061606246588,0.20684656597755113,0.20754331202404988,0.20684656597755113,0.20477061606246588],[0.204073046782918,0.2061496140275873,0.20684656597755113,0.2061496140275873,0.204073046782918],[0.20198065440754107,0.204073046782918,0.20477061606246588,0.204073046782918,0.20198065440754107]],[[0.205743845788235,0.20783272724817703,0.20852913581584134,0.20783272724817703,0.205743845788235],[0.20783272724817703,0.20990564187253072,0.21060137815834196,0.20990564187253072,0.20783272724817703],[0.20852913581584134,0.21060137815834196,0.21129689021383635,0.21060137815834196,0.20852913581584134],[0.20783272724817703,0.20990564187253072,0.21060137815834196,0.20990564187253072,0.20783272724817703],[0.205743845788235,0.20783272724817703,0.20852913581584134,0.20783272724817703,0.205743845788235]],[[0.20950044012304148,0.2115854979614181,0.21228064246242687,0.2115854979614181,0.20950044012304148],[0.2115854979614181,0.21365443450701055,0.21434884683681976,0.21365443450701055,0.2115854979614181],[0.21228064246242687,0.21434884683681976,0.21504301496313341,0.21434884683681976,0.21228064246242687],[0.2115854979614181,0.21365443450701055,0.21434884683681976,0.21365443450701055,0.2115854979614181],[0.20950044012304148,0.2115854979614181,0.21228064246242687,0.2115854979614181,0.20950044012304148]],[[0.21324984960735652,0.21533074300800689,0.21602451079906868,0.21533074300800689,0.21324984960735652],[0.21533074300800689,0.21739534675077027,0.21808831709720977,0.21739534675077027,0.21533074300800689],[0.21602451079906868,0.21808831709720977,0.21878102147161849,0.21808831709720977,0.21602451079906868],[0.21533074300800689,0.21739534675077027,0.21808831709720977,0.21739534675077027,0.21533074300800689],[0.21324984960735652,0.21533074300800689,0.21602451079906868,0.21533074300800689,0.21324984960735652]],[[0.2169914335855174,0.21906779108454486,0.21976005939508875,0.21906779108454486,0.2169914335855174],[0.21906779108454486,0.2211276754003923,0.2218190751239093,0.2211276754003923,0.21906779108454486],[0.21976005939508875,0.2218190751239093,0.22251018514984094,0.2218190751239093,0.21976005939508875],[0.21906779108454486,0.2211276754003923,0.2218190751239093,0.2211276754003923,0.21906779108454486],[0.2169914335855174,0.21906779108454486,0.21976005939508875,0.21906779108454486,0.2169914335855174]],[[0.22072449379376932,0.22279591052963443,0.22348654555275863,0.22279591052963443,0.22072449379376932],[0.22279591052963443,0.22485065404257121,0.22554034294222622,0.22485065404257121,0.22279591052963443],[0.22348654555275863,0.22554034294222622,0.22622971628667848,0.22554034294222622,0.22348654555275863],[0.22279591052963443,0.22485065404257121,0.22554034294222622,0.22485065404257121,0.22279591052963443],[0.22072449379376932,0.22279591052963443,0.22348654555275863,0.22279591052963443,0.22072449379376932]],[[0.2244482692105419,0.22651430395014718,0.22720315985931036,0.22651430395014718,0.2244482692105419],[0.22651430395014718,0.2285634474515307,0.22925127273942505,0.2285634474515307,0.22651430395014718],[0.22720315985931036,0.22925127273942505,0.22993875429330982,0.22925127273942505,0.22720315985931036],[0.22651430395014718,0.2285634474515307,0.22925127273942505,0.2285634474515307,0.22651430395014718],[0.2244482692105419,0.22651430395014718,0.22720315985931036,0.22651430395014718,0.2244482692105419]],[[0.22816193049348754,0.23022210242329166,0.23090902031112906,0.23022210242329166,0.22816193049348754],[0.23022210242329166,0.2322651455520188,0.23295094074789646,0.2322651455520188,0.23022210242329166],[0.23090902031112906,0.23295094074789646,0.23363636150590764,0.23295094074789646,0.23090902031112906],[0.23022210242329166,0.2322651455520188,0.23295094074789646,0.2322651455520188,0.23022210242329166],[0.22816193049348754,0.23022210242329166,0.23090902031112906,0.23022210242329166,0.22816193049348754]],[[0.23186457398473398,0.23391835925734189,0.23460316599332814,0.23391835925734189,0.23186457398473398],[0.23391835925734189,0.23595475693233681,0.23663834067540385,0.23595475693233681,0.23391835925734189],[0.23460316599332814,0.23663834067540385,0.23732151653256306,0.23663834067540385,0.23460316599332814],[0.23391835925734189,0.23595475693233681,0.23663834067540385,0.23595475693233681,0.23391835925734189],[0.23186457398473398,0.23391835925734189,0.23460316599332814,0.23391835925734189,0.23186457398473398]],[[0.23555521526873224,0.23760204329728435,0.23828455030164034,0.23760204329728435,0.23555521526873224],[0.23760204329728435,0.23963120189581102,0.24031237667153454,0.23963120189581102,0.23760204329728435],[0.23828455030164034,0.24031237667153454,0.24099310713429695,0.24031237667153454,0.23828455030164034],[0.23760204329728435,0.23963120189581102,0.24031237667153454,0.23963120189581102,0.23760204329728435],[0.23555521526873224,0.23760204329728435,0.23828455030164034,0.23760204329728435,0.23555521526873224]],[[0.23923278227097641,0.24127203176600304,0.24195203369802926,0.24127203176600304,0.23923278227097641],[0.24127203176600304,0.24329330504405788,0.24397185582460545,0.24329330504405788,0.24127203176600304],[0.24195203369802926,0.24397185582460545,0.24464992263534646,0.24397185582460545,0.24195203369802926],[0.24127203176600304,0.24329330504405788,0.24397185582460545,0.24329330504405788,0.24127203176600304],[0.23923278227097641,0.24127203176600304,0.24195203369802926,0.24127203176600304,0.23923278227097641]],[[0.24289610789064817,0.24492710263717224,0.245604375997064,0.24492710263717224,0.24289610789064817],[0.24492710263717224,0.24693978739151715,0.24761548018956445,0.24693978739151715,0.24492710263717224],[0.245604375997064,0.24761548018956445,0.24829064586439861,0.24761548018956445,0.245604375997064],[0.24492710263717224,0.24693978739151715,0.24761548018956445,0.24693978739151715,0.24492710263717224],[0.24289610789064817,0.24492710263717224,0.245604375997064,0.24492710263717224,0.24289610789064817]],[[0.24654392216630203,0.2485659265425133,0.2492402281871445,0.2485659265425133,0.24654392216630203],[0.2485659265425133,0.25056925801791063,0.25124183835491087,0.25056925801791063,0.2485659265425133],[0.2492402281871445,0.25124183835491087,0.25191384463614164,0.25124183835491087,0.2492402281871445],[0.2485659265425133,0.25056925801791063,0.25124183835491087,0.25056925801791063,0.24856592654251333],[0.24654392216630203,0.2485659265425133,0.2492402281871445,0.24856592654251333,0.24654392216630203]],[[0.25017484398079609,0.25218705822390031,0.25285812379813905,0.25218705822390031,0.25017484398079609],[0.25218705822390031,0.25418020527352614,0.25484939656495059,0.25418020527352614,0.25218705822390031],[0.25285812379813905,0.25484939656495059,0.25551796279097444,0.25484939656495059,0.25285812379813905],[0.25218705822390031,0.25418020527352614,0.25484939656495059,0.25418020527352614,0.25218705822390031],[0.25017484398079609,0.25218705822390031,0.25285812379813905,0.25218705822390031,0.25017484398079609]],[[0.25378737231959386,0.25578892754915655,0.25645646983615461,0.25578892754915655,0.25378737231959386],[0.25578892754915655,0.25777098756119909,0.25843648942298658,0.25777098756119909,0.25578892754915655],[0.25645646983615461,0.25843648942298658,0.259101310820155,0.25843648942298658,0.25645646983615461],[0.25578892754915655,0.25777098756119909,0.25843648942298658,0.25777098756119909,0.25578892754915655],[0.25378737231959386,0.25578892754915655,0.25645646983615461,0.25578892754915655,0.25378737231959386]],[[0.25737987710571458,0.25936983011991116,0.26003353731522705,0.25936983011991116,0.25737987710571458],[0.25936983011991116,0.26133982372854037,0.26200131021068029,0.26133982372854037,0.25936983011991116],[0.26003353731522705,0.26200131021068029,0.26266205611340315,0.26200131021068029,0.26003353731522705],[0.25936983011991116,0.26133982372854037,0.26200131021068029,0.26133982372854037,0.25936983011991116],[0.25737987710571458,0.25936983011991116,0.26003353731522705,0.25936983011991116,0.25737987710571458]],[[0.26095058964370127,0.26292791750916655,0.26358745142558443,0.26292791750916655,0.26095058964370127],[0.26292791750916655,0.26488478311340879,0.26554190086843021,0.26488478311340879,0.26292791750916655],[0.26358745142558443,0.26554190086843021,0.26619821287559187,0.26554190086843021,0.26358745142558443],[0.26292791750916655,0.26488478311340879,0.26554190086843021,0.26488478311340879,0.26292791750916655],[0.26095058964370127,0.26292791750916655,0.26358745142558443,0.26292791750916655,0.26095058964370127]],[[0.264497592714752,0.26646118717600026,0.26711618138750387,0.26646118717600026,0.264497592714752],[0.26646118717600026,0.26840377529507653,0.26905614169088843,0.26840377529507653,0.26646118717600026],[0.26711618138750387,0.26905614169088843,0.26970763176835649,0.26905614169088843,0.26711618138750387],[0.26646118717600026,0.26840377529507653,0.26905614169088843,0.26840377529507653,0.26646118717600026],[0.264497592714752,0.26646118717600026,0.26711618138750387,0.26646118717600026,0.264497592714752]],[[0.26801881037400715,0.26996747211320338,0.27061753004822225,0.26996747211320338,0.26801881037400715],[0.26996747211320338,0.27189453961131932,0.27254174079938209,0.27189453961131932,0.26996747211320338],[0.27061753004822225,0.27254174079938209,0.27318798933987509,0.27254174079938209,0.27061753004822225],[0.26996747211320338,0.27189453961131932,0.27254174079938209,0.27189453961131932,0.26996747211320338],[0.26801881037400715,0.26996747211320338,0.27061753004822225,0.26996747211320338,0.26801881037400715]],[[0.27151199750919286,0.27344443029096094,0.27408912328644963,0.27344443029096094,0.27151199750919286],[0.27344443029096094,0.27535463450796305,0.27599622345898994,0.27535463450796305,0.27344443029096094],[0.27408912328644963,0.27599622345898994,0.27663677731171388,0.27599622345898994,0.27408912328644963],[0.27344443029096094,0.27535463450796305,0.27599622345898994,0.27535463450796305,0.27344443029096094],[0.27151199750919286,0.27344443029096094,0.27408912328644963,0.27344443029096094,0.27151199750919286]],[[0.27497472922578231,0.27688953396446264,0.27752839929332979,0.27688953396446264,0.27497472922578231],[0.27688953396446264,0.27878142679070184,0.27941692131079765,0.27878142679070184,0.27688953396446264],[0.27752839929332979,0.27941692131079765,0.28005129179389932,0.27941692131079765,0.27752839929332979],[0.27688953396446264,0.27878142679070184,0.27941692131079765,0.27878142679070184,0.27688953396446264],[0.27497472922578231,0.27688953396446264,0.27752839929332979,0.27688953396446264,0.27497472922578231]],[[0.27840439012735296,0.28030005891551113,0.28093259780025936,0.28030005891551113,0.27840439012735296],[0.28030005891551113,0.282172080849313,0.28280096158956364,0.282172080849313,0.28030005891551113],[0.28093259780025936,0.28280096158956364,0.283428622498454,0.28280096158956364,0.28093259780025936],[0.28030005891551113,0.282172080849313,0.28280096158956364,0.282172080849313,0.28030005891551113],[0.27840439012735296,0.28030005891551113,0.28093259780025936,0.28030005891551113,0.27840439012735296]],[[0.28179816356029558,0.28367307369594075,0.28429874932139082,0.28367307369594075,0.28179816356029558],[0.28367307369594075,0.28552354792004203,0.28614525639201821,0.28552354792004203,0.28367307369594075],[0.28429874932139082,0.28614525639201821,0.28676564201590865,0.28614525639201821,0.28429874932139082],[0.28367307369594075,0.28552354792004203,0.28614525639201821,0.28552354792004203,0.28367307369594075],[0.28179816356029558,0.28367307369594075,0.28429874932139082,0.28367307369594075,0.28179816356029558]],[[0.28515302088798433,0.28700542893515968,0.28762366447197218,0.28700542893515968