{"M_cells":[[[0,0,0,0,0,0,0],[0,0,0,0,0,0,0],[0,0,0,0,0,0,0],[0,0,0,0,0,0,0],[0,0,0,0,0,0,0],[0,0,0,0,0,0,0],[0,0,0,0,0,0,0]],[[1.366799510598579E-13,7.8378342550011719E-13,6.9748592661425413E-13,1.0198925087060895E-12,6.9748592661425413E-13,7.8378342550011719E-13,1.366799510598579E-13],[7.8378342550011719E-13,3.2976713187711514E-12,3.0156062210119261E-12,4.25714836726414E-12,3.0156062210119261E-12,3.2976713187711514E-12,7.8378342550011719E-13],[6.9748592661425413E-13,3.0156062210119261E-12,3.699599170533112E-12,4.3872056519521751E-12,3.699599170533112E-12,3.0156062210119261E-12,6.9748592661425413E-13],[1.0198925087060895E-12,4.25714836726414E-12,4.3872056519521751E-12,5.7841826218666851E-12,4.3872056519521751E-12,4.25714836726414E-12,1.0198925087060895E-12],[6.9748592661425413E-13,3.0156062210119261E-12,3.699599170533112E-12,4.3872056519521751E-12,3.699599170533112E-12,3.0156062210119261E-12,6.9748592661425413E-13],[7.8378342550011719E-13,3.2976713187711514E-12,3.0156062210119261E-12,4.25714836726414E-12,3.0156062210119261E-12,3.2976713187711514E-12,7.8378342550011719E-13],[1.366799510598579E-13,7.8378342550011719E-13,6.9748592661425413E-13,1.0198925087060895E-12,6.9748592661425413E-13,7.8378342550011719E-13,1.366799510598579E-13]],[[9.3519062207150248E-13,3.0359837155149662E-12,2.7591304800678121E-12,3.8395777964697208E-12,2.7591304800678121E-12,3.0359837155149662E-12,9.3519062207150248E-13],[3.0359837155149662E-12,7.82078211289553E-12,7.2907466390537843E-12,9.7503433674415812E-12,7.2907466390537843E-12,7.8207821128955286E-12,3.0359837155149662E-12],[2.7591304800678121E-12,7.2907466390537843E-12,8.6192065995324968E-12,9.9522360097012438E-12,8.6192065995324968E-12,7.2907466390537843E-12,2.7591304800678121E-12],[3.8395777964697208E-12,9.7503433674415812E-12,9.9522360097012438E-12,1.2608734154643706E-11,9.9522360097012438E-12,9.7503433674415812E-12,3.8395777964697208E-12],[2.7591304800678121E-12,7.2907466390537843E-12,8.6192065995324968E-12,9.9522360097012438E-12,8.6192065995324952E-12,7.2907466390537843E-12,2.7591304800678121E-12],[3.0359837155149662E-12,7.8207821128955286E-12,7.2907466390537843E-12,9.7503433674415812E-12,7.2907466390537843E-12,7.8207821128955286E-12,3.0359837155149654E-12],[9.3519062207150248E-13,3.0359837155149662E-12,2.7591304800678121E-12,3.8395777964697208E-12,2.7591304800678121E-12,3.0359837155149654E-12,9.3519062207150248E-13]],[[2.7233852825644288E-12,6.613886574258867E-12,6.1059251820178064E-12,8.16088879250473E-12,6.1059251820178064E-12,6.613886574258867E-12,2.7233852825644288E-12],[6.613886574258867E-12,1.3451583808866721E-11,1.2704394894818382E-11,1.6324402681840772E-11,1.2704394894818382E-11,1.3451583808866721E-11,6.613886574258867E-12],[6.1059251820178064E-12,1.2704394894818382E-11,1.4629329766970733E-11,1.6559697642184216E-11,1.4629329766970733E-11,1.2704394894818382E-11,6.1059251820178064E-12],[8.16088879250473E-12,1.6324402681840772E-11,1.6559697642184216E-11,2.0351298940535297E-11,1.6559697642184216E-11,1.6324402681840772E-11,8.16088879250473E-12],[6.1059251820178064E-12,1.2704394894818382E-11,1.4629329766970733E-11,1.6559697642184216E-11,1.4629329766970733E-11,1.2704394894818382E-11,6.1059251820178064E-12],[6.613886574258867E-12,1.3451583808866721E-11,1.2704394894818382E-11,1.6324402681840772E-11,1.2704394894818382E-11,1.3451583808866721E-11,6.613886574258867E-12],[2.7233852825644288E-12,6.613886574258867E-12,6.1059251820178064E-12,8.16088879250473E-12,6.1059251820178064E-12,6.613886574258867E-12,2.7233852825644288E-12]],[[5.6210419266611745E-12,1.1391470190857237E-11,1.0645539764005689E-11,1.3761250411184746E-11,1.0645539764005689E-11,1.1391470190857237E-11,5.6210419266611745E-12],[1.1391470190857237E-11,2.0089154622136402E-11,1.9152609641754462E-11,2.3859722599666239E-11,1.9152609641754462E-11,2.0089154622136405E-11,1.1391470190857237E-11],[1.0645539764005689E-11,1.9152609641754462E-11,2.162590424751353E-11,2.4105414136628737E-11,2.162590424751353E-11,1.9152609641754462E-11,1.0645539764005689E-11],[1.3761250411184746E-11,2.3859722599666239E-11,2.4105414136628737E-11,2.8921758949392705E-11,2.4105414136628737E-11,2.3859722599666239E-11,1.3761250411184746E-11],[1.0645539764005689E-11,1.9152609641754462E-11,2.162590424751353E-11,2.4105414136628737E-11,2.162590424751353E-11,1.9152609641754462E-11,1.0645539764005689E-11],[1.1391470190857237E-11,2.0089154622136405E-11,1.9152609641754462E-11,2.3859722599666239E-11,1.9152609641754462E-11,2.0089154622136405E-11,1.1391470190857237E-11],[5.6210419266611745E-12,1.1391470190857237E-11,1.0645539764005689E-11,1.3761250411184746E-11,1.0645539764005689E-11,1.1391470190857237E-11,5.6210419266611745E-12]],[[9.64067367863263E-12,1.7257079756149574E-11,1.628298284586058E-11,2.0470116442901478E-11,1.628298284586058E-11,1.7257079756149574E-11,9.64067367863263E-12],[1.7257079756149574E-11,2.7643663084821025E-11,2.6541833738748163E-11,3.2257317324707464E-11,2.6541833738748163E-11,2.7643663084821025E-11,1.7257079756149574E-11],[1.628298284586058E-11,2.6541833738748163E-11,2.9517462386461536E-11,3.2500017228056016E-11,2.9517462386461536E-11,2.6541833738748163E-11,1.628298284586058E-11],[2.0470116442901478E-11,3.2257317324707464E-11,3.2500017228056016E-11,3.8243519755231064E-11,3.2500017228056016E-11,3.2257317324707464E-11,2.0470116442901478E-11],[1.628298284586058E-11,2.6541833738748163E-11,2.9517462386461536E-11,3.2500017228056016E-11,2.9517462386461542E-11,2.6541833738748166E-11,1.628298284586058E-11],[1.7257079756149574E-11,2.7643663084821025E-11,2.6541833738748163E-11,3.2257317324707464E-11,2.6541833738748166E-11,2.7643663084821025E-11,1.7257079756149574E-11],[9.64067367863263E-12,1.7257079756149574E-11,1.628298284586058E-11,2.0470116442901478E-11,1.628298284586058E-11,1.7257079756149574E-11,9.64067367863263E-12]],[[1.4741953933173629E-11,2.4111660499287475E-11,2.2926425946894575E-11,2.8153559977706146E-11,2.2926425946894575E-11,2.4111660499287475E-11,1.4741953933173629E-11],[2.4111660499287475E-11,3.6035309781404016E-11,3.4788570286980961E-11,4.1434167304990572E-11,3.4788570286980961E-11,3.6035309781404016E-11,2.4111660499287475E-11],[2.2926425946894575E-11,3.4788570286980961E-11,3.8223723602854228E-11,4.1666451406697439E-11,3.8223723602854228E-11,3.4788570286980961E-11,2.2926425946894575E-11],[2.8153559977706146E-11,4.1434167304990572E-11,4.1666451406697439E-11,4.8251002080630876E-11,4.1666451406697439E-11,4.1434167304990572E-11,2.8153559977706146E-11],[2.2926425946894575E-11,3.4788570286980961E-11,3.8223723602854228E-11,4.1666451406697439E-11,3.8223723602854228E-11,3.4788570286980961E-11,2.2926425946894572E-11],[2.4111660499287475E-11,3.6035309781404016E-11,3.4788570286980961E-11,4.1434167304990572E-11,3.4788570286980961E-11,3.603530978140401E-11,2.4111660499287471E-11],[1.4741953933173629E-11,2.4111660499287475E-11,2.2926425946894575E-11,2.8153559977706146E-11,2.2926425946894572E-11,2.4111660499287471E-11,1.4741953933173629E-11]],[[2.0860876795491467E-11,3.1867323166906282E-11,3.0490155536945782E-11,3.6704063292711727E-11,3.0490155536945782E-11,3.1867323166906282E-11,2.0860876795491467E-11],[3.1867323166906282E-11,4.519332042881311E-11,4.3818702725665386E-11,5.1319881046690636E-11,4.3818702725665386E-11,4.519332042881311E-11,3.1867323166906282E-11],[3.0490155536945782E-11,4.3818702725665386E-11,4.7674263241557632E-11,5.1537991612938586E-11,4.7674263241557632E-11,4.3818702725665386E-11,3.0490155536945782E-11],[3.6704063292711727E-11,5.1319881046690636E-11,5.1537991612938586E-11,5.8887709604187523E-11,5.1537991612938586E-11,5.1319881046690636E-11,3.6704063292711727E-11],[3.0490155536945782E-11,4.3818702725665386E-11,4.7674263241557632E-11,5.1537991612938586E-11,4.7674263241557632E-11,4.3818702725665386E-11,3.0490155536945782E-11],[3.1867323166906282E-11,4.519332042881311E-11,4.3818702725665386E-11,5.1319881046690636E-11,4.3818702725665386E-11,4.519332042881311E-11,3.1867323166906276E-11],[2.0860876795491467E-11,3.1867323166906282E-11,3.0490155536945782E-11,3.6704063292711727E-11,3.0490155536945782E-11,3.1867323166906276E-11,2.086087679549146E-11]],[[2.7925168570700361E-11,4.0446119112028032E-11,3.8895842970851565E-11,4.6033642793399762E-11,3.8895842970851565E-11,4.0446119112028032E-11,2.7925168570700361E-11],[4.0446119112028032E-11,5.5055002314377474E-11,5.3566662610402218E-11,6.1854246242376941E-11,5.3566662610402218E-11,5.5055002314377474E-11,4.0446119112028032E-11],[3.8895842970851565E-11,5.3566662610402218E-11,5.78072989612062E-11,6.2056648340685122E-11,5.78072989612062E-11,5.3566662610402218E-11,3.8895842970851565E-11],[4.6033642793399762E-11,6.1854246242376941E-11,6.2056648340685122E-11,7.010471894591853E-11,6.2056648340685122E-11,6.1854246242376941E-11,4.6033642793399762E-11],[3.8895842970851565E-11,5.3566662610402218E-11,5.78072989612062E-11,6.2056648340685122E-11,5.78072989612062E-11,5.3566662610402218E-11,3.8895842970851565E-11],[4.0446119112028032E-11,5.5055002314377474E-11,5.3566662610402218E-11,6.1854246242376941E-11,5.3566662610402218E-11,5.5055002314377474E-11,4.0446119112028026E-11],[2.7925168570700361E-11,4.0446119112028032E-11,3.8895842970851565E-11,4.6033642793399762E-11,3.8895842970851565E-11,4.0446119112028026E-11,2.7925168570700355E-11]],[[3.5862230973653368E-11,4.9778961565366604E-11,4.8072853762510017E-11,5.6069132902344986E-11,4.8072853762510017E-11,4.9778961565366604E-11,3.5862230973653375E-11],[4.9778961565366604E-11,6.5564871946774365E-11,6.3974560909142213E-11,7.298539304812323E-11,6.3974560909142213E-11,6.5564871946774365E-11,4.9778961565366604E-11],[4.8072853762510017E-11,6.3974560909142213E-11,6.8568607268960057E-11,7.3171869520086415E-11,6.8568607268960057E-11,6.3974560909142213E-11,4.8072853762510017E-11],[5.6069132902344986E-11,7.298539304812323E-11,7.3171869520086415E-11,8.185948283551544E-11,7.3171869520086415E-11,7.298539304812323E-11,5.6069132902344986E-11],[4.8072853762510017E-11,6.3974560909142213E-11,6.8568607268960057E-11,7.3171869520086415E-11,6.8568607268960057E-11,6.3974560909142213E-11,4.8072853762510017E-11],[4.9778961565366604E-11,6.5564871946774365E-11,6.3974560909142213E-11,7.298539304812323E-11,6.3974560909142213E-11,6.5564871946774365E-11,4.9778961565366591E-11],[3.5862230973653375E-11,4.9778961565366604E-11,4.8072853762510017E-11,5.6069132902344986E-11,4.8072853762510017E-11,4.9778961565366591E-11,3.5862230973653362E-11]],[[4.4603042756872333E-11,5.9804660513429473E-11,5.7958030316820023E-11,6.674888300141224E-11,5.7958030316820023E-11,5.9804660513429473E-11,4.4603042756872339E-11],[5.9804660513429473E-11,7.6673857657849738E-11,7.49913459048498E-11,8.4668386470560085E-11,7.49913459048498E-11,7.6673857657849738E-11,5.9804660513429473E-11],[5.7958030316820023E-11,7.49913459048498E-11,7.9910568634121391E-11,8.4839472946289742E-11,7.9910568634121391E-11,7.4991345904849782E-11,5.7958030316820023E-11],[6.674888300141224E-11,8.4668386470560085E-11,8.4839472946289742E-11,9.4114868698870829E-11,8.4839472946289742E-11,8.4668386470560085E-11,6.674888300141224E-11],[5.7958030316820023E-11,7.49913459048498E-11,7.9910568634121391E-11,8.4839472946289742E-11,7.9910568634121391E-11,7.4991345904849782E-11,5.7958030316820023E-11],[5.9804660513429473E-11,7.6673857657849738E-11,7.4991345904849782E-11,8.4668386470560085E-11,7.4991345904849782E-11,7.6673857657849738E-11,5.9804660513429473E-11],[4.4603042756872339E-11,5.9804660513429473E-11,5.7958030316820023E-11,6.674888300141224E-11,5.7958030316820023E-11,5.9804660513429473E-11,4.4603042756872327E-11]],[[5.4083889880275008E-11,7.046905394760342E-11,6.8495206453628557E-11,7.8020391349458081E-11,6.8495206453628557E-11,7.046905394760342E-11,5.4083889880275008E-11],[7.046905394760342E-11,8.83385774812649E-11,8.657201948297401E-11,9.6864125499393375E-11,8.657201948297401E-11,8.83385774812649E-11,7.046905394760342E-11],[6.8495206453628557E-11,8.657201948297401E-11,9.1791332536784868E-11,9.7020760184581338E-11,9.1791332536784868E-11,8.657201948297401E-11,6.8495206453628557E-11],[7.8020391349458081E-11,9.6864125499393375E-11,9.7020760184581338E-11,1.0683837663926858E-10,9.7020760184581338E-11,9.6864125499393375E-11,7.8020391349458081E-11],[6.8495206453628557E-11,8.657201948297401E-11,9.1791332536784868E-11,9.7020760184581338E-11,9.1791332536784868E-11,8.657201948297401E-11,6.8495206453628557E-11],[7.046905394760342E-11,8.83385774812649E-11,8.657201948297401E-11,9.6864125499393375E-11,8.657201948297401E-11,8.83385774812649E-11,7.046905394760342E-11],[5.4083889880275008E-11,7.046905394760342E-11,6.8495206453628557E-11,7.8020391349458081E-11,6.8495206453628557E-11,7.046905394760342E-11,5.4083889880275E-11]],[[6.4246944777371846E-11,8.17242254132388E-11,7.9634604937323287E-11,8.9838569792376049E-11,7.9634604937323287E-11,8.17242254132388E-11,6.4246944777371846E-11],[8.17242254132388E-11,1.0052069009885963E-10,9.8676925325251777E-11,1.0953846603818317E-10,9.8676925325251777E-11,1.0052069009885963E-10,8.17242254132388E-11],[7.9634604937323287E-11,9.8676925325251777E-11,1.0417409078549546E-10,1.0968177509694201E-10,1.0417409078549546E-10,9.8676925325251777E-11,7.9634604937323274E-11],[8.9838569792376049E-11,1.0953846603818317E-10,1.0968177509694201E-10,1.2000149601771382E-10,1.0968177509694201E-10,1.0953846603818316E-10,8.9838569792376049E-11],[7.9634604937323287E-11,9.8676925325251777E-11,1.0417409078549546E-10,1.0968177509694201E-10,1.0417409078549546E-10,9.8676925325251777E-11,7.9634604937323274E-11],[8.17242254132388E-11,1.0052069009885963E-10,9.8676925325251777E-11,1.0953846603818316E-10,9.8676925325251777E-11,1.0052069009885963E-10,8.17242254132388E-11],[6.4246944777371846E-11,8.17242254132388E-11,7.9634604937323274E-11,8.9838569792376049E-11,7.9634604937323274E-11,8.17242254132388E-11,6.4246944777371846E-11]],[[7.5040251122158656E-11,9.3527800829166139E-11,9.1332204307707829E-11,1.0216444056023534E-10,9.1332204307707829E-11,9.3527800829166139E-11,7.5040251122158656E-11],[9.3527800829166139E-11,1.1318631493240441E-10,1.11271112176729E-10,1.226615105260141E-10,1.11271112176729E-10,1.131863149324044E-10,9.3527800829166139E-11],[9.1332204307707829E-11,1.11271112176729E-10,1.1702644665884604E-10,1.2279267893294773E-10,1.1702644665884604E-10,1.1127111217672899E-10,9.1332204307707829E-11],[1.0216444056023534E-10,1.226615105260141E-10,1.2279267893294773E-10,1.3357917058003289E-10,1.227926789329477E-10,1.2266151052601408E-10,1.0216444056023534E-10],[9.1332204307707829E-11,1.11271112176729E-10,1.1702644665884604E-10,1.227926789329477E-10,1.1702644665884604E-10,1.1127111217672899E-10,9.1332204307707829E-11],[9.3527800829166139E-11,1.131863149324044E-10,1.1127111217672899E-10,1.2266151052601408E-10,1.1127111217672899E-10,1.131863149324044E-10,9.3527800829166139E-11],[7.5040251122158656E-11,9.3527800829166139E-11,9.1332204307707829E-11,1.0216444056023534E-10,9.1332204307707829E-11,9.3527800829166139E-11,7.5040251122158656E-11]],[[8.6417416603741027E-11,1.0584231864760202E-10,1.0354912227479583E-10,1.1496413481292817E-10,1.0354912227479583E-10,1.0584231864760202E-10,8.6417416603741027E-11],[1.0584231864760202E-10,1.2630551642528317E-10,1.2432376973961526E-10,1.3620702425865258E-10,1.2432376973961526E-10,1.2630551642528317E-10,1.0584231864760202E-10],[1.0354912227479583E-10,1.2432376973961526E-10,1.3031986782706481E-10,1.3632722034413542E-10,1.3031986782706481E-10,1.2432376973961526E-10,1.0354912227479584E-10],[1.1496413481292817E-10,1.3620702425865258E-10,1.3632722034413542E-10,1.4754934971962659E-10,1.3632722034413542E-10,1.3620702425865258E-10,1.1496413481292818E-10],[1.0354912227479583E-10,1.2432376973961526E-10,1.3031986782706481E-10,1.3632722034413542E-10,1.3031986782706481E-10,1.2432376973961526E-10,1.0354912227479584E-10],[1.0584231864760202E-10,1.2630551642528317E-10,1.2432376973961526E-10,1.3620702425865258E-10,1.2432376973961526E-10,1.2630551642528317E-10,1.0584231864760202E-10],[8.6417416603741027E-11,1.0584231864760202E-10,1.0354912227479584E-10,1.1496413481292818E-10,1.0354912227479584E-10,1.0584231864760202E-10,8.6417416603741027E-11]],[[9.83371771407414E-11,1.1863466771433627E-10,1.1625103973786179E-10,1.2820810636611326E-10,1.1625103973786179E-10,1.1863466771433627E-10,9.83371771407414E-11],[1.1863466771433627E-10,1.3985184704626256E-10,1.3780773194333678E-10,1.50151949889798E-10,1.3780773194333678E-10,1.3985184704626256E-10,1.1863466771433627E-10],[1.1625103973786179E-10,1.3780773194333678E-10,1.4402921197676833E-10,1.5026228341975E-10,1.4402921197676833E-10,1.3780773194333678E-10,1.162510397378618E-10],[1.2820810636611326E-10,1.50151949889798E-10,1.5026228341975E-10,1.6189260894926066E-10,1.5026228341975E-10,1.50151949889798E-10,1.2820810636611326E-10],[1.1625103973786179E-10,1.3780773194333678E-10,1.4402921197676833E-10,1.5026228341975E-10,1.4402921197676833E-10,1.3780773194333678E-10,1.162510397378618E-10],[1.1863466771433627E-10,1.3985184704626256E-10,1.3780773194333678E-10,1.50151949889798E-10,1.3780773194333678E-10,1.3985184704626256E-10,1.1863466771433627E-10],[9.83371771407414E-11,1.1863466771433627E-10,1.162510397378618E-10,1.2820810636611326E-10,1.162510397378618E-10,1.1863466771433627E-10,9.83371771407414E-11]],[[1.1076291969626272E-10,1.3187558722574633E-10,1.2940767592876155E-10,1.4187050226704473E-10,1.2940767592876155E-10,1.3187558722574633E-10,1.1076291969626272E-10],[1.3187558722574633E-10,1.5380194341073453E-10,1.5169904116898564E-10,1.6447599938491204E-10,1.5169904116898564E-10,1.5380194341073453E-10,1.3187558722574633E-10],[1.2940767592876155E-10,1.5169904116898564E-10,1.5813231524875787E-10,1.6457750038645257E-10,1.5813231524875787E-10,1.5169904116898567E-10,1.2940767592876158E-10],[1.4187050226704473E-10,1.6447599938491204E-10,1.6457750038645257E-10,1.7659182663108193E-10,1.6457750038645257E-10,1.6447599938491207E-10,1.4187050226704473E-10],[1.2940767592876155E-10,1.5169904116898564E-10,1.5813231524875787E-10,1.6457750038645257E-10,1.5813231524875787E-10,1.5169904116898567E-10,1.2940767592876158E-10],[1.3187558722574633E-10,1.5380194341073453E-10,1.5169904116898567E-10,1.6447599938491207E-10,1.5169904116898567E-10,1.5380194341073456E-10,1.3187558722574633E-10],[1.1076291969626272E-10,1.3187558722574633E-10,1.2940767592876158E-10,1.4187050226704473E-10,1.2940767592876158E-10,1.3187558722574633E-10,1.1076291969626272E-10]],[[1.2366220900542451E-10,1.4553922321084867E-10,1.429923174579336E-10,1.5592865027078037E-10,1.429923174579336E-10,1.4553922321084867E-10,1.2366220900542451E-10],[1.4553922321084867E-10,1.6813517003376716E-10,1.6597656675725115E-10,1.7916130807056818E-10,1.6597656675725115E-10,1.6813517003376716E-10,1.4553922321084867E-10],[1.429923174579336E-10,1.6597656675725115E-10,1.7260963481661583E-10,1.7925491829941204E-10,1.7260963481661583E-10,1.6597656675725118E-10,1.4299231745793363E-10],[1.5592865027078037E-10,1.7916130807056818E-10,1.7925491829941204E-10,1.9163190692701991E-10,1.7925491829941207E-10,1.7916130807056821E-10,1.5592865027078037E-10],[1.429923174579336E-10,1.6597656675725115E-10,1.7260963481661583E-10,1.7925491829941207E-10,1.7260963481661586E-10,1.6597656675725118E-10,1.4299231745793363E-10],[1.4553922321084867E-10,1.6813517003376716E-10,1.6597656675725118E-10,1.7916130807056821E-10,1.6597656675725118E-10,1.6813517003376718E-10,1.4553922321084867E-10],[1.2366220900542451E-10,1.4553922321084867E-10,1.4299231745793363E-10,1.5592865027078037E-10,1.4299231745793363E-10,1.4553922321084867E-10,1.2366220900542451E-10]],[[1.3700634059454778E-10,1.5960273608379239E-10,1.5698139982650015E-10,1.7036263535760672E-10,1.5698139982650015E-10,1.5960273608379239E-10,1.3700634059454778E-10],[1.5960273608379239E-10,1.8283330551102762E-10,1.806216713759962E-10,1.9419213918323113E-10,1.806216713759962E-10,1.8283330551102762E-10,1.5960273608379239E-10],[1.5698139982650015E-10,1.806216713759962E-10,1.8744393808674458E-10,1.9427871111082376E-10,1.8744393808674458E-10,1.8062167137599622E-10,1.5698139982650018E-10],[1.7036263535760672E-10,1.9419213918323113E-10,1.9427871111082376E-10,2.069995410902637E-10,1.9427871111082376E-10,1.9419213918323116E-10,1.7036263535760672E-10],[1.5698139982650015E-10,1.806216713759962E-10,1.8744393808674458E-10,1.9427871111082376E-10,1.8744393808674461E-10,1.8062167137599622E-10,1.5698139982650018E-10],[1.5960273608379239E-10,1.8283330551102762E-10,1.8062167137599622E-10,1.9419213918323116E-10,1.8062167137599622E-10,1.8283330551102762E-10,1.5960273608379239E-10],[1.3700634059454778E-10,1.5960273608379239E-10,1.5698139982650018E-10,1.7036263535760672E-10,1.5698139982650018E-10,1.5960273608379239E-10,1.3700634059454778E-10]],[[1.5076992996324936E-10,1.7404595403028552E-10,1.7135413783381327E-10,1.8515494548173839E-10,1.7135413783381327E-10,1.7404595403028552E-10,1.5076992996324936E-10],[1.7404595403028552E-10,1.9788026629956631E-10,1.9561791931530935E-10,2.0955463000024762E-10,1.9561791931530935E-10,1.9788026629956631E-10,1.7404595403028552E-10],[1.7135413783381327E-10,1.9561791931530935E-10,2.0262003204495076E-10,2.0963493009904805E-10,2.0262003204495076E-10,1.9561791931530935E-10,1.7135413783381329E-10],[1.8515494548173839E-10,2.0955463000024762E-10,2.0963493009904805E-10,2.2268300083692015E-10,2.0963493009904805E-10,2.0955463000024762E-10,1.8515494548173839E-10],[1.7135413783381327E-10,1.9561791931530935E-10,2.0262003204495076E-10,2.0963493009904805E-10,2.0262003204495076E-10,1.9561791931530935E-10,1.7135413783381329E-10],[1.7404595403028552E-10,1.9788026629956631E-10,1.9561791931530935E-10,2.0955463000024762E-10,1.9561791931530935E-10,1.9788026629956631E-10,1.7404595403028552E-10],[1.5076992996324936E-10,1.7404595403028552E-10,1.7135413783381329E-10,1.8515494548173839E-10,1.7135413783381329E-10,1.7404595403028552E-10,1.5076992996324936E-10]],[[1.6493054105643653E-10,1.8885106729313283E-10,1.8609220038892665E-10,2.0029017217411964E-10,1.8609220038892665E-10,1.8885106729313285E-10,1.6493054105643653E-10],[1.8885106729313283E-10,2.1326186369145066E-10,2.1095082136824913E-10,2.2523657257767797E-10,2.1095082136824916E-10,2.1326186369145068E-10,1.8885106729313285E-10],[1.8609220038892665E-10,2.1095082136824913E-10,2.1812452719639238E-10,2.2531128689450415E-10,2.1812452719639238E-10,2.1095082136824916E-10,1.8609220038892668E-10],[2.0029017217411964E-10,2.2523657257767797E-10,2.2531128689450415E-10,2.3867195876501186E-10,2.2531128689450415E-10,2.25236572577678E-10,2.0029017217411964E-10],[1.8609220038892665E-10,2.1095082136824916E-10,2.1812452719639238E-10,2.2531128689450415E-10,2.181245271963924E-10,2.1095082136824916E-10,1.8609220038892668E-10],[1.8885106729313285E-10,2.1326186369145068E-10,2.1095082136824916E-10,2.25236572577678E-10,2.1095082136824916E-10,2.1326186369145068E-10,1.8885106729313285E-10],[1.6493054105643653E-10,1.8885106729313285E-10,1.8609220038892668E-10,2.0029017217411964E-10,1.8609220038892668E-10,1.8885106729313285E-10,1.6493054105643653E-10]],[[1.794683536032127E-10,2.0400235878094993E-10,2.0117942500188253E-10,2.157547553463189E-10,2.0117942500188253E-10,2.0400235878094995E-10,1.794683536032127E-10],[2.0400235878094993E-10,2.2896559000628896E-10,2.2660761156299823E-10,2.412272235527893E-10,2.2660761156299826E-10,2.2896559000628901E-10,2.0400235878094995E-10],[2.0117942500188253E-10,2.2660761156299823E-10,2.3394563134623549E-10,2.412969643319158E-10,2.3394563134623554E-10,2.2660761156299828E-10,2.0117942500188255E-10],[2.157547553463189E-10,2.412272235527893E-10,2.412969643319158E-10,2.5495733173139807E-10,2.4129696433191585E-10,2.4122722355278935E-10,2.157547553463189E-10],[2.0117942500188253E-10,2.2660761156299826E-10,2.3394563134623554E-10,2.4129696433191585E-10,2.3394563134623554E-10,2.2660761156299828E-10,2.0117942500188255E-10],[2.0400235878094995E-10,2.2896559000628901E-10,2.2660761156299828E-10,2.4122722355278935E-10,2.2660761156299828E-10,2.2896559000628901E-10,2.0400235878094995E-10],[1.794683536032127E-10,2.0400235878094995E-10,2.0117942500188255E-10,2.157547553463189E-10,2.0117942500188255E-10,2.0400235878094995E-10,1.794683536032127E-10]],[[1.9436586712179384E-10,2.194859668135588E-10,2.1660156737179076E-10,2.3153676423864259E-10,2.1660156737179079E-10,2.1948596681355883E-10,1.9436586712179386E-10],[2.194859668135588E-10,2.4498043045189272E-10,2.42577051593121E-10,2.575171385455117E-10,2.4257705159312106E-10,2.4498043045189277E-10,2.1948596681355883E-10],[2.1660156737179076E-10,2.42577051593121E-10,2.5007296915659118E-10,2.5758245115388279E-10,2.5007296915659118E-10,2.4257705159312106E-10,2.1660156737179079E-10],[2.3153676423864259E-10,2.575171385455117E-10,2.5758245115388279E-10,2.7153114383063909E-10,2.5758245115388279E-10,2.575171385455117E-10,2.3153676423864259E-10],[2.1660156737179079E-10,2.4257705159312106E-10,2.5007296915659118E-10,2.5758245115388279E-10,2.5007296915659118E-10,2.4257705159312106E-10,2.1660156737179079E-10],[2.1948596681355883E-10,2.4498043045189277E-10,2.4257705159312106E-10,2.575171385455117E-10,2.4257705159312106E-10,2.4498043045189277E-10,2.1948596681355883E-10],[1.9436586712179386E-10,2.1948596681355883E-10,2.1660156737179079E-10,2.3153676423864259E-10,2.1660156737179079E-10,2.1948596681355883E-10,1.9436586712179386E-10]],[[2.0960763859241844E-10,2.3528967621552182E-10,2.3234608181664591E-10,2.4762570829884193E-10,2.3234608181664591E-10,2.3528967621552182E-10,2.0960763859241844E-10],[2.3528967621552182E-10,2.6129669750228296E-10,2.5884925932585308E-10,2.7409802751565477E-10,2.5884925932585308E-10,2.6129669750228296E-10,2.3528967621552182E-10],[2.3234608181664591E-10,2.5884925932585308E-10,2.6649742400319449E-10,2.7415939723322951E-10,2.6649742400319449E-10,2.5884925932585308E-10,2.3234608181664591E-10],[2.4762570829884193E-10,2.7409802751565477E-10,2.7415939723322951E-10,2.8838640619672193E-10,2.7415939723322951E-10,2.7409802751565477E-10,2.4762570829884193E-10],[2.3234608181664591E-10,2.5884925932585308E-10,2.6649742400319449E-10,2.7415939723322951E-10,2.6649742400319449E-10,2.5884925932585308E-10,2.3234608181664591E-10],[2.3528967621552182E-10,2.6129669750228296E-10,2.5884925932585308E-10,2.7409802751565477E-10,2.5884925932585308E-10,2.6129669750228296E-10,2.3528967621552182E-10],[2.0960763859241844E-10,2.3528967621552182E-10,2.3234608181664591E-10,2.4762570829884193E-10,2.3234608181664591E-10,2.3528967621552182E-10,2.0960763859241844E-10]],[[2.2518005054091125E-10,2.5140273435981774E-10,2.4840192869719525E-10,2.6401237311158955E-10,2.4840192869719525E-10,2.5140273435981774E-10,2.2518005054091125E-10],[2.5140273435981774E-10,2.7790588501202327E-10,2.7541555824623916E-10,2.9096262807158709E-10,2.7541555824623916E-10,2.7790588501202327E-10,2.5140273435981774E-10],[2.4840192869719525E-10,2.7541555824623916E-10,2.8321099915608605E-10,2.9102048650521548E-10,2.8321099915608605E-10,2.7541555824623916E-10,2.4840192869719525E-10],[2.6401237311158955E-10,2.9096262807158709E-10,2.9102048650521548E-10,3.055170113077738E-10,2.9102048650521548E-10,2.9096262807158709E-10,2.6401237311158955E-10],[2.4840192869719525E-10,2.7541555824623916E-10,2.8321099915608605E-10,2.9102048650521548E-10,2.8321099915608605E-10,2.7541555824623916E-10,2.4840192869719525E-10],[2.5140273435981774E-10,2.7790588501202327E-10,2.7541555824623916E-10,2.9096262807158709E-10,2.7541555824623916E-10,2.7790588501202327E-10,2.5140273435981774E-10],[2.2518005054091125E-10,2.5140273435981774E-10,2.4840192869719525E-10,2.6401237311158955E-10,2.4840192869719525E-10,2.5140273435981774E-10,2.2518005054091125E-10]],[[2.4107110630512742E-10,2.6781568913506582E-10,2.6475940541180087E-10,2.8068867748284437E-10,2.6475940541180087E-10,2.6781568913506582E-10,2.4107110630512742E-10],[2.6781568913506582E-10,2.9480053962158413E-10,2.9226834511598983E-10,3.081045942295268E-10,2.9226834511598983E-10,2.9480053962158413E-10,2.6781568913506582E-10],[2.6475940541180087E-10,2.9226834511598983E-10,3.0020669573389635E-10,3.0815932523026929E-10,3.0020669573389635E-10,2.9226834511598983E-10,2.6475940541180087E-10],[2.8068867748284437E-10,3.081045942295268E-10,3.0815932523026929E-10,3.2291763984299113E-10,3.0815932523026929E-10,3.081045942295268E-10,2.8068867748284437E-10],[2.6475940541180087E-10,2.9226834511598983E-10,3.0020669573389635E-10,3.0815932523026929E-10,3.0020669573389635E-10,2.9226834511598983E-10,2.6475940541180087E-10],[2.6781568913506582E-10,2.9480053962158413E-10,2.9226834511598983E-10,3.081045942295268E-10,2.9226834511598983E-10,2.9480053962158413E-10,2.6781568913506582E-10],[2.4107110630512742E-10,2.6781568913506582E-10,2.6475940541180087E-10,2.8068867748284437E-10,2.6475940541180087E-10,2.6781568913506582E-10,2.4107110630512742E-10]],[[2.5727024943402654E-10,2.8452024615544845E-10,2.8140999794917541E-10,2.9764754852322189E-10,2.8140999794917541E-10,2.8452024615544845E-10,2.5727024943402654E-10],[2.8452024615544845E-10,3.119741473098996E-10,3.0940097349360235E-10,3.2551839852498739E-10,3.0940097349360235E-10,3.119741473098996E-10,2.8452024615544845E-10],[2.8140999794917541E-10,3.0940097349360235E-10,3.1747840524280109E-10,3.2557034356310578E-10,3.1747840524280109E-10,3.0940097349360235E-10,2.8140999794917541E-10],[2.9764754852322189E-10,3.2551839852498739E-10,3.2557034356310578E-10,3.405836784409615E-10,3.2557034356310578E-10,3.2551839852498739E-10,2.9764754852322189E-10],[2.8140999794917541E-10,3.0940097349360235E-10,3.1747840524280109E-10,3.2557034356310578E-10,3.1747840524280109E-10,3.0940097349360235E-10,2.8140999794917541E-10],[2.8452024615544845E-10,3.119741473098996E-10,3.0940097349360235E-10,3.2551839852498739E-10,3.0940097349360235E-10,3.119741473098996E-10,2.8452024615544845E-10],[2.5727024943402654E-10,2.8452024615544845E-10,2.8140999794917541E-10,2.9764754852322189E-10,2.8140999794917541E-10,2.8452024615544845E-10,2.5727024943402654E-10]],[[2.7376820441547028E-10,3.0150914284920622E-10,2.9834625036422774E-10,3.1488281214126285E-10,2.9834625036422774E-10,3.0150914284920622E-10,2.7376820441547028E-10],[3.0150914284920622E-10,3.2942103321854174E-10,3.2680765108108469E-10,3.4319924570338643E-10,3.2680765108108469E-10,3.2942103321854174E-10,3.0150914284920622E-10],[2.9834625036422774E-10,3.2680765108108469E-10,3.3502081481831289E-10,3.4324870869946473E-10,3.3502081481831289E-10,3.2680765108108469E-10,2.9834625036422774E-10],[3.1488281214126285E-10,3.4319924570338643E-10,3.4324870869946473E-10,3.5851114695444552E-10,3.4324870869946473E-10,3.4319924570338643E-10,3.1488281214126285E-10],[2.9834625036422774E-10,3.2680765108108469E-10,3.3502081481831289E-10,3.4324870869946473E-10,3.3502081481831289E-10,3.2680765108108469E-10,2.9834625036422774E-10],[3.0150914284920622E-10,3.2942103321854174E-10,3.2680765108108469E-10,3.4319924570338643E-10,3.2680765108108469E-10,3.2942103321854174E-10,3.0150914284920622E-10],[2.7376820441547028E-10,3.0150914284920622E-10,2.9834625036422774E-10,3.1488281214126285E-10,2.9834625036422774E-10,3.0150914284920622E-10,2.7376820441547028E-10]],[[2.9055683619935667E-10,3.187760373472858E-10,3.1556164988279704E-10,3.3238909679931845E-10,3.1556164988279704E-10,3.187760373472858E-10,2.9055683619935667E-10],[3.187760373472858E-10,3.4713627310866384E-10,3.444833491378444E-10,3.6114299648291234E-10,3.444833491378444E-10,3.4713627310866384E-10,3.187760373472858E-10],[3.1556164988279704E-10,3.444833491378444E-10,3.5282932354922669E-10,3.6119024811873615E-10,3.5282932354922669E-10,3.444833491378444E-10,3.1556164988279704E-10],[3.3238909679931845E-10,3.6114299648291234E-10,3.6119024811873615E-10,3.7669663399998217E-10,3.6119024811873615E-10,3.6114299648291234E-10,3.3238909679931845E-10],[3.1556164988279704E-10,3.444833491378444E-10,3.5282932354922669E-10,3.6119024811873615E-10,3.5282932354922669E-10,3.444833491378444E-10,3.1556164988279704E-10],[3.187760373472858E-10,3.4713627310866384E-10,3.444833491378444E-10,3.6114299648291234E-10,3.444833491378444E-10,3.4713627310866384E-10,3.187760373472858E-10],[2.9055683619935667E-10,3.187760373472858E-10,3.1556164988279704E-10,3.3238909679931845E-10,3.1556164988279704E-10,3.187760373472858E-10,2.9055683619935667E-10]],[[3.076290262524413E-10,3.3631541034968115E-10,3.3305052564259977E-10,3.5016174873460727E-10,3.3305052564259977E-10,3.3631541034968115E-10,3.076290262524413E-10],[3.3631541034968115E-10,3.6511561502013739E-10,3.6242372243953218E-10,3.7934610010244729E-10,3.6242372243953218E-10,3.6511561502013739E-10,3.3631541034968115E-10],[3.3305052564259977E-10,3.6242372243953218E-10,3.7089996848553306E-10,3.7939138164848552E-10,3.7089996848553306E-10,3.6242372243953218E-10,3.3305052564259977E-10],[3.5016174873460727E-10,3.7934610010244729E-10,3.7939138164848552E-10,3.9513723977010686E-10,3.7939138164848552E-10,3.7934610010244729E-10,3.5016174873460727E-10],[3.3305052564259977E-10,3.6242372243953218E-10,3.7089996848553306E-10,3.7939138164848552E-10,3.7089996848553306E-10,3.6242372243953218E-10,3.3305052564259977E-10],[3.3631541034968115E-10,3.6511561502013739E-10,3.6242372243953218E-10,3.7934610010244729E-10,3.6242372243953218E-10,3.6511561502013739E-10,3.3631541034968115E-10],[3.076290262524413E-10,3.3631541034968115E-10,3.3305052564259977E-10,3.5016174873460727E-10,3.3305052564259977E-10,3.3631541034968115E-10,3.076290262524413E-10]],[[3.2497856313769148E-10,3.5412247837411059E-10,3.508079593415628E-10,3.6819675712889225E-10,3.508079593415628E-10,3.5412247837411059E-10,3.2497856313769148E-10],[3.5412247837411059E-10,3.8335540988451021E-10,3.8062503846353645E-10,3.9780553455004085E-10,3.8062503846353645E-10,3.8335540988451021E-10,3.5412247837411059E-10],[3.508079593415628E-10,3.8062503846353645E-10,3.8922935912173246E-10,3.9784906125219338E-10,3.8922935912173246E-10,3.8062503846353645E-10,3.508079593415628E-10],[3.6819675712889225E-10,3.9780553455004085E-10,3.9784906125219338E-10,4.1383052521796868E-10,3.9784906125219338E-10,3.9780553455004085E-10,3.6819675712889225E-10],[3.508079593415628E-10,3.8062503846353645E-10,3.8922935912173246E-10,3.9784906125219338E-10,3.8922935912173246E-10,3.8062503846353645E-10,3.508079593415628E-10],[3.5412247837411059E-10,3.8335540988451021E-10,3.8062503846353645E-10,3.9780553455004085E-10,3.8062503846353645E-10,3.8335540988451021E-10,3.5412247837411059E-10],[3.2497856313769148E-10,3.5412247837411059E-10,3.508079593415628E-10,3.6819675712889225E-10,3.508079593415628E-10,3.5412247837411059E-10,3.2497856313769148E-10]],[[3.4260004584748912E-10,3.721931169920695E-10,3.6882970629454623E-10,3.8649068793881289E-10,3.6882970629454623E-10,3.721931169920695E-10,3.4260004584748912E-10],[3.721931169920695E-10,4.0185255000252476E-10,3.9908411465833063E-10,4.165187535206989E-10,3.9908411465833063E-10,4.0185255000252476E-10,3.721931169920695E-10],[3.6882970629454623E-10,3.9908411465833063E-10,4.0781461930914327E-10,4.1656071759031975E-10,4.0781461930914327E-10,3.9908411465833063E-10,3.6882970629454623E-10],[3.8649068793881289E-10,4.165187535206989E-10,4.1656071759031975E-10,4.327744668440956E-10,4.1656071759031975E-10,4.165187535206989E-10,3.8649068793881289E-10],[3.6882970629454623E-10,3.9908411465833063E-10,4.0781461930914327E-10,4.1656071759031975E-10,4.0781461930914327E-10,3.9908411465833063E-10,3.6882970629454623E-10],[3.721931169920695E-10,4.0185255000252476E-10,3.9908411465833063E-10,4.165187535206989E-10,3.9908411465833063E-10,4.0185255000252476E-10,3.721931169920695E-10],[3.4260004584748912E-10,3.721931169920695E-10,3.6882970629454623E-10,3.8649068793881289E-10,3.6882970629454623E-10,3.721931169920695E-10,3.4260004584748912E-10]],[[3.60488798334041E-10,3.9052379283357397E-10,3.8711212559845227E-10,4.0504062528672967E-10,3.8711212559845227E-10,3.9052379283357397E-10,3.60488798334041E-10],[3.9052379283357397E-10,4.2060441443568275E-10,4.1779826280479756E-10,4.3548363928146042E-10,4.1779826280479756E-10,4.2060441443568275E-10,3.9052379283357397E-10],[3.8711212559845227E-10,4.1779826280479756E-10,4.2665333568958278E-10,4.3552421253143168E-10,4.2665333568958278E-10,4.1779826280479756E-10,3.8711212559845227E-10],[4.0504062528672967E-10,4.3548363928146042E-10,4.3552421253143168E-10,4.5196741641682225E-10,4.3552421253143168E-10,4.3548363928146042E-10,4.0504062528672967E-10],[3.8711212559845227E-10,4.1779826280479756E-10,4.2665333568958278E-10,4.3552421253143168E-10,4.2665333568958278E-10,4.1779826280479756E-10,3.8711212559845227E-10],[3.9052379283357397E-10,4.2060441443568275E-10,4.1779826280479756E-10,4.3548363928146042E-10,4.1779826280479756E-10,4.2060441443568275E-10,3.9052379283357397E-10],[3.60488798334041E-10,3.9052379283357397E-10,3.8711212559845227E-10,4.0504062528672967E-10,3.8711212559845227E-10,3.9052379283357397E-10,3.60488798334041E-10]],[[3.7864079387186096E-10,4.0911150329602058E-10,4.0565211827758882E-10,4.2384411946809134E-10,4.0565211827758882E-10,4.0911150329602058E-10,3.7864079387186096E-10],[4.0911150329602058E-10,4.3960882048188157E-10,4.3676523960745506E-10,4.5469846073130548E-10,4.3676523960745506E-10,4.3960882048188157E-10,4.0911150329602058E-10],[4.0565211827758882E-10,4.3676523960745506E-10,4.4574351186175885E-10,4.5473779689823844E-10,4.4574351186175885E-10,4.3676523960745506E-10,4.0565211827758882E-10],[4.2384411946809134E-10,4.5469846073130548E-10,4.5473779689823844E-10,4.7140806504459516E-10,4.5473779689823844E-10,4.5469846073130548E-10,4.2384411946809134E-10],[4.0565211827758882E-10,4.3676523960745506E-10,4.4574351186175885E-10,4.5473779689823844E-10,4.4574351186175885E-10,4.3676523960745506E-10,4.0565211827758882E-10],[4.0911150329602058E-10,4.3960882048188157E-10,4.3676523960745506E-10,4.5469846073130548E-10,4.3676523960745506E-10,4.3960882048188157E-10,4.0911150329602058E-10],[3.7864079387186096E-10,4.0911150329602058E-10,4.0565211827758882E-10,4.2384411946809134E-10,4.0565211827758882E-10,4.0911150329602058E-10,3.7864079387186096E-10]],[[3.9705258805696742E-10,4.2795372302737406E-10,4.2444707242971328E-10,4.4289914076158812E-10,4.2444707242971328E-10,4.2795372302737406E-10,3.9705258805696742E-10],[4.2795372302737406E-10,4.588639805101456E-10,4.5598320276542547E-10,4.7416183603675587E-10,4.5598320276542547E-10,4.588639805101456E-10,4.2795372302737406E-10],[4.2444707242971328E-10,4.5598320276542547E-10,4.65083527594023E-10,4.7420007282607495E-10,4.65083527594023E-10,4.5598320276542547E-10,4.2444707242971328E-10],[4.4289914076158812E-10,4.7416183603675587E-10,4.7420007282607495E-10,4.9109541109269785E-10,4.7420007282607495E-10,4.7416183603675587E-10,4.4289914076158817E-10],[4.2444707242971328E-10,4.5598320276542547E-10,4.65083527594023E-10,4.7420007282607495E-10,4.65083527594023E-10,4.5598320276542547E-10,4.2444707242971328E-10],[4.2795372302737406E-10,4.588639805101456E-10,4.5598320276542547E-10,4.7416183603675587E-10,4.5598320276542547E-10,4.588639805101456E-10,4.2795372302737406E-10],[3.9705258805696742E-10,4.2795372302737406E-10,4.2444707242971328E-10,4.4289914076158817E-10,4.2444707242971328E-10,4.2795372302737406E-10,3.9705258805696742E-10]],[[4.1572125939688154E-10,4.4704835637132446E-10,4.4349481452085566E-10,4.6220403833864633E-10,4.4349481452085561E-10,4.4704835637132446E-10,4.1572125939688154E-10],[4.4704835637132446E-10,4.7836846352053853E-10,4.7545067186928584E-10,4.9387269930384718E-10,4.7545067186928584E-10,4.7836846352053853E-10,4.4704835637132446E-10],[4.4349481452085566E-10,4.7545067186928584E-10,4.84672102485048E-10,4.9390996019088385E-10,4.84672102485048E-10,4.7545067186928584E-10,4.4349481452085561E-10],[4.6220403833864633E-10,4.9387269930384718E-10,4.9390996019088385E-10,5.11028731500656E-10,4.9390996019088385E-10,4.9387269930384718E-10,4.6220403833864633E-10],[4.4349481452085561E-10,4.7545067186928584E-10,4.84672102485048E-10,4.9390996019088385E-10,4.84672102485048E-10,4.7545067186928584E-10,4.4349481452085561E-10],[4.4704835637132446E-10,4.7836846352053853E-10,4.7545067186928584E-10,4.9387269930384718E-10,4.7545067186928584E-10,4.7836846352053853E-10,4.4704835637132446E-10],[4.1572125939688154E-10,4.4704835637132446E-10,4.4349481452085561E-10,4.6220403833864633E-10,4.4349481452085561E-10,4.4704835637132446E-10,4.1572125939688154E-10]],[[4.3464435657690923E-10,4.6639369506453684E-10,4.6279356608790222E-10,4.8175750366176079E-10,4.6279356608790217E-10,4.6639369506453684E-10,4.3464435657690923E-10