{"M_cells":[[[0,0,0,0,0,0,0],[0,0,0,0,0,0,0],[0,0,0,0,0,0,0],[0,0,0,0,0,0,0],[0,0,0,0,0,0,0],[0,0,0,0,0,0,0],[0,0,0,0,0,0,0]],[[1.3667995160976435E-12,7.83783430498027E-12,6.9748593100874038E-12,1.0198925152870518E-11,6.9748593100874038E-12,7.83783430498027E-12,1.3667995160976435E-12],[7.83783430498027E-12,3.2976713558079335E-11,3.0156062543800035E-11,4.2571484160730064E-11,3.0156062543800035E-11,3.2976713558079335E-11,7.83783430498027E-12],[6.9748593100874038E-12,3.0156062543800035E-11,3.6995992124445447E-11,4.3872057025134314E-11,3.6995992124445447E-11,3.0156062543800035E-11,6.9748593100874038E-12],[1.0198925152870518E-11,4.2571484160730064E-11,4.3872057025134314E-11,5.7841826902434627E-11,4.3872057025134307E-11,4.2571484160730058E-11,1.0198925152870518E-11],[6.9748593100874038E-12,3.0156062543800035E-11,3.6995992124445447E-11,4.3872057025134307E-11,3.6995992124445441E-11,3.0156062543800035E-11,6.9748593100874038E-12],[7.83783430498027E-12,3.2976713558079335E-11,3.0156062543800035E-11,4.2571484160730058E-11,3.0156062543800035E-11,3.2976713558079335E-11,7.83783430498027E-12],[1.3667995160976435E-12,7.83783430498027E-12,6.9748593100874038E-12,1.0198925152870518E-11,6.9748593100874038E-12,7.83783430498027E-12,1.3667995160976441E-12]],[[9.3519063731098533E-12,3.03598379073058E-11,2.759130547287191E-11,3.8395778937507594E-11,2.759130547287191E-11,3.03598379073058E-11,9.3519063731098533E-12],[3.03598379073058E-11,7.8207824262006323E-11,7.2907469255382892E-11,9.75034377144707E-11,7.2907469255382892E-11,7.820782426200631E-11,3.03598379073058E-11],[2.759130547287191E-11,7.2907469255382892E-11,8.6192069506347678E-11,9.952236425873755E-11,8.6192069506347678E-11,7.2907469255382892E-11,2.759130547287191E-11],[3.8395778937507594E-11,9.75034377144707E-11,9.952236425873755E-11,1.2608734703130491E-10,9.952236425873755E-11,9.75034377144707E-11,3.83957789375076E-11],[2.759130547287191E-11,7.2907469255382892E-11,8.6192069506347678E-11,9.952236425873755E-11,8.6192069506347678E-11,7.2907469255382892E-11,2.7591305472871907E-11],[3.03598379073058E-11,7.820782426200631E-11,7.2907469255382892E-11,9.75034377144707E-11,7.2907469255382892E-11,7.820782426200631E-11,3.03598379073058E-11],[9.3519063731098533E-12,3.03598379073058E-11,2.759130547287191E-11,3.83957789375076E-11,2.7591305472871907E-11,3.03598379073058E-11,9.3519063731098533E-12]],[[2.7233853839457343E-11,6.6138869359934593E-11,6.1059255093084622E-11,8.1608892526175646E-11,6.1059255093084622E-11,6.613886935993458E-11,2.723385383945734E-11],[6.6138869359934593E-11,1.3451584929176942E-10,1.270439593040163E-10,1.6324404099458468E-10,1.270439593040163E-10,1.3451584929176939E-10,6.613886935993458E-11],[6.1059255093084622E-11,1.270439593040163E-10,1.4629331010750929E-10,1.6559699095250244E-10,1.4629331010750929E-10,1.270439593040163E-10,6.1059255093084622E-11],[8.1608892526175646E-11,1.6324404099458468E-10,1.6559699095250244E-10,2.0351300814954571E-10,1.6559699095250244E-10,1.6324404099458468E-10,8.1608892526175659E-11],[6.1059255093084622E-11,1.270439593040163E-10,1.4629331010750929E-10,1.6559699095250244E-10,1.4629331010750926E-10,1.270439593040163E-10,6.1059255093084622E-11],[6.613886935993458E-11,1.3451584929176939E-10,1.270439593040163E-10,1.6324404099458468E-10,1.270439593040163E-10,1.3451584929176942E-10,6.6138869359934593E-11],[2.723385383945734E-11,6.613886935993458E-11,6.1059255093084622E-11,8.1608892526175659E-11,6.1059255093084622E-11,6.6138869359934593E-11,2.7233853839457343E-11]],[[5.6210423057991982E-11,1.1391471288441503E-10,1.0645540767101608E-10,1.3761251786474627E-10,1.0645540767101608E-10,1.1391471288441503E-10,5.621042305799197E-11],[1.1391471288441503E-10,2.0089157443682471E-10,1.915261227213449E-10,2.3859726112726373E-10,1.915261227213449E-10,2.0089157443682471E-10,1.1391471288441503E-10],[1.0645540767101608E-10,1.915261227213449E-10,2.1625907355047666E-10,2.4105417723400638E-10,2.1625907355047669E-10,1.915261227213449E-10,1.0645540767101608E-10],[1.3761251786474627E-10,2.3859726112726373E-10,2.4105417723400638E-10,2.8921763493218843E-10,2.4105417723400638E-10,2.3859726112726373E-10,1.376125178647463E-10],[1.0645540767101608E-10,1.915261227213449E-10,2.1625907355047669E-10,2.4105417723400638E-10,2.1625907355047669E-10,1.915261227213449E-10,1.0645540767101608E-10],[1.1391471288441503E-10,2.0089157443682471E-10,1.915261227213449E-10,2.3859726112726373E-10,1.915261227213449E-10,2.0089157443682471E-10,1.1391471288441503E-10],[5.621042305799197E-11,1.1391471288441503E-10,1.0645540767101608E-10,1.376125178647463E-10,1.0645540767101608E-10,1.1391471288441503E-10,5.6210423057991982E-11]],[[9.6406747183332274E-11,1.7257082353736927E-10,1.6282985239669632E-10,2.0470119654474415E-10,1.6282985239669632E-10,1.7257082353736927E-10,9.6406747183332274E-11],[1.7257082353736927E-10,2.7643668954820467E-10,2.6541839248353965E-10,3.2257324532631653E-10,2.6541839248353965E-10,2.7643668954820467E-10,1.7257082353736927E-10],[1.6282985239669632E-10,2.6541839248353965E-10,2.9517468807804846E-10,3.25000245646578E-10,2.9517468807804846E-10,2.654183924835397E-10,1.6282985239669632E-10],[2.0470119654474415E-10,3.2257324532631653E-10,3.25000245646578E-10,3.8243528907455569E-10,3.25000245646578E-10,3.2257324532631653E-10,2.0470119654474415E-10],[1.6282985239669632E-10,2.6541839248353965E-10,2.9517468807804846E-10,3.25000245646578E-10,2.9517468807804846E-10,2.654183924835397E-10,1.6282985239669632E-10],[1.7257082353736927E-10,2.7643668954820467E-10,2.654183924835397E-10,3.2257324532631653E-10,2.654183924835397E-10,2.7643668954820467E-10,1.7257082353736927E-10],[9.6406747183332274E-11,1.7257082353736927E-10,1.6282985239669632E-10,2.0470119654474415E-10,1.6282985239669632E-10,1.7257082353736927E-10,9.6406747183332274E-11]],[[1.4741956285068553E-10,2.411166576555648E-10,2.2926430833946458E-10,2.8153566411831415E-10,2.2926430833946458E-10,2.411166576555648E-10,1.4741956285068553E-10],[2.411166576555648E-10,3.6035320606796607E-10,3.4788580504152157E-10,4.143418043951595E-10,3.4788580504152157E-10,3.6035320606796607E-10,2.411166576555648E-10],[2.2926430833946458E-10,3.4788580504152157E-10,3.8223735377104196E-10,4.1666464743526036E-10,3.8223735377104196E-10,3.4788580504152157E-10,2.2926430833946458E-10],[2.8153566411831415E-10,4.143418043951595E-10,4.1666464743526036E-10,4.8251018500015294E-10,4.1666464743526036E-10,4.1434180439515945E-10,2.8153566411831409E-10],[2.2926430833946458E-10,3.4788580504152157E-10,3.8223735377104196E-10,4.1666464743526036E-10,3.8223735377104196E-10,3.4788580504152157E-10,2.2926430833946458E-10],[2.411166576555648E-10,3.6035320606796607E-10,3.4788580504152157E-10,4.1434180439515945E-10,3.4788580504152157E-10,3.6035320606796607E-10,2.411166576555648E-10],[1.4741956285068553E-10,2.411166576555648E-10,2.2926430833946458E-10,2.8153566411831409E-10,2.2926430833946458E-10,2.411166576555648E-10,1.4741956285068553E-10]],[[2.0860881465997145E-10,3.1867332776780963E-10,3.0490164507373327E-10,3.6704074910340305E-10,3.0490164507373327E-10,3.1867332776780963E-10,2.0860881465997145E-10],[3.1867332776780963E-10,4.5193338799519612E-10,4.3818720143831881E-10,5.1319903105034109E-10,4.3818720143831881E-10,4.5193338799519612E-10,3.1867332776780963E-10],[3.0490164507373327E-10,4.3818720143831881E-10,4.7674283124210076E-10,5.1538013968210388E-10,4.7674283124210076E-10,4.3818720143831881E-10,3.0490164507373327E-10],[3.6704074910340305E-10,5.1319903105034109E-10,5.1538013968210388E-10,5.8887736814617441E-10,5.1538013968210388E-10,5.1319903105034109E-10,3.67040749103403E-10],[3.0490164507373327E-10,4.3818720143831881E-10,4.7674283124210076E-10,5.1538013968210388E-10,4.7674283124210076E-10,4.3818720143831881E-10,3.0490164507373327E-10],[3.1867332776780963E-10,4.5193338799519612E-10,4.3818720143831881E-10,5.1319903105034109E-10,4.3818720143831881E-10,4.5193338799519612E-10,3.1867332776780963E-10],[2.0860881465997145E-10,3.1867332776780963E-10,3.0490164507373327E-10,3.67040749103403E-10,3.0490164507373327E-10,3.1867332776780963E-10,2.0860881465997145E-10]],[[2.792517701748873E-10,4.0446135362272728E-10,3.8895858215802995E-10,4.6033662254788381E-10,3.8895858215802995E-10,4.0446135362272728E-10,2.792517701748873E-10],[4.0446135362272728E-10,5.5055031642258417E-10,5.3566690524762452E-10,6.18542811371017E-10,5.3566690524762452E-10,5.5055031642258417E-10,4.0446135362272728E-10],[3.8895858215802995E-10,5.3566690524762452E-10,5.7807330567587014E-10,6.2056683650633935E-10,5.7807330567587014E-10,5.3566690524762452E-10,3.8895858215802995E-10],[4.6033662254788381E-10,6.18542811371017E-10,6.2056683650633935E-10,7.0104761499423321E-10,6.2056683650633935E-10,6.1854281137101694E-10,4.6033662254788376E-10],[3.8895858215802995E-10,5.3566690524762452E-10,5.7807330567587014E-10,6.2056683650633935E-10,5.7807330567587014E-10,5.3566690524762452E-10,3.8895858215802995E-10],[4.0446135362272728E-10,5.5055031642258417E-10,5.3566690524762452E-10,6.1854281137101694E-10,5.3566690524762452E-10,5.5055031642258417E-10,4.0446135362272728E-10],[2.792517701748873E-10,4.0446135362272728E-10,3.8895858215802995E-10,4.6033662254788376E-10,3.8895858215802995E-10,4.0446135362272728E-10,2.792517701748873E-10]],[[3.5862245214341005E-10,4.9778987504701607E-10,4.8072878201775066E-10,5.6069163707165575E-10,4.8072878201775066E-10,4.9778987504701607E-10,3.5862245214341005E-10],[4.9778987504701607E-10,6.55649166195426E-10,6.39746035682596E-10,7.2985445772390422E-10,6.39746035682596E-10,6.55649166195426E-10,4.9778987504701607E-10],[4.8072878201775066E-10,6.39746035682596E-10,6.8568655232756224E-10,7.31719228044416E-10,6.8568655232756224E-10,6.39746035682596E-10,4.8072878201775066E-10],[5.6069163707165575E-10,7.2985445772390422E-10,7.31719228044416E-10,8.1859546490802838E-10,7.31719228044416E-10,7.2985445772390422E-10,5.6069163707165575E-10],[4.8072878201775066E-10,6.39746035682596E-10,6.8568655232756224E-10,7.31719228044416E-10,6.8568655232756224E-10,6.39746035682596E-10,4.8072878201775066E-10],[4.9778987504701607E-10,6.55649166195426E-10,6.39746035682596E-10,7.2985445772390422E-10,6.39746035682596E-10,6.55649166195426E-10,4.9778987504701607E-10],[3.5862245214341005E-10,4.9778987504701607E-10,4.8072878201775066E-10,5.6069163707165575E-10,4.8072878201775066E-10,4.9778987504701607E-10,3.5862245214341005E-10]],[[4.4603065491000195E-10,5.9804700087218668E-10,5.79580677408717E-10,6.6748929644077451E-10,5.79580677408717E-10,5.9804700087218668E-10,4.4603065491000195E-10],[5.9804700087218668E-10,7.6673923207381889E-10,7.4991408676689423E-10,8.4668463277903276E-10,7.4991408676689423E-10,7.6673923207381889E-10,5.9804700087218668E-10],[5.79580677408717E-10,7.4991408676689423E-10,7.9910638780344783E-10,8.4839550488178723E-10,7.9910638780344783E-10,7.4991408676689423E-10,5.79580677408717E-10],[6.6748929644077451E-10,8.4668463277903276E-10,8.4839550488178723E-10,9.4114960614178614E-10,8.4839550488178723E-10,8.4668463277903276E-10,6.6748929644077451E-10],[5.79580677408717E-10,7.4991408676689423E-10,7.9910638780344783E-10,8.4839550488178723E-10,7.9910638780344783E-10,7.4991408676689423E-10,5.79580677408717E-10],[5.9804700087218668E-10,7.6673923207381889E-10,7.4991408676689423E-10,8.4668463277903276E-10,7.4991408676689423E-10,7.6673923207381889E-10,5.9804700087218668E-10],[4.4603065491000195E-10,5.9804700087218668E-10,5.79580677408717E-10,6.6748929644077451E-10,5.79580677408717E-10,5.9804700087218668E-10,4.4603065491000195E-10]],[[5.4083924625105475E-10,7.0469112156930834E-10,6.8495261679997238E-10,7.8020459489213343E-10,6.8495261679997238E-10,7.0469112156930834E-10,5.4083924625105475E-10],[7.0469112156930834E-10,8.8338670765951315E-10,8.657210903504033E-10,9.6864234097516215E-10,8.657210903504033E-10,8.8338670765951315E-10,7.0469112156930834E-10],[6.8495261679997238E-10,8.657210903504033E-10,9.17914320687616E-10,9.7020869724382272E-10,9.17914320687616E-10,8.657210903504033E-10,6.8495261679997238E-10],[7.8020459489213343E-10,9.6864234097516215E-10,9.7020869724382272E-10,1.0683850557896019E-9,9.7020869724382272E-10,9.6864234097516215E-10,7.8020459489213343E-10],[6.8495261679997238E-10,8.657210903504033E-10,9.17914320687616E-10,9.7020869724382272E-10,9.17914320687616E-10,8.657210903504033E-10,6.8495261679997238E-10],[7.0469112156930834E-10,8.8338670765951315E-10,8.657210903504033E-10,9.6864234097516215E-10,8.657210903504033E-10,8.8338670765951315E-10,7.0469112156930834E-10],[5.4083924625105475E-10,7.0469112156930834E-10,6.8495261679997238E-10,7.8020459489213343E-10,6.8495261679997238E-10,7.0469112156930834E-10,5.4083924625105475E-10]],[[6.4246996017714E-10,8.1724308488165874E-10,7.963468398115472E-10,8.9838666437758285E-10,7.963468398115472E-10,8.1724308488165874E-10,6.4246996017714E-10],[8.1724308488165874E-10,1.0052081949985921E-9,9.8677049818682615E-10,1.0953861579661938E-9,9.8677049818682615E-10,1.0052081949985921E-9,8.1724308488165874E-10],[7.963468398115472E-10,9.8677049818682615E-10,1.0417422848574424E-9,1.0968192603995789E-9,1.0417422848574424E-9,9.8677049818682615E-10,7.963468398115472E-10],[8.9838666437758285E-10,1.0953861579661938E-9,1.0968192603995789E-9,1.20001672572532E-9,1.0968192603995789E-9,1.0953861579661938E-9,8.9838666437758285E-10],[7.963468398115472E-10,9.8677049818682615E-10,1.0417422848574424E-9,1.0968192603995789E-9,1.0417422848574424E-9,9.8677049818682615E-10,7.963468398115472E-10],[8.1724308488165874E-10,1.0052081949985921E-9,9.8677049818682615E-10,1.0953861579661938E-9,9.8677049818682615E-10,1.0052081949985924E-9,8.1724308488165874E-10],[6.4246996017714E-10,8.1724308488165874E-10,7.963468398115472E-10,8.9838666437758285E-10,7.963468398115472E-10,8.1724308488165874E-10,6.4246996017714E-10]],[[7.5040324474265263E-10,9.35279164160808E-10,9.133231456641261E-10,1.0216457426770376E-9,9.133231456641261E-10,9.35279164160808E-10,7.5040324474265273E-10],[9.35279164160808E-10,1.1318649056390724E-9,1.1127128147441433E-9,1.2266171269778686E-9,1.1127128147441433E-9,1.1318649056390724E-9,9.35279164160808E-10],[9.133231456641261E-10,1.1127128147441433E-9,1.170266331039602E-9,1.2279288257106397E-9,1.170266331039602E-9,1.1127128147441433E-9,9.133231456641261E-10],[1.0216457426770376E-9,1.2266171269778686E-9,1.2279288257106397E-9,1.3357940740128562E-9,1.2279288257106397E-9,1.2266171269778686E-9,1.0216457426770376E-9],[9.133231456641261E-10,1.1127128147441433E-9,1.170266331039602E-9,1.2279288257106397E-9,1.170266331039602E-9,1.1127128147441433E-9,9.133231456641261E-10],[9.35279164160808E-10,1.1318649056390724E-9,1.1127128147441433E-9,1.2266171269778686E-9,1.1127128147441433E-9,1.1318649056390724E-9,9.35279164160808E-10],[7.5040324474265273E-10,9.35279164160808E-10,9.133231456641261E-10,1.0216457426770376E-9,9.133231456641261E-10,9.35279164160808E-10,7.5040324474265273E-10]],[[8.6417518993277367E-10,1.0584247601067074E-9,1.0354927272681457E-9,1.1496431589965937E-9,1.0354927272681457E-9,1.0584247601067074E-9,8.6417518993277378E-10],[1.0584247601067074E-9,1.2630575035905834E-9,1.2432399562859185E-9,1.3620729221630389E-9,1.2432399562859185E-9,1.2630575035905834E-9,1.0584247601067074E-9],[1.0354927272681457E-9,1.2432399562859185E-9,1.3032011561692017E-9,1.363274900918524E-9,1.3032011561692017E-9,1.2432399562859185E-9,1.0354927272681457E-9],[1.1496431589965937E-9,1.3620729221630389E-9,1.363274900918524E-9,1.4754966176784429E-9,1.363274900918524E-9,1.3620729221630389E-9,1.1496431589965937E-9],[1.0354927272681457E-9,1.2432399562859185E-9,1.3032011561692017E-9,1.363274900918524E-9,1.3032011561692017E-9,1.2432399562859185E-9,1.0354927272681457E-9],[1.0584247601067074E-9,1.2630575035905834E-9,1.2432399562859185E-9,1.3620729221630389E-9,1.2432399562859185E-9,1.2630575035905834E-9,1.0584247601067074E-9],[8.6417518993277378E-10,1.0584247601067074E-9,1.0354927272681457E-9,1.1496431589965937E-9,1.0354927272681457E-9,1.0584247601067074E-9,8.6417518993277378E-10]],[[9.833731699488502E-10,1.1863487795124044E-9,1.1625124115572471E-9,1.2820834713721147E-9,1.1625124115572471E-9,1.1863487795124044E-9,9.833731699488502E-10],[1.1863487795124044E-9,1.3985215355095707E-9,1.3780802837189778E-9,1.501522993763719E-9,1.3780802837189778E-9,1.3985215355095707E-9,1.1863487795124044E-9],[1.1625124115572471E-9,1.3780802837189778E-9,1.4402953597857218E-9,1.5026263506518472E-9,1.4402953597857218E-9,1.3780802837189778E-9,1.1625124115572471E-9],[1.2820834713721147E-9,1.501522993763719E-9,1.5026263506518472E-9,1.6189301375807317E-9,1.5026263506518472E-9,1.501522993763719E-9,1.2820834713721147E-9],[1.1625124115572471E-9,1.3780802837189778E-9,1.4402953597857218E-9,1.5026263506518472E-9,1.4402953597857218E-9,1.3780802837189778E-9,1.1625124115572471E-9],[1.1863487795124044E-9,1.3985215355095707E-9,1.3780802837189778E-9,1.501522993763719E-9,1.3780802837189778E-9,1.3985215355095707E-9,1.1863487795124044E-9],[9.833731699488502E-10,1.1863487795124044E-9,1.1625124115572471E-9,1.2820834713721147E-9,1.1625124115572471E-9,1.1863487795124044E-9,9.833731699488502E-10]],[[1.1076310715008459E-9,1.3187586349810229E-9,1.2940794110676875E-9,1.4187081725758246E-9,1.2940794110676875E-9,1.3187586349810229E-9,1.1076310715008459E-9],[1.3187586349810229E-9,1.5380233920658023E-9,1.5169942449911539E-9,1.6447644878064551E-9,1.5169942449911539E-9,1.5380233920658023E-9,1.3187586349810229E-9],[1.2940794110676875E-9,1.5169942449911539E-9,1.5813273285662806E-9,1.6457795235807466E-9,1.5813273285662806E-9,1.5169942449911539E-9,1.2940794110676875E-9],[1.4187081725758246E-9,1.6447644878064551E-9,1.6457795235807466E-9,1.7659234458723384E-9,1.6457795235807466E-9,1.6447644878064551E-9,1.4187081725758246E-9],[1.2940794110676875E-9,1.5169942449911539E-9,1.5813273285662806E-9,1.6457795235807466E-9,1.5813273285662806E-9,1.5169942449911539E-9,1.2940794110676875E-9],[1.3187586349810229E-9,1.5380233920658023E-9,1.5169942449911539E-9,1.6447644878064551E-9,1.5169942449911539E-9,1.5380233920658023E-9,1.3187586349810229E-9],[1.1076310715008459E-9,1.3187586349810229E-9,1.2940794110676875E-9,1.4187081725758246E-9,1.2940794110676875E-9,1.3187586349810229E-9,1.1076310715008459E-9]],[[1.2366245612287415E-9,1.4553958098981477E-9,1.4299266145497531E-9,1.5592905650330668E-9,1.4299266145497531E-9,1.4553958098981477E-9,1.2366245612287415E-9],[1.4553958098981477E-9,1.6813567456348604E-9,1.659770560331616E-9,1.791618786762216E-9,1.659770560331616E-9,1.6813567456348604E-9,1.4553958098981477E-9],[1.4299266145497531E-9,1.659770560331616E-9,1.7261016622754455E-9,1.7925549194944938E-9,1.7261016622754455E-9,1.659770560331616E-9,1.4299266145497531E-9],[1.5592905650330668E-9,1.791618786762216E-9,1.7925549194944938E-9,1.9163256156760966E-9,1.7925549194944936E-9,1.7916187867622158E-9,1.5592905650330666E-9],[1.4299266145497531E-9,1.659770560331616E-9,1.7261016622754455E-9,1.7925549194944936E-9,1.7261016622754453E-9,1.6597705603316158E-9,1.4299266145497531E-9],[1.4553958098981477E-9,1.6813567456348604E-9,1.659770560331616E-9,1.7916187867622158E-9,1.6597705603316158E-9,1.6813567456348602E-9,1.4553958098981477E-9],[1.2366245612287415E-9,1.4553958098981477E-9,1.4299266145497531E-9,1.5592905650330666E-9,1.4299266145497531E-9,1.4553958098981477E-9,1.2366245612287415E-9]],[[1.3700666160445392E-9,1.5960319341159633E-9,1.5698184022465214E-9,1.7036315261592809E-9,1.5698184022465214E-9,1.5960319341159633E-9,1.3700666160445392E-9],[1.5960319341159633E-9,1.8283394122789826E-9,1.8062228860967984E-9,1.9419285552111966E-9,1.8062228860967984E-9,1.8283394122789826E-9,1.5960319341159633E-9],[1.5698184022465214E-9,1.8062228860967984E-9,1.8744460659393596E-9,1.9427943101639956E-9,1.8744460659393596E-9,1.8062228860967984E-9,1.5698184022465214E-9],[1.7036315261592809E-9,1.9419285552111966E-9,1.9427943101639956E-9,2.0700035941840559E-9,1.9427943101639956E-9,1.9419285552111966E-9,1.7036315261592807E-9],[1.5698184022465214E-9,1.8062228860967984E-9,1.8744460659393596E-9,1.9427943101639956E-9,1.8744460659393596E-9,1.8062228860967984E-9,1.5698184022465214E-9],[1.5960319341159633E-9,1.8283394122789826E-9,1.8062228860967984E-9,1.9419285552111966E-9,1.8062228860967984E-9,1.8283394122789829E-9,1.5960319341159635E-9],[1.3700666160445392E-9,1.5960319341159633E-9,1.5698184022465214E-9,1.7036315261592807E-9,1.5698184022465214E-9,1.5960319341159635E-9,1.3700666160445392E-9]],[[1.5077034151094772E-9,1.7404653179845839E-9,1.7135469501353909E-9,1.8515559660189559E-9,1.7135469501353909E-9,1.7404653179845839E-9,1.5077034151094772E-9],[1.7404653179845839E-9,1.9788105897369591E-9,1.9561868979015535E-9,2.0955552013415462E-9,1.9561868979015535E-9,1.9788105897369591E-9,1.7404653179845839E-9],[1.7135469501353909E-9,1.9561868979015535E-9,2.0262086434964804E-9,2.0963582438223528E-9,2.0262086434964804E-9,1.9561868979015535E-9,1.7135469501353909E-9],[1.8515559660189559E-9,2.0955552013415462E-9,2.0963582438223528E-9,2.226840136571462E-9,2.0963582438223528E-9,2.0955552013415462E-9,1.8515559660189559E-9],[1.7135469501353909E-9,1.9561868979015535E-9,2.0262086434964804E-9,2.0963582438223528E-9,2.0262086434964804E-9,1.9561868979015535E-9,1.7135469501353909E-9],[1.7404653179845839E-9,1.9788105897369591E-9,1.9561868979015535E-9,2.0955552013415462E-9,1.9561868979015535E-9,1.9788105897369591E-9,1.7404653179845839E-9],[1.5077034151094772E-9,1.7404653179845839E-9,1.7135469501353909E-9,1.8515559660189559E-9,1.7135469501353909E-9,1.7404653179845839E-9,1.5077034151094772E-9]],[[1.6493106247177798E-9,1.8885178953847621E-9,1.8609289782182845E-9,2.0029098335370048E-9,1.8609289782182845E-9,1.8885178953847621E-9,1.6493106247177798E-9],[1.8885178953847621E-9,2.1326284273549532E-9,2.1095177396192494E-9,2.2523766845299642E-9,2.1095177396192494E-9,2.1326284273549532E-9,1.8885178953847621E-9],[1.8609289782182845E-9,2.1095177396192494E-9,2.1812555373946676E-9,2.2531238756263786E-9,2.1812555373946676E-9,2.1095177396192494E-9,1.8609289782182843E-9],[2.0029098335370048E-9,2.2523766845299642E-9,2.2531238756263786E-9,2.3867320103987835E-9,2.2531238756263786E-9,2.2523766845299642E-9,2.0029098335370048E-9],[1.8609289782182845E-9,2.1095177396192494E-9,2.1812555373946676E-9,2.2531238756263786E-9,2.1812555373946676E-9,2.1095177396192494E-9,1.8609289782182843E-9],[1.8885178953847621E-9,2.1326284273549532E-9,2.1095177396192494E-9,2.2523766845299642E-9,2.1095177396192494E-9,2.1326284273549532E-9,1.8885178953847621E-9],[1.6493106247177798E-9,1.8885178953847621E-9,1.8609289782182843E-9,2.0029098335370048E-9,1.8609289782182843E-9,1.8885178953847621E-9,1.6493106247177798E-9]],[[1.7946900718579151E-9,2.0400325300035068E-9,2.0118028956211367E-9,2.1575575647331234E-9,2.0118028956211367E-9,2.0400325300035068E-9,1.7946900718579151E-9],[2.0400325300035068E-9,2.2896678882194655E-9,2.2660877909090941E-9,2.4122856135832251E-9,2.2660877909090941E-9,2.2896678882194655E-9,2.0400325300035068E-9],[2.0118028956211367E-9,2.2660877909090941E-9,2.3394688666090803E-9,2.4129830763959573E-9,2.3394688666090803E-9,2.2660877909090941E-9,2.0118028956211367E-9],[2.1575575647331234E-9,2.4122856135832251E-9,2.4129830763959573E-9,2.5495884296084362E-9,2.4129830763959573E-9,2.4122856135832251E-9,2.1575575647331234E-9],[2.0118028956211367E-9,2.2660877909090941E-9,2.3394688666090803E-9,2.4129830763959573E-9,2.3394688666090803E-9,2.2660877909090941E-9,2.0118028956211367E-9],[2.0400325300035068E-9,2.2896678882194655E-9,2.2660877909090941E-9,2.4122856135832251E-9,2.2660877909090941E-9,2.2896678882194655E-9,2.0400325300035068E-9],[1.7946900718579151E-9,2.0400325300035068E-9,2.0118028956211367E-9,2.1575575647331234E-9,2.0118028956211367E-9,2.0400325300035068E-9,1.7946900718579151E-9]],[[1.943666784444682E-9,2.1948706429885724E-9,2.1660262966728404E-9,2.3153798924118867E-9,2.1660262966728404E-9,2.1948706429885724E-9,1.943666784444682E-9],[2.1948706429885724E-9,2.4498188679858957E-9,2.4257847117384594E-9,2.5751875909846893E-9,2.4257847117384594E-9,2.4498188679858957E-9,2.1948706429885724E-9],[2.1660262966728404E-9,2.4257847117384594E-9,2.5007449224375306E-9,2.5758407798819922E-9,2.5007449224375306E-9,2.4257847117384594E-9,2.1660262966728404E-9],[2.3153798924118867E-9,2.5751875909846893E-9,2.5758407798819922E-9,2.7153296845574448E-9,2.5758407798819922E-9,2.5751875909846893E-9,2.3153798924118867E-9],[2.1660262966728404E-9,2.4257847117384594E-9,2.5007449224375306E-9,2.5758407798819922E-9,2.5007449224375306E-9,2.4257847117384594E-9,2.1660262966728404E-9],[2.1948706429885724E-9,2.4498188679858957E-9,2.4257847117384594E-9,2.5751875909846893E-9,2.4257847117384594E-9,2.4498188679858957E-9,2.1948706429885724E-9],[1.943666784444682E-9,2.1948706429885724E-9,2.1660262966728404E-9,2.3153798924118867E-9,2.1660262966728404E-9,2.1948706429885724E-9,1.943666784444682E-9]],[[2.0960863682424365E-9,2.352910124098888E-9,2.3234737654162135E-9,2.476271955173336E-9,2.3234737654162135E-9,2.352910124098888E-9,2.0960863682424365E-9],[2.352910124098888E-9,2.6129845388969482E-9,2.5885097277017473E-9,2.7409997667154974E-9,2.5885097277017473E-9,2.6129845388969482E-9,2.352910124098888E-9],[2.3234737654162135E-9,2.5885097277017473E-9,2.6649925873099645E-9,2.7416135352393039E-9,2.6649925873099645E-9,2.5885097277017473E-9,2.3234737654162135E-9],[2.476271955173336E-9,2.7409997667154974E-9,2.7416135352393039E-9,2.883885940296927E-9,2.7416135352393039E-9,2.7409997667154974E-9,2.476271955173336E-9],[2.3234737654162135E-9,2.5885097277017473E-9,2.6649925873099645E-9,2.7416135352393039E-9,2.6649925873099645E-9,2.5885097277017473E-9,2.3234737654162135E-9],[2.352910124098888E-9,2.6129845388969482E-9,2.5885097277017473E-9,2.7409997667154974E-9,2.5885097277017473E-9,2.6129845388969482E-9,2.352910124098888E-9],[2.0960863682424365E-9,2.352910124098888E-9,2.3234737654162135E-9,2.476271955173336E-9,2.3234737654162135E-9,2.352910124098888E-9,2.0960863682424365E-9]],[[2.2518126879080905E-9,2.5140434923706369E-9,2.4840349500729016E-9,2.6401416569479963E-9,2.4840349500729016E-9,2.5140434923706369E-9,2.2518126879080905E-9],[2.5140434923706369E-9,2.7790798911806184E-9,2.7541761247138709E-9,2.909649571608189E-9,2.7541761247138709E-9,2.7790798911806184E-9,2.5140434923706369E-9],[2.4840349500729016E-9,2.7541761247138709E-9,2.8321319468548087E-9,2.9102282366157276E-9,2.8321319468548087E-9,2.7541761247138709E-9,2.4840349500729016E-9],[2.6401416569479963E-9,2.909649571608189E-9,2.9102282366157276E-9,3.0551961799001712E-9,2.9102282366157276E-9,2.909649571608189E-9,2.6401416569479963E-9],[2.4840349500729016E-9,2.7541761247138709E-9,2.8321319468548087E-9,2.9102282366157276E-9,2.8321319468548087E-9,2.7541761247138709E-9,2.4840349500729016E-9],[2.5140434923706369E-9,2.7790798911806184E-9,2.7541761247138709E-9,2.909649571608189E-9,2.7541761247138709E-9,2.7790798911806184E-9,2.5140434923706369E-9],[2.2518126879080905E-9,2.5140434923706369E-9,2.4840349500729016E-9,2.6401416569479963E-9,2.4840349500729016E-9,2.5140434923706369E-9,2.2518126879080905E-9]],[[2.4107258198763241E-9,2.678176276034793E-9,2.6476128732349771E-9,2.8069082380970869E-9,2.6476128732349771E-9,2.678176276034793E-9,2.4107258198763241E-9],[2.678176276034793E-9,2.948030447376631E-9,2.9227079258690507E-9,3.0810736052254119E-9,2.9227079258690507E-9,2.948030447376631E-9,2.678176276034793E-9],[2.6476128732349771E-9,2.9227079258690507E-9,3.0020930697199995E-9,3.0816210060655908E-9,3.0020930697199995E-9,2.9227079258690507E-9,2.6476128732349771E-9],[2.8069082380970869E-9,3.0810736052254119E-9,3.0816210060655908E-9,3.2292072733330857E-9,3.0816210060655908E-9,3.0810736052254119E-9,2.8069082380970869E-9],[2.6476128732349771E-9,2.9227079258690507E-9,3.0020930697199995E-9,3.0816210060655908E-9,3.0020930697199995E-9,2.9227079258690507E-9,2.6476128732349771E-9],[2.678176276034793E-9,2.948030447376631E-9,2.9227079258690507E-9,3.0810736052254119E-9,2.9227079258690507E-9,2.948030447376631E-9,2.678176276034793E-9],[2.4107258198763241E-9,2.678176276034793E-9,2.6476128732349771E-9,2.8069082380970869E-9,2.6476128732349771E-9,2.678176276034793E-9,2.4107258198763241E-9]],[[2.5727202465870129E-9,2.845225584879956E-9,2.8141224476521646E-9,2.9765010265218019E-9,2.8141224476521646E-9,2.845225584879956E-9,2.5727202465870129E-9],[2.845225584879956E-9,3.1197711281547269E-9,3.0940387269316944E-9,3.2552166572808967E-9,3.0940387269316944E-9,3.1197711281547269E-9,2.845225584879956E-9],[2.8141224476521646E-9,3.0940387269316944E-9,3.1748149332607389E-9,3.2557362095476551E-9,3.1748149332607389E-9,3.0940387269316944E-9,2.8141224476521646E-9],[2.9765010265218019E-9,3.2552166572808967E-9,3.2557362095476551E-9,3.4058731553602757E-9,3.2557362095476551E-9,3.2552166572808967E-9,2.9765010265218019E-9],[2.8141224476521646E-9,3.0940387269316944E-9,3.1748149332607389E-9,3.2557362095476551E-9,3.1748149332607389E-9,3.0940387269316944E-9,2.8141224476521646E-9],[2.845225584879956E-9,3.1197711281547269E-9,3.0940387269316944E-9,3.2552166572808967E-9,3.0940387269316944E-9,3.1197711281547269E-9,2.845225584879956E-9],[2.5727202465870129E-9,2.845225584879956E-9,2.8141224476521646E-9,2.9765010265218019E-9,2.8141224476521646E-9,2.845225584879956E-9,2.5727202465870129E-9]],[[2.7377032640164956E-9,3.0151188514188322E-9,2.9834891712685272E-9,3.1488583428907082E-9,2.9834891712685272E-9,3.0151188514188322E-9,2.7377032640164956E-9],[3.0151188514188322E-9,3.29424525086939E-9,3.2681106701135343E-9,3.4320308448734944E-9,3.2681106701135343E-9,3.29424525086939E-9,3.0151188514188322E-9],[2.9834891712685272E-9,3.2681106701135343E-9,3.3502444762764857E-9,3.4325255887207626E-9,3.3502444762764857E-9,3.2681106701135343E-9,2.9834891712685272E-9],[3.1488583428907082E-9,3.4320308448734944E-9,3.4325255887207626E-9,3.5851540984383854E-9,3.4325255887207626E-9,3.4320308448734944E-9,3.1488583428907082E-9],[2.9834891712685272E-9,3.2681106701135343E-9,3.3502444762764857E-9,3.4325255887207626E-9,3.3502444762764857E-9,3.2681106701135343E-9,2.9834891712685272E-9],[3.0151188514188322E-9,3.29424525086939E-9,3.2681106701135343E-9,3.4320308448734944E-9,3.2681106701135343E-9,3.29424525086939E-9,3.0151188514188322E-9],[2.7377032640164956E-9,3.0151188514188322E-9,2.9834891712685272E-9,3.1488583428907082E-9,2.9834891712685272E-9,3.0151188514188322E-9,2.7377032640164956E-9]],[[2.9055935771794013E-9,3.1877927200761233E-9,3.1556479785678638E-9,3.3239265385146781E-9,3.1556479785678638E-9,3.1877927200761233E-9,2.9055935771794013E-9],[3.1877927200761233E-9,3.4714036444642378E-9,3.4448735385443238E-9,3.6114748504669588E-9,3.4448735385443238E-9,3.4714036444642374E-9,3.1877927200761233E-9],[3.1556479785678638E-9,3.4448735385443238E-9,3.5283357625919841E-9,3.611947493721452E-9,3.5283357625919841E-9,3.4448735385443238E-9,3.1556479785678638E-9],[3.3239265385146781E-9,3.6114748504669588E-9,3.611947493721452E-9,3.7670160685818672E-9,3.611947493721452E-9,3.6114748504669588E-9,3.3239265385146781E-9],[3.1556479785678638E-9,3.4448735385443238E-9,3.5283357625919841E-9,3.611947493721452E-9,3.5283357625919841E-9,3.4448735385443242E-9,3.1556479785678638E-9],[3.1877927200761233E-9,3.4714036444642374E-9,3.4448735385443238E-9,3.6114748504669588E-9,3.4448735385443242E-9,3.4714036444642378E-9,3.1877927200761233E-9],[2.9055935771794013E-9,3.1877927200761233E-9,3.1556479785678638E-9,3.3239265385146781E-9,3.1556479785678638E-9,3.1877927200761233E-9,2.9055935771794013E-9]],[[3.0763200609669636E-9,3.3631920661750322E-9,3.330542228301853E-9,3.5016591478956569E-9,3.3305422283018534E-9,3.3631920661750322E-9,3.0763200609669636E-9],[3.3631920661750322E-9,3.6512038664219815E-9,3.6242839562152153E-9,3.7935132477447287E-9,3.6242839562152153E-9,3.6512038664219815E-9,3.3631920661750322E-9],[3.330542228301853E-9,3.6242839562152153E-9,3.7090492415017746E-9,3.7939662041850408E-9,3.709049241501775E-9,3.6242839562152153E-9,3.3305422283018534E-9],[3.5016591478956569E-9,3.7935132477447287E-9,3.7939662041850408E-9,3.9514301538805606E-9,3.7939662041850408E-9,3.7935132477447287E-9,3.5016591478956569E-9],[3.3305422283018534E-9,3.6242839562152153E-9,3.709049241501775E-9,3.7939662041850408E-9,3.709049241501775E-9,3.6242839562152153E-9,3.3305422283018534E-9],[3.3631920661750322E-9,3.6512038664219815E-9,3.6242839562152153E-9,3.7935132477447287E-9,3.6242839562152153E-9,3.6512038664219815E-9,3.3631920661750322E-9],[3.0763200609669636E-9,3.3631920661750322E-9,3.3305422283018534E-9,3.5016591478956569E-9,3.3305422283018534E-9,3.3631920661750322E-9,3.0763200609669636E-9]],[[3.2498206662508996E-9,3.5412691287689532E-9,3.508122810314875E-9,3.6820161407850228E-9,3.5081228103148754E-9,3.5412691287689532E-9,3.2498206662508996E-9],[3.5412691287689532E-9,3.8336095092770839E-9,3.8063046802133011E-9,3.9781159042961261E-9,3.8063046802133011E-9,3.8336095092770839E-9,3.5412691287689532E-9],[3.508122810314875E-9,3.8063046802133011E-9,3.8923510929939957E-9,3.9785513275247762E-9,3.8923510929939957E-9,3.8063046802133011E-9,3.5081228103148754E-9],[3.6820161407850228E-9,3.9781159042961261E-9,3.9785513275247762E-9,4.1383720567684292E-9,3.9785513275247762E-9,3.978115904296127E-9,3.6820161407850228E-9],[3.5081228103148754E-9,3.8063046802133011E-9,3.8923510929939957E-9,3.9785513275247762E-9,3.8923510929939957E-9,3.8063046802133011E-9,3.5081228103148754E-9],[3.5412691287689532E-9,3.8336095092770839E-9,3.8063046802133011E-9,3.978115904296127E-9,3.8063046802133011E-9,3.8336095092770839E-9,3.5412691287689532E-9],[3.2498206662508996E-9,3.5412691287689532E-9,3.5081228103148754E-9,3.6820161407850228E-9,3.5081228103148754E-9,3.5412691287689532E-9,3.2498206662508996E-9]],[[3.4260414535473239E-9,3.7219827433718109E-9,3.6883473564760772E-9,3.8649632608738906E-9,3.6883473564760772E-9,3.7219827433718109E-9,3.4260414535473239E-9],[3.7219827433718109E-9,4.0185895858009379E-9,3.9909039738209653E-9,4.1652574516234219E-9,3.9909039738209653E-9,4.0185895858009379E-9,3.7219827433718109E-9],[3.6883473564760772E-9,3.9909039738209653E-9,4.0782126472911524E-9,4.1656772649719794E-9,4.0782126472911524E-9,3.9909039738209653E-9,3.6883473564760772E-9],[3.8649632608738906E-9,4.1652574516234219E-9,4.1656772649719794E-9,4.3278216423428852E-9,4.1656772649719794E-9,4.1652574516234219E-9,3.8649632608738906E-9],[3.6883473564760772E-9,3.9909039738209653E-9,4.0782126472911524E-9,4.1656772649719794E-9,4.0782126472911524E-9,3.9909039738209653E-9,3.6883473564760772E-9],[3.7219827433718109E-9,4.0185895858009379E-9,3.9909039738209653E-9,4.1652574516234219E-9,3.9909039738209653E-9,4.0185895858009379E-9,3.7219827433718109E-9],[3.4260414535473239E-9,3.7219827433718109E-9,3.6883473564760772E-9,3.8649632608738906E-9,3.6883473564760772E-9,3.7219827433718109E-9,3.4260414535473239E-9]],[[3.6049357386762308E-9,3.9052976624003769E-9,3.8711795427207193E-9,4.0504714401152575E-9,3.8711795427207193E-9,3.9052976624003769E-9,3.6049357386762308E-9],[3.9052976624003769E-9,4.2061179833551765E-9,4.1780550505626876E-9,4.3549168142509636E-9,4.1780550505626876E-9,4.2061179833551765E-9,3.9052976624003769E-9],[3.8711795427207193E-9,4.1780550505626876E-9,4.2666098696330011E-9,4.3553227371459643E-9,4.2666098696330011E-9,4.1780550505626876E-9,3.8711795427207193E-9],[4.0504714401152575E-9,4.3549168142509636E-9,4.3553227371459643E-9,4.5197625360511289E-9,4.3553227371459643E-9,4.3549168142509636E-9,4.0504714401152575E-9],[3.8711795427207193E-9,4.1780550505626876E-9,4.2666098696330011E-9,4.3553227371459643E-9,4.2666098696330011E-9,4.1780550505626876E-9,3.8711795427207193E-9],[3.9052976624003769E-9,4.2061179833551765E-9,4.1780550505626876E-9,4.3549168142509636E-9,4.1780550505626876E-9,4.2061179833551765E-9,3.9052976624003769E-9],[3.6049357386762308E-9,3.9052976624003769E-9,3.8711795427207193E-9,4.0504714401152575E-9,3.8711795427207193E-9,3.9052976624003769E-9,3.6049357386762308E-9]],[[3.7864633367659395E-9,4.0911839526846212E-9,4.0565884709210271E-9,4.2385162792390972E-9,4.0565884709210271E-9,4.0911839526846212E-9,3.7864633367659395E-9],[4.0911839526846212E-9,4.3961729791154124E-9,4.3677355805803336E-9,4.5470767908134469E-9,4.3677355805803336E-9,4.3961729791154124E-9,4.0911839526846212E-9],[4.0565884709210271E-9,4.3677355805803336E-9,4.457522902416754E-9,4.5474703620039378E-9,4.457522902416754E-9,4.3677355805803336E-9,4.0565884709210271E-9],[4.2385162792390972E-9,4.5470767908134469E-9,4.5474703620039378E-9,4.7141817649277522E-9,4.5474703620039378E-9,4.5470767908134469E-9,4.2385162792390972E-9],[4.0565884709210271E-9,4.3677355805803336E-9,4.457522902416754E-9,4.5474703620039378E-9,4.457522902416754E-9,4.3677355805803336E-9,4.0565884709210271E-9],[4.0911839526846212E-9,4.3961729791154124E-9,4.3677355805803336E-9,4.5470767908134469E-9,4.3677355805803336E-9,4.3961729791154124E-9,4.0911839526846212E-9],[3.7864633367659395E-9,4.0911839526846212E-9,4.0565884709210271E-9,4.2385162792390972E-9,4.0565884709210271E-9,4.0911839526846212E-9,3.7864633367659395E-9]],[[3.9705898926508911E-9,4.2796164607503969E-9,4.2445481207914072E-9,4.4290775863263805E-9,4.2445481207914072E-9,4.2796164607503969E-9,3.9705898926508911E-9],[4.2796164607503969E-9,4.5887368089174341E-9,4.5599272518369282E-9,4.741723680934185E-9,4.5599272518369282E-9,4.5887368089174341E-9,4.2796164607503969E-9],[4.2445481207914072E-9,4.5599272518369282E-9,4.6509356578328933E-9,4.7421062789483381E-9,4.6509356578328933E-9,4.5599272518369282E-9,4.2445481207914072E-9],[4.4290775863263805E-9,4.741723680934185E-9,4.7421062789483381E-9,4.9110694373109079E-9,4.7421062789483381E-9,4.741723680934185E-9,4.4290775863263805E-9],[4.2445481207914072E-9,4.5599272518369282E-9,4.6509356578328933E-9,4.7421062789483381E-9,4.6509356578328933E-9,4.5599272518369282E-9,4.2445481207914072E-9],[4.2796164607503969E-9,4.5887368089174341E-9,4.5599272518369282E-9,4.741723680934185E-9,4.5599272518369282E-9,4.5887368089174341E-9,4.2796164607503969E-9],[3.9705898926508911E-9,4.2796164607503969E-9,4.2445481207914072E-9,4.4290775863263805E-9,4.2445481207914072E-9,4.2796164607503969E-9,3.9705898926508911E-9]],[[4.1572862872053323E-9,4.4705743377524751E-9,4.4350368633135388E-9,4.6221389664069012E-9,4.4350368633135388E-9,4.4705743377524751E-9,4.1572862872053323E-9],[4.4705743377524751E-9,4.7837952833891761E-9,4.7546153796132E-9,4.9388469525020927E-9,4.7546153796132E-9,4.7837952833891761E-9,4.4705743377524751E-9],[4.4350368633135388E-9,4.7546153796132E-9,4.8468354550148387E-9,4.9392198136644606E-9,4.8468354550148387E-9,4.7546153796132E-9,4.4350368633135388E-9],[4.6221389664069012E-9,4.9388469525020927E-9,4.9392198136644606E-9,5.11041845660228E-9,4.9392198136644606E-9,4.9388469525020927E-9,4.6221389664069012E-9],[4.4350368633135388E-9,4.7546153796132E-9,4.8468354550148387E-9,4.9392198136644606E-9,4.8468354550148387E-9,4.7546153796132E-9,4.4350368633135388E-9],[4.4705743377524751E-9,4.7837952833891761E-9,4.7546153796132E-9,4.9388469525020927E-9,4.7546153796132E-9,4.7837952833891761E-9,4.4705743377524751E-9],[4.1572862872053323E-9,4.4705743377524751E-9,4.4350368633135388E-9,4.6221389664069012E-9,4.4350368633135388E-9,4.4705743377524751E-9,4.1572862872053323E-9]],[[4.3465281104693588E-9,4.6640406169603435E-9,4.6280370282687737E-9,4.8176874559807856E-9,4.6280370282687737E-9,4.6640406169603435E-9,4.3465281104693588E-9],[4.6640406169603435E-9,4.9813374458247E-9,4.9517885585934395E-9,5.1384389446422606E-9,4.9517885585934395E-9,4.9813374458247E-9,4.6640406169603435E-9],[4.6280370282687737E-9,4.9517885585934395E-9,5.0452126964799931E-9,5.1388031789474253E-9,5.0452126964799931E-9,4.9517885585934395E-9,4.6280370282687737E-9],[4.8176874559807856E-9,5.1384389446422606E-9,5.1388031789474253E-9,5.3122242651867227E-9,5.1388031789474253E-9,5.1384389446422606E-9,4.8176874559807856E-9],[4.6280370282687737E-9,4.9517885585934395E-9,5.0452126964799931E-9,5.1388031789474253E-9,5.0452126964799931E-9,4.9517885585934395E-9,4.6280370282687737E-9],[4.6640406169603435E-9,4.9813374458247E-9,4.9517885585934395E-9,5.1384389446422606E-9,4.9517885585934395E-9,4.9813374458247E-9,4.6640406169603435E-9],[4.3465281104693588E-9,4.6640406169603435E-9,4.6280370282687737E-9,4.8176874559807856E-9,4.6280370282687737E-9,4.6640406169603435E-9,4.3465281104693588E-9]],[[4.5382951935714762E-9,4.8600018375892426E-9,4.8235345194220821E-9,5.0157131971554429E-9,4.8235345194220821E-9,4.8600018375892426E-9,4.5382951935714762E-9],[4.8600018375892426E-9,5.18135526694593E-9,5.151438352558334E-9,5.3404946022656136E-9,5.1514383