{"M_cells":[[[0,0,0,0,0],[0,0,0,0,0],[0,0,0,0,0],[0,0,0,0,0],[0,0,0,0,0]],[[0.00040332943883405597,0.00096529124507996409,0.0011323328922830998,0.00096529124507996409,0.00040332943883405597],[0.00096529124507996409,0.001939187442701698,0.0022369602089063814,0.001939187442701698,0.00096529124507996409],[0.0011323328922830998,0.0022369602089063814,0.0025783097070588507,0.0022369602089063814,0.0011323328922830998],[0.00096529124507996409,0.001939187442701698,0.0022369602089063814,0.001939187442701698,0.00096529124507996409],[0.00040332943883405597,0.00096529124507996409,0.0011323328922830998,0.00096529124507996409,0.00040332943883405597]],[[0.0020443503331924275,0.0032679456216463312,0.003650995050994788,0.0032679456216463312,0.0020443503331924275],[0.0032679456216463312,0.0047800397788012976,0.0052648674725398114,0.0047800397788012976,0.0032679456216463312],[0.003650995050994788,0.0052648674725398114,0.0057836239239416453,0.0052648674725398114,0.0036509950509947884],[0.0032679456216463312,0.0047800397788012976,0.0052648674725398114,0.0047800397788012976,0.0032679456216463312],[0.0020443503331924275,0.0032679456216463312,0.0036509950509947884,0.0032679456216463312,0.0020443503331924275]],[[0.0046562037406246053,0.0062963935534138147,0.0068250485595233472,0.0062963935534138147,0.0046562037406246053],[0.0062963935534138147,0.008096102224242412,0.0086863654071840275,0.008096102224242412,0.0062963935534138147],[0.0068250485595233472,0.0086863654071840275,0.0092971667674899786,0.0086863654071840275,0.0068250485595233472],[0.0062963935534138147,0.008096102224242412,0.0086863654071840275,0.008096102224242412,0.0062963935534138147],[0.0046562037406246053,0.0062963935534138147,0.0068250485595233472,0.0062963935534138147,0.0046562037406246053]],[[0.0078380846086357724,0.0097096880114746747,0.010322582803212214,0.0097096880114746747,0.0078380846086357724],[0.0097096880114746747,0.011660797811039807,0.012307939811716091,0.011660797811039807,0.0097096880114746747],[0.010322582803212214,0.012307939811716091,0.012966498837947267,0.012307939811716091,0.010322582803212214],[0.0097096880114746747,0.011660797811039807,0.012307939811716091,0.011660797811039807,0.0097096880114746747],[0.0078380846086357724,0.0097096880114746747,0.010322582803212214,0.0097096880114746747,0.0078380846086357724]],[[0.011329796301282712,0.01332481109192611,0.013983668254192708,0.01332481109192611,0.011329796301282712],[0.01332481109192611,0.015355043827186903,0.016032262555972825,0.015355043827186903,0.01332481109192611],[0.013983668254192708,0.016032262555972825,0.01671560252513862,0.016032262555972825,0.013983668254192708],[0.01332481109192611,0.015355043827186903,0.016032262555972825,0.015355043827186903,0.01332481109192611],[0.011329796301282712,0.01332481109192611,0.013983668254192708,0.01332481109192611,0.011329796301282712]],[[0.014985404323873873,0.017045220838498444,0.017728511788303567,0.017045220838498444,0.014985404323873873],[0.017045220838498444,0.01911665960204334,0.019809632039440181,0.01911665960204334,0.017045220838498444],[0.017728511788303567,0.019809632039440181,0.020505832024762558,0.019809632039440181,0.017728511788303567],[0.017045220838498444,0.01911665960204334,0.019809632039440181,0.01911665960204334,0.017045220838498444],[0.014985404323873873,0.017045220838498444,0.017728511788303567,0.017045220838498444,0.014985404323873875]],[[0.018726788676990094,0.0208204155152493,0.021516537663991451,0.0208204155152493,0.018726788676990094],[0.0208204155152493,0.022913278572624329,0.023614464945428605,0.022913278572624329,0.0208204155152493],[0.021516537663991451,0.023614464945428605,0.024317339596133296,0.023614464945428605,0.021516537663991451],[0.0208204155152493,0.022913278572624329,0.023614464945428605,0.022913278572624329,0.0208204155152493],[0.018726788676990094,0.0208204155152493,0.021516537663991451,0.0208204155152493,0.018726788676990094]],[[0.022512864107706868,0.02462408352640167,0.025326904419026304,0.02462408352640167,0.022512864107706868],[0.02462408352640167,0.026728077454774041,0.027433537201305619,0.026728077454774041,0.02462408352640167],[0.025326904419026304,0.027433537201305619,0.028139876672001518,0.027433537201305619,0.025326904419026304],[0.02462408352640167,0.026728077454774041,0.027433537201305619,0.026728077454774041,0.02462408352640167],[0.022512864107706868,0.02462408352640167,0.025326904419026304,0.02462408352640167,0.022512864107706868]],[[0.026322179438436785,0.028442541774130116,0.029148849900004579,0.028442541774130116,0.026322179438436785],[0.028442541774130116,0.030552316250542149,0.031259996793001871,0.030552316250542149,0.028442541774130116],[0.029148849900004579,0.031259996793001871,0.031968134862844312,0.031259996793001871,0.029148849900004579],[0.028442541774130116,0.030552316250542149,0.031259996793001871,0.030552316250542149,0.028442541774130116],[0.026322179438436785,0.028442541774130116,0.029148849900004579,0.028442541774130116,0.026322179438436785]],[[0.030143568582670845,0.032268679028293286,0.032976799751391485,0.032268679028293286,0.030143568582670845],[0.032268679028293286,0.034381453447832826,0.035090287031539644,0.034381453447832826,0.032268679028293286],[0.032976799751391485,0.035090287031539644,0.035799358263978891,0.035090287031539644,0.032976799751391485],[0.032268679028293286,0.034381453447832826,0.035090287031539644,0.034381453447832826,0.032268679028293286],[0.030143568582670845,0.032268679028293286,0.032976799751391485,0.032268679028293286,0.030143568582670845]],[[0.033971225201590169,0.036098798616655464,0.036807860169990068,0.036098798616655464,0.033971225201590169],[0.036098798616655464,0.038213126811179304,0.038922557960492592,0.038213126811179304,0.036098798616655464],[0.036807860169990068,0.038922557960492592,0.039632112323097525,0.038922557960492592,0.036807860169990068],[0.036098798616655464,0.038213126811179304,0.038922557960492592,0.038213126811179304,0.036098798616655464],[0.033971225201590169,0.036098798616655464,0.036807860169990068,0.036098798616655464,0.033971225201590169]],[[0.037802129336794645,0.039930976484561141,0.040640525033519261,0.039930976484561141,0.037802129336794645],[0.039930976484561141,0.042046104822268594,0.0427558441499402,0.042046104822268594,0.039930976484561141],[0.040640525033519261,0.0427558441499402,0.043465647077906455,0.0427558441499402,0.040640525033519261],[0.039930976484561141,0.042046104822268594,0.0427558441499402,0.042046104822268594,0.039930976484561141],[0.037802129336794645,0.039930976484561141,0.040640525033519261,0.039930976484561141,0.037802129336794645]],[[0.041634707870053668,0.043764208321378041,0.044474007184307884,0.043764208321378041,0.041634707870053668],[0.043764208321378041,0.045879742409512987,0.046589638621350148,0.045879742409512987,0.043764208321378041],[0.044474007184307884,0.046589638621350148,0.047299567286434564,0.046589638621350148,0.044474007184307884],[0.043764208321378041,0.045879742409512987,0.046589638621350148,0.045879742409512987,0.043764208321378041],[0.041634707870053668,0.043764208321378041,0.044474007184307884,0.043764208321378041,0.041634707870053668]],[[0.045468138428299713,0.047597966800669522,0.048307892002486648,0.047597966800669522,0.045468138428299713],[0.047597966800669522,0.049713698486428141,0.050423671902943418,0.049713698486428141,0.047597966800669522],[0.048307892002486648,0.050423671902943418,0.051133661392657334,0.050423671902943418,0.048307892002486648],[0.047597966800669522,0.049713698486428141,0.050423671902943418,0.049713698486428141,0.047597966800669522],[0.045468138428299713,0.047597966800669522,0.048307892002486648,0.047597966800669522,0.045468138428299713]],[[0.049301987938428757,0.051431971778929317,0.052141957787138926,0.051431971778929317,0.049301987938428757],[0.051431971778929317,0.053547789362838528,0.054257797406744156,0.053547789362838528,0.051431971778929317],[0.052141957787138926,0.054257797406744156,0.054967812796469555,0.054257797406744156,0.052141957787138926],[0.051431971778929317,0.053547789362838528,0.054257797406744156,0.053547789362838528,0.051431971778929317],[0.049301987938428757,0.051431971778929317,0.052141957787138926,0.051431971778929317,0.049301987938428757]],[[0.053136025006886023,0.055266071025625932,0.055976082573826143,0.055266071025625932,0.053136025006886023],[0.055266071025625932,0.057381912657780296,0.058091931938308645,0.057381912657780296,0.055266071025625932],[0.055976082573826143,0.058091931938308645,0.058801953796306844,0.058091931938308645,0.055976082573826143],[0.055266071025625932,0.057381912657780296,0.058091931938308645,0.057381912657780296,0.055266071025625932],[0.053136025006886023,0.055266071025625932,0.055976082573826143,0.055266071025625932,0.053136025006886023]],[[0.056970122531390263,0.059100178308135791,0.059810195767119573,0.059100178308135791,0.056970122531390263],[0.059100178308135791,0.061216007790088046,0.061926024800835741,0.061216007790088046,0.059100178308135791],[0.059810195767119573,0.061926024800835741,0.062636041661888325,0.061926024800835741,0.059810195767119573],[0.059100178308135791,0.061216007790088046,0.061926024800835741,0.061216007790088039,0.059100178308135791],[0.056970122531390263,0.059100178308135791,0.059810195767119573,0.059100178308135791,0.056970122531390263]],[[0.060804207136979156,0.062934241233768978,0.06364425301434308,0.062934241233768978,0.060804207136979156],[0.062934241233768978,0.065050035444190413,0.06576004173016621,0.065050035444190413,0.062934241233768978],[0.06364425301434308,0.06576004173016621,0.066470046184144455,0.06576004173016621,0.06364425301434308],[0.062934241233768978,0.065050035444190413,0.06576004173016621,0.065050035444190413,0.062934241233768978],[0.060804207136979156,0.062934241233768978,0.06364425301434308,0.062934241233768978,0.060804207136979156]],[[0.064638232905928072,0.066768224528381839,0.067478223132738671,0.066768224528381839,0.064638232905928072],[0.066768224528381839,0.068883966878017316,0.069593956521096081,0.068883966878017316,0.066768224528381839],[0.067478223132738671,0.069593956521096081,0.0703039431765007,0.069593956521096081,0.067478223132738671],[0.066768224528381839,0.068883966878017316,0.069593956521096081,0.068883966878017316,0.066768224528381839],[0.064638232905928072,0.066768224528381839,0.067478223132738671,0.066768224528381839,0.064638232905928072]],[[0.068472167709823242,0.070602101321120062,0.071312081286855025,0.070602101321120062,0.068472167709823242],[0.070602101321120062,0.072717778334292327,0.07342774664101992,0.072717778334292327,0.070602101321120062],[0.071312081286855025,0.07342774664101992,0.074137711060745987,0.07342774664101992,0.071312081286855025],[0.070602101321120062,0.072717778334292327,0.07342774664101992,0.072717778334292327,0.070602101321120062],[0.068472167709823242,0.070602101321120062,0.071312081286855025,0.070602101321120062,0.068472167709823242]],[[0.072305986077146139,0.074435848579926009,0.075145805405498936,0.074435848579926009,0.072305986077146139],[0.074435848579926009,0.076551448096439476,0.077261390909080019,0.076551448096439476,0.074435848579926009],[0.075145805405498936,0.077261390909080019,0.077971329050007726,0.077261390909080019,0.075145805405498936],[0.074435848579926009,0.076551448096439476,0.077261390909080019,0.076551448096439476,0.074435848579926009],[0.072305986077146139,0.074435848579926009,0.075145805405498936,0.074435848579926009,0.072305986077146139]],[[0.0761396654485504,0.078269444697321944,0.078979374276113082,0.078269444697321944,0.0761396654485504],[0.078269444697321944,0.080384954913202328,0.081094868243515361,0.080384954913202328,0.078269444697321944],[0.078979374276113082,0.081094868243515361,0.0818047761568699,0.081094868243515361,0.078979374276113082],[0.078269444697321944,0.080384954913202328,0.081094868243515361,0.080384954913202328,0.078269444697321944],[0.0761396654485504,0.078269444697321944,0.078979374276113082,0.078269444697321944,0.0761396654485504]],[[0.0799731841863816,0.082102868188260417,0.0828127665058968,0.082102868188260417,0.0799731841863816],[0.082102868188260417,0.084218277129705518,0.084928156959506979,0.084218277129705518,0.082102868188260417],[0.0828127665058968,0.084928156959506979,0.085638030625834444,0.084928156959506979,0.0828127665058968],[0.082102868188260417,0.084218277129705518,0.084928156959506979,0.084218277129705518,0.082102868188260417],[0.0799731841863816,0.082102868188260417,0.0828127665058968,0.082102868188260417,0.0799731841863816]],[[0.083806520490697312,0.085936096961222369,0.0866459599287643,0.085936096961222369,0.083806520490697312],[0.085936096961222369,0.0880513921811367,0.0887612343486591,0.0880513921811367,0.085936096961222369],[0.0866459599287643,0.0887612343486591,0.089471069581914378,0.0887612343486591,0.0866459599287643],[0.085936096961222369,0.0880513921811367,0.0887612343486591,0.0880513921811367,0.085936096961222369],[0.083806520490697312,0.085936096961222369,0.0866459599287643,0.085936096961222369,0.083806520490697312]],[[0.087639651781732872,0.089769107882603311,0.090478931239496685,0.089769107882603311,0.087639651781732872],[0.089769107882603311,0.091884276270281492,0.092594076400278835,0.091884276270281492,0.089769107882603311],[0.090478931239496685,0.092594076400278835,0.093303868786981492,0.092594076400278835,0.090478931239496685],[0.089769107882603311,0.091884276270281492,0.092594076400278835,0.091884276270281492,0.089769107882603311],[0.087639651781732872,0.089769107882603311,0.090478931239496685,0.089769107882603311,0.087639651781732872]],[[0.091472554320100985,0.093601876488892913,0.094311655741297559,0.093601876488892913,0.091472554320100985],[0.093601876488892913,0.095716904135876815,0.0964266575915792,0.095716904135876815,0.093601876488892913],[0.094311655741297559,0.0964266575915792,0.097136402447311573,0.0964266575915792,0.094311655741297559],[0.093601876488892913,0.095716904135876815,0.0964266575915792,0.095716904135876815,0.093601876488892913],[0.091472554320100985,0.093601876488892913,0.094311655741297559,0.093601876488892913,0.091472554320100985]],[[0.095305202945791159,0.097434376770725153,0.098144107147340731,0.097434376770725153,0.095305202945791159],[0.097434376770725153,0.099549248863078657,0.10025895070857992,0.099549248863078657,0.097434376770725153],[0.098144107147340731,0.10025895070857992,0.1009686430425617,0.10025895070857992,0.098144107147340731],[0.097434376770725153,0.099549248863078657,0.10025895070857992,0.099549248863078657,0.097434376770725153],[0.095305202945791159,0.097434376770725153,0.098144107147340731,0.097434376770725153,0.095305202945791159]],[[0.099137570873864045,0.1012665809891318,0.10197625740515101,0.1012665809891318,0.099137570873864045],[0.1012665809891318,0.10338128171046777,0.10409092667754077,0.10338128171046777,0.1012665809891318],[0.10197625740515101,0.10409092667754077,0.10480056116039888,0.10409092667754077,0.10197625740515101],[0.1012665809891318,0.10338128171046777,0.10409092667754077,0.10338128171046777,0.1012665809891318],[0.099137570873864045,0.1012665809891318,0.10197625740515101,0.1012665809891318,0.099137570873864045]],[[0.10296962951422793,0.10509845950288654,0.10580807652714627,0.10509845950288654,0.10296962951422793],[0.10509845950288654,0.10721297193978545,0.10792255439593507,0.10721297193978545,0.10509845950288654],[0.10580807652714627,0.10792255439593507,0.10863212532805723,0.10792255439593507,0.10580807652714627],[0.10509845950288654,0.10721297193978545,0.10792255439593507,0.10721297193978545,0.10509845950288654],[0.10296962951422793,0.10509845950288654,0.10580807652714627,0.10509845950288654,0.10296962951422793]],[[0.10680134829817084,0.10892998059565095,0.1096395324183544,0.10892998059565095,0.10680134829817084],[0.10892998059565095,0.11104428664088074,0.11175380055689584,0.11104428664088074,0.10892998059565095],[0.1096395324183544,0.11175380055689584,0.11246330183592546,0.11175380055689584,0.1096395324183544],[0.10892998059565095,0.11104428664088074,0.11175380055689584,0.11104428664088074,0.10892998059565095],[0.10680134829817084,0.10892998059565095,0.1096395324183544,0.10892998059565095,0.10680134829817084]],[[0.11063269450215328,0.11276111029649323,0.11347059069603073,0.11276111029649323,0.11063269450215328],[0.11276111029649323,0.11487519054737033,0.11558462946337648,0.11487519054737033,0.11276111029649323],[0.11347059069603073,0.11558462946337648,0.11629405455001016,0.11558462946337648,0.11347059069603073],[0.11276111029649323,0.11487519054737033,0.11558462946337648,0.11487519054737033,0.11276111029649323],[0.11063269450215328,0.11276111029649323,0.11347059069603073,0.11276111029649323,0.11063269450215328]],[[0.11446363306349144,0.11659181219000006,0.11730121449803568,0.11659181219000006,0.11446363306349144],[0.11659181219000006,0.11870564584022182,0.11941500282962682,0.11870564584022182,0.11659181219000006],[0.11730121449803568,0.11941500282962682,0.12012434471117832,0.11941500282962682,0.11730121449803568],[0.11659181219000006,0.11870564584022182,0.11941500282962682,0.11870564584022182,0.11659181219000006],[0.11446363306349144,0.11659181219000006,0.11730121449803568,0.11659181219000006,0.11446363306349144]],[[0.1182941263845714,0.12042204721342369,0.12113136427768861,0.12042204721342369,0.1182941263845714],[0.12042204721342369,0.12253561193718891,0.12324487956809158,0.12253561193718891,0.12042204721342369],[0.12113136427768861,0.12324487956809158,0.12395413071944002,0.12324487956809158,0.12113136427768861],[0.12042204721342369,0.12253561193718891,0.12324487956809158,0.12253561193718891,0.12042204721342369],[0.1182941263845714,0.12042204721342369,0.12113136427768861,0.12042204721342369,0.1182941263845714]],[[0.12212413412332555,0.12425177343898575,0.12496099758340454,0.12425177343898575,0.12212413412332555],[0.12425177343898575,0.1263650452664557,0.12707421556019216,0.1263650452664557,0.12425177343898575],[0.12496099758340454,0.12707421556019216,0.12778336790180117,0.12707421556019216,0.12496099758340454],[0.12425177343898575,0.1263650452664557,0.12707421556019216,0.1263650452664557,0.12425177343898575],[0.12212413412332555,0.12425177343898575,0.12496099758340454,0.12425177343898575,0.12212413412332555]],[[0.12595361296813434,0.12808094583969895,0.12879006882151681,0.12808094583969895,0.12595361296813434],[0.12808094583969895,0.13019389902294429,0.13090296340947633,0.13019389902294429,0.12808094583969895],[0.12879006882151681,0.13090296340947633,0.13161200826220229,0.13090296340947633,0.12879006882151681],[0.12808094583969895,0.13019389902294429,0.13090296340947633,0.13019389902294429,0.12808094583969895],[0.12595361296813434,0.12808094583969895,0.12879006882151681,0.12808094583969895,0.12595361296813434]],[[0.12978251639562174,0.13190951603719639,0.1326185290008394,0.13190951603719639,0.12978251639562174],[0.13190951603719639,0.13402212290581389,0.13473107217568425,0.13402212290581389,0.13190951603719639],[0.1326185290008394,0.13473107217568425,0.135440000212098,0.13473107217568425,0.1326185290008394],[0.13190951603719639,0.13402212290581389,0.13473107217568425,0.13402212290581389,0.13190951603719639],[0.12978251639562174,0.13190951603719639,0.1326185290008394,0.13190951603719639,0.12978251639562174]],[[0.13361079440977375,0.13573743203010988,0.13644632545747395,0.13573743203010988,0.13361079440977375],[0.13573743203010988,0.13784966283567157,0.13855848708824497,0.13784966283567157,0.13573743203010988],[0.13644632545747395,0.13855848708824497,0.13926728828018781,0.13855848708824497,0.13644632545747395],[0.13573743203010988,0.13784966283567157,0.13855848708824497,0.13784966283567157,0.13573743203010988],[0.13361079440977375,0.13573743203010988,0.13644632545747395,0.13573743203010988,0.13361079440977375]],[[0.13743839326093349,0.1395646379014194,0.14027340155833012,0.1395646379014194,0.13743839326093349],[0.1395646379014194,0.14167646064990483,0.14238514923761023,0.14167646064990483,0.1395646379014194],[0.14027340155833012,0.14238514923761023,0.14309381279969977,0.14238514923761023,0.14027340155833012],[0.1395646379014194,0.14167646064990483,0.14238514923761023,0.14167646064990483,0.1395646379014194],[0.13743839326093349,0.1395646379014194,0.14027340155833012,0.1395646379014194,0.13743839326093349]],[[0.14126525514308727,0.14339107350323918,0.1440996963817737,0.14339107350323918,0.14126525514308727],[0.14339107350323918,0.145502453774555,0.14621099524283063,0.145502453774555,0.14339107350323918],[0.1440996963817737,0.14621099524283063,0.14691950957161062,0.14621099524283063,0.1440996963817737],[0.14339107350323918,0.145502453774555,0.14621099524283063,0.145502453774555,0.14339107350323918],[0.14126525514308727,0.14339107350323918,0.1440996963817737,0.14339107350323918,0.14126525514308727]],[[0.14509131786781332,0.14721667411737674,0.14792514437373525,0.14721667411737674,0.14509131786781332],[0.14721667411737674,0.14932757487103404,0.15003595689366009,0.14932757487103404,0.14721667411737674],[0.14792514437373525,0.15003595689366009,0.15074430950208853,0.15003595689366009,0.14792514437373525],[0.14721667411737674,0.14932757487103404,0.15003595689366009,0.14932757487103404,0.14721667411737674],[0.14509131786781332,0.14721667411737674,0.14792514437373525,0.14721667411737674,0.14509131786781332]],[[0.1489165145132588,0.15104137008988622,0.1517496749775806,0.15104137008988622,0.1489165145132588],[0.15104137008988622,0.15315175145589358,0.15385996076541289,0.15315175145589358,0.15104137008988622],[0.1517496749775806,0.15385996076541289,0.15456813821235976,0.15385996076541289,0.1517496749775806],[0.15104137008988622,0.15315175145589358,0.15385996076541289,0.15315175145589358,0.15104137008988622],[0.1489165145132588,0.15104137008988622,0.1517496749775806,0.15104137008988622,0.1489165145132588]],[[0.15274077304635017,0.15486508643802122,0.1555732122358697,0.15486508643802122,0.15274077304635017],[0.15486508643802122,0.15697490549195084,0.15768292780479898,0.15697490549195084,0.15486508643802122],[0.1555732122358697,0.15768292780479898,0.15839091561922086,0.15768292780479898,0.1555732122358697],[0.15486508643802122,0.15697490549195084,0.15768292780479898,0.15697490549195084,0.15486508643802122],[0.15274077304635017,0.15486508643802122,0.1555732122358697,0.15486508643802122,0.15274077304635017]],[[0.15656401591651792,0.15868774242752373,0.15939567436232943,0.15868774242752373,0.15656401591651792],[0.15868774242752373,0.16079695294878929,0.16150477288484635,0.16079695294878929,0.15868774242752373],[0.15939567436232943,0.16150477288484635,0.16221255548429603,0.16150477288484635,0.15939567436232943],[0.15868774242752373,0.16079695294878929,0.16150477288484635,0.16079695294878929,0.15868774242752373],[0.15656401591651792,0.15868774242752373,0.15939567436232943,0.15868774242752373,0.15656401591651792]],[[0.1603861596190076,0.16250925111857265,0.163216973282007,0.16250925111857265,0.1603861596190076],[0.16250925111857265,0.16461780333085702,0.16532540432704279,0.16461780333085702,0.16250925111857265],[0.163216973282007,0.16532540432704279,0.16603296493016842,0.16532540432704279,0.163216973282007],[0.16250925111857265,0.16461780333085702,0.16532540432704279,0.16461780333085702,0.16250925111857265],[0.1603861596190076,0.16250925111857265,0.163216973282007,0.16250925111857265,0.1603861596190076]],[[0.1642071142259702,0.1663295188784687,0.16703701413786021,0.1663295188784687,0.1642071142259702],[0.1663295188784687,0.16843735917128974,0.16914472338887077,0.16843735917128974,0.1663295188784687],[0.16703701413786021,0.16914472338887077,0.1698520439215622,0.16914472338887077,0.16703701413786021],[0.1663295188784687,0.16843735917128974,0.16914472338887077,0.16843735917128974,0.1663295188784687],[0.1642071142259702,0.1663295188784687,0.16703701413786021,0.1663295188784687,0.1642071142259702]],[[0.16802678288351272,0.17014844485922881,0.17085569476192852,0.17014844485922881,0.16802678288351272],[0.17014844485922881,0.17225551548965459,0.17296262371493024,0.17225551548965459,0.17014844485922881],[0.17085569476192852,0.17296262371493024,0.17366968470977809,0.17296262371493024,0.17085569476192852],[0.17014844485922881,0.17225551548965459,0.17296262371493024,0.17225551548965459,0.17014844485922881],[0.16802678288351272,0.17014844485922881,0.17085569476192852,0.17014844485922881,0.16802678288351272]],[[0.17184506127283594,0.173965920438334,0.17467290510927844,0.173965920438334,0.17184506127283594],[0.173965920438334,0.17607215921189345,0.17677899074993114,0.17607215921189345,0.173965920438334],[0.17467290510927844,0.17677899074993114,0.17748577123868645,0.17677899074993114,0.17467290510927844],[0.173965920438334,0.17607215921189345,0.17677899074993114,0.17607215921189345,0.173965920438334],[0.17184506127283594,0.173965920438334,0.17467290510927844,0.173965920438334,0.17184506127283594]],[[0.17566183703384902,0.17778182862101247,0.17848852665326179,0.17778182862101247,0.17566183703384902],[0.17778182862101247,0.17988716855097636,0.18059370111212908,0.17988716855097636,0.17778182862101247],[0.17848852665326179,0.18059370111212908,0.18130017851088048,0.18059370111212908,0.17848852665326179],[0.17778182862101247,0.17988716855097636,0.18059370111212908,0.17988716855097636,0.17778182862101247],[0.17566183703384902,0.17778182862101247,0.17848852665326179,0.17778182862101247,0.17566183703384902]],[[0.17947698914965965,0.18159604340264293,0.18230243174055061,0.18159604340264293,0.17947698914965965],[0.18159604340264293,0.18370041234694579,0.18440662192588725,0.18370041234694579,0.18159604340264293],[0.18230243174055061,0.18440662192588725,0.18511277191271708,0.18440662192588725,0.18230243174055061],[0.18159604340264293,0.18370041234694579,0.18440662192588725,0.18370041234694579,0.18159604340264293],[0.17947698914965965,0.18159604340264293,0.18230243174055061,0.18159604340264293,0.17947698914965965]],[[0.18329038729072117,0.18540842909018074,0.18611448290500326,0.18540842909018074,0.18329038729072117],[0.18540842909018074,0.18751174936546922,0.18821761011257332,0.18751174936546922,0.18540842909018074],[0.18611448290500326,0.18821761011257332,0.18892340649752809,0.18821761011257332,0.18611448290500326],[0.18540842909018074,0.18751174936546922,0.18821761011257332,0.18751174936546922,0.18540842909018074],[0.18329038729072117,0.18540842909018074,0.18611448290500326,0.18540842909018074,0.18329038729072117]],[[0.18710189111761441,0.18921883958175847,0.18992453213961827,0.18921883958175847,0.18710189111761441],[0.18921883958175847,0.19132102755432559,0.19202651163930537,0.19132102755432559,0.18921883958175847],[0.18992453213961827,0.19202651163930537,0.19273192622659183,0.19202651163930537,0.18992453213961827],[0.18921883958175847,0.19132102755432559,0.19202651163930537,0.19132102755432559,0.18921883958175847],[0.18710189111761441,0.18921883958175847,0.18992453213961827,0.18921883958175847,0.18710189111761441]],[[0.19091134954207581,0.19302711760451527,0.19373242012657088,0.19302711760451527,0.19091134954207581],[0.19302711760451527,0.19512808325817738,0.19583316072597579,0.19512808325817738,0.19302711760451527],[0.19373242012657088,0.19583316072597579,0.19653816316842465,0.19583316072597579,0.19373242012657088],[0.19302711760451527,0.19512808325817738,0.19583316072597579,0.19512808325817738,0.19302711760451527],[0.19091134954207581,0.19302711760451527,0.19373242012657088,0.19302711760451527,0.19091134954207581]],[[0.19471859994636656,0.19683309391101314,0.19753797542597559,0.19683309391101314,0.19471859994636656],[0.19683309391101314,0.19893274039248057,0.19963737901158396,0.19893274039248057,0.19683309391101314],[0.19753797542597559,0.19963737901158396,0.20034193665756525,0.19963737901158396,0.19753797542597559],[0.19683309391101314,0.19893274039248057,0.19963737901158396,0.19893274039248057,0.19683309391101314],[0.19471859994636656,0.19683309391101314,0.19753797542597559,0.19683309391101314,0.19471859994636656]],[[0.19852346736197557,0.20063658643576504,0.20134101362501045,0.20063658643576504,0.19852346736197557],[0.20063658643576504,0.202734809578597,0.20343897468212491,0.202734809578597,0.20063658643576504],[0.20134101362501045,0.20343897468212491,0.20414305241529304,0.20343897468212491,0.20134101362501045],[0.20063658643576504,0.202734809578597,0.20343897468212491,0.202734809578597,0.20063658643576504],[0.19852346736197557,0.20063658643576504,0.20134101362501045,0.20063658643576504,0.19852346736197557]],[[0.20232576360960414,0.20443739941448055,0.2051413364501751,0.20443739941448055,0.20232576360960414],[0.20443739941448055,0.2065340872434199,0.20723774156355185,0.2065340872434199,0.20443739941448055],[0.2051413364501751,0.20723774156355185,0.20794130163604124,0.20723774156355185,0.2051413364501751],[0.20443739941448055,0.2065340872434199,0.20723774156355185,0.2065340872434199,0.20443739941448055],[0.20232576360960414,0.20443739941448055,0.2051413364501751,0.20443739941448055,0.20232576360960414]],[[0.20612528640363817,0.208235322470003,0.20893873084697709,0.208235322470003,0.20612528640363817],[0.208235322470003,0.21033035468836245,0.21103345818497363,0.21033035468836245,0.208235322470003],[0.20893873084697709,0.21103345818497363,0.21173646004495383,0.21103345818497363,0.20893873084697709],[0.208235322470003,0.21033035468836245,0.21103345818497363,0.21033035468836245,0.208235322470003],[0.20612528640363817,0.208235322470003,0.20893873084697709,0.208235322470003,0.20612528640363817]],[[0.20992181842597546,0.21203012967076479,0.21273296803311265,0.21203012967076479,0.20992181842597546],[0.21203012967076479,0.21412337713457427,0.21482588681927531,0.21412337713457427,0.21203012967076479],[0.21273296803311265,0.21482588681927531,0.21552828693413845,0.21482588681927531,0.21273296803311265],[0.21203012967076479,0.21412337713457427,0.21482588681927531,0.21412337713457427,0.21203012967076479],[0.20992181842597546,0.21203012967076479,0.21273296803311265,0.21203012967076479,0.20992181842597546]],[[0.21371512637586412,0.21582157856954004,0.21652380253338743,0.21582157856954004,0.21371512637586412],[0.21582157856954004,0.21791290275344236,0.21861477251065675,0.21791290275344236,0.21582157856954004],[0.21652380253338743,0.21861477251065675,0.21931652418752981,0.21861477251065675,0.21652380253338743],[0.21582157856954004,0.21791290275344236,0.21861477251065675,0.21791290275344236,0.21582157856954004],[0.21371512637586412,0.21582157856954004,0.21652380253338743,0.21582157856954004,0.21371512637586412]],[[0.21750496000467864,0.21960940923289091,0.22031097120707938,0.21960940923289091,0.21750496000467864],[0.21960940923289091,0.22169866169422706,0.22239984210139058,0.22169866169422706,0.21960940923289091],[0.22031097120707938,0.22239984210139058,0.22310089530717345,0.22239984210139058,0.22031097120707938],[0.21960940923289091,0.22169866169422706,0.22239984210139058,0.22169866169422706,0.21960940923289091],[0.21750496000467864,0.21960940923289091,0.22031097120707938,0.21960940923289091,0.21750496000467864]],[[0.22129105114735037,0.22339334327440258,0.22409419228162158,0.22339334327440258,0.22129105114735037],[0.22339334327440258,0.22548036512371267,0.22618080327331694,0.22548036512371267,0.22339334327440258],[0.22409419228162158,0.22618080327331694,0.22688110445702989,0.22618080327331694,0.22409419228162158],[0.22339334327440258,0.22548036512371267,0.22618080327331694,0.22548036512371267,0.22339334327440258],[0.22129105114735037,0.22339334327440258,0.22409419228162158,0.22339334327440258,0.22129105114735037]],[[0.22507311276508407,0.22717308290852023,0.22787316440965241,0.22717308290852023,0.22507311276508407],[0.22717308290852023,0.22925770429656589,0.2299573436233231,0.22925770429656589,0.22717308290852023],[0.22787316440965241,0.2299573436233231,0.23065683554421054,0.2299573436233231,0.22787316440965241],[0.22717308290852023,0.22925770429656589,0.2299573436233231,0.22925770429656589,0.22717308290852023],[0.22507311276508407,0.22717308290852023,0.22787316440965241,0.22717308290852023,0.22507311276508407]],[[0.2288508380177377,0.2309483100451257,0.23164756577062817,0.2309483100451257,0.2288508380177377],[0.2309483100451257,0.23303034967883682,0.23372912979606797,0.23303034967883682,0.2309483100451257],[0.23164756577062817,0.23372912979606797,0.23442775136165478,0.23372912979606797,0.23164756577062817],[0.2309483100451257,0.23303034967883682,0.23372912979606797,0.23303034967883682,0.2309483100451257],[0.2288508380177377,0.2309483100451257,0.23164756577062817,0.2309483100451257,0.2288508380177377]],[[0.23262389938806549,0.2347186854495916,0.23541705324221265,0.2347186854495916,0.23262389938806549],[0.2347186854495916,0.23679795015168359,0.23749580670176035,0.23679795015168359,0.2347186854495916],[0.23541705324221265,0.23749580670176035,0.23819349282087049,0.23749580670176035,0.23541705324221265],[0.2347186854495916,0.23679795015168359,0.23749580670176035,0.23679795015168359,0.2347186854495916],[0.23262389938806549,0.2347186854495916,0.23541705324221265,0.2347186854495916,0.23262389938806549]],[[0.23639194788438778,0.238483847997275,0.23918126167143489,0.238483847997275,0.23639194788438778],[0.238483847997275,0.2405601323269021,0.24125699685148397,0.2405601323269021,0.238483847997275],[0.23918126167143489,0.24125699685148397,0.24195367830809356,0.24125699685148397,0.23918126167143489],[0.238483847997275,0.2405601323269021,0.24125699685148397,0.2405601323269021,0.238483847997275],[0.23639194788438778,0.238483847997275,0.23918126167143489,0.238483847997275,0.23639194788438778]],[[0.24015461235296628,0.24224341405631739,0.2429398032802523,0.24224341405631739,0.24015461235296628],[0.24224341405631739,0.24431650001074581,0.24501229984740613,0.24431650001074581,0.24224341405631739],[0.2429398032802523,0.24501229984740613,0.24570790320209798,0.24501229984740613,0.2429398032802523],[0.24224341405631739,0.24431650001074581,0.24501229984740613,0.24431650001074581,0.24224341405631739],[0.24015461235296628,0.24224341405631739,0.2429398032802523,0.24224341405631739,0.24015461235296628]],[[0.24391149893596328,0.24599697703741555,0.24669226724501483,0.24599697703741555,0.24391149893596328],[0.24599697703741555,0.24806663385727357,0.24876129206997186,0.24806663385727357,0.24599697703741555],[0.24669226724501483,0.24876129206997186,0.24945573959661868,0.24876129206997186,0.24669226724501483],[0.24599697703741555,0.24806663385727357,0.24876129206997186,0.24806663385727357,0.24599697703741555],[0.24391149893596328,0.24599697703741555,0.24669226724501483,0.24599697703741555,0.24391149893596328]],[[0.247662190715614,0.24974410715349596,0.25043821949372075,0.24974410715349596,0.247662190715614],[0.24974410715349596,0.2518100912565534,0.25250352660824044,0.2518100912565534,0.24974410715349596],[0.25043821949372075,0.25250352660824044,0.25319673627433842,0.25250352660824044,0.25043821949372075],[0.24974410715349596,0.2518100912565534,0.25250352660824044,0.2518100912565534,0.24974410715349596],[0.247662190715614,0.24974410715349596,0.25043821949372075,0.24974410715349596,0.247662190715614]],[[0.25140624758944519,0.253484351436452,0.2541772027688991,0.253484351436452,0.25140624758944519],[0.253484351436452,0.255546406506787,0.25623853348307563,0.255546406506787,0.253484351436452],[0.2541772027688991,0.25623853348307563,0.25693041898278346,0.25623853348307563,0.2541772027688991],[0.253484351436452,0.255546406506787,0.25623853348307563,0.255546406506787,0.253484351436452],[0.25140624758944519,0.253484351436452,0.2541772027688991,0.253484351436452,0.25140624758944519]],[[0.25514320642481997,0.2572172340607462,0.25790873700643624,0.2572172340607462,0.25514320642481997],[0.2572172340607462,0.25927509132136822,0.25996582021462761,0.25927509132136822,0.2572172340607462],[0.25790873700643624,0.25996582021462761,0.26065629106396565,0.25996582021462761,0.25790873700643624],[0.2572172340607462,0.25927509132136822,0.25996582021462761,0.25927509132136822,0.2572172340607462],[0.25514320642481997,0.2572172340607462,0.25790873700643624,0.2572172340607462,0.25514320642481997]],[[0.25887258154332515,0.26094225702526147,0.26163232008210208,0.26094225702526147,0.25887258154332515],[0.26094225702526147,0.26299563572248574,0.26368487278585256,0.26299563572248574,0.26094225702526147],[0.26163232008210208,0.26368487278585256,0.26437383448955692,0.26368487278585256,0.26163232008210208],[0.26094225702526147,0.26299563572248574,0.26368487278585256,0.26299563572248574,0.26094225702526147],[0.25887258154332515,0.26094225702526147,0.26163232008210208,0.26094225702526147,0.25887258154332515]],[[0.26259386558581282,0.26465890124368,0.26534742897594216,0.26465890124368,0.26259386558581282],[0.26465890124368,0.26670750937041304,0.26739515705086675,0.26670750937041304,0.26465890124368],[0.26534742897594216,0.26739515705086675,0.26808251135000416,0.26739515705086675,0.26534742897594216],[0.26465890124368,0.26670750937041304,0.26739515705086675,0.26670750937041304,0.26465890124368],[0.26259386558581282,0.26465890124368,0.26534742897594216,0.26465890124368,0.26259386558581282]],[[0.26630653080698469,0.26836662809051182,0.269053521400981,0.26836662809051182,0.26630653080698469],[0.26836662809051182,0.27041016337278956,0.27109612063155958,0.27041016337278956,0.26836662809051182],[0.269053521400981,0.27109612063155958,0.27178176584001468,0.27109612063155958,0.269053521400981],[0.26836662809051182,0.27041016337278956,0.27109612063155958,0.27041016337278956,0.26836662809051182],[0.26630653080698469,0.26836662809051182,0.269053521400981,0.26836662809051182,0.26630653080698469]],[[0.2700100308433584,0.27206488144279184,0.2727500379353644,0.27206488144279184,0.2700100308433584],[0.27206488144279184,0.27410303260922458,0.27478719533633195,0.27410303260922458,0.27206488144279184],[0.2727500379353644,0.27478719533633195,0.27547102677266533,0.27478719533633195,0.2727500379353644],[0.27206488144279184,0.27410303260922458,0.27478719533633195,0.27410303260922458,0.27206488144279184],[0.2700100308433584,0.27206488144279184,0.2727500379353644,0.27206488144279184,0.2700100308433584]],[[0.27370380298993263,0.27575309024718886,0.27643640468549652,0.27575309024718886,0.27370380298993263],[0.27575309024718886,0.27778553859397476,0.27846780012140093,0.27778553859397476,0.27575309024718886],[0.27643640468549652,0.27846780012140093,0.27914971064020055,0.27846780012140093,0.27643640468549652],[0.27575309024718886,0.27778553859397476,0.27846780012140093,0.27778553859397476,0.27575309024718886],[0.27370380298993263,0.27575309024718886,0.27643640468549652,0.27575309024718886,0.27370380298993263]],[[0.27738727100875737,0.27943067162749952,0.28011203649279276,0.27943067162749952,0.27738727100875737],[0.27943067162749952,0.28145709288260518,0.28213734459766282,0.28145709288260518,0.27943067162749952],[0.28011203649279276,0.28213734459766282,0.28281722522140873,0.28213734459766282,0.28011203649279276],[0.27943067162749952,0.28145709288260518,0.28213734459766282,0.28145709288260518,0.27943067162749952],[0.27738727100875737,0.27943067162749952,0.28011203649279276,0.27943067162749952,0.27738727100875737]],[[0.28105984847587157,0.28309703452917012,0.28377634067743396,0.28309703452917012,0.28105984847587157],[0.28309703452917012,0.28511710100806986,0.28579523306487559,0.28511710100806986,0.28309703452917012],[0.28377634067743396,0.28579523306487559,0.28647297371353581,0.28579523306487559,0.28377634067743396],[0.28309703452917012,0.28511710100806986,0.28579523306487559,0.28511710100806986,0.28309703452917012],[0.28105984847587157,0.28309703452917012,0.28377634067743396,0.28309703452917012,0.28105984847587157]],[[0.28472094265375925,0.2867515838756387,0.28742872128984043,0.2867515838756387,0.28472094265375925],[0.2867515838756387,0.28876496690804809,0.28944086903071115,0.28876496690804809,0.2867515838756387],[0.28742872128984043,0.28944086903071115,0.29011635934190416,0.28944086903071115,0.28742872128984043],[0.2867515838756387,0.28876496690804809,0.28944086903071115,0.28876496690804809,0.2867515838756387],[0.28472094265375925,0.2867515838756387,0.28742872128984043,0.2867515838756387,0.28472094265375925]],[[0.28836995885247463,0.29039372518653167,0.29106858381556211,0.29039372518653167,0.28836995885247463],[0.29039372518653167,0.292400