{"M_cells":[[[0,0,0,0,0,0,0],[0,0,0,0,0,0,0],[0,0,0,0,0,0,0],[0,0,0,0,0,0,0],[0,0,0,0,0,0,0],[0,0,0,0,0,0,0],[0,0,0,0,0,0,0]],[[2.8408366141748449E-9,1.6416365880206027E-8,1.4605369783933383E-8,2.136707203356707E-8,1.4605369783933383E-8,1.6416365880206027E-8,2.8408366141748449E-9],[1.6416365880206027E-8,6.9964682035746024E-8,6.3953171140941043E-8,9.0377939348122965E-8,6.3953171140941043E-8,6.9964682035746011E-8,1.6416365880206027E-8],[1.4605369783933383E-8,6.3953171140941043E-8,7.8514242770825871E-8,9.31548628190473E-8,7.8514242770825871E-8,6.3953171140941043E-8,1.4605369783933383E-8],[2.136707203356707E-8,9.0377939348122965E-8,9.31548628190473E-8,1.2291239435281742E-7,9.31548628190473E-8,9.0377939348122965E-8,2.136707203356707E-8],[1.4605369783933383E-8,6.3953171140941043E-8,7.8514242770825871E-8,9.31548628190473E-8,7.8514242770825871E-8,6.3953171140941043E-8,1.4605369783933383E-8],[1.6416365880206027E-8,6.9964682035746011E-8,6.3953171140941043E-8,9.0377939348122965E-8,6.3953171140941043E-8,6.9964682035746011E-8,1.6416365880206027E-8],[2.8408366141748449E-9,1.6416365880206027E-8,1.4605369783933383E-8,2.136707203356707E-8,1.4605369783933383E-8,1.6416365880206027E-8,2.8408366141748449E-9]],[[1.9967836846555202E-8,6.572931552389276E-8,5.9695797973324632E-8,8.3204005497190354E-8,5.9695797973324632E-8,6.572931552389276E-8,1.9967836846555202E-8],[6.572931552389276E-8,1.7282573494496367E-7,1.6095043161216003E-7,2.1586370319906462E-7,1.6095043161216003E-7,1.7282573494496367E-7,6.572931552389276E-8],[5.9695797973324632E-8,1.6095043161216003E-7,1.9064432701554355E-7,2.2044554059461725E-7,1.9064432701554355E-7,1.6095043161216003E-7,5.9695797973324645E-8],[8.3204005497190354E-8,2.1586370319906462E-7,2.2044554059461725E-7,2.7990869442138364E-7,2.2044554059461725E-7,2.1586370319906462E-7,8.3204005497190354E-8],[5.9695797973324632E-8,1.6095043161216003E-7,1.9064432701554355E-7,2.2044554059461725E-7,1.9064432701554355E-7,1.6095043161216003E-7,5.9695797973324645E-8],[6.572931552389276E-8,1.7282573494496367E-7,1.6095043161216003E-7,2.1586370319906462E-7,1.6095043161216003E-7,1.7282573494496367E-7,6.572931552389276E-8],[1.9967836846555202E-8,6.572931552389276E-8,5.9695797973324645E-8,8.3204005497190354E-8,5.9695797973324645E-8,6.572931552389276E-8,1.9967836846555202E-8]],[[5.9767051766491861E-8,1.4790021500648685E-7,1.3638306639698138E-7,1.8282658989669099E-7,1.3638306639698138E-7,1.4790021500648685E-7,5.9767051766491848E-8],[1.4790021500648685E-7,3.0850681620359225E-7,2.9092120259366504E-7,3.7557407132715739E-7,2.9092120259366504E-7,3.0850681620359225E-7,1.4790021500648685E-7],[1.3638306639698138E-7,2.9092120259366504E-7,3.3603500173014236E-7,3.8128378321678214E-7,3.3603500173014236E-7,2.9092120259366504E-7,1.3638306639698138E-7],[1.8282658989669099E-7,3.7557407132715739E-7,3.8128378321678214E-7,4.7035697520056742E-7,3.8128378321678214E-7,3.7557407132715739E-7,1.8282658989669099E-7],[1.3638306639698138E-7,2.9092120259366504E-7,3.3603500173014236E-7,3.8128378321678214E-7,3.3603500173014236E-7,2.9092120259366504E-7,1.3638306639698138E-7],[1.4790021500648685E-7,3.0850681620359225E-7,2.9092120259366504E-7,3.7557407132715739E-7,2.9092120259366504E-7,3.0850681620359225E-7,1.4790021500648685E-7],[5.9767051766491848E-8,1.4790021500648685E-7,1.3638306639698138E-7,1.8282658989669099E-7,1.3638306639698138E-7,1.4790021500648685E-7,5.9767051766491848E-8]],[[1.268288360439839E-7,2.6290828460343483E-7,2.4528953960708023E-7,3.1849633394352428E-7,2.4528953960708023E-7,2.6290828460343483E-7,1.268288360439839E-7],[2.6290828460343483E-7,4.7699647123928284E-7,4.5386184832385473E-7,5.690105995496132E-7,4.5386184832385473E-7,4.7699647123928284E-7,2.6290828460343483E-7],[2.4528953960708023E-7,4.5386184832385473E-7,5.1455910040739245E-7,5.7541889331211243E-7,5.1455910040739245E-7,4.5386184832385478E-7,2.4528953960708023E-7],[3.1849633394352428E-7,5.690105995496132E-7,5.7541889331211243E-7,6.9400725784733376E-7,5.7541889331211243E-7,5.690105995496132E-7,3.1849633394352423E-7],[2.4528953960708023E-7,4.5386184832385473E-7,5.1455910040739245E-7,5.7541889331211243E-7,5.1455910040739245E-7,4.5386184832385478E-7,2.4528953960708023E-7],[2.6290828460343483E-7,4.7699647123928284E-7,4.5386184832385478E-7,5.690105995496132E-7,4.5386184832385478E-7,4.7699647123928284E-7,2.6290828460343483E-7],[1.268288360439839E-7,2.6290828460343483E-7,2.4528953960708023E-7,3.1849633394352423E-7,2.4528953960708023E-7,2.6290828460343483E-7,1.268288360439839E-7]],[[2.2366310210718933E-7,4.1073109145813996E-7,3.8674328673430058E-7,4.8907098816882384E-7,3.8674328673430058E-7,4.1073109145813996E-7,2.2366310210718933E-7],[4.1073109145813996E-7,6.7826044730837676E-7,6.4972462368217488E-7,7.9581383681942938E-7,6.4972462368217488E-7,6.7826044730837676E-7,4.1073109145813996E-7],[3.8674328673430058E-7,6.4972462368217488E-7,7.2609115342790634E-7,8.0264767932206279E-7,7.2609115342790634E-7,6.4972462368217488E-7,3.8674328673430058E-7],[4.8907098816882384E-7,7.9581383681942938E-7,8.0264767932206279E-7,9.5065716246035732E-7,8.0264767932206279E-7,7.9581383681942938E-7,4.8907098816882384E-7],[3.8674328673430058E-7,6.4972462368217488E-7,7.2609115342790634E-7,8.0264767932206279E-7,7.2609115342790634E-7,6.4972462368217488E-7,3.8674328673430058E-7],[4.1073109145813996E-7,6.7826044730837676E-7,6.4972462368217488E-7,7.9581383681942938E-7,6.4972462368217488E-7,6.7826044730837676E-7,4.1073109145813996E-7],[2.2366310210718933E-7,4.1073109145813996E-7,3.8674328673430058E-7,4.8907098816882384E-7,3.8674328673430058E-7,4.1073109145813996E-7,2.2366310210718933E-7]],[[3.5163492651401052E-7,5.9133639923550985E-7,5.60896079214406E-7,6.9378526031170858E-7,5.60896079214406E-7,5.9133639923550985E-7,3.5163492651401052E-7],[5.9133639923550985E-7,9.1224714864865429E-7,8.7843679686275832E-7,1.0557142787731793E-6,8.7843679686275832E-7,9.1224714864865429E-7,5.9133639923550985E-7],[5.60896079214406E-7,8.7843679686275832E-7,9.7050945813049121E-7,1.0627994712496654E-6,9.7050945813049121E-7,8.7843679686275832E-7,5.60896079214406E-7],[6.9378526031170858E-7,1.0557142787731793E-6,1.0627994712496654E-6,1.2401368899304668E-6,1.0627994712496654E-6,1.0557142787731793E-6,6.9378526031170858E-7],[5.60896079214406E-7,8.7843679686275832E-7,9.7050945813049121E-7,1.0627994712496654E-6,9.7050945813049121E-7,8.7843679686275832E-7,5.60896079214406E-7],[5.9133639923550985E-7,9.1224714864865429E-7,8.7843679686275832E-7,1.0557142787731793E-6,8.7843679686275832E-7,9.1224714864865429E-7,5.9133639923550985E-7],[3.5163492651401052E-7,5.9133639923550985E-7,5.60896079214406E-7,6.9378526031170858E-7,5.60896079214406E-7,5.9133639923550985E-7,3.5163492651401052E-7]],[[5.1147595724929611E-7,8.0467991245483147E-7,7.6779467106128074E-7,9.3211301966128068E-7,7.6779467106128074E-7,8.0467991245483147E-7,5.1147595724929611E-7],[8.0467991245483147E-7,1.1788921055556715E-6,1.1399118878385227E-6,1.3485009878130677E-6,1.1399118878385227E-6,1.1788921055556715E-6,8.0467991245483147E-7],[7.6779467106128074E-7,1.1399118878385227E-6,1.247696655095278E-6,1.3557260339072236E-6,1.247696655095278E-6,1.1399118878385227E-6,7.6779467106128074E-7],[9.3211301966128068E-7,1.3485009878130677E-6,1.3557260339072236E-6,1.5622991107969826E-6,1.3557260339072236E-6,1.3485009878130677E-6,9.3211301966128068E-7],[7.6779467106128074E-7,1.1399118878385227E-6,1.247696655095278E-6,1.3557260339072236E-6,1.247696655095278E-6,1.1399118878385227E-6,7.6779467106128074E-7],[8.0467991245483147E-7,1.1788921055556715E-6,1.1399118878385227E-6,1.3485009878130677E-6,1.1399118878385227E-6,1.1788921055556715E-6,8.0467991245483136E-7],[5.1147595724929611E-7,8.0467991245483147E-7,7.6779467106128074E-7,9.3211301966128068E-7,7.6779467106128074E-7,8.0467991245483136E-7,5.11475957249296E-7]],[[7.03564837730351E-7,1.0507058168838622E-6,1.0074237338260349E-6,1.2036804867092696E-6,1.0074237338260349E-6,1.0507058168838622E-6,7.03564837730351E-7],[1.0507058168838622E-6,1.478121500295394E-6,1.434056211696508E-6,1.6740014378163712E-6,1.434056211696508E-6,1.478121500295394E-6,1.0507058168838622E-6],[1.0074237338260349E-6,1.434056211696508E-6,1.5575395913047926E-6,1.6812947495202644E-6,1.5575395913047926E-6,1.434056211696508E-6,1.0074237338260349E-6],[1.2036804867092696E-6,1.6740014378163712E-6,1.6812947495202644E-6,1.9170121304204648E-6,1.6812947495202644E-6,1.6740014378163712E-6,1.2036804867092696E-6],[1.0074237338260349E-6,1.434056211696508E-6,1.5575395913047926E-6,1.6812947495202644E-6,1.5575395913047926E-6,1.434056211696508E-6,1.0074237338260349E-6],[1.0507058168838622E-6,1.478121500295394E-6,1.434056211696508E-6,1.6740014378163712E-6,1.434056211696508E-6,1.478121500295394E-6,1.0507058168838622E-6],[7.03564837730351E-7,1.0507058168838622E-6,1.0074237338260349E-6,1.2036804867092696E-6,1.0074237338260349E-6,1.0507058168838622E-6,7.0356483773035093E-7]],[[9.2808167586381391E-7,1.3293484589117547E-6,1.2797316282557904E-6,1.5082113903632245E-6,1.2797316282557904E-6,1.3293484589117547E-6,9.2808167586381391E-7],[1.3293484589117547E-6,1.8098548771724476E-6,1.7607726419897672E-6,2.0320685146063235E-6,1.7607726419897672E-6,1.8098548771724474E-6,1.3293484589117547E-6],[1.2797316282557904E-6,1.7607726419897672E-6,1.89992888880475E-6,2.0393839915617797E-6,1.89992888880475E-6,1.7607726419897672E-6,1.2797316282557904E-6],[1.5082113903632245E-6,2.0320685146063235E-6,2.0393839915617797E-6,2.3041552504683868E-6,2.0393839915617797E-6,2.0320685146063235E-6,1.5082113903632245E-6],[1.2797316282557904E-6,1.7607726419897672E-6,1.89992888880475E-6,2.0393839915617797E-6,1.89992888880475E-6,1.7607726419897672E-6,1.2797316282557904E-6],[1.3293484589117547E-6,1.8098548771724474E-6,1.7607726419897672E-6,2.0320685146063235E-6,1.7607726419897672E-6,1.8098548771724474E-6,1.3293484589117547E-6],[9.2808167586381391E-7,1.3293484589117547E-6,1.2797316282557904E-6,1.5082113903632245E-6,1.2797316282557904E-6,1.3293484589117547E-6,9.2808167586381381E-7]],[[1.1850936700395567E-6,1.6405343188484473E-6,1.5846458082793239E-6,1.84549221520622E-6,1.5846458082793239E-6,1.6405343188484473E-6,1.1850936700395567E-6],[1.6405343188484473E-6,2.1740071857564881E-6,2.1199627396912383E-6,2.4225720946185116E-6,2.1199627396912383E-6,2.1740071857564881E-6,1.6405343188484473E-6],[1.5846458082793239E-6,2.1199627396912383E-6,2.2747584332623703E-6,2.4298799729018118E-6,2.2747584332623703E-6,2.1199627396912383E-6,1.5846458082793239E-6],[1.84549221520622E-6,2.4225720946185116E-6,2.4298799729018118E-6,2.723615608414565E-6,2.4298799729018118E-6,2.4225720946185116E-6,1.84549221520622E-6],[1.5846458082793239E-6,2.1199627396912383E-6,2.2747584332623703E-6,2.4298799729018118E-6,2.2747584332623703E-6,2.1199627396912383E-6,1.5846458082793239E-6],[1.6405343188484473E-6,2.1740071857564881E-6,2.1199627396912383E-6,2.4225720946185116E-6,2.1199627396912383E-6,2.1740071857564881E-6,1.6405343188484475E-6],[1.1850936700395567E-6,1.6405343188484473E-6,1.5846458082793239E-6,1.84549221520622E-6,1.5846458082793239E-6,1.6405343188484475E-6,1.1850936700395569E-6]],[[1.4746029753747828E-6,1.9841838803285247E-6,1.9220819800010643E-6,2.2153501063788152E-6,1.9220819800010643E-6,1.9841838803285247E-6,1.4746029753747828E-6],[1.9841838803285247E-6,2.5704902984277613E-6,2.511527929758698E-6,2.8453935637438224E-6,2.511527929758698E-6,2.5704902984277613E-6,1.9841838803285247E-6],[1.9220819800010643E-6,2.511527929758698E-6,2.6819248841207218E-6,2.8526745895922898E-6,2.6819248841207218E-6,2.511527929758698E-6,1.9220819800010643E-6],[2.2153501063788152E-6,2.8453935637438224E-6,2.8526745895922898E-6,3.1752860153528211E-6,2.8526745895922898E-6,2.8453935637438224E-6,2.2153501063788152E-6],[1.9220819800010643E-6,2.511527929758698E-6,2.6819248841207218E-6,2.8526745895922898E-6,2.6819248841207218E-6,2.511527929758698E-6,1.9220819800010643E-6],[1.9841838803285247E-6,2.5704902984277613E-6,2.511527929758698E-6,2.8453935637438224E-6,2.511527929758698E-6,2.5704902984277613E-6,1.9841838803285251E-6],[1.4746029753747828E-6,1.9841838803285247E-6,1.9220819800010643E-6,2.2153501063788152E-6,1.9220819800010643E-6,1.9841838803285251E-6,1.474602975374783E-6]],[[1.7965737544309079E-6,2.360213236518751E-6,2.2919495116799995E-6,2.6176387713072145E-6,2.2919495116799995E-6,2.360213236518751E-6,1.7965737544309079E-6],[2.360213236518751E-6,2.9992141237457114E-6,2.9353701289932761E-6,3.300422231883084E-6,2.9353701289932761E-6,2.9992141237457114E-6,2.360213236518751E-6],[2.2919495116799995E-6,2.9353701289932761E-6,3.121327247766328E-6,3.3076639394035475E-6,3.121327247766328E-6,2.9353701289932761E-6,2.2919495116799995E-6],[2.6176387713072145E-6,3.300422231883084E-6,3.3076639394035475E-6,3.6590634704919073E-6,3.3076639394035475E-6,3.300422231883084E-6,2.6176387713072145E-6],[2.2919495116799995E-6,2.9353701289932761E-6,3.121327247766328E-6,3.3076639394035475E-6,3.121327247766328E-6,2.9353701289932761E-6,2.2919495116799995E-6],[2.360213236518751E-6,2.9992141237457114E-6,2.9353701289932761E-6,3.300422231883084E-6,2.9353701289932761E-6,2.9992141237457114E-6,2.360213236518751E-6],[1.7965737544309079E-6,2.360213236518751E-6,2.2919495116799995E-6,2.6176387713072145E-6,2.2919495116799995E-6,2.360213236518751E-6,1.7965737544309081E-6]],[[2.1509476729091681E-6,2.7685353949392673E-6,2.6941546021857241E-6,3.0522294487476288E-6,2.6941546021857241E-6,2.7685353949392673E-6,2.1509476729091681E-6],[2.7685353949392673E-6,3.46008741466176E-6,3.3913920624330338E-6,3.7875529748318861E-6,3.3913920624330338E-6,3.46008741466176E-6,2.7685353949392673E-6],[2.6941546021857241E-6,3.3913920624330338E-6,3.5928665243753636E-6,3.7947472991842098E-6,3.5928665243753636E-6,3.3913920624330338E-6,2.6941546021857241E-6],[3.0522294487476288E-6,3.7875529748318861E-6,3.7947472991842098E-6,4.1748481358539151E-6,3.7947472991842098E-6,3.7875529748318861E-6,3.0522294487476288E-6],[2.6941546021857241E-6,3.3913920624330338E-6,3.5928665243753636E-6,3.7947472991842098E-6,3.5928665243753636E-6,3.3913920624330338E-6,2.6941546021857241E-6],[2.7685353949392673E-6,3.46008741466176E-6,3.3913920624330338E-6,3.7875529748318861E-6,3.3913920624330338E-6,3.46008741466176E-6,2.7685353949392673E-6],[2.1509476729091681E-6,2.7685353949392673E-6,2.6941546021857241E-6,3.0522294487476288E-6,2.6941546021857241E-6,2.7685353949392673E-6,2.1509476729091681E-6]],[[2.5376529211016546E-6,3.2090612992789815E-6,3.1286021158178943E-6,3.5190050991077812E-6,3.1286021158178943E-6,3.2090612992789815E-6,2.5376529211016546E-6],[3.2090612992789815E-6,3.9530183494891578E-6,3.8794974064665771E-6,4.3066846741627742E-6,3.8794974064665771E-6,3.9530183494891578E-6,3.2090612992789815E-6],[3.1286021158178943E-6,3.8794974064665771E-6,4.0964454246176284E-6,4.3138264152101352E-6,4.0964454246176284E-6,3.8794974064665771E-6,3.1286021158178943E-6],[3.5190050991077812E-6,4.3066846741627742E-6,4.3138264152101352E-6,4.72254262493993E-6,4.3138264152101352E-6,4.3066846741627742E-6,3.5190050991077812E-6],[3.1286021158178943E-6,3.8794974064665771E-6,4.0964454246176284E-6,4.3138264152101352E-6,4.0964454246176284E-6,3.8794974064665771E-6,3.1286021158178943E-6],[3.2090612992789815E-6,3.9530183494891578E-6,3.8794974064665771E-6,4.3066846741627742E-6,3.8794974064665771E-6,3.9530183494891578E-6,3.2090612992789815E-6],[2.5376529211016546E-6,3.2090612992789815E-6,3.1286021158178943E-6,3.5190050991077812E-6,3.1286021158178943E-6,3.2090612992789815E-6,2.5376529211016546E-6]],[[2.9566095641815905E-6,3.6817006088285277E-6,3.5951966284105827E-6,4.0178566495462472E-6,3.5951966284105827E-6,3.6817006088285277E-6,2.9566095641815905E-6],[3.6817006088285277E-6,4.4779149454585271E-6,4.3995908382404178E-6,4.857719178230033E-6,4.3995908382404178E-6,4.4779149454585271E-6,3.6817006088285277E-6],[3.5951966284105827E-6,4.3995908382404178E-6,4.6319681465869389E-6,4.8648050076834366E-6,4.6319681465869389E-6,4.399590838240417E-6,3.5951966284105827E-6],[4.0178566495462472E-6,4.857719178230033E-6,4.8648050076834366E-6,5.302051506231354E-6,4.8648050076834366E-6,4.857719178230033E-6,4.0178566495462472E-6],[3.5951966284105827E-6,4.3995908382404178E-6,4.6319681465869389E-6,4.8648050076834366E-6,4.6319681465869389E-6,4.399590838240417E-6,3.5951966284105827E-6],[3.6817006088285277E-6,4.4779149454585271E-6,4.399590838240417E-6,4.857719178230033E-6,4.399590838240417E-6,4.4779149454585271E-6,3.6817006088285277E-6],[2.9566095641815905E-6,3.6817006088285277E-6,3.5951966284105827E-6,4.0178566495462472E-6,3.5951966284105827E-6,3.6817006088285277E-6,2.9566095641815905E-6]],[[3.4077327796675721E-6,4.186362281046653E-6,4.0938430104622712E-6,4.5486805545486907E-6,4.0938430104622712E-6,4.186362281046653E-6,3.4077327796675721E-6],[4.186362281046653E-6,5.0346853499940765E-6,4.9515780365061713E-6,5.4405606050093879E-6,4.9515780365061713E-6,5.0346853499940765E-6,4.186362281046653E-6],[4.0938430104622712E-6,4.9515780365061713E-6,5.1993402019276171E-6,5.4475884221747673E-6,5.1993402019276171E-6,4.9515780365061713E-6,4.0938430104622712E-6],[4.5486805545486907E-6,5.4405606050093879E-6,5.4475884221747673E-6,5.9132809541077019E-6,5.4475884221747673E-6,5.4405606050093879E-6,4.5486805545486907E-6],[4.0938430104622712E-6,4.9515780365061713E-6,5.1993402019276171E-6,5.4475884221747673E-6,5.1993402019276171E-6,4.9515780365061713E-6,4.0938430104622712E-6],[4.186362281046653E-6,5.0346853499940765E-6,4.9515780365061713E-6,5.4405606050093879E-6,4.9515780365061713E-6,5.0346853499940765E-6,4.186362281046653E-6],[3.4077327796675721E-6,4.186362281046653E-6,4.0938430104622712E-6,4.5486805545486907E-6,4.0938430104622712E-6,4.186362281046653E-6,3.4077327796675721E-6]],[[3.8909348572316152E-6,4.7229549996273967E-6,4.6244467410525289E-6,5.1113772019216562E-6,4.6244467410525289E-6,4.7229549996273967E-6,3.8909348572316152E-6],[4.7229549996273967E-6,5.623238043302909E-6,5.53536565900824E-6,6.0551148701806863E-6,5.53536565900824E-6,5.623238043302909E-6,4.7229549996273967E-6],[4.6244467410525289E-6,5.53536565900824E-6,5.7984682807852332E-6,6.0620833821655433E-6,5.7984682807852332E-6,5.53536565900824E-6,4.6244467410525289E-6],[5.1113772019216562E-6,6.0551148701806863E-6,6.0620833821655433E-6,6.5561385011845316E-6,6.0620833821655433E-6,6.0551148701806863E-6,5.1113772019216562E-6],[4.6244467410525289E-6,5.53536565900824E-6,5.7984682807852332E-6,6.0620833821655433E-6,5.7984682807852332E-6,5.53536565900824E-6,4.6244467410525289E-6],[4.7229549996273967E-6,5.623238043302909E-6,5.53536565900824E-6,6.0551148701806863E-6,5.53536565900824E-6,5.623238043302909E-6,4.7229549996273967E-6],[3.8909348572316152E-6,4.7229549996273967E-6,4.6244467410525289E-6,5.1113772019216562E-6,4.6244467410525289E-6,4.7229549996273967E-6,3.8909348572316152E-6]],[[4.4061264587756536E-6,5.2913874841894573E-6,5.1869140671092483E-6,5.7058498643075959E-6,5.1869140671092483E-6,5.2913874841894573E-6,4.4061264587756536E-6],[5.2913874841894573E-6,6.24348197701897E-6,6.1508613099773176E-6,6.7012893643031273E-6,6.1508613099773176E-6,6.24348197701897E-6,5.2913874841894573E-6],[5.1869140671092483E-6,6.1508613099773176E-6,6.42926014668239E-6,6.708197811327691E-6,6.42926014668239E-6,6.1508613099773176E-6,5.1869140671092483E-6],[5.7058498643075959E-6,6.7012893643031273E-6,6.708197811327691E-6,7.230532860599213E-6,6.708197811327691E-6,6.7012893643031273E-6,5.7058498643075959E-6],[5.1869140671092483E-6,6.1508613099773176E-6,6.42926014668239E-6,6.708197811327691E-6,6.42926014668239E-6,6.1508613099773176E-6,5.1869140671092483E-6],[5.2913874841894573E-6,6.24348197701897E-6,6.1508613099773176E-6,6.7012893643031273E-6,6.1508613099773176E-6,6.24348197701897E-6,5.2913874841894573E-6],[4.4061264587756536E-6,5.2913874841894573E-6,5.1869140671092483E-6,5.7058498643075959E-6,5.1869140671092483E-6,5.2913874841894573E-6,4.4061264587756536E-6]],[[4.95321742663211E-6,5.8915687108444942E-6,5.7811520752591189E-6,6.3320040041941605E-6,5.78115207525912E-6,5.8915687108444942E-6,4.95321742663211E-6],[5.8915687108444942E-6,6.895326666971201E-6,6.797973504755741E-6,7.3789927291277734E-6,6.79797350475574E-6,6.8953266669712E-6,5.8915687108444942E-6],[5.7811520752591189E-6,6.797973504755741E-6,7.0916245540748514E-6,7.3858407040268695E-6,7.0916245540748505E-6,6.79797350475574E-6,5.7811520752591189E-6],[6.3320040041941605E-6,7.3789927291277734E-6,7.3858407040268695E-6,7.9363737966526086E-6,7.3858407040268695E-6,7.3789927291277734E-6,6.3320040041941605E-6],[5.78115207525912E-6,6.79797350475574E-6,7.0916245540748505E-6,7.3858407040268695E-6,7.0916245540748505E-6,6.79797350475574E-6,5.7811520752591189E-6],[5.8915687108444942E-6,6.8953266669712E-6,6.79797350475574E-6,7.3789927291277734E-6,6.79797350475574E-6,6.8953266669712E-6,5.8915687108444942E-6],[4.95321742663211E-6,5.8915687108444942E-6,5.7811520752591189E-6,6.3320040041941605E-6,5.7811520752591189E-6,5.8915687108444942E-6,4.95321742663211E-6]],[[5.5321173094657291E-6,6.5234080665684916E-6,6.4070687153495579E-6,6.9897468089828544E-6,6.4070687153495579E-6,6.5234080665684916E-6,5.5321173094657291E-6],[6.5234080665684916E-6,7.5786822531827531E-6,7.4766116349471719E-6,8.0881347001262272E-6,7.4766116349471719E-6,7.5786822531827531E-6,6.5234080665684916E-6],[6.4070687153495579E-6,7.4766116349471719E-6,7.78547118288396E-6,8.0949220292498175E-6,7.78547118288396E-6,7.4766116349471728E-6,6.4070687153495579E-6],[6.9897468089828544E-6,8.0881347001262272E-6,8.0949220292498175E-6,8.6735720289521921E-6,8.0949220292498175E-6,8.0881347001262272E-6,6.9897468089828544E-6],[6.4070687153495579E-6,7.4766116349471719E-6,7.78547118288396E-6,8.0949220292498175E-6,7.78547118288396E-6,7.4766116349471719E-6,6.4070687153495579E-6],[6.5234080665684916E-6,7.5786822531827531E-6,7.4766116349471728E-6,8.0881347001262272E-6,7.4766116349471719E-6,7.5786822531827531E-6,6.5234080665684916E-6],[5.5321173094657291E-6,6.5234080665684916E-6,6.4070687153495579E-6,6.9897468089828544E-6,6.4070687153495579E-6,6.5234080665684916E-6,5.5321173094657291E-6]],[[6.1427357079110717E-6,7.1868154549161389E-6,7.064572798086969E-6,7.6789868764578085E-6,7.064572798086969E-6,7.1868154549161389E-6,6.1427357079110717E-6],[7.1868154549161389E-6,8.2934595365501158E-6,8.186685935518154E-6,8.8286259934426147E-6,8.186685935518154E-6,8.2934595365501158E-6,7.1868154549161389E-6],[7.064572798086969E-6,8.186685935518154E-6,8.5107105856152952E-6,8.835352657749026E-6,8.5107105856152952E-6,8.186685935518154E-6,7.064572798086969E-6],[7.6789868764578085E-6,8.8286259934426147E-6,8.835352657749026E-6,9.4420391598116056E-6,8.835352657749026E-6,8.8286259934426147E-6,7.6789868764578068E-6],[7.064572798086969E-6,8.186685935518154E-6,8.5107105856152952E-6,8.835352657749026E-6,8.5107105856152952E-6,8.1866859355181557E-6,7.064572798086969E-6],[7.1868154549161389E-6,8.2934595365501158E-6,8.186685935518154E-6,8.8286259934426147E-6,8.1866859355181557E-6,8.29345953655012E-6,7.18681545491614E-6],[6.1427357079110717E-6,7.1868154549161389E-6,7.064572798086969E-6,7.6789868764578068E-6,7.064572798086969E-6,7.18681545491614E-6,6.1427357079110717E-6]],[[6.784982502743072E-6,7.8817013662798982E-6,7.7535739794815E-6,8.3996339990271214E-6,7.7535739794815E-6,7.8817013662798982E-6,6.784982502743072E-6],[7.8817013662798982E-6,9.0395699989861662E-6,8.9281074542672434E-6,9.6003782227785355E-6,8.9281074542672417E-6,9.0395699989861662E-6,7.8817013662798982E-6],[7.7535739794815E-6,8.9281074542672434E-6,9.267254143743808E-6,9.607044305350502E-6,9.2672541437438063E-6,8.9281074542672417E-6,7.7535739794815E-6],[8.3996339990271214E-6,9.6003782227785355E-6,9.607044305350502E-6,1.0241687617826081E-5,9.6070443053505E-6,9.6003782227785355E-6,8.39963399902712E-6],[7.7535739794815E-6,8.9281074542672417E-6,9.2672541437438063E-6,9.6070443053505E-6,9.2672541437438063E-6,8.9281074542672417E-6,7.7535739794815E-6],[7.8817013662798982E-6,9.0395699989861662E-6,8.9281074542672417E-6,9.6003782227785355E-6,8.9281074542672417E-6,9.0395699989861645E-6,7.8817013662798982E-6],[6.784982502743072E-6,7.8817013662798982E-6,7.7535739794815E-6,8.39963399902712E-6,7.7535739794815E-6,7.8817013662798982E-6,6.7849825027430729E-6]],[[7.4587680051236409E-6,8.6079769224903562E-6,8.4739827391108189E-6,9.1515990131318427E-6,8.4739827391108189E-6,8.6079769224903562E-6,7.4587680051236409E-6],[8.6079769224903562E-6,9.8169258118707487E-6,9.7007880235842984E-6,1.0403303836529697E-5,9.7007880235842984E-6,9.8169258118707487E-6,8.6079769224903562E-6],[8.4739827391108189E-6,9.7007880235842984E-6,1.0055014030881174E-5,1.0409909487533982E-5,1.0055014030881174E-5,9.7007880235842984E-6,8.4739827391108189E-6],[9.1515990131318427E-6,1.0403303836529697E-5,1.0409909487533982E-5,1.1072430612715412E-5,1.0409909487533982E-5,1.0403303836529697E-5,9.151599013131841E-6],[8.4739827391108189E-6,9.7007880235842984E-6,1.0055014030881174E-5,1.0409909487533982E-5,1.0055014030881174E-5,9.7007880235842984E-6,8.4739827391108189E-6],[8.6079769224903562E-6,9.8169258118707487E-6,9.7007880235842984E-6,1.0403303836529697E-5,9.7007880235842984E-6,9.8169258118707487E-6,8.6079769224903562E-6],[7.4587680051236409E-6,8.6079769224903562E-6,8.4739827391108189E-6,9.151599013131841E-6,8.4739827391108189E-6,8.6079769224903562E-6,7.4587680051236418E-6]],[[8.1640030543766285E-6,9.3655539029596312E-6,9.2257103559601779E-6,9.93479369184976E-6,9.2257103559601779E-6,9.3655539029596312E-6,8.1640030543766285E-6],[9.3655539029596312E-6,1.0625439836257428E-5,1.0504640234217008E-5,1.1237316068678255E-5,1.0504640234217008E-5,1.0625439836257428E-5,9.3655539029596312E-6],[9.2257103559601779E-6,1.0504640234217008E-5,1.0873903180885156E-5,1.1243861481888632E-5,1.0873903180885156E-5,1.0504640234217008E-5,9.2257103559601779E-6],[9.93479369184976E-6,1.1237316068678255E-5,1.1243861481888632E-5,1.1934182098025799E-5,1.1243861481888632E-5,1.1237316068678255E-5,9.9347936918497581E-6],[9.2257103559601779E-6,1.0504640234217008E-5,1.0873903180885156E-5,1.1243861481888632E-5,1.0873903180885156E-5,1.0504640234217008E-5,9.2257103559601779E-6],[9.3655539029596312E-6,1.0625439836257428E-5,1.0504640234217008E-5,1.1237316068678255E-5,1.0504640234217008E-5,1.0625439836257428E-5,9.3655539029596312E-6],[8.1640030543766285E-6,9.3655539029596312E-6,9.2257103559601779E-6,9.9347936918497581E-6,9.2257103559601779E-6,9.3655539029596312E-6,8.1640030543766285E-6]],[[8.9005990800002E-6,1.0154344757611412E-5,1.00086688837505E-5,1.0749130666260401E-5,1.00086688837505E-5,1.0154344757611412E-5,8.9005990800002E-6],[1.0154344757611412E-5,1.1465025617278158E-5,1.1339577410698012E-5,1.2102328899059133E-5,1.1339577410698012E-5,1.1465025617278158E-5,1.0154344757611412E-5],[1.00086688837505E-5,1.1339577410698012E-5,1.1723835259552982E-5,1.210881429607519E-5,1.1723835259552982E-5,1.1339577410698012E-5,1.00086688837505E-5],[1.0749130666260401E-5,1.2102328899059133E-5,1.210881429607519E-5,1.2826856739314279E-5,1.210881429607519E-5,1.2102328899059133E-5,1.07491306662604E-5],[1.00086688837505E-5,1.1339577410698012E-5,1.1723835259552982E-5,1.210881429607519E-5,1.1723835259552982E-5,1.1339577410698012E-5,1.00086688837505E-5],[1.0154344757611412E-5,1.1465025617278158E-5,1.1339577410698012E-5,1.2102328899059133E-5,1.1339577410698012E-5,1.1465025617278158E-5,1.0154344757611412E-5],[8.9005990800002E-6,1.0154344757611412E-5,1.00086688837505E-5,1.07491306662604E-5,1.00086688837505E-5,1.0154344757611412E-5,8.9005990800002E-6]],[[9.6684681390795521E-6,1.0974262610392503E-5,1.0822771126653169E-5,1.1594523366046655E-5,1.0822771126653169E-5,1.0974262610392503E-5,9.6684681390795521E-6],[1.0974262610392503E-5,1.2335597374472542E-5,1.2205513588099027E-5,1.2998257020034043E-5,1.2205513588099027E-5,1.2335597374472542E-5,1.0974262610392503E-5],[1.0822771126653169E-5,1.2205513588099027E-5,1.2604724638905155E-5,1.3004682639641318E-5,1.2604724638905155E-5,1.2205513588099027E-5,1.0822771126653169E-5],[1.1594523366046655E-5,1.2998257020034043E-5,1.3004682639641318E-5,1.3750369886157694E-5,1.3004682639641316E-5,1.2998257020034041E-5,1.1594523366046654E-5],[1.0822771126653169E-5,1.2205513588099027E-5,1.2604724638905155E-5,1.3004682639641316E-5,1.2604724638905155E-5,1.2205513588099027E-5,1.0822771126653169E-5],[1.0974262610392503E-5,1.2335597374472542E-5,1.2205513588099027E-5,1.2998257020034041E-5,1.2205513588099027E-5,1.2335597374472542E-5,1.0974262610392503E-5],[9.6684681390795521E-6,1.0974262610392503E-5,1.0822771126653169E-5,1.1594523366046654E-5,1.0822771126653169E-5,1.0974262610392503E-5,9.6684681390795521E-6]],[[1.0467522936657222E-5,1.1825221256090888E-5,1.1667930615738367E-5,1.2470885973010074E-5,1.1667930615738367E-5,1.1825221256090888E-5,1.0467522936657222E-5],[1.1825221256090888E-5,1.3237069989251886E-5,1.3102363489811942E-5,1.3925015807549124E-5,1.3102363489811942E-5,1.3237069989251886E-5,1.1825221256090888E-5],[1.1667930615738367E-5,1.3102363489811942E-5,1.3516486373327874E-5,1.3931381898526614E-5,1.3516486373327874E-5,1.3102363489811942E-5,1.1667930615738367E-5],[1.2470885973010074E-5,1.3925015807549124E-5,1.3931381898526614E-5,1.4704637546820245E-5,1.3931381898526614E-5,1.3925015807549124E-5,1.2470885973010074E-5],[1.1667930615738367E-5,1.3102363489811942E-5,1.3516486373327874E-5,1.3931381898526614E-5,1.3516486373327874E-5,1.3102363489811942E-5,1.1667930615738367E-5],[1.1825221256090888E-5,1.3237069989251886E-5,1.3102363489811942E-5,1.3925015807549124E-5,1.3102363489811942E-5,1.3237069989251886E-5,1.1825221256090888E-5],[1.0467522936657222E-5,1.1825221256090888E-5,1.1667930615738367E-5,1.2470885973010074E-5,1.1667930615738367E-5,1.1825221256090888E-5,1.0467522936657222E-5]],[[1.1297676834240718E-5,1.270713515241212E-5,1.2544061586226194E-5,1.3378133383293864E-5,1.2544061586226194E-5,1.270713515241212E-5,1.1297676834240718E-5],[1.270713515241212E-5,1.4169358990348972E-5,1.4030042506108809E-5,1.4882521295195256E-5,1.4030042506108809E-5,1.4169358990348972E-5,1.270713515241212E-5],[1.2544061586226194E-5,1.4030042506108809E-5,1.4459036177042022E-5,1.4888828111441555E-5,1.4459036177042022E-5,1.4030042506108809E-5,1.2544061586226194E-5],[1.3378133383293864E-5,1.4882521295195256E-5,1.4888828111441555E-5,1.5689576364762722E-5,1.4888828111441555E-5,1.4882521295195256E-5,1.3378133383293864E-5],[1.2544061586226194E-5,1.4030042506108809E-5,1.4459036177042022E-5,1.4888828111441555E-5,1.4459036177042022E-5,1.4030042506108809E-5,1.2544061586226194E-5],[1.270713515241212E-5,1.4169358990348972E-5,1.4030042506108809E-5,1.4882521295195256E-5,1.4030042506108809E-5,1.4169358990348974E-5,1.270713515241212E-5],[1.1297676834240718E-5,1.270713515241212E-5,1.2544061586226194E-5,1.3378133383293864E-5,1.2544061586226194E-5,1.270713515241212E-5,1.1297676834240718E-5]],[[1.2158843850019362E-5,1.3619919408693987E-5,1.3451078955478449E-5,1.4316181175482357E-5,1.3451078955478449E-5,1.3619919408693987E-5,1.2158843850019362E-5],[1.3619919408693987E-5,1.5132380537839409E-5,1.4988466673273378E-5,1.5870690150313233E-5,1.4988466673273378E-5,1.5132380537839409E-5,1.3619919408693987E-5],[1.3451078955478449E-5,1.4988466673273378E-5,1.5432290402503579E-5,1.5876937947537396E-5,1.5432290402503579E-5,1.4988466673273378E-5,1.3451078955478449E-5],[1.4316181175482357E-5,1.5870690150313233E-5,1.5876937947537396E-5,1.670510359640968E-5,1.5876937947537396E-5,1.5870690150313233E-5,1.4316181175482357E-5],[1.3451078955478449E-5,1.4988466673273378E-5,1.5432290402503579E-5,1.5876937947537396E-5,1.5432290402503579E-5,1.4988466673273378E-5,1.3451078955478449E-5],[1.3619919408693987E-5,1.5132380537839409E-5,1.4988466673273378E-5,1.5870690150313233E-5,1.4988466673273378E-5,1.5132380537839409E-5,1.3619919408693987E-5],[1.2158843850019362E-5,1.3619919408693987E-5,1.3451078955478449E-5,1.4316181175482357E-5,1.3451078955478449E-5,1.3619919408693987E-5,1.2158843850019362E-5]],[[1.3050938653271014E-5,1.4563489772239569E-5,1.4388898301607216E-5,1.5284945582679273E-5,1.4388898301607216E-5,1.4563489772239569E-5,1.3050938653271014E-5],[1.4563489772239569E-5,1.6126051406140749E-5,1.5977552653136168E-5,1.6889439651481484E-5,1.5977552653136168E-5,1.6126051406140749E-5,1.4563489772239569E-5],[1.4388898301607216E-5,1.5977552653136168E-5,1.6436166019443652E-5,1.6895628684951642E-5,1.6436166019443652E-5,1.5977552653136168E-5,1.4388898301607216E-5],[1.5284945582679273E-5,1.6889439651481484E-5,1.6895628684951642E-5,1.7751137089759415E-5,1.6895628684951642E-5,1.6889439651481484E-5,1.5284945582679273E-5],[1.4388898301607216E-5,1.5977552653136168E-5,1.6436166019443652E-5,1.6895628684951642E-5,1.6436166019443652E-5,1.5977552653136168E-5,1.4388898301607216E-5],[1.4563489772239569E-5,1.6126051406140749E-5,1.5977552653136168E-5,1.6889439651481484E-5,1.5977552653136168E-5,1.6126051406140749E-5,1.4563489772239569E-5],[1.3050938653271014E-5,1.4563489772239569E-5,1.4388898301607216E-5,1.5284945582679273E-5,1.4388898301607216E-5,1.4563489772239569E-5,1.3050938653271014E-5]],[[1.3973876554684E-5,1.5537762612955567E-5,1.5357435842577275E-5,1.6284343467270489E-5,1.5357435842577275E-5,1.5537762612955567E-5,1.3973876554684E-5],[1.5537762612955567E-5,1.715028896626834E-5,1.6997217712883352E-5,1.7938687666924143E-5,1.6997217712883352E-5,1.715028896626834E-5,1.5537762612955567E-5],[1.5357435842577275E-5,1.6997217712883352E-5,1.747058059433543E-5,1.7944818189933295E-5,1.747058059433543E-5,1.6997217712883352E-5,1.5357435842577275E-5],[1.6284343467270489E-5,1.7938687666924143E-5,1.7944818189933295E-5,1.8827595263540907E-5,1.7944818189933295E-5,1.7938687666924143E-5,1.6284343467270489E-5],[1.5357435842577275E-5,1.6997217712883352E-5,1.747058059433543E-5,1.7944818189933295E-5,1.747058059433543E-5,1.6997217712883352E-5,1.5357435842577275E-5],[1.5537762612955567E-5,1.715028896626834E-5,1.6997217712883352E-5,1.7938687666924143E-5,1.6997217712883352E-5,1.715028896626834E-5,1.5537762612955567E-5],[1.3973876554684E-5,1.5537762612955567E-5,1.5357435842577275E-5,1.6284343467270489E-5,1.5357435842577275E-5,1.5537762612955567E-5,1.3973876554684E-5]],[[1.4927573493796602E-5,1.6542654906768263E-5,1.6356608415668419E-5,1.7314292297485113E-5,1.6356608415668419E-5,1.6542654906768263E-5,1.4927573493796602E-5],[1.6542654906768263E-5,1.8205011167526718E-5,1.8047379705024355E-5,1.9018352633504306E-5,1.8047379705024355E-5,1.8205011167526718E-5,1.6542654906768263E-5],[1.6356608415668419E-5,1.8047379705024355E-5,1.8535452270117703E-5,1.9024424896322512E-5,1.8535452270117703E-5,1.8047379705024355E-5,1.6356608415668419E-5],[1.7314292297485113E-5,1.9018352633504306E-5,1.9024424896322512E-5,1.9934397086692889E-5,1.9024424896322512E-5,1.9018352633504306E-5,1.7314292297485113E-5],[1.6356608415668419E-5,1.8047379705024355E-5,1.8535452270117703E-5,1.9024424896322512E-5,1.8535452270117703E-5,1.8047379705024355E-5,1.6356608415668419E-5],[1.6542654906768263E-5,1.8205011167526718E-5,1.8047379705024355E-5,1.9018352633504306E-5,1.8047379705024355E-5,1.8205011167526718E-5,1.6542654906768263E-5],[1.4927573493796602E-5,1.6542654906768263E-5,1.6356608415668419E-5,1.7314292297485113E-5,1.6356608415668419E-5,1.6542654906768263E-5,1.4927573493796602E-5]],[[1.5911946024391725E-5,1.7578084218149819E-5,1.7386333457186721E-5,1.837471012515178E-5,1.7386333457186721E-5,1.7578084218149819E-5,1.5911946024391725E-5],[1.7578084218149819E-5,1.9290136518760391E-5,1.9127957047432286E-5,2.0128353536069107E-5,1.9127957047432286E-5,1.9290136518760391E-5,1.7578084218149819E-5],[1.7386333457186721E-5,1.9127957047432286E-5,1.9630699746052541E-5,2.0134367785225527E-5,1.9630699746052541E-5,1.9127957047432286E-5,1.7386333457186721E-5],[1.837471012515178E-5,2.0128353536069107E-5,2.0134367785225527E-5,2.1071462058005791E-5,2.0134367785225527E-5,2.0128353536069107E-5,1.837471012515178E-5],[1.7386333457186721E-5,1.9127957047432286E-5,1.9630699746052541E-5,2.0134367785225527E-5,1.9630699746052541E-5,1.9127957047432286E-5,1.7386333457186721E-5],[1.7578084218149819E-5,1.9290136518760391E-5,1.9127957047432286E-5,2.0128353536069107E-5,1.9127957047432286E-5,1.9290136518760391E-5,1.7578084218149819E-5],[1.5911946024391725E-5,1.7578084218149819E-5,1.7386333457186721E-5,1.837471012515178E-5,1.7386333457186721E-5,1.7578084218149819E-5,1.5911946024391725E-5]],[[1.6926911298422937E-5,1.8643968681974221E-5,1.8446528982327677E-5,1.9465515564216943E-5,1.8446528982327677E-5,1.8643968681974221E-5,1.6926911298422937E-5],[1.8643968681974221E-5,2.0405584069235487E-5,2.02388687033811E-5,2.1268609886968548E-5,2.02388687033811E-5,2.0405584069235487E-5,1.8643968681974221E-5],[1.8446528982327677E-5,2.02388687033811E-5,2.0756242257615216E-5,2.1274566364757393E-5,2.0756242257615216E-5,2.02388687033811E-5,1.8446528982327677E-5],[1.9465515564216943E-5,2.1268609886968548E-5,2.1274566364757393E-5,2.22387101857997E-5,2.1274566364757393E-5,2.1268609886968548E-5,1.9465515564216943E-5],[1.8446528982327677E-5,2.02388687033811E-5,2.0756242257615216E-5,2.1274566364757393E-5,2.0756242257615216E-5,2.02388687033811E-5,1.8446528982327677E-5],[1.8643968681974221E-5,2.0405584069235487E-5,2.02388687033811E-5,2.1268609886968548E-5,2.02388687033811E-5,2.0405584069235487E-5,1.8643968681974221E-5],[1.6926911298422937E-5,1.8643968681974221E-5,1.8446528982327677E-5,1.9465515564216943E-5,1.8446528982327677E-5,1.8643968681974221E-5,1.6926911298422937E-5]],[[1.7972387048873088E-5,1.9740226984848835E-5,1.9537113565099659E-5,2.0586627769728198E-5,1.9537113565099659E-5,1.9740226984848835E-5,1.7972387048873088E-5],[1.9740226984848835E-5,2.1551273389192413E-5,2.1380034161512413E-5,2.243904170561594E-5,2.1380034161512413E-5,2.1551273389192413E-5,1.9740226984848835E-5],[1.9537113565099659E-5,2.1380034161512413E-5,2.1911999556333371E-5,2.2444940649753416E-5,2.1911999556333371E-5,2.1380034161512413E-5,1.9537113565099659E-5],[2.0586627769728198E-5,2.243904170561594E-5,2.2444940649753416E-5,2.3436061967539004E-5,2.2444940649753416E-5,2.243904170561594E-5,2.0586627769728198E-5],[1.9537113565099659E-5,2.1380034161512413E-5,2.1911999556333371E-5,2.2444940649753416E-5,2.1911999556333371E-5,2.1380034161512413E-5,1.9537113565099659E-5],[1.9740226984848835E-5,2.1551273389192413E-5,2.1380034161512413E-5,2.243904170561594E-5,2.1380034161512413E-5,2.1551273389192413E-5,1.9740226984848835E-5],[1.7972387048873088E-5,1.9740226984848835E-5,1.9537113565099659E-5,2.0586627769728198E-5,1.9537113565099659E-5,1.9740226984848835E-5,1.7972387048873088E-5]],[[1.9048291571815463E-5,2.08667783460168E-5,2.0658006318243445E-5,2.173796641706453E-5,2.0658006318243445E-5,2.08667783460168E-5,1.9048291571815463E-5],[2.08667783460168E-5,2.2727124550090389E-5,2.2551373415680469E-5,2.3639569497989425E-5,2.2551373415680469E-5,2.2727124550090389E-5,2.08667783460168E-5],[2.0658006318243445E-5,2.2551373415680469E-5,2.3097891889511256E-5,2.3645411141372451E-5,2.3097891889511256E-5,2.2551373415680469E-5,2.0658006318243445E-5],[2.173796641706453E-5,2.3639569497989425E-5,2.3645411141372451E-5,2.4663438369306483E-5,2.3645411141372451E-5,2.3639569497989425E-5,2.173796641706453E-5],[2.0658006318243445E-5,2.2551373415680469E-5,2.3097891889511256E-5,2.3645411141372451E-5,2.3097891889511256E-5,2.2551373415680469E-5,2.0658006318243445E-5],[2.08667783460168E-5,2.2727124550090389E-5,2.2551373415680469E-5,2.3639569497989425E-5,2.2551373415680469E-5,2.2727124550090389E-5,2.08667783460168E-5],[1.9048291571815463E-5,2.08667783460168E-5,2.0658006318243445E-5,2.173796641706453E-5,2.0658006318243445E-5,2.08667783460168E-5,1.9048291571815463E-5]],[[2.0154543707854473E-5,2.2023542497881472E-5,2.1809126873070268E-5,2.2919451681255151E-5,2.1809126873070268E-5,2.2023542497881472E-5,2.0154543707854473E-5],[2.2023542497881472E-5,2.3933058104540364E-5,2.3752806944616564E-5,2.487011423598842E-5,2.3752806944616564E-5,2.3933058104540364E-5,2.2023542497881472E-5],[2.1809126873070268E-5,2.3752806944616564E-5,2.4313839979773643E-5,2.4875898806520322E-5,2.4313839979773643E-5,2.3752806944616564E-5,2.1809126873070268E-5],[2.2919451681255151E-5,2.487011423598842E-5,2.4875898806520322E-5,2.5920760805065295E-5,2.4875898806520322E-5,2.487011423598842E-5,2.2919451681255151E-5],[2.1809126873070268E-5,2.3752806944616564E-5,2.4313839979773643E-5,2.4875898806520322E-5,2.4313839979773643E-5,2.3752806944616564E-5,2.1809126873070268E-5],[2.2023542497881472E-5,2.3933058104540364E-5,2.3752806944616564E-5,2.487011423598842E-5,2.3752806944616564E-5,2.393