{"M_cells":[[[0,0,0,0,0],[0,0,0,0,0],[0,0,0,0,0],[0,0,0,0,0],[0,0,0,0,0]],[[0.00021870967298314421,0.00053313283166655536,0.00062639851784641941,0.00053313283166655536,0.00021870967298314421],[0.00053313283166655536,0.0010977906851429352,0.0012697805812421166,0.0010977906851429352,0.00053313283166655536],[0.00062639851784641941,0.0012697805812421166,0.00146801068187459,0.0012697805812421166,0.00062639851784641952],[0.00053313283166655536,0.0010977906851429352,0.0012697805812421166,0.0010977906851429352,0.00053313283166655536],[0.00021870967298314421,0.00053313283166655536,0.00062639851784641952,0.00053313283166655536,0.00021870967298314421]],[[0.0011970110827607405,0.0019621268320566196,0.0022003667191470926,0.0019621268320566196,0.0011970110827607405],[0.0019621268320566196,0.0029527112564939673,0.0032680129062831144,0.0029527112564939673,0.0019621268320566196],[0.0022003667191470926,0.0032680129062831144,0.0036090026524572814,0.0032680129062831144,0.002200366719147093],[0.0019621268320566196,0.0029527112564939673,0.0032680129062831144,0.0029527112564939678,0.00196212683205662],[0.0011970110827607405,0.0019621268320566196,0.002200366719147093,0.00196212683205662,0.0011970110827607405]],[[0.0029209341813177581,0.0040546062405086873,0.0044173025266458811,0.0040546062405086873,0.0029209341813177581],[0.0040546062405086873,0.005356560007720201,0.0057799796109352531,0.005356560007720201,0.0040546062405086873],[0.0044173025266458811,0.0057799796109352531,0.006223641367023542,0.0057799796109352531,0.0044173025266458811],[0.0040546062405086873,0.005356560007720201,0.0057799796109352531,0.005356560007720201,0.0040546062405086873],[0.0029209341813177581,0.0040546062405086873,0.0044173025266458811,0.0040546062405086873,0.0029209341813177586]],[[0.0052212831811565734,0.0066292767541419667,0.0070867220728137309,0.0066292767541419667,0.0052212831811565734],[0.0066292767541419667,0.0081565081076548016,0.0086590050334818883,0.0081565081076548016,0.0066292767541419667],[0.0070867220728137309,0.0086590050334818883,0.0091765200290518534,0.0086590050334818883,0.0070867220728137309],[0.0066292767541419667,0.0081565081076548016,0.0086590050334818883,0.0081565081076548016,0.0066292767541419667],[0.0052212831811565734,0.0066292767541419667,0.0070867220728137309,0.0066292767541419667,0.0052212831811565734]],[[0.0079447652979040412,0.0095521132491162251,0.010079072878374007,0.0095521132491162251,0.0079447652979040412],[0.0095521132491162251,0.01124175934591231,0.011801485893737465,0.01124175934591231,0.0095521132491162251],[0.010079072878374007,0.011801485893737465,0.012372135401034422,0.011801485893737465,0.010079072878374007],[0.0095521132491162251,0.01124175934591231,0.011801485893737465,0.01124175934591231,0.0095521132491162251],[0.0079447652979040412,0.0095521132491162251,0.010079072878374007,0.0095521132491162251,0.0079447652979040412]],[[0.010974553560982977,0.012725800042633444,0.013303126058822428,0.012725800042633444,0.010974553560982977],[0.012725800042633444,0.014532411482008734,0.01513340803664882,0.014532411482008734,0.012725800042633444],[0.013303126058822428,0.01513340803664882,0.015742295248194486,0.01513340803664882,0.013303126058822428],[0.012725800042633444,0.014532411482008734,0.01513340803664882,0.014532411482008734,0.012725800042633444],[0.010974553560982977,0.012725800042633444,0.013303126058822428,0.012725800042633444,0.010974553560982977]],[[0.0142251967035101,0.016080115508177565,0.016693779555297127,0.016080115508177565,0.0142251967035101],[0.016080115508177565,0.01797094528244535,0.018601670609278618,0.01797094528244535,0.016080115508177565],[0.016693779555297127,0.018601670609278618,0.019238083374662703,0.018601670609278618,0.01669377955529713],[0.016080115508177565,0.01797094528244535,0.018601670609278618,0.01797094528244535,0.016080115508177565],[0.0142251967035101,0.016080115508177565,0.01669377955529713,0.016080115508177565,0.0142251967035101]],[[0.017634915778779309,0.019564496890134161,0.020204343560224113,0.019564496890134161,0.017634915778779309],[0.019564496890134161,0.021515976994345886,0.022168114132492419,0.021515976994345886,0.019564496890134161],[0.020204343560224113,0.022168114132492419,0.022824348342194229,0.022168114132492419,0.020204343560224113],[0.019564496890134161,0.021515976994345886,0.022168114132492419,0.021515976994345886,0.019564496890134161],[0.017634915778779309,0.019564496890134161,0.020204343560224113,0.019564496890134161,0.017634915778779309]],[[0.021159202122205858,0.023142560826267165,0.023801268774874054,0.023142560826267165,0.021159202122205858],[0.023142560826267165,0.025137734342167553,0.025805296674789938,0.025137734342167553,0.023142560826267165],[0.023801268774874054,0.025805296674789938,0.026475810647905308,0.025805296674789938,0.023801268774874054],[0.023142560826267165,0.025137734342167553,0.025805296674789938,0.025137734342167553,0.023142560826267165],[0.021159202122205858,0.023142560826267165,0.023801268774874054,0.023142560826267165,0.021159202122205858]],[[0.024766022044705502,0.0267881299255282,0.027460428155449069,0.0267881299255282,0.024766022044705502],[0.0267881299255282,0.02881479609938286,0.029493475590115611,0.02881479609938286,0.0267881299255282],[0.027460428155449069,0.029493475590115611,0.03017428229671959,0.029493475590115614,0.027460428155449069],[0.0267881299255282,0.02881479609938286,0.029493475590115614,0.02881479609938286,0.0267881299255282],[0.024766022044705502,0.0267881299255282,0.027460428155449069,0.0267881299255282,0.024766022044705502]],[[0.028432324922743994,0.030482367642442422,0.031164462593361482,0.030482367642442422,0.028432324922743994],[0.030482367642442422,0.032531746154145558,0.033218442459620454,0.032531746154145565,0.030482367642442422],[0.031164462593361482,0.033218442459620454,0.0339066726427475,0.033218442459620461,0.031164462593361482],[0.030482367642442422,0.032531746154145565,0.033218442459620461,0.032531746154145565,0.030482367642442422],[0.028432324922743994,0.030482367642442422,0.031164462593361482,0.030482367642442422,0.028432324922743994]],[[0.032141522295790842,0.034211716340702837,0.03490087757898877,0.034211716340702837,0.032141522295790842],[0.034211716340702837,0.036277486456425964,0.036969967799550724,0.036277486456425964,0.034211716340702837],[0.03490087757898877,0.036969967799550724,0.037663555911100724,0.036969967799550724,0.03490087757898877],[0.034211716340702837,0.036277486456425964,0.036969967799550724,0.036277486456425964,0.034211716340702837],[0.032141522295790842,0.034211716340702837,0.03490087757898877,0.034211716340702837,0.032141522295790842]],[[0.0358816729857761,0.037966414334175767,0.038660676065179124,0.037966414334175767,0.0358816729857761],[0.037966414334175767,0.040044023948480383,0.040740683147883587,0.040044023948480383,0.037966414334175767],[0.038660676065179124,0.040740683147883587,0.041438141551544044,0.040740683147883587,0.038660676065179124],[0.037966414334175767,0.040044023948480383,0.040740683147883587,0.040044023948480383,0.037966414334175767],[0.0358816729857761,0.037966414334175767,0.038660676065179124,0.037966414334175767,0.0358816729857761]],[[0.039644177646209082,0.041739429513202,0.042437375814854329,0.041739429513202,0.039644177646209082],[0.041739429513202,0.043825598298959857,0.044525277312166954,0.043825598298959857,0.041739429513202],[0.042437375814854329,0.044525277312166954,0.045225533930577648,0.044525277312166954,0.042437375814854329],[0.041739429513202,0.043825598298959857,0.044525277312166954,0.043825598298959857,0.041739429513202],[0.039644177646209082,0.041739429513202,0.042437375814854329,0.041739429513202,0.039644177646209082]],[[0.04342283997160172,0.045525692530864872,0.046226302888306231,0.045525692530864872,0.04342283997160172],[0.045525692530864872,0.047618054651660427,0.048319918398479392,0.047618054651660427,0.045525692530864872],[0.046226302888306231,0.048319918398479392,0.049022199966779784,0.048319918398479392,0.046226302888306231],[0.045525692530864872,0.047618054651660427,0.048319918398479392,0.047618054651660427,0.045525692530864872],[0.04342283997160172,0.045525692530864872,0.046226302888306231,0.045525692530864872,0.04342283997160172]],[[0.047213191597761828,0.049321545362653395,0.050024083581891067,0.049321545362653395,0.047213191597761828],[0.049321545362653395,0.051418392523923023,0.052121838144561713,0.051418392523923023,0.049321545362653395],[0.050024083581891067,0.052121838144561713,0.052825586250408396,0.052121838144561713,0.050024083581891067],[0.049321545362653395,0.051418392523923023,0.052121838144561713,0.051418392523923023,0.049321545362653395],[0.047213191597761828,0.049321545362653395,0.050024083581891067,0.049321545362653395,0.047213191597761828]],[[0.05101200659707205,0.053124344710290192,0.053828279025347071,0.053124344710290192,0.05101200659707205],[0.053124344710290192,0.055224441350777316,0.055929032941362679,0.055224441350777316,0.053124344710290192],[0.053828279025347071,0.055929032941362679,0.05663384363687031,0.055929032941362679,0.053828279025347071],[0.053124344710290192,0.055224441350777316,0.055929032941362679,0.055224441350777316,0.053124344710290192],[0.05101200659707205,0.053124344710290192,0.053828279025347071,0.053124344710290192,0.05101200659707205]],[[0.054816952288607043,0.056932176735754937,0.057637122344532388,0.056932176735754937,0.054816952288607043],[0.056932176735754937,0.059034627087788956,0.05974004875422869,0.059034627087788956,0.056932176735754937],[0.057637122344532388,0.05974004875422869,0.060445629116045313,0.05974004875422869,0.057637122344532388],[0.056932176735754937,0.059034627087788956,0.05974004875422869,0.059034627087788956,0.056932176735754937],[0.054816952288607043,0.056932176735754937,0.057637122344532388,0.056932176735754937,0.054816952288607043]],[[0.058626338058148451,0.060743651843294603,0.061449329570105134,0.060743651843294603,0.058626338058148451],[0.060743651843294603,0.062847804288313977,0.063553826371551839,0.062847804288313977,0.060743651843294603],[0.061449329570105134,0.063553826371551839,0.0642599632471758,0.063553826371551853,0.061449329570105141],[0.060743651843294603,0.062847804288313977,0.063553826371551853,0.062847804288313991,0.06074365184329461],[0.058626338058148451,0.060743651843294603,0.061449329570105141,0.06074365184329461,0.058626338058148451]],[[0.062438934649641405,0.06455775701925269,0.065263963573008912,0.06455775701925269,0.062438934649641405],[0.06455775701925269,0.06666313526056919,0.067369590032716156,0.06666313526056919,0.06455775701925269],[0.065263963573008912,0.067369590032716156,0.06807612754938526,0.067369590032716156,0.065263963573008912],[0.06455775701925269,0.06666313526056919,0.067369590032716156,0.0666631352605692,0.0645577570192527],[0.062438934649641405,0.06455775701925269,0.065263963573008912,0.0645577570192527,0.062438934649641419]],[[0.066253844128878178,0.068373749559332037,0.069080336129616171,0.068373749559332037,0.066253844128878178],[0.068373749559332037,0.070480003078129752,0.071186767248714311,0.070480003078129752,0.068373749559332037],[0.069080336129616171,0.071186767248714311,0.071893590623129638,0.071186767248714311,0.069080336129616171],[0.068373749559332037,0.070480003078129752,0.071186767248714311,0.070480003078129752,0.068373749559332037],[0.066253844128878178,0.068373749559332037,0.069080336129616171,0.068373749559332037,0.066253844128878192]],[[0.0700704062833683,0.072191080555772058,0.072897937404277122,0.072191080555772058,0.0700704062833683],[0.072191080555772058,0.074297948932687055,0.07500493105171778,0.074297948932687055,0.072191080555772058],[0.072897937404277122,0.07500493105171778,0.0757119549303702,0.07500493105171778,0.072897937404277122],[0.072191080555772058,0.074297948932687055,0.07500493105171778,0.074297948932687055,0.072191080555772058],[0.0700704062833683,0.072191080555772058,0.072897937404277122,0.072191080555772058,0.0700704062833683]],[[0.07388813122150957,0.076009339782867752,0.076716385145746385,0.076009339782867752,0.07388813122150957],[0.076009339782867752,0.078116626989006469,0.078823758370908117,0.078116626989006469,0.076009339782867752],[0.076716385145746385,0.078823758370908117,0.079530918427918276,0.078823758370908117,0.076716385145746385],[0.076009339782867752,0.078116626989006469,0.078823758370908117,0.078116626989006469,0.076009339782867752],[0.07388813122150957,0.076009339782867752,0.076716385145746385,0.076009339782867752,0.07388813122150957]],[[0.077706650809284683,0.079828215967194638,0.080535388056859433,0.079828215967194638,0.077706650809284683],[0.079828215967194638,0.08193577182235412,0.082643000001169545,0.08193577182235412,0.079828215967194638],[0.080535388056859433,0.082643000001169545,0.083350246877986464,0.082643000001169545,0.080535388056859433],[0.079828215967194638,0.08193577182235412,0.082643000001169545,0.08193577182235412,0.079828215967194638],[0.077706650809284683,0.079828215967194638,0.080535388056859433,0.079828215967194638,0.077706650809284683]],[[0.081525683649717642,0.083647468117159646,0.084354719352221108,0.083647468117159646,0.081525683649717642],[0.083647468117159646,0.085755174899557085,0.086462458903592665,0.085755174899557085,0.083647468117159646],[0.084354719352221108,0.086462458903592665,0.087169753831896651,0.086462458903592665,0.084354719352221108],[0.083647468117159646,0.085755174899557085,0.086462458903592665,0.085755174899557085,0.083647468117159646],[0.081525683649717642,0.083647468117159646,0.084354719352221108,0.083647468117159646,0.081525683649717642]],[[0.085345009796587837,0.087466904800330814,0.088174197636914267,0.087466904800330814,0.085345009796587837],[0.087466904800330814,0.089574667557711818,0.090281974491543238,0.089574667557711818,0.087466904800330814],[0.088174197636914267,0.090281974491543238,0.0909892861254957,0.090281974491543238,0.088174197636914267],[0.087466904800330814,0.089574667557711818,0.090281974491543238,0.089574667557711818,0.087466904800330814],[0.085345009796587837,0.087466904800330814,0.088174197636914267,0.087466904800330814,0.085345009796587837]],[[0.089164452462533988,0.09128636912984231,0.091993673043320637,0.09128636912984231,0.089164452462533988],[0.09128636912984231,0.093394108648500326,0.0941014112138633,0.093394108648500326,0.09128636912984231],[0.091993673043320637,0.0941014112138633,0.0948087133307287,0.0941014112138633,0.091993673043320637],[0.09128636912984231,0.093394108648500326,0.0941014112138633,0.093394108648500326,0.09128636912984231],[0.089164452462533988,0.09128636912984231,0.091993673043320637,0.09128636912984231,0.089164452462533988]],[[0.092983864750075917,0.095105727848765725,0.095813017141471168,0.095105727848765725,0.092983864750075917],[0.095105727848765725,0.097213375529455692,0.097920650219846292,0.097213375529455692,0.095105727848765725],[0.095813017141471168,0.097920650219846292,0.098627920043563119,0.097920650219846292,0.095813017141471168],[0.095105727848765725,0.097213375529455692,0.097920650219846292,0.097213375529455692,0.095105727848765725],[0.092983864750075917,0.095105727848765725,0.095813017141471168,0.095105727848765725,0.092983864750075917]],[[0.09680311998673502,0.098924863352765915,0.09963211555405338,0.098924863352765915,0.09680311998673502],[0.098924863352765915,0.10103235745274478,0.10173958323078452,0.10103235745274478,0.098924863352765915],[0.09963211555405338,0.10173958323078452,0.10244680020176986,0.10173958323078452,0.09963211555405338],[0.098924863352765915,0.10103235745274478,0.10173958323078452,0.10103235745274478,0.098924863352765915],[0.09680311998673502,0.098924863352765915,0.09963211555405338,0.098924863352765915,0.09680311998673502]],[[0.10062210464259105,0.10274366781571359,0.10345086250624118,0.10274366781571359,0.10062210464259105],[0.10274366781571359,0.10485095066736086,0.10555810798740858,0.10485095066736086,0.10274366781571359],[0.10345086250624118,0.10555810798740858,0.10626525285128446,0.10555810798740858,0.10345086250624118],[0.10274366781571359,0.10485095066736086,0.10555810798740858,0.10485095066736086,0.10274366781571359],[0.10062210464259105,0.10274366781571359,0.10345086250624118,0.10274366781571359,0.10062210464259105]],[[0.10444071309444419,0.10656203881637108,0.10726915675536933,0.10656203881637108,0.10444071309444419],[0.10656203881637108,0.1086690547415126,0.10937612481836756,0.1086690547415126,0.10656203881637108],[0.10726915675536933,0.10937612481836756,0.11008317894181176,0.10937612481836756,0.10726915675536933],[0.10656203881637108,0.1086690547415126,0.10937612481836756,0.1086690547415126,0.10656203881637108],[0.10444071309444419,0.10656203881637108,0.10726915675536933,0.10656203881637108,0.10444071309444419]],[[0.10825884370607648,0.11037987603196583,0.11108689850012982,0.11037987603196583,0.10825884370607648],[0.11037987603196583,0.11248656974917134,0.1131935340013243,0.11248656974917134,0.11037987603196583],[0.11108689850012982,0.1131935340013243,0.11390047884877667,0.1131935340013243,0.11108689850012982],[0.11037987603196583,0.11248656974917134,0.1131935340013243,0.11248656974917134,0.11037987603196583],[0.10825884370607648,0.11037987603196583,0.11108689850012982,0.11037987603196583,0.10825884370607648]],[[0.11207639584170659,0.11419707868493593,0.11490398697981029,0.11419707868493593,0.11207639584170659],[0.11419707868493593,0.11630339406318167,0.11701023367888506,0.11630339406318167,0.11419707868493593],[0.11490398697981029,0.11701023367888506,0.11771705040218083,0.11701023367888506,0.11490398697981029],[0.11419707868493593,0.11630339406318167,0.11701023367888506,0.11630339406318167,0.11419707868493593],[0.11207639584170659,0.11419707868493593,0.11490398697981029,0.11419707868493593,0.11207639584170659]],[[0.11589326753584081,0.11801354351581404,0.11872031855403299,0.11801354351581404,0.11589326753584081],[0.11801354351581404,0.12011942256822576,0.12082611815690454,0.12011942256822576,0.11801354351581404],[0.11872031855403299,0.12082611815690454,0.12153278726307658,0.12082611815690454,0.11872031855403299],[0.11801354351581404,0.12011942256822576,0.12082611815690454,0.12011942256822576,0.11801354351581404],[0.11589326753584081,0.11801354351581404,0.11872031855403299,0.11801354351581404,0.11589326753584081]],[[0.11970935361893947,0.12182916311730894,0.1225357851105215,0.12182916311730894,0.11970935361893947],[0.12182916311730894,0.12393454515760838,0.12464107645933767,0.12393454515760838,0.12182916311730894],[0.1225357851105215,0.12464107645933767,0.12534757753127909,0.12464107645933767,0.1225357851105215],[0.12182916311730894,0.12393454515760838,0.12464107645933767,0.12393454515760838,0.12182916311730894],[0.11970935361893947,0.12182916311730894,0.1225357851105215,0.12182916311730894,0.11970935361893947]],[[0.12352454415289879,0.12564382450920469,0.12635027268958002,0.12564382450920469,0.12352454415289879],[0.12564382450920469,0.12774864541422726,0.1284549910473454,0.12774864541422726,0.12564382450920469],[0.12635027268958002,0.1284549910473454,0.12916130249879271,0.1284549910473454,0.12635027268958002],[0.12564382450920469,0.12774864541422726,0.1284549910473454,0.12774864541422726,0.12564382450920469],[0.12352454415289879,0.12564382450920469,0.12635027268958002,0.12564382450920469,0.12352454415289879]],[[0.12733872306959479,0.12945740786568405,0.13016366024325515,0.12945740786568405,0.12733872306959479],[0.12945740786568405,0.13156159940214027,0.13226773663428809,0.13156159940214027,0.12945740786568405],[0.13016366024325515,0.13226773663428809,0.13297383548542546,0.13226773663428809,0.13016366024325515],[0.12945740786568405,0.13156159940214027,0.13226773663428809,0.13156159940214027,0.12945740786568405],[0.12733872306959479,0.12945740786568405,0.13016366024325515,0.12945740786568405,0.12733872306959479]],[[0.13115176693374855,0.13326978532935838,0.13397581846810022,0.13326978532935838,0.13115176693374855],[0.13326978532935838,0.13537327451359052,0.13607917904521497,0.13537327451359052,0.13326978532935838],[0.13397581846810022,0.13607917904521497,0.13678504070865402,0.13607917904521497,0.13397581846810022],[0.13326978532935838,0.13537327451359052,0.13607917904521497,0.13537327451359052,0.13326978532935838],[0.13115176693374855,0.13326978532935838,0.13397581846810022,0.13326978532935838,0.13115176693374855]],[[0.1349635437713077,0.13708081986262433,0.13778660866545817,0.13708081986262433,0.1349635437713077],[0.13708081986262433,0.13918352832962391,0.13988917408164653,0.13918352832962391,0.13708081986262433],[0.13778660866545817,0.13988917408164653,0.14059477215098276,0.13988917408164653,0.13778660866545817],[0.13708081986262433,0.13918352832962391,0.13988917408164653,0.13918352832962391,0.13708081986262433],[0.1349635437713077,0.13708081986262433,0.13778660866545817,0.13708081986262433,0.1349635437713077]],[[0.13877391191890195,0.14089036409842429,0.14159588159355391,0.14089036409842429,0.13877391191890195],[0.14089036409842429,0.14299220746164873,0.14369756636084963,0.14299220746164873,0.14089036409842429],[0.14159588159355391,0.14369756636084963,0.14440287239572941,0.14369756636084963,0.14159588159355391],[0.14089036409842429,0.14299220746164873,0.14369756636084963,0.14299220746164873,0.14089036409842429],[0.13877391191890195,0.14089036409842429,0.14159588159355391,0.14089036409842429,0.13877391191890195]],[[0.14258271885974588,0.1446982591604819,0.14540347628332448,0.1446982591604819,0.14258271885974588],[0.1446982591604819,0.14679914634778268,0.14750418810482374,0.14679914634778268,0.1446982591604819],[0.14540347628332448,0.14750418810482374,0.14820917140766524,0.14750418810482374,0.14540347628332448],[0.1446982591604819,0.14679914634778268,0.14750418810482374,0.14679914634778268,0.1446982591604819],[0.14258271885974588,0.1446982591604819,0.14540347628332448,0.1446982591604819,0.14258271885974588]],[[0.1463898000186401,0.14850433342893551,0.14920921879482096,0.14850433342893551,0.1463898000186401],[0.14850433342893551,0.15060416598242599,0.15130885785829604,0.15060416598242599,0.14850433342893551],[0.14920921879482096,0.15130885785829604,0.15201348523864902,0.15130885785829604,0.14920921879482096],[0.14850433342893551,0.15060416598242599,0.15130885785829604,0.15060416598242599,0.14850433342893551],[0.1463898000186401,0.14850433342893551,0.14920921879482096,0.14850433342893551,0.1463898000186401]],[[0.15019497749349575,0.15230840123101808,0.15301292089477633,0.15230840123101808,0.15019497749349575],[0.15230840123101808,0.15440707256052405,0.15511137911785355,0.15440707256052405,0.15230840123101808],[0.15301292089477633,0.15511137911785355,0.15581561464095739,0.15511137911785355,0.15301292089477633],[0.15230840123101808,0.15440707256052405,0.15511137911785355,0.15440707256052405,0.15230840123101808],[0.15019497749349575,0.15230840123101808,0.15301292089477633,0.15230840123101808,0.15019497749349575]],[[0.15399805870419866,0.15611026143914314,0.15681437863817463,0.15611026143914314,0.15399805870419866],[0.15611026143914314,0.15820765602005968,0.1589115388561696,0.15820765602005968,0.15611026143914314],[0.15681437863817463,0.1589115388561696,0.15961534357266138,0.1589115388561696,0.15681437863817463],[0.15611026143914314,0.15820765602005968,0.1589115388561696,0.15820765602005968,0.15611026143914314],[0.15399805870419866,0.15611026143914314,0.15681437863817463,0.15611026143914314,0.15399805870419866]],[[0.1577988349419405,0.15990969596057186,0.1606133708384361,0.15990969596057186,0.1577988349419405],[0.15990969596057186,0.16200568846779687,0.16270910592665361,0.16200568846779687,0.15990969596057186],[0.1606133708384361,0.16270910592665361,0.16341243758064569,0.16270910592665361,0.1606133708384361],[0.15990969596057186,0.16200568846779687,0.16270910592665361,0.16200568846779687,0.15990969596057186],[0.1577988349419405,0.15990969596057186,0.1606133708384361,0.15990969596057186,0.1577988349419405]],[[0.16159707980376703,0.16370646810416289,0.16440965741187408,0.16370646810416289,0.16159707980376703],[0.16370646810416289,0.16580092247433742,0.16650382933477093,0.16580092247433742,0.16370646810416289],[0.16440965741187408,0.16650382933477093,0.16720664204770944,0.16650382933477093,0.16440965741187408],[0.16370646810416289,0.16580092247433742,0.16650382933477093,0.16580092247433742,0.16370646810416289],[0.16159707980376703,0.16370646810416289,0.16440965741187408,0.16370646810416289,0.16159707980376703]],[[0.1653925474981508,0.16750032081051461,0.16820297758306366,0.16750032081051461,0.1653925474981508],[0.16750032081051461,0.16959308922531369,0.17029543636305411,0.16959308922531369,0.16750032081051461],[0.16820297758306366,0.17029543636305411,0.17099768029092766,0.17029543636305411,0.16820297758306366],[0.16750032081051461,0.16959308922531369,0.17029543636305411,0.16959308922531369,0.16750032081051461],[0.1653925474981508,0.16750032081051461,0.16820297758306366,0.16750032081051461,0.1653925474981508]],[[0.16918497100831276,0.1712909747328076,0.17199304793843648,0.1712909747328076,0.16918497100831276],[0.1712909747328076,0.17338189651645347,0.17408363053766318,0.17338189651645347,0.1712909747328076],[0.17199304793843648,0.17408363053766318,0.17478525149928703,0.17408363053766318,0.17199304793843648],[0.1712909747328076,0.17338189651645347,0.17408363053766318,0.17338189651645347,0.1712909747328076],[0.16918497100831276,0.1712909747328076,0.17199304793843648,0.1712909747328076,0.16918497100831276]],[[0.17297406010104918,0.17507812615645615,0.17577956031651615,0.17507812615645615,0.17297406010104918],[0.17507812615645615,0.17716702658123928,0.17786808942543775,0.17716702658123928,0.17507812615645615],[0.17577956031651615,0.17786808942543775,0.17856902849973494,0.17786808942543775,0.17577956031651615],[0.17507812615645615,0.17716702658123928,0.17786808942543775,0.17716702658123928,0.17507812615645615],[0.17297406010104918,0.17507812615645615,0.17577956031651615,0.17507812615645615,0.17297406010104918]],[[0.1767594991696258,0.17886144474700988,0.17956217952436904,0.17886144474700988,0.1767594991696258],[0.17886144474700988,0.18094813374136884,0.18164846225188663,0.18094813374136884,0.17886144474700988],[0.17956217952436904,0.18164846225188663,0.18234865534235753,0.18164846225188663,0.17956217952436904],[0.17886144474700988,0.18094813374136884,0.18164846225188663,0.18094813374136884,0.17886144474700988],[0.1767594991696258,0.17886144474700988,0.17956217952436904,0.17886144474700988,0.1767594991696258]],[[0.18054094490099873,0.18264057111732152,0.18334054087168028,0.18264057111732152,0.18054094490099873],[0.18264057111732152,0.18472484187219224,0.18542436733267759,0.18472484187219224,0.18264057111732152],[0.18334054087168028,0.18542436733267759,0.1861237446976346,0.18542436733267759,0.18334054087168028],[0.18264057111732152,0.18472484187219224,0.18542436733267759,0.18472484187219224,0.18264057111732152],[0.18054094490099873,0.18264057111732152,0.18334054087168028,0.18264057111732152,0.18054094490099873]],[[0.18431802375952241,0.18641511420770543,0.18711424751653596,0.18641511420770543,0.18431802375952241],[0.18641511420770543,0.18849674167845326,0.18919538931445629,0.18849674167845326,0.18641511420770543],[0.18711424751653596,0.18919538931445629,0.18989387506216038,0.18919538931445629,0.18711424751653596],[0.18641511420770543,0.18849674167845326,0.18919538931445629,0.18849674167845326,0.18641511420770543],[0.18431802375952241,0.18641511420770543,0.18711424751653596,0.18641511420770543,0.18431802375952241]],[[0.18809032928237945,0.19018464847607358,0.19088286762050627,0.19018464847607358,0.18809032928237945],[0.19018464847607358,0.1922633877796083,0.19296107622501688,0.1922633877796083,0.19018464847607358],[0.19088286762050627,0.19296107622501688,0.19365858777362718,0.19296107622501688,0.19088286762050627],[0.19018464847607358,0.1922633877796083,0.19296107622501688,0.1922633877796083,0.19018464847607358],[0.18809032928237945,0.19018464847607358,0.19088286762050627,0.19018464847607358,0.18809032928237945]],[[0.19185741918599142,0.19394871090015642,0.19464593131613089,0.19394871090015642,0.19185741918599142],[0.19394871090015642,0.1960242956100163,0.19672093633916077,0.1960242956100163,0.19394871090015642],[0.19464593131613089,0.19672093633916077,0.19741738384249102,0.19672093633916077,0.19464593131613089],[0.19394871090015642,0.1960242956100163,0.19672093633916077,0.1960242956100163,0.19394871090015642],[0.19185741918599142,0.19394871090015642,0.19464593131613089,0.19394871090015642,0.19185741918599142]],[[0.19561881228844152,0.1977067978003928,0.19840292749648922,0.1977067978003928,0.19561881228844152],[0.1977067978003928,0.19977893814683373,0.20047443487445149,0.19977893814683373,0.1977067978003928],[0.19840292749648922,0.20047443487445149,0.2011697206159791,0.20047443487445149,0.19840292749648922],[0.1977067978003928,0.19977893814683373,0.20047443487445149,0.19977893814683373,0.1977067978003928],[0.19561881228844152,0.1977067978003928,0.19840292749648922,0.1977067978003928,0.19561881228844152]],[[0.19937398526062872,0.20145836150125054,0.20215330044617494,0.20145836150125054,0.19937398526062872],[0.20145836150125054,0.20352674248901428,0.20422099054209492,0.20352674248901428,0.20145836150125054],[0.20215330044617494,0.20422099054209492,0.20491500830159226,0.20422099054209492,0.20215330044617494],[0.20145836150125054,0.20352674248901428,0.20422099054209492,0.20352674248901428,0.20145836150125054],[0.19937398526062872,0.20145836150125054,0.20215330044617494,0.20145836150125054,0.19937398526062872]],[[0.20312236922908855,0.20520280686029796,0.20589644634515855,0.20520280686029796,0.20312236922908855],[0.20520280686029796,0.20726708632410171,0.20795997199204891,0.20726708632410171,0.20520280686029796],[0.20589644634515855,0.20795997199204891,0.20865260639170716,0.20795997199204891,0.20589644634515855],[0.20520280686029796,0.20726708632410171,0.20795997199204891,0.20726708632410171,0.20520280686029796],[0.20312236922908855,0.20520280686029796,0.20589644634515855,0.20520280686029796,0.20312236922908855]],[[0.2068633462666207,0.2089394877094545,0.20963170969263412,0.2089394877094545,0.2068633462666207],[0.2089394877094545,0.21099929433658998,0.21169069420918923,0.21099929433658998,0.2089394877094545],[0.20963170969263412,0.21169069420918923,0.21238182004928388,0.21169069420918923,0.20963170969263412],[0.2089394877094545,0.21099929433658998,0.21169069420918923,0.21099929433658998,0.2089394877094545],[0.2068633462666207,0.2089394877094545,0.20963170969263412,0.2089394877094545,0.2068633462666207]],[[0.21059624582368702,0.21266770327194387,0.21335837971778568,0.21266770327194387,0.21059624582368702],[0.21266770327194387,0.2147226346330765,0.2154124149395879,0.2147226346330765,0.21266770327194387],[0.21335837971778568,0.2154124149395879,0.216101896537707,0.2154124149395879,0.21335837971778568],[0.21266770327194387,0.2147226346330765,0.2154124149395879,0.2147226346330765,0.21266770327194387],[0.21059624582368702,0.21266770327194387,0.21335837971778568,0.21266770327194387,0.21059624582368702]],[[0.21432034117473611,0.21638669464197557,0.21707568686869405,0.21638669464197557,0.21432034117473611],[0.21638669464197557,0.21843631528551216,0.21912433125289502,0.21843631528551216,0.21638669464197557],[0.21707568686869405,0.21912433125289502,0.21981202180560067,0.21912433125289502,0.21707568686869405],[0.21638669464197557,0.21843631528551216,0.21912433125289502,0.21843631528551216,0.21638669464197557],[0.21432034117473611,0.21638669464197557,0.21707568686869405,0.21638669464197557,0.21432034117473611]],[[0.21803484597911385,0.2200956414424502,0.22078279949978993,0.2200956414424502,0.21803484597911385],[0.2200956414424502,0.2221394811248936,0.2228255763787759,0.2221394811248936,0.2200956414424502],[0.22078279949978993,0.2228255763787759,0.22351131737034294,0.2228255763787759,0.22078279949978993],[0.2200956414424502,0.2221394811248936,0.2228255763787759,0.2221394811248936,0.2200956414424502],[0.21803484597911385,0.2200956414424502,0.22078279949978993,0.2200956414424502,0.21803484597911385]],[[0.22173891108690705,0.2237936588095224,0.22447882091272447,0.2237936588095224,0.22173891108690705],[0.2237936588095224,0.22583121095398179,0.22651521699250984,0.22583121095398179,0.2237936588095224],[0.22447882091272447,0.22651521699250984,0.22719883768206933,0.22651521699250984,0.22447882091272447],[0.2237936588095224,0.22583121095398179,0.22651521699250984,0.22583121095398179,0.2237936588095224],[0.22173891108690705,0.2237936588095224,0.22447882091272447,0.2237936588095224,0.22173891108690705]],[[0.22543162175565215,0.22747979489067691,0.22816278694414729,0.22747979489067691,0.22543162175565215],[0.22747979489067691,0.22951051538775266,0.23019225116575298,0.22951051538775266,0.22747979489067691],[0.22816278694414729,0.23019225116575298,0.23087356819161667,0.23019225116575298,0.22816278694414729],[0.22747979489067691,0.22951051538775266,0.23019225116575298,0.22951051538775266,0.22747979489067691],[0.22543162175565215,0.22747979489067691,0.22816278694414729,0.22747979489067691,0.22543162175565215]],[[0.22911199548304595,0.23115302908451074,0.23183366433615976,0.23115302908451074,0.22911199548304595],[0.23115302908451074,0.23317633557329179,0.23385560724201224,0.23317633557329179,0.23115302908451074],[0.23183366433615976,0.23385560724201224,0.23453442438987918,0.23385560724201224,0.23183366433615976],[0.23115302908451074,0.23317633557329179,0.23385560724201224,0.23317633557329179,0.23115302908451074],[0.22911199548304595,0.23115302908451074,0.23183366433615976,0.23115302908451074,0.22911199548304595]],[[0.23277898070318523,0.23481227129324547,0.235490350168236,0.23481227129324547,0.23277898070318523],[0.23481227129324547,0.23682754308358481,0.23750414393912522,0.23682754308358481,0.23481227129324547],[0.235490350168236,0.23750414393912522,0.23818025212873867,0.23750414393912522,0.235490350168236],[0.23481227129324547,0.23682754308358481,0.23750414393912522,0.23682754308358481,0.23481227129324547],[0.23277898070318523,0.23481227129324547,0.235490350168236,0.23481227129324547,0.23277898070318523]],[[0.23643145663544976,0.23845636249964769,0.23913167266991214,0.23845636249964769,0.23643145663544976],[0.23845636249964769,0.24046294131792195,0.24113665201863085,0.24046294131792195,0.23845636249964769],[0.23913167266991214,0.24113665201863085,0.24180982957046515,0.24113665201863085,0.23913167266991214],[0.23845636249964769,0.24046294131792195,0.24113665201863085,0.24046294131792195,0.23845636249964769],[0.23643145663544976,0.23845636249964769,0.23913167266991214,0.23845636249964769,0.23643145663544976]],[[0.24006823461281604,0.2420840770135867,0.24275639376576766,0.2420840770135867,0.24006823461281604],[0.2420840770135867,0.24408126876946479,0.24475185788792456,0.24408126876946479,0.2420840770135867],[0.24275639376576766,0.24475185788792456,0.24542187113651678,0.24475185788792456,0.24275639376576766],[0.2420840770135867,0.24408126876946479,0.24475185788792456,0.24408126876946479,0.2420840770135867],[0.24006823461281604,0.2420840770135867,0.24275639376576766,0.2420840770135867,0.24006823461281604]],[[0.24368806124324077,0.24569412675295688,0.24636321372129366,0.24569412675295688,0.24368806124324077],[0.24569412675295688,0.24768120453008505,0.24834842950749306,0.24768120453008505,0.24569412675295688],[0.24636321372129366,0.24834842950749306,0.24901503382965315,0.24834842950749306,0.24636321372129366],[0.24569412675295688,0.24768120453008505,0.24834842950749306,0.24768120453008505,0.24569412675295688],[0.24368806124324077,0.24569412675295688,0.24636321372129366,0.24569412675295688,0.24368806124324077]],[[0.24728962376736063,0.24928516792066444,0.2499507782514549,0.24928516792066444,0.24728962376736063],[0.24928516792066444,0.25126137638471041,0.25192498495288312,0.25126137638471041,0.24928516792066444],[0.2499507782514549,0.25192498495288312,0.25258792627554344,0.25192498495288312,0.2499507782514549],[0.24928516792066444,0.25126137638471041,0.25192498495288312,0.25126137638471041,0.24928516792066444],[0.24728962376736063,0.24928516792066444,0.2499507782514549,0.24928516792066444,0.24728962376736063]],[[0.25087155795829708,0.25285581040483007,0.25351768841352146,0.25285581040483007,0.25087155795829708],[0.25285581040483007,0.25482037179276329,0.2554801039198587,0.25482037179276329,0.25285581040483007],[0.25351768841352146,0.2554801039198587,0.2561391207620054,0.2554801039198587,0.25351768841352146],[0.25285581040483007,0.25482037179276329,0.2554801039198587,0.25482037179276329,0.25285581040483007],[0.25087155795829708,0.25285581040483007,0.25351768841352146,0.25285581040483007,0.25087155795829708]],[[0.25443245885631866,0.25640463015401754,0.2570625135231655,0.25640463015401754,0.25443245885631866],[0.25640463015401754,0.25835675195426588,0.25901234235309878,0.25835675195426588,0.25640463015401754],[0.2570625135231655,0.25901234235309878,0.259667168437538,0.25901234235309878,0.2570625135231655],[0.25640463015401754,0.25835675195426588,0.25901234235309878,0.25835675195426588,0.25640463015401754],[0.25443245885631866,0.25640463015401754,0.2570625135231655,0.25640463015401754,0.25443245885631866]],[[0.25797089453440347,0.25993018465640449,0.26058380720140967,0.25993018465640449,0.25797089453440347],[0.25993018465640449,0.2618690690078796,0.26252025021940917,0.2618690690078796,0.25993018465640449],[0.26058380720140967,0.26252025021940917,0.26317061766217109,0.26252025021940917,0.26058380720140967],[0.25993018465640449,0.2618690690078796,0.26252025021940917,0.2618690690078796,0.25993018465640449],[0.25797089453440347,0.25993018465640449,0.26058380720140967,0.25993018465640449,0.25797089453440347]],[[0.26148542294513077,0.26343103147887764,0.26408012647818246,0.26343103147887764,0.26148542294513077],[0.26343103147887764,0.26535588620828054,0.26600239223753797,0.26535588620828054,0.26343103147887764],[0.26408012647818246,0.26600239223753797,0.26664803528571757,0.26600239223753797,0.26408012647818246],[0.26343103147887764,0.26535588620828054,0.26600239223753797,0.26535588620828054,0.26343103147887764],[0.26148542294513077,0.26343103147887764,0.26408012647818246,0.26343103147887764,0.26148542294513077]],[[0.26497461170655406,0.26690574960441049,0.2675500536518306,0.26690574960441049,0.26497461170655406],[0.26690574960441049,0.26881580069058475,0.26945737112935214,0.26881580069058475,0.26690574960441049],[0.2675500536518306,0.26945737112935214,0.2700980303739059,0.26945737112935214,0.2675500536518306],[0.26690574960441049,0.26881580069058475,0.26945737112935214,0.26881580069058475,0.26690574960441049],[0.26497461170655406,0.26690574960441049,0.2675500536518306,0.26690574960441049,0.26497461170655406]],[[0.26843706045237864,0.27035296305664125,0.27099222034910997,0.27035296305664125,0.26843706045237864],[0.27035296305664125,0.27224746816863721,0.27288385269209359,0.27224746816863721,0.27035296305664125],[0.27099222034910997,0.27288385269209359,0.27351927963412509,0.27288385269209359,0.27099222034910997],[0.27035296305664125,0.27224746816863721,0.27288385269209359,0.27224746816863721,0.27035296305664125],[0.26843706045237864,0.27035296305664125,0.27099222034910997,0.27035296305664125,0.26843706045237864]],[[0.27187142512031731,0.27377136604398433,0.27440533297069869,0.27377136604398433,0.27187142512031731],[0.27377136604398433,0.27564962866099196,0.27628059173892039,0.27564962866099196,0.27377136604398433],[0.27440533297069869,0.27628059173892039,0.27691055354157712,0.27628059173892039,0.27440533297069869],[0.27377136604398433,0.27564962866099196,0.27628059173892039,0.27564962866099196,0.27377136604398433],[0.27187142512031731,0.27377136604398433,0.27440533297069869,0.27377136604398433,0.27187142512031731]],[[0.27527644330581386,0.277159748622215,0.27778819847835473,0.277159748622215,0.27527644330581386],[0.277159748622215,0.2790211321279869,0.27964645775162095,0.2790211321279869,0.277159748622215],[0.27778819847835473,0.27964645775162095,0.28027074197132895,0.27964645775162095,0.27778819847835473],[0.277159748622215,0.2790211321279869,0.27964645775162095,0.2790211321279869,0.277159748622215],[0.27527644330581386,0.277159748622215,0.27778819847835473,0.277159748622215,0.27527644330581386]],[[0.278650959603337