{"M_cells":[[[0,0,0,0,0,0,0],[0,0,0,0,0,0,0],[0,0,0,0,0,0,0],[0,0,0,0,0,0,0],[0,0,0,0,0,0,0],[0,0,0,0,0,0,0],[0,0,0,0,0,0,0]],[[9.1706638306550032E-7,2.567724238305693E-6,2.3510561941576624E-6,3.2104517800429585E-6,2.3510561941576624E-6,2.567724238305693E-6,9.1706638306550032E-7],[2.567724238305693E-6,5.9140991391776222E-6,5.5453275275687467E-6,7.2869014619360491E-6,5.5453275275687467E-6,5.9140991391776222E-6,2.567724238305693E-6],[2.3510561941576624E-6,5.5453275275687467E-6,6.47975323800149E-6,7.4172080379914217E-6,6.47975323800149E-6,5.5453275275687476E-6,2.3510561941576624E-6],[3.2104517800429585E-6,7.2869014619360491E-6,7.4172080379914217E-6,9.2742107003870775E-6,7.4172080379914217E-6,7.28690146193605E-6,3.2104517800429585E-6],[2.3510561941576624E-6,5.5453275275687467E-6,6.47975323800149E-6,7.4172080379914217E-6,6.47975323800149E-6,5.5453275275687476E-6,2.3510561941576624E-6],[2.567724238305693E-6,5.9140991391776222E-6,5.5453275275687476E-6,7.28690146193605E-6,5.5453275275687476E-6,5.9140991391776222E-6,2.567724238305693E-6],[9.1706638306550032E-7,2.567724238305693E-6,2.3510561941576624E-6,3.2104517800429585E-6,2.3510561941576624E-6,2.567724238305693E-6,9.1706638306550032E-7]],[[5.5915770563150469E-6,1.0268271981862724E-5,9.6685775070922858E-6,1.2226767657480105E-5,9.6685775070922858E-6,1.0268271981862724E-5,5.5915770563150469E-6],[1.0268271981862724E-5,1.6956488623561315E-5,1.6243094974740881E-5,1.9895316743650705E-5,1.6243094974740881E-5,1.6956488623561315E-5,1.0268271981862724E-5],[9.6685775070922858E-6,1.6243094974740881E-5,1.8152253517875785E-5,2.00661619368501E-5,1.8152253517875785E-5,1.6243094974740881E-5,9.6685775070922858E-6],[1.2226767657480105E-5,1.9895316743650705E-5,2.00661619368501E-5,2.3766389425270553E-5,2.00661619368501E-5,1.9895316743650705E-5,1.2226767657480105E-5],[9.6685775070922858E-6,1.6243094974740881E-5,1.8152253517875785E-5,2.00661619368501E-5,1.8152253517875785E-5,1.6243094974740881E-5,9.6685775070922858E-6],[1.0268271981862724E-5,1.6956488623561315E-5,1.6243094974740881E-5,1.9895316743650705E-5,1.6243094974740881E-5,1.6956488623561315E-5,1.0268271981862722E-5],[5.5915770563150469E-6,1.0268271981862724E-5,9.6685775070922858E-6,1.2226767657480105E-5,9.6685775070922858E-6,1.0268271981862722E-5,5.5915770563150469E-6]],[[1.5086830477875916E-5,2.3090188681634543E-5,2.2087922165956193E-5,2.659390016465898E-5,2.2087922165956193E-5,2.309018868163454E-5,1.5086830477875912E-5],[2.3090188681634543E-5,3.3110742512808711E-5,3.2072450587712941E-5,3.7679016647476749E-5,3.2072450587712941E-5,3.3110742512808711E-5,2.309018868163454E-5],[2.2087922165956193E-5,3.2072450587712941E-5,3.4963331994828585E-5,3.7860668427338382E-5,3.4963331994828585E-5,3.2072450587712941E-5,2.2087922165956193E-5],[2.659390016465898E-5,3.7679016647476749E-5,3.7860668427338382E-5,4.3389513364454815E-5,3.7860668427338382E-5,3.7679016647476749E-5,2.659390016465898E-5],[2.2087922165956193E-5,3.2072450587712941E-5,3.4963331994828585E-5,3.7860668427338382E-5,3.4963331994828585E-5,3.2072450587712941E-5,2.2087922165956193E-5],[2.309018868163454E-5,3.3110742512808711E-5,3.2072450587712941E-5,3.7679016647476749E-5,3.2072450587712941E-5,3.3110742512808711E-5,2.3090188681634543E-5],[1.5086830477875912E-5,2.309018868163454E-5,2.2087922165956193E-5,2.659390016465898E-5,2.2087922165956193E-5,2.3090188681634543E-5,1.5086830477875916E-5]],[[2.962709858330139E-5,4.1012871951514071E-5,3.9615690561702235E-5,4.6136720102510221E-5,3.9615690561702235E-5,4.1012871951514071E-5,2.9627098583301386E-5],[4.1012871951514071E-5,5.4349274184624526E-5,5.2998208519570795E-5,6.056321944569234E-5,5.2998208519570795E-5,5.4349274184624526E-5,4.1012871951514071E-5],[3.9615690561702235E-5,5.2998208519570795E-5,5.68679826721038E-5,6.0745902596631688E-5,5.6867982672103807E-5,5.29982085195708E-5,3.9615690561702235E-5],[4.6136720102510221E-5,6.056321944569234E-5,6.0745902596631688E-5,6.8089061092682743E-5,6.0745902596631688E-5,6.0563219445692347E-5,4.6136720102510221E-5],[3.9615690561702235E-5,5.2998208519570795E-5,5.6867982672103807E-5,6.0745902596631688E-5,5.6867982672103807E-5,5.29982085195708E-5,3.9615690561702235E-5],[4.1012871951514071E-5,5.4349274184624526E-5,5.29982085195708E-5,6.0563219445692347E-5,5.29982085195708E-5,5.4349274184624526E-5,4.1012871951514071E-5],[2.9627098583301386E-5,4.1012871951514071E-5,3.9615690561702235E-5,4.6136720102510221E-5,3.9615690561702235E-5,4.1012871951514071E-5,2.962709858330139E-5]],[[4.9241983909605671E-5,6.4007047333163741E-5,6.2223944467628783E-5,7.0770789321050634E-5,6.2223944467628783E-5,6.4007047333163741E-5,4.9241983909605671E-5],[6.4007047333163741E-5,8.0638408127986779E-5,7.898168679799503E-5,8.8496558503922676E-5,7.898168679799503E-5,8.0638408127986779E-5,6.4007047333163741E-5],[6.2223944467628783E-5,7.898168679799503E-5,8.3824432243973282E-5,8.8677000699863959E-5,8.3824432243973282E-5,7.898168679799503E-5,6.2223944467628783E-5],[7.0770789321050634E-5,8.8496558503922676E-5,8.8677000699863959E-5,9.782046989557061E-5,8.8677000699863946E-5,8.8496558503922663E-5,7.077078932105062E-5],[6.2223944467628783E-5,7.898168679799503E-5,8.3824432243973282E-5,8.8677000699863946E-5,8.3824432243973282E-5,7.898168679799503E-5,6.2223944467628783E-5],[6.4007047333163741E-5,8.0638408127986779E-5,7.898168679799503E-5,8.8496558503922663E-5,7.898168679799503E-5,8.0638408127986779E-5,6.4007047333163741E-5],[4.9241983909605671E-5,6.4007047333163741E-5,6.2223944467628783E-5,7.077078932105062E-5,6.2223944467628783E-5,6.4007047333163741E-5,4.9241983909605671E-5]],[[7.3912867708255487E-5,9.2038743712158618E-5,8.9876321026907414E-5,0.00010044204481814618,8.9876321026907414E-5,9.2038743712158618E-5,7.3912867708255487E-5],[9.2038743712158618E-5,0.00011194211278106867,0.00010998422007698178,0.00012143633942749128,0.00010998422007698177,0.00011194211278106866,9.2038743712158618E-5],[8.9876321026907414E-5,0.00010998422007698178,0.00011579308464618261,0.00012161343653297867,0.00011579308464618261,0.00010998422007698178,8.9876321026907414E-5],[0.00010044204481814618,0.00012143633942749128,0.00012161343653297867,0.00013254349954454494,0.00012161343653297867,0.00012143633942749128,0.00010044204481814617],[8.9876321026907414E-5,0.00010998422007698177,0.00011579308464618261,0.00012161343653297867,0.00011579308464618261,0.00010998422007698178,8.9876321026907414E-5],[9.2038743712158618E-5,0.00011194211278106866,0.00010998422007698178,0.00012143633942749128,0.00010998422007698178,0.00011194211278106867,9.2038743712158618E-5],[7.3912867708255487E-5,9.2038743712158618E-5,8.9876321026907414E-5,0.00010044204481814617,8.9876321026907414E-5,9.2038743712158618E-5,7.3912867708255487E-5]],[[0.00010360813367538713,0.0001250720202951725,0.00012253500306562271,0.00013510715228503826,0.00012253500306562271,0.0001250720202951725,0.00010360813367538713],[0.0001250720202951725,0.0001482237103384312,0.0001459678609932961,0.00015934342052558129,0.0001459678609932961,0.0001482237103384312,0.0001250720202951725],[0.00012253500306562271,0.0001459678609932961,0.00015273576542942756,0.00015951680894828047,0.00015273576542942756,0.0001459678609932961,0.00012253500306562271],[0.00013510715228503826,0.00015934342052558129,0.00015951680894828047,0.000172220014881471,0.00015951680894828047,0.00015934342052558129,0.00013510715228503826],[0.00012253500306562271,0.0001459678609932961,0.00015273576542942756,0.00015951680894828047,0.00015273576542942756,0.0001459678609932961,0.00012253500306562271],[0.0001250720202951725,0.0001482237103384312,0.0001459678609932961,0.00015934342052558129,0.0001459678609932961,0.0001482237103384312,0.0001250720202951725],[0.00010360813367538713,0.0001250720202951725,0.00012253500306562271,0.00013510715228503826,0.00012253500306562271,0.0001250720202951725,0.00010360813367538713]],[[0.00013829248250041263,0.00016307038497350606,0.00016016244267790696,0.00017472692844782144,0.00016016244267790696,0.00016307038497350606,0.00013829248250041263],[0.00016307038497350606,0.00018944660591211989,0.00018689542268466111,0.00020218036159366535,0.00018689542268466111,0.00018944660591211989,0.00016307038497350606],[0.00016016244267790696,0.00018689542268466111,0.00019461529023959067,0.00020234993638267008,0.00019461529023959067,0.00018689542268466111,0.00016016244267790696],[0.00017472692844782144,0.00020218036159366535,0.00020234993638267008,0.00021681307882766569,0.00020234993638267008,0.00020218036159366535,0.00017472692844782144],[0.00016016244267790696,0.00018689542268466111,0.00019461529023959067,0.00020234993638267008,0.00019461529023959067,0.00018689542268466111,0.00016016244267790696],[0.00016307038497350606,0.00018944660591211989,0.00018689542268466111,0.00020218036159366535,0.00018689542268466111,0.00018944660591211989,0.00016307038497350606],[0.00013829248250041263,0.00016307038497350606,0.00016016244267790696,0.00017472692844782144,0.00016016244267790696,0.00016307038497350606,0.00013829248250041263]],[[0.00017792970931981188,0.00020599744016533636,0.00020272170607185054,0.0002192640559357464,0.00020272170607185054,0.00020599744016533636,0.00017792970931981188],[0.00020599744016533636,0.00023557457039173634,0.00023273039868745943,0.00024991071356002584,0.00023273039868745943,0.00023557457039173634,0.00020599744016533636],[0.00020272170607185054,0.00023273039868745943,0.00024139522703807718,0.00025007646144646997,0.00024139522703807721,0.00023273039868745943,0.00020272170607185054],[0.0002192640559357464,0.00024991071356002584,0.00025007646144646997,0.00026628655686303373,0.00025007646144646997,0.00024991071356002584,0.0002192640559357464],[0.00020272170607185054,0.00023273039868745943,0.00024139522703807721,0.00025007646144646997,0.00024139522703807718,0.00023273039868745941,0.00020272170607185054],[0.00020599744016533636,0.00023557457039173634,0.00023273039868745943,0.00024991071356002584,0.00023273039868745941,0.00023557457039173632,0.00020599744016533634],[0.00017792970931981188,0.00020599744016533636,0.00020272170607185054,0.0002192640559357464,0.00020272170607185054,0.00020599744016533634,0.00017792970931981188]],[[0.00022248362151132308,0.00025381714246941852,0.0002501764830574267,0.00026868224378102348,0.0002501764830574267,0.00025381714246941852,0.00022248362151132308],[0.00025381714246941852,0.00028657182777852238,0.00028343687710073452,0.00030249871777880325,0.00028343687710073452,0.00028657182777852238,0.00025381714246941852],[0.0002501764830574267,0.00028343687710073452,0.00029303975661522006,0.00030266065780839684,0.00029303975661522006,0.00028343687710073452,0.0002501764830574267],[0.00026868224378102348,0.00030249871777880325,0.00030266065780839684,0.00032060492429487707,0.00030266065780839684,0.00030249871777880325,0.00026868224378102348],[0.0002501764830574267,0.00028343687710073452,0.00029303975661522006,0.00030266065780839684,0.00029303975661522006,0.00028343687710073452,0.0002501764830574267],[0.00025381714246941852,0.00028657182777852238,0.00028343687710073452,0.00030249871777880325,0.00028343687710073452,0.00028657182777852238,0.00025381714246941852],[0.00022248362151132308,0.00025381714246941852,0.0002501764830574267,0.00026868224378102348,0.0002501764830574267,0.00025381714246941852,0.00022248362151132308]],[[0.00027191835051179104,0.00030649388388340963,0.0003024910279109921,0.00032294588832894989,0.0003024910279109921,0.00030649388388340963,0.00027191835051179104],[0.00030649388388340963,0.00034240305907148194,0.000338979466152634,0.00035990915658526141,0.000338979466152634,0.00034240305907148194,0.00030649388388340963],[0.0003024910279109921,0.000338979466152634,0.00034951357951716312,0.00036006731849310363,0.00034951357951716312,0.000338979466152634,0.0003024910279109921],[0.00032294588832894989,0.00035990915658526141,0.00036006731849310363,0.00037973315503207208,0.00036006731849310363,0.00035990915658526141,0.00032294588832894989],[0.0003024910279109921,0.000338979466152634,0.00034951357951716312,0.00036006731849310363,0.00034951357951716312,0.000338979466152634,0.0003024910279109921],[0.00030649388388340963,0.00034240305907148194,0.000338979466152634,0.00035990915658526141,0.000338979466152634,0.00034240305907148194,0.00030649388388340963],[0.00027191835051179104,0.00030649388388340963,0.0003024910279109921,0.00032294588832894989,0.0003024910279109921,0.00030649388388340963,0.00027191835051179104]],[[0.00032619844253937384,0.0003639924942723701,0.00035963009299713034,0.00038201991243008872,0.00035963009299713034,0.0003639924942723701,0.00032619844253937384],[0.0003639924942723701,0.00040303337123779188,0.00039932322884477314,0.00042210726119094833,0.00039932322884477314,0.00040303337123779188,0.0003639924942723701],[0.00035963009299713034,0.00039932322884477314,0.00041078184410633966,0.00042226167736236233,0.00041078184410633966,0.00039932322884477314,0.00035963009299713034],[0.00038201991243008872,0.00042210726119094833,0.00042226167736236233,0.00044363664347319521,0.00042226167736236233,0.00042210726119094833,0.00038201991243008872],[0.00035963009299713034,0.00039932322884477314,0.00041078184410633966,0.00042226167736236233,0.00041078184410633966,0.00039932322884477314,0.00035963009299713034],[0.0003639924942723701,0.00040303337123779188,0.00039932322884477314,0.00042210726119094833,0.00039932322884477314,0.00040303337123779188,0.0003639924942723701],[0.00032619844253937384,0.0003639924942723701,0.00035963009299713034,0.00038201991243008872,0.00035963009299713034,0.0003639924942723701,0.00032619844253937384]],[[0.00038528886273881584,0.000426278210103054,0.0004215588658804601,0.00044586966997373789,0.0004215588658804601,0.000426278210103054,0.00038528886273881584],[0.000426278210103054,0.00046842825176695544,0.00046443362275957513,0.00048905864177468538,0.00046443362275957513,0.00046842825176695538,0.000426278210103054],[0.0004215588658804601,0.00046443362275957513,0.00047681008401280548,0.00048920934421239318,0.00047681008401280554,0.00046443362275957513,0.0004215588658804601],[0.00044586966997373789,0.00048905864177468538,0.00048920934421239318,0.00051228113988431914,0.00048920934421239329,0.00048905864177468538,0.00044586966997373789],[0.0004215588658804601,0.00046443362275957513,0.00047681008401280554,0.00048920934421239329,0.00047681008401280554,0.00046443362275957513,0.0004215588658804601],[0.000426278210103054,0.00046842825176695538,0.00046443362275957513,0.00048905864177468538,0.00046443362275957513,0.00046842825176695544,0.000426278210103054],[0.00038528886273881584,0.000426278210103054,0.0004215588658804601,0.00044586966997373789,0.0004215588658804601,0.000426278210103054,0.00038528886273881584]],[[0.00044915496422419376,0.00049331662897147174,0.00048824290986670277,0.00051446087493489461,0.00048824290986670277,0.00049331662897147174,0.00044915496422419376],[0.00049331662897147174,0.00053855351723699585,0.00053427644238113019,0.00056072922619282558,0.00053427644238113019,0.00053855351723699585,0.00049331662897147174],[0.00048824290986670277,0.00053427644238113019,0.00054756415958944382,0.0005608762453642314,0.00054756415958944382,0.00053427644238113019,0.00048824290986670277],[0.00051446087493489461,0.00056072922619282558,0.0005608762453642314,0.00058563269113020146,0.0005608762453642314,0.00056072922619282558,0.00051446087493489461],[0.00048824290986670277,0.00053427644238113019,0.00054756415958944382,0.0005608762453642314,0.00054756415958944382,0.00053427644238113019,0.00048824290986670277],[0.00049331662897147174,0.00053855351723699585,0.00053427644238113019,0.00056072922619282558,0.00053427644238113019,0.00053855351723699585,0.00049331662897147174],[0.00044915496422419376,0.00049331662897147174,0.00048824290986670277,0.00051446087493489461,0.00048824290986670277,0.00049331662897147174,0.00044915496422419376]],[[0.00051776244263305809,0.00056507365809653986,0.00055964810646359981,0.00058775953965667111,0.00055964810646359981,0.00056507365809653986,0.00051776244263305809],[0.00056507365809653986,0.00061337525920880079,0.00060881776238219209,0.00063708520184071874,0.00060881776238219209,0.00061337525920880079,0.00056507365809653986],[0.00055964810646359981,0.00060881776238219209,0.00062301020084320742,0.00063722856623944768,0.00062301020084320742,0.00060881776238219209,0.00055964810646359981],[0.00058775953965667111,0.00063708520184071874,0.00063722856623944768,0.00066365758325357749,0.00063722856623944768,0.00063708520184071874,0.00058775953965667111],[0.00055964810646359981,0.00060881776238219209,0.00062301020084320742,0.00063722856623944768,0.00062301020084320742,0.00060881776238219209,0.00055964810646359981],[0.00056507365809653986,0.00061337525920880079,0.00060881776238219209,0.00063708520184071874,0.00060881776238219209,0.00061337525920880079,0.00056507365809653986],[0.00051776244263305809,0.00056507365809653986,0.00055964810646359981,0.00058775953965667111,0.00055964810646359981,0.00056507365809653986,0.00051776244263305809]],[[0.00059107728451781758,0.000641515460035103,0.00063574059855201056,0.0006657319163894227,0.00063574059855201056,0.000641515460035103,0.00059107728451781758],[0.000641515460035103,0.00069285978862475663,0.00068802388096171607,0.00071809295831051746,0.00068802388096171607,0.00069285978862475663,0.000641515460035103],[0.00063574059855201056,0.00068802388096171607,0.00070311455056818893,0.00071823269428868011,0.00070311455056818893,0.00068802388096171607,0.00063574059855201056],[0.0006657319163894227,0.00071809295831051746,0.00071823269428868011,0.00074632228427588126,0.00071823269428868011,0.00071809295831051746,0.0006657319163894227],[0.00063574059855201056,0.00068802388096171607,0.00070311455056818893,0.00071823269428868011,0.00070311455056818893,0.00068802388096171607,0.00063574059855201056],[0.000641515460035103,0.00069285978862475663,0.00068802388096171607,0.00071809295831051746,0.00068802388096171607,0.00069285978862475663,0.000641515460035103],[0.00059107728451781758,0.000641515460035103,0.00063574059855201056,0.0006657319163894227,0.00063574059855201056,0.000641515460035103,0.00059107728451781758]],[[0.00066906571284415441,0.000722608396782534,0.000716486733452901,0.00074834443957735115,0.000716486733452901,0.000722608396782534,0.00066906571284415441],[0.000722608396782534,0.00077697357899851128,0.000771861262632715,0.0008037190297056386,0.000771861262632715,0.00077697357899851128,0.000722608396782534],[0.000716486733452901,0.000771861262632715,0.00078784370694653439,0.000803855161405334,0.00078784370694653439,0.000771861262632715,0.000716486733452901],[0.00074834443957735115,0.0008037190297056386,0.000803855161405334,0.00083359338635643511,0.000803855161405334,0.0008037190297056386,0.00074834443957735115],[0.000716486733452901,0.000771861262632715,0.00078784370694653439,0.000803855161405334,0.00078784370694653439,0.000771861262632715,0.000716486733452901],[0.000722608396782534,0.00077697357899851128,0.000771861262632715,0.0008037190297056386,0.000771861262632715,0.00077697357899851128,0.000722608396782534],[0.00066906571284415441,0.000722608396782534,0.000716486733452901,0.00074834443957735115,0.000716486733452901,0.000722608396782534,0.00066906571284415441]],[[0.00075169413076030559,0.00080831897254358281,0.00080185300531816349,0.00083556366770421559,0.00080185300531816349,0.00080831897254358281,0.00075169413076030559],[0.00080831897254358281,0.00086568320831187178,0.000860296480003652,0.00089393003594860241,0.000860296480003652,0.00086568320831187178,0.00080831897254358281],[0.00080185300531816349,0.000860296480003652,0.00087716426510927085,0.0008940625852654258,0.00087716426510927085,0.000860296480003652,0.00080185300531816349],[0.00083556366770421559,0.00089393003594860241,0.0008940625852654258,0.00092543754675308159,0.0008940625852654258,0.00089393003594860241,0.00083556366770421559],[0.00080185300531816349,0.000860296480003652,0.00087716426510927085,0.0008940625852654258,0.00087716426510927085,0.000860296480003652,0.00080185300531816349],[0.00080831897254358281,0.00086568320831187178,0.000860296480003652,0.00089393003594860241,0.000860296480003652,0.00086568320831187178,0.00080831897254358281],[0.00075169413076030559,0.00080831897254358281,0.00080185300531816349,0.00083556366770421559,0.00080185300531816349,0.00080831897254358281,0.00075169413076030559]],[[0.00083892906392017414,0.00089861377508720192,0.00089180599639477535,0.00092735622401655038,0.00089180599639477535,0.00089861377508720192,0.00083892906392017414],[0.00089861377508720192,0.00095895529937567578,0.00095329615415504308,0.00098869262260181689,0.00095329615415504308,0.000958955299375676,0.00089861377508720192],[0.00089180599639477535,0.00095329615415504308,0.00097104285723792862,0.00098882160915367127,0.00097104285723792873,0.00095329615415504318,0.00089180599639477535],[0.00092735622401655038,0.00098869262260181689,0.00098882160915367127,0.001021821427143448,0.00098882160915367149,0.000988692622601817,0.00092735622401655038],[0.00089180599639477535,0.00095329615415504308,0.00097104285723792873,0.00098882160915367149,0.00097104285723792873,0.00095329615415504318,0.00089180599639477535],[0.00089861377508720192,0.000958955299375676,0.00095329615415504318,0.000988692622601817,0.00095329615415504318,0.000958955299375676,0.00089861377508720192],[0.00083892906392017414,0.00089861377508720192,0.00089180599639477535,0.00092735622401655038,0.00089180599639477535,0.00089861377508720192,0.00083892906392017414]],[[0.00093073710127062692,0.00099345941543772754,0.00098631231676188629,0.0010236887356339481,0.00098631231676188629,0.00099345941543772754,0.00093073710127062692],[0.00099345941543772754,0.001056756458336107,0.0010508268932289528,0.0010879733987834623,0.0010508268932289528,0.001056756458336107,0.00099345941543772754],[0.00098631231676188629,0.0010508268932289528,0.0010694460908147812,0.00108809883987379,0.0010694460908147812,0.0010508268932289528,0.00098631231676188629],[0.0010236887356339481,0.0010879733987834623,0.00108809883987379,0.0011227116309012648,0.00108809883987379,0.0010879733987834623,0.0010236887356339481],[0.00098631231676188629,0.0010508268932289528,0.0010694460908147812,0.00108809883987379,0.0010694460908147812,0.0010508268932289528,0.00098631231676188629],[0.00099345941543772754,0.001056756458336107,0.0010508268932289528,0.0010879733987834623,0.0010508268932289528,0.001056756458336107,0.00099345941543772754],[0.00093073710127062692,0.00099345941543772754,0.00098631231676188629,0.0010236887356339481,0.00098631231676188629,0.00099345941543772754,0.00093073710127062692]],[[0.001027084834050582,0.0010928224655772224,0.0010853385421521668,0.0011245277706193354,0.0010853385421521668,0.0010928224655772224,0.001027084834050582],[0.0010928224655772224,0.0011590532109636831,0.0011528552288429155,0.0011917388727712738,0.0011528552288429155,0.0011590532109636831,0.0010928224655772224],[0.0010853385421521668,0.0011528552288429155,0.0011723404846269586,0.0011918607833419951,0.0011723404846269586,0.0011528552288429155,0.0010853385421521668],[0.0011245277706193354,0.0011917388727712738,0.0011918607833419951,0.0012280746379207579,0.0011918607833419951,0.0011917388727712738,0.0011245277706193354],[0.0010853385421521668,0.0011528552288429155,0.0011723404846269586,0.0011918607833419951,0.0011723404846269586,0.0011528552288429155,0.0010853385421521668],[0.0010928224655772224,0.0011590532109636831,0.0011528552288429155,0.0011917388727712738,0.0011528552288429155,0.0011590532109636831,0.0010928224655772224],[0.001027084834050582,0.0010928224655772224,0.0010853385421521668,0.0011245277706193354,0.0010853385421521668,0.0010928224655772224,0.001027084834050582]],[[0.0011279387926690886,0.0011966693937873576,0.0011888511494611267,0.0012298397725917475,0.0011888511494611267,0.0011966693937873576,0.0011279387926690886],[0.0011966693937873576,0.0012658119363276369,0.0012593475499215593,0.0012999553848738723,0.0012593475499215593,0.0012658119363276369,0.0011966693937873576],[0.0011888511494611267,0.0012593475499215593,0.0012796924021121138,0.0013000737774457379,0.0012796924021121138,0.0012593475499215593,0.0011888511494611267],[0.0012298397725917475,0.0012999553848738723,0.0013000737774457379,0.0013378767365630631,0.0013000737774457379,0.0012999553848738723,0.0012298397725917475],[0.0011888511494611267,0.0012593475499215593,0.0012796924021121138,0.0013000737774457379,0.0012796924021121138,0.0012593475499215593,0.0011888511494611267],[0.0011966693937873576,0.0012658119363276369,0.0012593475499215593,0.0012999553848738723,0.0012593475499215593,0.0012658119363276369,0.0011966693937873576],[0.0011279387926690886,0.0011966693937873576,0.0011888511494611267,0.0012298397725917475,0.0011888511494611267,0.0011966693937873576,0.0011279387926690886]],[[0.0012332653810823873,0.001304966497223538,0.0012968164495273298,0.0013395909924503551,0.0012968164495273298,0.001304966497223538,0.0012332653810823873],[0.001304966497223538,0.0013769987974251432,0.0013702700335124823,0.0014125890371236652,0.0013702700335124823,0.0013769987974251432,0.001304966497223538],[0.0012968164495273298,0.0013702700335124823,0.0013914679816063034,0.0014127039217224915,0.0013914679816063034,0.0013702700335124823,0.0012968164495273298],[0.0013395909924503551,0.0014125890371236652,0.0014127039217224915,0.0014520839522692904,0.0014127039217224915,0.0014125890371236652,0.0013395909924503551],[0.0012968164495273298,0.0013702700335124823,0.0013914679816063034,0.0014127039217224915,0.0013914679816063034,0.0013702700335124823,0.0012968164495273298],[0.001304966497223538,0.0013769987974251432,0.0013702700335124823,0.0014125890371236652,0.0013702700335124823,0.0013769987974251432,0.001304966497223538],[0.0012332653810823873,0.001304966497223538,0.0012968164495273298,0.0013395909924503551,0.0012968164495273298,0.001304966497223538,0.0012332653810823873]],[[0.0013430308082505243,0.0014176798312767818,0.0014092005167379953,0.0014537474167497886,0.0014092005167379953,0.0014176798312767818,0.0013430308082505243],[0.0014176798312767818,0.0014925796682971847,0.00148558857211886,0.0015296056193100844,0.00148558857211886,0.0014925796682971847,0.0014176798312767818],[0.0014092005167379953,0.00148558857211886,0.0015076330630198653,0.0015297170033776216,0.0015076330630198653,0.00148558857211886,0.0014092005167379953],[0.0014537474167497886,0.0015296056193100844,0.0015297170033776216,0.0015706619723470591,0.0015297170033776216,0.0015296056193100844,0.0014537474167497886],[0.0014092005167379953,0.00148558857211886,0.0015076330630198653,0.0015297170033776216,0.0015076330630198653,0.00148558857211886,0.0014092005167379953],[0.0014176798312767818,0.0014925796682971847,0.00148558857211886,0.0015296056193100844,0.00148558857211886,0.0014925796682971847,0.0014176798312767818],[0.0013430308082505243,0.0014176798312767818,0.0014092005167379953,0.0014537474167497886,0.0014092005167379953,0.0014176798312767818,0.0013430308082505243]],[[0.0014572010162174059,0.0015347751352414926,0.0015259691149770965,0.0015722746922301821,0.0015259691149770965,0.0015347751352414926,0.0014572010162174059],[0.0015347751352414926,0.0016125200571216684,0.0016052686970405661,0.0016509705308297123,0.0016052686970405661,0.0016125200571216684,0.0015347751352414926],[0.0015259691149770965,0.0016052686970405661,0.0016281531104253904,0.0016510784191177562,0.0016281531104253904,0.0016052686970405661,0.0015259691149770965],[0.0015722746922301821,0.0016509705308297123,0.0016510784191177562,0.0016935760663926165,0.0016510784191177562,0.0016509705308297123,0.0015722746922301821],[0.0015259691149770965,0.0016052686970405661,0.0016281531104253904,0.0016510784191177562,0.0016281531104253904,0.0016052686970405661,0.0015259691149770965],[0.0015347751352414926,0.0016125200571216684,0.0016052686970405661,0.0016509705308297123,0.0016052686970405661,0.0016125200571216684,0.0015347751352414926],[0.0014572010162174059,0.0015347751352414926,0.0015259691149770965,0.0015722746922301821,0.0015259691149770965,0.0015347751352414926,0.0014572010162174059]],[[0.0015757416043162239,0.0016562177537620109,0.0016470876193941555,0.0016951380459607624,0.0016470876193941555,0.0016562177537620109,0.0015757416043162239],[0.0016562177537620109,0.0017367850247268519,0.0017292754971702312,0.0017766486977816654,0.0017292754971702312,0.0017367850247268519,0.0016562177537620109],[0.0016470876193941555,0.0017292754971702312,0.0017529931299952251,0.0017767530922280772,0.0017529931299952251,0.0017292754971702312,0.0016470876193941555],[0.0016951380459607624,0.0017766486977816654,0.0017767530922280772,0.0018207910017602887,0.0017767530922280772,0.0017766486977816654,0.0016951380459607624],[0.0016470876193941555,0.0017292754971702312,0.0017529931299952251,0.0017767530922280772,0.0017529931299952251,0.0017292754971702312,0.0016470876193941555],[0.0016562177537620109,0.0017367850247268519,0.0017292754971702312,0.0017766486977816654,0.0017292754971702312,0.0017367850247268519,0.0016562177537620109],[0.0015757416043162239,0.0016562177537620109,0.0016470876193941555,0.0016951380459607624,0.0016470876193941555,0.0016562177537620109,0.0015757416043162239]],[[0.0016986177489563123,0.0017819725534811831,0.0017725209334175662,0.001822302200504755,0.0017725209334175662,0.0017819725534811831,0.0016986177489563123],[0.0017819725534811831,0.0018653390979124394,0.0018575735326341776,0.0019066044846784112,0.0018575735326341776,0.0018653390979124394,0.0017819725534811831],[0.0017725209334175662,0.0018575735326341776,0.0018821175826683237,0.0019067053842632305,0.0018821175826683237,0.0018575735326341776,0.0017725209334175662],[0.001822302200504755,0.0019066044846784112,0.0019067053842632305,0.0019522709534298352,0.0019067053842632305,0.0019066044846784112,0.001822302200504755],[0.0017725209334175662,0.0018575735326341776,0.0018821175826683237,0.0019067053842632305,0.0018821175826683237,0.0018575735326341776,0.0017725209334175662],[0.0017819725534811831,0.0018653390979124394,0.0018575735326341776,0.0019066044846784112,0.0018575735326341776,0.0018653390979124394,0.0017819725534811831],[0.0016986177489563123,0.0017819725534811831,0.0017725209334175662,0.001822302200504755,0.0017725209334175662,0.0017819725534811831,0.0016986177489563123]],[[0.0018257941183948848,0.0019120038342564654,0.0019022334003848576,0.0019537312834523742,0.0019022334003848576,0.0019120038342564649,0.0018257941183948845],[0.0019120038342564654,0.0019981461769043333,0.0019901267426085819,0.0020408016000785052,0.0019901267426085819,0.0019981461769043329,0.0019120038342564649],[0.0019022334003848576,0.0019901267426085819,0.0020154902908649129,0.0020408990006583836,0.0020154902908649129,0.0019901267426085819,0.0019022334003848576],[0.0019537312834523742,0.0020408016000785052,0.0020408990006583836,0.0020879794075561874,0.0020408990006583836,0.0020408016000785052,0.0019537312834523742],[0.0019022334003848576,0.0019901267426085819,0.0020154902908649129,0.0020408990006583836,0.0020154902908649129,0.0019901267426085819,0.0019022334003848578],[0.0019120038342564649,0.0019981461769043329,0.0019901267426085819,0.0020408016000785052,0.0019901267426085819,0.0019981461769043333,0.0019120038342564654],[0.0018257941183948845,0.0019120038342564649,0.0019022334003848576,0.0019537312834523742,0.0019022334003848578,0.0019120038342564654,0.0018257941183948848]],[[0.0019572347818356253,0.0020462752342426753,0.002036188709091545,0.002089388730601556,0.002036188709091545,0.0020462752342426749,0.0019572347818356249],[0.0020462752342426753,0.0021351694361954579,0.0021268983465671958,0.0021792029953714796,0.0021268983465671958,0.0021351694361954579,0.0020462752342426749],[0.002036188709091545,0.0021268983465671958,0.0021530743384919637,0.002179296889490073,0.0021530743384919637,0.0021268983465671958,0.002036188709091545],[0.002089388730601556,0.0021792029953714796,0.002179296889490073,0.0022278790579059659,0.002179296889490073,0.0021792029953714796,0.002089388730601556],[0.002036188709091545,0.0021268983465671958,0.0021530743384919637,0.002179296889490073,0.0021530743384919637,0.0021268983465671958,0.002036188709091545],[0.0020462752342426749,0.0021351694361954579,0.0021268983465671958,0.0021792029953714796,0.0021268983465671958,0.0021351694361954579,0.0020462752342426753],[0.0019572347818356249,0.0020462752342426749,0.002036188709091545,0.002089388730601556,0.002036188709091545,0.0020462752342426753,0.0019572347818356253]],[[0.0020929031121276562,0.002184749628064947,0.0021743497924897924,0.0022292371819854781,0.0021743497924897924,0.002184749628064947,0.0020929031121276562],[0.002184749628064947,0.0022763712179437096,0.0022678507381371634,0.0023217707558602207,0.0022678507381371634,0.0022763712179437096,0.002184749628064947],[0.0021743497924897924,0.0022678507381371634,0.0022948319634003966,0.0023218611325321438,0.0022948319634003966,0.0022678507381371634,0.0021743497924897924],[0.0022292371819854781,0.0023217707558602207,0.0023218611325321438,0.0023719316942970871,0.0023218611325321438,0.0023217707558602207,0.0022292371819854781],[0.0021743497924897924,0.0022678507381371634,0.0022948319634003966,0.0023218611325321438,0.0022948319634003966,0.0022678507381371634,0.0021743497924897924],[0.002184749628064947,0.0022763712179437096,0.0022678507381371634,0.0023217707558602207,0.0022678507381371634,0.0022763712179437096,0.002184749628064947],[0.0020929031121276562,0.002184749628064947,0.0021743497924897924,0.0022292371819854781,0.0021743497924897924,0.002184749628064947,0.0020929031121276562]],[[0.0022327616812579873,0.0023273890172182108,0.0023166787186794653,0.0023732383698580775,0.0023166787186794653,0.0023273890172182108,0.0022327616812579873],[0.0023273890172182108,0.0024217129170027523,0.0024129453706445564,0.0024684659831877656,0.0024129453706445564,0.0024217129170027523,0.0023273890172182108],[0.0023166787186794653,0.0024129453706445564,0.002440724441357965,0.0024685528276529624,0.002440724441357965,0.0024129453706445564,0.0023166787186794653],[0.0023732383698580775,0.0024684659831877656,0.0024685528276529624,0.0025200980820543864,0.0024685528276529624,0.0024684659831877656,0.0023732383698580775],[0.0023166787186794653,0.0024129453706445564,0.002440724441357965,0.0024685528276529624,0.002440724441357965,0.0024129453706445564,0.0023166787186794653],[0.0023273890172182108,0.0024217129170027523,0.0024129453706445564,0.0024684659831877656,0.0024129453706445564,0.0024217129170027523,0.0023273890172182108],[0.0022327616812579873,0.0023273890172182108,0.0023166787186794653,0.0023732383698580775,0.0023166787186794653,0.0023273890172182108,0.0022327616812579873]],[[0.0023767721477390663,0.0024741544117299862,0.0024631365732343184,0.0025213529976407731,0.0024631365732343184,0.0024741544117299862,0.0023767721477390663],[0.0024741544117299862,0.0025711548565519964,0.0025621426333220154,0.0026192486680401417,0.0025621426333220154,0.0025711548565519964,0.0024741544117299862],[0.0024631365732343184,0.0025621426333220154,0.0025907119604898004,0.0026193319614855304,0.0025907119604898004,0.0025621426333220154,0.0024631365732343184],[0.0025213529976407731,0.0026192486680401417,0.0026193319614855304,0.002672337831374585,0.0026193319614855304,0.0026192486680401417,0.0025213529976407731],[0.0024631365732343184,0.0025621426333220154,0.0025907119604898004,0.0026193319614855304,0.0025907119604898004,0.0025621426333220154,0.0024631365732343184],[0.0024741544117299862,0.0025711548565519964,0.0025621426333220154,0.0026192486680401417,0.0025621426333220154,0.0025711548565519964,0.0024741544117299862],[0.0023767721477390663,0.0024741544117299862,0.0024631365732343184,0.0025213529976407731,0.0024631365732343184,0.0024741544117299862,0.0023767721477390663]],[[0.0025248951348888927,0.0026250057020076952,0.0026136833317961503,0.002673540608719333,0.0026136833317961503,0.0026250057020076952,0.0025248951348888927],[0.0026250057020076952,0.0027246561531676433,0.0027154017170291514,0.0027740775519296389,0.0027154017170291514,0.0027246561531676433,0.0026250057020076952],[0.0026136833317961503,0.0027154017170291514,0.0027447534850137097,0.0027741572711738674,0.0027447534850137097,0.0027154017170291514,0.0026136833317961503],[0.002673540608719333,0.0027740775519296389,0.0027741572711738674,0.0028286092553600228,0.0027741572711738674,0.0027740775519296389,0.002673540608719333],[0.0026136833317961503,0.0027154017170291514,0.0027447534850137097,0.0027741572711738674,0.0027447534850137097,0.0027154017170291514,0.0026136833317961503],[0.0026250057020076952,0.0027246561531676433,0.0027154017170291514,0.0027740775519296389,0.0027154017170291514,0.0027246561531676433,0.0026250057020076952],[0.0025248951348888927,0.0026250057020076952,0.0026136833317961503,0.002673540608719333,0.0026136833317961503,0.0026250057020076952,0.0025248951348888927]],[[0.0026770900988783144,0.0027799015196605177,0.002768277721734064,0.0028297594438375191,0.002768277721734064,0.0027799015196605177,0.0026770900988783144],[0.0027799015196605177,0.0028821745700313138,0.0028726804681901605,0.00293290997670928,0.0028726804681901605,0.0028821745700313138,0.0027799015196605177],[0.002768277721734064,0.0028726804681901605,0.0029028066069476839,0.00293298609384619,0.0029028066069476839,0.0028726804681901605,0.002768277721734064],[0.0028297594438375191,0.00293290997670928,0.00293298609384619,0.0029888692153208639,0.00293298609384619,0.00293290997670928,0.0028297594438375191],[0.002768277721734064,0.0028726804681901605,0.0029028066069476839,0.00293298609384619,0.0029028066069476839,0.0028726804681901605,0.002768277721734064],[0.0027799015196605177,0.0028821745700313138,0.0028726804681901605,0.00293290997670928,0.0028726804681901605,0.0028821745700313138,0.0027799015196605177],[0.0026770900988783144,0.0027799015196605177,0.002768277721734064,0.0028297594438375191,0.002768277721734064,0.0027799015196605177,0.0026770900988783144]],[[0.0028333151852830063,0.0029387990859314943,0.0029268770715188117,0.0029899662856771652,0.0029268770715188117,0.0029387990859314943,0.0028333151852830063],[0.0029387990859314943,0.0030436663568057911,0.0030339352294892594,0.0030957017202970514,0.0030339352294892594,0.0030436663568057911,0.0029387990859314943],[0.0029268770715188117,0.0030339352294892594,0.0030648273842988757,0.0030957742022926422,0.0030648273842988757,0.0030339352294892594,0.0029268770715188117],[0.0029899662856771652,0.0030957017202970514,0.0030957742022926422,0.0031530729517649831,0.0030957742022926422,0.0030957017202970514,0.0029899662856771652],[0.0029268770715188117,0.0030339352294892594,0.0030648273842988757,0.0030957742022926422,0.0030648273842988757,0.0030339352294892594,0.0029268770715188117],[0.0029387990859314943,0.0030436663568057911,0.0030339352294892594,0.0030957017202970514,0.0030339352294892594,0.0030436663568057911,0.0029387990859314943],[0.0028333151852830063,0.0029387990859314943,0.0029268770715188117,0.0029899662856771652,0.0029268770715188117,0.0029387990859314943,0.0028333151852830063]],[[0.0029935270727147211,0.003101654046199867,0.003089437146283478,0.0031541162890315953,0.003089437146283478,0.003101654046199867,0.0029935270727147211],[0.003101654046199867,0.003209086074513715,0.00319912066567129,0.0032624068168862442,0.00319912066567129,0.003209086074513715,0.003101654046199867],[0.003089437146283478,0.00319912066567129,0.0032307701640453576,0.0032624756251228319,0.0032307701640453576,0.00319912066567129,0.003089437146283478],[0.0031541162890315953,0.0032624068168862442,0.0032624756251228319,0.0033211738992829217,0.0032624756251228319,0.0032624068168862442,0.0031541162890315953],[0.003089437146283478,0.00319912066567129,0.0032307701640453576,0.0032624756251228319,0.0032307701640453576,0.00319912066567129,0.003089437146283478],[0.003101654046199867,0.003209086074513715,0.00319912066567129,0.0032624068168862442,0.00319912066567129,0.003209086074513715,0.003101654046199867],[0.0029935270727147211,0.003101654046199867,0.003089437146283478,0.0031541162890315953,0.003089437146283478,0.003101654046199867,0.0029935270727147211]],[[0.0031576808019203413,0.0032684202888098005,0.0032559119678440382,0.0033221627947626169,0.0032559119678440382,0.0032684202888098005,0.0031576808019203413],[0.0032684202888098005,0.0033783864035321445,0.0033