{"M_cells":[[[0.0045,0.0045,0.0045,0.0045,0.0045,0.0045,0.0045],[0.0045,0.0045,0.0045,0.0045,0.0045,0.0045,0.0045],[0.0045,0.0045,0.0045,0.0045,0.0045,0.0045,0.0045],[0.0045,0.0045,0.0045,0.0045,0.0045,0.0045,0.0045],[0.0045,0.0045,0.0045,0.0045,0.0045,0.0045,0.0045],[0.0045,0.0045,0.0045,0.0045,0.0045,0.0045,0.0045],[0.0045,0.0045,0.0045,0.0045,0.0045,0.0045,0.0045]],[[0.0045054156583023194,0.00453085721751905,0.0045274652205363258,0.0045401441978324729,0.0045274652205363258,0.00453085721751905,0.0045054156583023194],[0.00453085721751905,0.00462843964942248,0.0046174955294760118,0.00466572194862287,0.0046174955294760118,0.00462843964942248,0.00453085721751905],[0.0045274652205363258,0.0046174955294760118,0.004644059584483262,0.0046707600326632232,0.004644059584483262,0.0046174955294760118,0.0045274652205363258],[0.0045401441978324729,0.00466572194862287,0.0046707600326632232,0.0047249861504583034,0.0046707600326632232,0.00466572194862287,0.0045401441978324729],[0.0045274652205363258,0.0046174955294760118,0.004644059584483262,0.0046707600326632232,0.004644059584483262,0.0046174955294760118,0.0045274652205363258],[0.00453085721751905,0.00462843964942248,0.0046174955294760118,0.00466572194862287,0.0046174955294760118,0.00462843964942248,0.00453085721751905],[0.0045054156583023194,0.00453085721751905,0.0045274652205363258,0.0045401441978324729,0.0045274652205363258,0.00453085721751905,0.0045054156583023194]],[[0.0045362490755550267,0.0046163524463067544,0.0046058000692891354,0.0046470371670474346,0.0046058000692891354,0.0046163524463067544,0.0045362490755550267],[0.0046163524463067544,0.0047947624527054436,0.0047750153201127927,0.0048669217430534293,0.0047750153201127927,0.0047947624527054436,0.0046163524463067544],[0.0046058000692891354,0.0047750153201127927,0.0048246059922534322,0.0048743603270122466,0.0048246059922534322,0.0047750153201127927,0.0046058000692891354],[0.0046470371670474346,0.0048669217430534293,0.0048743603270122466,0.0049734074927356682,0.0048743603270122466,0.0048669217430534293,0.0046470371670474346],[0.0046058000692891354,0.0047750153201127927,0.0048246059922534322,0.0048743603270122466,0.0048246059922534322,0.0047750153201127927,0.0046058000692891354],[0.0046163524463067544,0.0047947624527054436,0.0047750153201127927,0.0048669217430534293,0.0047750153201127927,0.0047947624527054436,0.0046163524463067544],[0.0045362490755550267,0.0046163524463067544,0.0046058000692891354,0.0046470371670474346,0.0046058000692891354,0.0046163524463067544,0.0045362490755550267]],[[0.0046032814392994491,0.0047470889970702432,0.0047283263144259147,0.0048044315050148707,0.0047283263144259147,0.0047470889970702432,0.0046032814392994491],[0.0047470889970702432,0.0049925434210645655,0.0049657668101001527,0.0050961960806410666,0.0049657668101001527,0.0049925434210645655,0.0047470889970702432],[0.0047283263144259147,0.0049657668101001527,0.0050349935666922632,0.0051044066096329,0.0050349935666922632,0.0049657668101001527,0.0047283263144259147],[0.0048044315050148707,0.0050961960806410666,0.0051044066096329,0.0052404956397770347,0.0051044066096329,0.0050961960806410666,0.0048044315050148707],[0.0047283263144259147,0.0049657668101001527,0.0050349935666922632,0.0051044066096329,0.0050349935666922632,0.0049657668101001527,0.0047283263144259147],[0.0047470889970702432,0.0049925434210645655,0.0049657668101001527,0.0050961960806410666,0.0049657668101001527,0.0049925434210645655,0.0047470889970702432],[0.0046032814392994491,0.0047470889970702432,0.0047283263144259147,0.0048044315050148707,0.0047283263144259147,0.0047470889970702432,0.0046032814392994491]],[[0.0047086348102728572,0.004915406215863209,0.00488871240511511,0.0050006910164726841,0.00488871240511511,0.004915406215863209,0.0047086348102728572],[0.004915406215863209,0.0052166482737711992,0.0051843088699307371,0.00534817146470305,0.0051843088699307371,0.0052166482737711992,0.004915406215863209],[0.00488871240511511,0.0051843088699307371,0.0052701806914448278,0.00535625763750388,0.0052701806914448278,0.0051843088699307371,0.00488871240511511],[0.0050006910164726841,0.00534817146470305,0.00535625763750388,0.005523026044699013,0.00535625763750388,0.00534817146470305,0.0050006910164726841],[0.00488871240511511,0.0051843088699307371,0.0052701806914448278,0.00535625763750388,0.0052701806914448278,0.0051843088699307371,0.00488871240511511],[0.004915406215863209,0.0052166482737711992,0.0051843088699307371,0.00534817146470305,0.0051843088699307371,0.0052166482737711992,0.004915406215863209],[0.0047086348102728572,0.004915406215863209,0.00488871240511511,0.0050006910164726841,0.00488871240511511,0.004915406215863209,0.0047086348102728572]],[[0.0048503746446083773,0.0051150390353428884,0.0050812631164185978,0.0052273505326649976,0.0050812631164185978,0.0051150390353428884,0.0048503746446083773],[0.0051150390353428884,0.0054628506165367054,0.0054261248392572263,0.0056187137319843967,0.0054261248392572263,0.0054628506165367054,0.0051150390353428884],[0.0050812631164185978,0.0054261248392572263,0.0055260608632391236,0.0056262177674628079,0.0055260608632391236,0.0054261248392572263,0.0050812631164185978],[0.0052273505326649976,0.0056187137319843967,0.0056262177674628079,0.0058184676255373545,0.0056262177674628079,0.0056187137319843967,0.0052273505326649976],[0.0050812631164185978,0.0054261248392572263,0.0055260608632391236,0.0056262177674628079,0.0055260608632391236,0.0054261248392572263,0.0050812631164185978],[0.0051150390353428884,0.0054628506165367054,0.0054261248392572263,0.0056187137319843967,0.0054261248392572263,0.0054628506165367054,0.0051150390353428884],[0.0048503746446083773,0.0051150390353428884,0.0050812631164185978,0.0052273505326649976,0.0050812631164185978,0.0051150390353428884,0.0048503746446083773]],[[0.0050249015946996056,0.0053408526934499469,0.0053010149716630735,0.0054781568435076141,0.0053010149716630735,0.0053408526934499469,0.0050249015946996056],[0.0053408526934499469,0.00572767158097185,0.0056874843098672131,0.0059046089580028528,0.0056874843098672131,0.00572767158097185,0.0053408526934499469],[0.0053010149716630735,0.0056874843098672131,0.0057992904197173949,0.0059113306555395907,0.0057992904197173949,0.0056874843098672131,0.0053010149716630735],[0.0054781568435076141,0.0059046089580028528,0.0059113306555395907,0.0061248178447857477,0.0059113306555395907,0.0059046089580028528,0.0054781568435076141],[0.0053010149716630735,0.0056874843098672131,0.0057992904197173949,0.0059113306555395907,0.0057992904197173949,0.0056874843098672131,0.0053010149716630735],[0.0053408526934499469,0.00572767158097185,0.0056874843098672131,0.0059046089580028528,0.0056874843098672131,0.00572767158097185,0.0053408526934499469],[0.0050249015946996056,0.0053408526934499469,0.0053010149716630735,0.0054781568435076141,0.0053010149716630735,0.0053408526934499469,0.0050249015946996056]],[[0.0052281587745314937,0.005588632712871907,0.00554372887057522,0.0057484229494559986,0.00554372887057522,0.005588632712871907,0.0052281587745314937],[0.005588632712871907,0.0060082476446232319,0.005965316386228027,0.0062033353658762138,0.005965316386228027,0.0060082476446232319,0.005588632712871907],[0.00554372887057522,0.005965316386228027,0.0060871462305239644,0.0062092214018128131,0.0060871462305239644,0.005965316386228027,0.00554372887057522],[0.0057484229494559986,0.0062033353658762138,0.0062092214018128131,0.006440481049703183,0.0062092214018128131,0.0062033353658762138,0.0057484229494559986],[0.00554372887057522,0.005965316386228027,0.0060871462305239644,0.0062092214018128131,0.0060871462305239644,0.005965316386228027,0.00554372887057522],[0.005588632712871907,0.0060082476446232319,0.005965316386228027,0.0062033353658762138,0.005965316386228027,0.0060082476446232319,0.005588632712871907],[0.0052281587745314937,0.005588632712871907,0.00554372887057522,0.0057484229494559986,0.00554372887057522,0.005588632712871907,0.0052281587745314937]],[[0.0054562103100078757,0.0058549165454850147,0.00580583258108026,0.0060345878036612488,0.00580583258108026,0.0058549165454850147,0.0054562103100078757],[0.0058549165454850147,0.00630222164037656,0.00625709822726312,0.0065128980176113963,0.00625709822726312,0.00630222164037656,0.0058549165454850147],[0.00580583258108026,0.00625709822726312,0.0063874091214702108,0.0065179748766438792,0.0063874091214702108,0.00625709822726312,0.00580583258108026],[0.0060345878036612488,0.0065128980176113963,0.0065179748766438792,0.0067641777126301672,0.0065179748766438792,0.0065128980176113963,0.0060345878036612488],[0.00580583258108026,0.00625709822726312,0.0063874091214702108,0.0065179748766438792,0.0063874091214702108,0.00625709822726312,0.00580583258108026],[0.0058549165454850147,0.00630222164037656,0.00625709822726312,0.0065128980176113963,0.00625709822726312,0.00630222164037656,0.0058549165454850147],[0.0054562103100078757,0.0058549165454850147,0.00580583258108026,0.0060345878036612488,0.00580583258108026,0.0058549165454850147,0.0054562103100078757]],[[0.0057054911740383046,0.0061368574135999953,0.006084342858712879,0.0063339120897083394,0.006084342858712879,0.0061368574135999953,0.0057054911740383046],[0.0061368574135999953,0.0066076529004850748,0.0065607595400383857,0.00683170736506772,0.0065607595400383857,0.0066076529004850748,0.0061368574135999953],[0.006084342858712879,0.0065607595400383857,0.0066982688956782263,0.006836041285648257,0.0066982688956782263,0.0065607595400383857,0.006084342858712879],[0.0063339120897083394,0.00683170736506772,0.006836041285648257,0.0070948759716808075,0.006836041285648257,0.00683170736506772,0.0063339120897083394],[0.006084342858712879,0.0065607595400383857,0.0066982688956782263,0.006836041285648257,0.0066982688956782263,0.0065607595400383857,0.006084342858712879],[0.0061368574135999953,0.0066076529004850748,0.0065607595400383857,0.00683170736506772,0.0065607595400383857,0.0066076529004850748,0.0061368574135999953],[0.0057054911740383046,0.0061368574135999953,0.006084342858712879,0.0063339120897083394,0.006084342858712879,0.0061368574135999953,0.0057054911740383046]],[[0.0059728893734790857,0.0064321135156326283,0.00637678339437733,0.0066442649944594839,0.00637678339437733,0.0064321135156326283,0.0059728893734790857],[0.0064321135156326283,0.006922943197238342,0.0068746021071948065,0.0071584888305246241,0.0068746021071948065,0.006922943197238342,0.0064321135156326283],[0.00637678339437733,0.0068746021071948065,0.0070182471997921212,0.0071621623881248523,0.0070182471997921212,0.0068746021071948065,0.00637678339437733],[0.0066442649944594839,0.0071584888305246241,0.0071621623881248523,0.0074317394230958662,0.0071621623881248523,0.0071584888305246241,0.0066442649944594839],[0.00637678339437733,0.0068746021071948065,0.0070182471997921212,0.0071621623881248523,0.0070182471997921212,0.0068746021071948065,0.00637678339437733],[0.0064321135156326283,0.006922943197238342,0.0068746021071948065,0.0071584888305246241,0.0068746021071948065,0.006922943197238342,0.0064321135156326283],[0.0059728893734790857,0.0064321135156326283,0.00637678339437733,0.0066442649944594839,0.00637678339437733,0.0064321135156326283,0.0059728893734790857]],[[0.0062557462557979986,0.0067387574947865535,0.0066811068656715648,0.006963972536316242,0.0066811068656715648,0.0067387574947865535,0.0062557462557979986],[0.0067387574947865535,0.0072467756997732962,0.0071972327110850394,0.0074922145982101451,0.0071972327110850394,0.0072467756997732962,0.0067387574947865535],[0.0066811068656715648,0.0071972327110850394,0.007346134961215358,0.0074953134583039616,0.007346134961215358,0.0071972327110850394,0.0066811068656715648],[0.006963972536316242,0.0074922145982101451,0.0074953134583039616,0.00777408684269741,0.0074953134583039616,0.0074922145982101451,0.006963972536316242],[0.0066811068656715648,0.0071972327110850394,0.007346134961215358,0.0074953134583039616,0.007346134961215358,0.0071972327110850394,0.0066811068656715648],[0.0067387574947865535,0.0072467756997732962,0.0071972327110850394,0.0074922145982101451,0.0071972327110850394,0.0072467756997732962,0.0067387574947865535],[0.0062557462557979986,0.0067387574947865535,0.0066811068656715648,0.006963972536316242,0.0066811068656715648,0.0067387574947865535,0.0062557462557979986]],[[0.0065518200102314354,0.0070552022369657777,0.0069956248186458618,0.0072917080189587452,0.0069956248186458618,0.0070552022369657777,0.0065518200102314354],[0.0070552022369657777,0.0075780645878613306,0.0075275075565619095,0.0078320514304782637,0.0075275075565619095,0.00757806458786133,0.0070552022369657777],[0.0069956248186458618,0.0075275075565619095,0.0076809415761616715,0.0078346572473831366,0.0076809415761616723,0.0075275075565619095,0.0069956248186458618],[0.0072917080189587452,0.0078320514304782637,0.0078346572473831366,0.0081213606502762471,0.0078346572473831366,0.0078320514304782637,0.0072917080189587452],[0.0069956248186458618,0.0075275075565619095,0.0076809415761616723,0.0078346572473831366,0.0076809415761616723,0.0075275075565619095,0.0069956248186458618],[0.0070552022369657777,0.00757806458786133,0.0075275075565619095,0.0078320514304782637,0.0075275075565619095,0.0075780645878613306,0.0070552022369657777],[0.0065518200102314354,0.0070552022369657777,0.0069956248186458618,0.0072917080189587452,0.0069956248186458618,0.0070552022369657777,0.0065518200102314354]],[[0.0068592355344366893,0.007380139856511256,0.0073189465470221505,0.0076264116086166454,0.0073189465470221505,0.007380139856511256,0.0068592355344366893],[0.007380139856511256,0.0079159132259475455,0.0078644862147220565,0.0081773199798461822,0.0078644862147220565,0.0079159132259475455,0.007380139856511256],[0.0073189465470221505,0.0078644862147220565,0.0080218533575626329,0.0081795069423191164,0.0080218533575626329,0.0078644862147220565,0.0073189465470221505],[0.0076264116086166454,0.0081773199798461822,0.0081795069423191164,0.0084731015738776921,0.0081795069423191164,0.0081773199798461822,0.0076264116086166454],[0.0073189465470221505,0.0078644862147220565,0.0080218533575626329,0.0081795069423191164,0.0080218533575626329,0.0078644862147220565,0.0073189465470221505],[0.007380139856511256,0.0079159132259475455,0.0078644862147220565,0.0081773199798461822,0.0078644862147220565,0.0079159132259475455,0.007380139856511256],[0.0068592355344366893,0.007380139856511256,0.0073189465470221505,0.0076264116086166454,0.0073189465470221505,0.007380139856511256,0.0068592355344366893]],[[0.0071764320984870492,0.00771249121746249,0.007649926686629,0.0079672300971683433,0.007649926686629,0.00771249121746249,0.0071764320984870492],[0.00771249121746249,0.0082595787836460335,0.0082073929503827629,0.0085274618778222577,0.0082073929503827629,0.0082595787836460335,0.00771249121746249],[0.007649926686629,0.0082073929503827629,0.0083681987852142359,0.0085292953431778031,0.0083681987852142359,0.0082073929503827629,0.007649926686629],[0.0079672300971683433,0.0085274618778222577,0.0085292953431778031,0.00882892701216493,0.0085292953431778031,0.0085274618778222577,0.0079672300971683433],[0.007649926686629,0.0082073929503827629,0.0083681987852142359,0.0085292953431778031,0.0083681987852142359,0.0082073929503827629,0.007649926686629],[0.00771249121746249,0.0082595787836460335,0.0082073929503827629,0.0085274618778222577,0.0082073929503827629,0.0082595787836460335,0.00771249121746249],[0.0071764320984870492,0.00771249121746249,0.007649926686629,0.0079672300971683433,0.007649926686629,0.00771249121746249,0.0071764320984870492]],[[0.0075021139298989143,0.0080513634529543951,0.0079876202703829044,0.0083134702433747456,0.0079876202703829044,0.0080513634529543951,0.0075021139298989143],[0.0080513634529543951,0.0086084405136819739,0.0085555826179658338,0.0088820105475266257,0.0085555826179658338,0.0086084405136819739,0.0080513634529543951],[0.0079876202703829044,0.0085555826179658338,0.0087194174012162652,0.0088835467593494366,0.0087194174012162652,0.0085555826179658338,0.0079876202703829044],[0.0083134702433747456,0.0088820105475266257,0.0088835467593494366,0.0091885094706446509,0.0088835467593494366,0.0088820105475266257,0.0083134702433747456],[0.0079876202703829044,0.0085555826179658338,0.0087194174012162652,0.0088835467593494366,0.0087194174012162652,0.0085555826179658338,0.0079876202703829044],[0.0080513634529543951,0.0086084405136819739,0.0085555826179658338,0.0088820105475266257,0.0085555826179658338,0.0086084405136819739,0.0080513634529543951],[0.0075021139298989143,0.0080513634529543951,0.0079876202703829044,0.0083134702433747456,0.0079876202703829044,0.0080513634529543951,0.0075021139298989143]],[[0.0078352052750975711,0.00839601233720102,0.0083312428317500343,0.00866455970358851,0.0083312428317500343,0.00839601233720102,0.0078352052750975711],[0.00839601233720102,0.0089619665800006656,0.0089085061450670158,0.00924055909956929,0.0089085061450670158,0.0089619665800006656,0.00839601233720102],[0.0083312428317500343,0.0089085061450670158,0.0090750266696669763,0.0092418452399183216,0.0090750266696669763,0.0089085061450670158,0.0083312428317500343],[0.00866455970358851,0.00924055909956929,0.0092418452399183216,0.0095515476166175318,0.0092418452399183216,0.00924055909956929,0.00866455970358851],[0.0083312428317500343,0.0089085061450670158,0.0090750266696669763,0.0092418452399183216,0.0090750266696669763,0.0089085061450670158,0.0083312428317500343],[0.00839601233720102,0.0089619665800006656,0.0089085061450670158,0.00924055909956929,0.0089085061450670158,0.0089619665800006656,0.00839601233720102],[0.0078352052750975711,0.00839601233720102,0.0083312428317500343,0.00866455970358851,0.0083312428317500343,0.00839601233720102,0.0078352052750975711]],[[0.00817480891598127,0.0087458042123096848,0.0086801308393187181,0.00902000775988122,0.0086801308393187181,0.0087458042123096848,0.00817480891598127],[0.0087458042123096848,0.0093196688139687948,0.0092656654759530957,0.0096027120638989827,0.0092656654759530957,0.0093196688139687948,0.0087458042123096848],[0.0086801308393187181,0.0092656654759530957,0.00943457510809951,0.0096037858743611773,0.00943457510809951,0.0092656654759530957,0.0086801308393187181],[0.00902000775988122,0.0096027120638989827,0.0096037858743611773,0.0099177137590562674,0.0096037858743611773,0.0096027120638989827,0.00902000775988122],[0.0086801308393187181,0.0092656654759530957,0.00943457510809951,0.0096037858743611773,0.00943457510809951,0.0092656654759530957,0.0086801308393187181],[0.0087458042123096848,0.0093196688139687948,0.0092656654759530957,0.0096027120638989827,0.0092656654759530957,0.0093196688139687948,0.0087458042123096848],[0.00817480891598127,0.0087458042123096848,0.0086801308393187181,0.00902000775988122,0.0086801308393187181,0.0087458042123096848,0.00817480891598127]],[[0.0085201641821563475,0.0091001678238702473,0.0090336935398547119,0.0093793533419816288,0.0090336935398547119,0.0091001678238702473,0.0085201641821563475],[0.0091001678238702473,0.0096810275062484963,0.0096265409617308176,0.0099679994214650677,0.0096265409617308176,0.0096810275062484963,0.0091001678238702473],[0.0090336935398547119,0.0096265409617308176,0.009797562357543926,0.0099688875062540361,0.009797562357543926,0.0096265409617308176,0.0090336935398547119],[0.0093793533419816288,0.0099679994214650677,0.0099688875062540361,0.010286551688691163,0.0099688875062540361,0.0099679994214650677,0.0093793533419816288],[0.0090336935398547119,0.0096265409617308176,0.009797562357543926,0.0099688875062540361,0.009797562357543926,0.0096265409617308176,0.0090336935398547119],[0.0091001678238702473,0.0096810275062484963,0.0096265409617308176,0.0099679994214650677,0.0096265409617308176,0.0096810275062484963,0.0091001678238702473],[0.0085201641821563475,0.0091001678238702473,0.0090336935398547119,0.0093793533419816288,0.0090336935398547119,0.0091001678238702473,0.0085201641821563475]],[[0.00887059684762728,0.0094585227948214712,0.0093913436807748635,0.009742084349577726,0.0093913436807748635,0.0094585227948214712,0.00887059684762728],[0.0094585227948214712,0.010045373372764801,0.0099904783429077583,0.010335739728911867,0.0099904783429077583,0.010045373372764801,0.0094585227948214712],[0.0093913436807748635,0.0099904783429077583,0.010163313382823285,0.010336454121830903,0.010163313382823285,0.0099904783429077583,0.0093913436807748635],[0.009742084349577726,0.010335739728911867,0.010336454121830903,0.010657312764920478,0.010336454121830903,0.010335739728911867,0.009742084349577726],[0.0093913436807748635,0.0099904783429077583,0.010163313382823285,0.010336454121830903,0.010163313382823285,0.0099904783429077583,0.0093913436807748635],[0.0094585227948214712,0.010045373372764801,0.0099904783429077583,0.010335739728911867,0.0099904783429077583,0.010045373372764801,0.0094585227948214712],[0.00887059684762728,0.0094585227948214712,0.0093913436807748635,0.009742084349577726,0.0093913436807748635,0.0094585227948214712,0.00887059684762728]],[[0.0092254532256948272,0.00982018795539688,0.009752408853929322,0.010107534839290748,0.009752408853929322,0.00982018795539688,0.0092254532256948272],[0.00982018795539688,0.010411800307884028,0.01035660081422201,0.010704951636373517,0.01035660081422201,0.010411800307884028,0.00982018795539688],[0.009752408853929322,0.01035660081422201,0.010530891086867479,0.010705488144025981,0.010530891086867479,0.01035660081422201,0.009752408853929322],[0.010107534839290748,0.010704951636373517,0.010705488144025981,0.011028872405428184,0.010705488144025981,0.010704951636373517,0.010107534839290748],[0.009752408853929322,0.01035660081422201,0.010530891086867479,0.010705488144025981,0.010530891086867479,0.01035660081422201,0.009752408853929322],[0.00982018795539688,0.010411800307884028,0.01035660081422201,0.010704951636373517,0.01035660081422201,0.010411800307884028,0.00982018795539688],[0.0092254532256948272,0.00982018795539688,0.009752408853929322,0.010107534839290748,0.009752408853929322,0.00982018795539688,0.0092254532256948272]],[[0.0095840325067193134,0.010184347444847589,0.010116092782517391,0.010474861440342539,0.010116092782517391,0.010184347444847589,0.0095840325067193134],[0.010184347444847589,0.010779321968098218,0.010723943952527064,0.011074580980280841,0.010723943952527064,0.010779321968098218,0.010184347444847589],[0.010116092782517391,0.010723943952527064,0.010899282645022254,0.011074928428371952,0.010899282645022254,0.010723943952527064,0.010116092782517391],[0.010474861440342539,0.011074580980280841,0.011074928428371952,0.011400074047814,0.011074928428371952,0.011074580980280841,0.010474861440342539],[0.010116092782517391,0.010723943952527064,0.010899282645022254,0.011074928428371952,0.010899282645022254,0.010723943952527064,0.010116092782517391],[0.010184347444847589,0.010779321968098218,0.010723943952527064,0.011074580980280841,0.010723943952527064,0.010779321968098218,0.010184347444847589],[0.0095840325067193134,0.010184347444847589,0.010116092782517391,0.010474861440342539,0.010116092782517391,0.010184347444847589,0.0095840325067193134]],[[0.0099455672199320819,0.010550146895136987,0.010481555987673922,0.010843182728555589,0.010481555987673922,0.010550146895136987,0.0099455672199320819],[0.010550146895136987,0.011147134641448526,0.0110917001032843,0.011443834997688189,0.0110917001032843,0.011147134641448526,0.010550146895136987],[0.010481555987673922,0.0110917001032843,0.011267691455617982,0.011443989658402327,0.011267691455617982,0.0110917001032843,0.010481555987673922],[0.010843182728555589,0.011443834997688189,0.011443989658402327,0.011770160609285341,0.011443989658402327,0.011443834997688189,0.010843182728555589],[0.010481555987673922,0.0110917001032843,0.011267691455617982,0.011443989658402327,0.011267691455617982,0.0110917001032843,0.010481555987673922],[0.010550146895136987,0.011147134641448526,0.0110917001032843,0.011443834997688189,0.0110917001032843,0.011147134641448526,0.010550146895136987],[0.0099455672199320819,0.010550146895136987,0.010481555987673922,0.010843182728555589,0.010481555987673922,0.010550146895136987,0.0099455672199320819]],[[0.010309268079653938,0.010916815767814716,0.010848027952429541,0.01121173545039829,0.010848027952429541,0.010916815767814716,0.010309268079653938],[0.010916815767814716,0.011514667646640074,0.011459277355017342,0.011812216647554477,0.011459277355017342,0.011514667646640074,0.010916815767814716],[0.010848027952429541,0.011459277355017342,0.011635579203726047,0.011812187298696359,0.011635579203726047,0.011459277355017342,0.010848027952429541],[0.01121173545039829,0.011812216647554477,0.011812187298696359,0.012138758763833305,0.011812187298696359,0.011812216647554477,0.01121173545039829],[0.010848027952429541,0.011459277355017342,0.011635579203726047,0.011812187298696359,0.011635579203726047,0.011459277355017342,0.010848027952429541],[0.010916815767814716,0.011514667646640074,0.011459277355017342,0.011812216647554477,0.011459277355017342,0.011514667646640074,0.010916815767814716],[0.010309268079653938,0.010916815767814716,0.010848027952429541,0.01121173545039829,0.010848027952429541,0.010916815767814716,0.010309268079653938]],[[0.010674387504079575,0.011283720207304013,0.011214861666125656,0.011579929496504599,0.011214861666125656,0.011283720207304013,0.010674387504079575],[0.011283720207304013,0.011881517565499036,0.011826247583539968,0.0121794172221589,0.011826247583539968,0.011881517565499036,0.011283720207304013],[0.011214861666125656,0.011826247583539968,0.012002582110574381,0.012179222027118644,0.012002582110574381,0.011826247583539968,0.011214861666125656],[0.011579929496504599,0.0121794172221589,0.012179222027118644,0.012505697056273897,0.012179222027118644,0.0121794172221589,0.011579929496504599],[0.011214861666125656,0.011826247583539968,0.012002582110574381,0.012179222027118644,0.012002582110574381,0.011826247583539968,0.011214861666125656],[0.011283720207304013,0.011881517565499036,0.011826247583539968,0.0121794172221589,0.011826247583539968,0.011881517565499036,0.011283720207304013],[0.010674387504079575,0.011283720207304013,0.011214861666125656,0.011579929496504599,0.011214861666125656,0.011283720207304013,0.010674387504079575]],[[0.011040263195318038,0.011650360521720325,0.011581537557735796,0.011947331504881701,0.011581537557735796,0.011650360521720325,0.011040263195318038],[0.011650360521720325,0.012247385792190089,0.012192291078954991,0.012545228702060087,0.012192291078954991,0.012247385792190089,0.011650360521720325],[0.011581537557735796,0.012192291078954991,0.012368438414347671,0.012544890092455846,0.012368438414347671,0.012192291078954991,0.011581537557735796],[0.011947331504881701,0.012545228702060087,0.012544890092455846,0.012870882869830775,0.012544890092455846,0.012545228702060087,0.011947331504881701],[0.011581537557735796,0.012192291078954991,0.012368438414347671,0.012544890092455846,0.012368438414347671,0.012192291078954991,0.011581537557735796],[0.011650360521720325,0.012247385792190089,0.012192291078954991,0.012545228702060087,0.012192291078954991,0.012247385792190089,0.011650360521720325],[0.011040263195318038,0.011650360521720325,0.011581537557735796,0.011947331504881701,0.011581537557735796,0.011650360521720325,0.011040263195318038]],[[0.011406334400477114,0.012016346255964214,0.011947644312142479,0.012313624868345339,0.011947644312142479,0.012016346255964214,0.011406334400477114],[0.012016346255964214,0.012612035998028898,0.012557156091714585,0.012909490749080323,0.012557156091714585,0.012612035998028898,0.012016346255964214],[0.011947644312142479,0.012557156091714585,0.012732942122342026,0.0129090312921315,0.012732942122342026,0.012557156091714585,0.011947644312142479],[0.012313624868345339,0.012909490749080323,0.0129090312921315,0.013234240702484334,0.0129090312921315,0.012909490749080323,0.012313624868345339],[0.011947644312142479,0.012557156091714585,0.012732942122342026,0.0129090312921315,0.012732942122342026,0.012557156091714585,0.011947644312142479],[0.012016346255964214,0.012612035998028898,0.012557156091714585,0.012909490749080323,0.012557156091714585,0.012612035998028898,0.012016346255964214],[0.011406334400477114,0.012016346255964214,0.011947644312142479,0.012313624868345339,0.011947644312142479,0.012016346255964214,0.011406334400477114]],[[0.01177213822480928,0.012381367677794521,0.012312853798729236,0.012678570558738323,0.012312853798729236,0.012381367677794521,0.01177213822480928],[0.012381367677794521,0.012975269021633377,0.012920633256893044,0.013272063818879463,0.012920633256893044,0.012975269021633377,0.012381367677794521],[0.012312853798729236,0.012920633256893044,0.013095917637170921,0.01327150381606302,0.013095917637170921,0.012920633256893044,0.012312853798729236],[0.012678570558738323,0.013272063818879463,0.01327150381606302,0.013595689047460799,0.01327150381606302,0.013272063818879463,0.012678570558738323],[0.012312853798729236,0.012920633256893044,0.013095917637170921,0.01327150381606302,0.013095917637170921,0.012920633256893044,0.012312853798729236],[0.012381367677794521,0.012975269021633377,0.012920633256893044,0.013272063818879463,0.012920633256893044,0.012975269021633377,0.012381367677794521],[0.01177213822480928,0.012381367677794521,0.012312853798729236,0.012678570558738323,0.012312853798729236,0.012381367677794521,0.01177213822480928]],[[0.012137295888743092,0.012745172765865643,0.012676899309360187,0.013041978802284736,0.012676899309360187,0.012745172765865643,0.012137295888743092],[0.012745172765865643,0.013336912938186058,0.013282544031061756,0.013632822384780077,0.013282544031061756,0.013336912938186058,0.012745172765865643],[0.012676899309360187,0.013282544031061756,0.013457211380202793,0.013632179069014341,0.013457211380202793,0.013282544031061756,0.012676899309360187],[0.013041978802284736,0.013632822384780077,0.013632179069014341,0.013955142622916843,0.013632179069014341,0.013632822384780077,0.013041978802284736],[0.012676899309360187,0.013282544031061756,0.013457211380202793,0.013632179069014341,0.013457211380202793,0.013282544031061756,0.012676899309360187],[0.012745172765865643,0.013336912938186058,0.013282544031061756,0.013632822384780077,0.013282544031061756,0.013336912938186058,0.012745172765865643],[0.012137295888743092,0.012745172765865643,0.012676899309360187,0.013041978802284736,0.012676899309360187,0.012745172765865643,0.012137295888743092]],[[0.012501496993582705,0.013107553212693468,0.013039561267432026,0.013403694184519158,0.013039561267432026,0.013107553212693468,0.012501496993582705],[0.013107553212693468,0.013696824201040248,0.013642739975277039,0.013991661200647033,0.013642739975277039,0.013696824201040248,0.013107553212693468],[0.013039561267432026,0.013642739975277039,0.013816695115015007,0.01399094904129331,0.013816695115015007,0.013642739975277039,0.013039561267432026],[0.013403694184519158,0.013991661200647033,0.01399094904129331,0.014312528249338409,0.01399094904129331,0.013991661200647033,0.013403694184519158],[0.013039561267432026,0.013642739975277039,0.013816695115015007,0.01399094904129331,0.013816695115015007,0.013642739975277039,0.013039561267432026],[0.013107553212693468,0.013696824201040248,0.013642739975277039,0.013991661200647033,0.013642739975277039,0.013696824201040248,0.013107553212693468],[0.012501496993582705,0.013107553212693468,0.013039561267432026,0.013403694184519158,0.013039561267432026,0.013107553212693468,0.012501496993582705]],[[0.012864486735570465,0.01346833879629333,0.013400660555318279,0.013763591771617142,0.013400660555318279,0.01346833879629333,0.012864486735570465],[0.01346833879629333,0.014054893378391643,0.014001107105759665,0.0143485055614082,0.014001107105759665,0.014054893378391643,0.01346833879629333],[0.013400660555318279,0.014001107105759665,0.014174273497753683,0.01434773705921579,0.014174273497753683,0.014001107105759665,0.013400660555318279],[0.013763591771617142,0.0143485055614082,0.01434773705921579,0.014667801958443119,0.01434773705921579,0.0143485055614082,0.013763591771617142],[0.013400660555318279,0.014001107105759665,0.014174273497753683,0.01434773705921579,0.014174273497753683,0.014001107105759665,0.013400660555318279],[0.01346833879629333,0.014054893378391643,0.014001107105759665,0.0143485055614082,0.014001107105759665,0.014054893378391643,0.01346833879629333],[0.012864486735570465,0.01346833879629333,0.013400660555318279,0.013763591771617142,0.013400660555318279,0.01346833879629333,0.012864486735570465]],[[0.013226057750733678,0.013827396807002191,0.013760056848622786,0.014121579056794063,0.013760056848622786,0.013827396807002191,0.013226057750733678],[0.013827396807002191,0.014411049585992868,0.014357569711903197,0.0147033182182284,0.014357569711903197,0.014411049585992868,0.013827396807002191],[0.013760056848622786,0.014357569711903197,0.014529889429318391,0.014702504667969751,0.014529889429318391,0.014357569711903197,0.013760056848622786],[0.014121579056794063,0.0147033182182284,0.014702504667969751,0.015020958662772848,0.014702504667969751,0.0147033182182284,0.014121579056794063],[0.013760056848622786,0.014357569711903197,0.014529889429318391,0.014702504667969751,0.014529889429318391,0.014357569711903197,0.013760056848622786],[0.013827396807002191,0.014411049585992868,0.014357569711903197,0.0147033182182284,0.014357569711903197,0.014411049585992868,0.013827396807002191],[0.013226057750733678,0.013827396807002191,0.013760056848622786,0.014121579056794063,0.013760056848622786,0.013827396807002191,0.013226057750733678]],[[0.01358604583140521,0.014184632802330044,0.014117648642853364,0.014477598691839188,0.014117648642853364,0.014184632802330044,0.01358604583140521],[0.014184632802330044,0.014765260962498489,0.014712090853795698,0.015056100308133431,0.014712090853795698,0.014765260962498489,0.014184632802330044],[0.014117648642853364,0.014712090853795698,0.014883524620808733,0.015055252260992982,0.014883524620808733,0.014712090853795698,0.014117648642853364],[0.014477598691839188,0.015056100308133431,0.015055252260992982,0.015372032616706149,0.015055252260992982,0.015056100308133431,0.014477598691839188],[0.014117648642853364,0.014712090853795698,0.014883524620808733,0.015055252260992982,0.014883524620808733,0.014712090853795698,0.014117648642853364],[0.014184632802330044,0.014765260962498489,0.014712090853795698,0.015056100308133431,0.014712090853795698,0.014765260962498489,0.014184632802330044],[0.01358604583140521,0.014184632802330044,0.014117648642853364,0.014477598691839188,0.014117648642853364,0.014184632802330044,0.01358604583140521]],[[0.013944327703307497,0.01453999027622461,0.014473372640843895,0.014831629118397723,0.014473372640843895,0.01453999027622461,0.013944327703307497],[0.01453999027622461,0.015117531555793238,0.015064669574151842,0.015406887521913864,0.015064669574151842,0.015117531555793238,0.01453999027622461],[0.014473372640843895,0.015064669574151842,0.015235196124862623,0.01540601492813852,0.015235196124862623,0.015064669574151842,0.014473372640843895],[0.014831629118397723,0.015406887521913864,0.01540601492813852,0.015721091702868069,0.01540601492813852,0.015406887521913864,0.014831629118397721],[0.014473372640843895,0.015064669574151842,0.015235196124862623,0.01540601492813852,0.015235196124862623,0.015064669574151842,0.014473372640843895],[0.01453999027622461,0.015117531555793238,0.015064669574151842,0.015406887521913864,0.015064669574151842,0.015117531555793238,0.01453999027622461],[0.013944327703307497,0.01453999027622461,0.014473372640843895,0.014831629118397721,0.014473372640843895,0.01453999027622461,0.013944327703307497]],[[0.014300819200872915,0.014893448480369822,0.014827201611455884,0.015183682492533542,0.014827201611455884,0.014893448480369822,0.014300819200872915],[0.014893448480369822,0.015467896198368098,0.015415336122189567,0.015755743962929267,0.015415336122189567,0.015467896198368098,0.014893448480369822],[0.014827201611455884,0.015415336122189567,0.015584950773448871,0.01575485610641263,0.015584950773448871,0.015415336122189566,0.014827201611455884],[0.015183682492533542,0.015755743962929267,0.01575485610641263,0.016068229436210439,0.01575485610641263,0.015755743962929263,0.01518368249253354],[0.014827201611455884,0.015415336122189567,0.015584950773448871,0.01575485610641263,0.015584950773448869,0.015415336122189566,0.014827201611455884],[0.014893448480369822,0.015467896198368098,0.015415336122189566,0.015755743962929263,0.015415336122189566,0.015467896198368098,0.014893448480369822],[0.014300819200872915,0.014893448480369822,0.014827201611455884,0.01518368249253354,0.014827201611455884,0.014893448480369822,0.014300819200872915]],[[0.014655472877891722,0.01524501870384461,0.015179140847270607,0.015533800603466836,0.015179140847270607,0.01524501870384461,0.014655472877891722],[0.01524501870384461,0.015816414804135683,0.015764146485480995,0.016102755639384628,0.015764146485480995,0.015816414804135683,0.01524501870384461],[0.015179140847270607,0.015764146485480995,0.015932859150485246,0.01610186099344869,0.015932859150485246,0.015764146485480995,0.015179140847270609],[0.015533800603466836,0.016102755639384628,0.01610186099344869,0.016413557273168951,0.01610186099344869,0.016102755639384628,0.015533800603466836],[0.015179140847270607,0.015764146485480995,0.015932859150485246,0.01610186099344869,0.015932859150485246,0.015764146485481,0.015179140847270609],[0.01524501870384461,0.015816414804135683,0.015764146485480995,0.016102755639384628,0.015764146485481,0.015816414804135686,0.015245018703844614],[0.014655472877891722,0.01524501870384461,0.015179140847270609,0.015533800603466836,0.015179140847270609,0.015245018703844614,0.014655472877891722]],[[0.015008274777922086,0.015594739692517866,0.015529223767520434,0.015882049823727418,0.015529223767520434,0.015594739692517866,0.015008274777922086],[0.015594739692517866,0.016163166947241448,0.016111177067601054,0.01644802461385381,0.016111177067601054,0.016163166947241448,0.015594739692517866],[0.015529223767520434,0.016111177067601054,0.016279010010851625,0.016447130708460093,0.016279010010851629,0.016111177067601058,0.015529223767520434],[0.015882049823727418,0.01644802461385381,0.016447130708460093,0.016757198308314663,0.016447130708460097,0.016448024613853814,0.015882049823727418],[0.015529223767520434,0.016111177067601054,0.016279010010851629,0.016447130708460097,0.016279010010851629,0.016111177067601058,0.015529223767520434],[0.015594739692517866,0.016163166947241448,0.016111177067601058,0.016448024613853814,0.016111177067601058,0.016163166947241452,0.015594739692517869],[0.015008274777922086,0.015594739692517866,0.015529223767520434,0.015882049823727418,0.015529223767520434,0.015594739692517869,0.015008274777922086]],[[0.015359240518363824,0.015942672839802229,0.015877507230059946,0.01622851593662231,0.015877507230059946,0.015942672839802229,0.015359240518363824],[0.015942672839802229,0.016508247089056866,0.016456519909409245,0.016791664142061818,0.016456519909409245,0.016508247089056866,0.015942672839802229],[0.015877507230059946,0.016456519909409245,0.016623505486959355,0.016790777484791158,0.016623505486959355,0.016456519909409245,0.015877507230059946],[0.01622851593662231,0.016791664142061818,0.016790777484791158,0.017099282492291475,0.016790777484791158,0.016791664142061818,0.01622851593662231],[0.015877507230059946,0.016456519909409245,0.016623505486959355,0.016790777484791158,0.016623505486959355,0.016456519909409245,0.015877507230059946],[0.015942672839802229,0.016508247089056866,0.016456519909409245,0.016791664142061818,0.016456519909409245,0.016508247089056866,0.015942672839802229],[0.015359240518363824,0.015942672839802229,0.015877507230059946,0.01622851593662231,0.015877507230059946,0.015942672839802229,0.015359240518363824]],[[0.015708411008981751,0.016288897576134175,0.01622406696445285,0.016573299349448879,0.01622406696445285,0.016288897576134175,0.015708411008981751],[0.016288897576134175,0.016851760521998035,0.016800278566268721,0.01713379476502376,0.016800278566268721,0.016851760521998035,0.016288897576134175],[0.01622406696445285,0.016800278566268721,0.016966457103715419,0.017132920823262881,0.016966457103715419,0.016800278566268721,0.01622406696445285],[0.016573299349448879,0.01713379476502376,0.017132920823262881,0.017439943098500565,0.017