{"M_cells":[[[0,0,0,0,0,0],[0,0,0,0,0,0],[0,0,0,0,0,0],[0,0,0,0,0,0],[0,0,0,0,0,0],[0,0,0,0,0,0]],[[0.00072512624146294868,0.0017727967246641055,0.0022332588750749133,0.0022332588750749133,0.0017727967246641055,0.00072512624146294868],[0.0017727967246641055,0.0033537790168865714,0.0041146890013285409,0.0041146890013285409,0.0033537790168865714,0.0017727967246641055],[0.0022332588750749133,0.0041146890013285409,0.005025859874702286,0.005025859874702286,0.0041146890013285409,0.0022332588750749133],[0.0022332588750749133,0.0041146890013285409,0.005025859874702286,0.005025859874702286,0.0041146890013285409,0.0022332588750749133],[0.0017727967246641055,0.0033537790168865714,0.0041146890013285409,0.0041146890013285409,0.0033537790168865714,0.0017727967246641055],[0.00072512624146294868,0.0017727967246641055,0.0022332588750749133,0.0022332588750749133,0.0017727967246641055,0.00072512624146294868]],[[0.0028072997775344805,0.0044314610358430657,0.0051943414393926159,0.0051943414393926159,0.0044314610358430657,0.0028072997775344805],[0.0044314610358430657,0.00616734379468365,0.0070521555388094043,0.0070521555388094043,0.00616734379468365,0.0044314610358430657],[0.0051943414393926159,0.0070521555388094043,0.00799795278259083,0.00799795278259083,0.0070521555388094043,0.0051943414393926159],[0.0051943414393926159,0.0070521555388094043,0.00799795278259083,0.00799795278259083,0.0070521555388094043,0.0051943414393926159],[0.0044314610358430657,0.00616734379468365,0.0070521555388094043,0.0070521555388094043,0.00616734379468365,0.0044314610358430657],[0.0028072997775344805,0.0044314610358430657,0.0051943414393926159,0.0051943414393926159,0.0044314610358430657,0.0028072997775344805]],[[0.0054066492158021204,0.0072136155135839814,0.0080927788181840814,0.0080927788181840814,0.0072136155135839814,0.0054066492158021204],[0.0072136155135839814,0.0089902895851471515,0.0099147430481438849,0.0099147430481438849,0.0089902895851471515,0.0072136155135839814],[0.0080927788181840814,0.0099147430481438849,0.010861849119811426,0.010861849119811426,0.0099147430481438849,0.0080927788181840814],[0.0080927788181840814,0.0099147430481438849,0.010861849119811426,0.010861849119811426,0.0099147430481438849,0.0080927788181840814],[0.0072136155135839814,0.0089902895851471515,0.0099147430481438849,0.0099147430481438849,0.0089902895851471515,0.0072136155135839814],[0.0054066492158021204,0.0072136155135839814,0.0080927788181840814,0.0080927788181840814,0.0072136155135839814,0.0054066492158021204]],[[0.0081685909263920012,0.010033560515569999,0.010955693782158146,0.010955693782158146,0.010033560515569999,0.0081685909263920012],[0.010033560515569999,0.011824623660926218,0.012763434158424198,0.012763434158424198,0.011824623660926218,0.010033560515569999],[0.010955693782158146,0.012763434158424198,0.013710586048740873,0.013710586048740873,0.012763434158424198,0.010955693782158146],[0.010955693782158146,0.012763434158424198,0.013710586048740873,0.013710586048740873,0.012763434158424198,0.010955693782158146],[0.010033560515569999,0.011824623660926218,0.012763434158424198,0.012763434158424198,0.011824623660926218,0.010033560515569999],[0.0081685909263920012,0.010033560515569999,0.010955693782158146,0.010955693782158146,0.010033560515569999,0.0081685909263920012]],[[0.010982971819948912,0.012867107642465065,0.013805053675635958,0.013805053675635958,0.012867107642465065,0.010982971819948912],[0.012867107642465065,0.014663432520766597,0.015607512117869603,0.015607512117869603,0.014663432520766597,0.012867107642465065],[0.013805053675635958,0.015607512117869603,0.01655465951679453,0.01655465951679453,0.015607512117869603,0.013805053675635958],[0.013805053675635958,0.015607512117869603,0.01655465951679453,0.01655465951679453,0.015607512117869603,0.013805053675635958],[0.012867107642465065,0.014663432520766597,0.015607512117869603,0.015607512117869603,0.014663432520766597,0.012867107642465065],[0.010982971819948912,0.012867107642465065,0.013805053675635958,0.013805053675635958,0.012867107642465065,0.010982971819948912]],[[0.013814942625945967,0.015705633092563103,0.016649392457688417,0.016649392457688417,0.015705633092563103,0.013814942625945967],[0.015705633092563103,0.017503882872751914,0.018449895530314616,0.018449895530314616,0.017503882872751914,0.015705633092563103],[0.016649392457688417,0.018449895530314616,0.019397035206542665,0.019397035206542665,0.018449895530314616,0.016649392457688417],[0.016649392457688417,0.018449895530314616,0.019397035206542665,0.019397035206542665,0.018449895530314616,0.016649392457688417],[0.015705633092563103,0.017503882872751914,0.018449895530314616,0.018449895530314616,0.017503882872751914,0.015705633092563103],[0.013814942625945967,0.015705633092563103,0.016649392457688417,0.016649392457688417,0.015705633092563103,0.013814942625945967]],[[0.016652990731728767,0.018545972921515098,0.019491865734335343,0.019491865734335343,0.018545972921515098,0.016652990731728767],[0.018545972921515098,0.020344919647974989,0.021291637685932924,0.021291637685932924,0.020344919647974989,0.018545972921515098],[0.019491865734335343,0.021291637685932924,0.022238768470293775,0.022238768470293775,0.021291637685932924,0.019491865734335343],[0.019491865734335343,0.021291637685932924,0.022238768470293775,0.022238768470293775,0.021291637685932924,0.019491865734335343],[0.018545972921515098,0.020344919647974989,0.021291637685932924,0.021291637685932924,0.020344919647974989,0.018545972921515098],[0.016652990731728767,0.018545972921515098,0.019491865734335343,0.019491865734335343,0.018545972921515098,0.016652990731728767]],[[0.019493172726962472,0.021386961434250736,0.022333633110490352,0.022333633110490352,0.021386961434250736,0.019493172726962472],[0.021386961434250736,0.023186151901680059,0.024133122899102376,0.024133122899102376,0.023186151901680059,0.021386961434250736],[0.022333633110490352,0.024133122899102376,0.025080243602779259,0.025080243602779259,0.024133122899102376,0.022333633110490352],[0.022333633110490352,0.024133122899102376,0.025080243602779259,0.025080243602779259,0.024133122899102376,0.022333633110490352],[0.021386961434250736,0.023186151901680059,0.024133122899102376,0.024133122899102376,0.023186151901680059,0.021386961434250736],[0.019493172726962472,0.021386961434250736,0.022333633110490352,0.022333633110490352,0.021386961434250736,0.019493172726962472]],[[0.022334101200004394,0.024228167189624637,0.02517511853569402,0.02517511853569402,0.024228167189624637,0.022334101200004394],[0.024228167189624637,0.026027432848872798,0.026974489426552103,0.026974489426552103,0.026027432848872798,0.024228167189624637],[0.02517511853569402,0.026974489426552103,0.027921598632888647,0.027921598632888647,0.026974489426552103,0.02517511853569402],[0.02517511853569402,0.026974489426552103,0.027921598632888647,0.027921598632888647,0.026974489426552103,0.02517511853569402],[0.024228167189624637,0.026027432848872798,0.026974489426552103,0.026974489426552103,0.026027432848872798,0.024228167189624637],[0.022334101200004394,0.024228167189624637,0.02517511853569402,0.02517511853569402,0.024228167189624637,0.022334101200004394]],[[0.025175277580694409,0.027069428315041909,0.028016474678920079,0.028016474678920079,0.027069428315041909,0.025175277580694409],[0.027069428315041909,0.028868704995232895,0.029815784463223277,0.029815784463223277,0.028868704995232895,0.027069428315041909],[0.028016474678920079,0.029815784463223277,0.030762880483679773,0.030762880483679773,0.029815784463223277,0.028016474678920079],[0.028016474678920079,0.029815784463223277,0.030762880483679773,0.030762880483679773,0.029815784463223277,0.028016474678920079],[0.027069428315041909,0.028868704995232895,0.029815784463223277,0.029815784463223277,0.028868704995232895,0.027069428315041909],[0.025175277580694409,0.027069428315041909,0.028016474678920079,0.028016474678920079,0.027069428315041909,0.025175277580694409]],[[0.028016518386627588,0.029910681574376277,0.030857753851893752,0.030857753851893752,0.029910681574376281,0.028016518386627588],[0.029910681574376277,0.0317099431720894,0.032657021180808182,0.032657021180808182,0.03170994317208941,0.029910681574376281],[0.030857753851893752,0.032657021180808182,0.033604102050585408,0.033604102050585408,0.032657021180808182,0.030857753851893752],[0.030857753851893752,0.032657021180808182,0.033604102050585408,0.033604102050585408,0.032657021180808175,0.030857753851893752],[0.029910681574376281,0.03170994317208941,0.032657021180808182,0.032657021180808175,0.031709943172089396,0.029910681574376277],[0.028016518386627588,0.029910681574376281,0.030857753851893752,0.030857753851893752,0.029910681574376277,0.028016518386627585]],[[0.030857752990807168,0.032751899505856934,0.033698970931904111,0.033698970931904111,0.032751899505856934,0.030857752990807168],[0.032751899505856934,0.034551133605051132,0.03549819974238215,0.03549819974238215,0.034551133605051132,0.032751899505856934],[0.033698970931904111,0.03549819974238215,0.036445263228609574,0.036445263228609574,0.03549819974238215,0.033698970931904111],[0.033698970931904111,0.03549819974238215,0.036445263228609574,0.036445263228609574,0.03549819974238215,0.033698970931904111],[0.032751899505856934,0.034551133605051132,0.03549819974238215,0.03549819974238215,0.034551133605051132,0.032751899505856934],[0.030857752990807168,0.032751899505856934,0.033698970931904111,0.033698970931904111,0.032751899505856934,0.030857752990807164]],[[0.033698951214465991,0.035593067319765588,0.03654012654079862,0.03654012654079862,0.035593067319765588,0.033698951214465991],[0.035593067319765588,0.037392266237395028,0.038339315058420489,0.038339315058420489,0.037392266237395028,0.035593067319765588],[0.03654012654079862,0.038339315058420489,0.039286358671495658,0.039286358671495658,0.038339315058420489,0.03654012654079862],[0.03654012654079862,0.038339315058420489,0.039286358671495658,0.039286358671495658,0.038339315058420489,0.03654012654079862],[0.035593067319765588,0.037392266237395028,0.038339315058420489,0.038339315058420489,0.037392266237395028,0.035593067319765588],[0.033698951214465991,0.035593067319765588,0.03654012654079862,0.03654012654079862,0.035593067319765588,0.033698951214465991]],[[0.03654009715151918,0.03843417442138658,0.039381215595733418,0.039381215595733418,0.03843417442138658,0.03654009715151918],[0.03843417442138658,0.040233331926102754,0.041180359659811462,0.041180359659811462,0.040233331926102754,0.03843417442138658],[0.039381215595733418,0.041180359659811462,0.0421273806644115,0.0421273806644115,0.041180359659811462,0.039381215595733418],[0.039381215595733418,0.041180359659811462,0.0421273806644115,0.0421273806644115,0.041180359659811462,0.039381215595733418],[0.03843417442138658,0.040233331926102754,0.041180359659811462,0.041180359659811462,0.040233331926102754,0.03843417442138658],[0.03654009715151918,0.03843417442138658,0.039381215595733418,0.039381215595733418,0.03843417442138658,0.03654009715151918]],[[0.039381179657476235,0.041275211310907195,0.042222230473003358,0.042222230473003358,0.041275211310907195,0.039381179657476235],[0.041275211310907195,0.043074321426405451,0.044021324769788608,0.044021324769788608,0.043074321426405451,0.041275211310907195],[0.042222230473003358,0.044021324769788608,0.0449683201943017,0.0449683201943017,0.044021324769788608,0.042222230473003358],[0.042222230473003358,0.044021324769788608,0.0449683201943017,0.0449683201943017,0.044021324769788608,0.042222230473003358],[0.041275211310907195,0.043074321426405451,0.044021324769788608,0.044021324769788608,0.043074321426405451,0.041275211310907195],[0.039381179657476235,0.041275211310907195,0.042222230473003358,0.042222230473003358,0.041275211310907195,0.039381179657476235]],[[0.042222188889359441,0.044116168457478969,0.0450631621854847,0.0450631621854847,0.044116168457478969,0.042222188889359441],[0.044116168457478969,0.045915225030231072,0.0468622007090263,0.0468622007090263,0.045915225030231072,0.044116168457478969],[0.0450631621854847,0.0468622007090263,0.047809167353008358,0.047809167353008358,0.0468622007090263,0.0450631621854847],[0.0450631621854847,0.0468622007090263,0.047809167353008358,0.047809167353008358,0.0468622007090263,0.0450631621854847],[0.044116168457478969,0.045915225030231072,0.0468622007090263,0.0468622007090263,0.045915225030231072,0.044116168457478969],[0.042222188889359441,0.044116168457478969,0.0450631621854847,0.0450631621854847,0.044116168457478969,0.042222188889359441]],[[0.04506311505086074,0.046957035895590471,0.047904000825159575,0.047904000825159575,0.046957035895590471,0.04506311505086074],[0.046957035895590471,0.0487560324413264,0.04970297705151891,0.04970297705151891,0.0487560324413264,0.046957035895590471],[0.047904000825159575,0.04970297705151891,0.050649911491115918,0.050649911491115918,0.04970297705151891,0.047904000825159575],[0.047904000825159575,0.04970297705151891,0.050649911491115918,0.050649911491115918,0.04970297705151891,0.047904000825159575],[0.046957035895590471,0.0487560324413264,0.04970297705151891,0.04970297705151891,0.0487560324413264,0.046957035895590471],[0.04506311505086074,0.046957035895590471,0.047904000825159575,0.047904000825159575,0.046957035895590471,0.04506311505086074]],[[0.047903947941119053,0.049797803083386855,0.050744735731476143,0.050744735731476143,0.049797803083386855,0.047903947941119053],[0.049797803083386855,0.051596732733804808,0.052543642685188963,0.052543642685188963,0.051596732733804808,0.049797803083386855],[0.050744735731476143,0.052543642685188963,0.053490541276594819,0.053490541276594819,0.052543642685188963,0.050744735731476143],[0.050744735731476143,0.052543642685188963,0.053490541276594819,0.053490541276594819,0.052543642685188963,0.050744735731476143],[0.049797803083386855,0.051596732733804808,0.052543642685188963,0.052543642685188963,0.051596732733804808,0.049797803083386855],[0.047903947941119053,0.049797803083386855,0.050744735731476143,0.050744735731476143,0.049797803083386855,0.047903947941119053]],[[0.050744676794621711,0.052638458853824691,0.053585355555373436,0.053585355555373436,0.052638458853824691,0.050744676794621711],[0.052638458853824691,0.054437314338014318,0.055384185834154789,0.055384185834154789,0.054437314338014318,0.052638458853824691],[0.053585355555373436,0.055384185834154789,0.056331044715220512,0.056331044715220512,0.055384185834154789,0.053585355555373436],[0.053585355555373436,0.055384185834154789,0.056331044715220512,0.056331044715220512,0.055384185834154789,0.053585355555373436],[0.052638458853824691,0.054437314338014318,0.055384185834154789,0.055384185834154789,0.054437314338014318,0.052638458853824691],[0.050744676794621711,0.052638458853824691,0.053585355555373436,0.053585355555373436,0.052638458853824691,0.050744676794621711]],[[0.053585290224566241,0.055478991396692351,0.056425848281702065,0.056425848281702065,0.055478991396692351,0.053585290224566241],[0.055478991396692351,0.057277765033322957,0.058224594063837738,0.058224594063837738,0.057277765033322957,0.055478991396692351],[0.056425848281702065,0.058224594063837738,0.059171409153958895,0.059171409153958895,0.058224594063837738,0.056425848281702065],[0.056425848281702065,0.058224594063837738,0.059171409153958895,0.059171409153958895,0.058224594063837738,0.056425848281702065],[0.055478991396692351,0.057277765033322957,0.058224594063837738,0.058224594063837738,0.057277765033322957,0.055478991396692351],[0.053585290224566241,0.055478991396692351,0.056425848281702065,0.056425848281702065,0.055478991396692351,0.053585290224566241]],[[0.056425776201039161,0.058319388248938966,0.059266201233373617,0.059266201233373617,0.058319388248938966,0.056425776201039161],[0.058319388248938966,0.060118071940546282,0.061064854276930737,0.061064854276930737,0.060118071940546282,0.058319388248938966],[0.059266201233373617,0.061064854276930737,0.0620116212753342,0.0620116212753342,0.061064854276930737,0.05926620123337361],[0.059266201233373617,0.061064854276930737,0.0620116212753342,0.0620116212753342,0.061064854276930737,0.05926620123337361],[0.058319388248938966,0.060118071940546282,0.061064854276930737,0.061064854276930737,0.060118071940546282,0.058319388248938966],[0.056425776201039161,0.058319388248938966,0.05926620123337361,0.05926620123337361,0.058319388248938966,0.056425776201039161]],[[0.059266122039010306,0.061159636285217547,0.062106401066020188,0.062106401066020188,0.061159636285217547,0.059266122039010306],[0.061159636285217547,0.062958221511526746,0.063904952703355986,0.063904952703355986,0.062958221511526746,0.061159636285217547],[0.062106401066020188,0.063904952703355986,0.064851667085895348,0.064851667085895348,0.063904952703355986,0.062106401066020188],[0.062106401066020188,0.063904952703355986,0.064851667085895348,0.064851667085895348,0.063904952703356,0.062106401066020188],[0.061159636285217547,0.062958221511526746,0.063904952703355986,0.063904952703356,0.06295822151152676,0.061159636285217554],[0.059266122039010306,0.061159636285217547,0.062106401066020188,0.062106401066020188,0.061159636285217554,0.059266122039010306]],[[0.062106314387157684,0.063999721705858881,0.064946433756574246,0.064946433756574246,0.063999721705858881,0.062106314387157684],[0.063999721705858881,0.065798199515120864,0.06674487488552247,0.06674487488552247,0.065798199515120864,0.063999721705858881],[0.064946433756574246,0.06674487488552247,0.067691531900075819,0.067691531900075819,0.06674487488552247,0.064946433756574246],[0.064946433756574246,0.06674487488552247,0.067691531900075819,0.067691531900075819,0.06674487488552247,0.064946433756574246],[0.063999721705858881,0.065798199515120864,0.06674487488552247,0.06674487488552247,0.065798199515120864,0.063999721705858881],[0.062106314387157684,0.063999721705858881,0.064946433756574246,0.064946433756574246,0.063999721705858881,0.062106314387157684]],[[0.06494633921439498,0.066839630021393232,0.06778628458715609,0.06778628458715609,0.066839630021393232,0.06494633921439498],[0.066839630021393232,0.06863799101944279,0.069584605659478133,0.069584605659478133,0.06863799101944279,0.066839630021393232],[0.06778628458715609,0.069584605659478133,0.070531200320025661,0.070531200320025661,0.069584605659478133,0.06778628458715609],[0.06778628458715609,0.069584605659478133,0.070531200320025661,0.070531200320025661,0.069584605659478133,0.06778628458715609],[0.066839630021393232,0.06863799101944279,0.069584605659478133,0.069584605659478133,0.06863799101944279,0.066839630021393232],[0.06494633921439498,0.066839630021393232,0.06778628458715609,0.06778628458715609,0.066839630021393232,0.06494633921439498]],[[0.067786181793074857,0.069679346033410292,0.070625938124895121,0.070625938124895121,0.069679346033410292,0.067786181793074857],[0.069679346033410292,0.071477580370406732,0.072424129132266882,0.072424129132266882,0.071477580370406732,0.069679346033410292],[0.070625938124895121,0.072424129132266882,0.073370656211709753,0.073370656211709753,0.072424129132266882,0.070625938124895121],[0.070625938124895121,0.072424129132266882,0.073370656211709753,0.073370656211709753,0.072424129132266882,0.070625938124895121],[0.069679346033410292,0.071477580370406732,0.072424129132266882,0.072424129132266882,0.071477580370406732,0.069679346033410292],[0.067786181793074857,0.069679346033410292,0.070625938124895121,0.070625938124895121,0.069679346033410292,0.067786181793074857]],[[0.070625826678616582,0.072518853811779319,0.073465378197983974,0.073465378197983974,0.072518853811779319,0.070625826678616582],[0.072518853811779319,0.074316951166658665,0.075263428655662587,0.075263428655662587,0.074316951166658665,0.072518853811779319],[0.073465378197983974,0.075263428655662587,0.076209882677428023,0.076209882677428023,0.075263428655662587,0.073465378197983974],[0.073465378197983974,0.075263428655662587,0.076209882677428023,0.076209882677428023,0.075263428655662587,0.073465378197983974],[0.072518853811779319,0.074316951166658665,0.075263428655662587,0.075263428655662587,0.074316951166658665,0.072518853811779319],[0.070625826678616582,0.072518853811779319,0.073465378197983974,0.073465378197983974,0.072518853811779319,0.070625826678616582]],[[0.073465257685534288,0.075358136668290082,0.0763045878681378,0.0763045878681378,0.075358136668290082,0.073465257685534288],[0.075358136668290082,0.077156086230970533,0.078102486796380488,0.078102486796380488,0.077156086230970533,0.075358136668290082],[0.0763045878681378,0.078102486796380488,0.0790488620248436,0.0790488620248436,0.078102486796380488,0.0763045878681378],[0.0763045878681378,0.078102486796380488,0.0790488620248436,0.0790488620248436,0.078102486796380488,0.0763045878681378],[0.075358136668290082,0.077156086230970533,0.078102486796380488,0.078102486796380488,0.077156086230970533,0.075358136668290082],[0.073465257685534288,0.075358136668290082,0.0763045878681378,0.0763045878681378,0.075358136668290082,0.073465257685534288]],[[0.076304457859901489,0.078197177126767853,0.079143549399534788,0.079143549399534788,0.078197177126767853,0.076304457859901489],[0.078197177126767853,0.079994967578136511,0.080941285302803756,0.080941285302803756,0.079994967578136511,0.078197177126767853],[0.079143549399534788,0.080941285302803756,0.08188757573254199,0.08188757573254199,0.080941285302803756,0.079143549399534788],[0.079143549399534788,0.080941285302803756,0.08188757573254199,0.08188757573254199,0.080941285302803756,0.079143549399534788],[0.078197177126767853,0.079994967578136511,0.080941285302803756,0.080941285302803756,0.079994967578136511,0.078197177126767853],[0.076304457859901489,0.078197177126767853,0.079143549399534788,0.079143549399534788,0.078197177126767853,0.076304457859901489]],[[0.079143409448313148,0.081035956889690855,0.081982244224263645,0.081982244224263645,0.081035956889690855,0.079143409448313148],[0.081035956889690855,0.08283357637937637,0.083779805068220137,0.083779805068220137,0.08283357637937637,0.081035956889690855],[0.081982244224263645,0.083779805068220137,0.084726004412102568,0.084726004412102568,0.083779805068220137,0.081982244224263645],[0.081982244224263645,0.083779805068220137,0.084726004412102568,0.084726004412102568,0.083779805068220137,0.081982244224263645],[0.081035956889690855,0.08283357637937637,0.083779805068220137,0.083779805068220137,0.08283357637937637,0.081035956889690855],[0.079143409448313148,0.081035956889690855,0.081982244224263645,0.081982244224263645,0.081035956889690855,0.079143409448313148]],[[0.081982093863334826,0.08387445680130666,0.0848206529042644,0.0848206529042644,0.08387445680130666,0.081982093863334826],[0.08387445680130666,0.085671892923219709,0.086618026090530487,0.086618026090530487,0.085671892923219709,0.08387445680130666],[0.0848206529042644,0.086618026090530487,0.087564127766631333,0.087564127766631333,0.086618026090530487,0.0848206529042644],[0.0848206529042644,0.086618026090530487,0.087564127766631333,0.087564127766631333,0.086618026090530487,0.0848206529042644],[0.08387445680130666,0.085671892923219709,0.086618026090530487,0.086618026090530487,0.085671892923219709,0.08387445680130666],[0.081982093863334826,0.08387445680130666,0.0848206529042644,0.0848206529042644,0.08387445680130666,0.081982093863334826]],[[0.084820491645426307,0.086712656807191021,0.087658755089712118,0.087658755089712118,0.086712656807191021,0.084820491645426307],[0.086712656807191021,0.08850989657279594,0.089455927428347654,0.089455927428347654,0.08850989657279594,0.086712656807191021],[0.087658755089712118,0.089455927428347654,0.090401924545660692,0.090401924545660692,0.089455927428347654,0.087658755089712118],[0.087658755089712118,0.089455927428347654,0.090401924545660692,0.090401924545660692,0.089455927428347654,0.087658755089712118],[0.086712656807191021,0.08850989657279594,0.089455927428347654,0.089455927428347654,0.08850989657279594,0.086712656807191021],[0.084820491645426307,0.086712656807191021,0.087658755089712118,0.087658755089712118,0.086712656807191021,0.084820491645426307]],[[0.0876585824212903,0.089550535910176143,0.090496529473740969,0.090496529473740969,0.089550535910176143,0.0876585824212903],[0.089550535910176143,0.091347565719428828,0.0922934871533666,0.0922934871533666,0.091347565719428828,0.089550535910176143],[0.090496529473740969,0.0922934871533666,0.093239372496284861,0.093239372496284861,0.0922934871533666,0.090496529473740969],[0.090496529473740969,0.0922934871533666,0.093239372496284861,0.093239372496284861,0.0922934871533666,0.090496529473740969],[0.089550535910176143,0.091347565719428828,0.0922934871533666,0.0922934871533666,0.091347565719428828,0.089550535910176143],[0.0876585824212903,0.089550535910176143,0.090496529473740969,0.090496529473740969,0.089550535910176143,0.0876585824212903]],[[0.090496344858538108,0.092388072122529127,0.093333953743376,0.093333953743376,0.092388072122529127,0.090496344858538108],[0.092388072122529127,0.094184877732391911,0.09513068229884912,0.09513068229884912,0.094184877732391911,0.092388072122529127],[0.093333953743376,0.09513068229884912,0.09607644831036212,0.09607644831036212,0.09513068229884912,0.093333953743376],[0.093333953743376,0.09513068229884912,0.09607644831036212,0.09607644831036212,0.09513068229884912,0.093333953743376],[0.092388072122529127,0.094184877732391911,0.09513068229884912,0.09513068229884912,0.094184877732391911,0.092388072122529127],[0.090496344858538108,0.092388072122529127,0.093333953743376,0.093333953743376,0.092388072122529127,0.090496344858538108]],[[0.093333756616547664,0.095225242414217648,0.0961710045265132,0.0961710045265132,0.095225242414217648,0.093333756616547664],[0.095225242414217648,0.097021808904644166,0.097967488804035968,0.097967488804035968,0.097021808904644166,0.095225242414217648],[0.0961710045265132,0.097967488804035968,0.098913127567583969,0.098913127567583969,0.097967488804035968,0.0961710045265132],[0.0961710045265132,0.097967488804035968,0.098913127567583969,0.098913127567583969,0.097967488804035968,0.0961710045265132],[0.095225242414217648,0.097021808904644166,0.097967488804035968,0.097967488804035968,0.097021808904644166,0.095225242414217648],[0.093333756616547664,0.095225242414217648,0.0961710045265132,0.0961710045265132,0.095225242414217648,0.093333756616547664]],[[0.096170794293345935,0.0980620226570797,0.099007657334739943,0.099007657334739943,0.0980620226570797,0.096170794293345935],[0.0980620226570797,0.099858334394334516,0.1008038814542578,0.1008038814542578,0.099858334394334516,0.0980620226570797],[0.099007657334739943,0.1008038814542578,0.10174938467417058,0.10174938467417058,0.1008038814542578,0.099007657334739943],[0.099007657334739943,0.1008038814542578,0.10174938467417058,0.10174938467417058,0.1008038814542578,0.099007657334739943],[0.0980620226570797,0.099858334394334516,0.1008038814542578,0.1008038814542578,0.099858334394334516,0.0980620226570797],[0.096170794293345935,0.0980620226570797,0.099007657334739943,0.099007657334739943,0.0980620226570797,0.096170794293345935]],[[0.099007433368312872,0.10089838756465741,0.10184388650174611,0.10184388650174611,0.10089838756465741,0.099007433368312872],[0.10089838756465741,0.10269442816181125,0.1036398338164692,0.1036398338164692,0.10269442816181125,0.10089838756465741],[0.10184388650174611,0.1036398338164692,0.10458519279690313,0.10458519279690313,0.1036398338164692,0.10184388650174611],[0.10184388650174611,0.1036398338164692,0.10458519279690313,0.10458519279690313,0.1036398338164692,0.10184388650174611],[0.10089838756465741,0.10269442816181125,0.1036398338164692,0.1036398338164692,0.10269442816181125,0.10089838756465741],[0.099007433368312872,0.10089838756465741,0.10184388650174611,0.10184388650174611,0.10089838756465741,0.099007433368312872]],[[0.10184364814044904,0.10373431062742666,0.10467966511704443,0.10467966511704443,0.10373431062742666,0.10184364814044904],[0.10373431062742666,0.10553006290184161,0.10647531816989728,0.10647531816989728,0.10553006290184161,0.10373431062742666],[0.10467966511704443,0.10647531816989728,0.10742052379216999,0.10742052379216999,0.10647531816989728,0.10467966511704443],[0.10467966511704443,0.10647531816989728,0.10742052379216999,0.10742052379216999,0.10647531816989728,0.10467966511704443],[0.10373431062742666,0.10553006290184161,0.10647531816989728,0.10647531816989728,0.10553006290184161,0.10373431062742666],[0.10184364814044904,0.10373431062742666,0.10467966511704443,0.10467966511704443,0.10373431062742666,0.10184364814044904]],[[0.10467941166193688,0.10656976404310486,0.10751496495467146,0.10751496495467146,0.10656976404310486,0.10467941166193688],[0.10656976404310486,0.10836520997069704,0.10931030543144657,0.10931030543144657,0.10836520997069704,0.10656976404310486],[0.10751496495467146,0.10931030543144657,0.11025534812965501,0.11025534812965501,0.10931030543144657,0.10751496495467146],[0.10751496495467146,0.10931030543144657,0.11025534812965501,0.11025534812965501,0.10931030543144657,0.10751496495467146],[0.10656976404310486,0.10836520997069704,0.10931030543144657,0.10931030543144657,0.10836520997069704,0.10656976404310486],[0.10467941166193688,0.10656976404310486,0.10751496495467146,0.10751496495467146,0.10656976404310486,0.10467941166193688]],[[0.10751469566665051,0.10940471864168295,0.11034975639649273,0.11034975639649273,0.10940471864168295,0.10751469566665051],[0.10940471864168295,0.11119983930771715,0.11214476507545529,0.11214476507545529,0.11119983930771715,0.10940471864168295],[0.11034975639649273,0.11214476507545529,0.11308963481024507,0.11308963481024507,0.11214476507545529,0.11034975639649273],[0.11034975639649273,0.11214476507545529,0.11308963481024507,0.11308963481024507,0.11214476507545529,0.11034975639649273],[0.10940471864168295,0.11119983930771715,0.11214476507545529,0.11214476507545529,0.11119983930771715,0.10940471864168295],[0.10751469566665051,0.10940471864168295,0.11034975639649273,0.11034975639649273,0.10940471864168295,0.10751469566665051]],[[0.11034947049324777,0.11223914380475962,0.1131840083496774,0.1131840083496774,0.11223914380475962,0.11034947049324777],[0.11223914380475962,0.11403391935089831,0.11497866504733206,0.11497866504733206,0.11403391935089831,0.11223914380475962],[0.1131840083496774,0.11497866504733206,0.11592335127766888,0.11592335127766888,0.11497866504733206,0.1131840083496774],[0.1131840083496774,0.11497866504733206,0.11592335127766888,0.11592335127766888,0.11497866504733206,0.1131840083496774],[0.11223914380475962,0.11403391935089831,0.11497866504733206,0.11497866504733206,0.11403391935089831,0.11223914380475962],[0.11034947049324777,0.11223914380475962,0.1131840083496774,0.1131840083496774,0.11223914380475962,0.11034947049324777]],[[0.11318370500240385,0.11507300737871798,0.11601768815787189,0.11601768815787189,0.11507300737871798,0.11318370500240385],[0.11507300737871798,0.1168674169460126,0.11781197167056311,0.11781197167056311,0.1168674169460126,0.11507300737871798],[0.11601768815787189,0.11781197167056311,0.11875646332333789,0.11875646332333789,0.11781197167056311,0.11601768815787189],[0.11601768815787189,0.11781197167056311,0.11875646332333789,0.11875646332333789,0.11781197167056311,0.11601768815787189],[0.11507300737871798,0.1168674169460126,0.11781197167056311,0.11781197167056311,0.1168674169460126,0.11507300737871798],[0.11318370500240385,0.11507300737871798,0.11601768815787189,0.11601768815787189,0.11507300737871798,0.11318370500240385]],[[0.11601736648770115,0.11790627558120695,0.11885076150550353,0.11885076150550353,0.11790627558120695,0.11601736648770115],[0.11790627558120695,0.11970029724867511,0.120644649546482,0.120644649546482,0.11970029724867511,0.11790627558120695],[0.11885076150550353,0.120644649546482,0.12158893498375847,0.12158893498375847,0.120644649546482,0.11885076150550353],[0.11885076150550353,0.120644649546482,0.12158893498375847,0.12158893498375847,0.120644649546482,0.11885076150550353],[0.11790627558120695,0.11970029724867511,0.120644649546482,0.120644649546482,0.11970029724867511,0.11790627558120695],[0.11601736648770115,0.11790627558120695,0.11885076150550353,0.11885076150550353,0.11790627558120695,0.11601736648770115]],[[0.11885042057962976,0.12073891290035177,0.12168319231461773,0.12168319231461773,0.12073891290035177,0.11885042057962976],[0.12073891290035177,0.1225325236187388,0.12347666144615872,0.12347666144615872,0.1225325236187388,0.12073891290035177],[0.12168319231461773,0.12347666144615872,0.12442072842984886,0.12442072842984886,0.12347666144615872,0.12168319231461773],[0.12168319231461773,0.12347666144615872,0.12442072842984886,0.12442072842984885,0.12347666144615871,0.12168319231461773],[0.12073891290035177,0.1225325236187388,0.12347666144615872,0.12347666144615871,0.1225325236187388,0.12073891290035177],[0.11885042057962976,0.12073891290035177,0.12168319231461773,0.12168319231461773,0.12073891290035177,0.11885042057962976]],[[0.12168283114206367,0.12357088198599187,0.12451494263353853,0.12451494263353853,0.12357088198599187,0.12168283114206367],[0.12357088198599187,0.12536405750626917,0.1263079681936386,0.1263079681936386,0.12536405750626917,0.12357088198599187],[0.12451494263353853,0.1263079681936386,0.1272518038473627,0.1272518038473627,0.1263079681936386,0.12451494263353853],[0.12451494263353853,0.1263079681936386,0.1272518038473627,0.1272518038473627,0.1263079681936386,0.12451494263353853],[0.12357088198599187,0.12536405750626917,0.1263079681936386,0.1263079681936386,0.12536405750626917,0.12357088198599187],[0.12168283114206367,0.12357088198599187,0.12451494263353853,0.12451494263353853,0.12357088198599187,0.12168283114206367]],[[0.12451456016053131,0.12640214353221971,0.1273459725165644,0.1273459725165644,0.12640214353221971,0.12451456016053131],[0.12640214353221971,0.12819485832830341,0.12913852853969482,0.12913852853969482,0.12819485832830341,0.12640214353221971],[0.1273459725165644,0.12913852853969482,0.1300821193075534,0.1300821193075534,0.12913852853969482,0.1273459725165644],[0.1273459725165644,0.12913852853969482,0.1300821193075534,0.1300821193075534,0.12913852853969482,0.1273459725165644],[0.12640214353221971,0.12819485832830341,0.12913852853969482,0.12913852853969482,0.12819485832830341,0.12640214353221971],[0.12451456016053131,0.12640214353221971,0.1273459725165644,0.1273459725165644,0.12640214353221971,0.12451456016053131]],[[0.12734556762146215,0.12923265615032975,0.13017623989383081,0.13017623989383081,0.12923265615032975,0.12734556762146215],[0.12923265615032975,0.131024883335456,0.13196829902514043,0.13196829902514043,0.131024883335456,0.12923265615032975],[0.13017623989383081,0.13196829902514043,0.1329116306270883,0.1329116306270883,0.13196829902514043,0.13017623989383081],[0.13017623989383081,0.13196829902514043,0.1329116306270883,0.1329116306270883,0.13196829902514043,0.13017623989383081],[0.12923265615032975,0.131024883335456,0.13196829902514043,0.13196829902514043,0.131024883335456,0.12923265615032975],[0.12734556762146215,0.12923265615032975,0.13017623989383081,0.13017623989383081,0.12923265615032975,0.12734556762146215]],[[0.13017581138153275,0.132062376231249,0.13300570043030865,0.13300570043030865,0.132062376231249,0.13017581138153275],[0.132062376231249,0.13385408746734453,0.13479723383261302,0.13479723383261302,0.13385408746734453,0.132062376231249],[0.13300570043030865,0.13479723383261302,0.1357402912160873,0.1357402912160873,0.13479723383261302,0.13300570043030865],[0.13300570043030865,0.13479723383261302,0.1357402912160873,0.1357402912160873,0.13479723383261302,0.13300570043030865],[0.132062376231249,0.13385408746734453,0.13479723383261302,0.13479723383261302,0.13385408746734453,0.132062376231249],[0.13017581138153275,0.132062376231249,0.13300570043030865,0.13300570043030865,0.132062376231249,0.13017581138153275]],[[0.13300524702610633,0.13489125779632885,0.13583430737282859,0.13583430737282859,0.13489125779632885,0.13300524702610633],[0.13489125779632885,0.13668242319564849,0.13762528462561688,0.13762528462561688,0.13668242319564849,0.13489125779632885],[0.13583430737282859,0.13762528462561688,0.13856805191302435,0.13856805191302435,0.13762528462561688,0.13583430737282859],[0.13583430737282859,0.13762528462561688,0.13856805191302435,0.13856805191302435,0.13762528462561688,0.13583430737282859],[0.13489125779632885,0.13668242319564849,0.13762528462561688,0.13762528462561688,0.13668242319564849,0.13489125779632885],[0.13300524702610633,0.13489125779632885,0.13583430737282859,0.13583430737282859,0.13489125779632885,0.13300524702610633]],[[0.13583382771561056,0.13771925233527266,0.13866201138385423,0.13866201138385423,0.13771925233527266,0.13583382771561056],[0.13771925233527266,0.13950984035347574,0.14045240037344675,0.14045240037344675,0.13950984035347574,0.13771925233527266],[0.13866201138385423,0.14045240037344675,0.1413948608050633,0.1413948608050633,0.14045240037344675,0.13866201138385423],[0.13866201138385423,0.14045240037344675,0.1413948608050633,0.1413948608050633,0.14045240037344675,0.13866201138385423],[0.13771925233527266,0.13950984035347574,0.14045240037344675,0.14045240037344675,0.13950984035347574,0.13771925233527266],[0.13583382771561056,0.13771925233527266,0.13866201138385423,0.13866201138385423,0.13771925233527266,0.13583382771561056]],[[0.13866150401856858,0.14054630862980039,0.14148876036052566,0.14148876036052566,0.14054630862980039,0.13866150401856858],[0.14054630862980039,0.14233628594951706,0.14327852716040557,0.14327852716040557,0.14233628594951706,0.14054630862980039],[0.14148876036052566,0.14327852716040557,0.14422066303218076,0.14422066303218076,0.14327852716040557,0.14148876036052566],[0.14148876036052566,0.14327852716040557,0.14422066303218076,0.14422066303218076,0.14327852716040557,0.14148876036052566],[0.14054630862980039,0.14233628594951706,0.14327852716040557,0.14327852716040557,0.14233628594951706,0.14054630862980039],[0.13866150401856858,0.14054630862980039,0.14148876036052566,0.14148876036052566,0.14054630862980039,0.13866150401856858]],[[0.14148822372981704,0.1433723725614636,0.14431449923733766,0.14431449923733766,0.1433723725614636,0.14148822372981704],[0.1433723725614636,0.14516170396527783,0.14610360797754304,0.14610360797754304,0.14516170396527783,0.1433723725614636],[0.14431449923733766,0.14610360797754304,0.1470454005732329,0.1470454005732329,0.14610360797754304,0.14431449923733766],[0.14431449923733766,0.14610360797754304,0.1470454005732329,0.1470454005732329,0.14610360797754304,0.14431449923733766],[0.1433723725614636,0.14516170396527783,0.14610360797754304,0.14610360797754304,0.14516170396527783,0.1433723725614636],[0.14148822372981704,0.1433723725614636,0.14431449923733766,0.14431449923733766,0.1433723725614636,0.14148822372981704]],[[0.14431393167223583,0.14619738690178077,0.14713916977057953,0.14713916977057953,0.14619738690178077,0.14431393167223583],[0.14619738690178077,0.14798603513341621,0.14892758249487628,0.14892758249487628,0.14798603513341621,0.14619738690178077],[0.14713916977057953,0.14892758249487628,0.14986901201184755,0.14986901201184755,0.14892758249487628,0.14713916977057953],[0.14713916977057953,0.14892758249487628,0.14986901201184755,0.14986901201184755,0.14892758249487628,0.14713916977057953],[0.14619738690178077,0.14798603513341621,0.14892758249487628,0.14892758249487628,0.14798603513341621,0.14619738690178077],[0.14431393167223583,0.14619738690178077,0.14713916977057953,0.14713916977057953,0.14619738690178077,0.14431393167223583]],[[0.14713856948011789,0.14902129108265741,0.14996271030238056,0.14996271030238056,0.14902129108265741,0.14713856948011789],[0.14902129108265741,0.15080921669496763,0.15175038681177147,0.15175038681177147,0.15080921669496763,0.14902129108265741],[0.14996271030238056,0.15175038681177147,0.15269143227972776,0.15269143227972776,0.15175038681177147,0.14996271030238056],[0.14996271030238056,0.15175038681177147,0.15269143227972776,0.15269143227972776,0.15175038681177147,0.14996271030238056],[0.14902129108265741,0.15080921669496763,0.15175038681177147,0.15175038681177147,0.15080921669496763,0.14902129108265741],[0.14713856948011789,0.14902129108265741,0.14996271030238056,0.14996271030238056,0.14902129108265741,0.14713856948011789]],[[0.14996207536197451,0.15184402094472674,0.15278505550190657,0.15278505550190657,0