{"M_cells":[[[0,0,0,0,0,0],[0,0,0,0,0,0],[0,0,0,0,0,0],[0,0,0,0,0,0],[0,0,0,0,0,0],[0,0,0,0,0,0]],[[0.00021942240759484434,0.00050865569805299312,0.00020941021101294444,9.4364023410653793E-5,4.3212075467906933E-5,1.6306265717805993E-5],[0.00050865569805299312,0.00081920828555722455,0.00039945596877519131,0.00019077518800212956,9.3814959114662955E-5,4.3212075467906933E-5],[0.00020941021101294444,0.00039945596877519131,0.00028750342872441072,0.00017570586553287198,9.8208065942612636E-5,4.5972952792654825E-5],[9.4364023410653793E-5,0.00019077518800212956,0.00017570586553287198,0.00012655367614325565,7.7486344677658875E-5,3.56852046611717E-5],[4.3212075467906933E-5,9.3814959114662955E-5,9.8208065942612636E-5,7.7486344677658875E-5,4.9620982370907849E-5,2.1800160423878054E-5],[1.6306265717805993E-5,4.3212075467906933E-5,4.5972952792654825E-5,3.56852046611717E-5,2.1800160423878054E-5,7.9429370085316E-6]],[[0.000705930056838581,0.0010307336473867187,0.00049272154026940918,0.0002569462791235605,0.00014142740894155964,8.2014927170299877E-5],[0.0010307336473867187,0.0012319201745837624,0.00067516581426346224,0.00037326946621611505,0.00021959373971527953,0.00014142740894155964],[0.00049272154026940918,0.00067516581426346224,0.00050832112586190158,0.00034161812997504323,0.00022243566760125194,0.00014488983496362603],[0.0002569462791235605,0.00037326946621611505,0.00034161812997504323,0.00026267205557967512,0.00018382221233425214,0.00011771882918573665],[0.00014142740894155964,0.00021959373971527953,0.00022243566760125194,0.00018382221233425214,0.00013262143916881563,8.148601314175709E-5],[8.2014927170299877E-5,0.00014142740894155964,0.00014488983496362603,0.00011771882918573665,8.148601314175709E-5,4.5304332523804362E-5]],[[0.001150734271666996,0.0014163492519234575,0.00075251366333197139,0.00043655787323030671,0.00027243561019613588,0.000189767334118443],[0.0014163492519234575,0.0015459964476578422,0.00091662489939288363,0.000558460310878097,0.00036752920317388376,0.00027243561019613588],[0.00075251366333197139,0.00091662489939288363,0.00071493349253574229,0.00051337627961837063,0.00036699275563215923,0.0002738400865033021],[0.00043655787323030671,0.000558460310878097,0.00051337627961837063,0.00041335008715140371,0.00031342798628058359,0.0002303633771706942],[0.00027243561019613588,0.00036752920317388376,0.00036699275563215923,0.00031342798628058359,0.00024319057213901369,0.00017303444326500803],[0.000189767334118443,0.00027243561019613588,0.0002738400865033021,0.0002303633771706942,0.00017303444326500803,0.00011577566548819826]],[[0.0015068886267093078,0.001719133388614752,0.00098683728401576768,0.00062038254217636646,0.0004232840696487256,0.00032578689336704717],[0.001719133388614752,0.0018070630910509602,0.0011359134866422761,0.00074315849316733938,0.00052842569949697207,0.0004232840696487256],[0.00098683728401576768,0.0011359134866422761,0.00091197110587542,0.00068815757008311256,0.000524196539721813,0.00042139023294413328],[0.00062038254217636646,0.00074315849316733938,0.00068815757008311256,0.00057353836054993622,0.00045902827368350945,0.00036427912147315804],[0.0004232840696487256,0.00052842569949697207,0.000524196539721813,0.00045902827368350945,0.00037430135000966281,0.00028966730936520654],[0.00032578689336704717,0.0004232840696487256,0.00042139023294413328,0.00036427912147315804,0.00028966730936520654,0.00021514013129789931]],[[0.0017965514755936207,0.0019732229219069906,0.0012019684394086727,0.00080417796615917165,0.00058575313479220306,0.00047931995098188273],[0.0019732229219069906,0.0020363631266515671,0.001340410998779272,0.00092635082394330241,0.0006966989386354306,0.00058575313479220306],[0.0012019684394086727,0.001340410998779272,0.0011023221957770293,0.0008643585932105553,0.0006891663188207587,0.00058041656265357471],[0.00080417796615917165,0.00092635082394330241,0.0008643585932105553,0.00073983053105307047,0.00061541483495369624,0.00051273779747532762],[0.00058575313479220306,0.0006966989386354306,0.0006891663188207587,0.00061541483495369624,0.00052013866339988316,0.00042496356985967192],[0.00047931995098188273,0.00058575313479220306,0.00058041656265357471,0.00051273779747532762,0.00042496356985967192,0.00033728451733755873]],[[0.0020435998002029088,0.0021981069605379322,0.0014039274664508917,0.000986763900129325,0.00075487733726962,0.00064323446565388537],[0.0021981069605379322,0.0022462317052231355,0.0015352581920465513,0.0011080353175632108,0.00086911768021209193,0.00075487733726962],[0.0014039274664508917,0.0015352581920465513,0.0012881891291193581,0.0010412428579298929,0.00085891245962748048,0.00074650499832728384],[0.000986763900129325,0.0011080353175632108,0.0010412428579298929,0.0009100706478489724,0.000779012908124069,0.00067101266057524025],[0.00075487733726962,0.00086911768021209193,0.00085891245962748048,0.000779012908124069,0.00067627762567457766,0.00057364909624085065],[0.00064323446565388537,0.00075487733726962,0.00074650499832728384,0.00067101266057524025,0.00057364909624085065,0.00047638816043589564]],[[0.0022643099692098738,0.0024051813943128885,0.0015971943123593263,0.0011680413856908509,0.0009277582603326234,0.00081314021561602065],[0.0024051813943128885,0.0024440850861847671,0.0017238879343135377,0.0012885007221939393,0.0010438475478044952,0.0009277582603326234],[0.0015971943123593263,0.0017238879343135377,0.0014711163417491925,0.001218465973479198,0.0010316069426280867,0.000916943402982544],[0.0011680413856908509,0.0012885007221939393,0.001218465973479198,0.001082876324815603,0.00094740251587473027,0.000835854521437297],[0.0009277582603326234,0.0010438475478044952,0.0010316069426280867,0.00094740251587473027,0.000839499197501063,0.00073170650513881223],[0.00081314021561602065,0.0009277582603326234,0.000916943402982544,0.000835854521437297,0.00073170650513881223,0.00062766628153268912]],[[0.0024688062579767507,0.0026012663388542147,0.0017848291920450256,0.0013482341218705382,0.0011027398621814113,0.00098644525779865121],[0.0026012663388542147,0.0026344515378455111,0.0019085351917039551,0.001468062727917176,0.0012198590652947939,0.0011027398621814113],[0.0017848291920450256,0.0019085351917039551,0.001652138225246362,0.0013958614708811717,0.0012061290555906278,0.0010900690496640423],[0.0013482341218705382,0.001468062727917176,0.0013958614708811717,0.0012573524744107006,0.0011189602096168295,0.0010050610595198797],[0.0011027398621814113,0.0012198590652947939,0.0012061290555906278,0.0011189602096168295,0.0010075285769648333,0.00089621018480447233],[0.00098644525779865121,0.0011027398621814113,0.0010900690496640423,0.0010050610595198797,0.00089621018480447233,0.0007874706284812258]],[[0.0026632730093989116,0.0027905120832233854,0.0019688458654825978,0.0015276139722162213,0.0012788887570898925,0.0011616576748008441],[0.0027905120832233854,0.0028201252881486904,0.0020906372980843643,0.00164698455075954,0.0013965787691692106,0.0012788887570898925],[0.0019688458654825978,0.0020906372980843643,0.0018319320656902151,0.0015733463941006616,0.0013817889494043654,0.0012648610865658239],[0.0015276139722162213,0.00164698455075954,0.0015733463941006616,0.001432916695037647,0.0012926043085422711,0.0011771539239754855],[0.0012788887570898925,0.0013965787691692106,0.0013817889494043654,0.0012926043085422711,0.0011787902321531425,0.0010650911464343425],[0.0011616576748008441,0.0012788887570898925,0.0012648610865658239,0.0011771539239754855,0.0010650911464343425,0.00095314206797892406]],[[0.0028514961589431579,0.0029754743510338258,0.0021505465192847148,0.0017064145246983311,0.0014556835183425622,0.0013379324430674276],[0.0029754743510338258,0.003002844092347209,0.0022711135470552118,0.001825464365966393,0.001573688788702398,0.0014556835183425622],[0.0021505465192847148,0.0022711135470552118,0.0020109363774612095,0.0017508783502262688,0.0015581600702220435,0.0014406906730777837],[0.0017064145246983311,0.001825464365966393,0.0017508783502262688,0.00160918931661432,0.0014676179736100527,0.0013511478080950163],[0.0014556835183425622,0.001573688788702398,0.0015581600702220435,0.0014676179736100527,0.0013522087329840384,0.0012369156469562695],[0.0013379324430674276,0.0014556835183425622,0.0014406906730777837,0.0013511478080950163,0.0012369156469562695,0.0011227987789035449]],[[0.0030358098815093317,0.0031577406020992641,0.0023307664241898553,0.0018848138948002278,0.0016328345643534014,0.0015147959367594792],[0.0031577406020992641,0.0031836952091633757,0.002450550705223405,0.0020036439851506866,0.0017510135121033815,0.0016328345643534014],[0.0023307664241898553,0.002450550705223405,0.0021894335402702025,0.0019284352489221037,0.0017349774616713879,0.0016171688469898968],[0.0018848138948002278,0.0020036439851506866,0.0019284352489221037,0.0017859227618106637,0.0016435282110976556,0.0015263896354762556],[0.0016328345643534014,0.0017510135121033815,0.0017349774616713879,0.0016435282110976556,0.0015270579780736343,0.0014107046696572041],[0.0015147959367594792,0.0016328345643534014,0.0016171688469898968,0.0015263896354762556,0.0014107046696572041,0.0012951360571465539]],[[0.0032176637965653761,0.003338303316358579,0.0025100395442715449,0.0020629403337621903,0.0018101817059899823,0.0016919845339357616],[0.003338303316358579,0.0033633621726416136,0.0026293231917888984,0.0021816219696031173,0.0019284561408636027,0.0018101817059899823],[0.0025100395442715449,0.0026293231917888984,0.0023676049525352865,0.0021060054142331736,0.001912075823682594,0.0017940539711959595],[0.0020629403337621903,0.0021816219696031173,0.0021060054142331736,0.0019629556770074689,0.0018200240358193205,0.0017024484447664212],[0.0018101817059899823,0.0019284561408636027,0.001912075823682594,0.0018200240358193205,0.0017028518162453983,0.0015857970285354189],[0.0016919845339357616,0.0018101817059899823,0.0017940539711959595,0.0017024484447664212,0.0015857970285354189,0.0014692626670921298]],[[0.003397963825086241,0.0035177861555981543,0.0026887068892415484,0.0022408832699809342,0.0019876365697608944,0.0018693521858304998],[0.0035177861555981543,0.0035422763917332583,0.0028076700679152628,0.0023594655750574841,0.0021059634050347477,0.0019876365697608944],[0.0026887068892415484,0.0028076700679152628,0.0025455670462655646,0.0022835826145904143,0.0020893516101786491,0.0019711952910721718],[0.0022408832699809342,0.0023594655750574841,0.0022835826145904143,0.0021401829994502448,0.0019969015839214591,0.0018790408690525693],[0.0019876365697608944,0.0021059634050347477,0.0020893516101786491,0.0019969015839214591,0.0018792668829699505,0.0017617499468886991],[0.0018693521858304998,0.0019876365697608944,0.0019711952910721718,0.0018790408690525693,0.0017617499468886991,0.0016445765416609021]],[[0.0035772790217550809,0.003696582626372976,0.0028669862857757015,0.0024187038370072308,0.0021651504943973475,0.0020468182381845651],[0.003696582626372976,0.0037207110381193816,0.0029857441203053384,0.0025372201313466729,0.0022835060250588528,0.0021651504943973475],[0.0028669862857757015,0.0029857441203053384,0.002723394553102687,0.0024611635044911365,0.0022667397190171872,0.0021484983752743164],[0.0024187038370072308,0.0025372201313466729,0.0024611635044911365,0.0023175363905624884,0.0021740275433717498,0.0020559811412284787],[0.0021651504943973475,0.0022835060250588528,0.0022667397190171872,0.0021740275433717498,0.0020560892136374542,0.0019382688667579555],[0.0020468182381845651,0.0021651504943973475,0.0021484983752743164,0.0020559811412284787,0.0019382688667579555,0.0018206744126342787]],[[0.0037559683379284454,0.0038749418526274493,0.0030450169819206019,0.0025964432806451173,0.0023426967235856016,0.0022243382501214012],[0.0038749418526274493,0.0038988395632826214,0.0031636431049262941,0.0027149159236504725,0.0024610679242008751,0.0023426967235856016],[0.0030450169819206019,0.0031636431049262941,0.0029011354577392319,0.0026387462831897108,0.00244419908356712,0.0023259038558557012],[0.0025964432806451173,0.0027149159236504725,0.0026387462831897108,0.0024949714456069306,0.002351314918218841,0.0022331477790798735],[0.0023426967235856016,0.0024610679242008751,0.00244419908356712,0.002351314918218841,0.0022331778276415289,0.0021151588622639042],[0.0022243382501214012,0.0023426967235856016,0.0023259038558557012,0.0022331477790798735,0.0021151588622639042,0.0019972879644133018]],[[0.0039342589766122524,0.0040530219955016442,0.0032228880818429666,0.0027741291741519626,0.0025202605626914545,0.0024018877750750208],[0.0040530219955016442,0.0040767723587866673,0.0033414296368508675,0.002892573054995459,0.0026386402839998126,0.0025202605626914545],[0.0032228880818429666,0.0033414296368508675,0.003078820587845929,0.0028163299818675827,0.0026217037232933666,0.0025033742859064344],[0.0027741291741519626,0.002892573054995459,0.0028163299818675827,0.00267245933994946,0.00252870703632565,0.0024104615043538152],[0.0025202605626914545,0.0026386402839998126,0.0026217037232933666,0.00252870703632565,0.0024104401522992013,0.0022922914862293464],[0.0024018877750750208,0.0025202605626914545,0.0025033742859064344,0.0024104615043538152,0.0022922914862293464,0.0021742396167709352]],[[0.0041122951621585715,0.0042309237049448761,0.0034006566619908473,0.0029517798271240119,0.0026978339503494118,0.0025794533831865318],[0.0042309237049448761,0.0042545798221045039,0.0035191438636015975,0.0030702048037489541,0.0028162182728107919,0.0026978339503494118],[0.0034006566619908473,0.0035191438636015975,0.0032564697604088688,0.0029939140811406197,0.0027992371598601841,0.0026808859765454548],[0.0029517798271240119,0.0030702048037489541,0.0029939140811406197,0.0028499813794695792,0.0027061670342371394,0.0025878706713863857],[0.0026978339503494118,0.0028162182728107919,0.0027992371598601841,0.0027061670342371394,0.0025878155730809762,0.0024695823902123066],[0.0025794533831865318,0.0026978339503494118,0.0026808859765454548,0.0025878706713863857,0.0024695823902123066,0.002351412342221124]],[[0.0042901686662190188,0.00440871116060983,0.0035783593192466033,0.0031294073361023,0.002875412469492951,0.0027570277057433756],[0.00440871116060983,0.0044323069217281326,0.0036968115503704566,0.0032478199065419954,0.0029937992470708053,0.002875412469492951],[0.0035783593192466033,0.0036968115503704566,0.0034340957216271351,0.0031714983044673012,0.0029767889186460283,0.0028584239039379359],[0.0031294073361023,0.0032478199065419954,0.0031714983044673012,0.0030275254500267065,0.0028836709637203458,0.0027653416857201765],[0.002875412469492951,0.0029937992470708053,0.0029767889186460283,0.0028836709637203458,0.0027652644940651546,0.0026469763418697986],[0.0027570277057433756,0.002875412469492951,0.0028584239039379359,0.0027653416857201765,0.0026469763418697986,0.0025287292861716241]],[[0.0044679380025066219,0.0045864253557648272,0.0037560195399668579,0.0033070196612420056,0.003052993703369227,0.0029346067048795139],[0.0045864253557648272,0.0046099824229055746,0.0038744492450778077,0.0034254240938080298,0.0031713817629592557,0.003052993703369227],[0.0037560195399668579,0.0038744492450778077,0.0036117066737886409,0.0033490825060937535,0.00315435232860707,0.0030359785185950323],[0.0033070196612420056,0.0034254240938080298,0.0033490825060937535,0.0032050837070534458,0.0030612032836685871,0.0029428527225120065],[0.003052993703369227,0.0031713817629592557,0.00315435232860707,0.0030612032836685871,0.002942761100249418,0.0028244372596806754],[0.0029346067048795139,0.003052993703369227,0.0030359785185950323,0.0029428527225120065,0.0028244372596806754,0.0027061401206899334]],[[0.0046456405426571435,0.00476409251040436,0.00393365240806146,0.0034846220240698444,0.0032305763320226565,0.0031121881712411295],[0.00476409251040436,0.0047876247469065963,0.0040520675822838456,0.0036030211144154759,0.0033489650336218967,0.0032305763320226565],[0.00393365240806146,0.0040520675822838456,0.0037893078970055493,0.0035266666101340682,0.0033319231340071249,0.0032135437389416645],[0.0034846220240698444,0.0036030211144154759,0.0035266666101340682,0.0033826510738283913,0.0032387539179985826,0.0031203896184262715],[0.0032305763320226565,0.0033489650336218967,0.0033319231340071249,0.0032387539179985826,0.0031202885889208415,0.0030019416191207084],[0.0031121881712411295,0.0032305763320226565,0.0032135437389416645,0.0031203896184262715,0.0030019416191207084,0.002883611966784958]],[[0.00482330018848372,0.004941729413914818,0.0041112676167500816,0.0036622178405624835,0.0034081596360312056,0.0032897708980952176],[0.004941729413914818,0.0049652457007909575,0.0042296733991660108,0.0037806134152541058,0.0035265486312281544,0.0034081596360312056],[0.0041112676167500816,0.0042296733991660108,0.0039669027907855781,0.0037042505774283023,0.0035094986158263515,0.0033911156853622323],[0.0036622178405624835,0.0037806134152541058,0.0037042505774283023,0.0035602242663686705,0.0034163163388585532,0.0032979431904918725],[0.0034081596360312056,0.0035265486312281544,0.0035094986158263515,0.0034163163388585532,0.0032978360384271176,0.0031794741078780913],[0.0032897708980952176,0.0034081596360312056,0.0033911156853622323,0.0032979431904918725,0.0031794741078780913,0.0030611233871948871]],[[0.0050009322436797106,0.0051193468257564592,0.0042888713974707834,0.0038398093401727606,0.0035857432240731144,0.0034673542276227472],[0.0051193468257564592,0.005142852856337094,0.0044072710921827258,0.0039582025898503223,0.0037041323235049157,0.0035857432240731144],[0.0042888713974707834,0.0044072710921827258,0.0041444935434563172,0.0038818343875302416,0.0036870770342785617,0.003568691879073015],[0.0038398093401727606,0.0039582025898503223,0.0038818343875302416,0.0037378011608387471,0.0035938863196407307,0.0034755074892812896],[0.0035857432240731144,0.0037041323235049157,0.0036870770342785617,0.0035938863196407307,0.0034753963578372888,0.0033570247727428269],[0.0034673542276227472,0.0035857432240731144,0.003568691879073015,0.0034755074892812896,0.0033570247727428269,0.0032386604277894523]],[[0.0051785465144970535,0.0052969516443712519,0.004466467756608688,0.0040173979745392486,0.0037633268834518854,0.0036449378018227853],[0.0052969516443712519,0.0053204510699735993,0.0045848634877524016,0.0041357896734082649,0.00388171598410729,0.0037633268834518854],[0.004466467756608688,0.0045848634877524016,0.0043220815626878305,0.0040594180289469919,0.0038646572742750585,0.0037462707338239841],[0.0040173979745392486,0.0041357896734082649,0.0040594180289469919,0.00391538038348925,0.0037714611247380309,0.0036530786624760186],[0.0037633268834518854,0.00388171598410729,0.0038646572742750585,0.0037714611247380309,0.0036529649474667017,0.0035345871512810351],[0.0036449378018227853,0.0037633268834518854,0.0037462707338239841,0.0036530786624760186,0.0035345871512810351,0.0034162140178822676]],[[0.0053561492872049509,0.0054745482928643978,0.00464405926920042,0.0041949846863166482,0.0039409104981398347,0.0038225214258359335],[0.0054745482928643978,0.0054980434553182226,0.0047624524015180449,0.0043133753362710062,0.0040592995435180159,0.0039409104981398347],[0.00464405926920042,0.0047624524015180449,0.0044996677525362518,0.0042370014938801961,0.0040422386195133877,0.0039238512326615462],[0.0041949846863166482,0.0043133753362710062,0.0042370014938801961,0.0040929610450326634,0.0039490389836311672,0.0038306542164441219],[0.0039409104981398347,0.0040592995435180159,0.0040422386195133877,0.0039490389836311672,0.0038305388254868651,0.0037121570512170564],[0.0038225214258359335,0.0039409104981398347,0.0039238512326615462,0.0038306542164441219,0.0037121570512170564,0.0035937782677642528]],[[0.0055337445914002891,0.0056521396056047838,0.004821647588750943,0.0043725700854664968,0.0041184940038836368,0.0040001049930058624],[0.0056521396056047838,0.0056756320062512494,0.0049400389978490342,0.0044909600104693376,0.0042368829621843409,0.0041184940038836368],[0.004821647588750943,0.0049400389978490342,0.0046772526918178016,0.00441458477541997,0.0042198206082866233,0.0041014327219730156],[0.0043725700854664968,0.0044909600104693376,0.00441458477541997,0.0042705425686893591,0.00412661874983667,0.0040082325369398862],[0.0041184940038836368,0.0042368829621843409,0.0042198206082866233,0.00412661874983667,0.0040081160593596786,0.0038897317545168674],[0.0040001049930058624,0.0041184940038836368,0.0041014327219730156,0.0040082325369398862,0.0038897317545168674,0.003771349356398689]],[[0.0057113350082805851,0.0058297273962176913,0.0049992337749467791,0.0045501545645837849,0.0042960773636459317,0.0041776884438319475],[0.0058297273962176913,0.0058532179965291968,0.0051176240210829135,0.004668543972340517,0.0044144662158506409,0.0042960773636459317],[0.0049992337749467791,0.0051176240210829135,0.0048548367490099994,0.0045921678660718569,0.0043974029413237289,0.004279014780040548],[0.0045501545645837849,0.004668543972340517,0.0045921678660718569,0.0044481245789363731,0.0043041996799097924,0.0041858125782778775],[0.0042960773636459317,0.0044144662158506409,0.0043974029413237289,0.0043041996799097924,0.0041856953962138227,0.0040673094992442161],[0.0041776884438319475,0.0042960773636459317,0.004279014780040548,0.0041858125782778775,0.0040673094992442161,0.003948924806107563]],[[0.0058889221884405154,0.0060073128218573512,0.0051768185044486536,0.0047277383741933686,0.0044736605541985828,0.004355271743517848],[0.0060073128218573512,0.0060308022363147,0.0052952079443493519,0.0048461273963817586,0.0045920492875739507,0.0044736605541985828],[0.0051768185044486536,0.0052952079443493519,0.0050324201562981074,0.0047697507570040772,0.0045749854228181929,0.0044565971330319974],[0.0047277383741933686,0.0048461273963817586,0.0047697507570040772,0.004625706829568527,0.0044817812903404277,0.0043633936619217432],[0.0044736605541985828,0.0045920492875739507,0.0045749854228181929,0.0044817812903404277,0.0043632760228328425,0.0042448891427100512],[0.004355271743517848,0.0044736605541985828,0.0044565971330319974,0.0043633936619217432,0.0042448891427100512,0.0041265030103785324]],[[0.0060665071839402021,0.0061848966170377929,0.0053544022065521047,0.0049053216718332425,0.0046512435588271037,0.0045328548697179333],[0.0061848966170377929,0.0062083852369781709,0.0054727910653952425,0.0050237103903089612,0.0047696321633977053,0.0046512435588271037],[0.0053544022065521047,0.0054727910653952425,0.00521000305731101,0.00494733343768022,0.0047525679226589216,0.0046341796012483762],[0.0049053216718332425,0.0050237103903089612,0.00494733343768022,0.0048032891572040767,0.0046593632649452521,0.0045409753460630749],[0.0046512435588271037,0.0047696321633977053,0.0047525679226589216,0.0046593632649452521,0.0045408574099620909,0.00442246994273924],[0.0045328548697179333,0.0046512435588271037,0.0046341796012483762,0.0045409753460630749,0.00442246994273924,0.0043040829268826434]],[[0.0062440906614580219,0.0063624792438446154,0.0055319851505361683,0.0050829045540097062,0.0048288263633793271,0.0047104378058710908],[0.0063624792438446154,0.006385967317035504,0.0056503735683085584,0.0052012930178566771,0.0049472148300238519,0.0048288263633793271],[0.0055319851505361683,0.0056503735683085584,0.0053875855379054835,0.00512491589569493,0.0049301503522233827,0.0048117620646987861],[0.0050829045540097062,0.0052012930178566771,0.00512491589569493,0.0049808714512502589,0.0048369453949718847,0.0047185573412220731],[0.0048288263633793271,0.0049472148300238519,0.0049301503522233827,0.0048369453949718847,0.004718439211400834,0.0046000514157798081],[0.0047104378058710908,0.0048288263633793271,0.0048117620646987861,0.0047185573412220731,0.0046000514157798081,0.0044816638781332028]],[[0.0064216730392129533,0.0065400609884859219,0.0057095675019256283,0.0052604870769787683,0.0050064089541405768,0.0048880205375918468],[0.0065400609884859219,0.0065635486702765276,0.0058279555632870864,0.0053788753135926241,0.0051247972735731827,0.0050064089541405768],[0.0057095675019256283,0.0058279555632870864,0.005565167646022974,0.0053024981167129276,0.0051077326488550715,0.0049893444410386836],[0.0052604870769787683,0.0053788753135926241,0.0053024981167129276,0.0051584536345107013,0.0050145275403803485,0.0048961394556608917],[0.0050064089541405768,0.0051247972735731827,0.0051077326488550715,0.0050145275403803485,0.0048960211986524118,0.0047776332449407447],[0.0048880205375918468,0.0050064089541405768,0.0049893444410386836,0.0048961394556608917,0.0047776332449407447,0.0046592454221742905]],[[0.00659925457496943,0.0067176420233777253,0.0058871493587393962,0.0054380692702499572,0.0051839913167025849,0.00506560305073089],[0.0067176420233777253,0.0067411294095898544,0.0060055371122651477,0.0055564572925362191,0.005302379478934827,0.0051839913167025849],[0.0058871493587393962,0.0060055371122651477,0.0057427494044991236,0.0054800800844575928,0.0052853147659057062,0.0051669266714230843],[0.0054380692702499572,0.0055564572925362191,0.0054800800844575928,0.0053360356506695766,0.005192109604826447,0.0050737215600980077],[0.0051839913167025849,0.005302379478934827,0.0052853147659057062,0.005192109604826447,0.0050736032186315993,0.0049552152204356426],[0.00506560305073089,0.0051839913167025849,0.0051669266714230843,0.0050737215600980077,0.0049552152204356426,0.0048368272687714957]],[[0.0067768354226239421,0.0068952224470758532,0.0060647307748470007,0.0056156511453527465,0.0053615734353705813,0.0052431853303430238],[0.0068952224470758532,0.0069187095951550462,0.0061831182454264392,0.0057340389563980149,0.0054799614294320327,0.0053615734353705813],[0.0060647307748470007,0.0061831182454264392,0.0059203308193259445,0.0056576617807200585,0.0054628966663450443,0.0053445087114316519],[0.0056156511453527465,0.0057340389563980149,0.0056576617807200585,0.0055136174562165135,0.0053696915195048491,0.0052513035649092718],[0.0053615734353705813,0.0054799614294320327,0.0054628966663450443,0.0053696915195048491,0.00525118516631059,0.0051327972010395025],[0.0052431853303430238,0.0053615734353705813,0.0053445087114316519,0.0052513035649092718,0.0051327972010395025,0.0050144092251349342]],[[0.0069544156685962923,0.0070728023099574568,0.0062423117750170119,0.0057932327015229159,0.0055391552928583448,0.00542076736014649],[0.0070728023099574568,0.0070962892525728042,0.006360698971840612,0.0059116202976227713,0.0056575431066547815,0.0055391552928583448],[0.0062423117750170119,0.006360698971840612,0.006097911884978084,0.0058352431853735979,0.0056404783186583167,0.0055220905252450683],[0.0057932327015229159,0.0059116202976227713,0.0058352431853735979,0.0056911990152374251,0.0055472732327178911,0.0054288854054036278],[0.0055391552928583448,0.0056575431066547815,0.0056404783186583167,0.0055472732327178911,0.0054287669670363033,0.0053103790891597287],[0.00542076736014649,0.0055391552928583448,0.0055220905252450683,0.0054288854054036278,0.0053103790891597287,0.0051919911607937082]],[[0.00713199535523032,0.0072503816307311116,0.0064198923646079445,0.0059708139293857352,0.005716736870134795,0.00559834912224451],[0.0072503816307311116,0.0072738683845154995,0.0065382792863087676,0.0060892013020043129,0.0058351244903776366,0.005716736870134795],[0.0064198923646079445,0.0065382792863087676,0.0062754925878417559,0.0060128242763849878,0.0058180596942096555,0.0056996720819050438],[0.0059708139293857352,0.0060892013020043129,0.0060128242763849878,0.0058687802960527063,0.0057248547031415846,0.0056064670323157885],[0.005716736870134795,0.0058351244903776366,0.0058180596942096555,0.0057248547031415846,0.0056063485651040692,0.0054879608147207718],[0.00559834912224451,0.005716736870134795,0.0056996720819050438,0.0056064670323157885,0.0054879608147207718,0.0053695729848761628]],[[0.00730957449583466,0.0074279604070406346,0.0065974725358033011,0.0061483948133370745,0.0058943181463480526,0.0057759305969844995],[0.0074279604070406346,0.0074514469782026721,0.0067158591737621525,0.0062667819503717534,0.0060127055585190358,0.0058943181463480526],[0.0065974725358033011,0.0067158591737621525,0.0064530729084168329,0.0061904050298193444,0.0059956407655449625,0.0058772533529105712],[0.0061483948133370745,0.0062667819503717534,0.0061904050298193444,0.0060463612690454015,0.0059024358954777355,0.0057840484056682993],[0.0058943181463480526,0.0060127055585190358,0.0059956407655449625,0.0059024358954777355,0.0057839299163755086,0.0056655423247499673],[0.0057759305969844995,0.0058943181463480526,0.0058772533529105712,0.0057840484056682993,0.0056655423247499673,0.0055471546314232682]],[[0.0074871530843385855,0.0076055386222631839,0.0067750522716153528,0.0063259753330770219,0.0060718990987858488,0.0059535117628870876],[0.0076055386222631839,0.0076290250101847,0.0068934386120799171,0.0064443622196705764,0.006190286287117543,0.0060718990987858488],[0.0067750522716153528,0.0068934386120799171,0.006630652822723954,0.006367985419836149,0.0061732215052950363,0.0060548343106688485],[0.0063259753330770219,0.0064443622196705764,0.006367985419836149,0.0062239419052539649,0.0060800167776438605,0.0059616294908072884],[0.0060718990987858488,0.006190286287117543,0.0061732215052950363,0.0060800167776438605,0.0059615109835082095,0.0058431235766483224],[0.0059535117628870876,0.0060718990987858488,0.0060548343106688485,0.0059616294908072884,0.0058431235766483224,0.0057247360498962358]],[[0.0076647311014787856,0.0077831162498539688,0.0069526315484472441,0.0065035554645910751,0.0062494797028512282,0.0061310925966078693],[0.0077831162498539688,0.00780660244938999,0.0070710175738846227,0.0066219420836488409,0.0063678666503128182,0.0062494797028512282],[0.0069526315484472441,0.0070710175738846227,0.0068082323031957749,0.0065455654186759764,0.0063508018854618155,0.0062324149274930107],[0.0065035554645910751,0.0066219420836488409,0.0065455654186759764,0.006401522175455478,0.006257597318953147,0.006139210255839001],[0.0062494797028512282,0.0063678666503128182,0.0063508018854618155,0.006257597318953147,0.00613909173287061,0.0060207045338412446],[0.0061310925966078693,0.0062494797028512282,0.0062324149274930107,0.006139210255839001,0.0060207045338412446,0.0059023171990425036]],[[0.0078423085187490447,0.0079606932561072374,0.0071302103377226637,0.006681135180770811,0.0064270599320414776,0.006308673072911988],[0.0079606932561072374,0.00798417925905036,0.0072485960276754942,0.0067995215132846737,0.0065454466203242745,0.0064270599320414776],[0.0071302103377226637,0.0072485960276754942,0.0069858113192322584,0.0067231449966376339,0.0065283818769476818,0.0064099951749479441],[0.006681135180770811,0.0067995215132846737,0.0067231449966376339,0.0065791020495620765,0.00643517748893033,0.0063167906699679015],[0.0064270599320414776,0.0065454466203242745,0.0065283818769476818,0.00643517748893033,0.0063166721325423622,0.0061982851629639431],[0.006308673072911988,0.0064270599320414776,0.0064099951749479441,0.0063167906699679015,0.0061982851629639431,0.00607989804292958]],[[0.00801988530090642,0.0081382696018955734,0.0073077886069113987,0.0068587144517982517,0.0066046397579246187,0.0064862531646512275],[0.0081382696018955734,0.0081617553979018726,0.0074261739385321273,0.0069771004770436207,0.006723026167424353,0.0066046397579246187],[0.0073077886069113987,0.0074261739385321273,0.0071633898375365063,0.0069007241220460118,0.0067059614492381917,0.0065875750234168952],[0.0068587144517982517,0.0069771004770436207,0.0069007241220460118,0.0067566814962164677,0.00661275725653498,0.006494370702413473],[0.0066046397579246187,0.006723026167424353,0.0067059614492381917,0.00661275725653498,0.0064942521510128652,0.0063758654320356014],[0.0064862531646512275,0.0066046397579246187,0.0065875750234168952,0.006494370702413473,0.0063758654320356014,0.0062574785483770221]],[[0.0081974614075448985,0.0083158452437477551,0.0074853663201624532,0.007036293245373801,0.0067822191501091143,0.0066638328427373987],[0.0083158452437477551,0.0083393308209157475,0.0076037512685380622,0.0071546789410225249,0.006900605259903902,0.0067822191501091143],[0.0074853663201624532,0.0076037512685380622,0.0073409678223058461,0.0070783027612105909,0.006883540570180295,0.0067651544418074489],[0.007036293245373801,0.0071546789410225249,0.0070783027612105909,0.006934260482512741,0.0067903365896446934,0.0066719503216975916],[0.0067822191501091143,0.006900605259903902,0.006883540570180295,0.0067903365896446934,0.0066718317563278732,0.0065534453092696123],[0.0066638328427373987,0.0067822191501091143,0.0067651544418074489,0.0066719503216975916,0.0065534453092696123,0.0064350586832887012]],[[0.0083750367940661451,0.0084934201344982283,0.0076629434386811628,0.0072138715268407318,0.0069597980762071627,0.0068414120761100617],[0.0084934201344982283,0.0085169054797242238,0.0077813279770211794,0.0073322568690176509,0.0070781838640300489,0.0069597980762071627],[0.0076629434386811628,0.0077813279770211794,0.0075185452353268767,0.0072558808783751046,0.0070611192058191146,0.0069427333973434051],[0.0072138715268407318,0.0073322568690176509,0.0072558808783751046,0.00711183897379504,0.0069679154547028,0.0068495294951683543],[0.0069597980762071627,0.0070781838640300489,0.0070611192058191146,0.0069679154547028,0.0068494109155212476,0.0067310247622895591],[0.0068414120761100617,0.0069597980762071627,0.0069427333973434051,0.0068495294951683543,0.0067310247622895591,0.0066126384155639848]],[[0.0085526114122587149,0.0086709942236576215,0.0078405199209391537,0.0073914492592394637,0.007137376501789347,0.0070189908316963812],[0.0086709942236576215,0.00869447932284713,0.00795890402067328,0.0075098342225407063,0.0072557619439954117,0.007137376501789347],[0.0078405199209391537,0.00795890402067328,0.007696122036005764,0.007433458435658488,0.0072386973202694443,0.0071203118554095781],[0.0073914492592394637,0.0075098342225407063,0.007433458435658488,0.00728941693350357,0.0071454938164694616,0.0070271081886726268],[0.007137376501789347,0.0072557619439954117,0.0072386973202694443,0.0071454938164694616,0.0070269895942294,0.006908603757607064],[0.0070189908316963812,0.007137376501789347,0.0071203118554095781,0.0070271081886726268,0.006908603757607064,0.0067902177123781169]],[[0.0087301852106232269,0.00884856745760239,0.00801809572277287,0.0075690264033137829,0.0073149543903311626,0.0071965690743633105],[0.00884856745760239,0.0088720522957881111,0.0081364793535889882,0.0076874109607984673,0.0074333394618589926,0.0073149543903311626],[0.00801809572277287,0.0081364793535889882,0.0078736981813539181,0.0076110353929873305,0.0074162748756066476,0.0072978897794273448],[0.0075690264033137829,0.0076874109607984673,0.0076110353929873305,0.0074669943230481683,0.0073230716378363736,0.0072046863663223588],[0.0073149543903311626,0.0074333394618589926,0.0074162748756066476,0.0073230716378363736,0.00720456775641936,0.0070861822602633073],[0.0071965690743633105,0.0073149543903311626,0.0072978897794273448,0.0072046863663223588,0.0070861822602633073,0.0069677965397004346]],[[0.0089077581345309142,0.0090261397796433489,0.0081956707974082544,0.0077466029174834772,0.0074925317031510862,0.0073741467668611083],[0.0090261397796433489,0.0090496243410432466,0.0083140539272498811,0.0078649870406461483,0.0076109163774787086,0.0074925317031510862],[0.0081956707974082544,0.0083140539272498811,0.0080512736259421552,0.00778861170802004,0.0075938518317672215,0.0074754671307472858],[0.0077466029174834772,0.0078649870406461483,0.00778861170802004,0.0076445711016968594,0.00750064887967971,0.00738226399031823],[0.0074925317031510862,0.0076109163774787086,0.0075938518317672215,0.00750064887967971,0.0073821453641878506,0.0072637602335742608],[0.0073741467668611083,0.0074925317031510862,0.0074754671307472858,0.00738226399031823,0.0072637602335742608,0.0071453748619609379]],[[0.0090853301262719139,0.0092037111300150576,0.0083732450954347257,0.0079241787577917812,0.0076701083993401045,0.0075517238697583814],[0.0092037111300150576,0.0092271953980512262,0.00849162769047048,0.0080425624165207342,0.00778849264843543,0.0076701083993401045],[0.0083732450954347257,0.00849162769047048,0.0082288483218315982,0.00796618733606265,0.0077714281464526108,0.0076530438685500522],[0.0079241787577917812,0.0080425624165207342,0.00796618733606265,0.00782214722647101,0.0076782255007346424,0.00755984102080706],[0.0076701083993401045,0.00778849264843543,0.0077714281464526108,0.0076782255007346424,0.0075597223776029893,0.0074413376389395854],[0.0075517238697583814,0.0076701083993401045,0.0076530438685500522,0.00755984102080706,0.0074413376389395854,0.0073229526418108187]],[[0.0092629011250306755,0.0093812814458107876,0.0085508185647436216,0.00810175387783413,0.0078476844356833737,0.0077293003413695409],[0.0093812814458107876,0.0094047654031026943,0.0086692005893168646,0.0082201370403587534,0.0079660682299490249,0.0078476844356833737],[0.0085508185647436216,0.0086692005893168646,0.0084064222184868521,0.0081437622299765054,0.0079490037750322481,0.0078306199497489223],[0.00810175387783413,0.0082201370403587534,0.0081437622299765054,0.0079997226520421329,0.0078558014574812429,0.0077374174157588908],[0.0078476844356833737,0.0079660682299490249,0.0079490037750322481,0.0078558014574812429,0.0077372987545709987,0.0076189144356901724],[0.0077293003413695409,0.0078476844356833737,0.0078306199497489223,0.0077374174157588908,0.0076189144356901724,0.0075005298399403618]],[[0.0094404710668101032,0.0095588506608790952,0.0087283911504411078,0.0082793282286723127,0.0080252597665735562,0.00790687613767321],[0.0095588506608790952,0.0095823342892201162,0.0088467725670047185,0.00839771086150122,0.0081436430747862439,0.0080252597665735562],[0.0087283911504411078,0.0088467725670047185,0.008583995262674806,0.0083213363400778863,0.0081265786704434358,0.0080081953288917672],[0.0082793282286723127,0.00839771086150122,0.0083213363400778863,0.0081772973306266841,0.008033376704034487,0.0079149931308528949],[0.0080252597665735562,0.0081436430747862439,0.0081265786704434358,0.008033376704034487,0.0079148744507156286,0.0077964905809569853],[0.00790687613767321,0.0080252597665735562,0.0080081953288917672,0.0079149931308528949,0.0077964905809569853,0.0076781064149308454]],[[0.009618039884321616,0.0097364187056938629,0.0089059627947414583,0.0084569017587357211,0.0082028343439151715,0.00808445121222263],[0.0097364187056938629,0.0097599019860161017,0.0090243435637810815,0.00857528382658694,0.0083212171331598066,0.0082028343439151715],[0.0089059627947414583,0.0090243435637810815,0.0087615673983511555,0.0084989096140292136,0.0083041527830857546,0.00818576995805862],[0.0084569017587357211,0.00857528382658694,0.0084989096140292136,0.0083548712118766254,0.0082109511920341084,0.008092568119366688],[0.0082028343439151715,0.0083212171331598066,0.0083041527830857546,0.0082109511920341084,0.0080924494192632888,0.0079740660295514777],[0.00808445121222263,0.0082028343439151715,0.00818576995805862,0.008092568119366688,0.0079740660295514777,0.0078556823231260443]],[[0.0097956075068479538,0.0099139855072021658,0.0090835334368445132,0.008634474413711242,0.008380408117022729,0.0082620255160483318],[0.0099139855072021658,0.009937468419533595,0.00920191351679241,0.0087528558794358682,0.0084987903526205361,0.008380408117022729],[0.0090835334368445132,0.00920191351679241,0.0089391385665360135,0.0086764819967222722,0.008481726060709887,0.0083633437867542872],[0.008634474413711242,0.0087528558794358682,0.0086764819967222722,0.0085324442427645811,0.0083885248705317644,0.0082701423320650138],[0.008380408117022729,0.0084987903526205361,0.008481726060709887,0.0083885248705317644,0.008270023610928998,0.008151640733850312],[0.0082620255160483318,0.008380408117022729,0.0083633437867542872,0.0082701423320650138,0.008151640733850312,0.0080332575185125665]],[[0.00997317386008728,0.01009155098865617,0.0092611030128001044,0.0088120461364235014,0.0085579810325074855,0.0084395989975517231],[0.01009155098865617,0.01011503351207171,0.0093794823599405389,0.0089304269609221353,0.0086763626779391614,0.0085579810325074855],[0.0092611030128001044,0.0093794823599405389,0.0091167087051790188,0.0088540534301524022,0.0086592984482983214,0.0085409167617938736],[0.0088120461364235014,0.0089304269609221353,0.0088540534301524022,0.0087100163674617044,0.0085660976858724942,0.0084477157170844714],[0.0085579810325074855,0.0086763626779391614,0.0086592984482983214,0.0085660976858724942,0.0084475969737990118,