{"M_cells":[[[0,0,0,0,0,0],[0,0,0,0,0,0],[0,0,0,0,0,0],[0,0,0,0,0,0],[0,0,0,0,0,0],[0,0,0,0,0,0]],[[0.00072512624229366352,0.0017727967287563897,0.0022332588805243523,0.0022332588805243528,0.0017727967287563897,0.00072512624229366352],[0.0017727967287563897,0.0033537790338252441,0.0041146890239830885,0.0041146890239830885,0.0033537790338252441,0.0017727967287563897],[0.0022332588805243523,0.0041146890239830885,0.005025859905249396,0.005025859905249396,0.0041146890239830885,0.0022332588805243523],[0.0022332588805243528,0.0041146890239830885,0.005025859905249396,0.005025859905249396,0.0041146890239830885,0.0022332588805243528],[0.0017727967287563897,0.0033537790338252441,0.0041146890239830885,0.0041146890239830885,0.0033537790338252441,0.0017727967287563897],[0.00072512624229366352,0.0017727967287563897,0.0022332588805243523,0.0022332588805243528,0.0017727967287563897,0.00072512624229366352]],[[0.0028072998197443259,0.004431461154931377,0.0051943415916293817,0.0051943415916293817,0.004431461154931377,0.0028072998197443259],[0.004431461154931377,0.0061673440918654614,0.0070521559180565284,0.0070521559180565284,0.0061673440918654622,0.004431461154931377],[0.0051943415916293817,0.0070521559180565284,0.0079979532683481583,0.0079979532683481583,0.0070521559180565284,0.0051943415916293817],[0.0051943415916293817,0.0070521559180565284,0.0079979532683481583,0.0079979532683481583,0.0070521559180565284,0.0051943415916293817],[0.004431461154931377,0.0061673440918654622,0.0070521559180565284,0.0070521559180565284,0.0061673440918654622,0.004431461154931377],[0.0028072998197443259,0.004431461154931377,0.0051943415916293817,0.0051943415916293817,0.004431461154931377,0.0028072998197443263]],[[0.0054066495873072206,0.0072136163201648616,0.0080927798171642751,0.0080927798171642751,0.0072136163201648616,0.0054066495873072206],[0.0072136163201648616,0.0089902911847569312,0.0099147450218696129,0.0099147450218696129,0.0089902911847569312,0.0072136163201648616],[0.0080927798171642751,0.0099147450218696129,0.010861851558479629,0.010861851558479629,0.0099147450218696129,0.0080927798171642751],[0.0080927798171642751,0.0099147450218696129,0.010861851558479629,0.010861851558479629,0.0099147450218696129,0.0080927798171642751],[0.0072136163201648616,0.0089902911847569312,0.0099147450218696129,0.0099147450218696129,0.0089902911847569329,0.0072136163201648616],[0.0054066495873072206,0.0072136163201648616,0.0080927798171642751,0.0080927798171642751,0.0072136163201648616,0.0054066495873072206]],[[0.0081685925877440068,0.010033563601169214,0.010955697509525056,0.010955697509525056,0.010033563601169214,0.0081685925877440068],[0.010033563601169214,0.011824629003219844,0.01276344058353604,0.01276344058353604,0.011824629003219844,0.010033563601169214],[0.010955697509525056,0.01276344058353604,0.013710593777140859,0.013710593777140859,0.01276344058353604,0.010955697509525056],[0.010955697509525056,0.01276344058353604,0.013710593777140859,0.013710593777140859,0.01276344058353604,0.010955697509525056],[0.010033563601169214,0.011824629003219844,0.01276344058353604,0.01276344058353604,0.011824629003219844,0.010033563601169214],[0.0081685925877440068,0.010033563601169214,0.010955697509525056,0.010955697509525056,0.010033563601169214,0.0081685925877440068]],[[0.010982976997369829,0.012867116301698714,0.013805063926579297,0.013805063926579297,0.012867116301698714,0.010982976997369829],[0.012867116301698714,0.014663446208801082,0.015607528250007665,0.015607528250007665,0.014663446208801082,0.012867116301698714],[0.013805063926579297,0.015607528250007665,0.016554678519151024,0.016554678519151024,0.015607528250007665,0.013805063926579299],[0.013805063926579297,0.015607528250007665,0.016554678519151024,0.016554678519151024,0.015607528250007665,0.013805063926579299],[0.012867116301698714,0.014663446208801082,0.015607528250007665,0.015607528250007665,0.014663446208801082,0.012867116301698714],[0.010982976997369829,0.012867116301698714,0.013805063926579299,0.013805063926579299,0.012867116301698714,0.010982976997369829]],[[0.013814955511637597,0.015705653076784024,0.016649415724102754,0.016649415724102754,0.015705653076784024,0.013814955511637597],[0.015705653076784024,0.017503912455807638,0.0184499298256036,0.0184499298256036,0.017503912455807638,0.015705653076784024],[0.016649415724102754,0.0184499298256036,0.019397074928974439,0.019397074928974439,0.0184499298256036,0.016649415724102754],[0.016649415724102754,0.0184499298256036,0.019397074928974439,0.019397074928974439,0.0184499298256036,0.016649415724102754],[0.015705653076784024,0.017503912455807638,0.0184499298256036,0.0184499298256036,0.017503912455807638,0.015705653076784024],[0.013814955511637597,0.015705653076784024,0.016649415724102754,0.016649415724102754,0.015705653076784024,0.013814955511637597]],[[0.016653018241399139,0.018546013220793987,0.019491912001521911,0.019491912001521911,0.018546013220793987,0.016653018241399139],[0.018546013220793987,0.020344976411511048,0.021291702597154717,0.021291702597154717,0.020344976411511048,0.018546013220793987],[0.019491912001521911,0.021291702597154717,0.022238842618951336,0.022238842618951336,0.021291702597154717,0.019491912001521911],[0.019491912001521911,0.021291702597154717,0.022238842618951336,0.022238842618951336,0.021291702597154717,0.019491912001521911],[0.018546013220793987,0.020344976411511048,0.021291702597154717,0.021291702597154717,0.020344976411511048,0.018546013220793987],[0.016653018241399139,0.018546013220793987,0.019491912001521911,0.019491912001521911,0.018546013220793987,0.016653018241399139]],[[0.019493225277787626,0.021387035059453895,0.022333716643188114,0.022333716643188114,0.021387035059453895,0.019493225277787626],[0.021387035059453895,0.023186251643032122,0.024133235649438992,0.024133235649438992,0.023186251643032122,0.021387035059453895],[0.022333716643188114,0.024133235649438992,0.02508037091267842,0.02508037091267842,0.024133235649438992,0.022333716643188114],[0.022333716643188114,0.024133235649438992,0.02508037091267842,0.02508037091267842,0.024133235649438992,0.022333716643188114],[0.021387035059453895,0.023186251643032122,0.024133235649438992,0.024133235649438992,0.023186251643032122,0.021387035059453895],[0.019493225277787626,0.021387035059453895,0.022333716643188114,0.022333716643188114,0.021387035059453895,0.019493225277787626]],[[0.022334193484099644,0.024228291936845819,0.025175258639292653,0.025175258639292653,0.024228291936845819,0.022334193484099644],[0.024228291936845819,0.026027596626794287,0.026974672752175403,0.026974672752175403,0.026027596626794287,0.024228291936845819],[0.025175258639292653,0.026974672752175403,0.027921803601682164,0.027921803601682164,0.026974672752175403,0.025175258639292653],[0.025175258639292653,0.026974672752175403,0.027921803601682164,0.027921803601682164,0.026974672752175403,0.025175258639292653],[0.024228291936845819,0.026027596626794287,0.026974672752175403,0.026974672752175403,0.026027596626794287,0.024228291936845819],[0.022334193484099644,0.024228291936845819,0.025175258639292653,0.025175258639292653,0.024228291936845819,0.022334193484099644]],[[0.025175429318740505,0.027069627502602861,0.028016696428958914,0.028016696428958914,0.027069627502602861,0.025175429318740505],[0.027069627502602861,0.028868959847785761,0.029816067321617817,0.029816067321617817,0.028868959847785761,0.027069627502602861],[0.028016696428958914,0.029816067321617817,0.030763194069378892,0.030763194069378892,0.029816067321617817,0.028016696428958914],[0.028016696428958914,0.029816067321617817,0.030763194069378892,0.030763194069378892,0.029816067321617817,0.028016696428958914],[0.027069627502602861,0.028868959847785761,0.029816067321617817,0.029816067321617817,0.028868959847785761,0.027069627502602861],[0.025175429318740505,0.027069627502602861,0.028016696428958914,0.028016696428958914,0.027069627502602861,0.025175429318740505]],[[0.02801675505349379,0.029910984748300441,0.030858088789888449,0.030858088789888452,0.029910984748300441,0.02801675505349379],[0.029910984748300441,0.0317103228017705,0.03265743942539158,0.03265743942539158,0.0317103228017705,0.029910984748300441],[0.030858088789888449,0.03265743942539158,0.033604562335244656,0.033604562335244656,0.03265743942539158,0.030858088789888449],[0.030858088789888452,0.03265743942539158,0.033604562335244656,0.033604562335244656,0.03265743942539158,0.030858088789888449],[0.029910984748300441,0.0317103228017705,0.03265743942539158,0.03265743942539158,0.0317103228017705,0.029910984748300441],[0.02801675505349379,0.029910984748300441,0.030858088789888449,0.030858088789888449,0.029910984748300441,0.02801675505349379]],[[0.03085810651012471,0.032752343113572176,0.033699457728775362,0.033699457728775362,0.032752343113572176,0.03085810651012471],[0.032752343113572176,0.034551679032887785,0.035498796766289267,0.035498796766289267,0.034551679032887785,0.032752343113572176],[0.033699457728775362,0.035498796766289267,0.03644591605178079,0.03644591605178079,0.035498796766289267,0.033699457728775362],[0.033699457728775362,0.035498796766289267,0.03644591605178079,0.03644591605178079,0.035498796766289267,0.033699457728775362],[0.032752343113572176,0.034551679032887785,0.035498796766289267,0.035498796766289267,0.034551679032887785,0.032752343113572176],[0.03085810651012471,0.032752343113572176,0.033699457728775362,0.033699457728775362,0.032752343113572176,0.03085810651012471]],[[0.033699460622558089,0.035593695354287871,0.036540811631158056,0.036540811631158056,0.035593695354287871,0.033699460622558089],[0.035593695354287871,0.037393026429491827,0.038340142411649243,0.038340142411649243,0.037393026429491827,0.035593695354287871],[0.036540811631158056,0.038340142411649243,0.039287258238221164,0.039287258238221164,0.038340142411649243,0.036540811631158056],[0.036540811631158056,0.038340142411649243,0.039287258238221164,0.039287258238221164,0.038340142411649243,0.036540811631158056],[0.035593695354287871,0.037393026429491827,0.038340142411649243,0.038340142411649243,0.037393026429491827,0.035593695354287871],[0.033699460622558089,0.035593695354287871,0.036540811631158056,0.036540811631158056,0.035593695354287871,0.033699460622558089]],[[0.036540809233298721,0.03843503903972903,0.039382153787402382,0.039382153787402382,0.03843503903972903,0.036540809233298721],[0.03843503903972903,0.040234364397090418,0.041181477644602678,0.041181477644602678,0.040234364397090418,0.03843503903972903],[0.039382153787402382,0.041181477644602678,0.042128590132945669,0.042128590132945669,0.041181477644602678,0.039382153787402382],[0.039382153787402382,0.041181477644602678,0.042128590132945669,0.042128590132945669,0.041181477644602678,0.039382153787402382],[0.03843503903972903,0.040234364397090418,0.041181477644602678,0.041181477644602678,0.040234364397090418,0.03843503903972903],[0.036540809233298721,0.03843503903972903,0.039382153787402382,0.039382153787402382,0.03843503903972903,0.036540809233298721]],[[0.039382149558223986,0.0412763734312632,0.0422234855366854,0.0422234855366854,0.0412763734312632,0.039382149558223986],[0.0412763734312632,0.043075692824691,0.044022803019359777,0.044022803019359777,0.043075692824691,0.0412763734312632],[0.0422234855366854,0.044022803019359777,0.044969912248825322,0.044969912248825322,0.044022803019359777,0.0422234855366854],[0.0422234855366854,0.044022803019359777,0.044969912248825322,0.044969912248825322,0.044022803019359777,0.0422234855366854],[0.0412763734312632,0.043075692824691,0.044022803019359777,0.044022803019359777,0.043075692824691,0.0412763734312632],[0.039382149558223986,0.0412763734312632,0.0422234855366854,0.0422234855366854,0.0412763734312632,0.039382149558223986]],[[0.042223480706983639,0.044117698340077977,0.04506480742966839,0.04506480742966839,0.044117698340077977,0.042223480706983639],[0.044117698340077977,0.04591701171006167,0.046864118754753908,0.046864118754753908,0.04591701171006167,0.044117698340077977],[0.04506480742966839,0.046864118754753908,0.047811224766465481,0.047811224766465481,0.046864118754753908,0.04506480742966839],[0.04506480742966839,0.046864118754753908,0.047811224766465481,0.047811224766465481,0.046864118754753908,0.04506480742966839],[0.044117698340077977,0.04591701171006167,0.046864118754753908,0.046864118754753908,0.04591701171006167,0.044117698340077977],[0.042223480706983639,0.044117698340077977,0.04506480742966839,0.04506480742966839,0.044117698340077977,0.042223480706983639]],[[0.045064802413505467,0.046959013712180045,0.047906119661270716,0.047906119661270716,0.046959013712180045,0.045064802413505467],[0.046959013712180045,0.0487583210265897,0.049705424883492152,0.049705424883492152,0.0487583210265897,0.046959013712180045],[0.047906119661270716,0.049705424883492152,0.050652527683062408,0.050652527683062408,0.049705424883492152,0.047906119661270716],[0.047906119661270716,0.049705424883492152,0.050652527683062408,0.050652527683062408,0.049705424883492152,0.047906119661270716],[0.046959013712180045,0.0487583210265897,0.049705424883492152,0.049705424883492152,0.0487583210265897,0.046959013712180045],[0.045064802413505467,0.046959013712180045,0.047906119661270716,0.047906119661270716,0.046959013712180045,0.045064802413505467]],[[0.047906114575011469,0.049800319480170656,0.050747422234095604,0.050747422234095604,0.049800319480170656,0.047906114575011469],[0.049800319480170656,0.051599620678280986,0.052546721310798232,0.052546721310798232,0.051599620678280986,0.049800319480170656],[0.050747422234095604,0.052546721310798232,0.053493820870651687,0.053493820870651687,0.052546721310798232,0.050747422234095604],[0.050747422234095604,0.052546721310798232,0.053493820870651687,0.053493820870651687,0.052546721310798232,0.050747422234095604],[0.049800319480170656,0.051599620678280986,0.052546721310798232,0.052546721310798232,0.051599620678280986,0.049800319480170656],[0.047906114575011469,0.049800319480170656,0.050747422234095604,0.050747422234095604,0.049800319480170656,0.047906114575011469]],[[0.050747417086890623,0.05264161551246066,0.053588715022065872,0.053588715022065872,0.05264161551246066,0.050747417086890623],[0.05264161551246066,0.054440910486525593,0.055388007839082251,0.055388007839082251,0.054440910486525593,0.05264161551246066],[0.053588715022065872,0.055388007839082251,0.056335104100411135,0.056335104100411135,0.055388007839082251,0.053588715022065872],[0.053588715022065872,0.055388007839082251,0.056335104100411135,0.056335104100411135,0.055388007839082251,0.053588715022065872],[0.05264161551246066,0.054440910486525593,0.055388007839082251,0.055388007839082251,0.054440910486525593,0.05264161551246066],[0.050747417086890623,0.05264161551246066,0.053588715022065872,0.053588715022065872,0.05264161551246066,0.050747417086890623]],[[0.053588709785544135,0.055482901597697955,0.056429997796726125,0.056429997796726125,0.055482901597697955,0.053588709785544135],[0.055482901597697955,0.057282190187956973,0.058229284179539313,0.058229284179539313,0.057282190187956973,0.055482901597697955],[0.056429997796726125,0.058229284179539313,0.059176377053926275,0.059176377053926275,0.058229284179539313,0.056429997796726125],[0.056429997796726125,0.058229284179539313,0.059176377053926275,0.059176377053926275,0.058229284179539313,0.056429997796726125],[0.055482901597697955,0.057282190187956973,0.058229284179539313,0.058229284179539313,0.057282190187956973,0.055482901597697955],[0.053588709785544135,0.055482901597697955,0.056429997796726125,0.056429997796726125,0.055482901597697955,0.053588709785544135]],[[0.056429992430298524,0.058324177441574636,0.059271270239258239,0.059271270239258239,0.058324177441574636,0.056429992430298524],[0.058324177441574636,0.060123459435855939,0.061070549958423682,0.061070549958423682,0.060123459435855939,0.058324177441574636],[0.059271270239258239,0.061070549958423682,0.062017639329164015,0.062017639329164015,0.061070549958423682,0.059271270239258239],[0.059271270239258239,0.061070549958423682,0.062017639329164015,0.062017639329164015,0.061070549958423682,0.059271270239258239],[0.058324177441574636,0.060123459435855939,0.061070549958423682,0.061070549958423682,0.060123459435855939,0.058324177441574636],[0.056429992430298524,0.058324177441574636,0.059271270239258239,0.059271270239258239,0.058324177441574636,0.056429992430298524]],[[0.059271264699123777,0.061165442667671654,0.062112531946743522,0.062112531946743522,0.061165442667671654,0.059271264699123777],[0.061165442667671654,0.062964717802375308,0.063911804720898427,0.063911804720898427,0.062964717802375308,0.061165442667671654],[0.062112531946743522,0.063911804720898427,0.064858890444050313,0.064858890444050313,0.063911804720898441,0.062112531946743522],[0.062112531946743522,0.063911804720898427,0.064858890444050313,0.064858890444050327,0.063911804720898441,0.062112531946743522],[0.061165442667671654,0.062964717802375308,0.063911804720898441,0.063911804720898441,0.062964717802375308,0.061165442667671654],[0.059271264699123777,0.061165442667671654,0.062112531946743522,0.062112531946743522,0.061165442667671654,0.059271264699123777]],[[0.062112526188929262,0.064006696819322417,0.06495378243585298,0.06495378243585298,0.064006696819322417,0.062112526188929262],[0.064006696819322417,0.065805964780625975,0.066753047933566179,0.066753047933566179,0.065805964780625975,0.064006696819322417],[0.06495378243585298,0.066753047933566179,0.0677001298387543,0.0677001298387543,0.066753047933566179,0.06495378243585298],[0.06495378243585298,0.066753047933566179,0.0677001298387543,0.0677001298387543,0.066753047933566179,0.06495378243585298],[0.064006696819322417,0.065805964780625975,0.066753047933566179,0.066753047933566179,0.065805964780625975,0.064006696819322417],[0.062112526188929262,0.064006696819322417,0.06495378243585298,0.06495378243585298,0.064006696819322417,0.062112526188929262]],[[0.06495377641708508,0.066847939361417072,0.067795021145181822,0.067795021145181822,0.066847939361417072,0.06495377641708508],[0.066847939361417072,0.068647199786305416,0.069594278986124039,0.069594278986124039,0.068647199786305416,0.066847939361417072],[0.067795021145181822,0.069594278986124039,0.070541356877117919,0.070541356877117919,0.069594278986124039,0.067795021145181822],[0.067795021145181822,0.069594278986124039,0.070541356877117919,0.070541356877117919,0.069594278986124039,0.067795021145181822],[0.066847939361417072,0.068647199786305416,0.069594278986124039,0.069594278986124039,0.068647199786305416,0.066847939361417072],[0.06495377641708508,0.066847939361417072,0.067795021145181822,0.067795021145181822,0.066847939361417072,0.06495377641708508]],[[0.067795014822977187,0.0696891696817978,0.070636247436699273,0.070636247436699273,0.0696891696817978,0.067795014822977187],[0.0696891696817978,0.071488422158787354,0.072435497192333831,0.072435497192333831,0.071488422158787354,0.0696891696817978],[0.070636247436699273,0.072435497192333831,0.073382570847419157,0.073382570847419157,0.072435497192333831,0.070636247436699273],[0.070636247436699273,0.072435497192333831,0.073382570847419157,0.073382570847419157,0.072435497192333831,0.070636247436699273],[0.0696891696817978,0.071488422158787354,0.072435497192333831,0.072435497192333831,0.071488422158787354,0.0696891696817978],[0.067795014822977187,0.0696891696817978,0.070636247436699273,0.070636247436699273,0.0696891696817978,0.067795014822977187]],[[0.070636240769192407,0.0725303870921397,0.073477460596524533,0.073477460596524533,0.0725303870921397,0.070636240769192407],[0.0725303870921397,0.0743296311616684,0.075276701790405881,0.075276701790405881,0.0743296311616684,0.0725303870921397],[0.073477460596524533,0.075276701790405881,0.076223770962564663,0.076223770962564663,0.075276701790405881,0.073477460596524533],[0.073477460596524533,0.075276701790405881,0.076223770962564663,0.076223770962564663,0.075276701790405881,0.073477460596524533],[0.0725303870921397,0.0743296311616684,0.075276701790405881,0.075276701790405881,0.0743296311616684,0.0725303870921397],[0.070636240769192407,0.0725303870921397,0.073477460596524533,0.073477460596524533,0.0725303870921397,0.070636240769192407]],[[0.073477453542207555,0.075371590828297877,0.076318659835124855,0.076318659835124855,0.075371590828297877,0.073477453542207555],[0.075371590828297877,0.077170825982786947,0.078117891942849987,0.078117891942849987,0.077170825982786947,0.075371590828297877],[0.076318659835124855,0.078117891942849987,0.079064956359762767,0.079064956359762767,0.078117891942849987,0.076318659835124855],[0.076318659835124855,0.078117891942849987,0.079064956359762767,0.079064956359762767,0.078117891942849987,0.076318659835124855],[0.075371590828297877,0.077170825982786947,0.078117891942849987,0.078117891942849987,0.077170825982786947,0.075371590828297877],[0.073477453542207555,0.075371590828297877,0.076318659835124855,0.076318659835124855,0.075371590828297877,0.073477453542207555]],[[0.076318652352572861,0.078212780050149838,0.079159844286989009,0.079159844286989009,0.078212780050149838,0.076318652352572861],[0.078212780050149838,0.080012005733748531,0.080959066735833057,0.080959066735833057,0.080012005733748531,0.078212780050149838],[0.079159844286989009,0.080959066735833057,0.081906126099714371,0.081906126099714371,0.080959066735833057,0.079159844286989009],[0.079159844286989009,0.080959066735833057,0.081906126099714371,0.081906126099714371,0.080959066735833057,0.079159844286989009],[0.078212780050149838,0.080012005733748531,0.080959066735833057,0.080959066735833057,0.080012005733748531,0.078212780050149838],[0.076318652352572861,0.078212780050149838,0.079159844286989009,0.079159844286989009,0.078212780050149838,0.076318652352572861]],[[0.07915983633458902,0.08105395384095139,0.08200101300981931,0.08200101300981931,0.08105395384095139,0.07915983633458902],[0.08105395384095139,0.082853169448980565,0.083800225178074367,0.083800225178074367,0.082853169448980565,0.08105395384095139],[0.08200101300981931,0.083800225178074367,0.084747279165350728,0.084747279165350728,0.083800225178074367,0.08200101300981931],[0.08200101300981931,0.083800225178074367,0.084747279165350728,0.084747279165350728,0.083800225178074367,0.08200101300981931],[0.08105395384095139,0.082853169448980565,0.083800225178074367,0.083800225178074367,0.082853169448980565,0.08105395384095139],[0.07915983633458902,0.08105395384095139,0.08200101300981931,0.08200101300981931,0.08105395384095139,0.07915983633458902]],[[0.082001004545511083,0.0838951112062241,0.084842164983268492,0.084842164983268492,0.0838951112062241,0.082001004545511083],[0.0838951112062241,0.085694316084335878,0.086641366199299311,0.086641366199299311,0.085694316084335878,0.0838951112062241],[0.084842164983268492,0.086641366199299311,0.087588414460137612,0.087588414460137612,0.086641366199299311,0.084842164983268492],[0.084842164983268492,0.086641366199299311,0.087588414460137612,0.087588414460137612,0.086641366199299311,0.084842164983268492],[0.0838951112062241,0.085694316084335878,0.086641366199299311,0.086641366199299311,0.085694316084335878,0.0838951112062241],[0.082001004545511083,0.0838951112062241,0.084842164983268492,0.084842164983268492,0.0838951112062241,0.082001004545511083]],[[0.084842155964293883,0.08673625107220731,0.0876832991072383,0.0876832991072383,0.08673625107220731,0.084842155964293883],[0.08673625107220731,0.088535444515269013,0.089482488648268757,0.089482488648268757,0.088535444515269013,0.08673625107220731],[0.0876832991072383,0.089482488648268757,0.090429530805961514,0.090429530805961514,0.089482488648268757,0.0876832991072383],[0.0876832991072383,0.089482488648268757,0.090429530805961514,0.090429530805961514,0.089482488648268757,0.0876832991072383],[0.08673625107220731,0.088535444515269013,0.089482488648268757,0.089482488648268757,0.088535444515269013,0.08673625107220731],[0.084842155964293883,0.08673625107220731,0.0876832991072383,0.0876832991072383,0.08673625107220731,0.084842155964293883]],[[0.087683289489904143,0.089577372283883683,0.090524414199757389,0.090524414199757389,0.089577372283883683,0.087683289489904143],[0.089577372283883683,0.091376553534596255,0.092323591290397772,0.092323591290397772,0.091376553534596255,0.089577372283883683],[0.090524414199757389,0.092323591290397772,0.093270626940609724,0.093270626940609724,0.092323591290397772,0.090524414199757389],[0.090524414199757389,0.092323591290397772,0.093270626940609724,0.093270626940609724,0.092323591290397772,0.090524414199757389],[0.089577372283883683,0.091376553534596255,0.092323591290397772,0.092323591290397772,0.091376553534596255,0.089577372283883683],[0.087683289489904143,0.089577372283883683,0.090524414199757389,0.090524414199757389,0.089577372283883683,0.087683289489904143]],[[0.090524403939205231,0.092418473602589146,0.093365508994461124,0.093365508994461124,0.092418473602589146,0.090524403939205231],[0.092418473602589146,0.0942176418498516,0.095164672804978534,0.095164672804978534,0.0942176418498516,0.092418473602589146],[0.093365508994461124,0.095164672804978534,0.096111701514858858,0.096111701514858858,0.095164672804978534,0.093365508994461124],[0.093365508994461124,0.095164672804978534,0.096111701514858858,0.096111701514858858,0.095164672804978534,0.093365508994461124],[0.092418473602589146,0.0942176418498516,0.095164672804978534,0.095164672804978534,0.0942176418498516,0.092418473602589146],[0.090524403939205231,0.092418473602589146,0.093365508994461124,0.093365508994461124,0.092418473602589146,0.090524403939205231]],[[0.09336549804444462,0.095259553703228222,0.096206582137664767,0.096206582137664767,0.095259553703228222,0.09336549804444462],[0.095259553703228222,0.097058708080248191,0.098005731782006278,0.098005731782006278,0.097058708080248191,0.095259553703228222],[0.096206582137664767,0.098005731782006278,0.09895275308916876,0.09895275308916876,0.098005731782006278,0.096206582137664767],[0.096206582137664767,0.098005731782006278,0.09895275308916876,0.09895275308916876,0.098005731782006278,0.096206582137664767],[0.095259553703228222,0.097058708080248191,0.098005731782006278,0.098005731782006278,0.097058708080248191,0.095259553703228222],[0.09336549804444462,0.095259553703228222,0.096206582137664767,0.096206582137664767,0.095259553703228222,0.09336549804444462]],[[0.096206570450330653,0.098100611171090951,0.099047632185051665,0.099047632185051665,0.098100611171090951,0.096206570450330653],[0.098100611171090951,0.099899750753248723,0.10084676671861996,0.10084676671861996,0.099899750753248723,0.098100611171090951],[0.099047632185051665,0.10084676671861996,0.10179378012999282,0.10179378012999282,0.10084676671861996,0.099047632185051665],[0.099047632185051665,0.10084676671861996,0.10179378012999282,0.10179378012999282,0.10084676671861996,0.099047632185051665],[0.098100611171090951,0.099899750753248723,0.10084676671861996,0.10084676671861996,0.099899750753248723,0.098100611171090951],[0.096206570450330653,0.098100611171090951,0.099047632185051665,0.099047632185051665,0.098100611171090951,0.096206570450330653]],[[0.099047619710723719,0.10094164449828316,0.10188865759796967,0.10188865759796967,0.10094164449828316,0.099047619710723719],[0.10094164449828316,0.10274076830074814,0.10368777601515415,0.10368777601515415,0.10274076830074814,0.10094164449828316],[0.10188865759796967,0.10368777601515415,0.10463478100570038,0.10463478100570038,0.10368777601515415,0.10188865759796967],[0.10188865759796967,0.10368777601515415,0.10463478100570038,0.10463478100570038,0.10368777601515415,0.10188865759796967],[0.10094164449828316,0.10274076830074814,0.10368777601515415,0.10368777601515415,0.10274076830074814,0.10094164449828316],[0.099047619710723719,0.10094164449828316,0.10188865759796967,0.10188865759796967,0.10094164449828316,0.099047619710723719]],[[0.10188864428493756,0.10378265207976595,0.10472965673934023,0.10472965673934023,0.10378265207976595,0.10188864428493756],[0.10378265207976595,0.10558175905486668,0.1065287579708018,0.1065287579708018,0.10558175905486668,0.10378265207976595],[0.10472965673934023,0.1065287579708018,0.10747575398210972,0.10747575398210972,0.1065287579708018,0.10472965673934023],[0.10472965673934023,0.1065287579708018,0.10747575398210972,0.10747575398210972,0.1065287579708018,0.10472965673934023],[0.10378265207976595,0.10558175905486668,0.1065287579708018,0.1065287579708018,0.10558175905486668,0.10378265207976595],[0.10188864428493756,0.10378265207976595,0.10472965673934023,0.10472965673934023,0.10378265207976595,0.10188864428493756]],[[0.1047296425336447,0.10662363220900048,0.10757062786918101,0.10757062786918101,0.10662363220900048,0.1047296425336447],[0.10662363220900048,0.10842272124334942,0.10936971077888591,0.10936971077888591,0.10842272124334942,0.10662363220900048],[0.10757062786918101,0.10936971077888591,0.11031669721762863,0.11031669721762863,0.10936971077888591,0.10757062786918101],[0.10757062786918101,0.10936971077888591,0.11031669721762863,0.11031669721762863,0.10936971077888591,0.10757062786918101],[0.10662363220900048,0.10842272124334942,0.10936971077888591,0.10936971077888591,0.10842272124334942,0.10662363220900048],[0.1047296425336447,0.10662363220900048,0.10757062786918101,0.10757062786918101,0.10662363220900048,0.1047296425336447]],[[0.10757061271439808,0.10946458307321226,0.11041156913972577,0.11041156913972577,0.10946458307321226,0.10757061271439808],[0.10946458307321226,0.11126365298457487,0.11221063252173169,0.11221063252173169,0.11126365298457487,0.10946458307321226],[0.11041156913972577,0.11221063252173169,0.11315760875799422,0.11315760875799422,0.11221063252173169,0.11041156913972577],[0.11041156913972577,0.11221063252173169,0.11315760875799422,0.11315760875799422,0.11221063252173169,0.11041156913972577],[0.10946458307321226,0.11126365298457487,0.11221063252173169,0.11221063252173169,0.11126365298457487,0.10946458307321226],[0.10757061271439808,0.10946458307321226,0.11041156913972577,0.11041156913972577,0.10946458307321226,0.10757061271439808]],[[0.11041155297674994,0.11230550274823677,0.11325247859014821,0.11325247859014821,0.11230550274823677,0.11041155297674994],[0.11230550274823677,0.1141045522821485,0.1150515211651293,0.1150515211651293,0.1141045522821485,0.11230550274823677],[0.11325247859014821,0.1150515211651293,0.11599848653060028,0.11599848653060028,0.1150515211651293,0.11325247859014821],[0.11325247859014821,0.1150515211651293,0.11599848653060028,0.11599848653060028,0.1150515211651293,0.11325247859014821],[0.11230550274823677,0.1141045522821485,0.1150515211651293,0.1150515211651293,0.1141045522821485,0.11230550274823677],[0.11041155297674994,0.11230550274823677,0.11325247859014821,0.11325247859014821,0.11230550274823677,0.11041155297674994]],[[0.11325246135697191,0.11514638919297501,0.11609335414087557,0.11609335414087557,0.11514638919297501,0.11325246135697191],[0.11514638919297501,0.11694541701909429,0.1178923745523856,0.1178923745523856,0.11694541701909429,0.11514638919297501],[0.11609335414087557,0.1178923745523856,0.11883932833841049,0.11883932833841049,0.1178923745523856,0.11609335414087557],[0.11609335414087557,0.1178923745523856,0.11883932833841049,0.11883932833841049,0.1178923745523856,0.11609335414087557],[0.11514638919297501,0.11694541701909429,0.1178923745523856,0.1178923745523856,0.11694541701909429,0.11514638919297501],[0.11325246135697191,0.11514638919297501,0.11609335414087557,0.11609335414087557,0.11514638919297501,0.11325246135697191]],[[0.1160933357723607,0.11798724024341373,0.11893419358747367,0.11893419358747367,0.11798724024341373,0.1160933357723607],[0.11798724024341373,0.11978624495160692,0.12073319039793629,0.12073319039793629,0.11978624495160692,0.11798724024341373],[0.11893419358747367,0.12073319039793629,0.12168013185342796,0.12168013185342796,0.12073319039793629,0.11893419358747367],[0.11893419358747367,0.12073319039793629,0.12168013185342796,0.12168013185342796,0.12073319039793629,0.11893419358747367],[0.11798724024341373,0.11978624495160692,0.12073319039793629,0.12073319039793629,0.11978624495160692,0.11798724024341373],[0.1160933357723607,0.11798724024341373,0.11893419358747367,0.11893419358747367,0.11798724024341373,0.1160933357723607]],[[0.11893417401512037,0.12082805360622702,0.12177499459410034,0.12177499459410034,0.12082805360622702,0.11893417401512037],[0.12082805360622702,0.12262703370237348,0.12357396628052009,0.12357396628052009,0.12262703370237348,0.12082805360622702],[0.12177499459410034,0.12357396628052009,0.12452089460972211,0.12452089460972211,0.12357396628052009,0.12177499459410035],[0.12177499459410034,0.12357396628052009,0.12452089460972211,0.12452089460972211,0.12357396628052009,0.12177499459410035],[0.12082805360622702,0.12262703370237348,0.12357396628052009,0.12357396628052009,0.12262703370237348,0.12082805360622702],[0.11893417401512037,0.12082805360622702,0.12177499459410035,0.12177499459410035,0.12082805360622702,0.11893417401512037]],[[0.12177497374580584,0.12366882685191889,0.12461575468650757,0.12461575468650757,0.12366882685191889,0.12177497374580584],[0.12366882685191889,0.12546778075343043,0.12641469963588708,0.12641469963588708,0.12546778075343043,0.12366882685191889],[0.12461575468650757,0.12641469963588708,0.12736161399598411,0.12736161399598411,0.12641469963588708,0.12461575468650758],[0.12461575468650757,0.12641469963588708,0.12736161399598411,0.12736161399598411,0.12641469963588708,0.12461575468650758],[0.12366882685191889,0.12546778075343043,0.12641469963588708,0.12641469963588708,0.12546778075343043,0.12366882685191889],[0.12177497374580584,0.12366882685191889,0.12461575468650758,0.12461575468650758,0.12366882685191889,0.12177497374580584]],[[0.12461573248631597,0.12650955740751019,0.12745647124456916,0.12745647124456916,0.12650955740751019,0.12461573248631597],[0.12650955740751019,0.12830848343854917,0.12925538774902481,0.12925538774902481,0.12830848343854917,0.12650955740751019],[0.12745647124456916,0.12925538774902481,0.13020228724759428,0.13020228724759428,0.12925538774902481,0.12745647124456916],[0.12745647124456916,0.12925538774902481,0.13020228724759428,0.13020228724759428,0.12925538774902481,0.12745647124456916],[0.12650955740751019,0.12830848343854917,0.12925538774902481,0.12925538774902481,0.12830848343854917,0.12650955740751019],[0.12461573248631597,0.12650955740751019,0.12745647124456916,0.12745647124456916,0.12650955740751019,0.12461573248631597]],[[0.12745644761241423,0.12935024254874183,0.13029714149432764,0.13029714149432764,0.12935024254874183,0.12745644761241423],[0.12935024254874183,0.13114913893512758,0.13209602774588816,0.13209602774588816,0.13114913893512758,0.12935024254874183],[0.13029714149432764,0.13209602774588816,0.13304291143818639,0.13304291143818639,0.13209602774588816,0.13029714149432764],[0.13029714149432764,0.13209602774588816,0.13304291143818639,0.13304291143818639,0.13209602774588816,0.13029714149432764],[0.12935024254874183,0.13114913893512758,0.13209602774588816,0.13209602774588816,0.13114913893512758,0.12935024254874183],[0.12745644761241423,0.12935024254874183,0.13029714149432764,0.13029714149432764,0.12935024254874183,0.12745644761241423]],[[0.13029711634576277,0.13219087939177052,0.13313776249952314,0.13313776249952314,0.13219087939177052,0.13029711634576277],[0.13219087939177052,0.13398974425555962,0.13493661658459707,0.13493661658459707,0.13398974425555962,0.13219087939177052],[0.13313776249952314,0.13493661658459707,0.13588348347067147,0.13588348347067147,0.13493661658459707,0.13313776249952314],[0.13313776249952314,0.13493661658459707,0.13588348347067147,0.13588348347067147,0.13493661658459707,0.13313776249952314],[0.13219087939177052,0.13398974425555962,0.13493661658459707,0.13493661658459707,0.13398974425555962,0.13219087939177052],[0.13029711634576277,0.13219087939177052,0.13313776249952314,0.13313776249952314,0.13219087939177052,0.13029711634576277]],[[0.13313773574543869,0.13503146488434106,0.13597833115258831,0.13597833115258831,0.13503146488434106,0.13313773574543869],[0.13503146488434106,0.13683029623806486,0.13777715104608612,0.13777715104608612,0.13683029623806486,0.13503146488434106],[0.13597833115258831,0.13777715104608612,0.138724000067707,0.138724000067707,0.13777715104608612,0.13597833115258831],[0.13597833115258831,0.13777715104608612,0.138724000067707,0.138724000067707,0.13777715104608612,0.13597833115258831],[0.13503146488434106,0.13683029623806486,0.13777715104608612,0.13777715104608612,0.13683029623806486,0.13503146488434106],[0.13313773574543869,0.13503146488434106,0.13597833115258831,0.13597833115258831,0.13503146488434106,0.13313773574543869]],[[0.13597830269891881,0.13787199579639817,0.13881884416508802,0.13881884416508802,0.13787199579639817,0.13597830269891881],[0.13787199579639817,0.13967079153694484,0.1406176277241771,0.1406176277241771,0.13967079153694484,0.13787199579639817],[0.13881884416508802,0.1406176277241771,0.14156445776157811,0.14156445776157811,0.1406176277241771,0.13881884416508802],[0.13881884416508802,0.1406176277241771,0.14156445776157811,0.14156445776157811,0.1406176277241771,0.13881884416508802],[0.13787199579639817,0.13967079153694484,0.1406176277241771,0.1406176277241771,0.13967079153694484,0.13787199579639817],[0.13597830269891881,0.13787199579639817,0.13881884416508802,0.13881884416508802,0.13787199579639817,0.13597830269891881]],[[0.13881881391249729,0.14071246871012935,0.14165929805756611,0.14165929805756611,0.14071246871012935,0.13881881391249729],[0.14071246871012935,0.14251122661224794,0.14345804301504447,0.14345804301504447,0.14251122661224794,0.14071246871012935],[0.14165929805756611,0.14345804301504447,0.1444048528834635,0.1444048528834635,0.14345804301504447,0.14165929805756611],[0.14165929805756611,0.14345804301504447,0.1444048528834635,0.1444048528834635,0.14345804301504447,0.14165929805756611],[0.14071246871012935,0.14251122661224794,0.14345804301504447,0.14345804301504447,0.14251122661224794,0.14071246871012935],[0.13881881391249729,0.14071246871012935,0.14165929805756611,0.14165929805756611,0.14071246871012935,0.13881881391249729]],[[0.14165926590112651,0.14355288000939223,0.14449968914876368,0.14449968914876368,0.14355288000939223,0.14165926590112651],[0.14355288000939223,0.14535159771879752,0.14629839310603387,0.14629839310603387,0.14535159771879752,0.14355288000939223],[0.14449968914876368,0.14629839310603387,0.14724518155204316,0.14724518155204316,0.14629839310603387,0.14449968914876368],[0.14449968914876368,0.14629839310603387,0.14724518155204316,0.14724518155204316,0.14629839310603387,0.14449968914876368],[0.14355288000939223,0.14535159771879752,0.14629839310603387,0.14629839310603387,0.14535159771879752,0.14355288000939223],[0.14165926590112651,0.14355288000939223,0.14449968914876368,0.14449968914876368,0.14355288000939223,0.14165926590112651]],[[0.14449965497761275,0.14639322586849493,0.14734001354420706,0.14734001354420706,0.14639322586849493,0.14449965497761275],[0.14639322586849493,0.14819190089456147,0.14913867396381919,0.14913867396381919,0.14819190089456147,0.14639322586849493],[0.14734001354420706,0.14913867396381919,0.15008543966143362,0.15008543966143362,0.14913867396381919,0.14734001354420706],[0.14734001354420706,0.14913867396381919,0.15008543966143362,0.15008543966143362,0.14913867396381919,0.14734001354420706],[0.14639322586849493,0.14819190089456147,0.14913867396381919,0.14913867396381919,0.14819190089456147,0.14639322586849493],[0.14449965497761275,0.14639322586849493,0.14734001354420706,0.14734001354420706,0.14639322586849493,0.14449965497761275]],[[0.14733997724118478,0.14923350224031579,0.15018026712408358,0.15018026712408358,0.14923350224031579,0.14733997724118478],[0.14923350224031579,0.15103213194832404,0.15197888132183757,0.15197888132183757,0.15103213194832404,0.14923350224031579],[0.15018026712408358,0.15197888132183757,0.15292562286838851,0.15292562286838851,0.15197888132183757,0.15018026712408358],[0.15018026712408358,0.15197888132183757,0.15292562286838851,0.15292562286838851,0.15197888132183757,0.15018026712408358],[0.14923350224031579,0.15103213194832404,0.15197888132183757,0.15197888132183757,0.15103213194832404,0.14923350224031579],[0.14733997724118478,0.14923350224031579,0.15018026712408358,0.15018026712408358,0.1492335022403157