{"M_cells":[[[0,0,0,0,0,0],[0,0,0,0,0,0],[0,0,0,0,0,0],[0,0,0,0,0,0],[0,0,0,0,0,0],[0,0,0,0,0,0]],[[0.00072512624166838982,0.0017727967258005931,0.0022332588765954444,0.0022332588765954444,0.0017727967258005931,0.00072512624166838982],[0.0017727967258005931,0.0033537790222116816,0.0041146890085012782,0.0041146890085012782,0.0033537790222116816,0.0017727967258005931],[0.0022332588765954444,0.0041146890085012782,0.005025859884452615,0.005025859884452615,0.0041146890085012782,0.0022332588765954444],[0.0022332588765954444,0.0041146890085012782,0.005025859884452615,0.005025859884452615,0.0041146890085012782,0.0022332588765954444],[0.0017727967258005931,0.0033537790222116816,0.0041146890085012782,0.0041146890085012782,0.0033537790222116816,0.0017727967258005931],[0.00072512624166838982,0.0017727967258005931,0.0022332588765954444,0.0022332588765954444,0.0017727967258005931,0.00072512624166838982]],[[0.0028072997960182184,0.0044314610924498744,0.0051943415123003314,0.0051943415123003314,0.0044314610924498744,0.0028072997960182184],[0.0044314610924498744,0.0061673439477260387,0.0070521557359214818,0.0070521557359214818,0.0061673439477260387,0.0044314610924498744],[0.0051943415123003314,0.0070521557359214818,0.0079979530376432153,0.0079979530376432153,0.0070521557359214818,0.0051943415123003314],[0.0051943415123003314,0.0070521557359214818,0.0079979530376432153,0.0079979530376432153,0.0070521557359214818,0.0051943415123003314],[0.0044314610924498744,0.0061673439477260387,0.0070521557359214818,0.0070521557359214818,0.0061673439477260387,0.0044314610924498744],[0.0028072997960182184,0.0044314610924498744,0.0051943415123003314,0.0051943415123003314,0.0044314610924498744,0.0028072997960182184]],[[0.0054066494278126624,0.0072136160012488204,0.0080927794268456522,0.0080927794268456522,0.0072136160012488204,0.0054066494278126624],[0.0072136160012488204,0.00899029060554404,0.0099147443180991144,0.0099147443180991144,0.00899029060554404,0.0072136160012488204],[0.0080927794268456522,0.0099147443180991144,0.010861850703566924,0.010861850703566924,0.0099147443180991144,0.0080927794268456522],[0.0080927794268456522,0.0099147443180991144,0.010861850703566924,0.010861850703566924,0.0099147443180991144,0.0080927794268456522],[0.0072136160012488204,0.00899029060554404,0.0099147443180991144,0.0099147443180991144,0.00899029060554404,0.0072136160012488204],[0.0054066494278126624,0.0072136160012488204,0.0080927794268456522,0.0080927794268456522,0.0072136160012488204,0.0054066494278126624]],[[0.0081685920300226828,0.010033562652717057,0.010955696382108769,0.010955696382108769,0.010033562652717057,0.0081685920300226828],[0.010033562652717057,0.011824627503027384,0.012763438813967312,0.012763438813967312,0.011824627503027384,0.010033562652717057],[0.010955696382108769,0.012763438813967312,0.013710591692967497,0.013710591692967497,0.012763438813967312,0.010955696382108769],[0.010955696382108769,0.012763438813967312,0.013710591692967497,0.013710591692967497,0.012763438813967312,0.010955696382108769],[0.010033562652717057,0.011824627503027384,0.012763438813967312,0.012763438813967312,0.011824627503027384,0.010033562652717057],[0.0081685920300226828,0.010033562652717057,0.010955696382108769,0.010955696382108769,0.010033562652717057,0.0081685920300226828]],[[0.010982975609261666,0.012867114179054319,0.013805061461746031,0.013805061461746031,0.012867114179054319,0.010982975609261666],[0.012867114179054319,0.014663443140143683,0.015607524712619369,0.015607524712619369,0.014663443140143683,0.012867114179054319],[0.013805061461746031,0.015607524712619369,0.016554674449713848,0.016554674449713848,0.015607524712619373,0.013805061461746031],[0.013805061461746031,0.015607524712619369,0.016554674449713848,0.016554674449713848,0.015607524712619373,0.013805061461746031],[0.012867114179054319,0.014663443140143683,0.015607524712619373,0.015607524712619373,0.014663443140143685,0.012867114179054319],[0.010982975609261666,0.012867114179054319,0.013805061461746031,0.013805061461746031,0.012867114179054319,0.010982975609261666]],[[0.013814952699459336,0.015705649084582916,0.016649411175027589,0.016649411175027589,0.015705649084582916,0.013814952699459336],[0.015705649084582916,0.017503907035254087,0.018449923689507784,0.018449923689507784,0.017503907035254087,0.015705649084582916],[0.016649411175027589,0.018449923689507784,0.019397067997920958,0.019397067997920958,0.018449923689507784,0.016649411175027589],[0.016649411175027589,0.018449923689507784,0.019397067997920958,0.019397067997920958,0.018449923689507784,0.016649411175027589],[0.015705649084582916,0.017503907035254087,0.018449923689507784,0.018449923689507784,0.017503907035254087,0.015705649084582916],[0.013814952699459336,0.015705649084582916,0.016649411175027589,0.016649411175027589,0.015705649084582916,0.013814952699459336]],[[0.0166530132695638,0.018546006535976517,0.019491904500261586,0.019491904500261586,0.018546006535976517,0.0166530132695638],[0.018546006535976517,0.020344967741649608,0.021291692924575386,0.021291692924575386,0.020344967741649608,0.018546006535976517],[0.019491904500261586,0.021291692924575386,0.022238831850391522,0.022238831850391522,0.021291692924575386,0.019491904500261586],[0.019491904500261586,0.021291692924575386,0.022238831850391522,0.022238831850391522,0.021291692924575386,0.019491904500261586],[0.018546006535976517,0.020344967741649608,0.021291692924575386,0.021291692924575386,0.020344967741649608,0.018546006535976517],[0.0166530132695638,0.018546006535976517,0.019491904500261586,0.019491904500261586,0.018546006535976517,0.0166530132695638]],[[0.019493217289448042,0.02138702475051588,0.022333705219700059,0.022333705219700059,0.02138702475051588,0.019493217289448042],[0.02138702475051588,0.023186238728509209,0.024133221410342309,0.024133221410342309,0.023186238728509209,0.02138702475051588],[0.022333705219700059,0.024133221410342309,0.025080355243817871,0.025080355243817871,0.024133221410342309,0.022333705219700059],[0.022333705219700059,0.024133221410342309,0.025080355243817871,0.025080355243817871,0.024133221410342309,0.022333705219700059],[0.02138702475051588,0.023186238728509209,0.024133221410342309,0.024133221410342309,0.023186238728509209,0.02138702475051588],[0.019493217289448042,0.02138702475051588,0.022333705219700059,0.022333705219700059,0.02138702475051588,0.019493217289448042]],[[0.022334181518058691,0.024228276977520932,0.025175242233740031,0.025175242233740031,0.024228276977520932,0.022334181518058691],[0.024228276977520932,0.026027578384383496,0.026974652832538689,0.026974652832538689,0.026027578384383496,0.024228276977520932],[0.025175242233740031,0.026974652832538689,0.027921781889079823,0.027921781889079823,0.026974652832538689,0.025175242233740031],[0.025175242233740031,0.026974652832538689,0.027921781889079823,0.027921781889079823,0.026974652832538689,0.025175242233740031],[0.024228276977520932,0.026027578384383496,0.026974652832538689,0.026974652832538689,0.026027578384383496,0.024228276977520932],[0.022334181518058691,0.024228276977520932,0.025175242233740031,0.025175242233740031,0.024228276977520932,0.022334181518058691]],[[0.025175412321168881,0.027069606780054663,0.028016673898222665,0.028016673898222665,0.027069606780054663,0.025175412321168881],[0.027069606780054663,0.028868935111322772,0.029816040526657248,0.029816040526657248,0.028868935111322772,0.027069606780054663],[0.028016673898222665,0.029816040526657248,0.030763165090453834,0.030763165090453834,0.029816040526657248,0.028016673898222665],[0.028016673898222665,0.029816040526657248,0.030763165090453834,0.03076316509045383,0.029816040526657248,0.028016673898222665],[0.027069606780054663,0.028868935111322772,0.029816040526657248,0.029816040526657248,0.028868935111322772,0.027069606780054663],[0.025175412321168881,0.027069606780054663,0.028016673898222665,0.028016673898222665,0.027069606780054663,0.025175412321168881]],[[0.02801673188459387,0.029910957066636247,0.030858058909510343,0.030858058909510343,0.029910957066636247,0.02801673188459387],[0.029910957066636247,0.031710290323013278,0.032657404478992423,0.032657404478992423,0.031710290323013278,0.029910957066636247],[0.030858058909510343,0.032657404478992423,0.033604524786346748,0.033604524786346748,0.032657404478992423,0.030858058909510343],[0.030858058909510343,0.032657404478992423,0.033604524786346748,0.033604524786346748,0.032657404478992423,0.030858058909510343],[0.029910957066636247,0.031710290323013278,0.032657404478992423,0.032657404478992423,0.031710290323013278,0.029910957066636247],[0.02801673188459387,0.029910957066636247,0.030858058909510343,0.030858058909510343,0.029910957066636247,0.02801673188459387]],[[0.0308580759465052,0.032752307193662955,0.033699419191464866,0.033699419191464866,0.032752307193662955,0.0308580759465052],[0.032752307193662955,0.034551637479291568,0.035498752307659004,0.035498752307659004,0.034551637479291568,0.032752307193662955],[0.033699419191464866,0.035498752307659004,0.036445868543817518,0.036445868543817518,0.035498752307659004,0.033699419191464866],[0.033699419191464866,0.035498752307659004,0.036445868543817518,0.036445868543817518,0.035498752307659004,0.033699419191464866],[0.032752307193662955,0.034551637479291568,0.035498752307659004,0.035498752307659004,0.034551637479291568,0.032752307193662955],[0.0308580759465052,0.032752307193662955,0.033699419191464866,0.033699419191464866,0.032752307193662955,0.0308580759465052]],[[0.033699421356226951,0.035593649830795049,0.036540763042789186,0.036540763042789186,0.035593649830795049,0.033699421356226951],[0.035593649830795049,0.037392974379712896,0.03834008698997559,0.03834008698997559,0.037392974379712896,0.035593649830795049],[0.036540763042789186,0.03834008698997559,0.039287199290562048,0.039287199290562048,0.03834008698997559,0.036540763042789186],[0.036540763042789186,0.03834008698997559,0.039287199290562048,0.039287199290562048,0.03834008698997559,0.036540763042789186],[0.035593649830795049,0.037392974379712896,0.03834008698997559,0.03834008698997559,0.037392974379712896,0.035593649830795049],[0.033699421356226951,0.035593649830795049,0.036540763042789186,0.036540763042789186,0.035593649830795049,0.033699421356226951]],[[0.036540759868093874,0.038434982456068634,0.0393820936612053,0.0393820936612053,0.038434982456068634,0.036540759868093874],[0.038434982456068634,0.040234300334839088,0.041181409712285337,0.041181409712285337,0.040234300334839088,0.038434982456068634],[0.0393820936612053,0.041181409712285337,0.04212851816610827,0.04212851816610827,0.041181409712285337,0.0393820936612053],[0.0393820936612053,0.041181409712285337,0.04212851816610827,0.04212851816610827,0.041181409712285337,0.0393820936612053],[0.038434982456068634,0.040234300334839088,0.041181409712285337,0.041181409712285337,0.040234300334839088,0.038434982456068634],[0.036540759868093874,0.038434982456068634,0.0393820936612053,0.0393820936612053,0.038434982456068634,0.036540759868093874]],[[0.039382088604354139,0.041276304233075545,0.042223412286143333,0.042223412286143333,0.041276304233075545,0.039382088604354139],[0.041276304233075545,0.043075615131393449,0.044022720924218224,0.044022720924218224,0.043075615131393449,0.041276304233075545],[0.042223412286143333,0.044022720924218224,0.044969825576288584,0.044969825576288584,0.044022720924218224,0.042223412286143333],[0.042223412286143333,0.044022720924218224,0.044969825576288584,0.044969825576288584,0.044022720924218224,0.042223412286143333],[0.041276304233075545,0.043075615131393449,0.044022720924218224,0.044022720924218224,0.043075615131393449,0.041276304233075545],[0.039382088604354139,0.041276304233075545,0.042223412286143333,0.042223412286143333,0.041276304233075545,0.039382088604354139]],[[0.042223406574192157,0.044117614867609053,0.045064719360480475,0.045064719360480475,0.044117614867609053,0.042223406574192157],[0.044117614867609053,0.045916918656649881,0.046864020731485143,0.046864020731485143,0.045916918656649881,0.044117614867609053],[0.045064719360480475,0.046864020731485143,0.047811121585838119,0.047811121585838119,0.046864020731485143,0.045064719360480475],[0.045064719360480475,0.046864020731485143,0.047811121585838119,0.047811121585838119,0.046864020731485143,0.045064719360480475],[0.044117614867609053,0.045916918656649881,0.046864020731485143,0.046864020731485143,0.045916918656649881,0.044117614867609053],[0.042223406574192157,0.044117614867609053,0.045064719360480475,0.045064719360480475,0.044117614867609053,0.042223406574192157]],[[0.045064713403220345,0.04695891419185131,0.047906014962611848,0.047906014962611848,0.04695891419185131,0.045064713403220345],[0.04695891419185131,0.04875821076462606,0.049705309044545815,0.049705309044545815,0.04875821076462606,0.04695891419185131],[0.047906014962611848,0.049705309044545815,0.050652406066739014,0.050652406066739014,0.049705309044545815,0.047906014962611848],[0.047906014962611848,0.049705309044545815,0.050652406066739014,0.050652406066739014,0.049705309044545815,0.047906014962611848],[0.04695891419185131,0.04875821076462606,0.049705309044545815,0.049705309044545815,0.04875821076462606,0.04695891419185131],[0.045064713403220345,0.04695891419185131,0.047906014962611848,0.047906014962611848,0.04695891419185131,0.045064713403220345]],[[0.047906008871737432,0.049800202015530183,0.050747298969333138,0.050747298969333138,0.049800202015530183,0.047906008871737432],[0.049800202015530183,0.051599491230558438,0.052546585636782106,0.052546585636782106,0.051599491230558438,0.049800202015530183],[0.050747298969333138,0.052546585636782106,0.053493678756043321,0.053493678756043321,0.052546585636782106,0.050747298969333138],[0.050747298969333138,0.052546585636782106,0.053493678756043321,0.053493678756043321,0.052546585636782106,0.050747298969333138],[0.049800202015530183,0.051599491230558438,0.052546585636782106,0.052546585636782106,0.051599491230558438,0.049800202015530183],[0.047906008871737432,0.049800202015530183,0.050747298969333138,0.050747298969333138,0.049800202015530183,0.047906008871737432]],[[0.0507472927490099,0.052641478074629725,0.053588571119018248,0.053588571119018248,0.052641478074629725,0.0507472927490099],[0.052641478074629725,0.054440759737218514,0.05538785016875078,0.05538785016875078,0.054440759737218514,0.052641478074629725],[0.053588571119018248,0.05538785016875078,0.0563349392797842,0.0563349392797842,0.05538785016875078,0.053588571119018248],[0.053588571119018248,0.05538785016875078,0.0563349392797842,0.0563349392797842,0.05538785016875078,0.053588571119018248],[0.052641478074629725,0.054440759737218514,0.05538785016875078,0.05538785016875078,0.054440759737218514,0.052641478074629725],[0.0507472927490099,0.052641478074629725,0.053588571119018248,0.053588571119018248,0.052641478074629725,0.0507472927490099]],[[0.053588564735627627,0.055482742015377513,0.056429831037511181,0.056429831037511181,0.055482742015377513,0.053588564735627627],[0.055482742015377513,0.0572820158723604,0.058229102199388295,0.058229102199388295,0.0572820158723604,0.055482742015377513],[0.056429831037511181,0.058229102199388295,0.059176187163859667,0.059176187163859667,0.058229102199388295,0.056429831037511181],[0.056429831037511181,0.058229102199388295,0.059176187163859667,0.059176187163859667,0.058229102199388295,0.056429831037511181],[0.055482742015377513,0.0572820158723604,0.058229102199388295,0.058229102199388295,0.0572820158723604,0.055482742015377513],[0.053588564735627627,0.055482742015377513,0.056429831037511181,0.056429831037511181,0.055482742015377513,0.053588564735627627]],[[0.056429824444978779,0.058323993390636604,0.059271078249741226,0.059271078249741226,0.058323993390636604,0.056429824444978779],[0.058323993390636604,0.060123259129718575,0.061070341191885529,0.061070341191885529,0.060123259129718575,0.058323993390636604],[0.059271078249741226,0.061070341191885529,0.0620174218396091,0.0620174218396091,0.061070341191885529,0.059271078249741226],[0.059271078249741226,0.061070341191885529,0.0620174218396091,0.0620174218396091,0.061070341191885529,0.059271078249741226],[0.058323993390636604,0.060123259129718575,0.061070341191885529,0.061070341191885529,0.060123259129718575,0.058323993390636604],[0.056429824444978779,0.058323993390636604,0.059271078249741226,0.059271078249741226,0.058323993390636604,0.056429824444978779]],[[0.059271071398553365,0.0611652316603436,0.062112312185580873,0.062112312185580873,0.0611652316603436,0.059271071398553365],[0.0611652316603436,0.062964488910820515,0.063911566517123472,0.063911566517123472,0.062964488910820515,0.0611652316603436],[0.062112312185580873,0.063911566517123472,0.064858642646973275,0.064858642646973275,0.063911566517123472,0.062112312185580873],[0.062112312185580873,0.063911566517123472,0.064858642646973275,0.064858642646973275,0.063911566517123472,0.062112312185580873],[0.0611652316603436,0.062964488910820515,0.063911566517123472,0.063911566517123472,0.062964488910820515,0.0611652316603436],[0.059271071398553365,0.0611652316603436,0.062112312185580873,0.062112312185580873,0.0611652316603436,0.059271071398553365]],[[0.062112305025822316,0.064006456192942027,0.064953532183106927,0.064953532183106927,0.064006456192942027,0.062112305025822316],[0.064006456192942027,0.065805704526629427,0.066752777455755224,0.066752777455755224,0.065805704526629427,0.064006456192942027],[0.064953532183106927,0.066752777455755224,0.067699848836321019,0.067699848836321019,0.066752777455755224,0.064953532183106927],[0.064953532183106927,0.066752777455755224,0.067699848836321019,0.067699848836321019,0.066752777455755224,0.064953532183106927],[0.064006456192942027,0.065805704526629427,0.066752777455755224,0.066752777455755224,0.065805704526629427,0.064006456192942027],[0.062112305025822316,0.064006456192942027,0.064953532183106927,0.064953532183106927,0.064006456192942027,0.062112305025822316]],[[0.064953524665319548,0.0668476662667383,0.067794737490473045,0.067794737490473045,0.0668476662667383,0.064953524665319548],[0.0668476662667383,0.068646905198701882,0.069593973199378031,0.069593973199378031,0.068646905198701882,0.0668476662667383],[0.067794737490473045,0.069593973199378031,0.070541039569384345,0.070541039569384345,0.069593973199378031,0.067794737490473045],[0.067794737490473045,0.069593973199378031,0.070541039569384345,0.070541039569384345,0.069593973199378031,0.067794737490473045],[0.0668476662667383,0.068646905198701882,0.069593973199378031,0.069593973199378031,0.068646905198701882,0.0668476662667383],[0.064953524665319548,0.0668476662667383,0.067794737490473045,0.067794737490473045,0.0668476662667383,0.064953524665319548]],[[0.067794729565732459,0.06968886107080205,0.070635927266859827,0.070635927266859827,0.06968886107080205,0.067794729565732459],[0.06968886107080205,0.0714880900597591,0.072435152850973947,0.072435152850973947,0.0714880900597591,0.06968886107080205],[0.070635927266859827,0.072435152850973947,0.073382213919478537,0.073382213919478537,0.072435152850973947,0.070635927266859827],[0.070635927266859827,0.072435152850973947,0.073382213919478537,0.073382213919478537,0.072435152850973947,0.070635927266859827],[0.06968886107080205,0.0714880900597591,0.072435152850973947,0.072435152850973947,0.0714880900597591,0.06968886107080205],[0.067794729565732459,0.06968886107080205,0.070635927266859827,0.070635927266859827,0.06968886107080205,0.067794729565732459]],[[0.070635918886576249,0.072530039705311286,0.073477100582699933,0.073477100582699933,0.072530039705311286,0.070635918886576249],[0.072530039705311286,0.074329258153669059,0.075276315424714343,0.075276315424714343,0.074329258153669059,0.072530039705311286],[0.073477100582699933,0.075276315424714343,0.076223370871100024,0.076223370871100024,0.075276315424714343,0.073477100582699933],[0.073477100582699933,0.075276315424714343,0.076223370871100024,0.076223370871100024,0.075276315424714343,0.073477100582699933],[0.072530039705311286,0.074329258153669059,0.075276315424714343,0.075276315424714343,0.074329258153669059,0.072530039705311286],[0.070635918886576249,0.072530039705311286,0.073477100582699933,0.073477100582699933,0.072530039705311286,0.070635918886576249]],[[0.073477091698340047,0.075371201181327549,0.0763182564192863,0.0763182564192863,0.075371201181327549,0.073477091698340047],[0.075371201181327549,0.077170408434861587,0.078117459845189738,0.078117459845189738,0.077170408434861587,0.075371201181327549],[0.0763182564192863,0.078117459845189738,0.079064509318961654,0.079064509318961654,0.078117459845189738,0.0763182564192863],[0.0763182564192863,0.078117459845189738,0.079064509318961654,0.079064509318961654,0.078117459845189738,0.0763182564192863],[0.075371201181327549,0.077170408434861587,0.078117459845189738,0.078117459845189738,0.077170408434861587,0.075371201181327549],[0.073477091698340047,0.075371201181327549,0.0763182564192863,0.0763182564192863,0.075371201181327549,0.073477091698340047]],[[0.076318246982068461,0.078212344420002092,0.079159393667795008,0.079159393667795008,0.078212344420002092,0.076318246982068461],[0.078212344420002092,0.080011539767185308,0.0809585849460825,0.0809585849460825,0.080011539767185308,0.078212344420002092],[0.079159393667795008,0.0809585849460825,0.081905628066481329,0.081905628066481329,0.0809585849460825,0.079159393667795008],[0.079159393667795008,0.0809585849460825,0.081905628066481329,0.081905628066481329,0.0809585849460825,0.079159393667795008],[0.078212344420002092,0.080011539767185308,0.0809585849460825,0.0809585849460825,0.080011539767185308,0.078212344420002092],[0.076318246982068461,0.078212344420002092,0.079159393667795008,0.079159393667795008,0.078212344420002092,0.076318246982068461]],[[0.079159383628392463,0.081053468251248734,0.08200051112778102,0.08200051112778102,0.081053468251248734,0.079159383628392463],[0.081053468251248734,0.0828526509222464,0.08379968946833008,0.08379968946833008,0.0828526509222464,0.081053468251248734],[0.08200051112778102,0.08379968946833008,0.084746725823769464,0.084746725823769464,0.08379968946833008,0.08200051112778102],[0.08200051112778102,0.08379968946833008,0.084746725823769464,0.084746725823769464,0.08379968946833008,0.08200051112778102],[0.081053468251248734,0.0828526509222464,0.08379968946833008,0.08379968946833008,0.0828526509222464,0.081053468251248734],[0.079159383628392463,0.081053468251248734,0.08200051112778102,0.08200051112778102,0.081053468251248734,0.079159383628392463]],[[0.082000500436029244,0.083894571411893409,0.084841607505151462,0.084841607505151462,0.083894571411893409,0.082000500436029244],[0.083894571411893409,0.0856937405772355,0.086640772057780049,0.086640772057780049,0.0856937405772355,0.083894571411893409],[0.084841607505151462,0.086640772057780049,0.087587801205115362,0.087587801205115362,0.086640772057780049,0.084841607505151462],[0.084841607505151462,0.086640772057780049,0.087587801205115362,0.087587801205115362,0.086640772057780049,0.084841607505151462],[0.083894571411893409,0.0856937405772355,0.086640772057780049,0.086640772057780049,0.0856937405772355,0.083894571411893409],[0.082000500436029244,0.083894571411893409,0.084841607505151462,0.084841607505151462,0.083894571411893409,0.082000500436029244]],[[0.084841596109771,0.086735652543331737,0.087682681409651117,0.087682681409651117,0.086735652543331737,0.084841596109771],[0.086735652543331737,0.088534807312272812,0.089481831262369554,0.089481831262369554,0.088534807312272812,0.086735652543331737],[0.087682681409651117,0.089481831262369554,0.090428852726003581,0.090428852726003581,0.089481831262369554,0.087682681409651117],[0.087682681409651117,0.089481831262369554,0.090428852726003581,0.090428852726003581,0.089481831262369554,0.087682681409651117],[0.086735652543331737,0.088534807312272812,0.089481831262369554,0.089481831262369554,0.088534807312272812,0.086735652543331737],[0.084841596109771,0.086735652543331737,0.087682681409651117,0.087682681409651117,0.086735652543331737,0.084841596109771]],[[0.087682669257976992,0.0895767101886896,0.090523731351866893,0.090523731351866893,0.0895767101886896,0.087682669257976992],[0.0895767101886896,0.091375849607267412,0.092322865528826153,0.092322865528826153,0.091375849607267412,0.0895767101886896],[0.090523731351866893,0.092322865528826153,0.093269878799655426,0.093269878799655426,0.092322865528826153,0.090523731351866893],[0.090523731351866893,0.092322865528826153,0.093269878799655426,0.093269878799655426,0.092322865528826153,0.090523731351866893],[0.0895767101886896,0.091375849607267412,0.092322865528826153,0.092322865528826153,0.091375849607267412,0.0895767101886896],[0.087682669257976992,0.0895767101886896,0.090523731351866893,0.090523731351866893,0.0895767101886896,0.087682669257976992]],[[0.0905237183895841,0.092417742789518448,0.093364755739758165,0.093364755739758165,0.092417742789518448,0.0905237183895841],[0.092417742789518448,0.09421686583831318,0.095163873198904972,0.095163873198904972,0.09421686583831318,0.092417742789518448],[0.093364755739758165,0.095163873198904972,0.096110877733110028,0.096110877733110028,0.095163873198904972,0.093364755739758165],[0.093364755739758165,0.095163873198904972,0.096110877733110028,0.096110877733110028,0.095163873198904972,0.093364755739758165],[0.092417742789518448,0.09421686583831318,0.095163873198904972,0.095163873198904972,0.09421686583831318,0.092417742789518448],[0.0905237183895841,0.092417742789518448,0.093364755739758165,0.093364755739758165,0.092417742789518448,0.0905237183895841]],[[0.093364741910644838,0.0952587486820243,0.096205752874728725,0.096205752874728725,0.0952587486820243,0.093364741910644838],[0.0952587486820243,0.09705785427362372,0.0980048525051677,0.0980048525051677,0.09705785427362372,0.0952587486820243],[0.096205752874728725,0.0980048525051677,0.098951847722848665,0.098951847722848665,0.0980048525051677,0.096205752874728725],[0.096205752874728725,0.0980048525051677,0.098951847722848665,0.098951847722848665,0.0980048525051677,0.096205752874728725],[0.0952587486820243,0.09705785427362372,0.0980048525051677,0.0980048525051677,0.09705785427362372,0.0952587486820243],[0.093364741910644838,0.0952587486820243,0.096205752874728725,0.096205752874728725,0.0952587486820243,0.093364741910644838]],[[0.096205738120397774,0.098099726092827355,0.099046720947233061,0.099046720947233061,0.098099726092827355,0.096205738120397774],[0.098099726092827355,0.0998988130689996,0.10084580156629652,0.10084580156629652,0.0998988130689996,0.098099726092827355],[0.099046720947233061,0.10084580156629652,0.10179278684995451,0.10179278684995451,0.10084580156629652,0.099046720947233061],[0.099046720947233061,0.10084580156629652,0.10179278684995451,0.10179278684995451,0.10084580156629652,0.099046720947233061],[0.098099726092827355,0.0998988130689996,0.10084580156629652,0.10084580156629652,0.0998988130689996,0.098099726092827355],[0.096205738120397774,0.098099726092827355,0.099046720947233061,0.099046720947233061,0.098099726092827355,0.096205738120397774]],[[0.099046705206882815,0.10094067313426423,0.1018876580319228,0.1018876580319228,0.10094067313426423,0.099046705206882815],[0.10094067313426423,0.10273974026283689,0.10368671838194723,0.10368671838194723,0.10273974026283689,0.10094067313426423],[0.1018876580319228,0.10368671838194723,0.10463369307481118,0.10463369307481118,0.10368671838194723,0.1018876580319228],[0.1018876580319228,0.10368671838194723,0.10463369307481118,0.10463369307481118,0.10368671838194723,0.1018876580319228],[0.10094067313426423,0.10273974026283689,0.10368671838194723,0.10368671838194723,0.10273974026283689,0.10094067313426423],[0.099046705206882815,0.10094067313426423,0.1018876580319228,0.1018876580319228,0.10094067313426423,0.099046705206882815]],[[0.10188764124207886,0.10378158779922046,0.10472856208232582,0.10472856208232582,0.10378158779922046,0.10188764124207886],[0.10378158779922046,0.10558063377066422,0.10652760082713118,0.10652760082713118,0.10558063377066422,0.10378158779922046],[0.10472856208232582,0.10652760082713118,0.10747456423132853,0.10747456423132853,0.10652760082713118,0.10472856208232582],[0.10472856208232582,0.10652760082713118,0.10747456423132853,0.10747456423132853,0.10652760082713118,0.10472856208232582],[0.10378158779922046,0.10558063377066422,0.10652760082713118,0.10652760082713118,0.10558063377066422,0.10378158779922046],[0.10188764124207886,0.10378158779922046,0.10472856208232582,0.10472856208232582,0.10378158779922046,0.10188764124207886]],[[0.10472854417658661,0.10662246795549665,0.10756943092505415,0.10756943092505415,0.10662246795549665,0.10472854417658661],[0.10662246795549665,0.1084214913792079,0.10936844664612186,0.10936844664612186,0.1084214913792079,0.10662246795549665],[0.10756943092505415,0.10936844664612186,0.11031539802069038,0.11031539802069038,0.10936844664612186,0.10756943092505415],[0.10756943092505415,0.10936844664612186,0.11031539802069038,0.11031539802069038,0.10936844664612186,0.10756943092505415],[0.10662246795549665,0.1084214913792079,0.10936844664612186,0.10936844664612186,0.1084214913792079,0.10662246795549665],[0.10472854417658661,0.10662246795549665,0.10756943092505415,0.10756943092505415,0.10662246795549665,0.10472854417658661]],[[0.10756941183382912,0.10946331133969621,0.11041026225352941,0.11041026225352941,0.10946331133969621,0.10756941183382912],[0.10946331133969621,0.11126231073997209,0.112209253445873,0.112209253445873,0.11126231073997209,0.10946331133969621],[0.11041026225352941,0.112209253445873,0.11315619200461063,0.11315619200461063,0.112209253445873,0.11041026225352941],[0.11041026225352941,0.112209253445873,0.11315619200461063,0.11315619200461063,0.112209253445873,0.11041026225352941],[0.10946331133969621,0.11126231073997209,0.112209253445873,0.112209253445873,0.11126231073997209,0.10946331133969621],[0.10756941183382912,0.10946331133969621,0.11041026225352941,0.11041026225352941,0.10946331133969621,0.10756941183382912]],[[0.11041024190377863,0.11230411555061613,0.11325105362121815,0.11325105362121815,0.11230411555061613,0.11041024190377863],[0.11230411555061613,0.11410308936231725,0.11505001868893393,0.11505001868893393,0.11410308936231725,0.11230411555061613],[0.11325105362121815,0.11505001868893393,0.11599694359808202,0.11599694359808202,0.11505001868893393,0.11325105362121815],[0.11325105362121815,0.11505001868893393,0.11599694359808202,0.11599694359808202,0.11505001868893393,0.11325105362121815],[0.11230411555061613,0.11410308936231725,0.11505001868893393,0.11505001868893393,0.11410308936231725,0.11230411555061613],[0.11041024190377863,0.11230411555061613,0.11325105362121815,0.11325105362121815,0.11230411555061613,0.11041024190377863]],[[0.11325103193617327,0.11514487804213865,0.11609180243435245,0.11609180243435245,0.11514487804213865,0.11325103193617327],[0.11514487804213865,0.11694382460602631,0.11789073968584453,0.11789073968584453,0.11694382460602631,0.11514487804213865],[0.11609180243435245,0.11789073968584453,0.11883765006159935,0.11883765006159935,0.11789073968584453,0.11609180243435245],[0.11609180243435245,0.11789073968584453,0.11883765006159935,0.11883765006159935,0.11789073968584453,0.11609180243435245],[0.11514487804213865,0.11694382460602631,0.11789073968584453,0.11789073968584453,0.11694382460602631,0.11514487804213865],[0.11325103193617327,0.11514487804213865,0.11609180243435245,0.11609180243435245,0.11514487804213865,0.11325103193617327]],[[0.11609177933324119,0.11798559611560548,0.11893250594412862,0.11893250594412862,0.11798559611560548,0.11609177933324119],[0.11798559611560548,0.11978451367334228,0.12073141358699557,0.12073141358699557,0.11978451367334228,0.11798559611560548],[0.11893250594412862,0.12073141358699557,0.12167830849284217,0.12167830849284217,0.12073141358699557,0.11893250594412862],[0.11893250594412862,0.12073141358699557,0.12167830849284217,0.12167830849284217,0.12073141358699557,0.11893250594412862],[0.11798559611560548,0.11978451367334228,0.12073141358699557,0.12073141358699557,0.11978451367334228,0.11798559611560548],[0.11609177933324119,0.11798559611560548,0.11893250594412862,0.11893250594412862,0.11798559611560548,0.11609177933324119]],[[0.11893248134188401,0.12082626691164061,0.12177316123835885,0.12177316123835885,0.12082626691164061,0.11893248134188401],[0.12082626691164061,0.12262515360044512,0.12357203737392554,0.12357203737392554,0.12262515360044512,0.12082626691164061],[0.12177316123835885,0.12357203737392554,0.12451891581778646,0.12451891581778646,0.12357203737392554,0.12177316123835885],[0.12177316123835885,0.12357203737392554,0.12451891581778646,0.12451891581778646,0.12357203737392554,0.12177316123835885],[0.12082626691164061,0.12262515360044512,0.12357203737392554,0.12357203737392554,0.12262515360044512,0.12082626691164061],[0.11893248134188401,0.12082626691164061,0.12177316123835885,0.12177316123835885,0.12082626691164061,0.11893248134188401]],[[0.12177313504531519,0.12366688740142517,0.12461376523255623,0.12461376523255623,0.12366688740142517,0.12177313504531519],[0.12366688740142517,0.12546574124836171,0.12641260785003874,0.12641260785003874,0.12546574124836171,0.12366688740142517],[0.12461376523255623,0.12641260785003874,0.12735946878123025,0.12735946878123025,0.12641260785003872,0.12461376523255623],[0.12461376523255623,0.12641260785003874,0.12735946878123025,0.12735946878123025,0.12641260785003872,0.12461376523255623],[0.12366688740142517,0.12546574124836171,0.12641260785003872,0.12641260785003872,0.12546574124836171,0.12366688740142517],[0.12177313504531519,0.12366688740142517,0.12461376523255623,0.12461376523255623,0.12366688740142517,0.12177313504531519]],[[0.12461373735413785,0.12650745437737709,0.1274543146604209,0.1274543146604209,0.12650745437737709,0.12461373735413785],[0.12650745437737709,0.12830627329326635,0.12925312163070704,0.12925312163070704,0.12830627329326635,0.12650745437737709],[0.1274543146604209,0.12925312163070704,0.1301999639366942,0.1301999639366942,0.12925312163070704,0.1274543146604209],[0.1274543146604209,0.12925312163070704,0.1301999639366942,0.1301999639366942,0.12925312163070704,0.1274543146604209],[0.12650745437737709,0.12830627329326635,0.12925312163070704,0.12925312163070704,0.12830627329326635,0.12650745437737709],[0.12461373735413785,0.12650745437737709,0.1274543146604209,0.1274543146604209,0.12650745437737709,0.12461373735413785]],[[0.12745428499681288,0.12934796444322066,0.1302948060637093,0.1302948060637093,0.12934796444322066,0.12745428499681288],[0.12934796444322066,0.13114674621615335,0.13209357513273506,0.13209357513273506,0.13114674621615335,0.12934796444322066],[0.1302948060637093,0.13209357513273506,0.13304039763567505,0.13304039763567505,0.13209357513273506,0.1302948060637093],[0.1302948060637093,0.13209357513273506,0.13304039763567505,0.13304039763567505,0.13209357513273506,0.1302948060637093],[0.12934796444322066,0.13114674621615335,0.13209357513273506,0.13209357513273506,0.13114674621615335,0.12934796444322066],[0.12745428499681288,0.12934796444322066,0.1302948060637093,0.1302948060637093,0.12934796444322066,0.12745428499681288]],[[0.13029477450951779,0.13218841400341075,0.13313523578144915,0.13313523578144915,0.13218841400341075,0.13029477450951779],[0.13218841400341075,0.13398715629184477,0.13493396456315018,0.13493396456315018,0.13398715629184477,0.13218841400341075],[0.13313523578144915,0.13493396456315018,0.13588076601621452,0.13588076601621452,0.13493396456315018,0.13313523578144915],[0.13313523578144915,0.13493396456315018,0.13588076601621452,0.13588076601621452,0.13493396456315018,0.13313523578144915],[0.13218841400341075,0.13398715629184477,0.13493396456315018,0.13493396456315018,0.13398715629184477,0.13218841400341075],[0.13029477450951779,0.13218841400341075,0.13313523578144915,0.13313523578144915,0.13218841400341075,0.13029477450951779]],[[0.13313520222533318,0.13502879925188696,0.13597559993846406,0.13597559993846406,0.13502879925188696,0.13313520222533318],[0.13502879925188696,0.13682749957730361,0.13777428590728405,0.13777428590728405,0.13682749957730361,0.13502879925188696],[0.13597559993846406,0.13777428590728405,0.13872106499074718,0.13872106499074718,0.13777428590728405,0.13597559993846406],[0.13597559993846406,0.13777428590728405,0.13872106499074718,0.13872106499074718,0.13777428590728405,0.13597559993846406],[0.13502879925188696,0.13682749957730361,0.13777428590728405,0.13777428590728405,0.13682749957730361,0.13502879925188696],[0.13313520222533318,0.13502879925188696,0.13597559993846406,0.13597559993846406,0.13502879925188696,0.13313520222533318]],[[0.13597556426276264,0.13786911616010733,0.13881589443318196,0.13881589443318196,0.13786911616010733,0.13597556426276264],[0.13786911616010733,0.13966777189920776,0.14061453491610723,0.14061453491610723,0.13966777189920776,0.13786911616010733],[0.13881589443318196,0.14061453491610723,0.14156129023318981,0.14156129023318981,0.14061453491610723,0.13881589443318196],[0.13881589443318196,0.14061453491610723,0.14156129023318981,0.14156129023318981,0.14061453491610723,0.13881589443318196],[0.13786911616010733,0.13966777189920776,0.14061453491610723,0.14061453491610723,0.13966777189920776,0.13786911616010733],[0.13597556426276264,0.13786911616010733,0.13881589443318196,0.13881589443318196,0.13786911616010733,0.13597556426276264]],[[0.1388158565135148,0.14070936046434335,0.14165611492467522,0.14165611492467522,0.14070936046434335,0.1388158565135148],[0.14070936046434335,0.14250796884075481,0.14345470709277652,0.14345470709277652,0.14250796884075481,0.14070936046434335],[0.14165611492467522,0.14345470709277652,0.14440143716522866,0.14440143716522866,0.14345470709277652,0.14165611492467522],[0.14165611492467522,0.14345470709277652,0.14440143716522866,0.14440143716522866,0.14345470709277652,0.14165611492467522],[0.14070936046434335,0.14250796884075481,0.14345470709277652,0.14345470709277652,0.14250796884075481,0.14070936046434335],[0.1388158565135148,0.14070936046434335,0.14165611492467522,0.14165611492467522,0.14070936046434335,0.1388158565135148]],[[0.14165607462951874,0.14354952765216961,0.14449625681890163,0.14449625681890163,0.14354952765216961,0.14165607462951874],[0.14354952765216961,0.14534808572764,0.14629479767834702,0.14629479767834702,0.14534808572764,0.14354952765216961],[0.14449625681890163,0.14629479767834702,0.14724150094175811,0.14724150094175811,0.14629479767834702,0.14449625681890163],[0.14449625681890163,0.14629479767834702,0.14724150094175811,0.14724150094175811,0.14629479767834702,0.14449625681890163],[0.14354952765216961,0.14534808572764,0.14629479767834702,0.14629479767834702,0.14534808572764,0.14354952765216961],[0.14165607462951874,0.14354952765216961,0.14449625681890163,0.14449625681890163,0.14354952765216961,0.14165607462951874]],[[0.14449621400914095,0.14638961294812775,0.14733631525408505,0.14733631525408505,0.14638961294812775,0.14449621400914095],[0.14638961294812775,0.14818811761317255,0.14913480163660089,0.14913480163660089,0.14818811761317255,0.14638961294812775],[0.14733631525408505,0.14913480163660089,0.15008147643541894,0.15008147643541894,0.14913480163660089,0.14733631525408505],[0.14733631525408505,0.14913480163660089,0.15008147643541894,0.15008147643541894,0.14913480163660089,0.14733631525408505],[0.14638961294812775,0.14818811761317255,0.14913480163660089,0.14913480163660089,0.14818811761317255,0.14638961294812775],[0.14449621400914095,0.14638961294812775,0.14733631525408505,0.14733631525408505,0.14638961294812775,0.14449621400914095]],[[0.14733626978254774,0.14922961129850426,0.15017628508520289,0.15017628508520289,0.14922961129850426,0.14733626978254774],[0.14922961129850426,0.15102805926247639,0.15197471363794654,0.15197471363794654,0.15102805926247639,0.14922961129850426],[0.15017628508520289,0.15197471363794654,0.15292135822019082,0.15292135822019082,0.15197471363794654,0.15017628508520289],[0.15017628508520289,0.15197471363794654,0.15292135822019082,0.15292135822019082,0.15197471363794654,0.15017628508520289],[0.14922961129850426,0.15102805926247639,0.15197471363794654,0.15197471363794654,0.15102805926247639,0.14922961129850426],[0.14733626978254774,0.14922961129850426,0.15017628508520289,0.15017628508520289,0.14922961129850426,0.14733626978254774]],[[0.1501762367961