{"M_cells":[[[0,0,0,0,0,0,0],[0,0,0,0,0,0,0],[0,0,0,0,0,0,0],[0,0,0,0,0,0,0],[0,0,0,0,0,0,0],[0,0,0,0,0,0,0],[0,0,0,0,0,0,0]],[[9.170666936742565E-7,2.5677257273063564E-6,2.351057526057124E-6,3.2104537032887263E-6,2.351057526057124E-6,2.5677257273063564E-6,9.170666936742565E-7],[2.5677257273063564E-6,5.9141053429723023E-6,5.5453331998094686E-6,7.2869094607037239E-6,5.5453331998094686E-6,5.9141053429723023E-6,2.5677257273063564E-6],[2.351057526057124E-6,5.5453331998094686E-6,6.47976018907389E-6,7.4172162773011037E-6,6.47976018907389E-6,5.5453331998094686E-6,2.351057526057124E-6],[3.2104537032887263E-6,7.2869094607037239E-6,7.4172162773011037E-6,9.2742215598850114E-6,7.4172162773011037E-6,7.2869094607037239E-6,3.2104537032887255E-6],[2.351057526057124E-6,5.5453331998094686E-6,6.47976018907389E-6,7.4172162773011037E-6,6.47976018907389E-6,5.5453331998094686E-6,2.351057526057124E-6],[2.5677257273063564E-6,5.9141053429723023E-6,5.5453331998094686E-6,7.2869094607037239E-6,5.5453331998094686E-6,5.9141053429723023E-6,2.5677257273063564E-6],[9.170666936742565E-7,2.5677257273063564E-6,2.351057526057124E-6,3.2104537032887255E-6,2.351057526057124E-6,2.5677257273063564E-6,9.170666936742565E-7]],[[5.5915918562287727E-6,1.0268313614269918E-5,9.6686156132766671E-6,1.2226819690818964E-5,9.6686156132766671E-6,1.0268313614269918E-5,5.5915918562287727E-6],[1.0268313614269918E-5,1.6956594567351782E-5,1.6243193789368985E-5,1.9895448494661597E-5,1.6243193789368985E-5,1.6956594567351782E-5,1.0268313614269918E-5],[9.6686156132766671E-6,1.6243193789368985E-5,1.815237013203283E-5,2.0066296429767208E-5,1.815237013203283E-5,1.6243193789368985E-5,9.6686156132766671E-6],[1.2226819690818964E-5,1.9895448494661597E-5,2.0066296429767208E-5,2.3766559618566716E-5,2.0066296429767208E-5,1.98954484946616E-5,1.2226819690818964E-5],[9.6686156132766671E-6,1.6243193789368985E-5,1.815237013203283E-5,2.0066296429767208E-5,1.815237013203283E-5,1.6243193789368985E-5,9.6686156132766671E-6],[1.0268313614269918E-5,1.6956594567351782E-5,1.6243193789368985E-5,1.98954484946616E-5,1.6243193789368985E-5,1.6956594567351782E-5,1.0268313614269918E-5],[5.5915918562287727E-6,1.0268313614269918E-5,9.6686156132766671E-6,1.2226819690818964E-5,9.6686156132766671E-6,1.0268313614269918E-5,5.5915918562287727E-6]],[[1.508695958606081E-5,2.3090468106521079E-5,2.2088182067687508E-5,2.6594240112591969E-5,2.2088182067687508E-5,2.3090468106521079E-5,1.508695958606081E-5],[2.3090468106521079E-5,3.3111303929552846E-5,3.2072981205434157E-5,3.76796955680874E-5,3.2072981205434157E-5,3.3111303929552846E-5,2.3090468106521079E-5],[2.2088182067687508E-5,3.2072981205434157E-5,3.4963941672257082E-5,3.7861357440943125E-5,3.4963941672257082E-5,3.2072981205434164E-5,2.2088182067687511E-5],[2.6594240112591969E-5,3.76796955680874E-5,3.7861357440943125E-5,4.339035871653654E-5,3.7861357440943125E-5,3.7679695568087404E-5,2.6594240112591969E-5],[2.2088182067687508E-5,3.2072981205434157E-5,3.4963941672257082E-5,3.7861357440943125E-5,3.4963941672257088E-5,3.2072981205434164E-5,2.2088182067687511E-5],[2.3090468106521079E-5,3.3111303929552846E-5,3.2072981205434164E-5,3.7679695568087404E-5,3.2072981205434164E-5,3.3111303929552846E-5,2.3090468106521079E-5],[1.508695958606081E-5,2.3090468106521079E-5,2.2088182067687511E-5,2.6594240112591969E-5,2.2088182067687511E-5,2.3090468106521079E-5,1.508695958606081E-5]],[[2.9627668302130354E-5,4.1013923977541026E-5,3.9616680661384408E-5,4.613797208084256E-5,3.9616680661384408E-5,4.1013923977541026E-5,2.9627668302130354E-5],[4.1013923977541026E-5,5.4351109315101433E-5,5.2999959331203688E-5,6.056539014933363E-5,5.2999959331203688E-5,5.4351109315101427E-5,4.1013923977541026E-5],[3.9616680661384408E-5,5.2999959331203688E-5,5.686995502661494E-5,6.0748097164694478E-5,5.686995502661494E-5,5.2999959331203688E-5,3.9616680661384408E-5],[4.613797208084256E-5,6.056539014933363E-5,6.0748097164694478E-5,6.80916892557873E-5,6.0748097164694478E-5,6.056539014933363E-5,4.6137972080842567E-5],[3.9616680661384408E-5,5.2999959331203688E-5,5.686995502661494E-5,6.0748097164694478E-5,5.686995502661494E-5,5.2999959331203688E-5,3.9616680661384408E-5],[4.1013923977541026E-5,5.4351109315101427E-5,5.2999959331203688E-5,6.056539014933363E-5,5.2999959331203688E-5,5.4351109315101427E-5,4.1013923977541026E-5],[2.9627668302130354E-5,4.1013923977541026E-5,3.9616680661384408E-5,4.6137972080842567E-5,3.9616680661384408E-5,4.1013923977541026E-5,2.9627668302130354E-5]],[[4.924372850511931E-5,6.4009943619869108E-5,6.222669449411411E-5,7.0774174052487453E-5,6.222669449411411E-5,6.4009943619869108E-5,4.924372850511931E-5],[6.4009943619869108E-5,8.0643005776988947E-5,7.8986103666969058E-5,8.8501900903625611E-5,7.8986103666969058E-5,8.0643005776988947E-5,6.4009943619869108E-5],[6.222669449411411E-5,7.8986103666969058E-5,8.3829333610273914E-5,8.8682387896072781E-5,8.3829333610273914E-5,7.8986103666969058E-5,6.222669449411411E-5],[7.0774174052487453E-5,8.8501900903625611E-5,8.8682387896072781E-5,9.7826797963091188E-5,8.8682387896072781E-5,8.8501900903625611E-5,7.0774174052487453E-5],[6.222669449411411E-5,7.8986103666969058E-5,8.3829333610273914E-5,8.8682387896072781E-5,8.3829333610273914E-5,7.8986103666969058E-5,6.222669449411411E-5],[6.4009943619869108E-5,8.0643005776988947E-5,7.8986103666969058E-5,8.8501900903625611E-5,7.8986103666969058E-5,8.0643005776988947E-5,6.4009943619869108E-5],[4.924372850511931E-5,6.4009943619869108E-5,6.222669449411411E-5,7.0774174052487453E-5,6.222669449411411E-5,6.4009943619869108E-5,4.924372850511931E-5]],[[7.3917129710078362E-5,9.204530137714182E-5,8.9882590087163856E-5,0.00010044959369502977,8.9882590087163856E-5,9.204530137714182E-5,7.3917129710078362E-5],[9.204530137714182E-5,0.00011195184515415509,0.00010999361912441823,0.00012144748466356069,0.00010999361912441823,0.00011195184515415509,9.204530137714182E-5],[8.9882590087163856E-5,0.00010999361912441823,0.00011580339222883893,0.00012162465498516753,0.00011580339222883893,0.00010999361912441823,8.9882590087163856E-5],[0.00010044959369502977,0.00012144748466356069,0.00012162465498516753,0.00013255647170623233,0.00012162465498516752,0.00012144748466356067,0.00010044959369502976],[8.9882590087163856E-5,0.00010999361912441823,0.00011580339222883893,0.00012162465498516752,0.00011580339222883892,0.00010999361912441823,8.9882590087163856E-5],[9.204530137714182E-5,0.00011195184515415509,0.00010999361912441823,0.00012144748466356067,0.00010999361912441823,0.00011195184515415509,9.204530137714182E-5],[7.3917129710078362E-5,9.204530137714182E-5,8.9882590087163856E-5,0.00010044959369502976,8.9882590087163856E-5,9.204530137714182E-5,7.3917129710078362E-5]],[[0.00010361707349470341,0.00012508501639151855,0.00012254749384947217,0.00013512192497804621,0.00012254749384947217,0.00012508501639151855,0.0001036170734947034],[0.00012508501639151855,0.00014824205129895533,0.00014598564668860862,0.00015936417147790626,0.00014598564668860862,0.00014824205129895533,0.00012508501639151855],[0.00012254749384947217,0.00014598564668860862,0.00015275508653071065,0.00015953766920555248,0.00015275508653071065,0.00014598564668860862,0.00012254749384947217],[0.00013512192497804621,0.00015936417147790626,0.00015953766920555248,0.00017224382476353013,0.00015953766920555248,0.00015936417147790626,0.00013512192497804621],[0.00012254749384947217,0.00014598564668860862,0.00015275508653071065,0.00015953766920555248,0.00015275508653071065,0.00014598564668860862,0.00012254749384947217],[0.00012508501639151855,0.00014824205129895533,0.00014598564668860862,0.00015936417147790626,0.00014598564668860862,0.00014824205129895533,0.00012508501639151855],[0.0001036170734947034,0.00012508501639151855,0.00012254749384947217,0.00013512192497804621,0.00012254749384947217,0.00012508501639151855,0.0001036170734947034]],[[0.00013830929479705293,0.00016309377730346216,0.000160185021919008,0.00017475323618024738,0.000160185021919008,0.00016309377730346216,0.00013830929479705293],[0.00016309377730346216,0.00018947835638547281,0.00018692631289757067,0.00020221592063147074,0.00018692631289757067,0.00018947835638547281,0.00016309377730346216],[0.000160185021919008,0.00018692631289757067,0.00019464858865177531,0.0002023856486507192,0.00019464858865177531,0.00018692631289757067,0.000160185021919008],[0.00017475323618024738,0.00020221592063147074,0.0002023856486507192,0.00021685339969930369,0.0002023856486507192,0.00020221592063147074,0.00017475323618024738],[0.000160185021919008,0.00018692631289757067,0.00019464858865177531,0.0002023856486507192,0.00019464858865177531,0.00018692631289757067,0.000160185021919008],[0.00016309377730346216,0.00018947835638547281,0.00018692631289757067,0.00020221592063147074,0.00018692631289757067,0.00018947835638547281,0.00016309377730346216],[0.00013830929479705293,0.00016309377730346216,0.000160185021919008,0.00017475323618024738,0.000160185021919008,0.00016309377730346216,0.00013830929479705293]],[[0.00017795884652392288,0.00020603659599799753,0.00020275963273716548,0.00021930769277113816,0.00020275963273716545,0.00020603659599799753,0.00017795884652392288],[0.00020603659599799753,0.00023562609281627171,0.000232780658619099,0.00024996791977315464,0.000232780658619099,0.00023562609281627171,0.00020603659599799753],[0.00020275963273716548,0.000232780658619099,0.000241449058642052,0.00025013387285708347,0.000241449058642052,0.000232780658619099,0.00020275963273716545],[0.00021930769277113816,0.00024996791977315464,0.00025013387285708347,0.00026635078203229108,0.00025013387285708347,0.00024996791977315464,0.00021930769277113816],[0.00020275963273716545,0.000232780658619099,0.000241449058642052,0.00025013387285708347,0.000241449058642052,0.000232780658619099,0.00020275963273716545],[0.00020603659599799753,0.00023562609281627171,0.000232780658619099,0.00024996791977315464,0.000232780658619099,0.00023562609281627171,0.00020603659599799753],[0.00017795884652392288,0.00020603659599799753,0.00020275963273716545,0.00021930769277113816,0.00020275963273716545,0.00020603659599799753,0.00017795884652392288]],[[0.00022253102594320357,0.00025387907695178851,0.00025023664605447455,0.00026875072802231843,0.00025023664605447449,0.00025387907695178851,0.00022253102594320357],[0.00025387907695178851,0.00028665129141342894,0.00028351456393482457,0.00030258629559867892,0.00028351456393482452,0.00028665129141342894,0.00025387907695178851],[0.00025023664605447455,0.00028351456393482457,0.00029312251604194078,0.00030274850109516643,0.00029312251604194078,0.00028351456393482452,0.00025023664605447449],[0.00026875072802231843,0.00030258629559867892,0.00030274850109516643,0.00032070241956089489,0.00030274850109516643,0.00030258629559867892,0.00026875072802231843],[0.00025023664605447449,0.00028351456393482452,0.00029312251604194078,0.00030274850109516643,0.00029312251604194078,0.00028351456393482452,0.00025023664605447449],[0.00025387907695178851,0.00028665129141342894,0.00028351456393482452,0.00030258629559867892,0.00028351456393482452,0.00028665129141342894,0.00025387907695178851],[0.00022253102594320357,0.00025387907695178851,0.00025023664605447449,0.00026875072802231843,0.00025023664605447449,0.00025387907695178851,0.00022253102594320357]],[[0.00027199169679899596,0.00030658750989421624,0.00030258219508341581,0.00032304871587552156,0.00030258219508341581,0.00030658750989421624,0.00027199169679899596],[0.00030658750989421624,0.00034252069786168887,0.00033909468614897863,0.00036003797750691917,0.00033909468614897863,0.00034252069786168887,0.00030658750989421624],[0.00030258219508341581,0.00033909468614897863,0.00034963575958185954,0.00036019647377087503,0.00034963575958185954,0.00033909468614897863,0.00030258219508341581],[0.00032304871587552156,0.00036003797750691917,0.00036019647377087503,0.00037987552485560028,0.00036019647377087503,0.00036003797750691917,0.00032304871587552156],[0.00030258219508341581,0.00033909468614897863,0.00034963575958185954,0.00036019647377087503,0.00034963575958185954,0.00033909468614897863,0.00030258219508341581],[0.00030658750989421624,0.00034252069786168887,0.00033909468614897863,0.00036003797750691917,0.00033909468614897863,0.00034252069786168887,0.00030658750989421624],[0.00027199169679899596,0.00030658750989421624,0.00030258219508341581,0.00032304871587552156,0.00030258219508341581,0.00030658750989421624,0.00027199169679899596]],[[0.00032630739203321846,0.00036412888539626761,0.00035976317310371369,0.000382168823789202,0.00035976317310371369,0.00036412888539626761,0.00032630739203321846],[0.00036412888539626761,0.00040320175587645567,0.00039948840852697324,0.00042229062022935531,0.00039948840852697324,0.00040320175587645567,0.00036412888539626761],[0.00035976317310371369,0.00039948840852697324,0.00041095630965615074,0.00042244544863986904,0.00041095630965615074,0.00039948840852697324,0.00035976317310371369],[0.000382168823789202,0.00042229062022935531,0.00042244544863986904,0.00044383801247057037,0.00042244544863986904,0.00042229062022935531,0.000382168823789202],[0.00035976317310371369,0.00039948840852697324,0.00041095630965615074,0.00042244544863986904,0.00041095630965615074,0.00039948840852697324,0.00035976317310371369],[0.00036412888539626761,0.00040320175587645567,0.00039948840852697324,0.00042229062022935531,0.00039948840852697324,0.00040320175587645567,0.00036412888539626761],[0.00032630739203321846,0.00036412888539626761,0.00035976317310371369,0.000382168823789202,0.00035976317310371369,0.00036412888539626761,0.00032630739203321846]],[[0.00038544533159453595,0.00042647087836999059,0.00042174718521154959,0.00044607893257203981,0.00042174718521154959,0.00042647087836999059,0.00038544533159453595],[0.00042647087836999059,0.00046866257759574744,0.00046466379584050318,0.00048931255029436161,0.00046466379584050318,0.0004686625775957475,0.00042647087836999059],[0.00042174718521154959,0.00046466379584050318,0.00047705236182917578,0.00048946375227720449,0.00047705236182917578,0.00046466379584050323,0.00042174718521154959],[0.00044607893257203981,0.00048931255029436161,0.00048946375227720449,0.00051255845128008772,0.00048946375227720449,0.00048931255029436172,0.00044607893257203981],[0.00042174718521154959,0.00046466379584050318,0.00047705236182917578,0.00048946375227720449,0.00047705236182917583,0.00046466379584050323,0.00042174718521154959],[0.00042647087836999059,0.0004686625775957475,0.00046466379584050323,0.00048931255029436172,0.00046466379584050323,0.00046866257759574755,0.00042647087836999059],[0.00038544533159453595,0.00042647087836999059,0.00042174718521154959,0.00044607893257203981,0.00042174718521154959,0.00042647087836999059,0.00038544533159453595]],[[0.000449373406799166,0.0004935818190236874,0.00048850250516213026,0.00051474758239739634,0.00048850250516213026,0.0004935818190236874,0.000449373406799166],[0.0004935818190236874,0.00053887190967332192,0.00053458955411335018,0.00056107272281086837,0.00053458955411335018,0.00053887190967332192,0.0004935818190236874],[0.00048850250516213026,0.00053458955411335018,0.0005478927460395316,0.00056122033874135612,0.0005478927460395316,0.00053458955411335018,0.00048850250516213026],[0.00051474758239739634,0.00056107272281086837,0.00056122033874135612,0.00058600602388403985,0.00056122033874135612,0.00056107272281086848,0.00051474758239739645],[0.00048850250516213026,0.00053458955411335018,0.0005478927460395316,0.00056122033874135612,0.0005478927460395316,0.00053458955411335018,0.00048850250516213026],[0.0004935818190236874,0.00053887190967332192,0.00053458955411335018,0.00056107272281086848,0.00053458955411335018,0.00053887190967332192,0.0004935818190236874],[0.000449373406799166,0.0004935818190236874,0.00048850250516213026,0.00051474758239739645,0.00048850250516213026,0.0004935818190236874,0.000449373406799166]],[[0.00051806015189094046,0.00056543065950637921,0.00055999803585154865,0.00058814392979183712,0.00055999803585154865,0.00056543065950637921,0.00051806015189094046],[0.00056543065950637921,0.000613799098474405,0.00060923499310261019,0.00063754068320035124,0.00060923499310261019,0.000613799098474405,0.00056543065950637921],[0.00055999803585154865,0.00060923499310261019,0.00062344688906414885,0.00063768475202203407,0.00062344688906414885,0.00060923499310261019,0.00055999803585154865],[0.00058814392979183712,0.00063754068320035124,0.00063768475202203407,0.00066415048968815728,0.00063768475202203407,0.00063754068320035124,0.00058814392979183712],[0.00055999803585154865,0.00060923499310261019,0.00062344688906414885,0.00063768475202203407,0.00062344688906414885,0.00060923499310261019,0.00055999803585154865],[0.00056543065950637921,0.000613799098474405,0.00060923499310261019,0.00063754068320035124,0.00060923499310261019,0.000613799098474405,0.00056543065950637921],[0.00051806015189094046,0.00056543065950637921,0.00055999803585154865,0.00058814392979183712,0.00055999803585154865,0.00056543065950637921,0.00051806015189094046]],[[0.00059147471119706352,0.00064198693959037218,0.00063620327231912765,0.00066623770972287473,0.00063620327231912765,0.00064198693959037218,0.00059147471119706352],[0.00064198693959037218,0.0006934140556624685,0.00068856999071027682,0.0007186865316442325,0.00068856999071027682,0.0006934140556624685,0.00064198693959037218],[0.00063620327231912765,0.00068856999071027682,0.00070368477908421966,0.00071882709076103455,0.00070368477908421966,0.00068856999071027682,0.00063620327231912765],[0.00066623770972287473,0.0007186865316442325,0.00071882709076103455,0.00074696215016438613,0.00071882709076103455,0.0007186865316442325,0.00066623770972287473],[0.00063620327231912765,0.00068856999071027682,0.00070368477908421966,0.00071882709076103455,0.00070368477908421966,0.00068856999071027682,0.00063620327231912765],[0.00064198693959037218,0.0006934140556624685,0.00068856999071027682,0.0007186865316442325,0.00068856999071027682,0.0006934140556624685,0.00064198693959037218],[0.00059147471119706352,0.00064198693959037218,0.00063620327231912765,0.00066623770972287473,0.00063620327231912765,0.00064198693959037218,0.00059147471119706352]],[[0.00066958680525062259,0.000723220752674936,0.000717088266571563,0.00074899920040421143,0.000717088266571563,0.000723220752674936,0.00066958680525062259],[0.000723220752674936,0.00077768722459662309,0.000772564958856121,0.00080448088924718684,0.000772564958856121,0.00077768722459662309,0.000723220752674936],[0.000717088266571563,0.000772564958856121,0.00078857693175446637,0.00080461797451833645,0.00078857693175446637,0.000772564958856121,0.000717088266571563],[0.00074899920040421143,0.00080448088924718684,0.00080461797451833645,0.00083441181557604265,0.00080461797451833645,0.00080448088924718684,0.00074899920040421143],[0.000717088266571563,0.000772564958856121,0.00078857693175446637,0.00080461797451833645,0.00078857693175446637,0.000772564958856121,0.000717088266571563],[0.000723220752674936,0.00077768722459662309,0.000772564958856121,0.00080448088924718684,0.000772564958856121,0.00077768722459662309,0.000723220752674936],[0.00066958680525062259,0.000723220752674936,0.000717088266571563,0.00074899920040421143,0.000717088266571563,0.000723220752674936,0.00066958680525062259]],[[0.00075236669716808051,0.0008091027125339056,0.00080262359379431822,0.00083639918977580806,0.00080262359379431822,0.0008091027125339056,0.00075236669716808051],[0.0008091027125339056,0.00086658954760582187,0.00086119081050455579,0.00089489486540974064,0.00086119081050455579,0.00086658954760582187,0.0008091027125339056],[0.00080262359379431822,0.00086119081050455579,0.0008780943574208278,0.00089502851118094661,0.0008780943574208278,0.00086119081050455579,0.00080262359379431822],[0.00083639918977580806,0.00089489486540974064,0.00089502851118094661,0.00092647077277361971,0.00089502851118094661,0.00089489486540974064,0.00083639918977580806],[0.00080262359379431822,0.00086119081050455579,0.0008780943574208278,0.00089502851118094661,0.0008780943574208278,0.00086119081050455579,0.00080262359379431822],[0.0008091027125339056,0.00086658954760582187,0.00086119081050455579,0.00089489486540974064,0.00086119081050455579,0.00086658954760582187,0.0008091027125339056],[0.00075236669716808051,0.0008091027125339056,0.00080262359379431822,0.00083639918977580806,0.00080262359379431822,0.0008091027125339056,0.00075236669716808051]],[[0.00083978515970800909,0.00089960392087622934,0.00089278031965340284,0.00092840894313798441,0.00089278031965340284,0.00089960392087622934,0.00083978515970800909],[0.00089960392087622934,0.000960092434062388,0.0009544189276117712,0.00098990002610068037,0.0009544189276117712,0.00096009243406238788,0.00089960392087622934],[0.00089278031965340284,0.0009544189276117712,0.00097220852923517653,0.00099003026524545281,0.00097220852923517653,0.0009544189276117712,0.00089278031965340284],[0.00092840894313798441,0.00098990002610068037,0.00099003026524545281,0.0010231107537970175,0.00099003026524545281,0.00098990002610068037,0.00092840894313798441],[0.00089278031965340284,0.0009544189276117712,0.00097220852923517653,0.00099003026524545281,0.00097220852923517653,0.0009544189276117712,0.00089278031965340284],[0.00089960392087622934,0.00096009243406238788,0.0009544189276117712,0.00098990002610068037,0.0009544189276117712,0.00096009243406238788,0.00089960392087622934],[0.00083978515970800909,0.00089960392087622934,0.00089278031965340284,0.00092840894313798441,0.00089278031965340284,0.00089960392087622934,0.00083978515970800909]],[[0.0009318134430821365,0.0009946959356430295,0.000987529968456957,0.0010250001716262008,0.000987529968456957,0.0009946959356430295,0.0009318134430821365],[0.0009946959356430295,0.0010581677291178705,0.0010522211297914364,0.0010894683627983464,0.0010522211297914364,0.0010581677291178705,0.0009946959356430295],[0.000987529968456957,0.0010522211297914364,0.0010708913519586018,0.0010895952267590959,0.0010708913519586018,0.0010522211297914364,0.000987529968456957],[0.0010250001716262008,0.0010894683627983464,0.0010895952267590959,0.0011243039050711258,0.0010895952267590959,0.0010894683627983464,0.0010250001716262008],[0.000987529968456957,0.0010522211297914364,0.0010708913519586018,0.0010895952267590959,0.0010708913519586018,0.0010522211297914364,0.000987529968456957],[0.0009946959356430295,0.0010581677291178705,0.0010522211297914364,0.0010894683627983464,0.0010522211297914364,0.0010581677291178705,0.0009946959356430295],[0.0009318134430821365,0.0009946959356430295,0.000987529968456957,0.0010250001716262008,0.000987529968456957,0.0009946959356430295,0.0009318134430821365]],[[0.0010284232434423267,0.0010943507399033701,0.0010868444919746162,0.001126145001291825,0.0010868444919746162,0.0010943507399033701,0.0010284232434423267],[0.0010943507399033701,0.0011607876829366178,0.0011545696435077734,0.0011935722618970192,0.0011545696435077734,0.0011607876829366178,0.0010943507399033701],[0.0010868444919746162,0.0011545696435077734,0.0011741151312588858,0.0011936957807217757,0.0011741151312588858,0.0011545696435077734,0.0010868444919746162],[0.001126145001291825,0.0011935722618970192,0.0011936957807217757,0.0012300227569969828,0.0011936957807217757,0.0011935722618970192,0.001126145001291825],[0.0010868444919746162,0.0011545696435077734,0.0011741151312588858,0.0011936957807217757,0.0011741151312588858,0.0011545696435077734,0.0010868444919746162],[0.0010943507399033701,0.0011607876829366178,0.0011545696435077734,0.0011935722618970192,0.0011545696435077734,0.0011607876829366178,0.0010943507399033701],[0.0010284232434423267,0.0010943507399033701,0.0010868444919746162,0.001126145001291825,0.0010868444919746162,0.0010943507399033701,0.0010284232434423267]],[[0.0011295866719040586,0.0011985407111812392,0.0011906962387208655,0.0012318159425812542,0.0011906962387208655,0.0011985407111812392,0.0011295866719040586],[0.0011985407111812392,0.0012679249202452632,0.0012614370716036221,0.0013021844743792527,0.0012614370716036221,0.0012679249202452632,0.0011985407111812392],[0.0011906962387208655,0.0012614370716036221,0.0012818525433075964,0.0013023046767522376,0.0012818525433075964,0.0012614370716036221,0.0011906962387208655],[0.0012318159425812542,0.0013021844743792527,0.0013023046767522376,0.0013402401937399563,0.0013023046767522376,0.0013021844743792527,0.0012318159425812542],[0.0011906962387208655,0.0012614370716036221,0.0012818525433075964,0.0013023046767522376,0.0012818525433075964,0.0012614370716036221,0.0011906962387208655],[0.0011985407111812392,0.0012679249202452632,0.0012614370716036221,0.0013021844743792527,0.0012614370716036221,0.0012679249202452632,0.0011985407111812392],[0.0011295866719040586,0.0011985407111812392,0.0011906962387208655,0.0012318159425812542,0.0011906962387208655,0.0011985407111812392,0.0011295866719040586]],[[0.0012352762239365865,0.0013072385910287247,0.001299057923506696,0.0013419858600104701,0.001299057923506696,0.0013072385910287247,0.0012352762239365865],[0.0013072385910287247,0.0013795524100025031,0.001372796362963962,0.0014152780855493069,0.001372796362963962,0.0013795524100025031,0.0013072385910287247],[0.001299057923506696,0.001372796362963962,0.0013940766044750284,0.0014153949988144365,0.0013940766044750284,0.001372796362963962,0.001299057923506696],[0.0013419858600104701,0.0014152780855493069,0.0014153949988144365,0.0014549294230075485,0.0014153949988144365,0.0014152780855493069,0.0013419858600104701],[0.001299057923506696,0.001372796362963962,0.0013940766044750284,0.0014153949988144365,0.0013940766044750284,0.001372796362963962,0.001299057923506696],[0.0013072385910287247,0.0013795524100025031,0.001372796362963962,0.0014152780855493069,0.001372796362963962,0.0013795524100025031,0.0013072385910287247],[0.0012352762239365865,0.0013072385910287247,0.001299057923506696,0.0013419858600104701,0.001299057923506696,0.0013072385910287247,0.0012352762239365865]],[[0.0013454647489298665,0.0014204174546440494,0.0014119025970545018,0.001456627941823694,0.0014119025970545018,0.0014204174546440494,0.0013454647489298665],[0.0014204174546440494,0.0014956434349772793,0.0014886207821019723,0.0015328264846090256,0.0014886207821019723,0.0014956434349772793,0.0014204174546440494],[0.0014119025970545018,0.0014886207821019723,0.0015107606409073679,0.0015329401347857186,0.0015107606409073679,0.0014886207821019723,0.0014119025970545018],[0.001456627941823694,0.0015328264846090256,0.0015329401347857186,0.00157406394559374,0.0015329401347857186,0.0015328264846090256,0.001456627941823694],[0.0014119025970545018,0.0014886207821019723,0.0015107606409073679,0.0015329401347857186,0.0015107606409073679,0.0014886207821019723,0.0014119025970545018],[0.0014204174546440494,0.0014956434349772793,0.0014886207821019723,0.0015328264846090256,0.0014886207821019723,0.0014956434349772793,0.0014204174546440494],[0.0013454647489298665,0.0014204174546440494,0.0014119025970545018,0.001456627941823694,0.0014119025970545018,0.0014204174546440494,0.0013454647489298665]],[[0.0014601254197318962,0.0015380506803161092,0.0015292036154577844,0.0015757156694108628,0.0015292036154577844,0.0015380506803161092,0.0014601254197318962],[0.0015380506803161092,0.0016161715610053891,0.0016088838784382028,0.0016548033338400507,0.0016088838784382028,0.0016161715610053891,0.0015380506803161092],[0.0015292036154577844,0.0016088838784382028,0.0016318782577533237,0.0016549137456307657,0.0016318782577533237,0.0016088838784382028,0.0015292036154577844],[0.0015757156694108628,0.0016548033338400507,0.0016549137456307657,0.0016976175244477199,0.0016549137456307657,0.0016548033338400507,0.0015757156694108628],[0.0015292036154577844,0.0016088838784382028,0.0016318782577533237,0.0016549137456307657,0.0016318782577533237,0.0016088838784382028,0.0015292036154577844],[0.0015380506803161092,0.0016161715610053891,0.0016088838784382028,0.0016548033338400507,0.0016088838784382028,0.0016161715610053891,0.0015380506803161092],[0.0014601254197318962,0.0015380506803161092,0.0015292036154577844,0.0015757156694108628,0.0015292036154577844,0.0015380506803161092,0.0014601254197318962]],[[0.0015792317019314693,0.0016601119184582527,0.0016509346092479689,0.001699222786239707,0.0016509346092479689,0.0016601119184582527,0.0015792317019314693],[0.0016601119184582527,0.0017411106056728564,0.001733559455021899,0.0017811825371335159,0.001733559455021899,0.0017411106056728564,0.0016601119184582527],[0.0016509346092479689,0.001733559455021899,0.0017574033077852834,0.0017812897339223254,0.0017574033077852834,0.001733559455021899,0.0016509346092479689],[0.001699222786239707,0.0017811825371335159,0.0017812897339223254,0.0018255641530004591,0.0017812897339223254,0.0017811825371335159,0.001699222786239707],[0.0016509346092479689,0.001733559455021899,0.0017574033077852834,0.0017812897339223254,0.0017574033077852834,0.001733559455021899,0.0016509346092479689],[0.0016601119184582527,0.0017411106056728564,0.001733559455021899,0.0017811825371335159,0.001733559455021899,0.0017411106056728564,0.0016601119184582527],[0.0015792317019314693,0.0016601119184582527,0.0016509346092479689,0.001699222786239707,0.0016509346092479689,0.0016601119184582527,0.0015792317019314693]],[[0.0017027573226401289,0.0017865750599690728,0.001777069451808653,0.001827123266033126,0.001777069451808653,0.0017865750599690728,0.0017027573226401289],[0.0017865750599690728,0.0018704346061474753,0.0018626215364177137,0.0019119382075807984,0.0018626215364177137,0.0018704346061474753,0.0017865750599690728],[0.001777069451808653,0.0018626215364177137,0.0018873098591333285,0.0019120422114221978,0.0018873098591333285,0.0018626215364177137,0.001777069451808653],[0.001827123266033126,0.0019119382075807984,0.0019120422114221978,0.0019578780224535118,0.0019120422114221978,0.0019119382075807984,0.001827123266033126],[0.001777069451808653,0.0018626215364177137,0.0018873098591333285,0.0019120422114221978,0.0018873098591333285,0.0018626215364177137,0.001777069451808653],[0.0017865750599690728,0.0018704346061474753,0.0018626215364177137,0.0019119382075807984,0.0018626215364177137,0.0018704346061474753,0.0017865750599690728],[0.0017027573226401289,0.0017865750599690728,0.001777069451808653,0.001827123266033126,0.001777069451808653,0.0017865750599690728,0.0017027573226401289]],[[0.0018306762385025418,0.0019174142036314072,0.0019075822268502412,0.0019593912798944258,0.001907582226850241,0.0019174142036314072,0.0018306762385025418],[0.0019174142036314072,0.0020041177858497847,0.0019960443354509051,0.0020470446338070264,0.0019960443354509051,0.0020041177858497847,0.0019174142036314072],[0.0019075822268502412,0.0019960443354509051,0.0020215721618194742,0.0020471454654040415,0.0020215721618194742,0.0019960443354509051,0.001907582226850241],[0.0019593912798944258,0.0020470446338070264,0.0020471454654040415,0.0020945334877007522,0.0020471454654040415,0.0020470446338070264,0.0019593912798944258],[0.001907582226850241,0.0019960443354509051,0.0020215721618194742,0.0020471454654040415,0.0020215721618194742,0.0019960443354509051,0.001907582226850241],[0.0019174142036314072,0.0020041177858497847,0.0019960443354509051,0.0020470446338070264,0.0019960443354509051,0.0020041177858497847,0.0019174142036314072],[0.0018306762385025418,0.0019174142036314072,0.001907582226850241,0.0019593912798944258,0.001907582226850241,0.0019174142036314072,0.0018306762385025418]],[[0.0019629626026340303,0.0020526036222269822,0.0020424471946242336,0.0020960011620469597,0.0020424471946242336,0.0020526036222269822,0.0019629626026340303],[0.0020526036222269822,0.0021421345196172372,0.0021338022184667514,0.0021864762446894941,0.0021338022184667514,0.0021421345196172372,0.0020526036222269822],[0.0020424471946242336,0.0021338022184667514,0.0021601646127409517,0.0021865739233599582,0.0021601646127409517,0.0021338022184667514,0.0020424471946242336],[0.0020960011620469597,0.0021864762446894941,0.0021865739233599582,0.0022355050315121146,0.0021865739233599582,0.0021864762446894941,0.0020960011620469597],[0.0020424471946242336,0.0021338022184667514,0.0021601646127409517,0.0021865739233599582,0.0021601646127409517,0.0021338022184667514,0.0020424471946242336],[0.0020526036222269822,0.0021421345196172372,0.0021338022184667514,0.0021864762446894941,0.0021338022184667514,0.0021421345196172372,0.0020526036222269822],[0.0019629626026340303,0.0020526036222269822,0.0020424471946242336,0.0020960011620469597,0.0020424471946242336,0.0020526036222269822,0.0019629626026340303]],[[0.0020995907301492103,0.0021921177270049458,0.002181638756519081,0.0022369273738151391,0.002181638756519081,0.0021921177270049458,0.0020995907301492103],[0.0021921177270049458,0.0022844592969724193,0.002275869668718017,0.0023302075720589128,0.002275869668718017,0.0022844592969724193,0.0021921177270049458],[0.002181638756519081,0.002275869668718017,0.002303061718708351,0.0023303021156885935,0.002303061718708351,0.002275869668718017,0.002181638756519081],[0.0022369273738151391,0.0023302075720589128,0.0023303021156885935,0.0023807672265619678,0.0023303021156885935,0.0023302075720589128,0.0022369273738151391],[0.002181638756519081,0.002275869668718017,0.002303061718708351,0.0023303021156885935,0.002303061718708351,0.002275869668718017,0.002181638756519081],[0.0021921177270049458,0.0022844592969724193,0.002275869668718017,0.0023302075720589128,0.002275869668718017,0.0022844592969724193,0.0021921177270049458],[0.0020995907301492103,0.0021921177270049458,0.002181638756519081,0.0022369273738151391,0.002181638756519081,0.0021921177270049458,0.0020995907301492103]],[[0.0022405350619040007,0.0023359310300960531,0.0023251314176327828,0.0023821444654247483,0.0023251314176327828,0.0023359310300960531,0.0022405350619040007],[0.0023359310300960531,0.0024310666830546354,0.0024222212474428943,0.0024782132109272808,0.0024222212474428943,0.0024310666830546354,0.0023359310300960531],[0.0023251314176327828,0.0024222212474428943,0.0024502380570915741,0.0024783046359082087,0.0024502380570915741,0.0024222212474428943,0.0023251314176327828],[0.0023821444654247483,0.0024782132109272808,0.0024783046359082087,0.002530294694827771,0.0024783046359082087,0.0024782132109272808,0.0023821444654247483],[0.0023251314176327828,0.0024222212474428943,0.0024502380570915741,0.0024783046359082087,0.0024502380570915741,0.0024222212474428943,0.0023251314176327828],[0.0023359310300960531,0.0024310666830546354,0.0024222212474428943,0.0024782132109272808,0.0024222212474428943,0.0024310666830546354,0.0023359310300960531],[0.0022405350619040007,0.0023359310300960531,0.0023251314176327828,0.0023821444654247483,0.0023251314176327828,0.0023359310300960531,0.0022405350619040007]],[[0.0023857701260238426,0.0024840181044115954,0.0024728997468653961,0.0025316270351447359,0.0024728997468653961,0.0024840181044115954,0.0023857701260238426],[0.0024840181044115954,0.002581931276715957,0.0025728315521381774,0.0026304677767250758,0.0025728315521381774,0.002581931276715957,0.0024840181044115954],[0.0024728997468653961,0.0025728315521381774,0.0026016682335672347,0.0026305560978772597,0.0026016682335672347,0.0025728315521381774,0.0024728997468653961],[0.0025316270351447359,0.0026304677767250758,0.0026305560978772597,0.0026840620638206745,0.0026305560978772597,0.0026304677767250758,0.0025316270351447359],[0.0024728997468653961,0.0025728315521381774,0.0026016682335672347,0.0026305560978772597,0.0026016682335672347,0.0025728315521381774,0.0024728997468653961],[0.0024840181044115954,0.002581931276715957,0.0025728315521381774,0.0026304677767250758,0.0025728315521381774,0.002581931276715957,0.0024840181044115954],[0.0023857701260238426,0.0024840181044115954,0.0024728997468653961,0.0025316270351447359,0.0024728997468653961,0.0024840181044115954,0.0023857701260238426]],[[0.0025352704967366298,0.0026363535405034525,0.0026249183340119708,0.0026853496852266763,0.0026249183340119708,0.0026363535405034525,0.0025352704967366298],[0.0026363535405034525,0.0027370276652132642,0.0027276751714632131,0.00278694585895754,0.0027276751714632131,0.0027370276652132642,0.0026363535405034525],[0.0026249183340119708,0.0027276751714632131,0.0027573268363899985,0.0027870310894318683,0.0027573268363899985,0.0027276751714632131,0.0026249183340119708],[0.0026853496852266763,0.00278694585895754,0.0027870310894318683,0.0028420439190331242,0.0027870310894318683,0.00278694585895754,0.0026853496852266763],[0.0026249183340119708,0.0027276751714632131,0.0027573268363899985,0.0027870310894318683,0.0027573268363899985,0.0027276751714632131,0.0026249183340119708],[0.0026363535405034525,0.0027370276652132642,0.0027276751714632131,0.00278694585895754,0.0027276751714632131,0.0027370276652132642,0.0026363535405034525],[0.0025352704967366298,0.0026363535405034525,0.0026249183340119708,0.0026853496852266763,0.0026249183340119708,0.0026363535405034525,0.0025352704967366298]],[[0.002689010749957867,0.0027929118997834161,0.0027811617432613755,0.0028432869740198288,0.0027811617432613755,0.0027929118997834161,0.002689010749957867],[0.0027929118997834161,0.002896330374843231,0.0028867266361273366,0.0029476219706030212,0.0028867266361273366,0.002896330374843231,0.0027929118997834161],[0.0027811617432613755,0.0028867266361273366,0.0029171883865255132,0.0029477041217627264,0.0029171883865255132,0.0028867266361273366,0.0027811617432613755],[0.0028432869740198288,0.0029476219706030212,0.0029477041217627264,0.0030042147518974257,0.0029477041217627264,0.0029476219706030212,0.0028432869740198288],[0.0027811617432613755,0.0028867266361273366,0.0029171883865255132,0.0029477041217627264,0.0029171883865255132,0.0028867266361273366,0.0027811617432613755],[0.0027929118997834161,0.002896330374843231,0.0028867266361273366,0.0029476219706030212,0.0028867266361273366,0.002896330374843231,0.0027929118997834161],[0.002689010749957867,0.0027929118997834161,0.0027811617432613755,0.0028432869740198288,0.0027811617432613755,0.0027929118997834161,0.002689010749957867]],[[0.0028469654150002342,0.002953667663420726,0.0029416044624239503,0.0030054133635507591,0.0029416044624239503,0.002953667663420726,0.0028469654150002342],[0.002953667663420726,0.0030598138167773729,0.0030499603650227425,0.0031124704924798316,0.0030499603650227425,0.0030598138167773729,0.002953667663420726],[0.0029416044624239503,0.0030499603650227425,0.0030812272828889616,0.0031125495737575871,0.0030812272828889616,0.0030499603650227425,0.0029416044624239503],[0.0030054133635507591,0.0031124704924798316,0.0031125495737575871,0.0031705489024481731,0.0031125495737575871,0.0031124704924798316,0.0030054133635507591],[0.0029416044624239503,0.0030499603650227425,0.0030812272828889616,0.0031125495737575871,0.0030812272828889616,0.0030499603650227425,0.0029416044624239503],[0.002953667663420726,0.0030598138167773729,0.0030499603650227425,0.0031124704924798316,0.0030499603650227425,0.0030598138167773729,0.002953667663420726],[0.0028469654150002342,0.002953667663420726,0.0029416044624239503,0.0030054133635507591,0.0029416044624239503,0.002953667663420726,0.0028469654150002342]],[[0.0030091089216872269,0.0031185951761293035,0.0031062208471104272,0.0031717031617522129,0.0031062208471104272,0.0031185951761293035,0.0030091089216872269],[0.0031185951761293035,0.0032274522272391823,0.003217350605752926,0.0032814656116912757,0.003217350605752926,0.0032274522272391823,0.0031185951761293035],[0.0031062208471104272,0.003217350605752926,0.0032494177418188525,0.0032815416304182994,0.0032494177418188525,0.003217350605752926,0.0031062208471104272],[0.0031717031617522129,0.0032814656116912757,0.0032815416304182994,0.0033410204957586686,0.0032815416304182994,0.0032814656116912757,0.0031717031617522129],[0.0031062208471104272,0.003217350605752926,0.0032494177418188525,0.0032815416304182994,0.0032494177418188525,0.003217350605752926,0.0031062208471104272],[0.0031185951761293035,0.0032274522272391823,0.003217350605752926,0.0032814656116912757,0.003217350605752926,0.0032274522272391823,0.0031185951761293035],[0.0030091089216872269,0.0031185951761293035,0.0031062208471104272,0.0031717031617522129,0.0031062208471104272,0.0031185951761293035,0.0030091089216872269]],[[0.0031754155420458466,0.0032876685839434133,0.0032749850589669977,0.0033421304583998875,0.0032749850589669977,0.0032876685839434133,0.0031754155420458466],[0.003287668583943413