{"M_cells":[[[0.0045,0.0045,0.0045,0.0045,0.0045,0.0045,0.0045],[0.0045,0.0045,0.0045,0.0045,0.0045,0.0045,0.0045],[0.0045,0.0045,0.0045,0.0045,0.0045,0.0045,0.0045],[0.0045,0.0045,0.0045,0.0045,0.0045,0.0045,0.0045],[0.0045,0.0045,0.0045,0.0045,0.0045,0.0045,0.0045],[0.0045,0.0045,0.0045,0.0045,0.0045,0.0045,0.0045],[0.0045,0.0045,0.0045,0.0045,0.0045,0.0045,0.0045]],[[0.0045005523559291825,0.0045031654528938994,0.0045028169800836685,0.0045041189367129482,0.0045028169800836685,0.0045031654528938994,0.0045005523559291825],[0.0045031654528938994,0.00451330420566101,0.0045121666597023914,0.00451717425359914,0.0045121666597023914,0.00451330420566101,0.0045031654528938994],[0.0045028169800836685,0.0045121666597023914,0.0045149254039730732,0.0045176986824945805,0.0045149254039730732,0.0045121666597023914,0.0045028169800836685],[0.0045041189367129482,0.00451717425359914,0.0045176986824945805,0.0045233328173906332,0.0045176986824945805,0.00451717425359914,0.0045041189367129482],[0.0045028169800836685,0.0045121666597023914,0.0045149254039730732,0.0045176986824945805,0.0045149254039730732,0.0045121666597023914,0.0045028169800836685],[0.0045031654528938994,0.00451330420566101,0.0045121666597023914,0.00451717425359914,0.0045121666597023914,0.00451330420566101,0.0045031654528938994],[0.0045005523559291825,0.0045031654528938994,0.0045028169800836685,0.0045041189367129482,0.0045028169800836685,0.0045031654528938994,0.0045005523559291825]],[[0.0045037711356779916,0.0045122289463512162,0.0045111143746817857,0.0045154646706396439,0.0045111143746817857,0.0045122289463512162,0.0045037711356779916],[0.0045122289463512162,0.0045314508370088366,0.0045293217027480241,0.0045392046250136283,0.0045293217027480241,0.0045314508370088366,0.0045122289463512162],[0.0045111143746817857,0.0045293217027480241,0.0045346590894169252,0.0045400147624398077,0.0045346590894169252,0.0045293217027480241,0.0045111143746817857],[0.0045154646706396439,0.0045392046250136283,0.0045400147624398077,0.004550686613789298,0.0045400147624398077,0.0045392046250136283,0.0045154646706396439],[0.0045111143746817857,0.0045293217027480241,0.0045346590894169252,0.0045400147624398077,0.0045346590894169252,0.0045293217027480241,0.0045111143746817857],[0.0045122289463512162,0.0045314508370088366,0.0045293217027480241,0.0045392046250136283,0.0045293217027480241,0.0045314508370088366,0.0045122289463512162],[0.0045037711356779916,0.0045122289463512162,0.0045111143746817857,0.0045154646706396439,0.0045111143746817857,0.0045122289463512162,0.0045037711356779916]],[[0.00451095841023574,0.0045265741041489761,0.0045245353899235263,0.0045327851292548916,0.0045245353899235263,0.0045265741041489761,0.00451095841023574],[0.0045265741041489761,0.0045539420094181321,0.0045509518635837029,0.0045654460470361761,0.0045509518635837029,0.0045539420094181321,0.0045265741041489761],[0.0045245353899235263,0.0045509518635837029,0.0045586577675950984,0.0045663853228312869,0.0045586577675950984,0.0045509518635837029,0.0045245353899235263],[0.0045327851292548916,0.0045654460470361761,0.0045663853228312869,0.004581561019451199,0.0045663853228312869,0.0045654460470361761,0.0045327851292548916],[0.0045245353899235263,0.0045509518635837029,0.0045586577675950984,0.0045663853228312869,0.0045586577675950984,0.0045509518635837029,0.0045245353899235263],[0.0045265741041489761,0.0045539420094181321,0.0045509518635837029,0.0045654460470361761,0.0045509518635837029,0.0045539420094181321,0.0045265741041489761],[0.00451095841023574,0.0045265741041489761,0.0045245353899235263,0.0045327851292548916,0.0045245353899235263,0.0045265741041489761,0.00451095841023574]],[[0.0045225702808774134,0.00454566166364666,0.0045426770654126468,0.0045551486868392324,0.0045426770654126468,0.00454566166364666,0.0045225702808774134],[0.00454566166364666,0.0045803538391884432,0.004576619325132732,0.00459540346649829,0.004576619325132732,0.0045803538391884432,0.00454566166364666],[0.0045426770654126468,0.004576619325132732,0.0045864867567588091,0.0045963788662661429,0.0045864867567588091,0.004576619325132732,0.0045426770654126468],[0.0045551486868392324,0.00459540346649829,0.0045963788662661429,0.0046155891885441332,0.0045963788662661429,0.00459540346649829,0.0045551486868392324],[0.0045426770654126468,0.004576619325132732,0.0045864867567588091,0.0045963788662661429,0.0045864867567588091,0.004576619325132732,0.0045426770654126468],[0.00454566166364666,0.0045803538391884432,0.004576619325132732,0.00459540346649829,0.004576619325132732,0.0045803538391884432,0.00454566166364666],[0.0045225702808774134,0.00454566166364666,0.0045426770654126468,0.0045551486868392324,0.0045426770654126468,0.00454566166364666,0.0045225702808774134]],[[0.0045386304082111811,0.0045690180415019271,0.0045651324224135958,0.00458184448373108,0.0045651324224135958,0.0045690180415019271,0.0045386304082111811],[0.0045690180415019271,0.0046103119170921606,0.0046059332634064845,0.0046286695816677211,0.0046059332634064845,0.0046103119170921606,0.0045690180415019271],[0.0045651324224135958,0.0046059332634064845,0.0046177667096442181,0.0046296275654502993,0.0046177667096442181,0.0046059332634064845,0.0045651324224135958],[0.00458184448373108,0.0046286695816677211,0.0046296275654502993,0.0046524610864742931,0.0046296275654502993,0.0046286695816677211,0.00458184448373108],[0.0045651324224135958,0.0046059332634064845,0.0046177667096442181,0.0046296275654502993,0.0046177667096442181,0.0046059332634064845,0.0045651324224135958],[0.0045690180415019271,0.0046103119170921606,0.0046059332634064845,0.0046286695816677211,0.0046059332634064845,0.0046103119170921606,0.0045690180415019271],[0.0045386304082111811,0.0045690180415019271,0.0045651324224135958,0.00458184448373108,0.0045651324224135958,0.0045690180415019271,0.0045386304082111811]],[[0.0045589525063923055,0.0045962265622147471,0.0045915129525934449,0.0046123170604245711,0.0045915129525934449,0.0045962265622147471,0.0045589525063923055],[0.0045962265622147471,0.0046434859951697939,0.0046385474543128415,0.0046649048021700492,0.0046385474543128415,0.0046434859951697939,0.0045962265622147471],[0.0045915129525934449,0.0046385474543128415,0.0046521668798008781,0.0046658161894086551,0.0046521668798008781,0.0046385474543128415,0.0045915129525934449],[0.0046123170604245711,0.0046649048021700492,0.0046658161894086551,0.0046919126841600727,0.0046658161894086551,0.0046649048021700492,0.0046123170604245711],[0.0045915129525934449,0.0046385474543128415,0.0046521668798008781,0.0046658161894086551,0.0046521668798008781,0.0046385474543128415,0.0045915129525934449],[0.0045962265622147471,0.0046434859951697939,0.0046385474543128415,0.0046649048021700492,0.0046385474543128415,0.0046434859951697939,0.0045962265622147471],[0.0045589525063923055,0.0045962265622147471,0.0045915129525934449,0.0046123170604245711,0.0045915129525934449,0.0045962265622147471,0.0045589525063923055]],[[0.0045832589347002024,0.004626920358225619,0.0046214595351731181,0.0046461229335658079,0.0046214595351731181,0.004626920358225619,0.0045832589347002024],[0.004626920358225619,0.0046795850933896432,0.0046741566437309822,0.0047038228586039239,0.0046741566437309822,0.0046795850933896432,0.004626920358225619],[0.0046214595351731181,0.0046741566437309822,0.0046893989278757077,0.0047046733464922259,0.0046893989278757077,0.0046741566437309822,0.0046214595351731181],[0.0046461229335658079,0.0047038228586039239,0.0047046733464922259,0.004733717671897791,0.0047046733464922259,0.0047038228586039239,0.0046461229335658079],[0.0046214595351731181,0.0046741566437309822,0.0046893989278757077,0.0047046733464922259,0.0046893989278757077,0.0046741566437309822,0.0046214595351731181],[0.004626920358225619,0.0046795850933896432,0.0046741566437309822,0.0047038228586039239,0.0046741566437309822,0.0046795850933896432,0.004626920358225619],[0.0045832589347002024,0.004626920358225619,0.0046214595351731181,0.0046461229335658079,0.0046214595351731181,0.004626920358225619,0.0045832589347002024]],[[0.00461124286899597,0.0046607763808393463,0.0046546466586696181,0.0046829012867493081,0.0046546466586696181,0.0046607763808393463,0.00461124286899597],[0.0046607763808393463,0.0047183530310455869,0.0047124924728916863,0.00474518024711046,0.0047124924728916863,0.0047183530310455869,0.0046607763808393463],[0.0046546466586696181,0.0047124924728916863,0.0047292113781712683,0.0047459644726710231,0.0047292113781712683,0.0047124924728916863,0.0046546466586696181],[0.0046829012867493081,0.00474518024711046,0.0047459644726710231,0.0047776810104234336,0.0047459644726710231,0.00474518024711046,0.0046829012867493081],[0.0046546466586696181,0.0047124924728916863,0.0047292113781712683,0.0047459644726710231,0.0047292113781712683,0.0047124924728916863,0.0046546466586696181],[0.0046607763808393463,0.0047183530310455869,0.0047124924728916863,0.00474518024711046,0.0047124924728916863,0.0047183530310455869,0.0046607763808393463],[0.00461124286899597,0.0046607763808393463,0.0046546466586696181,0.0046829012867493081,0.0046546466586696181,0.0046607763808393463,0.00461124286899597]],[[0.0046425999270713328,0.0046975102128063361,0.0046907828861002679,0.004722353825253111,0.0046907828861002679,0.0046975102128063361,0.0046425999270713328],[0.0046975102128063361,0.0047595643789367561,0.0047533193968495226,0.0047887683182131508,0.0047533193968495226,0.0047595643789367561,0.0046975102128063361],[0.0046907828861002679,0.0047533193968495226,0.0047713847376299684,0.0047894861515708487,0.0047713847376299684,0.0047533193968495226,0.0046907828861002679],[0.004722353825253111,0.0047887683182131508,0.0047894861515708487,0.0048236338372902457,0.0047894861515708487,0.0047887683182131508,0.004722353825253111],[0.0046907828861002679,0.0047533193968495226,0.0047713847376299684,0.0047894861515708487,0.0047713847376299684,0.0047533193968495226,0.0046907828861002679],[0.0046975102128063361,0.0047595643789367561,0.0047533193968495226,0.0047887683182131508,0.0047533193968495226,0.0047595643789367561,0.0046975102128063361],[0.0046425999270713328,0.0046975102128063361,0.0046907828861002679,0.004722353825253111,0.0046907828861002679,0.0046975102128063361,0.0046425999270713328]],[[0.0046770433447300662,0.0047368715073377752,0.004729609317516972,0.004764230645048103,0.004729609317516972,0.0047368715073377752,0.0046770433447300662],[0.0047368715073377752,0.0048030208170008418,0.0047964308221956917,0.00483440721844734,0.0047964308221956917,0.0048030208170008418,0.0047368715073377752],[0.004729609317516972,0.0047964308221956917,0.0048157272379106579,0.0048350614614079985,0.0048157272379106579,0.0047964308221956917,0.004729609317516972],[0.004764230645048103,0.00483440721844734,0.0048350614614079985,0.0048714293828742688,0.0048350614614079985,0.00483440721844734,0.004764230645048103],[0.004729609317516972,0.0047964308221956917,0.0048157272379106579,0.0048350614614079985,0.0048157272379106579,0.0047964308221956917,0.004729609317516972],[0.0047368715073377752,0.0048030208170008418,0.0047964308221956917,0.00483440721844734,0.0047964308221956917,0.0048030208170008418,0.0047368715073377752],[0.0046770433447300662,0.0047368715073377752,0.004729609317516972,0.004764230645048103,0.004729609317516972,0.0047368715073377752,0.0046770433447300662]],[[0.004714310378800074,0.0047786399468274805,0.0047708970806145962,0.004808320097154953,0.0047708970806145962,0.0047786399468274805,0.004714310378800074],[0.0047786399468274805,0.004848547869334717,0.0048416455631444151,0.0048819411471428984,0.0048416455631444151,0.004848547869334717,0.0047786399468274805],[0.0047708970806145962,0.0048416455631444151,0.0048620711339064319,0.0048825361163688415,0.0048620711339064319,0.0048416455631444151,0.0047708970806145962],[0.004808320097154953,0.0048819411471428984,0.0048825361163688415,0.0049209396392510679,0.0048825361163688415,0.0048819411471428984,0.004808320097154953],[0.0047708970806145962,0.0048416455631444151,0.0048620711339064319,0.0048825361163688415,0.0048620711339064319,0.0048416455631444151,0.0047708970806145962],[0.0047786399468274805,0.004848547869334717,0.0048416455631444151,0.0048819411471428984,0.0048416455631444151,0.004848547869334717,0.0047786399468274805],[0.004714310378800074,0.0047786399468274805,0.0047708970806145962,0.004808320097154953,0.0047708970806145962,0.0047786399468274805,0.004714310378800074]],[[0.0047541641104507466,0.0048226216454394007,0.0048144444384360828,0.0048544413376278728,0.0048144444384360828,0.0048226216454394007,0.0047541641104507466],[0.0048226216454394007,0.0048959919697416738,0.0048888046329639123,0.00493123454359535,0.0048888046329639123,0.0048959919697416738,0.0048226216454394007],[0.0048144444384360828,0.0048888046329639123,0.0049102694705240053,0.0049317752090824668,0.0049102694705240053,0.0048888046329639123,0.0048144444384360828],[0.0048544413376278728,0.00493123454359535,0.0049317752090824668,0.0049720525711463908,0.0049317752090824668,0.00493123454359535,0.0048544413376278728],[0.0048144444384360828,0.0048888046329639123,0.0049102694705240053,0.0049317752090824668,0.0049102694705240053,0.0048888046329639123,0.0048144444384360828],[0.0048226216454394007,0.0048959919697416738,0.0048888046329639123,0.00493123454359535,0.0048888046329639123,0.0048959919697416738,0.0048226216454394007],[0.0047541641104507466,0.0048226216454394007,0.0048144444384360828,0.0048544413376278728,0.0048144444384360828,0.0048226216454394007,0.0047541641104507466]],[[0.0047963929069149642,0.0048686459232437137,0.0048600738269883358,0.0049024386893381459,0.0048600738269883358,0.0048686459232437137,0.0047963929069149642],[0.0048686459232437137,0.0049452177672408854,0.0049377683118175981,0.0049821688804889425,0.0049377683118175981,0.0049452177672408854,0.0048686459232437137],[0.0048600738269883358,0.0049377683118175981,0.0049601931858032139,0.00498266034921711,0.0049601931858032139,0.0049377683118175981,0.0048600738269883358],[0.0049024386893381459,0.0049821688804889425,0.00498266034921711,0.0050246696390529059,0.00498266034921711,0.0049821688804889425,0.0049024386893381459],[0.0048600738269883358,0.0049377683118175981,0.0049601931858032139,0.00498266034921711,0.0049601931858032139,0.0049377683118175981,0.0048600738269883358],[0.0048686459232437137,0.0049452177672408854,0.0049377683118175981,0.0049821688804889425,0.0049377683118175981,0.0049452177672408854,0.0048686459232437137],[0.0047963929069149642,0.0048686459232437137,0.0048600738269883358,0.0049024386893381459,0.0048600738269883358,0.0048686459232437137,0.0047963929069149642]],[[0.0048408087413578816,0.0049165623427007811,0.0049076289370446535,0.00495217717384805,0.0049076289370446535,0.0049165623427007811,0.0048408087413578816],[0.0049165623427007811,0.0049961054438921416,0.0049884132866282946,0.0050346396423985142,0.0049884132866282946,0.0049961054438921416,0.0049165623427007811],[0.0049076289370446535,0.0049884132866282946,0.0050117282728941353,0.0050350868474068576,0.0050117282728941353,0.0049884132866282946,0.0049076289370446535],[0.00495217717384805,0.0050346396423985142,0.0050350868474068576,0.0050787032129173655,0.0050350868474068576,0.0050346396423985142,0.00495217717384805],[0.0049076289370446535,0.0049884132866282946,0.0050117282728941353,0.0050350868474068576,0.0050117282728941353,0.0049884132866282946,0.0049076289370446535],[0.0049165623427007811,0.0049961054438921416,0.0049884132866282946,0.0050346396423985142,0.0049884132866282946,0.0049961054438921416,0.0049165623427007811],[0.0048408087413578816,0.0049165623427007811,0.0049076289370446535,0.00495217717384805,0.0049076289370446535,0.0049165623427007811,0.0048408087413578816]],[[0.0048872449493450017,0.0049662377437500946,0.0049569717172842816,0.0050035385572719361,0.0049569717172842816,0.0049662377437500946,0.0048872449493450017],[0.0049662377437500946,0.0050485473251602039,0.0050406291946566316,0.00508855249578089,0.0050406291946566316,0.0050485473251602039,0.0049662377437500946],[0.0049569717172842816,0.0050406291946566316,0.0050647721836724526,0.00508895997756356,0.0050647721836724526,0.0050406291946566316,0.0049569717172842816],[0.0050035385572719361,0.00508855249578089,0.00508895997756356,0.0051340726559355628,0.00508895997756356,0.00508855249578089,0.0050035385572719361],[0.0049569717172842816,0.0050406291946566316,0.0050647721836724526,0.00508895997756356,0.0050647721836724526,0.0050406291946566316,0.0049569717172842816],[0.0049662377437500946,0.0050485473251602039,0.0050406291946566316,0.00508855249578089,0.0050406291946566316,0.0050485473251602039,0.0049662377437500946],[0.0048872449493450017,0.0049662377437500946,0.0049569717172842816,0.0050035385572719361,0.0049569717172842816,0.0049662377437500946,0.0048872449493450017]],[[0.0049355535039091866,0.00501755242959594,0.0050079785889725259,0.0050564166342716406,0.0050079785889725259,0.00501755242959594,0.0049355535039091866],[0.00501755242959594,0.0051024412248788205,0.0050943122005521861,0.0051438153635694856,0.0050943122005521861,0.0051024412248788205,0.00501755242959594],[0.0050079785889725259,0.0050943122005521861,0.0051192266218136363,0.0051441869804479583,0.0051192266218136363,0.0050943122005521861,0.0050079785889725259],[0.0050564166342716406,0.0051438153635694856,0.0051441869804479583,0.0051906947933639718,0.0051441869804479583,0.0051438153635694856,0.0050564166342716406],[0.0050079785889725259,0.0050943122005521861,0.0051192266218136363,0.0051441869804479583,0.0051192266218136363,0.0050943122005521861,0.0050079785889725259],[0.00501755242959594,0.0051024412248788205,0.0050943122005521861,0.0051438153635694856,0.0050943122005521861,0.0051024412248788205,0.00501755242959594],[0.0049355535039091866,0.00501755242959594,0.0050079785889725259,0.0050564166342716406,0.0050079785889725259,0.00501755242959594,0.0049355535039091866]],[[0.0049856010541025324,0.0050703926314651622,0.0050605332858112756,0.005110708006153728,0.0050605332858112756,0.0050703926314651622,0.0049856010541025324],[0.0050703926314651622,0.0051576723414510986,0.00514934800973955,0.0052003160859643328,0.00514934800973955,0.0051576723414510986,0.0050703926314651622],[0.0050605332858112756,0.00514934800973955,0.0051749776589188282,0.0052006542657921364,0.0051749776589188282,0.00514934800973955,0.0050605332858112756],[0.005110708006153728,0.0052003160859643328,0.0052006542657921364,0.0052484552766254864,0.0052006542657921364,0.0052003160859643328,0.005110708006153728],[0.0050605332858112756,0.00514934800973955,0.0051749776589188282,0.0052006542657921364,0.0051749776589188282,0.00514934800973955,0.0050605332858112756],[0.0050703926314651622,0.0051576723414510986,0.00514934800973955,0.0052003160859643328,0.00514934800973955,0.0051576723414510986,0.0050703926314651622],[0.0049856010541025324,0.0050703926314651622,0.0050605332858112756,0.005110708006153728,0.0050605332858112756,0.0050703926314651622,0.0049856010541025324]],[[0.0050372610933592452,0.0051246328884374717,0.0051145104400490875,0.0051662904468783152,0.0051145104400490875,0.0051246328884374717,0.0050372610933592452],[0.0051246328884374717,0.0052140752825976348,0.0052055760812223795,0.0052578760548513308,0.0052055760812223795,0.0052140752825976348,0.0051246328884374717],[0.0051145104400490875,0.0052055760812223795,0.0052318542613489271,0.0052581802438998624,0.0052318542613489271,0.0052055760812223795,0.0051145104400490875],[0.0051662904468783152,0.0052578760548513308,0.0052581802438998624,0.005307150143099809,0.0052581802438998624,0.0052578760548513308,0.0051662904468783152],[0.0051145104400490875,0.0052055760812223795,0.0052318542613489271,0.0052581802438998624,0.0052318542613489271,0.0052055760812223795,0.0051145104400490875],[0.0051246328884374717,0.0052140752825976348,0.0052055760812223795,0.0052578760548513308,0.0052055760812223795,0.0052140752825976348,0.0051246328884374717],[0.0050372610933592452,0.0051246328884374717,0.0051145104400490875,0.0051662904468783152,0.0051145104400490875,0.0051246328884374717,0.0050372610933592452]],[[0.0050903995484457313,0.0051801129873106817,0.0051697535528804689,0.0052229958909275672,0.0051697535528804689,0.0051801129873106817,0.0050903995484457313],[0.0051801129873106817,0.005271425298464149,0.0052627790875120354,0.0053162453412499127,0.0052627790875120354,0.005271425298464149,0.0051801129873106817],[0.0051697535528804689,0.0052627790875120354,0.0052896212397579717,0.00531651183619593,0.0052896212397579717,0.0052627790875120354,0.0051697535528804689],[0.0052229958909275672,0.0053162453412499127,0.00531651183619593,0.0053664903326923665,0.00531651183619593,0.0053162453412499127,0.0052229958909275672],[0.0051697535528804689,0.0052627790875120354,0.0052896212397579717,0.00531651183619593,0.0052896212397579717,0.0052627790875120354,0.0051697535528804689],[0.0051801129873106817,0.005271425298464149,0.0052627790875120354,0.0053162453412499127,0.0052627790875120354,0.005271425298464149,0.0051801129873106817],[0.0050903995484457313,0.0051801129873106817,0.0051697535528804689,0.0052229958909275672,0.0051697535528804689,0.0051801129873106817,0.0050903995484457313]],[[0.0051448620057920648,0.0052366417501586949,0.0052260764730800349,0.0052806195161810444,0.0052260764730800349,0.0052366417501586949,0.0051448620057920648],[0.0052366417501586949,0.0053295025950512191,0.0053207403963427078,0.0053751900396748009,0.0053207403963427078,0.0053295025950512191,0.0052366417501586949],[0.0052260764730800349,0.0053207403963427078,0.0053480532857423674,0.0053754150932284282,0.0053480532857423674,0.0053207403963427078,0.0052260764730800349],[0.0052806195161810444,0.0053751900396748009,0.0053754150932284282,0.00542622598610461,0.0053754150932284282,0.0053751900396748009,0.0052806195161810444],[0.0052260764730800349,0.0053207403963427078,0.0053480532857423674,0.0053754150932284282,0.0053480532857423674,0.0053207403963427078,0.0052260764730800349],[0.0052366417501586949,0.0053295025950512191,0.0053207403963427078,0.0053751900396748009,0.0053207403963427078,0.0053295025950512191,0.0052366417501586949],[0.0051448620057920648,0.0052366417501586949,0.0052260764730800349,0.0052806195161810444,0.0052260764730800349,0.0052366417501586949,0.0051448620057920648]],[[0.0052004757059722151,0.0052940249413327891,0.0052832878378039714,0.0053389575847658487,0.0052832878378039714,0.0052940249413327891,0.0052004757059722151],[0.0052940249413327891,0.0053881276318959526,0.0053792786482367511,0.0054345330862010221,0.0053792786482367511,0.0053881276318959526,0.0052940249413327891],[0.0052832878378039714,0.0053792786482367511,0.0054069722980496357,0.00543471520849333,0.0054069722980496357,0.0053792786482367511,0.0052832878378039714],[0.0053389575847658487,0.0054345330862010221,0.00543471520849333,0.0054861905415106143,0.00543471520849333,0.0054345330862010221,0.0053389575847658487],[0.0052832878378039714,0.0053792786482367511,0.0054069722980496357,0.00543471520849333,0.0054069722980496357,0.0053792786482367511,0.0052832878378039714],[0.0052940249413327891,0.0053881276318959526,0.0053792786482367511,0.0054345330862010221,0.0053792786482367511,0.0053881276318959526,0.0052940249413327891],[0.0052004757059722151,0.0052940249413327891,0.0052832878378039714,0.0053389575847658487,0.0052832878378039714,0.0052940249413327891,0.0052004757059722151]],[[0.00525706163564925,0.0053520836773836193,0.00534120867871685,0.0053978294495640317,0.00534120867871685,0.0053520836773836193,0.00525706163564925],[0.0053520836773836193,0.0054471529071235441,0.0054382426400644652,0.0054941376147425317,0.0054382426400644652,0.0054471529071235441,0.0053520836773836193],[0.00534120867871685,0.0054382426400644652,0.0054662353791006648,0.0054942776124430413,0.0054662353791006648,0.0054382426400644652,0.00534120867871685],[0.0053978294495640317,0.0054941376147425317,0.0054942776124430413,0.0055462669678819909,0.0054942776124430413,0.0054941376147425317,0.0053978294495640317],[0.00534120867871685,0.0054382426400644652,0.0054662353791006648,0.0054942776124430413,0.0054662353791006648,0.0054382426400644652,0.00534120867871685],[0.0053520836773836193,0.0054471529071235441,0.0054382426400644652,0.0054941376147425317,0.0054382426400644652,0.0054471529071235441,0.0053520836773836193],[0.00525706163564925,0.0053520836773836193,0.00534120867871685,0.0053978294495640317,0.00534120867871685,0.0053520836773836193,0.00525706163564925]],[[0.0053144457622158209,0.005410658906857933,0.00539967785930056,0.0054570805085324432,0.00539967785930056,0.005410658906857933,0.0053144457622158209],[0.005410658906857933,0.0055064508707877531,0.0054975011845666728,0.0055538885417596735,0.0054975011845666728,0.0055064508707877531,0.005410658906857933],[0.00539967785930056,0.0054975011845666728,0.005525720111331271,0.0055539886695788613,0.005525720111331271,0.0054975011845666728,0.00539967785930056],[0.0054570805085324432,0.0055538885417596735,0.0055539886695788613,0.0056063592006075046,0.0055539886695788613,0.0055538885417596735,0.0054570805085324432],[0.00539967785930056,0.0054975011845666728,0.005525720111331271,0.0055539886695788613,0.005525720111331271,0.0054975011845666728,0.00539967785930056],[0.005410658906857933,0.0055064508707877531,0.0054975011845666728,0.0055538885417596735,0.0054975011845666728,0.0055064508707877531,0.005410658906857933],[0.0053144457622158209,0.005410658906857933,0.00539967785930056,0.0054570805085324432,0.00539967785930056,0.005410658906857933,0.0053144457622158209]],[[0.0053724653202215211,0.005469609173213757,0.005458551028443265,0.0055165771377226128,0.005458551028443265,0.005469609173213757,0.0053724653202215211],[0.005469609173213757,0.0055659054167024654,0.0055569353430083438,0.0056136810171627345,0.0055569353430083438,0.0055659054167024654,0.005469609173213757],[0.005458551028443265,0.0055569353430083438,0.0055853148882264239,0.0056137441119221,0.0055853148882264239,0.0055569353430083438,0.005458551028443265],[0.0055165771377226128,0.0056136810171627345,0.0056137441119221,0.005666377065950255,0.0056137441119221,0.0056136810171627345,0.0055165771377226128],[0.005458551028443265,0.0055569353430083438,0.0055853148882264239,0.0056137441119221,0.0055853148882264239,0.0055569353430083438,0.005458551028443265],[0.005469609173213757,0.0055659054167024654,0.0055569353430083438,0.0056136810171627345,0.0055569353430083438,0.0055659054167024654,0.005469609173213757],[0.0053724653202215211,0.005469609173213757,0.005458551028443265,0.0055165771377226128,0.005458551028443265,0.005469609173213757,0.0053724653202215211]],[[0.0054309706487201941,0.0055288064811387424,0.00551769731619615,0.0055762002123431326,0.00551769731619615,0.0055288064811387424,0.0054309706487201941],[0.0055288064811387424,0.0056254073375934244,0.0056164339184109546,0.005673415059384985,0.0056164339184109546,0.0056254073375934244,0.0055288064811387424],[0.00551769731619615,0.0056164339184109546,0.0056449141260162773,0.0056734439733307574,0.0056449141260162773,0.0056164339184109546,0.00551769731619615],[0.0055762002123431326,0.005673415059384985,0.0056734439733307574,0.0057262309888698867,0.0056734439733307574,0.005673415059384985,0.0055762002123431326],[0.00551769731619615,0.0056164339184109546,0.0056449141260162773,0.0056734439733307574,0.0056449141260162773,0.0056164339184109546,0.00551769731619615],[0.0055288064811387424,0.0056254073375934244,0.0056164339184109546,0.005673415059384985,0.0056164339184109546,0.0056254073375934244,0.0055288064811387424],[0.0054309706487201941,0.0055288064811387424,0.00551769731619615,0.0055762002123431326,0.00551769731619615,0.0055288064811387424,0.0054309706487201941]],[[0.005489824479698399,0.0055881330541168511,0.00557699643777029,0.0056358406069126109,0.00557699643777029,0.0055881330541168511,0.005489824479698399],[0.0055881330541168511,0.0056848539943044852,0.0056758927687824284,0.0057329958969353006,0.0056758927687824284,0.0056848539943044852,0.0055881330541168511],[0.00557699643777029,0.0056758927687824284,0.0057044182715811709,0.005732993295627666,0.0057044182715811709,0.0056758927687824284,0.00557699643777029],[0.0056358406069126109,0.0057329958969353006,0.005732993295627666,0.005785834332051612,0.005732993295627666,0.0057329958969353006,0.0056358406069126109],[0.00557699643777029,0.0056758927687824284,0.0057044182715811709,0.005732993295627666,0.0057044182715811709,0.0056758927687824284,0.00557699643777029],[0.0055881330541168511,0.0056848539943044852,0.0056758927687824284,0.0057329958969353006,0.0056758927687824284,0.0056848539943044852,0.0055881330541168511],[0.005489824479698399,0.0055881330541168511,0.00557699643777029,0.0056358406069126109,0.00557699643777029,0.0055881330541168511,0.005489824479698399]],[[0.0055489006000535336,0.0056474802305667921,0.0056363375510630432,0.0056953978793445638,0.0056363375510630432,0.0056474802305667921,0.0055489006000535336],[0.0056474802305667921,0.0057441518081616412,0.0057352168671316968,0.0057923376771455452,0.0057352168671316968,0.0057441518081616412,0.0056474802305667921],[0.0056363375510630432,0.0057352168671316968,0.0057637368186998919,0.0057923061023607489,0.0057637368186998919,0.0057352168671316968,0.0056363375510630432],[0.0056953978793445638,0.0057923376771455452,0.0057923061023607489,0.0058451093841611085,0.0057923061023607489,0.0057923376771455452,0.0056953978793445638],[0.0056363375510630432,0.0057352168671316968,0.0057637368186998919,0.0057923061023607489,0.0057637368186998919,0.0057352168671316968,0.0056363375510630432],[0.0056474802305667921,0.0057441518081616412,0.0057352168671316968,0.0057923376771455452,0.0057352168671316968,0.0057441518081616412,0.0056474802305667921],[0.0055489006000535336,0.0056474802305667921,0.0056363375510630432,0.0056953978793445638,0.0056363375510630432,0.0056474802305667921,0.0055489006000535336]],[[0.0056080831049040653,0.005706749172086913,0.0056956197575093953,0.005754781343091233,0.0056956197575093953,0.005706749172086913,0.0056080831049040653],[0.005706749172086913,0.0058032190344688124,0.0057943228250767745,0.00585136707810414,0.0057943228250767745,0.0058032190344688124,0.005706749172086913],[0.0056956197575093953,0.0057943228250767745,0.0058227914188219033,0.0058513090958188909,0.0058227914188219033,0.0057943228250767745,0.0056956197575093953],[0.005754781343091233,0.00585136707810414,0.0058513090958188909,0.0059039922152537986,0.0058513090958188909,0.00585136707810414,0.005754781343091233],[0.0056956197575093953,0.0057943228250767745,0.0058227914188219033,0.0058513090958188909,0.0058227914188219033,0.0057943228250767745,0.0056956197575093953],[0.005706749172086913,0.0058032190344688124,0.0057943228250767745,0.00585136707810414,0.0057943228250767745,0.0058032190344688124,0.005706749172086913],[0.0056080831049040653,0.005706749172086913,0.0056956197575093953,0.005754781343091233,0.0056956197575093953,0.005706749172086913,0.0056080831049040653]],[[0.0056672665112014447,0.0057658522089567054,0.0057547532708846355,0.0058139118176908167,0.0057547532708846355,0.0057658522089567054,0.0056672665112014447],[0.0057658522089567054,0.0058619871963946427,0.0058531403091852041,0.0059100248903627365,0.0058531403091852041,0.0058619871963946427,0.0057658522089567054],[0.0057547532708846355,0.0058531403091852041,0.0058815173553568665,0.0059099431877347123,0.0058815173553568665,0.0058531403091852041,0.0057547532708846355],[0.0058139118176908167,0.0059100248903627365,0.0059099431877347123,0.005962434261115885,0.0059099431877347123,0.0059100248903627365,0.0058139118176908167],[0.0057547532708846355,0.0058531403091852041,0.0058815173553568665,0.0059099431877347123,0.0058815173553568665,0.0058531403091852041,0.0057547532708846355],[0.0057658522089567054,0.0058619871963946427,0.0058531403091852041,0.0059100248903627365,0.0058531403091852041,0.0058619871963946427,0.0057658522089567054],[0.0056672665112014447,0.0057658522089567054,0.0057547532708846355,0.0058139118176908167,0.0057547532708846355,0.0057658522089567054,0.0056672665112014447]],[[0.005726356368550089,0.0058247138501831032,0.0058136603651619085,0.0058727228014690634,0.0058136603651619085,0.0058247138501831032,0.005726356368550089],[0.0058247138501831032,0.005920401099677044,0.00591161216545519,0.0059682657245410014,0.00591161216545519,0.005920401099677044,0.0058247138501831032],[0.0058136603651619085,0.00591161216545519,0.0059398634157083047,0.0059681631178267339,0.0059398634157083047,0.00591161216545519,0.0058136603651619085],[0.0058727228014690634,0.0059682657245410014,0.0059681631178267339,0.006020401389482866,0.0059681631178267339,0.0059682657245410014,0.0058727228014690634],[0.0058136603651619085,0.00591161216545519,0.0059398634157083047,0.0059681631178267339,0.0059398634157083047,0.00591161216545519,0.0058136603651619085],[0.0058247138501831032,0.005920401099677044,0.00591161216545519,0.0059682657245410014,0.00591161216545519,0.005920401099677044,0.0058247138501831032],[0.005726356368550089,0.0058247138501831032,0.0058136603651619085,0.0058727228014690634,0.0058136603651619085,0.0058247138501831032,0.005726356368550089]],[[0.0057852698820452372,0.0058832711049311859,0.00587227573019763,0.0059311607036097889,0.00587227573019763,0.0058832711049311859,0.0057852698820452372],[0.0058832711049311859,0.0059784180251744026,0.0059696937375748778,0.0060260567768466375,0.0059696937375748778,0.0059784180251744026,0.0058832711049311859],[0.00587227573019763,0.0059696937375748778,0.005997790901950302,0.00602593615647185,0.005997790901950302,0.0059696937375748778,0.00587227573019763],[0.0059311607036097889,0.0060260567768466375,0.00602593615647185,0.0060778719753595218,0.00602593615647185,0.0060260567768466375,0.0059311607036097889],[0.00587227573019763,0.0059696937375748778,0.005997790901950302,0.00602593615647185,0.005997790901950302,0.0059696937375748778,0.00587227573019763],[0.0058832711049311859,0.0059784180251744026,0.0059696937375748778,0.0060260567768466375,0.0059696937375748778,0.0059784180251744026,0.0058832711049311859],[0.0057852698820452372,0.0058832711049311859,0.00587227573019763,0.0059311607036097889,0.00587227573019763,0.0058832711049311859,0.0057852698820452372]],[[0.0058439362410561786,0.0059414731962047756,0.0059305462628912358,0.0059891843296805917,0.0059305462628912358,0.0059414731962047756,0.0058439362410561786],[0.0059414731962047756,0.00603600662436986,0.0060273518515462079,0.0060833763680802917,0.0060273518515462079,0.00603600662436986,0.0059414731962047756],[0.0059305462628912358,0.0060273518515462079,0.0060552723811808061,0.0060832406207277428,0.0060552723811808061,0.0060273518515462079,0.0059305462628912358],[0.0059891843296805917,0.0060833763680802917,0.0060832406207277428,0.0061348349632461344,0.0060832406207277428,0.0060833763680802917,0.0059891843296805917],[0.0059305462628912358,0.0060273518515462079,0.0060552723811808061,0.0060832406207277428,0.0060552723811808061,0.0060273518515462079,0.0059305462628912358],[0.0059414731962047756,0.00603600662436986,0.0060273518515462079,0.0060833763680802917,0.0060273518515462079,0.00603600662436986,0.0059414731962047756],[0.0058439362410561786,0.0059414731962047756,0.0059305462628912358,0.0059891843296805917,0.0059305462628912358,0.0059414731962047756,0.0058439362410561786]],[[0.00590229656573856,0.0059992808853278077,0.0059884304700116055,0.0060467639494491392,0.0059884304700116055,0.0059992808853278077,0.00590229656573856],[0.0059992808853278077,0.00609314578203834,0.0060845637252354735,0.00614021256823905,0.0060845637252354735,0.00609314578203834,0.0059992808853278077],[0.0059884304700116055,0.0060845637252354735,0.0061122904548051252,0.0061400645034114147,0.0061122904548051252,0.0060845637252354735,0.0059884304700116055],[0.0060467639494491392,0.00614021256823905,0.0061400645034114147,0.0061912882417421424,0.0061400645034114147,0.00614021256823905,0.0060467639494491392],[0.0059884304700116055,0.0060845637252354735,0.0061122904548051252,0.0061400645034114147,0.0061122904548051252,0.0060845637252354735,0.0059884304700116055],[0.0059992808853278077,0.00609314578203834,0.0060845637252354735,0.00614021256823905,0.0060845637252354735,0.00609314578203834,0.0059992808853278077],[0.00590229656573856,0.0059992808853278077,0.0059884304700116055,0.0060467639494491392,0.0059884304700116055,0.0059992808853278077,0.00590229656573856]],[[0.0059603035173178449,0.0060566655948695583,0.0060458976507406538,0.0061038801968604072,0.0060458976507406538,0.0060566655948695583,0.0059603035173178449],[0.0060566655948695583,0.0061498235220919378,0.006141315892105809,0.0061965619609258074,0.006141315892105809,0.0061498235220919378,0.0060566655948695583],[0.0060458976507406538,0.006141315892105809,0.0061688366104984769,0.0061964042533562943,0.0061688366104984769,0.006141315892105809,0.0060458976507406538],[0.0061038801968604072,0.0061965619609258074,0.0061964042533562943,0.0062472373062443685,0.0061964042533562943,0.0061965619609258074,0.0061038801968604072],[0.0060458976507406538,0.006141315892105809,0.0061688366104984769,0.0061964042533562943,0.0061688366104984769,0.006141315892105809,0.0060458976507406538],[0.0060566655948695583,0.0061498235220919378,0.006141315892105809,0.0061965619609258074,0.006141315892105809,0.0061498235220919378,0.0060566655948695583],[0.0059603035173178449,0.0060566655948695583,0.0060458976507406538,0.0061038801968604072,0.0060458976507406538,0.0060566655948695583,0.0059603035173178449]],[[0.0060179206634625448,0.0061136084422134165,0.0061029269683356658,0.0061605229335965,0.0061029269683356658,0.0061136084422134165,0.0060179206634625448],[0.0061136084422134165,0.0062060359504594207,0.0061976031472937721,0.0062524285048881825,0.0061976031472937721,0.0062060359504594207,0.0061136084422134165],[0.0061029269683356658,0.0061976031472937721,0.0062249101343706051,0.0062522636537003361,0.0062249101343706051,0.0061976031472937721,0.0061029269683356658],[0.0061605229335965,0.0062524285048881825,0.0062522636537003361,0.0063026940902560138,0.0062522636537003361,0.0062524285048881825,0.0061605229335965],[0.0061029269683356658,0.0061976031472937721,0.0062249101343706051,0.0062522636537003361,0.0062249101343706051,0.0061976031472937721,0.0061029269683356658],[0.0061136084422134165,0.0062060359504594207,0.0061976031472937721,0.0062524285048881825,0.0061976031472937721,0.0062060359504594207,0.0061136084422134165],[0.0060179206634625448,0.0061136084422134165,0.0061029269683356658,0.0061605229335965,0.0061029269683356658,0.0061136084422134165,0.0060179206634625448]],[[0.00607512168366815,0.006170099236565303,0.006159506468370643,0.0062166901250666927,0.006159506468370643,0.006170099236565303,0.00607512168366815],[0.006170099236565303,0.0062617862155692986,0.0062534275055264911,0.0063078224464705153,0.0062534275055264911,0.0062617862155692986,0.006170099236565303],[0.006159506468370643,0.0062534275055264911,0.0062805170528871862,0.00630765274782914,0.0062805170528871862,0.0062534275055264911,0.006159506468370643],[0.0062166901250666927,0.0063078224464705153,0.00630765274782914,0.0063576758743338025,0.00630765274782914,0.0063078224464705153,0.0062166901250666927],[0.006159506468370643,0.0062534275055264911,0.0062805170528871862,0.00630765274782914,0.0062805170528871862,0.0062534275055264911,0.006159506468370643],[0.006170099236565303,0.0062617862155692986,0.0062534275055264911,0.0063078224464705153,0.0062534275055264911,0.0062617862155692986,0.006170099236565303],[0.00607512168366815,0.006170099236565303,0.006159506468370643,0.0062166901250666927,0.006159506468370643,0.006170099236565303,0.00607512168366815]],[[0.0061318894766442837,0.006226135462304062,0.0062156320721447516,0.0062723867409837809,0.0062156320721447516,0.006226135462304062,0.0061318894766442837],[0.006226135462304062,0.0063170834815488089,0.0063087971695868043,0.0063627592651475367,0.0063087971695868043,0.0063170834815488089,0.006226135462304062],[0.0062156320721447516,0.0063087971695868043,0.0063356690948389131,0.0063625867948678754,0.0063356690948389131,0.0063087971695868043,0.0062156320721447516],[0.0062723867409837809,0.0063627592651475367,0.0063625867948678754,0.0064122042388603294,0.0063625867948678754,0.0063627592651475367,0.0062723867409837809],[0.0062156320721447516,0.0063087971695868043,0.0063356690948389131,0.0063625867948678754,0.0063356690948389131,0.0063087971695868043,0