{"M_cells":[[[0,0,0,0,0,0,0],[0,0,0,0,0,0,0],[0,0,0,0,0,0,0],[0,0,0,0,0,0,0],[0,0,0,0,0,0,0],[0,0,0,0,0,0,0],[0,0,0,0,0,0,0]],[[9.1706669367428011E-7,2.5677257273065114E-6,2.3510575260572667E-6,3.2104537032889347E-6,2.3510575260572667E-6,2.5677257273065118E-6,9.1706669367428022E-7],[2.5677257273065114E-6,5.914105342973262E-6,5.5453331998103419E-6,7.28690946070499E-6,5.5453331998103419E-6,5.914105342973262E-6,2.5677257273065118E-6],[2.3510575260572667E-6,5.5453331998103419E-6,6.47976018907498E-6,7.4172162773024123E-6,6.47976018907498E-6,5.5453331998103419E-6,2.3510575260572667E-6],[3.2104537032889347E-6,7.28690946070499E-6,7.4172162773024123E-6,9.2742215598867665E-6,7.4172162773024123E-6,7.28690946070499E-6,3.2104537032889347E-6],[2.3510575260572667E-6,5.5453331998103419E-6,6.47976018907498E-6,7.4172162773024123E-6,6.47976018907498E-6,5.5453331998103419E-6,2.3510575260572667E-6],[2.5677257273065118E-6,5.914105342973262E-6,5.5453331998103419E-6,7.28690946070499E-6,5.5453331998103419E-6,5.914105342973262E-6,2.5677257273065118E-6],[9.1706669367428022E-7,2.5677257273065118E-6,2.3510575260572667E-6,3.2104537032889347E-6,2.3510575260572667E-6,2.5677257273065118E-6,9.1706669367428022E-7]],[[5.5915918562381535E-6,1.0268313614306303E-5,9.66861561330928E-6,1.2226819690865129E-5,9.66861561330928E-6,1.0268313614306303E-5,5.5915918562381535E-6],[1.0268313614306303E-5,1.6956594567480541E-5,1.6243193789487268E-5,1.9895448494825871E-5,1.6243193789487268E-5,1.6956594567480541E-5,1.0268313614306303E-5],[9.66861561330928E-6,1.6243193789487268E-5,1.815237013217629E-5,2.0066296429936018E-5,1.815237013217629E-5,1.6243193789487268E-5,9.66861561330928E-6],[1.2226819690865129E-5,1.9895448494825871E-5,2.0066296429936018E-5,2.3766559618786874E-5,2.0066296429936018E-5,1.9895448494825871E-5,1.2226819690865129E-5],[9.66861561330928E-6,1.6243193789487268E-5,1.815237013217629E-5,2.0066296429936018E-5,1.815237013217629E-5,1.6243193789487268E-5,9.66861561330928E-6],[1.0268313614306303E-5,1.6956594567480541E-5,1.6243193789487268E-5,1.9895448494825871E-5,1.6243193789487268E-5,1.6956594567480541E-5,1.0268313614306303E-5],[5.5915918562381535E-6,1.0268313614306303E-5,9.66861561330928E-6,1.2226819690865129E-5,9.66861561330928E-6,1.0268313614306303E-5,5.5915918562381535E-6]],[[1.5086959586358281E-5,2.3090468107377558E-5,2.2088182068469814E-5,2.6594240113663805E-5,2.2088182068469814E-5,2.3090468107377558E-5,1.5086959586358281E-5],[2.3090468107377558E-5,3.3111303931855082E-5,3.2072981207575443E-5,3.7679695570964334E-5,3.2072981207575443E-5,3.3111303931855082E-5,2.3090468107377558E-5],[2.2088182068469814E-5,3.2072981207575443E-5,3.4963941674797089E-5,3.7861357443883881E-5,3.4963941674797089E-5,3.2072981207575443E-5,2.2088182068469814E-5],[2.6594240113663805E-5,3.7679695570964334E-5,3.7861357443883881E-5,4.3390358720280148E-5,3.7861357443883881E-5,3.7679695570964334E-5,2.6594240113663805E-5],[2.2088182068469814E-5,3.2072981207575443E-5,3.4963941674797089E-5,3.7861357443883881E-5,3.4963941674797089E-5,3.2072981207575443E-5,2.2088182068469811E-5],[2.3090468107377558E-5,3.3111303931855082E-5,3.2072981207575443E-5,3.7679695570964334E-5,3.2072981207575443E-5,3.3111303931855082E-5,2.3090468107377558E-5],[1.5086959586358281E-5,2.3090468107377558E-5,2.2088182068469814E-5,2.6594240113663805E-5,2.2088182068469811E-5,2.3090468107377558E-5,1.5086959586358281E-5]],[[2.9627668305466668E-5,4.1013923985521174E-5,3.9616680668758E-5,4.61379720906599E-5,3.9616680668758E-5,4.1013923985521174E-5,2.9627668305466668E-5],[4.1013923985521174E-5,5.435110933314762E-5,5.2999959348140864E-5,6.0565390171480066E-5,5.2999959348140857E-5,5.4351109333147613E-5,4.1013923985521174E-5],[3.9616680668758E-5,5.2999959348140864E-5,5.6869955046351696E-5,6.074809718724259E-5,5.6869955046351696E-5,5.2999959348140857E-5,3.9616680668758E-5],[4.61379720906599E-5,6.0565390171480066E-5,6.074809718724259E-5,6.8091689283920383E-5,6.074809718724259E-5,6.0565390171480066E-5,4.61379720906599E-5],[3.9616680668758E-5,5.2999959348140857E-5,5.6869955046351696E-5,6.074809718724259E-5,5.6869955046351689E-5,5.2999959348140857E-5,3.9616680668758E-5],[4.1013923985521174E-5,5.4351109333147613E-5,5.2999959348140857E-5,6.0565390171480066E-5,5.2999959348140857E-5,5.4351109333147613E-5,4.1013923985521174E-5],[2.9627668305466668E-5,4.1013923985521174E-5,3.9616680668758E-5,4.61379720906599E-5,3.9616680668758E-5,4.1013923985521174E-5,2.9627668305466664E-5]],[[4.9243728526422731E-5,6.4009943664652716E-5,6.2226694535852858E-5,7.0774174106745551E-5,6.2226694535852858E-5,6.40099436646527E-5,4.9243728526422717E-5],[6.4009943664652716E-5,8.0643005866812035E-5,7.8986103751871778E-5,8.8501901012160049E-5,7.8986103751871778E-5,8.0643005866812035E-5,6.40099436646527E-5],[6.2226694535852858E-5,7.8986103751871778E-5,8.3829333707786935E-5,8.8682388006242765E-5,8.3829333707786935E-5,7.8986103751871778E-5,6.2226694535852858E-5],[7.0774174106745551E-5,8.8501901012160049E-5,8.8682388006242765E-5,9.7826798098231852E-5,8.8682388006242765E-5,8.8501901012160049E-5,7.0774174106745538E-5],[6.2226694535852858E-5,7.8986103751871778E-5,8.3829333707786935E-5,8.8682388006242765E-5,8.3829333707786935E-5,7.8986103751871778E-5,6.2226694535852858E-5],[6.40099436646527E-5,8.0643005866812035E-5,7.8986103751871778E-5,8.8501901012160049E-5,7.8986103751871778E-5,8.0643005866812035E-5,6.40099436646527E-5],[4.9243728526422717E-5,6.40099436646527E-5,6.2226694535852858E-5,7.0774174106745538E-5,6.2226694535852858E-5,6.40099436646527E-5,4.9243728526422717E-5]],[[7.3917129805620019E-5,9.20453015596994E-5,8.9882590258511059E-5,0.00010044959391329623,8.9882590258511059E-5,9.20453015596994E-5,7.3917129805620019E-5],[9.20453015596994E-5,0.00011195184548933104,0.00010999361944305432,0.00012144748506318864,0.00010999361944305432,0.00011195184548933104,9.20453015596994E-5],[8.9882590258511059E-5,0.00010999361944305432,0.00011580339259043564,0.00012162465538986954,0.00011580339259043564,0.00010999361944305432,8.9882590258511059E-5],[0.00010044959391329623,0.00012144748506318864,0.00012162465538986954,0.00013255647219548655,0.00012162465538986953,0.00012144748506318864,0.00010044959391329621],[8.9882590258511059E-5,0.00010999361944305432,0.00011580339259043564,0.00012162465538986953,0.00011580339259043563,0.00010999361944305432,8.9882590258511059E-5],[9.20453015596994E-5,0.00011195184548933104,0.00010999361944305432,0.00012144748506318864,0.00010999361944305432,0.00011195184548933104,9.20453015596994E-5],[7.3917129805620019E-5,9.20453015596994E-5,8.9882590258511059E-5,0.00010044959391329621,8.9882590258511059E-5,9.20453015596994E-5,7.3917129805620019E-5]],[[0.00010361707383121978,0.00012508501698890636,0.00012254749441346287,0.00013512192568403809,0.00012254749441346287,0.00012508501698890636,0.00010361707383121978],[0.00012508501698890636,0.00014824205232361274,0.000145985647667312,0.00015936417268551237,0.000145985647667312,0.00014824205232361274,0.00012508501698890636],[0.00012254749441346287,0.000145985647667312,0.00015275508763021726,0.00015953767042624082,0.00015275508763021726,0.000145985647667312,0.00012254749441346287],[0.00013512192568403809,0.00015936417268551237,0.00015953767042624082,0.00017224382622076545,0.00015953767042624082,0.00015936417268551237,0.00013512192568403806],[0.00012254749441346287,0.000145985647667312,0.00015275508763021726,0.00015953767042624082,0.00015275508763021726,0.000145985647667312,0.00012254749441346287],[0.00012508501698890636,0.00014824205232361274,0.000145985647667312,0.00015936417268551237,0.000145985647667312,0.00014824205232361274,0.00012508501698890636],[0.00010361707383121978,0.00012508501698890636,0.00012254749441346287,0.00013512192568403806,0.00012254749441346287,0.00012508501698890636,0.00010361707383121978]],[[0.00013830929579167266,0.00016309377896882196,0.00016018502349901466,0.00017475323812828503,0.00016018502349901466,0.00016309377896882196,0.00013830929579167266],[0.00016309377896882196,0.00018947835909160964,0.00018692631549256452,0.00020221592378851606,0.00018692631549256452,0.00018947835909160964,0.00016309377896882196],[0.00016018502349901466,0.00018692631549256452,0.00019464859154211253,0.00020238565183727287,0.00019464859154211253,0.00018692631549256452,0.00016018502349901466],[0.00017475323812828503,0.00020221592378851606,0.00020238565183727287,0.0002168534034616786,0.00020238565183727287,0.00020221592378851606,0.00017475323812828503],[0.00016018502349901466,0.00018692631549256452,0.00019464859154211253,0.00020238565183727287,0.00019464859154211253,0.00018692631549256452,0.00016018502349901466],[0.00016309377896882196,0.00018947835909160964,0.00018692631549256452,0.00020221592378851606,0.00018692631549256452,0.00018947835909160964,0.00016309377896882196],[0.00013830929579167266,0.00016309377896882196,0.00016018502349901466,0.00017475323812828503,0.00016018502349901466,0.00016309377896882196,0.00013830929579167266]],[[0.0001779588490978126,0.000206036600107325,0.00020275963665221278,0.00021930769753446437,0.00020275963665221278,0.000206036600107325,0.0001779588490978126],[0.000206036600107325,0.00023562609920612618,0.0002327806647670397,0.00024996792716108172,0.0002327806647670397,0.00023562609920612615,0.000206036600107325],[0.00020275963665221278,0.0002327806647670397,0.00024144906543915157,0.00025013388030517244,0.0002414490654391516,0.0002327806647670397,0.00020275963665221278],[0.00021930769753446437,0.00024996792716108172,0.00025013388030517244,0.00026635079074132918,0.00025013388030517244,0.00024996792716108172,0.00021930769753446437],[0.00020275963665221278,0.0002327806647670397,0.0002414490654391516,0.00025013388030517244,0.0002414490654391516,0.0002327806647670397,0.00020275963665221278],[0.000206036600107325,0.00023562609920612615,0.0002327806647670397,0.00024996792716108172,0.0002327806647670397,0.00023562609920612615,0.000206036600107325],[0.0001779588490978126,0.000206036600107325,0.00020275963665221278,0.00021930769753446437,0.00020275963665221278,0.000206036600107325,0.0001779588490978126]],[[0.0002225310319457453,0.00025387908616403249,0.00025023665486272935,0.00026875073861435474,0.00025023665486272935,0.00025387908616403249,0.0002225310319457453],[0.00025387908616403249,0.00028665130522385857,0.00028351457726050335,0.00030258631143927051,0.00028351457726050335,0.00028665130522385857,0.00025387908616403249],[0.00025023665486272935,0.00028351457726050335,0.0002931225306799808,0.00030274851704912545,0.0002931225306799808,0.00028351457726050335,0.00025023665486272935],[0.00026875073861435474,0.00030258631143927051,0.00030274851704912545,0.000320702438055829,0.00030274851704912545,0.00030258631143927051,0.00026875073861435474],[0.00025023665486272935,0.00028351457726050335,0.0002931225306799808,0.00030274851704912545,0.0002931225306799808,0.00028351457726050335,0.00025023665486272935],[0.00025387908616403249,0.00028665130522385857,0.00028351457726050335,0.00030258631143927051,0.00028351457726050335,0.00028665130522385857,0.00025387908616403249],[0.0002225310319457453,0.00025387908616403249,0.00025023665486272935,0.00026875073861435474,0.00025023665486272935,0.00025387908616403249,0.0002225310319457453]],[[0.00027199170967483362,0.00030658752900827993,0.0003025822134161525,0.00032304873769303268,0.0003025822134161525,0.00030658752900827993,0.00027199170967483362],[0.00030658752900827993,0.0003425207256459972,0.00033909471302449846,0.00036003800914882311,0.00033909471302449846,0.0003425207256459972,0.00030658752900827993],[0.0003025822134161525,0.00033909471302449846,0.0003496357889376086,0.00036019650561335703,0.0003496357889376086,0.00033909471302449846,0.0003025822134161525],[0.00032304873769303268,0.00036003800914882311,0.00036019650561335703,0.00037987556148675309,0.00036019650561335703,0.00036003800914882311,0.00032304873769303268],[0.0003025822134161525,0.00033909471302449846,0.0003496357889376086,0.00036019650561335703,0.0003496357889376086,0.00033909471302449846,0.0003025822134161525],[0.00030658752900827993,0.0003425207256459972,0.00033909471302449846,0.00036003800914882311,0.00033909471302449846,0.0003425207256459972,0.00030658752900827993],[0.00027199170967483362,0.00030658752900827993,0.0003025822134161525,0.00032304873769303268,0.0003025822134161525,0.00030658752900827993,0.00027199170967483362]],[[0.00032630741782257267,0.00036412892260792481,0.00035976320889125757,0.00038216886598629922,0.00035976320889125757,0.00036412892260792481,0.00032630741782257267],[0.00036412892260792481,0.00040320180856015959,0.00039948845959758073,0.00042229067984376757,0.00039948845959758073,0.00040320180856015959,0.00036412892260792481],[0.00035976320889125757,0.00039948845959758073,0.00041095636516154903,0.00042244550859136078,0.00041095636516154903,0.00039948845959758073,0.00035976320889125757],[0.00038216886598629922,0.00042229067984376757,0.00042244550859136078,0.00044383808096324913,0.00042244550859136078,0.00042229067984376757,0.00038216886598629922],[0.00035976320889125757,0.00039948845959758073,0.00041095636516154903,0.00042244550859136078,0.00041095636516154903,0.00039948845959758073,0.00035976320889125757],[0.00036412892260792481,0.00040320180856015959,0.00039948845959758073,0.00042229067984376757,0.00039948845959758073,0.00040320180856015959,0.00036412892260792481],[0.00032630741782257267,0.00036412892260792481,0.00035976320889125757,0.00038216886598629922,0.00035976320889125757,0.00036412892260792481,0.00032630741782257267]],[[0.00038544538037736133,0.00042647094705394414,0.00042174725142474738,0.00044607900999713533,0.00042174725142474738,0.00042647094705394414,0.00038544538037736133],[0.00042647094705394414,0.00046866267264701004,0.00046466388815631263,0.00048931265722808282,0.00046466388815631263,0.00046866267264701004,0.00042647094705394414],[0.00042174725142474738,0.00046466388815631263,0.00047705246171592249,0.00048946385975371526,0.00047705246171592249,0.00046466388815631263,0.00042174725142474738],[0.00044607900999713533,0.00048931265722808282,0.00048946385975371526,0.000512558573305797,0.00048946385975371526,0.00048931265722808282,0.00044607900999713533],[0.00042174725142474738,0.00046466388815631263,0.00047705246171592249,0.00048946385975371526,0.00047705246171592249,0.00046466388815631263,0.00042174725142474738],[0.00042647094705394414,0.00046866267264701004,0.00046466388815631263,0.00048931265722808282,0.00046466388815631263,0.00046866267264701004,0.00042647094705394414],[0.00038544538037736133,0.00042647094705394414,0.00042174725142474738,0.00044607900999713533,0.00042174725142474738,0.00042647094705394414,0.00038544538037736133]],[[0.00044937349471738374,0.00049358194019141484,0.00048850262221806877,0.00051474771825170548,0.00048850262221806877,0.00049358194019141484,0.00044937349471738374],[0.00049358194019141484,0.00053887207405650455,0.00053458971403371272,0.00056107290677381307,0.00053458971403371272,0.00053887207405650455,0.00049358194019141484],[0.00048850262221806877,0.00053458971403371272,0.00054789291838764427,0.00056122052354746631,0.00054789291838764427,0.00053458971403371272,0.00048850262221806877],[0.00051474771825170548,0.00056107290677381307,0.00056122052354746631,0.00058600623252596021,0.00056122052354746631,0.00056107290677381307,0.00051474771825170548],[0.00048850262221806877,0.00053458971403371272,0.00054789291838764427,0.00056122052354746631,0.00054789291838764427,0.00053458971403371272,0.00048850262221806877],[0.00049358194019141484,0.00053887207405650455,0.00053458971403371272,0.00056107290677381307,0.00053458971403371272,0.00053887207405650455,0.00049358194019141484],[0.00044937349471738374,0.00049358194019141484,0.00048850262221806877,0.00051474771825170548,0.00048850262221806877,0.00049358194019141484,0.00044937349471738374]],[[0.00051806030390925733,0.00056543086511983657,0.00055999823486138915,0.00058814415919841538,0.00055999823486138915,0.00056543086511983657,0.00051806030390925733],[0.00056543086511983657,0.000613799372587374,0.00060923526017177417,0.00063754098849801838,0.00060923526017177417,0.000613799372587374,0.00056543086511983657],[0.00055999823486138915,0.00060923526017177417,0.0006234471758591461,0.00063768505858997264,0.0006234471758591461,0.00060923526017177417,0.00055999823486138915],[0.00058814415919841538,0.00063754098849801838,0.00063768505858997264,0.00066415083402281908,0.00063768505858997264,0.00063754098849801838,0.00058814415919841538],[0.00055999823486138915,0.00060923526017177417,0.0006234471758591461,0.00063768505858997264,0.0006234471758591461,0.00060923526017177417,0.00055999823486138915],[0.00056543086511983657,0.000613799372587374,0.00060923526017177417,0.00063754098849801838,0.00060923526017177417,0.000613799372587374,0.00056543086511983657],[0.00051806030390925733,0.00056543086511983657,0.00055999823486138915,0.00058814415919841538,0.00055999823486138915,0.00056543086511983657,0.00051806030390925733]],[[0.00059147496479464688,0.00064198727694563028,0.00063620359938930577,0.00066623808443073984,0.00063620359938930577,0.00064198727694563028,0.00059147496479464688],[0.00064198727694563028,0.00069341449849539042,0.00068857042273972,0.00071868702270430239,0.00068857042273972,0.00069341449849539042,0.00064198727694563028],[0.00063620359938930577,0.00068857042273972,0.00070368524152524729,0.00071882758368507175,0.00070368524152524729,0.00068857042273972,0.00063620359938930577],[0.00066623808443073984,0.00071868702270430239,0.00071882758368507175,0.0007469627012218513,0.00071882758368507175,0.00071868702270430239,0.00066623808443073984],[0.00063620359938930577,0.00068857042273972,0.00070368524152524729,0.00071882758368507175,0.00070368524152524729,0.00068857042273972,0.00063620359938930577],[0.00064198727694563028,0.00069341449849539042,0.00068857042273972,0.00071868702270430239,0.00068857042273972,0.00069341449849539042,0.00064198727694563028],[0.00059147496479464688,0.00064198727694563028,0.00063620359938930577,0.00066623808443073984,0.00063620359938930577,0.00064198727694563028,0.00059147496479464688]],[[0.000669587215270826,0.00072322129010880343,0.00071708878840882656,0.00074899979489290115,0.00071708878840882656,0.00072322129010880343,0.000669587215270826],[0.00072322129010880343,0.00077768792039297776,0.0007725656384917611,0.00080448165773435679,0.0007725656384917611,0.00077768792039297776,0.00072322129010880343],[0.00071708878840882656,0.0007725656384917611,0.00078857765709964992,0.00080461874567882891,0.00078857765709964992,0.0007725656384917611,0.00071708878840882656],[0.00074899979489290115,0.00080448165773435679,0.00080461874567882891,0.00083441267398801338,0.00080461874567882891,0.00080448165773435679,0.00074899979489290115],[0.00071708878840882656,0.0007725656384917611,0.00078857765709964992,0.00080461874567882891,0.00078857765709964992,0.0007725656384917611,0.00071708878840882656],[0.00072322129010880343,0.00077768792039297776,0.0007725656384917611,0.00080448165773435679,0.0007725656384917611,0.00077768792039297776,0.00072322129010880343],[0.000669587215270826,0.00072322129010880343,0.00071708878840882656,0.00074899979489290115,0.00071708878840882656,0.00072322129010880343,0.000669587215270826]],[[0.00075236734209551911,0.00080910354675239578,0.00080262440490970791,0.00083640010907283036,0.00080262440490970791,0.00080910354675239578,0.00075236734209551911],[0.00080910354675239578,0.00086659061435625281,0.00086119185360625488,0.00089489603927462,0.00086119185360625488,0.00086659061435625281,0.00080910354675239578],[0.00080262440490970791,0.00086119185360625488,0.000878095467706542,0.000895029688804066,0.000878095467706542,0.00086119185360625488,0.00080262440490970791],[0.00083640010907283036,0.00089489603927462,0.000895029688804066,0.00092647207847298746,0.000895029688804066,0.00089489603927462,0.00083640010907283036],[0.00080262440490970791,0.00086119185360625488,0.000878095467706542,0.000895029688804066,0.000878095467706542,0.00086119185360625488,0.00080262440490970791],[0.00080910354675239578,0.00086659061435625281,0.00086119185360625488,0.00089489603927462,0.00086119185360625488,0.00086659061435625281,0.00080910354675239578],[0.00075236734209551911,0.00080910354675239578,0.00080262440490970791,0.00083640010907283036,0.00080262440490970791,0.00080910354675239578,0.00075236734209551911]],[[0.00083978614968985277,0.000899605186256396,0.00089278155151260906,0.000928410332717248,0.00089278155151260906,0.000899605186256396,0.00083978614968985277],[0.000899605186256396,0.00096009403421995617,0.000954420493830144,0.00098990178096925547,0.00095442049383014408,0.00096009403421995617,0.000899605186256396],[0.00089278155151260906,0.000954420493830144,0.00097221019226511566,0.0009900320253053512,0.00097221019226511577,0.00095442049383014408,0.00089278155151260906],[0.000928410332717248,0.00098990178096925547,0.0009900320253053512,0.0010231126981959334,0.0009900320253053512,0.00098990178096925569,0.000928410332717248],[0.00089278155151260906,0.00095442049383014408,0.00097221019226511577,0.0009900320253053512,0.00097221019226511577,0.00095442049383014408,0.00089278155151260906],[0.000899605186256396,0.00096009403421995617,0.00095442049383014408,0.00098990178096925569,0.00095442049383014408,0.00096009403421995617,0.000899605186256396],[0.00083978614968985277,0.000899605186256396,0.00089278155151260906,0.000928410332717248,0.00089278155151260906,0.000899605186256396,0.00083978614968985277]],[[0.00093181493006647543,0.00099469781592072867,0.00098753180098521743,0.0010250022298187687,0.00098753180098521743,0.00099469781592072867,0.00093181493006647543],[0.00099469781592072867,0.0010581700829903084,0.0010522234357934672,0.0010894709361783136,0.0010522234357934672,0.0010581700829903084,0.00099469781592072867],[0.00098753180098521743,0.0010522234357934672,0.0010708937950266904,0.0010895978071991032,0.0010708937950266904,0.0010522234357934672,0.00098753180098521743],[0.0010250022298187687,0.0010894709361783136,0.0010895978071991032,0.0011243067462176929,0.0010895978071991032,0.0010894709361783136,0.0010250022298187687],[0.00098753180098521743,0.0010522234357934672,0.0010708937950266904,0.0010895978071991032,0.0010708937950266904,0.0010522234357934672,0.00098753180098521743],[0.00099469781592072867,0.0010581700829903084,0.0010522234357934672,0.0010894709361783136,0.0010522234357934672,0.0010581700829903084,0.00099469781592072867],[0.00093181493006647543,0.00099469781592072867,0.00098753180098521743,0.0010250022298187687,0.00098753180098521743,0.00099469781592072867,0.00093181493006647543]],[[0.0010284254338710028,0.0010943534827309591,0.0010868471678945305,0.0011261479947146168,0.0010868471678945305,0.0010943534827309591,0.0010284254338710028],[0.0010943534827309591,0.0011607910852894708,0.00115457297938023,0.0011935759707588514,0.00115457297938023,0.0011607910852894708,0.0010943534827309591],[0.0010868471678945305,0.00115457297938023,0.001174118658149631,0.0011936994990528827,0.001174118658149631,0.00115457297938023,0.0010868471678945305],[0.0011261479947146168,0.0011935759707588514,0.0011936994990528827,0.0012300268382962746,0.0011936994990528827,0.0011935759707588514,0.0011261479947146168],[0.0010868471678945305,0.00115457297938023,0.001174118658149631,0.0011936994990528827,0.001174118658149631,0.00115457297938023,0.0010868471678945305],[0.0010943534827309591,0.0011607910852894708,0.00115457297938023,0.0011935759707588514,0.00115457297938023,0.0011607910852894708,0.0010943534827309591],[0.0010284254338710028,0.0010943534827309591,0.0010868471678945305,0.0011261479947146168,0.0010868471678945305,0.0010943534827309591,0.0010284254338710028]],[[0.0011295898424727069,0.0011985446461218378,0.0011907000812835587,0.0012318202251761102,0.0011907000812835587,0.0011985446461218378,0.0011295898424727069],[0.0011985446461218378,0.0012679297607406487,0.0012614418210534402,0.0013021897367647905,0.0012614418210534402,0.0012679297607406487,0.0011985446461218378],[0.0011907000812835587,0.0012614418210534402,0.0012818575552100244,0.0013023099516820125,0.0012818575552100244,0.0012614418210534402,0.0011907000812835587],[0.0012318202251761102,0.0013021897367647905,0.0013023099516820125,0.0013402459669242946,0.0013023099516820125,0.0013021897367647905,0.0012318202251761102],[0.0011907000812835587,0.0012614418210534402,0.0012818575552100244,0.0013023099516820125,0.0012818575552100244,0.0012614418210534402,0.0011907000812835587],[0.0011985446461218378,0.0012679297607406487,0.0012614418210534402,0.0013021897367647905,0.0012614418210534402,0.0012679297607406487,0.0011985446461218378],[0.0011295898424727069,0.0011985446461218378,0.0011907000812835587,0.0012318202251761102,0.0011907000812835587,0.0011985446461218378,0.0011295898424727069]],[[0.0012352807410214738,0.0013072441516495995,0.0012990633582713692,0.001341991896385403,0.0012990633582713692,0.0013072441516495995,0.0012352807410214738],[0.0013072441516495995,0.0013795591982034511,0.0013728030280389621,0.0014152854469702244,0.0013728030280389621,0.0013795591982034511,0.0013072441516495995],[0.0012990633582713692,0.0013728030280389621,0.0013940836255533033,0.0014154023766692254,0.0013940836255533033,0.0013728030280389621,0.0012990633582713692],[0.001341991896385403,0.0014152854469702244,0.0014154023766692254,0.0014549374761559139,0.0014154023766692254,0.0014152854469702244,0.001341991896385403],[0.0012990633582713692,0.0013728030280389621,0.0013940836255533033,0.0014154023766692254,0.0013940836255533033,0.0013728030280389621,0.0012990633582713692],[0.0013072441516495995,0.0013795591982034511,0.0013728030280389621,0.0014152854469702244,0.0013728030280389621,0.0013795591982034511,0.0013072441516495995],[0.0012352807410214738,0.0013072441516495995,0.0012990633582713692,0.001341991896385403,0.0012990633582713692,0.0013072441516495995,0.0012352807410214738]],[[0.0013454710923836274,0.0014204252054835988,0.0014119101784826203,0.0014566363357050125,0.0014119101784826203,0.0014204252054835988,0.0013454710923836274],[0.0014204252054835988,0.0014956528307706956,0.0014886300132774346,0.0015328366501260243,0.0014886300132774346,0.0014956528307706956,0.0014204252054835988],[0.0014119101784826203,0.0014886300132774346,0.0015107703493965319,0.0015329503216175619,0.0015107703493965319,0.0014886300132774346,0.0014119101784826203],[0.0014566363357050125,0.0015328366501260243,0.0015329503216175619,0.0015740750371347825,0.0015329503216175619,0.0015328366501260243,0.0014566363357050125],[0.0014119101784826203,0.0014886300132774346,0.0015107703493965319,0.0015329503216175619,0.0015107703493965319,0.0014886300132774346,0.0014119101784826203],[0.0014204252054835988,0.0014956528307706956,0.0014886300132774346,0.0015328366501260243,0.0014886300132774346,0.0014956528307706956,0.0014204252054835988],[0.0013454710923836274,0.0014204252054835988,0.0014119101784826203,0.0014566363357050125,0.0014119101784826203,0.0014204252054835988,0.0013454710923836274]],[[0.0014601342118671554,0.0015380613496290313,0.0015292140592161726,0.0015757271981511527,0.0015292140592161726,0.0015380613496290313,0.0014601342118671554],[0.0015380613496290313,0.0016161844114394597,0.0016088965110562135,0.0016548172068626341,0.0016088965110562135,0.0016161844114394597,0.0015380613496290313],[0.0015292140592161726,0.0016088965110562135,0.0016318915235938173,0.001654927646049454,0.0016318915235938173,0.0016088965110562135,0.0015292140592161726],[0.0015757271981511527,0.0016548172068626341,0.001654927646049454,0.0016976326242368344,0.001654927646049454,0.0016548172068626341,0.0015757271981511527],[0.0015292140592161726,0.0016088965110562135,0.0016318915235938173,0.001654927646049454,0.0016318915235938173,0.0016088965110562135,0.0015292140592161726],[0.0015380613496290313,0.0016161844114394597,0.0016088965110562135,0.0016548172068626341,0.0016088965110562135,0.0016161844114394597,0.0015380613496290313],[0.0014601342118671554,0.0015380613496290313,0.0015292140592161726,0.0015757271981511527,0.0015292140592161726,0.0015380613496290313,0.0014601342118671554]],[[0.0015792437426497199,0.0016601264377942957,0.0016509488312650711,0.001699238442483274,0.0016509488312650711,0.0016601264377942957,0.0015792437426497199],[0.0016601264377942957,0.0017411279893705855,0.0017335765532349745,0.0017812012661531569,0.0017335765532349745,0.0017411279893705855,0.0016601264377942957],[0.0016509488312650711,0.0017335765532349745,0.0017574212379787657,0.0017813084978662115,0.0017574212379787657,0.0017335765532349745,0.0016509488312650711],[0.001699238442483274,0.0017812012661531569,0.0017813084978662115,0.0018255844917428293,0.0017813084978662115,0.0017812012661531569,0.001699238442483274],[0.0016509488312650711,0.0017335765532349745,0.0017574212379787657,0.0017813084978662115,0.0017574212379787657,0.0017335765532349745,0.0016509488312650711],[0.0016601264377942957,0.0017411279893705855,0.0017335765532349745,0.0017812012661531569,0.0017335765532349745,0.0017411279893705855,0.0016601264377942957],[0.0015792437426497199,0.0016601264377942957,0.0016509488312650711,0.001699238442483274,0.0016509488312650711,0.0016601264377942957,0.0015792437426497199]],[[0.0017027736318228071,0.001786594611817354,0.0017770886153025418,0.0018271443078247535,0.0017770886153025418,0.001786594611817354,0.0017027736318228071],[0.001786594611817354,0.0018704578866519672,0.0018626444459803461,0.0019119632422525676,0.0018626444459803461,0.0018704578866519672,0.001786594611817354],[0.0017770886153025418,0.0018626444459803461,0.0018873338521995808,0.0019120672902837388,0.0018873338521995808,0.0018626444459803461,0.0017770886153025418],[0.0018271443078247535,0.0019119632422525676,0.0019120672902837388,0.0019579051509568523,0.0019120672902837388,0.0019119632422525676,0.0018271443078247535],[0.0017770886153025418,0.0018626444459803461,0.0018873338521995808,0.0019120672902837388,0.0018873338521995808,0.0018626444459803461,0.0017770886153025418],[0.001786594611817354,0.0018704578866519672,0.0018626444459803461,0.0019119632422525676,0.0018626444459803461,0.0018704578866519672,0.001786594611817354],[0.0017027736318228071,0.001786594611817354,0.0017770886153025418,0.0018271443078247535,0.0017770886153025418,0.001786594611817354,0.0017027736318228071]],[[0.0018306981069667791,0.0019174402785668062,0.0019076077987484393,0.0019594192907309372,0.0019076077987484393,0.0019174402785668062,0.0018306981069667791],[0.0019174402785668062,0.0020041486754814632,0.00199607474692507,0.00204707779202907,0.00199607474692507,0.0020041486754814632,0.0019174402785668062],[0.0019076077987484393,0.00199607474692507,0.0020216039729625064,0.002047178679160387,0.0020216039729625064,0.00199607474692507,0.0019076077987484393],[0.0019594192907309372,0.00204707779202907,0.002047178679160387,0.0020945693476869809,0.002047178679160387,0.00204707779202907,0.0019594192907309372],[0.0019076077987484393,0.00199607474692507,0.0020216039729625064,0.002047178679160387,0.0020216039729625064,0.00199607474692507,0.0019076077987484393],[0.0019174402785668062,0.0020041486754814632,0.00199607474692507,0.00204707779202907,0.00199607474692507,0.0020041486754814632,0.001917440278566806],[0.0018306981069667791,0.0019174402785668062,0.0019076077987484393,0.0019594192907309372,0.0019076077987484393,0.001917440278566806,0.0018306981069667789]],[[0.0019629916531726031,0.0020526380872330822,0.0020424810130327906,0.0020960381226195579,0.0020424810130327906,0.0020526380872330822,0.0019629916531726031],[0.0020526380872330822,0.0021421751556853653,0.00213384224266789,0.002186519792603603,0.00213384224266789,0.0021421751556853653,0.0020526380872330822],[0.0020424810130327906,0.00213384224266789,0.0021602064315998223,0.0021866175406331165,0.0021602064315998223,0.00213384224266789,0.0020424810130327906],[0.0020960381226195579,0.002186519792603603,0.0021866175406331165,0.00223555204000437,0.0021866175406331165,0.002186519792603603,0.0020960381226195579],[0.0020424810130327906,0.00213384224266789,0.0021602064315998223,0.0021866175406331165,0.0021602064315998223,0.00213384224266789,0.0020424810130327906],[0.0020526380872330822,0.0021421751556853653,0.00213384224266789,0.002186519792603603,0.00213384224266789,0.0021421751556853653,0.0020526380872330822],[0.0019629916531726031,0.0020526380872330822,0.0020424810130327906,0.0020960381226195579,0.0020424810130327906,0.0020526380872330822,0.0019629916531726031]],[[0.0020996289904261205,0.0021921629069266255,0.0021816831111721945,0.0022369757474805258,0.0021816831111721945,0.0021921629069266255,0.0020996289904261205],[0.0021921629069266255,0.0022845123324888622,0.0022759219265303453,0.0023302643192138618,0.0022759219265303453,0.0022845123324888622,0.0021921629069266255],[0.0021816831111721945,0.0022759219265303453,0.0023031162618785041,0.0023303589489781628,0.0023031162618785041,0.0022759219265303453,0.0021816831111721945],[0.0022369757474805258,0.0023302643192138618,0.0023303589489781628,0.0023808283761969232,0.0023303589489781628,0.0023302643192138618,0.0022369757474805258],[0.0021816831111721945,0.0022759219265303453,0.0023031162618785041,0.0023303589489781628,0.0023031162618785041,0.0022759219265303453,0.0021816831111721945],[0.0021921629069266255,0.0022845123324888622,0.0022759219265303453,0.0023302643192138618,0.0022759219265303453,0.0022845123324888622,0.0021921629069266255],[0.0020996289904261205,0.0021921629069266255,0.0021816831111721945,0.0022369757474805258,0.0021816831111721945,0.0021921629069266255,0.0020996289904261205]],[[0.0022405850512707149,0.0023359898044975043,0.0023251891455738031,0.0023822072997807843,0.0023251891455738031,0.0023359898044975043,0.0022405850512707149],[0.0023359898044975043,0.0024311353944529868,0.0024222889764851522,0.0024782866232176039,0.0024222889764851522,0.0024311353944529868,0.0023359898044975043],[0.0023251891455738031,0.0024222889764851522,0.0024503086779643925,0.002478378154610948,0.0024503086779643925,0.0024222889764851522,0.0023251891455738031],[0.0023822072997807843,0.0024782866232176039,0.002478378154610948,0.0025303736728321479,0.002478378154610948,0.0024782866232176039,0.0023822072997807843],[0.0023251891455738031,0.0024222889764851522,0.0024503086779643925,0.002478378154610948,0.0024503086779643925,0.0024222889764851522,0.0023251891455738031],[0.0023359898044975043,0.0024311353944529868,0.0024222889764851522,0.0024782866232176039,0.0024222889764851522,0.0024311353944529868,0.0023359898044975043],[0.0022405850512707149,0.0023359898044975043,0.0023251891455738031,0.0023822072997807843,0.0023251891455738031,0.0023359898044975043,0.0022405850512707149]],[[0.0023858349586632884,0.0024840940224929091,0.0024729743459842414,0.0025317080824781065,0.0024729743459842414,0.0024840940224929091,0.0023858349586632884],[0.0024840940224929091,0.0025820196914938683,0.0025729187331720912,0.0026305621101502135,0.0025729187331720912,0.0025820196914938683,0.0024840940224929091],[0.0024729743459842414,0.0025729187331720912,0.0026017590524572793,0.0026306505621404306,0.0026017590524572793,0.0025729187331720912,0.0024729743459842414],[0.0025317080824781065,0.0026305621101502135,0.0026306505621404306,0.0026841633928440817,0.0026306505621404306,0.0026305621101502135,0.0025317080824781065],[0.0024729743459842414,0.0025729187331720912,0.0026017590524572793,0.0026306505621404306,0.0026017590524572793,0.0025729187331720912,0.0024729743459842414],[0.0024840940224929091,0.0025820196914938683,0.0025729187331720912,0.0026305621101502135,0.0025729187331720912,0.0025820196914938683,0.0024840940224929091],[0.0023858349586632884,0.0024840940224929091,0.0024729743459842414,0.0025317080824781065,0.0024729743459842414,0.0024840940224929091,0.0023858349586632884]],[[0.0025353540039399487,0.0026364509571660815,0.00262501409749554,0.002685453545058978,0.00262501409749554,0.0026364509571660815,0.0025353540039399487],[0.0026364509571660815,0.0027371407128969375,0.002727786677913843,0.002787066317749208,0.002727786677913843,0.0027371407128969375,0.0026364509571660815],[0.00262501409749554,0.002727786677913843,0.0027574428944094473,0.0027871517083903072,0.0027574428944094473,0.002727786677913843,0.00262501409749554],[0.002685453545058978,0.002787066317749208,0.0027871517083903072,0.0028421731235563244,0.0027871517083903072,0.002787066317749208,0.002685453545058978],[0.00262501409749554,0.002727786677913843,0.0027574428944094473,0.0027871517083903072,0.0027574428944094473,0.002727786677913843,0.00262501409749554],[0.0026364509571660815,0.0027371407128969375,0.002727786677913843,0.002787066317749208,0.002727786677913843,0.0027371407128969375,0.0026364509571660815],[0.0025353540039399487,0.0026364509571660815,0.00262501409749554,0.002685453545058978,0.00262501409749554,0.0026364509571660815,0.0025353540039399487]],[[0.0026891176248025192,0.002793036136449377,0.0027812839185220881,0.00284341926151297,0.0027812839185220881,0.002793036136449377,0.0026891176248025192],[0.002793036136449377,0.0028964740652381634,0.0028868684106443006,0.0029477748938575251,0.0028868684106443006,0.0028964740652381634,0.002793036136449377],[0.0027812839185220881,0.0028868684106443006,0.0029173358272398158,0.0029478572402989438,0.0029173358272398158,0.0028868684106443006,0.0027812839185220881],[0.00284341926151297,0.0029477748938575251,0.0029478572402989438,0.0030043785545525161,0.0029478572402989438,0.0029477748938575251,0.00284341926151297],[0.0027812839185220881,0.0028868684106443006,0.0029173358272398158,0.0029478572402989438,0.0029173358272398158,0.0028868684106443006,0.0027812839185220881],[0.002793036136449377,0.0028964740652381634,0.0028868684106443006,0.0029477748938575251,0.0028868684106443006,0.0028964740652381634,0.002793036136449377],[0.0026891176248025192,0.002793036136449377,0.0027812839185220881,0.00284341926151297,0.0027812839185220881,0.002793036136449377,0.0026891176248025192]],[[0.0028471013832413639,0.0029538251978031018,0.0029417594386603762,0.0030055809081536052,0.0029417594386603762,0.0029538251978031018,0.0028471013832413639],[0.0029538251978031018,0.0030599954501226803,0.0030501396276597322,0.0031126635741150297,0.0030501396276597322,0.0030599954501226803,0.0029538251978031018],[0.0029417594386603762,0.0030501396276597322,0.0030814135664536746,0.003112742892607605,0.0030814135664536746,0.0030501396276597322,0.0029417594386603762],[0.0030055809081536052,0.0031126635741150297,0.003112742892607605,0.0031707554553032516,0.003112742892607605,0.0031126635741150297,0.0030055809081536052],[0.0029417594386603762,0.0030501396276597322,0.0030814135664536746,0.003112742892607605,0.0030814135664536746,0.0030501396276597322,0.0029417594386603762],[0.0029538251978031018,0.0030599954501226803,0.0030501396276597322,0.0031126635741150297,0.0030501396276597322,0.0030599954501226803,0.0029538251978031018],[0.0028471013832413639,0.0029538251978031018,0.0029417594386603762,0.0030055809081536052,0.0029417594386603762,0.0029538251978031018,0.0028471013832413639]],[[0.0030092809433024722,0.0031187938658498739,0.0031064163763397583,0.0031719142411954578,0.0031064163763397583,0.0031187938658498739,0.0030092809433024722],[0.0031187938658498739,0.0032276806416489433,0.0032175760991006086,0.003281708159345669,0.0032175760991006086,0.0032276806416489433,0.0031187938658498739],[0.0031064163763397583,0.0032175760991006086,0.0032496518970755359,0.003281784465244218,0.0032496518970755359,0.0032175760991006086,0.0031064163763397583],[0.0031719142411954578,0.003281708159345669,0.003281784465244218,0.0033412796524558436,0.003281784465244218,0.003281708159345669,0.0031719142411954578],[0.0031064163763397583,0.0032175760991006086,0.0032496518970755359,0.003281784465244218,0.0032496518970755359,0.0032175760991006086,0.0031064163763397583],[0.0031187938658498739,0.0032276806416489433,0.0032175760991006086,0.003281708159345669,0.0032175760991006086,0.0032276806416489433,0.0031187938658498739],[0.0030092809433024722,0.0031187938658498739,0.0031064163763397583,0.0031719142411954578,0.0031064163763397583,0.0031187938658498739,0.0030092809433024722]],[[0.0031756320486085047,0.0032879179297005535,0.0032752305161738333,0.0033423950739930497,0.0032752305161738333,0.0032879179297005535,0.0031756320486085047],[0.0032879179297005535,0.0033995054635036358,0.003389153646070489,0.0034548844925453188,0.00338915