{"M_cells":[[[0,0,0,0,0],[0,0,0,0,0],[0,0,0,0,0],[0,0,0,0,0],[0,0,0,0,0]],[[0.00021870967293166542,0.00053313283147673617,0.00062639851760792507,0.00053313283147673617,0.00021870967293166542],[0.00053313283147673617,0.0010977906845265034,0.0012697805804759289,0.0010977906845265034,0.00053313283147673617],[0.00062639851760792507,0.0012697805804759289,0.0014680106809227076,0.0012697805804759289,0.00062639851760792507],[0.00053313283147673617,0.0010977906845265034,0.0012697805804759289,0.0010977906845265034,0.00053313283147673617],[0.00021870967293166542,0.00053313283147673617,0.00062639851760792507,0.00053313283147673617,0.00021870967293166542]],[[0.001197011081398328,0.0019621268289594274,0.00220036671545339,0.0019621268289594274,0.001197011081398328],[0.0019621268289594274,0.0029527112500109297,0.0032680128986355733,0.00295271125001093,0.0019621268289594274],[0.00220036671545339,0.0032680128986355733,0.0036090026434493568,0.0032680128986355733,0.00220036671545339],[0.0019621268289594274,0.00295271125001093,0.0032680128986355733,0.00295271125001093,0.0019621268289594278],[0.001197011081398328,0.0019621268289594274,0.00220036671545339,0.0019621268289594278,0.001197011081398328]],[[0.002920934172978595,0.0040546062254670249,0.0044173025093259049,0.0040546062254670249,0.002920934172978595],[0.0040546062254670249,0.0053565599820988808,0.0057799795817093614,0.0053565599820988808,0.0040546062254670249],[0.0044173025093259049,0.0057799795817093614,0.0062236413337421644,0.0057799795817093614,0.0044173025093259049],[0.0040546062254670249,0.0053565599820988808,0.0057799795817093614,0.0053565599820988817,0.0040546062254670258],[0.002920934172978595,0.0040546062254670249,0.0044173025093259049,0.0040546062254670258,0.0029209341729785955]],[[0.0052212831529552814,0.0066292767097818946,0.0070867220229962769,0.0066292767097818955,0.0052212831529552823],[0.0066292767097818946,0.0081565080407041482,0.0086590049588743459,0.0081565080407041482,0.0066292767097818955],[0.0070867220229962769,0.0086590049588743459,0.0091765199460451616,0.0086590049588743459,0.0070867220229962778],[0.0066292767097818955,0.0081565080407041482,0.0086590049588743459,0.00815650804070415,0.0066292767097818964],[0.0052212831529552823,0.0066292767097818955,0.0070867220229962778,0.0066292767097818964,0.0052212831529552832]],[[0.0079447652285123717,0.0095521131493218146,0.010079072768353198,0.009552113149321818,0.0079447652285123734],[0.0095521131493218146,0.011241759206750164,0.011801485741275795,0.011241759206750166,0.009552113149321818],[0.010079072768353198,0.011801485741275795,0.012372135234240524,0.011801485741275796,0.0100790727683532],[0.009552113149321818,0.011241759206750166,0.011801485741275796,0.011241759206750166,0.009552113149321818],[0.0079447652285123734,0.009552113149321818,0.0100790727683532,0.009552113149321818,0.0079447652285123752]],[[0.010974553420537729,0.01272579985288781,0.013303125852541195,0.012725799852887812,0.010974553420537733],[0.01272579985288781,0.014532411231627101,0.015133407765830059,0.014532411231627101,0.012725799852887812],[0.013303125852541195,0.015133407765830059,0.015742294955630818,0.015133407765830059,0.013303125852541195],[0.012725799852887812,0.014532411231627101,0.015133407765830059,0.014532411231627103,0.012725799852887812],[0.010974553420537733,0.012725799852887812,0.013303125852541195,0.012725799852887812,0.010974553420537733]],[[0.014225196454007293,0.016080115186090989,0.016693779208916702,0.016080115186090989,0.014225196454007293],[0.016080115186090989,0.017970944874247486,0.018601670172107461,0.017970944874247486,0.016080115186090989],[0.016693779208916702,0.018601670172107461,0.019238082906952107,0.018601670172107461,0.016693779208916702],[0.016080115186090989,0.017970944874247486,0.018601670172107461,0.017970944874247486,0.016080115186090992],[0.014225196454007293,0.016080115186090989,0.016693779208916702,0.016080115186090992,0.014225196454007294]],[[0.017634915374548522,0.019564496385891875,0.020204343022561737,0.019564496385891875,0.017634915374548522],[0.019564496385891875,0.021515976374512476,0.02216811347381897,0.021515976374512476,0.019564496385891875],[0.020204343022561737,0.02216811347381897,0.022824347642868396,0.02216811347381897,0.020204343022561737],[0.019564496385891875,0.021515976374512476,0.02216811347381897,0.021515976374512476,0.019564496385891875],[0.017634915374548522,0.019564496385891875,0.020204343022561737,0.019564496385891875,0.017634915374548522]],[[0.021159201510268667,0.023142560082897938,0.023801267987640696,0.023142560082897938,0.021159201510268667],[0.023142560082897938,0.0251377334498158,0.025805295732431364,0.0251377334498158,0.023142560082897938],[0.023801267987640696,0.025805295732431364,0.026475809653486976,0.025805295732431364,0.023801267987640696],[0.023142560082897938,0.0251377334498158,0.025805295732431364,0.0251377334498158,0.023142560082897938],[0.021159201510268667,0.023142560082897938,0.023801267987640696,0.023142560082897938,0.021159201510268667]],[[0.024766021164952058,0.026788128878972008,0.027460427053281496,0.026788128878972008,0.024766021164952058],[0.026788128878972008,0.02881479486652171,0.029493474294773642,0.02881479486652171,0.026788128878972008],[0.027460427053281496,0.029493474294773642,0.030174280936601593,0.029493474294773642,0.027460427053281496],[0.026788128878972008,0.02881479486652171,0.029493474294773642,0.02881479486652171,0.026788128878972008],[0.024766021164952058,0.026788128878972008,0.027460427053281496,0.026788128878972008,0.024766021164952058]],[[0.028432323707909365,0.030482366221416812,0.0311644611036476,0.030482366221416812,0.028432323707909365],[0.030482366221416812,0.032531744505434362,0.033218440734603449,0.032531744505434362,0.030482366221416812],[0.0311644611036476,0.033218440734603449,0.03390667083887984,0.033218440734603449,0.031164461103647602],[0.030482366221416812,0.032531744505434362,0.033218440734603449,0.032531744505434362,0.030482366221416812],[0.028432323707909365,0.030482366221416812,0.031164461103647602,0.030482366221416812,0.028432323707909365]],[[0.032141520671238932,0.034211714466382839,0.034900875621519556,0.034211714466382839,0.032141520671238932],[0.034211714466382839,0.036277484308757282,0.03696996556032503,0.036277484308757282,0.034211714466382839],[0.034900875621519556,0.03696996556032503,0.037663553577509459,0.03696996556032503,0.034900875621519556],[0.034211714466382839,0.036277484308757282,0.03696996556032503,0.036277484308757282,0.034211714466382839],[0.032141520671238932,0.034211714466382839,0.034900875621519556,0.034211714466382839,0.032141520671238932]],[[0.03588167086910226,0.037966411919699267,0.038660673551618716,0.037966411919699267,0.03588167086910226],[0.037966411919699267,0.040044021210392751,0.04074068030145557,0.040044021210392751,0.037966411919699267],[0.038660673551618716,0.04074068030145557,0.0414381385936835,0.04074068030145557,0.038660673551618716],[0.037966411919699267,0.040044021210392751,0.04074068030145557,0.040044021210392751,0.037966411919699267],[0.03588167086910226,0.037966411919699267,0.038660673551618716,0.037966411919699267,0.03588167086910226]],[[0.039644174946680127,0.041739426463021992,0.042437372648061376,0.041739426463021992,0.039644174946680127],[0.041739426463021992,0.043825594869904241,0.044525273756320191,0.043825594869904241,0.041739426463021992],[0.042437372648061376,0.044525273756320191,0.045225530244539631,0.044525273756320191,0.042437372648061376],[0.041739426463021992,0.043825594869904241,0.044525273756320191,0.043825594869904241,0.041739426463021992],[0.039644174946680127,0.041739426463021992,0.042437372648061376,0.041739426463021992,0.039644174946680127]],[[0.043422836589434917,0.045525688739942359,0.046226298961502467,0.045525688739942359,0.043422836589434917],[0.045525688739942359,0.047618050421110912,0.048319914020859243,0.047618050421110912,0.045525688739942359],[0.046226298961502467,0.048319914020859243,0.049022195438350985,0.048319914020859243,0.046226298961502467],[0.045525688739942359,0.047618050421110912,0.048319914020859243,0.047618050421110912,0.045525688739942359],[0.043422836589434917,0.045525688739942359,0.046226298961502467,0.045525688739942359,0.043422836589434917]],[[0.047213187423252229,0.049321540715505714,0.05002407877767906,0.049321540715505714,0.047213187423252229],[0.049321540715505714,0.051418387370343349,0.052121832821613971,0.051418387370343349,0.049321540715505714],[0.05002407877767906,0.052121832821613971,0.052825580753982228,0.052121832821613971,0.05002407877767906],[0.049321540715505714,0.051418387370343349,0.052121832821613971,0.051418387370343349,0.049321540715505714],[0.047213187423252229,0.049321540715505714,0.05002407877767906,0.049321540715505714,0.047213187423252229]],[[0.051012001509578679,0.053124339079889046,0.053828273214583285,0.053124339079889046,0.051012001509578679],[0.053124339079889046,0.0552244351404377,0.05592902653712372,0.0552244351404377,0.053124339079889046],[0.053828273214583285,0.05592902653712372,0.056633837034209739,0.05592902653712372,0.053828273214583285],[0.053124339079889046,0.0552244351404377,0.05592902653712372,0.0552244351404377,0.053124339079889046],[0.051012001509578679,0.053124339079889046,0.053828273214583285,0.053124339079889046,0.051012001509578679]],[[0.054816946155386861,0.056932169982281219,0.057637115385053617,0.056932169982281219,0.054816946155386861],[0.056932169982281219,0.059034619673436088,0.059740041118967441,0.059034619673436088,0.056932169982281219],[0.057637115385053617,0.059740041118967441,0.060445621254896921,0.059740041118967441,0.057637115385053617],[0.056932169982281219,0.059034619673436088,0.059740041118967441,0.059034619673436088,0.056932169982281219],[0.054816946155386861,0.056932169982281219,0.057637115385053617,0.056932169982281219,0.054816946155386861]],[[0.058626330733031792,0.060743643812723271,0.061449321305287553,0.060743643812723271,0.058626330733031792],[0.060743643812723271,0.062847795507668447,0.063553817340238364,0.062847795507668447,0.060743643812723271],[0.061449321305287553,0.063553817340238364,0.064259953959708488,0.063553817340238364,0.061449321305287553],[0.060743643812723271,0.062847795507668447,0.063553817340238364,0.062847795507668447,0.060743643812723271],[0.058626330733031792,0.060743643812723271,0.061449321305287553,0.060743643812723271,0.058626330733031792]],[[0.062438925971553712,0.064557747541786517,0.06526395383017175,0.064557747541786517,0.062438925971553712],[0.064557747541786517,0.066663124934664739,0.067369579423329509,0.066663124934664739,0.064557747541786517],[0.06526395383017175,0.067369579423329509,0.068076116650466229,0.067369579423329509,0.06526395383017175],[0.064557747541786517,0.066663124934664739,0.067369579423329509,0.066663124934664739,0.064557747541786517],[0.062438925971553712,0.064557747541786517,0.06526395383017175,0.064557747541786517,0.062438925971553712]],[[0.066253833920191421,0.068373738447649574,0.0690803247182311,0.068373738447649574,0.066253833920191421],[0.068373738447649574,0.070479991009457843,0.071186754860352017,0.070479991009457843,0.068373738447649574],[0.0690803247182311,0.071186754860352017,0.0718935779084001,0.071186754860352017,0.0690803247182311],[0.068373738447649574,0.070479991009457843,0.071186754860352017,0.070479991009457843,0.068373738447649574],[0.066253833920191421,0.068373738447649574,0.0690803247182311,0.068373738447649574,0.066253833920191421]],[[0.070070394348058826,0.072191067603095307,0.07289792411399873,0.072191067603095307,0.070070394348058826],[0.072191067603095307,0.074297934903153146,0.075004916662514229,0.074297934903153146,0.072191067603095307],[0.07289792411399873,0.075004916662514229,0.075711940174125525,0.075004916662514229,0.07289792411399873],[0.072191067603095307,0.074297934903153146,0.075004916662514229,0.074297934903153146,0.072191067603095307],[0.070070394348058826,0.072191067603095307,0.07289792411399873,0.072191067603095307,0.070070394348058826]],[[0.073888117343132789,0.0760093247607943,0.076716369744215474,0.0760093247607943,0.073888117343132789],[0.0760093247607943,0.0781166107576429,0.078823741735709829,0.0781166107576429,0.0760093247607943],[0.076716369744215474,0.078823741735709829,0.079530901380742716,0.078823741735709829,0.076716369744215474],[0.0760093247607943,0.0781166107576429,0.078823741735709829,0.0781166107576429,0.0760093247607943],[0.073888117343132789,0.0760093247607943,0.076716369744215474,0.0760093247607943,0.073888117343132789]],[[0.077706634748708717,0.0798281986233181,0.0805353702872756,0.0798281986233181,0.077706634748708717],[0.0798281986233181,0.0819357531228052,0.08264298084897391,0.0819357531228052,0.0798281986233181],[0.0805353702872756,0.08264298084897391,0.083350227264146176,0.08264298084897391,0.0805353702872756],[0.0798281986233181,0.0819357531228052,0.08264298084897391,0.0819357531228052,0.0798281986233181],[0.077706634748708717,0.0798281986233181,0.0805353702872756,0.0798281986233181,0.077706634748708717]],[[0.081525665142625908,0.0836474481724313,0.084354698930669922,0.0836474481724313,0.081525665142625908],[0.0836474481724313,0.085755153437295534,0.086462436934718737,0.085755153437295534,0.0836474481724313],[0.084354698930669922,0.086462436934718737,0.087169731346460569,0.086462436934718737,0.084354698930669922],[0.0836474481724313,0.085755153437295534,0.086462436934718737,0.085755153437295534,0.0836474481724313],[0.081525665142625908,0.0836474481724313,0.084354698930669922,0.0836474481724313,0.081525665142625908]],[[0.085344988550719064,0.0874668819461445,0.088174174249377069,0.0874668819461445,0.085344988550719064],[0.0874668819461445,0.089574643006954363,0.090281949374486109,0.089574643006954363,0.0874668819461445],[0.088174174249377069,0.090281949374486109,0.090989260431134478,0.090281949374486109,0.088174174249377069],[0.0874668819461445,0.089574643006954363,0.090281949374486109,0.089574643006954363,0.0874668819461445],[0.085344988550719064,0.0874668819461445,0.088174174249377069,0.0874668819461445,0.085344988550719064]],[[0.089164428154616962,0.091286343024787345,0.091993646342386715,0.091286343024787345,0.089164428154616962],[0.091286343024787345,0.0933940806487822,0.094101382581812887,0.0933940806487822,0.091286343024787345],[0.091993646342386715,0.094101382581812887,0.094808684054171713,0.094101382581812887,0.091993646342386715],[0.091286343024787345,0.0933940806487822,0.094101382581812887,0.0933940806487822,0.091286343024787345],[0.089164428154616962,0.091286343024787345,0.091993646342386715,0.091286343024787345,0.089164428154616962]],[[0.092983837022442381,0.095105698115056064,0.095812986742695935,0.095105698115056064,0.092983837022442381],[0.095105698115056064,0.097213343681856371,0.097920617666843762,0.097213343681856371,0.095105698115056064],[0.095812986742695935,0.097920617666843762,0.09862788677168656,0.097920617666843762,0.095812986742695935],[0.095105698115056064,0.097213343681856371,0.097920617666843762,0.097213343681856371,0.095105698115056064],[0.092983837022442381,0.095105698115056064,0.095812986742695935,0.095105698115056064,0.092983837022442381]],[[0.0968030884435633,0.098924829572264616,0.09963208103192242,0.098924829572264616,0.0968030884435633],[0.098924829572264616,0.10103232131568983,0.10173954630745211,0.10103232131568983,0.098924829572264616],[0.09963208103192242,0.10173954630745211,0.10244676247725022,0.10173954630745211,0.09963208103192242],[0.098924829572264616,0.10103232131568983,0.10173954630745211,0.10103232131568983,0.098924829572264616],[0.0968030884435633,0.098924829572264616,0.09963208103192242,0.098924829572264616,0.0968030884435633]],[[0.10062206884573464,0.10274362952553044,0.10345082338967965,0.10274362952553044,0.10062206884573464],[0.10274362952553044,0.10485090975196688,0.10555806619620853,0.10485090975196688,0.10274362952553044],[0.10345082338967965,0.10555806619620853,0.10626521016777309,0.10555806619620853,0.10345082338967965],[0.10274362952553044,0.10485090975196688,0.10555806619620853,0.10485090975196688,0.10274362952553044],[0.10062206884573464,0.10274362952553044,0.10345082338967965,0.10274362952553044,0.10062206884573464]],[[0.10444067255883381,0.10656199550399333,0.10726911252278758,0.10656199550399333,0.10444067255883381],[0.10656199550399333,0.10866900850643994,0.10937607760836299,0.10866900850643994,0.10656199550399333],[0.10726911252278758,0.10937607760836299,0.11008313073860093,0.10937607760836299,0.10726911252278758],[0.10656199550399333,0.10866900850643994,0.10937607760836299,0.10866900850643994,0.10656199550399333],[0.10444067255883381,0.10656199550399333,0.10726911252278758,0.10656199550399333,0.10444067255883381]],[[0.10825879789460063,0.11037982712984125,0.111086848573909,0.11037982712984125,0.10825879789460063],[0.11037982712984125,0.1124865175948961,0.11319348076234782,0.1124865175948961,0.11037982712984125],[0.111086848573909,0.11319348076234782,0.11390042450486304,0.11319348076234782,0.111086848573909],[0.11037982712984125,0.1124865175948961,0.11319348076234782,0.1124865175948961,0.11037982712984125],[0.10825879789460063,0.11037982712984125,0.111086848573909,0.11037982712984125,0.10825879789460063]],[[0.11207634415952204,0.11419702356446573,0.11490393072019235,0.11419702356446573,0.11207634415952204],[0.11419702356446573,0.11630333532564303,0.11701017373507222,0.11630333532564303,0.11419702356446573],[0.11490393072019235,0.11701017373507222,0.1177169892296812,0.11701017373507222,0.11490393072019235],[0.11419702356446573,0.11630333532564303,0.11701017373507222,0.11630333532564303,0.11419702356446573],[0.11207634415952204,0.11419702356446573,0.11490393072019235,0.11419702356446573,0.11207634415952204]],[[0.11589320932408168,0.11801348148068629,0.11872025525232052,0.11801348148068629,0.11589320932408168],[0.11801348148068629,0.12011935651176871,0.12082605075950467,0.12011935651176871,0.11801348148068629],[0.11872025525232052,0.12082605075950467,0.12153271849990775,0.12082605075950467,0.11872025525232052],[0.11801348148068629,0.12011935651176871,0.12082605075950467,0.12011935651176871,0.11801348148068629],[0.11589320932408168,0.11801348148068629,0.11872025525232052,0.11801348148068629,0.11589320932408168]],[[0.11970928814770995,0.12182909339607793,0.1225357139815325,0.12182909339607793,0.11970928814770995],[0.12182909339607793,0.1239344709671325,0.12464100077872139,0.1239344709671325,0.12182909339607793],[0.1225357139815325,0.12464100077872139,0.1253475003330182,0.12464100077872139,0.1225357139815325],[0.12182909339607793,0.1239344709671325,0.12464100077872139,0.1239344709671325,0.12182909339607793],[0.11970928814770995,0.12182909339607793,0.1225357139815325,0.12182909339607793,0.11970928814770995]],[[0.12352447061348187,0.12564374624704572,0.12635019286324767,0.12564374624704572,0.12352447061348187],[0.12564374624704572,0.12774856218645614,0.12845490616411231,0.12774856218645614,0.12564374624704572],[0.12635019286324767,0.12845490616411231,0.12916121592962096,0.12845490616411231,0.12635019286324767],[0.12564374624704572,0.12774856218645614,0.12845490616411231,0.12774856218645614,0.12564374624704572],[0.12352447061348187,0.12564374624704572,0.12635019286324767,0.12564374624704572,0.12352447061348187]],[[0.12733864056579772,0.12945732011521577,0.13016357075528345,0.12945732011521577,0.12733864056579772],[0.12945732011521577,0.13156150613590192,0.13226764152936754,0.13156150613590192,0.12945732011521577],[0.13016357075528345,0.13226764152936754,0.13297373850804536,0.13226764152936754,0.13016357075528345],[0.12945732011521577,0.13156150613590192,0.13226764152936754,0.13156150613590192,0.12945732011521577],[0.12733864056579772,0.12945732011521577,0.13016357075528345,0.12945732011521577,0.12733864056579772]],[[0.1311516744722466,0.13326968704043582,0.13397571824956078,0.13326968704043582,0.1311516744722466],[0.13326968704043582,0.13537317009900154,0.13607907258884666,0.13537317009900154,0.13326968704043582],[0.13397571824956078,0.13607907258884666,0.1367849321730637,0.13607907258884666,0.13397571824956078],[0.13326968704043582,0.13537317009900154,0.13607907258884666,0.13537317009900154,0.13326968704043582],[0.1311516744722466,0.13326968704043582,0.13397571824956078,0.13326968704043582,0.1311516744722466]],[[0.13496344025093654,0.13708070987095355,0.13778649653117911,0.13708070987095355,0.13496344025093654],[0.13708070987095355,0.13918341153601843,0.13988905502108037,0.13918341153601843,0.13708070987095355],[0.13778649653117911,0.13988905502108037,0.14059465078194533,0.13988905502108037,0.13778649653117911],[0.13708070987095355,0.13918341153601843,0.13988905502108037,0.13918341153601843,0.13708070987095355],[0.13496344025093654,0.13708070987095355,0.13778649653117911,0.13708070987095355,0.13496344025093654]],[[0.13877379611865523,0.14089024111284665,0.14159575622920526,0.14089024111284665,0.13877379611865523],[0.14089024111284665,0.1429920769241094,0.14369743330663226,0.1429920769241094,0.14089024111284665],[0.14159575622920526,0.14369743330663226,0.14440273677879994,0.14369743330663226,0.14159575622920526],[0.14089024111284665,0.1429920769241094,0.14369743330663226,0.1429920769241094,0.14089024111284665],[0.13877379611865523,0.14089024111284665,0.14159575622920526,0.14089024111284665,0.13877379611865523]],[[0.14258258942543656,0.14469812174884722,0.14540333623098164,0.14469812174884722,0.14258258942543656],[0.14469812174884722,0.1467990005521447,0.14750403951550811,0.1467990005521447,0.14469812174884722],[0.14540333623098164,0.14750403951550811,0.14820901997361166,0.14750403951550811,0.14540333623098164],[0.14469812174884722,0.1467990005521447,0.14750403951550811,0.1467990005521447,0.14469812174884722],[0.14258258942543656,0.14469812174884722,0.14540333623098164,0.14469812174884722,0.14258258942543656]],[[0.14638965544802082,0.14850418000227456,0.14920906243687745,0.14850418000227456,0.14638965544802082],[0.14850418000227456,0.15060400324849746,0.15130869202335098,0.15060400324849746,0.14850418000227456],[0.14920906243687745,0.15130869202335098,0.15201331624603287,0.15130869202335098,0.14920906243687745],[0.14850418000227456,0.15060400324849746,0.15130869202335098,0.15060400324849746,0.14850418000227456],[0.14638965544802082,0.14850418000227456,0.14920906243687745,0.14850418000227456,0.14638965544802082]],[[0.15019481611960112,0.1523082300258973,0.15301274643591969,0.1523082300258973,0.15019481611960112],[0.1523082300258973,0.15440689102334776,0.1551111941385567,0.15440689102334776,0.1523082300258973],[0.15301274643591969,0.1551111941385567,0.15581542615666169,0.1551111941385567,0.15301274643591969],[0.1523082300258973,0.15440689102334776,0.1551111941385567,0.15440689102334776,0.1523082300258973],[0.15019481611960112,0.1523082300258973,0.15301274643591969,0.1523082300258973,0.15019481611960112]],[[0.15399787867676989,0.1561100704979122,0.15681418408527575,0.1561100704979122,0.15399787867676989],[0.1561100704979122,0.15820745360895022,0.15891133262424595,0.15820745360895022,0.1561100704979122],[0.15681418408527575,0.15891133262424595,0.15961513345011777,0.15891133262424595,0.15681418408527575],[0.1561100704979122,0.15820745360895022,0.15891133262424595,0.15820745360895022,0.1561100704979122],[0.15399787867676989,0.1561100704979122,0.15681418408527575,0.1561100704979122,0.15399787867676989]],[[0.15779863420663917,0.15990948310929648,0.1606131539780617,0.15990948310929648,0.15779863420663917],[0.15990948310929648,0.16200546288290874,0.16270887610039161,0.16200546288290874,0.15990948310929648],[0.1606131539780617,0.16270887610039161,0.16341220343548679,0.16270887610039161,0.1606131539780617],[0.15990948310929648,0.16200546288290874,0.16270887610039161,0.16200546288290874,0.15990948310929648],[0.15779863420663917,0.15990948310929648,0.1606131539780617,0.15990948310929648,0.15779863420663917]],[[0.16159685607891425,0.16370623092791503,0.16440941578508689,0.16370623092791503,0.16159685607891425],[0.16370623092791503,0.16580067116041838,0.16650357331226379,0.16580067116041838,0.16370623092791503],[0.16440941578508689,0.16650357331226379,0.16720638123049131,0.16650357331226379,0.16440941578508689],[0.16370623092791503,0.16580067116041838,0.16650357331226379,0.16580067116041838,0.16370623092791503],[0.16159685607891425,0.16370623092791503,0.16440941578508689,0.16370623092791503,0.16159685607891425]],[[0.16539229824873564,0.16750005662574496,0.16820270845725635,0.16750005662574496,0.16539229824873564],[0.16750005662574496,0.16959280934235227,0.17029515125227454,0.16959280934235227,0.16750005662574496],[0.16820270845725635,0.17029515125227454,0.17099738985662033,0.17029515125227454,0.16820270845725635],[0.16750005662574496,0.16959280934235227,0.17029515125227454,0.16959280934235227,0.16750005662574496],[0.16539229824873564,0.16750005662574496,0.16820270845725635,0.16750005662574496,0.16539229824873564]],[[0.16918469341684084,0.17129068055636698,0.17199274827575578,0.17129068055636698,0.16918469341684084],[0.17129068055636698,0.17338158490676905,0.17408331312291286,0.17338158490676905,0.17129068055636698],[0.17199274827575578,0.17408331312291286,0.17478492817306909,0.17408331312291286,0.17199274827575578],[0.17129068055636698,0.17338158490676905,0.17408331312291286,0.17338158490676905,0.17129068055636698],[0.16918469341684084,0.17129068055636698,0.17199274827575578,0.17129068055636698,0.16918469341684084]],[[0.17297375103492704,0.17507779867093495,0.17577922673852342,0.17507779867093495,0.17297375103492704],[0.17507779867093495,0.17716667973265177,0.17786773612979714,0.17716667973265177,0.17507779867093495],[0.17577922673852342,0.17786773612979714,0.17856866863870996,0.17786773612979714,0.17577922673852342],[0.17507779867093495,0.17716667973265177,0.17786773612979714,0.17716667973265177,0.17507779867093495],[0.17297375103492704,0.17507779867093495,0.17577922673852342,0.17507779867093495,0.17297375103492704]],[[0.17675915514461704,0.17886108026187539,0.17956180827243537,0.17886108026187539,0.17675915514461704],[0.17886108026187539,0.18094774774591338,0.18164806909512773,0.18094774774591338,0.17886108026187539],[0.17956180827243537,0.18164806909512773,0.18234825489264386,0.18164806909512773,0.17956180827243537],[0.17886108026187539,0.18094774774591338,0.18164806909512773,0.18094774774591338,0.17886108026187539],[0.17675915514461704,0.17886108026187539,0.17956180827243537,0.17886108026187539,0.17675915514461704]],[[0.18054056204031468,0.1826401655254648,0.18334012776265426,0.1826401655254648,0.18054056204031468],[0.1826401655254648,0.18472441237994561,0.18542392988418094,0.18472441237994561,0.1826401655254648],[0.18334012776265426,0.18542392988418094,0.18612329914636525,0.18542392988418094,0.18334012776265426],[0.1826401655254648,0.18472441237994561,0.18542392988418094,0.18472441237994561,0.1826401655254648],[0.18054056204031468,0.1826401655254648,0.18334012776265426,0.1826401655254648,0.18054056204031468]],[[0.18431759774802634,0.18641466293674178,0.18711378789311142,0.18641466293674178,0.18431759774802634],[0.18641466293674178,0.18849626384581594,0.18919490264049479,0.18849626384581594,0.18641466293674178],[0.18711378789311142,0.18919490264049479,0.1898933793837439,0.18919490264049479,0.18711378789311142],[0.18641466293674178,0.18849626384581594,0.18919490264049479,0.18849626384581594,0.18641466293674178],[0.18431759774802634,0.18641466293674178,0.18711378789311142,0.18641466293674178,0.18431759774802634]],[[0.18808985531530725,0.19018414643390216,0.19088235629573475,0.19018414643390216,0.18808985531530725],[0.19018414643390216,0.19226285621150632,0.19296053482984224,0.19226285621150632,0.19018414643390216],[0.19088235629573475,0.19296053482984224,0.19365803636969681,0.19296053482984224,0.19088235629573475],[0.19018414643390216,0.19226285621150632,0.19296053482984224,0.19226285621150632,0.19018414643390216],[0.18808985531530725,0.19018414643390216,0.19088235629573475,0.19018414643390216,0.18808985531530725]],[[0.19185689191164218,0.19394815241407887,0.19464536251137163,0.19394815241407887,0.19185689191164218],[0.19394815241407887,0.19602370429530666,0.19672033409917447,0.19602370429530666,0.19394815241407887],[0.19464536251137163,0.19672033409917447,0.19741677047482084,0.19672033409917447,0.19464536251137163],[0.19394815241407887,0.19602370429530666,0.19672033409917447,0.19602370429530666,0.19394815241407887],[0.19185689191164218,0.19394815241407887,0.19464536251137163,0.19394815241407887,0.19185689191164218]],[[0.19561822574413962,0.19770617654918599,0.19840229477218335,0.19770617654918599,0.19561822574413962],[0.19770617654918599,0.19977828038628223,0.20047376496482081,0.19977828038628223,0.19770617654918599],[0.19840229477218335,0.20047376496482081,0.201169038331715,0.20047376496482081,0.19840229477218335],[0.19770617654918599,0.19977828038628223,0.20047376496482081,0.19977828038628223,0.19770617654918599],[0.19561822574413962,0.19770617654918599,0.19840229477218335,0.19770617654918599,0.19561822574413962]],[[0.1993733328013364,0.20145767043949761,0.20215259662474611,0.20145767043949761,0.1993733328013364],[0.20145767043949761,0.20352601081514982,0.20422024535511513,0.20352601081514982,0.20145767043949761],[0.20215259662474611,0.20422024535511513,0.20491424935010319,0.20422024535511513,0.20215259662474611],[0.20145767043949761,0.20352601081514982,0.20422024535511513,0.20352601081514982,0.20145767043949761],[0.1993733328013364,0.20145767043949761,0.20215259662474611,0.20145767043949761,0.1993733328013364]],[[0.20312164344791664,0.20520203813419141,0.20589566342530258,0.20520203813419141,0.20312164344791664],[0.20520203813419141,0.207266272412166,0.20795914304648375,0.207266272412166,0.20520203813419141],[0.20589566342530258,0.20795914304648375,0.2086517621322832,0.20795914304648375,0.20589566342530258],[0.20520203813419141,0.207266272412166,0.20795914304648375,0.207266272412166,0.20520203813419141],[0.20312164344791664,0.20520203813419141,0.20589566342530258,0.20520203813419141,0.20312164344791664]],[[0.20686253890660641,0.20893863256353259,0.20963083875435595,0.20893863256353259,0.20686253890660641],[0.20893863256353259,0.21099838890604145,0.21168977205002576,0.21099838890604145,0.20893863256353259],[0.20963083875435595,0.21168977205002576,0.21238088084912624,0.21168977205002576,0.20963083875435595],[0.20893863256353259,0.21099838890604145,0.21168977205002576,0.21099838890604145,0.20893863256353259],[0.20686253890660641,0.20893863256353259,0.20963083875435595,0.20893863256353259,0.20686253890660641]],[[0.21059534768011198,0.21266675194599688,0.21335741081753246,0.21266675194599688,0.21059534768011198],[0.21266675194599688,0.21472162733894312,0.2154113890275407,0.21472162733894312,0.21266675194599688],[0.21335741081753246,0.2154113890275407,0.21610085165955814,0.2154113890275407,0.21335741081753246],[0.21266675194599688,0.21472162733894312,0.2154113890275407,0.21472162733894312,0.21266675194599688],[0.21059534768011198,0.21266675194599688,0.21335741081753246,0.21266675194599688,0.21059534768011198]],[[0.21431934198743849,0.21638563625764126,0.217074608924034,0.21638563625764126,0.21431934198743849],[0.21638563625764126,0.21843519459915681,0.21912318984322046,0.21843519459915681,0.21638563625764126],[0.217074608924034,0.21912318984322046,0.21981085928459604,0.21912318984322046,0.217074608924034],[0.21638563625764126,0.21843519459915681,0.21912318984322046,0.21843519459915681,0.21638563625764126],[0.21431934198743849,0.21638563625764126,0.217074608924034,0.21638563625764126,0.21431934198743849]],[[0.21803373431429482,0.22009446387909115,0.22078160016334122,0.22009446387909115,0.21803373431429482],[0.22009446387909115,0.22213823420390733,0.22282430638916562,0.22213823420390733,0.22009446387909115],[0.22078160016334122,0.22282430638916562,0.22351002387988769,0.22282430638916562,0.22078160016334122],[0.22009446387909115,0.22213823420390733,0.22282430638916562,0.22213823420390733,0.22009446387909115],[0.21803373431429482,0.22009446387909115,0.22078160016334122,0.22009446387909115,0.21803373431429482]],[[0.221737674208156,0.22379234856921582,0.22447748643510759,0.22379234856921582,0.221737674208156],[0.22379234856921582,0.22582982350114419,0.22651380386002493,0.22582982350114419,0.22379234856921582],[0.22447748643510759,0.22651380386002493,0.22719739838874911,0.22651380386002493,0.22447748643510759],[0.22379234856921582,0.22582982350114419,0.22651380386002493,0.22582982350114419,0.22379234856921582],[0.221737674208156,0.22379234856921582,0.22447748643510759,0.22379234856921582,0.221737674208156]],[[0.22543024548410304,0.22747833695234973,0.22816130202614918,0.22747833695234973,0.22543024548410304],[0.22747833695234973,0.22950897149930705,0.23019067869313015,0.22950897149930705,0.22747833695234973],[0.22816130202614918,0.23019067869313015,0.23087196659953754,0.23019067869313015,0.22816130202614918],[0.22747833695234973,0.22950897149930705,0.23019067869313015,0.22950897149930705,0.22747833695234973],[0.22543024548410304,0.22747833695234973,0.22816130202614918,0.22747833695234973,0.22543024548410304]],[[0.22911046404693258,0.23115140674779491,0.23183201197065714,0.23115140674779491,0.22911046404693258],[0.23115140674779491,0.23317461757731811,0.23385385743418133,0.23317461757731811,0.23115140674779491],[0.23183201197065714,0.23385385743418133,0.234532642175353,0.23385385743418133,0.23183201197065714],[0.23115140674779491,0.23317461757731811,0.23385385743418133,0.23317461757731811,0.23115140674779491],[0.22911046404693258,0.23115140674779491,0.23183201197065714,0.23115140674779491,0.22911046404693258]],[[0.23277727657752864,0.23481046601294994,0.2354885114729,0.23481046601294994,0.23277727657752864],[0.23481046601294994,0.23682563136966109,0.2375021968312295,0.23682563136966109,0.23481046601294994],[0.2354885114729,0.2375021968312295,0.23817826896670563,0.2375021968312295,0.2354885114729],[0.23481046601294994,0.23682563136966109,0.2375021968312295,0.23682563136966109,0.23481046601294994],[0.23277727657752864,0.23481046601294994,0.2354885114729,0.23481046601294994,0.23277727657752864]],[[0.23642956037307203,0.23845435371237583,0.23912962671237478,0.23845435371237583,0.23642956037307203],[0.23845435371237583,0.24046081415994658,0.24113448549754518,0.24046081415994658,0.23845435371237583],[0.23912962671237478,0.24113448549754518,0.24180762295475661,0.24113448549754518,0.23912962671237478],[0.23845435371237583,0.24046081415994658,0.24113448549754518,0.24046081415994658,0.23845435371237583],[0.23642956037307203,0.23845435371237583,0.23912962671237478,0.23845435371237583,0.23642956037307203]],[[0.2400661246684592,0.24208184195867469,0.24275411738338223,0.24208184195867469,0.2400661246684592],[0.24208184195867469,0.24407890214413411,0.24474944750984709,0.24407890214413411,0.24208184195867469],[0.24275411738338223,0.24474944750984709,0.24541941619665825,0.24474944750984709,0.24275411738338223],[0.24208184195867469,0.24407890214413411,0.24474944750984709,0.24407890214413411,0.24208184195867469],[0.2400661246684592,0.24208184195867469,0.24275411738338223,0.24208184195867469,0.2400661246684592]],[[0.24368571379322018,0.24569164029042473,0.24636068133853378,0.24569164029042473,0.24368571379322018],[0.24569164029042473,0.24767857193414797,0.24834574831491388,0.24767857193414797,0.24569164029042473],[0.24636068133853378,0.24834574831491388,0.24901230314763531,0.24834574831491388,0.24636068133853378],[0.24569164029042473,0.24767857193414797,0.24834574831491388,0.24767857193414797,0.24569164029042473],[0.24368571379322018,0.24569164029042473,0.24636068133853378,0.24569164029042473,0.24368571379322018]],[[0.24728701252789051,0.24928240234977175,0.24994796169844405,0.24928240234977175,0.24728701252789051],[0.24928240234977175,0.25125844865488922,0.25192200329488124,0.25125844865488922,0.24928240234977175],[0.24994796169844405,0.25192200329488124,0.25258488970662979,0.25192200329488124,0.24994796169844405],[0.24928240234977175,0.25125844865488922,0.25192200329488124,0.25125844865488922,0.24928240234977178],[0.24728701252789051,0.24928240234977175,0.24994796169844405,0.24928240234977178,0.24728701252789051]],[[0.2508686540061405,0.25285273528720431,0.25351455674990664,0.25285273528720431,0.2508686540061405],[0.25285273528720431,0.25481711693263093,0.25547678928015155,0.25481711693263093,0.25285273528720431],[0.25351455674990664,0.25547678928015155,0.25613574526409671,0.25547678928015155,0.25351455674990664],[0.25285273528720431,0.25481711693263093,0.25547678928015155,0.25481711693263093,0.25285273528720431],[0.2508686540061405,0.25285273528720431,0.25351455674990664,0.25285273528720431,0.2508686540061405]],[[0.25442923045615429,0.256401212145942,0.25705903287196413,0.256401212145942,0.25442923045615429],[0.256401212145942,0.25835313497285,0.25900865919067351,0.25835313497285,0.256401212145942],[0.25705903287196413,0.25900865919067351,0.25966341791398689,0.25900865919067351,0.25705903287196413],[0.256401212145942,0.25835313497285,0.25900865919067351,0.25835313497285,0.256401212145942],[0.25442923045615429,0.256401212145942,0.25705903287196413,0.256401212145942,0.25442923045615429]],[[0.25796730697730141,0.25992638735484092,0.26057994059745715,0.25992638735484092,0.25796730697730141],[0.25992638735484092,0.26186505177461106,0.2625161598263725,0.26186505177461106,0.25992638735484092],[0.26057994059745715,0.2625161598263725,0.26316645282269036,0.2625161598263725,0.26057994059745715],[0.25992638735484092,0.26186505177461106,0.2625161598263725,0.26186505177461106,0.25992638735484092],[0.25796730697730141,0.25992638735484092,0.26057994059745715,0.25992638735484092,0.25796730697730141]],[[0.26148143840299831,0.26342681528598155,0.26407583373589583,0.26342681528598155,0.26148143840299831],[0.26342681528598155,0.265351427328911,0.26599785261876407,0.265351427328911,0.26342681528598155],[0.26407583373589583,0.26599785261876407,0.26664341352992227,0.26599785261876407,0.26407583373589583],[0.26342681528598155,0.265351427328911,0.26599785261876407,0.265351427328911,0.26342681528598155],[0.26148143840299831,0.26342681528598155,0.26407583373589583,0.26342681528598155,0.26148143840299831]],[[0.26497018910688563,0.26690107161477006,0.26754529125655779,0.26690107161477006,0.26497018910688563],[0.26690107161477006,0.26881085540801719,0.26945233690780224,0.26881085540801719,0.26690107161477006],[0.26754529125655779,0.26945233690780224,0.27009290570124461,0.26945233690780224,0.26754529125655779],[0.26690107161477006,0.26881085540801719,0.26945233690780224,0.26881085540801719,0.26690107161477006],[0.26497018910688563,0.26690107161477006,0.26754529125655779,0.26690107161477006,0.26497018910688563]],[[0.26843215537729,0.2703477769707151,0.27098694137522422,0.2703477769707151,0.26843215537729],[0.2703477769707151,0.27224198829161833,0.2728782750425528,0.27224198829161833,0.2703477769707151],[0.27098694137522422,0.2728782750425528,0.27351360258279261,0.2728782750425528,0.27098694137522422],[0.2703477769707151,0.27224198829161833,0.2728782750425528,0.27224198829161833,0.2703477769707151],[0.26843215537729,0.2703477769707151,0.27098694137522422,0.2703477769707151,0.26843215537729]],[[0.27186598973286719,0.2737656221103088,0.27439948702914618,0.2737656221103088,0.27186598973286719],[0.2737656221103088,0.27564356252271605,0.27627441835208011,0.27564356252271605,0.2737656221103088],[0.27439948702914618,0.27627441835208011,0.27690427115812166,0.27627441835208011,0.27439948702914618],[0.2737656221103088,0.27564356252271605,0.27627441835208011,0.27564356252271605,0.2737656221103088],[0.27186598973286719,0.2737656221103088,0.27439948702914618,0.2737656221103088,0.27186598973286719]],[[0.27527042630578985,0.27715339360980612,0.27778173169447884,0.27715339360980612,0.27527042630578985],[0.27715339360980612,0.27901442457528058,0.27963963282886461,0.27901442457528058,0.27715339360980612],[0.27778173169447884,0.27963963282886461,0.28026379781109573,0.27963963282886461,0.27778173169447884],[0.27715339360980612,0.27901442457528058,0.27963963282886461,0.27901442457528058,0.27715339360980612],[0.27527042630578985,0.27715339360980612,0.27778173169447884,0.27715339360980612,0.27527042630578985]],[[0.27864430621315922,0.28050999890149836,0.28113260433672055,0.2805099989014983