{"M_cells":[[[0,0,0,0,0,0,0],[0,0,0,0,0,0,0],[0,0,0,0,0,0,0],[0,0,0,0,0,0,0],[0,0,0,0,0,0,0],[0,0,0,0,0,0,0],[0,0,0,0,0,0,0]],[[1.4204177577374424E-7,8.208176597075957E-7,7.3026793437516451E-7,1.0683527632503966E-6,7.3026793437516451E-7,8.208176597075957E-7,1.4204177577374424E-7],[8.208176597075957E-7,3.498227995275039E-6,3.1976530848570736E-6,4.5188888744862258E-6,3.1976530848570736E-6,3.498227995275039E-6,8.208176597075957E-7],[7.3026793437516451E-7,3.1976530848570736E-6,3.9257052199424766E-6,4.6577347511329476E-6,3.9257052199424766E-6,3.1976530848570736E-6,7.3026793437516451E-7],[1.0683527632503966E-6,4.5188888744862258E-6,4.6577347511329476E-6,6.1456082838968907E-6,4.6577347511329476E-6,4.518888874486225E-6,1.0683527632503966E-6],[7.3026793437516451E-7,3.1976530848570736E-6,3.9257052199424766E-6,4.6577347511329476E-6,3.9257052199424766E-6,3.1976530848570736E-6,7.3026793437516451E-7],[8.208176597075957E-7,3.498227995275039E-6,3.1976530848570736E-6,4.518888874486225E-6,3.1976530848570736E-6,3.498227995275039E-6,8.208176597075957E-7],[1.4204177577374424E-7,8.208176597075957E-7,7.3026793437516451E-7,1.0683527632503966E-6,7.3026793437516451E-7,8.208176597075957E-7,1.4204177577374424E-7]],[[9.98388058387515E-7,3.2864433212278039E-6,2.9847699463658948E-6,4.160171034033912E-6,2.9847699463658948E-6,3.2864433212278039E-6,9.98388058387515E-7],[3.2864433212278039E-6,8.6411724410496571E-6,8.0474176875077155E-6,1.0793036395751249E-5,8.0474176875077155E-6,8.6411724410496571E-6,3.2864433212278039E-6],[2.9847699463658948E-6,8.0474176875077155E-6,9.5320877073010467E-6,1.1022123413211874E-5,9.5320877073010467E-6,8.0474176875077155E-6,2.9847699463658948E-6],[4.160171034033912E-6,1.0793036395751249E-5,1.1022123413211874E-5,1.3995230047254719E-5,1.1022123413211874E-5,1.0793036395751249E-5,4.160171034033912E-6],[2.9847699463658948E-6,8.0474176875077155E-6,9.5320877073010467E-6,1.1022123413211874E-5,9.5320877073010467E-6,8.0474176875077155E-6,2.9847699463658948E-6],[3.2864433212278039E-6,8.6411724410496571E-6,8.0474176875077155E-6,1.0793036395751249E-5,8.0474176875077155E-6,8.6411724410496571E-6,3.2864433212278039E-6],[9.98388058387515E-7,3.2864433212278039E-6,2.9847699463658948E-6,4.160171034033912E-6,2.9847699463658948E-6,3.2864433212278039E-6,9.98388058387515E-7]],[[2.9883124356139E-6,7.3948428028816164E-6,6.8190023527622063E-6,9.14111395960413E-6,6.8190023527622063E-6,7.3948428028816164E-6,2.9883124356139E-6],[7.3948428028816164E-6,1.5424725721598328E-5,1.4545495265698363E-5,1.877791632530283E-5,1.4545495265698363E-5,1.5424725721598328E-5,7.3948428028816164E-6],[6.8190023527622063E-6,1.4545495265698363E-5,1.680106337448716E-5,1.906337981680039E-5,1.680106337448716E-5,1.4545495265698363E-5,6.8190023527622063E-6],[9.14111395960413E-6,1.877791632530283E-5,1.906337981680039E-5,2.3516790970488359E-5,1.906337981680039E-5,1.877791632530283E-5,9.14111395960413E-6],[6.8190023527622063E-6,1.4545495265698363E-5,1.680106337448716E-5,1.906337981680039E-5,1.680106337448716E-5,1.4545495265698363E-5,6.8190023527622063E-6],[7.3948428028816164E-6,1.5424725721598328E-5,1.4545495265698363E-5,1.877791632530283E-5,1.4545495265698363E-5,1.5424725721598328E-5,7.3948428028816164E-6],[2.9883124356139E-6,7.3948428028816164E-6,6.8190023527622063E-6,9.14111395960413E-6,6.8190023527622063E-6,7.3948428028816164E-6,2.9883124356139E-6]],[[6.3412373900698674E-6,1.3144734289323403E-5,1.2263859853421884E-5,1.5923955901320358E-5,1.2263859853421884E-5,1.3144734289323403E-5,6.3412373900698674E-6],[1.3144734289323403E-5,2.3847809816046842E-5,2.2691227460445556E-5,2.84479912030446E-5,2.2691227460445556E-5,2.3847809816046842E-5,1.3144734289323403E-5],[1.2263859853421884E-5,2.2691227460445556E-5,2.5725723472297145E-5,2.8768344626761085E-5,2.5725723472297145E-5,2.2691227460445556E-5,1.2263859853421884E-5],[1.5923955901320358E-5,2.84479912030446E-5,2.8768344626761085E-5,3.4697022077085924E-5,2.8768344626761085E-5,2.84479912030446E-5,1.5923955901320358E-5],[1.2263859853421884E-5,2.2691227460445556E-5,2.5725723472297145E-5,2.8768344626761085E-5,2.5725723472297145E-5,2.2691227460445556E-5,1.2263859853421884E-5],[1.3144734289323403E-5,2.3847809816046842E-5,2.2691227460445556E-5,2.84479912030446E-5,2.2691227460445556E-5,2.3847809816046842E-5,1.3144734289323403E-5],[6.3412373900698674E-6,1.3144734289323403E-5,1.2263859853421884E-5,1.5923955901320358E-5,1.2263859853421884E-5,1.3144734289323403E-5,6.3412373900698674E-6]],[[1.1182454242465889E-5,2.0534578432978677E-5,1.9335355798462978E-5,2.4451079048580839E-5,1.9335355798462978E-5,2.0534578432978677E-5,1.1182454242465889E-5],[2.0534578432978677E-5,3.39079918708928E-5,3.2481539272205846E-5,3.9784435597311961E-5,3.2481539272205846E-5,3.39079918708928E-5,2.0534578432978677E-5],[1.9335355798462978E-5,3.2481539272205846E-5,3.6299020362668446E-5,4.0125997512138441E-5,3.6299020362668446E-5,3.2481539272205846E-5,1.9335355798462978E-5],[2.4451079048580839E-5,3.9784435597311961E-5,4.0125997512138441E-5,4.7524776139138332E-5,4.0125997512138441E-5,3.9784435597311961E-5,2.4451079048580839E-5],[1.9335355798462978E-5,3.2481539272205846E-5,3.6299020362668446E-5,4.0125997512138441E-5,3.6299020362668446E-5,3.2481539272205846E-5,1.9335355798462982E-5],[2.0534578432978677E-5,3.39079918708928E-5,3.2481539272205846E-5,3.9784435597311961E-5,3.2481539272205846E-5,3.39079918708928E-5,2.0534578432978677E-5],[1.1182454242465889E-5,2.0534578432978677E-5,1.9335355798462978E-5,2.4451079048580839E-5,1.9335355798462982E-5,2.0534578432978677E-5,1.1182454242465889E-5]],[[1.7579869069789416E-5,2.9562154095746362E-5,2.8040502808867044E-5,3.468349806971448E-5,2.8040502808867048E-5,2.9562154095746365E-5,1.7579869069789416E-5],[2.9562154095746362E-5,4.5601764247346796E-5,4.3911899674650812E-5,5.2772701220391495E-5,4.3911899674650819E-5,4.56017642473468E-5,2.9562154095746365E-5],[2.8040502808867044E-5,4.3911899674650812E-5,4.8513882373434E-5,5.3126726159757866E-5,4.8513882373434005E-5,4.3911899674650819E-5,2.8040502808867048E-5],[3.468349806971448E-5,5.2772701220391495E-5,5.3126726159757866E-5,6.1990308419781489E-5,5.3126726159757873E-5,5.2772701220391495E-5,3.468349806971448E-5],[2.8040502808867048E-5,4.3911899674650819E-5,4.8513882373434005E-5,5.3126726159757873E-5,4.8513882373434005E-5,4.3911899674650819E-5,2.8040502808867051E-5],[2.9562154095746365E-5,4.56017642473468E-5,4.3911899674650819E-5,5.2772701220391495E-5,4.3911899674650819E-5,4.56017642473468E-5,2.9562154095746365E-5],[1.7579869069789416E-5,2.9562154095746365E-5,2.8040502808867048E-5,3.468349806971448E-5,2.8040502808867051E-5,2.9562154095746365E-5,1.7579869069789416E-5]],[[2.5569549852956513E-5,4.0224441071904945E-5,3.8380869694570519E-5,4.6593972912061853E-5,3.8380869694570526E-5,4.0224441071904945E-5,2.5569549852956513E-5],[4.0224441071904945E-5,5.89247797283474E-5,5.6976893474527489E-5,6.7400967489049838E-5,5.6976893474527495E-5,5.8924779728347407E-5,4.0224441071904945E-5],[3.8380869694570519E-5,5.6976893474527489E-5,6.2363257399184675E-5,6.7761841575322333E-5,6.2363257399184675E-5,5.6976893474527495E-5,3.8380869694570526E-5],[4.6593972912061853E-5,6.7400967489049838E-5,6.7761841575322333E-5,7.8084799789176937E-5,6.7761841575322333E-5,6.7400967489049838E-5,4.6593972912061853E-5],[3.8380869694570526E-5,5.6976893474527495E-5,6.2363257399184675E-5,6.7761841575322333E-5,6.2363257399184675E-5,5.6976893474527495E-5,3.8380869694570526E-5],[4.0224441071904945E-5,5.8924779728347407E-5,5.6976893474527495E-5,6.7400967489049838E-5,5.6976893474527495E-5,5.8924779728347407E-5,4.0224441071904945E-5],[2.5569549852956513E-5,4.0224441071904945E-5,3.8380869694570526E-5,4.6593972912061853E-5,3.8380869694570526E-5,4.0224441071904945E-5,2.5569549852956513E-5]],[[3.5169735051644709E-5,5.251765072704454E-5,5.0354729631461673E-5,6.0162678775197173E-5,5.0354729631461673E-5,5.251765072704454E-5,3.5169735051644709E-5],[5.251765072704454E-5,7.3872041913964934E-5,7.1670561500393541E-5,8.3659153559183849E-5,7.1670561500393541E-5,7.3872041913964934E-5,5.251765072704454E-5],[5.0354729631461673E-5,7.1670561500393541E-5,7.7840122341118085E-5,8.4023256755853427E-5,7.7840122341118085E-5,7.1670561500393541E-5,5.0354729631461673E-5],[6.0162678775197173E-5,8.3659153559183849E-5,8.4023256755853427E-5,9.58000403066236E-5,8.4023256755853427E-5,8.3659153559183849E-5,6.0162678775197173E-5],[5.0354729631461673E-5,7.1670561500393541E-5,7.7840122341118085E-5,8.4023256755853427E-5,7.7840122341118085E-5,7.1670561500393527E-5,5.0354729631461673E-5],[5.251765072704454E-5,7.3872041913964934E-5,7.1670561500393541E-5,8.3659153559183849E-5,7.1670561500393527E-5,7.3872041913964921E-5,5.2517650727044534E-5],[3.5169735051644709E-5,5.251765072704454E-5,5.0354729631461673E-5,6.0162678775197173E-5,5.0354729631461673E-5,5.2517650727044534E-5,3.5169735051644709E-5]],[[4.6388553114927114E-5,6.643731865661302E-5,6.3958355800702621E-5,7.5374478551010573E-5,6.3958355800702621E-5,6.643731865661302E-5,4.6388553114927114E-5],[6.643731865661302E-5,9.0438055684896409E-5,8.7986603179525066E-5,0.00010153828723412874,8.7986603179525066E-5,9.0438055684896409E-5,6.643731865661302E-5],[6.3958355800702621E-5,8.7986603179525066E-5,9.4937477993088811E-5,0.00010190327387783768,9.4937477993088811E-5,8.7986603179525066E-5,6.3958355800702621E-5],[7.5374478551010573E-5,0.00010153828723412874,0.00010190327387783768,0.00011512821920327803,0.00010190327387783766,0.00010153828723412874,7.5374478551010573E-5],[6.3958355800702621E-5,8.7986603179525066E-5,9.4937477993088811E-5,0.00010190327387783766,9.4937477993088811E-5,8.7986603179525066E-5,6.3958355800702621E-5],[6.643731865661302E-5,9.0438055684896409E-5,8.7986603179525066E-5,0.00010153828723412874,8.7986603179525066E-5,9.0438055684896409E-5,6.643731865661302E-5],[4.6388553114927114E-5,6.643731865661302E-5,6.3958355800702621E-5,7.5374478551010573E-5,6.3958355800702621E-5,6.643731865661302E-5,4.6388553114927114E-5]],[[5.922830631826748E-5,8.1978414907621328E-5,7.9186802048913867E-5,9.2217201378722456E-5,7.9186802048913867E-5,8.1978414907621315E-5,5.922830631826748E-5],[8.1978414907621328E-5,0.00010861694416832727,0.00010591849760024618,0.00012103010119502579,0.00010591849760024618,0.00010861694416832725,8.1978414907621315E-5],[7.9186802048913867E-5,0.00010591849760024618,0.00011364833922194308,0.00012139444359405829,0.00011364833922194308,0.00010591849760024616,7.9186802048913867E-5],[9.2217201378722456E-5,0.00012103010119502579,0.00012139444359405829,0.00013606178546644493,0.00012139444359405829,0.00012103010119502579,9.2217201378722456E-5],[7.9186802048913867E-5,0.00010591849760024618,0.00011364833922194308,0.00012139444359405829,0.00011364833922194308,0.00010591849760024618,7.9186802048913867E-5],[8.1978414907621315E-5,0.00010861694416832725,0.00010591849760024616,0.00012103010119502579,0.00010591849760024618,0.00010861694416832727,8.1978414907621328E-5],[5.922830631826748E-5,8.1978414907621315E-5,7.9186802048913867E-5,9.2217201378722456E-5,7.9186802048913867E-5,8.1978414907621328E-5,5.922830631826748E-5]],[[7.3687871053338441E-5,9.91354503051336E-5,9.6034373050159891E-5,0.00011068055412612964,9.6034373050159891E-5,9.9135450305133587E-5,7.3687871053338441E-5],[9.91354503051336E-5,0.00012840253859315229,0.00012545957636426704,0.00014212677429837237,0.00012545957636426704,0.00012840253859315229,9.9135450305133587E-5],[9.6034373050159891E-5,0.00012545957636426704,0.00013396572497971257,0.00014248947220649958,0.00013396572497971257,0.00012545957636426704,9.6034373050159891E-5],[0.00011068055412612964,0.00014212677429837237,0.00014248947220649958,0.00015859335525246132,0.00014248947220649958,0.00014212677429837237,0.00011068055412612964],[9.6034373050159891E-5,0.00012545957636426704,0.00013396572497971257,0.00014248947220649958,0.00013396572497971257,0.00012545957636426704,9.6034373050159891E-5],[9.9135450305133587E-5,0.00012840253859315229,0.00012545957636426704,0.00014212677429837237,0.00012545957636426704,0.00012840253859315229,9.91354503051336E-5],[7.3687871053338441E-5,9.9135450305133587E-5,9.6034373050159891E-5,0.00011068055412612964,9.6034373050159891E-5,9.91354503051336E-5,7.3687871053338441E-5]],[[8.9764060079131777E-5,0.00011790256982845593,0.00011449490757574262,0.00013075543180085002,0.00011449490757574262,0.00011790256982845593,8.9764060079131777E-5],[0.00011790256982845593,0.00014978844668672467,0.00014660306789980612,0.00016482076556862969,0.00014660306789980612,0.00014978844668672467,0.00011790256982845593],[0.00011449490757574262,0.00014660306789980612,0.00015588264989869845,0.0001651811605449937,0.00015588264989869848,0.00014660306789980612,0.00011449490757574262],[0.00013075543180085002,0.00016482076556862969,0.0001651811605449937,0.00018271565029912161,0.0001651811605449937,0.00016482076556862969,0.00013075543180085002],[0.00011449490757574262,0.00014660306789980612,0.00015588264989869848,0.0001651811605449937,0.00015588264989869848,0.00014660306789980612,0.00011449490757574262],[0.00011790256982845593,0.00014978844668672467,0.00014660306789980612,0.00016482076556862969,0.00014660306789980612,0.00014978844668672467,0.00011790256982845593],[8.9764060079131777E-5,0.00011790256982845593,0.00011449490757574262,0.00013075543180085002,0.00011449490757574262,0.00011790256982845593,8.9764060079131777E-5]],[[0.00010745240842487977,0.00013827363039003846,0.00013456194941274523,0.00015243347986226675,0.00013456194941274523,0.00013827363039003846,0.00010745240842487977],[0.00013827363039003846,0.000172768104315525,0.00016934212478583732,0.00018910470744427677,0.00016934212478583732,0.000172768104315525,0.00013827363039003846],[0.00013456194941274523,0.00016934212478583732,0.00017939211783792069,0.00018946236373744158,0.00017939211783792069,0.00016934212478583732,0.00013456194941274523],[0.00015243347986226675,0.00018910470744427677,0.00018946236373744158,0.00020842145677201231,0.00018946236373744158,0.00018910470744427677,0.00015243347986226675],[0.00013456194941274523,0.00016934212478583732,0.00017939211783792069,0.00018946236373744158,0.00017939211783792069,0.00016934212478583732,0.00013456194941274523],[0.00013827363039003846,0.000172768104315525,0.00016934212478583732,0.00018910470744427677,0.00016934212478583732,0.000172768104315525,0.00013827363039003846],[0.00010745240842487977,0.00013827363039003846,0.00013456194941274523,0.00015243347986226675,0.00013456194941274523,0.00013827363039003846,0.00010745240842487977]],[[0.00012674763598508049,0.00016024226345488584,0.00015622885076419491,0.00017570681584259739,0.00015622885076419491,0.00016024226345488584,0.00012674763598508049],[0.00016024226345488584,0.0001973348141360414,0.00019366984082494335,0.00021497133686105736,0.00019366984082494335,0.0001973348141360414,0.00016024226345488584],[0.00015622885076419491,0.00019366984082494335,0.00020448711712699603,0.00021532596462594573,0.00020448711712699603,0.00019366984082494335,0.00015622885076419491],[0.00017570681584259739,0.00021497133686105736,0.00021532596462594573,0.00023570359747619423,0.00021532596462594573,0.00021497133686105736,0.00017570681584259739],[0.00015622885076419491,0.00019366984082494335,0.00020448711712699603,0.00021532596462594573,0.00020448711712699603,0.00019366984082494335,0.00015622885076419491],[0.00016024226345488584,0.0001973348141360414,0.00019366984082494335,0.00021497133686105736,0.00019366984082494335,0.0001973348141360414,0.00016024226345488584],[0.00012674763598508049,0.00016024226345488584,0.00015622885076419491,0.00017570681584259739,0.00015622885076419491,0.00016024226345488584,0.00012674763598508049]],[[0.00014764392624332914,0.00018380192423299798,0.0001794888350160174,0.00020056785182937911,0.0001794888350160174,0.00018380192423299798,0.00014764392624332914],[0.00018380192423299798,0.00022348177419630584,0.00021957926176528311,0.00024241345041610827,0.00021957926176528311,0.00022348177419630584,0.00018380192423299798],[0.0001794888350160174,0.00021957926176528311,0.00023116061702629486,0.00024276485596595081,0.00023116061702629486,0.00021957926176528311,0.0001794888350160174],[0.00020056785182937911,0.00024241345041610827,0.00024276485596595081,0.00026455491269315815,0.00024276485596595081,0.00024241345041610827,0.00020056785182937913],[0.0001794888350160174,0.00021957926176528311,0.00023116061702629486,0.00024276485596595081,0.00023116061702629486,0.00021957926176528311,0.0001794888350160174],[0.00018380192423299798,0.00022348177419630584,0.00021957926176528311,0.00024241345041610827,0.00021957926176528311,0.00022348177419630584,0.00018380192423299798],[0.00014764392624332914,0.00018380192423299798,0.0001794888350160174,0.00020056785182937913,0.0001794888350160174,0.00018380192423299798,0.00014764392624332914]],[[0.00017013509854636922,0.00020894592954870408,0.00020433503494015961,0.00022700918082237305,0.00020433503494015961,0.00020894592954870408,0.00017013509854636922],[0.00020894592954870408,0.00025120209874210592,0.00024706339190990508,0.00027142387474908997,0.00024706339190990508,0.00025120209874210592,0.00020894592954870408],[0.00020433503494015961,0.00024706339190990508,0.00025940556488779576,0.00027177192813901987,0.00025940556488779576,0.00024706339190990508,0.00020433503494015961],[0.00022700918082237305,0.00027142387474908997,0.00027177192813901987,0.00029496824645587009,0.00027177192813901987,0.00027142387474908997,0.00022700918082237305],[0.00020433503494015961,0.00024706339190990508,0.00025940556488779576,0.00027177192813901987,0.00025940556488779576,0.00024706339190990508,0.00020433503494015961],[0.00020894592954870408,0.00025120209874210592,0.00024706339190990508,0.00027142387474908997,0.00024706339190990508,0.00025120209874210592,0.00020894592954870408],[0.00017013509854636922,0.00020894592954870408,0.00020433503494015961,0.00022700918082237305,0.00020433503494015961,0.00020894592954870408,0.00017013509854636922]],[[0.00019421471735993172,0.00023566748641839759,0.00023076051590318006,0.00025502350349645368,0.00023076051590318006,0.00023566748641839759,0.00019421471735993172],[0.00023566748641839759,0.00028048883293129622,0.00027611519788345507,0.00030199544640883372,0.00027611519788345507,0.00028048883293129622,0.00023566748641839759],[0.00023076051590318006,0.00027611519788345507,0.00028921488355001813,0.00030234006017601322,0.00028921488355001813,0.00027611519788345507,0.00023076051590318009],[0.00025502350349645368,0.00030199544640883372,0.00030234006017601322,0.00032693643611076588,0.00030234006017601322,0.00030199544640883372,0.00025502350349645368],[0.00023076051590318006,0.00027611519788345507,0.00028921488355001813,0.00030234006017601322,0.00028921488355001813,0.00027611519788345507,0.00023076051590318009],[0.00023566748641839759,0.00028048883293129622,0.00027611519788345507,0.00030199544640883372,0.00027611519788345507,0.00028048883293129622,0.00023566748641839759],[0.00019421471735993172,0.00023566748641839759,0.00023076051590318009,0.00025502350349645368,0.00023076051590318009,0.00023566748641839759,0.00019421471735993172]],[[0.00021987616319829343,0.000263959713109725,0.0002587582897546029,0.00028460358043714071,0.0002587582897546029,0.000263959713109725,0.00021987616319829343],[0.000263959713109725,0.00031133496272776532,0.00030672761026542746,0.000334120997483742,0.00030672761026542746,0.00031133496272776532,0.000263959713109725],[0.0002587582897546029,0.00030672761026542746,0.00032058146857630846,0.00033446211260013711,0.00032058146857630846,0.00030672761026542746,0.0002587582897546029],[0.00028460358043714071,0.000334120997483742,0.00033446211260013711,0.00036045230370622741,0.00033446211260013711,0.000334120997483742,0.00028460358043714071],[0.0002587582897546029,0.00030672761026542746,0.00032058146857630846,0.00033446211260013711,0.00032058146857630846,0.00030672761026542746,0.0002587582897546029],[0.000263959713109725,0.00031133496272776532,0.00030672761026542746,0.000334120997483742,0.00030672761026542746,0.00031133496272776532,0.000263959713109725],[0.00021987616319829343,0.000263959713109725,0.0002587582897546029,0.00028460358043714071,0.0002587582897546029,0.000263959713109725,0.00021987616319829343]],[[0.00024711267950180092,0.00029381565414328333,0.00028832132274209744,0.00031574220031553482,0.00028832132274209744,0.00029381565414328333,0.00024711267950180092],[0.00029381565414328333,0.00034373342091233812,0.00033889352347479416,0.00036779334456487776,0.00033889352347479416,0.00034373342091233812,0.00029381565414328333],[0.00028832132274209744,0.00033889352347479416,0.00035349818502094816,0.00036813092107402449,0.00035349818502094816,0.00033889352347479416,0.00028832132274209744],[0.00031574220031553482,0.00036779334456487776,0.00036813092107402449,0.00039550864820576178,0.00036813092107402449,0.00036779334456487776,0.00031574220031553482],[0.00028832132274209744,0.00033889352347479416,0.00035349818502094816,0.00036813092107402449,0.00035349818502094816,0.00033889352347479416,0.00028832132274209744],[0.00029381565414328333,0.00034373342091233812,0.00033889352347479416,0.00036779334456487776,0.00033889352347479416,0.00034373342091233812,0.00029381565414328333],[0.00024711267950180092,0.00029381565414328333,0.00028832132274209744,0.00031574220031553482,0.00028832132274209744,0.00029381565414328333,0.00024711267950180092]],[[0.00027591740387940695,0.00032522829039536162,0.000319442539413558,0.00034843215789331065,0.000319442539413558,0.00032522829039536162,0.00027591740387940695],[0.00032522829039536162,0.00037767708989090996,0.00037260579410255555,0.00040300527943965556,0.00037260579410255555,0.00037767708989090996,0.00032522829039536162],[0.000319442539413558,0.00037260579410255555,0.00038795786347052384,0.0004033392901492305,0.00038795786347052384,0.00037260579410255555,0.000319442539413558],[0.00034843215789331065,0.00040300527943965556,0.0004033392901492305,0.00043209823782682324,0.0004033392901492305,0.00040300527943965556,0.00034843215789331065],[0.000319442539413558,0.00037260579410255555,0.00038795786347052384,0.0004033392901492305,0.00038795786347052384,0.00037260579410255555,0.000319442539413558],[0.00032522829039536162,0.00037767708989090996,0.00037260579410255555,0.00040300527943965556,0.00037260579410255555,0.00037767708989090996,0.00032522829039536162],[0.00027591740387940695,0.00032522829039536162,0.000319442539413558,0.00034843215789331065,0.000319442539413558,0.00032522829039536162,0.00027591740387940695]],[[0.000306283388790546,0.00035819054519366841,0.00035211482364077467,0.00038266623792249907,0.00035211482364077467,0.00035819054519366841,0.000306283388790546],[0.00035819054519366841,0.00041315880178266251,0.00040785723777728291,0.00043974956044486729,0.00040785723777728291,0.00041315880178266251,0.00035819054519366841],[0.00035211482364077467,0.00040785723777728291,0.00042395329515488911,0.00044007998662176081,0.00042395329515488911,0.00040785723777728291,0.00035211482364077467],[0.00038266623792249907,0.00043974956044486729,0.00044007998662176081,0.00047021380200311283,0.00044007998662176081,0.00043974956044486729,0.00038266623792249907],[0.00035211482364077467,0.00040785723777728291,0.00042395329515488911,0.00044007998662176081,0.00042395329515488911,0.00040785723777728291,0.00035211482364077467],[0.00035819054519366841,0.00041315880178266251,0.00040785723777728291,0.00043974956044486729,0.00040785723777728291,0.00041315880178266251,0.00035819054519366841],[0.000306283388790546,0.00035819054519366841,0.00035211482364077467,0.00038266623792249907,0.00035211482364077467,0.00035819054519366841,0.000306283388790546]],[[0.0003382036147965022,0.00039269528707384748,0.00038633101740751479,0.00041843720238621154,0.00038633101740751479,0.00039269528707384748,0.0003382036147965022],[0.00039269528707384748,0.000450171336118522,0.0004446406245795478,0.00047801890374530432,0.0004446406245795478,0.000450171336118522,0.00039269528707384748],[0.00038633101740751479,0.0004446406245795478,0.00046147722595295178,0.00047834573212822868,0.00046147722595295178,0.0004446406245795478,0.00038633101740751479],[0.00041843720238621154,0.00047801890374530432,0.00047834573212822868,0.0005098480225931534,0.00047834573212822868,0.00047801890374530432,0.00041843720238621154],[0.00038633101740751479,0.0004446406245795478,0.00046147722595295178,0.00047834573212822868,0.00046147722595295178,0.0004446406245795478,0.00038633101740751479],[0.00039269528707384748,0.000450171336118522,0.0004446406245795478,0.00047801890374530432,0.0004446406245795478,0.000450171336118522,0.00039269528707384748],[0.0003382036147965022,0.00039269528707384748,0.00038633101740751479,0.00041843720238621154,0.00038633101740751479,0.00039269528707384748,0.0003382036147965022]],[[0.0003716709983535571,0.00042873532968129005,0.00042208391770976454,0.00045573777940368634,0.00042208391770976454,0.00042873532968129005,0.0003716709983535571],[0.00042873532968129005,0.00048870741536049449,0.00048294867297443825,0.00051780597401576527,0.00048294867297443825,0.00048870741536049449,0.00042873532968129005],[0.00042208391770976454,0.00048294867297443825,0.00050052234913519644,0.00051812919469726849,0.00050052234913519644,0.00048294867297443819,0.00042208391770976454],[0.00045573777940368634,0.00051780597401576527,0.00051812919469726849,0.00055099352403349569,0.00051812919469726849,0.00051780597401576527,0.00045573777940368634],[0.00042208391770976454,0.00048294867297443825,0.00050052234913519644,0.00051812919469726849,0.00050052234913519644,0.00048294867297443819,0.00042208391770976454],[0.00042873532968129005,0.00048870741536049449,0.00048294867297443819,0.00051780597401576527,0.00048294867297443819,0.00048870741536049449,0.00042873532968129005],[0.0003716709983535571,0.00042873532968129005,0.00042208391770976454,0.00045573777940368634,0.00042208391770976454,0.00042873532968129005,0.0003716709983535571]],[[0.00040667839541083715,0.00046630342915441513,0.0004593662717360447,0.0004945606526779346,0.0004593662717360447,0.00046630342915441513,0.00040667839541083715],[0.00046630342915441513,0.00052875969835708208,0.0005227740421957593,0.00055910337413286621,0.0005227740421957593,0.00052875969835708208,0.00046630342915441513],[0.0004593662717360447,0.0005227740421957593,0.00054108129668938509,0.0005594229790154906,0.00054108129668938509,0.0005227740421957593,0.0004593662717360447],[0.0004945606526779346,0.00055910337413286621,0.0005594229790154906,0.00059364286217610039,0.0005594229790154906,0.00055910337413286621,0.0004945606526779346],[0.0004593662717360447,0.0005227740421957593,0.00054108129668938509,0.0005594229790154906,0.00054108129668938509,0.0005227740421957593,0.0004593662717360447],[0.00046630342915441513,0.00052875969835708208,0.0005227740421957593,0.00055910337413286621,0.0005227740421957593,0.00052875969835708208,0.00046630342915441513],[0.00040667839541083715,0.00046630342915441513,0.0004593662717360447,0.0004945606526779346,0.0004593662717360447,0.00046630342915441513,0.00040667839541083715]],[[0.0004432186016271957,0.00050539227920562316,0.00049817077038223135,0.00053489845071233184,0.00049817077038223135,0.00050539227920562316,0.0004432186016271957],[0.00050539227920562316,0.00057032077177168869,0.00056410932298455753,0.000601903633556797,0.00056410932298455753,0.00057032077177168869,0.00050539227920562316],[0.00049817077038223135,0.00056410932298455753,0.000583146629070354,0.000602219615187164,0.000583146629070354,0.00056410932298455753,0.00049817077038223135],[0.00053489845071233184,0.000601903633556797,0.000602219615187164,0.0006377885115665371,0.000602219615187164,0.000601903633556797,0.00053489845071233184],[0.00049817077038223135,0.00056410932298455753,0.000583146629070354,0.000602219615187164,0.000583146629070354,0.00056410932298455753,0.00049817077038223135],[0.00050539227920562316,0.00057032077177168869,0.00056410932298455753,0.000601903633556797,0.00056410932298455753,0.00057032077177168869,0.00050539227920562316],[0.0004432186016271957,0.00050539227920562316,0.00049817077038223135,0.00053489845071233184,0.00049817077038223135,0.00050539227920562316,0.0004432186016271957]],[[0.00048128434972618904,0.00054599450401772312,0.00053849004007922952,0.00057674373523683735,0.00053849004007922952,0.00054599450401772312,0.00048128434972618904],[0.00054599450401772312,0.000613383139454076,0.00060694702655435706,0.00064619919511954256,0.00060694702655435706,0.000613383139454076,0.00054599450401772312],[0.00053849004007922952,0.00060694702655435706,0.0006267108232005424,0.00064651154576850884,0.0006267108232005424,0.00060694702655435706,0.00053849004007922952],[0.00057674373523683735,0.00064619919511954256,0.00064651154576850884,0.00068342285091884042,0.00064651154576850884,0.00064619919511954256,0.00057674373523683735],[0.00053849004007922952,0.00060694702655435706,0.0006267108232005424,0.00064651154576850884,0.0006267108232005424,0.00060694702655435706,0.00053849004007922952],[0.00054599450401772312,0.000613383139454076,0.00060694702655435706,0.00064619919511954256,0.00060694702655435706,0.000613383139454076,0.00054599450401772312],[0.00048128434972618904,0.00054599450401772312,0.00053849004007922952,0.00057674373523683735,0.00053849004007922952,0.00054599450401772312,0.00048128434972618904]],[[0.00052086830430668929,0.0005881026489918085,0.00058031663285665564,0.00062008898841246925,0.00058031663285665564,0.0005881026489918085,0.00052086830430668929],[0.0005881026489918085,0.000657939209666316,0.00065127957162468145,0.00069198239994767269,0.00065127957162468145,0.000657939209666316,0.0005881026489918085],[0.00058031663285665564,0.00065127957162468145,0.00067176625852709314,0.000692291110846664,0.00067176625852709314,0.00065127957162468145,0.00058031663285665564],[0.00062008898841246925,0.00069198239994767269,0.000692291110846664,0.00073053814652971976,0.000692291110846664,0.00069198239994767269,0.00062008898841246925],[0.00058031663285665564,0.00065127957162468145,0.00067176625852709314,0.000692291110846664,0.00067176625852709314,0.00065127957162468145,0.00058031663285665564],[0.0005881026489918085,0.000657939209666316,0.00065127957162468145,0.00069198239994767269,0.00065127957162468145,0.000657939209666316,0.0005881026489918085],[0.00052086830430668929,0.0005881026489918085,0.00058031663285665564,0.00062008898841246925,0.00058031663285665564,0.0005881026489918085,0.00052086830430668929]],[[0.00056196305428138,0.00063170916931217576,0.0006236430145203669,0.00066492659845234935,0.0006236430145203669,0.00063170916931217576,0.00056196305428138],[0.00063170916931217576,0.000703981280020448,0.00069709926933086714,0.00073924547024080346,0.00069709926933086714,0.000703981280020448,0.00063170916931217576],[0.0006236430145203669,0.00069709926933086714,0.00071830520091379973,0.00073955053091186108,0.00071830520091379973,0.00069709926933086714,0.0006236430145203669],[0.00066492659845234935,0.00073924547024080346,0.00073955053091186108,0.00077912653335107521,0.00073955053091186108,0.00073924547024080346,0.00066492659845234935],[0.0006236430145203669,0.00069709926933086714,0.00071830520091379973,0.00073955053091186108,0.00071830520091379973,0.00069709926933086714,0.0006236430145203669],[0.00063170916931217576,0.000703981280020448,0.00069709926933086714,0.00073924547024080346,0.00069709926933086714,0.000703981280020448,0.00063170916931217576],[0.00056196305428138,0.00063170916931217576,0.0006236430145203669,0.00066492659845234935,0.0006236430145203669,0.00063170916931217576,0.00056196305428138]],[[0.00060456110300710045,0.0006768064162318121,0.00066846155078190573,0.00071124884333080075,0.00066846155078190573,0.0006768064162318121,0.00060456110300710045],[0.0006768064162318121,0.00075150151993410186,0.00074439830578286134,0.000787980489608204,0.00074439830578286134,0.00075150151993410186,0.0006768064162318121],[0.00066846155078190573,0.00074439830578286134,0.00076631978411445653,0.00078828188724320127,0.00076631978411445653,0.00074439830578286134,0.00066846155078190573],[0.00071124884333080075,0.000787980489608204,0.00078828188724320127,0.00082917999340934869,0.00078828188724320127,0.000787980489608204,0.00071124884333080075],[0.00066846155078190573,0.00074439830578286134,0.00076631978411445653,0.00078828188724320127,0.00076631978411445653,0.00074439830578286134,0.00066846155078190573],[0.0006768064162318121,0.00075150151993410186,0.00074439830578286134,0.000787980489608204,0.00074439830578286134,0.00075150151993410186,0.0006768064162318121],[0.00060456110300710045,0.0006768064162318121,0.00066846155078190573,0.00071124884333080075,0.00066846155078190573,0.0006768064162318121,0.00060456110300710045]],[[0.00064865485608360345,0.00072338662092481473,0.00071476449113828478,0.00075904787225803641,0.00071476449113828478,0.00072338662092481473,0.00064865485608360345],[0.00072338662092481473,0.00080049195036022364,0.00079316872200675215,0.0008381793806371907,0.00079316872200675215,0.00080049195036022364,0.00072338662092481473],[0.00071476449113828478,0.00079316872200675215,0.00081580198853718039,0.00083847709949337265,0.00081580198853718039,0.00079316872200675215,0.00071476449113828478],[0.00075904787225803641,0.0008381793806371907,0.00083847709949337265,0.00088069033122312667,0.00083847709949337265,0.0008381793806371907,0.00075904787225803641],[0.00071476449113828478,0.00079316872200675215,0.00081580198853718039,0.00083847709949337265,0.00081580198853718039,0.00079316872200675215,0.00071476449113828478],[0.00072338662092481473,0.00080049195036022364,0.00079316872200675215,0.0008381793806371907,0.00079316872200675215,0.00080049195036022364,0.00072338662092481473],[0.00064865485608360345,0.00072338662092481473,0.00071476449113828478,0.00075904787225803641,0.00071476449113828478,0.00072338662092481473,0.00064865485608360345]],[[0.00069423660672584642,0.00077144187569872728,0.00076254395026223161,0.000808315684587367,0.00076254395026223161,0.00077144187569872728,0.00069423660672584642],[0.00077144187569872728,0.00085094442049852344,0.00084340239096284211,0.000889833879333052,0.00084340239096284211,0.00085094442049852344,0.00077144187569872728],[0.00076254395026223161,0.00084340239096284211,0.00086674361697034775,0.00089012790011977711,0.00086674361697034775,0.00084340239096284211,0.00076254395026223161],[0.000808315684587367,0.000889833879333052,0.00089012790011977711,0.00093364914583068492,0.00089012790011977711,0.000889833879333052,0.000808315684587367],[0.00076254395026223161,0.00084340239096284211,0.00086674361697034775,0.00089012790011977711,0.00086674361697034775,0.00084340239096284211,0.00076254395026223161],[0.00077144187569872728,0.00085094442049852344,0.00084340239096284211,0.000889833879333052,0.00084340239096284211,0.00085094442049852344,0.00077144187569872728],[0.00069423660672584642,0.00077144187569872728,0.00076254395026223161,0.000808315684587367,0.00076254395026223161,0.00077144187569872728,0.00069423660672584642]],[[0.0007412985185510755,0.00082096411230897243,0.00081179188662199877,0.00085904410579994335,0.00081179188662199877,0.00082096411230897243,0.0007412985185510755],[0.00082096411230897243,0.00090285058114861932,0.00089509099129205427,0.00094293550603232292,0.00089509099129205427,0.00090285058114861932,0.00082096411230897243],[0.00081179188662199877,0.00089509099129205427,0.00091913626689946767,0.00094322580526885649,0.00091913626689946778,0.00089509099129205427,0.00081179188662199877],[0.00085904410579994335,0.00094293550603232292,0.00094322580526885649,0.00098804779899724785,0.0009432258052688566,0.000942935506032323,0.00085904410579994335],[0.00081179188662199877,0.00089509099129205427,0.00091913626689946778,0.0009432258052688566,0.00091913626689946778,0.00089509099129205427,0.00081179188662199877],[0.00082096411230897243,0.00090285058114861932,0.00089509099129205427,0.000942935506032323,0.00089509099129205427,0.00090285058114861943,0.00082096411230897243],[0.0007412985185510755,0.00082096411230897243,0.00081179188662199877,0.00085904410579994335,0.00081179188662199877,0.00082096411230897243,0.0007412985185510755]],[[0.00078983260556541755,0.00087194507706781388,0.00086250007800977256,0.0009112247601817321,0.00086250007800977256,0.00087194507706781388,0.00078983260556541755],[0.00087194507706781388,0.00095620185431914717,0.00094822597740130965,0.00099747553235287039,0.00094822597740130965,0.00095620185431914717,0.00087194507706781388],[0.00086250007800977256,0.00094822597740130965,0.00097297129900377063,0.00099776208168053334,0.00097297129900377063,0.00094822597740130965,0.00086250007800977256],[0.0009112247601817321,0.00099747553235287039,0.00099776208168053334,0.0010438773791316136,0.00099776208168053334,0.00099747553235287039,0.0009112247601817321],[0.00086250007800977256,0.00094822597740130965,0.00097297129900377063,0.00099776208168053334,0.00097297129900377063,0.00094822597740130965,0.00086250007800977256],[0.00087194507706781388,0.00095620185431914717,0.00094822597740130965,0.00099747553235287039,0.00094822597740130965,0.00095620185431914717,0.00087194507706781388],[0.00078983260556541755,0.00087194507706781388,0.00086250007800977256,0.0009112247601817321,0.00086250007800977256,0.00087194507706781388,0.00078983260556541755]],[[0.0008398307090809982,0.00092437630239452758,0.0009146600936167015,0.0009648490397753507,0.0009146600936167015,0.00092437630239452758,0.0008398307090809982],[0.00092437630239452758,0.0010109893986666389,0.001002798545460312,0.0010534449437097435,0.001002798545460312,0.0010109893986666389,0.00092437630239452758],[0.0009146600936167015,0.001002798545460312,0.0010282398013844434,0.0010537277091441388,0.0010282398013844434,0.001002798545460312,0.0009146600936167016],[0.0009648490397753507,0.0010534449437097435,0.0010537277091441388,0.0011011286604077665,0.0010537277091441388,0.0010534449437097435,0.0009648490397753507],[0.0009146600936167015,0.001002798545460312,0.0010282398013844434,0.0010537277091441388,0.0010282398013844434,0.001002798545460312,0.0009146600936167016],[0.00092437630239452758,0.0010109893986666389,0.001002798545460312,0.0010534449437097435,0.001002798545460312,0.0010109893986666389,0.00092437630239452758],[0.0008398307090809982,0.00092437630239452758,0.0009146600936167016,0.0009648490397753507,0.0009146600936167016,0.00092437630239452758,0.0008398307090809982]],[[0.00089128447124643391,0.00097824907441101863,0.00096826326225544015,0.0010199080691571912,0.00096826326225544015,0.00097824907441101863,0.00089128447124643391],[0.00097824907441101863,0.0010672040703051497,0.00105879959485098,0.00111083439689945,0.00105879959485098,0.0010672040703051497,0.00097824907441101863],[0.00096826326225544015,0.00105879959485098,0.0010849325490475087,0.0011111133380105847,0.0010849325490475087,0.00105879959485098,0.00096826326225544026],[0.0010199080691571912,0.00111083439689945,0.0011111133380105847,0.0011597920565644363,0.0011111133380105847,0.00111083439689945,0.0010199080691571912],[0.00096826326225544015,0.00105879959485098,0.0010849325490475087,0.0011111133380105847,0.0010849325490475087,0.00105879959485098,0.00096826326225544026],[0.00097824907441101863,0.0010672040703051497,0.00105879959485098,0.00111083439689945,0.00105879959485098,0.0010672040703051497,0.00097824907441101863],[0.00089128447124643391,0.00097824907441101863,0.00096826326225544026,0.0010199080691571912,0.00096826326225544026,0.00097824907441101863,0.00089128447124643391]],[[0.00094418530482864079,0.0010335543961531813,0.0010233006362982823,0.0010763926655651544,0.0010233006362982823,0.0010335543961531813,0.00094418530482864079],[0.0010335543961531813,0.0011248363785088598,0.0011162196845915927,0.0011696341722445662,0.0011162196845915927,0.0011248363785088598,0.0010335543961531813],[0.0010233006362982823,0.0011162196845915927,0.0011430399581494066,0.0011699092412548098,0.0011430399581494066,0.0011162196845915927,0.0010233006362982823],[0.0010763926655651544,0.0011696341722445662,0.0011699092412548098,0.0012198575688527249,0.0011699092412548098,0.0011696341722445664,0.0010763926655651547],[0.0010233006362982823,0.0011162196845915927,0.0011430399581494066,0.0011699092412548098,0.0011430399581494066,0.0011162196845915927,0.0010233006362982823],[0.0010335543961531813,0.0011248363785088598,0.001116219684591