{"M_cells":[[[0,0,0,0,0,0],[0,0,0,0,0,0],[0,0,0,0,0,0],[0,0,0,0,0,0],[0,0,0,0,0,0],[0,0,0,0,0,0]],[[0.00072512624208525937,0.0017727967276046216,0.0022332588789821545,0.0022332588789821545,0.0017727967276046216,0.00072512624208525937],[0.0017727967276046216,0.0033537790284328848,0.0041146890167157151,0.0041146890167157151,0.0033537790284328853,0.0017727967276046216],[0.0022332588789821545,0.0041146890167157151,0.0050258598953658437,0.0050258598953658437,0.0041146890167157151,0.0022332588789821545],[0.0022332588789821545,0.0041146890167157151,0.0050258598953658437,0.0050258598953658437,0.0041146890167157151,0.0022332588789821545],[0.0017727967276046216,0.0033537790284328853,0.0041146890167157151,0.0041146890167157151,0.0033537790284328853,0.0017727967276046216],[0.00072512624208525937,0.0017727967276046216,0.0022332588789821545,0.0022332588789821545,0.0017727967276046216,0.00072512624208525937]],[[0.0028072998010623073,0.0044314610977366558,0.0051943415179409834,0.0051943415179409834,0.0044314610977366558,0.0028072998010623073],[0.0044314610977366558,0.00616734393727315,0.0070521557189030032,0.0070521557189030032,0.00616734393727315,0.0044314610977366558],[0.0051943415179409834,0.0070521557189030032,0.0079979530106088718,0.0079979530106088718,0.0070521557189030032,0.0051943415179409834],[0.0051943415179409834,0.0070521557189030032,0.0079979530106088718,0.0079979530106088718,0.0070521557189030032,0.0051943415179409834],[0.0044314610977366558,0.00616734393727315,0.0070521557189030032,0.0070521557189030032,0.00616734393727315,0.0044314610977366558],[0.0028072998010623073,0.0044314610977366558,0.0051943415179409834,0.0051943415179409834,0.0044314610977366558,0.0028072998010623073]],[[0.0054066493732275673,0.0072136158278247355,0.00809277920255873,0.00809277920255873,0.0072136158278247355,0.0054066493732275673],[0.0072136158278247355,0.0089902901547079857,0.00991474373973986,0.00991474373973986,0.0089902901547079857,0.0072136158278247355],[0.00809277920255873,0.00991474373973986,0.010861849959387403,0.010861849959387403,0.00991474373973986,0.00809277920255873],[0.00809277920255873,0.00991474373973986,0.010861849959387403,0.010861849959387403,0.0099147437397398581,0.00809277920255873],[0.0072136158278247355,0.0089902901547079857,0.00991474373973986,0.0099147437397398581,0.008990290154707984,0.0072136158278247355],[0.0054066493732275673,0.0072136158278247355,0.00809277920255873,0.00809277920255873,0.0072136158278247355,0.0054066493732275673]],[[0.0081685914738177951,0.010033561444315149,0.01095569488530943,0.01095569488530943,0.010033561444315149,0.0081685914738177951],[0.010033561444315149,0.011824625125997952,0.012763435885063743,0.012763435885063743,0.011824625125997952,0.010033561444315149],[0.01095569488530943,0.012763435885063743,0.013710588080523268,0.013710588080523268,0.012763435885063743,0.01095569488530943],[0.01095569488530943,0.012763435885063743,0.013710588080523268,0.013710588080523268,0.012763435885063743,0.01095569488530943],[0.010033561444315149,0.011824625125997952,0.012763435885063743,0.012763435885063743,0.011824625125997952,0.010033561444315149],[0.0081685914738177951,0.010033561444315149,0.01095569488530943,0.01095569488530943,0.010033561444315149,0.0081685914738177951]],[[0.010982973173637584,0.012867109706222027,0.013805056069739408,0.013805056069739408,0.012867109706222027,0.010982973173637584],[0.012867109706222027,0.014663435494343126,0.015607515541804728,0.015607515541804728,0.014663435494343126,0.012867109706222027],[0.013805056069739408,0.015607515541804728,0.016554663451089274,0.016554663451089274,0.01560751554180473,0.013805056069739408],[0.013805056069739408,0.015607515541804728,0.016554663451089274,0.016554663451089274,0.015607515541804728,0.013805056069739408],[0.012867109706222027,0.014663435494343126,0.01560751554180473,0.015607515541804728,0.014663435494343126,0.012867109706222027],[0.010982973173637584,0.012867109706222027,0.013805056069739408,0.013805056069739408,0.012867109706222027,0.010982973173637584]],[[0.013814945348211219,0.015705636942887319,0.016649396839702742,0.016649396839702742,0.015705636942887319,0.013814945348211219],[0.015705636942887319,0.017503888079902139,0.018449901416598732,0.018449901416598732,0.017503888079902139,0.015705636942887319],[0.016649396839702742,0.018449901416598732,0.019397041845678545,0.019397041845678545,0.018449901416598732,0.016649396839702742],[0.016649396839702742,0.018449901416598732,0.019397041845678545,0.019397041845678545,0.018449901416598732,0.016649396839702742],[0.015705636942887319,0.017503888079902139,0.018449901416598732,0.018449901416598732,0.017503888079902139,0.015705636942887319],[0.013814945348211219,0.015705636942887319,0.016649396839702742,0.016649396839702742,0.015705636942887319,0.013814945348211219]],[[0.016652995504818798,0.018545979311250266,0.019491872893730451,0.019491872893730451,0.018545979311250266,0.016652995504818798],[0.018545979311250266,0.020344927897035542,0.021291646873536907,0.021291646873536907,0.020344927897035542,0.018545979311250266],[0.019491872893730451,0.021291646873536907,0.022238778680879912,0.022238778680879912,0.021291646873536907,0.019491872893730451],[0.019491872893730451,0.021291646873536907,0.022238778680879912,0.022238778680879912,0.021291646873536907,0.019491872893730451],[0.018545979311250266,0.020344927897035542,0.021291646873536907,0.021291646873536907,0.020344927897035542,0.018545979311250266],[0.016652995504818798,0.018545979311250266,0.019491872893730451,0.019491872893730451,0.018545979311250266,0.016652995504818798]],[[0.019493180325689575,0.021386971191479011,0.022333643903380971,0.022333643903380971,0.021386971191479011,0.019493180325689575],[0.021386971191479011,0.02318616406143191,0.024133136279499028,0.024133136279499028,0.02318616406143191,0.021386971191479011],[0.022333643903380971,0.024133136279499028,0.02508025829630978,0.02508025829630978,0.024133136279499028,0.022333643903380971],[0.022333643903380971,0.024133136279499028,0.02508025829630978,0.02508025829630978,0.024133136279499028,0.022333643903380971],[0.021386971191479011,0.02318616406143191,0.024133136279499028,0.024133136279499028,0.02318616406143191,0.021386971191479011],[0.019493180325689575,0.021386971191479011,0.022333643903380971,0.022333643903380971,0.021386971191479011,0.019493180325689575]],[[0.02233411246808116,0.024228181197258839,0.025175133865815172,0.025175133865815172,0.024228181197258839,0.02233411246808116],[0.024228181197258839,0.026027449831816825,0.026974507928824158,0.026974507928824158,0.026027449831816825,0.024228181197258839],[0.025175133865815172,0.026974507928824158,0.027921618752907804,0.027921618752907804,0.026974507928824158,0.025175133865815172],[0.025175133865815172,0.026974507928824158,0.027921618752907804,0.027921618752907804,0.026974507928824158,0.025175133865815172],[0.024228181197258839,0.026027449831816825,0.026974507928824158,0.026974507928824158,0.026027449831816825,0.024228181197258839],[0.02233411246808116,0.024228181197258839,0.025175133865815172,0.025175133865815172,0.024228181197258839,0.02233411246808116]],[[0.025175293412346467,0.027069447496040337,0.028016495484556741,0.028016495484556741,0.027069447496040337,0.025175293412346467],[0.027069447496040337,0.028868727746153629,0.029815809044380862,0.029815809044380862,0.028868727746153629,0.027069447496040337],[0.028016495484556741,0.029815809044380862,0.03076290699787259,0.03076290699787259,0.029815809044380862,0.028016495484556741],[0.028016495484556741,0.029815809044380862,0.03076290699787259,0.03076290699787259,0.029815809044380862,0.028016495484556741],[0.027069447496040337,0.028868727746153629,0.029815809044380862,0.029815809044380862,0.028868727746153629,0.027069447496040337],[0.025175293412346467,0.027069447496040337,0.028016495484556741,0.028016495484556741,0.027069447496040337,0.025175293412346467]],[[0.028016539713390735,0.029910706881781213,0.030857781097536192,0.030857781097536192,0.029910706881781213,0.028016539713390735],[0.029910706881781213,0.031709972660839789,0.032657052820052053,0.032657052820052053,0.031709972660839789,0.029910706881781213],[0.030857781097536192,0.032657052820052053,0.033604135946450286,0.033604135946450286,0.032657052820052053,0.030857781097536192],[0.030857781097536192,0.032657052820052053,0.033604135946450286,0.033604135946450286,0.032657052820052053,0.030857781097536192],[0.029910706881781213,0.031709972660839789,0.032657052820052053,0.032657052820052053,0.031709972660839789,0.029910706881781213],[0.028016539713390735,0.029910706881781213,0.030857781097536192,0.030857781097536192,0.029910706881781213,0.028016539713390735]],[[0.030857780772751187,0.032751931916666532,0.033699005603478591,0.033699005603478591,0.032751931916666532,0.030857780772751187],[0.032751931916666532,0.0345511708225504,0.035498239438266695,0.035498239438266695,0.0345511708225504,0.032751931916666532],[0.033699005603478591,0.035498239438266695,0.036445305511689473,0.036445305511689473,0.035498239438266695,0.033699005603478591],[0.033699005603478591,0.035498239438266695,0.036445305511689473,0.036445305511689473,0.035498239438266695,0.033699005603478591],[0.032751931916666532,0.0345511708225504,0.035498239438266695,0.035498239438266695,0.0345511708225504,0.032751931916666532],[0.030857780772751187,0.032751931916666532,0.033699005603478591,0.033699005603478591,0.032751931916666532,0.030857780772751187]],[[0.033698986434932243,0.035593107831715889,0.036540169643517015,0.036540169643517015,0.035593107831715889,0.033698986434932243],[0.035593107831715889,0.037392312193996496,0.038339363828100978,0.038339363828100978,0.037392312193996496,0.035593107831715889],[0.036540169643517015,0.038339363828100978,0.039286410365410793,0.039286410365410793,0.038339363828100978,0.036540169643517015],[0.036540169643517015,0.038339363828100978,0.039286410365410793,0.039286410365410793,0.038339363828100978,0.036540169643517015],[0.035593107831715889,0.037392312193996496,0.038339363828100978,0.038339363828100978,0.037392312193996496,0.035593107831715889],[0.033698986434932243,0.035593107831715889,0.036540169643517015,0.036540169643517015,0.035593107831715889,0.033698986434932243]],[[0.036540140814521095,0.0384342240518738,0.039381268153819267,0.039381268153819267,0.0384342240518738,0.036540140814521095],[0.0384342240518738,0.04023338765167099,0.041180418539766665,0.041180418539766665,0.04023338765167099,0.0384342240518738],[0.039381268153819267,0.041180418539766665,0.042127442812148266,0.042127442812148266,0.041180418539766665,0.039381268153819267],[0.039381268153819267,0.041180418539766665,0.042127442812148266,0.042127442812148266,0.041180418539766665,0.039381268153819267],[0.0384342240518738,0.04023338765167099,0.041180418539766665,0.041180418539766665,0.04023338765167099,0.0384342240518738],[0.036540140814521095,0.0384342240518738,0.039381268153819267,0.039381268153819267,0.0384342240518738,0.036540140814521095]],[[0.039381232787059295,0.041275271097461375,0.042222293530759847,0.042222293530759847,0.041275271097461375,0.039381232787059295],[0.041275271097461375,0.043074387971620436,0.044021394817592312,0.044021394817592312,0.043074387971620436,0.041275271097461375],[0.042222293530759847,0.044021394817592312,0.044968393860388027,0.044968393860388027,0.044021394817592312,0.042222293530759847],[0.042222293530759847,0.044021394817592312,0.044968393860388027,0.044968393860388027,0.044021394817592312,0.042222293530759847],[0.041275271097461375,0.043074387971620436,0.044021394817592312,0.044021394817592312,0.043074387971620436,0.041275271097461375],[0.039381232787059295,0.041275271097461375,0.042222293530759847,0.042222293530759847,0.041275271097461375,0.039381232787059295]],[[0.042222252530386993,0.044116239459346319,0.045063236809302396,0.045063236809302396,0.044116239459346319,0.042222252530386993],[0.044116239459346319,0.045915303468763193,0.046862283005855994,0.046862283005855994,0.045915303468763193,0.044116239459346319],[0.045063236809302396,0.046862283005855994,0.047809253626310291,0.047809253626310291,0.046862283005855994,0.045063236809302396],[0.045063236809302396,0.046862283005855994,0.047809253626310291,0.047809253626310291,0.046862283005855994,0.045063236809302396],[0.044116239459346319,0.045915303468763193,0.046862283005855994,0.046862283005855994,0.045915303468763193,0.044116239459346319],[0.042222252530386993,0.044116239459346319,0.045063236809302396,0.045063236809302396,0.044116239459346319,0.042222252530386993]],[[0.045063190270813722,0.046957119196108704,0.04790408810620219,0.04790408810620219,0.046957119196108704,0.045063190270813722],[0.046957119196108704,0.048756123872640507,0.049703072705201863,0.049703072705201863,0.048756123872640507,0.046957119196108704],[0.04790408810620219,0.049703072705201863,0.050650011488091361,0.050650011488091361,0.049703072705201863,0.04790408810620219],[0.04790408810620219,0.049703072705201863,0.050650011488091361,0.050650011488091361,0.049703072705201863,0.04790408810620219],[0.046957119196108704,0.048756123872640507,0.049703072705201863,0.049703072705201863,0.048756123872640507,0.046957119196108704],[0.045063190270813722,0.046957119196108704,0.04790408810620219,0.04790408810620219,0.046957119196108704,0.045063190270813722]],[[0.04790403583263729,0.0497978997929427,0.050744836788861832,0.050744836788861832,0.0497978997929427,0.04790403583263729],[0.0497978997929427,0.051596838286434063,0.052543752833653541,0.052543752833653541,0.051596838286434063,0.0497978997929427],[0.050744836788861832,0.052543752833653541,0.053490656144899271,0.053490656144899271,0.052543752833653541,0.050744836788861832],[0.050744836788861832,0.052543752833653541,0.053490656144899271,0.053490656144899271,0.052543752833653541,0.050744836788861832],[0.0497978997929427,0.051596838286434063,0.052543752833653541,0.052543752833653541,0.051596838286434063,0.0497978997929427],[0.04790403583263729,0.0497978997929427,0.050744836788861832,0.050744836788861832,0.0497978997929427,0.04790403583263729]],[[0.050744778478583621,0.052638570113246755,0.053585471539734184,0.053585471539734184,0.052638570113246755,0.050744778478583621],[0.052638570113246755,0.054437435173197671,0.055384311649203904,0.055384311649203904,0.054437435173197671,0.052638570113246755],[0.053585471539734184,0.055384311649203904,0.056331175637601233,0.056331175637601233,0.055384311649203904,0.053585471539734184],[0.053585471539734184,0.055384311649203904,0.056331175637601233,0.056331175637601233,0.055384311649203904,0.053585471539734184],[0.052638570113246755,0.054437435173197671,0.055384311649203904,0.055384311649203904,0.054437435173197671,0.052638570113246755],[0.050744778478583621,0.052638570113246755,0.053585471539734184,0.053585471539734184,0.052638570113246755,0.050744778478583621]],[[0.053585406853584844,0.0554791183809937,0.056425980379054587,0.056425980379054587,0.0554791183809937,0.053585406853584844],[0.0554791183809937,0.057277902348949181,0.058224736755203274,0.058224736755203274,0.057277902348949181,0.0554791183809937],[0.056425980379054587,0.058224736755203274,0.059171557352410684,0.059171557352410684,0.058224736755203274,0.056425980379054587],[0.056425980379054587,0.058224736755203274,0.059171557352410684,0.059171557352410684,0.058224736755203274,0.056425980379054587],[0.0554791183809937,0.057277902348949181,0.058224736755203274,0.058224736755203274,0.057277902348949181,0.0554791183809937],[0.053585406853584844,0.0554791183809937,0.056425980379054587,0.056425980379054587,0.0554791183809937,0.053585406853584844]],[[0.056425908963295184,0.058319532171356311,0.059266350669270072,0.059266350669270072,0.058319532171356304,0.056425908963295184],[0.058319532171356311,0.060118226975374618,0.061065015096592769,0.061065015096592769,0.060118226975374618,0.058319532171356304],[0.059266350669270072,0.061065015096592769,0.062011788015510758,0.062011788015510758,0.061065015096592776,0.059266350669270072],[0.059266350669270072,0.061065015096592769,0.062011788015510758,0.062011788015510758,0.061065015096592769,0.059266350669270072],[0.058319532171356304,0.060118226975374618,0.061065015096592776,0.061065015096592769,0.060118226975374611,0.058319532171356304],[0.056425908963295184,0.058319532171356304,0.059266350669270072,0.059266350669270072,0.058319532171356304,0.056425908963295184]],[[0.059266272162379979,0.061159798401530463,0.062106569109961707,0.062106569109961707,0.061159798401530463,0.059266272162379972],[0.061159798401530463,0.06295839554967872,0.063905132950126134,0.063905132950126134,0.06295839554967872,0.061159798401530463],[0.062106569109961707,0.063905132950126134,0.06485185368178277,0.06485185368178277,0.063905132950126134,0.062106569109961707],[0.062106569109961707,0.063905132950126134,0.06485185368178277,0.06485185368178277,0.063905132950126134,0.062106569109961707],[0.061159798401530463,0.06295839554967872,0.063905132950126134,0.063905132950126134,0.06295839554967872,0.061159798401530463],[0.059266272162379972,0.061159798401530463,0.062106569109961707,0.062106569109961707,0.061159798401530463,0.059266272162379972]],[[0.062106483143622687,0.063999903318984835,0.064946621726698753,0.064946621726698753,0.063999903318984835,0.062106483143622687],[0.063999903318984835,0.06579839389085268,0.06674507590990951,0.06674507590990951,0.06579839389085268,0.063999903318984835],[0.064946621726698753,0.06674507590990951,0.0676917397189516,0.0676917397189516,0.06674507590990951,0.064946621726698753],[0.064946621726698753,0.06674507590990951,0.0676917397189516,0.0676917397189516,0.06674507590990951,0.064946621726698753],[0.063999903318984835,0.06579839389085268,0.06674507590990951,0.06674507590990951,0.06579839389085268,0.063999903318984835],[0.062106483143622687,0.063999903318984835,0.064946621726698753,0.064946621726698753,0.063999903318984835,0.062106483143622687]],[[0.064946527924733641,0.066839832486268319,0.067786493855219065,0.067786493855219065,0.066839832486268319,0.064946527924733641],[0.066839832486268319,0.068638207122216577,0.069584828868859583,0.069584828868859583,0.068638207122216577,0.066839832486268319],[0.067786493855219065,0.069584828868859583,0.070531430787730914,0.070531430787730914,0.069584828868859583,0.067786493855219065],[0.067786493855219065,0.069584828868859583,0.070531430787730914,0.070531430787730914,0.069584828868859583,0.067786493855219065],[0.066839832486268319,0.068638207122216577,0.069584828868859583,0.069584828868859583,0.068638207122216577,0.066839832486268319],[0.064946527924733641,0.066839832486268319,0.067786493855219065,0.067786493855219065,0.066839832486268319,0.064946527924733641]],[[0.067786391831848244,0.0696795707621866,0.070626170121562859,0.070626170121562859,0.0696795707621866,0.067786391831848244],[0.0696795707621866,0.07147781965029279,0.072424375996396784,0.072424375996396784,0.07147781965029279,0.0696795707621866],[0.070626170121562859,0.072424375996396784,0.073370910818267118,0.073370910818267118,0.072424375996396784,0.070626170121562859],[0.070626170121562859,0.072424375996396784,0.073370910818267118,0.073370910818267118,0.072424375996396784,0.070626170121562859],[0.0696795707621866,0.07147781965029279,0.072424375996396784,0.072424375996396784,0.07147781965029279,0.0696795707621866],[0.067786391831848244,0.0696795707621866,0.070626170121562859,0.070626170121562859,0.0696795707621866,0.067786391831848244]],[[0.070626059479485456,0.072519102279362188,0.0734656344184895,0.0734656344184895,0.072519102279362188,0.070626059479485456],[0.072519102279362188,0.074317215140103948,0.075263700712561055,0.075263700712561055,0.074317215140103948,0.072519102279362188],[0.0734656344184895,0.075263700712561055,0.0762101629830537,0.0762101629830537,0.075263700712561055,0.0734656344184895],[0.0734656344184895,0.075263700712561055,0.0762101629830537,0.0762101629830537,0.075263700712561055,0.0734656344184895],[0.072519102279362188,0.074317215140103948,0.075263700712561055,0.075263700712561055,0.074317215140103948,0.072519102279362188],[0.070626059479485456,0.072519102279362188,0.0734656344184895,0.0734656344184895,0.072519102279362188,0.070626059479485456]],[[0.0734655147469231,0.075358410418260469,0.076304869878323051,0.076304869878323051,0.075358410418260469,0.0734655147469231],[0.075358410418260469,0.077156376486974765,0.0781027856586409,0.0781027856586409,0.077156376486974765,0.075358410418260469],[0.076304869878323051,0.0781027856586409,0.079049169666391167,0.079049169666391167,0.0781027856586409,0.076304869878323051],[0.076304869878323051,0.0781027856586409,0.079049169666391167,0.079049169666391167,0.0781027856586409,0.076304869878323051],[0.075358410418260469,0.077156376486974765,0.0781027856586409,0.0781027856586409,0.077156376486974765,0.075358410418260469],[0.0734655147469231,0.075358410418260469,0.076304869878323051,0.076304869878323051,0.075358410418260469,0.0734655147469231]],[[0.0763047407510729,0.078197477777727967,0.079143858842333742,0.079143858842333742,0.078197477777727967,0.0763047407510729],[0.078197477777727967,0.079995285784881714,0.080941612664369389,0.080941612664369389,0.079995285784881714,0.078197477777727967],[0.079143858842333742,0.080941612664369389,0.0818879124304309,0.0818879124304309,0.080941612664369389,0.079143858842333742],[0.079143858842333742,0.080941612664369389,0.0818879124304309,0.0818879124304309,0.080941612664369389,0.079143858842333742],[0.078197477777727967,0.079995285784881714,0.080941612664369389,0.080941612664369389,0.079995285784881714,0.078197477777727967],[0.0763047407510729,0.078197477777727967,0.079143858842333742,0.079143858842333742,0.078197477777727967,0.0763047407510729]],[[0.079143719815872482,0.081036286142085009,0.0819825828266753,0.0819825828266753,0.081036286142085009,0.079143719815872482],[0.081036286142085009,0.082833924291364,0.0837801627116851,0.0837801627116851,0.082833924291364,0.081036286142085009],[0.0819825828266753,0.0837801627116851,0.084726371977788831,0.084726371977788831,0.0837801627116851,0.0819825828266753],[0.0819825828266753,0.0837801627116851,0.084726371977788831,0.084726371977788831,0.0837801627116851,0.0819825828266753],[0.081036286142085009,0.082833924291364,0.0837801627116851,0.0837801627116851,0.082833924291364,0.081036286142085009],[0.079143719815872482,0.081036286142085009,0.0819825828266753,0.0819825828266753,0.081036286142085009,0.079143719815872482]],[[0.081982433438232055,0.083874816444769282,0.084821022484873984,0.084821022484873984,0.083874816444769282,0.081982433438232055],[0.083874816444769282,0.085672272388971585,0.086618415895024,0.086618415895024,0.085672272388971585,0.083874816444769282],[0.084821022484873984,0.086618415895024,0.087564528110680148,0.087564528110680148,0.086618415895024,0.084821022484873984],[0.084821022484873984,0.086618415895024,0.087564528110680148,0.087564528110680148,0.086618415895024,0.084821022484873984],[0.083874816444769282,0.085672272388971585,0.086618415895024,0.086618415895024,0.085672272388971585,0.083874816444769282],[0.081982433438232055,0.083874816444769282,0.084821022484873984,0.084821022484873984,0.083874816444769282,0.081982433438232055]],[[0.0848208622505093,0.086713048728482137,0.087659157566815887,0.087659157566815887,0.086713048728482137,0.0848208622505093],[0.086713048728482137,0.088510309543180885,0.089456351378063528,0.089456351378063528,0.088510309543180885,0.086713048728482137],[0.087659157566815887,0.089456351378063528,0.090402359686485384,0.090402359686485384,0.089456351378063528,0.087659157566815887],[0.087659157566815887,0.089456351378063528,0.090402359686485384,0.090402359686485384,0.089456351378063528,0.087659157566815887],[0.086713048728482137,0.088510309543180885,0.089456351378063528,0.089456351378063528,0.088510309543180885,0.086713048728482137],[0.0848208622505093,0.086713048728482137,0.087659157566815887,0.087659157566815887,0.086713048728482137,0.0848208622505093]],[[0.087658985979461645,0.089550962101768231,0.090496966874139426,0.090496966874139426,0.089550962101768231,0.087658985979461645],[0.089550962101768231,0.091348014256682084,0.092293947346806141,0.092293947346806141,0.091348014256682084,0.089550962101768231],[0.090496966874139426,0.092293947346806141,0.09323984456962231,0.09323984456962231,0.092293947346806141,0.090496966874139426],[0.090496966874139426,0.092293947346806141,0.09323984456962231,0.09323984456962231,0.092293947346806141,0.090496966874139426],[0.089550962101768231,0.091348014256682084,0.092293947346806141,0.092293947346806141,0.091348014256682084,0.089550962101768231],[0.087658985979461645,0.089550962101768231,0.090496966874139426,0.090496966874139426,0.089550962101768231,0.087658985979461645]],[[0.0904967834015898,0.092388534691914562,0.093334428211918952,0.093334428211918952,0.092388534691914562,0.0904967834015898],[0.092388534691914562,0.094185364019905182,0.095131180958862277,0.095131180958862277,0.094185364019905182,0.092388534691914562],[0.093334428211918952,0.095131180958862277,0.096076959579571172,0.096076959579571172,0.095131180958862277,0.093334428211918952],[0.093334428211918952,0.095131180958862277,0.096076959579571172,0.096076959579571172,0.095131180958862277,0.093334428211918952],[0.092388534691914562,0.094185364019905182,0.095131180958862277,0.095131180958862277,0.094185364019905182,0.092388534691914562],[0.0904967834015898,0.092388534691914562,0.093334428211918952,0.093334428211918952,0.092388534691914562,0.0904967834015898]],[[0.093334232294746453,0.095225743594021431,0.096171518336468989,0.096171518336468989,0.095225743594021431,0.093334232294746453],[0.095225743594021431,0.097022335257610517,0.097968028288741738,0.097968028288741738,0.097022335257610517,0.095225743594021431],[0.096171518336468989,0.097968028288741738,0.0989136804348513,0.0989136804348513,0.097968028288741738,0.096171518336468989],[0.096171518336468989,0.097968028288741738,0.0989136804348513,0.0989136804348513,0.097968028288741738,0.096171518336468989],[0.095225743594021431,0.097022335257610517,0.097968028288741738,0.097968028288741738,0.097022335257610517,0.095225743594021431],[0.093334232294746453,0.095225743594021431,0.096171518336468989,0.096171518336468989,0.095225743594021431,0.093334232294746453]],[[0.0961713093858491,0.098062564816055381,0.099008212899077325,0.099008212899077325,0.098062564816055381,0.0961713093858491],[0.098062564816055381,0.099858903271334246,0.10080446426893612,0.10080446426893612,0.099858903271334246,0.098062564816055381],[0.099008212899077325,0.10080446426893612,0.10174998169271844,0.10174998169271844,0.10080446426893612,0.099008212899077325],[0.099008212899077325,0.10080446426893612,0.10174998169271844,0.10174998169271844,0.10080446426893612,0.099008212899077325],[0.098062564816055381,0.099858903271334246,0.10080446426893612,0.10080446426893612,0.099858903271334246,0.098062564816055381],[0.0961713093858491,0.098062564816055381,0.099008212899077325,0.099008212899077325,0.098062564816055381,0.0961713093858491]],[[0.099007990294496431,0.10089897321966072,0.10184448638542908,0.10184448638542908,0.10089897321966072,0.099007990294496431],[0.10089897321966072,0.10269504217744024,0.1036404626265294,0.1036404626265294,0.10269504217744024,0.10089897321966072],[0.10184448638542908,0.1036404626265294,0.10458583668430736,0.10458583668430736,0.1036404626265294,0.10184448638542908],[0.10184448638542908,0.1036404626265294,0.10458583668430736,0.10458583668430736,0.1036404626265294,0.10184448638542908],[0.10089897321966072,0.10269504217744024,0.1036404626265294,0.1036404626265294,0.10269504217744024,0.10089897321966072],[0.099007990294496431,0.10089897321966072,0.10184448638542908,0.10184448638542908,0.10089897321966072,0.099007990294496431]],[[0.10184424947226589,0.10373494245648782,0.1046803120504526,0.1046803120504526,0.10373494245648782,0.10184424947226589],[0.10373494245648782,0.10553072484050606,0.10647599581504706,0.10647599581504706,0.10553072484050606,0.10373494245648782],[0.1046803120504526,0.10647599581504706,0.10742121744491651,0.10742121744491651,0.10647599581504706,0.1046803120504526],[0.1046803120504526,0.10647599581504706,0.10742121744491651,0.10742121744491651,0.10647599581504706,0.1046803120504526],[0.10373494245648782,0.10553072484050606,0.10647599581504706,0.10647599581504706,0.10553072484050606,0.10373494245648782],[0.10184424947226589,0.10373494245648782,0.1046803120504526,0.1046803120504526,0.10373494245648782,0.10184424947226589]],[[0.1046800601373908,0.10657044489969411,0.10751566184825599,0.10751566184825599,0.10657044489969411,0.1046800601373908],[0.10657044489969411,0.10836592280168114,0.10931103494117592,0.10931103494117592,0.10836592280168114,0.10657044489969411],[0.10751566184825599,0.10931103494117592,0.11025609463905257,0.11025609463905257,0.10931103494117592,0.10751566184825599],[0.10751566184825599,0.10931103494117592,0.11025609463905257,0.11025609463905257,0.10931103494117592,0.10751566184825599],[0.10657044489969411,0.10836592280168114,0.10931103494117592,0.10931103494117592,0.10836592280168114,0.10657044489969411],[0.1046800601373908,0.10657044489969411,0.10751566184825599,0.10751566184825599,0.10657044489969411,0.1046800601373908]],[[0.10751539420452805,0.10940545157031771,0.11035050635681404,0.11035050635681404,0.10940545157031771,0.10751539420452805],[0.10940545157031771,0.11120060620167833,0.11214554968599208,0.11214554968599208,0.11120060620167833,0.10940545157031771],[0.11035050635681404,0.11214554968599208,0.11309043747985646,0.11309043747985646,0.11214554968599208,0.11035050635681404],[0.11035050635681404,0.11214554968599208,0.11309043747985646,0.11309043747985646,0.11214554968599208,0.11035050635681404],[0.10940545157031771,0.11120060620167833,0.11214554968599208,0.11214554968599208,0.11120060620167833,0.10940545157031771],[0.10751539420452805,0.10940545157031771,0.11035050635681404,0.11035050635681404,0.10940545157031771,0.10751539420452805]],[[0.11035022220922976,0.11223993205808593,0.11318481469696508,0.11318481469696508,0.11223993205808593,0.11035022220922976],[0.11223993205808593,0.11403474369793402,0.11497950822022018,0.11497950822022018,0.11403474369793402,0.11223993205808593],[0.11318481469696508,0.11497950822022018,0.11592421364241659,0.11592421364241659,0.11497950822022018,0.11318481469696508],[0.11318481469696508,0.11497950822022018,0.11592421364241659,0.11592421364241659,0.11497950822022018,0.11318481469696508],[0.11223993205808593,0.11403474369793402,0.11497950822022018,0.11497950822022018,0.11403474369793402,0.11223993205808593],[0.11035022220922976,0.11223993205808593,0.11318481469696508,0.11318481469696508,0.11223993205808593,0.11035022220922976]],[[0.1131845132267104,0.11507385443623118,0.11601855444527755,0.11601855444527755,0.11507385443623118,0.1131845132267104],[0.11507385443623118,0.11686830237547521,0.11781287711304475,0.11781287711304475,0.11686830237547521,0.11507385443623118],[0.11601855444527755,0.11781287711304475,0.11875738917047172,0.11875738917047172,0.11781287711304475,0.11601855444527755],[0.11601855444527755,0.11781287711304475,0.11875738917047172,0.11875738917047172,0.11781287711304475,0.11601855444527755],[0.11507385443623118,0.11686830237547521,0.11781287711304475,0.11781287711304475,0.11686830237547521,0.11507385443623118],[0.1131845132267104,0.11507385443623118,0.11601855444527755,0.11601855444527755,0.11507385443623118,0.1131845132267104]],[[0.11601823478444097,0.1179071851698055,0.11885169154023756,0.11885169154023756,0.1179071851698055,0.11601823478444097],[0.1179071851698055,0.11970124765093859,0.12064562123389255,0.12064562123389255,0.11970124765093859,0.1179071851698055],[0.11885169154023756,0.12064562123389255,0.12158992837590099,0.12158992837590099,0.12064562123389255,0.11885169154023756],[0.11885169154023756,0.12064562123389255,0.12158992837590099,0.12158992837590099,0.12064562123389255,0.11885169154023756],[0.1179071851698055,0.11970124765093859,0.12064562123389255,0.12064562123389255,0.11970124765093859,0.1179071851698055],[0.11601823478444097,0.1179071851698055,0.11885169154023756,0.11885169154023756,0.1179071851698055,0.11601823478444097]],[[0.11885135276804504,0.12073988901690151,0.12168419018117717,0.12168419018117717,0.12073988901690151,0.11885135276804504],[0.12073988901690151,0.12253354316911663,0.12347770364654795,0.12347770364654795,0.12253354316911663,0.12073988901690151],[0.12168419018117717,0.12347770364654795,0.12442179373033974,0.12442179373033974,0.12347770364654795,0.12168419018117717],[0.12168419018117717,0.12347770364654795,0.12442179373033974,0.12442179373033974,0.12347770364654795,0.12168419018117717],[0.12073988901690151,0.12253354316911663,0.12347770364654795,0.12347770364654795,0.12253354316911663,0.12073988901690151],[0.11885135276804504,0.12073988901690151,0.12168419018117717,0.12168419018117717,0.12073988901690151,0.11885135276804504]],[[0.12168383131987673,0.1235719289221566,0.12451601271925279,0.12451601271925279,0.1235719289221566,0.12168383131987673],[0.1235719289221566,0.1253651506913443,0.12630908549487579,0.12630908549487579,0.1253651506913443,0.1235719289221566],[0.12451601271925279,0.12630908549487579,0.12725294574816931,0.12725294574816931,0.12630908549487579,0.12451601271925279],[0.12451601271925279,0.12630908549487579,0.12725294574816931,0.12725294574816931,0.12630908549487579,0.12451601271925279],[0.1235719289221566,0.1253651506913443,0.12630908549487579,0.12630908549487579,0.1253651506913443,0.1235719289221566],[0.12168383131987673,0.1235719289221566,0.12451601271925279,0.12451601271925279,0.1235719289221566,0.12168383131987673]],[[0.12451563272962807,0.12640326590178791,0.12734711953974553,0.12734711953974553,0.12640326590178791,0.12451563272962807],[0.12640326590178791,0.12819602997493473,0.12913972587934816,0.12913972587934816,0.12819602997493473,0.12640326590178791],[0.12734711953974553,0.12913972587934816,0.13008334286004739,0.13008334286004739,0.12913972587934816,0.12734711953974553],[0.12734711953974553,0.12913972587934816,0.13008334286004739,0.13008334286004739,0.12913972587934816,0.12734711953974553],[0.12640326590178791,0.12819602997493473,0.12913972587934816,0.12913972587934816,0.12819602997493473,0.12640326590178791],[0.12451563272962807,0.12640326590178791,0.12734711953974553,0.12734711953974553,0.12640326590178791,0.12451563272962807]],[[0.12734671731619029,0.12923385891935291,0.13017746893480453,0.13017746893480453,0.12923385891935291,0.12734671731619029],[0.12923385891935291,0.13102613864278231,0.13196958172344614,0.13196958172344614,0.13102613864278231,0.12923385891935291],[0.13017746893480453,0.13196958172344614,0.13291294127601652,0.13291294127601652,0.13196958172344614,0.13017746893480453],[0.13017746893480453,0.13196958172344614,0.13291294127601652,0.13291294127601652,0.13196958172344614,0.13017746893480453],[0.12923385891935291,0.13102613864278231,0.13196958172344614,0.13196958172344614,0.13102613864278231,0.12923385891935291],[0.12734671731619029,0.12923385891935291,0.13017746893480453,0.13017746893480453,0.12923385891935291,0.12734671731619029]],[[0.13017704329990956,0.13206366475129411,0.13300701696567624,0.13300701696567624,0.13206366475129411,0.13017704329990956],[0.13206366475129411,0.13385543204212555,0.13479860762889856,0.13479860762889856,0.13385543204212555,0.13206366475129411],[0.13300701696567624,0.13479860762889856,0.13574169483711374,0.13574169483711374,0.13479860762889856,0.13300701696567624],[0.13300701696567624,0.13479860762889856,0.13574169483711374,0.13574169483711374,0.13479860762889856,0.13300701696567624],[0.13206366475129411,0.13385543204212555,0.13479860762889856,0.13479860762889856,0.13385543204212555,0.13206366475129411],[0.13017704329990956,0.13206366475129411,0.13300701696567624,0.13300701696567624,0.13206366475129411,0.13017704329990956]],[[0.13300656666427202,0.13489263784122332,0.13583571731334312,0.13583571731334312,0.13489263784122332,0.13300656666427202],[0.13489263784122332,0.136683863091347,0.13762675571859528,0.13762675571859528,0.136683863091347,0.13489263784122332],[0.13583571731334312,0.13762675571859528,0.13856955485427658,0.13856955485427658,0.13762675571859528,0.13583571731334312],[0.13583571731334312,0.13762675571859528,0.13856955485427658,0.13856955485427658,0.13762675571859528,0.13583571731334312],[0.13489263784122332,0.136683863091347,0.13762675571859528,0.13762675571859528,0.136683863091347,0.13489263784122332],[0.13300656666427202,0.13489263784122332,0.13583571731334312,0.13583571731334312,0.13489263784122332,0.13300656666427202]],[[0.13583524100592323,0.13772073014176059,0.13866352111633226,0.13866352111633226,0.13772073014176059,0.13583524100592323],[0.13772073014176059,0.13951138211352876,0.14045397546584096,0.14045397546584096,0.13951138211352876,0.13772073014176059],[0.13866352111633226,0.14045397546584096,0.14139646993315941,0.14139646993315941,0.14045397546584096,0.13866352111633226],[0.13866352111633226,0.14045397546584096,0.14139646993315941,0.14139646993315941,0.14045397546584096,0.13866352111633226],[0.13772073014176059,0.13951138211352876,0.14045397546584096,0.14045397546584096,0.13951138211352876,0.13772073014176059],[0.13583524100592323,0.13772073014176059,0.13866352111633226,0.13866352111633226,0.13772073014176059,0.13583524100592323]],[[0.13866301737176404,0.14054789094258044,0.14149037679429838,0.14149037679429838,0.14054789094258044,0.13866301737176404],[0.14054789094258044,0.14233793665530919,0.14328021350844261,0.14328021350844261,0.14233793665530919,0.14054789094258044],[0.14149037679429838,0.14328021350844261,0.14422238578329777,0.14422238578329777,0.14328021350844261,0.14149037679429838],[0.14149037679429838,0.14328021350844261,0.14422238578329777,0.14422238578329777,0.14328021350844261,0.14149037679429838],[0.14054789094258044,0.14233793665530919,0.14328021350844261,0.14328021350844261,0.14233793665530919,0.14054789094258044],[0.13866301737176404,0.14054789094258044,0.14149037679429838,0.14149037679429838,0.14054789094258044,0.13866301737176404]],[[0.14148984408173962,0.14337406668314032,0.14431622985579237,0.14431622985579237,0.14337406668314032,0.14148984408173962],[0.14337406668314032,0.14516347128939236,0.14610541344591421,0.14610541344591421,0.14516347128939236,0.14337406668314032],[0.14431622985579237,0.14610541344591421,0.14704724500983576,0.14704724500983576,0.14610541344591421,0.14431622985579237],[0.14431622985579237,0.14610541344591421,0.14704724500983576,0.14704724500983576,0.14610541344591421,0.14431622985579237],[0.14337406668314032,0.14516347128939236,0.14610541344591421,0.14610541344591421,0.14516347128939236,0.14337406668314032],[0.14148984408173962,0.14337406668314032,0.14431622985579237,0.14431622985579237,0.14337406668314032,0.14148984408173962]],[[0.14431566653571043,0.14619920074836013,0.14714102268842794,0.14714102268842794,0.14619920074836013,0.14431566653571043],[0.14619920074836013,0.14798792739884037,0.14892951561786144,0.14892951561786144,0.14798792739884037,0.14619920074836013],[0.14714102268842794,0.14892951561786144,0.14987098688580577,0.14987098688580577,0.14892951561786144,0.14714102268842794],[0.14714102268842794,0.14892951561786144,0.14987098688580577,0.14987098688580577,0.14892951561786144,0.14714102268842794],[0.14619920074836013,0.14798792739884037,0.14892951561786144,0.14892951561786144,0.14798792739884037,0.14619920074836013],[0.14431566653571043,0.14619920074836013,0.14714102268842794,0.14714102268842794,0.14619920074836013,0.14431566653571043]],[[0.14714042700257896,0.14902323324527053,0.14996469432939066,0.14996469432939066,0.14902323324527053,0.14714042700257896],[0.14902323324527053,0.15081124294100182,0.15175245686131489,0.15175245686131489,0.15081124294100182,0.14902323324527053],[0.14996469432939066,0.15175245686131489,0.152693547102637,0.152693547102637,0.15175245686131489,0.14996469432939066],[0.14996469432939066,0.15175245686131489,0.152693547102637,0.152693547102637,0.15175245686131489,0.14996469432939066],[0.14902323324527053,0.15081124294100182,0.15175245686131489,0.15175245686131489,0.15081124294100182,0.14902323324527053],[0.14714042700257896,0.14902323324527053,0.14996469432939066,0.14996469432939066,0.14902323324527053,0.14714042700257896]],[[0.14996406438962659,0.1518461007583834,0.1527