{"M_cells":[[[0.0045,0.0045,0.0045,0.0045,0.0045,0.0045,0.0045],[0.0045,0.0045,0.0045,0.0045,0.0045,0.0045,0.0045],[0.0045,0.0045,0.0045,0.0045,0.0045,0.0045,0.0045],[0.0045,0.0045,0.0045,0.0045,0.0045,0.0045,0.0045],[0.0045,0.0045,0.0045,0.0045,0.0045,0.0045,0.0045],[0.0045,0.0045,0.0045,0.0045,0.0045,0.0045,0.0045],[0.0045,0.0045,0.0045,0.0045,0.0045,0.0045,0.0045]],[[0.0045000000056825929,0.004500000032840258,0.0045000000292173886,0.0045000000427440155,0.0045000000292173886,0.004500000032840258,0.0045000000056825929],[0.004500000032840258,0.004500000139973888,0.0045000001279466729,0.0045000001808141749,0.0045000001279466729,0.004500000139973888,0.004500000032840258],[0.0045000000292173886,0.0045000001279466729,0.0045000001570787637,0.004500000186370038,0.0045000001570787637,0.0045000001279466729,0.0045000000292173886],[0.0045000000427440155,0.0045000001808141749,0.004500000186370038,0.0045000002459056627,0.004500000186370038,0.0045000001808141749,0.0045000000427440155],[0.0045000000292173886,0.0045000001279466729,0.0045000001570787637,0.004500000186370038,0.0045000001570787637,0.0045000001279466729,0.0045000000292173886],[0.004500000032840258,0.004500000139973888,0.0045000001279466729,0.0045000001808141749,0.0045000001279466729,0.004500000139973888,0.004500000032840258],[0.0045000000056825929,0.004500000032840258,0.0045000000292173886,0.0045000000427440155,0.0045000000292173886,0.004500000032840258,0.0045000000056825929]],[[0.0045000000399502485,0.004500000131519767,0.0045000001194465651,0.0045000001664864953,0.0045000001194465651,0.004500000131519767,0.0045000000399502485],[0.004500000131519767,0.0045000003458633923,0.0045000003220959026,0.004500000431997787,0.0045000003220959026,0.0045000003458633923,0.004500000131519767],[0.0045000001194465651,0.0045000003220959026,0.004500000381524925,0.0045000004411688051,0.004500000381524925,0.0045000003220959026,0.0045000001194465651],[0.0045000001664864953,0.004500000431997787,0.0045000004411688051,0.004500000560178883,0.0045000004411688051,0.004500000431997787,0.0045000001664864953],[0.0045000001194465651,0.0045000003220959026,0.004500000381524925,0.0045000004411688051,0.004500000381524925,0.0045000003220959026,0.0045000001194465651],[0.004500000131519767,0.0045000003458633923,0.0045000003220959026,0.004500000431997787,0.0045000003220959026,0.0045000003458633923,0.004500000131519767],[0.0045000000399502485,0.004500000131519767,0.0045000001194465651,0.0045000001664864953,0.0045000001194465651,0.004500000131519767,0.0045000000399502485]],[[0.0045000001196019287,0.0045000002960095967,0.0045000002729566986,0.0045000003659166239,0.0045000002729566986,0.0045000002960095967,0.0045000001196019287],[0.0045000002960095967,0.0045000006175680077,0.0045000005823584753,0.0045000007518406172,0.0045000005823584753,0.0045000006175680077,0.0045000002960095967],[0.0045000002729566986,0.0045000005823584753,0.0045000006726815612,0.0045000007632750132,0.0045000006726815612,0.0045000005823584753,0.0045000002729566986],[0.0045000003659166239,0.0045000007518406172,0.0045000007632750132,0.0045000009416130554,0.0045000007632750132,0.0045000007518406172,0.0045000003659166239],[0.0045000002729566986,0.0045000005823584753,0.0045000006726815612,0.0045000007632750132,0.0045000006726815612,0.0045000005823584753,0.0045000002729566986],[0.0045000002960095967,0.0045000006175680077,0.0045000005823584753,0.0045000007518406172,0.0045000005823584753,0.0045000006175680077,0.0045000002960095967],[0.0045000001196019287,0.0045000002960095967,0.0045000002729566986,0.0045000003659166239,0.0045000002729566986,0.0045000002960095967,0.0045000001196019287]],[[0.0045000002538555456,0.00450000052631883,0.0045000004910415187,0.0045000006376147749,0.0045000004910415187,0.00450000052631883,0.0045000002538555456],[0.00450000052631883,0.0045000009551192386,0.0045000009087813259,0.0045000011394034575,0.0045000009087813259,0.0045000009551192386,0.00450000052631883],[0.0045000004910415187,0.0045000009087813259,0.0045000010303499361,0.0045000011522442632,0.0045000010303499361,0.0045000009087813259,0.0045000004910415187],[0.0045000006376147749,0.0045000011394034575,0.0045000011522442632,0.00450000138976721,0.0045000011522442632,0.0045000011394034575,0.0045000006376147749],[0.0045000004910415187,0.0045000009087813259,0.0045000010303499361,0.0045000011522442632,0.0045000010303499361,0.0045000009087813259,0.0045000004910415187],[0.00450000052631883,0.0045000009551192386,0.0045000009087813259,0.0045000011394034575,0.0045000009087813259,0.0045000009551192386,0.00450000052631883],[0.0045000002538555456,0.00450000052631883,0.0045000004910415187,0.0045000006376147749,0.0045000004910415187,0.00450000052631883,0.0045000002538555456]],[[0.004500000447774777,0.0045000008224555417,0.0045000007744091059,0.0045000009793544167,0.0045000007744091059,0.0045000008224555417,0.004500000447774777],[0.0045000008224555417,0.0045000013585051683,0.0045000013013253909,0.0045000015940267393,0.0045000013013253909,0.0045000013585051683,0.0045000008224555417],[0.0045000007744091059,0.0045000013013253909,0.0045000014543368,0.0045000016077290971,0.0045000014543368,0.0045000013013253909,0.0045000007744091059],[0.0045000009793544167,0.0045000015940267393,0.0045000016077290971,0.0045000019042974147,0.0045000016077290971,0.0045000015940267393,0.0045000009793544167],[0.0045000007744091059,0.0045000013013253909,0.0045000014543368,0.0045000016077290971,0.0045000014543368,0.0045000013013253909,0.0045000007744091059],[0.0045000008224555417,0.0045000013585051683,0.0045000013013253909,0.0045000015940267393,0.0045000013013253909,0.0045000013585051683,0.0045000008224555417],[0.004500000447774777,0.0045000008224555417,0.0045000007744091059,0.0045000009793544167,0.0045000007744091059,0.0045000008224555417,0.004500000447774777]],[[0.0045000007041382673,0.00450000118441038,0.0045000011234174655,0.0045000013896639678,0.0045000011234174655,0.00450000118441038,0.0045000007041382673],[0.00450000118441038,0.00450000182768121,0.0045000017599036426,0.0045000021152324264,0.0045000017599036426,0.00450000182768121,0.00450000118441038],[0.0045000011234174655,0.0045000017599036426,0.0045000019444582876,0.0045000021294488626,0.0045000019444582876,0.0045000017599036426,0.0045000011234174655],[0.0045000013896639678,0.0045000021152324264,0.0045000021294488626,0.0045000024849265793,0.0045000021294488626,0.0045000021152324264,0.0045000013896639678],[0.0045000011234174655,0.0045000017599036426,0.0045000019444582876,0.0045000021294488626,0.0045000019444582876,0.0045000017599036426,0.0045000011234174655],[0.00450000118441038,0.00450000182768121,0.0045000017599036426,0.0045000021152324264,0.0045000017599036426,0.00450000182768121,0.00450000118441038],[0.0045000007041382673,0.00450000118441038,0.0045000011234174655,0.0045000013896639678,0.0045000011234174655,0.00450000118441038,0.0045000007041382673]],[[0.0045000010244613175,0.004500001612151955,0.00450000153821683,0.0045000018675515063,0.00450000153821683,0.004500001612151955,0.0045000010244613175],[0.004500001612151955,0.0045000023625789212,0.0045000022844034517,0.0045000027026612247,0.0045000022844034517,0.0045000023625789212,0.004500001612151955],[0.00450000153821683,0.0045000022844034517,0.0045000025005410421,0.0045000027171694717,0.0045000025005410421,0.0045000022844034517,0.00450000153821683],[0.0045000018675515063,0.0045000027026612247,0.0045000027171694717,0.0045000031314241769,0.0045000027171694717,0.0045000027026612247,0.0045000018675515063],[0.00450000153821683,0.0045000022844034517,0.0045000025005410421,0.0045000027171694717,0.0045000025005410421,0.0045000022844034517,0.00450000153821683],[0.004500001612151955,0.0045000023625789212,0.0045000022844034517,0.0045000027026612247,0.0045000022844034517,0.0045000023625789212,0.004500001612151955],[0.0045000010244613175,0.004500001612151955,0.00450000153821683,0.0045000018675515063,0.00450000153821683,0.004500001612151955,0.0045000010244613175]],[[0.0045000014095560731,0.0045000021056278315,0.00450000201883534,0.0045000024123312667,0.00450000201883534,0.0045000021056278315,0.0045000014095560731],[0.0045000021056278315,0.004500002963113035,0.0045000028746996247,0.0045000033560323328,0.0045000028746996247,0.004500002963113035,0.0045000021056278315],[0.00450000201883534,0.0045000028746996247,0.0045000031224219266,0.0045000033706898276,0.0045000031224219266,0.0045000028746996247,0.00450000201883534],[0.0045000024123312667,0.0045000033560323328,0.0045000033706898276,0.0045000038435926235,0.0045000033706898276,0.0045000033560323328,0.0045000024123312667],[0.00450000201883534,0.0045000028746996247,0.0045000031224219266,0.0045000033706898276,0.0045000031224219266,0.0045000028746996247,0.00450000201883534],[0.0045000021056278315,0.004500002963113035,0.0045000028746996247,0.0045000033560323328,0.0045000028746996247,0.004500002963113035,0.0045000021056278315],[0.0045000014095560731,0.0045000021056278315,0.00450000201883534,0.0045000024123312667,0.00450000201883534,0.0045000021056278315,0.0045000014095560731]],[[0.0045000018598399935,0.0045000026647677551,0.00450000256523048,0.0045000030235140308,0.00450000256523048,0.0045000026647677551,0.0045000018598399935],[0.0045000026647677551,0.0045000036291866358,0.0045000035306617227,0.0045000040751172225,0.0045000035306617227,0.0045000036291866358,0.0045000026647677551],[0.00450000256523048,0.0045000035306617227,0.00450000380994688,0.0045000040898322781,0.00450000380994688,0.0045000035306617227,0.00450000256523048],[0.0045000030235140308,0.0045000040751172225,0.0045000040898322781,0.0045000046212576921,0.0045000040898322781,0.0045000040751172225,0.0045000030235140308],[0.00450000256523048,0.0045000035306617227,0.00450000380994688,0.0045000040898322781,0.00450000380994688,0.0045000035306617227,0.00450000256523048],[0.0045000026647677551,0.0045000036291866358,0.0045000035306617227,0.0045000040751172225,0.0045000035306617227,0.0045000036291866358,0.0045000026647677551],[0.0045000018598399935,0.0045000026647677551,0.00450000256523048,0.0045000030235140308,0.00450000256523048,0.0045000026647677551,0.0045000018598399935]],[[0.0045000023755069132,0.00450000328948754,0.0045000031773196978,0.0045000037007375347,0.0045000031773196978,0.00450000328948754,0.0045000023755069132],[0.00450000328948754,0.0045000043606953175,0.0045000042521583733,0.00450000485972291,0.0045000042521583733,0.0045000043606953175,0.00450000328948754],[0.0045000031773196978,0.0045000042521583733,0.0045000045629700293,0.0045000048744364418,0.0045000045629700293,0.0045000042521583733,0.0045000031773196978],[0.0045000037007375347,0.00450000485972291,0.0045000048744364418,0.004500005464262373,0.0045000048744364418,0.00450000485972291,0.0045000037007375347],[0.0045000031773196978,0.0045000042521583733,0.0045000045629700293,0.0045000048744364418,0.0045000045629700293,0.0045000042521583733,0.0045000031773196978],[0.00450000328948754,0.0045000043606953175,0.0045000042521583733,0.00450000485972291,0.0045000042521583733,0.0045000043606953175,0.00450000328948754],[0.0045000023755069132,0.00450000328948754,0.0045000031773196978,0.0045000037007375347,0.0045000031773196978,0.00450000328948754,0.0045000023755069132]],[[0.0045000029566225463,0.0045000039796926567,0.0045000038549986594,0.004500004443722368,0.0045000038549986594,0.0045000039796926567,0.0045000029566225463],[0.0045000039796926567,0.0045000051575300234,0.0045000050390594324,0.0045000057096808363,0.0045000050390594324,0.0045000051575300234,0.0045000039796926567],[0.0045000038549986594,0.0045000050390594324,0.0045000053813524952,0.0045000057243547355,0.0045000053813524952,0.0045000050390594324,0.0045000038549986594],[0.004500004443722368,0.0045000057096808363,0.0045000057243547355,0.0045000063724623431,0.0045000057243547355,0.0045000057096808363,0.004500004443722368],[0.0045000038549986594,0.0045000050390594324,0.0045000053813524952,0.0045000057243547355,0.0045000053813524952,0.0045000050390594324,0.0045000038549986594],[0.0045000039796926567,0.0045000051575300234,0.0045000050390594324,0.0045000057096808363,0.0045000050390594324,0.0045000051575300234,0.0045000039796926567],[0.0045000029566225463,0.0045000039796926567,0.0045000038549986594,0.004500004443722368,0.0045000038549986594,0.0045000039796926567,0.0045000029566225463]],[[0.0045000036031784089,0.0045000047352814453,0.0045000045981519734,0.0045000052522436683,0.0045000045981519734,0.0045000047352814453,0.0045000036031784089],[0.0045000047352814453,0.00450000601957928,0.0045000058912372425,0.0045000066248396973,0.0045000058912372425,0.00450000601957928,0.0045000047352814453],[0.0045000045981519734,0.0045000058912372425,0.0045000062649615761,0.0045000066394493849,0.0045000062649615761,0.0045000058912372425,0.0045000045981519734],[0.0045000052522436683,0.0045000066248396973,0.0045000066394493849,0.0045000073457230156,0.0045000066394493849,0.0045000066248396973,0.0045000052522436683],[0.0045000045981519734,0.0045000058912372425,0.0045000062649615761,0.0045000066394493849,0.0045000062649615761,0.0045000058912372425,0.0045000045981519734],[0.0045000047352814453,0.00450000601957928,0.0045000058912372425,0.0045000066248396973,0.0045000058912372425,0.00450000601957928,0.0045000047352814453],[0.0045000036031784089,0.0045000047352814453,0.0045000045981519734,0.0045000052522436683,0.0045000045981519734,0.0045000047352814453,0.0045000036031784089]],[[0.0045000043151227475,0.0045000055561476033,0.0045000054066594618,0.0045000061261130965,0.0045000054066594618,0.0045000055561476033,0.0045000043151227475],[0.0045000055561476033,0.0045000069467307155,0.0045000068085671984,0.0045000076050606738,0.0045000068085671984,0.0045000069467307155,0.0045000055561476033],[0.0045000054066594618,0.0045000068085671984,0.0045000072136699336,0.0045000076195903481,0.0045000072136699336,0.0045000068085671984,0.0045000054066594618],[0.0045000061261130965,0.0045000076050606738,0.0045000076195903481,0.00450000838391743,0.0045000076195903481,0.0045000076050606738,0.0045000061261130965],[0.0045000054066594618,0.0045000068085671984,0.0045000072136699336,0.0045000076195903481,0.0045000072136699336,0.0045000068085671984,0.0045000054066594618],[0.0045000055561476033,0.0045000069467307155,0.0045000068085671984,0.0045000076050606738,0.0045000068085671984,0.0045000069467307155,0.0045000055561476033],[0.0045000043151227475,0.0045000055561476033,0.0045000054066594618,0.0045000061261130965,0.0045000054066594618,0.0045000055561476033,0.0045000043151227475]],[[0.0045000050923784743,0.0045000064421821433,0.004500006280399752,0.0045000070651670873,0.004500006280399752,0.0045000064421821433,0.0045000050923784743],[0.0045000064421821433,0.00450000793887216,0.0045000077909279337,0.0045000086502142338,0.0045000077909279337,0.00450000793887216,0.0045000064421821433],[0.004500006280399752,0.0045000077909279337,0.0045000082273549784,0.0045000086646537875,0.0045000082273549784,0.0045000077909279337,0.004500006280399752],[0.0045000070651670873,0.0045000086502142338,0.0045000086646537875,0.0045000094869247524,0.0045000086646537875,0.0045000086502142338,0.0045000070651670873],[0.004500006280399752,0.0045000077909279337,0.0045000082273549784,0.0045000086646537875,0.0045000082273549784,0.0045000077909279337,0.004500006280399752],[0.0045000064421821433,0.00450000793887216,0.0045000077909279337,0.0045000086502142338,0.0045000077909279337,0.00450000793887216,0.0045000064421821433],[0.0045000050923784743,0.0045000064421821433,0.004500006280399752,0.0045000070651670873,0.004500006280399752,0.0045000064421821433,0.0045000050923784743]],[[0.0045000059348537669,0.0045000073932749554,0.0045000072192522894,0.00450000806925934,0.0045000072192522894,0.0045000073932749554,0.0045000059348537669],[0.0045000073932749554,0.0045000089958924482,0.00450000883820142,0.0045000097601780335,0.00450000883820142,0.0045000089958924482,0.0045000073932749554],[0.0045000072192522894,0.00450000883820142,0.0045000093058983719,0.0045000097745210871,0.0045000093058983719,0.00450000883820142,0.0045000072192522894],[0.00450000806925934,0.0045000097601780335,0.0045000097745210871,0.0045000106546292688,0.0045000097745210871,0.0045000097601780335,0.00450000806925934],[0.0045000072192522894,0.00450000883820142,0.0045000093058983719,0.0045000097745210871,0.0045000093058983719,0.00450000883820142,0.0045000072192522894],[0.0045000073932749554,0.0045000089958924482,0.00450000883820142,0.0045000097601780335,0.00450000883820142,0.0045000089958924482,0.0045000073932749554],[0.0045000059348537669,0.0045000073932749554,0.0045000072192522894,0.00450000806925934,0.0045000072192522894,0.0045000073932749554,0.0045000059348537669]],[[0.004500006842448479,0.0045000084093158241,0.0045000082230984857,0.0045000091382558774,0.0045000082230984857,0.0045000084093158241,0.004500006842448479],[0.0045000084093158241,0.0045000101176819055,0.0045000099502728744,0.0045000109348354734,0.0045000099502728744,0.0045000101176819055,0.0045000084093158241],[0.0045000082230984857,0.0045000099502728744,0.0045000104491856423,0.0045000109490780831,0.0045000104491856423,0.0045000099502728744,0.0045000082230984857],[0.0045000091382558774,0.0045000109348354734,0.0045000109490780831,0.0045000118869196384,0.0045000109490780831,0.0045000109348354734,0.0045000091382558774],[0.0045000082230984857,0.0045000099502728744,0.0045000104491856423,0.0045000109490780831,0.0045000104491856423,0.0045000099502728744,0.0045000082230984857],[0.0045000084093158241,0.0045000101176819055,0.0045000099502728744,0.0045000109348354734,0.0045000099502728744,0.0045000101176819055,0.0045000084093158241],[0.004500006842448479,0.0045000084093158241,0.0045000082230984857,0.0045000091382558774,0.0045000082230984857,0.0045000084093158241,0.004500006842448479]],[[0.0045000078150581671,0.0045000094901953081,0.0045000092918222332,0.004500010272031835,0.0045000092918222332,0.0045000094901953081,0.0045000078150581671],[0.0045000094901953081,0.0045000113041327476,0.0045000111270306863,0.0045000121740747063,0.0045000111270306863,0.0045000113041327476,0.0045000094901953081],[0.0045000092918222332,0.0045000111270306863,0.004500011657105861,0.004500012188214525,0.004500011657105861,0.0045000111270306863,0.0045000092918222332],[0.004500010272031835,0.0045000121740747063,0.004500012188214525,0.0045000131836883473,0.004500012188214525,0.0045000121740747063,0.004500010272031835],[0.0045000092918222332,0.0045000111270306863,0.004500011657105861,0.004500012188214525,0.004500011657105861,0.0045000111270306863,0.0045000092918222332],[0.0045000094901953081,0.0045000113041327476,0.0045000111270306863,0.0045000121740747063,0.0045000111270306863,0.0045000113041327476,0.0045000094901953081],[0.0045000078150581671,0.0045000094901953081,0.0045000092918222332,0.004500010272031835,0.0045000092918222332,0.0045000094901953081,0.0045000078150581671]],[[0.00450000885257635,0.0045000106358052735,0.0045000104253102614,0.0045000114704693093,0.0045000104253102614,0.0045000106358052735,0.00450000885257635],[0.0045000106358052735,0.0045000125551393029,0.0045000123683663273,0.0045000134777879747,0.0045000123683663273,0.0045000125551393029,0.0045000106358052735],[0.0045000104253102614,0.0045000123683663273,0.0045000129295514066,0.0045000134918237039,0.0045000129295514066,0.0045000123683663273,0.0045000104253102614],[0.0045000114704693093,0.0045000134777879747,0.0045000134918237039,0.0045000145448313459,0.0045000134918237039,0.0045000134777879747,0.0045000114704693093],[0.0045000104253102614,0.0045000123683663273,0.0045000129295514066,0.0045000134918237039,0.0045000129295514066,0.0045000123683663273,0.0045000104253102614],[0.0045000106358052735,0.0045000125551393029,0.0045000123683663273,0.0045000134777879747,0.0045000123683663273,0.0045000125551393029,0.0045000106358052735],[0.00450000885257635,0.0045000106358052735,0.0045000104253102614,0.0045000114704693093,0.0045000104253102614,0.0045000106358052735,0.00450000885257635]],[[0.0045000099548962594,0.004500011846039321,0.0045000116234521267,0.0045000127334559221,0.0045000116234521267,0.004500011846039321,0.0045000099548962594],[0.004500011846039321,0.0045000138705981654,0.0045000136741742223,0.0045000148458711111,0.0045000136741742223,0.0045000138705981654,0.004500011846039321],[0.0045000116234521267,0.0045000136741742223,0.0045000142664177525,0.0045000148598021462,0.0045000142664177525,0.0045000136741742223,0.0045000116234521267],[0.0045000127334559221,0.0045000148458711111,0.0045000148598021462,0.0045000159702477576,0.0045000148598021462,0.0045000148458711111,0.0045000127334559221],[0.0045000116234521267,0.0045000136741742223,0.0045000142664177525,0.0045000148598021462,0.0045000142664177525,0.0045000136741742223,0.0045000116234521267],[0.004500011846039321,0.0045000138705981654,0.0045000136741742223,0.0045000148458711111,0.0045000136741742223,0.0045000138705981654,0.004500011846039321],[0.0045000099548962594,0.004500011846039321,0.0045000116234521267,0.0045000127334559221,0.0045000116234521267,0.004500011846039321,0.0045000099548962594]],[[0.0045000111219117489,0.004500013120793003,0.00450001288614033,0.004500014060883864,0.00450001288614033,0.004500013120793003,0.0045000111219117489],[0.004500013120793003,0.0045000152504082475,0.0045000150443516339,0.0045000162782231779,0.0045000150443516339,0.0045000152504082475,0.004500013120793003],[0.00450001288614033,0.0045000150443516339,0.0045000156676032891,0.0045000162920493681,0.0045000156676032891,0.0045000150443516339,0.00450001288614033],[0.004500014060883864,0.0045000162782231779,0.0045000162920493681,0.0045000174598395885,0.0045000162920493681,0.0045000162782231779,0.004500014060883864],[0.00450001288614033,0.0045000150443516339,0.0045000156676032891,0.0045000162920493681,0.0045000156676032891,0.0045000150443516339,0.00450001288614033],[0.004500013120793003,0.0045000152504082475,0.0045000150443516339,0.0045000162782231779,0.0045000150443516339,0.0045000152504082475,0.004500013120793003],[0.0045000111219117489,0.004500013120793003,0.00450001288614033,0.004500014060883864,0.00450001288614033,0.004500013120793003,0.0045000111219117489]],[[0.004500012353518,0.0045000144599640418,0.004500014213270182,0.0045000154526492059,0.004500014213270182,0.0045000144599640418,0.004500012353518],[0.0045000144599640418,0.004500016694470854,0.0045000164787985675,0.0045000177747462223,0.0045000164787985675,0.004500016694470854,0.0045000144599640418],[0.004500014213270182,0.0045000164787985675,0.0045000171330091916,0.0045000177884677124,0.0045000171330091916,0.0045000164787985675,0.004500014213270182],[0.0045000154526492059,0.0045000177747462223,0.0045000177884677124,0.0045000190135116268,0.0045000177884677124,0.0045000177747462223,0.0045000154526492059],[0.004500014213270182,0.0045000164787985675,0.0045000171330091916,0.0045000177884677124,0.0045000171330091916,0.0045000164787985675,0.004500014213270182],[0.0045000144599640418,0.004500016694470854,0.0045000164787985675,0.0045000177747462223,0.0045000164787985675,0.004500016694470854,0.0045000144599640418],[0.004500012353518,0.0045000144599640418,0.004500014213270182,0.0045000154526492059,0.004500014213270182,0.0045000144599640418,0.004500012353518]],[[0.0045000136496118693,0.0045000158634523916,0.0045000156047397951,0.0045000169086514908,0.0045000156047397951,0.0045000158634523916,0.0045000136496118693],[0.0045000158634523916,0.0045000182026896712,0.0045000179774176982,0.0045000193353450955,0.0045000179774176982,0.0045000182026896712,0.0045000158634523916],[0.0045000156047397951,0.0045000179774176982,0.0045000186625393165,0.0045000193489622177,0.0045000186625393165,0.0045000179774176982,0.0045000156047397951],[0.0045000169086514908,0.0045000193353450955,0.0045000193489622177,0.0045000206311712806,0.0045000193489622177,0.0045000193353450955,0.0045000169086514908],[0.0045000156047397951,0.0045000179774176982,0.0045000186625393165,0.0045000193489622177,0.0045000186625393165,0.0045000179774176982,0.0045000156047397951],[0.0045000158634523916,0.0045000182026896712,0.0045000179774176982,0.0045000193353450955,0.0045000179774176982,0.0045000182026896712,0.0045000158634523916],[0.0045000136496118693,0.0045000158634523916,0.0045000156047397951,0.0045000169086514908,0.0045000156047397951,0.0045000158634523916,0.0045000136496118693]],[[0.0045000150100921931,0.0045000173311603511,0.0045000170604499708,0.0045000184287933287,0.0045000170604499708,0.0045000173311603511,0.0045000150100921931],[0.0045000173311603511,0.0045000197749707664,0.004500019540114272,0.0045000209599272726,0.004500019540114272,0.0045000197749707664,0.0045000173311603511],[0.0045000170604499708,0.004500019540114272,0.0045000202561000747,0.0045000209734404979,0.0045000202561000747,0.004500019540114272,0.0045000170604499708],[0.0045000184287933287,0.0045000209599272726,0.0045000209734404979,0.0045000223127284545,0.0045000209734404979,0.0045000209599272726,0.0045000184287933287],[0.0045000170604499708,0.004500019540114272,0.0045000202561000747,0.0045000209734404979,0.0045000202561000747,0.004500019540114272,0.0045000170604499708],[0.0045000173311603511,0.0045000197749707664,0.004500019540114272,0.0045000209599272726,0.004500019540114272,0.0045000197749707664,0.0045000173311603511],[0.0045000150100921931,0.0045000173311603511,0.0045000170604499708,0.0045000184287933287,0.0045000170604499708,0.0045000173311603511,0.0045000150100921931]],[[0.0045000164348599379,0.0045000188629925148,0.0045000185803041231,0.0045000200129801946,0.0045000185803041231,0.0045000188629925148,0.0045000164348599379],[0.0045000188629925148,0.0045000214112225229,0.0045000211667959788,0.0045000226484027154,0.0045000211667959788,0.0045000214112225229,0.0045000188629925148],[0.0045000185803041231,0.0045000211667959788,0.00450002191360035,0.00450002266181258,0.00450002191360035,0.0045000211667959788,0.0045000185803041231],[0.0045000200129801946,0.0045000226484027154,0.00450002266181258,0.0045000240580954217,0.00450002266181258,0.0045000226484027154,0.0045000200129801946],[0.0045000185803041231,0.0045000211667959788,0.00450002191360035,0.00450002266181258,0.00450002191360035,0.0045000211667959788,0.0045000185803041231],[0.0045000188629925148,0.0045000214112225229,0.0045000211667959788,0.0045000226484027154,0.0045000211667959788,0.0045000214112225229,0.0045000188629925148],[0.0045000164348599379,0.0045000188629925148,0.0045000185803041231,0.0045000200129801946,0.0045000185803041231,0.0045000188629925148,0.0045000164348599379]],[[0.00450001792381832,0.0045000204588558253,0.0045000201642082047,0.0045000216611202574,0.0045000201642082047,0.0045000204588558253,0.00450001792381832],[0.0045000204588558253,0.0045000231113556484,0.0045000228573729567,0.0045000244006838126,0.0045000228573729567,0.0045000231113556484,0.0045000204588558253],[0.0045000201642082047,0.0045000228573729567,0.0045000236349514063,0.0045000244139908928,0.0045000236349514063,0.0045000228573729567,0.0045000201642082047],[0.0045000216611202574,0.0045000244006838126,0.0045000244139908928,0.0045000258671867828,0.0045000244139908928,0.0045000244006838126,0.0045000216611202574],[0.0045000201642082047,0.0045000228573729567,0.0045000236349514063,0.0045000244139908928,0.0045000236349514063,0.0045000228573729567,0.0045000201642082047],[0.0045000204588558253,0.0045000231113556484,0.0045000228573729567,0.0045000244006838126,0.0045000228573729567,0.0045000231113556484,0.0045000204588558253],[0.00450001792381832,0.0045000204588558253,0.0045000201642082047,0.0045000216611202574,0.0045000201642082047,0.0045000204588558253,0.00450001792381832]],[[0.0045000194768727532,0.0045000221186595121,0.0045000218120706372,0.0045000233731241823,0.0045000218120706372,0.0045000221186595121,0.0045000194768727532],[0.0045000221186595121,0.0045000248752831,0.0045000246117576576,0.0045000262166852469,0.0045000246117576576,0.0045000248752831,0.0045000221186595121],[0.0045000218120706372,0.0045000246117576576,0.0045000254200668428,0.0045000262298901649,0.0045000254200668428,0.0045000246117576576,0.0045000218120706372],[0.0045000233731241823,0.0045000262166852469,0.0045000262298901649,0.0045000277399193725,0.0045000262298901649,0.0045000262166852469,0.0045000233731241823],[0.0045000218120706372,0.0045000246117576576,0.0045000254200668428,0.0045000262298901649,0.0045000254200668428,0.0045000246117576576,0.0045000218120706372],[0.0045000221186595121,0.0045000248752831,0.0045000246117576576,0.0045000262166852469,0.0045000246117576576,0.0045000248752831,0.0045000221186595121],[0.0045000194768727532,0.0045000221186595121,0.0045000218120706372,0.0045000233731241823,0.0045000218120706372,0.0045000221186595121,0.0045000194768727532]],[[0.0045000210939309809,0.0045000238423150759,0.004500023523802214,0.0045000251489050016,0.004500023523802214,0.0045000238423150759,0.0045000210939309809],[0.0045000238423150759,0.0045000267029200207,0.0045000264298647764,0.0045000280963239025,0.0045000264298647764,0.0045000267029200207,0.0045000238423150759],[0.004500023523802214,0.0045000264298647764,0.0045000272688624447,0.0045000281094272855,0.0045000272688624447,0.0045000264298647764,0.004500023523802214],[0.0045000251489050016,0.0045000280963239025,0.0045000281094272855,0.0045000296762121358,0.0045000281094272855,0.0045000280963239025,0.0045000251489050016],[0.004500023523802214,0.0045000264298647764,0.0045000272688624447,0.0045000281094272855,0.0045000272688624447,0.0045000264298647764,0.004500023523802214],[0.0045000238423150759,0.0045000267029200207,0.0045000264298647764,0.0045000280963239025,0.0045000264298647764,0.0045000267029200207,0.0045000238423150759],[0.0045000210939309809,0.0045000238423150759,0.004500023523802214,0.0045000251489050016,0.004500023523802214,0.0045000238423150759,0.0045000210939309809]],[[0.0045000227749029875,0.00450002562973627,0.0045000252993160818,0.004500026988378163,0.0045000252993160818,0.00450002562973627,0.0045000227749029875],[0.00450002562973627,0.0045000285941837453,0.00450002831161124,0.0045000300395188616,0.00450002831161124,0.0045000285941837453,0.00450002562973627],[0.0045000252993160818,0.00450002831161124,0.0045000291812562218,0.0045000300525213279,0.0045000291812562218,0.00450002831161124,0.0045000252993160818],[0.004500026988378163,0.0045000300395188616,0.0045000300525213279,0.0045000316759861375,0.0045000300525213279,0.0045000300395188616,0.004500026988378163],[0.0045000252993160818,0.00450002831161124,0.0045000291812562218,0.0045000300525213279,0.0045000291812562218,0.00450002831161124,0.0045000252993160818],[0.00450002562973627,0.0045000285941837453,0.00450002831161124,0.0045000300395188616,0.00450002831161124,0.0045000285941837453,0.00450002562973627],[0.0045000227749029875,0.00450002562973627,0.0045000252993160818,0.004500026988378163,0.0045000252993160818,0.00450002562973627,0.0045000227749029875]],[[0.00450002451970096,0.0045000274808389105,0.004500027138527516,0.0045000288914612231,0.004500027138527516,0.0045000274808389105,0.00450002451970096],[0.0045000274808389105,0.0045000305489936018,0.0045000302569160175,0.0045000320461911986,0.0045000302569160175,0.0045000305489936018,0.0045000274808389105],[0.004500027138527516,0.0045000302569160175,0.0045000311571681724,0.0045000320590933606,0.0045000311571681724,0.0045000302569160175,0.004500027138527516],[0.0045000288914612231,0.0045000320461911986,0.0045000320590933606,0.0045000337391643769,0.0045000320590933606,0.0045000320461911986,0.0045000288914612231],[0.004500027138527516,0.0045000302569160175,0.0045000311571681724,0.0045000320590933606,0.0045000311571681724,0.0045000302569160175,0.004500027138527516],[0.0045000274808389105,0.0045000305489936018,0.0045000302569160175,0.0045000320461911986,0.0045000302569160175,0.0045000305489936018,0.0045000274808389105],[0.00450002451970096,0.0045000274808389105,0.004500027138527516,0.0045000288914612231,0.004500027138527516,0.0045000274808389105,0.00450002451970096]],[[0.0045000263282393,0.0045000293955410582,0.0045000290413540773,0.0045000308580738736,0.0045000290413540773,0.0045000293955410582,0.0045000263282393],[0.0045000293955410582,0.004500032567271048,0.0045000322657002077,0.0045000341162640478,0.0045000322657002077,0.004500032567271048,0.0045000293955410582],[0.0045000290413540773,0.0045000322657002077,0.0045000331965204272,0.0045000341290665187,0.0045000331965204272,0.0045000322657002077,0.0045000290413540773],[0.0045000308580738736,0.0045000341162640478,0.0045000341290665187,0.0045000358656718644,0.0045000341290665187,0.0045000341162640478,0.0045000308580738736],[0.0045000290413540773,0.0045000322657002077,0.0045000331965204272,0.0045000341290665187,0.0045000331965204272,0.0045000322657002077,0.0045000290413540773],[0.0045000293955410582,0.004500032567271048,0.0045000322657002077,0.0045000341162640478,0.0045000322657002077,0.004500032567271048,0.0045000293955410582],[0.0045000263282393,0.0045000293955410582,0.0045000290413540773,0.0045000308580738736,0.0045000290413540773,0.0045000293955410582,0.0045000263282393]],[[0.00450002820043455,0.004500031373762781,0.0045000310077153716,0.0045000328881378794,0.0045000310077153716,0.004500031373762781,0.00450002820043455],[0.004500031373762781,0.0045000346489394759,0.0045000343378868886,0.0045000362496624832,0.0045000343378868886,0.0045000346489394759,0.004500031373762781],[0.0045000310077153716,0.0045000343378868886,0.0045000352992370634,0.0045000362623658736,0.0045000352992370634,0.0045000343378868886,0.0045000310077153716],[0.0045000328881378794,0.0045000362496624832,0.0045000362623658736,0.0045000380554354978,0.0045000362623658736,0.0045000362496624832,0.0045000328881378794],[0.0045000310077153716,0.0045000343378868886,0.0045000352992370634,0.0045000362623658736,0.0045000352992370634,0.0045000343378868886,0.0045000310077153716],[0.004500031373762781,0.0045000346489394759,0.0045000343378868886,0.0045000362496624832,0.0045000343378868886,0.0045000346489394759,0.004500031373762781],[0.00450002820043455,0.004500031373762781,0.0045000310077153716,0.0045000328881378794,0.0045000310077153716,0.004500031373762781,0.00450002820043455]],[[0.0045000301362053477,0.00450003341542616,0.0045000330375330648,0.0045000349815770072,0.0045000330375330648,0.00450003341542616,0.0045000301362053477],[0.00450003341542616,0.0045000367939241866,0.0045000364734010577,0.0045000384463134207,0.0045000364734010577,0.0045000367939241866,0.00450003341542616],[0.0045000330375330648,0.0045000364734010577,0.0045000374652440145,0.004500038458918317,0.0045000374652440145,0.0045000364734010577,0.0045000330375330648],[0.0045000349815770072,0.0045000384463134207,0.004500038458918317,0.0045000403083839333,0.004500038458918317,0.0045000384463134207,0.0045000349815770072],[0.0045000330375330648,0.0045000364734010577,0.0045000374652440145,0.004500038458918317,0.0045000374652440145,0.0045000364734010577,0.0045000330375330648],[0.00450003341542616,0.0045000367939241866,0.0045000364734010577,0.0045000384463134207,0.0045000364734010577,0.0045000367939241866,0.00450003341542616],[0.0045000301362053477,0.00450003341542616,0.0045000330375330648,0.0045000349815770072,0.0045000330375330648,0.00450003341542616,0.0045000301362053477]],[[0.0045000321354723739,0.0045000355204552383,0.0045000351307307807,0.0045000371383169292,0.0045000351307307807,0.0045000355204552383,0.0045000321354723739],[0.0045000355204552383,0.004500039002152346,0.0045000386721695739,0.0045000407061456145,0.0045000386721695739,0.004500039002152346,0.0045000355204552383],[0.0045000351307307807,0.0045000386721695739,0.0045000396944690733,0.0045000407186525787,0.0045000396944690733,0.0045000386721695739,0.0045000351307307807],[0.0045000371383169292,0.0045000407061456145,0.0045000407186525787,0.0045000426244476109,0.0045000407186525787,0.0045000407061456145,0.0045000371383169292],[0.0045000351307307807,0.0045000386721695739,0.0045000396944690733,0.0045000407186525787,0.0045000396944690733,0.0045000386721695739,0.0045000351307307807],[0.0045000355204552383,0.004500039002152346,0.0045000386721695739,0.0045000407061456145,0.0045000386721695739,0.004500039002152346,0.0045000355204552383],[0.0045000321354723739,0.0045000355204552383,0.0045000351307307807,0.0045000371383169292,0.0045000351307307807,0.0045000355204552383,0.0045000321354723739]],[[0.00450003419815828,0.0045000376887759227,0.004500037287234057,0.0045000393582851784,0.004500037287234057,0.0045000376887759227,0.00450003419815828],[0.0045000376887759227,0.0045000412735529075,0.0045000409341211314,0.0045000430290895671,0.0045000409341211314,0.0045000412735529075,0.0045000376887759227],[0.004500037287234057,0.0045000409341211314,0.0045000419868418511,0.0045000430414991657,0.0045000419868418511,0.0045000409341211314,0.004500037287234057],[0.0045000393582851784,0.0045000430290895671,0.0045000430414991657,0.0045000450035586909,0.0045000430414991657,0.0045000430290895671,0.0045000393582851784],[0.004500037287234057,0.0045000409341211314,0.0045000419868418511,0.0045000430414991657,0.0045000419868418511,0.0045000409341211314,0.004500037287234057],[0.0045000376887759227,0.0045000412735529075,0.0045000409341211314,0.0045000430290895671,0.0045000409341211314,0.0045000412735529075,0.0045000376887759227],[0.00450003419815828,0.0045000376887759227,0.004500037287234057,0.0045000393582851784,0.004500037287234057,0.0045000376887759227,0.00450003419815828]],[[0.0045000363241876626,0.00450003992031599,0.0045000395069703164,0.004500041641411082,0.0045000395069703164,0.00450003992031599,0.0045000363241876626],[0.00450003992031599,0.0045000436080565968,0.0045000432591861782,0.0045000454150775047,0.0045000432591861782,0.0045000436080565968,0.00450003992031599],[0.0045000395069703164,0.0045000432591861782,0.0045000443422936638,0.0045000454273902857,0.0045000443422936638,0.0045000432591861782,0.0045000395069703164],[0.004500041641411082,0.0045000454150775047,0.0045000454273902857,0.0045000474456509919,0.0045000454273902857,0.0045000454150775047,0.004500041641411082],[0.0045000395069703164,0.0045000432591861782,0.0045000443422936638,0.0045000454273902857,0.0045000443422936638,0.0045000432591861782,0.0045000395069703164],[0.00450003992031599,0.0045000436080565968,0.0045000432591861782,0.0045000454150775047,0.0045000432591861782,0.0045000436080565968,0.00450003992031599],[0.0045000363241876626,0.00450003992031599,0.0045000395069703164,0.004500041641411082,0.0045000395069703164,0.00450003992031599,0.0045000363241876626]],[[0.0045000385134870034,0.0045000422150049714,0.0045000417898687275,0.0045000439876257,0.0045000417898687275,0.0045000422150049714,0.0045000385134870034],[0.0045000422150049714,0.00450004600559576,0.0045000456472967963,0.004500047864043199,0.0045000456472967963,0.00450004600559576,0.0045000422150049714],[0.0045000417898687275,0.0045000456472967963,0.0045000467607574238,0.0045000478762596734,0.0045000467607574238,0.0045000456472967963,0.0045000417898687275],[0.0045000439876257,0.004500047864043199,0.0045000478762596734,0.0045000499506597938,0.0045000478762596734,0.004500047864043199,0.0045000439876257],[0.0045000417898687275,0.0045000456472967963,0.0045000467607574238,0.0045000478762596734,0.0045000467607574238,0.0045000456472967963,0.0045000417898687275],[0.0045000422150049714,0.00450004600559576,0.0045000456472967963,0.004500047864043199,0.0045000456472967963,0.00450004600559576,0.0045000422150049714],[0.0045000385134870034,0.0045000422150049714,0.0045000417898687275,0.0045000439876257,0.0045000417898687275,0.0045000422150049714,0.0045000385134870034]],[[0.0045000407659845677,0.0045000445727741162,0.0045000441358602223,0.0045000463968617463,0.0045000441358602223,0.0045000445727741162,0.0045000407659845677],[0.0045000445727741162,0.0045000484661044176,0.0045000480983867809,0.0045000503759221053,0.0045000480983867809,0.0045000484661044176,0.0045000445727741162],[0.0045000441358602223,0.0045000480983867809,0.0045000492421677666,0.0045000503880428038,0.0045000492421677666,0.0045000480983867809,0.0045000441358602223],[0.0045000463968617463,0.0045000503759221053,0.0045000503880428038,0.0045000525185220621,0.0045000503880428038,0.0045000503759221053,0.0045000463968617463],[0.0045000441358602223,0.0045000480983867809,0.0045000492421677666,0.0045000503880428038,0.0045000492421677666,0.0045000480983867809,0.0045000441358602223],[0.0045000