{"M_cells":[[[0,0,0,0,0,0,0],[0,0,0,0,0,0,0],[0,0,0,0,0,0,0],[0,0,0,0,0,0,0],[0,0,0,0,0,0,0],[0,0,0,0,0,0,0],[0,0,0,0,0,0,0]],[[9.1706612921881851E-9,2.5677233633339598E-8,2.3510554011075781E-8,3.2104506690511737E-8,2.3510554011075781E-8,2.5677233633339598E-8,9.1706612921881851E-9],[2.5677233633339598E-8,5.914096833445713E-8,5.5453253799352515E-8,7.2868985800472553E-8,5.5453253799352515E-8,5.914096833445713E-8,2.5677233633339598E-8],[2.3510554011075781E-8,5.5453253799352515E-8,6.4797506927401184E-8,7.4172050942465615E-8,6.4797506927401184E-8,5.5453253799352515E-8,2.3510554011075781E-8],[3.2104506690511737E-8,7.2868985800472553E-8,7.4172050942465615E-8,9.2742069622719521E-8,7.4172050942465615E-8,7.2868985800472553E-8,3.2104506690511737E-8],[2.3510554011075781E-8,5.5453253799352515E-8,6.4797506927401184E-8,7.4172050942465615E-8,6.4797506927401184E-8,5.5453253799352515E-8,2.3510554011075781E-8],[2.5677233633339598E-8,5.914096833445713E-8,5.5453253799352515E-8,7.2868985800472553E-8,5.5453253799352515E-8,5.914096833445713E-8,2.5677233633339598E-8],[9.1706612921881851E-9,2.5677233633339598E-8,2.3510554011075781E-8,3.2104506690511737E-8,2.3510554011075781E-8,2.5677233633339598E-8,9.1706612921881851E-9]],[[5.59157714721352E-8,1.0268276283401551E-7,9.6685812434315445E-8,1.2226773465207715E-7,9.6685812434315445E-8,1.0268276283401551E-7,5.59157714721352E-8],[1.0268276283401551E-7,1.6956508960026332E-7,1.6243113503503142E-7,1.9895343197064017E-7,1.6243113503503142E-7,1.6956508960026332E-7,1.0268276283401551E-7],[9.6685812434315445E-8,1.6243113503503142E-7,1.815227640679089E-7,2.0066189212546586E-7,1.8152276406790893E-7,1.6243113503503142E-7,9.6685812434315445E-8],[1.2226773465207715E-7,1.9895343197064017E-7,2.0066189212546586E-7,2.3766425614394404E-7,2.0066189212546586E-7,1.9895343197064017E-7,1.2226773465207715E-7],[9.6685812434315445E-8,1.6243113503503142E-7,1.8152276406790893E-7,2.0066189212546586E-7,1.8152276406790893E-7,1.6243113503503142E-7,9.6685812434315445E-8],[1.0268276283401551E-7,1.6956508960026332E-7,1.6243113503503142E-7,1.9895343197064017E-7,1.6243113503503142E-7,1.6956508960026332E-7,1.026827628340155E-7],[5.59157714721352E-8,1.0268276283401551E-7,9.6685812434315445E-8,1.2226773465207715E-7,9.6685812434315445E-8,1.026827628340155E-7,5.59157714721352E-8]],[[1.5086866491484685E-7,2.3090282248900348E-7,2.2088008193836174E-7,2.6594016335549456E-7,2.2088008193836174E-7,2.3090282248900351E-7,1.5086866491484685E-7],[2.3090282248900348E-7,3.3110958763490232E-7,3.20726533104659E-7,3.7679282935858004E-7,3.20726533104659E-7,3.3110958763490238E-7,2.3090282248900351E-7],[2.2088008193836174E-7,3.20726533104659E-7,3.4963568871962969E-7,3.7860939592761908E-7,3.4963568871962969E-7,3.20726533104659E-7,2.2088008193836174E-7],[2.6594016335549456E-7,3.7679282935858004E-7,3.7860939592761908E-7,4.3389852604941547E-7,3.7860939592761908E-7,3.7679282935858004E-7,2.6594016335549456E-7],[2.2088008193836174E-7,3.20726533104659E-7,3.4963568871962969E-7,3.7860939592761908E-7,3.4963568871962969E-7,3.20726533104659E-7,2.2088008193836174E-7],[2.3090282248900351E-7,3.3110958763490238E-7,3.20726533104659E-7,3.7679282935858004E-7,3.20726533104659E-7,3.3110958763490238E-7,2.3090282248900351E-7],[1.5086866491484685E-7,2.3090282248900351E-7,2.2088008193836174E-7,2.6594016335549456E-7,2.2088008193836174E-7,2.3090282248900351E-7,1.5086866491484685E-7]],[[2.9627335080905228E-7,4.101334751022852E-7,3.9616135222885052E-7,4.6137293271652778E-7,3.9616135222885052E-7,4.101334751022852E-7,2.9627335080905228E-7],[4.101334751022852E-7,5.4350164555120383E-7,5.2999053883573616E-7,6.0564285158265542E-7,5.2999053883573616E-7,5.4350164555120383E-7,4.101334751022852E-7],[3.9616135222885052E-7,5.2999053883573616E-7,5.6868944884756414E-7,6.0746982035100718E-7,5.6868944884756414E-7,5.2999053883573616E-7,3.9616135222885052E-7],[4.6137293271652778E-7,6.0564285158265542E-7,6.0746982035100718E-7,6.8090370369125745E-7,6.0746982035100718E-7,6.0564285158265542E-7,4.6137293271652778E-7],[3.9616135222885052E-7,5.2999053883573616E-7,5.6868944884756414E-7,6.0746982035100718E-7,5.6868944884756414E-7,5.2999053883573616E-7,3.9616135222885052E-7],[4.101334751022852E-7,5.4350164555120383E-7,5.2999053883573616E-7,6.0564285158265542E-7,5.2999053883573616E-7,5.4350164555120383E-7,4.101334751022852E-7],[2.9627335080905228E-7,4.101334751022852E-7,3.9616135222885052E-7,4.6137293271652778E-7,3.9616135222885052E-7,4.101334751022852E-7,2.9627335080905228E-7]],[[4.9242851394172713E-7,6.4008564341296046E-7,6.2225378523376968E-7,7.0772578816250546E-7,6.2225378523376968E-7,6.4008564341296046E-7,4.9242851394172713E-7],[6.4008564341296046E-7,8.0640926062663979E-7,7.8984097678561652E-7,8.849951026391985E-7,7.8984097678561652E-7,8.0640926062663979E-7,6.4008564341296046E-7],[6.2225378523376968E-7,7.8984097678561652E-7,8.3827127302104216E-7,8.8679980751274956E-7,8.3827127302104216E-7,7.8984097678561652E-7,6.2225378523376968E-7],[7.0772578816250546E-7,8.849951026391985E-7,8.8679980751274956E-7,9.7824003806088831E-7,8.8679980751274956E-7,8.849951026391985E-7,7.0772578816250546E-7],[6.2225378523376968E-7,7.8984097678561652E-7,8.3827127302104216E-7,8.8679980751274956E-7,8.3827127302104227E-7,7.8984097678561663E-7,6.2225378523376968E-7],[6.4008564341296046E-7,8.0640926062663979E-7,7.8984097678561652E-7,8.849951026391985E-7,7.8984097678561663E-7,8.0640926062663989E-7,6.4008564341296057E-7],[4.9242851394172713E-7,6.4008564341296046E-7,6.2225378523376968E-7,7.0772578816250546E-7,6.2225378523376968E-7,6.4008564341296057E-7,4.9242851394172713E-7]],[[7.3915223456259452E-7,9.20425010849766E-7,8.987990131476138E-7,1.0044640232468255E-6,8.987990131476138E-7,9.20425010849766E-7,7.3915223456259452E-7],[9.20425010849766E-7,1.1194786749762402E-6,1.0998976386867059E-6,1.2144297621517556E-6,1.0998976386867059E-6,1.1194786749762402E-6,9.20425010849766E-7],[8.987990131476138E-7,1.0998976386867059E-6,1.1579919873550163E-6,1.2162012243190537E-6,1.1579919873550163E-6,1.0998976386867059E-6,8.987990131476138E-7],[1.0044640232468255E-6,1.2144297621517556E-6,1.2162012243190537E-6,1.3255128936571967E-6,1.2162012243190537E-6,1.2144297621517556E-6,1.0044640232468255E-6],[8.987990131476138E-7,1.0998976386867059E-6,1.1579919873550163E-6,1.2162012243190537E-6,1.1579919873550163E-6,1.0998976386867061E-6,8.9879901314761391E-7],[9.20425010849766E-7,1.1194786749762402E-6,1.0998976386867059E-6,1.2144297621517556E-6,1.0998976386867061E-6,1.1194786749762404E-6,9.2042501084976611E-7],[7.3915223456259452E-7,9.20425010849766E-7,8.987990131476138E-7,1.0044640232468255E-6,8.9879901314761391E-7,9.2042501084976611E-7,7.3915223456259473E-7]],[[1.0361343723379415E-6,1.2507994024959142E-6,1.2254259562791057E-6,1.3511621044196367E-6,1.2254259562791057E-6,1.2507994024959142E-6,1.0361343723379415E-6],[1.2507994024959142E-6,1.4823515771251112E-6,1.4597894000721558E-6,1.5935644844350456E-6,1.4597894000721558E-6,1.4823515771251112E-6,1.2507994024959142E-6],[1.2254259562791057E-6,1.4597894000721558E-6,1.5274785591561425E-6,1.5952991343869181E-6,1.5274785591561425E-6,1.4597894000721558E-6,1.2254259562791057E-6],[1.3511621044196367E-6,1.5935644844350456E-6,1.5952991343869181E-6,1.7223506694686812E-6,1.5952991343869181E-6,1.5935644844350456E-6,1.3511621044196367E-6],[1.2254259562791057E-6,1.4597894000721558E-6,1.5274785591561425E-6,1.5952991343869181E-6,1.5274785591561425E-6,1.4597894000721558E-6,1.2254259562791059E-6],[1.2507994024959142E-6,1.4823515771251112E-6,1.4597894000721558E-6,1.5935644844350456E-6,1.4597894000721558E-6,1.4823515771251114E-6,1.2507994024959146E-6],[1.0361343723379415E-6,1.2507994024959142E-6,1.2254259562791057E-6,1.3511621044196367E-6,1.2254259562791059E-6,1.2507994024959146E-6,1.0361343723379419E-6]],[[1.3830298296938966E-6,1.6308530797565083E-6,1.6017681697781428E-6,1.747437998227257E-6,1.601768169778143E-6,1.6308530797565083E-6,1.3830298296938966E-6],[1.6308530797565083E-6,1.8946725097451795E-6,1.8691547601945381E-6,2.0220360021290381E-6,1.8691547601945381E-6,1.8946725097451795E-6,1.6308530797565083E-6],[1.6017681697781428E-6,1.8691547601945381E-6,1.9463698976003749E-6,2.0237328603457427E-6,1.9463698976003749E-6,1.8691547601945381E-6,1.6017681697781428E-6],[1.747437998227257E-6,2.0220360021290381E-6,2.0237328603457427E-6,2.168395849322808E-6,2.0237328603457427E-6,2.0220360021290381E-6,1.7474379982272572E-6],[1.601768169778143E-6,1.8691547601945381E-6,1.9463698976003749E-6,2.0237328603457427E-6,1.9463698976003749E-6,1.8691547601945381E-6,1.601768169778143E-6],[1.6308530797565083E-6,1.8946725097451795E-6,1.8691547601945381E-6,2.0220360021290381E-6,1.8691547601945381E-6,1.8946725097451797E-6,1.6308530797565085E-6],[1.3830298296938966E-6,1.6308530797565083E-6,1.6017681697781428E-6,1.7474379982272572E-6,1.601768169778143E-6,1.6308530797565085E-6,1.383029829693897E-6]],[[1.7794864440404164E-6,2.0602333211495215E-6,2.0274674131895845E-6,2.1929304423618765E-6,2.0274674131895845E-6,2.0602333211495215E-6,1.7794864440404164E-6],[2.0602333211495215E-6,2.3560918294270978E-6,2.3276411708159333E-6,2.4994931569394058E-6,2.3276411708159333E-6,2.3560918294270978E-6,2.0602333211495215E-6],[2.0274674131895845E-6,2.3276411708159333E-6,2.4143146082341326E-6,2.5011521645134155E-6,2.4143146082341326E-6,2.3276411708159333E-6,2.0274674131895845E-6],[2.1929304423618765E-6,2.4994931569394058E-6,2.5011521645134155E-6,2.6633011865452671E-6,2.5011521645134155E-6,2.4994931569394058E-6,2.1929304423618769E-6],[2.0274674131895845E-6,2.3276411708159333E-6,2.4143146082341326E-6,2.5011521645134155E-6,2.4143146082341326E-6,2.3276411708159333E-6,2.0274674131895849E-6],[2.0602333211495215E-6,2.3560918294270978E-6,2.3276411708159333E-6,2.4994931569394058E-6,2.3276411708159333E-6,2.3560918294270982E-6,2.0602333211495219E-6],[1.7794864440404164E-6,2.0602333211495215E-6,2.0274674131895845E-6,2.1929304423618769E-6,2.0274674131895849E-6,2.0602333211495219E-6,1.7794864440404166E-6]],[[2.2251542938251037E-6,2.5385931554012873E-6,2.5021738804843771E-6,2.6872906902457137E-6,2.5021738804843771E-6,2.5385931554012873E-6,2.2251542938251037E-6],[2.5385931554012873E-6,2.8662667260097021E-6,2.8349043226934612E-6,3.025594042768674E-6,2.8349043226934612E-6,2.8662667260097021E-6,2.5385931554012873E-6],[2.5021738804843771E-6,2.8349043226934612E-6,2.9309697457183096E-6,3.0272154681253738E-6,2.9309697457183096E-6,2.8349043226934612E-6,2.5021738804843771E-6],[2.6872906902457137E-6,3.025594042768674E-6,3.0272154681253738E-6,3.2067279323139822E-6,3.0272154681253738E-6,3.0255940427686744E-6,2.6872906902457141E-6],[2.5021738804843771E-6,2.8349043226934612E-6,2.9309697457183096E-6,3.0272154681253738E-6,2.93096974571831E-6,2.8349043226934616E-6,2.5021738804843775E-6],[2.5385931554012873E-6,2.8662667260097021E-6,2.8349043226934612E-6,3.0255940427686744E-6,2.8349043226934616E-6,2.866266726009703E-6,2.5385931554012882E-6],[2.2251542938251037E-6,2.5385931554012873E-6,2.5021738804843771E-6,2.6872906902457141E-6,2.5021738804843775E-6,2.5385931554012882E-6,2.2251542938251045E-6]],[[2.7196889583460642E-6,3.06559232460312E-6,3.02554575839227E-6,3.2301792752148752E-6,3.02554575839227E-6,3.06559232460312E-6,2.7196889583460642E-6],[3.06559232460312E-6,3.4248614217456865E-6,3.390607560567826E-6,3.6000046760692266E-6,3.390607560567826E-6,3.4248614217456865E-6,3.06559232460312E-6],[3.02554575839227E-6,3.390607560567826E-6,3.496000045180718E-6,3.6015888991579107E-6,3.496000045180718E-6,3.390607560567826E-6,3.02554575839227E-6],[3.2301792752148752E-6,3.6000046760692266E-6,3.6015888991579107E-6,3.7983448934044852E-6,3.6015888991579107E-6,3.600004676069227E-6,3.2301792752148756E-6],[3.02554575839227E-6,3.390607560567826E-6,3.496000045180718E-6,3.6015888991579107E-6,3.496000045180718E-6,3.390607560567826E-6,3.0255457583922705E-6],[3.06559232460312E-6,3.4248614217456865E-6,3.390607560567826E-6,3.600004676069227E-6,3.390607560567826E-6,3.4248614217456869E-6,3.0655923246031205E-6],[2.7196889583460642E-6,3.06559232460312E-6,3.02554575839227E-6,3.2301792752148756E-6,3.0255457583922705E-6,3.0655923246031205E-6,2.719688958346065E-6]],[[3.2627525807478673E-6,3.6408974741503933E-6,3.5972487266983922E-6,3.8212645721536822E-6,3.5972487266983922E-6,3.6408974741503933E-6,3.2627525807478673E-6],[3.6408974741503933E-6,4.0315470355848482E-6,3.99442140327641E-6,4.2223982539721574E-6,3.99442140327641E-6,4.0315470355848482E-6,3.6408974741503933E-6],[3.5972487266983922E-6,3.99442140327641E-6,4.1090773792472383E-6,4.22394568632808E-6,4.1090773792472383E-6,3.99442140327641E-6,3.5972487266983922E-6],[3.8212645721536822E-6,4.2223982539721574E-6,4.22394568632808E-6,4.4378278353766175E-6,4.22394568632808E-6,4.2223982539721574E-6,3.8212645721536822E-6],[3.5972487266983922E-6,3.99442140327641E-6,4.1090773792472383E-6,4.22394568632808E-6,4.1090773792472383E-6,3.99442140327641E-6,3.5972487266983922E-6],[3.6408974741503933E-6,4.0315470355848482E-6,3.99442140327641E-6,4.2223982539721574E-6,3.99442140327641E-6,4.0315470355848482E-6,3.6408974741503938E-6],[3.2627525807478673E-6,3.6408974741503933E-6,3.5972487266983922E-6,3.8212645721536822E-6,3.5972487266983922E-6,3.6408974741503938E-6,3.2627525807478681E-6]],[[3.8540140795729845E-6,4.264182019836843E-6,4.2169555079791676E-6,4.4602220272192694E-6,4.2169555079791676E-6,4.264182019836843E-6,3.8540140795729845E-6],[4.264182019836843E-6,4.6860013180955669E-6,4.64602313029506E-6,4.8924546493365705E-6,4.64602313029506E-6,4.6860013180955669E-6,4.264182019836843E-6],[4.2169555079791676E-6,4.64602313029506E-6,4.769880323862209E-6,4.8939657042178782E-6,4.769880323862209E-6,4.64602313029506E-6,4.2169555079791676E-6],[4.4602220272192694E-6,4.8924546493365705E-6,4.8939657042178782E-6,5.1248590357733229E-6,4.8939657042178782E-6,4.8924546493365705E-6,4.4602220272192694E-6],[4.2169555079791676E-6,4.64602313029506E-6,4.769880323862209E-6,4.8939657042178782E-6,4.769880323862209E-6,4.6460231302950604E-6,4.2169555079791685E-6],[4.264182019836843E-6,4.6860013180955669E-6,4.64602313029506E-6,4.8924546493365705E-6,4.6460231302950604E-6,4.6860013180955686E-6,4.2641820198368447E-6],[3.8540140795729845E-6,4.264182019836843E-6,4.2169555079791676E-6,4.4602220272192694E-6,4.2169555079791685E-6,4.2641820198368447E-6,3.8540140795729854E-6]],[[4.4931490240571512E-6,4.935125888086307E-6,4.8843454668086144E-6,5.14673364812853E-6,4.8843454668086144E-6,4.935125888086307E-6,4.4931490240571512E-6],[4.935125888086307E-6,5.3879083423234367E-6,5.3450964091795E-6,5.6098600080904784E-6,5.3450964091795E-6,5.3879083423234367E-6,4.935125888086307E-6],[4.8843454668086144E-6,5.3450964091795E-6,5.4780937800850065E-6,5.61133508943963E-6,5.4780937800850065E-6,5.3450964091795E-6,4.8843454668086144E-6],[5.14673364812853E-6,5.6098600080904784E-6,5.61133508943963E-6,5.859126907296369E-6,5.61133508943963E-6,5.6098600080904784E-6,5.14673364812853E-6],[4.8843454668086144E-6,5.3450964091795E-6,5.4780937800850065E-6,5.61133508943963E-6,5.4780937800850065E-6,5.3450964091795E-6,4.8843454668086144E-6],[4.935125888086307E-6,5.3879083423234367E-6,5.3450964091795E-6,5.6098600080904784E-6,5.3450964091795E-6,5.3879083423234375E-6,4.9351258880863079E-6],[4.4931490240571512E-6,4.935125888086307E-6,4.8843454668086144E-6,5.14673364812853E-6,4.8843454668086144E-6,4.9351258880863079E-6,4.4931490240571529E-6]],[[5.1798393801733631E-6,5.6534152121942938E-6,5.5991042444323722E-6,5.8804876034735845E-6,5.5991042444323722E-6,5.6534152121942938E-6,5.1798393801733631E-6],[5.6534152121942938E-6,6.1369581851465385E-6,6.0913309497980422E-6,6.3743063957005527E-6,6.0913309497980422E-6,6.1369581851465385E-6,5.6534152121942938E-6],[5.5991042444323722E-6,6.0913309497980422E-6,6.2334086280268042E-6,6.3757458942852439E-6,6.2334086280268042E-6,6.0913309497980422E-6,5.5991042444323722E-6],[5.8804876034735845E-6,6.3743063957005527E-6,6.3757458942852439E-6,6.6403256575690985E-6,6.3757458942852439E-6,6.3743063957005527E-6,5.8804876034735845E-6],[5.5991042444323722E-6,6.0913309497980422E-6,6.2334086280268042E-6,6.3757458942852439E-6,6.2334086280268042E-6,6.0913309497980422E-6,5.5991042444323722E-6],[5.6534152121942938E-6,6.1369581851465385E-6,6.0913309497980422E-6,6.3743063957005527E-6,6.0913309497980422E-6,6.1369581851465385E-6,5.6534152121942946E-6],[5.1798393801733631E-6,5.6534152121942938E-6,5.5991042444323722E-6,5.8804876034735845E-6,5.5991042444323722E-6,5.6534152121942946E-6,5.179839380173364E-6]],[[5.91377321193686E-6,6.4187420186195587E-6,6.360923418274611E-6,6.6611778728814928E-6,6.360923418274611E-6,6.4187420186195587E-6,5.91377321193686E-6],[6.4187420186195587E-6,6.9328466125826528E-6,6.8844221778752044E-6,7.1854914710225837E-6,6.8844221778752044E-6,6.9328466125826528E-6,6.4187420186195587E-6],[6.360923418274611E-6,6.8844221778752044E-6,7.0355214019225229E-6,7.1868957633324661E-6,7.0355214019225229E-6,6.8844221778752044E-6,6.360923418274611E-6],[6.6611778728814928E-6,7.1854914710225837E-6,7.1868957633324661E-6,7.4681549711303933E-6,7.1868957633324661E-6,7.1854914710225837E-6,6.6611778728814928E-6],[6.360923418274611E-6,6.8844221778752044E-6,7.0355214019225229E-6,7.1868957633324661E-6,7.0355214019225229E-6,6.8844221778752044E-6,6.360923418274611E-6],[6.4187420186195587E-6,6.9328466125826528E-6,6.8844221778752044E-6,7.1854914710225837E-6,6.8844221778752044E-6,6.9328466125826528E-6,6.4187420186195587E-6],[5.91377321193686E-6,6.4187420186195587E-6,6.360923418274611E-6,6.6611778728814928E-6,6.360923418274611E-6,6.4187420186195587E-6,5.91377321193686E-6]],[[6.6946443722472428E-6,7.230803916750614E-6,7.1695001798819252E-6,7.4885039247990043E-6,7.1695001798819252E-6,7.230803916750614E-6,6.6946443722472428E-6],[7.230803916750614E-6,7.7752747738649881E-6,7.7240709237730624E-6,8.0431181781688236E-6,7.7240709237730624E-6,7.7752747738649881E-6,7.230803916750614E-6],[7.1695001798819252E-6,7.7240709237730624E-6,7.8841339809781889E-6,8.044487626362877E-6,7.8841339809781889E-6,7.7240709237730624E-6,7.1695001798819252E-6],[7.4885039247990043E-6,8.0431181781688236E-6,8.044487626362877E-6,8.342319707153879E-6,8.044487626362877E-6,8.0431181781688236E-6,7.4885039247990043E-6],[7.1695001798819252E-6,7.7240709237730624E-6,7.8841339809781889E-6,8.044487626362877E-6,7.8841339809781889E-6,7.7240709237730624E-6,7.1695001798819252E-6],[7.230803916750614E-6,7.7752747738649881E-6,7.7240709237730624E-6,8.0431181781688236E-6,7.7240709237730624E-6,7.7752747738649881E-6,7.230803916750614E-6],[6.6946443722472428E-6,7.230803916750614E-6,7.1695001798819252E-6,7.4885039247990043E-6,7.1695001798819252E-6,7.230803916750614E-6,6.6946443722472428E-6]],[[7.5221521967584007E-6,8.089303797008505E-6,8.02453702758877E-6,8.3621704121234881E-6,8.02453702758877E-6,8.089303797008505E-6,7.5221521967584007E-6],[8.089303797008505E-6,8.6639489056163952E-6,8.6099831241016811E-6,8.94689445201036E-6,8.6099831241016811E-6,8.6639489056163952E-6,8.089303797008505E-6],[8.02453702758877E-6,8.6099831241016811E-6,8.778953293118682E-6,8.948229404250973E-6,8.778953293118682E-6,8.6099831241016811E-6,8.02453702758877E-6],[8.3621704121234881E-6,8.94689445201036E-6,8.948229404250973E-6,9.2625296096543651E-6,8.948229404250973E-6,8.94689445201036E-6,8.36217041212349E-6],[8.02453702758877E-6,8.6099831241016811E-6,8.778953293118682E-6,8.948229404250973E-6,8.778953293118682E-6,8.6099831241016811E-6,8.02453702758877E-6],[8.089303797008505E-6,8.6639489056163952E-6,8.6099831241016811E-6,8.94689445201036E-6,8.6099831241016811E-6,8.6639489056163952E-6,8.0893037970085066E-6],[7.5221521967584007E-6,8.089303797008505E-6,8.02453702758877E-6,8.36217041212349E-6,8.02453702758877E-6,8.0893037970085066E-6,7.5221521967584015E-6]],[[8.396001205699466E-6,8.99394953867649E-6,8.92574147163045E-6,9.2818868811935574E-6,8.92574147163045E-6,8.99394953867649E-6,8.396001205699466E-6],[8.99394953867649E-6,9.59858004609167E-6,9.5418695345619063E-6,9.8965329349864091E-6,9.5418695345619063E-6,9.59858004609167E-6,8.99394953867649E-6],[8.92574147163045E-6,9.5418695345619063E-6,9.7196910298757514E-6,9.8978337259009023E-6,9.7196910298757514E-6,9.5418695345619063E-6,8.92574147163045E-6],[9.2818868811935574E-6,9.8965329349864091E-6,9.8978337259009023E-6,1.0228499028330637E-5,9.8978337259009023E-6,9.8965329349864091E-6,9.2818868811935574E-6],[8.92574147163045E-6,9.5418695345619063E-6,9.7196910298757514E-6,9.8978337259009023E-6,9.7196910298757514E-6,9.5418695345619063E-6,8.92574147163045E-6],[8.99394953867649E-6,9.59858004609167E-6,9.5418695345619063E-6,9.8965329349864091E-6,9.5418695345619063E-6,9.59858004609167E-6,8.9939495386764925E-6],[8.396001205699466E-6,8.99394953867649E-6,8.92574147163045E-6,9.2818868811935574E-6,8.92574147163045E-6,8.9939495386764925E-6,8.3960012056994677E-6]],[[9.3159008150768082E-6,9.94445372746217E-6,9.8728257501645312E-6,1.0247367491795289E-5,9.8728257501645312E-6,9.94445372746217E-6,9.3159008150768082E-6],[9.94445372746217E-6,1.0578883758941277E-5,1.0519445452821807E-5,1.0891750703758649E-5,1.0519445452821807E-5,1.0578883758941277E-5,9.94445372746217E-6],[9.8728257501645312E-6,1.0519445452821807E-5,1.0706063371165085E-5,1.0893017654927234E-5,1.0706063371165085E-5,1.0519445452821807E-5,9.8728257501645312E-6],[1.0247367491795289E-5,1.0891750703758649E-5,1.0893017654927234E-5,1.1239946648790773E-5,1.0893017654927234E-5,1.0891750703758649E-5,1.0247367491795289E-5],[9.8728257501645312E-6,1.0519445452821807E-5,1.0706063371165085E-5,1.0893017654927234E-5,1.0706063371165085E-5,1.0519445452821807E-5,9.8728257501645312E-6],[9.94445372746217E-6,1.0578883758941277E-5,1.0519445452821807E-5,1.0891750703758649E-5,1.0519445452821807E-5,1.0578883758941277E-5,9.94445372746217E-6],[9.3159008150768082E-6,9.94445372746217E-6,9.8728257501645312E-6,1.0247367491795289E-5,9.8728257501645312E-6,9.94445372746217E-6,9.3159008150768082E-6]],[[1.0281565057302986E-5,1.094053338227706E-5,1.0865506555034382E-5,1.1258330746724218E-5,1.0865506555034382E-5,1.094053338227706E-5,1.0281565057302986E-5],[1.094053338227706E-5,1.1604579865776302E-5,1.154243045043356E-5,1.1932269004628213E-5,1.154243045043356E-5,1.1604579865776302E-5,1.094053338227706E-5],[1.0865506555034382E-5,1.154243045043356E-5,1.1737790718945949E-5,1.1933502425060187E-5,1.1737790718945949E-5,1.154243045043356E-5,1.0865506555034382E-5],[1.1258330746724218E-5,1.1932269004628213E-5,1.1933502425060187E-5,1.2296595231174048E-5,1.1933502425060187E-5,1.1932269004628213E-5,1.1258330746724218E-5],[1.0865506555034382E-5,1.154243045043356E-5,1.1737790718945949E-5,1.1933502425060187E-5,1.1737790718945949E-5,1.154243045043356E-5,1.0865506555034382E-5],[1.094053338227706E-5,1.1604579865776302E-5,1.154243045043356E-5,1.1932269004628213E-5,1.154243045043356E-5,1.1604579865776302E-5,1.094053338227706E-5],[1.0281565057302986E-5,1.094053338227706E-5,1.0865506555034382E-5,1.1258330746724218E-5,1.0865506555034382E-5,1.094053338227706E-5,1.0281565057302986E-5]],[[1.1292712310751617E-5,1.1981909690525286E-5,1.1903504766297522E-5,1.2314499229837743E-5,1.1903504766297522E-5,1.1981909690525286E-5,1.1292712310751617E-5],[1.1981909690525286E-5,1.2675392186761175E-5,1.2610548112905977E-5,1.3017812996808871E-5,1.2610548112905977E-5,1.2675392186761175E-5,1.1981909690525286E-5],[1.1903504766297522E-5,1.2610548112905977E-5,1.2814597438879491E-5,1.3019013183392248E-5,1.2814597438879491E-5,1.2610548112905977E-5,1.1903504766297522E-5],[1.2314499229837743E-5,1.3017812996808871E-5,1.3019013183392248E-5,1.3398171356309873E-5,1.3019013183392248E-5,1.3017812996808871E-5,1.2314499229837743E-5],[1.1903504766297522E-5,1.2610548112905977E-5,1.2814597438879491E-5,1.3019013183392248E-5,1.2814597438879491E-5,1.2610548112905977E-5,1.1903504766297522E-5],[1.1981909690525286E-5,1.2675392186761175E-5,1.2610548112905977E-5,1.3017812996808871E-5,1.2610548112905977E-5,1.2675392186761175E-5,1.1981909690525286E-5],[1.1292712310751617E-5,1.1981909690525286E-5,1.1903504766297522E-5,1.2314499229837743E-5,1.1903504766297522E-5,1.1981909690525286E-5,1.1292712310751617E-5]],[[1.2349065037554188E-5,1.3068307751150424E-5,1.2986545194645796E-5,1.3415599351687256E-5,1.2986545194645796E-5,1.3068307751150424E-5,1.2349065037554188E-5],[1.3068307751150424E-5,1.3791048288463655E-5,1.3723525787110825E-5,1.4148111502729744E-5,1.3723525787110825E-5,1.3791048288463655E-5,1.3068307751150424E-5],[1.2986545194645796E-5,1.3723525787110825E-5,1.3936211609166914E-5,1.4149278740650449E-5,1.3936211609166914E-5,1.3723525787110825E-5,1.2986545194645796E-5],[1.3415599351687256E-5,1.4148111502729744E-5,1.4149278740650449E-5,1.4544405178613498E-5,1.4149278740650449E-5,1.4148111502729744E-5,1.3415599351687256E-5],[1.2986545194645796E-5,1.3723525787110825E-5,1.3936211609166914E-5,1.4149278740650449E-5,1.3936211609166914E-5,1.3723525787110825E-5,1.2986545194645796E-5],[1.3068307751150424E-5,1.3791048288463655E-5,1.3723525787110825E-5,1.4148111502729744E-5,1.3723525787110825E-5,1.3791048288463655E-5,1.3068307751150424E-5],[1.2349065037554188E-5,1.3068307751150424E-5,1.2986545194645796E-5,1.3415599351687256E-5,1.2986545194645796E-5,1.3068307751150424E-5,1.2349065037554188E-5]],[[1.345034952889156E-5,1.4199456324667513E-5,1.4114356330905665E-5,1.4561361101921329E-5,1.4114356330905665E-5,1.4199456324667513E-5,1.345034952889156E-5],[1.4199456324667513E-5,1.4951279238194807E-5,1.4881094335239483E-5,1.5322896764591062E-5,1.4881094335239483E-5,1.4951279238194807E-5,1.4199456324667513E-5],[1.4114356330905665E-5,1.4881094335239483E-5,1.510236477578877E-5,1.5324031327720269E-5,1.510236477578877E-5,1.4881094335239483E-5,1.4114356330905665E-5],[1.4561361101921329E-5,1.5322896764591062E-5,1.5324031327720269E-5,1.5735030184955617E-5,1.5324031327720269E-5,1.5322896764591062E-5,1.4561361101921329E-5],[1.4114356330905665E-5,1.4881094335239483E-5,1.510236477578877E-5,1.5324031327720269E-5,1.510236477578877E-5,1.4881094335239483E-5,1.4114356330905665E-5],[1.4199456324667513E-5,1.4951279238194807E-5,1.4881094335239483E-5,1.5322896764591062E-5,1.4881094335239483E-5,1.4951279238194807E-5,1.4199456324667513E-5],[1.345034952889156E-5,1.4199456324667513E-5,1.4114356330905665E-5,1.4561361101921329E-5,1.4114356330905665E-5,1.4199456324667513E-5,1.345034952889156E-5]],[[1.4596295657019025E-5,1.537508758942672E-5,1.5286670101838563E-5,1.5751517807684258E-5,1.5286670101838563E-5,1.537508758942672E-5,1.4596295657019025E-5],[1.537508758942672E-5,1.6155819364089968E-5,1.6082987894550282E-5,1.6541904206418656E-5,1.6082987894550282E-5,1.6155819364089968E-5,1.537508758942672E-5],[1.5286670101838563E-5,1.6082987894550282E-5,1.6312791713388973E-5,1.6543006357668204E-5,1.6312791713388973E-5,1.6082987894550282E-5,1.5286670101838563E-5],[1.5751517807684258E-5,1.6541904206418656E-5,1.6543006357668204E-5,1.6969782958760597E-5,1.6543006357668204E-5,1.6541904206418656E-5,1.5751517807684258E-5],[1.5286670101838563E-5,1.6082987894550282E-5,1.6312791713388973E-5,1.6543006357668204E-5,1.6312791713388973E-5,1.6082987894550282E-5,1.5286670101838563E-5],[1.537508758942672E-5,1.6155819364089968E-5,1.6082987894550282E-5,1.6541904206418656E-5,1.6082987894550282E-5,1.6155819364089968E-5,1.537508758942672E-5],[1.4596295657019025E-5,1.537508758942672E-5,1.5286670101838563E-5,1.5751517807684258E-5,1.5286670101838563E-5,1.537508758942672E-5,1.4596295657019025E-5]],[[1.578663663327444E-5,1.6594936903361493E-5,1.6503221631486629E-5,1.6985805897253066E-5,1.6503221631486629E-5,1.6594936903361493E-5,1.578663663327444E-5],[1.6594936903361493E-5,1.7404406020190316E-5,1.7328943642162014E-5,1.7804872200876059E-5,1.7328943642162014E-5,1.7404406020190316E-5,1.6594936903361493E-5],[1.6503221631486629E-5,1.7328943642162014E-5,1.7567230191061731E-5,1.7805942192523372E-5,1.7567230191061731E-5,1.7328943642162014E-5,1.6503221631486629E-5],[1.6985805897253066E-5,1.7804872200876059E-5,1.7805942192523372E-5,1.8248402948598783E-5,1.7805942192523372E-5,1.7804872200876059E-5,1.6985805897253066E-5],[1.6503221631486629E-5,1.7328943642162014E-5,1.7567230191061731E-5,1.7805942192523372E-5,1.7567230191061731E-5,1.7328943642162014E-5,1.6503221631486629E-5],[1.6594936903361493E-5,1.7404406020190316E-5,1.7328943642162014E-5,1.7804872200876059E-5,1.7328943642162014E-5,1.7404406020190316E-5,1.6594936903361493E-5],[1.578663663327444E-5,1.6594936903361493E-5,1.6503221631486629E-5,1.6985805897253066E-5,1.6503221631486629E-5,1.6594936903361493E-5,1.578663663327444E-5]],[[1.702110877132472E-5,1.7858742570482437E-5,1.7763749007322984E-5,1.8263964668187468E-5,1.7763749007322984E-5,1.7858742570482437E-5,1.702110877132472E-5],[1.7858742570482437E-5,1.8696779355792615E-5,1.8618701564161329E-5,1.9111541840108138E-5,1.8618701564161329E-5,1.8696779355792615E-5,1.7858742570482437E-5],[1.7763749007322984E-5,1.8618701564161329E-5,1.8865420742310756E-5,1.9112579914090143E-5,1.8865420742310756E-5,1.8618701564161329E-5,1.7763749007322984E-5],[1.8263964668187468E-5,1.9111541840108138E-5,1.9112579914090143E-5,1.9570632240548378E-5,1.9112579914090143E-5,1.9111541840108138E-5,1.8263964668187468E-5],[1.7763749007322984E-5,1.8618701564161329E-5,1.8865420742310756E-5,1.9112579914090143E-5,1.8865420742310756E-5,1.8618701564161329E-5,1.7763749007322984E-5],[1.7858742570482437E-5,1.8696779355792615E-5,1.8618701564161329E-5,1.9111541840108138E-5,1.8618701564161329E-5,1.8696779355792615E-5,1.7858742570482437E-5],[1.702110877132472E-5,1.7858742570482437E-5,1.7763749007322984E-5,1.8263964668187468E-5,1.7763749007322984E-5,1.7858742570482437E-5,1.702110877132472E-5]],[[1.8299451254917072E-5,1.9166245611385145E-5,1.9067993050466503E-5,1.9585736059247237E-5,1.9067993050466503E-5,1.9166245611385145E-5,1.8299451254917072E-5],[1.9166245611385145E-5,2.0032682088336666E-5,1.9952004228289324E-5,2.0461656709881641E-5,1.9952004228289324E-5,2.0032682088336666E-5,1.9166245611385145E-5],[1.9067993050466503E-5,1.9952004228289324E-5,2.0207106438447731E-5,2.0462663098059275E-5,2.0207106438447731E-5,1.9952004228289324E-5,1.9067993050466503E-5],[1.9585736059247237E-5,2.0461656709881641E-5,2.0462663098059275E-5,2.0936215333596851E-5,2.0462663098059275E-5,2.0461656709881641E-5,1.9585736059247237E-5],[1.9067993050466503E-5,1.9952004228289324E-5,2.0207106438447731E-5,2.0462663098059275E-5,2.0207106438447731E-5,1.9952004228289324E-5,1.9067993050466503E-5],[1.9166245611385145E-5,2.0032682088336666E-5,1.9952004228289324E-5,2.0461656709881641E-5,1.9952004228289324E-5,2.0032682088336666E-5,1.9166245611385145E-5],[1.8299451254917072E-5,1.9166245611385145E-5,1.9067993050466503E-5,1.9585736059247237E-5,1.9067993050466503E-5,1.9166245611385145E-5,1.8299451254917072E-5]],[[1.9621405909403644E-5,2.0517189537050633E-5,2.0415697089249385E-5,2.0950864425369742E-5,2.0415697089249385E-5,2.0517189537050633E-5,1.9621405909403644E-5],[2.0517189537050633E-5,2.141185927911378E-5,2.1328596559494847E-5,2.185496266631247E-5,2.1328596559494847E-5,2.141185927911378E-5,2.0517189537050633E-5],[2.0415697089249385E-5,2.1328596559494847E-5,2.1592032664717535E-5,2.1855937590705927E-5,2.1592032664717535E-5,2.1328596559494847E-5,2.0415697089249385E-5],[2.0950864425369742E-5,2.185496266631247E-5,2.1855937590705927E-5,2.234489891737071E-5,2.1855937590705927E-5,2.185496266631247E-5,2.0950864425369742E-5],[2.0415697089249385E-5,2.1328596559494847E-5,2.1592032664717535E-5,2.1855937590705927E-5,2.1592032664717535E-5,2.1328596559494847E-5,2.0415697089249385E-5],[2.0517189537050633E-5,2.141185927911378E-5,2.1328596559494847E-5,2.185496266631247E-5,2.1328596559494847E-5,2.141185927911378E-5,2.0517189537050633E-5],[1.9621405909403644E-5,2.0517189537050633E-5,2.0415697089249385E-5,2.0950864425369742E-5,2.0415697089249385E-5,2.0517189537050633E-5,1.9621405909403644E-5]],[[2.0986716976313567E-5,2.1911320125203683E-5,2.1806606735396297E-5,2.2359096314969943E-5,2.1806606735396297E-5,2.1911320125203683E-5,2.0986716976313567E-5],[2.1911320125203683E-5,2.2834058111060647E-5,2.2748225617616274E-5,2.3291207614442302E-5,2.2748225617616274E-5,2.2834058111060647E-5,2.1911320125203683E-5],[2.1806606735396297E-5,2.2748225617616274E-5,2.3019946898412664E-5,2.3292151287437208E-5,2.3019946898412664E-5,2.2748225617616274E-5,2.1806606735396297E-5],[2.2359096314969943E-5,2.3291207614442302E-5,2.3292151287437208E-5,2.3796431651456885E-5,2.3292151287437208E-5,2.3291207614442302E-5,2.2359096314969943E-5],[2.1806606735396297E-5,2.2748225617616274E-5,2.3019946898412664E-5,2.3292151287437208E-5,2.3019946898412664E-5,2.2748225617616274E-5,2.1806606735396297E-5],[2.1911320125203683E-5,2.2834058111060647E-5,2.2748225617616274E-5,2.3291207614442302E-5,2.2748225617616274E-5,2.2834058111060647E-5,2.1911320125203683E-5],[2.0986716976313567E-5,2.1911320125203683E-5,2.1806606735396297E-5,2.2359096314969943E-5,2.1806606735396297E-5,2.1911320125203683E-5,2.0986716976313567E-5]],[[2.2395130890243209E-5,2.3348385198512441E-5,2.3240469662091913E-5,2.3810180248839371E-5,2.3240469662091913E-5,2.3348385198512441E-5,2.2395130890243209E-5],[2.3348385198512441E-5,2.429902766791709E-5,2.4210640376468433E-5,2.4770141287939297E-5,2.4210640376468433E-5,2.429902766791709E-5,2.3348385198512441E-5],[2.3240469662091913E-5,2.4210640376468433E-5,2.449059848825263E-5,2.4771053912464476E-5,2.449059848825263E-5,2.4210640376468433E-5,2.3240469662091913E-5],[2.3810180248839371E-5,2.4770141287939297E-5,2.4771053912464476E-5,2.5290563945589574E-5,2.4771053912464476E-5,2.4770141287939297E-5,2.3810180248839371E-5],[2.3240469662091913E-5,2.4210640376468433E-5,2.449059848825263E-5,2.4771053912464476E-5,2.449059848825263E-5,2.4210640376468433E-5,2.3240469662091913E-5],[2.3348385198512441E-5,2.429902766791709E-5,2.4210640376468433E-5,2.4770141287939297E-5,2.4210640376468433E-5,2.429902766791709E-5,2.3348385198512441E-5],[2.2395130890243209E-5,2.3348385198512441E-5,2.3240469662091913E-5,2.3810180248839371E-5,2.3240469662091913E-5,2.3348385198512441E-5,2.2395130890243209E-5]],[[2.3846396057342984E-5,2.482813440388965E-5,2.4717035383215144E-5,2.5303866499915292E-5,2.4717035383215144E-5,2.482813440388965E-5,2.3846396057342984E-5],[2.482813440388965E-5,2.5806518714011851E-5,2.5715591503604903E-5,2.6291515029192159E-5,2.5715591503604903E-5,2.5806518714011851E-5,2.482813440388965E-5],[2.4717035383215144E-5,2.5715591503604903E-5,2.6003738434297913E-5,2.6292396798868833E-5,2.6003738434297913E-5,2.5715591503604903E-5,2.4717035383215144E-5],[2.5303866499915292E-5,2.6291515029192159E-5,2.6292396798868833E-5,2.6827047739969946E-5,2.6292396798868833E-5,2.6291515029192159E-5,2.5303866499915292E-5],[2.4717035383215144E-5,2.5715591503604903E-5,2.6003738434297913E-5,2.6292396798868833E-5,2.6003738434297913E-5,2.5715591503604903E-5,2.4717035383215144E-5],[2.482813440388965E-5,2.5806518714011851E-5,2.5715591503604903E-5,2.6291515029192159E-5,2.5715591503604903E-5,2.5806518714011851E-5,2.482813440388965E-5],[2.3846396057342984E-5,2.482813440388965E-5,2.4717035383215144E-5,2.5303866499915292E-5,2.4717035383215144E-5,2.482813440388965E-5,2.3846396057342984E-5]],[[2.5340262634666793E-5,2.6350318992174235E-5,2.6236055032997176E-5,2.6839906873184436E-5,2.6236055032997176E-5,2.6350318992174235E-5,2.5340262634666793E-5],[2.6350318992174235E-5,2.7356283473942633E-5,2.7262831140014984E-5,2.7855081569054283E-5,2.7262831140014984E-5,2.7356283473942633E-5,2.6350318992174235E-5],[2.6236055032997176E-5,2.7262831140014984E-5,2.7559119167656576E-5,2.7855932668317374E-5,2.7559119167656576E-5,2.7262831140014984E-5,2.6236055032997176E-5],[2.6839906873184436E-5,2.7855081569054283E-5,2.7855932668317374E-5,2.8405636284973149E-5,2.7855932668317374E-5,2.7855081569054283E-5,2.6839906873184436E-5],[2.6236055032997176E-5,2.7262831140014984E-5,2.7559119167656576E-5,2.7855932668317374E-5,2.7559119167656576E-5,2.7262831140014984E-5,2.6236055032997176E-5],[2.6350318992174235E-5,2.7356283473942633E-5,2.7262831140014984E-5,2.7855081569054283E-5,2.7262831140014984E-5,2.7356283473942633E-5,2.6350318992174235E-5],[2.5340262634666793E-5,2.6350318992174235E-5,2.6236055032997176E-5,2.6839906873184436E-5,2.6236055032997176E-5,2.6350318992174235E-5,2.5340262634666793E-5]],[[2.6876482309635011E-5,2.7914691597423919E-5,2.7797281145360463E-5,2.8418054484970448E-5,2.7797281145360463E-5,2.7914691597423919E-5,2.6876482309635011E-5],[2.7914691597423919E-5,2.894807541138539E-5,2.8852112679000273E-5,2.9460594805480754E-5,2.8852112679000273E-5,2.894807541138539E-5,2.7914691597423919E-5],[2.7797281145360463E-5,2.8852112679000273E-5,2.9156494329227014E-5,2.9461415409671456E-5,2.9156494329227014E-5,2.8852112679000273E-5,2.7797281145360463E-5],[2.8418054484970448E-5,2.9460594805480754E-5,2.9461415409671456E-5,3.0026083919481329E-5,2.9461415409671456E-5,2.9460594805480754E-5,2.8418054484970448E-5],[2.7797281145360463E-5,2.8852112679000273E-5,2.9156494329227014E-5,2.9461415409671456E-5,2.9156494329227014E-5,2.8852112679000273E-5,2.7797281145360463E-5],[2.7914691597423919E-5,2.894807541138539E-5,2.8852112679000273E-5,2.9460594805480754E-5,2.8852112679000273E-5,2.894807541138539E-5,2.7914691597423919E-5],[2.6876482309635011E-5,2.7914691597423919E-5,2.7797281145360463E-5,2.8418054484970448E-5,2.7797281145360463E-5,2.7914691597423919E-5,2.6876482309635011E-5]],[[2.8454808078882267E-5,2.9521006015099508E-5,2.9400467432191952E-5,3.0038063540847615E-5,2.9400467432191952E-5,2.9521006015099505E-5,2.8454808078882267E-5],[2.9521006015099508E-5,3.0581649006294884E-5,3.0483190543482098E-5,3.1107809580301627E-5,3.0483190543482098E-5,3.0581649006294884E-5,2.9521006015099505E-5],[2.9400467432191952E-5,3.0483190543482098E-5,3.0795618546724927E-5,3.1108599855732687E-5,3.0795618546724927E-5,3.0483190543482098E-5,2.9400467432191952E-5],[3.0038063540847615E-5,3.1107809580301627E-5,3.1108599855732687E-5,3.1688145847084449E-5,3.1108599855732687E-5,3.1107809580301627E-5,3.0038063540847615E-5],[2.9400467432191952E-5,3.0483190543482098E-5,3.0795618546724927E-5,3.1108599855732687E-5,3.0795618546724927E-5,3.0483190543482098E-5,2.9400467432191952E-5],[2.9521006015099505E-5,3.0581649006294884E-5,3.0483190543482098E-5,3.1107809580301627E-5,3.0483190543482098E-5,3.0581649006294884E-5,2.9521006015099508E-5],[2.8454808078882267E-5,2.9521006015099505E-5,2.9400467432191952E-5,3.0038063540847615E-5,2.9400467432191952E-5,2.9521006015099508E-5,2.8454808078882267E-5]],[[3.0074994025721212E-5,3.1169016978350216E-5,3.1045368559781285E-5,3.1699689111427476E-5,3.1045368559781285E-5,3.1169016978350216E-5,3.0074994025721209E-5],[3.1169016978350216E-5,3.225675952970726E-5,3.21558199609614E-5,3.279648145335484E-5,3.21558199609614E-5,3.225675952970726E-5,3.1169016978350216E-5],[3.1045368559781285E-5,3.21558199609614E-5,3.2476247209215791E-5,3.2797241557346958E-5,3.2476247209215791E-5,3.21558199609614E-5,3.1045368559781285E-5],[3.1699689111427476E-5,3.279648145335484E-5,3.2797241557346958E-5,3.3391577909364568E-5,3.2797241557346958E-5,3.279648145335484E-5,3.1699689111427476E-5],[3.1045368559781285E-5,3.21558199609614E-5,3.2476247209215791E-5,3.2797241557346958E-5,3.2476247209215791E-5,3.21558199609614E-5,3.1045368559781285E-5],[3.1169016978350216E-5,3.225675952970726E-5,3.21558199609614E-5,3.279648145335484E-5,3.21558199609614E-5,3.225675952970726E-5,3.1169016978350216E-5],[3.0074994025721209E-5,3.1169016978350216E-5,3.1045368559781285E-5,3.1699689111427476E-5,3.1045368559781285E-5,3.1169016978350216E-5,3.0074994025721212E-5]],[[3.1736795095452628E-5,3.2858479931631874E-5,3.2731739922649446E-5,3.3402686905215281E-5,3.2731739922649446E-5,3.2858479931631874E-5,3.1736795095452628E-5],[3.2858479931631874E-5,3.3973162815363156E-5,3.3869756735344686E-5,3.4526366473180511E-5,3.3869756735344686E-5,3.3973162815363156E-5,3.2858479931631874E-5],[3.2731739922649446E-5,3.3869756735344686E-5,3.4198136238361826E-5,3.4527096554071064E-5,3.4198136238361826E-5,3.3869756735344686E-5,3.2731739922649446E-5],[3.3402686905215281E-5,3.4526366473180511E-5,3.4527096554071064E-5,3.5136136355463091E-5,3.4527096554071064E-5,3.4526366473180511E-5,3.3402686905215281E-5],[3.2731739922649446E-5,3.3869756735344686E-5,3.4198136238361826E-5,3.4527096554071064E-5,3.4198136238361826E-5,3.3869756735344686E-5,3.2731739922649446E-5],[3.2858479931631874E-5,3.3973162815363156E-5,3.3869756735344686E-5,3.4526366473180511E-5,3.3869756735344686E-5,3.3973162815363156E-5,3.