{"M_cells":[[[0.0045,0.0045,0.0045,0.0045,0.0045,0.0045,0.0045],[0.0045,0.0045,0.0045,0.0045,0.0045,0.0045,0.0045],[0.0045,0.0045,0.0045,0.0045,0.0045,0.0045,0.0045],[0.0045,0.0045,0.0045,0.0045,0.0045,0.0045,0.0045],[0.0045,0.0045,0.0045,0.0045,0.0045,0.0045,0.0045],[0.0045,0.0045,0.0045,0.0045,0.0045,0.0045,0.0045],[0.0045,0.0045,0.0045,0.0045,0.0045,0.0045,0.0045]],[[0.0045000056828955982,0.0045000328418916746,0.004500029218831119,0.0045000427461555567,0.004500029218831119,0.0045000328418916746,0.0045000056828955982],[0.0045000328418916746,0.0045001399833589709,0.0045001279552496637,0.0045001808265606865,0.0045001279552496637,0.0045001399833589709,0.0045000328418916746],[0.004500029218831119,0.0045001279552496637,0.0045001570894412472,0.0045001863828394257,0.0045001570894412472,0.0045001279552496637,0.004500029218831119],[0.0045000427461555567,0.0045001808265606865,0.0045001863828394257,0.0045002459228267325,0.0045001863828394257,0.0045001808265606865,0.0045000427461555567],[0.004500029218831119,0.0045001279552496637,0.0045001570894412472,0.0045001863828394257,0.0045001570894412472,0.0045001279552496637,0.004500029218831119],[0.0045000328418916746,0.0045001399833589709,0.0045001279552496637,0.0045001808265606865,0.0045001279552496637,0.0045001399833589709,0.0045000328418916746],[0.0045000056828955982,0.0045000328418916746,0.004500029218831119,0.0045000427461555567,0.004500029218831119,0.0045000328418916746,0.0045000056828955982]],[[0.0045000399533172836,0.0045001315321372424,0.00450011945768868,0.0045001665023475671,0.00450011945768868,0.0045001315321372424,0.0045000399533172836],[0.0045001315321372424,0.0045003459048647736,0.0045003221341138556,0.004500432050580201,0.0045003221341138556,0.0045003459048647736,0.0045001315321372424],[0.00450011945768868,0.0045003221341138556,0.0045003815711017895,0.0045004412229934926,0.0045003815711017895,0.0045003221341138556,0.00450011945768868],[0.0045001665023475671,0.004500432050580201,0.0045004412229934926,0.0045005602492424442,0.0045004412229934926,0.004500432050580201,0.0045001665023475671],[0.00450011945768868,0.0045003221341138556,0.0045003815711017895,0.0045004412229934926,0.0045003815711017895,0.0045003221341138556,0.00450011945768868],[0.0045001315321372424,0.0045003459048647736,0.0045003221341138556,0.004500432050580201,0.0045003221341138556,0.0045003459048647736,0.0045001315321372424],[0.0045000399533172836,0.0045001315321372424,0.00450011945768868,0.0045001665023475671,0.00450011945768868,0.0045001315321372424,0.0045000399533172836]],[[0.0045001196151900147,0.0045002960491317889,0.0045002729927582415,0.00450036596629035,0.0045002729927582415,0.0045002960491317889,0.0045001196151900147],[0.0045002960491317889,0.0045006176685420786,0.0045005824522373755,0.0045007519657062718,0.0045005824522373755,0.0045006176685420786,0.0045002960491317889],[0.0045002729927582415,0.0045005824522373755,0.0045006727922318086,0.004500763402664712,0.0045006727922318086,0.0045005824522373755,0.0045002729927582415],[0.00450036596629035,0.0045007519657062718,0.004500763402664712,0.0045009417745769742,0.004500763402664712,0.0045007519657062718,0.00450036596629035],[0.0045002729927582415,0.0045005824522373755,0.0045006727922318086,0.004500763402664712,0.0045006727922318086,0.0045005824522373755,0.0045002729927582415],[0.0045002960491317889,0.0045006176685420786,0.0045005824522373755,0.0045007519657062718,0.0045005824522373755,0.0045006176685420786,0.0045002960491317889],[0.0045001196151900147,0.0045002960491317889,0.0045002729927582415,0.00450036596629035,0.0045002729927582415,0.0045002960491317889,0.0045001196151900147]],[[0.0045002538919998569,0.0045005264078334,0.0045004911236443531,0.004500637724595343,0.0045004911236443531,0.0045005264078334,0.0045002538919998569],[0.0045005264078334,0.0045009553096969105,0.0045009089606399474,0.0045011396359087331,0.0045009089606399474,0.0045009553096969105,0.0045005264078334],[0.0045004911236443531,0.0045009089606399474,0.0045010305576493785,0.0045011524804704755,0.0045010305576493785,0.0045009089606399474,0.0045004911236443531],[0.004500637724595343,0.0045011396359087331,0.0045011524804704755,0.0045013900596955116,0.0045011524804704755,0.0045011396359087331,0.004500637724595343],[0.0045004911236443531,0.0045009089606399474,0.0045010305576493785,0.0045011524804704755,0.0045010305576493785,0.0045009089606399474,0.0045004911236443531],[0.0045005264078334,0.0045009553096969105,0.0045009089606399474,0.0045011396359087331,0.0045009089606399474,0.0045009553096969105,0.0045005264078334],[0.0045002538919998569,0.0045005264078334,0.0045004911236443531,0.004500637724595343,0.0045004911236443531,0.0045005264078334,0.0045002538919998569]],[[0.0045004478528298652,0.0045008226210673311,0.0045007745632801213,0.0045009795554079223,0.0045007745632801213,0.0045008226210673311,0.0045004478528298652],[0.0045008226210673311,0.0045013588196179165,0.0045013016236530277,0.0045015944042599461,0.0045013016236530277,0.0045013588196179165,0.0045008226210673311],[0.0045007745632801213,0.0045013016236530277,0.0045014546770546495,0.0045016081114860164,0.0045014546770546495,0.0045013016236530277,0.0045007745632801213],[0.0045009795554079223,0.0045015944042599461,0.0045016081114860164,0.0045019047623343651,0.0045016081114860164,0.0045015944042599461,0.0045009795554079223],[0.0045007745632801213,0.0045013016236530277,0.0045014546770546495,0.0045016081114860164,0.0045014546770546495,0.0045013016236530277,0.0045007745632801213],[0.0045008226210673311,0.0045013588196179165,0.0045013016236530277,0.0045015944042599461,0.0045013016236530277,0.0045013588196179165,0.0045008226210673311],[0.0045004478528298652,0.0045008226210673311,0.0045007745632801213,0.0045009795554079223,0.0045007745632801213,0.0045008226210673311,0.0045004478528298652]],[[0.0045007042812301792,0.0045011846834214653,0.0045011236737550371,0.004501389990828629,0.0045011236737550371,0.0045011846834214653,0.0045007042812301792],[0.0045011846834214653,0.0045018281565214271,0.0045017603571938236,0.0045021157950447055,0.0045017603571938236,0.0045018281565214271,0.0045011846834214653],[0.0045011236737550371,0.0045017603571938236,0.0045019449692212153,0.0045021300173496469,0.0045019449692212153,0.0045017603571938236,0.0045011236737550371],[0.004501389990828629,0.0045021157950447055,0.0045021300173496469,0.0045024856070607746,0.0045021300173496469,0.0045021157950447055,0.004501389990828629],[0.0045011236737550371,0.0045017603571938236,0.0045019449692212153,0.0045021300173496469,0.0045019449692212153,0.0045017603571938236,0.0045011236737550371],[0.0045011846834214653,0.0045018281565214271,0.0045017603571938236,0.0045021157950447055,0.0045017603571938236,0.0045018281565214271,0.0045011846834214653],[0.0045007042812301792,0.0045011846834214653,0.0045011236737550371,0.004501389990828629,0.0045011236737550371,0.0045011846834214653,0.0045007042812301792]],[[0.0045010246968142549,0.0045016125668502,0.0045015386087921237,0.0045018680419306551,0.0045015386087921237,0.0045016125668502,0.0045010246968142549],[0.0045016125668502,0.0045023632544979684,0.0045022850512557253,0.0045027034511113395,0.0045022850512557253,0.0045023632544979684,0.0045016125668502],[0.0045015386087921237,0.0045022850512557253,0.0045025012631713952,0.0045027179661211751,0.0045025012631713952,0.0045022850512557253,0.0045015386087921237],[0.0045018680419306551,0.0045027034511113395,0.0045027179661211751,0.0045031323650265419,0.0045027179661211751,0.0045027034511113395,0.0045018680419306551],[0.0045015386087921237,0.0045022850512557253,0.0045025012631713952,0.0045027179661211751,0.0045025012631713952,0.0045022850512557253,0.0045015386087921237],[0.0045016125668502,0.0045023632544979684,0.0045022850512557253,0.0045027034511113395,0.0045022850512557253,0.0045023632544979684,0.0045016125668502],[0.0045010246968142549,0.0045016125668502,0.0045015386087921237,0.0045018680419306551,0.0045015386087921237,0.0045016125668502,0.0045010246968142549]],[[0.0045014099154760271,0.0045021062218168388,0.0045020193995754625,0.0045024130255076995,0.0045020193995754625,0.0045021062218168388,0.0045014099154760271],[0.0045021062218168388,0.0045029640305550766,0.0045028755829954366,0.00450335709361481,0.0045028755829954366,0.0045029640305550766,0.0045021062218168388],[0.0045020193995754625,0.0045028755829954366,0.0045031233979055067,0.0045033717586525157,0.0045031233979055067,0.0045028755829954366,0.0045020193995754625],[0.0045024130255076995,0.00450335709361481,0.0045033717586525157,0.0045038448402637075,0.0045033717586525157,0.00450335709361481,0.0045024130255076995],[0.0045020193995754625,0.0045028755829954366,0.0045031233979055067,0.0045033717586525157,0.0045031233979055067,0.0045028755829954366,0.0045020193995754625],[0.0045021062218168388,0.0045029640305550766,0.0045028755829954366,0.00450335709361481,0.0045028755829954366,0.0045029640305550766,0.0045021062218168388],[0.0045014099154760271,0.0045021062218168388,0.0045020193995754625,0.0045024130255076995,0.0045020193995754625,0.0045021062218168388,0.0045014099154760271]],[[0.0045018603580001667,0.004502665580678143,0.0045025660062672865,0.0045030244546046027,0.0045025660062672865,0.004502665580678143,0.0045018603580001667],[0.004502665580678143,0.0045036303900165284,0.00450353182424872,0.0045040764960348504,0.00450353182424872,0.0045036303900165284,0.004502665580678143],[0.0045025660062672865,0.00450353182424872,0.0045038112215275653,0.004504091219323117,0.0045038112215275653,0.00450353182424872,0.0045025660062672865],[0.0045030244546046027,0.0045040764960348504,0.004504091219323117,0.0045046228603669684,0.004504091219323117,0.0045040764960348504,0.0045030244546046027],[0.0045025660062672865,0.00450353182424872,0.0045038112215275653,0.004504091219323117,0.0045038112215275653,0.00450353182424872,0.0045025660062672865],[0.004502665580678143,0.0045036303900165284,0.00450353182424872,0.0045040764960348504,0.00450353182424872,0.0045036303900165284,0.004502665580678143],[0.0045018603580001667,0.004502665580678143,0.0045025660062672865,0.0045030244546046027,0.0045025660062672865,0.004502665580678143,0.0045018603580001667]],[[0.0045023762211395474,0.00450329056163349,0.0045031783487942956,0.004503701969131569,0.0045031783487942956,0.00450329056163349,0.0045023762211395474],[0.00450329056163349,0.0045043622305805872,0.0045042536457687967,0.0045048614673280068,0.0045042536457687967,0.0045043622305805872,0.00450329056163349],[0.0045031783487942956,0.0045042536457687967,0.0045045645902011952,0.0045048761897132725,0.0045045645902011952,0.0045042536457687967,0.0045031783487942956],[0.004503701969131569,0.0045048614673280068,0.0045048761897132725,0.0045054662701299476,0.0045048761897132725,0.0045048614673280068,0.004503701969131569],[0.0045031783487942956,0.0045042536457687967,0.0045045645902011952,0.0045048761897132725,0.0045045645902011952,0.0045042536457687967,0.0045031783487942956],[0.00450329056163349,0.0045043622305805872,0.0045042536457687967,0.0045048614673280068,0.0045042536457687967,0.0045043622305805872,0.00450329056163349],[0.0045023762211395474,0.00450329056163349,0.0045031783487942956,0.004503701969131569,0.0045031783487942956,0.00450329056163349,0.0045023762211395474]],[[0.0045029575732493032,0.0045039810724510389,0.0045038563251431213,0.0045044452917335975,0.0045038563251431213,0.0045039810724510389,0.0045029575732493032],[0.0045039810724510389,0.00450515944532239,0.0045050409195537162,0.004505711840946388,0.0045050409195537162,0.00450515944532239,0.0045039810724510389],[0.0045038563251431213,0.0045050409195537162,0.0045053833671421378,0.0045057265242618993,0.0045053833671421378,0.0045050409195537162,0.0045038563251431213],[0.0045044452917335975,0.004505711840946388,0.0045057265242618993,0.0045063749271775349,0.0045057265242618993,0.004505711840946388,0.0045044452917335975],[0.0045038563251431213,0.0045050409195537162,0.0045053833671421378,0.0045057265242618993,0.0045053833671421378,0.0045050409195537162,0.0045038563251431213],[0.0045039810724510389,0.00450515944532239,0.0045050409195537162,0.004505711840946388,0.0045050409195537162,0.00450515944532239,0.0045039810724510389],[0.0045029575732493032,0.0045039810724510389,0.0045038563251431213,0.0045044452917335975,0.0045038563251431213,0.0045039810724510389,0.0045029575732493032]],[[0.00450360440832554,0.0045047370136566869,0.0045045998221573749,0.004505254199615622,0.0045045998221573749,0.0045047370136566869,0.00450360440832554],[0.0045047370136566869,0.0045060219248855516,0.0045058935200732409,0.0045066274676407829,0.0045058935200732409,0.0045060219248855516,0.0045047370136566869],[0.0045045998221573749,0.0045058935200732409,0.0045062674217340856,0.0045066420872714417,0.0045062674217340856,0.0045058935200732409,0.0045045998221573749],[0.004505254199615622,0.0045066274676407829,0.0045066420872714417,0.0045073486989537113,0.0045066420872714417,0.0045066274676407829,0.004505254199615622],[0.0045045998221573749,0.0045058935200732409,0.0045062674217340856,0.0045066420872714417,0.0045062674217340856,0.0045058935200732409,0.0045045998221573749],[0.0045047370136566869,0.0045060219248855516,0.0045058935200732409,0.0045066274676407829,0.0045058935200732409,0.0045060219248855516,0.0045047370136566869],[0.00450360440832554,0.0045047370136566869,0.0045045998221573749,0.004505254199615622,0.0045045998221573749,0.0045047370136566869,0.00450360440832554]],[[0.0045043166769504787,0.0045055582811155456,0.0045054087218436992,0.0045061285064796107,0.0045054087218436992,0.0045055582811155456,0.0045043166769504787],[0.0045055582811155456,0.0045069495590619544,0.0045068113248680139,0.0045076082107126268,0.0045068113248680139,0.0045069495590619544,0.0045055582811155456],[0.0045054087218436992,0.0045068113248680139,0.0045072166287876475,0.0045076227508267239,0.0045072166287876475,0.0045068113248680139,0.0045054087218436992],[0.0045061285064796107,0.0045076082107126268,0.0045076227508267239,0.0045083874606293263,0.0045076227508267239,0.0045076082107126268,0.0045061285064796107],[0.0045054087218436992,0.0045068113248680139,0.0045072166287876475,0.0045076227508267239,0.0045072166287876475,0.0045068113248680139,0.0045054087218436992],[0.0045055582811155456,0.0045069495590619544,0.0045068113248680139,0.0045076082107126268,0.0045068113248680139,0.0045069495590619544,0.0045055582811155456],[0.0045043166769504787,0.0045055582811155456,0.0045054087218436992,0.0045061285064796107,0.0045054087218436992,0.0045055582811155456,0.0045043166769504787]],[[0.0045050943042960374,0.0045064447680430416,0.0045062829050137023,0.0045070680508896054,0.0045062829050137023,0.0045064447680430416,0.0045050943042960374],[0.0045064447680430416,0.004507942237917853,0.0045077942148035862,0.0045086539428618559,0.0045077942148035862,0.004507942237917853,0.0045064447680430416],[0.0045062829050137023,0.0045077942148035862,0.00450823086794068,0.0045086683933417164,0.00450823086794068,0.0045077942148035862,0.0045062829050137023],[0.0045070680508896054,0.0045086539428618559,0.0045086683933417164,0.0045094910936420525,0.0045086683933417164,0.0045086539428618559,0.0045070680508896054],[0.0045062829050137023,0.0045077942148035862,0.00450823086794068,0.0045086683933417164,0.00450823086794068,0.0045077942148035862,0.0045062829050137023],[0.0045064447680430416,0.004507942237917853,0.0045077942148035862,0.0045086539428618559,0.0045077942148035862,0.004507942237917853,0.0045064447680430416],[0.0045050943042960374,0.0045064447680430416,0.0045062829050137023,0.0045070680508896054,0.0045062829050137023,0.0045064447680430416,0.0045050943042960374]],[[0.0045059372007878792,0.0045073963665297522,0.0045072222533439395,0.0045080726887390208,0.0045072222533439395,0.0045073963665297522,0.0045059372007878792],[0.0045073963665297522,0.0045089998525852139,0.0045088420741353549,0.0045097645440757709,0.0045088420741353549,0.0045089998525852139,0.0045073963665297522],[0.0045072222533439395,0.0045088420741353549,0.00450931002317797,0.0045097788985340483,0.00450931002317797,0.0045088420741353549,0.0045072222533439395],[0.0045080726887390208,0.0045097645440757709,0.0045097788985340483,0.004510659484667048,0.0045097788985340483,0.0045097645440757709,0.0045080726887390208],[0.0045072222533439395,0.0045088420741353549,0.00450931002317797,0.0045097788985340483,0.00450931002317797,0.0045088420741353549,0.0045072222533439395],[0.0045073963665297522,0.0045089998525852139,0.0045088420741353549,0.0045097645440757709,0.0045088420741353549,0.0045089998525852139,0.0045073963665297522],[0.0045059372007878792,0.0045073963665297522,0.0045072222533439395,0.0045080726887390208,0.0045072222533439395,0.0045073963665297522,0.0045059372007878792]],[[0.0045068452685447678,0.0045084129686723158,0.0045082266505097925,0.00450914228834407,0.0045082266505097925,0.0045084129686723158,0.0045068452685447678],[0.0045084129686723158,0.0045101222958098446,0.0045099547904771222,0.0045109399002022012,0.0045099547904771222,0.0045101222958098446,0.0045084129686723158],[0.0045082266505097925,0.0045099547904771222,0.0045104539824502993,0.00451095415469465,0.0045104539824502993,0.0045099547904771222,0.0045082266505097925],[0.00450914228834407,0.0045109399002022012,0.00451095415469465,0.00451189252488484,0.00451095415469465,0.0045109399002022012,0.00450914228834407],[0.0045082266505097925,0.0045099547904771222,0.0045104539824502993,0.00451095415469465,0.0045104539824502993,0.0045099547904771222,0.0045082266505097925],[0.0045084129686723158,0.0045101222958098446,0.0045099547904771222,0.0045109399002022012,0.0045099547904771222,0.0045101222958098446,0.0045084129686723158],[0.0045068452685447678,0.0045084129686723158,0.0045082266505097925,0.00450914228834407,0.0045082266505097925,0.0045084129686723158,0.0045068452685447678]],[[0.0045078184053430146,0.00450949446739513,0.0045092959827805375,0.0045102767272261583,0.0045092959827805375,0.00450949446739513,0.0045078184053430146],[0.00450949446739513,0.0045113094623231431,0.0045111322547233259,0.0045121799019740092,0.0045111322547233259,0.0045113094623231431,0.00450949446739513],[0.0045092959827805375,0.0045111322547233259,0.0045116626373720384,0.0045121940541607685,0.0045116626373720384,0.0045111322547233259,0.0045092959827805375],[0.0045102767272261583,0.0045121799019740092,0.0045121940541607685,0.00451319010945397,0.0045121940541607685,0.0045121799019740092,0.0045102767272261583],[0.0045092959827805375,0.0045111322547233259,0.0045116626373720384,0.0045121940541607685,0.0045116626373720384,0.0045111322547233259,0.0045092959827805375],[0.00450949446739513,0.0045113094623231431,0.0045111322547233259,0.0045121799019740092,0.0045111322547233259,0.0045113094623231431,0.00450949446739513],[0.0045078184053430146,0.00450949446739513,0.0045092959827805375,0.0045102767272261583,0.0045092959827805375,0.00450949446739513,0.0045078184053430146]],[[0.0045088565071023769,0.0045106407570362989,0.0045104301393059541,0.0045114758899848255,0.0045104301393059541,0.0045106407570362989,0.0045088565071023769],[0.0045106407570362989,0.004512561249087616,0.0045123743609529077,0.00451348444433331,0.0045123743609529077,0.004512561249087616,0.0045106407570362989],[0.0045104301393059541,0.0045123743609529077,0.0045129358829801647,0.0045134984929301875,0.0045129358829801647,0.0045123743609529077,0.0045104301393059541],[0.0045114758899848255,0.00451348444433331,0.0045134984929301875,0.0045145521371257437,0.0045134984929301875,0.00451348444433331,0.0045114758899848255],[0.0045104301393059541,0.0045123743609529077,0.0045129358829801647,0.0045134984929301875,0.0045129358829801647,0.0045123743609529077,0.0045104301393059541],[0.0045106407570362989,0.004512561249087616,0.0045123743609529077,0.00451348444433331,0.0045123743609529077,0.004512561249087616,0.0045106407570362989],[0.0045088565071023769,0.0045106407570362989,0.0045104301393059541,0.0045114758899848255,0.0045104301393059541,0.0045106407570362989,0.0045088565071023769]],[[0.0045099594694683418,0.0045118517337566647,0.0045116290122283126,0.0045127396668780224,0.0045116290122283126,0.0045118517337566647,0.0045099594694683418],[0.0045118517337566647,0.0045138775554522219,0.0045136810063284728,0.0045148534259552373,0.0045136810063284728,0.0045138775554522219,0.0045118517337566647],[0.0045116290122283126,0.0045136810063284728,0.00451427361753983,0.004514867370373217,0.00451427361753983,0.0045136810063284728,0.0045116290122283126],[0.0045127396668780224,0.0045148534259552373,0.004514867370373217,0.0045159785099573822,0.004514867370373217,0.0045148534259552373,0.0045127396668780224],[0.0045116290122283126,0.0045136810063284728,0.00451427361753983,0.004514867370373217,0.00451427361753983,0.0045136810063284728,0.0045116290122283126],[0.0045118517337566647,0.0045138775554522219,0.0045136810063284728,0.0045148534259552373,0.0045136810063284728,0.0045138775554522219,0.0045118517337566647],[0.0045099594694683418,0.0045118517337566647,0.0045116290122283126,0.0045127396668780224,0.0045116290122283126,0.0045118517337566647,0.0045099594694683418]],[[0.00451112718883184,0.0045131272958174439,0.0045128924966988688,0.0045140679528628295,0.0045128924966988688,0.0045131272958174439,0.00451112718883184],[0.0045131272958174439,0.0045152582832434073,0.0045150520909978146,0.0045162867489053635,0.0045150520909978146,0.0045152582832434073,0.0045131272958174439],[0.0045128924966988688,0.0045150520909978146,0.0045156757423852039,0.004516300589012907,0.0045156757423852039,0.0045150520909978146,0.0045128924966988688],[0.0045140679528628295,0.0045162867489053635,0.004516300589012907,0.0045174691330936894,0.004516300589012907,0.0045162867489053635,0.0045140679528628295],[0.0045128924966988688,0.0045150520909978146,0.0045156757423852039,0.004516300589012907,0.0045156757423852039,0.0045150520909978146,0.0045128924966988688],[0.0045131272958174439,0.0045152582832434073,0.0045150520909978146,0.0045162867489053635,0.0045150520909978146,0.0045152582832434073,0.0045131272958174439],[0.00451112718883184,0.0045131272958174439,0.0045128924966988688,0.0045140679528628295,0.0045128924966988688,0.0045131272958174439,0.00451112718883184]],[[0.00451235956298798,0.0045144673437617225,0.0045142204908443012,0.0045154606469389831,0.0045142204908443012,0.0045144673437617225,0.00451235956298798],[0.0045144673437617225,0.0045167033368111627,0.00451648751800105,0.0045177843183879327,0.00451648751800105,0.0045167033368111627,0.0045144673437617225],[0.0045142204908443012,0.00451648751800105,0.0045171421617873119,0.0045177980543535876,0.0045171421617873119,0.00451648751800105,0.0045142204908443012],[0.0045154606469389831,0.0045177843183879327,0.0045177980543535876,0.0045190239145972422,0.0045177980543535876,0.0045177843183879327,0.0045154606469389831],[0.0045142204908443012,0.00451648751800105,0.0045171421617873119,0.0045177980543535876,0.0045171421617873119,0.00451648751800105,0.0045142204908443012],[0.0045144673437617225,0.0045167033368111627,0.00451648751800105,0.0045177843183879327,0.00451648751800105,0.0045167033368111627,0.0045144673437617225],[0.00451235956298798,0.0045144673437617225,0.0045142204908443012,0.0045154606469389831,0.0045142204908443012,0.0045144673437617225,0.00451235956298798]],[[0.0045136564915626912,0.0045158717805273184,0.0045156128957066733,0.0045169176516902092,0.0045156128957066733,0.0045158717805273184,0.0045136564915626912],[0.0045158717805273184,0.0045182126230434395,0.0045179871931832075,0.004519346042554581,0.0045179871931832075,0.0045182126230434395,0.0045158717805273184],[0.0045156128957066733,0.0045179871931832075,0.0045186727828410876,0.0045193596747424092,0.0045186727828410876,0.0045179871931832075,0.0045156128957066733],[0.0045169176516902092,0.004519346042554581,0.0045193596747424092,0.0045206427653116535,0.0045193596747424092,0.004519346042554581,0.0045169176516902092],[0.0045156128957066733,0.0045179871931832075,0.0045186727828410876,0.0045193596747424092,0.0045186727828410876,0.0045179871931832075,0.0045156128957066733],[0.0045158717805273184,0.0045182126230434395,0.0045179871931832075,0.004519346042554581,0.0045179871931832075,0.0045182126230434395,0.0045158717805273184],[0.0045136564915626912,0.0045158717805273184,0.0045156128957066733,0.0045169176516902092,0.0045156128957066733,0.0045158717805273184,0.0045136564915626912]],[[0.0045150178762838221,0.00451734051150874,0.0045170696151737343,0.0045184388729578124,0.0045170696151737343,0.00451734051150874,0.0045150178762838221],[0.00451734051150874,0.0045197860513584119,0.0045195510251133022,0.0045209718323554367,0.0045195510251133022,0.0045197860513584119,0.00451734051150874],[0.0045170696151737343,0.0045195510251133022,0.0045202675153678991,0.0045209853612553311,0.0045202675153678991,0.0045195510251133022,0.0045170696151737343],[0.0045184388729578124,0.0045209718323554367,0.0045209853612553311,0.0045223255987492323,0.0045209853612553311,0.0045209718323554367,0.0045184388729578124],[0.0045170696151737343,0.0045195510251133022,0.0045202675153678991,0.0045209853612553311,0.0045202675153678991,0.0045195510251133022,0.0045170696151737343],[0.00451734051150874,0.0045197860513584119,0.0045195510251133022,0.0045209718323554367,0.0045195510251133022,0.0045197860513584119,0.00451734051150874],[0.0045150178762838221,0.00451734051150874,0.0045170696151737343,0.0045184388729578124,0.0045170696151737343,0.00451734051150874,0.0045150178762838221]],[[0.0045164436211491245,0.0045188734445839977,0.0045185905559048155,0.0045200242196016946,0.0045185905559048155,0.0045188734445839977,0.0045164436211491245],[0.0045188734445839977,0.0045214235336813969,0.00452117892500824,0.0045226616014185685,0.00452117892500824,0.0045214235336813969,0.0045188734445839977],[0.0045185905559048155,0.00452117892500824,0.0045219262718287695,0.0045226750275996546,0.0045219262718287695,0.00452117892500824,0.0045185905559048155],[0.0045200242196016946,0.0045226616014185685,0.0045226750275996546,0.0045240723309951389,0.0045226750275996546,0.0045226616014185685,0.0045200242196016946],[0.0045185905559048155,0.00452117892500824,0.0045219262718287695,0.0045226750275996546,0.0045219262718287695,0.00452117892500824,0.0045185905559048155],[0.0045188734445839977,0.0045214235336813969,0.00452117892500824,0.0045226616014185685,0.00452117892500824,0.0045214235336813969,0.0045188734445839977],[0.0045164436211491245,0.0045188734445839977,0.0045185905559048155,0.0045200242196016946,0.0045185905559048155,0.0045188734445839977,0.0045164436211491245]],[[0.0045179336325237391,0.0045204704901163221,0.0045201756272572006,0.004521673603319897,0.0045201756272572006,0.0045204704901163221,0.0045179336325237391],[0.0045204704901163221,0.0045231249844115279,0.0045228708066613514,0.004524415265949315,0.0045228708066613514,0.0045231249844115279,0.0045204704901163221],[0.0045201756272572006,0.0045228708066613514,0.0045236489672459941,0.0045244285900287442,0.0045236489672459941,0.0045228708066613514,0.0045201756272572006],[0.004521673603319897,0.004524415265949315,0.0045244285900287442,0.0045258828806235864,0.0045244285900287442,0.004524415265949315,0.004521673603319897],[0.0045201756272572006,0.0045228708066613514,0.0045236489672459941,0.0045244285900287442,0.0045236489672459941,0.0045228708066613514,0.0045201756272572006],[0.0045204704901163221,0.0045231249844115279,0.0045228708066613514,0.004524415265949315,0.0045228708066613514,0.0045231249844115279,0.0045204704901163221],[0.0045179336325237391,0.0045204704901163221,0.0045201756272572006,0.004521673603319897,0.0045201756272572006,0.0045204704901163221,0.0045179336325237391]],[[0.0045194878191900422,0.0045221315609379606,0.0045218247412141064,0.004523386938507558,0.0045218247412141064,0.0045221315609379606,0.0045194878191900422],[0.0045221315609379606,0.0045248903203809051,0.0045246265863742256,0.0045262327446430146,0.0045246265863742256,0.0045248903203809051,0.0045221315609379606],[0.0045218247412141064,0.0045246265863742256,0.0045254355191305575,0.0045262459672650258,0.0045254355191305575,0.0045246265863742256,0.0045218247412141064],[0.004523386938507558,0.0045262327446430146,0.0045262459672650258,0.0045277571686221877,0.0045262459672650258,0.0045262327446430146,0.004523386938507558],[0.0045218247412141064,0.0045246265863742256,0.0045254355191305575,0.0045262459672650258,0.0045254355191305575,0.0045246265863742256,0.0045218247412141064],[0.0045221315609379606,0.0045248903203809051,0.0045246265863742256,0.0045262327446430146,0.0045246265863742256,0.0045248903203809051,0.0045221315609379606],[0.0045194878191900422,0.0045221315609379606,0.0045218247412141064,0.004523386938507558,0.0045218247412141064,0.0045221315609379606,0.0045194878191900422]],[[0.0045211060923640916,0.0045238565723220844,0.0045235378123159977,0.0045251641421435963,0.0045235378123159977,0.0045238565723220844,0.0045211060923640916],[0.0045238565723220844,0.0045267194608094741,0.004526446182892256,0.0045281139586081254,0.004526446182892256,0.0045267194608094741,0.0045238565723220844],[0.0045235378123159977,0.004526446182892256,0.0045272858474148933,0.004528127080429962,0.0045272858474148933,0.004526446182892256,0.0045235378123159977],[0.0045251641421435963,0.0045281139586081254,0.004528127080429962,0.0045296951183230946,0.004528127080429962,0.0045281139586081254,0.0045251641421435963],[0.0045235378123159977,0.004526446182892256,0.0045272858474148933,0.004528127080429962,0.0045272858474148933,0.004526446182892256,0.0045235378123159977],[0.0045238565723220844,0.0045267194608094741,0.004526446182892256,0.0045281139586081254,0.004526446182892256,0.0045267194608094741,0.0045238565723220844],[0.0045211060923640916,0.0045238565723220844,0.0045235378123159977,0.0045251641421435963,0.0045235378123159977,0.0045238565723220844,0.0045211060923640916]],[[0.0045227883656904369,0.0045256454419451732,0.0045253147575929076,0.0045270051336943982,0.0045253147575929076,0.0045256454419451732,0.0045227883656904369],[0.0045256454419451732,0.004528612327255422,0.0045283295173410868,0.0045300588312945306,0.0045283295173410868,0.004528612327255422,0.0045256454419451732],[0.0045253147575929076,0.0045283295173410868,0.0045291998743875357,0.0045300718529769166,0.0045291998743875357,0.0045283295173410868,0.0045253147575929076],[0.0045270051336943982,0.0045300588312945306,0.0045300718529769166,0.0045316966553368143,0.0045300718529769166,0.0045300588312945306,0.0045270051336943982],[0.0045253147575929076,0.0045283295173410868,0.0045291998743875357,0.0045300718529769166,0.0045291998743875357,0.0045283295173410868,0.0045253147575929076],[0.0045256454419451732,0.004528612327255422,0.0045283295173410868,0.0045300588312945306,0.0045283295173410868,0.004528612327255422,0.0045256454419451732],[0.0045227883656904369,0.0045256454419451732,0.0045253147575929076,0.0045270051336943982,0.0045253147575929076,0.0045256454419451732,0.0045227883656904369]],[[0.0045245345552196144,0.004527498089844555,0.0045271554965003666,0.0045289098350302761,0.0045271554965003666,0.004527498089844555,0.0045245345552196144],[0.004527498089844555,0.0045305688435642449,0.0045302765131657683,0.004532067288427164,0.0045302765131657683,0.0045305688435642449,0.004527498089844555],[0.0045271554965003666,0.0045302765131657683,0.004531177524631105,0.0045320802106279682,0.004531177524631105,0.0045302765131657683,0.0045271554965003666],[0.0045289098350302761,0.004532067288427164,0.0045320802106279682,0.004533761707489762,0.0045320802106279682,0.004532067288427164,0.0045289098350302761],[0.0045271554965003666,0.0045302765131657683,0.004531177524631105,0.0045320802106279682,0.004531177524631105,0.0045302765131657683,0.0045271554965003666],[0.004527498089844555,0.0045305688435642449,0.0045302765131657683,0.004532067288427164,0.0045302765131657683,0.0045305688435642449,0.004527498089844555],[0.0045245345552196144,0.004527498089844555,0.0045271554965003666,0.0045289098350302761,0.0045271554965003666,0.004527498089844555,0.0045245345552196144]],[[0.0045263445793766741,0.0045294144383707553,0.00452905995085644,0.004530878170350465,0.00452905995085644,0.0045294144383707553,0.0045263445793766741],[0.0045294144383707553,0.0045325889358151412,0.0045322870960703004,0.00453413925794196,0.0045322870960703004,0.0045325889358151412,0.0045294144383707553],[0.00452905995085644,0.0045322870960703004,0.004533218724961055,0.004534152081311857,0.004533218724961055,0.0045322870960703004,0.00452905995085644],[0.004530878170350465,0.00453413925794196,0.004534152081311857,0.0045358902047626356,0.004534152081311857,0.00453413925794196,0.004530878170350465],[0.00452905995085644,0.0045322870960703004,0.004533218724961055,0.004534152081311857,0.004533218724961055,0.0045322870960703004,0.00452905995085644],[0.0045294144383707553,0.0045325889358151412,0.0045322870960703004,0.00453413925794196,0.0045322870960703004,0.0045325889358151412,0.0045294144383707553],[0.0045263445793766741,0.0045294144383707553,0.00452905995085644,0.004530878170350465,0.00452905995085644,0.0045294144383707553,0.0045263445793766741]],[[0.0045282183589210115,0.0045313944121371432,0.0045310280447800853,0.0045329100661134648,0.0045310280447800853,0.0045313944121371432,0.0045282183589210115],[0.0045313944121371432,0.0045346725322659431,0.0045343611939576665,0.0045362746699232495,0.0045343611939576665,0.0045346725322659431,0.0045313944121371432],[0.0045310280447800853,0.0045343611939576665,0.0045353234043650952,0.0045362873951027985,0.0045353234043650952,0.0045343611939576665,0.0045310280447800853],[0.0045329100661134648,0.0045362746699232495,0.0045362873951027985,0.0045380820792293346,0.0045362873951027985,0.0045362746699232495,0.0045329100661134648],[0.0045310280447800853,0.0045343611939576665,0.0045353234043650952,0.0045362873951027985,0.0045353234043650952,0.0045343611939576665,0.0045310280447800853],[0.0045313944121371432,0.0045346725322659431,0.0045343611939576665,0.0045362746699232495,0.0045343611939576665,0.0045346725322659431,0.0045313944121371432],[0.0045282183589210115,0.0045313944121371432,0.0045310280447800853,0.0045329100661134648,0.0045310280447800853,0.0045313944121371432,0.0045282183589210115]],[[0.0045301558169008795,0.0045334379379668938,0.0045330597046303522,0.0045350054509703044,0.0045330597046303522,0.0045334379379668938,0.0045301558169008795],[0.0045334379379668938,0.0045368195632961312,0.0045364987368694916,0.0045384734565412279,0.0045364987368694916,0.0045368195632961312,0.0045334379379668938],[0.0045330597046303522,0.0045364987368694916,0.0045374914939421852,0.0045384860841588305,0.0045374914939421852,0.0045364987368694916,0.0045330597046303522],[0.0045350054509703044,0.0045384734565412279,0.0045384860841588305,0.0045403372649950131,0.0045384860841588305,0.0045384734565412279,0.0045350054509703044],[0.0045330597046303522,0.0045364987368694916,0.0045374914939421852,0.0045384860841588305,0.0045374914939421852,0.0045364987368694916,0.0045330597046303522],[0.0045334379379668938,0.0045368195632961312,0.0045364987368694916,0.0045384734565412279,0.0045364987368694916,0.0045368195632961312,0.0045334379379668938],[0.0045301558169008795,0.0045334379379668938,0.0045330597046303522,0.0045350054509703044,0.0045330597046303522,0.0045334379379668938,0.0045301558169008795]],[[0.0045321568786042344,0.0045355449448374807,0.004535154858945103,0.0045371642557000208,0.004535154858945103,0.0045355449448374807,0.0045321568786042344],[0.0045355449448374807,0.0045390299613474192,0.0045386996569243571,0.0045407355519883185,0.0045386996569243571,0.0045390299613474192,0.0045355449448374807],[0.004535154858945103,0.0045386996569243571,0.0045397229268401831,0.0045407480826587607,0.0045397229268401831,0.0045386996569243571,0.004535154858945103],[0.0045371642557000208,0.0045407355519883185,0.0045407480826587607,0.0045426556981321862,0.0045407480826587607,0.0045407355519883185,0.0045371642557000208],[0.004535154858945103,0.0045386996569243571,0.0045397229268401831,0.0045407480826587607,0.0045397229268401831,0.0045386996569243571,0.004535154858945103],[0.0045355449448374807,0.0045390299613474192,0.0045386996569243571,0.0045407355519883185,0.0045386996569243571,0.0045390299613474192,0.0045355449448374807],[0.0045321568786042344,0.0045355449448374807,0.004535154858945103,0.0045371642557000208,0.004535154858945103,0.0045355449448374807,0.0045321568786042344]],[[0.0045342214715058523,0.0045377153638230241,0.0045373134383799741,0.00453938641314447,0.0045373134383799741,0.0045377153638230241,0.0045342214715058523],[0.0045377153638230241,0.004541303660861762,0.004540963888254498,0.0045430608924134546,0.004540963888254498,0.004541303660861762,0.0045377153638230241],[0.0045373134383799741,0.004540963888254498,0.0045420176381914994,0.0045430733267368068,0.0045420176381914994,0.004540963888254498,0.0045373134383799741],[0.00453938641314447,0.0045430608924134546,0.0045430733267368068,0.0045450373166138706,0.0045430733267368068,0.0045430608924134546,0.00453938641314447],[0.0045373134383799741,0.004540963888254498,0.0045420176381914994,0.0045430733267368068,0.0045420176381914994,0.004540963888254498,0.0045373134383799741],[0.0045377153638230241,0.004541303660861762,0.004540963888254498,0.0045430608924134546,0.004540963888254498,0.004541303660861762,0.0045377153638230241],[0.0045342214715058523,0.0045377153638230241,0.0045373134383799741,0.00453938641314447,0.0045373134383799741,0.0045377153638230241,0.0045342214715058523]],[[0.0045363495252118517,0.00453994912803332,0.0045395353756442179,0.0045416718581422853,0.0045395353756442179,0.00453994912803332,0.0045363495252118517],[0.00453994912803332,0.0045436405982148239,0.00454329136693837,0.0045454494158519657,0.00454329136693837,0.0045436405982148239,0.00453994912803332],[0.0045395353756442179,0.00454329136693837,0.0045443755650443878,0.0045454617544125817,0.0045443755650443878,0.00454329136693837,0.0045395353756442179],[0.0045416718581422853,0.0045454494158519657,0.0045454617544125817,0.0045474820602412419,0.0045454617544125817,0.0045454494158519657,0.0045416718581422853],[0.0045395353756442179,0.00454329136693837,0.0045443755650443878,0.0045454617544125817,0.0045443755650443878,0.00454329136693837,0.0045395353756442179],[0.00453994912803332,0.0045436405982148239,0.00454329136693837,0.0045454494158519657,0.00454329136693837,0.0045436405982148239,0.00453994912803332],[0.0045363495252118517,0.00453994912803332,0.0045395353756442179,0.0045416718581422853,0.0045395353756442179,0.00453994912803332,0.0045363495252118517]],[[0.00453854097140042,0.0045422461725491839,0.0045418206054349854,0.0045440205274592041,0.0045418206054349854,0.0045422461725491839,0.00453854097140042],[0.0045422461725491839,0.0045460407116442473,0.0045456820309288815,0.0045479010621498842,0.0045456820309288815,0.0045460407116442473,0.0045422461725491839],[0.0045418206054349854,0.0045456820309288815,0.0045467966462892362,0.0045479133055154573,0.0045467966462892362,0.0045456820309288815,0.0045418206054349854],[0.0045440205274592041,0.0045479010621498842,0.0045479133055154573,0.0045499898705644755,0.0045479133055154573,0.0045479010621498842,0.0045440205274592041],[0.0045418206054349854,0.0045456820309288815,0.0045467966462892362,0.0045479133055154573,0.0045467966462892362,0.0045456820309288815,0.0045418206054349854],[0.0045422461725491839,0.0045460407116442473,0.0045456820309288815,0.0045479010621498842,0.0045456820309288815,0.0045460407116442473,0.0045422461725491839],[0.00453854097140042,0.0045422461725491839,0.0045418206054349854,0.0045440205274592041,0.0045418206054349854,0.0045422461725491839,0.00453854097140042]],[[0.0045407957437592185,0.0045446064343526759,0.0045441690643667652,0.0045464323597141677,0.0045441690643667652,0.0045446064343526759,0.0045407957437592185],[0.0045446064343526759,0.0045485039411703133,0.0045481358199744061,0.004550415772879934,0.0045481358199744061,0.0045485039411703133,0.0045446064343526759],[0.0045441690643667652,0.0045481358199744061,0.004549280822576998,0.0045504279216004,0.004549280822576998,0.0045481358199744061,0.0045441690643667652],[0.0045464323597141677,0.004550415772879934,0.0045504279216004,0.0045525606907936087,0.0045504279216004,0.004550415772879934,0.0045464323597141677],[0.0045441690643667652,0.0045481358199744061,0.004549280822576998,0.0045504279216004,0.004549280822576998,0.0045