{"M_cells":[[[0,0,0,0,0,0,0],[0,0,0,0,0,0,0],[0,0,0,0,0,0,0],[0,0,0,0,0,0,0],[0,0,0,0,0,0,0],[0,0,0,0,0,0,0],[0,0,0,0,0,0,0]],[[5.5356579793980361E-11,3.1744135465754359E-10,2.8248980822926563E-10,4.1306835847470003E-10,2.8248980822926563E-10,3.1744135465754359E-10,5.5356579793980361E-11],[3.1744135465754359E-10,1.3356109937189107E-9,1.2213695153147345E-9,1.7242159494053719E-9,1.2213695153147345E-9,1.3356109937189107E-9,3.1744135465754359E-10],[2.8248980822926563E-10,1.2213695153147345E-9,1.4983987582605996E-9,1.7768915942217198E-9,1.4983987582605996E-9,1.2213695153147345E-9,2.8248980822926563E-10],[4.1306835847470003E-10,1.7242159494053719E-9,1.7768915942217198E-9,2.3426923069161847E-9,1.7768915942217198E-9,1.7242159494053719E-9,4.1306835847470008E-10],[2.8248980822926563E-10,1.2213695153147345E-9,1.4983987582605996E-9,1.7768915942217198E-9,1.4983987582605996E-9,1.2213695153147345E-9,2.8248980822926563E-10],[3.1744135465754359E-10,1.3356109937189107E-9,1.2213695153147345E-9,1.7242159494053719E-9,1.2213695153147345E-9,1.3356109937189107E-9,3.1744135465754359E-10],[5.5356579793980361E-11,3.1744135465754359E-10,2.8248980822926563E-10,4.1306835847470008E-10,2.8248980822926563E-10,3.1744135465754359E-10,5.5356579793980361E-11]],[[3.7877011945986636E-10,1.2296489315650259E-9,1.1175157234300984E-9,1.5551259938647457E-9,1.1175157234300984E-9,1.2296489315650259E-9,3.7877011945986625E-10],[1.2296489315650259E-9,3.16768085791474E-9,2.952995364009615E-9,3.9492262019632053E-9,2.952995364009615E-9,3.16768085791474E-9,1.2296489315650259E-9],[1.1175157234300984E-9,2.952995364009615E-9,3.4910731880361185E-9,4.0310019253327831E-9,3.4910731880361185E-9,2.9529953640096146E-9,1.1175157234300984E-9],[1.5551259938647457E-9,3.9492262019632053E-9,4.0310019253327831E-9,5.1069884439702755E-9,4.0310019253327831E-9,3.9492262019632045E-9,1.5551259938647457E-9],[1.1175157234300984E-9,2.952995364009615E-9,3.4910731880361185E-9,4.0310019253327831E-9,3.4910731880361185E-9,2.9529953640096146E-9,1.1175157234300984E-9],[1.2296489315650259E-9,3.16768085791474E-9,2.9529953640096146E-9,3.9492262019632045E-9,2.9529953640096146E-9,3.1676808579147398E-9,1.2296489315650259E-9],[3.7877011945986625E-10,1.2296489315650259E-9,1.1175157234300984E-9,1.5551259938647457E-9,1.1175157234300984E-9,1.2296489315650259E-9,3.7877011945986625E-10]],[[1.1030554722125249E-9,2.678885957821089E-9,2.4731382126707947E-9,3.3054899555678825E-9,2.4731382126707947E-9,2.678885957821089E-9,1.1030554722125249E-9],[2.678885957821089E-9,5.4485892700298769E-9,5.145929359841474E-9,6.6122551711994076E-9,5.145929359841474E-9,5.4485892700298769E-9,2.678885957821089E-9],[2.4731382126707947E-9,5.145929359841474E-9,5.9256485288120938E-9,6.7075685790206327E-9,5.9256485288120938E-9,5.145929359841474E-9,2.4731382126707947E-9],[3.3054899555678825E-9,6.6122551711994076E-9,6.7075685790206327E-9,8.2434091453910542E-9,6.7075685790206327E-9,6.6122551711994076E-9,3.3054899555678825E-9],[2.4731382126707947E-9,5.145929359841474E-9,5.9256485288120938E-9,6.7075685790206327E-9,5.9256485288120938E-9,5.145929359841474E-9,2.4731382126707947E-9],[2.678885957821089E-9,5.4485892700298769E-9,5.145929359841474E-9,6.6122551711994076E-9,5.145929359841474E-9,5.4485892700298752E-9,2.678885957821089E-9],[1.1030554722125249E-9,2.678885957821089E-9,2.4731382126707947E-9,3.3054899555678825E-9,2.4731382126707947E-9,2.678885957821089E-9,1.1030554722125249E-9]],[[2.2767701597430604E-9,4.61417716150334E-9,4.3120251395962878E-9,5.574089106373024E-9,4.3120251395962878E-9,4.61417716150334E-9,2.2767701597430604E-9],[4.61417716150334E-9,8.137524996660598E-9,7.75813781353718E-9,9.664927290497747E-9,7.75813781353718E-9,8.137524996660598E-9,4.61417716150334E-9],[4.3120251395962878E-9,7.75813781353718E-9,8.7600413360500236E-9,9.7644628411896547E-9,8.7600413360500236E-9,7.75813781353718E-9,4.3120251395962886E-9],[5.574089106373024E-9,9.664927290497747E-9,9.7644628411896547E-9,1.1715518375084398E-8,9.7644628411896547E-9,9.664927290497747E-9,5.574089106373024E-9],[4.3120251395962878E-9,7.75813781353718E-9,8.7600413360500236E-9,9.7644628411896547E-9,8.7600413360500236E-9,7.75813781353718E-9,4.3120251395962886E-9],[4.61417716150334E-9,8.137524996660598E-9,7.75813781353718E-9,9.664927290497747E-9,7.75813781353718E-9,8.137524996660598E-9,4.61417716150334E-9],[2.2767701597430604E-9,4.61417716150334E-9,4.3120251395962886E-9,5.574089106373024E-9,4.3120251395962886E-9,4.61417716150334E-9,2.2767701597430604E-9]],[[3.9050362199867689E-9,6.9903635311114127E-9,6.5957655052504269E-9,8.2919180805308512E-9,6.5957655052504269E-9,6.9903635311114127E-9,3.9050362199867689E-9],[6.9903635311114127E-9,1.1198161570104669E-8,1.0751786314934493E-8,1.306720784261639E-8,1.0751786314934493E-8,1.1198161570104669E-8,6.9903635311114127E-9],[6.5957655052504269E-9,1.0751786314934493E-8,1.1957262095577947E-8,1.3165544097934931E-8,1.1957262095577947E-8,1.0751786314934495E-8,6.5957655052504285E-9],[8.2919180805308512E-9,1.306720784261639E-8,1.3165544097934931E-8,1.5492345493228041E-8,1.3165544097934931E-8,1.306720784261639E-8,8.2919180805308512E-9],[6.5957655052504269E-9,1.0751786314934493E-8,1.1957262095577947E-8,1.3165544097934931E-8,1.1957262095577947E-8,1.0751786314934495E-8,6.5957655052504285E-9],[6.9903635311114127E-9,1.1198161570104669E-8,1.0751786314934495E-8,1.306720784261639E-8,1.0751786314934495E-8,1.1198161570104669E-8,6.9903635311114127E-9],[3.9050362199867689E-9,6.9903635311114127E-9,6.5957655052504285E-9,8.2919180805308512E-9,6.5957655052504285E-9,6.9903635311114127E-9,3.9050362199867689E-9]],[[5.9715776809872163E-9,9.7673845487919573E-9,9.2872256484705636E-9,1.1404794897962953E-8,9.2872256484705636E-9,9.767384548791959E-9,5.9715776809872163E-9],[9.7673845487919573E-9,1.4598228334890554E-8,1.409310792892226E-8,1.6785519493488573E-8,1.409310792892226E-8,1.4598228334890554E-8,9.767384548791959E-9],[9.2872256484705636E-9,1.409310792892226E-8,1.5484844237041253E-8,1.6879649682339362E-8,1.5484844237041253E-8,1.409310792892226E-8,9.2872256484705636E-9],[1.1404794897962953E-8,1.6785519493488573E-8,1.6879649682339362E-8,1.9547370829125574E-8,1.6879649682339359E-8,1.6785519493488573E-8,1.1404794897962953E-8],[9.2872256484705636E-9,1.409310792892226E-8,1.5484844237041253E-8,1.6879649682339359E-8,1.548484423704125E-8,1.4093107928922258E-8,9.2872256484705636E-9],[9.767384548791959E-9,1.4598228334890554E-8,1.409310792892226E-8,1.6785519493488573E-8,1.4093107928922258E-8,1.4598228334890554E-8,9.767384548791959E-9],[5.9715776809872163E-9,9.767384548791959E-9,9.2872256484705636E-9,1.1404794897962953E-8,9.2872256484705636E-9,9.767384548791959E-9,5.9715776809872163E-9]],[[8.4505272321432581E-9,1.2909696006451642E-8,1.2351743310967649E-8,1.4869225344918317E-8,1.2351743310967649E-8,1.2909696006451643E-8,8.45052723214326E-9],[1.2909696006451642E-8,1.8309102741237319E-8,1.7752127765733706E-8,2.0791391077855761E-8,1.7752127765733706E-8,1.8309102741237319E-8,1.2909696006451643E-8],[1.2351743310967649E-8,1.7752127765733706E-8,1.93143053533602E-8,2.0879792778377766E-8,1.93143053533602E-8,1.7752127765733709E-8,1.2351743310967649E-8],[1.4869225344918317E-8,2.0791391077855761E-8,2.0879792778377766E-8,2.3857744612602456E-8,2.0879792778377766E-8,2.0791391077855764E-8,1.4869225344918319E-8],[1.2351743310967649E-8,1.7752127765733706E-8,1.93143053533602E-8,2.0879792778377766E-8,1.93143053533602E-8,1.7752127765733709E-8,1.2351743310967649E-8],[1.2909696006451643E-8,1.8309102741237319E-8,1.7752127765733709E-8,2.0791391077855764E-8,1.7752127765733709E-8,1.8309102741237319E-8,1.2909696006451643E-8],[8.45052723214326E-9,1.2909696006451643E-8,1.2351743310967649E-8,1.4869225344918319E-8,1.2351743310967649E-8,1.2909696006451643E-8,8.45052723214326E-9]],[[1.1312665695396222E-8,1.6385773385711046E-8,1.5757641188000808E-8,1.8649618673855704E-8,1.5757641188000808E-8,1.6385773385711046E-8,1.1312665695396222E-8],[1.6385773385711046E-8,2.2305428576993637E-8,2.1702326200674003E-8,2.5060466682693121E-8,2.1702326200674003E-8,2.2305428576993637E-8,1.6385773385711046E-8],[1.5757641188000808E-8,2.1702326200674003E-8,2.3420656245867914E-8,2.5142517334462484E-8,2.3420656245867914E-8,2.1702326200674003E-8,1.5757641188000808E-8],[1.8649618673855704E-8,2.5060466682693121E-8,2.5142517334462484E-8,2.840367677027095E-8,2.5142517334462484E-8,2.5060466682693121E-8,1.8649618673855704E-8],[1.5757641188000808E-8,2.1702326200674003E-8,2.3420656245867914E-8,2.5142517334462484E-8,2.3420656245867914E-8,2.1702326200674003E-8,1.5757641188000808E-8],[1.6385773385711046E-8,2.2305428576993637E-8,2.1702326200674003E-8,2.5060466682693121E-8,2.1702326200674003E-8,2.2305428576993637E-8,1.6385773385711046E-8],[1.1312665695396222E-8,1.6385773385711046E-8,1.5757641188000808E-8,1.8649618673855704E-8,1.5757641188000808E-8,1.6385773385711046E-8,1.1312665695396222E-8]],[[1.4528637708806247E-8,2.0167674900579211E-8,1.9476351935707779E-8,2.2716378044374522E-8,1.9476351935707779E-8,2.0167674900579211E-8,1.4528637708806247E-8],[2.0167674900579211E-8,2.6564763197503014E-8,2.5920287518307721E-8,2.9571762674563905E-8,2.5920287518307721E-8,2.6564763197503014E-8,2.0167674900579211E-8],[1.9476351935707779E-8,2.5920287518307721E-8,2.7781962788002971E-8,2.9647373190910258E-8,2.7781962788002971E-8,2.5920287518307721E-8,1.9476351935707779E-8],[2.2716378044374522E-8,2.9571762674563905E-8,2.9647373190910258E-8,3.3167953406421441E-8,2.9647373190910258E-8,2.9571762674563905E-8,2.2716378044374522E-8],[1.9476351935707779E-8,2.5920287518307721E-8,2.7781962788002971E-8,2.9647373190910258E-8,2.7781962788002971E-8,2.5920287518307721E-8,1.9476351935707779E-8],[2.0167674900579211E-8,2.6564763197503014E-8,2.5920287518307721E-8,2.9571762674563905E-8,2.5920287518307721E-8,2.6564763197503014E-8,2.0167674900579211E-8],[1.4528637708806247E-8,2.0167674900579211E-8,1.9476351935707779E-8,2.2716378044374522E-8,1.9476351935707779E-8,2.0167674900579211E-8,1.4528637708806247E-8]],[[1.8070531209820602E-8,2.423065084862186E-8,2.348233028132063E-8,2.7044563444102717E-8,2.348233028132063E-8,2.423065084862186E-8,1.8070531209820602E-8],[2.423065084862186E-8,3.1067255183357945E-8,3.03853594352191E-8,3.4307098479735178E-8,3.03853594352191E-8,3.1067255183357951E-8,2.423065084862186E-8],[2.348233028132063E-8,3.03853594352191E-8,3.2378959896904413E-8,3.4376484542571472E-8,3.2378959896904413E-8,3.03853594352191E-8,2.348233028132063E-8],[2.7044563444102717E-8,3.4307098479735178E-8,3.4376484542571472E-8,3.8135548464791826E-8,3.4376484542571472E-8,3.4307098479735184E-8,2.7044563444102721E-8],[2.348233028132063E-8,3.03853594352191E-8,3.2378959896904413E-8,3.4376484542571472E-8,3.2378959896904413E-8,3.03853594352191E-8,2.348233028132063E-8],[2.423065084862186E-8,3.1067255183357951E-8,3.03853594352191E-8,3.4307098479735184E-8,3.03853594352191E-8,3.1067255183357945E-8,2.423065084862186E-8],[1.8070531209820602E-8,2.423065084862186E-8,2.348233028132063E-8,2.7044563444102721E-8,2.348233028132063E-8,2.423065084862186E-8,1.8070531209820602E-8]],[[2.1912577932954358E-8,2.8552792171713392E-8,2.7752856731483125E-8,3.1612934162961323E-8,2.7752856731483125E-8,2.8552792171713395E-8,2.1912577932954358E-8],[2.8552792171713392E-8,3.5795352501385315E-8,3.5079336304843677E-8,3.9250651525504822E-8,3.5079336304843684E-8,3.5795352501385321E-8,2.8552792171713395E-8],[2.7752856731483125E-8,3.5079336304843677E-8,3.7194714063389839E-8,3.9314191832528185E-8,3.7194714063389839E-8,3.5079336304843684E-8,2.7752856731483125E-8],[3.1612934162961323E-8,3.9250651525504822E-8,3.9314191832528185E-8,4.32933078866217E-8,3.9314191832528185E-8,3.9250651525504829E-8,3.1612934162961329E-8],[2.7752856731483125E-8,3.5079336304843684E-8,3.7194714063389839E-8,3.9314191832528185E-8,3.7194714063389839E-8,3.5079336304843684E-8,2.7752856731483125E-8],[2.8552792171713395E-8,3.5795352501385321E-8,3.5079336304843684E-8,3.9250651525504829E-8,3.5079336304843684E-8,3.5795352501385315E-8,2.8552792171713395E-8],[2.1912577932954358E-8,2.8552792171713395E-8,2.7752856731483125E-8,3.1612934162961329E-8,2.7752856731483125E-8,2.8552792171713395E-8,2.1912577932954358E-8]],[[2.6031388100000651E-8,3.3114714062636582E-8,3.2267794024444129E-8,3.6403246743148854E-8,3.2267794024444129E-8,3.3114714062636582E-8,2.6031388100000651E-8],[3.3114714062636582E-8,4.0733540236610665E-8,3.9986171435792744E-8,4.4388602731590986E-8,3.9986171435792744E-8,4.0733540236610665E-8,3.3114714062636582E-8],[3.2267794024444129E-8,3.9986171435792744E-8,4.2214329684985763E-8,4.4446752134225428E-8,4.2214329684985763E-8,3.998617143579275E-8,3.2267794024444129E-8],[3.6403246743148854E-8,4.4388602731590986E-8,4.4446752134225428E-8,4.8629689753766212E-8,4.4446752134225435E-8,4.4388602731590992E-8,3.640324674314886E-8],[3.2267794024444129E-8,3.9986171435792744E-8,4.2214329684985763E-8,4.4446752134225435E-8,4.2214329684985763E-8,3.998617143579275E-8,3.2267794024444129E-8],[3.3114714062636582E-8,4.0733540236610665E-8,3.998617143579275E-8,4.4388602731590992E-8,3.998617143579275E-8,4.0733540236610671E-8,3.3114714062636582E-8],[2.6031388100000651E-8,3.3114714062636582E-8,3.2267794024444129E-8,3.640324674314886E-8,3.2267794024444129E-8,3.3114714062636582E-8,2.6031388100000651E-8]],[[3.0405944534272235E-8,3.7899271710880009E-8,3.7009331207080796E-8,4.1399727884052525E-8,3.7009331207080796E-8,3.7899271710880009E-8,3.0405944534272235E-8],[3.7899271710880009E-8,4.5868106282225725E-8,4.5091719776756706E-8,4.9708849415275935E-8,4.5091719776756706E-8,4.5868106282225725E-8,3.7899271710880009E-8],[3.7009331207080796E-8,4.5091719776756706E-8,4.7424694143125511E-8,4.9762086651169039E-8,4.7424694143125511E-8,4.5091719776756706E-8,3.7009331207080796E-8],[4.1399727884052525E-8,4.9708849415275935E-8,4.9762086651169039E-8,5.4134548258066643E-8,4.9762086651169039E-8,4.9708849415275935E-8,4.1399727884052531E-8],[3.7009331207080796E-8,4.5091719776756706E-8,4.7424694143125511E-8,4.9762086651169039E-8,4.7424694143125511E-8,4.5091719776756706E-8,3.7009331207080796E-8],[3.7899271710880009E-8,4.5868106282225725E-8,4.5091719776756706E-8,4.9708849415275935E-8,4.5091719776756706E-8,4.5868106282225725E-8,3.7899271710880009E-8],[3.0405944534272235E-8,3.7899271710880009E-8,3.7009331207080796E-8,4.1399727884052531E-8,3.7009331207080796E-8,3.7899271710880009E-8,3.0405944534272235E-8]],[[3.5017478630508511E-8,4.2891305744750567E-8,4.1961734429796479E-8,4.6588669488339963E-8,4.1961734429796479E-8,4.2891305744750567E-8,3.5017478630508511E-8],[4.2891305744750567E-8,5.1186932964758938E-8,5.0383509957992657E-8,5.5200769411110758E-8,5.0383509957992657E-8,5.1186932964758938E-8,4.2891305744750567E-8],[4.1961734429796479E-8,5.0383509957992657E-8,5.2814256735529551E-8,5.5249566566475434E-8,5.2814256735529551E-8,5.0383509957992657E-8,4.1961734429796479E-8],[4.6588669488339963E-8,5.5200769411110758E-8,5.5249566566475434E-8,5.9798952431694143E-8,5.5249566566475434E-8,5.5200769411110764E-8,4.6588669488339963E-8],[4.1961734429796479E-8,5.0383509957992657E-8,5.2814256735529551E-8,5.5249566566475434E-8,5.2814256735529551E-8,5.0383509957992657E-8,4.1961734429796479E-8],[4.2891305744750567E-8,5.1186932964758938E-8,5.0383509957992657E-8,5.5200769411110764E-8,5.0383509957992657E-8,5.1186932964758938E-8,4.2891305744750567E-8],[3.5017478630508511E-8,4.2891305744750567E-8,4.1961734429796479E-8,4.6588669488339963E-8,4.1961734429796479E-8,4.2891305744750567E-8,3.5017478630508511E-8]],[[3.9849294309348916E-8,4.8077415057458444E-8,4.7111114170265316E-8,5.1958110774163341E-8,4.7111114170265316E-8,4.8077415057458444E-8,3.9849294309348916E-8],[4.8077415057458444E-8,5.6679312379415724E-8,5.5850543550194021E-8,6.0855024854259322E-8,5.5850543550194021E-8,5.6679312379415724E-8,4.8077415057458444E-8],[4.7111114170265316E-8,5.5850543550194021E-8,5.837283697065414E-8,6.0899830395627293E-8,5.8372836970654147E-8,5.5850543550194021E-8,4.7111114170265316E-8],[5.1958110774163341E-8,6.0855024854259322E-8,6.0899830395627293E-8,6.5615032791727644E-8,6.0899830395627293E-8,6.0855024854259322E-8,5.1958110774163341E-8],[4.7111114170265316E-8,5.5850543550194021E-8,5.8372836970654147E-8,6.0899830395627293E-8,5.8372836970654147E-8,5.5850543550194021E-8,4.7111114170265316E-8],[4.8077415057458444E-8,5.6679312379415724E-8,5.5850543550194021E-8,6.0855024854259322E-8,5.5850543550194021E-8,5.6679312379415731E-8,4.8077415057458444E-8],[3.9849294309348916E-8,4.8077415057458444E-8,4.7111114170265316E-8,5.1958110774163341E-8,4.7111114170265316E-8,4.8077415057458444E-8,3.9849294309348916E-8]],[[4.4886575212575852E-8,5.3445754728470432E-8,5.2445213115427928E-8,5.7497583821363679E-8,5.2445213115427928E-8,5.3445754728470432E-8,4.4886575212575852E-8],[5.3445754728470432E-8,6.2335783157795928E-8,6.1483118930774224E-8,6.6663397232114229E-8,6.1483118930774224E-8,6.2335783157795928E-8,5.3445754728470432E-8],[5.2445213115427928E-8,6.1483118930774224E-8,6.4091458213380988E-8,6.6704627431162174E-8,6.4091458213380988E-8,6.1483118930774224E-8,5.2445213115427922E-8],[5.7497583821363679E-8,6.6663397232114229E-8,6.6704627431162174E-8,7.1575850658669738E-8,6.6704627431162174E-8,6.6663397232114229E-8,5.7497583821363679E-8],[5.2445213115427928E-8,6.1483118930774224E-8,6.4091458213380988E-8,6.6704627431162174E-8,6.4091458213380988E-8,6.1483118930774224E-8,5.2445213115427928E-8],[5.3445754728470432E-8,6.2335783157795928E-8,6.1483118930774224E-8,6.6663397232114229E-8,6.1483118930774224E-8,6.2335783157795928E-8,5.3445754728470432E-8],[4.4886575212575852E-8,5.3445754728470432E-8,5.2445213115427922E-8,5.7497583821363679E-8,5.2445213115427928E-8,5.3445754728470432E-8,4.4886575212575852E-8]],[[5.0116193459175769E-8,5.8985856769651945E-8,5.7953215810554E-8,6.3197906366920165E-8,5.7953215810554E-8,5.8985856769651945E-8,5.0116193459175769E-8],[5.8985856769651945E-8,6.814798643883186E-8,6.7272677047842978E-8,7.2618647481905777E-8,6.7272677047842978E-8,6.8147986438831846E-8,5.8985856769651945E-8],[5.7953215810554E-8,6.7272677047842978E-8,6.9962203163969032E-8,7.2656682953460226E-8,6.9962203163969032E-8,6.7272677047842964E-8,5.7953215810554E-8],[6.3197906366920165E-8,7.2618647481905777E-8,7.2656682953460226E-8,7.7675286083628189E-8,7.2656682953460226E-8,7.2618647481905763E-8,6.3197906366920165E-8],[5.7953215810554E-8,6.7272677047842978E-8,6.9962203163969032E-8,7.2656682953460226E-8,6.9962203163969032E-8,6.7272677047842964E-8,5.7953215810554E-8],[5.8985856769651945E-8,6.8147986438831846E-8,6.7272677047842964E-8,7.2618647481905763E-8,6.7272677047842964E-8,6.8147986438831846E-8,5.8985856769651945E-8],[5.0116193459175769E-8,5.8985856769651945E-8,5.7953215810554E-8,6.3197906366920165E-8,5.7953215810554E-8,5.8985856769651945E-8,5.0116193459175769E-8]],[[5.5526529003002219E-8,6.4688471475874682E-8,6.3625579480753559E-8,6.9051010561830082E-8,6.3625579480753559E-8,6.4688471475874682E-8,5.5526529003002219E-8],[6.4688471475874682E-8,7.4108538926417309E-8,7.3211666471240679E-8,7.8714396431594236E-8,7.3211666471240679E-8,7.4108538926417309E-8,6.4688471475874682E-8],[6.3625579480753559E-8,7.3211666471240679E-8,7.5978088116937552E-8,7.8749581711973771E-8,7.5978088116937552E-8,7.3211666471240679E-8,6.3625579480753559E-8],[6.9051010561830082E-8,7.8714396431594236E-8,7.8749581711973771E-8,8.3907941187199546E-8,7.8749581711973771E-8,7.8714396431594236E-8,6.9051010561830082E-8],[6.3625579480753559E-8,7.3211666471240679E-8,7.5978088116937552E-8,7.8749581711973771E-8,7.5978088116937552E-8,7.3211666471240679E-8,6.3625579480753559E-8],[6.4688471475874682E-8,7.4108538926417309E-8,7.3211666471240679E-8,7.8714396431594236E-8,7.3211666471240679E-8,7.4108538926417309E-8,6.4688471475874682E-8],[5.5526529003002219E-8,6.4688471475874682E-8,6.3625579480753559E-8,6.9051010561830082E-8,6.3625579480753559E-8,6.4688471475874682E-8,5.5526529003002219E-8]],[[6.11073035725249E-8,7.0545427248256133E-8,6.9453884567059121E-8,7.5049799659599881E-8,6.9453884567059121E-8,7.0545427248256133E-8,6.11073035725249E-8],[7.0545427248256133E-8,8.02109210658783E-8,7.9293425316004739E-8,8.494502196078404E-8,7.9293425316004739E-8,8.02109210658783E-8,7.0545427248256133E-8],[6.9453884567059121E-8,7.9293425316004739E-8,8.2132953365282548E-8,8.4977666822655658E-8,8.2132953365282548E-8,7.9293425316004739E-8,6.9453884567059121E-8],[7.5049799659599881E-8,8.494502196078404E-8,8.4977666822655658E-8,9.0269056361026172E-8,8.4977666822655658E-8,8.494502196078404E-8,7.5049799659599881E-8],[6.9453884567059121E-8,7.9293425316004739E-8,8.2132953365282548E-8,8.4977666822655658E-8,8.2132953365282548E-8,7.9293425316004739E-8,6.9453884567059121E-8],[7.0545427248256133E-8,8.02109210658783E-8,7.9293425316004739E-8,8.494502196078404E-8,7.9293425316004739E-8,8.02109210658783E-8,7.0545427248256133E-8],[6.11073035725249E-8,7.0545427248256133E-8,6.9453884567059121E-8,7.5049799659599881E-8,6.9453884567059121E-8,7.0545427248256133E-8,6.11073035725249E-8]],[[6.68494304441604E-8,7.6549506878401067E-8,7.5430703144843987E-8,8.1188026802685836E-8,7.5430703144843987E-8,7.6549506878401067E-8,6.68494304441604E-8],[7.6549506878401067E-8,8.6449378536107908E-8,8.5512077857284527E-8,9.13055700370299E-8,8.5512077857284527E-8,8.6449378536107908E-8,7.6549506878401067E-8],[7.5430703144843987E-8,8.5512077857284527E-8,8.8421367482098572E-8,9.1335951726998743E-8,8.8421367482098572E-8,8.5512077857284527E-8,7.5430703144843987E-8],[8.1188026802685836E-8,9.13055700370299E-8,9.1335951726998743E-8,9.6754437270461463E-8,9.1335951726998743E-8,9.13055700370299E-8,8.1188026802685836E-8],[7.5430703144843987E-8,8.5512077857284527E-8,8.8421367482098572E-8,9.1335951726998743E-8,8.8421367482098572E-8,8.5512077857284527E-8,7.5430703144843987E-8],[7.6549506878401067E-8,8.6449378536107908E-8,8.5512077857284527E-8,9.13055700370299E-8,8.5512077857284527E-8,8.6449378536107908E-8,7.6549506878401067E-8],[6.68494304441604E-8,7.6549506878401067E-8,7.5430703144843987E-8,8.1188026802685836E-8,7.5430703144843987E-8,7.6549506878401067E-8,6.68494304441604E-8]],[[7.2744879862732179E-8,8.2694338422725419E-8,8.15494832941749E-8,8.7460191574850988E-8,8.15494832941749E-8,8.2694338422725419E-8,7.2744879862732179E-8],[8.2694338422725419E-8,9.2818835420592055E-8,9.1862443893245978E-8,9.7791677352242647E-8,9.1862443893245978E-8,9.2818835420592055E-8,8.2694338422725419E-8],[8.15494832941749E-8,9.1862443893245978E-8,9.4838543526087323E-8,9.7820043249347411E-8,9.4838543526087323E-8,9.1862443893245978E-8,8.15494832941749E-8],[8.7460191574850988E-8,9.7791677352242647E-8,9.7820043249347411E-8,1.033603909653557E-7,9.7820043249347411E-8,9.7791677352242647E-8,8.7460191574850988E-8],[8.15494832941749E-8,9.1862443893245978E-8,9.4838543526087323E-8,9.7820043249347411E-8,9.4838543526087323E-8,9.1862443893245978E-8,8.15494832941749E-8],[8.2694338422725419E-8,9.2818835420592055E-8,9.1862443893245978E-8,9.7791677352242647E-8,9.1862443893245978E-8,9.2818835420592055E-8,8.2694338422725419E-8],[7.2744879862732179E-8,8.2694338422725419E-8,8.15494832941749E-8,8.7460191574850988E-8,8.15494832941749E-8,8.2694338422725419E-8,7.2744879862732179E-8]],[[7.87865591997155E-8,8.8974298946184317E-8,8.78044475418628E-8,9.3861451029159153E-8,8.78044475418628E-8,8.8974298946184317E-8,7.87865591997155E-8],[8.8974298946184317E-8,9.93148175789188E-8,9.8339959135303285E-8,1.0439950370423954E-7,9.8339959135303285E-8,9.93148175789188E-8,8.8974298946184317E-8],[8.78044475418628E-8,9.8339959135303285E-8,1.0138026548205883E-7,1.0442607409555793E-7,1.0138026548205883E-7,9.8339959135303285E-8,8.78044475418628E-8],[9.3861451029159153E-8,1.0439950370423954E-7,1.0442607409555793E-7,1.10083669684265E-7,1.0442607409555793E-7,1.0439950370423954E-7,9.3861451029159153E-8],[8.78044475418628E-8,9.8339959135303285E-8,1.0138026548205883E-7,1.0442607409555793E-7,1.0138026548205883E-7,9.8339959135303285E-8,8.78044475418628E-8],[8.8974298946184317E-8,9.93148175789188E-8,9.8339959135303285E-8,1.0439950370423954E-7,9.8339959135303285E-8,9.93148175789188E-8,8.8974298946184317E-8],[7.87865591997155E-8,8.8974298946184317E-8,8.78044475418628E-8,9.3861451029159153E-8,8.78044475418628E-8,8.8974298946184317E-8,7.87865591997155E-8]],[[8.496820661114117E-8,9.538442956436414E-8,9.4190503617075582E-8,1.0038754263371252E-7,9.4190503617075582E-8,9.538442956436414E-8,8.496820661114117E-8],[9.538442956436414E-8,1.0593338488331581E-7,1.0494060510274148E-7,1.1112567257915203E-7,1.0494060510274148E-7,1.0593338488331581E-7,9.538442956436414E-8],[9.4190503617075582E-8,1.0494060510274148E-7,1.0804282346523069E-7,1.1115064337371505E-7,1.0804282346523069E-7,1.0494060510274148E-7,9.4190503617075582E-8],[1.0038754263371252E-7,1.1112567257915203E-7,1.1115064337371505E-7,1.1692142114430541E-7,1.1115064337371505E-7,1.1112567257915203E-7,1.0038754263371252E-7],[9.4190503617075582E-8,1.0494060510274148E-7,1.0804282346523069E-7,1.1115064337371505E-7,1.0804282346523069E-7,1.0494060510274149E-7,9.4190503617075582E-8],[9.538442956436414E-8,1.0593338488331581E-7,1.0494060510274148E-7,1.1112567257915203E-7,1.0494060510274149E-7,1.0593338488331582E-7,9.538442956436414E-8],[8.496820661114117E-8,9.538442956436414E-8,9.4190503617075582E-8,1.0038754263371252E-7,9.4190503617075582E-8,9.538442956436414E-8,8.496820661114117E-8]],[[9.1284296842287975E-8,1.0192036035400466E-7,1.0070316591111987E-7,1.0703471709721991E-7,1.0070316591111987E-7,1.0192036035400466E-7,9.1284296842287975E-8],[1.0192036035400466E-7,1.126710711067638E-7,1.1166084716568385E-7,1.1796721861670526E-7,1.1166084716568385E-7,1.126710711067638E-7,1.0192036035400466E-7],[1.0070316591111987E-7,1.1166084716568385E-7,1.1482295639126005E-7,1.1799076389694847E-7,1.1482295639126005E-7,1.1166084716568385E-7,1.0070316591111987E-7],[1.0703471709721991E-7,1.1796721861670526E-7,1.1799076389694847E-7,1.2387114425622991E-7,1.1799076389694847E-7,1.1796721861670526E-7,1.0703471709721991E-7],[1.0070316591111987E-7,1.1166084716568385E-7,1.1482295639126005E-7,1.1799076389694847E-7,1.1482295639126005E-7,1.1166084716568385E-7,1.0070316591111987E-7],[1.0192036035400466E-7,1.126710711067638E-7,1.1166084716568385E-7,1.1796721861670526E-7,1.1166084716568385E-7,1.126710711067638E-7,1.0192036035400466E-7],[9.1284296842287975E-8,1.0192036035400466E-7,1.0070316591111987E-7,1.0703471709721991E-7,1.0070316591111987E-7,1.0192036035400466E-7,9.1284296842287975E-8]],[[9.7729957823363636E-8,1.085782438275113E-7,1.0733848618036785E-7,1.1379967940551766E-7,1.0733848618036785E-7,1.085782438275113E-7,9.7729957823363636E-8],[1.085782438275113E-7,1.1952483034467549E-7,1.1849757951200378E-7,1.2492154079690142E-7,1.1849757951200378E-7,1.1952483034467549E-7,1.085782438275113E-7],[1.0733848618036785E-7,1.1849757951200378E-7,1.2171780094288835E-7,1.2494381515459678E-7,1.2171780094288835E-7,1.1849757951200378E-7,1.0733848618036785E-7],[1.1379967940551766E-7,1.2492154079690142E-7,1.2494381515459678E-7,1.3093064929738993E-7,1.2494381515459678E-7,1.2492154079690142E-7,1.1379967940551766E-7],[1.0733848618036785E-7,1.1849757951200378E-7,1.2171780094288835E-7,1.2494381515459678E-7,1.2171780094288835E-7,1.1849757951200378E-7,1.0733848618036785E-7],[1.085782438275113E-7,1.1952483034467549E-7,1.1849757951200378E-7,1.2492154079690142E-7,1.1849757951200378E-7,1.1952483034467549E-7,1.085782438275113E-7],[9.7729957823363636E-8,1.085782438275113E-7,1.0733848618036785E-7,1.1379967940551766E-7,1.0733848618036785E-7,1.085782438275113E-7,9.7729957823363636E-8]],[[1.0430089675010888E-7,1.1535469577036818E-7,1.1409299216238087E-7,1.2067953665703068E-7,1.1409299216238087E-7,1.1535469577036818E-7,1.0430089675010888E-7],[1.1535469577036818E-7,1.2649198891440153E-7,1.2544807590530922E-7,1.319863602798075E-7,1.2544807590530924E-7,1.2649198891440153E-7,1.1535469577036818E-7],[1.1409299216238087E-7,1.2544807590530922E-7,1.2872484574654663E-7,1.3200750091133441E-7,1.2872484574654663E-7,1.2544807590530924E-7,1.1409299216238087E-7],[1.2067953665703068E-7,1.319863602798075E-7,1.3200750091133441E-7,1.3809802161345326E-7,1.3200750091133441E-7,1.3198636027980752E-7,1.2067953665703068E-7],[1.1409299216238087E-7,1.2544807590530924E-7,1.2872484574654663E-7,1.3200750091133441E-7,1.2872484574654663E-7,1.2544807590530924E-7,1.1409299216238087E-7],[1.1535469577036818E-7,1.2649198891440153E-7,1.2544807590530924E-7,1.3198636027980752E-7,1.2544807590530924E-7,1.2649198891440153E-7,1.1535469577036818E-7],[1.0430089675010888E-7,1.1535469577036818E-7,1.1409299216238087E-7,1.2067953665703068E-7,1.1409299216238087E-7,1.1535469577036818E-7,1.0430089675010888E-7]],[[1.1099333441026092E-7,1.2224674231431875E-7,1.2096363287706398E-7,1.2767175145137783E-7,1.2096363287706398E-7,1.2224674231431875E-7,1.1099333441026092E-7],[1.2224674231431875E-7,1.3357020169659708E-7,1.3250994514510431E-7,1.3915968185821994E-7,1.3250994514510431E-7,1.3357020169659708E-7,1.2224674231431875E-7],[1.2096363287706398E-7,1.3250994514510431E-7,1.3584188970171883E-7,1.3917981040875264E-7,1.3584188970171883E-7,1.3250994514510431E-7,1.2096363287706398E-7],[1.2767175145137783E-7,1.3915968185821994E-7,1.3917981040875264E-7,1.4537158789543876E-7,1.3917981040875264E-7,1.3915968185821994E-7,1.2767175145137783E-7],[1.2096363287706398E-7,1.3250994514510431E-7,1.3584188970171883E-7,1.3917981040875264E-7,1.3584188970171883E-7,1.3250994514510431E-7,1.2096363287706398E-7],[1.2224674231431875E-7,1.3357020169659708E-7,1.3250994514510431E-7,1.3915968185821994E-7,1.3250994514510431E-7,1.3357020169659708E-7,1.2224674231431875E-7],[1.1099333441026092E-7,1.2224674231431875E-7,1.2096363287706398E-7,1.2767175145137783E-7,1.2096363287706398E-7,1.2224674231431875E-7,1.1099333441026092E-7]],[[1.1780394657773226E-7,1.2925177215465783E-7,1.2794772944626465E-7,1.3477409967052071E-7,1.2794772944626465E-7,1.2925177215465783E-7,1.1780394657773226E-7],[1.2925177215465783E-7,1.407574118460374E-7,1.3968109012490237E-7,1.464397579360456E-7,1.3968109012490237E-7,1.407574118460374E-7,1.2925177215465783E-7],[1.2794772944626465E-7,1.3968109012490237E-7,1.4306700337011309E-7,1.4645898208765609E-7,1.4306700337011309E-7,1.3968109012490237E-7,1.2794772944626465E-7],[1.3477409967052071E-7,1.464397579360456E-7,1.4645898208765609E-7,1.527498839758892E-7,1.4645898208765609E-7,1.464397579360456E-7,1.3477409967052071E-7],[1.2794772944626465E-7,1.3968109012490237E-7,1.4306700337011309E-7,1.4645898208765609E-7,1.4306700337011309E-7,1.3968109012490237E-7,1.2794772944626465E-7],[1.2925177215465783E-7,1.407574118460374E-7,1.3968109012490237E-7,1.464397579360456E-7,1.3968109012490237E-7,1.407574118460374E-7,1.2925177215465783E-7],[1.1780394657773226E-7,1.2925177215465783E-7,1.2794772944626465E-7,1.3477409967052071E-7,1.2794772944626465E-7,1.2925177215465783E-7,1.1780394657773226E-7]],[[1.2472981133359793E-7,1.3636749280368077E-7,1.3504293027343725E-7,1.4198463149349508E-7,1.3504293027343725E-7,1.3636749280368077E-7,1.2472981133359793E-7],[1.3636749280368077E-7,1.4805181268549091E-7,1.4695966929019908E-7,1.5382505380228298E-7,1.4695966929019908E-7,1.4805181268549091E-7,1.3636749280368077E-7],[1.3504293027343725E-7,1.4695966929019908E-7,1.5039849220971028E-7,1.5384346859916203E-7,1.5039849220971028E-7,1.4695966929019908E-7,1.3504293027343725E-7],[1.4198463149349508E-7,1.5382505380228298E-7,1.5384346859916203E-7,1.6023162287894706E-7,1.5384346859916203E-7,1.5382505380228298E-7,1.4198463149349508E-7],[1.3504293027343725E-7,1.4695966929019908E-7,1.5039849220971028E-7,1.5384346859916203E-7,1.5039849220971028E-7,1.4695966929019908E-7,1.3504293027343725E-7],[1.3636749280368077E-7,1.4805181268549091E-7,1.4695966929019908E-7,1.5382505380228298E-7,1.4695966929019908E-7,1.4805181268549091E-7,1.3636749280368077E-7],[1.2472981133359793E-7,1.3636749280368077E-7,1.3504293027343725E-7,1.4198463149349508E-7,1.3504293027343725E-7,1.3636749280368077E-7,1.2472981133359793E-7]],[[1.3176836116936345E-7,1.4359188968506865E-7,1.4224716936198199E-7,1.4930163439033747E-7,1.4224716936198199E-7,1.4359188968506865E-7,1.3176836116936345E-7],[1.4359188968506865E-7,1.5545181037337793E-7,1.543440590968057E-7,1.6131421269750242E-7,1.543440590968057E-7,1.5545181037337793E-7,1.4359188968506865E-7],[1.4224716936198199E-7,1.543440590968057E-7,1.578348601983437E-7,1.6133190159314474E-7,1.578348601983437E-7,1.543440590968057E-7,1.4224716936198199E-7],[1.4930163439033747E-7,1.6131421269750242E-7,1.6133190159314474E-7,1.6781566150102789E-7,1.6133190159314474E-7,1.6131421269750242E-7,1.4930163439033747E-7],[1.4224716936198199E-7,1.543440590968057E-7,1.578348601983437E-7,1.6133190159314474E-7,1.578348601983437E-7,1.543440590968057E-7,1.4224716936198199E-7],[1.4359188968506865E-7,1.5545181037337793E-7,1.543440590968057E-7,1.6131421269750242E-7,1.543440590968057E-7,1.5545181037337793E-7,1.4359188968506865E-7],[1.3176836116936345E-7,1.4359188968506865E-7,1.4224716936198199E-7,1.4930163439033747E-7,1.4224716936198199E-7,1.4359188968506865E-7,1.3176836116936345E-7]],[[1.3891733866319271E-7,1.5092318668750659E-7,1.4955862638956593E-7,1.5672359662054072E-7,1.4955862638956593E-7,1.5092318668750659E-7,1.3891733866319271E-7],[1.5092318668750659E-7,1.6295598555837647E-7,1.618328157176605E-7,1.6890601871486439E-7,1.618328157176605E-7,1.6295598555837647E-7,1.5092318668750659E-7],[1.4955862638956593E-7,1.618328157176605E-7,1.6537477198438395E-7,1.6892305431063305E-7,1.6537477198438395E-7,1.618328157176605E-7,1.4955862638956593E-7],[1.5672359662054072E-7,1.6890601871486439E-7,1.6892305431063305E-7,1.755009637287421E-7,1.6892305431063305E-7,1.6890601871486439E-7,1.5672359662054072E-7],[1.4955862638956593E-7,1.618328157176605E-7,1.6537477198438395E-7,1.6892305431063305E-7,1.6537477198438395E-7,1.618328157176605E-7,1.4955862638956593E-7],[1.5092318668750659E-7,1.6295598555837647E-7,1.618328157176605E-7,1.6890601871486439E-7,1.618328157176605E-7,1.6295598555837647E-7,1.5092318668750659E-7],[1.3891733866319271E-7,1.5092318668750659E-7,1.4955862638956593E-7,1.5672359662054072E-7,1.4955862638956593E-7,1.5092318668750659E-7,1.3891733866319271E-7]],[[1.4617475436727518E-7,1.5835980646959216E-7,1.5697568685929157E-7,1.6424916937364239E-7,1.5697568685929157E-7,1.5835980646959216E-7,1.4617475436727518E-7],[1.5835980646959216E-7,1.7056305164082668E-7,1.6942463368498733E-7,1.7659935487208473E-7,1.6942463368498733E-7,1.7056305164082668E-7,1.5835980646959216E-7],[1.5697568685929157E-7,1.6942463368498733E-7,1.7301701106455789E-7,1.7661579929269923E-7,1.7301701106455789E-7,1.6942463368498733E-7,1.5697568685929157E-7],[1.6424916937364239E-7,1.7659935487208473E-7,1.7661579929269923E-7,1.8328655693712231E-7,1.7661579929269923E-7,1.7659935487208473E-7,1.6424916937364239E-7],[1.5697568685929157E-7,1.6942463368498733E-7,1.7301701106455789E-7,1.7661579929269923E-7,1.7301701106455789E-7,1.6942463368498733E-7,1.5697568685929157E-7],[1.5835980646959216E-7,1.7056305164082668E-7,1.6942463368498733E-7,1.7659935487208473E-7,1.6942463368498733E-7,1.7056305164082668E-7,1.5835980646959216E-7],[1.4617475436727518E-7,1.5835980646959216E-7,1.5697568685929157E-7,1.6424916937364239E-7,1.5697568685929157E-7,1.5835980646959216E-7,1.4617475436727518E-7]],[[1.5353884526811544E-7,1.6590032828988387E-7,1.644969001659742E-7,1.7187712507621918E-7,1.644969001659742E-7,1.6590032828988387E-7,1.5353884526811544E-7],[1.6590032828988387E-7,1.7827180638202373E-7,1.7711829831648659E-7,1.8439315265670874E-7,1.7711829831648659E-7,1.7827180638202373E-7,1.6590032828988387E-7],[1.644969001659742E-7,1.7711829831648659E-7,1.8076043054782092E-7,1.8440905747406652E-7,1.8076043054782092E-7,1.7711829831648659E-7,1.644969001659742E-7],[1.7187712507621918E-7,1.8439315265670874E-7,1.8440905747406652E-7,1.9117147756636961E-7,1.8440905747406652E-7,1.8439315265670874E-7,1.7187712507621918E-7],[1.644969001659742E-7,1.7711829831648659E-7,1.8076043054782092E-7,1.8440905747406652E-7,1.8076043054782092E-7,1.7711829831648659E-7,1.644969001659742E-7],[1.6590032828988387E-7,1.7827180638202373E-7,1.7711829831648659E-7,1.8439315265670874E-7,1.7711829831648659E-7,1.7827180638202373E-7,1.6590032828988387E-7],[1.5353884526811544E-7,1.6590032828988387E-7,1.644969001659742E-7,1.7187712507621918E-7,1.644969001659742E-7,1.6590032828988387E-7,1.5353884526811544E-7]],[[1.6100803173623017E-7,1.7354344036917353E-7,1.7212093269374338E-7,1.7960630849019534E-7,1.7212093269374338E-7,1.7354344036917353E-7,1.6100803173623017E-7],[1.7354344036917353E-7,1.8608107239409244E-7,1.8491262761410053E-7,1.9228632794372631E-7,1.8491262761410053E-7,1.8608107239409244E-7,1.7354344036917353E-7],[1.7212093269374338E-7,1.8491262761410053E-7,1.8860389177728745E-7,1.9230173351569558E-7,1.8860389177728745E-7,1.8491262761410053E-7,1.7212093269374338E-7],[1.7960630849019534E-7,1.9228632794372631E-7,1.9230173351569558E-7,1.9915469981646033E-7,1.9230173351569558E-7,1.9228632794372631E-7,1.7960630849019534E-7],[1.7212093269374338E-7,1.8491262761410053E-7,1.8860389177728745E-7,1.9230173351569558E-7,1.8860389177728745E-7,1.8491262761410053E-7,1.7212093269374338E-7],[1.7354344036917353E-7,1.8608107239409244E-7,1.8491262761410053E-7,1.9228632794372631E-7,1.8491262761410053E-7,1.8608107239409244E-7,1.7354344036917353E-7],[1.6100803173623017E-7,1.7354344036917353E-7,1.7212093269374338E-7,1.7960630849019534E-7,1.7212093269374338E-7,1.7354344036917353E-7,1.6100803173623017E-7]],[[1.6858087022328678E-7,1.8128788275264454E-7,1.7984651207199037E-7,1.8743557602469449E-7,1.7984651207199037E-7,1.8128788275264454E-7,1.6858087022328678E-7],[1.8128788275264454E-7,1.9398962058886866E-7,1.9280639791305384E-7,2.0027769653585355E-7,1.9280639791305384E-7,1.9398962058886866E-7,1.8128788275264454E-7],[1.7984651207199037E-7,1.9280639791305384E-7,1.9654618454992449E-7,2.0029263057677627E-7,1.9654618454992449E-7,1.9280639791305384E-7,1.7984651207199037E-7],[1.8743557602469449E-7,2.0027769653585355E-7,2.0029263057677627E-7,2.0723503961592731E-7,2.0029263057677627E-7,2.0027769653585355E-7,1.8743557602469449E-7],[1.7984651207199037E-7,1.9280639791305384E-7,1.9654618454992449E-7,2.0029263057677627E-7,1.9654618454992449E-7,1.9280639791305384E-7,1.7984651207199037E-7],[1.8128788275264454E-7,1.9398962058886866E-7,1.9280639791305384E-7,2.0027769653585355E-7,1.9280639791305384E-7,1.9398962058886866E-7,1.8128788275264454E-7],[1.6858087022328678E-7,1.8128788275264454E-7,1.7984651207199037E-7,1.8743557602469449E-7,1.7984651207199037E-7,1.8128788275264454E-7,1.6858087022328678E-7]],[[1.7625599808454962E-7,1.89132375434881E-7,1.8767235755317296E-7,1.9536371732779631E-7,1.8767235755317296E-7,1.89132375434881E-7,1.7625599808454962E-7],[1.89132375434881E-7,2.0199606942948222E-7,2.0079824632286343E-7,2.0836586128742377E-7,2.0079824632286343E-7,2.0199606942948222E-7,1.89132375434881E-7],[1.8767235755317296E-7,2.0079824632286343E-7,2.0458592141948704E-7,2.08380336454778E-7,2.0458592141948704E-7,2.0079824632286343E-7,1.8767235755317296E-7],[1.9536371732779631E-7,2.0836586128742377E-7,2.08380336454778E-7,2.1541102473472062E-7,2.08380336454778E-7,2.0836586128742377E-7,1.9536371732779631E-7],[1.8767235755317296E-7,2.0079824632286343E-7,2.0458592141948704E-7,2.08380336454778E-7,2.0458592141948704E-7,2.0079824632286343E-7,1.8767235755317296E-7],[1.89132375434881E-7,2.0199606942948222E-7,2.0079824632286343E-7,2.0836586128742377E-7,2.0079824632286343E-7,2.0199606942948222E-7,1.89132375434881E-7],[1.7625599808454962E-7,1.89132375434881E-7,1.8767235755317296E-7,1.9536371732779631E-7,1.8767235755317296E-7,1.89132375434881E-7,1.7625599808454962E-7]],[[1.8403206592517056E-7,1.970755256139427E-7,1.955970905648281E-7,2.0338935232360002E-7,1.955970905648281E-7,1.970755256139427E-7,1.8403206592517056E-7],[1.970755256139427E-7,2.1009875317514406E-7,2.0888654320393466E-7,2.1654906355879733E-7,2.0888654320393466E-7,2.1009875317514406E-7,1.970755256139427E-7],[1.955970905648281E-7,2.0888654320393466E-7,2.1272139910053112E-7,2.1656307388755922E-7,2.1272139910053112E-7,2.0888654320393466E-7,1.955970905648281E-7],[2.0338935232360002E-7,2.1654906355879733E-7,2.1656307388755922E-7,2.2368072346983327E-7,2.1656307388755922E-7,2.1654906355879733E-7,2.0338935232360002E-7],[1.955970905648281E-7,2.0888654320393466E-7,2.1272139910053112E-7,2.1656307388755922E-7,2.1272139910053112E-7,2.0888654320393466E-7,1.955970905648281E-7],[1.970755256139427E-7,2.1009875317