{"M_cells":[[[0,0,0,0,0],[0,0,0,0,0],[0,0,0,0,0],[0,0,0,0,0],[0,0,0,0,0]],[[4.6825895298107237E-5,0.0001159655709861711,0.0001364381090625801,0.0001159655709861711,4.6825895298107237E-5],[0.0001159655709861711,0.00024396858400746444,0.00028283434600679552,0.00024396858400746444,0.0001159655709861711],[0.0001364381090625801,0.00028283434600679552,0.00032783069918096972,0.00028283434600679552,0.0001364381090625801],[0.0001159655709861711,0.00024396858400746444,0.00028283434600679552,0.00024396858400746444,0.0001159655709861711],[4.6825895298107237E-5,0.0001159655709861711,0.0001364381090625801,0.0001159655709861711,4.6825895298107243E-5]],[[0.00027500346723958031,0.00046155133829118569,0.00051936271987785242,0.00046155133829118569,0.00027500346723958031],[0.00046155133829118569,0.00071383083544250179,0.000793609332126637,0.00071383083544250179,0.00046155133829118569],[0.00051936271987785242,0.000793609332126637,0.00088071014739595323,0.000793609332126637,0.00051936271987785242],[0.00046155133829118569,0.00071383083544250179,0.000793609332126637,0.00071383083544250179,0.00046155133829118574],[0.00027500346723958031,0.00046155133829118569,0.00051936271987785242,0.00046155133829118574,0.00027500346723958037]],[[0.00071948633465313992,0.0010261473068602824,0.001123560129070738,0.0010261473068602824,0.00071948633465313992],[0.0010261473068602824,0.0013956461388404888,0.0015148092221616144,0.0013956461388404888,0.0010261473068602824],[0.001123560129070738,0.0015148092221616144,0.0016412224480092526,0.0015148092221616144,0.001123560129070738],[0.0010261473068602824,0.0013956461388404888,0.0015148092221616144,0.0013956461388404888,0.0010261473068602824],[0.00071948633465313992,0.0010261473068602824,0.001123560129070738,0.0010261473068602824,0.00071948633465313992]],[[0.0013753266884437316,0.0017961768535712341,0.0019317529960784642,0.0017961768535712341,0.0013753266884437316],[0.0017961768535712341,0.002275146586344123,0.0024313048828278304,0.002275146586344123,0.0017961768535712341],[0.0019317529960784642,0.0024313048828278304,0.0025943239800513833,0.0024313048828278304,0.0019317529960784642],[0.0017961768535712341,0.002275146586344123,0.0024313048828278304,0.0022751465863441235,0.0017961768535712343],[0.0013753266884437316,0.0017961768535712341,0.0019317529960784642,0.0017961768535712343,0.0013753266884437316]],[[0.0022299589349828093,0.0027573818404172776,0.0029287501187739008,0.0027573818404172776,0.0022299589349828093],[0.0027573818404172776,0.00333785123085179,0.0035283849127714954,0.00333785123085179,0.0027573818404172776],[0.0029287501187739008,0.0035283849127714954,0.0037253071534633243,0.0035283849127714954,0.0029287501187739008],[0.0027573818404172776,0.00333785123085179,0.0035283849127714954,0.00333785123085179,0.0027573818404172776],[0.0022299589349828093,0.0027573818404172776,0.0029287501187739008,0.0027573818404172776,0.0022299589349828097]],[[0.0032691936475494794,0.0038950996894249654,0.0040996157678899548,0.0038950996894249654,0.0032691936475494794],[0.0038950996894249654,0.0045688386458928795,0.0047910072434655089,0.0045688386458928795,0.0038950996894249654],[0.0040996157678899548,0.0047910072434655089,0.0050190601098381513,0.0047910072434655089,0.0040996157678899548],[0.0038950996894249654,0.0045688386458928795,0.0047910072434655089,0.00456883864589288,0.0038950996894249654],[0.0032691936475494794,0.0038950996894249654,0.0040996157678899548,0.0038950996894249654,0.0032691936475494794]],[[0.0044781507160078044,0.0051940884889642514,0.0054289588968459536,0.0051940884889642514,0.0044781507160078044],[0.0051940884889642514,0.0059524852184571564,0.0062034163658037326,0.0059524852184571564,0.0051940884889642514],[0.0054289588968459536,0.0062034163658037326,0.0064597011938370887,0.0062034163658037326,0.0054289588968459536],[0.0051940884889642514,0.0059524852184571564,0.0062034163658037326,0.0059524852184571564,0.0051940884889642514],[0.0044781507160078044,0.0051940884889642514,0.0054289588968459536,0.0051940884889642514,0.0044781507160078044]],[[0.0058412375722980666,0.006638319438412134,0.00690060125076817,0.006638319438412134,0.0058412375722980666],[0.006638319438412134,0.00747228320246007,0.0077489458619936277,0.00747228320246007,0.006638319438412134],[0.00690060125076817,0.0077489458619936277,0.0080304022438580525,0.0077489458619936285,0.00690060125076817],[0.006638319438412134,0.00747228320246007,0.0077489458619936285,0.007472283202460071,0.006638319438412134],[0.0058412375722980666,0.006638319438412134,0.00690060125076817,0.006638319438412134,0.0058412375722980666]],[[0.0073420113133498052,0.00821084781156917,0.0084974318305120755,0.00821084781156917,0.0073420113133498052],[0.00821084781156917,0.00911076567096822,0.0094099551952733368,0.00911076567096822,0.00821084781156917],[0.0084974318305120755,0.0094099551952733368,0.00971334666725283,0.0094099551952733368,0.0084974318305120755],[0.00821084781156917,0.00911076567096822,0.0094099551952733368,0.00911076567096822,0.00821084781156917],[0.0073420113133498052,0.00821084781156917,0.0084974318305120755,0.00821084781156917,0.0073420113133498052]],[[0.0089631033066597081,0.0098937874616133511,0.010201392501200541,0.0098937874616133511,0.0089631033066597081],[0.0098937874616133511,0.010849539174049279,0.011167880356860021,0.010849539174049279,0.0098937874616133511],[0.010201392501200541,0.011167880356860021,0.011489800372189366,0.011167880356860021,0.010201392501200541],[0.0098937874616133511,0.010849539174049279,0.011167880356860021,0.010849539174049279,0.0098937874616133511],[0.0089631033066597081,0.0098937874616133511,0.010201392501200541,0.0098937874616133511,0.0089631033066597081]],[[0.010686241003466991,0.011668388041193793,0.011993572297985734,0.011668388041193793,0.010686241003466991],[0.011668388041193793,0.012669415371965656,0.013003383546329496,0.012669415371965656,0.011668388041193793],[0.011993572297985734,0.013003383546329496,0.01334027981590942,0.013003383546329496,0.011993572297985734],[0.011668388041193793,0.012669415371965656,0.013003383546329496,0.012669415371965656,0.011668388041193793],[0.010686241003466991,0.011668388041193793,0.011993572297985734,0.011668388041193793,0.010686241003466991]],[[0.012492366447290947,0.013515204647817526,0.013854393955716441,0.013515204647817526,0.012492366447290947],[0.013515204647817526,0.01455062782849509,0.014896585980031169,0.01455062782849509,0.013515204647817526],[0.013854393955716441,0.014896585980031169,0.015244800538575019,0.014896585980031169,0.013854393955716441],[0.013515204647817526,0.01455062782849509,0.014896585980031169,0.01455062782849509,0.013515204647817526],[0.012492366447290947,0.013515204647817526,0.013854393955716441,0.013515204647817526,0.012492366447290947]],[[0.014361839934603519,0.015414344494405232,0.015763875148213421,0.015414344494405232,0.014361839934603519],[0.015414344494405232,0.016473116199472428,0.016827365029490744,0.016473116199472428,0.015414344494405232],[0.015763875148213421,0.016827365029490744,0.017183186711945925,0.016827365029490744,0.015763875148213421],[0.015414344494405232,0.016473116199472428,0.016827365029490744,0.016473116199472428,0.015414344494405232],[0.014361839934603519,0.015414344494405232,0.015763875148213421,0.015414344494405232,0.014361839934603519]],[[0.016274711946982965,0.017345771348890583,0.017701944158720544,0.017345771348890583,0.016274711946982965],[0.017345771348890583,0.018416856632261426,0.018775693790369041,0.018416856632261426,0.017345771348890583],[0.017701944158720544,0.018775693790369041,0.019135419190726519,0.018775693790369041,0.017701944158720544],[0.017345771348890583,0.018416856632261426,0.018775693790369041,0.018416856632261426,0.017345771348890583],[0.016274711946982965,0.017345771348890583,0.017701944158720544,0.017345771348890583,0.016274711946982965]],[[0.01821104276419867,0.019289645361918357,0.019648786933267211,0.019289645361918357,0.01821104276419867],[0.019289645361918357,0.020362214494413888,0.020721998666873253,0.020362214494413888,0.019289645361918357],[0.019648786933267211,0.020721998666873253,0.021081997162774018,0.020721998666873253,0.019648786933267211],[0.019289645361918357,0.020362214494413888,0.020721998666873253,0.020362214494413888,0.019289645361918357],[0.01821104276419867,0.019289645361918357,0.019648786933267211,0.019289645361918357,0.01821104276419867]],[[0.020151246413414602,0.021226673682474551,0.021585200464766252,0.021226673682474551,0.020151246413414602],[0.021226673682474551,0.022290293907370654,0.022647509111609957,0.022290293907370654,0.021226673682474551],[0.021585200464766252,0.022647509111609957,0.023004287241006227,0.022647509111609957,0.021585200464766252],[0.021226673682474551,0.022290293907370654,0.022647509111609957,0.022290293907370654,0.021226673682474551],[0.020151246413414602,0.021226673682474551,0.021585200464766252,0.021226673682474551,0.020151246413414602]],[[0.022076433910082224,0.023138446199621829,0.02349292661190806,0.023138446199621829,0.022076433910082224],[0.023138446199621829,0.024183258184171889,0.024534573511611802,0.024183258184171889,0.023138446199621829],[0.02349292661190806,0.024534573511611802,0.024884833921464202,0.024534573511611802,0.02349292661190806],[0.023138446199621829,0.024183258184171889,0.024534573511611802,0.024183258184171889,0.023138446199621829],[0.022076433910082224,0.023138446199621829,0.02349292661190806,0.023138446199621829,0.022076433910082224]],[[0.023968730249831562,0.025007730932125913,0.025354940867418498,0.025007730932125913,0.023968730249831562],[0.025007730932125913,0.026024596116777016,0.026366916281203,0.026024596116777016,0.025007730932125913],[0.025354940867418498,0.026366916281203,0.026707606624021114,0.026366916281203,0.025354940867418498],[0.025007730932125913,0.026024596116777016,0.026366916281203,0.026024596116777016,0.025007730932125913],[0.023968730249831562,0.025007730932125913,0.025354940867418498,0.025007730932125913,0.023968730249831562]],[[0.025811540268206656,0.026818704817148414,0.027155672014474629,0.026818704817148414,0.025811540268206656],[0.026818704817148414,0.027799310743644109,0.028129813067956998,0.027799310743644109,0.026818704817148414],[0.027155672014474629,0.028129813067956998,0.028458160526926558,0.028129813067956998,0.027155672014474629],[0.026818704817148414,0.027799310743644109,0.028129813067956998,0.027799310743644109,0.026818704817148414],[0.025811540268206656,0.026818704817148414,0.027155672014474629,0.026818704817148414,0.025811540268206656]],[[0.027589739918491268,0.028557097330043971,0.028881130385698763,0.028557097330043971,0.027589739918491268],[0.028557097330043971,0.029494008900205503,0.029810162664791345,0.029494008900205503,0.028557097330043971],[0.028881130385698763,0.029810162664791345,0.030123690081320997,0.029810162664791345,0.028881130385698763],[0.028557097330043971,0.029494008900205503,0.029810162664791345,0.029494008900205503,0.028557097330043971],[0.027589739918491268,0.028557097330043971,0.028881130385698763,0.028557097330043971,0.027589739918491268]],[[0.029289770873045979,0.030210225319206172,0.030518923281730653,0.030210225319206169,0.029289770873045972],[0.030210225319206172,0.031096869921963959,0.031396434025533874,0.031096869921963956,0.030210225319206169],[0.030518923281730653,0.031396434025533874,0.031692953582195954,0.031396434025533874,0.030518923281730653],[0.030210225319206169,0.031096869921963956,0.031396434025533874,0.031096869921963956,0.030210225319206169],[0.029289770873045972,0.030210225319206169,0.030518923281730653,0.030210225319206169,0.029289770873045972]],[[0.030899615998849779,0.031766895462749273,0.032058133635899877,0.031766895462749273,0.030899615998849776],[0.031766895462749273,0.032597467378793321,0.032878461510249389,0.032597467378793321,0.031766895462749273],[0.032058133635899877,0.032878461510249389,0.0331560410258072,0.032878461510249389,0.032058133635899877],[0.031766895462749273,0.032597467378793321,0.032878461510249389,0.032597467378793328,0.03176689546274928],[0.030899615998849776,0.031766895462749273,0.032058133635899877,0.03176689546274928,0.030899615998849776]],[[0.032408628176678125,0.033217141847360139,0.0334890279153986,0.033217141847360139,0.032408628176678125],[0.033217141847360139,0.033986403476683566,0.034247045562958836,0.033986403476683566,0.033217141847360139],[0.0334890279153986,0.034247045562958836,0.034503939714710267,0.034247045562958836,0.0334890279153986],[0.033217141847360139,0.033986403476683566,0.034247045562958836,0.033986403476683566,0.033217141847360139],[0.032408628176678125,0.033217141847360139,0.0334890279153986,0.033217141847360139,0.032408628176678132]],[[0.033807170382764686,0.034551745114387473,0.034802536125649021,0.034551745114387473,0.033807170382764686],[0.034551745114387473,0.035254687514505029,0.0354932854242435,0.035254687514505029,0.034551745114387473],[0.034802536125649021,0.0354932854242435,0.035727819025557855,0.0354932854242435,0.034802536125649021],[0.034551745114387473,0.035254687514505029,0.0354932854242435,0.035254687514505029,0.034551745114387473],[0.033807170382764686,0.034551745114387473,0.034802536125649021,0.034551745114387473,0.033807170382764686]],[[0.035086002232022781,0.0357614591499772,0.03598942669433023,0.0357614591499772,0.035086002232022781],[0.0357614591499772,0.036392787859287644,0.036607573713981635,0.036392787859287644,0.0357614591499772],[0.03598942669433023,0.036607573713981635,0.036817965736565879,0.036607573713981635,0.03598942669433023],[0.0357614591499772,0.036392787859287644,0.036607573713981635,0.036392787859287644,0.0357614591499772],[0.035086002232022781,0.0357614591499772,0.03598942669433023,0.0357614591499772,0.035086002232022781]],[[0.036235392983364055,0.036836019522100173,0.037039277681141375,0.036836019522100173,0.036235392983364055],[0.036836019522100173,0.037389657622836532,0.037578620047199383,0.037389657622836532,0.036836019522100173],[0.037039277681141375,0.037578620047199383,0.037762817299141556,0.037578620047199383,0.037039277681141375],[0.036836019522100173,0.037389657622836532,0.037578620047199383,0.037389657622836532,0.036836019522100173],[0.036235392983364055,0.036836019522100173,0.037039277681141375,0.036836019522100173,0.036235392983364055]],[[0.03724447835329605,0.037764043562286631,0.037940532876750081,0.037764043562286631,0.03724447835329605],[0.037764043562286631,0.038233842931683276,0.038394919337685275,0.038233842931683276,0.037764043562286631],[0.037940532876750081,0.038394919337685275,0.03855085816675799,0.038394919337685275,0.037940532876750081],[0.037764043562286631,0.038233842931683276,0.038394919337685275,0.038233842931683276,0.037764043562286631],[0.03724447835329605,0.037764043562286631,0.037940532876750081,0.037764043562286631,0.03724447835329605]],[[0.038102980370608538,0.038536896223482886,0.038685025106723975,0.038536896223482886,0.038102980370608538],[0.038536896223482886,0.038920303959900558,0.039052503840180969,0.038920303959900558,0.038536896223482886],[0.038685025106723975,0.039052503840180969,0.039179394049820349,0.039052503840180969,0.038685025106723975],[0.038536896223482886,0.038920303959900558,0.039052503840180969,0.038920303959900558,0.038536896223482886],[0.038102980370608538,0.038536896223482886,0.038685025106723975,0.038536896223482886,0.038102980370608538]],[[0.038807222954132761,0.039156643578940491,0.03927658516131264,0.039156643578940491,0.038807222954132761],[0.039156643578940491,0.039458913467272705,0.039563710741561488,0.039458913467272705,0.039156643578940491],[0.03927658516131264,0.039563710741561488,0.039663459820248562,0.039563710741561488,0.03927658516131264],[0.039156643578940491,0.039458913467272705,0.039563710741561488,0.039458913467272705,0.039156643578940491],[0.038807222954132761,0.039156643578940491,0.03927658516131264,0.039156643578940491,0.038807222954132761]],[[0.039366277147775887,0.039640082212186824,0.0397345036210539,0.039640082212186824,0.039366277147775887],[0.039640082212186824,0.039874000276942843,0.039955390636118554,0.039874000276942843,0.039640082212186824],[0.0397345036210539,0.039955390636118554,0.040032437152843665,0.039955390636118554,0.0397345036210539],[0.039640082212186824,0.039874000276942843,0.039955390636118554,0.039874000276942843,0.039640082212186824],[0.039366277147775887,0.039640082212186824,0.0397345036210539,0.039640082212186824,0.039366277147775887]],[[0.03980158961542981,0.040014067943404452,0.040087508241430779,0.040014067943404452,0.03980158961542981],[0.040014067943404452,0.040195640989929247,0.040258844856917532,0.040195640989929247,0.040014067943404452],[0.040087508241430779,0.040258844856917532,0.040318636404128715,0.040258844856917532,0.040087508241430779],[0.040014067943404452,0.040195640989929247,0.040258844856917532,0.040195640989929247,0.040014067943404452],[0.03980158961542981,0.040014067943404452,0.040087508241430779,0.040014067943404452,0.03980158961542981]],[[0.04014049487365192,0.040307023185810829,0.040364538041480859,0.040307023185810829,0.04014049487365192],[0.040307023185810829,0.040451023071743072,0.040501015623654685,0.040451023071743072,0.040307023185810829],[0.040364538041480859,0.040501015623654685,0.040548500587955269,0.040501015623654685,0.040364538041480859],[0.040307023185810829,0.040451023071743072,0.040501015623654685,0.040451023071743072,0.040307023185810829],[0.04014049487365192,0.040307023185810829,0.040364538041480859,0.040307023185810829,0.04014049487365192]],[[0.040408991455376263,0.040542697480271804,0.040588726854553017,0.040542697480271804,0.040408991455376263],[0.040542697480271804,0.040660395387147726,0.0407010785510453,0.040660395387147726,0.040542697480271804],[0.040588726854553017,0.0407010785510453,0.040739979530921677,0.0407010785510453,0.040588726854553017],[0.040542697480271804,0.040660395387147726,0.0407010785510453,0.040660395387147726,0.040542697480271804],[0.040408991455376263,0.040542697480271804,0.040588726854553017,0.040542697480271804,0.040408991455376263]],[[0.040627614166107648,0.040738142338314152,0.040776027395597277,0.040738142338314152,0.040627614166107648],[0.040738142338314152,0.040837192975283022,0.04087127585479397,0.040837192975283022,0.040738142338314152],[0.040776027395597277,0.04087127585479397,0.040904091264322123,0.04087127585479397,0.040776027395597277],[0.040738142338314152,0.040837192975283022,0.04087127585479397,0.040837192975283022,0.040738142338314152],[0.040627614166107648,0.040738142338314152,0.040776027395597277,0.040738142338314152,0.040627614166107648]],[[0.040810769894311913,0.040904614326384148,0.04093664591342689,0.040904614326384148,0.040810769894311913],[0.040904614326384148,0.040989967706547989,0.041019225807500712,0.040989967706547989,0.040904614326384148],[0.04093664591342689,0.041019225807500712,0.041047559362233074,0.041019225807500712,0.04093664591342689],[0.040904614326384148,0.040989967706547989,0.041019225807500712,0.040989967706547989,0.040904614326384148],[0.040810769894311913,0.040904614326384148,0.04093664591342689,0.040904614326384148,0.040810769894311913]],[[0.040967986438547328,0.041049395543036972,0.0410770866011256,0.041049395543036972,0.040967986438547328],[0.041049395543036972,0.041124284007824155,0.041149879808682135,0.041124284007824155,0.041049395543036972],[0.0410770866011256,0.041149879808682135,0.041174777156617361,0.041149879808682135,0.0410770866011256],[0.041049395543036972,0.041124284007824155,0.041149879808682135,0.041124284007824155,0.041049395543036972],[0.040967986438547328,0.041049395543036972,0.0410770866011256,0.041049395543036972,0.040967986438547328]],[[0.041105529154685544,0.0411773317372466,0.041201689938460871,0.0411773317372466,0.041105529154685544],[0.0411773317372466,0.041243960321936245,0.041266682401350875,0.041243960321936245,0.0411773317372466],[0.041201689938460871,0.041266682401350875,0.041288859083437587,0.041266682401350875,0.041201689938460871],[0.0411773317372466,0.041243960321936245,0.041266682401350875,0.041243960321936245,0.0411773317372466],[0.041105529154685544,0.0411773317372466,0.041201689938460871,0.0411773317372466,0.041105529154685544]],[[0.041227647610082727,0.041291807117844644,0.0413135277253272,0.041291807117844644,0.041227647610082727],[0.041291807117844644,0.041351755489869052,0.041372163943275454,0.041351755489869052,0.041291807117844644],[0.0413135277253272,0.041372163943275454,0.041392134995117666,0.041372163943275454,0.0413135277253272],[0.041291807117844644,0.041351755489869052,0.041372163943275454,0.041351755489869052,0.041291807117844644],[0.041227647610082727,0.041291807117844644,0.0413135277253272,0.041291807117844644,0.041227647610082727]],[[0.041337354109041116,0.041395294249214766,0.041414877447021388,0.041395294249214766,0.041337354109041116],[0.041395294249214766,0.041449739529289896,0.041468248471931562,0.041449739529289896,0.041395294249214766],[0.041414877447021388,0.041468248471931562,0.041486399316901838,0.041468248471931562,0.041414877447021388],[0.041395294249214766,0.041449739529289896,0.041468248471931562,0.041449739529289896,0.041395294249214766],[0.041337354109041116,0.041395294249214766,0.041414877447021388,0.041395294249214766,0.041337354109041116]],[[0.041436871944595423,0.0414896625375168,0.041507481539446972,0.0414896625375168,0.041436871944595423],[0.0414896625375168,0.041539507512620123,0.041556432659902012,0.041539507512620123,0.0414896625375168],[0.041507481539446972,0.041556432659902012,0.041573059845932341,0.041556432659902012,0.041507481539446972],[0.0414896625375168,0.041539507512620123,0.041556432659902012,0.041539507512620123,0.0414896625375168],[0.041436871944595423,0.0414896625375168,0.041507481539446972,0.0414896625375168,0.041436871944595423]],[[0.041527894434358392,0.041576361282688025,0.04159270260644965,0.041576361282688025,0.041527894434358392],[0.041576361282688025,0.041622313412207547,0.041637901091257569,0.041622313412207547,0.041576361282688025],[0.04159270260644965,0.041637901091257569,0.041653237547779921,0.041637901091257569,0.04159270260644965],[0.041576361282688025,0.041622313412207547,0.041637901091257569,0.041622313412207547,0.041576361282688025],[0.041527894434358392,0.041576361282688025,0.04159270260644965,0.041576361282688025,0.041527894434358392]],[[0.041611742136323682,0.041656535888744871,0.041671624361096393,0.041656535888744871,0.041611742136323682],[0.041656535888744871,0.0416991590792805,0.041713604989071881,0.0416991590792805,0.041656535888744871],[0.041671624361096393,0.041713604989071881,0.041727836705248864,0.041713604989071881,0.041671624361096393],[0.041656535888744871,0.0416991590792805,0.041713604989071881,0.0416991590792805,0.041656535888744871],[0.041611742136323682,0.041656535888744871,0.041671624361096393,0.041656535888744871,0.041611742136323682]],[[0.041689464010716021,0.041731105754269249,0.041745120872731252,0.041731105754269249,0.041689464010716021],[0.041731105754269249,0.041770855869313006,0.041784317804219047,0.041770855869313006,0.041731105754269249],[0.041745120872731252,0.041784317804219047,0.041797595339665018,0.041784317804219047,0.041745120872731252],[0.041731105754269249,0.041770855869313006,0.041784317804219047,0.041770855869313006,0.041731105754269249],[0.041689464010716021,0.041731105754269249,0.041745120872731252,0.041731105754269249,0.041689464010716021]],[[0.041761905818097828,0.04180081858358186,0.041813905708527957,0.04180081858358186,0.041761905818097828],[0.04180081858358186,0.041838068624354276,0.04185067542224602,0.041838068624354276,0.04180081858358186],[0.041813905708527957,0.04185067542224602,0.041863122107064131,0.04185067542224602,0.041813905708527957],[0.04180081858358186,0.041838068624354276,0.04185067542224602,0.041838068624354276,0.04180081858358186],[0.041761905818097828,0.04180081858358186,0.041813905708527957,0.04180081858358186,0.041761905818097828]],[[0.041829758142997379,0.041866289389980854,0.041878567670627406,0.041866289389980854,0.041829758142997379],[0.041866289389980854,0.041901347814852309,0.04191320582767899,0.041901347814852309,0.041866289389980854],[0.041878567670627406,0.04191320582767899,0.041924923747868187,0.04191320582767899,0.041878567670627406],[0.041866289389980854,0.041901347814852309,0.04191320582767899,0.041901347814852309,0.041866289389980854],[0.041829758142997379,0.041866289389980854,0.041878567670627406,0.041866289389980854,0.041829758142997379]],[[0.041893591090517129,0.041928029158423745,0.041939597298606718,0.041928029158423745,0.041893591090517129],[0.041928029158423745,0.041961153485865307,0.041972351362619689,0.041961153485865307,0.041928029158423745],[0.041939597298606718,0.041972351362619689,0.041983425815413714,0.041972351362619689,0.041939597298606718],[0.041928029158423745,0.041961153485865307,0.041972351362619689,0.041961153485865307,0.041928029158423745],[0.041893591090517129,0.041928029158423745,0.041939597298606718,0.041928029158423745,0.041893591090517129]],[[0.04195387992058059,0.041986466305661614,0.041997406848066583,0.041986466305661614,0.04195387992058059],[0.041986466305661614,0.042017873386411421,0.042028485672284677,0.042017873386411421,0.041986466305661614],[0.041997406848066583,0.042028485672284677,0.042038988536933816,0.042028485672284677,0.041997406848066583],[0.041986466305661614,0.042017873386411421,0.042028485672284677,0.042017873386411421,0.041986466305661614],[0.04195387992058059,0.041986466305661614,0.041997406848066583,0.041986466305661614,0.04195387992058059]],[[0.042011024331566504,0.042041962999102345,0.042052345563950828,0.042041962999102345,0.042011024331566504],[0.042041962999102345,0.042071836884016472,0.042081926769363634,0.042071836884016472,0.042041962999102345],[0.042052345563950828,0.042081926769363634,0.04209191909285008,0.042081926769363634,0.042052345563950828],[0.042041962999102345,0.042071836884016472,0.042081926769363634,0.042071836884016472,0.042041962999102345],[0.042011024331566504,0.042041962999102345,0.042052345563950828,0.042041962999102345,0.042011024331566504]],[[0.042065363186009244,0.042094827731356678,0.0421047115002063,0.042094827731356678,0.042065363186009244],[0.042094827731356678,0.042123325771960353,0.042132947218808649,0.042123325771960353,0.042094827731356678],[0.0421047115002063,0.042132947218808649,0.04214248122325101,0.042132947218808649,0.0421047115002063],[0.042094827731356678,0.042123325771960353,0.042132947218808649,0.042123325771960353,0.042094827731356678],[0.042065363186009244,0.042094827731356678,0.0421047115002063,0.042094827731356678,0.042065363186009244]],[[0.0421171859006689,0.042145325121874952,0.042154760766098774,0.042145325121874952,0.0421171859006689],[0.042145325121874952,0.042172582751853781,0.042181782157299022,0.042172582751853781,0.042145325121874952],[0.042154760766098774,0.042181782157299022,0.042190902814982813,0.042181782157299022,0.042154760766098774],[0.042145325121874952,0.042172582751853781,0.042181782157299022,0.042172582751853781,0.042145325121874952],[0.0421171859006689,0.042145325121874952,0.042154760766098774,0.042145325121874952,0.0421171859006689]],[[0.042166741355652466,0.042193683635667459,0.042202714830067004,0.042193683635667459,0.042166741355652466],[0.042193683635667459,0.042219818154886325,0.0422286356652043,0.042219818154886325,0.042193683635667459],[0.042202714830067004,0.0422286356652043,0.042237381946189513,0.0422286356652043,0.042202714830067004],[0.042193683635667459,0.042219818154886325,0.0422286356652043,0.042219818154886325,0.042193683635667459],[0.042166741355652466,0.042193683635667459,0.042202714830067004,0.042193683635667459,0.042166741355652466]],[[0.042214244932730613,0.042240101718113064,0.042248766340424244,0.042240101718113064,0.042214244932730613],[0.042240101718113064,0.042265215313675462,0.042273685871852831,0.042265215313675462,0.042240101718113064],[0.042248766340424244,0.042273685871852831,0.042282091740843915,0.042273685871852831,0.042248766340424244],[0.042240101718113064,0.042265215313675462,0.042273685871852831,0.042265215313675462,0.042240101718113064],[0.042214244932730613,0.042240101718113064,0.042248766340424244,0.042240101718113064,0.042214244932730613]],[[0.042259884126004205,0.042284752712236813,0.042293083802110915,0.042284752712236813,0.042259884126004205],[0.042284752712236813,0.042308934890032471,0.0423170890777151,0.042308934890032471,0.042284752712236813],[0.042293083802110915,0.0423170890777151,0.04232518429699663,0.0423170890777151,0.042293083802110915],[0.042284752712236813,0.042308934890032471,0.0423170890777151,0.042308934890032471,0.042284752712236813],[0.042259884126004205,0.042284752712236813,0.042293083802110915,0.042284752712236813,0.042259884126004205]],[[0.042303823051668507,0.0423277888310682,0.042335815362957142,0.0423277888310682,0.042303823051668507],[0.0423277888310682,0.042351118387645957,0.0423589831070476,0.042351118387645957,0.0423277888310682],[0.042335815362957142,0.0423589831070476,0.042366793888066079,0.0423589831070476,0.042335815362957142],[0.0423277888310682,0.042351118387645957,0.0423589831070476,0.042351118387645957,0.0423277888310682],[0.042303823051668507,0.0423277888310682,0.042335815362957142,0.0423277888310682,0.042303823051668507]],[[0.042346206100808984,0.042369344390180121,0.042377091900954116,0.042369344390180121,0.042346206100808984],[0.042369344390180121,0.0423918910232001,0.042399490053370223,0.0423918910232001,0.042369344390180121],[0.042377091900954116,0.042399490053370223,0.042407039589217453,0.042399490053370223,0.042377091900954116],[0.042369344390180121,0.0423918910232001,0.042399490053370223,0.0423918910232001,0.042369344390180121],[0.042346206100808984,0.042369344390180121,0.042377091900954116,0.042369344390180121,0.042346206100808984]],[[0.042387160919386754,0.042409538456366205,0.042417029558554011,0.042409538456366205,0.042387160919386754],[0.042409538456366205,0.042431364088680631,0.042438718542352385,0.042431364088680631,0.042409538456366205],[0.042417029558554011,0.042438718542352385,0.04244602744581534,0.042438718542352385,0.042417029558554011],[0.042409538456366205,0.042431364088680631,0.042438718542352385,0.042431364088680631,0.042409538456366205],[0.042387160919386754,0.042409538456366205,0.042417029558554011,0.042409538456366205,0.042387160919386754]],[[0.042426800855867149,0.042448477032086727,0.042455731836394214,0.042448477032086727,0.042426800855867149],[0.042448477032086727,0.042469636907284988,0.042476765608483368,0.042469636907284988,0.042448477032086727],[0.042455731836394214,0.042476765608483368,0.042483852274681606,0.042476765608483368,0.042455731836394214],[0.042448477032086727,0.042469636907284988,0.042476765608483368,0.042469636907284988,0.042448477032086727],[0.042426800855867149,0.042448477032086727,0.042455731836394214,0.042448477032086727,0.042426800855867149]],[[0.04246522698448621,0.042486254868192942,0.04249329133352598,0.042486254868192942,0.04246522698448621],[0.042486254868192942,0.042506798462523004,0.042513718260577614,0.042506798462523004,0.042486254868192942],[0.04249329133352598,0.042513718260577614,0.042520599168972092,0.042513718260577614,0.04249329133352598],[0.042486254868192942,0.042506798462523004,0.042513718260577614,0.042506798462523004,0.042486254868192942],[0.04246522698448621,0.042486254868192942,0.04249329133352598,0.042486254868192942,0.04246522698448621]],[[0.042502529787950938,0.042522956977062452,0.042529791202239028,0.042522956977062452,0.042502529787950938],[0.042522956977062452,0.042542928762866188,0.042549654795054646,0.042542928762866188,0.042522956977062452],[0.042529791202239028,0.042549654795054646,0.042556344762401228,0.042549654795054646,0.042529791202239028],[0.042522956977062452,0.042542928762866188,0.042549654795054646,0.042542928762866188,0.042522956977062452],[0.042502529787950938,0.042522956977062452,0.042529791202239028,0.042522956977062452,0.042502529787950938]],[[0.042538790564998229,0.0425586599027516,0.042565306370992963,0.0425586599027516,0.042538790564998229],[0.0425586599027516,0.04257809999108679,0.04258464590352283,0.04257809999108679,0.0425586599027516],[0.042565306370992963,0.04258464590352283,0.0425911582968925,0.04258464590352283,0.042565306370992963],[0.0425586599027516,0.04257809999108679,0.04258464590352283,0.04257809999108679,0.0425586599027516],[0.042538790564998229,0.0425586599027516,0.042565306370992963,0.0425586599027516,0.042538790564998229]],[[0.042574082614335262,0.042593432792870388,0.042599904577847063,0.042593432792870388,0.042574082614335262],[0.042593432792870388,0.042612377477263569,0.042618755611650232,0.042612377477263569,0.042593432792870388],[0.042599904577847063,0.042618755611650232,0.042625102528750944,0.042618755611650232,0.042599904577847063],[0.042593432792870388,0.042612377477263569,0.042618755611650232,0.042612377477263569,0.042593432792870388],[0.042574082614335262,0.042593432792870388,0.042599904577847063,0.042593432792870388,0.042574082614335262]],[[0.04260847223570003,0.042627338307761206,0.042633647248117648,0.042627338307761206,0.04260847223570003],[0.042627338307761206,0.042645820526585221,0.042652042078894843,0.042645820526585221,0.042627338307761206],[0.042633647248117648,0.042652042078894843,0.042658234501469813,0.042652042078894843,0.042633647248117648],[0.042627338307761206,0.042645820526585221,0.042652042078894843,0.042645820526585221,0.042627338307761206],[0.04260847223570003,0.042627338307761206,0.042633647248117648,0.042627338307761206,0.04260847223570003]],[[0.042642019580558452,0.042660433395408412,0.042666590243340158,0.042660433395408412,0.042642019580558452],[0.042660433395408412,0.042678483126930046,0.042684558282881,0.042678483126930046,0.042660433395408412],[0.042666590243340158,0.042684558282881,0.042690606207818588,0.042684558282881,0.042666590243340158],[0.042660433395408412,0.042678483126930046,0.042684558282881,0.042678483126930046,0.042660433395408412],[0.042642019580558452,0.042660433395408412,0.042666590243340158,0.042660433395408412,0.042642019580558452]],[[0.042674779378467795,0.042692769954978574,0.042698784503296582,0.042692769954978574,0.042674779378467795],[0.042692769954978574,0.042710414556399338,0.04271635260764426,0.042710414556399338,0.042692769954978574],[0.042698784503296582,0.04271635260764426,0.0427222651595406,0.04271635260764426,0.042698784503296582],[0.042692769954978574,0.042710414556399338,0.04271635260764426,0.042710414556399338,0.042692769954978574],[0.042674779378467795,0.042692769954978574,0.042698784503296582,0.042692769954978574,0.042674779378467795]],[[0.042706801560103938,0.04272439540748571,0.04273027659877484,0.04272439540748571,0.042706801560103938],[0.04272439540748571,0.042741659907167009,0.042747469351371983,0.042741659907167009,0.04272439540748571],[0.04273027659877484,0.042747469351371983,0.042753254879583744,0.042747469351371983,0.04273027659877484],[0.04272439540748571,0.042741659907167009,0.042747469351371983,0.042741659907167009,0.04272439540748571],[0.042706801560103938,0.04272439540748571,0.04273027659877484,0.04272439540748571,0.042706801560103938]],[[0.042738131793967543,0.0427553531886573,0.042761109209452482,0.0427553531886573,0.042738131793967543],[0.0427553531886573,0.042772260539023575,0.04277794916642725,0.042772260539023575,0.0427553531886573],[0.042761109209452482,0.04277794916642725,0.042783615329091591,0.04277794916642725,0.042761109209452482],[0.0427553531886573,0.042772260539023575,0.04277794916642725,0.042772260539023575,0.0427553531886573],[0.042738131793967543,0.0427553531886573,0.042761109209452482,0.0427553531886573,0.042738131793967543]],[[0.042768811950628732,0.042785683176279433,0.042791321538648189,0.042785683176279433,0.042768811950628732],[0.042785683176279433,0.042802254473543362,0.042807829442117133,0.042802254473543362,0.042785683176279433],[0.042791321538648189,0.042807829442117133,0.042813383279170975,0.042807829442117133,0.042791321538648189],[0.042785683176279433,0.042802254473543362,0.042807829442117133,0.042802254473543362,0.042785683176279433],[0.042768811950628732,0.042785683176279433,0.042791321538648189,0.042785683176279433,0.042768811950628732]],[[0.042798880505879947,0.042815422062172696,0.042820949674650735,0.042815422062172696,0.042798880505879947],[0.042815422062172696,0.042831676737938605,0.042837144638889942,0.042831676737938605,0.042815422062172696],[0.042820949674650735,0.042837144638889942,0.042842592635762594,0.042837144638889942,0.042820949674650735],[0.042815422062172696,0.042831676737938605,0.042837144638889942,0.042831676737938605,0.042815422062172696],[0.042798880505879947,0.042815422062172696,0.042820949674650735,0.042815422062172696,0.042798880505879947]],[[0.04282837289212741,0.042844603677114249,0.042850026906617489,0.042844603677114249,0.04282837289212741],[0.042844603677114249,0.042860559666049604,0.042865926581114183,0.042860559666049604,0.042844603677114249],[0.042850026906617489,0.042865926581114183,0.042871274724479373,0.042865926581114183,0.042850026906617489],[0.042844603677114249,0.042860559666049604,0.042865926581114183,0.042860559666049604,0.042844603677114249],[0.04282837289212741,0.042844603677114249,0.042850026906617489,0.042844603677114249,0.04282837289212741]],[[0.042857321805768622,0.042873259275649736,0.042878584001697674,0.042873259275649736,0.042857321805768622],[0.042873259275649736,0.042888933162706,0.042894204714426884,0.042888933162706,0.042873259275649736],[0.042878584001697674,0.042894204714426884,0.042899458541167265,0.042894204714426884,0.042878584001697674],[0.042873259275649736,0.042888933162706,0.042894204714426884,0.042888933162706,0.042873259275649736],[0.042857321805768622,0.042873259275649736,0.042878584001697674,0.042873259275649736,0.042857321805768622]],[[0.042885757476969148,0.0429014177865619,0.04290664944892681,0.0429014177865619,0.042885757476969148],[0.0429014177865619,0.042916824936652088,0.042922006332647207,0.042916824936652088,0.0429014177865619],[0.04290664944892681,0.042922006332647207,0.042927170972994463,0.042922006332647207,0.04290664944892681],[0.0429014177865619,0.042916824936652088,0.042922006332647207,0.042916824936652088,0.0429014177865619],[0.042885757476969148,0.0429014177865619,0.04290664944892681,0.0429014177865619,0.042885757476969148]],[[0.042913707907201656,0.042929106033820823,0.042934249674530085,0.042929106033820823,0.042913707907201656],[0.042929106033820823,0.042944260706391929,0.042949356778447488,0.042944260706391929,0.042929106033820823],[0.042934249674530085,0.042949356778447488,0.042954436994106227,0.042949356778447488,0.042934249674530085],[0.042929106033820823,0.042944260706391929,0.042949356778447488,0.042944260706391929,0.042929106033820823],[0.042913707907201656,0.042929106033820823,0.042934249674530085,0.042929106033820823,0.042913707907201656]],[[0.0429411990790465,0.042956348932083964,0.04296140923253966,0.042956348932083964,0.0429411990790465],[0.042956348932083964,0.042971264382633788,0.042976279621325379,0.042971264382633788,0.042956348932083964],[0.04296140923253966,0.042976279621325379,0.04298127983926131,0.042976279621325379,0.04296140923253966],[0.042956348932083964,0.042971264382633788,0.042976279621325379,0.042971264382633788,0.042956348932083964],[0.0429411990790465,0.042956348932083964,0.04296140923253966,0.042956348932083964,0.0429411990790465]],[[0.042968255142026547,0.0429831696601469,0.042988150974074796,0.0429831696601469,0.042968255142026547],[0.0429831696601469,0.042997858230434109,0.043002796815885612,0.042997858230434109,0.0429831696601469],[0.042988150974074796,0.043002796815885612,0.043007721158354127,0.043002796815885612,0.042988150974074796],[0.0429831696601469,0.042997858230434109,0.043002796815885612,0.042997858230434109,0.0429831696601469],[0.042968255142026547,0.0429831696601469,0.042988150974074796,0.0429831696601469,0.042968255142026547]],[[0.042994898577676396,0.043009589815284514,0.043014496198000553,0.043009589815284514,0.042994898577676396],[0.043009589815284514,0.043024063013690009,0.043028928842957975,0.043024063013690009,0.043009589815284514],[0.043014496198000553,0.043028928842957975,0.043033781154261826,0.043028928842957975,0.043014496198000553],[0.043009589815284514,0.043024063013690009,0.043028928842957975,0.043024