{"M_cells":[[[0,0,0,0,0],[0,0,0,0,0],[0,0,0,0,0],[0,0,0,0,0],[0,0,0,0,0]],[[0.0002187096724168849,0.00053313282957853864,0.00062639851522297639,0.00053313282957853864,0.0002187096724168849],[0.00053313282957853864,0.0010977906783622075,0.0012697805728140582,0.0010977906783622075,0.00053313282957853864],[0.00062639851522297639,0.0012697805728140582,0.0014680106714038466,0.0012697805728140582,0.00062639851522297649],[0.00053313282957853864,0.0010977906783622075,0.0012697805728140582,0.0010977906783622075,0.00053313282957853864],[0.0002187096724168849,0.00053313282957853864,0.00062639851522297649,0.00053313282957853864,0.0002187096724168849]],[[0.0011970110677742127,0.0019621267979875023,0.0022003666785161843,0.0019621267979875027,0.0011970110677742127],[0.0019621267979875023,0.0029527111851804,0.0032680128221599593,0.0029527111851804,0.0019621267979875027],[0.0022003666785161843,0.0032680128221599593,0.0036090025533699328,0.0032680128221599593,0.0022003666785161843],[0.0019621267979875027,0.0029527111851804,0.0032680128221599593,0.0029527111851804,0.0019621267979875027],[0.0011970110677742127,0.0019621267979875027,0.0022003666785161843,0.0019621267979875027,0.0011970110677742127]],[[0.0029209340895867894,0.0040546060750513346,0.0044173023361257875,0.0040546060750513355,0.0029209340895867894],[0.0040546060750513346,0.0053565597258860209,0.005779979289450371,0.0053565597258860209,0.0040546060750513355],[0.0044173023361257875,0.005779979289450371,0.006223641000928393,0.005779979289450371,0.0044173023361257875],[0.0040546060750513355,0.0053565597258860209,0.005779979289450371,0.0053565597258860209,0.0040546060750513355],[0.0029209340895867894,0.0040546060750513355,0.0044173023361257875,0.0040546060750513355,0.0029209340895867894]],[[0.00522128287094273,0.0066292762661806261,0.0070867215248195149,0.0066292762661806269,0.00522128287094273],[0.0066292762661806261,0.008156507371196,0.0086590042127963843,0.008156507371196,0.0066292762661806269],[0.0070867215248195149,0.0086590042127963843,0.009176519115975567,0.0086590042127963861,0.0070867215248195149],[0.0066292762661806269,0.008156507371196,0.0086590042127963861,0.008156507371196,0.0066292762661806269],[0.00522128287094273,0.0066292762661806269,0.0070867215248195149,0.0066292762661806269,0.00522128287094273]],[[0.0079447645345940374,0.0095521121513745932,0.01007907166814318,0.0095521121513745932,0.0079447645345940374],[0.0095521121513745932,0.011241757815125037,0.011801484216655316,0.011241757815125037,0.0095521121513745932],[0.01007907166814318,0.011801484216655316,0.012372133566297962,0.011801484216655316,0.01007907166814318],[0.0095521121513745932,0.011241757815125037,0.011801484216655316,0.011241757815125037,0.0095521121513745932],[0.0079447645345940374,0.0095521121513745932,0.01007907166814318,0.0095521121513745932,0.0079447645345940374]],[[0.010974552016080091,0.012725797955427786,0.013303123789725969,0.012725797955427786,0.010974552016080091],[0.012725797955427786,0.014532408727807474,0.015133405057638966,0.014532408727807474,0.012725797955427786],[0.013303123789725969,0.015133405057638966,0.015742292029990727,0.015133405057638966,0.013303123789725967],[0.012725797955427786,0.014532408727807474,0.015133405057638966,0.014532408727807474,0.012725797955427786],[0.010974552016080091,0.012725797955427786,0.013303123789725967,0.012725797955427786,0.010974552016080091]],[[0.014225193958971892,0.016080111965216404,0.01669377574510229,0.016080111965216404,0.014225193958971892],[0.016080111965216404,0.0179709407922597,0.0186016658003863,0.0179709407922597,0.016080111965216404],[0.01669377574510229,0.0186016658003863,0.019238078229836707,0.0186016658003863,0.01669377574510229],[0.016080111965216404,0.0179709407922597,0.0186016658003863,0.0179709407922597,0.016080111965216404],[0.014225193958971892,0.016080111965216404,0.01669377574510229,0.016080111965216404,0.014225193958971892]],[[0.0176349113322261,0.019564491343451926,0.020204337645919737,0.019564491343451926,0.0176349113322261],[0.019564491343451926,0.021515970176161511,0.02216810688706752,0.021515970176161511,0.019564491343451926],[0.020204337645919737,0.02216810688706752,0.022824340649593489,0.02216810688706752,0.020204337645919737],[0.019564491343451926,0.021515970176161511,0.02216810688706752,0.021515970176161511,0.019564491343451926],[0.0176349113322261,0.019564491343451926,0.020204337645919737,0.019564491343451926,0.0176349113322261]],[[0.021159195390881146,0.023142552649190355,0.023801260115293044,0.023142552649190355,0.021159195390881146],[0.023142552649190355,0.025137724526284093,0.0258052863088319,0.025137724526284093,0.023142552649190355],[0.023801260115293044,0.0258052863088319,0.026475799709289961,0.0258052863088319,0.023801260115293044],[0.023142552649190355,0.025137724526284093,0.0258052863088319,0.025137724526284093,0.023142552649190355],[0.021159195390881146,0.023142552649190355,0.023801260115293044,0.023142552649190355,0.021159195390881146]],[[0.024766012367403192,0.026788118413398013,0.027460416031587075,0.026788118413398013,0.024766012367403192],[0.026788118413398013,0.028814782537897803,0.029493461341340267,0.028814782537897803,0.026788118413398013],[0.027460416031587075,0.029493461341340267,0.030174267335408435,0.029493461341340267,0.027460416031587075],[0.026788118413398013,0.028814782537897803,0.029493461341340267,0.028814782537897803,0.026788118413398013],[0.024766012367403192,0.026788118413398013,0.027460416031587075,0.026788118413398013,0.024766012367403192]],[[0.028432311559549242,0.030482352011146817,0.03116444620649966,0.030482352011146817,0.028432311559549242],[0.030482352011146817,0.032531728018311237,0.033218423484423512,0.032531728018311237,0.030482352011146817],[0.03116444620649966,0.033218423484423512,0.033906652800193643,0.033218423484423512,0.03116444620649966],[0.030482352011146817,0.032531728018311237,0.033218423484423512,0.032531728018311237,0.030482352011146817],[0.028432311559549242,0.030482352011146817,0.03116444620649966,0.030482352011146817,0.028432311559549242]],[[0.032141504425702544,0.034211695723157742,0.034900856046805304,0.034211695723157742,0.032141504425702544],[0.034211695723157742,0.036277462832047594,0.036969943168047241,0.036277462832047594,0.034211695723157742],[0.034900856046805304,0.036969943168047241,0.037663530241576169,0.036969943168047241,0.034900856046805304],[0.034211695723157742,0.036277462832047594,0.036969943168047241,0.036277462832047594,0.034211695723157742],[0.032141504425702544,0.034211695723157742,0.034900856046805304,0.034211695723157742,0.032141504425702544]],[[0.035881649702350228,0.037966387774916219,0.038660648415989762,0.037966387774916219,0.035881649702350228],[0.037966387774916219,0.040043993829500052,0.040740651837158373,0.040043993829500052,0.037966387774916219],[0.038660648415989762,0.040740651837158373,0.041438109015061862,0.040740651837158373,0.038660648415989762],[0.037966387774916219,0.040043993829500052,0.040740651837158373,0.040043993829500052,0.037966387774916219],[0.035881649702350228,0.037966387774916219,0.038660648415989762,0.037966387774916219,0.035881649702350228]],[[0.039644147951374449,0.041739395961209839,0.042437340980113182,0.041739395961209839,0.039644147951374449],[0.041739395961209839,0.043825560579338285,0.044525238197842681,0.043825560579338285,0.041739395961209839],[0.042437340980113182,0.044525238197842681,0.045225493384151161,0.044525238197842681,0.042437340980113182],[0.041739395961209839,0.043825560579338285,0.044525238197842681,0.043825560579338285,0.041739395961209839],[0.039644147951374449,0.041739395961209839,0.042437340980113182,0.041739395961209839,0.039644147951374449]],[[0.043422802767746779,0.045525650830716018,0.046226259693448735,0.045525650830716018,0.043422802767746779],[0.045525650830716018,0.047618008115616249,0.048319870244656213,0.047618008115616249,0.045525650830716018],[0.046226259693448735,0.048319870244656213,0.049022150154063693,0.048319870244656213,0.046226259693448735],[0.045525650830716018,0.047618008115616249,0.048319870244656213,0.047618008115616249,0.045525650830716018],[0.043422802767746779,0.045525650830716018,0.046226259693448735,0.045525650830716018,0.043422802767746779]],[[0.04721314567815435,0.049321494244039685,0.05002403073555832,0.049321494244039685,0.04721314567815435],[0.049321494244039685,0.051418335834561957,0.052121779592150849,0.051418335834561957,0.049321494244039685],[0.05002403073555832,0.052121779592150849,0.052825525789737426,0.052121779592150849,0.05002403073555832],[0.049321494244039685,0.051418335834561957,0.052121779592150849,0.051418335834561957,0.049321494244039685],[0.04721314567815435,0.049321494244039685,0.05002403073555832,0.049321494244039685,0.04721314567815435]],[[0.051011950634668644,0.053124282775915528,0.053828215106980722,0.053124282775915528,0.051011950634668644],[0.053124282775915528,0.055224373037087507,0.055928962494782138,0.055224373037087507,0.053124282775915528],[0.053828215106980722,0.055928962494782138,0.056633771007655709,0.055928962494782138,0.053828215106980722],[0.053124282775915528,0.055224373037087507,0.055928962494782138,0.055224373037087507,0.053124282775915528],[0.051011950634668644,0.053124282775915528,0.053828215106980722,0.053124282775915528,0.051011950634668644]],[[0.054816884823220793,0.056932102447587382,0.057637045790326615,0.056932102447587382,0.054816884823220793],[0.056932102447587382,0.059034545529966578,0.059739964766421787,0.059034545529966578,0.056932102447587382],[0.057637045790326615,0.059739964766421787,0.060445542643484,0.059739964766421787,0.057637045790326615],[0.056932102447587382,0.059034545529966578,0.059739964766421787,0.059034545529966578,0.056932102447587382],[0.054816884823220793,0.056932102447587382,0.057637045790326615,0.056932102447587382,0.054816884823220793]],[[0.058626257481925341,0.060743563507088351,0.061449238657215383,0.060743563507088351,0.058626257481925341],[0.060743563507088351,0.0628477077013123,0.063553727027213167,0.0628477077013123,0.060743563507088351],[0.061449238657215383,0.063553727027213167,0.064259861085149639,0.063553727027213167,0.061449238657215383],[0.060743563507088351,0.0628477077013123,0.063553727027213167,0.0628477077013123,0.060743563507088351],[0.058626257481925341,0.060743563507088351,0.061449238657215383,0.060743563507088351,0.058626257481925341]],[[0.062438839190778216,0.0645576527672576,0.065263856401926973,0.0645576527672576,0.062438839190778216],[0.0645576527672576,0.066663021675769665,0.067369473329616777,0.066663021675769665,0.0645576527672576],[0.065263856401926973,0.067369473329616777,0.068076007661437163,0.067369473329616777,0.065263856401926973],[0.0645576527672576,0.066663021675769665,0.067369473329616777,0.066663021675769665,0.0645576527672576],[0.062438839190778216,0.0645576527672576,0.065263856401926973,0.0645576527672576,0.062438839190778216]],[[0.066253731833458882,0.0683736273310427,0.069080210604556172,0.0683736273310427,0.066253731833458882],[0.0683736273310427,0.070479870322969179,0.071186630976955392,0.070479870322969179,0.0683736273310427],[0.069080210604556172,0.071186630976955392,0.071893450761339184,0.071186630976955392,0.069080210604556172],[0.0683736273310427,0.070479870322969179,0.071186630976955392,0.070479870322969179,0.0683736273310427],[0.066253731833458882,0.0683736273310427,0.069080210604556172,0.0683736273310427,0.066253731833458882]],[[0.070070274995176554,0.0721909380765785,0.072897791211442423,0.0721909380765785,0.070070274995176554],[0.0721909380765785,0.074297794608087761,0.075004772770754971,0.074297794608087761,0.0721909380765785],[0.072897791211442423,0.075004772770754971,0.0757117926119656,0.075004772770754971,0.072897791211442423],[0.0721909380765785,0.074297794608087761,0.075004772770754971,0.074297794608087761,0.0721909380765785],[0.070070274995176554,0.0721909380765785,0.072897791211442423,0.0721909380765785,0.070070274995176554]],[[0.073887978559626116,0.076009174540357147,0.076716215729206574,0.076009174540357147,0.073887978559626116],[0.076009174540357147,0.0781164484443408,0.07882357538407099,0.0781164484443408,0.076009174540357147],[0.076716215729206574,0.07882357538407099,0.079530730909343664,0.07882357538407099,0.076716215729206574],[0.076009174540357147,0.0781164484443408,0.07882357538407099,0.0781164484443408,0.076009174540357147],[0.073887978559626116,0.076009174540357147,0.076716215729206574,0.076009174540357147,0.073887978559626116]],[[0.077706474143273141,0.0798280251849296,0.080535192591869212,0.0798280251849296,0.077706474143273141],[0.0798280251849296,0.081935566127749743,0.082642789327477789,0.081935566127749743,0.0798280251849296],[0.080535192591869212,0.082642789327477789,0.083350031126219276,0.082642789327477789,0.080535192591869212],[0.0798280251849296,0.081935566127749743,0.082642789327477789,0.081935566127749743,0.0798280251849296],[0.077706474143273141,0.0798280251849296,0.080535192591869212,0.0798280251849296,0.077706474143273141]],[[0.081525480072138209,0.0836472487256503,0.084354494715671871,0.0836472487256503,0.081525480072138209],[0.0836472487256503,0.085754938815239226,0.0864622172465551,0.085754938815239226,0.0836472487256503],[0.084354494715671871,0.0864622172465551,0.087169506492695253,0.0864622172465551,0.084354494715671871],[0.0836472487256503,0.085754938815239226,0.0864622172465551,0.085754938815239226,0.0836472487256503],[0.081525480072138209,0.0836472487256503,0.084354494715671871,0.0836472487256503,0.081525480072138209]],[[0.085344776092584132,0.087466653404894443,0.088173940374625615,0.087466653404894443,0.085344776092584132],[0.087466653404894443,0.089574397500059771,0.090281698204613944,0.089574397500059771,0.087466653404894443],[0.088173940374625615,0.090281698204613944,0.0909890034882457,0.090281698204613944,0.088173940374625615],[0.087466653404894443,0.089574397500059771,0.090281698204613944,0.089574397500059771,0.087466653404894443],[0.085344776092584132,0.087466653404894443,0.088173940374625615,0.087466653404894443,0.085344776092584132]],[[0.089164185076146291,0.0912860819750134,0.091993379333830144,0.0912860819750134,0.089164185076146291],[0.0912860819750134,0.093393800652458225,0.094101096262189585,0.093393800652458225,0.0912860819750134],[0.091993379333830144,0.094101096262189585,0.09480839128951242,0.094101096262189585,0.091993379333830144],[0.0912860819750134,0.093393800652458225,0.094101096262189585,0.093393800652458225,0.0912860819750134],[0.089164185076146291,0.0912860819750134,0.091993379333830144,0.0912860819750134,0.089164185076146291]],[[0.09298355974696311,0.095105400778900812,0.095812682755926651,0.095105400778900812,0.09298355974696311],[0.095105400778900812,0.097213025206910941,0.097920292137903917,0.097213025206910941,0.095105400778900812],[0.095812682755926651,0.097920292137903917,0.0986275540540422,0.097920292137903917,0.095812682755926651],[0.095105400778900812,0.097213025206910941,0.097920292137903917,0.097213025206910941,0.095105400778900812],[0.09298355974696311,0.095105400778900812,0.095812682755926651,0.095105400778900812,0.09298355974696311]],[[0.09680277301285023,0.0989244917683752,0.099631735811781044,0.0989244917683752,0.09680277301285023],[0.0989244917683752,0.10103195994639079,0.10173917707542189,0.10103195994639079,0.0989244917683752],[0.099631735811781044,0.10173917707542189,0.10244638523339218,0.10173917707542189,0.099631735811781044],[0.0989244917683752,0.10103195994639079,0.10173917707542189,0.10103195994639079,0.0989244917683752],[0.09680277301285023,0.0989244917683752,0.099631735811781044,0.0989244917683752,0.09680277301285023]],[[0.10062171087841949,0.10274324662508104,0.10345043222549402,0.10274324662508104,0.10062171087841949],[0.10274324662508104,0.104850500599562,0.10555764828579402,0.104850500599562,0.10274324662508104],[0.10345043222549402,0.10555764828579402,0.10626478333429892,0.10555764828579402,0.10345043222549402],[0.10274324662508104,0.104850500599562,0.10555764828579402,0.104850500599562,0.10274324662508104],[0.10062171087841949,0.10274324662508104,0.10345043222549402,0.10274324662508104,0.10062171087841949]],[[0.1044402672042699,0.10656156238190556,0.10726867019871603,0.10656156238190556,0.1044402672042699],[0.10656156238190556,0.10866854615758821,0.10937560551025409,0.10866854615758821,0.10656156238190556],[0.10726867019871603,0.10937560551025409,0.11008264870849421,0.10937560551025409,0.10726867019871603],[0.10656156238190556,0.10866854615758821,0.10937560551025409,0.10866854615758821,0.10656156238190556],[0.1044402672042699,0.10656156238190556,0.10726867019871603,0.10656156238190556,0.1044402672042699]],[[0.10825833978168861,0.11037933811065992,0.11108634931384893,0.11037933811065992,0.10825833978168861],[0.11037933811065992,0.11248599605443614,0.11319294837495469,0.11248599605443614,0.11037933811065992],[0.11108634931384893,0.11319294837495469,0.11389988106817647,0.11319294837495469,0.11108634931384893],[0.11037933811065992,0.11248599605443614,0.11319294837495469,0.11248599605443614,0.11037933811065992],[0.10825833978168861,0.11037933811065992,0.11108634931384893,0.11037933811065992,0.10825833978168861]],[[0.11207582733994953,0.1141964723623014,0.11490336812662742,0.1141964723623014,0.11207582733994953],[0.1141964723623014,0.11630274795306329,0.11700957429984013,0.11630274795306329,0.1141964723623014],[0.11490336812662742,0.11700957429984013,0.11771637750767588,0.11700957429984013,0.11490336812662742],[0.1141964723623014,0.11630274795306329,0.11700957429984013,0.11630274795306329,0.1141964723623014],[0.11207582733994953,0.1141964723623014,0.11490336812662742,0.1141964723623014,0.11207582733994953]],[[0.11589262720927172,0.11801286113248799,0.11871962223838067,0.11801286113248799,0.11589262720927172],[0.11801286113248799,0.12011869595060466,0.12082537678902371,0.12011869595060466,0.11801286113248799],[0.11871962223838067,0.12082537678902371,0.12153203087185034,0.12082537678902371,0.11871962223838067],[0.11801286113248799,0.12011869595060466,0.12082537678902371,0.12011869595060466,0.11801286113248799],[0.11589262720927172,0.11801286113248799,0.11871962223838067,0.11801286113248799,0.11589262720927172]],[[0.11970863343878703,0.12182839618749408,0.1225350026955018,0.12182839618749408,0.11970863343878703],[0.12182839618749408,0.12393372906649579,0.12464024397681636,0.12393372906649579,0.12182839618749408],[0.1225350026955018,0.12464024397681636,0.1253467283548034,0.12464024397681636,0.1225350026955018],[0.12182839618749408,0.12393372906649579,0.12464024397681636,0.12393372906649579,0.12182839618749408],[0.11970863343878703,0.12182839618749408,0.1225350026955018,0.12182839618749408,0.11970863343878703]],[[0.12352373522340204,0.12564296362996263,0.12634939460458575,0.12564296362996263,0.12352373522340204],[0.12564296362996263,0.12774772991372646,0.1284540573369245,0.12774772991372646,0.12564296362996263],[0.12634939460458575,0.1284540573369245,0.12916035024321126,0.1284540573369245,0.12634939460458575],[0.12564296362996263,0.12774772991372646,0.1284540573369245,0.12774772991372646,0.12564296362996263],[0.12352373522340204,0.12564296362996263,0.12634939460458575,0.12564296362996263,0.12352373522340204]],[[0.12733781553274295,0.12945644261601155,0.13016267588117991,0.12945644261601155,0.12733781553274295],[0.12945644261601155,0.13156057347955535,0.13226669048637979,0.13156057347955535,0.12945644261601155],[0.13016267588117991,0.13226669048637979,0.13297276874065919,0.13226669048637979,0.13016267588117991],[0.12945644261601155,0.13156057347955535,0.13226669048637979,0.13156057347955535,0.12945644261601155],[0.12733781553274295,0.12945644261601155,0.13016267588117991,0.12945644261601155,0.12733781553274295]],[[0.13115074986322303,0.13326870415781072,0.13397471607087755,0.13326870415781072,0.13115074986322303],[0.13326870415781072,0.13537212596036546,0.13607800803262279,0.13537212596036546,0.13326870415781072],[0.13397471607087755,0.13607800803262279,0.13678384682485595,0.13607800803262279,0.13397471607087755],[0.13326870415781072,0.13537212596036546,0.13607800803262279,0.13537212596036546,0.13326870415781072],[0.13115074986322303,0.13326870415781072,0.13397471607087755,0.13326870415781072,0.13115074986322303]],[[0.1349624050543794,0.13707960996209964,0.13778537519648551,0.13707960996209964,0.1349624050543794],[0.13707960996209964,0.13918224360862747,0.13988786442435611,0.13918224360862747,0.13707960996209964],[0.13778537519648551,0.13988786442435611,0.14059343710079034,0.13988786442435611,0.13778537519648551],[0.13707960996209964,0.13918224360862747,0.13988786442435611,0.13918224360862747,0.13707960996209964],[0.1349624050543794,0.13707960996209964,0.13778537519648551,0.13707960996209964,0.1349624050543794]],[[0.13877263812475893,0.14088901126655815,0.14159450259549419,0.14088901126655815,0.13877263812475893],[0.14088901126655815,0.14299077155917098,0.14369610277524153,0.14299077155917098,0.14088901126655815],[0.14159450259549419,0.14369610277524153,0.14440138062063021,0.14369610277524153,0.14159450259549419],[0.14088901126655815,0.14299077155917098,0.14369610277524153,0.14299077155917098,0.14088901126655815],[0.13877263812475893,0.14088901126655815,0.14159450259549419,0.14088901126655815,0.13877263812475893]],[[0.14258129509269438,0.14469674764390092,0.14540193571939267,0.14469674764390092,0.14258129509269438],[0.14469674764390092,0.14679754260834646,0.14750255363534634,0.14679754260834646,0.14469674764390092],[0.14540193571939267,0.14750255363534634,0.14820750564647342,0.14750255363534634,0.14540193571939267],[0.14469674764390092,0.14679754260834646,0.14750255363534634,0.14679754260834646,0.14469674764390092],[0.14258129509269438,0.14469674764390092,0.14540193571939267,0.14469674764390092,0.14258129509269438]],[[0.14638820975423994,0.14850264574939187,0.14920749887161663,0.14850264574939187,0.14638820975423994],[0.14850264574939187,0.1506023759243291,0.15130703368949003,0.1506023759243291,0.14850264574939187],[0.14920749887161663,0.15130703368949003,0.15201162633594179,0.15130703368949003,0.14920749887161663],[0.14850264574939187,0.1506023759243291,0.15130703368949003,0.1506023759243291,0.14850264574939187],[0.14638820975423994,0.14850264574939187,0.14920749887161663,0.14850264574939187,0.14638820975423994]],[[0.15019320239557432,0.15230651799113568,0.15301100186432021,0.15230651799113568,0.15019320239557432],[0.15230651799113568,0.15440507566968309,0.15510934436424612,0.15440507566968309,0.15230651799113568],[0.15301100186432021,0.15510934436424612,0.1558135413329374,0.15510934436424612,0.15301100186432021],[0.15230651799113568,0.15440507566968309,0.15510934436424612,0.15440507566968309,0.15230651799113568],[0.15019320239557432,0.15230651799113568,0.15301100186432021,0.15230651799113568,0.15019320239557432]],[[0.15399607842038623,0.1561081611053049,0.15681223857662874,0.1561081611053049,0.15399607842038623],[0.1561081611053049,0.15820542951952654,0.15890927032735144,0.15820542951952654,0.1561081611053049],[0.15681223857662874,0.15890927032735144,0.15961303224770548,0.15890927032735144,0.15681223857662874],[0.1561081611053049,0.15820542951952654,0.15890927032735144,0.15820542951952654,0.1561081611053049],[0.15399607842038623,0.1561081611053049,0.15681223857662874,0.1561081611053049,0.15399607842038623]],[[0.15779662687506477,0.15990735462011069,0.16061098539860558,0.15990735462011069,0.15779662687506477],[0.15990735462011069,0.16200320705992349,0.16270657786445566,0.16200320705992349,0.15990735462011069],[0.16061098539860558,0.16270657786445566,0.16340986201139177,0.16270657786445566,0.16061098539860558],[0.15990735462011069,0.16200320705992349,0.16270657786445566,0.16200320705992349,0.15990735462011069],[0.15779662687506477,0.15990735462011069,0.16061098539860558,0.15990735462011069,0.15779662687506477]],[[0.16159461885611506,0.16370385919366928,0.16440699954626736,0.16370385919366928,0.16159461885611506],[0.16370385919366928,0.16579815805220713,0.16650101311909579,0.16579815805220713,0.16370385919366928],[0.16440699954626736,0.16650101311909579,0.16720377309117224,0.16650101311909579,0.16440699954626736],[0.16370385919366928,0.16579815805220713,0.16650101311909579,0.16579815805220713,0.16370385919366928],[0.16159461885611506,0.16370385919366928,0.16440699954626736,0.16370385919366928,0.16159461885611506]],[[0.16538980578528728,0.16749741481171973,0.16820001723383673,0.16749741481171973,0.16538980578528728],[0.16749741481171973,0.16959001054966,0.17029230018249522,0.16959001054966,0.16749741481171973],[0.16820001723383673,0.17029230018249522,0.17099448555269703,0.17029230018249522,0.16820001723383673],[0.16749741481171973,0.16959001054966,0.17029230018249522,0.16959001054966,0.16749741481171973],[0.16538980578528728,0.16749741481171973,0.16820001723383673,0.16749741481171973,0.16538980578528728]],[[0.16918191753866071,0.17128773883203255,0.1719897516902171,0.17128773883203255,0.16918191753866071],[0.17128773883203255,0.17337846885383804,0.1740801390206235,0.17337846885383804,0.17128773883203255],[0.1719897516902171,0.1740801390206235,0.17478169495744339,0.1740801390206235,0.1719897516902171],[0.17128773883203255,0.17337846885383804,0.1740801390206235,0.17337846885383804,0.17128773883203255],[0.16918191753866071,0.17128773883203255,0.1719897516902171,0.17128773883203255,0.16918191753866071]],[[0.17297066041706874,0.1750745238632275,0.17577589100757327,0.1750745238632275,0.17297066041706874],[0.1750745238632275,0.17716321129881576,0.17786420322697621,0.17716321129881576,0.1750745238632275],[0.17577589100757327,0.17786420322697621,0.17856507008361977,0.17786420322697621,0.17577589100757327],[0.1750745238632275,0.17716321129881576,0.17786420322697621,0.17716321129881576,0.1750745238632275],[0.17297066041706874,0.1750745238632275,0.17577589100757327,0.1750745238632275,0.17297066041706874]],[[0.17675571494598269,0.17885743546689084,0.1795580958111189,0.17885743546689084,0.17675571494598269],[0.17885743546689084,0.1809438878530166,0.18164413759099049,0.1809438878530166,0.17885743546689084],[0.1795580958111189,0.18164413759099049,0.18234425046080605,0.18164413759099049,0.1795580958111189],[0.17885743546689084,0.1809438878530166,0.18164413759099049,0.1809438878530166,0.17885743546689084],[0.17675571494598269,0.17885743546689084,0.1795580958111189,0.17885743546689084,0.17675571494598269]],[[0.18053673349447491,0.18263610967359084,0.18333599674101803,0.18263610967359084,0.18053673349447491],[0.18263610967359084,0.18472011753035744,0.18541955547419184,0.18472011753035744,0.18263610967359084],[0.18333599674101803,0.18541955547419184,0.18611884371080778,0.18541955547419184,0.18333599674101803],[0.18263610967359084,0.18472011753035744,0.18541955547419184,0.18472011753035744,0.18263610967359084],[0.18053673349447491,0.18263610967359084,0.18333599674101803,0.18263610967359084,0.18053673349447491]],[[0.1843133377051823,0.18641015030590508,0.18710919173994092,0.18641015030590508,0.1843133377051823],[0.18641015030590508,0.18849148560543791,0.1891900359893251,0.18849148560543791,0.18641015030590508],[0.18710919173994092,0.1891900359893251,0.18988842269053252,0.1891900359893251,0.18710919173994092],[0.18641015030590508,0.18849148560543791,0.1891900359893251,0.18849148560543791,0.18641015030590508],[0.1843133377051823,0.18641015030590508,0.18710919173994092,0.18641015030590508,0.1843133377051823]],[[0.18808511572967423,0.190179126104995,0.19087724314348645,0.190179126104995,0.18808511572967423],[0.190179126104995,0.19225754063162806,0.19295512098208026,0.19225754063162806,0.190179126104995],[0.19087724314348645,0.19295512098208026,0.19365252243728462,0.19295512098208026,0.19087724314348645],[0.190179126104995,0.19225754063162806,0.19295512098208026,0.19225754063162806,0.190179126104995],[0.18808511572967423,0.190179126104995,0.19087724314348645,0.190179126104995,0.18808511572967423]],[[0.1918516192682207,0.19394256766232634,0.19463967457583412,0.19394256766232634,0.1918516192682207],[0.19394256766232634,0.19601779126680646,0.19671431182117313,0.19601779126680646,0.19394256766232634],[0.19463967457583412,0.19671431182117313,0.19741063692332461,0.19671431182117313,0.19463967457583412],[0.19394256766232634,0.19601779126680646,0.19671431182117313,0.19601779126680646,0.19394256766232634],[0.1918516192682207,0.19394256766232634,0.19463967457583412,0.19394256766232634,0.1918516192682207]],[[0.19561236041849608,0.19769996416481975,0.19839596766023959,0.19769996416481975,0.19561236041849608],[0.19769996416481975,0.19977170291938731,0.20046706601085459,0.19977170291938731,0.19769996416481975],[0.19839596766023959,0.20046706601085459,0.20116221563524056,0.20046706601085459,0.19839596766023959],[0.19769996416481975,0.19977170291938731,0.20046706601085459,0.19977170291938731,0.19769996416481975],[0.19561236041849608,0.19769996416481975,0.19839596766023959,0.19769996416481975,0.19561236041849608]],[[0.19936680834552323,0.20145075997075304,0.20214555856320024,0.20145075997075304,0.19936680834552323],[0.20145075997075304,0.20351869423766372,0.20421279365071676,0.20351869423766372,0.20145075997075304],[0.20214555856320024,0.20421279365071676,0.20490666000494961,0.20421279365071676,0.20214555856320024],[0.20145075997075304,0.20351869423766372,0.20421279365071676,0.20351869423766372,0.20145075997075304],[0.19936680834552323,0.20145075997075304,0.20214555856320024,0.20145075997075304,0.19936680834552323]],[[0.20311438579569405,0.2051943510457363,0.20588783440381145,0.2051943510457363,0.20311438579569405],[0.2051943510457363,0.2072581334792733,0.20795085378205694,0.2072581334792733,0.2051943510457363],[0.20588783440381145,0.20795085378205694,0.20864331973413291,0.20795085378205694,0.20588783440381145],[0.2051943510457363,0.2072581334792733,0.20795085378205694,0.2072581334792733,0.2051943510457363],[0.20311438579569405,0.2051943510457363,0.20588783440381145,0.2051943510457363,0.20311438579569405]],[[0.2068544654909252,0.20893008130334317,0.20962212957561432,0.20893008130334317,0.2068544654909252],[0.20893008130334317,0.21098933481489449,0.21168055067801839,0.21098933481489449,0.20893008130334317],[0.20962212957561432,0.21168055067801839,0.21237148907256315,0.21168055067801839,0.20962212957561432],[0.20893008130334317,0.21098933481489449,0.21168055067801839,0.21098933481489449,0.20893008130334317],[0.2068544654909252,0.20893008130334317,0.20962212957561432,0.20893008130334317,0.2068544654909252]],[[0.21058636645633172,0.21265723891445254,0.21334772204838529,0.21265723891445254,0.21058636645633172],[0.21265723891445254,0.21471155464212549,0.21540113015734255,0.21471155464212549,0.21265723891445254],[0.21334772204838529,0.21540113015734255,0.21609040313420522,0.21540113015734255,0.21334772204838529],[0.21265723891445254,0.21471155464212549,0.21540113015734255,0.21471155464212549,0.21265723891445254],[0.21058636645633172,0.21265723891445254,0.21334772204838529,0.21265723891445254,0.21058636645633172]],[[0.21430935035625354,0.21637505267324678,0.21706382974228622,0.21637505267324678,0.21430935035625354],[0.21637505267324678,0.21842398801212976,0.21911177602914991,0.21842398801212976,0.21637505267324678],[0.21706382974228622,0.21911177602914991,0.21979923436345963,0.21911177602914991,0.21706382974228622],[0.21637505267324678,0.21842398801212976,0.21911177602914991,0.21842398801212976,0.21637505267324678],[0.21430935035625354,0.21637505267324678,0.21706382974228622,0.21637505267324678,0.21430935035625354]],[[0.2180226179395377,0.22008268853688479,0.22076960709640409,0.22008268853688479,0.2180226179395377],[0.22008268853688479,0.22212576530342062,0.22281160680879775,0.22212576530342062,0.22008268853688479],[0.22076960709640409,0.22281160680879775,0.22349708929749665,0.22281160680879775,0.22076960709640409],[0.22008268853688479,0.22212576530342062,0.22281160680879775,0.22212576530342062,0.22008268853688479],[0.2180226179395377,0.22008268853688479,0.22076960709640409,0.22008268853688479,0.2180226179395377]],[[0.2217253057264765,0.22377924648987979,0.22446414198899373,0.22377924648987979,0.2217253057264765],[0.22377924648987979,0.22581594931404053,0.22649967288276757,0.22581594931404053,0.22377924648987979],[0.22446414198899373,0.22649967288276757,0.2271830058094651,0.22649967288276757,0.22446414198899373],[0.22377924648987979,0.22581594931404053,0.22649967288276757,0.22581594931404053,0.22377924648987979],[0.2217253057264765,0.22377924648987979,0.22446414198899373,0.22377924648987979,0.2217253057264765]],[[0.22541648310587253,0.22746375792316206,0.22814645320636379,0.22746375792316206,0.22541648310587253],[0.22746375792316206,0.229493532984663,0.230174954342565,0.229493532984663,0.22746375792316206],[0.22814645320636379,0.230174954342565,0.23085595106018131,0.230174954342565,0.22814645320636379],[0.22746375792316206,0.229493532984663,0.230174954342565,0.229493532984663,0.22746375792316206],[0.22541648310587253,0.22746375792316206,0.22814645320636379,0.22746375792316206,0.22541648310587253]],[[0.22909515005113526,0.23113518376007361,0.23181548870041521,0.23113518376007361,0.22909515005113526],[0.23113518376007361,0.23315743800893501,0.23383635975197126,0.23315743800893501,0.23113518376007361],[0.23181548870041521,0.23383635975197126,0.23451482043074554,0.23383635975197126,0.23181548870041521],[0.23113518376007361,0.23315743800893501,0.23383635975197126,0.23315743800893501,0.23113518376007361],[0.22909515005113526,0.23113518376007361,0.23181548870041521,0.23113518376007361,0.22909515005113526]],[[0.23276023570750057,0.23479241360550498,0.23547012491897498,0.23479241360550498,0.23276023570750057],[0.23479241360550498,0.23680651463123978,0.23748272615584987,0.23680651463123978,0.23479241360550498],[0.23547012491897498,0.23748272615584987,0.23815843775234039,0.23748272615584987,0.23547012491897498],[0.23479241360550498,0.23680651463123978,0.23748272615584987,0.23680651463123978,0.23479241360550498],[0.23276023570750057,0.23479241360550498,0.23547012491897498,0.23479241360550498,0.23276023570750057]],[[0.23641059814502829,0.23843426623596967,0.23910916753456402,0.23843426623596967,0.23641059814502829],[0.23843426623596967,0.24043954297122197,0.24111282067719203,0.24043954297122197,0.23843426623596967],[0.23910916753456402,0.24111282067719203,0.24178555718707256,0.24111282067719203,0.23910916753456402],[0.23843426623596967,0.24043954297122197,0.24111282067719203,0.24043954297122197,0.23843426623596967],[0.23641059814502829,0.23843426623596967,0.23910916753456402,0.23843426623596967,0.23641059814502829]],[[0.24004502561063187,0.2420594917827848,0.24273135393004483,0.2420594917827848,0.24004502561063187],[0.2420594917827848,0.24405523624287107,0.2447253440756294,0.24405523624287107,0.2420594917827848],[0.24273135393004483,0.2447253440756294,0.24539486713823472,0.2447253440756294,0.24273135393004483],[0.2420594917827848,0.24405523624287107,0.2447253440756294,0.24405523624287107,0.2420594917827848],[0.24004502561063187,0.2420594917827848,0.24273135393004483,0.2420594917827848,0.24004502561063187]],[[0.24366223963994482,0.24566677598021436,0.24633535781729557,0.24566677598021436,0.24366223963994482],[0.24566677598021436,0.24765224624560417,0.24831893664716528,0.24765224624560417,0.24566677598021436],[0.24633535781729557,0.24831893664716528,0.24898499657139217,0.24831893664716531,0.24633535781729557],[0.24566677598021436,0.24765224624560417,0.24831893664716531,0.24765224624560417,0.24566677598021436],[0.24366223963994482,0.24566677598021436,0.24633535781729557,0.24566677598021436,0.24366223963994482]],[[0.24726090039943616,0.2492547468477819,0.24991979635786074,0.2492547468477819,0.24726090039943616],[0.2492547468477819,0.25122917148677704,0.2518921868218259,0.25122917148677704,0.2492547468477819],[0.24991979635786074,0.2518921868218259,0.25255452409944096,0.2518921868218259,0.24991979635786074],[0.2492547468477819,0.25122917148677704,0.2518921868218259,0.25122917148677704,0.2492547468477819],[0.24726090039943616,0.2492547468477819,0.24991979635786074,0.2492547468477819,0.24726090039943616]],[[0.25083961461147075,0.25282198414021878,0.25348324011352041,0.25282198414021878,0.25083961461147075],[0.25282198414021878,0.25478456823891632,0.25544364275323045,0.25478456823891632,0.25282198414021878],[0.25348324011352041,0.25544364275323045,0.25610199011508816,0.25544364275323045,0.25348324011352041],[0.25282198414021878,0.25478456823891632,0.25544364275323045,0.25478456823891632,0.25282198414021878],[0.25083961461147075,0.25282198414021878,0.25348324011352041,0.25282198414021878,0.25083961461147075]],[[0.25439694636089633,0.25636703182169907,0.25702422607036746,0.25636703182169907,0.25439694636089633],[0.25636703182169907,0.25831696473297494,0.25897182708380961,0.25831696473297494,0.25636703182169907],[0.25702422607036746,0.25897182708380961,0.25962591213540892,0.25897182708380961,0.25702422607036746],[0.25636703182169907,0.25831696473297494,0.25897182708380961,0.25831696473297494,0.25636703182169907],[0.25439694636089633,0.25636703182169907,0.25702422607036746,0.25636703182169907,0.25439694636089633]],[[0.25793143098282745,0.25988841369578636,0.26054127384603076,0.25988841369578636,0.25793143098282745],[0.25988841369578636,0.26182487853580738,0.26247525490705637,0.26182487853580738,0.25988841369578636],[0.26054127384603076,0.26247525490705637,0.26312480335137267,0.26247525490705637,0.26054127384603076],[0.25988841369578636,0.26182487853580738,0.26247525490705637,0.26182487853580738,0.25988841369578636],[0.25793143098282745,0.25988841369578636,0.26054127384603076,0.25988841369578636,0.25793143098282745]],[[0.26144159208310419,0.26338465214625312,0.2640329050042588,0.26338465214625312,0.26144159208310419],[0.26338465214625312,0.26530683695649943,0.26595245473546797,0.26530683695649943,0.26338465214625312],[0.2640329050042588,0.26595245473546797,0.26659719415334782,0.26595245473546797,0.2640329050042588],[0.26338465214625312,0.26530683695649943,0.26595245473546797,0.26530683695649943,0.26338465214625312],[0.26144159208310419,0.26338465214625312,0.2640329050042588,0.26338465214625312,0.26144159208310419]],[[0.26492596154649672,0.26685428972270059,0.26749766517151063,0.26685428972270059,0.26492596154649672],[0.26685428972270059,0.26876140008291166,0.26940199203199827,0.26876140008291166,0.26685428972270059],[0.26749766517151063,0.26940199203199827,0.27004165614544307,0.26940199203199827,0.26749766517151063],[0.26685428972270059,0.26876140008291166,0.26940199203199827,0.26876140008291166,0.26685428972270059],[0.26492596154649672,0.26685428972270059,0.26749766517151063,0.26685428972270059,0.26492596154649672]],[[0.26838310215253347,0.27029591305224726,0.27093414839121482,0.27029591305224726,0.26838310215253347],[0.27029591305224726,0.27218718578562784,0.27282249459435559,0.27218718578562784,0.27029591305224726],[0.27093414839121482,0.27282249459435559,0.27345682788941744,0.27282249459435559,0.27093414839121482],[0.27029591305224726,0.27218718578562784,0.27282249459435559,0.27218718578562784,0.27029591305224726],[0.26838310215253347,0.27029591305224726,0.27093414839121482,0.27029591305224726,0.26838310215253347]],[[0.27181163216280574,0.27370817829843114,0.27434102288971579,0.27370817829843114,0.27181163216280574],[0.27370817829843114,0.27558289577078104,0.27621267882670852,0.27558289577078104,0.27370817829843114],[0.27434102288971579,0.27621267882670852,0.2768414413658784,0.27621267882670852,0.27434102288971579],[0.27370817829843114,0.27558289577078104,0.27621267882670852,0.27558289577078104,0.27370817829843114],[0.27181163216280574,0.27370817829843114,0.27434102288971579,0.27370817829843114,0.27181163216280574]],[[0.2752102509962025,0.27708983715399471,0.27771705719670503,0.27708983715399471,0.2752102509962025],[0.27708983715399471,0.278947341552147,0.27957137572928653,0.278947341552147,0.27708983715399471],[0.27771705719670503,0.27957137572928653,0.28019434794467468,0.27957137572928653,0.27771705719670503],[0.27708983715399471,0.278947341552147,0.27957137572928653,0.278947341552147,0.27708983715399471],[0.2752102509962025,0.27708983715399471,0.27771705719670503,0.27708983715399471,0.2752102509962025]],[[0.27857776490094771,0.280439762179461,0.28106114539861393,0.280439762179461,0.27857776490094771],[0.28043976