{"M_cells":[[[0,0,0,0,0,0,0],[0,0,0,0,0,0,0],[0,0,0,0,0,0,0],[0,0,0,0,0,0,0],[0,0,0,0,0,0,0],[0,0,0,0,0,0,0],[0,0,0,0,0,0,0]],[[1.5844379606158093E-6,4.2886825528583234E-6,3.9341863396463175E-6,5.34715705941426E-6,3.9341863396463175E-6,4.2886825528583243E-6,1.5844379606158093E-6],[4.2886825528583234E-6,9.4196033041519811E-6,8.8558679274231086E-6,1.1545812963524763E-5,8.8558679274231086E-6,9.4196033041519828E-6,4.2886825528583243E-6],[3.9341863396463175E-6,8.8558679274231086E-6,1.0293989582783747E-5,1.1736271041149618E-5,1.0293989582783747E-5,8.85586792742311E-6,3.9341863396463175E-6],[5.34715705941426E-6,1.1545812963524763E-5,1.1736271041149618E-5,1.4582930611443367E-5,1.173627104114962E-5,1.1545812963524765E-5,5.3471570594142605E-6],[3.9341863396463175E-6,8.8558679274231086E-6,1.0293989582783747E-5,1.173627104114962E-5,1.0293989582783748E-5,8.85586792742311E-6,3.9341863396463175E-6],[4.2886825528583243E-6,9.4196033041519828E-6,8.85586792742311E-6,1.1545812963524765E-5,8.85586792742311E-6,9.4196033041519828E-6,4.2886825528583243E-6],[1.5844379606158093E-6,4.2886825528583243E-6,3.9341863396463175E-6,5.3471570594142605E-6,3.9341863396463175E-6,4.2886825528583243E-6,1.5844379606158093E-6]],[[8.4064318378441537E-6,1.4666908718991495E-5,1.3868523891239628E-5,1.7328639430963579E-5,1.3868523891239628E-5,1.4666908718991495E-5,8.4064318378441537E-6],[1.4666908718991495E-5,2.2795483033431773E-5,2.1938524563034983E-5,2.6448808024404078E-5,2.1938524563034983E-5,2.2795483033431773E-5,1.4666908718991495E-5],[1.3868523891239628E-5,2.1938524563034983E-5,2.4276374212310254E-5,2.6619301330725827E-5,2.4276374212310254E-5,2.1938524563034983E-5,1.3868523891239628E-5],[1.7328639430963579E-5,2.6448808024404078E-5,2.6619301330725827E-5,3.1111664409619011E-5,2.6619301330725827E-5,2.6448808024404078E-5,1.7328639430963579E-5],[1.3868523891239628E-5,2.1938524563034983E-5,2.4276374212310254E-5,2.6619301330725827E-5,2.4276374212310254E-5,2.1938524563034983E-5,1.3868523891239628E-5],[1.4666908718991495E-5,2.2795483033431773E-5,2.1938524563034983E-5,2.6448808024404078E-5,2.1938524563034983E-5,2.2795483033431773E-5,1.4666908718991495E-5],[8.4064318378441537E-6,1.4666908718991495E-5,1.3868523891239628E-5,1.7328639430963579E-5,1.3868523891239628E-5,1.4666908718991495E-5,8.4064318378441537E-6]],[[1.9825452034225092E-5,2.8607912940765241E-5,2.752231431772129E-5,3.2547157838515883E-5,2.752231431772129E-5,2.8607912940765241E-5,1.9825452034225092E-5],[2.8607912940765241E-5,3.8493939973540151E-5,3.7493065899752406E-5,4.3140883052403217E-5,3.7493065899752406E-5,3.8493939973540151E-5,2.8607912940765241E-5],[2.752231431772129E-5,3.7493065899752406E-5,4.0372210714304884E-5,4.3256960176912223E-5,4.0372210714304884E-5,3.7493065899752406E-5,2.752231431772129E-5],[3.2547157838515883E-5,4.3140883052403217E-5,4.3256960176912223E-5,4.8700170550008853E-5,4.3256960176912223E-5,4.3140883052403217E-5,3.2547157838515883E-5],[2.752231431772129E-5,3.7493065899752406E-5,4.0372210714304884E-5,4.3256960176912223E-5,4.0372210714304884E-5,3.7493065899752406E-5,2.752231431772129E-5],[2.8607912940765241E-5,3.8493939973540151E-5,3.7493065899752406E-5,4.3140883052403217E-5,3.7493065899752406E-5,3.8493939973540151E-5,2.8607912940765241E-5],[1.9825452034225092E-5,2.8607912940765241E-5,2.752231431772129E-5,3.2547157838515883E-5,2.752231431772129E-5,2.8607912940765241E-5,1.9825452034225092E-5]],[[3.4278898582638154E-5,4.4637139870933215E-5,4.3392928674731578E-5,4.9442231333803071E-5,4.3392928674731571E-5,4.4637139870933215E-5,3.4278898582638154E-5],[4.4637139870933215E-5,5.555315406740183E-5,5.4483354202305961E-5,6.0816912538534308E-5,5.4483354202305961E-5,5.555315406740183E-5,4.4637139870933215E-5],[4.3392928674731578E-5,5.4483354202305961E-5,5.7682423137671394E-5,6.0887399787029438E-5,5.7682423137671394E-5,5.4483354202305961E-5,4.3392928674731578E-5],[4.9442231333803071E-5,6.0816912538534308E-5,6.0887399787029438E-5,6.6880165020159738E-5,6.0887399787029438E-5,6.0816912538534308E-5,4.9442231333803071E-5],[4.3392928674731571E-5,5.4483354202305961E-5,5.7682423137671394E-5,6.0887399787029438E-5,5.7682423137671394E-5,5.4483354202305967E-5,4.3392928674731578E-5],[4.4637139870933215E-5,5.555315406740183E-5,5.4483354202305961E-5,6.0816912538534308E-5,5.4483354202305967E-5,5.555315406740183E-5,4.4637139870933215E-5],[3.4278898582638154E-5,4.4637139870933215E-5,4.3392928674731578E-5,4.9442231333803071E-5,4.3392928674731578E-5,4.4637139870933215E-5,3.4278898582638154E-5]],[[5.0586111743675971E-5,6.188892071414017E-5,6.056196418571802E-5,6.7241973315765931E-5,6.0561964185718013E-5,6.188892071414017E-5,5.0586111743675971E-5],[6.188892071414017E-5,7.3407506213282809E-5,7.2304812104242568E-5,7.9044442696118869E-5,7.2304812104242568E-5,7.3407506213282809E-5,6.188892071414017E-5],[6.056196418571802E-5,7.2304812104242568E-5,7.56912670974583E-5,7.908380433535265E-5,7.56912670974583E-5,7.2304812104242555E-5,6.0561964185718013E-5],[6.7241973315765931E-5,7.9044442696118869E-5,7.908380433535265E-5,8.5394360896193534E-5,7.9083804335352637E-5,7.9044442696118856E-5,6.7241973315765931E-5],[6.0561964185718013E-5,7.2304812104242568E-5,7.56912670974583E-5,7.9083804335352637E-5,7.56912670974583E-5,7.2304812104242555E-5,6.0561964185718013E-5],[6.188892071414017E-5,7.3407506213282809E-5,7.2304812104242555E-5,7.9044442696118856E-5,7.2304812104242555E-5,7.3407506213282809E-5,6.188892071414017E-5],[5.0586111743675971E-5,6.188892071414017E-5,6.0561964185718013E-5,6.7241973315765931E-5,6.0561964185718013E-5,6.188892071414017E-5,5.0586111743675971E-5]],[[6.7995146498812188E-5,7.9855185776512758E-5,7.8485788991287158E-5,8.5543145582873831E-5,7.8485788991287158E-5,7.9855185776512758E-5,6.7995146498812188E-5],[7.9855185776512758E-5,9.1725693964106239E-5,9.0607138127766937E-5,9.7585051329809972E-5,9.0607138127766937E-5,9.1725693964106239E-5,7.9855185776512758E-5],[7.8485788991287158E-5,9.0607138127766937E-5,9.4102861676129728E-5,9.7604768221935578E-5,9.4102861676129728E-5,9.0607138127766937E-5,7.8485788991287158E-5],[8.5543145582873831E-5,9.7585051329809972E-5,9.7604768221935578E-5,0.00010409925153038405,9.7604768221935578E-5,9.7585051329809972E-5,8.5543145582873831E-5],[7.8485788991287158E-5,9.0607138127766937E-5,9.4102861676129728E-5,9.7604768221935578E-5,9.4102861676129728E-5,9.0607138127766937E-5,7.8485788991287158E-5],[7.9855185776512758E-5,9.1725693964106239E-5,9.0607138127766937E-5,9.7585051329809972E-5,9.0607138127766937E-5,9.1725693964106239E-5,7.9855185776512758E-5],[6.7995146498812188E-5,7.9855185776512758E-5,7.8485788991287158E-5,8.5543145582873831E-5,7.8485788991287158E-5,7.9855185776512758E-5,6.7995146498812188E-5]],[[8.6051887893286814E-5,9.8238454535821149E-5,9.6847219465828123E-5,0.00010412718598437779,9.6847219465828123E-5,9.8238454535821149E-5,8.6051887893286814E-5],[9.8238454535821149E-5,0.00011031431011212298,0.00010918794562137573,0.00011630507500063152,0.00010918794562137573,0.00011031431011212298,9.8238454535821149E-5],[9.6847219465828123E-5,0.00010918794562137573,0.0001127472766719542,0.00011631284906961154,0.0001127472766719542,0.00010918794562137573,9.6847219465828123E-5],[0.00010412718598437779,0.00011630507500063152,0.00011631284906961154,0.000122913930649692,0.00011631284906961154,0.00011630507500063152,0.00010412718598437779],[9.6847219465828123E-5,0.00010918794562137573,0.0001127472766719542,0.00011631284906961154,0.0001127472766719542,0.00010918794562137573,9.6847219465828123E-5],[9.8238454535821149E-5,0.00011031431011212298,0.00010918794562137573,0.00011630507500063152,0.00010918794562137573,0.00011031431011212298,9.8238454535821149E-5],[8.6051887893286814E-5,9.8238454535821149E-5,9.6847219465828123E-5,0.00010412718598437779,9.6847219465828123E-5,9.8238454535821149E-5,8.6051887893286814E-5]],[[0.00010448762379481857,0.00011686502229487271,0.00011546238401091248,0.00012287279464970083,0.00011546238401091248,0.00011686502229487271,0.00010448762379481857],[0.00011686502229487271,0.0001290607377922919,0.00012793041498307089,0.00013512877287756475,0.00012793041498307089,0.0001290607377922919,0.00011686502229487271],[0.00011546238401091248,0.00012793041498307089,0.00013152678449073293,0.00013512942929035446,0.00013152678449073293,0.00012793041498307089,0.00011546238401091246],[0.00012287279464970083,0.00013512877287756475,0.00013512942929035446,0.0001417924318131886,0.00013512942929035446,0.00013512877287756475,0.00012287279464970083],[0.00011546238401091248,0.00012793041498307089,0.00013152678449073293,0.00013512942929035446,0.00013152678449073293,0.00012793041498307089,0.00011546238401091246],[0.00011686502229487271,0.0001290607377922919,0.00012793041498307089,0.00013512877287756475,0.00012793041498307089,0.0001290607377922919,0.00011686502229487269],[0.00010448762379481857,0.00011686502229487271,0.00011546238401091246,0.00012287279464970083,0.00011546238401091246,0.00011686502229487269,0.00010448762379481857]],[[0.00012314479526662474,0.00013563370028105815,0.00013422497761589769,0.00014171164021705609,0.00013422497761589769,0.00013563370028105815,0.00012314479526662474],[0.00013563370028105815,0.00014789952311620023,0.0001467671176259306,0.00015401292366413574,0.0001467671176259306,0.00014789952311620023,0.00013563370028105815],[0.00013422497761589769,0.0001467671176259306,0.00015038510395014046,0.00015400938544614262,0.00015038510395014046,0.00014676711762593057,0.00013422497761589769],[0.00014171164021705609,0.00015401292366413574,0.00015400938544614262,0.00016070848986198951,0.00015400938544614262,0.00015401292366413574,0.00014171164021705609],[0.00013422497761589769,0.0001467671176259306,0.00015038510395014046,0.00015400938544614262,0.00015038510395014044,0.00014676711762593057,0.00013422497761589764],[0.00013563370028105815,0.00014789952311620023,0.00014676711762593057,0.00015401292366413574,0.00014676711762593057,0.00014789952311620023,0.00013563370028105812],[0.00012314479526662474,0.00013563370028105815,0.00013422497761589769,0.00014171164021705609,0.00013422497761589764,0.00013563370028105812,0.00012314479526662471]],[[0.00014193145269947625,0.0001544856494986418,0.00015307359302508294,0.00016060486259231155,0.00015307359302508294,0.00015448564949864177,0.00014193145269947622],[0.0001544856494986418,0.00016679266840922166,0.00016565911564582112,0.00017293274320938847,0.00016565911564582112,0.00016679266840922166,0.00015448564949864177],[0.00015307359302508294,0.00016565911564582112,0.00016928977890811188,0.00017292674910494328,0.00016928977890811188,0.00016565911564582112,0.00015307359302508294],[0.00016060486259231155,0.00017293274320938847,0.00017292674910494328,0.00017964702919591214,0.00017292674910494328,0.00017293274320938847,0.00016060486259231155],[0.00015307359302508294,0.00016565911564582112,0.00016928977890811188,0.00017292674910494328,0.00016928977890811188,0.00016565911564582109,0.00015307359302508289],[0.00015448564949864177,0.00016679266840922166,0.00016565911564582112,0.00017293274320938847,0.00016565911564582109,0.00016679266840922163,0.00015448564949864174],[0.00014193145269947622,0.00015448564949864177,0.00015307359302508294,0.00016060486259231155,0.00015307359302508289,0.00015448564949864174,0.00014193145269947619]],[[0.0001607940798683536,0.00017338669746045716,0.00017197275576371951,0.00017953022192586943,0.00017197275576371951,0.00017338669746045713,0.0001607940798683536],[0.00017338669746045716,0.00018571812705088877,0.00018458390584479356,0.00019187396688055548,0.00018458390584479353,0.00018571812705088874,0.00017338669746045713],[0.00017197275576371951,0.00018458390584479356,0.00018822206608381462,0.0001918665403285673,0.0001882220660838146,0.00018458390584479353,0.00017197275576371951],[0.00017953022192586943,0.00019187396688055548,0.0001918665403285673,0.00019859936230408239,0.00019186654032856727,0.00019187396688055545,0.00017953022192586943],[0.00017197275576371951,0.00018458390584479353,0.0001882220660838146,0.00019186654032856727,0.00018822206608381457,0.00018458390584479353,0.00017197275576371951],[0.00017338669746045713,0.00018571812705088874,0.00018458390584479353,0.00019187396688055545,0.00018458390584479353,0.00018571812705088874,0.0001733866974604571],[0.0001607940798683536,0.00017338669746045713,0.00017197275576371951,0.00017953022192586943,0.00017197275576371951,0.0001733866974604571,0.00016079407986835354]],[[0.0001797015775384461,0.00019231700864800927,0.00019090195942314571,0.000198474931344129,0.00019090195942314571,0.00019231700864800927,0.0001797015775384461],[0.00019231700864800927,0.00020466310570368921,0.00020352846789907584,0.00021082835720686086,0.00020352846789907584,0.00020466310570368921,0.00019231700864800927],[0.00019090195942314571,0.00020352846789907584,0.00020717112316331958,0.00021082009678760597,0.00020717112316331958,0.00020352846789907584,0.00019090195942314571],[0.000198474931344129,0.00021082835720686086,0.00021082009678760597,0.00021756046214404712,0.00021082009678760597,0.00021082835720686086,0.000198474931344129],[0.00019090195942314571,0.00020352846789907584,0.00020717112316331958,0.00021082009678760597,0.00020717112316331958,0.00020352846789907584,0.00019090195942314571],[0.00019231700864800927,0.00020466310570368921,0.00020352846789907584,0.00021082835720686086,0.00020352846789907584,0.00020466310570368921,0.00019231700864800927],[0.0001797015775384461,0.00019231700864800927,0.00019090195942314571,0.000198474931344129,0.00019090195942314571,0.00019231700864800927,0.00017970157753844607]],[[0.00019863588585358521,0.0002112650676911564,0.00020984933636356573,0.00021743160979909048,0.00020984933636356573,0.0002112650676911564,0.00019863588585358521],[0.0002112650676911564,0.00022362017335272514,0.00022248525509935624,0.00022979113976068295,0.00022248525509935624,0.00022362017335272514,0.0002112650676911564],[0.00020984933636356573,0.00022248525509935624,0.00022613066407181385,0.00022978239418094544,0.00022613066407181385,0.00022248525509935624,0.00020984933636356573],[0.00021743160979909048,0.00022979113976068295,0.00022978239418094544,0.00023652740484876074,0.00022978239418094544,0.00022979113976068295,0.00021743160979909048],[0.00020984933636356573,0.00022248525509935624,0.00022613066407181385,0.00022978239418094544,0.00022613066407181385,0.00022248525509935624,0.00020984933636356573],[0.0002112650676911564,0.00022362017335272514,0.00022248525509935624,0.00022979113976068295,0.00022248525509935624,0.00022362017335272514,0.0002112650676911564],[0.00019863588585358521,0.0002112650676911564,0.00020984933636356573,0.00021743160979909048,0.00020984933636356573,0.0002112650676911564,0.00019863588585358521]],[[0.00021758651565323737,0.00023022418226321357,0.00022880800578793282,0.00023639597869886818,0.00022880800578793282,0.00023022418226321357,0.00021758651565323737],[0.00023022418226321357,0.00024258500433601719,0.00024144988136107822,0.00024875953384159873,0.00024144988136107822,0.00024258500433601719,0.00023022418226321357],[0.00022880800578793282,0.00024144988136107822,0.00024509703205090295,0.00024875050573399261,0.00024509703205090289,0.00024144988136107819,0.00022880800578793282],[0.00023639597869886818,0.00024875953384159873,0.00024875050573399261,0.00025549847742490506,0.00024875050573399261,0.00024875953384159873,0.00023639597869886818],[0.00022880800578793282,0.00024144988136107822,0.00024509703205090289,0.00024875050573399261,0.00024509703205090289,0.00024144988136107819,0.00022880800578793282],[0.00023022418226321357,0.00024258500433601719,0.00024144988136107819,0.00024875953384159873,0.00024144988136107819,0.00024258500433601716,0.00023022418226321357],[0.00021758651565323737,0.00023022418226321357,0.00022880800578793282,0.00023639597869886818,0.00022880800578793282,0.00023022418226321357,0.00021758651565323737]],[[0.00023654736780296315,0.00024919045376331267,0.00024777396652251254,0.00025536554432058396,0.00024777396652251254,0.00024919045376331267,0.00023654736780296315],[0.00024919045376331267,0.00026155507058502726,0.00026041978634705438,0.00026773190827031036,0.00026041978634705438,0.00026155507058502726,0.00024919045376331267],[0.00024777396652251254,0.00026041978634705438,0.00026406808861832904,0.0002677227151992932,0.00026406808861832904,0.00026041978634705438,0.00024777396652251254],[0.00025536554432058396,0.00026773190827031036,0.0002677227151992932,0.00027447266516330632,0.0002677227151992932,0.00026773190827031031,0.00025536554432058391],[0.00024777396652251254,0.00026041978634705438,0.00026406808861832904,0.0002677227151992932,0.00026406808861832904,0.00026041978634705438,0.00024777396652251254],[0.00024919045376331267,0.00026155507058502726,0.00026041978634705438,0.00026773190827031031,0.00026041978634705438,0.00026155507058502726,0.00024919045376331267],[0.00023654736780296315,0.00024919045376331267,0.00024777396652251254,0.00025536554432058391,0.00024777396652251254,0.00024919045376331267,0.00023654736780296315]],[[0.00025551488667972436,0.00026816160110613112,0.00026674488083166582,0.00027433884160432079,0.00026674488083166582,0.00026816160110613112,0.00025551488667972436],[0.00026816160110613112,0.00028052888443386848,0.00027939346481805011,0.00028670729545284278,0.00027939346481805011,0.00028052888443386848,0.00026816160110613112],[0.00026674488083166582,0.00027939346481805011,0.00028304257253860919,0.00028669800556467887,0.00028304257253860919,0.00027939346481805011,0.00026674488083166582],[0.00027433884160432079,0.00028670729545284278,0.00028669800556467887,0.00029344935662800728,0.00028669800556467887,0.00028670729545284278,0.00027433884160432079],[0.00026674488083166582,0.00027939346481805011,0.00028304257253860919,0.00028669800556467887,0.00028304257253860919,0.00027939346481805011,0.00026674488083166582],[0.00026816160110613112,0.00028052888443386848,0.00027939346481805011,0.00028670729545284278,0.00027939346481805011,0.00028052888443386848,0.00026816160110613112],[0.00025551488667972436,0.00026816160110613112,0.00026674488083166582,0.00027433884160432079,0.00026674488083166582,0.00026816160110613112,0.00025551488667972436]],[[0.00027448698958235481,0.00028713627954064482,0.00028571937229299594,0.00029331499916996197,0.00028571937229299594,0.00028713627954064482,0.00027448698958235481],[0.00028713627954064482,0.00029950556042728649,0.000298370021587191,0.00030568511130545431,0.000298370021587191,0.00029950556042728649,0.00028713627954064482],[0.00028571937229299594,0.000298370021587191,0.00030201972978203477,0.00030567576408460775,0.00030201972978203477,0.000298370021587191,0.00028571937229299594],[0.00029331499916996197,0.00030568511130545431,0.00030567576408460775,0.00031242817363336947,0.00030567576408460775,0.00030568511130545431,0.00029331499916996197],[0.00028571937229299594,0.000298370021587191,0.00030201972978203477,0.00030567576408460775,0.00030201972978203477,0.000298370021587191,0.00028571937229299594],[0.00028713627954064482,0.00029950556042728649,0.000298370021587191,0.00030568511130545431,0.000298370021587191,0.00029950556042728649,0.00028713627954064482],[0.00027448698958235481,0.00028713627954064482,0.00028571937229299594,0.00029331499916996197,0.00028571937229299594,0.00028713627954064482,0.00027448698958235481]],[[0.00029346244657863413,0.00030611368637694736,0.00030469662033230475,0.0003122934887191178,0.00030469662033230475,0.00030611368637694736,0.00029346244657863413],[0.00030611368637694736,0.00031848456181534257,0.00031734891443770526,0.00032466499367460577,0.00031734891443770526,0.00031848456181534257,0.00030611368637694736],[0.00030469662033230475,0.00031734891443770526,0.00032099909982377385,0.00032465561199972095,0.00032099909982377385,0.00031734891443770526,0.00030469662033230475],[0.0003122934887191178,0.00032466499367460577,0.00032465561199972095,0.00033140887315017304,0.00032465561199972095,0.00032466499367460577,0.0003122934887191178],[0.00030469662033230475,0.00031734891443770526,0.00032099909982377385,0.00032465561199972095,0.00032099909982377385,0.00031734891443770526,0.00030469662033230475],[0.00030611368637694736,0.00031848456181534257,0.00031734891443770526,0.00032466499367460577,0.00031734891443770526,0.00031848456181534257,0.00030611368637694736],[0.00029346244657863413,0.00030611368637694736,0.00030469662033230475,0.0003122934887191178,0.00030469662033230475,0.00030611368637694736,0.00029346244657863413]],[[0.00031244052149559403,0.00032509333285861338,0.00032367612600939607,0.00033127398050047317,0.00032367612600939607,0.00032509333285861338,0.00031244052149559403],[0.00032509333285861338,0.00033746555391715483,0.00033632980557804965,0.00034364670904708,0.00033632980557804965,0.00033746555391715483,0.00032509333285861338],[0.00032367612600939607,0.00033632980557804965,0.00033998039218290153,0.00034363730618234959,0.00033998039218290153,0.00033632980557804965,0.00032367612600939607],[0.00033127398050047317,0.00034364670904708,0.00034363730618234959,0.00035039129065932205,0.00034363730618234959,0.00034364670904708,0.00033127398050047317],[0.00032367612600939607,0.00033632980557804965,0.00033998039218290153,0.00034363730618234959,0.00033998039218290153,0.00033632980557804965,0.00032367612600939607],[0.00032509333285861338,0.00033746555391715483,0.00033632980557804965,0.00034364670904708,0.00033632980557804965,0.00033746555391715483,0.00032509333285861338],[0.00031244052149559403,0.00032509333285861338,0.00032367612600939607,0.00033127398050047317,0.00032367612600939607,0.00032509333285861338,0.00031244052149559403]],[[0.00033142076416879353,0.00034407491219140866,0.00034265757668788674,0.00035025625987489885,0.00034265757668788674,0.00034407491219140866,0.00033142076416879353],[0.00034407491219140866,0.00035644831930225563,0.00035531247578554046,0.00036263009865099153,0.00035531247578554046,0.00035644831930225563,0.00034407491219140866],[0.00034265757668788674,0.00035531247578554046,0.00035896341506753564,0.00036262068229619054,0.00035896341506753564,0.00035531247578554046,0.00034265757668788674],[0.00035025625987489885,0.00036263009865099153,0.00036262068229619054,0.00036937530741145211,0.00036262068229619054,0.00036263009865099153,0.00035025625987489885],[0.00034265757668788674,0.00035531247578554046,0.00035896341506753564,0.00036262068229619054,0.00035896341506753564,0.00035531247578554046,0.00034265757668788674],[0.00034407491219140866,0.00035644831930225563,0.00035531247578554046,0.00036263009865099153,0.00035531247578554046,0.00035644831930225563,0.00034407491219140866],[0.00033142076416879353,0.00034407491219140866,0.00034265757668788674,0.00035025625987489885,0.00034265757668788674,0.00034407491219140866,0.00033142076416879353]],[[0.00035040289024642512,0.00036305822319947532,0.00036164076781572922,0.00036924017911349103,0.00036164076781572922,0.00036305822319947532,0.00035040289024642512],[0.00036305822319947532,0.00037543270872105096,0.00037429677476384497,0.0003816150472919422,0.00037429677476384497,0.00037543270872105096,0.00036305822319947532],[0.00036164076781572922,0.00037429677476384497,0.00037794803411511061,0.00038160562192689142,0.00037794803411511061,0.00037429677476384497,0.00036164076781572922],[0.00036924017911349103,0.0003816150472919422,0.00038160562192689142,0.0003883608314838911,0.00038160562192689142,0.0003816150472919422,0.00036924017911349103],[0.00036164076781572922,0.00037429677476384497,0.00037794803411511061,0.00038160562192689142,0.00037794803411511061,0.00037429677476384497,0.00036164076781572922],[0.00036305822319947532,0.00037543270872105096,0.00037429677476384497,0.0003816150472919422,0.00037429677476384497,0.00037543270872105096,0.00036305822319947532],[0.00035040289024642512,0.00036305822319947532,0.00036164076781572922,0.00036924017911349103,0.00036164076781572922,0.00036305822319947532,0.00035040289024642512]],[[0.00036938671165067413,0.00038204312615383796,0.00038062555769668234,0.00038822562952707556,0.00038062555769668234,0.00038204312615383796,0.00036938671165067413],[0.00038204312615383796,0.00039441861270585182,0.00039328259242379292,0.00040060146531716777,0.00039328259242379292,0.00039441861270585182,0.00038204312615383796],[0.00038062555769668234,0.00039328259242379292,0.00039693414851870405,0.00040059203355824382,0.00039693414851870405,0.00039328259242379292,0.00038062555769668234],[0.00038822562952707556,0.00040060146531716777,0.00040059203355824382,0.00040734778680481115,0.00040059203355824382,0.00040060146531716777,0.00038822562952707556],[0.00038062555769668234,0.00039328259242379292,0.00039693414851870405,0.00040059203355824382,0.00039693414851870405,0.00039328259242379292,0.00038062555769668234],[0.00038204312615383796,0.00039441861270585182,0.00039328259242379292,0.00040060146531716777,0.00039328259242379292,0.00039441861270585182,0.00038204312615383796],[0.00036938671165067413,0.00038204312615383796,0.00038062555769668234,0.00038822562952707556,0.00038062555769668234,0.00038204312615383796,0.00036938671165067413]],[[0.0003883720963391502,0.0004010295172041897,0.00039961184132227613,0.00040721252533411719,0.00039961184132227613,0.0004010295172041897,0.0003883720963391502],[0.0004010295172041897,0.00041340594512243039,0.00041226984225433392,0.0004195892781624964,0.00041226984225433392,0.00041340594512243039,0.0004010295172041897],[0.00039961184132227613,0.00041226984225433392,0.00041592167719879582,0.000419579841547256,0.00041592167719879582,0.00041226984225433392,0.00039961184132227613],[0.00040721252533411719,0.0004195892781624964,0.000419579841547256,0.00042633610677940713,0.000419579841547256,0.0004195892781624964,0.00040721252533411719],[0.00039961184132227613,0.00041226984225433392,0.00041592167719879582,0.000419579841547256,0.00041592167719879582,0.00041226984225433392,0.00039961184132227613],[0.0004010295172041897,0.00041340594512243039,0.00041226984225433392,0.0004195892781624964,0.00041226984225433392,0.00041340594512243039,0.0004010295172041897],[0.0003883720963391502,0.0004010295172041897,0.00039961184132227613,0.00040721252533411719,0.00039961184132227613,0.0004010295172041897,0.0003883720963391502]],[[0.00040735894500987192,0.00042001731356666868,0.00041859953521736258,0.00042620079430813078,0.00041859953521736258,0.00042001731356666868,0.00040735894500987192],[0.00042001731356666868,0.00043239463363031137,0.00043125845168022741,0.00043857842028014642,0.00043125845168022741,0.00043239463363031137,0.00042001731356666868],[0.00041859953521736258,0.00043125845168022741,0.00043491055077984707,0.0004385689797210762,0.00043491055077984707,0.00043125845168022741,0.00041859953521736258],[0.00042620079430813078,0.00043857842028014642,0.0004385689797210762,0.00044532573057490997,0.0004385689797210762,0.00043857842028014642,0.00042620079430813078],[0.00041859953521736258,0.00043125845168022741,0.00043491055077984707,0.0004385689797210762,0.00043491055077984707,0.00043125845168022741,0.00041859953521736258],[0.00042001731356666868,0.00043239463363031137,0.00043125845168022741,0.00043857842028014642,0.00043125845168022741,0.00043239463363031137,0.00042001731356666868],[0.00040735894500987192,0.00042001731356666868,0.00041859953521736258,0.00042620079430813078,0.00041859953521736258,0.00042001731356666868,0.00040735894500987192]],[[0.00042634717760281509,0.00043900644492977036,0.00043758856865013646,0.00044519037234156327,0.00043758856865013646,0.00043900644492977036,0.00042634717760281509],[0.00043900644492977036,0.00045138461413671516,0.00045024835645744715,0.00045756883159779512,0.00045024835645744715,0.00045138461413671516,0.00043900644492977036],[0.00043758856865013646,0.00045024835645744715,0.000453900706921427,0.00045755938764467863,0.000453900706921427,0.00045024835645744715,0.00043758856865013646],[0.00044519037234156327,0.00045756883159779512,0.00045755938764467863,0.0004643166009418669,0.00045755938764467863,0.00045756883159779512,0.00044519037234156327],[0.00043758856865013646,0.00045024835645744715,0.000453900706921427,0.00045755938764467863,0.000453900706921427,0.00045024835645744715,0.00043758856865013646],[0.00043900644492977036,0.00045138461413671516,0.00045024835645744715,0.00045756883159779512,0.00045024835645744715,0.00045138461413671516,0.00043900644492977036],[0.00042634717760281509,0.00043900644492977036,0.00043758856865013646,0.00044519037234156327,0.00043758856865013646,0.00043900644492977036,0.00042634717760281509]],[[0.0004453367254651856,0.00045799684845485359,0.00045657887852010759,0.00046418120027243864,0.00045657887852010759,0.00045799684845485359,0.0004453367254651856],[0.00045799684845485359,0.00047037582755893634,0.00046923949740200265,0.00047656045544020584,0.00046923949740200265,0.00047037582755893634,0.00045799684845485359],[0.00045657887852010759,0.00046923949740200265,0.00047289208758785958,0.00047655100843182216,0.00047289208758785958,0.00046923949740200265,0.00045657887852010759],[0.00046418120027243864,0.00047656045544020584,0.00047655100843182216,0.00048330866292298815,0.00047655100843182216,0.00047656045544020584,0.00046418120027243864],[0.00045657887852010759,0.00046923949740200265,0.00047289208758785958,0.00047655100843182216,0.00047289208758785958,0.00046923949740200265,0.00045657887852010759],[0.00045799684845485359,0.00047037582755893634,0.00046923949740200265,0.00047656045544020584,0.00046923949740200265,0.00047037582755893634,0.00045799684845485359],[0.0004453367254651856,0.00045799684845485359,0.00045657887852010759,0.00046418120027243864,0.00045657887852010759,0.00045799684845485359,0.0004453367254651856]],[[0.00046432752679071831,0.00047698846585419845,0.00047557040637160914,0.00048317322201848253,0.00047557040637160914,0.00047698846585419845,0.00046432752679071831],[0.00047698846585419845,0.00048936821792075588,0.00048823181846717061,0.00049555323729586062,0.00048823181846717061,0.00048936821792075588,0.00047698846585419845],[0.00047557040637160914,0.00048823181846717061,0.00049188463743801225,0.00049554378744767552,0.00049188463743801225,0.00048823181846717061,0.00047557040637160914],[0.00048317322201848253,0.00049555323729586062,0.00049554378744767552,0.00050230186307464618,0.00049554378744767552,0.00049555323729586062,0.00048317322201848253],[0.00047557040637160914,0.00048823181846717061,0.00049188463743801225,0.00049554378744767552,0.00049188463743801225,0.00048823181846717066,0.00047557040637160914],[0.00047698846585419845,0.00048936821792075588,0.00048823181846717061,0.00049555323729586062,0.00048823181846717066,0.00048936821792075588,0.00047698846585419845],[0.00046432752679071831,0.00047698846585419845,0.00047557040637160914,0.00048317322201848253,0.00047557040637160914,0.00047698846585419845,0.00046432752679071831]],[[0.00048331952395128488,0.00049598124166997141,0.0004945630966352643,0.00050216638346604761,0.0004945630966352643,0.00049598124166997141,0.00048331952395128488],[0.00049598124166997141,0.00050836173121967577,0.00050722526559957167,0.00051454712407133358,0.00050722526559957167,0.00050836173121967577,0.00049598124166997141],[0.0004945630966352643,0.00050722526559957167,0.00051087830286194991,0.00051453767152621194,0.00051087830286194991,0.00050722526559957167,0.0004945630966352643],[0.00050216638346604761,0.00051454712407133358,0.00051453767152621194,0.00052129614898404264,0.00051453767152621194,0.00051454712407133358,0.00050216638346604761],[0.0004945630966352643,0.00050722526559957167,0.00051087830286194991,0.00051453767152621194,0.00051087830286194991,0.00050722526559957167,0.0004945630966352643],[0.00049598124166997141,0.00050836173121967577,0.00050722526559957167,0.00051454712407133358,0.00050722526559957167,0.00050836173121967577,0.00049598124166997141],[0.00048331952395128488,0.00049598124166997141,0.0004945630966352643,0.00050216638346604761,0.0004945630966352643,0.00049598124166997141,0.00048331952395128488]],[[0.00050231266192221559,0.00051497512224653709,0.000513556895579033,0.000521160631795454,0.000513556895579033,0.00051497512224653709,0.00050231266192221559],[0.00051497512224653709,0.00052735631473910618,0.00052621978604509769,0.00053354206362732338,0.00052621978604509769,0.00052735631473910618,0.00051497512224653709],[0.000513556895579033,0.00052621978604509769,0.000529873031391166,0.00053353260848483465,0.000529873031391166,0.00052621978604509769,0.000513556895579033],[0.000521160631795454,0.00053354206362732338,0.00053353260848483465,0.00054029146895693636,0.00053353260848483465,0.00053354206362732338,0.000521160631795454],[0.000513556895579033,0.00052621978604509769,0.000529873031391166,0.00053353260848483465,0.000529873031391166,0.00052621978604509769,0.000513556895579033],[0.00051497512224653709,0.00052735631473910618,0.00052621978604509769,0.00053354206362732338,0.00052621978604509769,0.00052735631473910618,0.00051497512224653709],[0.00050231266192221559,0.00051497512224653709,0.000513556895579033,0.000521160631795454,0.000513556895579033,0.00051497512224653709,0.00050231266192221559]],[[0.00052130688733905545,0.00053397005510333448,0.00053255175066872263,0.00054015591505750943,0.00053255175066872263,0.00053397005510333448,0.00052130688733905545],[0.00053397005510333448,0.00054635191661726932,0.00054521532791417925,0.00055253800447668453,0.00054521532791417925,0.00054635191661726932,0.00053397005510333448],[0.00053255175066872263,0.00054521532791417925,0.00054886877132401864,0.00055252854681003914,0.00054886877132401864,0.00054521532791417925,0.00053255175066872263],[0.00054015591505750943,0.00055253800447668453,0.00055252854681003914,0.00055928777180315492,0.00055252854681003914,0.00055253800447668453,0.00054015591505750943],[0.00053255175066872263,0.00054521532791417925,0.00054886877132401864,0.00055252854681003914,0.00054886877132401864,0.00054521532791417925,0.00053255175066872263],[0.00053397005510333448,0.00054635191661726932,0.00054521532791417925,0.00055253800447668453,0.00054521532791417925,0.00054635191661726932,0.00053397005510333448],[0.00052130688733905545,0.00053397005510333448,0.00053255175066872263,0.00054015591505750943,0.00053255175066872263,0.00053397005510333448,0.00052130688733905545]],[[0.00054030214791900993,0.00055296598853855222,0.00055154761016456492,0.00055915218189480633,0.00055154761016456492,0.00055296598853855222,0.00054030214791900993],[0.00055296598853855222,0.00056534848556376326,0.00056421183989630171,0.00057153489557545067,0.00056421183989630171,0.00056534848556376326,0.00055296598853855222],[0.00055154761016456492,0.00056421183989630171,0.00056786547147491052,0.00057152543544128343,0.00056786547147491052,0.00056421183989630171,0.00055154761016456492],[0.00055915218189480633,0.00057153489557545067,0.00057152543544128343,0.000578285006677948,0.00057152543544128343,0.00057153489557545067,0.00055915218189480633],[0.00055154761016456492,0.00056421183989630171,0.00056786547147491052,0.00057152543544128343,0.00056786547147491052,0.00056421183989630171,0.00055154761016456492],[0.00055296598853855222,0.00056534848556376326,0.00056421183989630171,0.00057153489557545067,0.00056421183989630171,0.00056534848556376326,0.00055296598853855222],[0.00054030214791900993,0.00055296598853855222,0.00055154761016456492,0.00055915218189480633,0.00055154761016456492,0.00055296598853855222,0.00054030214791900993]],[[0.000559298392092509,0.00057196287136559163,0.00057054442285360855,0.00057814938134586723,0.00057054442285360855,0.00057196287136559163,0.000559298392092509],[0.00057196287136559163,0.00058434597066079241,0.00058320927106007879,0.00059053268616684237,0.00058320927106007879,0.00058434597066079241,0.00057196287136559163],[0.00057054442285360855,0.00058320927106007879,0.0005868630809942512,0.00059052322361086065,0.0005868630809942512,0.00058320927106007879,0.00057054442285360855],[0.00057814938134586723,0.00059053268616684237,0.00059052322361086065,0.0005972831229548285,0.00059052322361086065,0.00059053268616684237,0.00057814938134586723],[0.00057054442285360855,0.00058320927106007879,0.0005868630809942512,0.00059052322361086065,0.0005868630809942512,0.00058320927106007879,0.00057054442285360855],[0.00057196287136559163,0.00058434597066079241,0.00058320927106007879,0.00059053268616684237,0.00058320927106007879,0.00058434597066079241,0.00057196287136559163],[0.000559298392092509,0.00057196287136559163,0.00057054442285360855,0.00057814938134586723,0.00057054442285360855,0.00057196287136559163,0.000559298392092509]],[[0.00057829556875542616,0.00059096065272540906,0.00058954213785985849,0.00059714746269652163,0.00058954213785985849,0.00059096065272540906,0.00057829556875542616],[0.00059096065272540906,0.00060334432121246441,0.00060220757070197136,0.00060953132565509335,0.00060220757070197136,0.00060334432121246441,0.00059096065272540906],[0.00058954213785985849,0.00060220757070197136,0.0006058615492285259,0.00060952186071532618,0.0006058615492285259,0.00060220757070197136,0.00058954213785985849],[0.00059714746269652163,0.00060953132565509335,0.00060952186071532618,0.000616282070115766,0.00060952186071532618,0.00060953132565509335,0.00059714746269652163],[0.00058954213785985849,0.00060220757070197136,0.0006058615492285259,0.00060952186071532618,0.0006058615492285259,0.00060220757070197136,0.00058954213785985849],[0.00059096065272540906,0.00060334432121246441,0.00060220757070197136,0.00060953132565509335,0.00060220757070197136,0.00060334432121246441,0.00059096065272540906],[0.00057829556875542616,0.00059096065272540906,0.00058954213785985849,0.00059714746269652163,0.00058954213785985849,0.00059096065272540906,0.00057829556875542616]],[[0.00059729362709034161,0.00060995928194197116,0.00060854070449849835,0.00061614637535757557,0.00060854070449849835,0.00060995928194197116,0.00059729362709034161],[0.00060995928194197116,0.00062234348662102074,0.00062120668822222391,0.00062853076349555538,0.00062120668822222391,0.00062234348662102074,0.00060995928194197116],[0.00060854070449849835,0.00062120668822222391,0.00062486082560262563,0.00062852129620422277,0.00062486082560262563,0.00062120668822222391,0.00060854070449849835],[0.00061614637535757557,0.00062853076349555538,0.00062852129620422277,0.00063528179765045243,0.00062852129620422277,0.00062853076349555538,0.00061614637535757557],[0.00060854070449849835,0.00062120668822222391,0.00062486082560262563,0.00062852129620422277,0.00062486082560262563,0.00062120668822222391,0.00060854070449849835],[0.00060995928194197116,0.00062234348662102074,0.00062120668822222391,0.00062853076349555538,0.00062120668822222391,0.00062234348662102074,0.00060995928194197116],[0.00059729362709034161,0.00060995928194197116,0.00060854070449849835,0.00061614637535757557,0.00060854070449849835,0.00060995928194197116,0.00059729362709034161]],[[0.00061629251642686931,0.00062895870840185138,0.00062754007215466083,0.000635146068756851,0.00062754007215466083,0.00062895870840185138,0.00061629251642686931],[0.00062895870840185138,0.00064134341627777283,0.00064020657301562967,0.00064753094909329549,0.00064020657301562967,0.00064134341627777283,0.00062895870840185138],[0.00062754007215466083,0.00064020657301562967,0.00064386085951411928,0.00064752147947787133,0.00064386085951411928,0.00064020657301562967,0.00062754007215466083],[0.000635146068756851,0.00064753094909329549,0.00064752147947787133,0.00065428225495984919,0.00064752147947787133,0.00064753094909329549,0.000635146068756851],[0.00062754007215466083,0.00064020657301562967,0.00064386085951411928,0.00064752147947787133,0.00064386085951411928,0.00064020657301562967,0.00062754007215466083],[0.00062895870840185138,0.00064134341627777283,0.00064020657301562967,0.00064753094909329549,0.00064020657301562967,0.00064134341627777283,0.00062895870840185138],[0.00061629251642686931,0.00062895870840185138,0.00062754007215466083,0.000635146068756851,0.00062754007215466083,0.00062895870840185138,0.00061629251642686931]],[[0.00063529218612350591,0.00064795888144638617,0.00064654019017553052,0.000654146492238527,0.00064654019017553052,0.00064795888144638617,0.00063529218612350591],[0.00064795888144638617,0.000660344059461286,0.00065920717436979625,0.00066653183170552448,0.00065920717436979625,0.000660344059461286,0.00064795888144638617],[0.00064654019017553052,0.00065920717436979625,0.00066286160023336892,0.00066652235978932953,0.00066286