{"M_cells":[[[0,0,0,0,0,0,0],[0,0,0,0,0,0,0],[0,0,0,0,0,0,0],[0,0,0,0,0,0,0],[0,0,0,0,0,0,0],[0,0,0,0,0,0,0],[0,0,0,0,0,0,0]],[[1.1071042458673853E-11,6.3486096589835948E-11,5.6496043942171968E-11,8.2610816695429474E-11,5.6496043942171968E-11,6.3486096589835948E-11,1.1071042458673853E-11],[6.3486096589835948E-11,2.6710812887728209E-10,2.442611896473204E-10,3.4482471886241215E-10,2.442611896473204E-10,2.6710812887728209E-10,6.3486096589835948E-11],[5.6496043942171968E-11,2.442611896473204E-10,2.9966385386819662E-10,3.5535920191855367E-10,2.9966385386819662E-10,2.442611896473204E-10,5.6496043942171968E-11],[8.2610816695429474E-11,3.4482471886241215E-10,3.5535920191855367E-10,4.685127306788745E-10,3.5535920191855372E-10,3.448247188624122E-10,8.2610816695429474E-11],[5.6496043942171968E-11,2.442611896473204E-10,2.9966385386819662E-10,3.5535920191855372E-10,2.9966385386819662E-10,2.4426118964732045E-10,5.6496043942171968E-11],[6.3486096589835948E-11,2.6710812887728209E-10,2.442611896473204E-10,3.448247188624122E-10,2.4426118964732045E-10,2.6710812887728214E-10,6.3486096589835948E-11],[1.1071042458673853E-11,6.3486096589835948E-11,5.6496043942171968E-11,8.2610816695429474E-11,5.6496043942171968E-11,6.3486096589835948E-11,1.1071042458673853E-11]],[[7.5748609049798976E-11,2.4590418952372036E-10,2.2348023708346776E-10,3.1099215588615121E-10,2.2348023708346776E-10,2.4590418952372036E-10,7.5748609049798976E-11],[2.4590418952372036E-10,6.3343183307867239E-10,5.9050360556701154E-10,7.897108651016064E-10,5.9050360556701154E-10,6.3343183307867239E-10,2.4590418952372036E-10],[2.2348023708346776E-10,5.9050360556701154E-10,6.9809779385522453E-10,8.0606201209932687E-10,6.9809779385522453E-10,5.9050360556701154E-10,2.2348023708346776E-10],[3.1099215588615121E-10,7.897108651016064E-10,8.0606201209932687E-10,1.0212155573417029E-9,8.0606201209932687E-10,7.897108651016064E-10,3.1099215588615121E-10],[2.2348023708346776E-10,5.9050360556701154E-10,6.9809779385522453E-10,8.0606201209932687E-10,6.9809779385522463E-10,5.9050360556701154E-10,2.2348023708346776E-10],[2.4590418952372036E-10,6.3343183307867239E-10,5.9050360556701154E-10,7.897108651016064E-10,5.9050360556701154E-10,6.3343183307867239E-10,2.4590418952372036E-10],[7.5748609049798976E-11,2.4590418952372036E-10,2.2348023708346776E-10,3.1099215588615121E-10,2.2348023708346776E-10,2.4590418952372036E-10,7.5748609049798976E-11]],[[2.2057646736396429E-10,5.3565268599778648E-10,4.94515034021146E-10,6.6093956448791722E-10,4.94515034021146E-10,5.3565268599778648E-10,2.2057646736396429E-10],[5.3565268599778648E-10,1.0893220062644823E-9,1.0288203684938581E-9,1.3219492230609291E-9,1.0288203684938581E-9,1.0893220062644823E-9,5.3565268599778648E-10],[4.94515034021146E-10,1.0288203684938581E-9,1.1846898477348374E-9,1.3409990892711853E-9,1.1846898477348374E-9,1.0288203684938581E-9,4.94515034021146E-10],[6.6093956448791722E-10,1.3219492230609291E-9,1.3409990892711853E-9,1.6480164771354947E-9,1.3409990892711853E-9,1.3219492230609291E-9,6.6093956448791722E-10],[4.94515034021146E-10,1.0288203684938581E-9,1.1846898477348374E-9,1.3409990892711853E-9,1.1846898477348374E-9,1.0288203684938581E-9,4.94515034021146E-10],[5.3565268599778648E-10,1.0893220062644823E-9,1.0288203684938581E-9,1.3219492230609291E-9,1.0288203684938581E-9,1.0893220062644823E-9,5.3565268599778648E-10],[2.2057646736396429E-10,5.3565268599778648E-10,4.94515034021146E-10,6.6093956448791722E-10,4.94515034021146E-10,5.3565268599778648E-10,2.2057646736396429E-10]],[[4.5521934996013419E-10,9.2243363925514E-10,8.6203840456872931E-10,1.1143132107674934E-9,8.6203840456872931E-10,9.2243363925513985E-10,4.5521934996013409E-10],[9.2243363925514E-10,1.62642900286998E-9,1.5506264734739218E-9,1.9316407287443257E-9,1.5506264734739218E-9,1.62642900286998E-9,9.2243363925513985E-10],[8.6203840456872931E-10,1.5506264734739218E-9,1.7508210200916431E-9,1.9515182960810695E-9,1.7508210200916431E-9,1.5506264734739218E-9,8.6203840456872931E-10],[1.1143132107674934E-9,1.9316407287443257E-9,1.9515182960810695E-9,2.3413550716610511E-9,1.9515182960810695E-9,1.9316407287443257E-9,1.1143132107674934E-9],[8.6203840456872931E-10,1.5506264734739218E-9,1.7508210200916431E-9,1.9515182960810695E-9,1.7508210200916431E-9,1.5506264734739218E-9,8.6203840456872931E-10],[9.2243363925513985E-10,1.62642900286998E-9,1.5506264734739218E-9,1.9316407287443257E-9,1.5506264734739218E-9,1.62642900286998E-9,9.2243363925513985E-10],[4.5521934996013409E-10,9.2243363925513985E-10,8.6203840456872931E-10,1.1143132107674934E-9,8.6203840456872931E-10,9.2243363925513985E-10,4.5521934996013409E-10]],[[7.8061661695494465E-10,1.3970602297652746E-9,1.3182220943612536E-9,1.6571274683577534E-9,1.3182220943612536E-9,1.3970602297652746E-9,7.8061661695494455E-10],[1.3970602297652746E-9,2.2372489504415651E-9,2.1481252460238961E-9,2.6105016704955571E-9,2.1481252460238961E-9,2.2372489504415651E-9,1.3970602297652746E-9],[1.3182220943612536E-9,2.1481252460238961E-9,2.3888394119423804E-9,2.6301132721914566E-9,2.3888394119423804E-9,2.1481252460238961E-9,1.3182220943612536E-9],[1.6571274683577534E-9,2.6105016704955571E-9,2.6301132721914566E-9,3.0947127992973237E-9,2.6301132721914566E-9,2.6105016704955571E-9,1.6571274683577534E-9],[1.3182220943612536E-9,2.1481252460238961E-9,2.3888394119423804E-9,2.6301132721914566E-9,2.3888394119423804E-9,2.1481252460238961E-9,1.3182220943612536E-9],[1.3970602297652746E-9,2.2372489504415651E-9,2.1481252460238961E-9,2.6105016704955571E-9,2.1481252460238961E-9,2.2372489504415651E-9,1.3970602297652746E-9],[7.8061661695494455E-10,1.3970602297652746E-9,1.3182220943612536E-9,1.6571274683577534E-9,1.3182220943612536E-9,1.3970602297652746E-9,7.8061661695494455E-10]],[[1.1933841273279106E-9,1.9513164357851695E-9,1.855444880888455E-9,2.2783089884624131E-9,1.855444880888455E-9,1.95131643578517E-9,1.1933841273279106E-9],[1.9513164357851695E-9,2.915048883293775E-9,2.81429205170142E-9,3.3515016124015723E-9,2.81429205170142E-9,2.915048883293775E-9,1.95131643578517E-9],[1.855444880888455E-9,2.81429205170142E-9,3.091958391507974E-9,3.3702360681632895E-9,3.091958391507974E-9,2.8142920517014204E-9,1.8554448808884552E-9],[2.2783089884624131E-9,3.3515016124015723E-9,3.3702360681632895E-9,3.9024290537074511E-9,3.3702360681632895E-9,3.3515016124015727E-9,2.2783089884624131E-9],[1.855444880888455E-9,2.81429205170142E-9,3.091958391507974E-9,3.3702360681632895E-9,3.091958391507974E-9,2.8142920517014204E-9,1.8554448808884552E-9],[1.95131643578517E-9,2.915048883293775E-9,2.8142920517014204E-9,3.3515016124015727E-9,2.8142920517014204E-9,2.9150488832937755E-9,1.95131643578517E-9],[1.1933841273279106E-9,1.95131643578517E-9,1.8554448808884552E-9,2.2783089884624131E-9,1.8554448808884552E-9,1.95131643578517E-9,1.1933841273279106E-9]],[[1.6881748578625749E-9,2.5778471214954951E-9,2.466536947890583E-9,2.9688791763999878E-9,2.4665369478905835E-9,2.5778471214954955E-9,1.6881748578625751E-9],[2.5778471214954951E-9,3.653795137137825E-9,3.5428288118767373E-9,4.148605184383177E-9,3.5428288118767373E-9,3.6537951371378254E-9,2.5778471214954955E-9],[2.466536947890583E-9,3.5428288118767373E-9,3.8541595573319368E-9,4.1661485615314479E-9,3.8541595573319368E-9,3.5428288118767373E-9,2.4665369478905835E-9],[2.9688791763999878E-9,4.148605184383177E-9,4.1661485615314479E-9,4.7595586594180791E-9,4.1661485615314479E-9,4.148605184383177E-9,2.9688791763999878E-9],[2.4665369478905835E-9,3.5428288118767373E-9,3.8541595573319368E-9,4.1661485615314479E-9,3.8541595573319368E-9,3.5428288118767373E-9,2.4665369478905835E-9],[2.5778471214954955E-9,3.6537951371378254E-9,3.5428288118767373E-9,4.148605184383177E-9,3.5428288118767373E-9,3.653795137137825E-9,2.5778471214954955E-9],[1.6881748578625751E-9,2.5778471214954955E-9,2.4665369478905835E-9,2.9688791763999878E-9,2.4665369478905835E-9,2.5778471214954955E-9,1.6881748578625751E-9]],[[2.2589297143372603E-9,3.2700664782489477E-9,3.1448897444042578E-9,3.7214074383408697E-9,3.1448897444042578E-9,3.2700664782489481E-9,2.2589297143372607E-9],[3.2700664782489477E-9,4.4480856238744892E-9,4.3281052483064209E-9,4.9965835091684786E-9,4.3281052483064209E-9,4.4480856238744892E-9,3.2700664782489481E-9],[3.1448897444042578E-9,4.3281052483064209E-9,4.670103523225251E-9,5.0128027892844757E-9,4.670103523225251E-9,4.3281052483064209E-9,3.1448897444042578E-9],[3.7214074383408697E-9,4.9965835091684786E-9,5.0128027892844757E-9,5.6617596271322776E-9,5.0128027892844757E-9,4.9965835091684786E-9,3.7214074383408693E-9],[3.1448897444042578E-9,4.3281052483064209E-9,4.670103523225251E-9,5.0128027892844757E-9,4.670103523225251E-9,4.3281052483064209E-9,3.1448897444042578E-9],[3.2700664782489481E-9,4.4480856238744892E-9,4.3281052483064209E-9,4.9965835091684786E-9,4.3281052483064209E-9,4.4480856238744892E-9,3.2700664782489481E-9],[2.2589297143372607E-9,3.2700664782489481E-9,3.1448897444042578E-9,3.7214074383408693E-9,3.1448897444042578E-9,3.2700664782489481E-9,2.2589297143372607E-9]],[[2.8995258163732607E-9,4.0220784436639054E-9,3.884488491551195E-9,4.529638612570354E-9,3.884488491551195E-9,4.0220784436639054E-9,2.8995258163732611E-9],[4.0220784436639054E-9,5.2930865220976727E-9,5.16509599286121E-9,5.8908730945457362E-9,5.16509599286121E-9,5.2930865220976727E-9,4.0220784436639054E-9],[3.884488491551195E-9,5.16509599286121E-9,5.5350496051467365E-9,5.9057432194288837E-9,5.5350496051467365E-9,5.16509599286121E-9,3.8844884915511959E-9],[4.529638612570354E-9,5.8908730945457362E-9,5.9057432194288837E-9,6.6052033452479364E-9,5.9057432194288837E-9,5.8908730945457362E-9,4.529638612570354E-9],[3.884488491551195E-9,5.16509599286121E-9,5.5350496051467365E-9,5.9057432194288837E-9,5.5350496051467365E-9,5.16509599286121E-9,3.8844884915511959E-9],[4.0220784436639054E-9,5.2930865220976727E-9,5.16509599286121E-9,5.8908730945457362E-9,5.16509599286121E-9,5.2930865220976727E-9,4.0220784436639054E-9],[2.8995258163732611E-9,4.0220784436639054E-9,3.8844884915511959E-9,4.529638612570354E-9,3.8844884915511959E-9,4.0220784436639054E-9,2.8995258163732611E-9]],[[3.6040986113003542E-9,4.8286057831817694E-9,4.67990174203578E-9,5.3882335923189448E-9,4.67990174203578E-9,4.8286057831817694E-9,3.6040986113003542E-9],[4.8286057831817694E-9,6.184473727411924E-9,6.0493186210268856E-9,6.8274676897053352E-9,6.0493186210268856E-9,6.184473727411924E-9,4.8286057831817694E-9],[4.67990174203578E-9,6.0493186210268856E-9,6.4447844353887238E-9,6.8410259531357836E-9,6.4447844353887238E-9,6.0493186210268856E-9,4.6799017420357807E-9],[5.3882335923189448E-9,6.8274676897053352E-9,6.8410259531357836E-9,7.5865016706933784E-9,6.8410259531357836E-9,6.8274676897053352E-9,5.3882335923189448E-9],[4.67990174203578E-9,6.0493186210268856E-9,6.4447844353887238E-9,6.8410259531357836E-9,6.4447844353887238E-9,6.0493186210268856E-9,4.6799017420357807E-9],[4.8286057831817694E-9,6.184473727411924E-9,6.0493186210268856E-9,6.8274676897053352E-9,6.0493186210268856E-9,6.184473727411924E-9,4.8286057831817694E-9],[3.6040986113003542E-9,4.8286057831817694E-9,4.6799017420357807E-9,5.3882335923189448E-9,4.6799017420357807E-9,4.8286057831817694E-9,3.6040986113003542E-9]],[[4.36718842234432E-9,5.6849261112945223E-9,5.5262485076081607E-9,6.292584414072533E-9,5.5262485076081607E-9,5.6849261112945215E-9,4.3671884223443189E-9],[5.6849261112945223E-9,7.1183792036740142E-9,6.9767752417547874E-9,7.8028335120529963E-9,6.9767752417547874E-9,7.1183792036740134E-9,5.6849261112945215E-9],[5.5262485076081607E-9,6.9767752417547874E-9,7.3955589947118639E-9,7.8151512058824248E-9,7.3955589947118639E-9,6.9767752417547874E-9,5.5262485076081607E-9],[6.292584414072533E-9,7.8028335120529963E-9,7.8151512058824248E-9,8.60264695309057E-9,7.8151512058824248E-9,7.8028335120529963E-9,6.292584414072533E-9],[5.5262485076081607E-9,6.9767752417547874E-9,7.3955589947118639E-9,7.8151512058824248E-9,7.3955589947118639E-9,6.9767752417547874E-9,5.5262485076081607E-9],[5.6849261112945215E-9,7.1183792036740134E-9,6.9767752417547874E-9,7.8028335120529963E-9,6.9767752417547874E-9,7.1183792036740142E-9,5.6849261112945223E-9],[4.3671884223443189E-9,5.6849261112945215E-9,5.5262485076081607E-9,6.292584414072533E-9,5.5262485076081607E-9,5.6849261112945223E-9,4.36718842234432E-9]],[[5.1837935252382671E-9,6.5868139217618157E-9,6.4191550198497159E-9,7.2386790603818187E-9,6.4191550198497159E-9,6.5868139217618157E-9,5.1837935252382663E-9],[6.5868139217618157E-9,8.0913422027088339E-9,7.9438988538237465E-9,8.8138414122392368E-9,7.9438988538237465E-9,8.0913422027088339E-9,6.5868139217618157E-9],[6.4191550198497159E-9,7.9438988538237465E-9,8.3840333149983312E-9,8.8250063624492345E-9,8.3840333149983312E-9,7.9438988538237465E-9,6.4191550198497159E-9],[7.2386790603818187E-9,8.8138414122392368E-9,8.8250063624492345E-9,9.650962114475627E-9,8.8250063624492345E-9,8.8138414122392368E-9,7.2386790603818187E-9],[6.4191550198497159E-9,7.9438988538237465E-9,8.3840333149983312E-9,8.8250063624492345E-9,8.3840333149983312E-9,7.9438988538237465E-9,6.4191550198497159E-9],[6.5868139217618157E-9,8.0913422027088339E-9,7.9438988538237465E-9,8.8138414122392368E-9,7.9438988538237465E-9,8.0913422027088339E-9,6.5868139217618157E-9],[5.1837935252382663E-9,6.5868139217618157E-9,6.4191550198497159E-9,7.2386790603818187E-9,6.4191550198497159E-9,6.5868139217618157E-9,5.1837935252382671E-9]],[[6.049374489864582E-9,7.53048806497249E-9,7.35470807235474E-9,8.2230000308719772E-9,7.35470807235474E-9,7.53048806497249E-9,6.0493744898645811E-9],[7.53048806497249E-9,9.10026518864218E-9,8.9475048632703133E-9,9.8577115980466812E-9,8.9475048632703133E-9,9.10026518864218E-9,7.53048806497249E-9],[7.35470807235474E-9,8.9475048632703133E-9,9.40722803147702E-9,9.8678175693058859E-9,9.40722803147702E-9,8.9475048632703133E-9,7.35470807235474E-9],[8.2230000308719772E-9,9.8577115980466812E-9,9.8678175693058859E-9,1.0729058667586695E-8,9.8678175693058859E-9,9.8577115980466812E-9,8.2230000308719772E-9],[7.35470807235474E-9,8.9475048632703133E-9,9.40722803147702E-9,9.8678175693058859E-9,9.40722803147702E-9,8.9475048632703133E-9,7.35470807235474E-9],[7.53048806497249E-9,9.10026518864218E-9,8.9475048632703133E-9,9.8577115980466812E-9,8.9475048632703133E-9,9.10026518864218E-9,7.53048806497249E-9],[6.0493744898645811E-9,7.53048806497249E-9,7.35470807235474E-9,8.2230000308719772E-9,7.35470807235474E-9,7.53048806497249E-9,6.049374489864582E-9]],[[6.9598341291102005E-9,8.5125642655490739E-9,8.3294088132628759E-9,9.2424463077457119E-9,8.3294088132628759E-9,8.5125642655490739E-9,6.9598341291102E-9],[8.5125642655490739E-9,1.0142374213029356E-8,9.984747705129311E-9,1.0931967883457714E-8,9.984747705129311E-9,1.0142374213029356E-8,8.5125642655490739E-9],[8.3294088132628759E-9,9.984747705129311E-9,1.0462481977327687E-8,1.0941108306791915E-8,1.0462481977327687E-8,9.984747705129311E-9,8.3294088132628759E-9],[9.2424463077457119E-9,1.0931967883457714E-8,1.0941108306791915E-8,1.1834801092915733E-8,1.0941108306791915E-8,1.0931967883457714E-8,9.2424463077457119E-9],[8.3294088132628759E-9,9.984747705129311E-9,1.0462481977327687E-8,1.0941108306791915E-8,1.0462481977327687E-8,9.984747705129311E-9,8.3294088132628759E-9],[8.5125642655490739E-9,1.0142374213029356E-8,9.984747705129311E-9,1.0931967883457714E-8,9.984747705129311E-9,1.0142374213029356E-8,8.5125642655490739E-9],[6.9598341291102E-9,8.5125642655490739E-9,8.3294088132628759E-9,9.2424463077457119E-9,8.3294088132628759E-9,8.5125642655490739E-9,6.9598341291102005E-9]],[[7.9114862464103017E-9,9.5300123275927573E-9,9.3401290215369023E-9,1.0294271888396004E-8,9.3401290215369023E-9,9.5300123275927573E-9,7.9114862464103017E-9],[9.5300123275927573E-9,1.1215183432209224E-8,1.1053082277895295E-8,1.2034399321029843E-8,1.1053082277895295E-8,1.1215183432209224E-8,9.5300123275927573E-9],[9.3401290215369023E-9,1.1053082277895295E-8,1.1547415069962274E-8,1.2042663731334903E-8,1.1547415069962274E-8,1.1053082277895295E-8,9.3401290215369023E-9],[1.0294271888396004E-8,1.2034399321029843E-8,1.2042663731334903E-8,1.2966276378141467E-8,1.2042663731334903E-8,1.2034399321029843E-8,1.0294271888396004E-8],[9.3401290215369023E-9,1.1053082277895295E-8,1.1547415069962274E-8,1.2042663731334903E-8,1.1547415069962274E-8,1.1053082277895295E-8,9.3401290215369023E-9],[9.5300123275927573E-9,1.1215183432209224E-8,1.1053082277895295E-8,1.2034399321029843E-8,1.1053082277895295E-8,1.1215183432209224E-8,9.5300123275927573E-9],[7.9114862464103017E-9,9.5300123275927573E-9,9.3401290215369023E-9,1.0294271888396004E-8,9.3401290215369023E-9,9.5300123275927573E-9,7.9114862464103017E-9]],[[8.9010202665121864E-9,1.0580117687678548E-8,1.0384070821046759E-8,1.1376036329429229E-8,1.0384070821046759E-8,1.0580117687678548E-8,8.9010202665121864E-9],[1.0580117687678548E-8,1.2316463431067909E-8,1.2150229791020986E-8,1.3163027674226188E-8,1.2150229791020986E-8,1.2316463431067909E-8,1.0580117687678548E-8],[1.0384070821046759E-8,1.2150229791020986E-8,1.2659895812416327E-8,1.317049983432074E-8,1.2659895812416327E-8,1.2150229791020986E-8,1.0384070821046759E-8],[1.1376036329429229E-8,1.3163027674226188E-8,1.317049983432074E-8,1.4121767800424601E-8,1.317049983432074E-8,1.3163027674226188E-8,1.1376036329429229E-8],[1.0384070821046759E-8,1.2150229791020986E-8,1.2659895812416327E-8,1.317049983432074E-8,1.2659895812416327E-8,1.2150229791020986E-8,1.0384070821046759E-8],[1.0580117687678548E-8,1.2316463431067909E-8,1.2150229791020986E-8,1.3163027674226188E-8,1.2150229791020986E-8,1.2316463431067909E-8,1.0580117687678548E-8],[8.9010202665121864E-9,1.0580117687678548E-8,1.0384070821046759E-8,1.1376036329429229E-8,1.0384070821046759E-8,1.0580117687678548E-8,8.9010202665121864E-9]],[[9.9254654843585315E-9,1.166044697592538E-8,1.1458730164918225E-8,1.2485564213054591E-8,1.1458730164918225E-8,1.166044697592538E-8,9.9254654843585315E-9],[1.166044697592538E-8,1.3444213010313944E-8,1.3274147590188979E-8,1.431607959383224E-8,1.3274147590188979E-8,1.3444213010313944E-8,1.166044697592538E-8],[1.1458730164918225E-8,1.3274147590188979E-8,1.3798012811371319E-8,1.4322836655985516E-8,1.3798012811371319E-8,1.3274147590188979E-8,1.1458730164918225E-8],[1.2485564213054591E-8,1.431607959383224E-8,1.4322836655985516E-8,1.5299732234434221E-8,1.4322836655985516E-8,1.431607959383224E-8,1.2485564213054591E-8],[1.1458730164918225E-8,1.3274147590188979E-8,1.3798012811371319E-8,1.4322836655985516E-8,1.3798012811371319E-8,1.3274147590188979E-8,1.1458730164918225E-8],[1.166044697592538E-8,1.3444213010313944E-8,1.3274147590188979E-8,1.431607959383224E-8,1.3274147590188979E-8,1.3444213010313944E-8,1.166044697592538E-8],[9.9254654843585315E-9,1.166044697592538E-8,1.1458730164918225E-8,1.2485564213054591E-8,1.1458730164918225E-8,1.166044697592538E-8,9.9254654843585315E-9]],[[1.0982156828617672E-8,1.2768817246190989E-8,1.2561864076264229E-8,1.3620911402633281E-8,1.2561864076264229E-8,1.2768817246190989E-8,1.0982156828617672E-8],[1.2768817246190989E-8,1.4596634101255153E-8,1.44230025295405E-8,1.5491962644513082E-8,1.44230025295405E-8,1.4596634101255153E-8,1.2768817246190989E-8],[1.2561864076264229E-8,1.44230025295405E-8,1.496004978833568E-8,1.5498074938261309E-8,1.496004978833568E-8,1.44230025295405E-8,1.2561864076264229E-8],[1.3620911402633281E-8,1.5491962644513082E-8,1.5498074938261309E-8,1.6498780418862604E-8,1.5498074938261309E-8,1.5491962644513082E-8,1.3620911402633281E-8],[1.2561864076264229E-8,1.44230025295405E-8,1.496004978833568E-8,1.5498074938261309E-8,1.496004978833568E-8,1.44230025295405E-8,1.2561864076264229E-8],[1.2768817246190989E-8,1.4596634101255153E-8,1.44230025295405E-8,1.5491962644513082E-8,1.44230025295405E-8,1.4596634101255153E-8,1.2768817246190989E-8],[1.0982156828617672E-8,1.2768817246190989E-8,1.2561864076264229E-8,1.3620911402633281E-8,1.2561864076264229E-8,1.2768817246190989E-8,1.0982156828617672E-8]],[[1.2068703029011739E-8,1.3903268542392833E-8,1.3691461449023585E-8,1.4780336584039498E-8,1.3691461449023585E-8,1.3903268542392833E-8,1.2068703029011739E-8],[1.3903268542392833E-8,1.5772109488023706E-8,1.5595147485220388E-8,1.6689244526062133E-8,1.5595147485220388E-8,1.5772109488023706E-8,1.3903268542392833E-8],[1.3691461449023585E-8,1.5595147485220388E-8,1.6144463629145075E-8,1.6694775712591646E-8,1.6144463629145075E-8,1.5595147485220388E-8,1.3691461449023585E-8],[1.4780336584039498E-8,1.6689244526062133E-8,1.6694775712591646E-8,1.77176597266776E-8,1.6694775712591646E-8,1.6689244526062133E-8,1.4780336584039498E-8],[1.3691461449023585E-8,1.5595147485220388E-8,1.6144463629145075E-8,1.6694775712591646E-8,1.6144463629145075E-8,1.5595147485220388E-8,1.3691461449023585E-8],[1.3903268542392833E-8,1.5772109488023706E-8,1.5595147485220388E-8,1.6689244526062133E-8,1.5595147485220388E-8,1.5772109488023706E-8,1.3903268542392831E-8],[1.2068703029011739E-8,1.3903268542392833E-8,1.3691461449023585E-8,1.4780336584039498E-8,1.3691461449023585E-8,1.3903268542392831E-8,1.2068703029011739E-8]],[[1.3182957527909894E-8,1.5062039479851836E-8,1.4845717126555482E-8,1.5962277009987643E-8,1.4845717126555482E-8,1.5062039479851836E-8,1.3182957527909894E-8],[1.5062039479851836E-8,1.6969183038536932E-8,1.6789100639246982E-8,1.7906634976310972E-8,1.6789100639246982E-8,1.6969183038536932E-8,1.5062039479851836E-8],[1.4845717126555482E-8,1.6789100639246982E-8,1.7349865078027295E-8,1.7911642406246531E-8,1.7349865078027295E-8,1.6789100639246982E-8,1.4845717126555482E-8],[1.5962277009987643E-8,1.7906634976310972E-8,1.7911642406246531E-8,1.8955239069955743E-8,1.7911642406246531E-8,1.7906634976310972E-8,1.5962277009987643E-8],[1.4845717126555482E-8,1.6789100639246982E-8,1.7349865078027295E-8,1.7911642406246531E-8,1.7349865078027295E-8,1.6789100639246982E-8,1.4845717126555482E-8],[1.5062039479851836E-8,1.6969183038536932E-8,1.6789100639246982E-8,1.7906634976310972E-8,1.6789100639246982E-8,1.6969183038536932E-8,1.5062039479851833E-8],[1.3182957527909894E-8,1.5062039479851836E-8,1.4845717126555482E-8,1.5962277009987643E-8,1.4845717126555482E-8,1.5062039479851833E-8,1.318295752790989E-8]],[[1.4322992182190616E-8,1.6243545537430583E-8,1.602300894496327E-8,1.7165327649447861E-8,1.602300894496327E-8,1.6243545537430583E-8,1.4322992182190616E-8],[1.6243545537430583E-8,1.8186542169559425E-8,1.8003527200418297E-8,1.9142969946874909E-8,1.8003527200418297E-8,1.8186542169559425E-8,1.6243545537430583E-8],[1.602300894496327E-8,1.8003527200418297E-8,1.8575001735949155E-8,1.9147505119901886E-8,1.8575001735949155E-8,1.8003527200418297E-8,1.602300894496327E-8],[1.7165327649447861E-8,1.9142969946874909E-8,1.9147505119901886E-8,2.0210495636171195E-8,1.9147505119901886E-8,1.9142969946874909E-8,1.7165327649447861E-8],[1.602300894496327E-8,1.8003527200418297E-8,1.8575001735949155E-8,1.9147505119901886E-8,1.8575001735949155E-8,1.8003527200418297E-8,1.602300894496327E-8],[1.6243545537430583E-8,1.8186542169559425E-8,1.8003527200418297E-8,1.9142969946874909E-8,1.8003527200418297E-8,1.8186542169559425E-8,1.6243545537430583E-8],[1.4322992182190616E-8,1.6243545537430583E-8,1.602300894496327E-8,1.7165327649447861E-8,1.602300894496327E-8,1.6243545537430583E-8,1.4322992182190614E-8]],[[1.5487073648294145E-8,1.744635977655724E-8,1.7221877428273428E-8,1.8388223140702864E-8,1.7221877428273428E-8,1.744635977655724E-8,1.5487073648294145E-8],[1.744635977655724E-8,1.9423002296182876E-8,1.9237223266188866E-8,2.0397197720677109E-8,1.9237223266188866E-8,1.9423002296182876E-8,1.744635977655724E-8],[1.7221877428273428E-8,1.9237223266188866E-8,1.9818743069298175E-8,2.0401306784690168E-8,1.9818743069298175E-8,1.9237223266188866E-8,1.7221877428273428E-8],[1.8388223140702864E-8,2.0397197720677109E-8,2.0401306784690168E-8,2.1482503204442223E-8,2.0401306784690168E-8,2.0397197720677109E-8,1.8388223140702864E-8],[1.7221877428273428E-8,1.9237223266188866E-8,1.9818743069298175E-8,2.0401306784690168E-8,1.9818743069298175E-8,1.9237223266188866E-8,1.7221877428273428E-8],[1.744635977655724E-8,1.9423002296182876E-8,1.9237223266188866E-8,2.0397197720677109E-8,1.9237223266188866E-8,1.9423002296182876E-8,1.744635977655724E-8],[1.5487073648294145E-8,1.744635977655724E-8,1.7221877428273428E-8,1.8388223140702864E-8,1.7221877428273428E-8,1.744635977655724E-8,1.5487073648294145E-8]],[[1.6673642269085075E-8,1.8669195725528684E-8,1.8441007838951206E-8,1.9629822084579516E-8,1.8441007838951206E-8,1.8669195725528684E-8,1.6673642269085075E-8],[1.8669195725528684E-8,2.0677493040655744E-8,2.0489101564391719E-8,2.1668366699387342E-8,2.0489101564391719E-8,2.0677493040655744E-8,1.8669195725528684E-8],[1.8441007838951206E-8,2.0489101564391719E-8,2.1080067174878024E-8,2.16720909518372E-8,2.1080067174878024E-8,2.0489101564391719E-8,1.8441007838951206E-8],[1.9629822084579516E-8,2.1668366699387342E-8,2.16720909518372E-8,2.2770421831143135E-8,2.16720909518372E-8,2.1668366699387342E-8,1.9629822084579516E-8],[1.8441007838951206E-8,2.0489101564391719E-8,2.1080067174878024E-8,2.16720909518372E-8,2.1080067174878024E-8,2.0489101564391719E-8,1.8441007838951206E-8],[1.8669195725528684E-8,2.0677493040655744E-8,2.0489101564391719E-8,2.1668366699387342E-8,2.0489101564391719E-8,2.0677493040655744E-8,1.8669195725528684E-8],[1.6673642269085075E-8,1.8669195725528684E-8,1.8441007838951206E-8,1.9629822084579516E-8,1.8441007838951206E-8,1.8669195725528684E-8,1.6673642269085075E-8]],[[1.7881293250644577E-8,1.991089219047845E-8,1.9679214311216907E-8,2.0889093313265774E-8,1.9679214311216907E-8,1.991089219047845E-8,1.7881293250644577E-8],[1.991089219047845E-8,2.1949045998968815E-8,2.1758178845505733E-8,2.2955614634796203E-8,2.1758178845505733E-8,2.1949045998968815E-8,1.991089219047845E-8],[1.9679214311216907E-8,2.1758178845505733E-8,2.235804908147954E-8,2.2958991004734098E-8,2.235804908147954E-8,2.1758178845505733E-8,1.9679214311216907E-8],[2.0889093313265774E-8,2.2955614634796203E-8,2.2958991004734098E-8,2.4073488727090888E-8,2.2958991004734098E-8,2.2955614634796203E-8,2.0889093313265774E-8],[1.9679214311216907E-8,2.1758178845505733E-8,2.235804908147954E-8,2.2958991004734098E-8,2.235804908147954E-8,2.1758178845505733E-8,1.9679214311216907E-8],[1.991089219047845E-8,2.1949045998968815E-8,2.1758178845505733E-8,2.2955614634796203E-8,2.1758178845505733E-8,2.1949045998968815E-8,1.991089219047845E-8],[1.7881293250644577E-8,1.991089219047845E-8,1.9679214311216907E-8,2.0889093313265774E-8,1.9679214311216907E-8,1.991089219047845E-8,1.7881293250644577E-8]],[[1.9108759910724989E-8,2.1170399777178886E-8,2.0935425821332954E-8,2.2165103842545413E-8,2.0935425821332954E-8,2.1170399777178886E-8,1.9108759910724989E-8],[2.1170399777178886E-8,2.3236783885525405E-8,2.3043564724662409E-8,2.42581591143727E-8,2.3043564724662409E-8,2.3236783885525405E-8,2.1170399777178886E-8],[2.0935425821332954E-8,2.3043564724662409E-8,2.3651850397714412E-8,2.4261220613647754E-8,2.3651850397714412E-8,2.3043564724662409E-8,2.0935425821332954E-8],[2.2165103842545413E-8,2.42581591143727E-8,2.4261220613647754E-8,2.5391010175155834E-8,2.4261220613647754E-8,2.42581591143727E-8,2.2165103842545413E-8],[2.0935425821332954E-8,2.3043564724662409E-8,2.3651850397714412E-8,2.4261220613647754E-8,2.3651850397714412E-8,2.3043564724662409E-8,2.0935425821332954E-8],[2.1170399777178886E-8,2.3236783885525405E-8,2.3043564724662409E-8,2.42581591143727E-8,2.3043564724662409E-8,2.3236783885525405E-8,2.1170399777178886E-8],[1.9108759910724989E-8,2.1170399777178886E-8,2.0935425821332954E-8,2.2165103842545413E-8,2.0935425821332954E-8,2.1170399777178886E-8,1.9108759910724989E-8]],[[2.0354898787161604E-8,2.244676892971329E-8,2.220867377570361E-8,2.34570082693988E-8,2.220867377570361E-8,2.244676892971329E-8,2.0354898787161604E-8],[2.244676892971329E-8,2.4539910896327185E-8,2.4344451797767934E-8,2.5575289140266537E-8,2.4344451797767934E-8,2.4539910896327185E-8,2.244676892971329E-8],[2.220867377570361E-8,2.4344451797767934E-8,2.4960710141016567E-8,2.5578065278523286E-8,2.4960710141016567E-8,2.4344451797767934E-8,2.220867377570361E-8],[2.34570082693988E-8,2.5575289140266537E-8,2.5578065278523286E-8,2.6722354358974574E-8,2.5578065278523286E-8,2.5575289140266537E-8,2.34570082693988E-8],[2.220867377570361E-8,2.4344451797767934E-8,2.4960710141016567E-8,2.5578065278523286E-8,2.4960710141016567E-8,2.4344451797767934E-8,2.220867377570361E-8],[2.244676892971329E-8,2.4539910896327185E-8,2.4344451797767934E-8,2.5575289140266537E-8,2.4344451797767934E-8,2.4539910896327185E-8,2.244676892971329E-8],[2.0354898787161604E-8,2.244676892971329E-8,2.220867377570361E-8,2.34570082693988E-8,2.220867377570361E-8,2.244676892971329E-8,2.0354898787161604E-8]],[[2.1618676407697795E-8,2.3739139312613348E-8,2.349808102288094E-8,2.4764039418293406E-8,2.349808102288094E-8,2.3739139312613348E-8,2.1618676407697795E-8],[2.3739139312613348E-8,2.5857704149358137E-8,2.5660106878250062E-8,2.6906357664632569E-8,2.5660106878250062E-8,2.5857704149358137E-8,2.3739139312613348E-8],[2.349808102288094E-8,2.5660106878250062E-8,2.6283936604385889E-8,2.6908874826534977E-8,2.6283936604385889E-8,2.5660106878250062E-8,2.349808102288094E-8],[2.4764039418293406E-8,2.6906357664632569E-8,2.6908874826534977E-8,2.8066944991552228E-8,2.6908874826534977E-8,2.6906357664632569E-8,2.4764039418293406E-8],[2.349808102288094E-8,2.5660106878250062E-8,2.6283936604385889E-8,2.6908874826534977E-8,2.6283936604385889E-8,2.5660106878250062E-8,2.349808102288094E-8],[2.3739139312613348E-8,2.5857704149358137E-8,2.5660106878250062E-8,2.6906357664632569E-8,2.5660106878250062E-8,2.5857704149358137E-8,2.3739139312613348E-8],[2.1618676407697795E-8,2.3739139312613348E-8,2.349808102288094E-8,2.4764039418293406E-8,2.349808102288094E-8,2.3739139312613348E-8,2.1618676407697795E-8]],[[2.289915753879863E-8,2.5046730382057439E-8,2.4802852118683404E-8,2.6085500071692193E-8,2.4802852118683404E-8,2.5046730382057439E-8,2.289915753879863E-8],[2.5046730382057439E-8,2.7189506077245231E-8,2.6989863220265516E-8,2.8250774963573511E-8,2.6989863220265516E-8,2.7189506077245231E-8,2.5046730382057439E-8],[2.4802852118683404E-8,2.6989863220265516E-8,2.7620900136052028E-8,2.8253056748919906E-8,2.7620900136052028E-8,2.6989863220265516E-8,2.4802852118683404E-8],[2.6085500071692193E-8,2.8250774963573511E-8,2.8253056748919906E-8,2.9424255647651514E-8,2.8253056748919906E-8,2.8250774963573511E-8,2.6085500071692193E-8],[2.4802852118683404E-8,2.6989863220265516E-8,2.7620900136052028E-8,2.8253056748919906E-8,2.7620900136052028E-8,2.6989863220265516E-8,2.4802852118683404E-8],[2.5046730382057439E-8,2.7189506077245231E-8,2.6989863220265516E-8,2.8250774963573511E-8,2.6989863220265516E-8,2.7189506077245231E-8,2.5046730382057439E-8],[2.289915753879863E-8,2.5046730382057439E-8,2.4802852118683404E-8,2.6085500071692193E-8,2.4802852118683404E-8,2.5046730382057439E-8,2.289915753879863E-8]],[[2.4195494748018585E-8,2.6368833009056796E-8,2.61222646944433E-8,2.7420755645862559E-8,2.61222646944433E-8,2.6368833009056796E-8,2.4195494748018585E-8],[2.6368833009056796E-8,2.8534717661921513E-8,2.8333113611066482E-8,2.9608002748164052E-8,2.8333113611066482E-8,2.8534717661921513E-8,2.6368833009056796E-8],[2.61222646944433E-8,2.8333113611066482E-8,2.8971026723263514E-8,2.9610070276818422E-8,2.8971026723263514E-8,2.8333113611066482E-8,2.61222646944433E-8],[2.7420755645862559E-8,2.9608002748164052E-8,2.9610070276818422E-8,3.0793804716607166E-8,2.9610070276818422E-8,2.9608002748164052E-8,2.7420755645862559E-8],[2.61222646944433E-8,2.8333113611066482E-8,2.8971026723263514E-8,2.9610070276818422E-8,2.8971026723263514E-8,2.8333113611066482E-8,2.61222646944433E-8],[2.6368833009056796E-8,2.8534717661921513E-8,2.8333113611066482E-8,2.9608002748164052E-8,2.8333113611066482E-8,2.8534717661921513E-8,2.6368833009056796E-8],[2.4195494748018585E-8,2.6368833009056796E-8,2.61222646944433E-8,2.7420755645862559E-8,2.61222646944433E-8,2.6368833009056796E-8,2.4195494748018585E-8]],[[2.5506919131259735E-8,2.7704802033237204E-8,2.7455661796851703E-8,2.8769227693680558E-8,2.7455661796851703E-8,2.7704802033237204E-8,2.5506919131259735E-8],[2.7704802033237204E-8,2.9892792414034669E-8,2.9689304229893414E-8,3.0977548924589126E-8,2.9689304229893414E-8,2.9892792414034663E-8,2.7704802033237204E-8],[2.7455661796851703E-8,2.9689304229893414E-8,3.0333792285219868E-8,3.0979421108800284E-8,3.0333792285219868E-8,2.968930422989341E-8,2.7455661796851703E-8],[2.8769227693680558E-8,3.0977548924589126E-8,3.0979421108800284E-8,3.2175150903000448E-8,3.0979421108800278E-8,3.097754892458912E-8,2.8769227693680558E-8],[2.7455661796851703E-8,2.9689304229893414E-8,3.0333792285219868E-8,3.0979421108800278E-8,3.0333792285219868E-8,2.968930422989341E-8,2.7455661796851703E-8],[2.7704802033237204E-8,2.9892792414034663E-8,2.968930422989341E-8,3.097754892458912E-8,2.968930422989341E-8,2.9892792414034663E-8,2.7704802033237204E-8],[2.5506919131259735E-8,2.7704802033237204E-8,2.7455661796851703E-8,2.8769227693680558E-8,2.7455661796851703E-8,2.7704802033237204E-8,2.5506919131259735E-8]],[[2.6832732072073914E-8,2.9054049639875111E-8,2.8802445084140903E-8,3.013038813300387E-8,2.8802445084140903E-8,2.9054049639875111E-8,2.6832732072073914E-8],[2.9054049639875111E-8,3.1263231011363487E-8,3.10579291835271E-8,3.2358962926918464E-8,3.10579291835271E-8,3.1263231011363487E-8,2.9054049639875111E-8],[2.8802445084140903E-8,3.10579291835271E-8,3.1708717592100272E-8,3.2360656713860168E-8,3.1708717592100272E-8,3.10579291835271E-8,2.8802445084140903E-8],[3.013038813300387E-8,3.2358962926918464E-8,3.2360656713860168E-8,3.3567889211845588E-8,3.2360656713860168E-8,3.2358962926918464E-8,3.013038813300387E-8],[2.8802445084140903E-8,3.10579291835271E-8,3.1708717592100272E-8,3.2360656713860168E-8,3.1708717592100272E-8,3.10579291835271E-8,2.8802445084140903E-8],[2.9054049639875111E-8,3.1263231011363487E-8,3.10579291835271E-8,3.2358962926918464E-8,3.10579291835271E-8,3.1263231011363487E-8,2.9054049639875111E-8],[2.6832732072073914E-8,2.9054049639875111E-8,2.8802445084140903E-8,3.013038813300387E-8,2.8802445084140903E-8,2.9054049639875111E-8,2.6832732072073914E-8]],[[2.8172297914870629E-8,3.0416039465393414E-8,3.0162068777612752E-8,3.1503754113121961E-8,3.0162068777612752E-8,3.0416039465393414E-8,2.8172297914870629E-8],[3.0416039465393414E-8,3.2645576520676695E-8,3.2438525639731375E-8,3.3751831555808467E-8,3.2438525639731375E-8,3.2645576520676695E-8,3.0416039465393414E-8],[3.0162068777612752E-8,3.2438525639731375E-8,3.3095363737463862E-8,3.3753362143208834E-8,3.3095363737463862E-8,3.2438525639731375E-8,3.0162068777612752E-8],[3.1503754113121961E-8,3.3751831555808467E-8,3.3753362143208834E-8,3.4971647362830772E-8,3.3753362143208834E-8,3.3751831555808467E-8,3.1503754113121961E-8],[3.0162068777612752E-8,3.2438525639731375E-8,3.3095363737463862E-8,3.3753362143208834E-8,3.3095363737463862E-8,3.2438525639731375E-8,3.0162068777612752E-8],[3.0416039465393414E-8,3.2645576520676695E-8,3.2438525639731375E-8,3.3751831555808467E-8,3.2438525639731375E-8,3.2645576520676695E-8,3.0416039465393414E-8],[2.8172297914870629E-8,3.0416039465393414E-8,3.0162068777612752E-8,3.1503754113121961E-8,3.0162068777612752E-8,3.0416039465393414E-8,2.8172297914870629E-8]],[[2.9525037447203393E-8,3.1790281347660844E-8,3.1534034280006428E-8,3.2888883443526585E-8,3.1534034280006428E-8,3.1790281347660844E-8,2.9525037447203393E-8],[3.1790281347660844E-8,3.4039410136438852E-8,3.383066948949468E-8,3.5155775264821435E-8,3.383066948949468E-8,3.4039410136438852E-8,3.1790281347660844E-8],[3.1534034280006428E-8,3.383066948949468E-8,3.4493328100265012E-8,3.5157156292446137E-8,3.4493328100265012E-8,3.383066948949468E-8,3.1534034280006428E-8],[3.2888883443526585E-8,3.5155775264821435E-8,3.5157156292446137E-8,3.6386082584980037E-8,3.5157156292446137E-8,3.5155775264821435E-8,3.2888883443526585E-8],[3.1534034280006428E-8,3.383066948949468E-8,3.4493328100265012E-8,3.5157156292446137E-8,3.4493328100265012E-8,3.383066948949468E-8,3.1534034280006428E-8],[3.1790281347660844E-8,3.4039410136438852E-8,3.383066948949468E-8,3.5155775264821435E-8,3.383066948949468E-8,3.4039410136438852E-8,3.1790281347660844E-8],[2.9525037447203393E-8,3.1790281347660844E-8,3.1534034280006428E-8,3.2888883443526585E-8,3.1534034280006428E-8,3.1790281347660844E-8,2.9525037447203393E-8]],[[3.0890422098381966E-8,3.3176326647290538E-8,3.2917885383061893E-8,3.4285370519084347E-8,3.2917885383061893E-8,3.3176326647290538E-8,3.0890422098381966E-8],[3.3176326647290538E-8,3.5444347377640849E-8,3.5233971477372083E-8,3.6570444843238271E-8,3.5233971477372083E-8,3.5444347377640849E-8,3.3176326647290538E-8],[3.2917885383061893E-8,3.5233971477372083E-8,3.5902240740482863E-8,3.6571688562817386E-8,3.5902240740482863E-8,3.5233971477372083E-8,3.2917885383061893E-8],[3.4285370519084347E-8,3.6570444843238271E-8,3.6571688562817386E-8,3.7810878748967074E-8,3.6571688562817386E-8,3.6570444843238271E-8,3.4285370519084347E-8],[3.2917885383061893E-8,3.5233971477372083E-8,3.5902240740482863E-8,3.6571688562817386E-8,3.5902240740482863E-8,3.5233971477372083E-8,3.2917885383061893E-8],[3.3176326647290538E-8,3.5444347377640849E-8,3.5233971477372083E-8,3.6570444843238271E-8,3.5233971477372083E-8,3.5444347377640849E-8,3.3176326647290538E-8],[3.0890422098381966E-8,3.3176326647290538E-8,3.2917885383061893E-8,3.4285370519084347E-8,3.2917885383061893E-8,3.3176326647290538E-8,3.0890422098381966E-8]],[[3.2267968772375249E-8,3.4573764074861943E-8,3.431320399617105E-8,3.5692842684116559E-8,3.431320399617105E-8,3.4573764074861943E-8,3.2267968772375249E-8],[3.4573764074861943E-8,3.6860034690990233E-8,3.6648073746590985E-8,3.7995518450493795E-8,3.6648073746590985E-8,3.6860034690990233E-8,3.4573764074861943E-8],[3.431320399617105E-8,3.6648073746590985E-8,3.73217611791523E-8,3.7996635876471669E-8,3.73217611791523E-8,3.6648073746590985E-8,3.431320399617105E-8],[3.5692842684116559E-8,3.7995518450493795E-8,3.7996635876471669E-8,3.9245743799441475E-8,3.7996635876471669E-8,3.7995518450493795E-8,3.5692842684116559E-8],[3.431320399617105E-8,3.6648073746590985E-8,3.73217611791523E-8,3.7996635876471669E-8,3.73217611791523E-8,3.6648073746590985E-8,3.431320399617105E-8],[3.4573764074861943E-8,3.6860034690990233E-8,3.6648073746590985E-8,3.7995518450493795E-8,3.6648073746590985E-8,3.6860034690990233E-8,3.4573764074861943E-8],[3.2267968772375249E-8,3.4573764074861943E-8,3.431320399617105E-8,3.5692842684116559E-8,3.431320399617105E-8,3.4573764074861943E-8,3.2267968772375249E-8]],[[3.3657235242597635E-8,3.598221596664424E-8,3.5719606336270517E-8,3.7110956985078128E-8,3.5719606336270517E-8,3.598221596664424E-8,3.3657235242597635E-8],[3.598221596664424E-8,3.8286146414771424E-8,3.8072646751966845E-8,3.943069896275361E-8,3.8072646751966845E-8,3.8286146414771424E-8,3.598221596664424E-8],[3.5719606336270517E-8,3.8072646751966845E-8,3.8751575519467071E-8,3.9431700006020024E-8,3.8751575519467071E-8,3.8072646751966845E-8,3.5719606336270517E-8],[3.7110956985078128E-8,3.943069896275361E-8,3.9431700006020024E-8,4.0690407454164438E-8,3.9431700006020024E-8,3.943069896275361E-8,3.7110956985078128E-8],[3.5719606336270517E-8,3.8072646751966845E-8,3.8751575519467071E-8,3.9431700006020024E-8,3.8751575519467071E-8,3.8072646751966845E-8,3.5719606336270517E-8],[3.598221596664424E-8,3.8286146414771424E-8,3.8072646751966845E-8,3.943069896275361E-8,3.8072646751966845E-8,3.8286146414771424E-8,3.598221596664424E-8],[3.3657235242597635E-8,3.598221596664424E-8,3.5719606336270517E-8,3.7110956985078128E-8,3.5719606336270517E-8,3.598221596664424E-8,3.3657235242597635E-8]],[[3.5057816044611296E-8,3.7401334958175766E-8,3.7136739526366817E-8,3.8539397267715969E-8,3.7136739526366817E-8,3.7401334958175766E-8,3.5057816044611296E-8],[3.7401334958175766E-8,3.9722382063054343E-8,3.9507386499273216E-8,4.0875711596854665E-8,3.9507386499273216E-8,3.9722382063054343E-8,3.7401334958175766E-8],[3.7136739526366817E-8,3.9507386499273216E-8,4.0191393870776633E-8,4.087660518339641E-8,4.0191393870776633E-8,3.9507386499273216E-8,3.7136739526366817E-8],[3.8539397267715969E-8,4.0875711596854665E-8,4.087660518339641E-8,4.2144619140636009E-8,4.087660518339641E-8,4.0875711596854665E-8,3.8539397267715969E-8],[3.7136739526366817E-8,3.9507386499273216E-8,4.0191393870776633E-8,4.087660518339641E-8,4.0191393870776633E-8,3.95073