{"M_cells":[[[0,0,0,0,0,0],[0,0,0,0,0,0],[0,0,0,0,0,0],[0,0,0,0,0,0],[0,0,0,0,0,0],[0,0,0,0,0,0]],[[0.00072512624167135468,0.0017727967258158747,0.0022332588766171184,0.0022332588766171184,0.0017727967258158749,0.00072512624167135489],[0.0017727967258158747,0.0033537790222788939,0.0041146890085958614,0.0041146890085958614,0.0033537790222788939,0.0017727967258158749],[0.0022332588766171184,0.0041146890085958614,0.0050258598845857577,0.0050258598845857577,0.0041146890085958614,0.0022332588766171184],[0.0022332588766171184,0.0041146890085958614,0.0050258598845857577,0.0050258598845857577,0.0041146890085958614,0.0022332588766171184],[0.0017727967258158749,0.0033537790222788939,0.0041146890085958614,0.0041146890085958614,0.0033537790222788939,0.0017727967258158749],[0.00072512624167135489,0.0017727967258158749,0.0022332588766171184,0.0022332588766171184,0.0017727967258158749,0.00072512624167135489]],[[0.002807299796216395,0.0044314610930373524,0.0051943415130804495,0.0051943415130804495,0.0044314610930373524,0.002807299796216395],[0.0044314610930373524,0.0061673439492747539,0.0070521557379613483,0.0070521557379613483,0.0061673439492747539,0.0044314610930373524],[0.0051943415130804495,0.0070521557379613483,0.0079979530403280364,0.0079979530403280364,0.0070521557379613483,0.0051943415130804495],[0.0051943415130804495,0.0070521557379613483,0.0079979530403280364,0.0079979530403280347,0.0070521557379613475,0.0051943415130804495],[0.0044314610930373524,0.0061673439492747539,0.0070521557379613483,0.0070521557379613475,0.0061673439492747539,0.0044314610930373524],[0.002807299796216395,0.0044314610930373524,0.0051943415130804495,0.0051943415130804495,0.0044314610930373524,0.002807299796216395]],[[0.0054066494298801344,0.0072136160059203813,0.0080927794327848683,0.0080927794327848683,0.0072136160059203813,0.0054066494298801344],[0.0072136160059203813,0.0089902906151883549,0.0099147443302639027,0.0099147443302639027,0.0089902906151883549,0.0072136160059203813],[0.0080927794327848683,0.0099147443302639027,0.010861850718891447,0.010861850718891447,0.0099147443302639027,0.0080927794327848683],[0.0080927794327848683,0.0099147443302639027,0.010861850718891447,0.010861850718891447,0.0099147443302639027,0.0080927794327848683],[0.0072136160059203813,0.0089902906151883549,0.0099147443302639027,0.0099147443302639027,0.0089902906151883549,0.0072136160059203813],[0.0054066494298801344,0.0072136160059203813,0.0080927794327848683,0.0080927794327848683,0.0072136160059203813,0.0054066494298801344]],[[0.0081685920403101221,0.010033562672408592,0.010955696406354649,0.010955696406354649,0.010033562672408592,0.0081685920403101221],[0.010033562672408592,0.011824627538120715,0.012763438856863133,0.012763438856863133,0.011824627538120715,0.010033562672408592],[0.010955696406354649,0.012763438856863133,0.013710591745317954,0.013710591745317954,0.012763438856863133,0.010955696406354649],[0.010955696406354649,0.012763438856863133,0.013710591745317954,0.013710591745317954,0.012763438856863133,0.010955696406354649],[0.010033562672408592,0.011824627538120715,0.012763438856863133,0.012763438856863133,0.011824627538120715,0.010033562672408592],[0.0081685920403101221,0.010033562672408592,0.010955696406354649,0.010955696406354649,0.010033562672408592,0.0081685920403101221]],[[0.010982975643654767,0.012867114237897504,0.01380506153242307,0.01380506153242307,0.012867114237897504,0.010982975643654767],[0.012867114237897504,0.014663443235155421,0.015607524825990819,0.015607524825990819,0.014663443235155421,0.012867114237897504],[0.01380506153242307,0.015607524825990819,0.016554674584759916,0.016554674584759916,0.015607524825990819,0.01380506153242307],[0.01380506153242307,0.015607524825990819,0.016554674584759916,0.016554674584759916,0.015607524825990819,0.01380506153242307],[0.012867114237897504,0.014663443235155421,0.015607524825990819,0.015607524825990819,0.014663443235155421,0.012867114237897504],[0.010982975643654767,0.012867114237897504,0.01380506153242307,0.01380506153242307,0.012867114237897504,0.010982975643654767]],[[0.013814952789309068,0.015705649226365075,0.016649411341978112,0.016649411341978112,0.015705649226365075,0.013814952789309068],[0.015705649226365075,0.017503907248524377,0.018449923939166543,0.018449923939166543,0.017503907248524377,0.015705649226365075],[0.016649411341978112,0.018449923939166543,0.019397068289663512,0.019397068289663512,0.018449923939166543,0.016649411341978112],[0.016649411341978112,0.018449923939166543,0.019397068289663512,0.019397068289663512,0.018449923939166543,0.016649411341978112],[0.015705649226365075,0.017503907248524377,0.018449923939166543,0.018449923939166543,0.017503907248524377,0.015705649226365075],[0.013814952789309068,0.015705649226365075,0.016649411341978112,0.016649411341978112,0.015705649226365075,0.013814952789309068]],[[0.016653013468190744,0.01854600683090089,0.019491904841948807,0.019491904841948807,0.01854600683090089,0.016653013468190744],[0.01854600683090089,0.020344968162255443,0.0212916934093351,0.0212916934093351,0.020344968162255443,0.01854600683090089],[0.019491904841948807,0.0212916934093351,0.022238832408128663,0.022238832408128663,0.0212916934093351,0.019491904841948807],[0.019491904841948807,0.0212916934093351,0.022238832408128663,0.022238832408128663,0.0212916934093351,0.019491904841948807],[0.01854600683090089,0.020344968162255443,0.0212916934093351,0.0212916934093351,0.020344968162255443,0.01854600683090089],[0.016653013468190744,0.01854600683090089,0.019491904841948807,0.019491904841948807,0.01854600683090089,0.016653013468190744]],[[0.01949321767889213,0.021387025302037115,0.022333705850096603,0.022333705850096603,0.021387025302037115,0.01949321767889213],[0.021387025302037115,0.023186239483100723,0.024133222268862865,0.024133222268862865,0.023186239483100723,0.021387025302037115],[0.022333705850096603,0.024133222268862865,0.025080356218974621,0.025080356218974621,0.024133222268862865,0.022333705850096603],[0.022333705850096603,0.024133222268862865,0.025080356218974621,0.025080356218974621,0.024133222268862865,0.022333705850096603],[0.021387025302037115,0.023186239483100723,0.024133222268862865,0.024133222268862865,0.023186239483100723,0.021387025302037115],[0.01949321767889213,0.021387025302037115,0.022333705850096603,0.022333705850096603,0.021387025302037115,0.01949321767889213]],[[0.02233418221587798,0.024228277929133523,0.025175243309119136,0.025175243309119136,0.024228277929133523,0.02233418221587798],[0.024228277929133523,0.026027579643923538,0.026974654250044066,0.026974654250044066,0.026027579643923538,0.024228277929133523],[0.025175243309119136,0.026974654250044066,0.027921783481891865,0.027921783481891865,0.026974654250044066,0.025175243309119136],[0.025175243309119136,0.026974654250044066,0.027921783481891865,0.027921783481891865,0.026974654250044066,0.025175243309119136],[0.024228277929133523,0.026027579643923538,0.026974654250044066,0.026974654250044066,0.026027579643923538,0.024228277929133523],[0.02233418221587798,0.024228277929133523,0.025175243309119136,0.025175243309119136,0.024228277929133523,0.02233418221587798]],[[0.025175413487187125,0.027069608321989656,0.028016675623832032,0.028016675623832032,0.027069608321989656,0.025175413487187125],[0.027069608321989656,0.028868937097718612,0.029816042741534415,0.029816042741534415,0.028868937097718612,0.027069608321989656],[0.028016675623832032,0.029816042741534415,0.030763167556528671,0.030763167556528671,0.029816042741534415,0.028016675623832032],[0.028016675623832032,0.029816042741534415,0.030763167556528671,0.030763167556528668,0.029816042741534415,0.028016675623832032],[0.027069608321989656,0.028868937097718612,0.029816042741534415,0.029816042741534415,0.028868937097718612,0.027069608321989656],[0.025175413487187125,0.027069608321989656,0.028016675623832032,0.028016675623832032,0.027069608321989656,0.025175413487187125]],[[0.028016733727558321,0.029910959442455632,0.030858061546135795,0.030858061546135795,0.029910959442455632,0.028016733727558321],[0.029910959442455632,0.031710293315650624,0.032657407789293456,0.032657407789293456,0.031710293315650624,0.029910959442455632],[0.030858061546135795,0.032657407789293456,0.033604528443133337,0.033604528443133337,0.032657407789293456,0.030858061546135795],[0.030858061546135795,0.032657407789293456,0.033604528443133337,0.033604528443133337,0.032657407789293456,0.030858061546135795],[0.029910959442455632,0.031710293315650624,0.032657407789293456,0.032657407789293456,0.031710293315650624,0.029910959442455632],[0.028016733727558321,0.029910959442455632,0.030858061546135795,0.030858061546135795,0.029910959442455632,0.028016733727558321]],[[0.030858078730654798,0.032752310706771627,0.033699423061913467,0.033699423061913467,0.032752310706771627,0.030858078730654798],[0.032752310706771627,0.034551641821502221,0.035498757077544393,0.035498757077544393,0.034551641821502221,0.032752310706771627],[0.033699423061913467,0.035498757077544393,0.036445873777027446,0.036445873777027446,0.035498757077544393,0.033699423061913467],[0.033699423061913467,0.035498757077544393,0.036445873777027446,0.036445873777027446,0.035498757077544393,0.033699423061913467],[0.032752310706771627,0.034551641821502221,0.035498757077544393,0.035498757077544393,0.034551641821502221,0.032752310706771627],[0.030858078730654798,0.032752310706771627,0.033699423061913467,0.033699423061913467,0.032752310706771627,0.030858078730654798]],[[0.0336994254077878,0.035593654850899527,0.036540768538328307,0.036540768538328307,0.035593654850899527,0.0336994254077878],[0.035593654850899527,0.0373929804852118,0.038340093656138559,0.038340093656138559,0.0373929804852118,0.035593654850899527],[0.036540768538328307,0.038340093656138559,0.039287206560584619,0.039287206560584619,0.038340093656138559,0.036540768538328307],[0.036540768538328307,0.038340093656138559,0.039287206560584619,0.039287206560584619,0.038340093656138559,0.036540768538328307],[0.035593654850899527,0.0373929804852118,0.038340093656138559,0.038340093656138559,0.0373929804852118,0.035593654850899527],[0.0336994254077878,0.035593654850899527,0.036540768538328307,0.036540768538328307,0.035593654850899527,0.0336994254077878]],[[0.036540765581737293,0.038434989425620396,0.039382101247999547,0.039382101247999547,0.038434989425620396,0.036540765581737293],[0.038434989425620396,0.040234308694171647,0.0411814187903999,0.0411814187903999,0.040234308694171647,0.038434989425620396],[0.039382101247999547,0.0411814187903999,0.042128528014462985,0.042128528014462985,0.0411814187903999,0.039382101247999547],[0.039382101247999547,0.0411814187903999,0.042128528014462985,0.042128528014462985,0.0411814187903999,0.039382101247999547],[0.038434989425620396,0.040234308694171647,0.0411814187903999,0.0411814187903999,0.040234308694171647,0.038434989425620396],[0.036540765581737293,0.038434989425620396,0.039382101247999547,0.039382101247999547,0.038434989425620396,0.036540765581737293]],[[0.039382096449654992,0.041276313673744125,0.042223422511731938,0.042223422511731938,0.041276313673744125,0.039382096449654992],[0.041276313673744125,0.043075626318437955,0.044022733015455374,0.044022733015455374,0.043075626318437955,0.041276313673744125],[0.042223422511731938,0.044022733015455374,0.044969838632159712,0.044969838632159712,0.044022733015455374,0.042223422511731938],[0.042223422511731938,0.044022733015455374,0.044969838632159712,0.044969838632159712,0.044022733015455374,0.042223422511731938],[0.041276313673744125,0.043075626318437955,0.044022733015455374,0.044022733015455374,0.043075626318437955,0.041276313673744125],[0.039382096449654992,0.041276313673744125,0.042223422511731938,0.042223422511731938,0.041276313673744125,0.039382096449654992]],[[0.042223417102125856,0.044117627386819278,0.045064732860329658,0.045064732860329658,0.044117627386819278,0.042223417102125856],[0.044117627386819278,0.045916933335208771,0.046864036529130411,0.046864036529130411,0.045916933335208771,0.044117627386819278],[0.045064732860329658,0.046864036529130411,0.04781113857272426,0.04781113857272426,0.046864036529130411,0.045064732860329658],[0.045064732860329658,0.046864036529130411,0.04781113857272426,0.04781113857272426,0.046864036529130411,0.045064732860329658],[0.044117627386819278,0.045916933335208771,0.046864036529130411,0.046864036529130411,0.045916933335208771,0.044117627386819278],[0.042223417102125856,0.044117627386819278,0.045064732860329658,0.045064732860329658,0.044117627386819278,0.042223417102125856]],[[0.045064727252741847,0.04695893048942839,0.047906032466796596,0.047906032466796596,0.04695893048942839,0.045064727252741847],[0.04695893048942839,0.04875822969515297,0.049705329340768704,0.049705329340768704,0.04875822969515297,0.04695893048942839],[0.047906032466796596,0.049705329340768704,0.05065242780926775,0.05065242780926775,0.049705329340768704,0.047906032466796596],[0.047906032466796596,0.049705329340768704,0.05065242780926775,0.05065242780926775,0.049705329340768704,0.047906032466796596],[0.04695893048942839,0.04875822969515297,0.049705329340768704,0.049705329340768704,0.04875822969515297,0.04695893048942839],[0.045064727252741847,0.04695893048942839,0.047906032466796596,0.047906032466796596,0.04695893048942839,0.045064727252741847]],[[0.04790602677647969,0.049800222890491866,0.0507473213093722,0.0507473213093722,0.049800222890491866,0.04790602677647969],[0.049800222890491866,0.051599515277054017,0.052546611329584651,0.052546611329584651,0.051599515277054017,0.049800222890491866],[0.0507473213093722,0.052546611329584651,0.053493706186977533,0.053493706186977533,0.052546611329584651,0.0507473213093722],[0.0507473213093722,0.052546611329584651,0.053493706186977533,0.053493706186977533,0.052546611329584651,0.0507473213093722],[0.049800222890491866,0.051599515277054017,0.052546611329584651,0.052546611329584651,0.051599515277054017,0.049800222890491866],[0.04790602677647969,0.049800222890491866,0.0507473213093722,0.0507473213093722,0.049800222890491866,0.04790602677647969]],[[0.05074731554414031,0.052641504432161125,0.053588599234907525,0.053588599234907525,0.052641504432161125,0.05074731554414031],[0.052641504432161125,0.054440789874333373,0.055387882269136712,0.055387882269136712,0.054440789874333373,0.052641504432161125],[0.053588599234907525,0.055387882269136712,0.056334973447261336,0.056334973447261336,0.055387882269136712,0.053588599234907525],[0.053588599234907525,0.055387882269136712,0.056334973447261336,0.056334973447261336,0.055387882269136712,0.053588599234907525],[0.052641504432161125,0.054440789874333373,0.055387882269136712,0.055387882269136712,0.054440789874333373,0.052641504432161125],[0.05074731554414031,0.052641504432161125,0.053588599234907525,0.053588599234907525,0.052641504432161125,0.05074731554414031]],[[0.05358859336490291,0.055482774874027939,0.056429865984988982,0.056429865984988982,0.055482774874027939,0.05358859336490291],[0.055482774874027939,0.057282053192741746,0.058229141838786982,0.058229141838786982,0.057282053192741746,0.055482774874027939],[0.056429865984988982,0.058229141838786982,0.059176229238897371,0.059176229238897371,0.058229141838786982,0.056429865984988982],[0.056429865984988982,0.058229141838786982,0.059176229238897371,0.059176229238897371,0.058229141838786982,0.056429865984988982],[0.055482774874027939,0.057282053192741746,0.058229141838786982,0.058229141838786982,0.057282053192741746,0.055482774874027939],[0.05358859336490291,0.055482774874027939,0.056429865984988982,0.056429865984988982,0.055482774874027939,0.05358859336490291]],[[0.056429859968027657,0.058324033889769339,0.059271121207820972,0.059271121207820972,0.058324033889769339,0.056429859968027657],[0.058324033889769339,0.060123304851632753,0.06107038962986433,0.06107038962986433,0.060123304851632753,0.058324033889769339],[0.059271121207820972,0.06107038962986433,0.062017473123910961,0.062017473123910961,0.06107038962986433,0.059271121207820972],[0.059271121207820972,0.06107038962986433,0.062017473123910961,0.062017473123910961,0.06107038962986433,0.059271121207820972],[0.058324033889769339,0.060123304851632753,0.06107038962986433,0.06107038962986433,0.060123304851632753,0.058324033889769339],[0.056429859968027657,0.058324033889769339,0.059271121207820972,0.059271121207820972,0.058324033889769339,0.056429859968027657]],[[0.059271114998428416,0.061165281067874527,0.062112364464383035,0.062112364464383035,0.061165281067874541,0.059271114998428423],[0.061165281067874527,0.062964544386085647,0.063911625149421239,0.063911625149421239,0.062964544386085647,0.061165281067874541],[0.062112364464383035,0.063911625149421239,0.064858704581067,0.064858704581067,0.063911625149421239,0.062112364464383035],[0.062112364464383035,0.063911625149421239,0.064858704581067,0.064858704581067,0.063911625149421239,0.062112364464383028],[0.061165281067874541,0.062964544386085647,0.063911625149421239,0.063911625149421239,0.062964544386085647,0.061165281067874534],[0.059271114998428423,0.061165281067874541,0.062112364464383035,0.062112364464383028,0.061165281067874534,0.059271114998428416]],[[0.062112358016850548,0.064006515913404824,0.064953595232028358,0.064953595232028358,0.064006515913404824,0.062112358016850555],[0.064006515913404824,0.065805771248895778,0.0667528478226747,0.0667528478226747,0.065805771248895778,0.064006515913404824],[0.064953595232028358,0.0667528478226747,0.0676999230080667,0.0676999230080667,0.0667528478226747,0.064953595232028358],[0.064953595232028358,0.0667528478226747,0.0676999230080667,0.0676999230080667,0.0667528478226747,0.064953595232028344],[0.064006515913404824,0.065805771248895778,0.0667528478226747,0.0667528478226747,0.065805771248895778,0.064006515913404824],[0.062112358016850555,0.064006515913404824,0.064953595232028358,0.064953595232028344,0.064006515913404824,0.062112358016850555]],[[0.064953588501288573,0.066847737849703326,0.067794812906722207,0.067794812906722207,0.066847737849703326,0.064953588501288573],[0.066847737849703326,0.068646984812108014,0.06959405699456564,0.06959405699456564,0.068646984812108014,0.066847737849703326],[0.067794812906722207,0.06959405699456564,0.07054112772288168,0.07054112772288168,0.06959405699456564,0.067794812906722207],[0.067794812906722207,0.06959405699456564,0.07054112772288168,0.07054112772288168,0.06959405699456564,0.067794812906722207],[0.066847737849703326,0.068646984812108014,0.06959405699456564,0.06959405699456564,0.068646984812108014,0.066847737849703326],[0.064953588501288573,0.066847737849703326,0.067794812906722207,0.067794812906722207,0.066847737849703326,0.064953588501288573]],[[0.0677948058484455,0.069688946219688963,0.070636016804396642,0.070636016804396642,0.069688946219688963,0.0677948058484455],[0.069688946219688963,0.071488184368003291,0.072435251930626013,0.072435251930626013,0.071488184368003291,0.069688946219688963],[0.070636016804396642,0.072435251930626013,0.073382317964411747,0.073382317964411747,0.072435251930626013,0.070636016804396642],[0.070636016804396642,0.072435251930626013,0.073382317964411747,0.073382317964411747,0.072435251930626013,0.070636016804396642],[0.069688946219688963,0.071488184368003291,0.072435251930626013,0.072435251930626013,0.071488184368003291,0.069688946219688963],[0.0677948058484455,0.069688946219688963,0.070636016804396642,0.070636016804396642,0.069688946219688963,0.0677948058484455]],[[0.070636009374811792,0.072530140286631128,0.07347720616161571,0.07347720616161571,0.072530140286631128,0.070636009374811792],[0.072530140286631128,0.074329369129531767,0.075276431817245956,0.075276431817245956,0.074329369129531767,0.072530140286631128],[0.07347720616161571,0.075276431817245956,0.076223492892557171,0.076223492892557171,0.075276431817245956,0.07347720616161571],[0.07347720616161571,0.075276431817245956,0.076223492892557171,0.076223492892557171,0.075276431817245956,0.07347720616161571],[0.072530140286631128,0.074329369129531767,0.075276431817245956,0.075276431817245956,0.074329369129531767,0.072530140286631128],[0.070636009374811792,0.072530140286631128,0.07347720616161571,0.07347720616161571,0.072530140286631128,0.070636009374811792]],[[0.073477198317247291,0.075371319234378828,0.0763183801356529,0.0763183801356529,0.075371319234378828,0.073477198317247291],[0.075371319234378828,0.077170538230206,0.078117595761394265,0.078117595761394265,0.077170538230206,0.075371319234378828],[0.0763183801356529,0.078117595761394265,0.079064651587756551,0.079064651587756551,0.078117595761394265,0.0763183801356529],[0.0763183801356529,0.078117595761394265,0.079064651587756551,0.079064651587756551,0.078117595761394265,0.0763183801356529],[0.075371319234378828,0.077170538230206,0.078117595761394265,0.078117595761394265,0.077170538230206,0.075371319234378828],[0.073477198317247291,0.075371319234378828,0.0763183801356529,0.0763183801356529,0.075371319234378828,0.073477198317247291]],[[0.07631837183303819,0.078212482167070718,0.079159537804025265,0.079159537804025265,0.078212482167070718,0.07631837183303819],[0.078212482167070718,0.080011690723483353,0.080958742789827981,0.080958742789827981,0.080011690723483353,0.078212482167070718],[0.079159537804025265,0.080958742789827981,0.0819057930500246,0.0819057930500246,0.080958742789827981,0.079159537804025265],[0.079159537804025265,0.080958742789827981,0.0819057930500246,0.0819057930500246,0.080958742789827981,0.079159537804025265],[0.078212482167070718,0.080011690723483353,0.080958742789827981,0.080958742789827981,0.080011690723483353,0.078212482167070718],[0.07631837183303819,0.078212482167070718,0.079159537804025265,0.079159537804025265,0.078212482167070718,0.07631837183303819]],[[0.079159528999434847,0.0810536281083403,0.082000678163537538,0.082000678163537538,0.0810536281083403,0.079159528999434847],[0.0810536281083403,0.082852825581662487,0.08379987184782639,0.08379987184782639,0.082852825581662487,0.0810536281083403],[0.082000678163537538,0.08379987184782639,0.084746916197523323,0.084746916197523323,0.08379987184782639,0.082000678163537538],[0.082000678163537538,0.08379987184782639,0.084746916197523323,0.084746916197523323,0.08379987184782639,0.082000678163537538],[0.0810536281083403,0.082852825581662487,0.08379987184782639,0.08379987184782639,0.082852825581662487,0.0810536281083403],[0.079159528999434847,0.0810536281083403,0.082000678163537538,0.082000678163537538,0.0810536281083403,0.079159528999434847]],[[0.082000668812707858,0.083894756000043591,0.084841800128841655,0.084841800128841655,0.083894756000043591,0.082000668812707858],[0.083894756000043591,0.085693941694311881,0.086640981797459812,0.086640981797459812,0.085693941694311881,0.083894756000043591],[0.084841800128841655,0.086640981797459812,0.087588019864675168,0.087588019864675168,0.086640981797459812,0.084841800128841655],[0.084841800128841655,0.086640981797459812,0.087588019864675168,0.087588019864675168,0.086640981797459812,0.084841800128841655],[0.083894756000043591,0.085693941694311881,0.086640981797459812,0.086640981797459812,0.085693941694311881,0.083894756000043591],[0.082000668812707858,0.083894756000043591,0.084841800128841655,0.084841800128841655,0.083894756000043591,0.082000668812707858]],[[0.084841790186715768,0.086735864700522525,0.0876829025305505,0.0876829025305505,0.086735864700522525,0.084841790186715768],[0.086735864700522525,0.088535037866249319,0.089482071415419737,0.089482071415419737,0.088535037866249319,0.086735864700522525],[0.0876829025305505,0.089482071415419737,0.090429102799843786,0.090429102799843786,0.089482071415419737,0.0876829025305505],[0.0876829025305505,0.089482071415419737,0.090429102799843786,0.090429102799843786,0.089482071415419737,0.0876829025305505],[0.086735864700522525,0.088535037866249319,0.089482071415419737,0.089482071415419737,0.088535037866249319,0.086735864700522525],[0.084841790186715768,0.086735864700522525,0.0876829025305505,0.0876829025305505,0.086735864700522525,0.084841790186715768]],[[0.087682891951027672,0.089576952982430569,0.090523984112908934,0.090523984112908934,0.089576952982430569,0.087682891951027672],[0.089576952982430569,0.091376112815089713,0.092323139390418446,0.092323139390418446,0.091376112815089713,0.089576952982430569],[0.090523984112908934,0.092323139390418446,0.09327016366258889,0.09327016366258889,0.092323139390418446,0.090523984112908934],[0.090523984112908934,0.092323139390418446,0.09327016366258889,0.09327016366258889,0.092323139390418446,0.090523984112908934],[0.089576952982430569,0.091376112815089713,0.092323139390418446,0.092323139390418446,0.091376112815089713,0.089576952982430569],[0.087682891951027672,0.089576952982430569,0.090523984112908934,0.090523984112908934,0.089576952982430569,0.087682891951027672]],[[0.090523972848608067,0.092418019530124129,0.093365043531043343,0.093365043531043343,0.092418019530124129,0.090523972848608067],[0.092418019530124129,0.094217165168368033,0.0951641843201706,0.0951641843201706,0.094217165168368033,0.092418019530124129],[0.093365043531043343,0.0951641843201706,0.096111201020506493,0.096111201020506493,0.0951641843201706,0.093365043531043343],[0.093365043531043343,0.0951641843201706,0.096111201020506493,0.096111201020506493,0.0951641843201706,0.093365043531043343],[0.092418019530124129,0.094217165168368033,0.0951641843201706,0.0951641843201706,0.094217165168368033,0.092418019530124129],[0.090523972848608067,0.092418019530124129,0.093365043531043343,0.093365043531043343,0.092418019530124129,0.090523972848608067]],[[0.0933650315330655,0.095259062936634331,0.096206079347789991,0.096206079347789991,0.095259062936634331,0.0933650315330655],[0.095259062936634331,0.097058193460245981,0.09800520470795937,0.09800520470795937,0.097058193460245981,0.095259062936634331],[0.096206079347789991,0.09800520470795937,0.098952213345656237,0.098952213345656237,0.09800520470795937,0.096206079347789991],[0.096206079347789991,0.09800520470795937,0.098952213345656237,0.098952213345656237,0.09800520470795937,0.096206079347789991],[0.095259062936634331,0.097058193460245981,0.09800520470795937,0.09800520470795937,0.097058193460245981,0.095259062936634331],[0.0933650315330655,0.095259062936634331,0.096206079347789991,0.096206079347789991,0.095259062936634331,0.0933650315330655]],[[0.0962060665654889,0.098100081700220373,0.0990470900301087,0.0990470900301087,0.098100081700220373,0.0962060665654889],[0.098100081700220373,0.0998991961278033,0.10084619895878946,0.10084619895878946,0.0998991961278033,0.098100081700220373],[0.0990470900301087,0.10084619895878946,0.10179319901057649,0.10179319901057649,0.10084619895878946,0.0990470900301087],[0.0990470900301087,0.10084619895878946,0.10179319901057649,0.10179319901057649,0.10084619895878946,0.0990470900301087],[0.098100081700220373,0.0998991961278033,0.10084619895878946,0.10084619895878946,0.0998991961278033,0.098100081700220373],[0.0962060665654889,0.098100081700220373,0.0990470900301087,0.0990470900301087,0.098100081700220373,0.0962060665654889]],[[0.099047076410866255,0.10094107422051891,0.10188807394509175,0.10188807394509175,0.10094107422051891,0.099047076410866255],[0.10094107422051891,0.10274017150692558,0.10368716537513645,0.10368716537513645,0.10274017150692558,0.10094107422051891],[0.10188807394509175,0.10368716537513645,0.10463415628389644,0.10463415628389644,0.10368716537513645,0.10188807394509175],[0.10188807394509175,0.10368716537513645,0.10463415628389644,0.10463415628389644,0.10368716537513645,0.10188807394509175],[0.10094107422051891,0.10274017150692558,0.10368716537513645,0.10368716537513645,0.10274017150692558,0.10094107422051891],[0.099047076410866255,0.10094107422051891,0.10188807394509175,0.10188807394509175,0.10094107422051891,0.099047076410866255]],[[0.10188805943408941,0.1037820387942666,0.10472902935555459,0.10472902935555459,0.1037820387942666,0.10188805943408941],[0.1037820387942666,0.10558111782776648,0.10652810215227303,0.10652810215227303,0.10558111782776648,0.1037820387942666],[0.10472902935555459,0.10652810215227303,0.10747508332552426,0.10747508332552426,0.10652810215227303,0.10472902935555459],[0.10472902935555459,0.10652810215227303,0.10747508332552426,0.10747508332552426,0.10652810215227303,0.10472902935555459],[0.1037820387942666,0.10558111782776648,0.10652810215227303,0.10652810215227303,0.10558111782776648,0.1037820387942666],[0.10188805943408941,0.1037820387942666,0.10472902935555459,0.10472902935555459,0.1037820387942666,0.10188805943408941]],[[0.10472901389554505,0.10662297361061926,0.10756995441521211,0.10756995441521211,0.10662297361061926,0.10472901389554505],[0.10662297361061926,0.108422033209801,0.10936900737318139,0.10936900737318139,0.108422033209801,0.10662297361061926],[0.10756995441521211,0.10936900737318139,0.11031597818141937,0.11031597818141937,0.10936900737318139,0.10756995441521211],[0.10756995441521211,0.10936900737318139,0.11031597818141937,0.11031597818141937,0.10936900737318139,0.10756995441521211],[0.10662297361061926,0.108422033209801,0.10936900737318139,0.10936900737318139,0.108422033209801,0.10662297361061926],[0.10472901389554505,0.10662297361061926,0.10756995441521211,0.10756995441521211,0.10662297361061926,0.10472901389554505]],[[0.10756993794629141,0.1094638767460441,0.11041084716342965,0.11041084716342965,0.1094638767460441,0.10756993794629141],[0.1094638767460441,0.11126291565644796,0.11220987900303392,0.11220987900303392,0.11126291565644796,0.1094638767460441],[0.11041084716342965,0.11220987900303392,0.11315683877793141,0.11315683877793141,0.11220987900303392,0.11041084716342965],[0.11041084716342965,0.11220987900303392,0.11315683877793141,0.11315683877793141,0.11220987900303392,0.11041084716342965],[0.1094638767460441,0.11126291565644796,0.11220987900303392,0.11220987900303392,0.11126291565644796,0.1094638767460441],[0.10756993794629141,0.1094638767460441,0.11041084716342965,0.11041084716342965,0.1094638767460441,0.10756993794629141]],[[0.11041082962280308,0.112304746158785,0.11325170551954931,0.11325170551954931,0.112304746158785,0.11041082962280308],[0.112304746158785,0.11410376304926141,0.11505071488324119,0.11505071488324119,0.11410376304926141,0.112304746158785],[0.11325170551954931,0.11505071488324119,0.11599766291570228,0.11599766291570228,0.11505071488324119,0.11325170551954931],[0.11325170551954931,0.11505071488324119,0.11599766291570228,0.11599766291570228,0.11505071488324119,0.11325170551954931],[0.112304746158785,0.11410376304926141,0.11505071488324119,0.11505071488324119,0.11410376304926141,0.112304746158785],[0.11041082962280308,0.112304746158785,0.11325170551954931,0.11325170551954931,0.112304746158785,0.11041082962280308]],[[0.11325168684129373,0.11514557968288314,0.11609252727676028,0.11609252727676028,0.11514557968288314,0.11325168684129373],[0.11514557968288314,0.11694457314166708,0.11789151272503848,0.11789151272503848,0.11694457314166708,0.11514557968288314],[0.11609252727676028,0.11789151272503848,0.11883844826310312,0.11883844826310312,0.11789151272503848,0.11609252727676028],[0.11609252727676028,0.11789151272503848,0.11883844826310312,0.11883844826310312,0.11789151272503848,0.11609252727676028],[0.11514557968288314,0.11694457314166708,0.11789151272503848,0.11789151272503848,0.11694457314166708,0.11514557968288314],[0.11325168684129373,0.11514557968288314,0.11609252727676028,0.11609252727676028,0.11514557968288314,0.11325168684129373]],[[0.1160925073915796,0.11798637502174852,0.11893331009552394,0.11893331009552394,0.11798637502174852,0.1160925073915796],[0.11798637502174852,0.11978534355224299,0.12073227010261461,0.12073227010261461,0.11978534355224299,0.11798637502174852],[0.11893331009552394,0.12073227010261461,0.12167919234920842,0.12167919234920842,0.12073227010261461,0.11893331009552394],[0.11893331009552394,0.12073227010261461,0.12167919234920842,0.12167919234920842,0.12073227010261461,0.11893331009552394],[0.11798637502174852,0.11978534355224299,0.12073227010261461,0.12073227010261461,0.11978534355224299,0.11798637502174852],[0.1160925073915796,0.11798637502174852,0.11893331009552394,0.11893331009552394,0.11798637502174852,0.1160925073915796]],[[0.11893328893049446,0.12082712974126043,0.12177405149651591,0.12177405149651591,0.12082712974126043,0.11893328893049446],[0.12082712974126043,0.12262607175751629,0.12357298444574881,0.12357298444574881,0.12262607175751629,0.12082712974126043],[0.12177405149651591,0.12357298444574881,0.12451989255627233,0.12451989255627233,0.12357298444574881,0.12177405149651591],[0.12177405149651591,0.12357298444574881,0.12451989255627233,0.12451989255627233,0.12357298444574881,0.12177405149651591],[0.12082712974126043,0.12262607175751629,0.12357298444574881,0.12357298444574881,0.12262607175751629,0.12082712974126043],[0.11893328893049446,0.12082712974126043,0.12177405149651591,0.12177405149651591,0.12082712974126043,0.11893328893049446]],[[0.12177402897482648,0.12366784126237673,0.1246147488530792,0.1246147488530792,0.12366784126237673,0.12177402897482648],[0.12366784126237673,0.12546675508425928,0.12641365303194338,0.12641365303194338,0.12546675508425928,0.12366784126237673],[0.1246147488530792,0.12641365303194338,0.12736054611169434,0.12736054611169434,0.12641365303194338,0.1246147488530792],[0.1246147488530792,0.12641365303194338,0.12736054611169434,0.12736054611169434,0.12641365303194338,0.1246147488530792],[0.12366784126237673,0.12546675508425928,0.12641365303194338,0.12641365303194338,0.12546675508425925,0.12366784126237673],[0.12177402897482648,0.12366784126237673,0.1246147488530792,0.1246147488530792,0.12366784126237673,0.12177402897482648]],[[0.12461472489375616,0.12650850685324214,0.12745539938315886,0.12745539938315886,0.12650850685324214,0.12461472489375616],[0.12650850685324214,0.12830739070126676,0.12925427297802689,0.12925427297802689,0.12830739070126676,0.12650850685324214],[0.12745539938315886,0.12925427297802689,0.13020115007944813,0.13020115007944813,0.12925427297802689,0.12745539938315886],[0.12745539938315886,0.12925427297802689,0.13020115007944813,0.13020115007944813,0.12925427297802689,0.12745539938315886],[0.12650850685324214,0.12830739070126676,0.12925427297802689,0.12925427297802689,0.12830739070126676,0.12650850685324214],[0.12461472489375616,0.12650850685324214,0.12745539938315886,0.12745539938315886,0.12650850685324214,0.12461472489375616]],[[0.12745537390078654,0.12934912362076117,0.13029600014070458,0.13029600014070458,0.12934912362076117,0.12745537390078654],[0.12934912362076117,0.13114797561058653,0.132094841231206,0.132094841231206,0.13114797561058653,0.12934912362076117],[0.13029600014070458,0.132094841231206,0.13304170135095003,0.13304170135095003,0.132094841231206,0.13029600014070458],[0.13029600014070458,0.132094841231206,0.13304170135095003,0.13304170135095003,0.132094841231206,0.13029600014070458],[0.12934912362076117,0.13114797561058653,0.132094841231206,0.132094841231206,0.13114797561058653,0.12934912362076117],[0.12745537390078654,0.12934912362076117,0.13029600014070458,0.13029600014070458,0.12934912362076117,0.12745537390078654]],[[0.130295973045121,0.13218968850161,0.13313654800650052,0.13313654800650052,0.13218968850161,0.130295973045121],[0.13218968850161,0.13398850663817055,0.13493535455952793,0.13493535455952793,0.13398850663817055,0.13218968850161],[0.13313654800650052,0.13493535455952793,0.13588219663533035,0.13588219663533035,0.13493535455952793,0.13313654800650052],[0.13313654800650052,0.13493535455952793,0.13588219663533035,0.13588219663533035,0.13493535455952793,0.13313654800650052],[0.13218968850161,0.13398850663817055,0.13493535455952793,0.13493535455952793,0.13398850663817055,0.13218968850161],[0.130295973045121,0.13218968850161,0.13313654800650052,0.13313654800650052,0.13218968850161,0.130295973045121]],[[0.13313651920248892,0.13503019825267457,0.13597703967840316,0.13597703967840316,0.13503019825267457,0.13313651920248892],[0.13503019825267457,0.13682898042393049,0.1377758095417351,0.1377758095417351,0.13682898042393049,0.13503019825267457],[0.13597703967840316,0.1377758095417351,0.1387226324490857,0.1387226324490857,0.1377758095417351,0.13597703967840316],[0.13597703967840316,0.1377758095417351,0.1387226324490857,0.1387226324490857,0.1377758095417351,0.13597703967840316],[0.13503019825267457,0.13682898042393049,0.1377758095417351,0.1377758095417351,0.13682898042393049,0.13503019825267457],[0.13313651920248892,0.13503019825267457,0.13597703967840316,0.13597703967840316,0.13503019825267457,0.13313651920248892]],[[0.1359770090653635,0.13787064944086608,0.13881747166096181,0.13881747166096181,0.13787064944086608,0.1359770090653635],[0.13787064944086608,0.13966939341115547,0.14061620255647539,0.14061620255647539,0.13966939341115547,0.13787064944086608],[0.13881747166096181,0.14061620255647539,0.14156300510507641,0.14156300510507641,0.14061620255647539,0.13881747166096181],[0.13881747166096181,0.14061620255647539,0.14156300510507641,0.14156300510507641,0.14061620255647539,0.13881747166096181],[0.13787064944086608,0.13966939341115547,0.14061620255647539,0.14061620255647539,0.13966939341115547,0.13787064944086608],[0.1359770090653635,0.13787064944086608,0.13881747166096181,0.13881747166096181,0.13787064944086608,0.1359770090653635]],[[0.13881743913256142,0.14071103843227958,0.14165784025436068,0.14165784025436068,0.14071103843227958,0.13881743913256142],[0.14071103843227958,0.14250974183524723,0.14345652977081585,0.14345652977081585,0.14250974183524723,0.14071103843227958],[0.14165784025436068,0.14345652977081585,0.14440331070081572,0.14440331070081572,0.14345652977081585,0.14165784025436068],[0.14165784025436068,0.14345652977081585,0.14440331070081572,0.14440331070081572,0.14345652977081585,0.14165784025436068],[0.14071103843227958,0.14250974183524723,0.14345652977081585,0.14345652977081585,0.14250974183524723,0.14071103843227958],[0.13881743913256142,0.14071103843227958,0.14165784025436068,0.14165784025436068,0.14071103843227958,0.13881743913256142]],[[0.14165780569817452,0.14355136138068272,0.14449814154268709,0.14449814154268709,0.14355136138068272,0.14165780569817452],[0.14355136138068272,0.14535002171176351,0.14629678712805383,0.14629678712805383,0.14535002171176351,0.14355136138068272],[0.14449814154268709,0.14629678712805383,0.14724354510604309,0.14724354510604309,0.14629678712805383,0.14449814154268709],[0.14449814154268709,0.14629678712805383,0.14724354510604309,0.14724354510604309,0.14629678712805383,0.14449814154268709],[0.14355136138068272,0.14535002171176351,0.14629678712805383,0.14629678712805383,0.14535002171176351,0.14355136138068272],[0.14165780569817452,0.14355136138068272,0.14449814154268709,0.14449814154268709,0.14355136138068272,0.14165780569817452]],[[0.14449810483980438,0.14639161421526339,0.14733837138143149,0.14733837138143149,0.14639161421526339,0.14449810483980438],[0.14639161421526339,0.14819022882368982,0.14913697033473858,0.14913697033473858,0.14819022882368982,0.14639161421526339],[0.14733837138143149,0.14913697033473858,0.15008370394949413,0.15008370394949413,0.14913697033473858,0.14733837138143149],[0.14733837138143149,0.14913697033473858,0.15008370394949413,0.15008370394949413,0.14913697033473858,0.14733837138143149],[0.14639161421526339,0.14819022882368982,0.14913697033473858,0.14913697033473858,0.14819022882368982,0.14639161421526339],[0.14449810483980438,0.14639161421526339,0.14733837138143149,0.14733837138143149,0.14639161421526339,0.14449810483980438]],[[0.14733833240605321,0.14923179262761649,0.15017852538423471,0.15017852538423471,0.14923179262761649,0.14733833240605321],[0.14923179262761649,0.15103035870792914,0.15197707484690318,0.15197707484690318,0.15103035870792914,0.14923179262761649],[0.15017852538423471,0.15197707484690318,0.152923782604866,0.152923782604866,0.15197707484690318,0.15017852538423471],[0.15017852538423471,0.15197707484690318,0.152923782604866,0.152923782604866,0.15197707484690318,0.15017852538423471],[0.14923179262761649,0.15103035870792914,0.15197707484690318,0.15197707484690318,0.15103035870792914,0.14923179262761649],[0.14733833240605321,0.14923179262761649,0.15017852538423471,0.15017852538423471,0.14923179262761649,0.14733833240605321]],[[0.15017848400323097,0.15207189205791483,0.15301859890877878,0.15301859890877878,0.15207189205791483,0.