{"M_cells":[[[0,0,0,0,0,0,0],[0,0,0,0,0,0,0],[0,0,0,0,0,0,0],[0,0,0,0,0,0,0],[0,0,0,0,0,0,0],[0,0,0,0,0,0,0],[0,0,0,0,0,0,0]],[[9.170663830630562E-7,2.5677242382890894E-6,2.3510561941429973E-6,3.2104517800212453E-6,2.3510561941429973E-6,2.5677242382890894E-6,9.170663830630562E-7],[2.5677242382890894E-6,5.9140991390756563E-6,5.5453275274765472E-6,7.286901461802461E-6,5.5453275274765472E-6,5.9140991390756563E-6,2.5677242382890894E-6],[2.3510561941429973E-6,5.5453275274765472E-6,6.4797532378864495E-6,7.41720803785327E-6,6.4797532378864495E-6,5.5453275274765463E-6,2.3510561941429973E-6],[3.2104517800212453E-6,7.286901461802461E-6,7.41720803785327E-6,9.2742107002014587E-6,7.41720803785327E-6,7.286901461802461E-6,3.2104517800212457E-6],[2.3510561941429973E-6,5.5453275274765472E-6,6.4797532378864495E-6,7.41720803785327E-6,6.4797532378864495E-6,5.5453275274765472E-6,2.3510561941429973E-6],[2.5677242382890894E-6,5.9140991390756563E-6,5.5453275274765463E-6,7.286901461802461E-6,5.5453275274765472E-6,5.914099139075658E-6,2.5677242382890894E-6],[9.170663830630562E-7,2.5677242382890894E-6,2.3510561941429973E-6,3.2104517800212457E-6,2.3510561941429973E-6,2.5677242382890894E-6,9.170663830630562E-7]],[[5.5915770553238404E-6,1.0268271978039532E-5,9.66857750364499E-6,1.22267676525959E-5,9.66857750364499E-6,1.0268271978039532E-5,5.5915770553238404E-6],[1.0268271978039532E-5,1.6956488610024265E-5,1.6243094962294915E-5,1.9895316726366466E-5,1.6243094962294915E-5,1.6956488610024269E-5,1.0268271978039532E-5],[9.66857750364499E-6,1.6243094962294915E-5,1.8152253502781936E-5,2.0066161919090641E-5,1.8152253502781936E-5,1.6243094962294915E-5,9.66857750364499E-6],[1.22267676525959E-5,1.9895316726366466E-5,2.0066161919090641E-5,2.3766389402114035E-5,2.0066161919090641E-5,1.9895316726366466E-5,1.22267676525959E-5],[9.66857750364499E-6,1.6243094962294915E-5,1.8152253502781936E-5,2.0066161919090641E-5,1.8152253502781936E-5,1.6243094962294915E-5,9.66857750364499E-6],[1.0268271978039532E-5,1.6956488610024269E-5,1.6243094962294915E-5,1.9895316726366466E-5,1.6243094962294915E-5,1.6956488610024269E-5,1.0268271978039532E-5],[5.5915770553238404E-6,1.0268271978039532E-5,9.66857750364499E-6,1.22267676525959E-5,9.66857750364499E-6,1.0268271978039532E-5,5.5915770553238404E-6]],[[1.5086830446805681E-5,2.3090188592433602E-5,2.2087922084402729E-5,2.6593900053014169E-5,2.2087922084402729E-5,2.3090188592433602E-5,1.5086830446805681E-5],[2.3090188592433602E-5,3.311074227372261E-5,3.2072450365289286E-5,3.7679016348776516E-5,3.2072450365289286E-5,3.311074227372261E-5,2.3090188592433602E-5],[2.2087922084402729E-5,3.2072450365289286E-5,3.4963331731068834E-5,3.7860668122035426E-5,3.4963331731068834E-5,3.2072450365289286E-5,2.2087922084402733E-5],[2.6593900053014169E-5,3.7679016348776516E-5,3.7860668122035426E-5,4.3389512975933589E-5,3.7860668122035426E-5,3.7679016348776516E-5,2.6593900053014169E-5],[2.2087922084402729E-5,3.2072450365289286E-5,3.4963331731068834E-5,3.7860668122035426E-5,3.4963331731068834E-5,3.2072450365289286E-5,2.2087922084402733E-5],[2.3090188592433602E-5,3.311074227372261E-5,3.2072450365289286E-5,3.7679016348776516E-5,3.2072450365289286E-5,3.311074227372261E-5,2.3090188592433602E-5],[1.5086830446805681E-5,2.3090188592433602E-5,2.2087922084402733E-5,2.6593900053014169E-5,2.2087922084402733E-5,2.3090188592433602E-5,1.5086830446805681E-5]],[[2.9627098239056233E-5,4.1012871131050894E-5,3.9615689803422139E-5,4.6136719093616419E-5,3.9615689803422139E-5,4.1012871131050894E-5,2.9627098239056233E-5],[4.1012871131050894E-5,5.4349272336381654E-5,5.2998206784548208E-5,6.0563217178569178E-5,5.2998206784548208E-5,5.4349272336381654E-5,4.1012871131050894E-5],[3.9615689803422139E-5,5.2998206784548208E-5,5.6867980651178191E-5,6.0745900288609025E-5,5.6867980651178191E-5,5.2998206784548208E-5,3.9615689803422139E-5],[4.6136719093616419E-5,6.0563217178569178E-5,6.0745900288609025E-5,6.8089058214445476E-5,6.0745900288609025E-5,6.0563217178569178E-5,4.6136719093616419E-5],[3.9615689803422139E-5,5.2998206784548208E-5,5.6867980651178191E-5,6.0745900288609025E-5,5.6867980651178191E-5,5.2998206784548208E-5,3.9615689803422139E-5],[4.1012871131050894E-5,5.4349272336381654E-5,5.2998206784548208E-5,6.0563217178569178E-5,5.2998206784548208E-5,5.4349272336381654E-5,4.1012871131050894E-5],[2.9627098239056233E-5,4.1012871131050894E-5,3.9615689803422139E-5,4.6136719093616419E-5,3.9615689803422139E-5,4.1012871131050894E-5,2.9627098239056233E-5]],[[4.924198173880406E-5,6.4007042787557811E-5,6.2223940229938127E-5,7.0770783816494743E-5,6.2223940229938127E-5,6.4007042787557811E-5,4.924198173880406E-5],[6.4007042787557811E-5,8.0638399047611127E-5,7.89816782128902E-5,8.8496547538199189E-5,7.89816782128902E-5,8.0638399047611127E-5,6.4007042787557811E-5],[6.2223940229938127E-5,7.89816782128902E-5,8.38244223888928E-5,8.8676989570135337E-5,8.38244223888928E-5,7.89816782128902E-5,6.2223940229938127E-5],[7.0770783816494743E-5,8.8496547538199189E-5,8.8676989570135337E-5,9.7820456251828482E-5,8.8676989570135337E-5,8.8496547538199189E-5,7.0770783816494743E-5],[6.2223940229938127E-5,7.89816782128902E-5,8.38244223888928E-5,8.8676989570135337E-5,8.38244223888928E-5,7.89816782128902E-5,6.2223940229938127E-5],[6.4007042787557811E-5,8.0638399047611127E-5,7.89816782128902E-5,8.8496547538199189E-5,7.89816782128902E-5,8.0638399047611127E-5,6.4007042787557811E-5],[4.924198173880406E-5,6.4007042787557811E-5,6.2223940229938127E-5,7.0770783816494743E-5,6.2223940229938127E-5,6.4007042787557811E-5,4.9241981738804073E-5]],[[7.3912858087147459E-5,9.2038725402169907E-5,8.9876303835917287E-5,0.00010044202293936376,8.9876303835917287E-5,9.2038725402169907E-5,7.3912858087147459E-5],[9.2038725402169907E-5,0.00011194207930029267,0.00010998418823963252,0.00012143629953448716,0.00010998418823963252,0.00011194207930029267,9.2038725402169907E-5],[8.9876303835917287E-5,0.00010998418823963252,0.00011579304853723548,0.00012161339613812343,0.00011579304853723548,0.00010998418823963252,8.9876303835917287E-5],[0.00010044202293936376,0.00012143629953448716,0.00012161339613812343,0.00013254345074538876,0.00012161339613812343,0.00012143629953448716,0.00010044202293936376],[8.9876303835917287E-5,0.00010998418823963252,0.00011579304853723548,0.00012161339613812343,0.00011579304853723548,0.00010998418823963252,8.9876303835917287E-5],[9.2038725402169907E-5,0.00011194207930029267,0.00010998418823963252,0.00012143629953448716,0.00010998418823963252,0.00011194207930029267,9.2038725402169907E-5],[7.3912858087147459E-5,9.2038725402169907E-5,8.9876303835917287E-5,0.00010044202293936376,8.9876303835917287E-5,9.2038725402169907E-5,7.3912858087147459E-5]],[[0.00010360810015778512,0.00012507196102898955,0.00012253494709424923,0.00013510708228986327,0.00012253494709424923,0.00012507196102898955,0.00010360810015778512],[0.00012507196102898955,0.00014822360908223209,0.00014596776425098847,0.00015934330127406862,0.00014596776425098847,0.00014822360908223209,0.00012507196102898955],[0.00012253494709424923,0.00014596776425098847,0.00015273565681186109,0.00015951668841844357,0.00015273565681186109,0.00014596776425098847,0.00012253494709424923],[0.00013510708228986327,0.00015934330127406862,0.00015951668841844357,0.00017221987110634077,0.00015951668841844357,0.00015934330127406862,0.00013510708228986327],[0.00012253494709424923,0.00014596776425098847,0.00015273565681186109,0.00015951668841844357,0.00015273565681186109,0.00014596776425098847,0.00012253494709424923],[0.00012507196102898955,0.00014822360908223209,0.00014596776425098847,0.00015934330127406862,0.00014596776425098847,0.00014822360908223209,0.00012507196102898955],[0.00010360810015778512,0.00012507196102898955,0.00012253494709424923,0.00013510708228986327,0.00012253494709424923,0.00012507196102898955,0.00010360810015778512]],[[0.00013829238441546147,0.00016307022135718919,0.0001601622873965083,0.00017472673718865639,0.0001601622873965083,0.00016307022135718919,0.00013829238441546147],[0.00016307022135718919,0.00018944634101486992,0.00018689516859716,0.00020218005277862456,0.00018689516859716,0.00018944634101486992,0.00016307022135718919],[0.0001601622873965083,0.00018689516859716,0.00019461500740367997,0.00020234962471374267,0.00019461500740367997,0.00018689516859716,0.0001601622873965083],[0.00017472673718865639,0.00020218005277862456,0.00020234962471374267,0.00021681271112747346,0.00020234962471374267,0.00020218005277862456,0.00017472673718865639],[0.0001601622873965083,0.00018689516859716,0.00019461500740367997,0.00020234962471374267,0.00019461500740367997,0.00018689516859716,0.0001601622873965083],[0.00016307022135718919,0.00018944634101486992,0.00018689516859716,0.00020218005277862456,0.00018689516859716,0.00018944634101486992,0.00016307022135718919],[0.00013829238441546147,0.00016307022135718919,0.0001601622873965083,0.00017472673718865639,0.0001601622873965083,0.00016307022135718919,0.00013829238441546147]],[[0.00017792945771572804,0.00020599703984097668,0.00020272132455667047,0.00021926359221270762,0.00020272132455667047,0.00020599703984097668,0.00017792945771572804],[0.00020599703984097668,0.00023557394993391467,0.00023272980156856062,0.0002499099966833328,0.00023272980156856062,0.00023557394993391467,0.00020599703984097668],[0.00020272132455667047,0.00023272980156856062,0.00024139456724237945,0.00025007573879790289,0.00024139456724237945,0.00023272980156856062,0.00020272132455667047],[0.00021926359221270762,0.0002499099966833328,0.00025007573879790289,0.00026628571250552848,0.00025007573879790289,0.0002499099966833328,0.00021926359221270762],[0.00020272132455667047,0.00023272980156856062,0.00024139456724237945,0.00025007573879790289,0.00024139456724237945,0.00023272980156856062,0.00020272132455667047],[0.00020599703984097668,0.00023557394993391467,0.00023272980156856062,0.0002499099966833328,0.00023272980156856062,0.00023557394993391467,0.00020599703984097668],[0.00017792945771572804,0.00020599703984097668,0.00020272132455667047,0.00021926359221270762,0.00020272132455667047,0.00020599703984097668,0.00017792945771572804]],[[0.00022248303914465197,0.000253816251354502,0.00025017563078677508,0.0002686812198439068,0.00025017563078677508,0.000253816251354502,0.00022248303914465197],[0.000253816251354502,0.000286570495555288,0.00028343559135771682,0.00030249719066902027,0.00028343559135771682,0.000286570495555288,0.000253816251354502],[0.00025017563078677508,0.00028343559135771682,0.00029303834495129639,0.00030265911988317082,0.00029303834495129639,0.00028343559135771682,0.00025017563078677508],[0.0002686812198439068,0.00030249719066902027,0.00030265911988317082,0.0003206031426246909,0.00030265911988317082,0.00030249719066902027,0.0002686812198439068],[0.00025017563078677508,0.00028343559135771682,0.00029303834495129639,0.00030265911988317082,0.00029303834495129639,0.00028343559135771682,0.00025017563078677508],[0.000253816251354502,0.000286570495555288,0.00028343559135771682,0.00030249719066902027,0.00028343559135771682,0.000286570495555288,0.000253816251354502],[0.00022248303914465197,0.000253816251354502,0.00025017563078677508,0.0002686812198439068,0.00025017563078677508,0.000253816251354502,0.00022248303914465197]],[[0.00027191710892374084,0.00030649204521398832,0.00030248926399857525,0.00032294379075606232,0.00030248926399857525,0.00030649204521398832,0.00027191710892374084],[0.00030649204521398832,0.00034240039208982461,0.00033897688595893594,0.00035990612088810026,0.00033897688595893594,0.00034240039208982461,0.00030649204521398832],[0.00030248926399857525,0.00033897688595893594,0.00034951076234210484,0.00036006426371634179,0.00034951076234210484,0.00033897688595893594,0.00030248926399857525],[0.00032294379075606232,0.00035990612088810026,0.00036006426371634179,0.00037972964278973776,0.00036006426371634179,0.00035990612088810026,0.00032294379075606232],[0.00030248926399857525,0.00033897688595893594,0.00034951076234210484,0.00036006426371634179,0.00034951076234210484,0.00033897688595893594,0.00030248926399857525],[0.00030649204521398832,0.00034240039208982461,0.00033897688595893594,0.00035990612088810026,0.00033897688595893594,0.00034240039208982461,0.00030649204521398832],[0.00027191710892374084,0.00030649204521398832,0.00030248926399857525,0.00032294379075606232,0.00030248926399857525,0.00030649204521398832,0.00027191710892374084]],[[0.00032619596715058574,0.0003639889287866828,0.00035962666338885019,0.00038201587098425871,0.00035962666338885019,0.0003639889287866828,0.00032619596715058574],[0.0003639889287866828,0.00040302833044651931,0.00039931834183166976,0.00042210155937139857,0.00039931834183166976,0.00040302833044651931,0.0003639889287866828],[0.00035962666338885019,0.00039931834183166976,0.00041077653419641764,0.00042225594347831139,0.00041077653419641764,0.00039931834183166976,0.00035962666338885019],[0.00038201587098425871,0.00042210155937139857,0.00042225594347831139,0.0004436300951860102,0.00042225594347831139,0.00042210155937139857,0.00038201587098425871],[0.00035962666338885019,0.00039931834183166976,0.00041077653419641764,0.00042225594347831139,0.00041077653419641764,0.00039931834183166976,0.00035962666338885019],[0.0003639889287866828,0.00040302833044651931,0.00039931834183166976,0.00042210155937139857,0.00039931834183166976,0.00040302833044651931,0.0003639889287866828],[0.00032619596715058574,0.0003639889287866828,0.00035962666338885019,0.00038201587098425871,0.00035962666338885019,0.0003639889287866828,0.00032619596715058574]],[[0.00038528419414888382,0.00042627164345850304,0.00042155253485764635,0.00044586226956565706,0.00042155253485764635,0.00042627164345850304,0.00038528419414888382],[0.00042627164345850304,0.00046841916968345753,0.00046442480163243346,0.00048904842615428673,0.00046442480163243346,0.00046841916968345753,0.00042627164345850304],[0.00042155253485764635,0.00046442480163243346,0.0004768005406386,0.00048919907679339082,0.0004768005406386,0.00046442480163243346,0.00042155253485764635],[0.00044586226956565706,0.00048904842615428673,0.00048919907679339082,0.00051226948448747649,0.00048919907679339082,0.00048904842615428673,0.00044586226956565706],[0.00042155253485764635,0.00046442480163243346,0.0004768005406386,0.00048919907679339082,0.0004768005406386,0.00046442480163243346,0.00042155253485764635],[0.00042627164345850304,0.00046841916968345753,0.00046442480163243346,0.00048904842615428673,0.00046442480163243346,0.00046841916968345758,0.00042627164345850304],[0.00038528419414888382,0.00042627164345850304,0.00042155253485764635,0.00044586226956565706,0.00042155253485764635,0.00042627164345850304,0.00038528419414888382]],[[0.00044914656026800906,0.00049330504815581113,0.00048823172195105503,0.00051444789117503938,0.00048823172195105503,0.00049330504815581113,0.00044914656026800906],[0.00049330504815581113,0.00053853780096675815,0.00053426115328207352,0.00056071163698933691,0.00053426115328207352,0.00053853780096675815,0.00049330504815581113],[0.00048823172195105503,0.00053426115328207352,0.00054754768138704066,0.00056085857515693533,0.00054754768138704055,0.00053426115328207352,0.000488231721951055],[0.00051444789117503938,0.00056071163698933691,0.00056085857515693533,0.00058561273994827431,0.00056085857515693533,0.0005607116369893368,0.00051444789117503938],[0.00048823172195105503,0.00053426115328207352,0.00054754768138704055,0.00056085857515693533,0.00054754768138704055,0.00053426115328207352,0.000488231721951055],[0.00049330504815581113,0.00053853780096675815,0.00053426115328207352,0.0005607116369893368,0.00053426115328207352,0.00053853780096675815,0.00049330504815581113],[0.00044914656026800906,0.00049330504815581113,0.000488231721951055,0.00051444789117503938,0.000488231721951055,0.00049330504815581113,0.00044914656026800906]],[[0.00051774790086562834,0.00056505397273285752,0.00055962905507618858,0.0005877375721704245,0.00055962905507618858,0.00056505397273285752,0.00051774790086562834],[0.00056505397273285752,0.00061334898031403643,0.00060879216190008669,0.00063705592359089569,0.00060879216190008669,0.00061334898031403632,0.00056505397273285752],[0.00055962905507618858,0.00060879216190008669,0.00062298270209406833,0.0006371991646698115,0.00062298270209406833,0.00060879216190008658,0.00055962905507618847],[0.0005877375721704245,0.00063705592359089569,0.0006371991646698115,0.00066362454622018814,0.0006371991646698115,0.00063705592359089569,0.0005877375721704245],[0.00055962905507618858,0.00060879216190008669,0.00062298270209406833,0.0006371991646698115,0.00062298270209406833,0.00060879216190008658,0.00055962905507618847],[0.00056505397273285752,0.00061334898031403632,0.00060879216190008658,0.00063705592359089569,0.00060879216190008658,0.00061334898031403622,0.0005650539727328573],[0.00051774790086562834,0.00056505397273285752,0.00055962905507618847,0.0005877375721704245,0.00055962905507618847,0.0005650539727328573,0.00051774790086562812]],[[0.00059105295816043739,0.00064148303645233473,0.00063570916991945593,0.00066569588541240822,0.00063570916991945593,0.00064148303645233473,0.00059105295816043739],[0.00064148303645233473,0.0006928171215935772,0.00068798226415486222,0.00071804561357452349,0.00068798226415486222,0.0006928171215935772,0.00064148303645233473],[0.00063570916991945593,0.00068798226415486222,0.00070306998147947686,0.00071818516593992324,0.00070306998147947686,0.00068798226415486222,0.00063570916991945593],[0.00066569588541240822,0.00071804561357452349,0.00071818516593992324,0.000746269109839018,0.00071818516593992324,0.00071804561357452349,0.00066569588541240822],[0.00063570916991945593,0.00068798226415486222,0.00070306998147947686,0.00071818516593992324,0.00070306998147947686,0.00068798226415486222,0.00063570916991945593],[0.00064148303645233473,0.0006928171215935772,0.00068798226415486222,0.00071804561357452349,0.00068798226415486222,0.0006928171215935772,0.00064148303645233473],[0.00059105295816043739,0.00064148303645233473,0.00063570916991945593,0.00066569588541240822,0.00063570916991945593,0.00064148303645233473,0.00059105295816043739]],[[0.00066902618408237519,0.00072255642159223894,0.000716436283363318,0.00074828689931701281,0.000716436283363318,0.00072255642159223894,0.00066902618408237519],[0.00072255642159223894,0.00077690603651662789,0.00077179531112460636,0.00080364435428372189,0.00077179531112460636,0.00077690603651662789,0.00072255642159223894],[0.000716436283363318,0.00077179531112460636,0.00078777326451940244,0.00080378021757805326,0.00078777326451940244,0.00077179531112460636,0.000716436283363318],[0.00074828689931701281,0.00080364435428372189,0.00080378021757805326,0.0008335098644804941,0.00080378021757805326,0.00080364435428372189,0.00074828689931701281],[0.000716436283363318,0.00077179531112460636,0.00078777326451940244,0.00080378021757805326,0.00078777326451940244,0.00077179531112460636,0.000716436283363318],[0.00072255642159223894,0.00077690603651662789,0.00077179531112460636,0.00080364435428372189,0.00077179531112460636,0.00077690603651662789,0.00072255642159223894],[0.00066902618408237519,0.00072255642159223894,0.000716436283363318,0.00074828689931701281,0.000716436283363318,0.00072255642159223894,0.00066902618408237519]],[[0.00075163149253004615,0.000808237586821065,0.00080177391103790124,0.00083547387300642539,0.00080177391103790124,0.000808237586821065,0.00075163149253004615],[0.000808237586821065,0.00086557860235601228,0.00086019424038822744,0.00089381475902440652,0.00086019424038822744,0.00086557860235601228,0.000808237586821065],[0.00080177391103790124,0.00086019424038822744,0.00087705532133565032,0.000893946921856617,0.00087705532133565032,0.00086019424038822744,0.00080177391103790124],[0.00083547387300642539,0.00089381475902440652,0.000893946921856617,0.00092530909160705584,0.000893946921856617,0.00089381475902440652,0.00083547387300642539],[0.00080177391103790124,0.00086019424038822744,0.00087705532133565032,0.000893946921856617,0.00087705532133565032,0.00086019424038822744,0.00080177391103790124],[0.000808237586821065,0.00086557860235601228,0.00086019424038822744,0.00089381475902440652,0.00086019424038822744,0.00086557860235601228,0.000808237586821065],[0.00075163149253004615,0.000808237586821065,0.00080177391103790124,0.00083547387300642539,0.00080177391103790124,0.000808237586821065,0.00075163149253004615]],[[0.00083883194327514794,0.00089848889794853781,0.00089168450426875664,0.0009272188626492971,0.00089168450426875664,0.00089848889794853781,0.00083883194327514794],[0.00089848889794853781,0.00095879632956680336,0.00095314064990258845,0.00098851794521866458,0.00095314064990258845,0.00095879632956680358,0.00089848889794853781],[0.00089168450426875664,0.00095314064990258845,0.0009708775027981758,0.00098864638199680586,0.0009708775027981758,0.00095314064990258845,0.00089168450426875664],[0.0009272188626492971,0.00098851794521866458,0.00098864638199680586,0.0010216274230652506,0.00098864638199680586,0.00098851794521866458,0.000927218862649297],[0.00089168450426875664,0.00095314064990258845,0.0009708775027981758,0.00098864638199680586,0.0009708775027981758,0.00095314064990258845,0.00089168450426875664],[0.00089848889794853781,0.00095879632956680358,0.00095314064990258845,0.00098851794521866458,0.00095314064990258845,0.00095879632956680336,0.00089848889794853781],[0.00083883194327514794,0.00089848889794853781,0.00089168450426875664,0.000927218862649297,0.00089168450426875664,0.00089848889794853781,0.00083883194327514794]],[[0.00093058933149692811,0.00099327114346528739,0.00098612897446276435,0.001023482203280919,0.00098612897446276435,0.00099327114346528739,0.00093058933149692811],[0.00099327114346528739,0.0010565187886359322,0.0010505942337457371,0.0010877129200282385,0.0010505942337457371,0.0010565187886359322,0.00099327114346528739],[0.00098612897446276435,0.0010505942337457371,0.0010691991505981119,0.0010878375865138361,0.0010691991505981119,0.0010505942337457371,0.00098612897446276435],[0.001023482203280919,0.0010877129200282385,0.0010878375865138361,0.001122423176644391,0.0010878375865138361,0.0010877129200282385,0.001023482203280919],[0.00098612897446276435,0.0010505942337457371,0.0010691991505981119,0.0010878375865138361,0.0010691991505981119,0.0010505942337457371,0.00098612897446276435],[0.00099327114346528739,0.0010565187886359322,0.0010505942337457371,0.0010877129200282385,0.0010505942337457371,0.0010565187886359322,0.00099327114346528739],[0.00093058933149692811,0.00099327114346528739,0.00098612897446276435,0.001023482203280919,0.00098612897446276435,0.00099327114346528739,0.00093058933149692811]],[[0.0010268636447772236,0.0010925428867797019,0.0010850660579813211,0.0011242218135007658,0.0010850660579813211,0.0010925428867797019,0.0010268636447772236],[0.0010925428867797019,0.0011587028355754037,0.0011525120203882651,0.001191355747123355,0.0011525120203882651,0.0011587028355754037,0.0010925428867797019],[0.0010850660579813211,0.0011525120203882651,0.0011719767988572875,0.0011914765740814366,0.0011719767988572875,0.0011525120203882651,0.0010850660579813211],[0.0011242218135007658,0.001191355747123355,0.0011914765740814366,0.0012276514511880539,0.0011914765740814366,0.001191355747123355,0.0011242218135007658],[0.0010850660579813211,0.0011525120203882651,0.0011719767988572875,0.0011914765740814366,0.0011719767988572875,0.0011525120203882651,0.0010850660579813211],[0.0010925428867797019,0.0011587028355754037,0.0011525120203882651,0.001191355747123355,0.0011525120203882651,0.0011587028355754037,0.0010925428867797019],[0.0010268636447772236,0.0010925428867797019,0.0010850660579813211,0.0011242218135007658,0.0010850660579813211,0.0010925428867797019,0.0010268636447772236]],[[0.0011276123306576008,0.0011962595827215113,0.0011884514509423693,0.0012293922436581299,0.0011884514509423693,0.0011962595827215113,0.0011276123306576008],[0.0011962595827215113,0.0012653015437513702,0.0012588473232103023,0.0012993983932233595,0.0012588473232103023,0.0012653015437513702,0.0011962595827215113],[0.0011884514509423693,0.0012588473232103023,0.0012791630712711197,0.001299515277177916,0.0012791630712711197,0.0012588473232103023,0.0011884514509423693],[0.0012293922436581299,0.0012993983932233595,0.001299515277177916,0.0013372628685710938,0.001299515277177916,0.0012993983932233595,0.0012293922436581299],[0.0011884514509423693,0.0012588473232103023,0.0012791630712711197,0.001299515277177916,0.0012791630712711197,0.0012588473232103023,0.0011884514509423693],[0.0011962595827215113,0.0012653015437513702,0.0012588473232103023,0.0012993983932233595,0.0012588473232103023,0.0012653015437513702,0.0011962595827215113],[0.0011276123306576008,0.0011962595827215113,0.0011884514509423693,0.0012293922436581299,0.0011884514509423693,0.0011962595827215113,0.0011276123306576008]],[[0.00123278928805304,0.0013043723465376207,0.00129623660524558,0.0013389433446011666,0.00129623660524558,0.0013043723465376207,0.00123278928805304],[0.0013043723465376207,0.0013762626977016855,0.001369548262263369,0.0014117870952801244,0.001369548262263369,0.0013762626977016855,0.0013043723465376207],[0.00129623660524558,0.001369548262263369,0.0013907051234182265,0.0014118998847580733,0.0013907051234182265,0.001369548262263369,0.00129623660524558],[0.0013389433446011666,0.0014117870952801244,0.0014118998847580733,0.0014512017848294799,0.0014118998847580733,0.0014117870952801244,0.0013389433446011666],[0.00129623660524558,0.001369548262263369,0.0013907051234182265,0.0014118998847580733,0.0013907051234182265,0.001369548262263369,0.00129623660524558],[0.0013043723465376207,0.0013762626977016855,0.001369548262263369,0.0014117870952801244,0.001369548262263369,0.0013762626977016855,0.0013043723465376207],[0.00123278928805304,0.0013043723465376207,0.00129623660524558,0.0013389433446011666,0.00129623660524558,0.0013043723465376207,0.00123278928805304]],[[0.0013423434468949546,0.0014168261980016244,0.0014083670135815506,0.0014528183611311172,0.0014083670135815506,0.0014168261980016244,0.0013423434468949546],[0.0014168261980016244,0.0014915266164085557,0.0014845556304371016,0.0015284599908583537,0.0014845556304371016,0.0014915266164085557,0.0014168261980016244],[0.0014083670135815506,0.0014845556304371016,0.0015065423875577884,0.0015285684653929567,0.0015065423875577884,0.0014845556304371016,0.0014083670135815506],[0.0014528183611311172,0.0015284599908583537,0.0015285684653929567,0.0015694036814659796,0.0015285684653929567,0.0015284599908583537,0.0014528183611311172],[0.0014083670135815506,0.0014845556304371016,0.0015065423875577884,0.0015285684653929567,0.0015065423875577884,0.0014845556304371016,0.0014083670135815506],[0.0014168261980016244,0.0014915266164085557,0.0014845556304371016,0.0015284599908583537,0.0014845556304371016,0.0014915266164085557,0.0014168261980016244],[0.0013423434468949546,0.0014168261980016244,0.0014083670135815506,0.0014528183611311172,0.0014083670135815506,0.0014168261980016244,0.0013423434468949546]],[[0.0014562167173498872,0.0015335574899461662,0.001524779701638697,0.0015709511277447721,0.001524779701638697,0.0015335574899461662,0.0014562167173498872],[0.0015335574899461662,0.0016110229184138423,0.0016037997264668228,0.0016493435805399119,0.0016037997264668228,0.0016110229184138423,0.0015335574899461662],[0.001524779701638697,0.0016037997264668228,0.0016266032145571517,0.0016494474176545809,0.0016266032145571517,0.0016037997264668228,0.001524779701638697],[0.0015709511277447721,0.0016493435805399119,0.0016494474176545809,0.0016917912502332972,0.0016494474176545809,0.0016493435805399119,0.0015709511277447721],[0.001524779701638697,0.0016037997264668228,0.0016266032145571517,0.0016494474176545809,0.0016266032145571517,0.0016037997264668228,0.001524779701638697],[0.0015335574899461662,0.0016110229184138423,0.0016037997264668228,0.0016493435805399119,0.0016037997264668228,0.0016110229184138423,0.0015335574899461662],[0.0014562167173498872,0.0015335574899461662,0.001524779701638697,0.0015709511277447721,0.001524779701638697,0.0015335574899461662,0.0014562167173498872]],[[0.0015743409435864534,0.0016544900267973165,0.0016453994491412037,0.001693261815559218,0.0016453994491412037,0.0016544900267973165,0.0015743409435864534],[0.0016544900267973165,0.0017346655566224073,0.0017271955011350694,0.0017743472707516276,0.0017271955011350694,0.0017346655566224073,0.0016544900267973165],[0.0016453994491412037,0.0017271955011350694,0.001750799708417403,0.0017744459921930392,0.001750799708417403,0.0017271955011350694,0.0016453994491412037],[0.001693261815559218,0.0017743472707516276,0.0017744459921930392,0.001818268317740343,0.0017744459921930392,0.0017743472707516276,0.001693261815559218],[0.0016453994491412037,0.0017271955011350694,0.001750799708417403,0.0017744459921930392,0.001750799708417403,0.0017271955011350694,0.0016453994491412037],[0.0016544900267973165,0.0017346655566224073,0.0017271955011350694,0.0017743472707516276,0.0017271955011350694,0.0017346655566224073,0.0016544900267973165],[0.0015743409435864534,0.0016544900267973165,0.0016453994491412037,0.001693261815559218,0.0016453994491412037,0.0016544900267973165,0.0015743409435864534]],[[0.0016966332274797836,0.0017795289950079953,0.0017701328919397586,0.0018196502462627373,0.0017701328919397586,0.0017795289950079953,0.0016966332274797836],[0.0017795289950079953,0.0018623449022869541,0.001854634831979739,0.0019033546243737063,0.001854634831979739,0.0018623449022869541,0.0017795289950079953],[0.0017701328919397586,0.001854634831979739,0.0018790194708552886,0.0019034475048429363,0.0018790194708552886,0.001854634831979739,0.0017701328919397586],[0.0018196502462627373,0.0019033546243737063,0.0019034475048429363,0.0019487100401465367,0.0019034475048429363,0.0019033546243737063,0.0018196502462627373],[0.0017701328919397586,0.001854634831979739,0.0018790194708552886,0.0019034475048429363,0.0018790194708552886,0.001854634831979739,0.0017701328919397586],[0.0017795289950079953,0.0018623449022869541,0.001854634831979739,0.0019033546243737063,0.001854634831979739,0.0018623449022869541,0.0017795289950079953],[0.0016966332274797836,0.0017795289950079953,0.0017701328919397586,0.0018196502462627373,0.0017701328919397586,0.0017795289950079953,0.0016966332274797836]],[[0.0018229884652301042,0.0019085510646610787,0.0018988589249093659,0.0019499849230339274,0.0018988589249093659,0.0019085510646610787,0.0018229884652301042],[0.0019085510646610787,0.0019939145388069377,0.0019859736605845504,0.0020362086713972298,0.0019859736605845504,0.0019939145388069377,0.0019085510646610787],[0.0018988589249093659,0.0019859736605845504,0.0020111117907561211,0.0020362945757509492,0.0020111117907561211,0.0019859736605845504,0.0018988589249093659],[0.0019499849230339274,0.0020362086713972298,0.0020362945757509492,0.0020829463169831472,0.0020362945757509492,0.0020362086713972298,0.0019499849230339272],[0.0018988589249093659,0.0019859736605845504,0.0020111117907561211,0.0020362945757509492,0.0020111117907561211,0.0019859736605845504,0.0018988589249093659],[0.0019085510646610787,0.0019939145388069377,0.0019859736605845504,0.0020362086713972298,0.0019859736605845504,0.0019939145388069377,0.0019085510646610787],[0.0018229884652301042,0.0019085510646610787,0.0018988589249093659,0.0019499849230339272,0.0018988589249093659,0.0019085510646610787,0.0018229884652301042]],[[0.0019532668654918652,0.0020413874070119012,0.0020314122789927957,0.0020840840832677316,0.0020314122789927957,0.0020413874070119012,0.0019532668654918652],[0.0020413874070119012,0.0021291679855952052,0.0021210093737959118,0.0021726858318957491,0.0021210093737959118,0.0021291679855952052,0.0020413874070119012],[0.0020314122789927957,0.0021210093737959118,0.0021468632259980811,0.0021727629069122471,0.0021468632259980811,0.0021210093737959118,0.0020314122789927957],[0.0020840840832677316,0.0021726858318957491,0.0021727629069122471,0.0022207320938958659,0.0021727629069122471,0.0021726858318957491,0.0020840840832677316],[0.0020314122789927957,0.0021210093737959118,0.0021468632259980811,0.0021727629069122471,0.0021468632259980811,0.0021210093737959118,0.0020314122789927957],[0.0020413874070119012,0.0021291679855952052,0.0021210093737959118,0.0021726858318957491,0.0021210093737959118,0.0021291679855952052,0.0020413874070119012],[0.0019532668654918652,0.0020413874070119012,0.0020314122789927957,0.0020840840832677316,0.0020314122789927957,0.0020413874070119012,0.0019532668654918652]],[[0.0020872718483369011,0.0021777926931966975,0.0021675536320393228,0.0022216808431716664,0.0021675536320393228,0.0021777926931966975,0.0020872718483369011],[0.0021777926931966975,0.0022677948200311277,0.0022594382790306526,0.0023124463556359084,0.0022594382790306526,0.0022677948200311277,0.0021777926931966975],[0.0021675536320393228,0.0022594382790306526,0.0022859514066299589,0.0023125114028042,0.0022859514066299589,0.0022594382790306526,0.0021675536320393228],[0.0022216808431716664,0.0023124463556359084,0.0023125114028042,0.0023616903698653016,0.0023125114028042,0.0023124463556359084,0.0022216808431716664],[0.0021675536320393228,0.0022594382790306526,0.0022859514066299589,0.0023125114028042,0.0022859514066299589,0.0022594382790306526,0.0021675536320393228],[0.0021777926931966975,0.0022677948200311277,0.0022594382790306526,0.0023124463556359084,0.0022594382790306526,0.0022677948200311277,0.0021777926931966975],[0.0020872718483369011,0.0021777926931966975,0.0021675536320393228,0.0022216808431716664,0.0021675536320393228,0.0021777926931966975,0.0020872718483369011]],[[0.0022247080575517534,0.0023173840110909806,0.0023069109248138129,0.00236235392070245,0.0023069109248138129,0.0023173840110909806,0.0022247080575517534],[0.0023173840110909806,0.0024092908628505511,0.0024007688292764402,0.0024549319466288244,0.0024007688292764402,0.0024092908628505511,0.0023173840110909806],[0.0023069109248138129,0.0024007688292764402,0.0024278500897235988,0.0024549790308100255,0.0024278500897235988,0.0024007688292764402,0.0023069109248138129],[0.00236235392070245,0.0024549319466288244,0.0024549790308100255,0.0025051931762012721,0.0024549790308100255,0.0024549319466288244,0.00236235392070245],[0.0023069109248138129,0.0024007688292764402,0.0024278500897235988,0.0024549790308100255,0.0024278500897235988,0.0024007688292764402,0.0023069109248138129],[0.0023173840110909806,0.0024092908628505511,0.0024007688292764402,0.0024549319466288244,0.0024007688292764402,0.0024092908628505511,0.0023173840110909806],[0.0022247080575517534,0.0023173840110909806,0.0023069109248138129,0.00236235392070245,0.0023069109248138129,0.0023173840110909806,0.0022247080575517534]],[[0.0023650943879455753,0.0024595088491328556,0.0024488530357226297,0.0025053764782877641,0.0024488530357226297,0.0024595088491328556,0.0023650943879455753],[0.0024595088491328556,0.0025527554873305295,0.0025441264577038495,0.0025991324698109316,0.0025441264577038495,0.0025527554873305295,0.0024595088491328556],[0.0024488530357226297,0.0025441264577038495,0.0025716139558051572,0.0025991495170535248,0.0025716139558051572,0.0025441264577038495,0.0024488530357226297],[0.0025053764782877641,0.0025991324698109316,0.0025991495170535248,0.0026500871836103363,0.0025991495170535248,0.0025991324698109316,0.0025053764782877641],[0.0024488530357226297,0.0025441264577038495,0.0025716139558051572,0.0025991495170535248,0.0025716139558051572,0.0025441264577038495,0.0024488530357226297],[0.0024595088491328556,0.0025527554873305295,0.0025441264577038495,0.0025991324698109316,0.0025441264577038495,0.0025527554873305295,0.0024595088491328556],[0.0023650943879455753,0.0024595088491328556,0.0024488530357226297,0.0025053764782877641,0.0024488530357226297,0.0024595088491328556,0.0023650943879455753]],[[0.0025075649019235722,0.0026029294914959077,0.0025921889684233325,0.0026493514203354621,0.0025921889684233325,0.0026029294914959077,0.0025075649019235722],[0.0026029294914959077,0.0026963875572724736,0.0026877696794924276,0.0027430008500736211,0.0026877696794924276,0.0026963875572724736,0.0026029294914959077],[0.0025921889684233325,0.0026877696794924276,0.0027153413864810746,0.0027429606300724448,0.0027153413864810746,0.0026877696794924276,0.0025921889684233325],[0.0026493514203354621,0.0027430008500736211,0.0027429606300724448,0.0027939987068686971,0.0027429606300724448,0.0027430008500736211,0.0026493514203354621],[0.0025921889684233325,0.0026877696794924276,0.0027153413864810746,0.0027429606300724448,0.0027153413864810746,0.0026877696794924276,0.0025921889684233325],[0.0026029294914959077,0.0026963875572724736,0.0026877696794924276,0.0027430008500736211,0.0026877696794924276,0.0026963875572724736,0.0026029294914959077],[0.0025075649019235722,0.0026029294914959077,0.0025921889684233325,0.0026493514203354621,0.0025921889684233325,0.0026029294914959077,0.0025075649019235722]],[[0.0026503744734962561,0.0027450258719017603,0.0027344091699132603,0.0027912865496619939,0.0027344091699132603,0.0027450258719017603,0.0026503744734962561],[0.0027450258719017603,0.0028362211470100468,0.002827875633131,0.0028819861592146649,0.002827875633131,0.0028362211470100468,0.0027450258719017603],[0.0027344091699132603,0.002827875633131,0.0028548273797879909,0.0028818240982140175,0.0028548273797879909,0.002827875633131,0.0027344091699132603],[0.0027912865496619939,0.0028819861592146649,0.0028818240982140175,0.0029315952023095441,0.0028818240982140175,0.0028819861592146649,0.0027912865496619939],[0.0027344091699132603,0.002827875633131,0.0028548273797879909,0.0028818240982140175,0.0028548273797879909,0.002827875633131,0.0027344091699132603],[0.0027450258719017603,0.0028362211470100468,0.002827875633131,0.0028819861592146649,0.002827875633131,0.0028362211470100468,0.0027450258719017603],[0.0026503744734962561,0.0027450258719017603,0.0027344091699132603,0.0027912865496619939,0.0027344091699132603,0.0027450258719017603,0.0026503744734962561]],[[0.0027897602476438343,0.0028801471240109044,0.0028701004912894987,0.0029247198843193986,0.0028701004912894987,0.0028801471240109044,0.0027897602476438343],[0.0028801471240109044,0.0029640113067990266,0.0029564719621802556,0.0030066885281763581,0.0029564719621802556,0.0029640113067990266,0.0028801471240109044],[0.0028701004912894987,0.0029564719621802556,0.0029813567387105594,0.0030062801580147866,0.0029813567387105594,0.0029564719621802556,0.0028701004912894987],[0.0029247198843193986,0.0030066885281763581,0.0030062801580147866,0.003051983742651203,0.0030062801580147866,0.0030066885281763581,0.0029247198843193986],[0.0028701004912894987,0.0029564719621802556,0.0029813567387105594,0.0030062801580147866,0.0029813567387105594,0.0029564719621802556,0.0028701004912894987],[0.0028801471240109044,0.0029640113067990266,0.0029564719621802556,0.0030066885281763581,0.0029564719621802556,0.0029640113067990266,0.0028801471240109044],[0.0027897602476438343,0.0028801471240109044,0.0028701004912894987,0.0029247198843193986,0.0028701004912894987,0.0028801471240109044,0.0027897602476438343]],[[0.002918471741642361,0.0029985296445733012,0.0029898066737940087,0.0030387418166740927,0.0029898066737940087,0.0029985296445733012,0.002918471741642361],[0.0029985296445733012,0.0030677572723985091,0.0030617745831451656,0.0031039815497712624,0.0030617745831451656,0.0030677572723985091,0.0029985296445733012],[0.0029898066737940087,0.0030617745831451656,0.0030824777566661847,0.0031032091341691931,0.0030824777566661847,0.0030617745831451656,0.0029898066737940087],[0.0030387418166740927,0.0031039815497712624,0.0031032091341691931,0.0031408173931396859,0.0031032091341691931,0.0031039815497712624,0.0030387418166740927],[0.0029898066737940087,0.0030617745831451656,0.0030824777566661847,0.0031032091341691931,0.0030824777566661847,0.0030617745831451656,0.0029898066737940087],[0.0029985296445733012,0.0030677572723985091,0.0030617745831451656,0.0031039815497712624,0.0030617745831451656,0.0030677572723985091,0.0029985296445733012],[0.002918471741642361,0.0029985296445733012,0.0029898066737940087,0.0030387418166740927,0.0029898066737940087,0.0029985296445733012,0.002918471741642361]],[[0.0030264548059100471,0.0030893615630291087,0.0030827806565929482,0.0031220239578197643,0.0030827806565929482,0.0030893615630291087,0.0030264548059100471],[0.00308936156