{"M_cells":[[[0,0,0,0,0,0,0],[0,0,0,0,0,0,0],[0,0,0,0,0,0,0],[0,0,0,0,0,0,0],[0,0,0,0,0,0,0],[0,0,0,0,0,0,0],[0,0,0,0,0,0,0]],[[1.3667986894210814E-12,7.83782543553895E-12,6.9748515405124876E-12,1.0198913441738093E-11,6.9748515405124876E-12,7.837825435538948E-12,1.3667986894210812E-12],[7.83782543553895E-12,3.2976633862612604E-11,3.0155991033896849E-11,4.2571378681575339E-11,3.0155991033896849E-11,3.2976633862612604E-11,7.837825435538948E-12],[6.9748515405124876E-12,3.0155991033896849E-11,3.6995901854114641E-11,4.3871947694216052E-11,3.6995901854114641E-11,3.0155991033896849E-11,6.9748515405124876E-12],[1.0198913441738093E-11,4.2571378681575339E-11,4.3871947694216052E-11,5.7841678177766991E-11,4.3871947694216052E-11,4.2571378681575339E-11,1.0198913441738093E-11],[6.9748515405124876E-12,3.0155991033896849E-11,3.6995901854114641E-11,4.3871947694216052E-11,3.6995901854114641E-11,3.0155991033896849E-11,6.9748515405124876E-12],[7.837825435538948E-12,3.2976633862612604E-11,3.0155991033896849E-11,4.2571378681575339E-11,3.0155991033896849E-11,3.2976633862612604E-11,7.837825435538948E-12],[1.3667986894210812E-12,7.837825435538948E-12,6.9748515405124876E-12,1.0198913441738093E-11,6.9748515405124876E-12,7.837825435538948E-12,1.3667986894210812E-12]],[[9.351861513908566E-12,3.0359581061187826E-11,2.7591077012576011E-11,3.8395444878624718E-11,2.7591077012576011E-11,3.0359581061187819E-11,9.3518615139085627E-12],[3.0359581061187826E-11,7.8206563524550065E-11,7.2906322198398346E-11,9.750179941691672E-11,7.2906322198398346E-11,7.8206563524550065E-11,3.0359581061187819E-11],[2.7591077012576011E-11,7.2906322198398346E-11,8.6190651608658555E-11,9.9520673184500674E-11,8.6190651608658555E-11,7.2906322198398346E-11,2.7591077012576011E-11],[3.8395444878624718E-11,9.750179941691672E-11,9.9520673184500674E-11,1.2608509794804518E-10,9.9520673184500674E-11,9.750179941691672E-11,3.8395444878624711E-11],[2.7591077012576011E-11,7.2906322198398346E-11,8.6190651608658555E-11,9.9520673184500674E-11,8.6190651608658555E-11,7.2906322198398346E-11,2.7591077012576011E-11],[3.0359581061187819E-11,7.8206563524550065E-11,7.2906322198398346E-11,9.750179941691672E-11,7.2906322198398346E-11,7.8206563524550065E-11,3.0359581061187819E-11],[9.3518615139085627E-12,3.0359581061187819E-11,2.7591077012576011E-11,3.8395444878624711E-11,2.7591077012576011E-11,3.0359581061187819E-11,9.3518615139085627E-12]],[[2.7233419598865724E-11,6.6137103790176292E-11,6.105766628432359E-11,8.1606630002990164E-11,6.105766628432359E-11,6.6137103790176279E-11,2.7233419598865721E-11],[6.6137103790176292E-11,1.3450957377719558E-10,1.270381898634464E-10,1.6323602402906775E-10,1.270381898634464E-10,1.3450957377719558E-10,6.6137103790176279E-11],[6.105766628432359E-11,1.270381898634464E-10,1.4628631018911067E-10,1.6558875293384136E-10,1.4628631018911067E-10,1.270381898634464E-10,6.105766628432359E-11],[8.1606630002990164E-11,1.6323602402906775E-10,1.6558875293384136E-10,2.0350226439472491E-10,1.6558875293384136E-10,1.6323602402906775E-10,8.1606630002990151E-11],[6.105766628432359E-11,1.270381898634464E-10,1.4628631018911067E-10,1.6558875293384136E-10,1.4628631018911067E-10,1.270381898634464E-10,6.105766628432359E-11],[6.6137103790176279E-11,1.3450957377719558E-10,1.270381898634464E-10,1.6323602402906775E-10,1.270381898634464E-10,1.3450957377719558E-10,6.6137103790176279E-11],[2.7233419598865721E-11,6.6137103790176279E-11,6.105766628432359E-11,8.1606630002990151E-11,6.105766628432359E-11,6.6137103790176279E-11,2.7233419598865721E-11]],[[5.6208339889597933E-11,1.1390796183736842E-10,1.0644927272702552E-10,1.3760398643431085E-10,1.0644927272702552E-10,1.139079618373684E-10,5.6208339889597926E-11],[1.1390796183736842E-10,2.0087213111525466E-10,1.9150809367599715E-10,2.385728041779988E-10,1.9150809367599715E-10,2.0087213111525464E-10,1.139079618373684E-10],[1.0644927272702552E-10,1.9150809367599715E-10,2.162375513648252E-10,2.4102914448011472E-10,2.1623755136482523E-10,1.9150809367599712E-10,1.0644927272702552E-10],[1.3760398643431085E-10,2.385728041779988E-10,2.4102914448011472E-10,2.8918555359160048E-10,2.4102914448011472E-10,2.3857280417799875E-10,1.3760398643431083E-10],[1.0644927272702552E-10,1.9150809367599715E-10,2.1623755136482523E-10,2.4102914448011472E-10,2.1623755136482523E-10,1.9150809367599712E-10,1.0644927272702552E-10],[1.139079618373684E-10,2.0087213111525464E-10,1.9150809367599712E-10,2.3857280417799875E-10,1.9150809367599712E-10,2.0087213111525464E-10,1.139079618373684E-10],[5.6208339889597926E-11,1.139079618373684E-10,1.0644927272702552E-10,1.3760398643431083E-10,1.0644927272702552E-10,1.139079618373684E-10,5.6208339889597926E-11]],[[9.63999282245486E-11,1.7255207743928069E-10,1.6281267233820719E-10,2.0467781258653388E-10,1.6281267233820719E-10,1.7255207743928067E-10,9.6399928224548577E-11],[1.7255207743928069E-10,2.7639024746596434E-10,2.6537501631578513E-10,3.2251564266577963E-10,2.6537501631578513E-10,2.7639024746596434E-10,1.7255207743928067E-10],[1.6281267233820719E-10,2.6537501631578513E-10,2.9512363452800115E-10,3.24941481920213E-10,2.9512363452800115E-10,2.6537501631578513E-10,1.6281267233820719E-10],[2.0467781258653388E-10,3.2251564266577963E-10,3.24941481920213E-10,3.8236115240184047E-10,3.24941481920213E-10,3.2251564266577963E-10,2.0467781258653388E-10],[1.6281267233820719E-10,2.6537501631578513E-10,2.9512363452800115E-10,3.24941481920213E-10,2.9512363452800115E-10,2.6537501631578513E-10,1.6281267233820719E-10],[1.7255207743928067E-10,2.7639024746596434E-10,2.6537501631578513E-10,3.2251564266577963E-10,2.6537501631578513E-10,2.7639024746596434E-10,1.7255207743928067E-10],[9.6399928224548577E-11,1.7255207743928067E-10,1.6281267233820719E-10,2.0467781258653388E-10,1.6281267233820719E-10,1.7255207743928067E-10,9.6399928224548577E-11]],[[1.474020037146208E-10,2.4107409432214117E-10,2.2922501146640138E-10,2.8148320723453708E-10,2.2922501146640136E-10,2.4107409432214117E-10,1.4740200371462077E-10],[2.4107409432214117E-10,3.6025911705848284E-10,3.4779738282931684E-10,4.1422658353395287E-10,3.4779738282931684E-10,3.6025911705848284E-10,2.4107409432214117E-10],[2.2922501146640138E-10,3.4779738282931684E-10,3.8213456119983334E-10,4.1654742993754197E-10,3.8213456119983334E-10,3.4779738282931684E-10,2.2922501146640136E-10],[2.8148320723453708E-10,4.1422658353395287E-10,4.1654742993754197E-10,4.8236438340704512E-10,4.1654742993754197E-10,4.1422658353395287E-10,2.8148320723453708E-10],[2.2922501146640136E-10,3.4779738282931684E-10,3.8213456119983334E-10,4.1654742993754197E-10,3.8213456119983334E-10,3.4779738282931684E-10,2.2922501146640136E-10],[2.4107409432214117E-10,3.6025911705848284E-10,3.4779738282931684E-10,4.1422658353395287E-10,3.4779738282931684E-10,3.6025911705848284E-10,2.4107409432214117E-10],[1.4740200371462077E-10,2.4107409432214117E-10,2.2922501146640136E-10,2.8148320723453708E-10,2.2922501146640136E-10,2.4107409432214117E-10,1.4740200371462077E-10]],[[2.0857044437961891E-10,3.1858914750852509E-10,3.0482341894182116E-10,3.6693815580840188E-10,3.0482341894182116E-10,3.1858914750852509E-10,2.0857044437961891E-10],[3.1858914750852509E-10,4.5176324247183829E-10,4.3802644876156446E-10,5.129930747798661E-10,4.3802644876156446E-10,4.5176324247183829E-10,3.1858914750852509E-10],[3.0482341894182116E-10,4.3802644876156446E-10,4.76557977094211E-10,5.1517110062862007E-10,4.76557977094211E-10,4.3802644876156441E-10,3.0482341894182116E-10],[3.6693815580840188E-10,5.129930747798661E-10,5.1517110062862007E-10,5.8862066704404575E-10,5.1517110062862E-10,5.129930747798661E-10,3.6693815580840188E-10],[3.0482341894182116E-10,4.3802644876156446E-10,4.76557977094211E-10,5.1517110062862E-10,4.7655797709421093E-10,4.3802644876156441E-10,3.0482341894182116E-10],[3.1858914750852509E-10,4.5176324247183829E-10,4.3802644876156441E-10,5.129930747798661E-10,4.3802644876156441E-10,4.5176324247183824E-10,3.1858914750852509E-10],[2.0857044437961891E-10,3.1858914750852509E-10,3.0482341894182116E-10,3.6693815580840188E-10,3.0482341894182116E-10,3.1858914750852509E-10,2.0857044437961891E-10]],[[2.7917733029267161E-10,4.0431075847384629E-10,3.8881783470293285E-10,4.6015497921047623E-10,3.8881783470293285E-10,4.0431075847384623E-10,2.7917733029267161E-10],[4.0431075847384629E-10,5.50267163997109E-10,5.35398142082624E-10,6.1820366787143744E-10,5.3539814208262387E-10,5.5026716399710895E-10,4.0431075847384623E-10],[3.8881783470293285E-10,5.35398142082624E-10,5.7776720913233762E-10,6.202232866313226E-10,5.7776720913233762E-10,5.3539814208262387E-10,3.8881783470293285E-10],[4.6015497921047623E-10,6.1820366787143744E-10,6.202232866313226E-10,7.0063061435001971E-10,6.202232866313226E-10,6.1820366787143744E-10,4.6015497921047623E-10],[3.8881783470293285E-10,5.3539814208262387E-10,5.7776720913233762E-10,6.202232866313226E-10,5.7776720913233762E-10,5.3539814208262387E-10,3.8881783470293285E-10],[4.0431075847384623E-10,5.5026716399710895E-10,5.3539814208262387E-10,6.1820366787143744E-10,5.3539814208262387E-10,5.5026716399710895E-10,4.0431075847384623E-10],[2.7917733029267161E-10,4.0431075847384623E-10,3.8881783470293285E-10,4.6015497921047623E-10,3.8881783470293285E-10,4.0431075847384623E-10,2.7917733029267161E-10]],[[3.5849045741422891E-10,4.9754019373647878E-10,4.80494240858154E-10,5.6039335482188808E-10,4.80494240858154E-10,4.9754019373647868E-10,3.5849045741422886E-10],[4.9754019373647878E-10,6.5520687009954723E-10,6.3932451306041105E-10,7.2932979071201856E-10,6.39324513060411E-10,6.5520687009954712E-10,4.9754019373647868E-10],[4.80494240858154E-10,6.3932451306041105E-10,6.852105665500525E-10,7.3118861452917693E-10,6.8521056655005239E-10,6.39324513060411E-10,4.80494240858154E-10],[5.6039335482188808E-10,7.2932979071201856E-10,7.3118861452917693E-10,8.17958185790114E-10,7.3118861452917693E-10,7.2932979071201856E-10,5.6039335482188808E-10],[4.80494240858154E-10,6.39324513060411E-10,6.8521056655005239E-10,7.3118861452917693E-10,6.8521056655005239E-10,6.39324513060411E-10,4.80494240858154E-10],[4.9754019373647868E-10,6.5520687009954712E-10,6.39324513060411E-10,7.2932979071201856E-10,6.39324513060411E-10,6.5520687009954712E-10,4.9754019373647868E-10],[3.5849045741422886E-10,4.9754019373647868E-10,4.80494240858154E-10,5.6039335482188808E-10,4.80494240858154E-10,4.9754019373647868E-10,3.5849045741422886E-10]],[[4.45812461703903E-10,5.9765694658373512E-10,5.7921261985503122E-10,6.6702743878839556E-10,5.7921261985503122E-10,5.97656946583735E-10,4.4581246170390292E-10],[5.9765694658373512E-10,7.660819283484632E-10,7.4928542282104248E-10,8.4591177225361662E-10,7.4928542282104248E-10,7.660819283484632E-10,5.97656946583735E-10],[5.7921261985503122E-10,7.4928542282104248E-10,7.9840189498205527E-10,8.4761496547601E-10,7.9840189498205527E-10,7.4928542282104248E-10,5.7921261985503122E-10],[6.6702743878839556E-10,8.4591177225361662E-10,8.4761496547601E-10,9.40221157137191E-10,8.4761496547601E-10,8.4591177225361662E-10,6.6702743878839556E-10],[5.7921261985503122E-10,7.4928542282104248E-10,7.9840189498205527E-10,8.4761496547601E-10,7.9840189498205527E-10,7.4928542282104248E-10,5.7921261985503122E-10],[5.97656946583735E-10,7.660819283484632E-10,7.4928542282104248E-10,8.4591177225361662E-10,7.4928542282104248E-10,7.660819283484632E-10,5.97656946583735E-10],[4.4581246170390292E-10,5.97656946583735E-10,5.7921261985503122E-10,6.6702743878839556E-10,5.7921261985503122E-10,5.97656946583735E-10,4.4581246170390292E-10]],[[5.4049823527856252E-10,7.0411016298476993E-10,6.8440221455996222E-10,7.795223260905627E-10,6.8440221455996222E-10,7.0411016298476983E-10,5.4049823527856242E-10],[7.0411016298476993E-10,8.8244834334252057E-10,8.6482079039019508E-10,9.6754790298809689E-10,8.6482079039019508E-10,8.8244834334252057E-10,7.0411016298476983E-10],[6.8440221455996222E-10,8.6482079039019508E-10,9.1691230206877034E-10,9.6910468030028957E-10,9.1691230206877034E-10,8.6482079039019508E-10,6.8440221455996222E-10],[7.795223260905627E-10,9.6754790298809689E-10,9.6910468030028957E-10,1.0670833456829225E-9,9.6910468030028957E-10,9.6754790298809689E-10,7.795223260905627E-10],[6.8440221455996222E-10,8.6482079039019508E-10,9.1691230206877034E-10,9.6910468030028957E-10,9.1691230206877034E-10,8.6482079039019508E-10,6.8440221455996222E-10],[7.0411016298476983E-10,8.8244834334252057E-10,8.6482079039019508E-10,9.6754790298809689E-10,8.6482079039019508E-10,8.8244834334252057E-10,7.0411016298476983E-10],[5.4049823527856242E-10,7.0411016298476983E-10,6.8440221455996222E-10,7.795223260905627E-10,6.8440221455996222E-10,7.0411016298476983E-10,5.4049823527856242E-10]],[[6.4196082775664916E-10,8.1641090904483014E-10,7.9555559888899814E-10,8.9741678844329857E-10,7.9555559888899814E-10,8.1641090904483E-10,6.4196082775664906E-10],[8.1641090904483014E-10,1.0039121232338622E-9,9.8552353644518447E-10,1.0938857086290143E-9,9.8552353644518447E-10,1.0039121232338622E-9,8.1641090904483E-10],[7.9555559888899814E-10,9.8552353644518447E-10,1.04036294273825E-9,1.0953071871499996E-9,1.04036294273825E-9,9.8552353644518447E-10,7.9555559888899814E-10],[8.9741678844329857E-10,1.0938857086290143E-9,1.0953071871499996E-9,1.1982481985920531E-9,1.0953071871499996E-9,1.0938857086290143E-9,8.9741678844329857E-10],[7.9555559888899814E-10,9.8552353644518447E-10,1.04036294273825E-9,1.0953071871499996E-9,1.04036294273825E-9,9.8552353644518447E-10,7.9555559888899814E-10],[8.1641090904483E-10,1.0039121232338622E-9,9.8552353644518447E-10,1.0938857086290143E-9,9.8552353644518447E-10,1.0039121232338622E-9,8.1641090904483E-10],[6.4196082775664906E-10,8.1641090904483E-10,7.9555559888899814E-10,8.9741678844329857E-10,7.9555559888899814E-10,8.1641090904483E-10,6.4196082775664906E-10]],[[7.4967138984896328E-10,9.3412521035428117E-10,9.1222242148379824E-10,1.0203103068195119E-9,9.1222242148379824E-10,9.3412521035428117E-10,7.4967138984896317E-10],[9.3412521035428117E-10,1.13012351927724E-9,1.1110332587748811E-9,1.2246148715428876E-9,1.1110332587748811E-9,1.13012351927724E-9,9.3412521035428117E-10],[9.1222242148379824E-10,1.1110332587748811E-9,1.1684187440675855E-9,1.2259127764889202E-9,1.1684187440675855E-9,1.1110332587748811E-9,9.1222242148379824E-10],[1.0203103068195119E-9,1.2246148715428876E-9,1.2259127764889202E-9,1.3334534499193841E-9,1.2259127764889202E-9,1.2246148715428876E-9,1.0203103068195119E-9],[9.1222242148379824E-10,1.1110332587748811E-9,1.1684187440675855E-9,1.2259127764889202E-9,1.1684187440675855E-9,1.1110332587748811E-9,9.1222242148379824E-10],[9.3412521035428117E-10,1.13012351927724E-9,1.1110332587748811E-9,1.2246148715428876E-9,1.1110332587748811E-9,1.13012351927724E-9,9.3412521035428117E-10],[7.4967138984896317E-10,9.3412521035428117E-10,9.1222242148379824E-10,1.0203103068195119E-9,9.1222242148379824E-10,9.3412521035428117E-10,7.4967138984896317E-10]],[[8.6315618108875548E-10,1.0568678058898926E-9,1.034003296299848E-9,1.1478530996159583E-9,1.034003296299848E-9,1.0568678058898926E-9,8.6315618108875548E-10],[1.0568678058898926E-9,1.2607718922121832E-9,1.2410306182386602E-9,1.3594614045810373E-9,1.2410306182386602E-9,1.2607718922121832E-9,1.0568678058898926E-9],[1.034003296299848E-9,1.2410306182386602E-9,1.300782953072592E-9,1.3606473113565275E-9,1.300782953072592E-9,1.2410306182386602E-9,1.034003296299848E-9],[1.1478530996159583E-9,1.3594614045810373E-9,1.3606473113565275E-9,1.4724666272559731E-9,1.3606473113565275E-9,1.3594614045810373E-9,1.1478530996159583E-9],[1.034003296299848E-9,1.2410306182386602E-9,1.300782953072592E-9,1.3606473113565275E-9,1.300782953072592E-9,1.2410306182386602E-9,1.034003296299848E-9],[1.0568678058898926E-9,1.2607718922121832E-9,1.2410306182386602E-9,1.3594614045810373E-9,1.2410306182386602E-9,1.2607718922121832E-9,1.0568678058898926E-9],[8.6315618108875548E-10,1.0568678058898926E-9,1.034003296299848E-9,1.1478530996159583E-9,1.034003296299848E-9,1.0568678058898926E-9,8.6315618108875548E-10]],[[9.81992275318006E-10,1.1842965625733168E-9,1.16054408279659E-9,1.2797382850296818E-9,1.16054408279659E-9,1.1842965625733168E-9,9.81992275318006E-10],[1.1842965625733168E-9,1.395581153772022E-9,1.3752323857001881E-9,1.4981827957591978E-9,1.3752323857001881E-9,1.395581153772022E-9,1.1842965625733168E-9],[1.16054408279659E-9,1.3752323857001881E-9,1.4371923998669881E-9,1.499267707306968E-9,1.4371923998669881E-9,1.3752323857001881E-9,1.16054408279659E-9],[1.2797382850296818E-9,1.4981827957591978E-9,1.499267707306968E-9,1.6150812424032197E-9,1.499267707306968E-9,1.4981827957591978E-9,1.2797382850296818E-9],[1.16054408279659E-9,1.3752323857001881E-9,1.4371923998669881E-9,1.499267707306968E-9,1.4371923998669881E-9,1.3752323857001881E-9,1.16054408279659E-9],[1.1842965625733168E-9,1.395581153772022E-9,1.3752323857001881E-9,1.4981827957591978E-9,1.3752323857001881E-9,1.395581153772022E-9,1.1842965625733168E-9],[9.81992275318006E-10,1.1842965625733168E-9,1.16054408279659E-9,1.2797382850296818E-9,1.16054408279659E-9,1.1842965625733168E-9,9.81992275318006E-10]],[[1.1058028363210717E-9,1.316107497065988E-9,1.2915306631335666E-9,1.4156955981209728E-9,1.2915306631335666E-9,1.316107497065988E-9,1.1058028363210717E-9],[1.316107497065988E-9,1.5343057298294032E-9,1.513387088342513E-9,1.6405639193825195E-9,1.513387088342513E-9,1.5343057298294032E-9,1.316107497065988E-9],[1.2915306631335666E-9,1.513387088342513E-9,1.5774133799598695E-9,1.6415580511680424E-9,1.5774133799598695E-9,1.513387088342513E-9,1.2915306631335666E-9],[1.4156955981209728E-9,1.6405639193825195E-9,1.6415580511680424E-9,1.7611135392186553E-9,1.6415580511680424E-9,1.6405639193825195E-9,1.4156955981209728E-9],[1.2915306631335666E-9,1.513387088342513E-9,1.5774133799598695E-9,1.6415580511680424E-9,1.5774133799598695E-9,1.513387088342513E-9,1.2915306631335666E-9],[1.316107497065988E-9,1.5343057298294032E-9,1.513387088342513E-9,1.6405639193825195E-9,1.513387088342513E-9,1.5343057298294032E-9,1.316107497065988E-9],[1.1058028363210717E-9,1.316107497065988E-9,1.2915306631335666E-9,1.4156955981209728E-9,1.2915306631335666E-9,1.316107497065988E-9,1.1058028363210717E-9]],[[1.2342524183092612E-9,1.4520303515667788E-9,1.4266842465654454E-9,1.5554862662754866E-9,1.4266842465654454E-9,1.4520303515667788E-9,1.2342524183092612E-9],[1.4520303515667788E-9,1.6767269924770334E-9,1.6552711909020878E-9,1.7864135622943564E-9,1.6552711909020878E-9,1.6767269924770334E-9,1.4520303515667788E-9],[1.4266842465654454E-9,1.6552711909020878E-9,1.7212380711599831E-9,1.7873262540291708E-9,1.7212380711599831E-9,1.6552711909020878E-9,1.4266842465654454E-9],[1.5554862662754866E-9,1.7864135622943564E-9,1.7873262540291708E-9,1.9103997001797627E-9,1.7873262540291708E-9,1.7864135622943564E-9,1.5554862662754866E-9],[1.4266842465654454E-9,1.6552711909020878E-9,1.7212380711599831E-9,1.7873262540291708E-9,1.7212380711599831E-9,1.6552711909020878E-9,1.4266842465654454E-9],[1.4520303515667788E-9,1.6767269924770334E-9,1.6552711909020878E-9,1.7864135622943564E-9,1.6552711909020878E-9,1.6767269924770334E-9,1.4520303515667788E-9],[1.2342524183092612E-9,1.4520303515667788E-9,1.4266842465654454E-9,1.5554862662754866E-9,1.4266842465654454E-9,1.4520303515667788E-9,1.2342524183092612E-9]],[[1.3670425169783679E-9,1.5918246713065333E-9,1.5657571889170937E-9,1.6988987671178996E-9,1.5657571889170937E-9,1.5918246713065331E-9,1.3670425169783679E-9],[1.5918246713065333E-9,1.8226501107983401E-9,1.8006857494721548E-9,1.9355614510418207E-9,1.8006857494721548E-9,1.82265011079834E-9,1.5918246713065331E-9],[1.5657571889170937E-9,1.8006857494721548E-9,1.868481411675475E-9,1.9364011539941194E-9,1.868481411675475E-9,1.8006857494721545E-9,1.5657571889170937E-9],[1.6988987671178996E-9,1.9355614510418207E-9,1.9364011539941194E-9,2.0627934342777396E-9,1.9364011539941189E-9,1.9355614510418203E-9,1.6988987671178996E-9],[1.5657571889170937E-9,1.8006857494721548E-9,1.868481411675475E-9,1.9364011539941189E-9,1.8684814116754746E-9,1.8006857494721545E-9,1.5657571889170937E-9],[1.5918246713065331E-9,1.82265011079834E-9,1.8006857494721545E-9,1.9355614510418203E-9,1.8006857494721545E-9,1.82265011079834E-9,1.5918246713065331E-9],[1.3670425169783679E-9,1.5918246713065331E-9,1.5657571889170937E-9,1.6988987671178996E-9,1.5657571889170937E-9,1.5918246713065331E-9,1.3670425169783679E-9]],[[1.5039074718526525E-9,1.7352763333273123E-9,1.7085292934345038E-9,1.8457452729135611E-9,1.7085292934345038E-9,1.7352763333273121E-9,1.5039074718526523E-9],[1.7352763333273123E-9,1.9719012735253766E-9,1.9494534801183215E-9,2.087855692148836E-9,1.9494534801183211E-9,1.9719012735253762E-9,1.7352763333273121E-9],[1.7085292934345038E-9,1.9494534801183215E-9,2.0189783760984072E-9,2.0886299998422245E-9,2.0189783760984072E-9,1.9494534801183211E-9,1.7085292934345038E-9],[1.8457452729135611E-9,2.087855692148836E-9,2.0886299998422245E-9,2.2181638846627857E-9,2.0886299998422245E-9,2.087855692148836E-9,1.8457452729135611E-9],[1.7085292934345038E-9,1.9494534801183211E-9,2.0189783760984072E-9,2.0886299998422245E-9,2.0189783760984072E-9,1.9494534801183211E-9,1.7085292934345038E-9],[1.7352763333273121E-9,1.9719012735253762E-9,1.9494534801183211E-9,2.087855692148836E-9,1.9494534801183211E-9,1.9719012735253762E-9,1.7352763333273121E-9],[1.5039074718526523E-9,1.7352763333273121E-9,1.7085292934345038E-9,1.8457452729135611E-9,1.7085292934345038E-9,1.7352763333273121E-9,1.5039074718526523E-9]],[[1.6446107530920197E-9,1.8821944788636579E-9,1.854804549830725E-9,1.99585863939096E-9,1.854804549830725E-9,1.8821944788636575E-9,1.6446107530920195E-9],[1.8821944788636579E-9,2.1243252407233295E-9,2.1014161901732238E-9,2.243160556803023E-9,2.1014161901732238E-9,2.1243252407233291E-9,1.8821944788636575E-9],[1.854804549830725E-9,2.1014161901732238E-9,2.1725815948990767E-9,2.2438762589882086E-9,2.1725815948990767E-9,2.1014161901732238E-9,1.854804549830725E-9],[1.99585863939096E-9,2.243160556803023E-9,2.2438762589882086E-9,2.3763938064755717E-9,2.2438762589882086E-9,2.243160556803023E-9,1.99585863939096E-9],[1.854804549830725E-9,2.1014161901732238E-9,2.1725815948990767E-9,2.2438762589882086E-9,2.1725815948990767E-9,2.1014161901732238E-9,1.854804549830725E-9],[1.8821944788636575E-9,2.1243252407233291E-9,2.1014161901732238E-9,2.243160556803023E-9,2.1014161901732238E-9,2.1243252407233291E-9,1.8821944788636575E-9],[1.6446107530920195E-9,1.8821944788636575E-9,1.854804549830725E-9,1.99585863939096E-9,1.854804549830725E-9,1.8821944788636575E-9,1.6446107530920195E-9]],[[1.788941630263308E-9,2.0324088049641326E-9,2.0044082657566843E-9,2.1490898338028532E-9,2.0044082657566843E-9,2.0324088049641322E-9,1.7889416302633078E-9],[2.0324088049641326E-9,2.279783185746991E-9,2.2564325259147859E-9,2.4013545553597379E-9,2.2564325259147855E-9,2.2797831857469906E-9,2.0324088049641322E-9],[2.0044082657566843E-9,2.2564325259147859E-9,2.3291592708313092E-9,2.4020177028444231E-9,2.3291592708313092E-9,2.2564325259147855E-9,2.0044082657566843E-9],[2.1490898338028532E-9,2.4013545553597379E-9,2.4020177028444231E-9,2.537377974541076E-9,2.4020177028444231E-9,2.4013545553597379E-9,2.1490898338028532E-9],[2.0044082657566843E-9,2.2564325259147855E-9,2.3291592708313092E-9,2.4020177028444231E-9,2.3291592708313092E-9,2.2564325259147855E-9,2.0044082657566843E-9],[2.0324088049641322E-9,2.2797831857469906E-9,2.2564325259147855E-9,2.4013545553597379E-9,2.2564325259147855E-9,2.2797831857469906E-9,2.0324088049641322E-9],[1.7889416302633078E-9,2.0324088049641322E-9,2.0044082657566843E-9,2.1490898338028532E-9,2.0044082657566843E-9,2.0324088049641322E-9,1.7889416302633078E-9]],[[1.9367122025869208E-9,2.1857671746475933E-9,2.1571845460955859E-9,2.305305722719069E-9,2.1571845460955859E-9,2.1857671746475929E-9,1.9367122025869208E-9],[2.1857671746475933E-9,2.4381507927613678E-9,2.4143759959448761E-9,2.5623287576507645E-9,2.4143759959448761E-9,2.4381507927613678E-9,2.1857671746475929E-9],[2.1571845460955859E-9,2.4143759959448761E-9,2.4885933523474946E-9,2.56294473047151E-9,2.4885933523474946E-9,2.4143759959448761E-9,2.1571845460955859E-9],[2.305305722719069E-9,2.5623287576507645E-9,2.56294473047151E-9,2.7010217877962707E-9,2.56294473047151E-9,2.5623287576507645E-9,2.305305722719069E-9],[2.1571845460955859E-9,2.4143759959448761E-9,2.4885933523474946E-9,2.56294473047151E-9,2.4885933523474946E-9,2.4143759959448761E-9,2.1571845460955859E-9],[2.1857671746475929E-9,2.4381507927613678E-9,2.4143759959448761E-9,2.5623287576507645E-9,2.4143759959448761E-9,2.4381507927613678E-9,2.1857671746475929E-9],[1.9367122025869208E-9,2.1857671746475929E-9,2.1571845460955859E-9,2.305305722719069E-9,2.1571845460955859E-9,2.1857671746475929E-9,1.9367122025869208E-9]],[[2.0877547619841441E-9,2.34213350866583E-9,2.3129940785485845E-9,2.4643871582494316E-9,2.3129940785485845E-9,2.34213350866583E-9,2.0877547619841441E-9],[2.34213350866583E-9,2.5993165789693195E-9,2.5751332347576129E-9,2.725985323172917E-9,2.5751332347576129E-9,2.5993165789693195E-9,2.34213350866583E-9],[2.3129940785485845E-9,2.5751332347576129E-9,2.6507779298557905E-9,2.7265588976973436E-9,2.6507779298557905E-9,2.5751332347576129E-9,2.3129940785485845E-9],[2.4643871582494316E-9,2.725985323172917E-9,2.7265588976973436E-9,2.8672400429934735E-9,2.7265588976973436E-9,2.725985323172917E-9,2.4643871582494316E-9],[2.3129940785485845E-9,2.5751332347576129E-9,2.6507779298557905E-9,2.7265588976973436E-9,2.6507779298557905E-9,2.5751332347576129E-9,2.3129940785485845E-9],[2.34213350866583E-9,2.5993165789693195E-9,2.5751332347576129E-9,2.725985323172917E-9,2.5751332347576129E-9,2.5993165789693195E-9,2.34213350866583E-9],[2.0877547619841441E-9,2.34213350866583E-9,2.3129940785485845E-9,2.4643871582494316E-9,2.3129940785485845E-9,2.34213350866583E-9,2.0877547619841441E-9]],[[2.2419194574563986E-9,2.5013859256744716E-9,2.4717121878690239E-9,2.6262273145541191E-9,2.4717121878690239E-9,2.5013859256744716E-9,2.2419194574563986E-9],[2.5013859256744716E-9,2.7631804142627156E-9,2.7386024756325533E-9,2.892236211513524E-9,2.7386024756325533E-9,2.7631804142627156E-9,2.5013859256744716E-9],[2.4717121878690239E-9,2.7386024756325533E-9,2.8156178255411688E-9,2.8927716240162509E-9,2.8156178255411688E-9,2.7386024756325533E-9,2.4717121878690239E-9],[2.6262273145541191E-9,2.892236211513524E-9,2.8927716240162509E-9,3.0359558547389871E-9,2.8927716240162509E-9,2.892236211513524E-9,2.6262273145541191E-9],[2.4717121878690239E-9,2.7386024756325533E-9,2.8156178255411688E-9,2.8927716240162509E-9,2.8156178255411688E-9,2.7386024756325533E-9,2.4717121878690239E-9],[2.5013859256744716E-9,2.7631804142627156E-9,2.7386024756325533E-9,2.892236211513524E-9,2.7386024756325533E-9,2.7631804142627156E-9,2.5013859256744716E-9],[2.2419194574563986E-9,2.5013859256744716E-9,2.4717121878690239E-9,2.6262273145541191E-9,2.4717121878690239E-9,2.5013859256744716E-9,2.2419194574563986E-9]],[[2.3990722294406512E-9,2.6634151011878851E-9,2.6332271251998774E-9,2.7907302362013031E-9,2.6332271251998774E-9,2.6634151011878851E-9,2.3990722294406512E-9],[2.6634151011878851E-9,2.9296522142751964E-9,2.9046922060956781E-9,3.0610020483252053E-9,2.9046922060956781E-9,2.9296522142751964E-9,2.6634151011878851E-9],[2.6332271251998774E-9,2.9046922060956781E-9,2.983027351635689E-9,3.061503053799516E-9,2.983027351635689E-9,2.9046922060956781E-9,2.6332271251998774E-9],[2.7907302362013031E-9,3.0610020483252053E-9,3.061503053799516E-9,3.207099702566761E-9,3.061503053799516E-9,3.0610020483252053E-9,2.7907302362013031E-9],[2.6332271251998774E-9,2.9046922060956781E-9,2.983027351635689E-9,3.061503053799516E-9,2.983027351635689E-9,2.9046922060956781E-9,2.6332271251998774E-9],[2.6634151011878851E-9,2.9296522142751964E-9,2.9046922060956781E-9,3.0610020483252053E-9,2.9046922060956781E-9,2.9296522142751964E-9,2.6634151011878851E-9],[2.3990722294406512E-9,2.6634151011878851E-9,2.6332271251998774E-9,2.7907302362013031E-9,2.6332271251998774E-9,2.6634151011878851E-9,2.3990722294406512E-9]],[[2.5590929844050347E-9,2.828122819033823E-9,2.7974385629396117E-9,2.957809567222675E-9,2.7974385629396117E-9,2.828122819033823E-9,2.5590929844050347E-9],[2.828122819033823E-9,3.0986507857499148E-9,3.0733199827818516E-9,3.2322111261227958E-9,3.0733199827818516E-9,3.0986507857499148E-9,2.828122819033823E-9],[2.7974385629396117E-9,3.0733199827818516E-9,3.1529292155636356E-9,3.2326810518374551E-9,3.1529292155636356E-9,3.0733199827818516E-9,2.7974385629396117E-9],[2.957809567222675E-9,3.2322111261227958E-9,3.2326810518374551E-9,3.3806085887060005E-9,3.2326810518374551E-9,3.2322111261227958E-9,2.957809567222675E-9],[2.7974385629396117E-9,3.0733199827818516E-9,3.1529292155636356E-9,3.2326810518374551E-9,3.1529292155636356E-9,3.0733199827818516E-9,2.7974385629396117E-9],[2.828122819033823E-9,3.0986507857499148E-9,3.0733199827818516E-9,3.2322111261227958E-9,3.0733199827818516E-9,3.0986507857499148E-9,2.828122819033823E-9],[2.5590929844050347E-9,2.828122819033823E-9,2.7974385629396117E-9,2.957809567222675E-9,2.7974385629396117E-9,2.828122819033823E-9,2.5590929844050347E-9]],[[2.721873982277795E-9,2.9954206920933765E-9,2.9642562692453677E-9,3.1273874353050937E-9,2.9642562692453677E-9,2.9954206920933765E-9,2.721873982277795E-9],[2.9954206920933765E-9,3.2701028057542879E-9,3.2444113856537943E-9,3.4057985223828617E-9,3.2444113856537943E-9,3.2701028057542879E-9,2.9954206920933765E-9],[2.9642562692453677E-9,3.2444113856537943E-9,3.3252535534013726E-9,3.4062403161401091E-9,3.3252535534013726E-9,3.2444113856537943E-9,2.9642562692453677E-9],[3.1273874353050937E-9,3.4057985223828617E-9,3.4062403161401091E-9,3.5564252926317076E-9,3.4062403161401091E-9,3.4057985223828617E-9,3.1273874353050937E-9],[2.9642562692453677E-9,3.2444113856537943E-9,3.3252535534013726E-9,3.4062403161401091E-9,3.3252535534013726E-9,3.2444113856537943E-9,2.9642562692453677E-9],[2.9954206920933765E-9,3.2701028057542879E-9,3.2444113856537943E-9,3.4057985223828617E-9,3.2444113856537943E-9,3.2701028057542879E-9,2.9954206920933765E-9],[2.721873982277795E-9,2.9954206920933765E-9,2.9642562692453677E-9,3.1273874353050937E-9,2.9642562692453677E-9,2.9954206920933765E-9,2.721873982277795E-9]],[[2.8873184118948595E-9,3.165229031894399E-9,3.1335989396028779E-9,3.2993934699081036E-9,3.1335989396028779E-9,3.165229031894399E-9,2.8873184118948595E-9],[3.165229031894399E-9,3.4439419185917158E-9,3.4178990942303806E-9,3.5817053200487589E-9,3.4178990942303806E-9,3.4439419185917158E-9,3.165229031894399E-9],[3.1335989396028779E-9,3.4178990942303806E-9,3.499937075656899E-9,3.5821215933556015E-9,3.499937075656899E-9,3.4178990942303806E-9,3.1335989396028779E-9],[3.2993934699081036E-9,3.5817053200487589E-9,3.5821215933556015E-9,3.7344977104967213E-9,3.5821215933556015E-9,3.5817053200487589E-9,3.299393469908104E-9],[3.1335989396028779E-9,3.4178990942303806E-9,3.499937075656899E-9,3.5821215933556015E-9,3.499937075656899E-9,3.4178990942303806E-9,3.1335989396028779E-9],[3.165229031894399E-9,3.4439419185917158E-9,3.4178990942303806E-9,3.5817053200487589E-9,3.4178990942303806E-9,3.4439419185917162E-9,3.165229031894399E-9],[2.8873184118948595E-9,3.165229031894399E-9,3.1335989396028779E-9,3.299393469908104E-9,3.1335989396028779E-9,3.165229031894399E-9,2.8873184118948595E-9]],[[3.0553391322589674E-9,3.3374758491211631E-9,3.3053931658402147E-9,3.4737639365467492E-9,3.3053931658402147E-9,3.3374758491211631E-9,3.0553391322589674E-9],[3.3374758491211631E-9,3.620107936300008E-9,3.5937220708049317E-9,3.7598779177108263E-9,3.5937220708049317E-9,3.620107936300008E-9,3.3374758491211631E-9],[3.3053931658402147E-9,3.5937220708049317E-9,3.6769223115613103E-9,3.7602709842116655E-9,3.6769223115613108E-9,3.5937220708049317E-9,3.3053931658402147E-9],[3.4737639365467492E-9,3.7598779177108263E-9,3.7602709842116655E-9,3.9147782692190083E-9,3.7602709842116655E-9,3.7598779177108255E-9,3.4737639365467488E-9],[3.3053931658402147E-9,3.5937220708049317E-9,3.6769223115613108E-9,3.7602709842116655E-9,3.6769223115613108E-9,3.5937220708049317E-9,3.3053931658402147E-9],[3.3374758491211631E-9,3.620107936300008E-9,3.5937220708049317E-9,3.7598779177108255E-9,3.5937220708049317E-9,3.620107936300008E-9,3.3374758491211631E-9],[3.0553391322589674E-9,3.3374758491211631E-9,3.3053931658402147E-9,3.4737639365467488E-9,3.3053931658402147E-9,3.3374758491211631E-9,3.0553391322589674E-9]],[[3.2258575598900269E-9,3.5120959693236478E-9,3.479572525547935E-9,3.6504409722481963E-9,3.479572525547935E-9,3.5120959693236478E-9,3.2258575598900269E-9],[3.5120959693236478E-9,3.7985461304147957E-9,3.7718248376381565E-9,3.9402674185338511E-9,3.7718248376381565E-9,3.7985461304147957E-9,3.5120959693236478E-9],[3.479572525547935E-9,3.7718248376381565E-9,3.8561569399306952E-9,3.9406393281141033E-9,3.8561569399306952E-9,3.7718248376381565E-9,3.479572525547935E-9],[3.6504409722481963E-9,3.9402674185338511E-9,3.9406393281141033E-9,4.0972234064023195E-9,3.9406393281141033E-9,3.9402674185338511E-9,3.6504409722481959E-9],[3.479572525547935E-9,3.7718248376381565E-9,3.8561569399306952E-9,3.9406393281141033E-9,3.8561569399306952E-9,3.7718248376381565E-9,3.479572525547935E-9],[3.5120959693236478E-9,3.7985461304147957E-9,3.7718248376381565E-9,3.9402674185338511E-9,3.7718248376381565E-9,3.7985461304147957E-9,3.5120959693236478E-9],[3.2258575598900269E-9,3.5120959693236478E-9,3.479572525547935E-9,3.6504409722481959E-9,3.479572525547935E-9,3.5120959693236478E-9,3.2258575598900269E-9]],[[3.3988026848479664E-9,3.6890302500733714E-9,3.6560767771191266E-9,3.8293719094448253E-9,3.6560767771191266E-9,3.6890302500733714E-9,3.3988026848479664E-9],[3.6890302500733714E-9,3.9792066042387333E-9,3.95215683683448E-9,4.1228290885146659E-9,3.95215683683448E-9,3.9792066042387333E-9,3.6890302500733714E-9],[3.6560767771191266E-9,3.95215683683448E-9,4.0375931962517672E-9,4.1231816575013518E-9,4.0375931962517672E-9,3.95215683683448E-9,3.6560767771191266E-9],[3.8293719094448253E-9,4.1228290885146659E-9,4.1231816575013518E-9,4.2817931084526006E-9,4.123181657501351E-9,4.1228290885146651E-9,3.8293719094448245E-9],[3.6560767771191266E-9,3.95215683683448E-9,4.0375931962517672E-9,4.123181657501351E-9,4.0375931962517664E-9,3.95215683683448E-9,3.6560767771191266E-9],[3.6890302500733714E-9,3.9792066042387333E-9,3.95215683683448E-9,4.1228290885146651E-9,3.95215683683448E-9,3.9792066042387333E-9,3.6890302500733714E-9],[3.3988026848479664E-9,3.6890302500733714E-9,3.6560767771191266E-9,3.8293719094448245E-9,3.6560767771191266E-9,3.6890302500733714E-9,3.3988026848479664E-9]],[[3.5741102001019751E-9,3.8682248875366472E-9,3.8348511475770033E-9,4.0105086774177882E-9,3.8348511475770033E-9,3.8682248875366472E-9,3.5741102001019751E-9],[3.8682248875366472E-9,4.1620437362174945E-9,4.1346718630932929E-9,4.3075218759252137E-9,4.1346718630932929E-9,4.1620437362174945E-9,3.8682248875366472E-9],[3.8348511475770033E-9,4.1346718630932929E-9,4.2211873470090824E-9,4.3078567138002622E-9,4.2211873470090824E-9,4.1346718630932929E-9,3.8348511475770033E-9],[4.0105086774177882E-9,4.3075218759252137E-9,4.3078567138002622E-9,4.4684505002550971E-9,4.3078567138002622E-9,4.3075218759252137E-9,4.0105086774177882E-9],[3.8348511475770033E-9,4.1346718630932929E-9,4.2211873470090824E-9,4.3078567138002622E-9,4.2211873470090824E-9,4.1346718630932929E-9,3.8348511475770033E-9],[3.8682248875366472E-9,4.1620437362174945E-9,4.1346718630932929E-9,4.3075218759252137E-9,4.1346718630932929E-9,4.1620437362174945E-9,3.8682248875366472E-9],[3.5741102001019751E-9,3.8682248875366472E-9,3.8348511475770033E-9,4.0105086774177882E-9,3.8348511475770033E-9,3.8682248875366472E-9,3.5741102001019751E-9]],[[3.7517217307881414E-9,4.0496308019513212E-9,4.0158457020461014E-9,4.1938072719437293E-9,4.0158457020461014E-9,4.0496308019513212E-9,3.7517217307881414E-9],[4.0496308019513212E-9,4.3470156862093714E-9,4.3193275608033956E-9,4.4943079848756338E-9,4.3193275608033956E-9,4.3470156862093714E-9,4.0496308019513212E-9],[4.0158457020461014E-9,4.3193275608033956E-9,4.4068992234423874E-9,4.4946265178929464E-9,4.4068992234423874E-9,4.3193275608033956E-9,4.0158457020461014E-9],[4.1938072719437293E-9,4.4943079848756338E-9,4.4946265178929464E-9,4.65716148063191E-9,4.4946265178929464E-9,4.4943079848756338E-9,4.1938072719437293E-9],[4.0158457020461014E-9,4.3193275608033956E-9,4.4068992234423874E-9,4.4946265178929464E-9,4.4068992234423874E-9,4.3193275608033956E-9,4.0158457020461014E-9],[4.0496308019513212E-9,4.3470156862093714E-9,4.3193275608033956E-9,4.4943079848756338E-9,4.3193275608033956E-9,4.3470156862093714E-9,4.0496308019513212E-9],[3.7517217307881414E-9,4.0496308019513212E-9,4.0158457020461014E-9,4.1938072719437293E-9,4.0158457020461014E-9,4.0496308019513212E-9,3.7517217307881414E-9]],[[3.9315841515608839E-9,4.2332030928132488E-9,4.1990147851786066E-9,4.3792272850799584E-9,4.1990147851786066E-9,4.2332030928132488E-9,3.9315841515608839E-9],[4.2332030928132488E-9,4.5340839574625957E-9,4.5060849780450455E-9,4.683152496846351E-9,4.5060849780450455E-9,4.5340839574625957E-9,4.2332030928132488E-9],[4.1990147851786066E-9,4.5060849780450455E-9,4.594691807924426E-9,4.68345598891157E-9,4.594691807924426E-9,4.5060849780450455E-9,4.1990147851786066E-9],[4.3792272850799584E-9,4.683152496846351E-9,4.68345598891157E-9,4.8478943985256615E-9,4.68345598891157E-9,4.683152496846351E-9,4.3792272850799584E-9],[4.1990147851786066E-9,4.5060849780450455E-9,4.594691807924426E-9,4.68345598891157E-9,4.594691807924426E-9,4.5060849780450455E-9,4.1990147851786066E-9],[4.2332030928132488E-9,4.5340839574625957E-9,4.5060849780450455E-9,4.683152496846351E-9,4.5060849780450455E-9,4.5340839574625957E-9,4.2332030928132488E-9],[3.9315841515608839E-9,4.2332030928132488E-9,4.1990147851786066E-9,4.3792272850799584E-9,4.1990147851786066E-9,4.2332030928132488E-9,3.9315841515608839E-9]],[[4.1136489817101047E-9,4.4189005557300541E-9,4.38431652610392E-9,4.56673148810803E-9,4.38431652610392E-9,4.4189005557300541E-9,4.1136489817101047E-9],[4.4189005557300541E-9,4.7232130080070351E-9,4.694908171009508E-9,4.87402303482145E-9,4.694908171009508E-9,4.7232130080070351E-9,4.4189005557300541E-9],[4.38431652610392E-9,4.694908171009508E-9,4.78453086701245E-9,4.8743126059584788E-9,4.78453086701245E-9,4.694908171009508E-9,4.38431652610392E-9],[4.56673148810803E-9,4.87402303482145E-9,4.8743126059584788E-9,5.0406197654797825E-9,4.8743126059584788E-9,4.87402303482145E-9,4.56673148810803E-9],[4.38431652610392E-9,4.694908171009508E-9,4.78453086701245E-9,4.8743126059584788E-9,4.78453086701245E-9,4.694908171009508E-9,4.38431652610392E-9],[4.4189005557300541E-9,4.7232130080070351E-9,4.694908171009508E-9,4.87402303482145E-9,4.694908171009508E-9,4.7232130080070351E-9,4.4189005557300541E-9],[4.1136489817101047E-9,4.4189005557300541E-9,4.38431652610392E-9,4.56673148810803E-9,4.38431652610392E-9,4.4189005557300541E-9,4.1136489817101047E-9]],[[4.2978718489979041E-9,4.6066852539027921E-9,4.5717123995530616E-9,4.7562854615661957E-9,4.5717123995530616E-9,4.6066852539027921E-9,4.2978718489979041E-9],[4.6066852539027921E-9,4.9143699059414744E-9,4.8857638531602186E-9,5.0668894653234053E-9,4.8857638531602186E-9,4.9143699059414744E-9,4.6066852539027921E-9],[4.5717123995530616E-9,4.8857638531602186E-9,4.976384625968066E-9,5.0671661080173149E-9,4.976384625968066E-9,4.8857638531602186E-9,4.5717123995530616E-9],[4.7562854615661957E-9,5.0668894653234053E-9,5.0671661080173149E-9,5.235310000519973E-9,5.0671661080173149E-9,5.0668894653234053E-9,4.7562854615661957E-9],[4.5717123995530616E-9,4.8857638531602186E-9,4.976384625968066E-9,5.0671661080173149E-9,4.976384625968066E-9,4.8857638531602186E-9,4.5717123995530616E-9],[4.6066852539027921E-9,4.9143699059414744E-9,4.8857638531602186E-9,5.0668894653234053E-9,4.8857638531602186E-9,4.9143699059414744E-9,4.6066852539027921E-9],[4.2978718489979041E-9,4.6066852539027921E-9,4.5717123995530616E-9,4.7562854615661957E-9,4.5717123995530616E-9,4.6066852539027921E-9,4.2978718489979041E-9]],[[4.4842120142985477E-9,4.7965221380658647E-9,4.761166836741997E-9,4.9478572670831688E-9,4.761166836741997E-9,4.7965221380658647E-9,4.4842120142985477E-9],[4.7965221380658647E-9,5.1075240237682886E-9,5.0786210841614826E-9,5.26172363422426E-9,5.0786210841614826E-9,5.1075240237682886E-9,4.7965221380658647E-9],[4.761166836741997E-9,5.078621084