{"M_cells":[[[0,0,0,0,0],[0,0,0,0,0],[0,0,0,0,0],[0,0,0,0,0],[0,0,0,0,0]],[[0.0004033666219849438,0.00096540022503736249,0.001132462811882202,0.00096540022503736249,0.0004033666219849438],[0.00096540022503736249,0.0019394602853824992,0.0022372818410284837,0.0019394602853824992,0.00096540022503736249],[0.001132462811882202,0.0022372818410284837,0.0025786894099052277,0.0022372818410284837,0.001132462811882202],[0.00096540022503736249,0.0019394602853824992,0.0022372818410284837,0.0019394602853824994,0.00096540022503736249],[0.0004033666219849438,0.00096540022503736249,0.001132462811882202,0.00096540022503736249,0.0004033666219849438]],[[0.0020447105444279016,0.0032686101535796389,0.0036517525616518915,0.0032686101535796389,0.0020447105444279016],[0.0032686101535796389,0.0047811562746425673,0.0052661249661277009,0.0047811562746425682,0.0032686101535796389],[0.0036517525616518915,0.0052661249661277009,0.0057850384211319628,0.0052661249661277009,0.003651752561651892],[0.0032686101535796389,0.0047811562746425682,0.0052661249661277009,0.0047811562746425682,0.00326861015357964],[0.0020447105444279016,0.0032686101535796389,0.003651752561651892,0.00326861015357964,0.0020447105444279016]],[[0.0046573570269013475,0.0062981205934788728,0.0068269564186940693,0.0062981205934788728,0.0046573570269013475],[0.0062981205934788728,0.0080985393072233632,0.00868903032192989,0.0080985393072233632,0.0062981205934788728],[0.0068269564186940693,0.00868903032192989,0.0093000751853556142,0.0086890303219298911,0.0068269564186940693],[0.0062981205934788728,0.0080985393072233632,0.0086890303219298911,0.0080985393072233649,0.0062981205934788745],[0.0046573570269013475,0.0062981205934788728,0.0068269564186940693,0.0062981205934788745,0.0046573570269013475]],[[0.0078404818993533035,0.0097128832389365809,0.010326034728597897,0.0097128832389365809,0.0078404818993533035],[0.0097128832389365809,0.011664891292418966,0.012312326596857064,0.011664891292418966,0.0097128832389365809],[0.010326034728597897,0.012312326596857064,0.012971191129527437,0.012312326596857064,0.010326034728597897],[0.0097128832389365809,0.011664891292418966,0.012312326596857064,0.011664891292418966,0.0097128832389365809],[0.0078404818993533035,0.0097128832389365809,0.010326034728597897,0.0097128832389365809,0.0078404818993533035]],[[0.011333782550927,0.01332975432088546,0.01398892353020176,0.01332975432088546,0.011333782550927],[0.01332975432088546,0.015361008359358941,0.016038564238625177,0.015361008359358941,0.01332975432088546],[0.01398892353020176,0.016038564238625177,0.016722249726739309,0.016038564238625177,0.01398892353020176],[0.01332975432088546,0.015361008359358941,0.016038564238625177,0.015361008359358941,0.01332975432088546],[0.011333782550927,0.01332975432088546,0.01398892353020176,0.01332975432088546,0.011333782550927]],[[0.014991212608414607,0.017052088451588586,0.017735727847840655,0.017052088451588586,0.014991212608414607],[0.017052088451588586,0.019124623138616195,0.019817959830790481,0.019124623138616195,0.017052088451588586],[0.017735727847840655,0.019817959830790481,0.020514529340820209,0.019817959830790481,0.017735727847840659],[0.017052088451588586,0.019124623138616195,0.019817959830790481,0.019124623138616195,0.017052088451588589],[0.014991212608414607,0.017052088451588586,0.017735727847840659,0.017052088451588589,0.014991212608414611]],[[0.018734563935509482,0.020829311428665828,0.021525804234421349,0.020829311428665828,0.018734563935509482],[0.020829311428665828,0.022923312953885545,0.023624879299455417,0.022923312953885545,0.020829311428665828],[0.021525804234421349,0.023624879299455417,0.024328137028498485,0.023624879299455417,0.021525804234421353],[0.020829311428665828,0.022923312953885545,0.023624879299455417,0.022923312953885545,0.020829311428665828],[0.018734563935509482,0.020829311428665828,0.021525804234421353,0.020829311428665828,0.018734563935509482]],[[0.022522690811136507,0.024635065518942977,0.025338269820182661,0.024635065518942977,0.022522690811136507],[0.024635065518942977,0.0267402209039686,0.02744606925264028,0.0267402209039686,0.024635065518942977],[0.025338269820182661,0.02744606925264028,0.028152799056847227,0.02744606925264028,0.025338269820182661],[0.024635065518942977,0.0267402209039686,0.02744606925264028,0.0267402209039686,0.024635065518942977],[0.022522690811136507,0.024635065518942977,0.025338269820182661,0.024635065518942977,0.022522690811136507]],[[0.026334104230728132,0.028455640528954693,0.029162339038862898,0.028455640528954693,0.026334104230728132],[0.028455640528954693,0.03056658850400646,0.031274662222535263,0.03056658850400646,0.028455640528954693],[0.029162339038862898,0.031274662222535263,0.031983194399234138,0.031274662222535263,0.029162339038862898],[0.028455640528954693,0.03056658850400646,0.031274662222535263,0.03056658850400646,0.028455640528954697],[0.026334104230728132,0.028455640528954693,0.029162339038862898,0.028455640528954697,0.026334104230728132]],[[0.030157616409745951,0.032283910836388874,0.032992425708527187,0.032283910836388874,0.030157616409745951],[0.032283910836388874,0.0343978654311426,0.035107094708254141,0.0343978654311426,0.032283910836388874],[0.032992425708527187,0.035107094708254141,0.035816562148938511,0.035107094708254141,0.032992425708527187],[0.032283910836388874,0.0343978654311426,0.035107094708254141,0.034397865431142607,0.032283910836388881],[0.030157616409745951,0.032283910836388874,0.032992425708527187,0.032283910836388881,0.030157616409745958]],[[0.0339874099966852,0.036116173472088474,0.036825631409897322,0.036116173472088474,0.0339874099966852],[0.036116173472088474,0.038231686651864473,0.038941515221507107,0.038231686651864473,0.036116173472088474],[0.036825631409897322,0.038941515221507107,0.039651467349742828,0.038941515221507107,0.036825631409897329],[0.036116173472088474,0.038231686651864473,0.038941515221507107,0.038231686651864473,0.036116173472088481],[0.0339874099966852,0.036116173472088474,0.036825631409897329,0.036116173472088481,0.03398740999668521]],[[0.03782046081219613,0.039950503114855505,0.040660449817133293,0.039950503114855505,0.03782046081219613],[0.039950503114855505,0.042066821539778608,0.0427769600101335,0.042066821539778608,0.039950503114855505],[0.040660449817133293,0.0427769600101335,0.043487162410565446,0.0427769600101335,0.040660449817133293],[0.039950503114855505,0.042066821539778608,0.0427769600101335,0.042066821539778608,0.039950503114855512],[0.03782046081219613,0.039950503114855505,0.040660449817133293,0.039950503114855512,0.037820460812196137]],[[0.041655195742612013,0.043785897287530365,0.044496096267414284,0.043785897287530365,0.041655195742612013],[0.043785897287530365,0.045902628189784044,0.04661292574829326,0.045902628189784044,0.043785897287530365],[0.044496096267414284,0.04661292574829326,0.047323256169936843,0.046612925748293267,0.044496096267414291],[0.043785897287530365,0.045902628189784044,0.046612925748293267,0.04590262818978405,0.043785897287530372],[0.041655195742612013,0.043785897287530365,0.044496096267414291,0.043785897287530372,0.04165519574261202]],[[0.045490795038844407,0.047621832427459029,0.04833216031704822,0.047621832427459029,0.045490795038844407],[0.047621832427459029,0.049738770120877289,0.050449147875742659,0.049738770120877289,0.047621832427459029],[0.04833216031704822,0.050449147875742659,0.051159542253971943,0.050449147875742659,0.04833216031704822],[0.047621832427459029,0.049738770120877289,0.050449147875742659,0.049738770120877289,0.047621832427459029],[0.045490795038844407,0.047621832427459029,0.04833216031704822,0.047621832427459029,0.045490795038844407]],[[0.049326829903504808,0.0514580333989497,0.052168425536559086,0.0514580333989497,0.049326829903504808],[0.0514580333989497,0.05357506920909149,0.054285485571945749,0.05357506920909149,0.0514580333989497],[0.052168425536559086,0.054285485571945749,0.054995910010436619,0.054285485571945749,0.052168425536559086],[0.0514580333989497,0.05357506920909149,0.054285485571945749,0.05357506920909149,0.0514580333989497],[0.049326829903504808,0.0514580333989497,0.052168425536559086,0.0514580333989497,0.049326829903504808]],[[0.053163074306565319,0.055294353833954743,0.0560047760017119,0.055294353833954743,0.053163074306565319],[0.055294353833954743,0.05741142933704553,0.058121862048473083,0.05741142933704553,0.055294353833954743],[0.0560047760017119,0.058121862048473083,0.058832298274448185,0.058121862048473083,0.0560047760017119],[0.055294353833954743,0.05741142933704553,0.058121862048473083,0.05741142933704553,0.055294353833954743],[0.053163074306565319,0.055294353833954743,0.0560047760017119,0.055294353833954743,0.053163074306565319]],[[0.056999407280491639,0.059130714005935822,0.059841147753322312,0.059130714005935822,0.056999407280491639],[0.059130714005935822,0.061247796748476406,0.061958233544623091,0.061247796748476406,0.059130714005935822],[0.059841147753322312,0.061958233544623091,0.062668671356700817,0.0619582335446231,0.059841147753322312],[0.059130714005935822,0.061247796748476406,0.0619582335446231,0.061247796748476406,0.059130714005935822],[0.056999407280491639,0.059130714005935822,0.059841147753322312,0.059130714005935822,0.056999407280491639]],[[0.060835762188030149,0.062967068566449361,0.06367750358847786,0.062967068566449361,0.060835762188030149],[0.062967068566449361,0.065084139452822,0.065794573217516708,0.065084139452822,0.062967068566449361],[0.06367750358847786,0.065794573217516708,0.066505006562593685,0.065794573217516708,0.06367750358847786],[0.062967068566449361,0.065084139452822,0.065794573217516708,0.065084139452822,0.062967068566449361],[0.060835762188030149,0.062967068566449361,0.06367750358847786,0.062967068566449361,0.060835762188030149]],[[0.064672100371782157,0.066803389780503583,0.0675138199580671,0.066803389780503583,0.064672100371782157],[0.066803389780503583,0.068920436515954545,0.069630862760873727,0.068920436515954545,0.066803389780503583],[0.0675138199580671,0.069630862760873727,0.0703412876942864,0.069630862760873727,0.0675138199580671],[0.066803389780503583,0.068920436515954545,0.069630862760873727,0.068920436515954545,0.066803389780503583],[0.064672100371782157,0.066803389780503583,0.0675138199580671,0.066803389780503583,0.064672100371782157]],[[0.0685083974578904,0.0706396588049094,0.07135008014581834,0.0706396588049094,0.0685083974578904],[0.0706396588049094,0.0727566724806386,0.073467088033555186,0.0727566724806386,0.0706396588049094],[0.07135008014581834,0.073467088033555186,0.0741775016564297,0.073467088033555186,0.07135008014581834],[0.0706396588049094,0.0727566724806386,0.073467088033555186,0.0727566724806386,0.0706396588049094],[0.0685083974578904,0.0706396588049094,0.07135008014581834,0.0706396588049094,0.0685083974578904]],[[0.072344636226230663,0.074475861139646021,0.0751862707059473,0.074475861139646021,0.072344636226230663],[0.074475861139646021,0.076592834447874167,0.077303236767657324,0.076592834447874167,0.074475861139646021],[0.0751862707059473,0.077303236767657324,0.078013636671151632,0.077303236767657324,0.0751862707059473],[0.074475861139646021,0.076592834447874167,0.077303236767657324,0.076592834447874167,0.074475861139646021],[0.072344636226230663,0.074475861139646021,0.0751862707059473,0.074475861139646021,0.072344636226230663]],[[0.0761808028872593,0.078311984243508728,0.079022379590444364,0.078311984243508728,0.0761808028872593],[0.078311984243508728,0.08042891053763164,0.081139297354247034,0.08042891053763164,0.078311984243508728],[0.079022379590444364,0.081139297354247034,0.081849681326573651,0.081139297354247034,0.079022379590444364],[0.078311984243508728,0.08042891053763164,0.081139297354247034,0.08042891053763164,0.078311984243508728],[0.0761808028872593,0.078311984243508728,0.079022379590444364,0.078311984243508728,0.0761808028872593]],[[0.080016885125348339,0.0821480162713741,0.082858395151568315,0.0821480162713741,0.080016885125348339],[0.0821480162713741,0.084264889063753581,0.084975258186617456,0.084264889063753581,0.0821480162713741],[0.082858395151568315,0.084975258186617456,0.08568562405612408,0.084975258186617456,0.082858395151568315],[0.0821480162713741,0.084264889063753581,0.084975258186617456,0.084264889063753581,0.0821480162713741],[0.080016885125348339,0.0821480162713741,0.082858395151568315,0.0821480162713741,0.080016885125348339]],[[0.083852871057206083,0.085983945391764238,0.086694305596731247,0.085983945391764238,0.083852871057206083],[0.085983945391764238,0.0881007580776118,0.088811107290974856,0.0881007580776118,0.085983945391764238],[0.086694305596731247,0.088811107290974856,0.089521452839489021,0.088811107290974856,0.086694305596731247],[0.085983945391764238,0.0881007580776118,0.088811107290974856,0.0881007580776118,0.085983945391764238],[0.083852871057206083,0.085983945391764238,0.086694305596731247,0.085983945391764238,0.083852871057206083]],[[0.087688748663338811,0.089819759403623731,0.090530098676196061,0.089819759403623731,0.087688748663338811],[0.089819759403623731,0.091936505101109123,0.092646832104238075,0.091936505101109123,0.089819759403623731],[0.090530098676196061,0.092646832104238075,0.093357155016500715,0.092646832104238075,0.090530098676196061],[0.089819759403623731,0.091936505101109123,0.092646832104238075,0.091936505101109123,0.089819759403623731],[0.087688748663338811,0.089819759403623731,0.090530098676196061,0.089819759403623731,0.087688748663338811]],[[0.0915245054630155,0.093655445506295246,0.094365761489473662,0.093655445506295246,0.0915245054630155],[0.093655445506295246,0.095772116955770856,0.096482419325978452,0.095772116955770856,0.093655445506295246],[0.094365761489473662,0.096482419325978452,0.097192717157401951,0.096482419325978452,0.094365761489473662],[0.093655445506295246,0.095772116955770856,0.096482419325978452,0.095772116955770856,0.093655445506295246],[0.0915245054630155,0.093655445506295246,0.094365761489473662,0.093655445506295246,0.0915245054630155]],[[0.0953601283134198,0.097490990146733611,0.098201280351023476,0.097490990146733611,0.0953601283134198],[0.097490990146733611,0.099607579639349936,0.10031785480645453,0.099607579639349936,0.097490990146733611],[0.098201280351023476,0.10031785480645453,0.1010281249599559,0.10031785480645453,0.098201280351023476],[0.097490990146733611,0.099607579639349936,0.10031785480645453,0.099607579639349936,0.097490990146733611],[0.0953601283134198,0.097490990146733611,0.098201280351023476,0.097490990146733611,0.0953601283134198]],[[0.099195603270938043,0.1013263789043997,0.1020366406842947,0.1013263789043997,0.099195603270938043],[0.1013263789043997,0.10344287822459081,0.1041531234508449,0.10344287822459081,0.1013263789043997],[0.1020366406842947,0.1041531234508449,0.10486336315792369,0.1041531234508449,0.1020366406842947],[0.1013263789043997,0.10344287822459081,0.1041531234508449,0.10344287822459081,0.1013263789043997],[0.099195603270938043,0.1013263789043997,0.1020366406842947,0.1013263789043997,0.099195603270938043]],[[0.10303091548219082,0.10516159639309854,0.10587182692785019,0.10516159639309854,0.10303091548219082],[0.10516159639309854,0.10727799676679151,0.10798820912916086,0.10727799676679151,0.10516159639309854],[0.10587182692785019,0.10798820912916086,0.10869841543268097,0.10798820912916086,0.10587182692785019],[0.10516159639309854,0.10727799676679151,0.10798820912916086,0.10727799676679151,0.10516159639309854],[0.10303091548219082,0.10516159639309854,0.10587182692785019,0.10516159639309854,0.10303091548219082]],[[0.10686604908783115,0.10899662616887076,0.10970682244495845,0.10899662616887076,0.10686604908783115],[0.10899662616887076,0.11111291821308281,0.11182309458621469,0.11111291821308281,0.10899662616887076],[0.10970682244495845,0.11182309458621469,0.11253326432353905,0.11182309458621469,0.10970682244495845],[0.10899662616887076,0.11111291821308281,0.11182309458621469,0.11111291821308281,0.10899662616887076],[0.10686604908783115,0.10899662616887076,0.10970682244495845,0.10899662616887076,0.10686604908783115]],[[0.11070098713012143,0.1128314506380393,0.1135416094319967,0.1128314506380393,0.11070098713012143],[0.1128314506380393,0.11494762430951287,0.11565776134850492,0.11494762430951287,0.1128314506380393],[0.1135416094319967,0.11565776134850492,0.11636789113424473,0.11565776134850492,0.1135416094319967],[0.1128314506380393,0.11494762430951287,0.11565776134850492,0.11494762430951287,0.1128314506380393],[0.11070098713012143,0.1128314506380393,0.1135416094319967,0.1128314506380393,0.11070098713012143]],[[0.11453571145942378,0.11666605096220727,0.11737616882303845,0.11666605096220727,0.11453571145942378],[0.11666605096220727,0.11878209550374891,0.11949218962621175,0.11878209550374891,0.11666605096220727],[0.11737616882303845,0.11949218962621175,0.12020227583417163,0.11949218962621175,0.11737616882303845],[0.11666605096220727,0.11878209550374891,0.11949218962621175,0.11878209550374891,0.11666605096220727],[0.11453571145942378,0.11666605096220727,0.11737616882303845,0.11666605096220727,0.11453571145942378]],[[0.11837020263687704,0.12050040695829907,0.12121048018909111,0.12050040695829907,0.11837020263687704],[0.12050040695829907,0.12261631084202206,0.12332635820914599,0.12261631084202206,0.12050040695829907],[0.12121048018909111,0.12332635820914599,0.12403639695320841,0.12332635820914599,0.12121048018909111],[0.12050040695829907,0.12261631084202206,0.12332635820914599,0.12261631084202206,0.12050040695829907],[0.11837020263687704,0.12050040695829907,0.12121048018909111,0.12050040695829907,0.11837020263687704]],[[0.12220443983166429,0.12433449699248914,0.12504452163092977,0.12433449699248914,0.12220443983166429],[0.12433449699248914,0.12645024785941927,0.127160244355842,0.12645024785941927,0.12433449699248914],[0.12504452163092977,0.127160244355842,0.12787023146961859,0.127160244355842,0.12504452163092977],[0.12433449699248914,0.12645024785941927,0.127160244355842,0.12645024785941927,0.12433449699248914],[0.12220443983166429,0.12433449699248914,0.12504452163092977,0.12433449699248914,0.12220443983166429]],[[0.12603840071180281,0.12816829786716205,0.12887826966480545,0.12816829786716205,0.12603840071180281],[0.12816829786716205,0.13028388246281078,0.13099382367515078,0.13028388246281078,0.12816829786716205],[0.12887826966480545,0.13099382367515078,0.13170375469027124,0.13099382367515078,0.12887826966480545],[0.12816829786716205,0.13028388246281078,0.13099382367515078,0.13028388246281078,0.12816829786716205],[0.12603840071180281,0.12816829786716205,0.12887826966480545,0.12816829786716205,0.12603840071180281]],[[0.12987206132766874,0.13200178470024404,0.13271169910040298,0.13200178470024404,0.12987206132766874],[0.13200178470024404,0.1341171888058256,0.13482706999976829,0.1341171888058256,0.13200178470024404],[0.13271169910040298,0.13482706999976829,0.1355369401226979,0.13482706999976829,0.13271169910040298],[0.13200178470024404,0.1341171888058256,0.13482706999976829,0.1341171888058256,0.13200178470024404],[0.12987206132766874,0.13200178470024404,0.13271169910040298,0.13200178470024404,0.12987206132766874]],[[0.13370539598773193,0.13583493079640102,0.13654478291053526,0.13583493079640102,0.13370539598773193],[0.13583493079640102,0.13795013915539478,0.13865995525122729,0.13795013915539478,0.13583493079640102],[0.13654478291053526,0.13865995525122729,0.13936975933851734,0.13865995525122729,0.13654478291053526],[0.13583493079640102,0.13795013915539478,0.13865995525122729,0.13795013915539478,0.13583493079640102],[0.13370539598773193,0.13583493079640102,0.13654478291053526,0.13583493079640102,0.13370539598773193]],[[0.13753837712582914,0.13966770750953345,0.14037749209205255,0.13966770750953345,0.13753837712582914],[0.13966770750953345,0.14178270374932378,0.14249244929582922,0.14178270374932378,0.13966770750953345],[0.14037749209205255,0.14249244929582922,0.14320218182770825,0.14249244929582922,0.14037749209205255],[0.13966770750953345,0.14178270374932378,0.14249244929582922,0.14178270374932378,0.13966770750953345],[0.13753837712582914,0.13966770750953345,0.14037749209205255,0.13966770750953345,0.13753837712582914]],[[0.14137097515959404,0.14350008409611581,0.144209795517502,0.14350008409611581,0.14137097515959404],[0.14350008409611581,0.14561485064445212,0.14632451979107561,0.14561485064445212,0.14350008409611581],[0.144209795517502,0.14632451979107561,0.1470341748432959,0.14632451979107561,0.144209795517502],[0.14350008409611581,0.14561485064445212,0.14632451979107561,0.14561485064445212,0.14350008409611581],[0.14137097515959404,0.14350008409611581,0.144209795517502,0.14350008409611581,0.14137097515959404]],[[0.14520315833950947,0.14733202755893973,0.1480416597771039,0.14733202755893973,0.14520315833950947],[0.14733202755893973,0.1494465455549695,0.15015613202217237,0.1494465455549695,0.14733202755893973],[0.1480416597771039,0.15015613202217237,0.15086570323603102,0.15015613202217237,0.1480416597771039],[0.14733202755893973,0.1494465455549695,0.15015613202217237,0.1494465455549695,0.14733202755893973],[0.14520315833950947,0.14733202755893973,0.1480416597771039,0.14733202755893973,0.14520315833950947]],[[0.14903489258816682,0.15116350248079352,0.15187304901059911,0.15116350248079352,0.14903489258816682],[0.15116350248079352,0.15327775168044644,0.15398724872817598,0.15327775168044644,0.15116350248079352],[0.15187304901059911,0.15398724872817598,0.15469672927863276,0.15398724872817598,0.15187304901059911],[0.15116350248079352,0.15327775168044644,0.15398724872817598,0.15327775168044644,0.15116350248079352],[0.14903489258816682,0.15116350248079352,0.15187304901059911,0.15116350248079352,0.14903489258816682]],[[0.15286614132930343,0.1549944708477301,0.15570392472857067,0.1549944708477301,0.15286614132930343],[0.1549944708477301,0.15710842952323659,0.15781782991743024,0.15710842952323659,0.1549944708477301],[0.15570392472857067,0.15781782991743024,0.15852721247925389,0.15781782991743024,0.15570392472857067],[0.1549944708477301,0.15710842952323659,0.15781782991743024,0.15710842952323659,0.1549944708477301],[0.15286614132930343,0.1549944708477301,0.15570392472857067,0.1549944708477301,0.15286614132930343]],[[0.15669686530625593,0.15882489186154009,0.15953424562295854,0.15882489186154009,0.15669686530625593],[0.15882489186154009,0.16093853669492081,0.16164783267199931,0.16093853669492081,0.15882489186154009],[0.15953424562295854,0.16164783267199931,0.16235710938388548,0.16164783267199931,0.15953424562295854],[0.15882489186154009,0.16093853669492081,0.16164783267199931,0.16093853669492081,0.15882489186154009],[0.15669686530625593,0.15882489186154009,0.15953424562295854,0.15882489186154009,0.15669686530625593]],[[0.16052702238951008,0.162654721741163,0.16336396736641778,0.162654721741163,0.16052702238951008],[0.162654721741163,0.16476802771154309,0.16547721094083362,0.16476802771154309,0.162654721741163],[0.16336396736641778,0.16547721094083362,0.16618637336744646,0.16547721094083362,0.16336396736641778],[0.162654721741163,0.16476802771154309,0.16547721094083362,0.16476802771154309,0.162654721741163],[0.16052702238951008,0.162654721741163,0.16336396736641778,0.162654721741163,0.16052702238951008]],[[0.164356567373083,0.16648391351281333,0.16719304240036859,0.16648391351281333,0.164356567373083],[0.16648391351281333,0.16859685377747705,0.16930591532154005,0.16859685377747705,0.16648391351281333],[0.16719304240036859,0.16930591532154005,0.17001495441345216,0.16930591532154005,0.16719304240036859],[0.16648391351281333,0.16859685377747705,0.16930591532154005,0.16859685377747705,0.16648391351281333],[0.164356567373083,0.16648391351281333,0.16719304240036859,0.16648391351281333,0.164356567373083]],[[0.16818545175959626,0.17031241678875372,0.171021419711672,0.17031241678875372,0.16818545175959626],[0.17031241678875372,0.17242496255791973,0.17313389283077021,0.17242496255791973,0.17031241678875372],[0.171021419711672,0.17313389283077021,0.17384279888229207,0.17313389283077021,0.171021419711672],[0.17031241678875372,0.17242496255791973,0.17313389283077021,0.17242496255791973,0.17031241678875372],[0.16818545175959626,0.17031241678875372,0.171021419711672,0.17031241678875372,0.16818545175959626]],[[0.17201362353399274,0.17414017753471264,0.17484904459794195,0.17414017753471264,0.17201362353399274],[0.17414017753471264,0.17625229794008421,0.17696108666332006,0.17625229794008421,0.17414017753471264],[0.17484904459794195,0.17696108666332006,0.17766984926824297,0.17696108666332006,0.17484904459794195],[0.17414017753471264,0.17625229794008421,0.17696108666332006,0.17625229794008421,0.17414017753471264],[0.17201362353399274,0.17414017753471264,0.17484904459794195,0.17414017753471264,0.17201362353399274]],[[0.17584102692600104,0.17796713782615103,0.17867585842174302,0.17796713782615103,0.17584102692600104],[0.17796713782615103,0.18007879978340141,0.18078743594029073,0.18007879978340141,0.17796713782615103],[0.17867585842174302,0.18078743594029073,0.18149604394559654,0.18078743594029073,0.17867585842174302],[0.17796713782615103,0.18007879978340141,0.18078743594029073,0.18007879978340141,0.17796713782615103],[0.17584102692600104,0.17796713782615103,0.17867585842174302,0.17796713782615103,0.17584102692600104]],[[0.17966760216160602,0.18179323559375546,0.1825017983540935,0.18179323559375546,0.17966760216160602],[0.18179323559375546,0.18390440365923227,0.1846128754468507,0.18390440365923227,0.18179323559375546],[0.1825017983540935,0.1846128754468507,0.1853213169044865,0.1846128754468507,0.1825017983540935],[0.18179323559375546,0.18390440365923227,0.1846128754468507,0.18390440365923227,0.18179323559375546],[0.17966760216160602,0.18179323559375546,0.1825017983540935,0.18179323559375546,0.17966760216160602]],[[0.18349328520412597,0.18561840435892002,0.18632679710803118,0.18561840435892002,0.18349328520412597],[0.18561840435892002,0.18772904058098419,0.18843733536053228,0.18772904058098419,0.18561840435892002],[0.18632679710803118,0.18843733536053228,0.18914559747739471,0.18843733536053228,0.18632679710803118],[0.18561840435892002,0.18772904058098419,0.18843733536053228,0.18772904058098419,0.18561840435892002],[0.18349328520412597,0.18561840435892002,0.18632679710803118,0.18561840435892002,0.18349328520412597]],[[0.18731800748547531,0.189442572959815,0.19015078266300389,0.189442572959815,0.18731800748547531],[0.189442572959815,0.19155263672543626,0.19226074097094817,0.19155263672543626,0.189442572959815],[0.19015078266300389,0.19226074097094817,0.19296881005728442,0.19226074097094817,0.19015078266300389],[0.189442572959815,0.19155263672543626,0.19226074097094817,0.19155263672543626,0.189442572959815],[0.18731800748547531,0.189442572959815,0.19015078266300389,0.189442572959815,0.18731800748547531]],[[0.19114169562889122,0.1932656652697671,0.19397367798169821,0.1932656652697671,0.19114169562889122],[0.1932656652697671,0.19537511314715642,0.19608301239283937,0.19537511314715642,0.1932656652697671],[0.19397367798169821,0.19608301239283937,0.19679087380933893,0.19608301239283937,0.19397367798169821],[0.1932656652697671,0.19537511314715642,0.19608301239283937,0.19537511314715642,0.1932656652697671],[0.19114169562889122,0.1932656652697671,0.19397367798169821,0.1932656652697671,0.19114169562889122]],[[0.19496427116447512,0.19708759990925287,0.1977954007208596,0.19708759990925287,0.19496427116447512],[0.19708759990925287,0.1991963854875998,0.19990406427416585,0.1991963854875998,0.19708759990925287],[0.1977954007208596,0.19990406427416585,0.2006117023781003,0.19990406427416585,0.1977954007208596],[0.19708759990925287,0.1991963854875998,0.19990406427416585,0.1991963854875998,0.19708759990925287],[0.19496427116447512,0.19708759990925287,0.1977954007208596,0.19708759990925287,0.19496427116447512]],[[0.19878565023943959,0.2009082899538443,0.20161586293840089,0.2009082899538443,0.19878565023943959],[0.2009082899538443,0.20301636368146853,0.20372380550188154,0.20301636368146853,0.2009082899538443],[0.20161586293840089,0.20372380550188154,0.20443120359274153,0.20372380550188154,0.20161586293840089],[0.2009082899538443,0.20301636368146853,0.20372380550188154,0.20301636368146853,0.2009082899538443],[0.19878565023943959,0.2009082899538443,0.20161586293840089,0.2009082899538443,0.19878565023943959]],[[0.20260574332545347,0.20472764264069496,0.20543497079956005,0.20472764264069496,0.20260574332545347],[0.20472764264069496,0.20683495166326019,0.20754213890843881,0.20683495166326019,0.20472764264069496],[0.20543497079956005,0.20754213890843881,0.20824927917362482,0.20754213890843881,0.20543497079956005],[0.20472764264069496,0.20683495166326019,0.20754213890843881,0.20683495166326019,0.20472764264069496],[0.20260574332545347,0.20472764264069496,0.20543497079956005,0.20472764264069496,0.20260574332545347]],[[0.2064244549260382,0.20854555907689545,0.20925262428550248,0.20854555907689545,0.2064244549260382],[0.20854555907689545,0.21065204707767163,0.2113589609828033,0.21065204707767163,0.20854555907689545],[0.20925262428550248,0.2113589609828033,0.21206582444404742,0.2113589609828033,0.20925262428550248],[0.20854555907689545,0.21065204707767163,0.2113589609828033,0.21065204707767163,0.20854555907689545],[0.2064244549260382,0.20854555907689545,0.20925262428550248,0.20854555907689545,0.2064244549260382]],[[0.2102416832875971,0.21236193395364505,0.21306871690844784,0.21236193395364505,0.2102416832875971],[0.21236193395364505,0.21446754099820337,0.2151741615904513,0.21446754099820337,0.21236193395364505],[0.21306871690844784,0.2151741615904513,0.21588072805177733,0.2151741615904513,0.21306871690844784],[0.21236193395364505,0.21446754099820337,0.2151741615904513,0.21446754099820337,0.21236193395364505],[0.2102416832875971,0.21236193395364505,0.21306871690844784,0.21236193395364505,0.2102416832875971]],[[0.21405732011835618,0.21617665527093455,0.21688313543817342,0.21617665527093455,0.21405732011835618],[0.21617665527093455,0.218281317659094,0.2189876237076287,0.218281317659094,0.21617665527093455],[0.21688313543817342,0.2189876237076287,0.21969387170580598,0.2189876237076287,0.21688313543817342],[0.21617665527093455,0.218281317659094,0.2189876237076287,0.218281317659094,0.21617665527093455],[0.21405732011835618,0.21617665527093455,0.21688313543817342,0.21617665527093455,0.21405732011835618]],[[0.21787125032031845,0.21998960407826249,0.22069575964553723,0.21998960407826249,0.21787125032031845],[0.21998960407826249,0.222093254206561,0.22279922317599554,0.222093254206561,0.21998960407826249],[0.22069575964553723,0.22279922317599554,0.2235051299345944,0.22279922317599554,0.22069575964553723],[0.21998960407826249,0.222093254206561,0.22279922317599554,0.222093254206561,0.21998960407826249],[0.21787125032031845,0.21998960407826249,0.22069575964553723,0.21998960407826249,0.21787125032031845]],[[0.22168335174008835,0.22380065423778922,0.22450646206956756,0.22380065423778922,0.22168335174008835],[0.22380065423778922,0.22590322047622788,0.22660882848469091,0.22590322047622788,0.22380065423778922],[0.22450646206956756,0.22660882848469091,0.22731436987301129,0.22660882848469091,0.22450646206956756],[0.22380065423778922,0.22590322047622788,0.22660882848469091,0.22590322047622788,0.22380065423778922],[0.22168335174008835,0.22380065423778922,0.22450646206956756,0.22380065423778922,0.22168335174008835]],[[0.22549349494537549,0.22760967221707154,0.22831510781552,0.22760967221707154,0.22549349494537549],[0.22760967221707154,0.22971107880439889,0.23041630058767162,0.22971107880439889,0.22760967221707154],[0.22831510781552,0.23041630058767162,0.2311214510859812,0.23041630058767162,0.22831510781552],[0.22760967221707154,0.22971107880439889,0.23041630058767162,0.22971107880439889,0.22760967221707154],[0.22549349494537549,0.22760967221707154,0.22831510781552,0.22760967221707154,0.22549349494537549]],[[0.22930154303476213,0.23141651691967141,0.23212155439219531,0.23141651691967141,0.22930154303476213],[0.23141651691967141,0.23351668388191907,0.23422149276517987,0.23351668388191907,0.23141651691967141],[0.23212155439219531,0.23422149276517987,0.23492622543786129,0.23422149276517987,0.23212155439219531],[0.23141651691967141,0.23351668388191907,0.23422149276517987,0.23351668388191907,0.23141651691967141],[0.22930154303476213,0.23141651691967141,0.23212155439219531,0.23141651691967141,0.22930154303476213]],[[0.23310735148931025,0.23522103956249832,0.23592565159769815,0.23522103956249832,0.23310735148931025],[0.23522103956249832,0.23731988265997078,0.23802425053888951,0.23731988265997078,0.23522103956249832],[0.23592565159769815,0.23802425053888951,0.23872853701724658,0.23802425053888951,0.23592565159769815],[0.23522103956249832,0.23731988265997078,0.23802425053888951,0.23731988265997078,0.23522103956249832],[0.23310735148931025,0.23522103956249832,0.23592565159769815,0.23522103956249832,0.23310735148931025]],[[0.23691076807534053,0.23902308360975444,0.23972724146354016,0.23902308360975444,0.23691076807534053],[0.23902308360975444,0.24112051431804807,0.24182441165107615,0.24112051431804807,0.23902308360975444],[0.23972724146354016,0.24182441165107615,0.24252822212768305,0.24182441165107615,0.23972724146354016],[0.23902308360975444,0.24112051431804807,0.24182441165107615,0.24112051431804807,0.23902308360975444],[0.23691076807534053,0.23902308360975444,0.23972724146354016,0.23902308360975444,0.23691076807534053]],[[0.24071163280841326,0.24282248477380716,0.24352615826761015,0.24282248477380716,0.24071163280841326],[0.24282248477380716,0.2449184103047535,0.24562180611858261,0.2449184103047535,0.24282248477380716],[0.24352615826761015,0.24562180611858261,0.2463251093551577,0.24562180611858261,0.24352615826761015],[0.24282248477380716,0.2449184103047535,0.24562180611858261,0.2449184103047535,0.24282248477380716],[0.24071163280841326,0.24282248477380716,0.24352615826761015,0.24282248477380716,0.24071163280841326]],[[0.2445097779891359,0.24661907109394787,0.24732222862696179,0.24661907109394787,0.2445097779891359],[0.24661907109394787,0.24871339446253007,0.24941625637273018,0.24871339446253007,0.24661907109394787],[0.24732222862696179,0.24941625637273018,0.25011901972357442,0.24941625637273021,0.24732222862696179],[0.24661907109394787,0.24871339446253007,0.24941625637273021,0.2487133944625301,0.2466190710939479],[0.2445097779891359,0.24661907109394787,0.24732222862696179,0.2466190710939479,0.2445097779891359]],[[0.24830502832170032,0.25041266310390004,0.25111527168146891,0.25041266310390004,0.24830502832170032],[0.25041266310390004,0.25250528324722377,0.25320757749611766,0.25250528324722377,0.25041266310390004],[0.25111527168146891,0.25320757749611766,0.2539097669491503,0.25320757749611766,0.25111527168146891],[0.25041266310390004,0.25250528324722377,0.25320757749611766,0.25250528324722377,0.25041266310390004],[0.24830502832170032,0.25041266310390004,0.25111527168146891,0.25041266310390004,0.24830502832170034]],[[0.25209720112607037,0.2542030740990453,0.2549050993791297,0.2542030740990453,0.25209720112607037],[0.2542030740990453,0.25629388605319076,0.25699557756691338,0.25629388605319076,0.2542030740990453],[0.2549050993791297,0.25699557756691338,0.25769715780426328,0.25699557756691338,0.2549050993791297],[0.2542030740990453,0.25629388605319076,0.25699557756691338,0.25629388605319076,0.2542030740990453],[0.25209720112607037,0.2542030740990453,0.2549050993791297,0.2542030740990453,0.25209720112607042]],[[0.25588610665436545,0.2579901105134994,0.25869151687313519,0.2579901105134994,0.25588610665436545],[0.2579901105134994,0.26007900565361608,0.26078005812018024,0.26007900565361608,0.2579901105134994],[0.25869151687313519,0.26078005812018024,0.26148099260012014,0.26078005812018024,0.25869151687313519],[0.2579901105134994,0.26007900565361608,0.26078005812018024,0.26007900565361608,0.2579901105134994],[0.25588610665436545,0.2579901105134994,0.25869151687313519,0.2579901105134994,0.25588610665436545]],[[0.25967154852115809,0.26177357241606747,0.26247432303948481,0.26177357241606747,0.25967154852115809],[0.26177357241606747,0.26386043876427828,0.2645608147342029,0.26386043876427828,0.26177357241606747],[0.26247432303948481,0.2645608147342029,0.26526106579594905,0.2645608147342029,0.26247432303948481],[0.26177357241606747,0.26386043876427828,0.2645608147342029,0.26386043876427828,0.26177357241606747],[0.25967154852115809,0.26177357241606747,0.26247432303948481,0.26177357241606747,0.25967154852115809]],[[0.26345332425572382,0.26555325413236969,0.26625331112233441,0.26555325413236969,0.26345332425572382],[0.26555325413236969,0.26763797673698425,0.26833763774772668,0.26763797673698425,0.26555325413236969],[0.26625331112233441,0.26833763774772668,0.26903716674023359,0.26833763774772668,0.26625331112233441],[0.26555325413236969,0.26763797673698425,0.26833763774772668,0.26763797673698425,0.26555325413236969],[0.26345332425572382,0.26555325413236969,0.26625331112233441,0.26555325413236969,0.26345332425572382]],[[0.26723122598300147,0.269328944998333,0.27002826951143311,0.269328944998333,0.26723122598300147],[0.269328944998333,0.27141140638628908,0.27211031311114248,0.27141140638628908,0.269328944998333],[0.27002826951143311,0.27211031311114248,0.27280908054653824,0.27211031311114248,0.27002826951143311],[0.269328944998333,0.27141140638628908,0.27211031311114248,0.27141140638628908,0.269328944998333],[0.26723122598300147,0.269328944998333,0.27002826951143311,0.269328944998333,0.26723122598300147]],[[0.271005041236263,0.27310043024673952,0.2737989826533288,0.27310043024673952,0.271005041236263],[0.27310043024673952,0.27518051094951851,0.27587862337116531,0.27518051094951851,0.27310043024673952],[0.2737989826533288,0.27587862337116531,0.27657658910284277,0.27587862337116531,0.2737989826533288],[0.27310043024673952,0.27518051094951851,0.27587862337116531,0.27518051094951851,0.27310043024673952],[0.271005041236263,0.27310043024673952,0.2737989826533288,0.27310043024673952,0.271005041236263]],[[0.27477455390247385,0.27686749202556693,0.27756523209396772,0.27686749202556693,0.27477455390247385],[0.27686749202556693,0.27894507117658268,0.2796423487846838,0.27894507117658268,0.27686749202556693],[0.27756523209396772,0.2796423487846838,0.28033947220935052,0.2796423487846838,0.27756523209396772],[0.27686749202556693,0.27894507117658268,0.2796423487846838,0.27894507117658268,0.27686749202556693],[0.27477455390247385,0.27686749202556693,0.27756523209396772,0.27686749202556693,0.27477455390247385]],[[0.27853954529657066,0.28062991054224784,0.28132679764646834,0.28062991054224784,0.27853954529657066],[0.28062991054224784,0.28270486654142729,0.28340126855293007,0.28270486654142729,0.28062991054224784],[0.28132679764646834,0.28340126855293007,0.2840975088351152,0.28340126855293007,0.28132679764646834],[0.28062991054224784,0.28270486654142729,0.28340126855293007,0.28270486654142729,0.28062991054224784],[0.27853954529657066,0.28062991054224784,0.28132679764646834,0.28062991054224784,0.27853954529657066]],[[0.28229979535721672,0.28438746532387593,0.28508345867301138,0.28438746532387593,0.28229979535721672],[0.28438746532387593,0.28645967656253274,0.28715516216247255,0.28645967656253274,0.28438746532387593],[0.28508345867301138,0.28715516216247255,0.2878504784791282,0.28715516216247255,0.28508345867301138],[0.28438746532387593,0.28645967656253274,0.28715516216247255,0.28645967656253274,0.28438746532387593],[0.28229979535721672,0.28438746532387593,0.28508345867301138,0.28438746532387593,0.28229979535721672]],[[0.28605508395164631,0.28813993657849635,0.28883499546517621,0.28813993657849635,0.28605508395164631],[0.28813993657849635,0.29020928221502468,0.29090381081473288,0.29020928221502468,0.28813993657849635],[0.28883499546517621,0.29090381081473288,0.29159816261669563,0.29090381081473288,0.28883499546517621],[0.28813993657849635,0.29020928221502468,0.29090381081473288,0.29020928221502468,0.28813993657849635],[0.28605508395164631,0.28813993657849635,0.28883499546517621,0.28813993657849635,0.28605508395164631]],[[0.28980519227282991,0.29188710663791617,0.29258119070248828,0.29188710663791617,0.28980519227282991],[0.29188710663791617,0.29395346741236822,0.29464699892120838,0.29395346741236822,0.29188710663791617],[0.29258119070248828,0.29464699892120838,0.29