{"M_cells":[[[0,0,0,0,0,0,0],[0,0,0,0,0,0,0],[0,0,0,0,0,0,0],[0,0,0,0,0,0,0],[0,0,0,0,0,0,0],[0,0,0,0,0,0,0],[0,0,0,0,0,0,0]],[[1.4204141356632666E-7,8.208137465959433E-7,7.3026450706279735E-7,1.0683475959119021E-6,7.3026450706279735E-7,8.2081374659594341E-7,1.4204141356632669E-7],[8.208137465959433E-7,3.4981925088056445E-6,3.1976212495366771E-6,4.5188418990347287E-6,3.1976212495366771E-6,3.4981925088056445E-6,8.2081374659594341E-7],[7.3026450706279735E-7,3.1976212495366771E-6,3.9256650245937249E-6,4.65768606010989E-6,3.9256650245937249E-6,3.1976212495366771E-6,7.3026450706279735E-7],[1.0683475959119021E-6,4.5188418990347287E-6,4.65768606010989E-6,6.1455420313446064E-6,4.65768606010989E-6,4.5188418990347287E-6,1.0683475959119021E-6],[7.3026450706279735E-7,3.1976212495366771E-6,3.9256650245937249E-6,4.65768606010989E-6,3.9256650245937249E-6,3.1976212495366771E-6,7.3026450706279735E-7],[8.2081374659594341E-7,3.4981925088056445E-6,3.1976212495366771E-6,4.5188418990347287E-6,3.1976212495366771E-6,3.4981925088056445E-6,8.2081374659594341E-7],[1.4204141356632669E-7,8.2081374659594341E-7,7.3026450706279735E-7,1.0683475959119021E-6,7.3026450706279735E-7,8.2081374659594341E-7,1.4204141356632669E-7]],[[9.9836750766867959E-7,3.2863241346612615E-6,2.98466397356806E-6,4.1600159508006795E-6,2.98466397356806E-6,3.2863241346612615E-6,9.9836750766867959E-7],[3.2863241346612615E-6,8.6405777297298043E-6,8.0468768590776611E-6,1.0792263056879701E-5,8.0468768590776611E-6,8.6405777297298043E-6,3.2863241346612615E-6],[2.98466397356806E-6,8.0468768590776611E-6,9.5314186671111629E-6,1.1021325027567223E-5,9.5314186671111629E-6,8.0468768590776611E-6,2.98466397356806E-6],[4.1600159508006795E-6,1.0792263056879701E-5,1.1021325027567223E-5,1.3994167337311881E-5,1.1021325027567223E-5,1.0792263056879701E-5,4.1600159508006795E-6],[2.98466397356806E-6,8.0468768590776611E-6,9.5314186671111629E-6,1.1021325027567223E-5,9.5314186671111629E-6,8.0468768590776611E-6,2.98466397356806E-6],[3.2863241346612615E-6,8.6405777297298043E-6,8.0468768590776611E-6,1.0792263056879701E-5,8.0468768590776611E-6,8.6405777297298043E-6,3.2863241346612615E-6],[9.9836750766867959E-7,3.2863241346612615E-6,2.98466397356806E-6,4.1600159508006795E-6,2.98466397356806E-6,3.2863241346612615E-6,9.9836750766867959E-7]],[[2.9881045132478567E-6,7.39398218240689E-6,6.8182284387565133E-6,9.1400100885536774E-6,6.8182284387565133E-6,7.39398218240689E-6,2.9881045132478567E-6],[7.39398218240689E-6,1.5421598699914511E-5,1.4542622768399954E-5,1.8773916123862025E-5,1.4542622768399955E-5,1.5421598699914511E-5,7.39398218240689E-6],[6.8182284387565133E-6,1.4542622768399954E-5,1.679757311620305E-5,1.9059267840304496E-5,1.679757311620305E-5,1.4542622768399955E-5,6.8182284387565142E-6],[9.1400100885536774E-6,1.8773916123862025E-5,1.9059267840304496E-5,2.3511419727275464E-5,1.9059267840304496E-5,1.8773916123862025E-5,9.1400100885536774E-6],[6.8182284387565133E-6,1.4542622768399955E-5,1.679757311620305E-5,1.9059267840304496E-5,1.679757311620305E-5,1.4542622768399954E-5,6.8182284387565142E-6],[7.39398218240689E-6,1.5421598699914511E-5,1.4542622768399955E-5,1.8773916123862025E-5,1.4542622768399954E-5,1.5421598699914511E-5,7.39398218240689E-6],[2.9881045132478567E-6,7.39398218240689E-6,6.8182284387565142E-6,9.1400100885536774E-6,6.8182284387565142E-6,7.39398218240689E-6,2.9881045132478567E-6]],[[6.34019541285364E-6,1.3141282211586418E-5,1.2260726107540952E-5,1.591958687412549E-5,1.2260726107540952E-5,1.3141282211586418E-5,6.34019541285364E-6],[1.3141282211586418E-5,2.3837602527724443E-5,2.2681773724495442E-5,2.8435124583594507E-5,2.2681773724495442E-5,2.3837602527724443E-5,1.3141282211586418E-5],[1.2260726107540952E-5,2.2681773724495442E-5,2.5714413066417569E-5,2.8755167908429346E-5,2.5714413066417569E-5,2.2681773724495442E-5,1.2260726107540952E-5],[1.591958687412549E-5,2.8435124583594507E-5,2.8755167908429346E-5,3.4680093628462141E-5,2.8755167908429346E-5,2.8435124583594507E-5,1.591958687412549E-5],[1.2260726107540952E-5,2.2681773724495442E-5,2.5714413066417569E-5,2.8755167908429346E-5,2.5714413066417569E-5,2.2681773724495442E-5,1.2260726107540953E-5],[1.3141282211586418E-5,2.3837602527724443E-5,2.2681773724495442E-5,2.8435124583594507E-5,2.2681773724495442E-5,2.3837602527724443E-5,1.3141282211586419E-5],[6.34019541285364E-6,1.3141282211586418E-5,1.2260726107540952E-5,1.591958687412549E-5,1.2260726107540953E-5,1.3141282211586419E-5,6.34019541285364E-6]],[[1.1178893651935569E-5,2.05245370797309E-5,1.9326166201666488E-5,2.4438526438988602E-5,1.9326166201666488E-5,2.05245370797309E-5,1.1178893651935569E-5],[2.05245370797309E-5,3.3882367138685961E-5,3.2457642260134342E-5,3.9752560125466728E-5,3.2457642260134349E-5,3.3882367138685967E-5,2.05245370797309E-5],[1.9326166201666488E-5,3.2457642260134342E-5,3.6270810996617542E-5,4.0093456520405995E-5,3.6270810996617549E-5,3.2457642260134349E-5,1.9326166201666488E-5],[2.4438526438988602E-5,3.9752560125466728E-5,4.0093456520405995E-5,4.748358444940381E-5,4.0093456520405995E-5,3.9752560125466728E-5,2.4438526438988602E-5],[1.9326166201666488E-5,3.2457642260134349E-5,3.6270810996617549E-5,4.0093456520405995E-5,3.6270810996617549E-5,3.2457642260134349E-5,1.9326166201666488E-5],[2.05245370797309E-5,3.3882367138685967E-5,3.2457642260134349E-5,3.9752560125466728E-5,3.2457642260134349E-5,3.3882367138685967E-5,2.05245370797309E-5],[1.1178893651935569E-5,2.05245370797309E-5,1.9326166201666488E-5,2.4438526438988602E-5,1.9326166201666488E-5,2.05245370797309E-5,1.1178893651935569E-5]],[[1.7570305154227976E-5,2.9538305205547949E-5,2.8018522521504487E-5,3.465402245368603E-5,2.8018522521504487E-5,2.9538305205547949E-5,1.7570305154227976E-5],[2.9538305205547949E-5,4.5547323817924707E-5,4.3860830756644483E-5,5.2705786745542728E-5,4.3860830756644483E-5,4.5547323817924707E-5,2.9538305205547949E-5],[2.8018522521504487E-5,4.3860830756644483E-5,4.8454299187509566E-5,5.3058594752223727E-5,4.8454299187509566E-5,4.3860830756644483E-5,2.8018522521504487E-5],[3.465402245368603E-5,5.2705786745542728E-5,5.3058594752223727E-5,6.1905203358115772E-5,5.3058594752223727E-5,5.2705786745542728E-5,3.465402245368603E-5],[2.8018522521504487E-5,4.3860830756644483E-5,4.8454299187509566E-5,5.3058594752223727E-5,4.8454299187509566E-5,4.3860830756644483E-5,2.8018522521504487E-5],[2.9538305205547949E-5,4.5547323817924707E-5,4.3860830756644483E-5,5.2705786745542728E-5,4.3860830756644483E-5,4.5547323817924707E-5,2.9538305205547949E-5],[1.7570305154227976E-5,2.9538305205547949E-5,2.8018522521504487E-5,3.465402245368603E-5,2.8018522521504487E-5,2.9538305205547949E-5,1.7570305154227976E-5]],[[2.5547768880975884E-5,4.0175172240544175E-5,3.8335179825713942E-5,4.6533716516525118E-5,3.8335179825713942E-5,4.0175172240544175E-5,2.5547768880975884E-5],[4.0175172240544175E-5,5.8821756621505132E-5,5.687975987730799E-5,6.7275705175122867E-5,5.687975987730799E-5,5.8821756621505132E-5,4.0175172240544175E-5],[3.8335179825713942E-5,5.687975987730799E-5,6.2251089079358281E-5,6.7634583720826513E-5,6.2251089079358281E-5,5.687975987730799E-5,3.8335179825713942E-5],[4.6533716516525118E-5,6.7275705175122867E-5,6.7634583720826513E-5,7.792773180260914E-5,6.7634583720826513E-5,6.7275705175122867E-5,4.6533716516525118E-5],[3.8335179825713942E-5,5.687975987730799E-5,6.2251089079358281E-5,6.7634583720826513E-5,6.2251089079358281E-5,5.687975987730799E-5,3.8335179825713942E-5],[4.0175172240544175E-5,5.8821756621505132E-5,5.687975987730799E-5,6.7275705175122867E-5,5.687975987730799E-5,5.8821756621505132E-5,4.0175172240544175E-5],[2.5547768880975884E-5,4.0175172240544175E-5,3.8335179825713942E-5,4.6533716516525118E-5,3.8335179825713942E-5,4.0175172240544175E-5,2.5547768880975884E-5]],[[3.5125737197728453E-5,5.2425714340388023E-5,5.0269006111050891E-5,6.0051324907980062E-5,5.0269006111050891E-5,5.2425714340388023E-5,3.5125737197728453E-5],[5.2425714340388023E-5,7.3692970689338437E-5,7.1500981699860214E-5,8.3443565852327323E-5,7.1500981699860214E-5,7.3692970689338437E-5,5.2425714340388023E-5],[5.0269006111050891E-5,7.1500981699860214E-5,7.7646067455892931E-5,8.3804643807176488E-5,7.7646067455892931E-5,7.1500981699860214E-5,5.0269006111050891E-5],[6.0051324907980062E-5,8.3443565852327323E-5,8.3804643807176488E-5,9.5533130780326491E-5,8.3804643807176488E-5,8.3443565852327323E-5,6.0051324907980062E-5],[5.0269006111050891E-5,7.1500981699860214E-5,7.7646067455892931E-5,8.3804643807176488E-5,7.7646067455892931E-5,7.1500981699860214E-5,5.0269006111050891E-5],[5.2425714340388023E-5,7.3692970689338437E-5,7.1500981699860214E-5,8.3443565852327323E-5,7.1500981699860214E-5,7.369297068933845E-5,5.2425714340388023E-5],[3.5125737197728453E-5,5.2425714340388023E-5,5.0269006111050891E-5,6.0051324907980062E-5,5.0269006111050891E-5,5.2425714340388023E-5,3.5125737197728453E-5]],[[4.6307400629844541E-5,6.627854618231291E-5,6.3809596842044711E-5,7.51838884603218E-5,6.3809596842044711E-5,6.627854618231291E-5,4.6307400629844541E-5],[6.627854618231291E-5,9.01464273623479E-5,8.7709364047895775E-5,0.00010119033924133968,8.7709364047895775E-5,9.01464273623479E-5,6.627854618231291E-5],[6.3809596842044711E-5,8.7709364047895775E-5,9.4622782360701766E-5,0.00010155100215152808,9.4622782360701766E-5,8.7709364047895775E-5,6.3809596842044711E-5],[7.51838884603218E-5,0.00010119033924133968,0.00010155100215152808,0.00011470234723111006,0.00010155100215152808,0.00010119033924133968,7.51838884603218E-5],[6.3809596842044711E-5,8.7709364047895775E-5,9.4622782360701766E-5,0.00010155100215152808,9.4622782360701766E-5,8.7709364047895775E-5,6.3809596842044711E-5],[6.627854618231291E-5,9.01464273623479E-5,8.7709364047895775E-5,0.00010119033924133968,8.7709364047895775E-5,9.01464273623479E-5,6.627854618231291E-5],[4.6307400629844541E-5,6.627854618231291E-5,6.3809596842044711E-5,7.51838884603218E-5,6.3809596842044711E-5,6.627854618231291E-5,4.6307400629844541E-5]],[[5.9088903273906451E-5,8.1720400299478634E-5,7.8944019901919666E-5,9.1910038429025417E-5,7.8944019901919666E-5,8.1720400299478634E-5,5.9088903273906451E-5],[8.1720400299478634E-5,0.00010816584612291784,0.00010548819528524473,0.00012049630792259859,0.00010548819528524473,0.00010816584612291784,8.1720400299478634E-5],[7.8944019901919666E-5,0.00010548819528524473,0.00011316342236585048,0.00012085474639062031,0.00011316342236585048,0.00010548819528524473,7.8944019901919666E-5],[9.1910038429025417E-5,0.00012049630792259859,0.00012085474639062031,0.00013541517761946742,0.00012085474639062029,0.00012049630792259857,9.1910038429025417E-5],[7.8944019901919666E-5,0.00010548819528524473,0.00011316342236585048,0.00012085474639062029,0.00011316342236585047,0.00010548819528524473,7.8944019901919666E-5],[8.1720400299478634E-5,0.00010816584612291784,0.00010548819528524473,0.00012049630792259857,0.00010548819528524473,0.00010816584612291786,8.1720400299478634E-5],[5.9088903273906451E-5,8.1720400299478634E-5,7.8944019901919666E-5,9.1910038429025417E-5,7.8944019901919666E-5,8.1720400299478634E-5,5.9088903273906451E-5]],[[7.3461693363890778E-5,9.8736208535662E-5,9.5657257935145054E-5,0.00011020889661195242,9.5657257935145054E-5,9.8736208535662E-5,7.3461693363890791E-5],[9.8736208535662E-5,0.00012773327351429519,0.00012481923637049859,0.00014134079226070344,0.00012481923637049859,0.00012773327351429519,9.8736208535662E-5],[9.5657257935145054E-5,0.00012481923637049859,0.00013324878760684453,0.00014169571466461506,0.00013324878760684453,0.00012481923637049859,9.5657257935145054E-5],[0.00011020889661195242,0.00014134079226070344,0.00014169571466461506,0.00015765016008544052,0.00014169571466461506,0.00014134079226070344,0.00011020889661195242],[9.5657257935145054E-5,0.00012481923637049859,0.00013324878760684453,0.00014169571466461506,0.00013324878760684453,0.00012481923637049859,9.5657257935145054E-5],[9.8736208535662E-5,0.00012773327351429519,0.00012481923637049859,0.00014134079226070344,0.00012481923637049859,0.00012773327351429519,9.8736208535662E-5],[7.3461693363890791E-5,9.8736208535662E-5,9.5657257935145054E-5,0.00011020889661195242,9.5657257935145054E-5,9.8736208535662E-5,7.3461693363890791E-5]],[[8.9413847006560869E-5,0.00011730916949026896,0.00011393246446725875,0.00013005936828579777,0.00011393246446725875,0.00011730916949026896,8.9413847006560869E-5],[0.00011730916949026896,0.0001488291182928381,0.00014568273328811372,0.00016370195101276372,0.00014568273328811372,0.0001488291182928381,0.00011730916949026896],[0.00011393246446725875,0.00014568273328811372,0.0001548582479662831,0.00016405239954007391,0.0001548582479662831,0.00014568273328811372,0.00011393246446725875],[0.00013005936828579777,0.00016370195101276372,0.00016405239954007391,0.000181384473568306,0.00016405239954007394,0.00016370195101276375,0.00013005936828579777],[0.00011393246446725875,0.00014568273328811372,0.0001548582479662831,0.00016405239954007394,0.00015485824796628313,0.00014568273328811375,0.00011393246446725875],[0.00011730916949026896,0.0001488291182928381,0.00014568273328811372,0.00016370195101276375,0.00014568273328811375,0.00014882911829283812,0.00011730916949026897],[8.9413847006560869E-5,0.00011730916949026896,0.00011393246446725875,0.00013005936828579777,0.00011393246446725875,0.00011730916949026897,8.9413847006560869E-5]],[[0.00010693081953547776,0.00013742079242186375,0.00013375110133065945,0.00015143967385853016,0.00013375110133065945,0.00013742079242186375,0.00010693081953547776],[0.00013742079242186375,0.00017143215057827693,0.00016805739441771184,0.00018755661642296464,0.00016805739441771184,0.00017143215057827693,0.00013742079242186375],[0.00013375110133065945,0.00016805739441771184,0.00017796968178087277,0.00018790184803522129,0.00017796968178087277,0.00016805739441771184,0.00013375110133065945],[0.00015143967385853016,0.00018755661642296464,0.00018790184803522129,0.00020659382633772094,0.00018790184803522129,0.00018755661642296464,0.00015143967385853016],[0.00013375110133065945,0.00016805739441771184,0.00017796968178087277,0.00018790184803522129,0.00017796968178087277,0.00016805739441771184,0.00013375110133065945],[0.00013742079242186375,0.00017143215057827693,0.00016805739441771184,0.00018755661642296464,0.00016805739441771184,0.00017143215057827693,0.00013742079242186377],[0.00010693081953547776,0.00013742079242186375,0.00013375110133065945,0.00015143967385853016,0.00013375110133065945,0.00013742079242186377,0.00010693081953547778]],[[0.00012599587039756669,0.00015905091091015695,0.00015509299502702894,0.00017432701930917958,0.00015509299502702894,0.00015905091091015695,0.00012599587039756669],[0.00015905091091015695,0.00019551946084900296,0.00019192033170678099,0.00021288013413097074,0.00019192033170678099,0.00019551946084900296,0.00015905091091015695],[0.00015509299502702894,0.00019192033170678099,0.00020255938673902031,0.00021321954221528369,0.00020255938673902031,0.00019192033170678099,0.00015509299502702894],[0.00017432701930917958,0.00021288013413097074,0.00021321954221528369,0.0002332523181633171,0.00021321954221528369,0.00021288013413097074,0.00017432701930917958],[0.00015509299502702894,0.00019192033170678099,0.00020255938673902031,0.00021321954221528369,0.00020255938673902031,0.00019192033170678099,0.00015509299502702894],[0.00015905091091015695,0.00019551946084900296,0.00019192033170678099,0.00021288013413097074,0.00019192033170678099,0.00019551946084900296,0.00015905091091015695],[0.00012599587039756669,0.00015905091091015695,0.00015509299502702894,0.00017432701930917958,0.00015509299502702894,0.00015905091091015695,0.00012599587039756669]],[[0.00014659029371645111,0.00018217766014607311,0.00017793633107205726,0.00019869733876352514,0.00017793633107205726,0.00018217766014607311,0.00014659029371645111],[0.00018217766014607311,0.00022106637225330662,0.00021724696022754633,0.00023964618399840764,0.00021724696022754633,0.00022106637225330662,0.00018217766014607311],[0.00017793633107205726,0.00021724696022754633,0.00022860195272764668,0.00023997924529263009,0.00022860195272764668,0.00021724696022754633,0.00017793633107205726],[0.00019869733876352514,0.00023964618399840764,0.00023997924529263009,0.00026133226030246423,0.00023997924529263009,0.00023964618399840764,0.00019869733876352514],[0.00017793633107205726,0.00021724696022754633,0.00022860195272764668,0.00023997924529263009,0.00022860195272764668,0.00021724696022754633,0.00017793633107205726],[0.00018217766014607311,0.00022106637225330662,0.00021724696022754633,0.00023964618399840764,0.00021724696022754633,0.00022106637225330662,0.00018217766014607311],[0.00014659029371645111,0.00018217766014607311,0.00017793633107205726,0.00019869733876352514,0.00017793633107205726,0.00018217766014607311,0.00014659029371645111]],[[0.00016869352410843675,0.00020677741080372193,0.00020225759337315826,0.00022452506247595049,0.00020225759337315826,0.00020677741080372193,0.00016869352410843675],[0.00020677741080372193,0.000248046296710856,0.00024401084684543415,0.00026782656010469584,0.00024401084684543415,0.000248046296710856,0.00020677741080372193],[0.00020225759337315826,0.00024401084684543415,0.00025607008386914547,0.00026815279698367493,0.00025607008386914547,0.00024401084684543415,0.00020225759337315826],[0.00022452506247595049,0.00026782656010469584,0.00026815279698367493,0.00029080393569155214,0.000268152796983675,0.00026782656010469589,0.00022452506247595049],[0.00020225759337315826,0.00024401084684543415,0.00025607008386914547,0.000268152796983675,0.00025607008386914547,0.00024401084684543415,0.00020225759337315826],[0.00020677741080372193,0.000248046296710856,0.00024401084684543415,0.00026782656010469589,0.00024401084684543415,0.000248046296710856,0.00020677741080372193],[0.00016869352410843675,0.00020677741080372193,0.00020225759337315826,0.00022452506247595049,0.00020225759337315826,0.00020677741080372193,0.00016869352410843675]],[[0.00019228315228190173,0.0002328246503703711,0.00022803144731769638,0.00025178287463221261,0.00022803144731769638,0.0002328246503703711,0.00019228315228190173],[0.0002328246503703711,0.00027643052138449941,0.00027218349456376907,0.00029739088737135974,0.00027218349456376907,0.00027643052138449941,0.0002328246503703711],[0.00022803144731769638,0.00027218349456376907,0.000284934353461274,0.00029770983897999697,0.000284934353461274,0.00027218349456376907,0.00022803144731769638],[0.00025178287463221261,0.00029739088737135974,0.00029770983897999697,0.0003216352780580485,0.00029770983897999697,0.00029739088737135974,0.00025178287463221261],[0.00022803144731769638,0.00027218349456376907,0.000284934353461274,0.00029770983897999697,0.000284934353461274,0.00027218349456376907,0.00022803144731769638],[0.0002328246503703711,0.00027643052138449941,0.00027218349456376907,0.00029739088737135974,0.00027218349456376907,0.00027643052138449941,0.0002328246503703711],[0.00019228315228190173,0.0002328246503703711,0.00022803144731769638,0.00025178287463221261,0.00022803144731769638,0.0002328246503703711,0.00019228315228190173]],[[0.00021733486450136998,0.000260291799593132,0.00025523055856219715,0.0002804414304511536,0.00025523055856219715,0.000260291799593132,0.00021733486450136998],[0.000260291799593132,0.00030618790691736453,0.000301734043989926,0.00032830624874592349,0.000301734043989926,0.00030618790691736453,0.000260291799593132],[0.00025523055856219715,0.000301734043989926,0.00031516287053790941,0.00032861744651940323,0.00031516287053790941,0.000301734043989926,0.00025523055856219715],[0.0002804414304511536,0.00032830624874592349,0.00032861744651940323,0.00035379144278256533,0.00032861744651940323,0.00032830624874592349,0.0002804414304511536],[0.00025523055856219715,0.000301734043989926,0.00031516287053790941,0.00032861744651940323,0.00031516287053790941,0.000301734043989926,0.00025523055856219715],[0.000260291799593132,0.00030618790691736453,0.000301734043989926,0.00032830624874592349,0.000301734043989926,0.00030618790691736453,0.000260291799593132],[0.00021733486450136998,0.000260291799593132,0.00025523055856219715,0.0002804414304511536,0.00025523055856219715,0.000260291799593132,0.00021733486450136998]],[[0.00024382230700243767,0.000289148947146947,0.0002838253331605505,0.00031046900252137358,0.0002838253331605505,0.000289148947146947,0.00024382230700243767],[0.000289148947146947,0.00033728447183940612,0.0003326288666459493,0.0003605366904519827,0.0003326288666459493,0.00033728447183940612,0.000289148947146947],[0.0002838253331605505,0.0003326288666459493,0.000346720829757144,0.00036083963474000877,0.000346720829757144,0.0003326288666459493,0.0002838253331605505],[0.00031046900252137358,0.0003605366904519827,0.00036083963474000877,0.00038723423368525141,0.00036083963474000877,0.0003605366904519827,0.00031046900252137358],[0.0002838253331605505,0.0003326288666459493,0.000346720829757144,0.00036083963474000877,0.000346720829757144,0.0003326288666459493,0.0002838253331605505],[0.000289148947146947,0.00033728447183940612,0.0003326288666459493,0.0003605366904519827,0.0003326288666459493,0.00033728447183940612,0.000289148947146947],[0.00024382230700243767,0.000289148947146947,0.0002838253331605505,0.00031046900252137358,0.0002838253331605505,0.000289148947146947,0.00024382230700243767]],[[0.00027171686685050666,0.00031936347936839554,0.00031378355760914233,0.000341831022828295,0.00031378355760914233,0.00031936347936839554,0.00027171686685050666],[0.00031936347936839554,0.000369682828131547,0.00036483101583928608,0.00039404256307262254,0.00036483101583928608,0.000369682828131547,0.00031936347936839554],[0.00031378355760914233,0.00036483101583928608,0.00037956990665346282,0.00039433669816582643,0.00037956990665346282,0.00036483101583928608,0.00031378355760914233],[0.000341831022828295,0.00039404256307262254,0.00039433669816582643,0.0004219213377944252,0.00039433669816582643,0.00039404256307262254,0.000341831022828295],[0.00031378355760914233,0.00036483101583928608,0.00037956990665346282,0.00039433669816582643,0.00037956990665346282,0.00036483101583928608,0.00031378355760914233],[0.00031936347936839554,0.000369682828131547,0.00036483101583928608,0.00039404256307262254,0.00036483101583928608,0.000369682828131547,0.00031936347936839554],[0.00027171686685050666,0.00031936347936839554,0.00031378355760914233,0.000341831022828295,0.00031378355760914233,0.00031936347936839554,0.00027171686685050666]],[[0.00030098735212144985,0.00035089957344085833,0.00034506990873990991,0.000374489479655515,0.00034506990873990991,0.00035089957344085833,0.00030098735212144985],[0.00035089957344085833,0.00040334142046692087,0.00039829948885695211,0.00042877964268461029,0.00039829948885695211,0.00040334142046692087,0.00035089957344085833],[0.00034506990873990991,0.00039829948885695211,0.00041366744733007418,0.00042906432770038961,0.00041366744733007418,0.00039829948885695211,0.00034506990873990991],[0.000374489479655515,0.00042877964268461029,0.00042906432770038961,0.00045780530392081943,0.00042906432770038961,0.00042877964268461029,0.000374489479655515],[0.00034506990873990991,0.00039829948885695211,0.00041366744733007418,0.00042906432770038961,0.00041366744733007418,0.00039829948885695211,0.00034506990873990991],[0.00035089957344085833,0.00040334142046692087,0.00039829948885695211,0.00042877964268461029,0.00039829948885695211,0.00040334142046692087,0.00035089957344085833],[0.00030098735212144985,0.00035089957344085833,0.00034506990873990991,0.000374489479655515,0.00034506990873990991,0.00035089957344085833,0.00030098735212144985]],[[0.00033159954508526926,0.00038371751126321628,0.0003776452924333646,0.00040840211740048965,0.0003776452924333646,0.00038371751126321628,0.00033159954508526926],[0.00038371751126321628,0.00043821350580019883,0.00043298823897826912,0.0004646979587496917,0.00043298823897826912,0.00043821350580019883,0.00038371751126321628],[0.0003776452924333646,0.00043298823897826912,0.0004489653851278458,0.00046497243169100138,0.0004489653851278458,0.00043298823897826912,0.0003776452924333646],[0.00040840211740048965,0.0004646979587496917,0.00046497243169100138,0.00049483218040936058,0.00046497243169100138,0.0004646979587496917,0.00040840211740048965],[0.0003776452924333646,0.00043298823897826912,0.0004489653851278458,0.00046497243169100138,0.00044896538512784575,0.00043298823897826907,0.0003776452924333646],[0.00038371751126321628,0.00043821350580019883,0.00043298823897826912,0.0004646979587496917,0.00043298823897826907,0.00043821350580019878,0.00038371751126321628],[0.00033159954508526926,0.00038371751126321628,0.0003776452924333646,0.00040840211740048965,0.0003776452924333646,0.00038371751126321628,0.00033159954508526926]],[[0.00036351559127309284,0.00041777275719547576,0.00041146595649748703,0.00044352137250005771,0.00041146595649748703,0.00041777275719547571,0.00036351559127309284],[0.00041777275719547576,0.00047424579149807648,0.00046884485785175079,0.00050174023518419729,0.00046884485785175079,0.00047424579149807648,0.00041777275719547571],[0.00041146595649748703,0.00046884485785175079,0.00048540879760237889,0.00050200356716477738,0.00048540879760237889,0.00046884485785175079,0.00041146595649748703],[0.00044352137250005771,0.00050174023518419729,0.00050200356716477738,0.00053293970449478853,0.00050200356716477738,0.00050174023518419729,0.00044352137250005771],[0.00041146595649748703,0.00046884485785175079,0.00048540879760237889,0.00050200356716477738,0.00048540879760237889,0.00046884485785175079,0.00041146595649748703],[0.00041777275719547571,0.00047424579149807648,0.00046884485785175079,0.00050174023518419729,0.00046884485785175079,0.00047424579149807648,0.00041777275719547571],[0.00036351559127309284,0.00041777275719547571,0.00041146595649748703,0.00044352137250005771,0.00041146595649748703,0.00041777275719547571,0.00036351559127309284]],[[0.00039669317447601528,0.00045301472681000759,0.00044648230741922728,0.0004797929615163856,0.00044648230741922728,0.00045301472681000748,0.00039669317447601522],[0.00045301472681000759,0.0005113766326532293,0.00050580883140172921,0.00053983983263699046,0.00050580883140172921,0.00051137663265322919,0.00045301472681000748],[0.00044648230741922728,0.00050580883140172921,0.00052293399927713744,0.00054009086899467745,0.00052293399927713744,0.00050580883140172921,0.00044648230741922728],[0.0004797929615163856,0.00053983983263699046,0.00054009086899467745,0.00057205491651386232,0.00054009086899467745,0.00053983983263699046,0.0004797929615163856],[0.00044648230741922728,0.00050580883140172921,0.00052293399927713744,0.00054009086899467745,0.00052293399927713744,0.00050580883140172921,0.00044648230741922728],[0.00045301472681000748,0.00051137663265322919,0.00050580883140172921,0.00053983983263699046,0.00050580883140172921,0.00051137663265322919,0.00045301472681000748],[0.00039669317447601522,0.00045301472681000748,0.00044648230741922728,0.0004797929615163856,0.00044648230741922728,0.00045301472681000748,0.00039669317447601522]],[[0.00043108441358478641,0.00048938515916602287,0.00048263734614303281,0.00051715402258319934,0.00048263734614303281,0.00048938515916602276,0.0004310844135847863],[0.00048938515916602287,0.00054953368228177367,0.00054380926461388432,0.000578918075710559,0.00054380926461388421,0.00054953368228177345,0.00048938515916602276],[0.00048263734614303281,0.00054380926461388432,0.00056146605983651481,0.00057915536097960226,0.0005614660598365147,0.00054380926461388421,0.00048263734614303281],[0.00051715402258319934,0.000578918075710559,0.00057915536097960226,0.00061209107271847918,0.00057915536097960226,0.000578918075710559,0.00051715402258319934],[0.00048263734614303281,0.00054380926461388421,0.0005614660598365147,0.00057915536097960226,0.0005614660598365147,0.00054380926461388421,0.00048263734614303281],[0.00048938515916602276,0.00054953368228177345,0.00054380926461388421,0.000578918075710559,0.00054380926461388421,0.00054953368228177345,0.00048938515916602276],[0.0004310844135847863,0.00048938515916602276,0.00048263734614303281,0.00051715402258319934,0.00048263734614303281,0.00048938515916602276,0.0004310844135847863]],[[0.00046663440492118697,0.00052681600091448208,0.00051986463274663426,0.00055553071010635007,0.00051986463274663426,0.00052681600091448208,0.00046663440492118686],[0.00052681600091448208,0.00058863091267213994,0.00058276199188134626,0.0006188808844675832,0.00058276199188134626,0.00058863091267213994,0.00052681600091448208],[0.00051986463274663426,0.00058276199188134626,0.00060091566659902906,0.00061910256988597734,0.00060091566659902906,0.00058276199188134626,0.00051986463274663426],[0.00055553071010635007,0.0006188808844675832,0.00061910256988597734,0.00065294378349194744,0.00061910256988597734,0.0006188808844675832,0.00055553071010635007],[0.00051986463274663426,0.00058276199188134626,0.00060091566659902906,0.00061910256988597734,0.00060091566659902906,0.00058276199188134626,0.00051986463274663426],[0.00052681600091448208,0.00058863091267213994,0.00058276199188134626,0.0006188808844675832,0.00058276199188134626,0.00058863091267213994,0.00052681600091448208],[0.00046663440492118686,0.00052681600091448208,0.00051986463274663426,0.00055553071010635007,0.00051986463274663426,0.00052681600091448208,0.00046663440492118686]],[[0.00050327933129479642,0.00056522673501095547,0.00055808571080389268,0.00059483517731090028,0.00055808571080389268,0.00056522673501095547,0.00050327933129479642],[0.00056522673501095547,0.00062856501857541083,0.00062256607445497763,0.00065961474903697762,0.00062256607445497763,0.00062856501857541083,0.00056522673501095547],[0.00055808571080389268,0.00062256607445497763,0.00064117535373770624,0.00065981848597248887,0.00064117535373770624,0.00062256607445497763,0.00055808571080389268],[0.00059483517731090028,0.00065961474903697762,0.00065981848597248887,0.00069448646398043341,0.00065981848597248887,0.00065961474903697762,0.00059483517731090028],[0.00055808571080389268,0.00062256607445497763,0.00064117535373770624,0.00065981848597248887,0.00064117535373770624,0.00062256607445497763,0.00055808571080389268],[0.00056522673501095547,0.00062856501857541083,0.00062256607445497763,0.00065961474903697762,0.00062256607445497763,0.00062856501857541083,0.00056522673501095547],[0.00050327933129479642,0.00056522673501095547,0.00055808571080389268,0.00059483517731090028,0.00055808571080389268,0.00056522673501095547,0.00050327933129479642]],[[0.00054094408187070544,0.00060452116933176975,0.00059720699692282606,0.0006349619871356063,0.00059720699692282606,0.00060452116933176975,0.00054094408187070544],[0.00060452116933176975,0.00066921141768458133,0.00066309987784073229,0.00070098234100969342,0.00066309987784073229,0.00066921141768458133,0.00060452116933176975],[0.00059720699692282606,0.00066309987784073229,0.00068211534612759453,0.00070116517316226471,0.00068211534612759453,0.00066309987784073229,0.00059720699692282606],[0.0006349619871356063,0.00070098234100969342,0.00070116517316226471,0.0007365655116199156,0.00070116517316226471,0.00070098234100969342,0.0006349619871356063],[0.00059720699692282606,0.00066309987784073229,0.00068211534612759453,0.00070116517316226471,0.00068211534612759453,0.00066309987784073229,0.00059720699692282606],[0.00060452116933176975,0.00066921141768458133,0.00066309987784073229,0.00070098234100969342,0.00066309987784073229,0.00066921141768458133,0.00060452116933176975],[0.00054094408187070544,0.00060452116933176975,0.00059720699692282606,0.0006349619871356063,0.00059720699692282606,0.00060452116933176975,0.00054094408187070544]],[[0.00057953939784584384,0.00064458387163246478,0.00063711629907606108,0.00067578420363397689,0.00063711629907606108,0.00064458387163246478,0.00057953939784584384],[0.00064458387163246478,0.0007104203929907128,0.0007042172340370966,0.00074281845224036973,0.0007042172340370966,0.0007104203929907128,0.00064458387163246478],[0.00063711629907606108,0.0007042172340370966,0.00072357962257285722,0.00074297673380639207,0.00072357962257285722,0.0007042172340370966,0.00063711629907606108],[0.00067578420363397689,0.00074281845224036973,0.00074297673380639207,0.00077899611436007285,0.00074297673380639207,0.00074281845224036973,0.00067578420363397689],[0.00063711629907606108,0.0007042172340370966,0.00072357962257285722,0.00074297673380639207,0.00072357962257285722,0.0007042172340370966,0.00063711629907606108],[0.00064458387163246478,0.0007104203929907128,0.0007042172340370966,0.00074281845224036973,0.0007042172340370966,0.0007104203929907128,0.00064458387163246478],[0.00057953939784584384,0.00064458387163246478,0.00063711629907606108,0.00067578420363397689,0.00063711629907606108,0.00064458387163246478,0.00057953939784584384]],[[0.00061895869759249122,0.00068527669323418248,0.00067767936832748845,0.00071714972200244854,0.00067767936832748845,0.00068527669323418248,0.00061895869759249122],[0.00068527669323418248,0.00075201427031118485,0.00074574453296067321,0.00078492734782780208,0.00074574453296067321,0.00075201427031118485,0.00068527669323418248],[0.00067767936832748845,0.00074574453296067321,0.00076538317076222545,0.00078505672862395947,0.00076538317076222545,0.00074574453296067321,0.00067767936832748845],[0.00071714972200244854,0.00078492734782780208,0.00078505672862395947,0.00082156004009524043,0.00078505672862395947,0.00078492734782780208,0.00071714972200244854],[0.00067767936832748845,0.00074574453296067321,0.00076538317076222545,0.00078505672862395947,0.00076538317076222545,0.00074574453296067321,0.00067767936832748845],[0.00068527669323418248,0.00075201427031118485,0.00074574453296067321,0.00078492734782780208,0.00074574453296067321,0.00075201427031118485,0.00068527669323418248],[0.00061895869759249122,0.00068527669323418248,0.00067767936832748845,0.00071714972200244854,0.00067767936832748845,0.00068527669323418248,0.00061895869759249122]],[[0.0006590749299219108,0.00072643607034226457,0.00071873712919633321,0.00075887867038426811,0.00071873712919633321,0.00072643607034226457,0.0006590749299219108],[0.00072643607034226457,0.000793786615883525,0.00078747969784772362,0.00082708266504900982,0.00078747969784772362,0.000793786615883525,0.00072643607034226457],[0.00071873712919633321,0.00078747969784772362,0.00080731147742513318,0.00082717818380792247,0.00080731147742513318,0.00078747969784772362,0.00071873712919633321],[0.00075887867038426811,0.00082708266504900982,0.00082717818380792247,0.00086400670247445193,0.00082717818380792247,0.00082708266504900982,0.00075887867038426811],[0.00071873712919633321,0.00078747969784772362,0.00080731147742513318,0.00082717818380792247,0.00080731147742513318,0.00078747969784772362,0.00071873712919633321],[0.00072643607034226457,0.000793786615883525,0.00078747969784772362,0.00082708266504900982,0.00078747969784772362,0.000793786615883525,0.00072643607034226457],[0.0006590749299219108,0.00072643607034226457,0.00071873712919633321,0.00075887867038426811,0.00071873712919633321,0.00072643607034226457,0.0006590749299219108]],[[0.00069973798009693533,0.00076787183557722139,0.00076010429616801356,0.00080076271952374224,0.00076010429616801356,0.00076787183557722139,0.00069973798009693533],[0.00076787183557722139,0.00083550398308863277,0.00082919360052299633,0.00086903034523794383,0.00082919360052299633,0.00083550398308863277,0.00076787183557722139],[0.00076010429616801356,0.00082919360052299633,0.0008491227621808575,0.00086908664567982453,0.0008491227621808575,0.00082919360052299633,0.00076010429616801356],[0.00080076271952374224,0.00086903034523794383,0.00086908664567982453,0.00090605784856135458,0.00086908664567982453,0.00086903034523794383,0.00080076271952374224],[0.00076010429616801356,0.00082919360052299633,0.0008491227621808575,0.00086908664567982453,0.0008491227621808575,0.00082919360052299633,0.00076010429616801356],[0.00076787183557722139,0.00083550398308863277,0.00082919360052299633,0.00086903034523794383,0.00082919360052299633,0.00083550398308863277,0.00076787183557722139],[0.00069973798009693533,0.00076787183557722139,0.00076010429616801356,0.00080076271952374224,0.00076010429616801356,0.00076787183557722139,0.00069973798009693533]],[[0.0007407731825369502,0.00080936795610635312,0.00080156981398789838,0.00084256669132168165,0.00080156981398789838,0.00080936795610635312,0.0007407731825369502],[0.00080936795610635312,0.00087690982329786211,0.00087063362458924458,0.00091049392200943664,0.00087063362458924458,0.00087690982329786211,0.00080936795610635312],[0.00080156981398789838,0.00087063362458924458,0.00089055244704212637,0.0009105055578865,0.00089055244704212637,0.00087063362458924458,0.00080156981398789838],[0.00084256669132168165,0.00091049392200943664,0.0009105055578865,0.000947414696313392,0.0009105055578865,0.00091049392200943664,0.00084256669132168165],[0.00080156981398789838,0.00087063362458924458,0.00089055244704212637,0.0009105055578865,0.00089055244704212637,0.00087063362458924458,0.00080156981398789838],[0.00080936795610635312,0.00087690982329786211,0.00087063362458924458,0.00091049392200943664,0.00087063362458924458,0.00087690982329786211,0.00080936795610635312],[0.0007407731825369502,0.00080936795610635312,0.00080156981398789838,0.00084256669132168165,0.00080156981398789838,0.00080936795610635312,0.0007407731825369502]],[[0.000781981292377666,0.00085068503536740129,0.00084289902935356584,0.00088403212208059594,0.00084289902935356584,0.00085068503536740129,0.000781981292377666],[0.00085068503536740129,0.00091772942143903769,0.00091152834699367413,0.00095118062743437457,0.00091152834699367413,0.00091772942143903769,0.00085068503536740129],[0.00084289902935356584,0.00091152834699367413,0.000931318558111175,0.00095114238341681217,0.000931318558111175,0.00091152834699367413,0.00084289902935356584],[0.00088403212208059594,0.00095118062743437457,0.00095114238341681217,0.000987765400966471,0.00095114238341681217,0.00095118062743437457,0.00088403212208059594],[0.00084289902935356584,0.00091152834699367413,0.000931318558111175,0.00095114238341681217,0.000931318558111175,0.00091152834699367413,0.00084289902935356584],[0.00085068503536740129,0.00091772942143903769,0.00091152834699367413,0.00095118062743437457,0.00091152834699367413,0.00091772942143903769,0.00085068503536740129],[0.000781981292377666,0.00085068503536740129,0.00084289902935356584,0.00088403212208059594,0.00084289902935356584,0.00085068503536740129,0.000781981292377666]],[[0.00082313990613513651,0.00089156394245530862,0.00088383704153766854,0.00092488189585105427,0.00088383704153766854,0.00089156394245530862,0.00082313990613513651],[0.00089156394245530862,0.00095767476257590742,0.00095159229253553889,0.00099078698789488114,0.00095159229253553889,0.00095767476257590742,0.00089156394245530862],[0.00088383704153766854,0.00095159229253553889,0.00097112687395491267,0.00099069414638651822,0.00097112687395491278,0.00095159229253553889,0.00088383704153766854],[0.00092488189585105427,0.00099078698789488114,0.00099069414638651822,0.0010267912719216143,0.00099069414638651822,0.00099078698789488114,0.00092488189585105427],[0.00088383704153766854,0.00095159229253553889,0.00097112687395491278,0.00099069414638651822,0.00097112687395491278,0.00095159229253553889,0.00088383704153766854],[0.00089156394245530862,0.00095767476257590742,0.00095159229253553889,0.00099078698789488114,0.00095159229253553889,0.00095767476257590742,0.00089156394245530862],[0.00082313990613513651,0.00089156394245530862,0.00088383704153766854,0.00092488189585105427,0.00088383704153766854,0.00089156394245530862,0.00082313990613513651]],[[0.00086400601633818358,0.00093172992642361378,0.00092411263089132241,0.00096482514643886515,0.00092411263089132241,0.00093172992642361378,0.00086400601633818358],[0.00093172992642361378,0.00099644913985573,0.00099053051591579738,0.0010290038347374067,0.00099053051591579738,0.00099644913985573,0.00093172992642361378],[0.00092411263089132241,0.00099053051591579738,0.001009675685207674,0.0010288523692055828,0.001009675685207674,0.00099053051591579738,0.00092411263089132241],[0.00096482514643886515,0.0010290038347374067,0.0010288523692055828,0.0010641719697950035,0.0010288523692055828,0.0010290038347374067,0.00096482514643886515],[0.00092411263089132241,0.00099053051591579738,0.001009675685207674,0.0010288523692055828,0.0010096756852