{"M_cells":[[[0,0,0,0,0,0,0],[0,0,0,0,0,0,0],[0,0,0,0,0,0,0],[0,0,0,0,0,0,0],[0,0,0,0,0,0,0],[0,0,0,0,0,0,0],[0,0,0,0,0,0,0]],[[1.4204185685474685E-7,8.208185341892775E-7,7.3026870032299355E-7,1.068353917993017E-6,7.3026870032299355E-7,8.208185341892776E-7,1.4204185685474688E-7],[8.208185341892775E-7,3.4982359076307326E-6,3.1976601834702219E-6,4.5188993480772357E-6,3.1976601834702223E-6,3.4982359076307331E-6,8.208185341892776E-7],[7.3026870032299355E-7,3.1976601834702219E-6,3.9257141822254755E-6,4.6577456072195478E-6,3.9257141822254763E-6,3.1976601834702223E-6,7.3026870032299355E-7],[1.068353917993017E-6,4.5188993480772357E-6,4.6577456072195478E-6,6.1456230545282666E-6,4.6577456072195478E-6,4.5188993480772365E-6,1.068353917993017E-6],[7.3026870032299355E-7,3.1976601834702223E-6,3.9257141822254763E-6,4.6577456072195478E-6,3.9257141822254755E-6,3.1976601834702223E-6,7.3026870032299355E-7],[8.208185341892776E-7,3.4982359076307331E-6,3.1976601834702223E-6,4.5188993480772365E-6,3.1976601834702223E-6,3.4982359076307331E-6,8.208185341892776E-7],[1.4204185685474688E-7,8.208185341892776E-7,7.3026870032299355E-7,1.068353917993017E-6,7.3026870032299355E-7,8.208185341892776E-7,1.4204185685474688E-7]],[[9.98392606997096E-7,3.2864696130687541E-6,2.9847933257274641E-6,4.1602052406321923E-6,2.9847933257274641E-6,3.2864696130687541E-6,9.98392606997096E-7],[3.2864696130687541E-6,8.6413030610760353E-6,8.0475364879045426E-6,1.0793206218444224E-5,8.0475364879045426E-6,8.6413030610760353E-6,3.2864696130687541E-6],[2.9847933257274641E-6,8.0475364879045426E-6,9.5322346415535349E-6,1.1022298728418205E-5,9.5322346415535349E-6,8.0475364879045426E-6,2.9847933257274641E-6],[4.1602052406321923E-6,1.0793206218444224E-5,1.1022298728418205E-5,1.3995463353791273E-5,1.1022298728418205E-5,1.0793206218444224E-5,4.1602052406321923E-6],[2.9847933257274641E-6,8.0475364879045426E-6,9.5322346415535349E-6,1.1022298728418205E-5,9.5322346415535349E-6,8.0475364879045426E-6,2.9847933257274641E-6],[3.2864696130687541E-6,8.6413030610760353E-6,8.0475364879045426E-6,1.0793206218444224E-5,8.0475364879045426E-6,8.6413030610760353E-6,3.2864696130687541E-6],[9.98392606997096E-7,3.2864696130687541E-6,2.9847933257274641E-6,4.1602052406321923E-6,2.9847933257274641E-6,3.2864696130687541E-6,9.98392606997096E-7]],[[2.9883579079430669E-6,7.3950300874576764E-6,6.8191708014774591E-6,9.1413541186511617E-6,6.8191708014774591E-6,7.3950300874576764E-6,2.9883579079430669E-6],[7.3950300874576764E-6,1.5425401982398356E-5,1.4546116625585531E-5,1.8778781093712857E-5,1.4546116625585531E-5,1.5425401982398356E-5,7.3950300874576764E-6],[6.8191708014774591E-6,1.4546116625585531E-5,1.6801818052951423E-5,1.9064268659578727E-5,1.6801818052951423E-5,1.4546116625585531E-5,6.8191708014774591E-6],[9.1413541186511617E-6,1.8778781093712857E-5,1.9064268659578727E-5,2.351795149718095E-5,1.9064268659578727E-5,1.8778781093712857E-5,9.1413541186511617E-6],[6.8191708014774591E-6,1.4546116625585531E-5,1.6801818052951423E-5,1.9064268659578727E-5,1.6801818052951423E-5,1.4546116625585531E-5,6.8191708014774591E-6],[7.3950300874576764E-6,1.5425401982398356E-5,1.4546116625585531E-5,1.8778781093712857E-5,1.4546116625585531E-5,1.5425401982398356E-5,7.3950300874576764E-6],[2.9883579079430669E-6,7.3950300874576764E-6,6.8191708014774591E-6,9.1413541186511617E-6,6.8191708014774591E-6,7.3950300874576764E-6,2.9883579079430669E-6]],[[6.3414624211278657E-6,1.3145475002238108E-5,1.2264532468330827E-5,1.5924892954382243E-5,1.2264532468330827E-5,1.3145475002238108E-5,6.3414624211278657E-6],[1.3145475002238108E-5,2.3849982731543902E-5,2.2693240665215927E-5,2.8450728509090415E-5,2.2693240665215927E-5,2.3849982731543902E-5,1.3145475002238108E-5],[1.2264532468330827E-5,2.2693240665215927E-5,2.5728130476695419E-5,2.8771147450697796E-5,2.5728130476695422E-5,2.269324066521593E-5,1.2264532468330829E-5],[1.5924892954382243E-5,2.8450728509090415E-5,2.8771147450697796E-5,3.4700620305947405E-5,2.8771147450697796E-5,2.8450728509090418E-5,1.5924892954382246E-5],[1.2264532468330827E-5,2.2693240665215927E-5,2.5728130476695422E-5,2.8771147450697796E-5,2.5728130476695422E-5,2.269324066521593E-5,1.2264532468330829E-5],[1.3145475002238108E-5,2.3849982731543902E-5,2.269324066521593E-5,2.8450728509090418E-5,2.269324066521593E-5,2.3849982731543902E-5,1.3145475002238108E-5],[6.3414624211278657E-6,1.3145475002238108E-5,1.2264532468330829E-5,1.5924892954382246E-5,1.2264532468330829E-5,1.3145475002238108E-5,6.3414624211278657E-6]],[[1.1183213213882693E-5,2.0536702004293964E-5,1.9337300076599485E-5,2.4453731962604895E-5,1.9337300076599485E-5,2.0536702004293964E-5,1.1183213213882693E-5],[2.0536702004293964E-5,3.3913360332411673E-5,3.2486548149055355E-5,3.9791107525826844E-5,3.2486548149055355E-5,3.3913360332411673E-5,2.0536702004293964E-5],[1.9337300076599485E-5,3.2486548149055355E-5,3.6304927679595892E-5,4.0132807225049406E-5,3.6304927679595892E-5,3.2486548149055355E-5,1.9337300076599485E-5],[2.4453731962604895E-5,3.9791107525826844E-5,4.0132807225049406E-5,4.753338710345272E-5,4.0132807225049406E-5,3.9791107525826844E-5,2.4453731962604898E-5],[1.9337300076599485E-5,3.2486548149055355E-5,3.6304927679595892E-5,4.0132807225049406E-5,3.6304927679595892E-5,3.2486548149055355E-5,1.9337300076599485E-5],[2.0536702004293964E-5,3.3913360332411673E-5,3.2486548149055355E-5,3.9791107525826844E-5,3.2486548149055355E-5,3.3913360332411673E-5,2.0536702004293964E-5],[1.1183213213882693E-5,2.0536702004293964E-5,1.9337300076599485E-5,2.4453731962604898E-5,1.9337300076599485E-5,2.0536702004293964E-5,1.1183213213882693E-5]],[[1.758188035183932E-5,2.9567123579747093E-5,2.8045085497726629E-5,3.4689634464558161E-5,2.8045085497726629E-5,2.9567123579747093E-5,1.758188035183932E-5],[2.9567123579747093E-5,4.56129872611801E-5,4.3922433956493485E-5,5.2786479064848567E-5,4.3922433956493485E-5,4.56129872611801E-5,2.9567123579747093E-5],[2.8045085497726629E-5,4.3922433956493485E-5,4.8526158346853536E-5,5.3140750653312407E-5,4.8526158346853536E-5,4.3922433956493485E-5,2.8045085497726629E-5],[3.4689634464558161E-5,5.2786479064848567E-5,5.3140750653312407E-5,6.2007802482938611E-5,5.3140750653312407E-5,5.2786479064848567E-5,3.4689634464558161E-5],[2.8045085497726629E-5,4.3922433956493485E-5,4.8526158346853536E-5,5.3140750653312407E-5,4.8526158346853536E-5,4.3922433956493485E-5,2.8045085497726629E-5],[2.9567123579747093E-5,4.56129872611801E-5,4.3922433956493485E-5,5.2786479064848567E-5,4.3922433956493485E-5,4.56129872611801E-5,2.9567123579747093E-5],[1.758188035183932E-5,2.9567123579747093E-5,2.8045085497726629E-5,3.4689634464558161E-5,2.8045085497726629E-5,2.9567123579747093E-5,1.758188035183932E-5]],[[2.5574067300457439E-5,4.0234554014780532E-5,3.8390254519827716E-5,4.6606326696386632E-5,3.8390254519827716E-5,4.0234554014780532E-5,2.5574067300457439E-5],[4.0234554014780532E-5,5.8945676633361481E-5,5.6996609956643761E-5,6.7426336596189914E-5,5.6996609956643761E-5,5.8945676633361481E-5,4.0234554014780532E-5],[3.8390254519827716E-5,5.6996609956643761E-5,6.2385992613614059E-5,6.7787606321370925E-5,6.2385992613614059E-5,5.6996609956643754E-5,3.8390254519827716E-5],[4.6606326696386632E-5,6.7426336596189914E-5,6.7787606321370925E-5,7.811654445220364E-5,6.7787606321370925E-5,6.7426336596189914E-5,4.6606326696386632E-5],[3.8390254519827716E-5,5.6996609956643761E-5,6.2385992613614059E-5,6.7787606321370925E-5,6.2385992613614059E-5,5.6996609956643754E-5,3.8390254519827716E-5],[4.0234554014780532E-5,5.8945676633361481E-5,5.6996609956643754E-5,6.7426336596189914E-5,5.6996609956643754E-5,5.8945676633361481E-5,4.0234554014780532E-5],[2.5574067300457439E-5,4.0234554014780532E-5,3.8390254519827716E-5,4.6606326696386632E-5,3.8390254519827716E-5,4.0234554014780532E-5,2.5574067300457439E-5]],[[3.5178732028856248E-5,5.2536236155701751E-5,5.0372073354655715E-5,6.0185156931353452E-5,5.0372073354655715E-5,5.2536236155701751E-5,3.5178732028856248E-5],[5.2536236155701751E-5,7.3907778237441445E-5,7.1704431908182643E-5,8.3702098082490662E-5,7.1704431908182643E-5,7.3907778237441459E-5,5.2536236155701751E-5],[5.0372073354655715E-5,7.1704431908182643E-5,7.78788149501687E-5,8.40667875817417E-5,7.7878814950168711E-5,7.1704431908182657E-5,5.0372073354655715E-5],[6.0185156931353452E-5,8.3702098082490662E-5,8.40667875817417E-5,9.5853076414758E-5,8.4066787581741717E-5,8.3702098082490662E-5,6.0185156931353452E-5],[5.0372073354655715E-5,7.1704431908182643E-5,7.7878814950168711E-5,8.4066787581741717E-5,7.7878814950168711E-5,7.1704431908182657E-5,5.0372073354655715E-5],[5.2536236155701751E-5,7.3907778237441459E-5,7.1704431908182657E-5,8.3702098082490662E-5,7.1704431908182657E-5,7.3907778237441459E-5,5.2536236155701751E-5],[3.5178732028856248E-5,5.2536236155701751E-5,5.0372073354655715E-5,6.0185156931353452E-5,5.0372073354655715E-5,5.2536236155701751E-5,3.5178732028856254E-5]],[[4.6404910292558012E-5,6.646892511833624E-5,6.39879969691995E-5,7.5412353015555484E-5,6.39879969691995E-5,6.646892511833624E-5,4.6404910292558012E-5],[6.646892511833624E-5,9.0495313781971252E-5,8.80410873656428E-5,0.000101606455728181,8.80410873656428E-5,9.0495313781971252E-5,6.646892511833624E-5],[6.39879969691995E-5,8.80410873656428E-5,9.4999202331489131E-5,0.00010197226097958479,9.4999202331489131E-5,8.80410873656428E-5,6.39879969691995E-5],[7.5412353015555484E-5,0.000101606455728181,0.00010197226097958479,0.00011521141498235897,0.00010197226097958479,0.000101606455728181,7.5412353015555484E-5],[6.39879969691995E-5,8.80410873656428E-5,9.4999202331489131E-5,0.00010197226097958479,9.4999202331489131E-5,8.80410873656428E-5,6.39879969691995E-5],[6.646892511833624E-5,9.0495313781971252E-5,8.80410873656428E-5,0.000101606455728181,8.80410873656428E-5,9.0495313781971252E-5,6.646892511833624E-5],[4.6404910292558012E-5,6.646892511833624E-5,6.39879969691995E-5,7.5412353015555484E-5,6.39879969691995E-5,6.646892511833624E-5,4.6404910292558012E-5]],[[5.925599672349725E-5,8.202898669655921E-5,7.9234439030644786E-5,9.2277284432342314E-5,7.9234439030644786E-5,8.202898669655921E-5,5.925599672349725E-5],[8.202898669655921E-5,0.00010870407880618075,0.0001060017018718952,0.00012113295465183804,0.0001060017018718952,0.00010870407880618075,8.202898669655921E-5],[7.9234439030644786E-5,0.0001060017018718952,0.00011374189840987044,0.00012149838840485576,0.00011374189840987044,0.0001060017018718952,7.9234439030644786E-5],[9.2277284432342314E-5,0.00012113295465183804,0.00012149838840485576,0.00013618597169977228,0.00012149838840485576,0.00012113295465183804,9.2277284432342314E-5],[7.9234439030644786E-5,0.0001060017018718952,0.00011374189840987044,0.00012149838840485576,0.00011374189840987044,0.0001060017018718952,7.9234439030644786E-5],[8.202898669655921E-5,0.00010870407880618075,0.0001060017018718952,0.00012113295465183804,0.0001060017018718952,0.00010870407880618075,8.202898669655921E-5],[5.925599672349725E-5,8.202898669655921E-5,7.9234439030644786E-5,9.2277284432342314E-5,7.9234439030644786E-5,8.202898669655921E-5,5.925599672349725E-5]],[[7.3732137912390727E-5,9.9212490579997454E-5,9.6107229602773107E-5,0.00011077135726746647,9.6107229602773107E-5,9.9212490579997454E-5,7.3732137912390727E-5],[9.9212490579997454E-5,0.00012852971831143998,0.00012558139753677226,0.00014227571857712893,0.00012558139753677226,0.00012852971831143998,9.9212490579997454E-5],[9.6107229602773107E-5,0.00012558139753677226,0.0001341017887740429,0.0001426398190339652,0.0001341017887740429,0.00012558139753677226,9.6107229602773107E-5],[0.00011077135726746647,0.00014227571857712893,0.0001426398190339652,0.0001587714446931143,0.0001426398190339652,0.00014227571857712893,0.00011077135726746648],[9.6107229602773107E-5,0.00012558139753677226,0.0001341017887740429,0.0001426398190339652,0.0001341017887740429,0.00012558139753677226,9.6107229602773107E-5],[9.9212490579997454E-5,0.00012852971831143998,0.00012558139753677226,0.00014227571857712893,0.00012558139753677226,0.00012852971831143998,9.9212490579997454E-5],[7.3732137912390727E-5,9.9212490579997454E-5,9.6107229602773107E-5,0.00011077135726746648,9.6107229602773107E-5,9.9212490579997454E-5,7.3732137912390727E-5]],[[8.9831584705556773E-5,0.00011801529041595817,0.0001146018853944124,0.00013088730903085637,0.0001146018853944124,0.00011801529041595817,8.9831584705556773E-5],[0.00011801529041595817,0.00014996778218749691,0.00014677532418476657,0.0001650292703157953,0.00014677532418476657,0.00014996778218749691,0.00011801529041595817],[0.0001146018853944124,0.00014677532418476657,0.00015607387936369857,0.00016539141501412832,0.00015607387936369857,0.00014677532418476657,0.0001146018853944124],[0.00013088730903085637,0.0001650292703157953,0.00016539141501412832,0.00018296274415676632,0.00016539141501412832,0.0001650292703157953,0.00013088730903085637],[0.0001146018853944124,0.00014677532418476657,0.00015607387936369857,0.00016539141501412832,0.00015607387936369857,0.00014677532418476657,0.0001146018853944124],[0.00011801529041595817,0.00014996778218749691,0.00014677532418476657,0.0001650292703157953,0.00014677532418476657,0.00014996778218749691,0.00011801529041595817],[8.9831584705556773E-5,0.00011801529041595817,0.0001146018853944124,0.00013088730903085637,0.0001146018853944124,0.00011801529041595817,8.9831584705556773E-5]],[[0.00010755146674730141,0.00013843308880552208,0.00013471376793487057,0.00015261875685423381,0.00013471376793487057,0.00013843308880552208,0.00010755146674730141],[0.00013843308880552208,0.000173013765382918,0.00016957867493223749,0.00018938841362052539,0.00016957867493223749,0.000173013765382918,0.00013843308880552208],[0.00013471376793487057,0.00016957867493223749,0.00017965327857055768,0.00018974820009134429,0.00017965327857055768,0.00016957867493223749,0.00013471376793487057],[0.00015261875685423381,0.00018938841362052539,0.00018974820009134429,0.00020875494085180138,0.00018974820009134429,0.00018938841362052539,0.00015261875685423381],[0.00013471376793487057,0.00016957867493223749,0.00017965327857055768,0.00018974820009134429,0.00017965327857055768,0.00016957867493223749,0.00013471376793487057],[0.00013843308880552208,0.000173013765382918,0.00016957867493223749,0.00018938841362052539,0.00016957867493223749,0.000173013765382918,0.00013843308880552208],[0.00010755146674730141,0.00013843308880552208,0.00013471376793487057,0.00015261875685423381,0.00013471376793487057,0.00013843308880552208,0.00010755146674730141]],[[0.00012688824330953075,0.00016046148815159926,0.00015643817507000074,0.0001759599067587647,0.00015643817507000074,0.00016046148815159926,0.00012688824330953075],[0.00016046148815159926,0.00019766313671334344,0.00019398669310131611,0.00021534815493799234,0.00019398669310131611,0.00019766313671334344,0.00016046148815159926],[0.00015643817507000074,0.00019398669310131611,0.00020483518283251202,0.00021570532388750962,0.00020483518283251202,0.00019398669310131611,0.00015643817507000074],[0.0001759599067587647,0.00021534815493799234,0.00021570532388750962,0.00023614323030094248,0.00021570532388750962,0.00021534815493799234,0.0001759599067587647],[0.00015643817507000074,0.00019398669310131611,0.00020483518283251202,0.00021570532388750962,0.00020483518283251202,0.00019398669310131611,0.00015643817507000074],[0.00016046148815159926,0.00019766313671334344,0.00019398669310131611,0.00021534815493799234,0.00019398669310131611,0.00019766313671334344,0.00016046148815159926],[0.00012688824330953075,0.00016046148815159926,0.00015643817507000074,0.0001759599067587647,0.00015643817507000074,0.00016046148815159926,0.00012688824330953075]],[[0.00014783797056367503,0.000184096029388538,0.0001797703930236124,0.00020090536566439446,0.0001797703930236124,0.000184096029388538,0.00014783797056367503],[0.000184096029388538,0.00022391135929670418,0.00021999467444686315,0.00024290365121526613,0.00021999467444686315,0.00022391135929670418,0.000184096029388538],[0.0001797703930236124,0.00021999467444686315,0.00023161486523668004,0.00024325803688184577,0.00023161486523668004,0.00021999467444686315,0.0001797703930236124],[0.00020090536566439446,0.00024290365121526613,0.00024325803688184577,0.00026512290772026951,0.00024325803688184577,0.00024290365121526613,0.00020090536566439446],[0.0001797703930236124,0.00021999467444686315,0.00023161486523668004,0.00024325803688184577,0.00023161486523668004,0.00021999467444686315,0.0001797703930236124],[0.000184096029388538,0.00022391135929670418,0.00021999467444686315,0.00024290365121526613,0.00021999467444686315,0.00022391135929670418,0.000184096029388538],[0.00014783797056367503,0.000184096029388538,0.0001797703930236124,0.00020090536566439446,0.0001797703930236124,0.000184096029388538,0.00014783797056367503]],[[0.0001703964632112716,0.00020933222086698676,0.00020470572530939586,0.00022745001917243656,0.00020470572530939586,0.00020933222086698676,0.0001703964632112716],[0.00020933222086698676,0.00025175390486946176,0.00024759796695108735,0.000272050174791934,0.00024759796695108735,0.00025175390486946176,0.00020933222086698676],[0.00020470572530939586,0.00024759796695108735,0.00025998766657693275,0.00027240167273315214,0.00025998766657693275,0.00024759796695108735,0.00020470572530939586],[0.00022745001917243656,0.000272050174791934,0.00027240167273315214,0.00029568935031327792,0.00027240167273315214,0.00027205017479193405,0.00022745001917243656],[0.00020470572530939586,0.00024759796695108735,0.00025998766657693275,0.00027240167273315214,0.0002599876665769328,0.0002475979669510874,0.00020470572530939586],[0.00020933222086698676,0.00025175390486946176,0.00024759796695108735,0.00027205017479193405,0.0002475979669510874,0.00025175390486946176,0.00020933222086698676],[0.0001703964632112716,0.00020933222086698676,0.00020470572530939586,0.00022745001917243656,0.00020470572530939586,0.00020933222086698676,0.0001703964632112716]],[[0.00019455939423054539,0.000236165559510054,0.00023123950817900544,0.00025558895161511853,0.00023123950817900544,0.000236165559510054,0.00019455939423054539],[0.000236165559510054,0.00028118626366050315,0.00027679196943781624,0.00030278308954482077,0.00027679196943781624,0.00028118626366050315,0.000236165559510054],[0.00023123950817900544,0.00027679196943781624,0.00028994898834405883,0.00030313163564727879,0.00028994898834405883,0.00027679196943781624,0.00023123950817900544],[0.00025558895161511853,0.00030278308954482077,0.00030313163564727879,0.00032783800462372751,0.00030313163564727879,0.00030278308954482077,0.00025558895161511853],[0.00023123950817900544,0.00027679196943781624,0.00028994898834405883,0.00030313163564727879,0.00028994898834405883,0.00027679196943781624,0.00023123950817900544],[0.000236165559510054,0.00028118626366050315,0.00027679196943781624,0.00030278308954482077,0.00027679196943781624,0.00028118626366050321,0.00023616555951005402],[0.00019455939423054539,0.000236165559510054,0.00023123950817900544,0.00025558895161511853,0.00023123950817900544,0.00023616555951005402,0.00019455939423054539]],[[0.00022032235763335149,0.00026459154604393484,0.0002593671183318493,0.00028531739337370491,0.0002593671183318493,0.00026459154604393484,0.00022032235763335149],[0.00026459154604393484,0.00031220395105630797,0.00030757212968128203,0.00033509783447392818,0.00030757212968128203,0.00031220395105630797,0.00026459154604393484],[0.0002593671183318493,0.00030757212968128203,0.000321494287200006,0.000335443391217895,0.000321494287200006,0.00030757212968128203,0.0002593671183318493],[0.00028531739337370491,0.00033509783447392818,0.000335443391217895,0.00036156437736954423,0.000335443391217895,0.00033509783447392818,0.00028531739337370491],[0.0002593671183318493,0.00030757212968128203,0.000321494287200006,0.000335443391217895,0.000321494287200006,0.00030757212968128203,0.0002593671183318493],[0.00026459154604393484,0.00031220395105630797,0.00030757212968128203,0.00033509783447392818,0.00030757212968128203,0.00031220395105630797,0.0002645915460439349],[0.00022032235763335149,0.00026459154604393484,0.0002593671183318493,0.00028531739337370491,0.0002593671183318493,0.0002645915460439349,0.00022032235763335154]],[[0.00024768090862290452,0.00029460569576278959,0.00028908397624500263,0.00031663068586010139,0.00028908397624500263,0.00029460569576278959,0.00024768090862290452],[0.00029460569576278959,0.00034480251195699254,0.00033993394235683059,0.000368989912227468,0.00033993394235683059,0.00034480251195699254,0.00029460569576278959],[0.00028908397624500263,0.00033993394235683059,0.00035461907056984692,0.00036933245966051326,0.00035461907056984692,0.00033993394235683059,0.00028908397624500263],[0.00031663068586010139,0.000368989912227468,0.00036933245966051326,0.00039686402867345838,0.00036933245966051326,0.000368989912227468,0.00031663068586010139],[0.00028908397624500263,0.00033993394235683059,0.00035461907056984692,0.00036933245966051326,0.00035461907056984692,0.00033993394235683059,0.00028908397624500263],[0.00029460569576278959,0.00034480251195699254,0.00033993394235683059,0.000368989912227468,0.00033993394235683059,0.00034480251195699254,0.00029460569576278959],[0.00024768090862290452,0.00029460569576278959,0.00028908397624500263,0.00031663068586010139,0.00028908397624500263,0.00029460569576278959,0.00024768090862290452]],[[0.00027663058962828748,0.00032620354597018194,0.00032038554707396872,0.00034952425798593631,0.00032038554707396872,0.00032620354597018194,0.00027663058962828748],[0.00032620354597018194,0.00037897752347395349,0.00037387294699865487,0.00040445488091494667,0.00037387294699865487,0.00037897752347395349,0.00032620354597018194],[0.00032038554707396872,0.00037387294699865487,0.000389318893061519,0.00040479441069482346,0.000389318893061519,0.00037387294699865487,0.00032038554707396872],[0.00034952425798593631,0.00040445488091494667,0.00040479441069482346,0.00043373256694224894,0.00040479441069482346,0.00040445488091494667,0.00034952425798593631],[0.00032038554707396872,0.00037387294699865487,0.000389318893061519,0.00040479441069482346,0.000389318893061519,0.00037387294699865487,0.00032038554707396872],[0.00032620354597018194,0.00037897752347395349,0.00037387294699865487,0.00040445488091494667,0.00037387294699865487,0.00037897752347395349,0.00032620354597018194],[0.00027663058962828748,0.00032620354597018194,0.00032038554707396872,0.00034952425798593631,0.00032038554707396872,0.00032620354597018194,0.00027663058962828748]],[[0.00030716694731405824,0.00035938066097012528,0.0003532673402424747,0.00038399361013142076,0.0003532673402424747,0.00035938066097012528,0.00030716694731405824],[0.00035938066097012528,0.00041472459643650917,0.00040938472603089203,0.00044148834811300394,0.00040938472603089203,0.00041472459643650917,0.00035938066097012528],[0.0003532673402424747,0.00040938472603089203,0.0004255893534884896,0.0004418248595593503,0.0004255893534884896,0.00040938472603089203,0.0003532673402424747],[0.00038399361013142076,0.00044148834811300394,0.0004418248595593503,0.00047216564487616536,0.0004418248595593503,0.00044148834811300394,0.00038399361013142076],[0.0003532673402424747,0.00040938472603089203,0.0004255893534884896,0.0004418248595593503,0.0004255893534884896,0.00040938472603089203,0.0003532673402424747],[0.00035938066097012528,0.00041472459643650917,0.00040938472603089203,0.00044148834811300394,0.00040938472603089203,0.00041472459643650917,0.00035938066097012528],[0.00030716694731405824,0.00035938066097012528,0.0003532673402424747,0.00038399361013142076,0.0003532673402424747,0.00035938066097012528,0.00030716694731405824]],[[0.00033928554370100874,0.00039413263526266192,0.00038772490835096437,0.00042003430302729787,0.00038772490835096437,0.00039413263526266192,0.00033928554370100874],[0.00039413263526266192,0.00045203937604057623,0.00044646490288689734,0.00048008596633290675,0.00044646490288689734,0.00045203937604057623,0.00039413263526266192],[0.00038772490835096437,0.00044646490288689734,0.00046342609232308024,0.00048041946379912703,0.00046342609232308024,0.00044646490288689734,0.00038772490835096437],[0.00042003430302729787,0.00048008596633290675,0.00048041946379912703,0.0005121589562472838,0.00048041946379912703,0.00048008596633290675,0.00042003430302729787],[0.00038772490835096437,0.00044646490288689734,0.00046342609232308024,0.00048041946379912703,0.00046342609232308024,0.00044646490288689729,0.00038772490835096437],[0.00039413263526266192,0.00045203937604057623,0.00044646490288689734,0.00048008596633290675,0.00044646490288689729,0.00045203937604057617,0.00039413263526266192],[0.00033928554370100874,0.00039413263526266192,0.00038772490835096437,0.00042003430302729787,0.00038772490835096437,0.00039413263526266192,0.00033928554370100874]],[[0.00037298196337063385,0.00043045509542838411,0.00042375384574889222,0.00045764194986334987,0.00042375384574889222,0.00043045509542838416,0.00037298196337063385],[0.00043045509542838411,0.000490917541874621,0.00048510914020592695,0.00052024342945793188,0.00048510914020592695,0.000490917541874621,0.00043045509542838416],[0.00042375384574889222,0.00048510914020592695,0.00050282478944892542,0.00052057392057413372,0.00050282478944892542,0.00048510914020592695,0.00042375384574889222],[0.00045764194986334987,0.00052024342945793188,0.00052057392057413372,0.00055370823319290518,0.00052057392057413372,0.000520243429457932,0.00045764194986334987],[0.00042375384574889222,0.00048510914020592695,0.00050282478944892542,0.00052057392057413372,0.00050282478944892542,0.00048510914020592695,0.00042375384574889222],[0.00043045509542838416,0.000490917541874621,0.00048510914020592695,0.000520243429457932,0.00048510914020592695,0.000490917541874621,0.00043045509542838416],[0.00037298196337063385,0.00043045509542838416,0.00042375384574889222,0.00045764194986334987,0.00042375384574889222,0.00043045509542838416,0.00037298196337063385]],[[0.0004082518180205745,0.00046834370105527923,0.00046134978695212131,0.00049681221051765779,0.00046134978695212131,0.00046834370105527934,0.0004082518180205745],[0.00046834370105527923,0.0005313548074870238,0.000525313138084964,0.00056195646981682245,0.000525313138084964,0.0005313548074870238,0.00046834370105527934],[0.00046134978695212131,0.000525313138084964,0.00054378116211197263,0.00056228396430960223,0.00054378116211197263,0.00052531313808496394,0.00046134978695212131],[0.00049681221051765779,0.00056195646981682245,0.00056228396430960223,0.00059680924384361046,0.00056228396430960223,0.00056195646981682245,0.00049681221051765779],[0.00046134978695212131,0.000525313138084964,0.00054378116211197263,0.00056228396430960223,0.00054378116211197263,0.000525313138084964,0.00046134978695212131],[0.00046834370105527934,0.0005313548074870238,0.00052531313808496394,0.00056195646981682245,0.000525313138084964,0.00053135480748702391,0.00046834370105527934],[0.0004082518180205745,0.00046834370105527934,0.00046134978695212131,0.00049681221051765779,0.00046134978695212131,0.00046834370105527934,0.0004082518180205745]],[[0.000445090749200611,0.000507794144962388,0.00050050840499374263,0.0005375407871764863,0.00050050840499374274,0.00050779414496238812,0.000445090749200611],[0.000507794144962388,0.00057334691960731572,0.00056707263235898371,0.00060522085566370044,0.00056707263235898371,0.00057334691960731572,0.00050779414496238812],[0.00050050840499374263,0.00056707263235898371,0.000586290962992167,0.00060554536455919151,0.000586290962992167,0.00056707263235898371,0.00050050840499374274],[0.0005375407871764863,0.00060522085566370044,0.00060554536455919151,0.00064145779015552327,0.00060554536455919151,0.00060522085566370055,0.0005375407871764863],[0.00050050840499374274,0.00056707263235898371,0.000586290962992167,0.00060554536455919151,0.000586290962992167,0.00056707263235898371,0.00050050840499374274],[0.00050779414496238812,0.00057334691960731572,0.00056707263235898371,0.00060522085566370055,0.00056707263235898371,0.00057334691960731572,0.00050779414496238812],[0.000445090749200611,0.00050779414496238812,0.00050050840499374274,0.0005375407871764863,0.00050050840499374274,0.00050779414496238812,0.000445090749200611]],[[0.00048349442977988887,0.00054880215290102868,0.000541225409744276,0.00057982342085869027,0.000541225409744276,0.00054880215290102879,0.000483494429779889],[0.00054880215290102868,0.00061688965709622869,0.00061038339288176406,0.00065003238890364435,0.00061038339288176406,0.00061688965709622869,0.00054880215290102879],[0.000541225409744276,0.00061038339288176406,0.00063034997833426927,0.00065035392398584378,0.00063034997833426927,0.00061038339288176406,0.000541225409744276],[0.00057982342085869027,0.00065003238890364435,0.00065035392398584378,0.00068764970585006907,0.00065035392398584378,0.00065003238890364435,0.00057982342085869027],[0.000541225409744276,0.00061038339288176406,0.00063034997833426927,0.00065035392398584378,0.00063034997833426927,0.00061038339288176406,0.000541225409744276],[0.00054880215290102879,0.00061688965709622869,0.00061038339288176406,0.00065003238890364435,0.00061038339288176406,0.00061688965709622869,0.00054880215290102879],[0.000483494429779889,0.00054880215290102879,0.000541225409744276,0.00057982342085869027,0.000541225409744276,0.00054880215290102879,0.000483494429779889]],[[0.00052345856451512223,0.00059136348285932026,0.00058349654620822109,0.000623655888517092,0.00058349654620822109,0.00059136348285932026,0.00052345856451512234],[0.00059136348285932026,0.00066197882967169086,0.00065524122177913313,0.00069638690294804393,0.00065524122177913313,0.00066197882967169086,0.00059136348285932026],[0.00058349654620822109,0.00065524122177913313,0.00067595402608728651,0.00069670547638738206,0.00067595402608728651,0.00065524122177913313,0.00058349654620822109],[0.000623655888517092,0.00069638690294804393,0.00069670547638738206,0.00073538085438659185,0.00069670547638738206,0.00069638690294804393,0.000623655888517092],[0.00058349654620822109,0.00065524122177913313,0.00067595402608728651,0.00069670547638738206,0.00067595402608728651,0.00065524122177913324,0.0005834965462082212],[0.00059136348285932026,0.00066197882967169086,0.00065524122177913313,0.00069638690294804393,0.00065524122177913324,0.00066197882967169086,0.00059136348285932037],[0.00052345856451512234,0.00059136348285932026,0.00058349654620822109,0.000623655888517092,0.0005834965462082212,0.00059136348285932037,0.00052345856451512234]],[[0.00056497888996878709,0.00063547392405496276,0.0006273175927884241,0.00066903400049235886,0.0006273175927884241,0.00063547392405496276,0.00056497888996878719],[0.00063547392405496276,0.00070861027643732543,0.0007016419516466582,0.00074428026061308954,0.0007016419516466582,0.00070861027643732543,0.00063547392405496276],[0.0006273175927884241,0.0007016419516466582,0.00072309895400931993,0.00074459588470847664,0.00072309895400931993,0.0007016419516466582,0.0006273175927884241],[0.00066903400049235886,0.00074428026061308954,0.00074459588470847664,0.000784647126907533,0.00074459588470847664,0.00074428026061308954,0.00066903400049235886],[0.0006273175927884241,0.0007016419516466582,0.00072309895400931993,0.00074459588470847664,0.00072309895400932,0.00070164195164665831,0.00062731759278842421],[0.00063547392405496276,0.00070861027643732543,0.0007016419516466582,0.00074428026061308954,0.00070164195164665831,0.00070861027643732554,0.00063547392405496287],[0.00056497888996878719,0.00063547392405496276,0.0006273175927884241,0.00066903400049235886,0.00062731759278842421,0.00063547392405496287,0.00056497888996878719]],[[0.0006080511739443694,0.00068112929567042081,0.00067268435950051941,0.0007159535981621244,0.00067268435950051941,0.00068112929567042081,0.0006080511739443694],[0.00068112929567042081,0.00075677986422381237,0.00074958144366289378,0.0007937083519928645,0.00074958144366289378,0.00075677986422381237,0.00068112929567042081],[0.00067268435950051941,0.00074958144366289378,0.00077178063769842251,0.00079402103898902859,0.00077178063769842251,0.00074958144366289378,0.00067268435950051941],[0.0007159535981621244,0.0007937083519928645,0.00079402103898902859,0.00083544444010392354,0.00079402103898902859,0.0007937083519928645,0.0007159535981621244],[0.00067268435950051941,0.00074958144366289378,0.00077178063769842251,0.00079402103898902859,0.00077178063769842262,0.00074958144366289389,0.00067268435950051952],[0.00068112929567042081,0.00075677986422381237,0.00074958144366289378,0.0007937083519928645,0.00074958144366289389,0.00075677986422381248,0.00068112929567042092],[0.0006080511739443694,0.00068112929567042081,0.00067268435950051941,0.0007159535981621244,0.00067268435950051952,0.00068112929567042092,0.00060805117394436951]],[[0.0006526712145488668,0.00072832544536223292,0.00071959268611436033,0.00076441055167084755,0.00071959268611436033,0.00072832544536223292,0.0006526712145488668],[0.00072832544536223292,0.00080648348574116136,0.00079905558558795943,0.000844667092249211,0.00079905558558795943,0.00080648348574116136,0.00072832544536223292],[0.00071959268611436033,0.00079905558558795943,0.00082199497851158767,0.00084497685420346468,0.00082199497851158767,0.00079905558558795943,0.00071959268611436033],[0.00076441055167084755,0.000844667092249211,0.00084497685420346468,0.0008877687339529861,0.00084497685420346468,0.000844667092249211,0.00076441055167084755],[0.00071959268611436033,0.00079905558558795943,0.00082199497851158767,0.00084497685420346468,0.00082199497851158767,0.00079905558558795943,0.00071959268611436033],[0.00072832544536223292,0.00080648348574116136,0.00079905558558795943,0.000844667092249211,0.00079905558558795943,0.00080648348574116147,0.000728325445362233],[0.0006526712145488668,0.00072832544536223292,0.00071959268611436033,0.00076441055167084755,0.00071959268611436033,0.000728325445362233,0.00065267121454886691]],[[0.00069883483895281386,0.00077705824755748912,0.00076803844019579634,0.00081440075765269813,0.00076803844019579634,0.00077705824755748912,0.00069883483895281386],[0.00077705824755748912,0.00085771705752868009,0.0008500602896145084,0.0008971524192655625,0.0008500602896145084,0.00085771705752868009,0.00077705824755748912],[0.00076803844019579634,0.0008500602896145084,0.00087373790133309776,0.00089745926794632287,0.00087373790133309776,0.0008500602896145084,0.00076803844019579634],[0.00081440075765269813,0.0008971524192655625,0.00089745926794632287,0.00094161596927996752,0.00089745926794632287,0.0008971524192655625,0.00081440075765269813],[0.00076803844019579634,0.0008500602896145084,0.00087373790133309776,0.00089745926794632287,0.00087373790133309776,0.0008500602896145084,0.00076803844019579634],[0.00077705824755748912,0.00085771705752868009,0.0008500602896145084,0.0008971524192655625,0.0008500602896145084,0.00085771705752868009,0.00077705824755748922],[0.00069883483895281386,0.00077705824755748912,0.00076803844019579634,0.00081440075765269813,0.00076803844019579634,0.00077705824755748922,0.000698834838952814]],[[0.00074653790188830311,0.00082732360153663976,0.00081801751501796912,0.0008659201368761666,0.00081801751501796912,0.00082732360153663976,0.00074653790188830311],[0.00082732360153663976,0.000910476517679866,0.00090259149003424279,0.00095116029111291486,0.00090259149003424279,0.000910476517679866,0.00082732360153663976],[0.00081801751501796912,0.00090259149003424279,0.0009270053521505656,0.00095146423791763954,0.0009270053521505656,0.00090259149003424268,0.00081801751501796912],[0.0008659201368761666,0.00095116029111291486,0.00095146423791763954,0.00099698212509375327,0.00095146423791763943,0.00095116029111291475,0.0008659201368761666],[0.00081801751501796912,0.00090259149003424279,0.0009270053521505656,0.00095146423791763943,0.0009270053521505656,0.00090259149003424279,0.00081801751501796912],[0.00082732360153663976,0.000910476517679866,0.00090259149003424268,0.00095116029111291475,0.00090259149003424279,0.000910476517679866,0.00082732360153663987],[0.00074653790188830311,0.00082732360153663976,0.00081801751501796912,0.0008659201368761666,0.00081801751501796912,0.00082732360153663987,0.00074653790188830321]],[[0.00079577628390415734,0.000879117429289216,0.00086952582730783054,0.00091896463174697719,0.00086952582730783054,0.000879117429289216,0.00079577628390415734],[0.000879117429289216,0.00096475782330981887,0.00095664514067808995,0.0010066866832737554,0.00095664514067808995,0.00096475782330981887,0.000879117429289216],[0.00086952582730783054,0.00095664514067808995,0.000981793295392435,0.0010069877391575561,0.000981793295392435,0.00095664514067808995,0.00086952582730783054],[0.00091896463174697719,0.0010066866832737554,0.0010069877391575561,0.0010538631956409526,0.0010069877391575561,0.0010066866832737554,0.00091896463174697719],[0.00086952582730783054,0.00095664514067808995,0.000981793295392435,0.0010069877391575561,0.000981793295392435,0.00095664514067808995,0.00086952582730783054],[0.000879117429289216,0.00096475782330981887,0.00095664514067808995,0.0010066866832737554,0.00095664514067808995,0.000964757823309819,0.00087911742928921616],[0.00079577628390415734,0.000879117429289216,0.00086952582730783054,0.00091896463174697719,0.00086952582730783054,0.00087911742928921616,0.00079577628390415745]],[[0.00084654588937962743,0.000932435673117997,0.00092255931478804,0.00097353020360889722,0.00092255931478804,0.000932435673117997,0.00084654588937962743],[0.000932435673117997,0.0010205569477226594,0.001012217212081105,0.0010637275855641926,0.001012217212081105,0.0010205569477226594,0.000932435673117997],[0.00092255931478804,0.001012217212081105,0.001038097710973736,0.0010640257609726574,0.001038097710973736,0.001012217212081105,0.00092255931478804],[0.00097353020360889722,0.0010637275855641926,0.0010640257609726574,0.0011122551871151421,0.0010640257609726574,0.0010637275855641926,0.00097353020360889722],[0.00092255931478804,0.001012217212081105,0.001038097710973736,0.0010640257609726574,0.001038097710973736,0.001012217212081105,0.00092255931478804],[0.000932435673117997,0.0010205569477226594,0.001012217212081105,0.0010637275855641926,0.001012217212081105,0.0010205569477226594,0.00093243567311799712],[0.00084654588937962743,0.000932435673117997,0.00092255931478804,0.00097353020360889722,0.00092255931478804,0.00093243567311799712,0.00084654588937962754]],[[0.00089884264428351734,0.00098727429295606935,0.00097711393346865236,0.0010296128297802045,0.00097711393346865236,0.00098727429295606935,0.00089884264428351734],[0.00098727429295606935,0.0010778698772254916,0.0010693036883147543,0.0011222789986864237,0.0010693036883147543,0.0010778698772254916,0.00098727429295606935],[0.00097711393346865236,0.0010693036883147543,0.0010959145909882114,0.0011225743034876238,0.0010959145909882114,0.0010693036883147543,0.00097711393346865236],[0.0010296128297802045,0.0011222789986864237,0.0011225743034876238,0.0011721541139478467,0.0011225743034876238,0.0011222789986864237,0.0010296128297802045],[0.00097711393346865236,0.0010693036883147543,0.0010959145909882114,0.0011225743034876238,0.0010959145909882114,0.0010693036883147543,0.00097711393346865236],[0.00098727429295606935,0.0010778698772254916,0.0010693036883147543,0.0011222789986864237,0.0010693036883147543,0.0010778698772254916,0.00098727429295606935],[0.00089884264428351734,0.00098727429295606935,0.00097711393346865236,0.0010296128297802045,0.00097711393346865236,0.00098727429295606935,0.00089884264428351744]],[[0.00095266249365324812,0.0010436292633502809,0.0010331856546349138,0.0010872085002582004,0.0010331856546349138,0.0010436292633502809,0.00095266249365324812],[0.0010436292633502809,0.0011366926075229811,0.0011279005634184049,0.0011823369303324085,0.0011279005634184049,0.0011366926075229811,0.0010436292633502809],[0.0010331856546349138,0.0011279005634184049,0.0011552399359736382,0.0011826293737439836,0.0011552399359736382,0.0011279005634184049,0.0010331856546349138],[0.0010872085002582004,0.0011823369303324085,0.0011826293737439836,0.0012335559945944141,0.0011826293737439836,0.0011823369303324085,0.0010872085002582004],[0.0010331856546349138,0.0011279005634184049,0.0011552399359736382,0.0011826293737439836,0.0011552399359736382,0.0011279005634184049,0.0010331856546349138],[0.0010436292633502809,0.0011366926075229811,0.0011279005634184049,0.0011823369303324085,0.0011279005634184049,0.00