{"M_cells":[[[0.0045,0.0045,0.0045,0.0045,0.0045],[0.0045,0.0045,0.0045,0.0045,0.0045],[0.0045,0.0045,0.0045,0.0045,0.0045],[0.0045,0.0045,0.0045,0.0045,0.0045],[0.0045,0.0045,0.0045,0.0045,0.0045]],[[0.00450000037611415,0.0045000048031955415,0.0045000032759209647,0.0045000048031955415,0.00450000037611415],[0.0045000048031955415,0.0045000328248722887,0.0045000298281467335,0.0045000328248722887,0.0045000048031955415],[0.0045000032759209647,0.0045000298281467335,0.0045000297941689017,0.0045000298281467335,0.0045000032759209647],[0.0045000048031955415,0.0045000328248722887,0.0045000298281467335,0.0045000328248722887,0.0045000048031955415],[0.00450000037611415,0.0045000048031955415,0.0045000032759209647,0.0045000048031955415,0.00450000037611415]],[[0.0045000028315844934,0.0045000191300024949,0.0045000133833314514,0.0045000191300024949,0.0045000028315844934],[0.0045000191300024949,0.0045000745468688052,0.0045000679009601233,0.0045000745468688052,0.0045000191300024949],[0.0045000133833314514,0.0045000679009601233,0.0045000678587940263,0.0045000679009601233,0.0045000133833314514],[0.0045000191300024949,0.0045000745468688052,0.0045000679009601233,0.0045000745468688052,0.0045000191300024949],[0.0045000028315844934,0.0045000191300024949,0.0045000133833314514,0.0045000191300024949,0.0045000028315844934]],[[0.0045000089938509119,0.00450004281744295,0.0045000306224842008,0.00450004281744295,0.0045000089938509119],[0.00450004281744295,0.0045001250438605053,0.0045001141940291386,0.0045001250438605053,0.00450004281744295],[0.0045000306224842008,0.0045001141940291386,0.0045001141436130784,0.0045001141940291386,0.0045000306224842008],[0.00450004281744295,0.0045001250438605053,0.0045001141940291386,0.0045001250438605053,0.00450004281744295],[0.0045000089938509119,0.00450004281744295,0.0045000306224842008,0.00450004281744295,0.0045000089938509119]],[[0.0045000200974190671,0.004500075728914853,0.0045000552407827151,0.004500075728914853,0.0045000200974190671],[0.004500075728914853,0.0045001842753671006,0.0045001687628824279,0.0045001842753671006,0.004500075728914853],[0.0045000552407827151,0.0045001687628824279,0.00450016870416665,0.0045001687628824279,0.0045000552407827151],[0.004500075728914853,0.0045001842753671006,0.0045001687628824279,0.0045001842753671006,0.004500075728914853],[0.0045000200974190671,0.004500075728914853,0.0045000552407827151,0.004500075728914853,0.0045000200974190671]],[[0.00450003707609415,0.0045001177497461407,0.00450008744189486,0.0045001177497461407,0.00450003707609415],[0.0045001177497461407,0.004500252206447417,0.0045002316521658512,0.004500252206447417,0.0045001177497461407],[0.00450008744189486,0.0045002316521658512,0.0045002315851104908,0.0045002316521658512,0.00450008744189486],[0.0045001177497461407,0.004500252206447417,0.0045002316521658512,0.004500252206447417,0.0045001177497461407],[0.00450003707609415,0.0045001177497461407,0.00450008744189486,0.0045001177497461407,0.00450003707609415]],[[0.0045000606339067632,0.0045001687834605505,0.0045001273932426976,0.0045001687834605505,0.0045000606339067632],[0.0045001687834605505,0.004500328806767602,0.0045003028975175649,0.004500328806767602,0.0045001687834605505],[0.0045001273932426976,0.0045003028975175649,0.004500302822090939,0.0045003028975175649,0.0045001273932426976],[0.0045001687834605505,0.004500328806767602,0.0045003028975175649,0.004500328806767602,0.0045001687834605505],[0.0045000606339067632,0.0045001687834605505,0.0045001273932426976,0.0045001687834605505,0.0045000606339067632]],[[0.0045000912995989415,0.004500228748681531,0.0045001752322122082,0.004500228748681531,0.0045000912995989415],[0.004500228748681531,0.0045004140498283007,0.0045003825271223846,0.0045004140498283007,0.004500228748681531],[0.0045001752322122082,0.0045003825271223846,0.0045003824432995818,0.0045003825271223846,0.0045001752322122082],[0.004500228748681531,0.0045004140498283007,0.0045003825271223846,0.0045004140498283007,0.004500228748681531],[0.0045000912995989415,0.004500228748681531,0.0045001752322122082,0.004500228748681531,0.0045000912995989415]],[[0.0045001294684353377,0.004500297576565975,0.004500231071301603,0.004500297576565975,0.0045001294684353377],[0.004500297576565975,0.0045005079123242551,0.0045004705630006647,0.0045005079123242551,0.004500297576565975],[0.004500231071301603,0.0045004705630006647,0.0045004704707623687,0.0045004705630006647,0.004500231071301603],[0.004500297576565975,0.0045005079123242551,0.0045004705630006647,0.0045005079123242551,0.004500297576565975],[0.0045001294684353377,0.004500297576565975,0.004500231071301603,0.004500297576565975,0.0045001294684353377]],[[0.0045001754342497043,0.00450037520867635,0.0045002950023898119,0.00450037520867635,0.0045001754342497043],[0.00450037520867635,0.0045006103736130419,0.0045005670220766517,0.0045006103736130419,0.00450037520867635],[0.0045002950023898119,0.0045005670220766517,0.0045005669214081764,0.0045005670220766517,0.0045002950023898119],[0.00450037520867635,0.0045006103736130419,0.0045005670220766517,0.0045006103736130419,0.00450037520867635],[0.0045001754342497043,0.00450037520867635,0.0045002950023898119,0.00450037520867635,0.0045001754342497043]],[[0.0045002294139749868,0.0045004615952167386,0.004500367100275432,0.0045004615952167386,0.0045002294139749868],[0.0045004615952167386,0.0045007214152746992,0.0045006719170642921,0.0045007214152746992,0.0045004615952167386],[0.004500367100275432,0.0045006719170642921,0.0045006718079547668,0.0045006719170642921,0.004500367100275432],[0.0045004615952167386,0.0045007214152746992,0.0045006719170642921,0.0045007214152746992,0.0045004615952167386],[0.0045002294139749868,0.0045004615952167386,0.004500367100275432,0.0045004615952167386,0.0045002294139749868]],[[0.004500291566392505,0.0045005566935704356,0.0045004474256108238,0.0045005566935704356,0.004500291566392505],[0.0045005566935704356,0.0045008410207465523,0.004500785257201571,0.0045008410207465523,0.0045005566935704356],[0.0045004474256108238,0.004500785257201571,0.004500785139643285,0.004500785257201571,0.0045004474256108238],[0.0045005566935704356,0.0045008410207465523,0.004500785257201571,0.0045008410207465523,0.0045005566935704356],[0.004500291566392505,0.0045005566935704356,0.0045004474256108238,0.0045005566935704356,0.004500291566392505]],[[0.0045003620064400151,0.0045006604670874938,0.0045005360273346375,0.0045006604670874938,0.0045003620064400151],[0.0045006604670874938,0.0045009691750203425,0.0045009070488592085,0.0045009691750203425,0.0045006604670874938],[0.0045005360273346375,0.0045009070488592085,0.0045009069228470443,0.0045009070488592085,0.0045005360273346375],[0.0045006604670874938,0.0045009691750203425,0.0045009070488592085,0.0045009691750203425,0.0045006604670874938],[0.0045003620064400151,0.0045006604670874938,0.0045005360273346375,0.0045006604670874938,0.0045003620064400151]],[[0.0045004408161108825,0.004500772884079446,0.0045006329446885306,0.004500772884079446,0.0045004408161108825],[0.004500772884079446,0.00450110586439101,0.0045010372960452207,0.00450110586439101,0.004500772884079446],[0.0045006329446885306,0.0045010372960452207,0.0045010371615762058,0.0045010372960452207,0.0045006329446885306],[0.004500772884079446,0.00450110586439101,0.0045010372960452207,0.00450110586439101,0.004500772884079446],[0.0045004408161108825,0.004500772884079446,0.0045006329446885306,0.004500772884079446,0.0045004408161108825]],[[0.0045005280527403834,0.0045008939169858507,0.0045007382088892824,0.0045008939169858507,0.0045005280527403834],[0.0045008939169858507,0.0045012510762483561,0.0045011760008232139,0.0045012510762483561,0.0045008939169858507],[0.0045007382088892824,0.0045011760008232139,0.004501175857896134,0.0045011760008232139,0.0045007382088892824],[0.0045008939169858507,0.0045012510762483561,0.0045011760008232139,0.0045012510762483561,0.0045008939169858507],[0.0045005280527403834,0.0045008939169858507,0.0045007382088892824,0.0045008939169858507,0.0045005280527403834]],[[0.0045006237552914158,0.0045010235416831071,0.00450085184451495,0.0045010235416831071,0.0045006237552914158],[0.0045010235416831071,0.0045014047989041048,0.004501323163658975,0.0045014047989041048,0.0045010235416831071],[0.00450085184451495,0.004501323163658975,0.0045013230122740618,0.004501323163658975,0.00450085184451495],[0.0045010235416831071,0.0045014047989041048,0.004501323163658975,0.0045014047989041048,0.0045010235416831071],[0.0045006237552914158,0.0045010235416831071,0.00450085184451495,0.0045010235416831071,0.0045006237552914158]],[[0.0045007279491110705,0.0045011617369115657,0.0045009738706539683,0.0045011617369115657,0.0045007279491110705],[0.0045011617369115657,0.0045015670214485423,0.0045014787837077859,0.0045015670214485423,0.0045011617369115657],[0.0045009738706539683,0.0045014787837077859,0.0045014786238664548,0.0045014787837077859,0.0045009738706539683],[0.0045011617369115657,0.0045015670214485423,0.0045014787837077859,0.0045015670214485423,0.0045011617369115657],[0.0045007279491110705,0.0045011617369115657,0.0045009738706539683,0.0045011617369115657,0.0045007279491110705]],[[0.0045008406495195517,0.0045013084838001491,0.0045011043018579108,0.0045013084838001491,0.0045008406495195517],[0.0045013084838001491,0.0045017377336313471,0.0045016428590524292,0.0045017377336313471,0.0045013084838001491],[0.0045011043018579108,0.0045016428590524292,0.0045016426907570645,0.0045016428590524292,0.0045011043018579108],[0.0045013084838001491,0.0045017377336313471,0.0045016428590524292,0.0045017377336313471,0.0045013084838001491],[0.0045008406495195517,0.0045013084838001491,0.0045011043018579108,0.0045013084838001491,0.0045008406495195517]],[[0.0045009618645099883,0.0045014637654723867,0.0045012431489312279,0.0045014637654723867,0.0045009618645099883],[0.0045014637654723867,0.0045019169257628361,0.0045018153869004806,0.0045019169257628361,0.0045014637654723867],[0.0045012431489312279,0.0045018153869004806,0.0045018152101542561,0.0045018153869004806,0.0045012431489312279],[0.0045014637654723867,0.0045019169257628361,0.0045018153869004806,0.0045019169257628361,0.0045014637654723867],[0.0045009618645099883,0.0045014637654723867,0.0045012431489312279,0.0045014637654723867,0.0045009618645099883]],[[0.00450109159677166,0.0045016275667195378,0.00450139041958587,0.0045016275667195378,0.00450109159677166],[0.0045016275667195378,0.0045021045886318289,0.004501996363747659,0.0045021045886318289,0.0045016275667195378],[0.00450139041958587,0.004501996363747659,0.0045019961785543869,0.004501996363747659,0.00450139041958587],[0.0045016275667195378,0.0045021045886318289,0.004501996363747659,0.0045021045886318289,0.0045016275667195378],[0.00450109159677166,0.0045016275667195378,0.00450139041958587,0.0045016275667195378,0.00450109159677166]],[[0.0045012298451999949,0.00450179987372953,0.004501546118984073,0.00450179987372953,0.0045012298451999949],[0.00450179987372953,0.004502300713437519,0.0045021857855132453,0.004502300713437519,0.00450179987372953],[0.004501546118984073,0.0045021857855132453,0.0045021855918772535,0.0045021857855132453,0.004501546118984073],[0.00450179987372953,0.004502300713437519,0.0045021857855132453,0.004502300713437519,0.00450179987372953],[0.0045012298451999949,0.00450179987372953,0.004501546118984073,0.00450179987372953,0.0045012298451999949]],[[0.0045013766060181372,0.0045019806738619515,0.0045017102501880108,0.0045019806738619515,0.0045013766060181372],[0.0045019806738619515,0.0045025052917326783,0.0045023836476520175,0.0045025052917326783,0.0045019806738619515],[0.0045017102501880108,0.0045023836476520175,0.0045023834455780532,0.0045023836476520175,0.0045017102501880108],[0.0045019806738619515,0.0045025052917326783,0.0045023836476520175,0.0045025052917326783,0.0045019806738619515],[0.0045013766060181372,0.0045019806738619515,0.0045017102501880108,0.0045019806738619515,0.0045013766060181372]],[[0.0045015318736050794,0.0045021699554616008,0.0045018828145327256,0.0045021699554616008,0.0045015318736050794],[0.0045021699554616008,0.0045027183153766416,0.0045025899452471561,0.0045027183153766416,0.0045021699554616008],[0.0045018828145327256,0.0045025899452471561,0.0045025897347402933,0.0045025899452471561,0.0045018828145327256],[0.0045021699554616008,0.0045027183153766416,0.0045025899452471561,0.0045027183153766416,0.0045021699554616008],[0.0045015318736050794,0.0045021699554616008,0.0045018828145327256,0.0045021699554616008,0.0045015318736050794]],[[0.0045016956411032365,0.0045023677077035817,0.00450206381193506,0.0045023677077035817,0.0045016956411032365],[0.0045023677077035817,0.004502939776496042,0.00450280467308699,0.004502939776496042,0.0045023677077035817],[0.00450206381193506,0.00450280467308699,0.0045028044541525654,0.00450280467308699,0.00450206381193506],[0.0045023677077035817,0.004502939776496042,0.00450280467308699,0.004502939776496042,0.0045023677077035817],[0.0045016956411032365,0.0045023677077035817,0.00450206381193506,0.0045023677077035817,0.0045016956411032365]],[[0.00450186790086041,0.0045025739204648755,0.0045022532411496657,0.0045025739204648755,0.00450186790086041],[0.0045025739204648755,0.004503169667452199,0.0045030278257285261,0.004503169667452199,0.0045025739204648755],[0.0045022532411496657,0.0045030278257285261,0.00450302759837208,0.0045030278257285261,0.0045022532411496657],[0.0045025739204648755,0.004503169667452199,0.0045030278257285261,0.004503169667452199,0.0045025739204648755],[0.00450186790086041,0.0045025739204648755,0.0045022532411496657,0.0045025739204648755,0.00450186790086041]],[[0.004502048644748128,0.0045027885842175656,0.0045024510999811754,0.0045027885842175656,0.004502048644748128],[0.0045027885842175656,0.0045034079808138347,0.0045032593975499538,0.0045034079808138347,0.0045027885842175656],[0.0045024510999811754,0.0045032593975499538,0.0045032591617771827,0.0045032593975499538,0.0045024510999811754],[0.0045027885842175656,0.0045034079808138347,0.0045032593975499538,0.0045034079808138347,0.0045027885842175656],[0.004502048644748128,0.0045027885842175656,0.0045024510999811754,0.0045027885842175656,0.004502048644748128]],[[0.0045022378643882052,0.0045030116899404055,0.0045026573854598977,0.0045030116899404055,0.0045022378643882052],[0.0045030116899404055,0.0045036547093344837,0.0045034993827941083,0.0045036547093344837,0.0045030116899404055],[0.0045026573854598977,0.0045034993827941083,0.0045034991386108244,0.0045034993827941083,0.0045026573854598977],[0.0045030116899404055,0.0045036547093344837,0.0045034993827941083,0.0045036547093344837,0.0045030116899404055],[0.0045022378643882052,0.0045030116899404055,0.0045026573854598977,0.0045030116899404055,0.0045022378643882052]],[[0.0045024355513112449,0.0045032432290450985,0.0045028720939876,0.0045032432290450985,0.0045024355513112449],[0.0045032432290450985,0.0045039098459334669,0.0045037477756043557,0.0045039098459334669,0.0045032432290450985],[0.0045028720939876,0.0045037477756043557,0.0045037475230164546,0.0045037477756043557,0.0045028720939876],[0.0045032432290450985,0.0045039098459334669,0.0045037477756043557,0.0045039098459334669,0.0045032432290450985],[0.0045024355513112449,0.0045032432290450985,0.0045028720939876,0.0045032432290450985,0.0045024355513112449]],[[0.0045026416970654608,0.0045034831933152587,0.00450309522145781,0.0045034831933152587,0.0045026416970654608],[0.0045034831933152587,0.0045041733836800593,0.004504004570054107,0.0045041733836800593,0.0045034831933152587],[0.00450309522145781,0.004504004570054107,0.0045040043090675422,0.004504004570054107,0.00450309522145781],[0.0045034831933152587,0.0045041733836800593,0.004504004570054107,0.0045041733836800593,0.0045034831933152587],[0.0045026416970654608,0.0045034831933152587,0.00450309522145781,0.0045034831933152587,0.0045026416970654608]],[[0.0045028562932889621,0.004503731574855549,0.0045033267633557989,0.004503731574855549,0.0045028562932889621],[0.004503731574855549,0.0045044453157802181,0.0045042697601712792,0.0045044453157802181,0.004503731574855549],[0.0045033267633557989,0.0045042697601712792,0.0045042694907920372,0.0045042697601712792,0.0045033267633557989],[0.004503731574855549,0.0045044453157802181,0.0045042697601712792,0.0045044453157802181,0.004503731574855549],[0.0045028562932889621,0.004503731574855549,0.0045033267633557989,0.004503731574855549,0.0045028562932889621]],[[0.0045030793317558156,0.00450398836604946,0.0045035667148412206,0.00450398836604946,0.0045030793317558156],[0.00450398836604946,0.0045047256355654876,0.0045045433399584327,0.0045047256355654876,0.00450398836604946],[0.0045035667148412206,0.0045045433399584327,0.00450454306219252,0.0045045433399584327,0.0045035667148412206],[0.00450398836604946,0.0045047256355654876,0.0045045433399584327,0.0045047256355654876,0.00450398836604946],[0.0045030793317558156,0.00450398836604946,0.0045035667148412206,0.00450398836604946,0.0045030793317558156]],[[0.0045033108044036192,0.0045042535595240787,0.0045038150708164807,0.0045042535595240787,0.0045033108044036192],[0.0045042535595240787,0.0045050143364835926,0.004504825303409273,0.0045050143364835926,0.0045042535595240787],[0.0045038150708164807,0.004504825303409273,0.0045048250172626944,0.004504825303409273,0.0045038150708164807],[0.0045042535595240787,0.0045050143364835926,0.004504825303409273,0.0045050143364835926,0.0045042535595240787],[0.0045033108044036192,0.0045042535595240787,0.0045038150708164807,0.0045042535595240787,0.0045033108044036192]],[[0.0045035507033476547,0.0045045271481207729,0.0045040718259833348,0.0045045271481207729,0.0045035507033476547],[0.0045045271481207729,0.004505311412090548,0.0045051156445222494,0.004505311412090548,0.0045045271481207729],[0.0045040718259833348,0.0045051156445222494,0.004505115350001,0.0045051156445222494,0.0045040718259833348],[0.0045045271481207729,0.004505311412090548,0.0045051156445222494,0.004505311412090548,0.0045045271481207729],[0.0045035507033476547,0.0045045271481207729,0.0045040718259833348,0.0045045271481207729,0.0045035507033476547]],[[0.0045037990208860457,0.0045048091248708257,0.0045043369748895036,0.0045048091248708257,0.0045037990208860457],[0.0045048091248708257,0.004505616856043994,0.0045054143573116422,0.004505616856043994,0.0045048091248708257],[0.0045043369748895036,0.0045054143573116422,0.0045054140544216973,0.0045054143573116422,0.0045043369748895036],[0.0045048091248708257,0.004505616856043994,0.0045054143573116422,0.004505616856043994,0.0045048091248708257],[0.0045037990208860457,0.0045048091248708257,0.0045043369748895036,0.0045048091248708257,0.0045037990208860457]],[[0.0045040557494989827,0.0045050994829750144,0.0045046105119674676,0.0045050994829750144,0.0045040557494989827],[0.0045050994829750144,0.0045059306620975443,0.00450572143581672,0.0045059306620975443,0.0045050994829750144],[0.0045046105119674676,0.00450572143581672,0.0045057211245640239,0.00450572143581672,0.0045046105119674676],[0.0045050994829750144,0.0045059306620975443,0.00450572143581672,0.0045059306620975443,0.0045050994829750144],[0.0045040557494989827,0.0045050994829750144,0.0045046105119674676,0.0045050994829750144,0.0045040557494989827]],[[0.0045043208818439408,0.0045053982157866653,0.0045048924315663893,0.0045053982157866653,0.0045043208818439408],[0.0045053982157866653,0.0045062528240960419,0.0045060368741092188,0.0045062528240960419,0.0045053982157866653],[0.0045048924315663893,0.0045060368741092188,0.0045060365544996829,0.0045060368741092188,0.0045048924315663893],[0.0045053982157866653,0.0045062528240960419,0.0045060368741092188,0.0045062528240960419,0.0045053982157866653],[0.0045043208818439408,0.0045053982157866653,0.0045048924315663893,0.0045053982157866653,0.0045043208818439408]],[[0.00450459441074844,0.0045057053167972842,0.0045051827279782991,0.0045057053167972842,0.00450459441074844],[0.0045057053167972842,0.0045065833359713139,0.0045063606662992363,0.0045065833359713139,0.0045057053167972842],[0.0045051827279782991,0.0045063606662992363,0.0045063603383387277,0.0045063606662992363,0.0045051827279782991],[0.0045057053167972842,0.0045065833359713139,0.0045063606662992363,0.0045065833359713139,0.0045057053167972842],[0.00450459441074844,0.0045057053167972842,0.0045051827279782991,0.0045057053167972842,0.00450459441074844]],[[0.0045048763292016621,0.00450602077962475,0.0045054813954600106,0.00450602077962475,0.0045048763292016621],[0.00450602077962475,0.0045069221917387941,0.0045066928065402873,0.0045069221917387941,0.00450602077962475],[0.0045054813954600106,0.0045066928065402873,0.0045066924702346321,0.0045066928065402873,0.0045054813954600106],[0.00450602077962475,0.0045069221917387941,0.0045066928065402873,0.0045069221917387941,0.00450602077962475],[0.0045048763292016621,0.00450602077962475,0.0045054813954600106,0.00450602077962475,0.0045048763292016621]],[[0.004505166630345378,0.0045063445980032136,0.0045057884282507206,0.0045063445980032136,0.004505166630345378],[0.0045063445980032136,0.0045072693854943452,0.0045070332890330533,0.0045072693854943452,0.0045063445980032136],[0.0045057884282507206,0.0045070332890330533,0.0045070329443880237,0.0045070332890330533,0.0045057884282507206],[0.0045063445980032136,0.0045072693854943452,0.0045070332890330533,0.0045072693854943452,0.0045063445980032136],[0.004505166630345378,0.0045063445980032136,0.0045057884282507206,0.0045063445980032136,0.004505166630345378]],[[0.0045054653074650371,0.0045066767657747078,0.0045061038205869829,0.0045066767657747078,0.0045054653074650371],[0.0045066767657747078,0.0045076249114117135,0.00450738210802868,0.0045076249114117135,0.0045066767657747078],[0.0045061038205869829,0.00450738210802868,0.00450738175505,0.00450738210802868,0.0045061038205869829],[0.0045066767657747078,0.0045076249114117135,0.00450738210802868,0.0045076249114117135,0.0045066767657747078],[0.0045054653074650371,0.0045066767657747078,0.0045061038205869829,0.0045066767657747078,0.0045054653074650371]],[[0.004505772353980868,0.00450701727688206,0.0045064275667145628,0.00450701727688206,0.004505772353980868],[0.00450701727688206,0.0045079887637401962,0.0045077392578311733,0.0045079887637401962,0.00450701727688206],[0.0045064275667145628,0.0045077392578311733,0.0045077388965245116,0.0045077392578311733,0.0045064275667145628],[0.00450701727688206,0.0045079887637401962,0.0045077392578311733,0.0045079887637401962,0.00450701727688206],[0.004505772353980868,0.00450701727688206,0.0045064275667145628,0.00450701727688206,0.004505772353980868]],[[0.0045060877634397617,0.0045073661253629054,0.0045067596608984331,0.0045073661253629054,0.0045060877634397617],[0.0045073661253629054,0.0045083609368026627,0.0045081047327994294,0.0045083609368026627,0.0045073661253629054],[0.0045067596608984331,0.0045081047327994294,0.0045081043631704,0.0045081047327994294,0.0045067596608984331],[0.0045073661253629054,0.0045083609368026627,0.0045081047327994294,0.0045083609368026627,0.0045073661253629054],[0.0045060877634397617,0.0045073661253629054,0.0045067596608984331,0.0045073661253629054,0.0045060877634397617]],[[0.0045064115295075369,0.0045077233053445092,0.0045071000974307718,0.0045077233053445092,0.0045064115295075369],[0.0045077233053445092,0.0045087414249936775,0.0045084785273486316,0.0045087414249936775,0.0045077233053445092],[0.0045071000974307718,0.0045084785273486316,0.0045084781494027911,0.0045084785273486316,0.0045071000974307718],[0.0045077233053445092,0.0045087414249936775,0.0045084785273486316,0.0045087414249936775,0.0045077233053445092],[0.0045064115295075369,0.0045077233053445092,0.0045071000974307718,0.0045077233053445092,0.0045064115295075369]],[[0.0045067436459620457,0.0045080888110394911,0.0045074488706375879,0.0045080888110394911,0.0045067436459620457],[0.0045080888110394911,0.0045091302227779836,0.0045088606359514772,0.0045091302227779836,0.0045080888110394911],[0.0045074488706375879,0.0045088606359514772,0.0045088602496943225,0.0045088606359514772,0.0045074488706375879],[0.0045080888110394911,0.0045091302227779836,0.0045088606359514772,0.0045091302227779836,0.0045080888110394911],[0.0045067436459620457,0.0045080888110394911,0.0045074488706375879,0.0045080888110394911,0.0045067436459620457]],[[0.0045070841066867226,0.0045084626367420978,0.0045078059748840243,0.0045084626367420978,0.0045070841066867226],[0.0045084626367420978,0.0045095273246890466,0.0045092510531389626,0.0045095273246890466,0.0045084626367420978],[0.0045078059748840243,0.0045092510531389626,0.0045092506585759336,0.0045092510531389626,0.0045078059748840243],[0.0045084626367420978,0.0045095273246890466,0.0045092510531389626,0.0045095273246890466,0.0045084626367420978],[0.0045070841066867226,0.0045084626367420978,0.0045078059748840243,0.0045084626367420978,0.0045070841066867226]],[[0.0045074329056650252,0.0045088447768250276,0.0045081714045786979,0.0045088447768250276,0.0045074329056650252],[0.0045088447768250276,0.0045099327253277826,0.0045096497735009969,0.0045099327253277826,0.0045088447768250276],[0.0045081714045786979,0.0045096497735009969,0.0045096493706374748,0.0045096497735009969,0.0045081714045786979],[0.0045088447768250276,0.0045099327253277826,0.0045096497735009969,0.0045099327253277826,0.0045088447768250276],[0.0045074329056650252,0.0045088447768250276,0.0045081714045786979,0.0045088447768250276,0.0045074329056650252]],[[0.0045077900369752174,0.0045092352257366736,0.0045085451541771815,0.0045092352257366736,0.0045077900369752174],[0.0045092352257366736,0.0045103464193613852,0.004510056791686784,0.0045103464193613852,0.0045092352257366736],[0.0045085451541771815,0.004510056791686784,0.0045100563805280892,0.004510056791686784,0.0045085451541771815],[0.0045092352257366736,0.0045103464193613852,0.004510056791686784,0.0045103464193613852,0.0045092352257366736],[0.0045077900369752174,0.0045092352257366736,0.0045085451541771815,0.0045092352257366736,0.0045077900369752174]],[[0.0045081554947859828,0.0045096339779987166,0.0045089272181846711,0.0045096339779987166,0.0045081554947859828],[0.0045096339779987166,0.004510768401522207,0.0045104721024049705,0.004510768401522207,0.0045096339779987166],[0.0045089272181846711,0.0045104721024049705,0.0045104716829563653,0.0045104721024049705,0.0045089272181846711],[0.0045096339779987166,0.004510768401522207,0.0045104721024049705,0.004510768401522207,0.0045096339779987166],[0.0045081554947859828,0.0045096339779987166,0.0045089272181846711,0.0045096339779987166,0.0045081554947859828]],[[0.0045085292733522972,0.0045100410282040556,0.0045093175911582635,0.0045100410282040556,0.0045085292733522972],[0.0045100410282040556,0.00451119866660681,0.0045108957004237824,0.00451119866660681,0.0045100410282040556],[0.0045093175911582635,0.0045108957004237824,0.0045108952726904674,0.0045108957004237824,0.0045093175911582635],[0.0045100410282040556,0.00451119866660681,0.0045108957004237824,0.00451119866660681,0.0045100410282040556],[0.0045085292733522972,0.0045100410282040556,0.0045093175911582635,0.0045100410282040556,0.0045085292733522972]],[[0.0045089113670118914,0.0045104563710149908,0.0045097162677086239,0.0045104563710149908,0.0045089113670118914],[0.0045104563710149908,0.0045116372094750352,0.0045113275805709618,0.0045116372094750352,0.0045104563710149908],[0.0045097162677086239,0.0045113275805709618,0.0045113271445580815,0.0045113275805709618,0.0045097162677086239],[0.0045104563710149908,0.0045116372094750352,0.0045113275805709618,0.0045116372094750352,0.0045104563710149908],[0.0045089113670118914,0.0045104563710149908,0.0045097162677086239,0.0045104563710149908,0.0045089113670118914]],[[0.00450930177018216,0.0045108800011615475,0.0045101232425012374,0.0045108800011615475,0.00450930177018216],[0.0045108800011615475,0.0045120840250490943,0.0045117677377335876,0.0045120840250490943,0.0045108800011615475],[0.0045101232425012374,0.0045117677377335876,0.0045117672934462238,0.0045117677377335876,0.0045101232425012374],[0.0045108800011615475,0.0045120840250490943,0.0045117677377335876,0.0045120840250490943,0.0045108800011615475],[0.00450930177018216,0.0045108800011615475,0.0045101232425012374,0.0045108800011615475,0.00450930177018216]],[[0.0045097004773572815,0.00451131191344006,0.0045105385102574592,0.00451131191344006,0.0045097004773572815],[0.00451131191344006,0.0045125391083127853,0.004512216166857908,0.0045125391083127853,0.00451131191344006],[0.0045105385102574592,0.004512216166857908,0.004512215714301087,0.004512216166857908,0.0045105385102574592],[0.00451131191344006,0.0045125391083127853,0.004512216166857908,0.0045125391083127853,0.00451131191344006],[0.0045097004773572815,0.00451131191344006,0.0045105385102574592,0.00451131191344006,0.0045097004773572815]],[[0.0045101074831058012,0.004511752102711898,0.004510962065755156,0.004511752102711898,0.0045101074831058012],[0.004511752102711898,0.0045130024543107239,0.0045126728629490513,0.0045130024543107239,0.004511752102711898],[0.004510962065755156,0.0045126728629490513,0.0045126724021277362,0.0045126728629490513,0.004510962065755156],[0.004511752102711898,0.0045130024543107239,0.0045126728629490513,0.0045130024543107239,0.004511752102711898],[0.0045101074831058012,0.004511752102711898,0.004510962065755156,0.004511752102711898,0.0045101074831058012]],[[0.0045105227820684208,0.0045122005639021672,0.00451139390382924,0.0045122005639021672,0.0045105227820684208],[0.0045122005639021672,0.00451347405814753,0.00451313782107066,0.00451347405814753,0.0045122005639021672],[0.00451139390382924,0.00451313782107066,0.00451313735198976,0.00451313782107066,0.00451139390382924],[0.0045122005639021672,0.00451347405814753,0.00451313782107066,0.00451347405814753,0.0045122005639021672],[0.0045105227820684208,0.0045122005639021672,0.00451139390382924,0.0045122005639021672,0.0045105227820684208]],[[0.0045109463689559631,0.0045126572919987583,0.004511834019371868,0.0045126572919987583,0.0045109463689559631],[0.0045126572919987583,0.0045139539149871869,0.0045136110363445418,0.0045139539149871869,0.0045126572919987583],[0.004511834019371868,0.0045136110363445418,0.0045136105590089055,0.0045136110363445418,0.004511834019371868],[0.0045126572919987583,0.0045139539149871869,0.0045136110363445418,0.0045139539149871869,0.0045126572919987583],[0.0045109463689559631,0.0045126572919987583,0.004511834019371868,0.0045126572919987583,0.0045109463689559631]],[[0.0045113782385477049,0.0045131222820512891,0.0045122824073327277,0.0045131222820512891,0.0045113782385477049],[0.0045131222820512891,0.00451444202005234,0.0045140925039503007,0.00451444202005234,0.0045131222820512891],[0.0045122824073327277,0.0045140925039503007,0.0045140920183647194,0.0045140925039503007,0.0045122824073327277],[0.0045131222820512891,0.00451444202005234,0.0045140925039503007,0.00451444202005234,0.0045131222820512891],[0.0045113782385477049,0.0045131222820512891,0.0045122824073327277,0.0045131222820512891,0.0045113782385477049]],[[0.0045118183856897457,0.0045135955291702272,0.0045127390627189628,0.0045135955291702272,0.0045118183856897457],[0.0045135955291702272,0.0045149383686236408,0.0045145822191248828,0.0045149383686236408,0.0045135955291702272],[0.0045127390627189628,0.0045145822191248828,0.0045145817252940914,0.0045145822191248828,0.0045127390627189628],[0.0045135955291702272,0.0045149383686236408,0.0045145822191248828,0.0045149383686236408,0.0045135955291702272],[0.0045118183856897457,0.0045135955291702272,0.0045127390627189628,0.0045135955291702272,0.0045118183856897457]],[[0.00451226680529356,0.0045140770285259776,0.004513203980595102,0.0045140770285259776,0.00451226680529356],[0.0045140770285259776,0.004515442956039074,0.0045150801771621056,0.004515442956039074,0.0045140770285259776],[0.004513203980595102,0.0045150801771621056,0.0045150796750907819,0.0045150801771621056,0.004513203980595102],[0.0045140770285259776,0.004515442956039074,0.0045150801771621056,0.004515442956039074,0.0045140770285259776],[0.00451226680529356,0.0045140770285259776,0.004513203980595102,0.0045140770285259776,0.00451226680529356]],[[0.0045127234923347274,0.0045145667753480768,0.0045136771560828643,0.0045145667753480768,0.0045127234923347274],[0.0045145667753480768,0.0045159557776933137,0.0045155863734121686,0.0045159557776933137,0.0045145667753480768],[0.0045136771560828643,0.0045155863734121686,0.0045155858631049347,0.0045155863734121686,0.0045136771560828643],[0.0045145667753480768,0.0045159557776933137,0.0045155863734121686,0.0045159557776933137,0.0045145667753480768],[0.0045127234923347274,0.0045145667753480768,0.0045136771560828643,0.0045145667753480768,0.0045127234923347274]],[[0.0045131884418517648,0.0045150647649244745,0.0045141585843610178,0.0045150647649244745,0.0045131884418517648],[0.0045150647649244745,0.0045164768290371768,0.0045161008032812517,0.0045164768290371768,0.0045150647649244745],[0.0045141585843610178,0.0045161008032812517,0.0045161002847426733,0.0045161008032812517,0.0045141585843610178],[0.0045150647649244745,0.0045164768290371768,0.0045161008032812517,0.0045164768290371768,0.0045150647649244745],[0.0045131884418517648,0.0045150647649244745,0.0045141585843610178,0.0045150647649244745,0.0045131884418517648]],[[0.0045136616489450283,0.0045155709926008028,0.00451464826066502,0.0045155709926008028,0.0045136616489450283],[0.0045155709926008028,0.004517006105577,0.0045166234622309809,0.004517006105577,0.0045155709926008028],[0.00451464826066502,0.0045166234622309809,0.0045166229354655692,0.0045166234622309809,0.00451464826066502],[0.0045155709926008028,0.004517006105577,0.0045166234622309809,0.004517006105577,0.0045155709926008028],[0.0045136616489450283,0.0045155709926008028,0.00451464826066502,0.0045155709926008028,0.0045136616489450283]],[[0.0045141431087756595,0.0045160854537796,0.0045151461802866444,0.0045160854537796,0.0045141431087756595],[0.0045160854537796,0.0045175436028739805,0.0045171543457778619,0.0045175436028739805,0.0045160854537796],[0.0045151461802866444,0.0045171543457778619,0.0045171538107900734,0.0045171543457778619,0.0045151461802866444],[0.0045160854537796,0.0045175436028739805,0.0045171543457778619,0.0045175436028739805,0.0045160854537796],[0.0045141431087756595,0.0045160854537796,0.0045151461802866444,0.0045160854537796,0.0045141431087756595]],[[0.0045146328165647318,0.0045166081439197156,0.0045156523385737153,0.0045166081439197156,0.0045146328165647318],[0.0045166081439197156,0.0045180893165436839,0.0045176934494928827,0.0045180893165436839,0.0045166081439197156],[0.0045156523385737153,0.0045176934494928827,0.0045176929062871194,0.0045176934494928827,0.0045156523385737153],[0.0045166081439197156,0.0045180893165436839,0.0045176934494928827,0.0045180893165436839,0.0045166081439197156],[0.0045146328165647318,0.0045166081439197156,0.0045156523385737153,0.0045166081439197156,0.0045146328165647318]],[[0.0045151307675922944,0.00451713905853564,0.0045161667309296235,0.00451713905853564,0.0045151307675922944],[0.00451713905853564,0.0045186432422554294,0.0045182407690009339,0.0045186432422554294,0.00451713905853564],[0.0045161667309296235,0.0045182407690009339,0.0045182402175815437,0.0045182407690009339,0.0045161667309296235],[0.00451713905853564,0.0045186432422554294,0.0045182407690009339,0.0045186432422554294,0.00451713905853564],[0.0045151307675922944,0.00451713905853564,0.0045161667309296235,0.00451713905853564,0.0045151307675922944]],[[0.0045156369571966682,0.0045176781931968966,0.0045166893528129142,0.0045176781931968966,0.0045156369571966682],[0.0045176781931968966,0.00451920537573175,0.004518796299980316,0.00451920537573175,0.0045176781931968966],[0.0045166893528129142,0.004518796299980316,0.0045187957403515942,0.004518796299980316,0.0045166893528129142],[0.0045176781931968966,0.00451920537573175,0.004518796299980316,0.00451920537573175,0.0045176781931968966],[0.0045156369571966682,0.0045176781931968966,0.0045166893528129142,0.0045176781931968966,0.0045156369571966682]],[[0.0045161513807735519,0.0045182255435273662,0.00451722019973682,0.0045182255435273662,0.0045161513807735519],[0.0045182255435273662,0.0045197757127477776,0.0045193600381621835,0.0045197757127477776,0.0045182255435273662],[0.00451722019973682,0.0045193600381621835,0.0045193594703283732,0.0045193600381621835,0.00451722019973682],[0.0045182255435273662,0.0045197757127477776,0.0045193600381621835,0.0045197757127477776,0.0045182255435273662],[0.0045161513807735519,0.0045182255435273662,0.00451722019973682,0.0045182255435273662,0.0045161513807735519]],[[0.004516674033775335,0.004518781105204716,0.00451775926726882,0.004518781105204716,0.004516674033775335],[0.004518781105204716,0.0045203542491307125,0.0045199319793300394,0.0045203542491307125,0.004518781105204716],[0.00451775926726882,0.0045199319793300394,0.00451993140329533,0.0045199319793300394,0.00451775926726882],[0.004518781105204716,0.0045203542491307125,0.0045199319793300394,0.0045203542491307125,0.004518781105204716],[0.004516674033775335,0.004518781105204716,0.00451775926726882,0.004518781105204716,0.004516674033775335]],[[0.0045172049117103551,0.0045193448739598444,0.0045183065510302507,0.0045193448739598444,0.0045172049117103551],[0.0045193448739598444,0.004520940980759329,0.0045205121193192819,0.004520940980759329,0.0045193448739598444],[0.0045183065510302507,0.0045205121193192819,0.0045205115350878122,0.0045205121193192819,0.0045183065510302507],[0.0045193448739598444,0.004520940980759329,0.0045205121193192819,0.004520940980759329,0.0045193448739598444],[0.0045172049117103551,0.0045193448739598444,0.0045183065510302507,0.0045193448739598444,0.0045172049117103551]],[[0.00451774401014225,0.0045199168455762875,0.0045188620466956051,0.0045199168455762875,0.00451774401014225],[0.0045199168455762875,0.0045215359035633519,0.0045211004540165554,0.0045215359035633519,0.0045199168455762875],[0.0045188620466956051,0.0045211004540165554,0.0045210998615924152,0.0045211004540165554,0.0045188620466956051],[0.0045199168455762875,0.0045215359035633519,0.0045211004540165554,0.0045215359035633519,0.0045199168455762875],[0.00451774401014225,0.0045199168455762875,0.0045188620466956051,0.0045199168455762875,0.00451774401014225]],[[0.00451829132468938,0.0045204970158895649,0.0045194257499922052,0.0045204970158895649,0.00451829132468938],[0.0045204970158895649,0.0045221390135228934,0.0045216969793592686,0.0045221390135228934,0.0045204970158895649],[0.0045194257499922052,0.0045216969793592686,0.0045216963787464938,0.0045216969793592686,0.0045194257499922052],[0.0045204970158895649,0.0045221390135228934,0.0045216969793592686,0.0045221390135228934,0.0045204970158895649],[0.00451829132468938,0.0045204970158895649,0.0045194257499922052,0.0045204970158895649,0.00451829132468938]],[[0.0045188468510240047,0.0045210853807867435,0.0045199976566996231,0.0045210853807867435,0.0045188468510240047],[0.0045210853807867435,0.004522750306667986,0.00452230169133509,0.004522750306667986,0.0045210853807867435],[0.0045199976566996231,0.00452230169133509,0.0045223010825376688,0.00452230169133509,0.0045199976566996231],[0.0045210853807867435,0.004522750306667986,0.00452230169133509,0.004522750306667986,0.0045210853807867435],[0.0045188468510240047,0.0045210853807867435,0.0045199976566996231,0.0045210853807867435,0.0045188468510240047]],[[0.0045194105848718044,0.0045216819362057644,0.0045205777626492307,0.0045216819362057644,0.0045194105848718044],[0.0045216819362057644,0.0045233697790779681,0.0045229145859813896,0.0045233697790779681,0.0045216819362057644],[0.0045205777626492307,0.0045229145859813896,0.0045229139690032595,0.0045229145859813896,0.0045205777626492307],[0.0045216819362057644,0.0045233697790779681,0.0045229145859813896,0.0045233697790779681,0.0045216819362057644],[0.0045194105848718044,0.0045216819362057644,0.0045205777626492307,0.0045216819362057644,0.0045194105848718044]],[[0.0045199825220111987,0.0045222866781349418,0.0045211660637236592,0.0045222866781349418,0.0045199825220111987],[0.0045222866781349418,0.0045239974268809638,0.0045235356593847096,0.0045239974268809638,0.0045222866781349418],[0.0045211660637236592,0.0045235356593847096,0.00452353503422976,0.0045235356593847096,0.0045211660637236592],[0.0045222866781349418,0.0045239974268809638,0.0045235356593847096,0.0045239974268809638,0.0045222866781349418],[0.0045199825220111987,0.0045222866781349418,0.00452116606