{"M_cells":[[[0,0,0,0,0,0,0],[0,0,0,0,0,0,0],[0,0,0,0,0,0,0],[0,0,0,0,0,0,0],[0,0,0,0,0,0,0],[0,0,0,0,0,0,0],[0,0,0,0,0,0,0]],[[1.3667995707921435E-11,7.83783480109694E-11,6.9748597463268928E-11,1.0198925806105489E-10,6.9748597463268928E-11,7.83783480109694E-11,1.3667995707921435E-11],[7.83783480109694E-11,3.297671722273512E-10,3.0156065845708253E-10,4.2571488989816894E-10,3.0156065845708253E-10,3.297671722273512E-10,7.83783480109694E-11],[6.9748597463268928E-11,3.0156065845708253E-10,3.6995996271382678E-10,4.3872062027563822E-10,3.6995996271382678E-10,3.0156065845708253E-10,6.9748597463268928E-11],[1.0198925806105489E-10,4.2571488989816894E-10,4.3872062027563822E-10,5.7841833666746871E-10,4.3872062027563822E-10,4.2571488989816894E-10,1.0198925806105489E-10],[6.9748597463268928E-11,3.0156065845708253E-10,3.6995996271382678E-10,4.3872062027563822E-10,3.6995996271382678E-10,3.0156065845708253E-10,6.9748597463268928E-11],[7.83783480109694E-11,3.297671722273512E-10,3.0156065845708253E-10,4.2571488989816894E-10,3.0156065845708253E-10,3.297671722273512E-10,7.83783480109694E-11],[1.3667995707921435E-11,7.83783480109694E-11,6.9748597463268928E-11,1.0198925806105489E-10,6.9748597463268928E-11,7.83783480109694E-11,1.3667995707921435E-11]],[[9.3519078645940766E-11,3.0359845215399087E-10,2.7591312005684108E-10,3.8395788386749423E-10,2.7591312005684108E-10,3.0359845215399092E-10,9.3519078645940766E-11],[3.0359845215399087E-10,7.8207854369859486E-10,7.29074967960586E-10,9.7503476516664972E-10,7.29074967960586E-10,7.8207854369859486E-10,3.0359845215399092E-10],[2.7591312005684108E-10,7.29074967960586E-10,8.61921032379627E-10,9.95224042237025E-10,8.61921032379627E-10,7.29074967960586E-10,2.7591312005684108E-10],[3.8395788386749423E-10,9.7503476516664972E-10,9.95224042237025E-10,1.2608739966659446E-9,9.95224042237025E-10,9.7503476516664972E-10,3.8395788386749423E-10],[2.7591312005684108E-10,7.29074967960586E-10,8.61921032379627E-10,9.95224042237025E-10,8.61921032379627E-10,7.29074967960586E-10,2.7591312005684108E-10],[3.0359845215399092E-10,7.8207854369859486E-10,7.29074967960586E-10,9.7503476516664972E-10,7.29074967960586E-10,7.8207854369859486E-10,3.0359845215399087E-10],[9.3519078645940766E-11,3.0359845215399092E-10,2.7591312005684108E-10,3.8395788386749423E-10,2.7591312005684108E-10,3.0359845215399087E-10,9.3519078645940766E-11]],[[2.7233863501522093E-10,6.6138903325480718E-10,6.1059285844976063E-10,8.1608935689907914E-10,6.1059285844976063E-10,6.6138903325480728E-10,2.7233863501522093E-10],[6.6138903325480718E-10,1.3451595226427476E-9,1.2704405457607955E-9,1.6324417108720313E-9,1.2704405457607955E-9,1.3451595226427478E-9,6.6138903325480728E-10],[6.1059285844976063E-10,1.2704405457607955E-9,1.4629342434067945E-9,1.6559712424184924E-9,1.4629342434067945E-9,1.2704405457607955E-9,6.1059285844976063E-10],[8.1608935689907914E-10,1.6324417108720313E-9,1.6559712424184924E-9,2.0351317976693482E-9,1.6559712424184924E-9,1.6324417108720313E-9,8.1608935689907914E-10],[6.1059285844976063E-10,1.2704405457607955E-9,1.4629342434067945E-9,1.6559712424184924E-9,1.4629342434067945E-9,1.2704405457607955E-9,6.1059285844976063E-10],[6.6138903325480728E-10,1.3451595226427478E-9,1.2704405457607955E-9,1.6324417108720313E-9,1.2704405457607955E-9,1.3451595226427478E-9,6.6138903325480728E-10],[2.7233863501522093E-10,6.6138903325480728E-10,6.1059285844976063E-10,8.1608935689907914E-10,6.1059285844976063E-10,6.6138903325480728E-10,2.7233863501522093E-10]],[[5.6210457896774568E-10,1.1391481134622062E-9,1.0645549777305267E-9,1.37612641001584E-9,1.0645549777305267E-9,1.1391481134622064E-9,5.6210457896774568E-10],[1.1391481134622062E-9,2.0089181938753004E-9,1.9152635145658231E-9,2.3859756515468078E-9,1.9152635145658231E-9,2.0089181938753004E-9,1.1391481134622064E-9],[1.0645549777305267E-9,1.9152635145658231E-9,2.1625934291442794E-9,2.4105448739304E-9,2.1625934291442794E-9,1.9152635145658231E-9,1.0645549777305267E-9],[1.37612641001584E-9,2.3859756515468078E-9,2.4105448739304E-9,2.8921802640401008E-9,2.4105448739304E-9,2.3859756515468078E-9,1.37612641001584E-9],[1.0645549777305267E-9,1.9152635145658231E-9,2.1625934291442794E-9,2.4105448739304E-9,2.1625934291442794E-9,1.9152635145658231E-9,1.0645549777305267E-9],[1.1391481134622064E-9,2.0089181938753004E-9,1.9152635145658231E-9,2.3859756515468078E-9,1.9152635145658231E-9,2.0089181938753004E-9,1.1391481134622064E-9],[5.6210457896774568E-10,1.1391481134622064E-9,1.0645549777305267E-9,1.37612641001584E-9,1.0645549777305267E-9,1.1391481134622064E-9,5.6210457896774568E-10]],[[9.6406838448807871E-10,1.7257104393059557E-9,1.6283005592693142E-9,2.0470146812296756E-9,1.6283005592693142E-9,1.7257104393059559E-9,9.6406838448807871E-10],[1.7257104393059557E-9,2.7643716593335836E-9,2.6541884076235007E-9,3.2257382729597656E-9,2.6541884076235007E-9,2.7643716593335836E-9,1.7257104393059559E-9],[1.6283005592693142E-9,2.6541884076235007E-9,2.9517520790880959E-9,3.2500083728272893E-9,2.9517520790880959E-9,2.6541884076235007E-9,1.6283005592693142E-9],[2.0470146812296756E-9,3.2257382729597656E-9,3.2500083728272893E-9,3.8243602270688353E-9,3.2500083728272893E-9,3.2257382729597656E-9,2.0470146812296756E-9],[1.6283005592693142E-9,2.6541884076235007E-9,2.9517520790880959E-9,3.2500083728272893E-9,2.9517520790880959E-9,2.6541884076235007E-9,1.6283005592693142E-9],[1.7257104393059559E-9,2.7643716593335836E-9,2.6541884076235007E-9,3.2257382729597656E-9,2.6541884076235007E-9,2.7643716593335836E-9,1.7257104393059559E-9],[9.6406838448807871E-10,1.7257104393059559E-9,1.6283005592693142E-9,2.0470146812296756E-9,1.6283005592693142E-9,1.7257104393059559E-9,9.6406838448807871E-10]],[[1.4741975840367137E-9,2.4111707656223112E-9,2.2926469826108642E-9,2.81536173315575E-9,2.2926469826108642E-9,2.411170765622312E-9,1.4741975840367143E-9],[2.4111707656223112E-9,3.6035402045504386E-9,3.4788657637251216E-9,4.1434278515603308E-9,3.4788657637251216E-9,3.6035402045504386E-9,2.411170765622312E-9],[2.2926469826108642E-9,3.4788657637251216E-9,3.8223823637224562E-9,4.1666564165964177E-9,3.8223823637224562E-9,3.4788657637251216E-9,2.2926469826108642E-9],[2.81536173315575E-9,4.1434278515603308E-9,4.1666564165964177E-9,4.8251139842742412E-9,4.1666564165964177E-9,4.1434278515603308E-9,2.81536173315575E-9],[2.2926469826108642E-9,3.4788657637251216E-9,3.8223823637224562E-9,4.1666564165964177E-9,3.8223823637224562E-9,3.4788657637251216E-9,2.2926469826108642E-9],[2.411170765622312E-9,3.6035402045504386E-9,3.4788657637251216E-9,4.1434278515603308E-9,3.4788657637251216E-9,3.6035402045504386E-9,2.411170765622312E-9],[1.4741975840367143E-9,2.411170765622312E-9,2.2926469826108642E-9,2.81536173315575E-9,2.2926469826108642E-9,2.411170765622312E-9,1.4741975840367143E-9]],[[2.0860917969588563E-9,3.1867403904827997E-9,3.0490231171360845E-9,3.6704160285756634E-9,3.0490231171360845E-9,3.1867403904828005E-9,2.0860917969588572E-9],[3.1867403904827997E-9,4.5193466031079122E-9,4.3818841320258081E-9,5.1320054356085017E-9,4.3818841320258081E-9,4.519346603107913E-9,3.1867403904828005E-9],[3.0490231171360845E-9,4.3818841320258081E-9,4.7674420175360942E-9,5.1538166940226652E-9,4.7674420175360942E-9,4.3818841320258081E-9,3.0490231171360845E-9],[3.6704160285756634E-9,5.1320054356085017E-9,5.1538166940226652E-9,5.88879208583633E-9,5.1538166940226652E-9,5.1320054356085017E-9,3.6704160285756634E-9],[3.0490231171360845E-9,4.3818841320258081E-9,4.7674420175360942E-9,5.1538166940226652E-9,4.7674420175360942E-9,4.3818841320258081E-9,3.0490231171360845E-9],[3.1867403904828005E-9,4.519346603107913E-9,4.3818841320258081E-9,5.1320054356085017E-9,4.3818841320258081E-9,4.519346603107913E-9,3.1867403904828005E-9],[2.0860917969588572E-9,3.1867403904828005E-9,3.0490231171360845E-9,3.6704160285756634E-9,3.0490231171360845E-9,3.1867403904828005E-9,2.0860917969588572E-9]],[[2.7925238652931267E-9,4.0446246560632979E-9,3.8895963067003168E-9,4.6033794178095544E-9,3.8895963067003168E-9,4.0446246560632987E-9,2.7925238652931275E-9],[4.0446246560632979E-9,5.5055217592564012E-9,5.3566868478463756E-9,6.1854499596126071E-9,5.3566868478463756E-9,5.5055217592564012E-9,4.0446246560632987E-9],[3.8895963067003168E-9,5.3566868478463756E-9,5.7807529777361084E-9,6.2056904173996317E-9,5.7807529777361084E-9,5.3566868478463756E-9,3.8895963067003168E-9],[4.6033794178095544E-9,6.1854499596126071E-9,6.2056904173996317E-9,7.01050233886352E-9,6.2056904173996317E-9,6.1854499596126071E-9,4.6033794178095544E-9],[3.8895963067003168E-9,5.3566868478463756E-9,5.7807529777361084E-9,6.2056904173996317E-9,5.7807529777361084E-9,5.3566868478463756E-9,3.8895963067003168E-9],[4.0446246560632987E-9,5.5055217592564012E-9,5.3566868478463756E-9,6.1854499596126071E-9,5.3566868478463756E-9,5.5055217592564012E-9,4.0446246560632987E-9],[2.7925238652931275E-9,4.0446246560632987E-9,3.8895963067003168E-9,4.6033794178095544E-9,3.8895963067003168E-9,4.0446246560632987E-9,2.7925238652931275E-9]],[[3.5862341648574493E-9,4.9779150713100281E-9,4.8073032917663289E-9,5.60693552493554E-9,4.8073032917663289E-9,4.9779150713100281E-9,3.58623416485745E-9],[4.9779150713100281E-9,6.5565174733725809E-9,6.3974851620509686E-9,7.2985745746361441E-9,6.3974851620509686E-9,6.5565174733725809E-9,4.9779150713100281E-9],[4.8073032917663289E-9,6.3974851620509686E-9,6.8568930389405849E-9,7.3172225134552392E-9,6.8568930389405849E-9,6.3974851620509686E-9,4.8073032917663289E-9],[5.60693552493554E-9,7.2985745746361441E-9,7.3172225134552392E-9,8.1859901295765623E-9,7.3172225134552392E-9,7.2985745746361441E-9,5.60693552493554E-9],[4.8073032917663289E-9,6.3974851620509686E-9,6.8568930389405849E-9,7.3172225134552392E-9,6.8568930389405849E-9,6.3974851620509686E-9,4.8073032917663289E-9],[4.9779150713100281E-9,6.5565174733725809E-9,6.3974851620509686E-9,7.2985745746361441E-9,6.3974851620509686E-9,6.5565174733725817E-9,4.9779150713100281E-9],[3.58623416485745E-9,4.9779150713100281E-9,4.8073032917663289E-9,5.60693552493554E-9,4.8073032917663289E-9,4.9779150713100281E-9,3.58623416485745E-9]],[[4.4603207612449509E-9,5.9804927977577222E-9,5.7958284799135436E-9,6.6749194418889831E-9,5.7958284799135436E-9,5.9804927977577222E-9,4.4603207612449517E-9],[5.9804927977577222E-9,7.6674267034510261E-9,7.4991740322510565E-9,8.466885890021979E-9,7.4991740322510565E-9,7.6674267034510261E-9,5.9804927977577222E-9],[5.7958284799135436E-9,7.4991740322510565E-9,7.9911003664954868E-9,8.48399486920035E-9,7.9911003664954868E-9,7.4991740322510581E-9,5.7958284799135436E-9],[6.6749194418889831E-9,8.466885890021979E-9,8.48399486920035E-9,9.4115422867717159E-9,8.48399486920035E-9,8.466885890021979E-9,6.6749194418889831E-9],[5.7958284799135436E-9,7.4991740322510565E-9,7.9911003664954868E-9,8.48399486920035E-9,7.9911003664954868E-9,7.4991740322510581E-9,5.7958284799135444E-9],[5.9804927977577222E-9,7.6674267034510261E-9,7.4991740322510581E-9,8.466885890021979E-9,7.4991740322510581E-9,7.6674267034510261E-9,5.9804927977577222E-9],[4.4603207612449517E-9,5.9804927977577222E-9,5.7958284799135436E-9,6.6749194418889831E-9,5.7958284799135444E-9,5.9804927977577222E-9,4.4603207612449517E-9]],[[5.4084124226044534E-9,7.046941774108125E-9,6.8495553973656207E-9,7.80208112158409E-9,6.8495553973656207E-9,7.046941774108125E-9,5.4084124226044534E-9],[7.046941774108125E-9,8.8339113548091261E-9,8.6572537531721963E-9,9.686473889738714E-9,8.6572537531721963E-9,8.8339113548091261E-9,7.046941774108125E-9],[6.8495553973656207E-9,8.6572537531721963E-9,9.1791900036517692E-9,9.7021377254476348E-9,9.1791900036517692E-9,8.6572537531721963E-9,6.8495553973656207E-9],[7.80208112158409E-9,9.686473889738714E-9,9.7021377254476348E-9,1.0683908884140458E-8,9.7021377254476348E-9,9.686473889738714E-9,7.80208112158409E-9],[6.8495553973656207E-9,8.6572537531721963E-9,9.1791900036517692E-9,9.7021377254476348E-9,9.1791900036517692E-9,8.6572537531721963E-9,6.8495553973656215E-9],[7.046941774108125E-9,8.8339113548091261E-9,8.6572537531721963E-9,9.686473889738714E-9,8.6572537531721963E-9,8.8339113548091278E-9,7.0469417741081258E-9],[5.4084124226044534E-9,7.046941774108125E-9,6.8495553973656207E-9,7.80208112158409E-9,6.8495553973656215E-9,7.0469417741081258E-9,5.4084124226044534E-9]],[[6.4247265440942126E-9,8.1724704718738621E-9,7.96350644230295E-9,8.9839118510471317E-9,7.96350644230295E-9,8.1724704718738621E-9,6.4247265440942126E-9],[8.1724704718738621E-9,1.0052137376808938E-8,9.8677587780054432E-9,1.0953924228425141E-8,9.8677587780054432E-9,1.0052137376808938E-8,8.1724704718738621E-9],[7.96350644230295E-9,9.8677587780054432E-9,1.0417481205749662E-8,1.0968255532332941E-8,1.0417481205749662E-8,9.8677587780054432E-9,7.96350644230295E-9],[8.9839118510471317E-9,1.0953924228425141E-8,1.0968255532332941E-8,1.200023890190079E-8,1.0968255532332941E-8,1.0953924228425141E-8,8.9839118510471317E-9],[7.96350644230295E-9,9.8677587780054432E-9,1.0417481205749662E-8,1.0968255532332941E-8,1.0417481205749662E-8,9.8677587780054448E-9,7.9635064423029521E-9],[8.1724704718738621E-9,1.0052137376808938E-8,9.8677587780054432E-9,1.0953924228425141E-8,9.8677587780054448E-9,1.0052137376808938E-8,8.1724704718738621E-9],[6.4247265440942126E-9,8.1724704718738621E-9,7.96350644230295E-9,8.9839118510471317E-9,7.9635064423029521E-9,8.1724704718738621E-9,6.4247265440942126E-9]],[[7.5040676238862156E-9,9.3528415787049484E-9,9.133279569069814E-9,1.0216513933591769E-8,9.133279569069814E-9,9.3528415787049484E-9,7.5040676238862156E-9],[9.3528415787049484E-9,1.131871677417142E-8,1.1127194047204001E-8,1.226624719628154E-8,1.1127194047204001E-8,1.131871677417142E-8,9.3528415787049484E-9],[9.133279569069814E-9,1.1127194047204001E-8,1.1702734356740057E-8,1.2279364461034108E-8,1.1702734356740057E-8,1.1127194047204001E-8,9.133279569069814E-9],[1.0216513933591769E-8,1.226624719628154E-8,1.2279364461034108E-8,1.3358026742540585E-8,1.2279364461034108E-8,1.226624719628154E-8,1.0216513933591769E-8],[9.133279569069814E-9,1.1127194047204001E-8,1.1702734356740057E-8,1.2279364461034108E-8,1.1702734356740057E-8,1.1127194047204001E-8,9.133279569069814E-9],[9.3528415787049484E-9,1.131871677417142E-8,1.1127194047204001E-8,1.226624719628154E-8,1.1127194047204001E-8,1.131871677417142E-8,9.3528415787049484E-9],[7.5040676238862156E-9,9.3528415787049484E-9,9.133279569069814E-9,1.0216513933591769E-8,9.133279569069814E-9,9.3528415787049484E-9,7.5040676238862156E-9]],[[8.6417965409652482E-9,1.0584309016089118E-8,1.0354986629211382E-8,1.1496500545893542E-8,1.0354986629211382E-8,1.0584309016089118E-8,8.6417965409652482E-9],[1.0584309016089118E-8,1.2630656037210335E-8,1.2432478579935287E-8,1.3620819353609104E-8,1.2432478579935287E-8,1.2630656037210335E-8,1.0584309016089118E-8],[1.0354986629211382E-8,1.2432478579935287E-8,1.303209626354756E-8,1.3632839407549292E-8,1.303209626354756E-8,1.2432478579935287E-8,1.0354986629211382E-8],[1.1496500545893542E-8,1.3620819353609104E-8,1.3632839407549292E-8,1.4755067359612242E-8,1.3632839407549292E-8,1.3620819353609104E-8,1.1496500545893542E-8],[1.0354986629211382E-8,1.2432478579935287E-8,1.303209626354756E-8,1.3632839407549292E-8,1.303209626354756E-8,1.2432478579935287E-8,1.0354986629211382E-8],[1.0584309016089118E-8,1.2630656037210335E-8,1.2432478579935287E-8,1.3620819353609104E-8,1.2432478579935287E-8,1.2630656037210335E-8,1.0584309016089118E-8],[8.6417965409652482E-9,1.0584309016089118E-8,1.0354986629211382E-8,1.1496500545893542E-8,1.0354986629211382E-8,1.0584309016089118E-8,8.6417965409652482E-9]],[[9.83378697756422E-9,1.1863561727206899E-8,1.1625195775138006E-8,1.2820917112979937E-8,1.1625195775138006E-8,1.1863561727206899E-8,9.83378697756422E-9],[1.1863561727206899E-8,1.3985310444122478E-8,1.3780895803027808E-8,1.5015334983038145E-8,1.3780895803027808E-8,1.3985310444122478E-8,1.1863561727206899E-8],[1.1625195775138006E-8,1.3780895803027808E-8,1.440305272053456E-8,1.5026368798307526E-8,1.440305272053456E-8,1.3780895803027808E-8,1.1625195775138006E-8],[1.2820917112979937E-8,1.5015334983038145E-8,1.5026368798307526E-8,1.6189418306971994E-8,1.5026368798307526E-8,1.5015334983038145E-8,1.2820917112979937E-8],[1.1625195775138006E-8,1.3780895803027808E-8,1.440305272053456E-8,1.5026368798307526E-8,1.440305272053456E-8,1.3780895803027808E-8,1.1625195775138006E-8],[1.1863561727206899E-8,1.3985310444122478E-8,1.3780895803027808E-8,1.5015334983038145E-8,1.3780895803027808E-8,1.3985310444122478E-8,1.1863561727206899E-8],[9.83378697756422E-9,1.1863561727206899E-8,1.1625195775138006E-8,1.2820917112979937E-8,1.1625195775138006E-8,1.1863561727206899E-8,9.83378697756422E-9]],[[1.1076377702033502E-8,1.3187673674454992E-8,1.2940878976254169E-8,1.4187178367993458E-8,1.2940878976254169E-8,1.3187673674454992E-8,1.1076377702033502E-8],[1.3187673674454992E-8,1.5380343674824912E-8,1.517004997517216E-8,1.6447765286689756E-8,1.517004997517216E-8,1.5380343674824912E-8,1.3187673674454992E-8],[1.2940878976254169E-8,1.517004997517216E-8,1.5813387355022364E-8,1.6457915861866112E-8,1.5813387355022364E-8,1.517004997517216E-8,1.2940878976254169E-8],[1.4187178367993458E-8,1.6447765286689756E-8,1.6457915861866112E-8,1.765936741343219E-8,1.6457915861866112E-8,1.6447765286689756E-8,1.4187178367993458E-8],[1.2940878976254169E-8,1.517004997517216E-8,1.5813387355022364E-8,1.6457915861866112E-8,1.5813387355022364E-8,1.517004997517216E-8,1.2940878976254169E-8],[1.3187673674454992E-8,1.5380343674824912E-8,1.517004997517216E-8,1.6447765286689756E-8,1.517004997517216E-8,1.5380343674824915E-8,1.3187673674454992E-8],[1.1076377702033502E-8,1.3187673674454992E-8,1.2940878976254169E-8,1.4187178367993458E-8,1.2940878976254169E-8,1.3187673674454992E-8,1.1076377702033502E-8]],[[1.2366325243149189E-8,1.455405948936656E-8,1.4299364925283626E-8,1.5593017101733191E-8,1.4299364925283626E-8,1.455405948936656E-8,1.2366325243149189E-8],[1.455405948936656E-8,1.6813692187747866E-8,1.659782803925228E-8,1.7916323792578275E-8,1.659782803925228E-8,1.6813692187747866E-8,1.455405948936656E-8],[1.4299364925283626E-8,1.659782803925228E-8,1.7261145886634015E-8,1.7925685299447968E-8,1.7261145886634015E-8,1.659782803925228E-8,1.4299364925283626E-8],[1.5593017101733191E-8,1.7916323792578275E-8,1.7925685299447968E-8,1.9163405079090912E-8,1.7925685299447968E-8,1.7916323792578275E-8,1.5593017101733191E-8],[1.4299364925283626E-8,1.659782803925228E-8,1.7261145886634015E-8,1.7925685299447968E-8,1.7261145886634015E-8,1.659782803925228E-8,1.4299364925283626E-8],[1.455405948936656E-8,1.6813692187747866E-8,1.659782803925228E-8,1.7916323792578275E-8,1.659782803925228E-8,1.6813692187747866E-8,1.455405948936656E-8],[1.2366325243149189E-8,1.455405948936656E-8,1.4299364925283626E-8,1.5593017101733191E-8,1.4299364925283626E-8,1.455405948936656E-8,1.2366325243149189E-8]],[[1.3700759193618067E-8,1.5960435229414025E-8,1.5698297191063668E-8,1.7036441816037477E-8,1.5698297191063668E-8,1.5960435229414025E-8,1.3700759193618067E-8],[1.5960435229414025E-8,1.8283533839181187E-8,1.8062366260408749E-8,1.9419436810662944E-8,1.8062366260408749E-8,1.8283533839181187E-8,1.5960435229414025E-8],[1.5698297191063668E-8,1.8062366260408749E-8,1.8744605048523533E-8,1.9428094492938226E-8,1.8744605048523533E-8,1.8062366260408749E-8,1.5698297191063668E-8],[1.7036441816037477E-8,1.9419436810662944E-8,1.9428094492938226E-8,2.0700200405448858E-8,1.9428094492938226E-8,1.9419436810662944E-8,1.7036441816037477E-8],[1.5698297191063668E-8,1.8062366260408749E-8,1.8744605048523533E-8,1.9428094492938226E-8,1.8744605048523533E-8,1.8062366260408749E-8,1.5698297191063668E-8],[1.5960435229414025E-8,1.8283533839181187E-8,1.8062366260408749E-8,1.9419436810662944E-8,1.8062366260408749E-8,1.8283533839181187E-8,1.5960435229414025E-8],[1.3700759193618067E-8,1.5960435229414025E-8,1.5698297191063668E-8,1.7036441816037477E-8,1.5698297191063668E-8,1.5960435229414025E-8,1.3700759193618067E-8]],[[1.5077141129810663E-8,1.7404783718005907E-8,1.7135597260698139E-8,1.8515701300006529E-8,1.7135597260698139E-8,1.7404783718005907E-8,1.5077141129810663E-8],[1.7404783718005907E-8,1.9788260262368451E-8,1.9562021056610494E-8,2.0955718046842644E-8,1.9562021056610494E-8,1.9788260262368451E-8,1.7404783718005907E-8],[1.7135597260698139E-8,1.9562021056610494E-8,2.0262245523005832E-8,2.0963748548674337E-8,2.0262245523005832E-8,1.9562021056610494E-8,1.7135597260698139E-8],[1.8515701300006529E-8,2.0955718046842644E-8,2.0963748548674337E-8,2.2268580533256922E-8,2.0963748548674337E-8,2.0955718046842644E-8,1.8515701300006529E-8],[1.7135597260698139E-8,1.9562021056610494E-8,2.0262245523005832E-8,2.0963748548674337E-8,2.0262245523005832E-8,1.9562021056610494E-8,1.7135597260698139E-8],[1.7404783718005907E-8,1.9788260262368451E-8,1.9562021056610494E-8,2.0955718046842644E-8,1.9562021056610494E-8,1.9788260262368451E-8,1.7404783718005907E-8],[1.5077141129810663E-8,1.7404783718005907E-8,1.7135597260698139E-8,1.8515701300006529E-8,1.7135597260698139E-8,1.7404783718005907E-8,1.5077141129810663E-8]],[[1.64932274603554E-8,1.8885323974178459E-8,1.8609432021894829E-8,2.0029254691367338E-8,1.8609432021894829E-8,1.8885323974178459E-8,1.64932274603554E-8],[1.8885323974178459E-8,2.1326452565652414E-8,2.1095343487560726E-8,2.252394667738041E-8,2.1095343487560726E-8,2.1326452565652414E-8,1.8885323974178459E-8],[1.8609432021894829E-8,2.1095343487560726E-8,2.1812728336280631E-8,2.2531418600662287E-8,2.1812728336280631E-8,2.1095343487560726E-8,1.8609432021894829E-8],[2.0029254691367338E-8,2.252394667738041E-8,2.2531418600662287E-8,2.3867512684840229E-8,2.2531418600662287E-8,2.252394667738041E-8,2.0029254691367338E-8],[1.8609432021894829E-8,2.1095343487560726E-8,2.1812728336280631E-8,2.2531418600662287E-8,2.1812728336280631E-8,2.1095343487560726E-8,1.8609432021894829E-8],[1.8885323974178459E-8,2.1326452565652414E-8,2.1095343487560726E-8,2.252394667738041E-8,2.1095343487560726E-8,2.1326452565652414E-8,1.8885323974178459E-8],[1.64932274603554E-8,1.8885323974178459E-8,1.8609432021894829E-8,2.0029254691367338E-8,1.8609432021894829E-8,1.8885323974178459E-8,1.64932274603554E-8]],[[1.7947036161253881E-8,2.040048427439219E-8,2.0118185213068003E-8,2.1575745957680281E-8,2.0118185213068003E-8,2.040048427439219E-8,1.7947036161253881E-8],[2.040048427439219E-8,2.2896859952290533E-8,2.2661056928518564E-8,2.4123048329556196E-8,2.2661056928518564E-8,2.2896859952290533E-8,2.040048427439219E-8],[2.0118185213068003E-8,2.2661056928518564E-8,2.3394874236999102E-8,2.4130022896196532E-8,2.3394874236999102E-8,2.2661056928518564E-8,2.0118185213068003E-8],[2.1575745957680281E-8,2.4123048329556196E-8,2.4130022896196532E-8,2.5496088501982913E-8,2.4130022896196532E-8,2.4123048329556196E-8,2.1575745957680281E-8],[2.0118185213068003E-8,2.2661056928518564E-8,2.3394874236999102E-8,2.4130022896196532E-8,2.3394874236999102E-8,2.2661056928518564E-8,2.0118185213068003E-8],[2.040048427439219E-8,2.2896859952290533E-8,2.2661056928518564E-8,2.4123048329556196E-8,2.2661056928518564E-8,2.2896859952290533E-8,2.040048427439219E-8],[1.7947036161253881E-8,2.040048427439219E-8,2.0118185213068003E-8,2.1575745957680281E-8,2.0118185213068003E-8,2.040048427439219E-8,1.7947036161253881E-8]],[[1.9436817177404683E-8,2.194887842776272E-8,2.1660432382893772E-8,2.3153981991720896E-8,2.1660432382893772E-8,2.194887842776272E-8,1.9436817177404683E-8],[2.194887842776272E-8,2.4498380906858144E-8,2.4258037513705067E-8,2.5752078521989357E-8,2.4258037513705067E-8,2.4498380906858144E-8,2.194887842776272E-8],[2.1660432382893772E-8,2.4258037513705067E-8,2.500764565223333E-8,2.57586102663884E-8,2.500764565223333E-8,2.4258037513705067E-8,2.1660432382893772E-8],[2.3153981991720896E-8,2.5752078521989357E-8,2.57586102663884E-8,2.7153510343787183E-8,2.57586102663884E-8,2.5752078521989357E-8,2.3153981991720896E-8],[2.1660432382893772E-8,2.4258037513705067E-8,2.500764565223333E-8,2.57586102663884E-8,2.500764565223333E-8,2.4258037513705067E-8,2.1660432382893772E-8],[2.194887842776272E-8,2.4498380906858144E-8,2.4258037513705067E-8,2.5752078521989357E-8,2.4258037513705067E-8,2.4498380906858144E-8,2.194887842776272E-8],[1.9436817177404683E-8,2.194887842776272E-8,2.1660432382893772E-8,2.3153981991720896E-8,2.1660432382893772E-8,2.194887842776272E-8,1.9436817177404683E-8]],[[2.0961026190724089E-8,2.3529284885905261E-8,2.3234918933827675E-8,2.4762913699689826E-8,2.3234918933827675E-8,2.3529284885905261E-8,2.0961026190724089E-8],[2.3529284885905261E-8,2.6130046633190365E-8,2.5885296987309241E-8,2.7410208200333449E-8,2.5885296987309241E-8,2.6130046633190365E-8,2.3529284885905261E-8],[2.3234918933827675E-8,2.5885296987309241E-8,2.6650130873218281E-8,2.7416345648371775E-8,2.6650130873218281E-8,2.5885296987309241E-8,2.3234918933827675E-8],[2.4762913699689826E-8,2.7410208200333449E-8,2.7416345648371775E-8,2.8839079266623687E-8,2.7416345648371775E-8,2.7410208200333449E-8,2.4762913699689826E-8],[2.3234918933827675E-8,2.5885296987309241E-8,2.6650130873218281E-8,2.7416345648371775E-8,2.6650130873218281E-8,2.5885296987309241E-8,2.3234918933827675E-8],[2.3529284885905261E-8,2.6130046633190365E-8,2.5885296987309241E-8,2.7410208200333449E-8,2.5885296987309241E-8,2.6130046633190365E-8,2.3529284885905261E-8],[2.0961026190724089E-8,2.3529284885905261E-8,2.3234918933827675E-8,2.4762913699689826E-8,2.3234918933827675E-8,2.3529284885905261E-8,2.0961026190724089E-8]],[[2.2518301429121139E-8,2.5140628347570359E-8,2.4840540864812757E-8,2.6401619594280676E-8,2.4840540864812757E-8,2.5140628347570359E-8,2.2518301429121139E-8],[2.5140628347570359E-8,2.7791006465749142E-8,2.7541967647872928E-8,2.9096711067916802E-8,2.7541967647872928E-8,2.7791006465749142E-8,2.5140628347570359E-8],[2.4840540864812757E-8,2.7541967647872928E-8,2.8321530173291281E-8,2.9102497378295596E-8,2.8321530173291281E-8,2.7541967647872928E-8,2.4840540864812757E-8],[2.6401619594280676E-8,2.9096711067916802E-8,2.9102497378295596E-8,3.05521844541886E-8,2.9102497378295596E-8,2.9096711067916802E-8,2.6401619594280676E-8],[2.4840540864812757E-8,2.7541967647872928E-8,2.8321530173291281E-8,2.9102497378295596E-8,2.8321530173291281E-8,2.7541967647872928E-8,2.4840540864812757E-8],[2.5140628347570359E-8,2.7791006465749142E-8,2.7541967647872928E-8,2.9096711067916802E-8,2.7541967647872928E-8,2.7791006465749142E-8,2.5140628347570359E-8],[2.2518301429121139E-8,2.5140628347570359E-8,2.4840540864812757E-8,2.6401619594280676E-8,2.4840540864812757E-8,2.5140628347570359E-8,2.2518301429121139E-8]],[[2.4107443193555976E-8,2.6781963555435217E-8,2.6476327870877242E-8,2.8069291503028315E-8,2.6476327870877242E-8,2.6781963555435217E-8,2.4107443193555976E-8],[2.6781963555435217E-8,2.9480515009900871E-8,2.9227289113949794E-8,3.0810952461251151E-8,2.9227289113949794E-8,2.9480515009900874E-8,2.6781963555435217E-8],[2.6476327870877242E-8,2.9227289113949794E-8,3.00211436029969E-8,3.0816426017176518E-8,3.00211436029969E-8,2.9227289113949794E-8,2.6476327870877242E-8],[2.8069291503028315E-8,3.0810952461251151E-8,3.0816426017176518E-8,3.2292293902595886E-8,3.0816426017176518E-8,3.0810952461251151E-8,2.8069291503028315E-8],[2.6476327870877242E-8,2.9227289113949794E-8,3.00211436029969E-8,3.0816426017176518E-8,3.00211436029969E-8,2.9227289113949794E-8,2.6476327870877242E-8],[2.6781963555435217E-8,2.9480515009900874E-8,2.9227289113949794E-8,3.0810952461251151E-8,2.9227289113949794E-8,2.9480515009900871E-8,2.6781963555435217E-8],[2.4107443193555976E-8,2.6781963555435217E-8,2.6476327870877242E-8,2.8069291503028315E-8,2.6476327870877242E-8,2.6781963555435217E-8,2.4107443193555976E-8]],[[2.5727395798153617E-8,2.8452461016971093E-8,2.8141428498323046E-8,2.9765222076358296E-8,2.8141428498323046E-8,2.8452461016971093E-8,2.5727395798153617E-8],[2.8452461016971093E-8,3.1197920796729732E-8,3.0940596675704873E-8,3.255237956057392E-8,3.0940596675704866E-8,3.1197920796729732E-8,2.8452461016971093E-8],[2.8141428498323046E-8,3.0940596675704873E-8,3.1748360243475461E-8,3.2557574507209228E-8,3.1748360243475455E-8,3.0940596675704866E-8,2.8141428498323046E-8],[2.9765222076358296E-8,3.255237956057392E-8,3.2557574507209228E-8,3.4058946195434135E-8,3.2557574507209221E-8,3.255237956057392E-8,2.9765222076358296E-8],[2.8141428498323046E-8,3.0940596675704866E-8,3.1748360243475455E-8,3.2557574507209221E-8,3.1748360243475455E-8,3.0940596675704866E-8,2.8141428498323046E-8],[2.8452461016971093E-8,3.1197920796729732E-8,3.0940596675704866E-8,3.255237956057392E-8,3.0940596675704866E-8,3.1197920796729732E-8,2.8452461016971093E-8],[2.5727395798153617E-8,2.8452461016971093E-8,2.8141428498323046E-8,2.9765222076358296E-8,2.8141428498323046E-8,2.8452461016971093E-8,2.5727395798153617E-8]],[[2.7377231642996367E-8,3.0151394412971823E-8,2.9835097092028982E-8,3.1488793836436223E-8,2.9835097092028982E-8,3.0151394412971823E-8,2.7377231642996367E-8],[3.0151394412971823E-8,3.2942656264823364E-8,3.2681311028984749E-8,3.4320512758121993E-8,3.2681311028984749E-8,3.2942656264823364E-8,3.0151394412971823E-8],[2.9835097092028982E-8,3.2681311028984749E-8,3.3502648729948045E-8,3.4325459485653807E-8,3.3502648729948045E-8,3.2681311028984749E-8,2.9835097092028982E-8],[3.1488793836436223E-8,3.4320512758121993E-8,3.4325459485653807E-8,3.5851743228288531E-8,3.4325459485653807E-8,3.4320512758121993E-8,3.1488793836436223E-8],[2.9835097092028982E-8,3.2681311028984749E-8,3.3502648729948045E-8,3.4325459485653807E-8,3.3502648729948045E-8,3.2681311028984749E-8,2.9835097092028982E-8],[3.0151394412971823E-8,3.2942656264823364E-8,3.2681311028984749E-8,3.4320512758121993E-8,3.2681311028984749E-8,3.2942656264823364E-8,3.0151394412971823E-8],[2.7377231642996367E-8,3.0151394412971823E-8,2.9835097092028982E-8,3.1488793836436223E-8,2.9835097092028982E-8,3.0151394412971823E-8,2.7377231642996367E-8]],[[2.9056137166248387E-8,3.1878129485907479E-8,3.15566823054566E-8,3.32394695520909E-8,3.15566823054566E-8,3.1878129485907479E-8,2.9056137166248387E-8],[3.1878129485907479E-8,3.4714228905151917E-8,3.444892921592143E-8,3.6114938033450327E-8,3.444892921592143E-8,3.4714228905151917E-8,3.1878129485907479E-8],[3.15566823054566E-8,3.444892921592143E-8,3.5283548883235137E-8,3.6119663608131451E-8,3.5283548883235137E-8,3.444892921592143E-8,3.15566823054566E-8],[3.32394695520909E-8,3.6114938033450327E-8,3.6119663608131451E-8,3.7670343762567059E-8,3.6119663608131451E-8,3.6114938033450327E-8,3.32394695520909E-8],[3.15566823054566E-8,3.444892921592143E-8,3.5283548883235137E-8,3.6119663608131451E-8,3.5283548883235137E-8,3.444892921592143E-8,3.15566823054566E-8],[3.1878129485907479E-8,3.4714228905151917E-8,3.444892921592143E-8,3.6114938033450327E-8,3.444892921592143E-8,3.4714228905151917E-8,3.1878129485907479E-8],[2.9056137166248387E-8,3.1878129485907479E-8,3.15566823054566E-8,3.32394695520909E-8,3.15566823054566E-8,3.1878129485907479E-8,2.9056137166248387E-8]],[[3.0763400449257657E-8,3.3632114225861557E-8,3.3305616974080607E-8,3.5016783760067488E-8,3.3305616974080607E-8,3.3632114225861557E-8,3.0763400449257657E-8],[3.3632114225861557E-8,3.6512213425978469E-8,3.6243016619840739E-8,3.7935300207067638E-8,3.6243016619840739E-8,3.6512213425978469E-8,3.3632114225861557E-8],[3.3305616974080607E-8,3.6243016619840739E-8,3.7090664309481867E-8,3.7939828753920514E-8,3.7090664309481867E-8,3.6243016619840739E-8,3.3305616974080607E-8],[3.5016783760067488E-8,3.7935300207067638E-8,3.7939828753920514E-8,3.9514457705399121E-8,3.7939828753920514E-8,3.7935300207067638E-8,3.5016783760067488E-8],[3.3305616974080607E-8,3.6243016619840739E-8,3.7090664309481867E-8,3.7939828753920514E-8,3.7090664309481867E-8,3.6243016619840739E-8,3.3305616974080607E-8],[3.3632114225861557E-8,3.6512213425978469E-8,3.6243016619840739E-8,3.7935300207067638E-8,3.6243016619840739E-8,3.6512213425978469E-8,3.3632114225861557E-8],[3.0763400449257657E-8,3.3632114225861557E-8,3.3305616974080607E-8,3.5016783760067488E-8,3.3305616974080607E-8,3.3632114225861557E-8,3.0763400449257657E-8]],[[3.2498400273925941E-8,3.5412870194513386E-8,3.5081409179376349E-8,3.6820335280959365E-8,3.5081409179376349E-8,3.5412870194513386E-8,3.2498400273925941E-8],[3.5412870194513386E-8,3.8336244812963659E-8,3.8063199882649891E-8,3.9781296961940007E-8,3.8063199882649891E-8,3.8336244812963659E-8,3.5412870194513386E-8],[3.5081409179376349E-8,3.8063199882649891E-8,3.892365584723657E-8,3.9785650003386964E-8,3.892365584723657E-8,3.8063199882649891E-8,3.5081409179376349E-8],[3.6820335280959365E-8,3.9781296961940007E-8,3.9785650003386964E-8,4.1383841026586095E-8,3.9785650003386964E-8,3.9781296961940007E-8,3.6820335280959365E-8],[3.5081409179376349E-8,3.8063199882649891E-8,3.892365584723657E-8,3.9785650003386964E-8,3.892365584723657E-8,3.8063199882649891E-8,3.5081409179376349E-8],[3.5412870194513386E-8,3.8336244812963659E-8,3.8063199882649891E-8,3.9781296961940007E-8,3.8063199882649891E-8,3.8336244812963659E-8,3.5412870194513386E-8],[3.2498400273925941E-8,3.5412870194513386E-8,3.5081409179376349E-8,3.6820335280959365E-8,3.5081409179376349E-8,3.5412870194513386E-8,3.2498400273925941E-8]],[[3.4260596455267426E-8,3.7219984847676705E-8,3.6883634353452572E-8,3.8649780601004904E-8,3.6883634353452572E-8,3.7219984847676705E-8,3.4260596455267426E-8],[3.7219984847676705E-8,4.0186012175534546E-8,3.9909160630414655E-8,4.1652673537725341E-8,3.9909160630414655E-8,4.0186012175534546E-8,3.7219984847676705E-8],[3.6883634353452572E-8,3.9909160630414655E-8,4.0782235757231943E-8,4.1656870292547828E-8,4.0782235757231943E-8,3.9909160630414655E-8,3.6883634353452572E-8],[3.8649780601004904E-8,4.1652673537725341E-8,4.1656870292547828E-8,4.3278291235564047E-8,4.1656870292547828E-8,4.1652673537725341E-8,3.8649780601004904E-8],[3.6883634353452572E-8,3.9909160630414655E-8,4.0782235757231943E-8,4.1656870292547828E-8,4.0782235757231943E-8,3.9909160630414655E-8,3.6883634353452572E-8],[3.7219984847676705E-8,4.0186012175534546E-8,3.9909160630414655E-8,4.1652673537725341E-8,3.9909160630414655E-8,4.0186012175534546E-8,3.7219984847676705E-8],[3.4260596455267426E-8,3.7219984847676705E-8,3.6883634353452572E-8,3.8649780601004904E-8,3.6883634353452572E-8,3.7219984847676705E-8,3.4260596455267426E-8]],[[3.604952129350334E-8,3.9053104734493489E-8,3.8711928294330542E-8,4.05048280097581E-8,3.8711928294330542E-8,3.9053104734493489E-8,3.604952129350334E-8],[3.9053104734493489E-8,4.2061253284444033E-8,4.1780629907930063E-8,4.3549218015533656E-8,4.1780629907930063E-8,4.2061253284444033E-8,3.9053104734493489E-8],[3.8711928294330542E-8,4.1780629907930063E-8,4.266616256409681E-8,4.3553275662434032E-8,4.266616256409681E-8,4.1780629907930063E-8,3.8711928294330542E-8],[4.05048280097581E-8,4.3549218015533656E-8,4.3553275662434032E-8,4.5197643351520851E-8,4.3553275662434032E-8,4.3549218015533656E-8,4.05048280097581E-8],[3.8711928294330542E-8,4.1780629907930063E-8,4.266616256409681E-8,4.3553275662434032E-8,4.266616256409681E-8,4.1780629907930063E-8,3.8711928294330542E-8],[3.9053104734493489E-8,4.2061253284444033E-8,4.1780629907930063E-8,4.3549218015533656E-8,4.1780629907930063E-8,4.2061253284444033E-8,3.9053104734493489E-8],[3.604952129350334E-8,3.9053104734493489E-8,3.8711928294330542E-8,4.05048280097581E-8,3.8711928294330542E-8,3.9053104734493489E-8,3.604952129350334E-8]],[[3.7864772009168869E-8,4.0911929466859867E-8,4.0565980979048995E-8,4.2385232399186273E-8,4.0565980979048995E-8,4.0911929466859867E-8,3.7864772009168869E-8],[4.0911929466859867E-8,4.3961749717535972E-8,4.3677383236071438E-8,4.5470757121946787E-8,4.3677383236071438E-8,4.3961749717535972E-8,4.0911929466859867E-8],[4.0565980979048995E-8,4.3677383236071438E-8,4.4575236471125115E-8,4.5474691031724249E-8,4.4575236471125115E-8,4.3677383236071438E-8,4.0565980979048995E-8],[4.2385232399186273E-8,4.5470757121946787E-8,4.5474691031724249E-8,4.7141766308474084E-8,4.5474691031724249E-8,4.5470757121946787E-8,4.2385232399186273E-8],[4.0565980979048995E-8,4.3677383236071438E-8,4.4575236471125115E-8,4.5474691031724249E-8,4.4575236471125115E-8,4.3677383236071438E-8,4.0565980979048995E-8],[4.0911929466859867E-8,4.3961749717535972E-8,4.3677383236071438E-8,4.5470757121946787E-8,4.3677383236071438E-8,4.3961749717535972E-8,4.0911929466859867E-8],[3.7864772009168869E-8,4.0911929466859867E-8,4.0565980979048995E-8,4.2385232399186273E-8,4.0565980979048995E-8,4.0911929466859867E-8,3.7864772009168869E-8]],[[3.9706004041684364E-8,4.2796206366056062E-8,4.2445531076620537E-8,4.4290790642852527E-8,4.2445531076620537E-8,4.2796206366056062E-8,3.9706004041684364E-8],[4.2796206366056062E-8,4.5887322541180973E-8,4.5599236216889648E-8,4.74171524903762E-8,4.5599236216889648E-8,4.5887322541180973E-8,4.2796206366056062E-8],[4.2445531076620537E-8,4.5599236216889648E-8,4.650929527944746E-8,4.7420976430387337E-8,4.650929527944746E-8,4.5599236216889648E-8,4.2445531076620537E-8],[4.4290790642852527E-8,4.74171524903762E-8,4.7420976430387337E-8,4.911055974454565E-8,4.7420976430387337E-8,4.74171524903762E-8,4.4290790642852527E-8],[4.2445531076620537E-8,4.5599236216889648E-8,4.650929527944746E-8,4.7420976430387337E-8,4.650929527944746E-8,4.5599236216889648E-8,4.2445531076620537E-8],[4.2796206366056062E-8,4.5887322541180973E-8,4.5599236216889648E-8,4.74171524903762E-8,4.5599236216889648E-8,4.5887322541180973E-8,4.2796206366056062E-8],[3.9706004041684364E-8,4.2796206366056062E-8,4.2445531076620537E-8,4.4290790642852527E-8,4.2445531076620537E-8,4.2796206366056062E-8,3.9706004041684364E-8]],[[4.1572925106813082E-8,4.4705725705370265E-8,4.4350361075659666E-8,4.6221337484781717E-8,4.4350361075659666E-8,4.4705725705370265E-8,4.1572925106813082E-8],[4.4705725705370265E-8,4.7837828464002127E-8,4.754604062106255E-8,4.9388297325806039E-8,4.754604062106255E-8,4.7837828464002127E-8,4.4705725705370265E-8],[4.4350361075659666E-8,4.754604062106255E-8,4.8468210751755407E-8,4.9392023640026996E-8,4.8468210751755407E-8,4.754604062106255E-8,4.4350361075659666E-8],[4.6221337484781717E-8,4.9388297325806039E-8,4.9392023640026996E-8,5.1103951131045996E-8,4.9392023640026996E-8,4.9388297325806039E-8,4.6221337484781717E-8],[4.4350361075659666E-8,4.754604062106255E-8,4.8468210751755407E-8,4.9392023640026996E-8,4.8468210751755407E-8,4.754604062106255E-8,4.4350361075659666E-8],[4.4705725705370265E-8,4.7837828464002127E-8,4.754604062106255E-8,4.9388297325806039E-8,4.754604062106255E-8,4.7837828464002127E-8,4.4705725705370265E-8],[4.1572925106813082E-8,4.4705725705370265E-8,4.4350361075659666E-8,4.6221337484781717E-8,4.4350361075659666E-8,4.4705725705370265E-8,4.1572925106813082E-8]],[[4.3465289921519332E-8,4.6640316477678944E-8,4.6280292952546725E-8,4.8176741876994384E-8,4.6280292952546725E-8,4.6640316477678944E-8,4.3465289921519332E-8],[4.6640316477678944E-8,4.9813156407404763E-8,4.9517680900639265E-8,5.1384113425841849E-8,4.9517680900639265E-8,4.9813156407404763E-8,4.6640316477678944E-8],[4.6280292952546725E-8,4.9517680900639265E-8,5.0451885368323417E-8,5.1387753193488571E-8,5.0451885368323417E-8,4.9517680900639265E-8,4.6280292952546725E-8],[4.8176741876994384E-8,5.1384113425841849E-8,5.1387753193488571E-8,5.3121893202493708E-8,5.1387753193488571E-8,5.1384113425841849E-8,4.8176741876994384E-8],[4.6280292952546725E-8,4.9517680900639265E-8,5.0451885368323417E-8,5.1387753193488571E-8,5.0451885368323417E-8,4.9517680900639265E-8,4.6280292952546725E-8],[4.6640316477678944E-8,4.9813156407404763E-8,4.9517680900639265E-8,5.1384113425841849E-8,4.9517680900639265E-8,4.9813156407404763E-8,4.6640316477678944E-8],[4.3465289921519332E-8,4.6640316477678944E-8,4.6280292952546725E-8,4.8176741876994384E-8,4.6280292952546725E-8,4.6640316477678944E-8,4.3465289921519332E-8]],[[4.5382895516265165E-8,4.859984262589629E-8,4.8235184315496652E-8,5.0156903712568653E-8,4.8235184315496652E-8,4.859984262589629E-8,4.5382895516265165E-8],[4.859984262589629E-8,5.1813224444328709E-8,5.1514071077194076E-8,5.3404548516855669E-8,5.1514071077194076E-8,5.1813224444328709E-8,4.859984262589629E-8],[4.8235184315496652E-8,5.1514071077194076E-8,5.2460249429613335E-8,5.3408111692185395E-8,5.2460249429613335E-8,5.1514071077194076E-8,4.8235184315496652E-8],[5.0156903712568653E-8,5.3404548516855669E-8,5.3408111692185395E-8,5.5164361653431791E-8,5.3408111692185395E-8,5.3404548516855669E-8,5.0156903712568653E-8],[4.8235184315496652E-8,5.1514071077194076E-8,5.2460249429613335E-8,5.34081