{"M_cells":[[[0,0,0,0,0,0],[0,0,0,0,0,0],[0,0,0,0,0,0],[0,0,0,0,0,0],[0,0,0,0,0,0],[0,0,0,0,0,0]],[[0.00072512624167136617,0.0017727967258159305,0.0022332588766171956,0.0022332588766171956,0.0017727967258159305,0.00072512624167136617],[0.0017727967258159305,0.0033537790222791519,0.0041146890085962213,0.0041146890085962213,0.0033537790222791519,0.0017727967258159305],[0.0022332588766171956,0.0041146890085962213,0.0050258598845862625,0.0050258598845862625,0.0041146890085962213,0.0022332588766171956],[0.0022332588766171956,0.0041146890085962213,0.0050258598845862625,0.0050258598845862625,0.0041146890085962213,0.0022332588766171956],[0.0017727967258159305,0.0033537790222791519,0.0041146890085962213,0.0041146890085962213,0.0033537790222791519,0.0017727967258159305],[0.00072512624167136617,0.0017727967258159305,0.0022332588766171956,0.0022332588766171956,0.0017727967258159305,0.00072512624167136617]],[[0.0028072997962171921,0.004431461093039709,0.0051943415130835347,0.0051943415130835347,0.004431461093039709,0.0028072997962171921],[0.004431461093039709,0.0061673439492809876,0.0070521557379694894,0.0070521557379694894,0.0061673439492809876,0.004431461093039709],[0.0051943415130835347,0.0070521557379694894,0.00799795304033869,0.00799795304033869,0.0070521557379694894,0.0051943415130835347],[0.0051943415130835347,0.0070521557379694894,0.00799795304033869,0.00799795304033869,0.0070521557379694894,0.0051943415130835347],[0.004431461093039709,0.0061673439492809876,0.0070521557379694894,0.0070521557379694894,0.0061673439492809876,0.004431461093039709],[0.0028072997962171921,0.004431461093039709,0.0051943415130835347,0.0051943415130835347,0.004431461093039709,0.0028072997962171921]],[[0.005406649429888521,0.0072136160059393635,0.0080927794328087832,0.0080927794328087832,0.0072136160059393635,0.005406649429888521],[0.0072136160059393635,0.0089902906152274972,0.00991474433031299,0.00991474433031299,0.0089902906152274972,0.0072136160059393635],[0.0080927794328087832,0.00991474433031299,0.010861850718953016,0.010861850718953016,0.00991474433031299,0.0080927794328087849],[0.0080927794328087832,0.00991474433031299,0.010861850718953016,0.010861850718953016,0.00991474433031299,0.0080927794328087849],[0.0072136160059393635,0.0089902906152274972,0.00991474433031299,0.00991474433031299,0.0089902906152274972,0.0072136160059393635],[0.005406649429888521,0.0072136160059393635,0.0080927794328087849,0.0080927794328087849,0.0072136160059393635,0.005406649429888521]],[[0.0081685920403518977,0.01003356267248868,0.010955696406452841,0.010955696406452841,0.01003356267248868,0.0081685920403518977],[0.01003356267248868,0.011824627538263551,0.01276343885703711,0.01276343885703711,0.011824627538263551,0.01003356267248868],[0.010955696406452841,0.01276343885703711,0.01371059174552967,0.01371059174552967,0.01276343885703711,0.010955696406452841],[0.010955696406452841,0.01276343885703711,0.01371059174552967,0.01371059174552967,0.01276343885703711,0.010955696406452841],[0.01003356267248868,0.011824627538263551,0.01276343885703711,0.01276343885703711,0.011824627538263551,0.01003356267248868],[0.0081685920403518977,0.01003356267248868,0.010955696406452841,0.010955696406452841,0.01003356267248868,0.0081685920403518977]],[[0.010982975643795058,0.012867114238137937,0.013805061532711034,0.013805061532711032,0.012867114238137937,0.010982975643795058],[0.012867114238137937,0.014663443235544381,0.015607524826453917,0.015607524826453917,0.014663443235544381,0.012867114238137937],[0.013805061532711034,0.015607524826453917,0.016554674585310597,0.016554674585310597,0.015607524826453913,0.013805061532711034],[0.013805061532711032,0.015607524826453917,0.016554674585310597,0.016554674585310597,0.015607524826453913,0.013805061532711032],[0.012867114238137937,0.014663443235544381,0.015607524826453913,0.015607524826453913,0.014663443235544379,0.012867114238137937],[0.010982975643795058,0.012867114238137937,0.013805061532711034,0.013805061532711032,0.012867114238137937,0.010982975643795058]],[[0.013814952789677834,0.015705649226948677,0.016649411342663945,0.016649411342663945,0.015705649226948677,0.013814952789677834],[0.015705649226948677,0.0175039072494052,0.018449923940196462,0.018449923940196462,0.0175039072494052,0.015705649226948677],[0.016649411342663945,0.018449923940196462,0.019397068290866171,0.019397068290866171,0.018449923940196462,0.016649411342663945],[0.016649411342663945,0.018449923940196462,0.019397068290866171,0.019397068290866171,0.018449923940196459,0.016649411342663945],[0.015705649226948677,0.0175039072494052,0.018449923940196462,0.018449923940196459,0.017503907249405197,0.015705649226948674],[0.013814952789677834,0.015705649226948677,0.016649411342663945,0.016649411342663945,0.015705649226948674,0.013814952789677832]],[[0.0166530134690131,0.018546006832127461,0.019491904843368456,0.019491904843368456,0.018546006832127461,0.0166530134690131],[0.018546006832127461,0.020344968164013384,0.021291693411360762,0.021291693411360762,0.020344968164013384,0.018546006832127461],[0.019491904843368456,0.021291693411360762,0.022238832410459711,0.022238832410459711,0.021291693411360762,0.019491904843368456],[0.019491904843368456,0.021291693411360762,0.022238832410459711,0.022238832410459711,0.021291693411360762,0.019491904843368456],[0.018546006832127461,0.020344968164013384,0.021291693411360762,0.021291693411360762,0.020344968164013384,0.018546006832127461],[0.0166530134690131,0.018546006832127461,0.019491904843368456,0.019491904843368456,0.018546006832127461,0.0166530134690131]],[[0.019493217680523221,0.021387025304361096,0.022333705852752784,0.022333705852752784,0.021387025304361096,0.019493217680523221],[0.021387025304361096,0.0231862394863011,0.024133222272506458,0.024133222272506458,0.0231862394863011,0.021387025304361096],[0.022333705852752784,0.024133222272506458,0.025080356223117436,0.025080356223117436,0.024133222272506458,0.022333705852752784],[0.022333705852752784,0.024133222272506458,0.025080356223117436,0.025080356223117436,0.024133222272506458,0.022333705852752784],[0.021387025304361096,0.0231862394863011,0.024133222272506458,0.024133222272506458,0.0231862394863011,0.021387025304361096],[0.019493217680523221,0.021387025304361096,0.022333705852752784,0.022333705852752784,0.021387025304361096,0.019493217680523221]],[[0.022334182218842868,0.024228277933207414,0.025175243313726611,0.025175243313726611,0.024228277933207414,0.022334182218842868],[0.024228277933207414,0.026027579649358458,0.026974654256169534,0.026974654256169534,0.026027579649358458,0.024228277933207414],[0.025175243313726611,0.026974654256169534,0.027921783488787051,0.027921783488787051,0.026974654256169534,0.025175243313726611],[0.025175243313726611,0.026974654256169534,0.027921783488787051,0.027921783488787051,0.026974654256169534,0.025175243313726611],[0.024228277933207414,0.026027579649358458,0.026974654256169534,0.026974654256169534,0.026027579649358458,0.024228277933207414],[0.022334182218842868,0.024228277933207414,0.025175243313726611,0.025175243313726611,0.024228277933207414,0.022334182218842868]],[[0.025175413492224335,0.027069608328710942,0.028016675631366179,0.028016675631366179,0.027069608328710942,0.025175413492224335],[0.027069608328710942,0.028868937106457614,0.029816042751299975,0.029816042751299975,0.028868937106457614,0.027069608328710942],[0.028016675631366179,0.029816042751299975,0.03076316756742855,0.03076316756742855,0.029816042751299971,0.028016675631366179],[0.028016675631366179,0.029816042751299975,0.03076316756742855,0.03076316756742855,0.029816042751299971,0.028016675631366179],[0.027069608328710942,0.028868937106457614,0.029816042751299971,0.029816042751299971,0.028868937106457611,0.027069608328710942],[0.025175413492224335,0.027069608328710942,0.028016675631366179,0.028016675631366179,0.027069608328710942,0.025175413492224335]],[[0.028016733735671998,0.0299109594530227,0.030858061557889713,0.030858061557889713,0.0299109594530227,0.028016733735671998],[0.0299109594530227,0.031710293329100449,0.032657407804213279,0.032657407804213279,0.031710293329100449,0.0299109594530227],[0.030858061557889713,0.032657407804213279,0.033604528459665918,0.033604528459665918,0.032657407804213279,0.030858061557889713],[0.030858061557889713,0.032657407804213279,0.033604528459665918,0.033604528459665918,0.032657407804213279,0.030858061557889713],[0.0299109594530227,0.031710293329100449,0.032657407804213279,0.032657407804213279,0.031710293329100449,0.0299109594530227],[0.028016733735671998,0.0299109594530227,0.030858061557889713,0.030858061557889713,0.0299109594530227,0.028016733735671998]],[[0.030858078743169672,0.032752310722744406,0.03369942307956187,0.03369942307956187,0.032752310722744406,0.030858078743169672],[0.032752310722744406,0.034551641841472705,0.035498757099557333,0.035498757099557333,0.034551641841472705,0.032752310722744406],[0.03369942307956187,0.035498757099557333,0.036445873801267778,0.036445873801267778,0.035498757099557333,0.03369942307956187],[0.03369942307956187,0.035498757099557333,0.036445873801267778,0.036445873801267778,0.035498757099557333,0.03369942307956187],[0.032752310722744406,0.034551641841472705,0.035498757099557333,0.035498757099557333,0.034551641841472705,0.032752310722744406],[0.030858078743169672,0.032752310722744406,0.03369942307956187,0.03369942307956187,0.032752310722744406,0.030858078743169672]],[[0.033699425426414756,0.035593654874268292,0.036540768564000674,0.036540768564000674,0.035593654874268292,0.033699425426414756],[0.035593654874268292,0.037392980513990731,0.038340093687686434,0.038340093687686434,0.037392980513990731,0.035593654874268292],[0.036540768564000674,0.038340093687686434,0.039287206595136029,0.039287206595136029,0.038340093687686434,0.036540768564000674],[0.036540768564000674,0.038340093687686434,0.039287206595136029,0.039287206595136029,0.038340093687686434,0.036540768564000674],[0.035593654874268292,0.037392980513990731,0.038340093687686434,0.038340093687686434,0.037392980513990731,0.035593654874268292],[0.033699425426414756,0.035593654874268292,0.036540768564000674,0.036540768564000674,0.035593654874268292,0.033699425426414756]],[[0.036540765608645651,0.038434989458888361,0.039382101284361044,0.039382101284361044,0.038434989458888361,0.036540765608645651],[0.038434989458888361,0.04023430873461209,0.04118141883451653,0.04118141883451653,0.04023430873461209,0.038434989458888361],[0.039382101284361044,0.04118141883451653,0.04212852806254952,0.04212852806254952,0.04118141883451653,0.039382101284361044],[0.039382101284361044,0.04118141883451653,0.04212852806254952,0.04212852806254952,0.04118141883451653,0.039382101284361044],[0.038434989458888361,0.04023430873461209,0.04118141883451653,0.04118141883451653,0.04023430873461209,0.038434989458888361],[0.036540765608645651,0.038434989458888361,0.039382101284361044,0.039382101284361044,0.038434989458888361,0.036540765608645651]],[[0.039382096487556181,0.041276313720013856,0.042223422562076514,0.042223422562076514,0.041276313720013856,0.039382096487556181],[0.041276313720013856,0.043075626374052961,0.044022733075866148,0.044022733075866148,0.043075626374052961,0.041276313720013856],[0.042223422562076514,0.044022733075866148,0.044969838697729594,0.044969838697729594,0.044022733075866148,0.042223422562076514],[0.042223422562076514,0.044022733075866148,0.044969838697729594,0.044969838697729594,0.044022733075866148,0.042223422562076514],[0.041276313720013856,0.043075626374052961,0.044022733075866148,0.044022733075866148,0.043075626374052961,0.041276313720013856],[0.039382096487556181,0.041276313720013856,0.042223422562076514,0.042223422562076514,0.041276313720013856,0.039382096487556181]],[[0.042223417154367129,0.044117627449894566,0.045064732928688053,0.045064732928688053,0.044117627449894566,0.042223417154367129],[0.044117627449894566,0.04591693341028219,0.046864036610368004,0.046864036610368004,0.04591693341028219,0.044117627449894566],[0.045064732928688053,0.046864036610368004,0.047811138660570067,0.047811138660570067,0.046864036610368004,0.045064732928688053],[0.045064732928688053,0.046864036610368004,0.047811138660570067,0.047811138660570067,0.046864036610368004,0.045064732928688053],[0.044117627449894566,0.04591693341028219,0.046864036610368004,0.046864036610368004,0.04591693341028219,0.044117627449894566],[0.042223417154367129,0.044117627449894566,0.045064732928688053,0.045064732928688053,0.044117627449894566,0.042223417154367129]],[[0.045064727323411991,0.046958930573932439,0.047906032558053632,0.047906032558053632,0.046958930573932439,0.045064727323411991],[0.046958930573932439,0.048758229794865195,0.049705329448301944,0.049705329448301944,0.048758229794865195,0.046958930573932439],[0.047906032558053632,0.049705329448301944,0.050652427925160212,0.050652427925160212,0.049705329448301944,0.047906032558053632],[0.047906032558053632,0.049705329448301944,0.050652427925160212,0.050652427925160212,0.049705329448301944,0.047906032558053632],[0.046958930573932439,0.048758229794865195,0.049705329448301944,0.049705329448301944,0.048758229794865195,0.046958930573932439],[0.045064727323411991,0.046958930573932439,0.047906032558053632,0.047906032558053632,0.046958930573932439,0.045064727323411991]],[[0.047906026870531616,0.04980022300199706,0.050747321429405176,0.050747321429405176,0.04980022300199706,0.047906026870531616],[0.04980022300199706,0.051599515407623524,0.052546611469966725,0.052546611469966725,0.051599515407623524,0.04980022300199706],[0.050747321429405176,0.052546611469966725,0.053493706337819573,0.053493706337819573,0.052546611469966725,0.050747321429405176],[0.050747321429405176,0.052546611469966725,0.053493706337819573,0.053493706337819573,0.052546611469966725,0.050747321429405176],[0.04980022300199706,0.051599515407623524,0.052546611469966725,0.052546611469966725,0.051599515407623524,0.04980022300199706],[0.047906026870531616,0.04980022300199706,0.050747321429405176,0.050747321429405176,0.04980022300199706,0.047906026870531616]],[[0.050747315667528804,0.052641504577340154,0.053588599390741065,0.053588599390741065,0.052641504577340154,0.050747315667528804],[0.052641504577340154,0.0544407900431792,0.055387882450173183,0.055387882450173183,0.0544407900431792,0.052641504577340154],[0.053588599390741065,0.055387882450173183,0.056334973641262449,0.056334973641262449,0.055387882450173183,0.053588599390741065],[0.053588599390741065,0.055387882450173183,0.056334973641262449,0.056334973641262449,0.055387882450173183,0.053588599390741065],[0.052641504577340154,0.0544407900431792,0.055387882450173183,0.055387882450173183,0.0544407900431792,0.052641504577340154],[0.050747315667528804,0.052641504577340154,0.053588599390741065,0.053588599390741065,0.052641504577340154,0.050747315667528804]],[[0.053588593524738964,0.055482775060818772,0.056429866184969646,0.056429866184969646,0.055482775060818772,0.053588593524738964],[0.055482775060818772,0.057282053408663124,0.058229142069723572,0.058229142069723572,0.057282053408663124,0.055482775060818772],[0.056429866184969646,0.058229142069723572,0.059176229485768818,0.059176229485768818,0.058229142069723572,0.056429866184969646],[0.056429866184969646,0.058229142069723572,0.059176229485768818,0.059176229485768818,0.058229142069723572,0.056429866184969646],[0.055482775060818772,0.057282053408663124,0.058229142069723572,0.058229142069723572,0.057282053408663124,0.055482775060818772],[0.053588593524738964,0.055482775060818772,0.056429866184969646,0.056429866184969646,0.055482775060818772,0.053588593524738964]],[[0.05642986017275723,0.058324034127572519,0.059271121461818906,0.059271121461818906,0.058324034127572519,0.05642986017275723],[0.058324034127572519,0.060123305125020891,0.061070389921605669,0.061070389921605669,0.060123305125020891,0.058324034127572519],[0.059271121461818906,0.061070389921605669,0.062017473435092917,0.062017473435092917,0.061070389921605669,0.059271121461818906],[0.059271121461818906,0.061070389921605669,0.062017473435092917,0.06201747343509291,0.061070389921605669,0.059271121461818906],[0.058324034127572519,0.060123305125020891,0.061070389921605669,0.061070389921605669,0.060123305125020891,0.058324034127572519],[0.05642986017275723,0.058324034127572519,0.059271121461818906,0.059271121461818906,0.058324034127572519,0.05642986017275723]],[[0.059271115258034211,0.061165281367770614,0.062112364784019054,0.062112364784019054,0.061165281367770621,0.059271115258034218],[0.061165281367770614,0.062964544729159008,0.063911625514775708,0.063911625514775708,0.062964544729159008,0.061165281367770621],[0.062112364784019054,0.063911625514775708,0.064858704969982653,0.064858704969982653,0.063911625514775708,0.062112364784019054],[0.062112364784019054,0.063911625514775708,0.064858704969982653,0.064858704969982653,0.063911625514775708,0.062112364784019054],[0.061165281367770621,0.062964544729159008,0.063911625514775708,0.063911625514775708,0.062964544729159008,0.061165281367770621],[0.059271115258034218,0.061165281367770621,0.062112364784019054,0.062112364784019054,0.061165281367770621,0.059271115258034218]],[[0.062112358343080577,0.0640065162884022,0.064953595630930325,0.064953595630930325,0.0640065162884022,0.062112358343080584],[0.0640065162884022,0.0658057716759677,0.066752848276631957,0.066752848276631957,0.0658057716759677,0.0640065162884022],[0.064953595630930325,0.066752848276631957,0.067699923490410721,0.067699923490410721,0.066752848276631957,0.064953595630930325],[0.064953595630930325,0.066752848276631957,0.067699923490410721,0.067699923490410721,0.066752848276631957,0.064953595630930325],[0.0640065162884022,0.0658057716759677,0.066752848276631957,0.066752848276631957,0.0658057716759677,0.0640065162884022],[0.062112358343080584,0.0640065162884022,0.064953595630930325,0.064953595630930325,0.0640065162884022,0.062112358343080584]],[[0.06495358890791661,0.066847738315018945,0.067794813400818041,0.067794813400818041,0.066847738315018945,0.06495358890791661],[0.066847738315018945,0.06864698533989004,0.069594057554612107,0.069594057554612107,0.06864698533989004,0.066847738315018945],[0.067794813400818041,0.069594057554612107,0.070541128316947532,0.070541128316947532,0.069594057554612107,0.067794813400818041],[0.067794813400818041,0.069594057554612107,0.070541128316947532,0.070541128316947532,0.069594057554612107,0.067794813400818041],[0.066847738315018945,0.06864698533989004,0.069594057554612107,0.069594057554612107,0.06864698533989004,0.066847738315018945],[0.06495358890791661,0.066847738315018945,0.067794813400818041,0.067794813400818041,0.066847738315018945,0.06495358890791661]],[[0.067794806351563278,0.0696889467930683,0.070636017412245622,0.070636017412245622,0.0696889467930683,0.067794806351563278],[0.0696889467930683,0.071488185015950431,0.072435252617103166,0.072435252617103166,0.071488185015950431,0.0696889467930683],[0.070636017412245622,0.072435252617103166,0.073382318691463846,0.073382318691463846,0.072435252617103166,0.070636017412245622],[0.070636017412245622,0.072435252617103166,0.073382318691463846,0.073382318691463846,0.072435252617103166,0.070636017412245622],[0.0696889467930683,0.071488185015950431,0.072435252617103166,0.072435252617103166,0.071488185015950431,0.0696889467930683],[0.067794806351563278,0.0696889467930683,0.070636017412245622,0.070636017412245622,0.0696889467930683,0.067794806351563278]],[[0.070636009993165674,0.07253014098870976,0.073477206904785056,0.073477206904785056,0.07253014098870976,0.070636009993165674],[0.07253014098870976,0.074329369920233243,0.075276432653756137,0.075276432653756137,0.074329369920233243,0.07253014098870976],[0.073477206904785056,0.075276432653756137,0.07622349377725203,0.07622349377725203,0.075276432653756137,0.073477206904785056],[0.073477206904785056,0.075276432653756137,0.07622349377725203,0.07622349377725203,0.075276432653756137,0.073477206904785056],[0.07253014098870976,0.074329369920233243,0.075276432653756137,0.075276432653756137,0.074329369920233243,0.07253014098870976],[0.070636009993165674,0.07253014098870976,0.073477206904785056,0.073477206904785056,0.07253014098870976,0.070636009993165674]],[[0.07347719907261574,0.075371320089093377,0.076318381039141209,0.076318381039141209,0.075371320089093377,0.07347719907261574],[0.075371320089093377,0.0771705391898276,0.078117596775259049,0.078117596775259049,0.0771705391898276,0.075371320089093377],[0.076318381039141209,0.078117596775259049,0.0790646526586187,0.0790646526586187,0.078117596775259049,0.076318381039141209],[0.076318381039141209,0.078117596775259049,0.0790646526586187,0.0790646526586187,0.078117596775259049,0.076318381039141209],[0.075371320089093377,0.0771705391898276,0.078117596775259049,0.078117596775259049,0.0771705391898276,0.075371320089093377],[0.07347719907261574,0.075371320089093377,0.076318381039141209,0.076318381039141209,0.075371320089093377,0.07347719907261574]],[[0.076318372750659683,0.078212483202122762,0.079159538896747358,0.079159538896747358,0.078212483202122762,0.076318372750659683],[0.078212483202122762,0.080011691882268976,0.0809587440126098,0.0809587440126098,0.080011691882268976,0.078212483202122762],[0.079159538896747358,0.0809587440126098,0.081905794339988042,0.081905794339988042,0.0809587440126098,0.079159538896747358],[0.079159538896747358,0.0809587440126098,0.081905794339988042,0.081905794339988042,0.0809587440126098,0.079159538896747358],[0.078212483202122762,0.080011691882268976,0.0809587440126098,0.0809587440126098,0.080011691882268976,0.078212483202122762],[0.076318372750659683,0.078212483202122762,0.079159538896747358,0.079159538896747358,0.078212483202122762,0.076318372750659683]],[[0.079159530108496648,0.081053629355724174,0.082000679478869076,0.082000679478869076,0.081053629355724174,0.079159530108496648],[0.081053629355724174,0.082852826974502608,0.0837998733159175,0.0837998733159175,0.082852826974502608,0.081053629355724174],[0.082000679478869076,0.0837998733159175,0.084746917744542613,0.084746917744542613,0.0837998733159175,0.082000679478869076],[0.082000679478869076,0.0837998733159175,0.084746917744542613,0.084746917744542613,0.0837998733159175,0.082000679478869076],[0.081053629355724174,0.082852826974502608,0.0837998733159175,0.0837998733159175,0.082852826974502608,0.081053629355724174],[0.079159530108496648,0.081053629355724174,0.082000679478869076,0.082000679478869076,0.081053629355724174,0.079159530108496648]],[[0.082000670146892871,0.08389475749663991,0.0848418017052382,0.0848418017052382,0.08389475749663991,0.082000670146892871],[0.08389475749663991,0.085693943361384764,0.086640983552748713,0.086640983552748713,0.085693943361384764,0.08389475749663991],[0.0848418017052382,0.086640983552748713,0.087588021712417113,0.087588021712417113,0.086640983552748713,0.0848418017052382],[0.0848418017052382,0.086640983552748713,0.087588021712417113,0.087588021712417113,0.086640983552748713,0.0848418017052382],[0.08389475749663991,0.085693943361384764,0.086640983552748713,0.086640983552748713,0.085693943361384764,0.08389475749663991],[0.082000670146892871,0.08389475749663991,0.0848418017052382,0.0848418017052382,0.08389475749663991,0.082000670146892871]],[[0.0848417917848284,0.0867358664887757,0.087682904412249407,0.087682904412249407,0.0867358664887757,0.0848417917848284],[0.0867358664887757,0.088535039853751135,0.0894820735060485,0.0894820735060485,0.088535039853751135,0.0867358664887757],[0.087682904412249407,0.0894820735060485,0.090429104998473286,0.090429104998473286,0.0894820735060485,0.087682904412249407],[0.087682904412249407,0.0894820735060485,0.090429104998473286,0.090429104998473286,0.0894820735060485,0.087682904412249407],[0.0867358664887757,0.088535039853751135,0.0894820735060485,0.0894820735060485,0.088535039853751135,0.0867358664887757],[0.0848417917848284,0.0867358664887757,0.087682904412249407,0.087682904412249407,0.0867358664887757,0.0848417917848284]],[[0.087682893857699076,0.089576955111110856,0.090523986350719968,0.090523986350719968,0.089576955111110856,0.087682893857699076],[0.089576955111110856,0.091376115176056136,0.092323141871635178,0.092323141871635178,0.091376115176056136,0.089576955111110856],[0.090523986350719968,0.092323141871635178,0.0932701662696534,0.0932701662696534,0.092323141871635178,0.090523986350719968],[0.090523986350719968,0.092323141871635178,0.0932701662696534,0.0932701662696534,0.092323141871635178,0.090523986350719968],[0.089576955111110856,0.091376115176056136,0.092323141871635178,0.092323141871635178,0.091376115176056136,0.089576955111110856],[0.087682893857699076,0.089576955111110856,0.090523986350719968,0.090523986350719968,0.089576955111110856,0.087682893857699076]],[[0.0905239751150942,0.092418022055191729,0.093365046183243774,0.093365046183243774,0.092418022055191729,0.0905239751150942],[0.092418022055191729,0.094217167963605311,0.095164187255295,0.095164187255295,0.094217167963605311,0.092418022055191729],[0.093365046183243774,0.095164187255295,0.096111204101937991,0.096111204101937991,0.095164187255295,0.093365046183243774],[0.093365046183243774,0.095164187255295,0.096111204101937991,0.096111204101937991,0.095164187255295,0.093365046183243774],[0.092418022055191729,0.094217167963605311,0.095164187255295,0.095164187255295,0.094217167963605311,0.092418022055191729],[0.0905239751150942,0.092418022055191729,0.093365046183243774,0.093365046183243774,0.092418022055191729,0.0905239751150942]],[[0.09336503421814861,0.095259065922217417,0.096206082481139335,0.096206082481139335,0.095259065922217417,0.09336503421814861],[0.095259065922217417,0.09705819675938504,0.098005208169476332,0.098005208169476332,0.09705819675938504,0.095259065922217417],[0.096206082481139335,0.098005208169476332,0.098952216976905455,0.098952216976905455,0.098005208169476332,0.096206082481139335],[0.096206082481139335,0.098005208169476332,0.098952216976905455,0.098952216976905455,0.098005208169476332,0.096206082481139335],[0.095259065922217417,0.09705819675938504,0.098005208169476332,0.098005208169476332,0.09705819675938504,0.095259065922217417],[0.09336503421814861,0.095259065922217417,0.096206082481139335,0.096206082481139335,0.095259065922217417,0.09336503421814861]],[[0.0962060697365031,0.098100085219720662,0.099047093720995752,0.099047093720995752,0.098100085219720662,0.0962060697365031],[0.098100085219720662,0.099899200010491185,0.10084620302958514,0.10084620302958514,0.099899200010491185,0.098100085219720662],[0.099047093720995752,0.10084620302958514,0.10179320327789548,0.10179320327789548,0.10084620302958514,0.099047093720995752],[0.099047093720995752,0.10084620302958514,0.10179320327789548,0.10179320327789548,0.10084620302958514,0.099047093720995752],[0.098100085219720662,0.099899200010491185,0.10084620302958514,0.10084620302958514,0.099899200010491185,0.098100085219720662],[0.0962060697365031,0.098100085219720662,0.099047093720995752,0.099047093720995752,0.098100085219720662,0.0962060697365031]],[[0.099047080144844063,0.10094107835785475,0.10188807828082883,0.10188807828082883,0.10094107835785475,0.099047080144844063],[0.10094107835785475,0.10274017606416676,0.10368717014989128,0.10368717014989128,0.10274017606416676,0.10094107835785475],[0.10188807828082883,0.10368717014989128,0.10463416128578334,0.10463416128578334,0.10368717014989128,0.10188807828082883],[0.10188807828082883,0.10368717014989128,0.10463416128578334,0.10463416128578334,0.10368717014989128,0.10188807828082883],[0.10094107835785475,0.10274017606416676,0.10368717014989128,0.10368717014989128,0.10274017606416676,0.10094107835785475],[0.099047080144844063,0.10094107835785475,0.10188807828082883,0.10188807828082883,0.10094107835785475,0.099047080144844063]],[[0.10188806381907306,0.10378204364528971,0.1047290344358395,0.1047290344358395,0.10378204364528971,0.10188806381907306],[0.10378204364528971,0.10558112316344644,0.10652810773903945,0.10652810773903945,0.10558112316344644,0.10378204364528971],[0.1047290344358395,0.10652810773903945,0.10747508917435977,0.10747508917435977,0.10652810773903945,0.1047290344358395],[0.1047290344358395,0.10652810773903945,0.10747508917435977,0.10747508917435977,0.10652810773903945,0.1047290344358395],[0.10378204364528971,0.10558112316344644,0.10652810773903945,0.10652810773903945,0.10558112316344644,0.10378204364528971],[0.10188806381907306,0.10378204364528971,0.1047290344358395,0.1047290344358395,0.10378204364528971,0.10188806381907306]],[[0.10472901903205847,0.10662297928470701,0.10756996035378268,0.10756996035378268,0.10662297928470701,0.10472901903205847],[0.10662297928470701,0.10842203944240245,0.10936901389516507,0.10936901389516507,0.10842203944240245,0.10662297928470701],[0.10756996035378268,0.10936901389516507,0.11031598500531442,0.11031598500531442,0.10936901389516507,0.10756996035378268],[0.10756996035378268,0.10936901389516507,0.11031598500531442,0.11031598500531442,0.10936901389516507,0.10756996035378268],[0.10662297928470701,0.10842203944240245,0.10936901389516507,0.10936901389516507,0.10842203944240245,0.10662297928470701],[0.10472901903205847,0.10662297928470701,0.10756996035378268,0.10756996035378268,0.10662297928470701,0.10472901903205847]],[[0.10756994394900531,0.10946388336790175,0.11041085408993287,0.11041085408993287,0.10946388336790175,0.10756994394900531],[0.10946388336790175,0.11126292292099205,0.11220988660060692,0.11220988660060692,0.11126292292099205,0.10946388336790175],[0.11041085408993287,0.11220988660060692,0.11315684672281456,0.11315684672281456,0.11220988660060692,0.11041085408993287],[0.11041085408993287,0.11220988660060692,0.11315684672281456,0.11315684672281456,0.11220988660060692,0.11041085408993287],[0.10946388336790175,0.11126292292099205,0.11220988660060692,0.11220988660060692,0.11126292292099205,0.10946388336790175],[0.10756994394900531,0.10946388336790175,0.11041085408993287,0.11041085408993287,0.10946388336790175,0.10756994394900531]],[[0.11041083662241899,0.11230475387047878,0.11325171358164939,0.11325171358164939,0.11230475387047878,0.11041083662241899],[0.11230475387047878,0.11410377149949706,0.11505072371621237,0.11505072371621237,0.11410377149949706,0.11230475387047878],[0.11325171358164939,0.11505072371621237,0.11599767214767462,0.11599767214767462,0.11505072371621237,0.11325171358164939],[0.11325171358164939,0.11505072371621237,0.11599767214767462,0.11599767214767462,0.11505072371621237,0.11325171358164939],[0.11230475387047878,0.11410377149949706,0.11505072371621237,0.11505072371621237,0.11410377149949706,0.11230475387047878],[0.11041083662241899,0.11230475387047878,0.11325171358164939,0.11325171358164939,0.11230475387047878,0.11041083662241899]],[[0.11325169498666438,0.11514558864613679,0.11609253664251951,0.11609253664251951,0.11514558864613679,0.11325169498666438],[0.11514558864613679,0.11694458295254379,0.11789152297521775,0.11789152297521775,0.11694458295254379,0.11514558864613679],[0.11609253664251951,0.11789152297521775,0.11883845897109718,0.11883845897109718,0.11789152297521775,0.11609253664251951],[0.11609253664251951,0.11789152297521775,0.11883845897109718,0.11883845897109718,0.11789152297521775,0.11609253664251951],[0.11514558864613679,0.11694458295254379,0.11789152297521775,0.11789152297521775,0.11694458295254379,0.11514558864613679],[0.11325169498666438,0.11514558864613679,0.11609253664251951,0.11609253664251951,0.11514558864613679,0.11325169498666438]],[[0.11609251685211157,0.11798638542053588,0.11893332095609058,0.11893332095609058,0.11798638542053588,0.11609251685211157],[0.11798638542053588,0.11978535492270206,0.12073228197670699,0.12073228197670699,0.11978535492270206,0.11798638542053588],[0.11893332095609058,0.12073228197670699,0.12167920474798913,0.12167920474798913,0.12073228197670699,0.11893332095609058],[0.11893332095609058,0.12073228197670699,0.12167920474798913,0.12167920474798913,0.12073228197670699,0.11893332095609058],[0.11798638542053588,0.11978535492270206,0.12073228197670699,0.12073228197670699,0.11978535492270206,0.11798638542053588],[0.11609251685211157,0.11798638542053588,0.11893332095609058,0.11893332095609058,0.11798638542053588,0.11609251685211157]],[[0.11893329989885412,0.1208271417847305,0.12177406406915965,0.12177406406915965,0.1208271417847305,0.11893329989885412],[0.1208271417847305,0.1226260849136408,0.12357299817862161,0.12357299817862161,0.1226260849136408,0.1208271417847305],[0.12177406406915965,0.12357299817862161,0.12451990688982478,0.12451990688982478,0.12357299817862161,0.12177406406915965],[0.12177406406915965,0.12357299817862161,0.12451990688982478,0.12451990688982478,0.12357299817862161,0.12177406406915965],[0.1208271417847305,0.1226260849136408,0.12357299817862161,0.12357299817862161,0.1226260849136408,0.1208271417847305],[0.11893329989885412,0.1208271417847305,0.12177406406915965,0.12177406406915965,0.1208271417847305,0.11893329989885412]],[[0.12177404166999381,0.12366785518815832,0.12461476338461187,0.12461476338461187,0.12366785518815832,0.12177404166999381],[0.12366785518815832,0.12546677028282927,0.12641366889031058,0.12641366889031058,0.12546677028282927,0.12366785518815832],[0.12461476338461187,0.12641366889031058,0.12736056265704376,0.12736056265704376,0.12641366889031058,0.12461476338461189],[0.12461476338461187,0.12641366889031058,0.12736056265704376,0.12736056265704376,0.12641366889031058,0.12461476338461187],[0.12366785518815832,0.12546677028282927,0.12641366889031058,0.12641366889031058,0.12546677028282927,0.12366785518815832],[0.12177404166999381,0.12366785518815832,0.12461476338461189,0.12461476338461187,0.12366785518815832,0.12177404166999381]],[[0.1246147395644779,0.12650852293116666,0.12745541615379918,0.12745541615379918,0.12650852293116666,0.1246147395644779],[0.12650852293116666,0.12830740823376824,0.12925429126460716,0.12925429126460716,0.12830740823376824,0.12650852293116666],[0.12745541615379918,0.12925429126460716,0.13020116915097085,0.13020116915097085,0.12925429126460716,0.12745541615379918],[0.12745541615379918,0.12925429126460716,0.13020116915097085,0.13020116915097085,0.12925429126460716,0.12745541615379918],[0.12650852293116666,0.12830740823376824,0.12925429126460716,0.12925429126460716,0.12830740823376824,0.12650852293116666],[0.1246147395644779,0.12650852293116666,0.12745541615379918,0.12745541615379918,0.12650852293116666,0.1246147395644779]],[[0.12745539082946006,0.12934914215706841,0.130296019468435,0.130296019468435,0.12934914215706841,0.12745539082946006],[0.12934914215706841,0.13114799580773651,0.13209486228941325,0.13209486228941325,0.13114799580773651,0.12934914215706841],[0.130296019468435,0.13209486228941325,0.13304172330523631,0.13304172330523631,0.13209486228941325,0.130296019468435],[0.130296019468435,0.13209486228941325,0.13304172330523631,0.13304172330523631,0.13209486228941325,0.130296019468435],[0.12934914215706841,0.13114799580773651,0.13209486228941325,0.13209486228941325,0.13114799580773651,0.12934914215706841],[0.12745539082946006,0.12934914215706841,0.130296019468435,0.130296019468435,0.12934914215706841,0.12745539082946006]],[[0.13029599255219024,0.13218970984369041,0.1331365702519802,0.1331365702519802,0.13218970984369041,0.13029599255219024],[0.13218970984369041,0.13398852987501922,0.13493537877875963,0.13493537877875963,0.13398852987501922,0.13218970984369041],[0.1331365702519802,0.13493537877875963,0.13588222187666665,0.13588222187666665,0.13493537877875963,0.1331365702519802],[0.1331365702519802,0.13493537877875963,0.13588222187666665,0.13588222187666665,0.13493537877875963,0.1331365702519802],[0.13218970984369041,0.13398852987501922,0.13493537877875963,0.13493537877875963,0.13398852987501922,0.13218970984369041],[0.13029599255219024,0.13218970984369041,0.1331365702519802,0.1331365702519802,0.13218970984369041,0.13029599255219024]],[[0.13313654165138897,0.13503022279441135,0.13597706525051126,0.13597706525051126,0.13503022279441135,0.13313654165138897],[0.13503022279441135,0.13682900712561166,0.1377758373633351,0.1377758373633351,0.13682900712561166,0.13503022279441135],[0.13597706525051126,0.1377758373633351,0.13872266143563608,0.13872266143563608,0.1377758373633351,0.13597706525051126],[0.13597706525051126,0.1377758373633351,0.13872266143563608,0.13872266143563608,0.1377758373633351,0.13597706525051126],[0.13503022279441135,0.13682900712561166,0.1377758373633351,0.1377758373633351,0.13682900712561166,0.13503022279441135],[0.13313654165138897,0.13503022279441135,0.13597706525051126,0.13597706525051126,0.13503022279441135,0.13313654165138897]],[[0.13597703486810267,0.13787067762866112,0.13881750102304111,0.13881750102304111,0.13787067762866112,0.13597703486810267],[0.13787067762866112,0.13966942405936933,0.14061623448045371,0.14061623448045371,0.13966942405936933,0.13787067762866112],[0.13881750102304111,0.14061623448045371,0.14156303835584844,0.14156303835584844,0.14061623448045371,0.13881750102304111],[0.13881750102304111,0.14061623448045371,0.14156303835584844,0.14156303835584844,0.14061623448045371,0.13881750102304111],[0.13787067762866112,0.13966942405936933,0.14061623448045371,0.14061623448045371,0.13966942405936933,0.13787067762866112],[0.13597703486810267,0.13787067762866112,0.13881750102304111,0.13881750102304111,0.13787067762866112,0.13597703486810267]],[[0.13881746875601148,0.14071107077185607,0.14165787393126772,0.14165787393126772,0.14071107077185607,0.13881746875601148],[0.14071107077185607,0.14250977697557815,0.14345656636343337,0.14345656636343337,0.14250977697557815,0.14071107077185607],[0.14165787393126772,0.14345656636343337,0.14440334880352224,0.14440334880352224,0.14345656636343337,0.14165787393126772],[0.14165787393126772,0.14345656636343337,0.14440334880352224,0.14440334880352224,0.14345656636343337,0.14165787393126772],[0.14071107077185607,0.14250977697557815,0.14345656636343337,0.14345656636343337,0.14250977697557815,0.14071107077185607],[0.13881746875601148,0.14071107077185607,0.14165787393126772,0.14165787393126772,0.14071107077185607,0.13881746875601148]],[[0.1416578396711724,0.14355139844473708,0.14449818012872517,0.14449818012872517,0.14355139844473708,0.1416578396711724],[0.14355139844473708,0.14535006196191305,0.14629682903035715,0.14629682903035715,0.14535006196191305,0.14355139844473708],[0.14449818012872517,0.14629682903035715,0.14724358872594867,0.14724358872594867,0.14629682903035715,0.14449818012872517],[0.14449818012872517,0.14629682903035715,0.14724358872594867,0.14724358872594867,0.14629682903035715,0.14449818012872517],[0.14355139844473708,0.14535006196191305,0.14629682903035715,0.14629682903035715,0.14535006196191305,0.14355139844473708],[0.1416578396711724,0.14355139844473708,0.14449818012872517,0.14449818012872517,0.14355139844473708,0.1416578396711724]],[[0.14449814376113584,0.14639165665210813,0.14733841554930216,0.14733841554930216,0.14639165665210813,0.14449814376113584],[0.14639165665210813,0.14819027488277078,0.14913701827219078,0.14913701827219078,0.14819027488277078,0.14639165665210813],[0.14733841554930216,0.14913701827219078,0.1500837538393977,0.1500837538393977,0.14913701827219078,0.14733841554930216],[0.14733841554930216,0.14913701827219078,0.1500837538393977,0.1500837538393977,0.14913701827219078,0.14733841554930216],[0.14639165665210813,0.14819027488277078,0.14913701827219078,0.14913701827219078,0.14819027488277078,0.14639165665210813],[0.14449814376113584,0.14639165665210813,0.14733841554930216,0.14733841554930216,0.14639165665210813,0.14449814376113584]],[[0.14733837695347846,0.14923184117090707,0.15017857589512024,0.15017857589512024,0.14923184117090707,0.14733837695347846],[0.14923184117090707,0.15103041136692855,0.15197712964022922,0.15197712964022922,0.15103041136692855,0.14923184117090707],[0.15017857589512024,0.15197712964022922,0.15292383961634087,0.15292383961634087,0.15197712964022922,0.15017857589512024],[0.15017857589512024,0.15197712964022922,0.15292383961634087,0.15292383961634087,0.15197712964022922,0.15017857589512024],[0.14923184117090707,0.15103041136692855,0.15197712964022922,0.15197712964022922,0.15103041136692855,0.14923184117090707],[0.14733837695347846,0.14923184117090707,0.15017857589512024,0.15017857589512024,0.14923184117090707,0.14733837695347846]],[[0.1501785349436314,0.15207194753761083,0.15301865662370351,0.1530186566237035