{"M_cells":[[[0,0,0,0,0,0,0],[0,0,0,0,0,0,0],[0,0,0,0,0,0,0],[0,0,0,0,0,0,0],[0,0,0,0,0,0,0],[0,0,0,0,0,0,0],[0,0,0,0,0,0,0]],[[9.1706669407864411E-7,2.5677257295212544E-6,2.3510575280297172E-6,3.2104537061647428E-6,2.3510575280297172E-6,2.5677257295212544E-6,9.1706669407864411E-7],[2.5677257295212544E-6,5.9141053536525543E-6,5.5453332095308658E-6,7.2869094745705029E-6,5.5453332095308658E-6,5.9141053536525543E-6,2.5677257295212544E-6],[2.3510575280297172E-6,5.5453332095308658E-6,6.4797602010793417E-6,7.4172162916107826E-6,6.4797602010793417E-6,5.5453332095308658E-6,2.3510575280297172E-6],[3.2104537061647428E-6,7.2869094745705029E-6,7.4172162916107826E-6,9.2742215789004047E-6,7.4172162916107826E-6,7.2869094745705037E-6,3.2104537061647433E-6],[2.3510575280297172E-6,5.5453332095308658E-6,6.4797602010793417E-6,7.4172162916107826E-6,6.4797602010793417E-6,5.5453332095308658E-6,2.3510575280297172E-6],[2.5677257295212544E-6,5.9141053536525543E-6,5.5453332095308658E-6,7.2869094745705037E-6,5.5453332095308658E-6,5.9141053536525543E-6,2.5677257295212544E-6],[9.1706669407864411E-7,2.5677257295212544E-6,2.3510575280297172E-6,3.2104537061647433E-6,2.3510575280297172E-6,2.5677257295212544E-6,9.1706669407864411E-7]],[[5.591591895667832E-6,1.0268313738926537E-5,9.6686157266910431E-6,1.2226819848045578E-5,9.6686157266910431E-6,1.0268313738926537E-5,5.591591895667832E-6],[1.0268313738926537E-5,1.6956594925713353E-5,1.6243194121683629E-5,1.9895448945272588E-5,1.6243194121683629E-5,1.6956594925713356E-5,1.0268313738926537E-5],[9.6686157266910431E-6,1.6243194121683629E-5,1.8152370528634825E-5,2.0066296890990492E-5,1.8152370528634825E-5,1.6243194121683629E-5,9.6686157266910431E-6],[1.2226819848045578E-5,1.9895448945272588E-5,2.0066296890990492E-5,2.3766560209579076E-5,2.0066296890990495E-5,1.9895448945272595E-5,1.2226819848045578E-5],[9.6686157266910431E-6,1.6243194121683629E-5,1.8152370528634825E-5,2.0066296890990495E-5,1.8152370528634828E-5,1.6243194121683633E-5,9.6686157266910431E-6],[1.0268313738926537E-5,1.6956594925713356E-5,1.6243194121683629E-5,1.9895448945272595E-5,1.6243194121683633E-5,1.6956594925713356E-5,1.0268313738926537E-5],[5.591591895667832E-6,1.0268313738926537E-5,9.6686157266910431E-6,1.2226819848045578E-5,9.6686157266910431E-6,1.0268313738926537E-5,5.591591895667832E-6]],[[1.508696011261689E-5,2.309046936969532E-5,2.2088183234666029E-5,2.659424166731471E-5,2.2088183234666029E-5,2.309046936969532E-5,1.508696011261689E-5],[2.309046936969532E-5,3.3111306747038986E-5,3.2072983851849708E-5,3.7679699021006026E-5,3.2072983851849708E-5,3.3111306747038986E-5,2.309046936969532E-5],[2.2088183234666029E-5,3.2072983851849708E-5,3.496394475159086E-5,3.78613609549253E-5,3.4963944751590867E-5,3.2072983851849715E-5,2.2088183234666029E-5],[2.659424166731471E-5,3.7679699021006026E-5,3.78613609549253E-5,4.3390363092830016E-5,3.7861360954925307E-5,3.7679699021006033E-5,2.659424166731471E-5],[2.2088183234666029E-5,3.2072983851849708E-5,3.4963944751590867E-5,3.7861360954925307E-5,3.4963944751590873E-5,3.2072983851849715E-5,2.2088183234666029E-5],[2.309046936969532E-5,3.3111306747038986E-5,3.2072983851849715E-5,3.7679699021006033E-5,3.2072983851849715E-5,3.3111306747038986E-5,2.309046936969532E-5],[1.508696011261689E-5,2.309046936969532E-5,2.2088183234666029E-5,2.659424166731471E-5,2.2088183234666029E-5,2.309046936969532E-5,1.508696011261689E-5]],[[2.9627671454081541E-5,4.1013930356459524E-5,3.9616686622937552E-5,4.6137979772733447E-5,3.9616686622937552E-5,4.1013930356459524E-5,2.9627671454081541E-5],[4.1013930356459524E-5,5.43511215042477E-5,5.2999970888465928E-5,6.0565404778720688E-5,5.2999970888465928E-5,5.43511215042477E-5,4.1013930356459524E-5],[3.9616686622937552E-5,5.2999970888465928E-5,5.686996821681E-5,6.0748111993379978E-5,5.6869968216809991E-5,5.2999970888465928E-5,3.9616686622937552E-5],[4.6137979772733447E-5,6.0565404778720688E-5,6.0748111993379978E-5,6.80917073044757E-5,6.0748111993379978E-5,6.0565404778720688E-5,4.6137979772733447E-5],[3.9616686622937552E-5,5.2999970888465928E-5,5.6869968216809991E-5,6.0748111993379978E-5,5.686996821681E-5,5.2999970888465935E-5,3.9616686622937558E-5],[4.1013930356459524E-5,5.43511215042477E-5,5.2999970888465928E-5,6.0565404778720688E-5,5.2999970888465935E-5,5.4351121504247712E-5,4.1013930356459524E-5],[2.9627671454081541E-5,4.1013930356459524E-5,3.9616686622937552E-5,4.6137979772733447E-5,3.9616686622937558E-5,4.1013930356459524E-5,2.9627671454081544E-5]],[[4.9243740745868855E-5,6.4009965680474716E-5,6.22267152964303E-5,7.0774200198016771E-5,6.22267152964303E-5,6.4009965680474716E-5,4.9243740745868855E-5],[6.4009965680474716E-5,8.0643043733566187E-5,7.8986139914318825E-5,8.850194567952671E-5,7.8986139914318838E-5,8.0643043733566187E-5,6.4009965680474716E-5],[6.22267152964303E-5,7.8986139914318825E-5,8.3829374355533091E-5,8.86824331529647E-5,8.38293743555331E-5,7.8986139914318838E-5,6.22267152964303E-5],[7.0774200198016771E-5,8.850194567952671E-5,8.86824331529647E-5,9.7826852020301732E-5,8.8682433152964711E-5,8.850194567952671E-5,7.0774200198016771E-5],[6.22267152964303E-5,7.8986139914318838E-5,8.38293743555331E-5,8.8682433152964711E-5,8.38293743555331E-5,7.8986139914318838E-5,6.2226715296430319E-5],[6.4009965680474716E-5,8.0643043733566187E-5,7.8986139914318838E-5,8.850194567952671E-5,7.8986139914318838E-5,8.0643043733566187E-5,6.4009965680474716E-5],[4.9243740745868855E-5,6.4009965680474716E-5,6.22267152964303E-5,7.0774200198016771E-5,6.2226715296430319E-5,6.4009965680474716E-5,4.9243740745868855E-5]],[[7.3917166020735507E-5,9.2045361534976236E-5,8.9882647216124489E-5,0.00010044966395300862,8.9882647216124489E-5,9.2045361534976236E-5,7.3917166020735507E-5],[9.2045361534976236E-5,0.00011195194108399071,0.00010999371124831597,0.00012144759620303807,0.00010999371124831597,0.00011195194108399071,9.2045361534976236E-5],[8.9882647216124489E-5,0.00010999371124831597,0.00011580349452826503,0.00012162476748879794,0.00011580349452826503,0.00010999371124831597,8.9882647216124489E-5],[0.00010044966395300862,0.00012144759620303807,0.00012162476748879794,0.00013255660399459456,0.00012162476748879794,0.00012144759620303807,0.00010044966395300862],[8.9882647216124489E-5,0.00010999371124831597,0.00011580349452826503,0.00012162476748879794,0.00011580349452826503,0.00010999371124831597,8.98826472161245E-5],[9.2045361534976236E-5,0.00011195194108399071,0.00010999371124831597,0.00012144759620303807,0.00010999371124831597,0.00011195194108399071,9.204536153497625E-5],[7.3917166020735507E-5,9.2045361534976236E-5,8.9882647216124489E-5,0.00010044966395300862,8.98826472161245E-5,9.204536153497625E-5,7.3917166020735507E-5]],[[0.00010361716317981324,0.0001250851557921529,0.00012254762698728097,0.00013512208574880974,0.00012254762698728097,0.0001250851557921529,0.00010361716317981324],[0.0001250851557921529,0.00014824226113967334,0.00014598584910739421,0.00015936441248651711,0.00014598584910739421,0.00014824226113967334,0.0001250851557921529],[0.00012254762698728097,0.00014598584910739421,0.00015275530907068671,0.00015953791192010322,0.00015275530907068671,0.00014598584910739421,0.00012254762698728097],[0.00013512208574880974,0.00015936441248651711,0.00015953791192010322,0.0001722441064019974,0.00015953791192010322,0.00015936441248651711,0.00013512208574880974],[0.00012254762698728097,0.00014598584910739421,0.00015275530907068671,0.00015953791192010322,0.00015275530907068671,0.00014598584910739421,0.00012254762698728097],[0.0001250851557921529,0.00014824226113967334,0.00014598584910739421,0.00015936441248651711,0.00014598584910739421,0.00014824226113967334,0.0001250851557921529],[0.00010361716317981324,0.0001250851557921529,0.00012254762698728097,0.00013512208574880974,0.00012254762698728097,0.0001250851557921529,0.00010361716317981324]],[[0.00013830948888462861,0.00016309406426975873,0.00016018529727312148,0.00017475356356485349,0.00016018529727312148,0.00016309406426975873,0.00013830948888462861],[0.00016309406426975873,0.00018947876925309542,0.00018692671261655143,0.00020221638985279744,0.00018692671261655143,0.00018947876925309542,0.00016309406426975873],[0.00016018529727312148,0.00018692671261655143,0.00019464902445677685,0.00020238612063305024,0.00019464902445677685,0.00018692671261655143,0.00016018529727312148],[0.00017475356356485349,0.00020221638985279744,0.00020238612063305024,0.00021685394119561573,0.00020238612063305024,0.00020221638985279744,0.00017475356356485349],[0.00016018529727312148,0.00018692671261655143,0.00019464902445677685,0.00020238612063305024,0.00019464902445677685,0.00018692671261655143,0.00016018529727312148],[0.00016309406426975873,0.00018947876925309542,0.00018692671261655143,0.00020221638985279744,0.00018692671261655143,0.00018947876925309542,0.00016309406426975873],[0.00013830948888462861,0.00016309406426975873,0.00016018529727312148,0.00017475356356485349,0.00016018529727312148,0.00016309406426975873,0.00013830948888462861]],[[0.00017795922670472096,0.00020603713597260102,0.00020276015287086811,0.00021930830300797923,0.00020276015287086811,0.00020603713597260102,0.00017795922670472096],[0.00020603713597260102,0.00023562684189678632,0.00023278138603619565,0.000249968763360339,0.00023278138603619568,0.00023562684189678632,0.00020603713597260102],[0.00020276015287086811,0.00023278138603619565,0.00024144984616134937,0.00025013472062495695,0.00024144984616134937,0.00023278138603619568,0.00020276015287086811],[0.00021930830300797923,0.000249968763360339,0.00025013472062495695,0.00026635174516870486,0.00025013472062495695,0.000249968763360339,0.00021930830300797923],[0.00020276015287086811,0.00023278138603619568,0.00024144984616134937,0.00025013472062495695,0.00024144984616134937,0.00023278138603619568,0.00020276015287086811],[0.00020603713597260102,0.00023562684189678632,0.00023278138603619568,0.000249968763360339,0.00023278138603619568,0.00023562684189678632,0.00020603713597260102],[0.00017795922670472096,0.00020603713597260102,0.00020276015287086811,0.00021930830300797923,0.00020276015287086811,0.00020603713597260102,0.00017795922670472096]],[[0.00022253171497667705,0.00025388002385467318,0.00025023756113918541,0.00026875178931546977,0.00025023756113918541,0.00025388002385467318,0.00022253171497667705],[0.00025388002385467318,0.00028665256621579314,0.0002835158050131085,0.00030258771982163383,0.0002835158050131085,0.00028665256621579314,0.00025388002385467318],[0.00025023756113918541,0.0002835158050131085,0.00029312385158742656,0.00030274993133079937,0.00029312385158742656,0.0002835158050131085,0.00025023756113918541],[0.00026875178931546977,0.00030258771982163383,0.00030274993133079937,0.000320704030585709,0.00030274993133079937,0.00030258771982163383,0.00026875178931546977],[0.00025023756113918541,0.0002835158050131085,0.00029312385158742656,0.00030274993133079937,0.00029312385158742656,0.0002835158050131085,0.00025023756113918541],[0.00025388002385467318,0.00028665256621579314,0.0002835158050131085,0.00030258771982163383,0.0002835158050131085,0.00028665256621579314,0.00025388002385467318],[0.00022253171497667705,0.00025388002385467318,0.00025023756113918541,0.00026875178931546977,0.00025023756113918541,0.00025388002385467318,0.00022253171497667705]],[[0.00027199287030584625,0.00030658907881212221,0.00030258371548947397,0.00032305046152922019,0.00030258371548947397,0.00030658907881212221,0.00027199287030584625],[0.00030658907881212221,0.00034252275774815204,0.00033909669587179654,0.00036004026271003716,0.00033909669587179654,0.00034252275774815204,0.00030658907881212221],[0.00030258371548947397,0.00033909669587179654,0.00034963791103237007,0.00036019876727486717,0.00034963791103237007,0.00033909669587179654,0.00030258371548947397],[0.00032305046152922019,0.00036004026271003716,0.00036019876727486717,0.000379878088895134,0.00036019876727486717,0.00036004026271003716,0.00032305046152922019],[0.00030258371548947397,0.00033909669587179654,0.00034963791103237007,0.00036019876727486717,0.00034963791103237007,0.00033909669587179654,0.00030258371548947397],[0.00030658907881212221,0.00034252275774815204,0.00033909669587179654,0.00036004026271003716,0.00033909669587179654,0.00034252275774815204,0.00030658907881212221],[0.00027199287030584625,0.00030658907881212221,0.00030258371548947397,0.00032305046152922019,0.00030258371548947397,0.00030658907881212221,0.00027199287030584625]],[[0.00032630929159152365,0.00036413136651995383,0.00035976558324544246,0.00038217156656320043,0.00035976558324544246,0.00036413136651995383,0.00032630929159152365],[0.00036413136651995383,0.0004032049447855792,0.00039949152555093868,0.00042229413595455694,0.00039949152555093868,0.0004032049447855792,0.00036413136651995383],[0.00035976558324544246,0.00039949152555093868,0.00041095963134339674,0.00042244897545045068,0.00041095963134339674,0.00039949152555093868,0.00035976558324544246],[0.00038217156656320043,0.00042229413595455694,0.00042244897545045068,0.00044384192907631756,0.00042244897545045068,0.00042229413595455694,0.00038217156656320043],[0.00035976558324544246,0.00039949152555093868,0.00041095963134339674,0.00042244897545045068,0.00041095963134339674,0.00039949152555093868,0.00035976558324544246],[0.00036413136651995383,0.0004032049447855792,0.00039949152555093868,0.00042229413595455694,0.00039949152555093868,0.0004032049447855792,0.00036413136651995383],[0.00032630929159152365,0.00036413136651995383,0.00035976558324544246,0.00038217156656320043,0.00035976558324544246,0.00036413136651995383,0.00032630929159152365]],[[0.00038544827905499833,0.00042647465209356674,0.000421750858561011,0.00044608308017161225,0.000421750858561011,0.00042647465209356674,0.00038544827905499833],[0.00042647465209356674,0.00046866733987057377,0.00046466845825900019,0.000489317771481151,0.00046466845825900019,0.00046866733987057377,0.00042647465209356674],[0.000421750858561011,0.00046466845825900019,0.00047705731051740885,0.00048946898786641623,0.00047705731051740885,0.00046466845825900019,0.000421750858561011],[0.00044608308017161225,0.000489317771481151,0.00048946898786641623,0.00051256423102165815,0.00048946898786641623,0.000489317771481151,0.00044608308017161225],[0.000421750858561011,0.00046466845825900019,0.00047705731051740885,0.00048946898786641623,0.00047705731051740885,0.00046466845825900019,0.000421750858561011],[0.00042647465209356674,0.00046866733987057377,0.00046466845825900019,0.000489317771481151,0.00046466845825900019,0.00046866733987057377,0.00042647465209356674],[0.00038544827905499833,0.00042647465209356674,0.000421750858561011,0.00044608308017161225,0.000421750858561011,0.00042647465209356674,0.00038544827905499833]],[[0.00044937781973202774,0.0004935873721154323,0.000488507920341094,0.00051475365400573115,0.000488507920341094,0.0004935873721154323,0.00044937781973202774],[0.0004935873721154323,0.00053887880689909009,0.000534596316235358,0.00056108024697552091,0.000534596316235358,0.00053887880689909009,0.0004935873721154323],[0.000488507920341094,0.000534596316235358,0.00054789989790235991,0.00056122788119016952,0.00054789989790235991,0.000534596316235358,0.000488507920341094],[0.00051475365400573115,0.00056108024697552091,0.00056122788119016952,0.00058601430588718466,0.00056122788119016952,0.00056108024697552091,0.00051475365400573115],[0.000488507920341094,0.000534596316235358,0.00054789989790235991,0.00056122788119016952,0.00054789989790235991,0.000534596316235358,0.000488507920341094],[0.0004935873721154323,0.00053887880689909009,0.000534596316235358,0.00056108024697552091,0.000534596316235358,0.00053887880689909009,0.0004935873721154323],[0.00044937781973202774,0.0004935873721154323,0.000488507920341094,0.00051475365400573115,0.000488507920341094,0.0004935873721154323,0.00044937781973202774]],[[0.000518066560069624,0.00056543860224932759,0.000560005793701063,0.0005881525735402306,0.000560005793701063,0.00056543860224932759,0.000518066560069624],[0.00056543860224932759,0.00061380882721456874,0.00060924454313669143,0.00063755124847879319,0.00060924454313669143,0.00061380882721456874,0.00056543860224932759],[0.000560005793701063,0.00060924454313669143,0.0006234569575455938,0.00063769534005874849,0.0006234569575455938,0.00060924454313669143,0.000560005793701063],[0.0005881525735402306,0.00063755124847879319,0.00063769534005874849,0.00066416205999690625,0.00063769534005874849,0.00063755124847879319,0.0005881525735402306],[0.000560005793701063,0.00060924454313669143,0.0006234569575455938,0.00063769534005874849,0.0006234569575455938,0.00060924454313669143,0.000560005793701063],[0.00056543860224932759,0.00061380882721456874,0.00060924454313669143,0.00063755124847879319,0.00060924454313669143,0.00061380882721456874,0.00056543860224932759],[0.000518066560069624,0.00056543860224932759,0.000560005793701063,0.0005881525735402306,0.000560005793701063,0.00056543860224932759,0.000518066560069624]],[[0.00059148377400972455,0.0006419980237716452,0.00063621411382684711,0.00066624972097230665,0.00063621411382684711,0.0006419980237716452,0.00059148377400972455],[0.0006419980237716452,0.00069342746595569649,0.000688583169217994,0.00071870103555394008,0.000688583169217994,0.00069342746595569649,0.0006419980237716452],[0.00063621411382684711,0.000688583169217994,0.00070369863350363583,0.00071884162251792654,0.00070369863350363583,0.000688583169217994,0.00063621411382684711],[0.00066624972097230665,0.00071870103555394008,0.00071884162251792654,0.00074697796077334653,0.00071884162251792654,0.00071870103555394008,0.00066624972097230665],[0.00063621411382684711,0.000688583169217994,0.00070369863350363583,0.00071884162251792654,0.00070369863350363583,0.000688583169217994,0.00063621411382684711],[0.0006419980237716452,0.00069342746595569649,0.000688583169217994,0.00071870103555394008,0.000688583169217994,0.00069342746595569649,0.0006419980237716452],[0.00059148377400972455,0.0006419980237716452,0.00063621411382684711,0.00066624972097230665,0.00063621411382684711,0.0006419980237716452,0.00059148377400972455]],[[0.00066959932990718035,0.00072323589027129215,0.00071710309150718331,0.0007490155406772507,0.00071710309150718331,0.00072323589027129215,0.00066959932990718035],[0.00072323589027129215,0.000777705339037625,0.00077258277780040976,0.00080450040797974882,0.00077258277780040976,0.000777705339037625,0.00072323589027129215],[0.00071710309150718331,0.00077258277780040976,0.00078859561647371063,0.00080463752681776983,0.00078859561647371063,0.00077258277780040976,0.00071710309150718331],[0.0007490155406772507,0.00080450040797974882,0.00080463752681776983,0.000834433003930388,0.00080463752681776983,0.00080450040797974882,0.0007490155406772507],[0.00071710309150718331,0.00077258277780040976,0.00078859561647371063,0.00080463752681776983,0.00078859561647371063,0.00077258277780040976,0.00071710309150718331],[0.00072323589027129215,0.000777705339037625,0.00077258277780040976,0.00080450040797974882,0.00077258277780040976,0.000777705339037625,0.00072323589027129215],[0.00066959932990718035,0.00072323589027129215,0.00071710309150718331,0.0007490155406772507,0.00071710309150718331,0.00072323589027129215,0.00066959932990718035]],[[0.000752383657533069,0.00080912299489497772,0.00080264347985784814,0.00083642100612674078,0.00080264347985784814,0.00080912299489497772,0.000752383657533069],[0.00080912299489497772,0.00086661358077520562,0.00086121447266181476,0.00089492067340249512,0.00086121447266181476,0.00086661358077520562,0.00080912299489497772],[0.00080264347985784814,0.00086121447266181476,0.00087811911133198021,0.00089505435909878288,0.00087811911133198021,0.00086121447266181476,0.00080264347985784814],[0.00083642100612674078,0.00089492067340249512,0.00089505435909878288,0.00092649868146472221,0.00089505435909878288,0.00089492067340249512,0.00083642100612674078],[0.00080264347985784814,0.00086121447266181476,0.00087811911133198021,0.00089505435909878288,0.00087811911133198021,0.00086121447266181476,0.00080264347985784814],[0.00080912299489497772,0.00086661358077520562,0.00086121447266181476,0.00089492067340249512,0.00086121447266181476,0.00086661358077520562,0.00080912299489497772],[0.000752383657533069,0.00080912299489497772,0.00080264347985784814,0.00083642100612674078,0.00080264347985784814,0.00080912299489497772,0.000752383657533069]],[[0.00083980771553721848,0.00089963063814074652,0.00089280654187674118,0.00092843758767761323,0.00089280654187674118,0.00089963063814074652,0.00083980771553721848],[0.00089963063814074652,0.00096012381199021748,0.00095444984603748975,0.00098993361554867748,0.00095444984603748975,0.00096012381199021748,0.00089963063814074652],[0.00089280654187674118,0.00095444984603748975,0.00097224080524398551,0.00099006390161225,0.00097224080524398562,0.00095444984603748975,0.00089280654187674118],[0.00092843758767761323,0.00098993361554867748,0.00099006390161225,0.001023146950086324,0.00099006390161225015,0.00098993361554867748,0.00092843758767761312],[0.00089280654187674118,0.00095444984603748975,0.00097224080524398562,0.00099006390161225015,0.00097224080524398572,0.00095444984603748975,0.00089280654187674107],[0.00089963063814074652,0.00096012381199021748,0.00095444984603748975,0.00098993361554867748,0.00095444984603748975,0.00096012381199021748,0.00089963063814074652],[0.00083980771553721848,0.00089963063814074652,0.00089280654187674118,0.00092843758767761312,0.00089280654187674107,0.00089963063814074652,0.00083980771553721848]],[[0.00093184295936515492,0.00099473059603145649,0.00098756401850950211,0.0010250372208180179,0.00098756401850950211,0.00099473059603145649,0.00093184295936515492],[0.00099473059603145649,0.0010582081083547186,0.0010522609469202212,0.001089511462647995,0.0010522609469202212,0.0010582081083547186,0.00099473059603145649],[0.00098756401850950211,0.0010522609469202212,0.0010709328360243083,0.0010896383811394913,0.0010709328360243083,0.0010522609469202212,0.00098756401850950211],[0.0010250372208180179,0.001089511462647995,0.0010896383811394913,0.001124350199744303,0.0010896383811394913,0.001089511462647995,0.0010250372208180179],[0.00098756401850950211,0.0010522609469202212,0.0010709328360243083,0.0010896383811394913,0.0010709328360243083,0.0010522609469202212,0.00098756401850950211],[0.00099473059603145649,0.0010582081083547186,0.0010522609469202212,0.001089511462647995,0.0010522609469202212,0.0010582081083547186,0.00099473059603145649],[0.00093184295936515492,0.00099473059603145649,0.00098756401850950211,0.0010250372208180179,0.00098756401850950211,0.00099473059603145649,0.00093184295936515492]],[[0.0010284613094495227,0.0010943950884054552,0.0010868880969009938,0.0011261922745015918,0.0010868880969009938,0.0010943950884054552,0.0010284613094495227],[0.0010943950884054552,0.0011608389686562825,0.0011546202493213772,0.0011936268557015623,0.0011546202493213772,0.0011608389686562825,0.0010943950884054552],[0.0010868880969009938,0.0011546202493213772,0.001174167760396686,0.0011937504372509173,0.001174167760396686,0.0011546202493213772,0.0010868880969009938],[0.0011261922745015918,0.0011936268557015623,0.0011937504372509173,0.0012300812218753523,0.0011937504372509173,0.0011936268557015623,0.0011261922745015918],[0.0010868880969009938,0.0011546202493213772,0.001174167760396686,0.0011937504372509173,0.001174167760396686,0.0011546202493213772,0.0010868880969009938],[0.0010943950884054552,0.0011608389686562825,0.0011546202493213772,0.0011936268557015623,0.0011546202493213772,0.0011608389686562825,0.0010943950884054552],[0.0010284613094495227,0.0010943950884054552,0.0010868880969009938,0.0011261922745015918,0.0010868880969009938,0.0010943950884054552,0.0010284613094495227]],[[0.0011296351193967953,0.0011985967469889138,0.0011907513784741917,0.0012318755191808263,0.0011907513784741917,0.0011985967469889138,0.0011296351193967953],[0.0011985967469889138,0.001267989282602889,0.0012615006201033806,0.0013022528161805067,0.0012615006201033806,0.001267989282602889,0.0011985967469889138],[0.0011907513784741917,0.0012615006201033806,0.0012819185217533941,0.0013023730899920779,0.0012819185217533941,0.0012615006201033806,0.0011907513784741917],[0.0012318755191808263,0.0013022528161805067,0.0013023730899920779,0.0013403131769423194,0.0013023730899920779,0.0013022528161805067,0.0012318755191808263],[0.0011907513784741917,0.0012615006201033806,0.0012819185217533941,0.0013023730899920779,0.0012819185217533941,0.0012615006201033806,0.0011907513784741917],[0.0011985967469889138,0.001267989282602889,0.0012615006201033806,0.0013022528161805067,0.0012615006201033806,0.001267989282602889,0.0011985967469889138],[0.0011296351193967953,0.0011985967469889138,0.0011907513784741917,0.0012318755191808263,0.0011907513784741917,0.0011985967469889138,0.0011296351193967953]],[[0.0012353371438099223,0.0013073085828387151,0.0012991268464190976,0.00134206009409401,0.0012991268464190976,0.0013073085828387151,0.0012353371438099223],[0.0013073085828387151,0.0013796322977033708,0.0013728752859197856,0.001415362712661771,0.0013728752859197856,0.0013796322977033708,0.0013073085828387151],[0.0012991268464190976,0.0013728752859197856,0.0013941584169355576,0.0014154797065037937,0.0013941584169355576,0.0013728752859197856,0.0012991268464190976],[0.00134206009409401,0.001415362712661771,0.0014154797065037937,0.0014550195607433731,0.0014154797065037937,0.001415362712661771,0.00134206009409401],[0.0012991268464190976,0.0013728752859197856,0.0013941584169355576,0.0014154797065037937,0.0013941584169355576,0.0013728752859197856,0.0012991268464190976],[0.0013073085828387151,0.0013796322977033708,0.0013728752859197856,0.001415362712661771,0.0013728752859197856,0.0013796322977033708,0.0013073085828387151],[0.0012353371438099223,0.0013073085828387151,0.0012991268464190976,0.00134206009409401,0.0012991268464190976,0.0013073085828387151,0.0012353371438099223]],[[0.0013455405053060265,0.001420503952654858,0.0014119878320932085,0.0014567194732723204,0.0014119878320932085,0.001420503952654858,0.0013455405053060265],[0.001420503952654858,0.0014957415846560014,0.0014887177987002221,0.0015329302258006638,0.0014887177987002221,0.0014957415846560014,0.001420503952654858],[0.0014119878320932085,0.0014887177987002221,0.0015108610614526698,0.001533043965975615,0.0015108610614526698,0.0014887177987002221,0.0014119878320932085],[0.0014567194732723204,0.0015329302258006638,0.001533043965975615,0.0015741741688554271,0.001533043965975615,0.0015329302258006638,0.0014567194732723204],[0.0014119878320932085,0.0014887177987002221,0.0015108610614526698,0.001533043965975615,0.0015108610614526698,0.0014887177987002221,0.0014119878320932085],[0.001420503952654858,0.0014957415846560014,0.0014887177987002221,0.0015329302258006638,0.0014887177987002221,0.0014957415846560014,0.001420503952654858],[0.0013455405053060265,0.001420503952654858,0.0014119878320932085,0.0014567194732723204,0.0014119878320932085,0.001420503952654858,0.0013455405053060265]],[[0.0014602186601857723,0.0015381565233440562,0.0015293079797215612,0.0015758274296126537,0.0015293079797215612,0.0015381565233440562,0.0014602186601857723],[0.0015381565233440562,0.001616291000540718,0.0016090019989833131,0.0016549293108945788,0.0016090019989833131,0.001616291000540718,0.0015381565233440562],[0.0015293079797215612,0.0016090019989833131,0.00163200035241961,0.0016550398221860455,0.00163200035241961,0.0016090019989833131,0.0015293079797215612],[0.0015758274296126537,0.0016549293108945788,0.0016550398221860455,0.0016977510584184157,0.0016550398221860455,0.0016549293108945788,0.0015758274296126537],[0.0015293079797215612,0.0016090019989833131,0.00163200035241961,0.0016550398221860455,0.00163200035241961,0.0016090019989833131,0.0015293079797215612],[0.0015381565233440562,0.001616291000540718,0.0016090019989833131,0.0016549293108945788,0.0016090019989833131,0.001616291000540718,0.0015381565233440562],[0.0014602186601857723,0.0015381565233440562,0.0015293079797215612,0.0015758274296126537,0.0015293079797215612,0.0015381565233440562,0.0014602186601857723]],[[0.0015793453620843185,0.001660240234065944,0.001651061208639185,0.0016993579962018416,0.001651061208639185,0.001660240234065944,0.0015793453620843185],[0.001660240234065944,0.0017412546489338169,0.0017337019762274281,0.0017813341571035323,0.0017337019762274281,0.0017412546489338169,0.001660240234065944],[0.001651061208639185,0.0017337019762274281,0.0017575504283083208,0.0017814414626938994,0.0017575504283083208,0.0017337019762274281,0.001651061208639185],[0.0016993579962018416,0.0017813341571035323,0.0017814414626938994,0.0018257245062629685,0.0017814414626938994,0.0017813341571035323,0.0016993579962018416],[0.001651061208639185,0.0017337019762274281,0.0017575504283083208,0.0017814414626938994,0.0017575504283083208,0.0017337019762274281,0.001651061208639185],[0.001660240234065944,0.0017412546489338169,0.0017337019762274281,0.0017813341571035323,0.0017337019762274281,0.0017412546489338169,0.001660240234065944],[0.0015793453620843185,0.001660240234065944,0.001651061208639185,0.0016993579962018416,0.001651061208639185,0.001660240234065944,0.0015793453620843185]],[[0.0017028946227631847,0.0017867292547934528,0.0017772216721220876,0.0018272854238641782,0.0017772216721220876,0.0017867292547934528,0.0017028946227631847],[0.0017867292547934528,0.0018706068358278806,0.001862792024996547,0.0019121191421402014,0.001862792024996547,0.0018706068358278804,0.0017867292547934528],[0.0017772216721220876,0.001862792024996547,0.0018874856243682903,0.0019122232634917388,0.0018874856243682903,0.001862792024996547,0.0017772216721220876],[0.0018272854238641782,0.0019121191421402014,0.0019122232634917388,0.00195806896211078,0.0019122232634917388,0.0019121191421402014,0.0018272854238641782],[0.0017772216721220876,0.001862792024996547,0.0018874856243682903,0.0019122232634917388,0.0018874856243682903,0.001862792024996547,0.0017772216721220876],[0.0017867292547934528,0.0018706068358278804,0.001862792024996547,0.0019121191421402014,0.001862792024996547,0.0018706068358278804,0.0017867292547934528],[0.0017028946227631847,0.0017867292547934528,0.0017772216721220876,0.0018272854238641782,0.0017772216721220876,0.0017867292547934528,0.0017028946227631847]],[[0.0018308406689813617,0.0019175979401554613,0.001907763711595742,0.0019595841336236351,0.001907763711595742,0.0019175979401554613,0.0018308406689813617],[0.0019175979401554613,0.0020043220199282815,0.0019962465956124445,0.0020472587809087848,0.0019962465956124445,0.0020043220199282815,0.0019175979401554613],[0.001907763711595742,0.0019962465956124445,0.0020217804222498709,0.0020473597375981036,0.0020217804222498709,0.0019962465956124445,0.001907763711595742],[0.0019595841336236351,0.0020472587809087848,0.0020473597375981036,0.0020947589952160935,0.0020473597375981036,0.0020472587809087848,0.0019595841336236351],[0.001907763711595742,0.0019962465956124445,0.0020217804222498709,0.0020473597375981036,0.0020217804222498709,0.0019962465956124445,0.0019077637115957422],[0.0019175979401554613,0.0020043220199282815,0.0019962465956124445,0.0020472587809087848,0.0019962465956124445,0.0020043220199282815,0.0019175979401554613],[0.0018308406689813617,0.0019175979401554613,0.001907763711595742,0.0019595841336236351,0.0019077637115957422,0.0019175979401554613,0.0018308406689813617]],[[0.0019631578940898582,0.00205282077698045,0.0020426618046657874,0.0020962286623940145,0.0020426618046657874,0.00205282077698045,0.0019631578940898582],[0.00205282077698045,0.0021423747554818154,0.0021340402374545068,0.0021867276661243552,0.0021340402374545068,0.0021423747554818154,0.00205282077698045],[0.0020426618046657874,0.0021340402374545068,0.0021604093919354427,0.0021868254756170868,0.0021604093919354427,0.0021340402374545068,0.0020426618046657874],[0.0020962286623940145,0.0021867276661243552,0.0021868254756170868,0.0022357692323324062,0.0021868254756170868,0.0021867276661243552,0.0020962286623940145],[0.0020426618046657874,0.0021340402374545068,0.0021604093919354427,0.0021868254756170868,0.0021604093919354427,0.0021340402374545068,0.0020426618046657874],[0.00205282077698045,0.0021423747554818154,0.0021340402374545068,0.0021867276661243552,0.0021340402374545068,0.0021423747554818154,0.00205282077698045],[0.0019631578940898582,0.00205282077698045,0.0020426618046657874,0.0020962286623940145,0.0020426618046657874,0.00205282077698045,0.0019631578940898582]],[[0.0020998208026001292,0.0021923723234904013,0.0021818905049575676,0.00223719359971026,0.0021818905049575676,0.0021923723234904013,0.0020998208026001292],[0.0021923723234904013,0.002284739625234638,0.0022761475325400551,0.0023305003983455455,0.0022761475325400551,0.002284739625234638,0.0021923723234904013],[0.0021818905049575676,0.0022761475325400551,0.0023033471235090596,0.0023305950756934207,0.0023033471235090596,0.0022761475325400551,0.0021818905049575676],[0.00223719359971026,0.0023305003983455455,0.0023305950756934207,0.0023810742842386304,0.0023305950756934207,0.0023305003983455455,0.00223719359971026],[0.0021818905049575676,0.0022761475325400551,0.0023033471235090596,0.0023305950756934207,0.0023033471235090596,0.0022761475325400551,0.0021818905049575676],[0.0021923723234904013,0.002284739625234638,0.0022761475325400551,0.0023305003983455455,0.0022761475325400551,0.002284739625234638,0.0021923723234904013],[0.0020998208026001292,0.0021923723234904013,0.0021818905049575676,0.00223719359971026,0.0021818905049575676,0.0021923723234904013,0.0020998208026001292]],[[0.00224080394545203,0.0023362271374644293,0.002325424371131582,0.0023824535126334245,0.002325424371131582,0.0023362271374644293,0.00224080394545203],[0.0023362271374644293,0.0024313911603619873,0.0024225430162749476,0.002478551502039795,0.0024225430162749476,0.0024313911603619873,0.0023362271374644293],[0.002325424371131582,0.0024225430162749476,0.002450568145516102,0.0024786430594760534,0.002450568145516102,0.0024225430162749476,0.002325424371131582],[0.0023824535126334245,0.002478551502039795,0.0024786430594760534,0.0025306486571756784,0.0024786430594760534,0.002478551502039795,0.0023824535126334245],[0.002325424371131582,0.0024225430162749476,0.002450568145516102,0.0024786430594760534,0.002450568145516102,0.0024225430162749476,0.002325424371131582],[0.0023362271374644293,0.0024313911603619873,0.0024225430162749476,0.002478551502039795,0.0024225430162749476,0.0024313911603619873,0.0023362271374644293],[0.00224080394545203,0.0023362271374644293,0.002325424371131582,0.0023824535126334245,0.002325424371131582,0.0023362271374644293,0.00224080394545203]],[[0.0023860818429948284,0.0024843596898342286,0.0024732378816037714,0.002531982855039798,0.0024732378816037714,0.0024843596898342286,0.0023860818429948284],[0.0024843596898342286,0.002582303743182772,0.0025732010812526138,0.0026308553231910027,0.0025732010812526138,0.002582303743182772,0.0024843596898342286],[0.0024732378816037714,0.0025732010812526138,0.0026020468256028068,0.0026309437695914242,0.0026020468256028068,0.0025732010812526138,0.0024732378816037714],[0.002531982855039798,0.0026308553231910027,0.0026309437695914242,0.0026844666443375503,0.0026309437695914242,0.0026308553231910027,0.002531982855039798],[0.0024732378816037714,0.0025732010812526138,0.0026020468256028068,0.0026309437695914242,0.0026020468256028068,0.0025732010812526138,0.0024732378816037714],[0.0024843596898342286,0.002582303743182772,0.0025732010812526138,0.0026308553231910027,0.0025732010812526138,0.002582303743182772,0.0024843596898342286],[0.0023860818429948284,0.0024843596898342286,0.0024732378816037714,0.002531982855039798,0.0024732378816037714,0.0024843596898342286,0.0023860818429948284]],[[0.0025356288917240573,0.0026367442590024058,0.0026253053303527405,0.0026857558562426542,0.0026253053303527405,0.0026367442590024058,0.0025356288917240573],[0.0026367442590024058,0.0027374514870583248,0.0027280958585906216,0.0027873859024335423,0.0027280958585906216,0.0027374514870583248,0.0026367442590024058],[0.0026253053303527405,0.0027280958585906216,0.0027577572476663896,0.0027874712425981214,0.0027577572476663896,0.0027280958585906216,0.0026253053303527405],[0.0026857558562426542,0.0027873859024335423,0.0027874712425981214,0.00284250219089798,0.0027874712425981214,0.0027873859024335423,0.0026857558562426542],[0.0026253053303527405,0.0027280958585906216,0.0027577572476663896,0.0027874712425981214,0.0027577572476663896,0.0027280958585906216,0.0026253053303527405],[0.0026367442590024058,0.0027374514870583248,0.0027280958585906216,0.0027873859024335423,0.0027280958585906216,0.0027374514870583248,0.0026367442590024058],[0.0025356288917240573,0.0026367442590024058,0.0026253053303527405,0.0026857558562426542,0.0026253053303527405,0.0026367442590024058,0.0025356288917240573]],[[0.0026894192494884644,0.0027933547995570448,0.0027816006976118016,0.0028437463821456826,0.0027816006976118016,0.0027933547995570448,0.0026894192494884644],[0.0027933547995570448,0.0028968080859117164,0.002887201069364998,0.0029481168155727419,0.002887201069364998,0.0028968080859117164,0.0027933547995570448],[0.0027816006976118016,0.002887201069364998,0.0029176730577176084,0.0029481990492656661,0.0029176730577176084,0.002887201069364998,0.0027816006976118016],[0.0028437463821456826,0.0029481168155727419,0.0029481990492656661,0.0030047287237349772,0.0029481990492656661,0.0029481168155727419,0.0028437463821456826],[0.0027816006976118016,0.002887201069364998,0.0029176730577176084,0.0029481990492656661,0.0029176730577176084,0.002887201069364998,0.0027816006976118016],[0.0027933547995570448,0.0028968080859117164,0.002887201069364998,0.0029481168155727419,0.002887201069364998,0.0028968080859117164,0.0027933547995570448],[0.0026894192494884644,0.0027933547995570448,0.0027816006976118016,0.0028437463821456826,0.0027816006976118016,0.0027933547995570448,0.0026894192494884644]],[[0.0028474266920312853,0.0029541647768026704,0.0029420974870405059,0.0030059277596903152,0.0029420974870405059,0.0029541647768026704,0.0028474266920312853],[0.0029541647768026704,0.0030603466230557735,0.0030504898360047437,0.0031130209703751455,0.0030504898360047437,0.0030603466230557735,0.0029541647768026704],[0.0029420974870405059,0.0030504898360047437,0.0030817672678167493,0.0031131000910358505,0.0030817672678167493,0.0030504898360047437,0.0029420974870405059],[0.0030059277596903152,0.0031130209703751455,0.0031131000910358505,0.0031711189337586829,0.0031131000910358505,0.0031130209703751455,0.0030059277596903152],[0.0029420974870405059,0.0030504898360047437,0.0030817672678167493,0.0031131000910358505,0.0030817672678167493,0.0030504898360047437,0.0029420974870405059],[0.0029541647768026704,0.0030603466230557735,0.0030504898360047437,0.0031130209703751455,0.0030504898360047437,0.0030603466230557735,0.0029541647768026704],[0.0028474266920312853,0.0029541647768026704,0.0029420974870405059,0.0030059277596903152,0.0029420974870405059,0.0029541647768026704,0.0028474266920312853]],[[0.0030096244311489961,0.0031191469553503372,0.0031067685178658077,0.0031722725519164308,0.0031067685178658077,0.0031191469553503372,0.0030096244311489961],[0.0031191469553503372,0.0032280393251218134,0.0032179344396861325,0.0032820703442838993,0.0032179344396861325,0.0032280393251218134,0.0031191469553503372],[0.0031067685178658077,0.0032179344396861325,0.003250012003413268,0.003282146337285791,0.003250012003413268,0.0032179344396861325,0.0031067685178658077],[0.0031722725519164308,0.0032820703442838993,0.003282146337285791,0.0033416444941126379,0.003282146337285791,0.0032820703442838993,0.0031722725519164308],[0.0031067685178658077,0.0032179344396861325,0.003250012003413268,0.003282146337285791,0.003250012003413268,0.0032179344396861325,0.0031067685178658077],[0.0031191469553503372,0.0032280393251218134,0.0032179344396861325,0.0032820703442838993,0.0032179344396861325,0.0032280393251218134,0.0031191469553503372],[0.0030096244311489961,0.0031191469553503372,0.0031067685178658077,0.0031722725519164308,0.0031067685178658077,0.0031191469553503372,0.0030096244311489961]],[[0.0031759848810882039,0.0032882731254934858,0.0032755856560692078,0.0033427522660487534,0.0032755856560692078,0.0032882731254934858,0.0031759848810882039],[0.0032882731254934858,0.0033998572413063547,0.003389506004298