{"M_cells":[[[0,0,0,0,0,0,0],[0,0,0,0,0,0,0],[0,0,0,0,0,0,0],[0,0,0,0,0,0,0],[0,0,0,0,0,0,0],[0,0,0,0,0,0,0],[0,0,0,0,0,0,0]],[[9.170666940788635E-7,2.5677257295227757E-6,2.3510575280310356E-6,3.2104537061667384E-6,2.3510575280310356E-6,2.5677257295227757E-6,9.170666940788635E-7],[2.5677257295227757E-6,5.9141053536616446E-6,5.5453332095390837E-6,7.2869094745824011E-6,5.5453332095390837E-6,5.9141053536616446E-6,2.5677257295227757E-6],[2.3510575280310356E-6,5.5453332095390837E-6,6.4797602010895951E-6,7.4172162916230874E-6,6.4797602010895951E-6,5.5453332095390837E-6,2.3510575280310356E-6],[3.2104537061667384E-6,7.2869094745824011E-6,7.4172162916230874E-6,9.2742215789169218E-6,7.4172162916230874E-6,7.2869094745824011E-6,3.2104537061667384E-6],[2.3510575280310356E-6,5.5453332095390837E-6,6.4797602010895951E-6,7.4172162916230874E-6,6.4797602010895951E-6,5.5453332095390837E-6,2.3510575280310356E-6],[2.5677257295227757E-6,5.9141053536616446E-6,5.5453332095390837E-6,7.2869094745824011E-6,5.5453332095390837E-6,5.9141053536616446E-6,2.5677257295227757E-6],[9.170666940788635E-7,2.5677257295227757E-6,2.3510575280310356E-6,3.2104537061667384E-6,2.3510575280310356E-6,2.5677257295227757E-6,9.170666940788635E-7]],[[5.5915918957536593E-6,1.0268313739255647E-5,9.6686157269878875E-6,1.2226819848465607E-5,9.6686157269878875E-6,1.0268313739255647E-5,5.5915918957536593E-6],[1.0268313739255647E-5,1.6956594926870617E-5,1.6243194122747858E-5,1.9895448946749441E-5,1.6243194122747858E-5,1.6956594926870617E-5,1.0268313739255647E-5],[9.6686157269878875E-6,1.6243194122747858E-5,1.8152370529924849E-5,2.0066296892507816E-5,1.8152370529924849E-5,1.6243194122747858E-5,9.6686157269878875E-6],[1.2226819848465607E-5,1.9895448946749441E-5,2.0066296892507816E-5,2.3766560211556529E-5,2.0066296892507816E-5,1.9895448946749441E-5,1.2226819848465607E-5],[9.6686157269878875E-6,1.6243194122747858E-5,1.8152370529924849E-5,2.0066296892507816E-5,1.8152370529924849E-5,1.6243194122747858E-5,9.6686157269878875E-6],[1.0268313739255647E-5,1.6956594926870617E-5,1.6243194122747858E-5,1.9895448946749441E-5,1.6243194122747858E-5,1.6956594926870617E-5,1.0268313739255647E-5],[5.5915918957536593E-6,1.0268313739255647E-5,9.6686157269878875E-6,1.2226819848465607E-5,9.6686157269878875E-6,1.0268313739255647E-5,5.5915918957536593E-6]],[[1.508696011521971E-5,2.3090469377109941E-5,2.2088183241446796E-5,2.6594241676588274E-5,2.2088183241446796E-5,2.3090469377109941E-5,1.508696011521971E-5],[2.3090469377109941E-5,3.3111306766742876E-5,3.2072983870187626E-5,3.7679699045603293E-5,3.2072983870187626E-5,3.3111306766742876E-5,2.3090469377109941E-5],[2.2088183241446796E-5,3.2072983870187626E-5,3.4963944773319593E-5,3.7861360980061627E-5,3.4963944773319593E-5,3.2072983870187626E-5,2.20881832414468E-5],[2.6594241676588274E-5,3.7679699045603293E-5,3.7861360980061627E-5,4.3390363124789572E-5,3.7861360980061627E-5,3.7679699045603293E-5,2.6594241676588274E-5],[2.2088183241446796E-5,3.2072983870187626E-5,3.4963944773319593E-5,3.7861360980061627E-5,3.4963944773319593E-5,3.2072983870187626E-5,2.20881832414468E-5],[2.3090469377109941E-5,3.3111306766742876E-5,3.2072983870187626E-5,3.7679699045603293E-5,3.2072983870187626E-5,3.3111306766742876E-5,2.3090469377109941E-5],[1.508696011521971E-5,2.3090469377109941E-5,2.20881832414468E-5,2.6594241676588274E-5,2.20881832414468E-5,2.3090469377109941E-5,1.508696011521971E-5]],[[2.962767148197069E-5,4.10139304223021E-5,3.9616686683826332E-5,4.6137979853614909E-5,3.9616686683826332E-5,4.10139304223021E-5,2.962767148197069E-5],[4.10139304223021E-5,5.4351121651046491E-5,5.2999971026352714E-5,6.0565404958572054E-5,5.2999971026352714E-5,5.4351121651046491E-5,4.10139304223021E-5],[3.9616686683826332E-5,5.2999971026352714E-5,5.6869968377231119E-5,6.0748112176428237E-5,5.6869968377231119E-5,5.2999971026352708E-5,3.9616686683826332E-5],[4.6137979853614909E-5,6.0565404958572054E-5,6.0748112176428237E-5,6.8091707532437162E-5,6.0748112176428237E-5,6.0565404958572054E-5,4.6137979853614909E-5],[3.9616686683826332E-5,5.2999971026352714E-5,5.6869968377231119E-5,6.0748112176428237E-5,5.6869968377231119E-5,5.2999971026352714E-5,3.9616686683826339E-5],[4.10139304223021E-5,5.4351121651046491E-5,5.2999971026352708E-5,6.0565404958572054E-5,5.2999971026352714E-5,5.43511216510465E-5,4.10139304223021E-5],[2.962767148197069E-5,4.10139304223021E-5,3.9616686683826332E-5,4.6137979853614909E-5,3.9616686683826339E-5,4.10139304223021E-5,2.962767148197069E-5]],[[4.9243740915816211E-5,6.4009966032407527E-5,6.22267156247842E-5,7.0774200623587334E-5,6.22267156247842E-5,6.4009966032407527E-5,4.9243740915816211E-5],[6.4009966032407527E-5,8.0643044428275424E-5,7.8986140571631028E-5,8.8501946517084855E-5,7.8986140571631028E-5,8.0643044428275424E-5,6.4009966032407527E-5],[6.22267156247842E-5,7.8986140571631028E-5,8.3829375108919214E-5,8.86824340027724E-5,8.3829375108919214E-5,7.8986140571631028E-5,6.22267156247842E-5],[7.0774200623587334E-5,8.8501946517084855E-5,8.86824340027724E-5,9.7826853060126222E-5,8.86824340027724E-5,8.8501946517084855E-5,7.0774200623587334E-5],[6.22267156247842E-5,7.8986140571631028E-5,8.3829375108919214E-5,8.86824340027724E-5,8.3829375108919214E-5,7.8986140571631028E-5,6.22267156247842E-5],[6.4009966032407527E-5,8.0643044428275424E-5,7.8986140571631028E-5,8.8501946517084855E-5,7.8986140571631028E-5,8.0643044428275424E-5,6.4009966032407527E-5],[4.9243740915816211E-5,6.4009966032407527E-5,6.22267156247842E-5,7.0774200623587334E-5,6.22267156247842E-5,6.4009966032407527E-5,4.9243740915816211E-5]],[[7.3917166747902735E-5,9.2045362901563987E-5,8.988264850045084E-5,0.00010044966558292555,8.988264850045084E-5,9.2045362901563987E-5,7.3917166747902735E-5],[9.2045362901563987E-5,0.00011195194354989386,0.00010999371359530945,0.00012144759913497001,0.00010999371359530945,0.00011195194354989386,9.2045362901563987E-5],[8.988264850045084E-5,0.00010999371359530945,0.00011580349718509611,0.00012162477045648548,0.00011580349718509611,0.00010999371359530945,8.988264850045084E-5],[0.00010044966558292555,0.00012144759913497001,0.00012162477045648548,0.00013255660757120882,0.00012162477045648548,0.00012144759913497002,0.00010044966558292555],[8.988264850045084E-5,0.00010999371359530945,0.00011580349718509611,0.00012162477045648548,0.00011580349718509611,0.00010999371359530946,8.988264850045084E-5],[9.2045362901563987E-5,0.00011195194354989386,0.00010999371359530945,0.00012144759913497002,0.00010999371359530946,0.00011195194354989387,9.2045362901564E-5],[7.3917166747902735E-5,9.2045362901563987E-5,8.988264850045084E-5,0.00010044966558292555,8.988264850045084E-5,9.2045362901564E-5,7.3917166747902748E-5]],[[0.00010361716562325538,0.00012508516005316255,0.00012254763101605224,0.00013512209076962727,0.00012254763101605224,0.00012508516005316255,0.00010361716562325538],[0.00012508516005316255,0.00014824226831475527,0.00014598585596983557,0.0001593644209149013,0.00014598585596983557,0.00014824226831475527,0.00012508516005316255],[0.00012254763101605224,0.00014598585596983557,0.00015275531675821118,0.00015953792043523003,0.00015275531675821118,0.00014598585596983557,0.00012254763101605224],[0.00013512209076962727,0.0001593644209149013,0.00015953792043523003,0.00017224411653006186,0.00015953792043523003,0.0001593644209149013,0.00013512209076962727],[0.00012254763101605224,0.00014598585596983557,0.00015275531675821118,0.00015953792043523003,0.00015275531675821118,0.00014598585596983557,0.00012254763101605224],[0.00012508516005316255,0.00014824226831475527,0.00014598585596983557,0.0001593644209149013,0.00014598585596983557,0.0001482422683147553,0.00012508516005316258],[0.00010361716562325538,0.00012508516005316255,0.00012254763101605224,0.00013512209076962727,0.00012254763101605224,0.00012508516005316258,0.00010361716562325541]],[[0.00013830949577566822,0.00016309407559313477,0.000160185308033802,0.0001747535767650083,0.000160185308033802,0.00016309407559313477,0.00013830949577566822],[0.00016309407559313477,0.00018947878730196061,0.00018692672994939251,0.00020221641082999106,0.00018692672994939251,0.00018947878730196061,0.00016309407559313477],[0.000160185308033802,0.00018692672994939251,0.00019464904370112803,0.00020238614179441357,0.00019464904370112803,0.00018692672994939251,0.000160185308033802],[0.0001747535767650083,0.00020221641082999106,0.00020238614179441357,0.00021685396607689487,0.00020238614179441357,0.00020221641082999106,0.0001747535767650083],[0.000160185308033802,0.00018692672994939251,0.00019464904370112803,0.00020238614179441357,0.00019464904370112803,0.00018692672994939251,0.000160185308033802],[0.00016309407559313477,0.00018947878730196061,0.00018692672994939251,0.00020221641082999106,0.00018692672994939251,0.00018947878730196061,0.00016309407559313477],[0.00013830949577566822,0.00016309407559313477,0.000160185308033802,0.0001747535767650083,0.000160185308033802,0.00016309407559313477,0.00013830949577566822]],[[0.00017795924372647392,0.00020603716262287687,0.00020276017830618629,0.00021930833378063438,0.00020276017830618629,0.00020603716262287687,0.00017795924372647392],[0.00020603716262287687,0.00023562688252163995,0.0002327814251839346,0.00024996881013452868,0.0002327814251839346,0.00023562688252163995,0.00020603716262287687],[0.00020276017830618629,0.0002327814251839346,0.00024144988929371825,0.00025013476775288633,0.00024144988929371825,0.0002327814251839346,0.00020276017830618629],[0.00021930833378063438,0.00024996881013452868,0.00025013476775288633,0.00026635180002093661,0.00025013476775288633,0.00024996881013452868,0.00021930833378063438],[0.00020276017830618629,0.0002327814251839346,0.00024144988929371825,0.00025013476775288633,0.00024144988929371825,0.0002327814251839346,0.00020276017830618629],[0.00020603716262287687,0.00023562688252163995,0.0002327814251839346,0.00024996881013452868,0.0002327814251839346,0.00023562688252163998,0.00020603716262287687],[0.00017795924372647392,0.00020603716262287687,0.00020276017830618629,0.00021930833378063438,0.00020276017830618629,0.00020603716262287687,0.00017795924372647392]],[[0.00022253175288647058,0.00025388008087945494,0.00025023761576566231,0.00026875185460331169,0.00025023761576566231,0.00025388008087945494,0.00022253175288647058],[0.00025388008087945494,0.000286652649987296,0.0002835158859763843,0.00030258781547106881,0.0002835158859763843,0.000286652649987296,0.00025388008087945494],[0.00025023761576566231,0.0002835158859763843,0.00029312394019803038,0.00030275002760888909,0.00029312394019803044,0.0002835158859763843,0.00025023761576566236],[0.00026875185460331169,0.00030258781547106881,0.00030275002760888909,0.00032070414163862785,0.00030275002760888915,0.00030258781547106881,0.00026875185460331169],[0.00025023761576566231,0.0002835158859763843,0.00029312394019803044,0.00030275002760888915,0.00029312394019803044,0.0002835158859763843,0.00025023761576566236],[0.00025388008087945494,0.000286652649987296,0.0002835158859763843,0.00030258781547106881,0.0002835158859763843,0.000286652649987296,0.000253880080879455],[0.00022253175288647058,0.00025388008087945494,0.00025023761576566236,0.00026875185460331169,0.00025023761576566236,0.000253880080879455,0.00022253175288647063]],[[0.00027199294801457443,0.00030658919183591587,0.00030258382410581076,0.00032305058994798729,0.00030258382410581076,0.00030658919183591587,0.00027199294801457443],[0.00030658919183591587,0.00034252291870107284,0.00033909685182370824,0.000360040445118602,0.00033909685182370824,0.00034252291870107284,0.00030658919183591587],[0.00030258382410581076,0.00033909685182370824,0.000349638080720303,0.00036019895073383432,0.000349638080720303,0.00033909685182370824,0.00030258382410581076],[0.00032305058994798729,0.000360040445118602,0.00036019895073383432,0.00037987829881488088,0.00036019895073383432,0.000360040445118602,0.00032305058994798729],[0.00030258382410581076,0.00033909685182370824,0.000349638080720303,0.00036019895073383432,0.000349638080720303,0.00033909685182370824,0.00030258382410581076],[0.00030658919183591587,0.00034252291870107284,0.00033909685182370824,0.000360040445118602,0.00033909685182370824,0.00034252291870107284,0.00030658919183591587],[0.00027199294801457443,0.00030658919183591587,0.00030258382410581076,0.00032305058994798729,0.00030258382410581076,0.00030658919183591587,0.00027199294801457443]],[[0.00032630944043808888,0.00036413157690082487,0.00035976578598434836,0.0003821718039677673,0.00035976578598434836,0.00036413157690082487,0.00032630944043808888],[0.00036413157690082487,0.00040320523655361839,0.000399491808875687,0.00042229446441217471,0.000399491808875687,0.00040320523655361839,0.00036413157690082487],[0.00035976578598434836,0.000399491808875687,0.0004109599380404665,0.00042244930557774191,0.0004109599380404665,0.000399491808875687,0.00035976578598434836],[0.0003821718039677673,0.00042229446441217471,0.00042244930557774191,0.00044384230411218943,0.00042244930557774191,0.00042229446441217471,0.0003821718039677673],[0.00035976578598434836,0.000399491808875687,0.0004109599380404665,0.00042244930557774191,0.0004109599380404665,0.000399491808875687,0.00035976578598434836],[0.00036413157690082487,0.00040320523655361839,0.000399491808875687,0.00042229446441217471,0.000399491808875687,0.00040320523655361839,0.00036413157690082487],[0.00032630944043808888,0.00036413157690082487,0.00035976578598434836,0.0003821718039677673,0.00035976578598434836,0.00036413157690082487,0.00032630944043808888]],[[0.00038544854854283527,0.00042647502373074827,0.00042175121756995586,0.00044608349696247362,0.00042175121756995586,0.00042647502373074827,0.00038544854854283527],[0.00042647502373074827,0.00046866784367221247,0.000464668948422321,0.00048931833523210345,0.00046466894842232104,0.00046866784367221247,0.00042647502373074827],[0.00042175121756995586,0.000464668948422321,0.00047705783870235233,0.000489469554164894,0.00047705783870235238,0.000464668948422321,0.00042175121756995586],[0.00044608349696247362,0.00048931833523210345,0.000489469554164894,0.00051256487021158678,0.000489469554164894,0.00048931833523210345,0.00044608349696247362],[0.00042175121756995586,0.00046466894842232104,0.00047705783870235238,0.000489469554164894,0.00047705783870235238,0.000464668948422321,0.00042175121756995586],[0.00042647502373074827,0.00046866784367221247,0.000464668948422321,0.00048931833523210345,0.000464668948422321,0.00046866784367221247,0.00042647502373074827],[0.00038544854854283527,0.00042647502373074827,0.00042175121756995586,0.00044608349696247362,0.00042175121756995586,0.00042647502373074827,0.00038544854854283527]],[[0.00044937828503023564,0.00049358800023726864,0.00048850852841843435,0.00051475435451798243,0.00048850852841843435,0.00049358800023726864,0.00044937828503023564],[0.00049358800023726864,0.00053887964173440653,0.00053459712984377814,0.00056108117608915937,0.00053459712984377814,0.00053887964173440653,0.00049358800023726864],[0.00048850852841843435,0.00053459712984377814,0.00054790077107133735,0.00056122881406066316,0.00054790077107133735,0.00053459712984377814,0.00048850852841843435],[0.00051475435451798243,0.00056108117608915937,0.00056122881406066316,0.00058601535271346527,0.00056122881406066316,0.00056108117608915937,0.00051475435451798243],[0.00048850852841843435,0.00053459712984377814,0.00054790077107133735,0.00056122881406066316,0.00054790077107133735,0.00053459712984377814,0.00048850852841843435],[0.00049358800023726864,0.00053887964173440653,0.00053459712984377814,0.00056108117608915937,0.00053459712984377814,0.00053887964173440653,0.00049358800023726864],[0.00044937828503023564,0.00049358800023726864,0.00048850852841843435,0.00051475435451798243,0.00048850852841843435,0.00049358800023726864,0.00044937828503023564]],[[0.00051806733162694,0.00056543962456401709,0.00056000678526578137,0.00058815370791320462,0.00056000678526578137,0.00056543962456401709,0.00051806733162694],[0.00056543962456401709,0.000613810162694388,0.00060924584660306457,0.00063755272748233771,0.00060924584660306457,0.000613810162694388,0.00056543962456401709],[0.00056000678526578137,0.00060924584660306457,0.000623458351367746,0.00063769682444660939,0.000623458351367746,0.00060924584660306457,0.00056000678526578137],[0.00058815370791320462,0.00063755272748233771,0.00063769682444660939,0.00066416371695371455,0.00063769682444660939,0.00063755272748233771,0.00058815370791320462],[0.00056000678526578137,0.00060924584660306457,0.000623458351367746,0.00063769682444660939,0.000623458351367746,0.00060924584660306457,0.00056000678526578137],[0.00056543962456401709,0.000613810162694388,0.00060924584660306457,0.00063755272748233771,0.00060924584660306457,0.000613810162694388,0.00056543962456401709],[0.00051806733162694,0.00056543962456401709,0.00056000678526578137,0.00058815370791320462,0.00056000678526578137,0.00056543962456401709,0.00051806733162694]],[[0.00059148500968780882,0.00064199963443085093,0.00063621567866692017,0.00066625149997013992,0.00063621567866692017,0.00064199963443085093,0.00059148500968780882],[0.00064199963443085093,0.00069342953826277893,0.00068858519452816714,0.000718703320350556,0.00068858519452816714,0.00069342953826277893,0.00064199963443085093],[0.00063621567866692017,0.00068858519452816714,0.00070370079217098021,0.00071884391484731188,0.00070370079217098021,0.00068858519452816714,0.00063621567866692017],[0.00066625149997013992,0.000718703320350556,0.00071884391484731188,0.00074698050739701531,0.00071884391484731188,0.000718703320350556,0.00066625149997013992],[0.00063621567866692017,0.00068858519452816714,0.00070370079217098021,0.00071884391484731188,0.00070370079217098021,0.00068858519452816714,0.00063621567866692017],[0.00064199963443085093,0.00069342953826277893,0.00068858519452816714,0.000718703320350556,0.00068858519452816714,0.00069342953826277893,0.00064199963443085093],[0.00059148500968780882,0.00064199963443085093,0.00063621567866692017,0.00066625149997013992,0.00063621567866692017,0.00064199963443085093,0.00059148500968780882]],[[0.00066960125011343943,0.00072323835718273257,0.00071710549183578965,0.00074901825402211644,0.00071710549183578965,0.00072323835718273257,0.00066960125011343943],[0.00072323835718273257,0.0007777084706186583,0.00077258584197348876,0.00080450384668027941,0.00077258584197348876,0.0007777084706186583,0.00072323835718273257],[0.00071710549183578965,0.00077258584197348876,0.0007885988728561108,0.00080464097584270137,0.0007885988728561108,0.00077258584197348876,0.00071710549183578965],[0.00074901825402211644,0.00080450384668027941,0.00080464097584270137,0.000834436818955963,0.00080464097584270137,0.00080450384668027941,0.00074901825402211644],[0.00071710549183578965,0.00077258584197348876,0.0007885988728561108,0.00080464097584270137,0.0007885988728561108,0.00077258584197348876,0.00071710549183578965],[0.00072323835718273257,0.0007777084706186583,0.00077258584197348876,0.00080450384668027941,0.00077258584197348876,0.0007777084706186583,0.00072323835718273257],[0.00066960125011343943,0.00072323835718273257,0.00071710549183578965,0.00074901825402211644,0.00071710549183578965,0.00072323835718273257,0.00066960125011343943]],[[0.00075238656392772685,0.00080912668102810724,0.000802647071313581,0.00083642504502122776,0.000802647071313581,0.00080912668102810724,0.00075238656392772685],[0.00080912668102810724,0.00086661820448694635,0.00086121900161967877,0.00089492573183171022,0.00086121900161967877,0.00086661820448694635,0.00080912668102810724],[0.000802647071313581,0.00086121900161967877,0.00087812391167585457,0.000895059431432703,0.00087812391167585457,0.00086121900161967877,0.000802647071313581],[0.00083642504502122776,0.00089492573183171022,0.000895059431432703,0.00092650426991397776,0.000895059431432703,0.00089492573183171022,0.00083642504502122776],[0.000802647071313581,0.00086121900161967877,0.00087812391167585457,0.000895059431432703,0.00087812391167585457,0.00086121900161967877,0.000802647071313581],[0.00080912668102810724,0.00086661820448694635,0.00086121900161967877,0.00089492573183171022,0.00086121900161967877,0.00086661820448694635,0.00080912668102810724],[0.00075238656392772685,0.00080912668102810724,0.000802647071313581,0.00083642504502122776,0.000802647071313581,0.00080912668102810724,0.00075238656392772685]],[[0.00083981201400657379,0.00089963602760628314,0.000892811799237839,0.00092844347233817729,0.000892811799237839,0.00089963602760628314,0.00083981201400657379],[0.00089963602760628314,0.00096013050057999045,0.00095445640375389123,0.00098994090835343666,0.00095445640375389123,0.00096013050057999045,0.00089963602760628314],[0.000892811799237839,0.00095445640375389123,0.00097224773931408074,0.00099007121286445645,0.00097224773931408074,0.00095445640375389123,0.000892811799237839],[0.00092844347233817729,0.00098994090835343666,0.00099007121286445645,0.0010231549762702847,0.00099007121286445645,0.00098994090835343644,0.00092844347233817729],[0.000892811799237839,0.00095445640375389123,0.00097224773931408074,0.00099007121286445645,0.00097224773931408074,0.00095445640375389123,0.000892811799237839],[0.00089963602760628314,0.00096013050057999045,0.00095445640375389123,0.00098994090835343644,0.00095445640375389123,0.00096013050057999056,0.00089963602760628324],[0.00083981201400657379,0.00089963602760628314,0.000892811799237839,0.00092844347233817729,0.000892811799237839,0.00089963602760628324,0.00083981201400657379]],[[0.00093184918810262365,0.000994738325887249,0.000987571567061468,0.0010250456340230591,0.000987571567061468,0.000994738325887249,0.00093184918810262365],[0.000994738325887249,0.001058217610352947,0.0010522702709147898,0.0010895217911441853,0.0010522702709147898,0.001058217610352947,0.000994738325887249],[0.000987571567061468,0.0010522702709147898,0.0010709426737902717,0.0010896487337966672,0.0010709426737902717,0.0010522702709147898,0.000987571567061468],[0.0010250456340230591,0.0010895217911441853,0.0010896487337966672,0.0011243615273872467,0.0010896487337966672,0.0010895217911441853,0.0010250456340230591],[0.000987571567061468,0.0010522702709147898,0.0010709426737902717,0.0010896487337966672,0.0010709426737902717,0.0010522702709147898,0.000987571567061468],[0.000994738325887249,0.001058217610352947,0.0010522702709147898,0.0010895217911441853,0.0010522702709147898,0.001058217610352947,0.000994738325887249],[0.00093184918810262365,0.000994738325887249,0.000987571567061468,0.0010250456340230591,0.000987571567061468,0.000994738325887249,0.00093184918810262376]],[[0.0010284701731730428,0.0010944059873568867,0.0010868987506091323,0.001126204102387078,0.0010868987506091323,0.0010944059873568867,0.0010284701731730428],[0.0010944059873568867,0.0011608522520067106,0.0011546332938086345,0.0011936412538600964,0.0011546332938086345,0.0011608522520067106,0.0010944059873568867],[0.0010868987506091323,0.0011546332938086345,0.0011741814966204028,0.0011937648667056846,0.0011741814966204028,0.0011546332938086345,0.0010868987506091323],[0.001126204102387078,0.0011936412538600964,0.0011937648667056846,0.0012300969628487189,0.0011937648667056846,0.0011936412538600964,0.001126204102387078],[0.0010868987506091323,0.0011546332938086345,0.0011741814966204028,0.0011937648667056846,0.0011741814966204028,0.0011546332938086345,0.0010868987506091323],[0.0010944059873568867,0.0011608522520067106,0.0011546332938086345,0.0011936412538600964,0.0011546332938086345,0.0011608522520067106,0.0010944059873568867],[0.0010284701731730428,0.0010944059873568867,0.0010868987506091323,0.001126204102387078,0.0010868987506091323,0.0010944059873568867,0.0010284701731730428]],[[0.0011296475309667436,0.0011986118824241119,0.0011907661863804777,0.001231891900805539,0.0011907661863804777,0.0011986118824241119,0.0011296475309667436],[0.0011986118824241119,0.0012680075876695773,0.0012615186084162775,0.0013022726064856652,0.0012615186084162775,0.0012680075876695773,0.0011986118824241119],[0.0011907661863804777,0.0012615186084162775,0.0012819374301544506,0.0013023929204539018,0.0012819374301544506,0.0012615186084162775,0.0011907661863804777],[0.001231891900805539,0.0013022726064856652,0.0013023929204539018,0.001340334750453057,0.0013023929204539018,0.0013022726064856652,0.001231891900805539],[0.0011907661863804777,0.0012615186084162775,0.0012819374301544506,0.0013023929204539018,0.0012819374301544506,0.0012615186084162775,0.0011907661863804777],[0.0011986118824241119,0.0012680075876695773,0.0012615186084162775,0.0013022726064856652,0.0012615186084162775,0.0012680075876695773,0.0011986118824241119],[0.0011296475309667436,0.0011986118824241119,0.0011907661863804777,0.001231891900805539,0.0011907661863804777,0.0011986118824241119,0.0011296475309667436]],[[0.0012353542748093967,0.0013073293179825948,0.0012991471490210061,0.00134208248166097,0.0012991471490210061,0.0013073293179825948,0.0012353542748093967],[0.0013073293179825948,0.0013796572016898845,0.0013728997742183356,0.0014153895739961941,0.0013728997742183356,0.0013796572016898845,0.0013073293179825948],[0.0012991471490210061,0.0013728997742183356,0.0013941841160185649,0.0014155066189492842,0.0013941841160185649,0.0013728997742183356,0.0012991471490210061],[0.00134208248166097,0.0014153895739961941,0.0014155066189492842,0.00145504876527185,0.0014155066189492842,0.0014153895739961941,0.00134208248166097],[0.0012991471490210061,0.0013728997742183356,0.0013941841160185649,0.0014155066189492842,0.0013941841160185649,0.0013728997742183356,0.0012991471490210061],[0.0013073293179825948,0.0013796572016898845,0.0013728997742183356,0.0014153895739961941,0.0013728997742183356,0.0013796572016898845,0.0013073293179825948],[0.0012353542748093967,0.0013073293179825948,0.0012991471490210061,0.00134208248166097,0.0012991471490210061,0.0013073293179825948,0.0012353542748093967]],[[0.0013455638475207475,0.0014205320160613148,0.0014120153298902334,0.0014567497053564664,0.0014120153298902334,0.0014205320160613148,0.0013455638475207475],[0.0014205320160613148,0.0014957750799754355,0.0014887507534723375,0.0015329662760467711,0.0014887507534723375,0.0014957750799754355,0.0014205320160613148],[0.0014120153298902334,0.0014887507534723375,0.0015108955945964751,0.0015330800808313718,0.0015108955945964751,0.0014887507534723375,0.0014120153298902334],[0.0014567497053564664,0.0015329662760467711,0.0015330800808313718,0.0015742132697114969,0.0015330800808313718,0.0015329662760467711,0.0014567497053564664],[0.0014120153298902334,0.0014887507534723375,0.0015108955945964751,0.0015330800808313718,0.0015108955945964751,0.0014887507534723375,0.0014120153298902334],[0.0014205320160613148,0.0014957750799754355,0.0014887507534723375,0.0015329662760467711,0.0014887507534723375,0.0014957750799754355,0.0014205320160613148],[0.0013455638475207475,0.0014205320160613148,0.0014120153298902334,0.0014567497053564664,0.0014120153298902334,0.0014205320160613148,0.0013455638475207475]],[[0.0014602501003997967,0.0015381940935008259,0.001529344816661313,0.0015758678203344942,0.001529344816661313,0.0015381940935008259,0.0014602501003997967],[0.0015381940935008259,0.0016163355903183465,0.0016090458914793367,0.0016549772076265487,0.0016090458914793367,0.0016163355903183465,0.0015381940935008259],[0.001529344816661313,0.0016090458914793367,0.0016320462854883494,0.0016550878001226998,0.0016320462854883494,0.0016090458914793367,0.001529344816661313],[0.0015758678203344942,0.0016549772076265487,0.0016550878001226998,0.001697802894518044,0.0016550878001226998,0.0016549772076265487,0.0015758678203344942],[0.001529344816661313,0.0016090458914793367,0.0016320462854883494,0.0016550878001226998,0.0016320462854883494,0.0016090458914793367,0.001529344816661313],[0.0015381940935008259,0.0016163355903183465,0.0016090458914793367,0.0016549772076265487,0.0016090458914793367,0.0016163355903183465,0.0015381940935008259],[0.0014602501003997967,0.0015381940935008259,0.001529344816661313,0.0015758678203344942,0.001529344816661313,0.0015381940935008259,0.0014602501003997967]],[[0.0015793872732161617,0.0016602900425949734,0.001651110073891235,0.0016994114440417941,0.001651110073891235,0.0016602900425949734,0.0015793872732161617],[0.0016602900425949734,0.0017413134636471003,0.0017337598977814246,0.0017813972206210615,0.0017337598977814246,0.0017413134636471003,0.0016602900425949734],[0.001651110073891235,0.0017337598977814246,0.0017576109688891796,0.0017815046277883521,0.0017576109688891796,0.0017337598977814246,0.001651110073891235],[0.0016994114440417941,0.0017813972206210615,0.0017815046277883521,0.0018257926206691898,0.0017815046277883521,0.0017813972206210615,0.0016994114440417941],[0.001651110073891235,0.0017337598977814246,0.0017576109688891796,0.0017815046277883521,0.0017576109688891796,0.0017337598977814246,0.001651110073891235],[0.0016602900425949734,0.0017413134636471003,0.0017337598977814246,0.0017813972206210615,0.0017337598977814246,0.0017413134636471003,0.0016602900425949734],[0.0015793872732161617,0.0016602900425949734,0.001651110073891235,0.0016994114440417941,0.001651110073891235,0.0016602900425949734,0.0015793872732161617]],[[0.0017029499751476703,0.0017867947126404924,0.0017772859245034395,0.0018273555447832874,0.0017772859245034395,0.0017867947126404924,0.0017029499751476703],[0.0017867947126404924,0.0018706837761500665,0.0018628678282340855,0.0019122015062275968,0.0018628678282340855,0.0018706837761500662,0.0017867947126404924],[0.0017772859245034395,0.0018628678282340855,0.0018875647678311903,0.0019123057541487059,0.0018875647678311903,0.0018628678282340855,0.0017772859245034395],[0.0018273555447832874,0.0019122015062275968,0.0019123057541487059,0.0019581577620995643,0.0019123057541487059,0.0019122015062275968,0.0018273555447832874],[0.0017772859245034395,0.0018628678282340855,0.0018875647678311903,0.0019123057541487059,0.0018875647678311903,0.0018628678282340855,0.0017772859245034395],[0.0017867947126404924,0.0018706837761500662,0.0018628678282340855,0.0019122015062275968,0.0018628678282340855,0.0018706837761500662,0.0017867947126404924],[0.0017029499751476703,0.0017867947126404924,0.0017772859245034395,0.0018273555447832874,0.0017772859245034395,0.0017867947126404924,0.0017029499751476703]],[[0.0018309131666084035,0.001917683292340284,0.0019078475321281298,0.0019596754244112203,0.0019078475321281298,0.001917683292340284,0.0018309131666084035],[0.001917683292340284,0.0020044219322177836,0.0019963450679004275,0.0020473655781716327,0.0019963450679004275,0.0020044219322177836,0.001917683292340284],[0.0019078475321281298,0.0019963450679004275,0.0020218831312378031,0.0020474666920933873,0.0020218831312378031,0.0019963450679004275,0.0019078475321281298],[0.0019596754244112203,0.0020473655781716327,0.0020474666920933873,0.0020948739492082373,0.0020474666920933873,0.0020473655781716327,0.0019596754244112203],[0.0019078475321281298,0.0019963450679004275,0.0020218831312378031,0.0020474666920933873,0.0020218831312378031,0.0019963450679004275,0.0019078475321281298],[0.001917683292340284,0.0020044219322177836,0.0019963450679004275,0.0020473655781716327,0.0019963450679004275,0.0020044219322177836,0.001917683292340284],[0.0018309131666084035,0.001917683292340284,0.0019078475321281298,0.0019596754244112203,0.0019078475321281298,0.001917683292340284,0.0018309131666084035]],[[0.001963252141912925,0.0020529312930078984,0.0020427703842473919,0.0020963467017981528,0.0020427703842473919,0.0020529312930078984,0.001963252141912925],[0.0020529312930078984,0.002142503648152968,0.0021341673147160702,0.0021868652566740588,0.0021341673147160702,0.002142503648152968,0.0020529312930078984],[0.0020427703842473919,0.0021341673147160702,0.0021605418177383711,0.0021869632610461011,0.0021605418177383711,0.0021341673147160702,0.0020427703842473919],[0.0020963467017981528,0.0021868652566740588,0.0021869632610461011,0.0022359171130988658,0.0021869632610461011,0.0021868652566740588,0.0020963467017981528],[0.0020427703842473919,0.0021341673147160702,0.0021605418177383711,0.0021869632610461011,0.0021605418177383711,0.0021341673147160702,0.0020427703842473919],[0.0020529312930078984,0.002142503648152968,0.0021341673147160702,0.0021868652566740588,0.0021341673147160702,0.002142503648152968,0.0020529312930078984],[0.001963252141912925,0.0020529312930078984,0.0020427703842473919,0.0020963467017981528,0.0020427703842473919,0.0020529312930078984,0.001963252141912925]],[[0.0020999425127250794,0.0021925145325221648,0.0021820302760953612,0.002237345297044291,0.0021820302760953612,0.0021925145325221648,0.0020999425127250794],[0.0021925145325221648,0.0022849049365989997,0.0022763105638757965,0.0023306766531210818,0.0022763105638757965,0.0022849049365989997,0.0021925145325221648],[0.0021820302760953612,0.0022763105638757965,0.0023035168801951939,0.0023307715716322395,0.0023035168801951939,0.0022763105638757965,0.0021820302760953612],[0.002237345297044291,0.0023306766531210818,0.0023307715716322395,0.0023812634705051563,0.0023307715716322395,0.0023306766531210818,0.002237345297044291],[0.0021820302760953612,0.0022763105638757965,0.0023035168801951939,0.0023307715716322395,0.0023035168801951939,0.0022763105638757965,0.0021820302760953612],[0.0021925145325221648,0.0022849049365989997,0.0022763105638757965,0.0023306766531210818,0.0022763105638757965,0.0022849049365989997,0.0021925145325221648],[0.0020999425127250794,0.0021925145325221648,0.0021820302760953612,0.002237345297044291,0.0021820302760953612,0.0021925145325221648,0.0020999425127250794]],[[0.0022409601922419244,0.0023364091199856597,0.0023256032952638736,0.0023826474163708465,0.0023256032952638736,0.0023364091199856597,0.0022409601922419244],[0.0023364091199856597,0.0024316020916406132,0.0024227510928944984,0.0024787761553899043,0.0024227510928944984,0.0024316020916406132,0.0023364091199856597],[0.0023256032952638736,0.0024227510928944984,0.0024507846508956552,0.0024788680110024155,0.0024507846508956552,0.0024227510928944984,0.0023256032952638736],[0.0023826474163708465,0.0024787761553899043,0.0024788680110024155,0.0025308895093553831,0.0024788680110024155,0.0024787761553899043,0.0023826474163708465],[0.0023256032952638736,0.0024227510928944984,0.0024507846508956552,0.0024788680110024155,0.0024507846508956552,0.0024227510928944984,0.0023256032952638736],[0.0023364091199856597,0.0024316020916406132,0.0024227510928944984,0.0024787761553899043,0.0024227510928944984,0.0024316020916406132,0.0023364091199856597],[0.0022409601922419244,0.0023364091199856597,0.0023256032952638736,0.0023826474163708465,0.0023256032952638736,0.0023364091199856597,0.0022409601922419244]],[[0.0023862813800648347,0.0024845914410378147,0.0024734658069680776,0.0025322295376544691,0.0024734658069680776,0.0024845914410378147,0.0023862813800648347],[0.0024845914410378147,0.0025825716745299914,0.0025734654472969482,0.0026311404137855628,0.0025734654472969482,0.0025825716745299914,0.0024845914410378147],[0.0024734658069680776,0.0025734654472969482,0.0026023217273643483,0.0026312292287671642,0.0026023217273643483,0.0025734654472969482,0.0024734658069680776],[0.0025322295376544691,0.0026311404137855628,0.0026312292287671642,0.0026847719749317589,0.0026312292287671642,0.0026311404137855628,0.0025322295376544691],[0.0024734658069680776,0.0025734654472969482,0.0026023217273643483,0.0026312292287671642,0.0026023217273643483,0.0025734654472969482,0.0024734658069680776],[0.0024845914410378147,0.0025825716745299914,0.0025734654472969482,0.0026311404137855628,0.0025734654472969482,0.0025825716745299914,0.0024845914410378147],[0.0023862813800648347,0.0024845914410378147,0.0024734658069680776,0.0025322295376544691,0.0024734658069680776,0.0024845914410378147,0.0023862813800648347]],[[0.0025358825477116041,0.0026370381437797459,0.0026255944399263256,0.0026860683965573952,0.0026255944399263256,0.0026370381437797459,0.0025358825477116041],[0.0026370381437797459,0.0027377904999952331,0.0027284304268921826,0.0027877463275450365,0.0027284304268921826,0.0027377904999952331,0.0026370381437797459],[0.0026255944399263256,0.0027284304268921826,0.0027581049587512485,0.002787832123499063,0.0027581049587512485,0.0027284304268921826,0.0026255944399263256],[0.0026860683965573952,0.0027877463275450365,0.002787832123499063,0.0028428878565814088,0.002787832123499063,0.0027877463275450365,0.0026860683965573952],[0.0026255944399263256,0.0027284304268921826,0.0027581049587512485,0.002787832123499063,0.0027581049587512485,0.0027284304268921826,0.0026255944399263256],[0.0026370381437797459,0.0027377904999952331,0.0027284304268921826,0.0027877463275450365,0.0027284304268921826,0.0027377904999952331,0.0026370381437797459],[0.0025358825477116041,0.0026370381437797459,0.0026255944399263256,0.0026860683965573952,0.0026255944399263256,0.0026370381437797459,0.0025358825477116041]],[[0.002689740424725019,0.0027937261252655526,0.0027819660728090057,0.0028441409732091953,0.0027819660728090057,0.0027937261252655526,0.002689740424725019],[0.0027937261252655526,0.0028972356230868015,0.0028876230725882563,0.0029485710318649309,0.0028876230725882563,0.0028972356230868015,0.0027937261252655526],[0.0027819660728090057,0.0028876230725882563,0.0029181114327518662,0.0029486538297584684,0.0029181114327518662,0.0028876230725882563,0.0027819660728090057],[0.0028441409732091953,0.0029485710318649309,0.0029486538297584684,0.0030052143749355453,0.0029486538297584684,0.0029485710318649309,0.0028441409732091953],[0.0027819660728090057,0.0028876230725882563,0.0029181114327518662,0.0029486538297584684,0.0029181114327518662,0.0028876230725882563,0.0027819660728090057],[0.0027937261252655526,0.0028972356230868015,0.0028876230725882563,0.0029485710318649309,0.0028876230725882563,0.0028972356230868015,0.0027937261252655526],[0.002689740424725019,0.0027937261252655526,0.0027819660728090057,0.0028441409732091953,0.0027819660728090057,0.0027937261252655526,0.002689740424725019]],[[0.0028478319853335468,0.0029546325185168068,0.0029425578212156122,0.0030064244793994422,0.0029425578212156122,0.0029546325185168068,0.0028478319853335468],[0.0029546325185168068,0.0030608843265202282,0.0030510206537063852,0.00311359188541232,0.0030510206537063852,0.0030608843265202282,0.0029546325185168068],[0.0029425578212156122,0.0030510206537063852,0.003082318463018686,0.0031136717056024065,0.003082318463018686,0.0030510206537063852,0.0029425578212156122],[0.0030064244793994422,0.00311359188541232,0.0031136717056024065,0.0031717289695967423,0.0031136717056024065,0.00311359188541232,0.0030064244793994422],[0.0029425578212156122,0.0030510206537063852,0.003082318463018686,0.0031136717056024065,0.003082318463018686,0.0030510206537063852,0.0029425578212156122],[0.0029546325185168068,0.0030608843265202282,0.0030510206537063852,0.00311359188541232,0.0030510206537063852,0.0030608843265202282,0.0029546325185168068],[0.0028478319853335468,0.0029546325185168068,0.0029425578212156122,0.0030064244793994422,0.0029425578212156122,0.0029546325185168068,0.0028478319853335468]],[[0.0030101344356227833,0.003119734680020574,0.0031073470251368079,0.0031728963462377491,0.0031073470251368079,0.003119734680020574,0.0030101344356227833],[0.003119734680020574,0.0032287141084745312,0.0032186006557526135,0.003282786458276731,0.0032186006557526135,0.0032287141084745312,0.003119734680020574],[0.0031073470251368079,0.0032186006557526135,0.0032507035770220414,0.0032828633205347966,0.0032507035770220414,0.0032186006557526135,0.0031073470251368079],[0.0031728963462377491,0.003282786458276731,0.0032828633205347966,0.0033424092872527422,0.0032828633205347966,0.003282786458276731,0.0031728963462377491],[0.0031073470251368079,0.0032186006557526135,0.0032507035770220414,0.0032828633205347966,0.0032507035770220414,0.0032186006557526135,0.0031073470251368079],[0.003119734680020574,0.0032287141084745312,0.0032186006557526135,0.003282786458276731,0.0032186006557526135,0.0032287141084745312,0.003119734680020574],[0.0030101344356227833,0.003119734680020574,0.0031073470251368079,0.0031728963462377491,0.0031073470251368079,0.003119734680020574,0.0030101344356227833]],[[0.0031766252011749055,0.0032890101776669252,0.0032763112368596327,0.00334353421224103,0.0032763112368596327,0.0032890101776669252,0.0031766252011749055],[0.0032890101776669252,0.0034007026708037327,0.00