{"M_cells":[[[0,0,0,0,0],[0,0,0,0,0],[0,0,0,0,0],[0,0,0,0,0],[0,0,0,0,0]],[[0.00040332809384569792,0.00096528635413103882,0.0011323269823506964,0.00096528635413103882,0.00040332809384569792],[0.00096528635413103882,0.001939171834781735,0.0022369414736701718,0.001939171834781735,0.00096528635413103882],[0.0011323269823506964,0.0022369414736701718,0.0025782871419644123,0.0022369414736701718,0.0011323269823506964],[0.00096528635413103882,0.001939171834781735,0.0022369414736701718,0.001939171834781735,0.00096528635413103882],[0.00040332809384569792,0.00096528635413103882,0.0011323269823506964,0.00096528635413103882,0.00040332809384569792]],[[0.0020443176298259773,0.003267872719922296,0.003650910154097456,0.003267872719922296,0.0020443176298259773],[0.003267872719922296,0.0047798905710628717,0.0052646951250168413,0.0047798905710628717,0.003267872719922296],[0.003650910154097456,0.0052646951250168413,0.0057834247219993628,0.0052646951250168413,0.003650910154097456],[0.003267872719922296,0.0047798905710628717,0.0052646951250168413,0.0047798905710628717,0.003267872719922296],[0.0020443176298259773,0.003267872719922296,0.003650910154097456,0.003267872719922296,0.0020443176298259773]],[[0.0046560181629253568,0.0062960662835955571,0.0068246778618653667,0.0062960662835955571,0.0046560181629253568],[0.0062960662835955571,0.0080955582593789134,0.00868575401865069,0.0080955582593789134,0.0062960662835955571],[0.0068246778618653667,0.00868575401865069,0.0092964799567178333,0.00868575401865069,0.0068246778618653667],[0.0062960662835955571,0.0080955582593789134,0.00868575401865069,0.0080955582593789134,0.0062960662835955571],[0.0046560181629253568,0.0062960662835955571,0.0068246778618653667,0.0062960662835955571,0.0046560181629253568]],[[0.0078374991271580978,0.0097087887289648879,0.010321585469107867,0.0097087887289648879,0.0078374991271580978],[0.0097087887289648879,0.011659474038801951,0.012306481596682555,0.011659474038801951,0.0097087887289648879],[0.010321585469107867,0.012306481596682555,0.012964894049586635,0.012306481596682555,0.010321585469107867],[0.0097087887289648879,0.011659474038801951,0.012306481596682555,0.011659474038801951,0.0097087887289648879],[0.0078374991271580978,0.0097087887289648879,0.010321585469107867,0.0097087887289648879,0.0078374991271580978]],[[0.011328444889972247,0.013322913590333527,0.013981597725390751,0.013322913590333527,0.011328444889972247],[0.013322913590333527,0.015352461777763849,0.016029460987603984,0.015352461777763849,0.013322913590333527],[0.013981597725390751,0.016029460987603984,0.016712565940296738,0.016029460987603984,0.013981597725390751],[0.013322913590333527,0.015352461777763849,0.016029460987603984,0.015352461777763851,0.013322913590333527],[0.011328444889972247,0.013322913590333527,0.013981597725390751,0.013322913590333527,0.011328444889972247]],[[0.014982825043626838,0.017041816598360526,0.017724843518627915,0.017041816598360526,0.014982825043626838],[0.017041816598360526,0.019112271432759276,0.019804925560129614,0.019112271432759276,0.017041816598360526],[0.017724843518627915,0.019804925560129614,0.020500789141461667,0.019804925560129614,0.017724843518627912],[0.017041816598360526,0.019112271432759276,0.019804925560129614,0.019112271432759276,0.017041816598360522],[0.014982825043626838,0.017041816598360526,0.017724843518627912,0.017041816598360522,0.014982825043626836]],[[0.018722445904617281,0.020814932916571504,0.021510687595649683,0.020814932916571504,0.018722445904617281],[0.020814932916571504,0.022906481545734953,0.023607240009057846,0.022906481545734953,0.020814932916571504],[0.021510687595649683,0.023607240009057846,0.024309666602958267,0.023607240009057846,0.021510687595649683],[0.020814932916571504,0.022906481545734953,0.023607240009057846,0.022906481545734953,0.020814932916571504],[0.018722445904617281,0.020814932916571504,0.021510687595649683,0.020814932916571504,0.018722445904617281]],[[0.022506163715240751,0.024615898754857941,0.025318238552984051,0.024615898754857941,0.022506163715240751],[0.024615898754857941,0.026718220671324771,0.027423133617665671,0.026718220671324771,0.024615898754857941],[0.025318238552984051,0.027423133617665671,0.028128904385243968,0.027423133617665671,0.025318238552984051],[0.024615898754857941,0.026718220671324771,0.027423133617665671,0.026718220671324771,0.024615898754857941],[0.022506163715240751,0.024615898754857941,0.025318238552984051,0.024615898754857941,0.022506163715240751]],[[0.026312476813242811,0.028430983319324973,0.029136687612638833,0.028430983319324973,0.026312476813242811],[0.028430983319324973,0.030538702263175253,0.031245708333092537,0.030538702263175253,0.028430983319324973],[0.029136687612638833,0.031245708333092537,0.031953148382340563,0.031245708333092537,0.029136687612638833],[0.028430983319324973,0.030538702263175253,0.031245708333092537,0.030538702263175253,0.028430983319324969],[0.026312476813242811,0.028430983319324973,0.029136687612638833,0.028430983319324969,0.026312476813242811]],[[0.030130171342226654,0.032253028018788488,0.03296041329815249,0.032253028018788488,0.030130171342226654],[0.032253028018788488,0.034363336828744304,0.035071359359064837,0.034363336828744304,0.032253028018788488],[0.03296041329815249,0.035071359359064837,0.03577959433311128,0.035071359359064837,0.03296041329815249],[0.032253028018788488,0.034363336828744304,0.035071359359064837,0.034363336828744304,0.032253028018788488],[0.030130171342226654,0.032253028018788488,0.03296041329815249,0.032253028018788488,0.030130171342226654]],[[0.033953392511720526,0.036078286691200209,0.036786472037021144,0.036078286691200209,0.033953392511720526],[0.036078286691200209,0.03818971101047311,0.038898185117627625,0.03818971101047311,0.036078286691200209],[0.036786472037021144,0.038898185117627625,0.039606755490978744,0.038898185117627625,0.036786472037021144],[0.036078286691200209,0.03818971101047311,0.038898185117627625,0.03818971101047311,0.036078286691200209],[0.033953392511720526,0.036078286691200209,0.036786472037021144,0.036078286691200209,0.033953392511720526]],[[0.037779069221759567,0.039904782267092404,0.040613304107413879,0.039904782267092404,0.037779069221759567],[0.039904782267092404,0.042016538070334626,0.042725164247004545,0.042016538070334626,0.039904782267092404],[0.040613304107413879,0.042725164247004545,0.043433825207187894,0.042725164247004545,0.040613304107413879],[0.039904782267092404,0.042016538070334626,0.042725164247004545,0.042016538070334626,0.039904782267092404],[0.037779069221759567,0.039904782267092404,0.040613304107413879,0.039904782267092404,0.037779069221759567]],[[0.041605573366572349,0.043731453089378682,0.044440064242126417,0.043731453089378682,0.041605573366572349],[0.043731453089378682,0.045843113039852293,0.04655172903234335,0.045843113039852293,0.043731453089378682],[0.044440064242126417,0.04655172903234335,0.047260346638566084,0.04655172903234335,0.044440064242126417],[0.043731453089378682,0.045843113039852293,0.04655172903234335,0.045843113039852293,0.043731453089378682],[0.041605573366572349,0.043731453089378682,0.044440064242126417,0.043731453089378682,0.041605573366572349]],[[0.045432023042953219,0.047557709631824,0.04826627474596925,0.047557709631824,0.045432023042953219],[0.047557709631824,0.049669029836241732,0.0503775440781179,0.049669029836241732,0.047557709631824],[0.04826627474596925,0.0503775440781179,0.051086041360584207,0.0503775440781179,0.04826627474596925],[0.047557709631824,0.049669029836241732,0.0503775440781179,0.049669029836241732,0.047557709631824],[0.045432023042953219,0.047557709631824,0.04826627474596925,0.047557709631824,0.045432023042953219]],[[0.049257920621639063,0.051383204286144374,0.052091645494027887,0.051383204286144374,0.049257920621639063],[0.051383204286144374,0.053494034291516154,0.054202391316396759,0.053494034291516154,0.051383204286144374],[0.052091645494027887,0.054202391316396759,0.0549107202767257,0.054202391316396759,0.052091645494027887],[0.051383204286144374,0.053494034291516154,0.054202391316396759,0.053494034291516154,0.051383204286144374],[0.049257920621639063,0.051383204286144374,0.052091645494027887,0.051383204286144374,0.049257920621639063]],[[0.053082964716851755,0.055207711697802274,0.055915980362916874,0.055207711697802274,0.053082964716851755],[0.055207711697802274,0.057317947665040156,0.058026110115985761,0.057317947665040156,0.055207711697802274],[0.055915980362916874,0.058026110115985761,0.058734237157546561,0.058026110115985761,0.055915980362916874],[0.055207711697802274,0.057317947665040156,0.058026110115985761,0.057317947665040156,0.055207711697802274],[0.053082964716851755,0.055207711697802274,0.055915980362916874,0.055207711697802274,0.053082964716851755]],[[0.056906952387897468,0.059031066428238181,0.059739128437878944,0.059031066428238181,0.056906952387897468],[0.059031066428238181,0.061140626688293037,0.061848565933859463,0.061140626688293037,0.059031066428238181],[0.059739128437878944,0.061848565933859463,0.0625564642525093,0.061848565933859463,0.059739128437878944],[0.059031066428238181,0.061140626688293037,0.061848565933859463,0.061140626688293044,0.059031066428238181],[0.056906952387897468,0.059031066428238181,0.059739128437878944,0.059031066428238181,0.056906952387897468]],[[0.060729728128704662,0.062853130324259321,0.06356095840588652,0.062853130324259321,0.060729728128704662],[0.062853130324259321,0.064961942527035521,0.065669633736558458,0.064961942527035521,0.062853130324259321],[0.06356095840588652,0.065669633736558458,0.066377279315679563,0.065669633736558458,0.06356095840588652],[0.062853130324259321,0.064961942527035521,0.065669633736558458,0.064961942527035521,0.062853130324259335],[0.060729728128704662,0.062853130324259321,0.06356095840588652,0.062853130324259335,0.060729728128704669]],[[0.064551157097687648,0.066673775263964744,0.067381344939591858,0.066673775263964744,0.064551157097687648],[0.066673775263964744,0.06878176952162543,0.069489189047406072,0.06878176952162543,0.066673775263964744],[0.067381344939591858,0.069489189047406072,0.070196558516082641,0.069489189047406072,0.067381344939591858],[0.066673775263964744,0.06878176952162543,0.069489189047406072,0.06878176952162543,0.066673775263964744],[0.064551157097687648,0.066673775263964744,0.067381344939591858,0.066673775263964744,0.064551157097687661]],[[0.068371110887579745,0.070492873843068973,0.0712001612644121,0.070492873843068973,0.068371110887579745],[0.070492873843068973,0.072599978962331044,0.073307102911691568,0.072599978962331044,0.070492873843068973],[0.0712001612644121,0.073307102911691568,0.07401417236242995,0.073307102911691568,0.0712001612644121],[0.070492873843068973,0.072599978962331044,0.073307102911691568,0.072599978962331044,0.070492873843068973],[0.068371110887579745,0.070492873843068973,0.0712001612644121,0.070492873843068973,0.068371110887579745]],[[0.072189459763141811,0.074310294141561622,0.075017274893771732,0.074310294141561622,0.072189459763141811],[0.074310294141561622,0.076416435436139879,0.077123238853322146,0.076416435436139879,0.074310294141561622],[0.075017274893771732,0.077123238853322146,0.07782998315002132,0.077123238853322146,0.075017274893771732],[0.074310294141561622,0.076416435436139879,0.077123238853322146,0.076416435436139879,0.074310294141561622],[0.072189459763141811,0.074310294141561622,0.075017274893771732,0.074310294141561622,0.072189459763141811]],[[0.076006068213751,0.078125896564782318,0.07883254496489514,0.078125896564782318,0.076006068213751],[0.078125896564782318,0.080230994463100266,0.0809374508194003,0.080230994463100266,0.078125896564782318],[0.07883254496489514,0.0809374508194003,0.081643843151388645,0.0809374508194003,0.07883254496489514],[0.078125896564782318,0.080230994463100266,0.0809374508194003,0.080230994463100266,0.078125896564782318],[0.076006068213751,0.078125896564782318,0.07883254496489514,0.078125896564782318,0.076006068213751]],[[0.0798207921813689,0.081939531714006808,0.082645820357512736,0.081939531714006808,0.0798207921813689],[0.081939531714006808,0.084043500752342737,0.084749581587143477,0.084043500752342737,0.081939531714006808],[0.082645820357512736,0.084749581587143477,0.085455593141703132,0.084749581587143477,0.082645820357512736],[0.081939531714006808,0.084043500752342737,0.084749581587143477,0.084043500752342737,0.081939531714006808],[0.0798207921813689,0.081939531714006808,0.082645820357512736,0.081939531714006808,0.0798207921813689]],[[0.083633477108627785,0.085751038739106972,0.086456938165783842,0.085751038739106972,0.083633477108627785],[0.085751038739106972,0.087853786724372662,0.088559461354408439,0.087853786724372662,0.085751038739106972],[0.086456938165783842,0.088559461354408439,0.089265061040519053,0.088559461354408439,0.086456938165783842],[0.085751038739106972,0.087853786724372662,0.088559461354408439,0.087853786724372662,0.085751038739106972],[0.083633477108627785,0.085751038739106972,0.086456938165783842,0.085751038739106972,0.083633477108627785]],[[0.087443956357510649,0.08956024388305063,0.090265722294015319,0.08956024388305063,0.087443956357510649],[0.08956024388305063,0.091661671109469628,0.092366906362178536,0.091661671109469628,0.08956024388305063],[0.090265722294015319,0.092366906362178536,0.093072060549303157,0.092366906362178536,0.090265722294015319],[0.08956024388305063,0.091661671109469628,0.092366906362178536,0.091661671109469628,0.08956024388305063],[0.087443956357510649,0.08956024388305063,0.090265722294015319,0.08956024388305063,0.087443956357510649]],[[0.091252049758743153,0.093366959060212973,0.094071982049648339,0.093366959060212973,0.091252049758743153],[0.093366959060212973,0.095466957515482509,0.096171717462117015,0.095466957515482509,0.093366959060212973],[0.094071982049648339,0.096171717462117015,0.096876389713774352,0.096171717462117015,0.094071982049648339],[0.093366959060212973,0.095466957515482509,0.096171717462117015,0.095466957515482509,0.093366959060212973],[0.091252049758743153,0.093366959060212973,0.094071982049648339,0.093366959060212973,0.091252049758743153]],[[0.095057562159455988,0.0971709803780202,0.097875510658940942,0.0971709803780202,0.095057562159455988],[0.0971709803780202,0.09926943290039239,0.099973678574547462,0.09926943290039239,0.0971709803780202],[0.097875510658940942,0.099973678574547462,0.10067782936442676,0.099973678574547462,0.097875510658940942],[0.0971709803780202,0.09926943290039239,0.099973678574547462,0.09926943290039239,0.0971709803780202],[0.095057562159455988,0.0971709803780202,0.097875510658940942,0.0971709803780202,0.095057562159455988]],[[0.098860281891194279,0.1009720865448497,0.1016760836565149,0.1009720865448497,0.098860281891194279],[0.1009720865448497,0.10306886590521369,0.10377255499740014,0.10306886590521369,0.1009720865448497],[0.1016760836565149,0.10377255499740014,0.1044761413996543,0.10377255499740014,0.1016760836565149],[0.1009720865448497,0.10306886590521369,0.10377255499740014,0.10306886590521369,0.1009720865448497],[0.098860281891194279,0.1009720865448497,0.1016760836565149,0.1009720865448497,0.098860281891194279]],[[0.10265997910712145,0.10477003712306696,0.10547345711140346,0.10477003712306696,0.10265997910712145],[0.10477003712306696,0.10686500501164767,0.10756809153274044,0.10686500501164767,0.10477003712306696],[0.10547345711140346,0.10756809153274044,0.10827106687977503,0.10756809153274044,0.10547345711140346],[0.10477003712306696,0.10686500501164767,0.10756809153274044,0.10686500501164767,0.10477003712306696],[0.10265997910712145,0.10477003712306696,0.10547345711140346,0.10477003712306696,0.10265997910712145]],[[0.10645640394940888,0.10856457059226247,0.10926736565642738,0.10856457059226247,0.10645640394940888],[0.10856457059226247,0.11065757649132002,0.11136001039851665,0.11065757649132002,0.10856457059226247],[0.10926736565642738,0.11136001039851665,0.11206232390007921,0.11136001039851665,0.10926736565642738],[0.10856457059226247,0.11065757649132002,0.11136001039851665,0.11065757649132002,0.10856457059226247],[0.10645640394940888,0.10856457059226247,0.10926736565642738,0.10856457059226247,0.10645640394940888]],[[0.11024928451202523,0.11235540218881304,0.11305752028744898,0.11235540218881304,0.11024928451202523],[0.11235540218881304,0.11444628211227785,0.11514800889115481,0.11444628211227785,0.11235540218881304],[0.11305752028744898,0.11514800889115481,0.11584960520832367,0.11514800889115481,0.11305752028744898],[0.11235540218881304,0.11444628211227785,0.11514800889115481,0.11444628211227785,0.11235540218881304],[0.11024928451202523,0.11235540218881304,0.11305752028744898,0.11235540218881304,0.11024928451202523]],[[0.1140383245638826,0.11614222148571789,0.1168436058962106,0.11614222148571789,0.1140383245638826],[0.11614222148571789,0.11823079656486156,0.11893175676056733,0.11823079656486156,0.11614222148571789],[0.1168436058962106,0.11893175676056733,0.11963257552758876,0.11893175676056733,0.1168436058962106],[0.11614222148571789,0.11823079656486156,0.11893175676056733,0.11823079656486156,0.11614222148571789],[0.1140383245638826,0.11614222148571789,0.1168436058962106,0.11614222148571789,0.1140383245638826]],[[0.11782320099433097,0.11992468967240756,0.12062527849578474,0.11992468967240756,0.11782320099433097],[0.11992468967240756,0.12201076456379636,0.12271089325351373,0.12201076456379636,0.11992468967240756],[0.12062527849578474,0.12271089325351373,0.12341086853945066,0.12271089325351373,0.12062527849578474],[0.11992468967240756,0.12201076456379636,0.12271089325351373,0.12201076456379636,0.11992468967240756],[0.11782320099433097,0.11992468967240756,0.12062527849578474,0.11992468967240756,0.11782320099433097]],[[0.12160356093789883,0.12370243648818995,0.12440216209119923,0.12370243648818993,0.12160356093789881],[0.12370243648818995,0.12578579757638944,0.12648502377396043,0.12578579757638944,0.12370243648818993],[0.12440216209119923,0.12648502377396043,0.12718408347483112,0.12648502377396043,0.12440216209119923],[0.12370243648818993,0.12578579757638944,0.12648502377396043,0.12578579757638944,0.12370243648818995],[0.12160356093789881,0.12370243648818993,0.12440216209119923,0.12370243648818995,0.12160356093789883]],[[0.12537901852855202,0.12747505675533619,0.12817384513994126,0.12747505675533619,0.12537901852855202],[0.12747505675533619,0.12955547011816276,0.13025371610024769,0.12955547011816276,0.12747505675533619],[0.12817384513994126,0.13025371610024769,0.1309517812507377,0.13025371610024769,0.12817384513994126],[0.12747505675533619,0.12955547011816276,0.13025371610024769,0.12955547011816276,0.12747505675533619],[0.12537901852855202,0.12747505675533619,0.12817384513994126,0.12747505675533619,0.12537901852855204]],[[0.12914915122519616,0.13124210644845033,0.13193987653726191,0.13124210644845033,0.12914915122519616],[0.13124210644845033,0.13331931554684151,0.13401649608809946,0.13331931554684151,0.13124210644845033],[0.13193987653726191,0.13401649608809946,0.13471348007998968,0.13401649608809946,0.13193987653726191],[0.13124210644845033,0.13331931554684151,0.13401649608809946,0.13331931554684151,0.13124210644845033],[0.12914915122519616,0.13124210644845033,0.13193987653726191,0.13124210644845033,0.12914915122519616]],[[0.13291349563998137,0.13500309822528048,0.13569976104936207,0.13500309822528048,0.13291349563998137],[0.13500309822528048,0.13707682127293211,0.13777284277542542,0.13707682127293211,0.13500309822528048],[0.13569976104936207,0.13777284277542542,0.13846865046752732,0.13777284277542542,0.13569976104936207],[0.13500309822528048,0.13707682127293211,0.13777284277542542,0.13707682127293211,0.13500309822528048],[0.13291349563998137,0.13500309822528048,0.13569976104936207,0.13500309822528048,0.13291349563998137]],[[0.13667154278836333,0.13875749633041523,0.13945295410348379,0.13875749633041523,0.13667154278836333],[0.13875749633041523,0.14082742328999009,0.14152218278928505,0.14082742328999009,0.13875749633041523],[0.13945295410348379,0.14152218278928505,0.14221670949083984,0.14152218278928505,0.13945295410348379],[0.13875749633041523,0.14082742328999009,0.14152218278928505,0.14082742328999009,0.13875749633041523],[0.13667154278836333,0.13875749633041523,0.13945295410348379,0.13875749633041523,0.13667154278836333]],[[0.14042273266488692,0.14250471076652205,0.14319885582647321,0.14250471076652205,0.14042273266488692],[0.14250471076652205,0.14457049990910306,0.14526388393618955,0.14457049990910306,0.14250471076652205],[0.14319885582647321,0.14526388393618955,0.14595701424224963,0.14526388393618955,0.14319885582647321],[0.14250471076652205,0.14457049990910306,0.14526388393618955,0.14457049990910306,0.14250471076652205],[0.14042273266488692,0.14250471076652205,0.14319885582647321,0.14250471076652205,0.14042273266488692]],[[0.14416644803030831,0.14624409060771035,0.14693680420280586,0.14624409060771035,0.14416644803030831],[0.14624409060771035,0.14830536455994439,0.14899724783408413,0.14830536455994439,0.14624409060771035],[0.14693680420280586,0.14899724783408413,0.14968885428724532,0.14899724783408413,0.14693680420280586],[0.14624409060771035,0.14830536455994439,0.14899724783408413,0.14830536455994439,0.14624409060771035],[0.14416644803030831,0.14624409060771035,0.14693680420280586,0.14624409060771035,0.14416644803030831]],[[0.147902007273639,0.14997491630498416,0.15066606719766326,0.14997491630498416,0.147902007273639],[0.14997491630498416,0.15203125749352489,0.15272150141626081,0.15203125749352489,0.14997491630498416],[0.15066606719766326,0.15272150141626081,0.15341144296406964,0.15272150141626081,0.15066606719766326],[0.14997491630498416,0.15203125749352489,0.15272150141626081,0.15203125749352489,0.14997491630498416],[0.147902007273639,0.14997491630498416,0.15066606719766326,0.14997491630498416,0.147902007273639]],[[0.15162865618585442,0.15369639080426567,0.15438583366004971,0.15369639080426567,0.15162865618585442],[0.15369639080426567,0.15574733618905703,0.15643578710365474,0.15574733618905703,0.15369639080426567],[0.15438583366004971,0.15643578710365474,0.15712390731489262,0.15643578710365474,0.15438583366004971],[0.15369639080426567,0.15574733618905703,0.15643578710365474,0.15574733618905703,0.15369639080426567],[0.15162865618585442,0.15369639080426567,0.15438583366004971,0.15369639080426567,0.15162865618585442]],[[0.15534555844943962,0.15740762926115112,0.15809520278380296,0.15740762926115112,0.15534555844943962],[0.15740762926115112,0.15945266422721582,0.16013915140064264,0.15945266422721582,0.15740762926115112],[0.15809520278380296,0.16013915140064264,0.16082527639624269,0.16013915140064264,0.15809520278380296],[0.15740762926115112,0.15945266422721582,0.16013915140064264,0.15945266422721582,0.15740762926115112],[0.15534555844943962,0.15740762926115112,0.15809520278380296,0.15740762926115112,0.15534555844943962]],[[0.15905178460837929,0.16110764709285563,0.16179317185888226,0.16110764709285563,0.15905178460837929],[0.16110764709285563,0.16314619834352126,0.16383053161925554,0.16314619834352126,0.16110764709285563],[0.16179317185888226,0.16383053161925554,0.16451446766454547,0.16383053161925554,0.16179317185888226],[0.16110764709285563,0.16314619834352126,0.16383053161925554,0.16314619834352126,0.16110764709285563],[0.15905178460837929,0.16110764709285563,0.16179317185888226,0.16110764709285563,0.15905178460837929]],[[0.1627462992350249,0.16479534605417639,0.16547862199019331,0.16479534605417639,0.1627462992350249],[0.16479534605417639,0.1668267733162028,0.16750874037549673,0.1668267733162028,0.16479534605417639],[0.16547862199019331,0.16750874037549673,0.16819027106942794,0.16750874037549673,0.16547862199019331],[0.16479534605417639,0.1668267733162028,0.16750874037549673,0.1668267733162028,0.16479534605417639],[0.1627462992350249,0.16479534605417639,0.16547862199019331,0.16479534605417639,0.1627462992350249]],[[0.16642794595148613,0.16846949795945143,0.16915030139422793,0.16846949795945143,0.16642794595148613],[0.16846949795945143,0.17049308427101018,0.17117244742724594,0.17049308427101018,0.16846949795945143],[0.16915030139422793,0.17117244742724594,0.17185133041085313,0.17117244742724594,0.16915030139422793],[0.16846949795945143,0.17049308427101018,0.17117244742724594,0.17049308427101018,0.16846949795945143],[0.16642794595148613,0.16846949795945143,0.16915030139422793,0.16846949795945143,0.16642794595148613]],[[0.17009542989213955,0.1721287255932194,0.17280680580195359,0.1721287255932194,0.17009542989213955],[0.1721287255932194,0.17414366589770092,0.17482015833269202,0.17414366589770092,0.1721287255932194],[0.17280680580195359,0.17482015833269202,0.17549612142274162,0.17482015833269202,0.17280680580195359],[0.1721287255932194,0.17414366589770092,0.17482015833269202,0.17414366589770092,0.1721287255932194],[0.17009542989213955,0.1721287255932194,0.17280680580195359,0.1721287255932194,0.17009542989213955]],[[0.17374729710699832,0.17577148025675612,0.17644655539785317,0.17577148025675612,0.17374729710699832],[0.17577148025675612,0.17777686796733586,0.17845018929933815,0.17777686796733586,0.17577148025675612],[0.17644655539785317,0.17845018929933815,0.1791229259334231,0.17845018929933815,0.17644655539785317],[0.17577148025675612,0.17777686796733586,0.17845018929933815,0.17777686796733586,0.17577148025675612],[0.17374729710699832,0.17577148025675612,0.17644655539785317,0.17577148025675612,0.17374729710699832]],[[0.17738191030116393,0.17939601528176674,0.18006776760563395,0.17939601528176674,0.17738191030116393],[0.17939601528176674,0.18139082641186174,0.182060637462096,0.18139082641186174,0.17939601528176674],[0.18006776760563395,0.182060637462096,0.18272980131774663,0.182060637462096,0.18006776760563395],[0.17939601528176674,0.18139082641186174,0.182060637462096,0.18139082641186174,0.17939601528176674],[0.17738191030116393,0.17939601528176674,0.18006776760563395,0.17939601528176674,0.17738191030116393]],[[0.18099742017979442,0.18300035470436052,0.18366842488864424,0.18300035470436052,0.18099742017979442],[0.18300035470436052,0.18498342907581228,0.18564934567285438,0.18498342907581228,0.18300035470436052],[0.18366842488864424,0.18564934567285438,0.18631454429500188,0.18564934567285438,0.18366842488864424],[0.18300035470436052,0.18498342907581228,0.18564934567285438,0.18498342907581228,0.18300035470436052],[0.18099742017979442,0.18300035470436052,0.18366842488864424,0.18300035470436052,0.18099742017979442]],[[0.18459173151774746,0.18658225612802698,0.18724623656420294,0.18658225612802698,0.18459173151774746],[0.18658225612802698,0.18855227507085037,0.18921386069995588,0.18855227507085037,0.18658225612802698],[0.18724623656420294,0.18921386069995588,0.18987464793786843,0.18921386069995588,0.18724623656420294],[0.18658225612802698,0.18855227507085037,0.18921386069995588,0.18855227507085037,0.18658225612802698],[0.18459173151774746,0.18658225612802698,0.18724623656420294,0.18658225612802698,0.18459173151774746]],[[0.18816246289705907,0.19013916661311847,0.19079859343472888,0.19013916661311847,0.18816246289705907],[0.19013916661311847,0.19209462645750047,0.19275138352455926,0.19209462645750047,0.19013916661311847],[0.19079859343472888,0.19275138352455926,0.193407250541088,0.19275138352455926,0.19079859343472888],[0.19013916661311847,0.19209462645750047,0.19275138352455926,0.19209462645750047,0.19013916661311847],[0.18816246289705907,0.19013916661311847,0.19079859343472888,0.19013916661311847,0.18816246289705907]],[[0.19170689885187267,0.19366817021248592,0.19432251381585475,0.19366817021248592,0.19170689885187267],[0.19366817021248592,0.19560735074696378,0.19625871018480953,0.19560735074696378,0.19366817021248592],[0.19432251381585475,0.19625871018480953,0.19690907475797395,0.19625871018480953,0.19432251381585475],[0.19366817021248592,0.19560735074696378,0.19625871018480953,0.19560735074696378,0.19366817021248592],[0.19170689885187267,0.19366817021248592,0.19432251381585475,0.19366817021248592,0.19170689885187267]],[[0.19522193293336504,0.19716592553430098,0.1978145792992938,0.19716592553430098,0.19522193293336504],[0.19716592553430098,0.19908685246875527,0.19973216136857003,0.19908685246875527,0.19716592553430098],[0.1978145792992938,0.19973216136857003,0.20037635515996266,0.19973216136857003,0.1978145792992938],[0.19716592553430098,0.19908685246875527,0.19973216136857003,0.19908685246875527,0.19716592553430098],[0.19522193293336504,0.19716592553430098,0.1978145792992938,0.19716592553430098,0.19522193293336504]],[[0.1987039999657102,0.20062859146794412,0.20127085834146191,0.20062859146794412,0.1987039999657102],[0.20062859146794412,0.20252899180720413,0.20316749871321527,0.20252899180720413,0.20062859146794412],[0.20127085834146191,0.20316749871321527,0.20380475213327173,0.20316749871321527,0.20127085834146191],[0.20062859146794412,0.20252899180720413,0.20316749871321527,0.20252899180720413,0.20062859146794412],[0.1987039999657102,0.20062859146794412,0.20127085834146191,0.20062859146794412,0.1987039999657102]],[[0.20214899552839308,0.20405173898519888,0.20468681554886034,0.20405173898519888,0.20214899552839308],[0.20405173898519888,0.20592898810968951,0.2065598255779873,0.20592898810968951,0.20405173898519888],[0.20468681554886034,0.2065598255779873,0.20718924984210282,0.2065598255779873,0.20468681554886034],[0.20405173898519888,0.20592898810968951,0.2065598255779873,0.20592898810968951,0.20405173898519888],[0.20214899552839308,0.20405173898519888,0.20468681554886034,0.20405173898519888,0.20214899552839308]],[[0.20555218050922192,0.20743024677780911,0.20805720439219591,0.20743024677780911,0.20555218050922192],[0.20743024677780911,0.20928130597778441,0.20990346998140963,0.20928130597778441,0.20743024677780911],[0.20805720439219591,0.20990346998140963,0.21052403593567612,0.20990346998140963,0.20805720439219591],[0.20743024677780911,0.20928130597778441,0.20990346998140963,0.20928130597778441,0.20743024677780911],[0.20555218050922192,0.20743024677780911,0.20805720439219591,0.20743024677780911,0.20555218050922192]],[[0.20890806849153129,0.21075817849809653,0.21137594111428237,0.21075817849809653,0.20890806849153129],[0.21075817849809653,0.21257952177601583,0.21319184755735304,0.21257952177601583,0.21075817849809653],[0.21137594111428237,0.21319184755735304,0.21380236087843923,0.21319184755735304,0.21137594111428237],[0.21075817849809653,0.21257952177601583,0.21319184755735304,0.21257952177601583,0.21075817849809653],[0.20890806849153129,0.21075817849809653,0.21137594111428237,0.21075817849809653,0.20890806849153129]],[[0.2122102938744766,0.21402863966328348,0.21463595794072715,0.21402863966328348,0.2122102938744766],[0.21402863966328348,0.21581616889258606,0.21641730294888825,0.21581616889258606,0.21402863966328348],[0.21463595794072715,0.21641730294888825,0.21701637541953714,0.21641730294888825,0.21463595794072715],[0.21402863966328348,0.21581616889258606,0.21641730294888825,0.21581616889258606,0.21402863966328348],[0.2122102938744766,0.21402863966328348,0.21463595794072715,0.21402863966328348,0.2122102938744766]],[[0.21545145913480176,0.21723361305669017,0.21782903455950972,0.21723361305669017,0.21545145913480176],[0.21723361305669017,0.21898256118761406,0.21957092926637811,0.21898256118761406,0.21723361305669017],[0.21782903455950972,0.21957092926637811,0.22015694603823227,0.21957092926637811,0.21782903455950972],[0.21723361305669017,0.21898256118761406,0.21957092926637811,0.21898256118761406,0.21723361305669017],[0.21545145913480176,0.21723361305669017,0.21782903455950972,0.21723361305669017,0.21545145913480176]],[[0.21862296074149751,0.22036377296328638,0.22094560846820938,0.22036377296328638,0.21862296074149751],[0.22036377296328638,0.22206859605102991,0.22264236737926715,0.22206859605102991,0.22036377296328638],[0.22094560846820938,0.22264236737926715,0.22321345051076655,0.22264236737926715,0.22094560846820938],[0.22036377296328638,0.22206859605102991,0.22264236737926715,0.22206859605102991,0.22036377296328638],[0.21862296074149751,0.22036377296328638,0.22094560846820938,0.22036377296328638,0.21862296074149751]],[[0.22171479520110018,0.22340828110286048,0.2239745674951461,0.22340828110286048,0.22171479520110018],[0.22340828110286048,0.22506254166122139,0.22561959019049707,0.22506254166122139,0.22340828110286048],[0.2239745674951461,0.22561959019049707,0.22617355934373529,0.22561959019049707,0.2239745674951461],[0.22340828110286048,0.22506254166122139,0.22561959019049707,0.22506254166122139,0.22340828110286048],[0.22171479520110018,0.22340828110286048,0.2239745674951461,0.22340828110286048,0.22171479520110018]],[[0.22471534981733954,0.22635457092725436,0.2269030318314576,0.22635457092725436,0.22471534981733954],[0.22635457092725436,0.22795081758799343,0.2284886818430617,0.22795081758799343,0.22635457092725436],[0.2269030318314576,0.2284886818430617,0.22902301387458751,0.2284886818430617,0.2269030318314576],[0.22635457092725436,0.22795081758799343,0.2284886818430617,0.22795081758799343,0.22635457092725436],[0.22471534981733954,0.22635457092725436,0.2269030318314576,0.22635457092725436,0.22471534981733954]],[[0.22761118716256462,0.229188132090899,0.2297161382965946,0.229188132090899,0.22761118716256462],[0.229188132090899,0.23071778371610524,0.23123362787541532,0.23071778371610524,0.229188132090899],[0.2297161382965946,0.23123362787541532,0.23174541813884633,0.23123362787541532,0.2297161382965946],[0.229188132090899,0.23071778371610524,0.23123362787541532,0.23071778371610524,0.229188132090899],[0.22761118716256462,0.229188132090899,0.2297161382965946,0.229188132090899,0.22761118716256462]],[[0.23038683784608804,0.23189231301377072,0.23239684585206588,0.23189231301377072,0.23038683784608804],[0.23189231301377072,0.23334555888633085,0.23383613888217106,0.23334555888633085,0.23189231301377072],[0.23239684585206588,0.23383613888217106,0.234322068241241,0.23383613888217106,0.23239684585206588],[0.23189231301377072,0.23334555888633085,0.23383613888217106,0.23334555888633085,0.23189231301377072],[0.23038683784608804,0.23189231301377072,0.23239684585206588,0.23189231301377072,0.23038683784608804]],[[0.23302462222573156,0.23444816544699359,0.23492578736853553,0.23444816544699359,0.23302462222573156],[0.23444816544699359,0.23581389611933343,0.23627553556072298,0.23581389611933343,0.23444816544699359],[0.23492578736853553,0.23627553556072298,0.23673184810018869,0.23627553556072298,0.23492578736853553],[0.23444816544699359,0.23581389611933343,0.23627553556072298,0.23581389611933343,0.23444816544699359],[0.23302462222573156,0.23444816544699359,0.23492578736853553,0.23444816544699359,0.23302462222573156]],[[0.23550452676820219,0.23683435889650822,0.23728119626351163,0.23683435889650822,0.23550452676820219],[0.23683435889650822,0.23810014344228822,0.23852872462484226,0.23810014344228822,0.23683435889650822],[0.23728119626351163,0.23852872462484226,0.2389512214075038,0.23852872462484226,0.23728119626351163],[0.23683435889650822,0.23810014344228822,0.23852872462484226,0.23810014344228822,0.23683435889650822],[0.23550452676820219,0.23683435889650822,0.23728119626351163,0.23683435889650822,0.23550452676820219]],[[0.23780416263977761,0.23902719219957322,0.2394389353024014,0.23902719219957322,0.23780416263977761],[0.23902719219957322,0.24017931563250403,0.24057029035427466,0.24017931563250403,0.23902719219957322],[0.2394389353024014,0.24057029035427466,0.24095434384595896,0.24057029035427466,0.2394389353024014],[0.23902719219957322,0.24017931563250403,0.24057029035427466,0.24017931563250403,0.23902719219957322],[0.23780416263977761,0.23902719219957322,0.2394389353024014,0.23902719219957322,0.23780416263977761]],[[0.23989883054213748,0.24100072247605955,0.241372646651982,0.24100072247605955,0.23989883054213748],[0.24100072247605955,0.24202429125770852,0.2423727143433661,0.24202429125770852,0.24100072247605955],[0.241372646651982,0.2423727143433661,0.242713306083044,0.2423727143433661,0.241372646651982],[0.24100072247605955,0.24202429125770852,0.2423727143433661,0.24202429125770852,0.24100072247605955],[0.23989883054213748,0.24100072247605955,0.241372646651982,0.24100072247605955,0.23989883054213748]],[[0.24176170568560543,0.24272701801169769,0.24305402742833729,0.24272701801169769,0.24176170568560543],[0.24272701801169769,0.24360613260790248,0.24390671814958131,0.24360613260790248,0.24272701801169769],[0.24305402742833729,0.24390671814958131,0.24419849915459757,0.24390671814958131,0.24305402742833729],[0.24272701801169769,0.24360613260790248,0.24390671814958131,0.24360613260790248,0.24272701801169769],[0.24176170568560543,0.24272701801169769,0.24305402742833729,0.24272701801169769,0.24176170568560543]],[[0.24336414145713142,0.24417652432779025,0.24445321696145825,0.24417652432779025,0.24336414145713142],[0.24417652432779025,0.2448945081753377,0.24514170529507634,0.2448945081753377,0.24417652432779025],[0.24445321696145825,0.24514170529507634,0.245379075430842,0.24514170529507634,0.24445321696145825],[0.24417652432779025,0.2448945081753377,0.24514170529507634,0.2448945081753377,0.24417652432779025],[0.24336414145713142,0.24417652432779025,0.24445321696145825,0.24417652432779025,0.24336414145713142]],[[0.24467607398019803,0.24531851731128723,0.24553926683065214,0.24531851731128723,0.24467607398019803],[0.24531851731128723,0.24585818474132576,0.24604626727773624,0.24585818474132576,0.24531851731128723],[0.24553926683065214,0.24604626727773624,0.24622346755785296,0.24604626727773624,0.24553926683065214],[0.24531851731128723,0.24585818474132576,0.24604626727773624,0.24585818474132576,0.24531851731128723],[0.24467607398019803,0.24531851731128723,0.24553926683065214,0.24531851731128723,0.24467607398019803]],[[0.24566649803493668,0.24612160959455795,0.24628065826802806,0.24612160959455795,0.24566649803493668],[0.24612160959455795,0.24646555386902474,0.24658871770290386,0.24646555386902474,0.24612160959455795],[0.24628065826802806,0.24658871770290386,0.24669992909889327,0.24658871770290386,0.24628065826802806],[0.24612160959455795,0.24646555386902474,0.24658871770290386,0.24646555386902474,0.24612160959455795],[0.24566649803493668,0.24612160959455795,0.24628065826802806,0.24612160959455795,0.24566649803493668]],[[0.24630398207711909,0.24655427923232373,0.24664583618299207,0.24655427923232373,0.24630398207711909],[0.24655427923232373,0.24668516621486167,0.24673762917147868,0.24668516621486167,0.24655427923232373],[0.24664583618299207,0.24673762917147868,0.24677707307327351,0.24673762917147868,0.24664583618299207],[0.24655427923232373,0.24668516621486167,0.24673762917147868,0.24668516621486167,0.24655427923232373],[0.24630398207711909,0.24655427923232373,0.24664583618299207,0.24655427923232373,0.24630398207711909]],[[0.24655719699915546,0.2465854013394643,0.24660374227363382,0.2465854013394643,0.24655719699915546],[0.2465854013394643,0.24648626224793849,0.24646236400904048,0.24648626224793849,0.2465854013394643],[0.24660374227363382,0.24646236400904048,0.24642440220359654,0.24646236400904048,0.24660374227363382],[0.2465854013394643,0.24648626224793849,0.24646236400904048,0.24648626224793849,0.2465854013394643],[0.24655719699915546,0.2465854013394643,0.24660374227363382,0.2465854013394643,0.24655719699915546]],[[0.2463954463403282,0.24618477834205352,0.24612434542387907,0.24618477834205352,0.2463954463403282],[0.24618477834205352,0.24583930306254204,0.24573360518418655,0.24583930306254204,0.24618477834205352],[0.24612434542387907,0.24573360518418655,0.24561283992140476,0.24573360518418655,0.24612434542387907],[0.24618477834205352,0.24583930306254204,0.24573360518418655,0.24583930306254204,0.24618477834205352],[0.2463954463403282,0.24618477834205352,0.24612434542387907,0.24618477834205352,0.2463954463403282]],[[0.24578919924753295,0.24532367682428016,0.24517917961892596,0.24532367682428016,0.24578919924753295],[0.24532367682428016,0.24471651447471932,0.24452390244122435,0.24471651447471932,0.24532367682428016],[0.24517917961892596,0.24452390244122435,0.24431527885198515,0.24452390244122435,0.24517917961892596],[0.24532367682428016,0.24471651447471932,0.24452390244122435,0.24471651447471932,0.24532367682428016],[0.24578919924753295,0.24532367682428016,0.24517917961892596,0.24532367682428016,0.24578919924753295]],[[0.24471063665495463,0.