{"M_cells":[[[0,0,0,0,0],[0,0,0,0,0],[0,0,0,0,0],[0,0,0,0,0],[0,0,0,0,0]],[[0.00040332944462958436,0.00096529127105519712,0.0011323329239905056,0.00096529127105519723,0.00040332944462958441],[0.00096529127105519712,0.0019391875461413667,0.0022369603346371171,0.0019391875461413667,0.00096529127105519723],[0.0011323329239905056,0.0022369603346371171,0.0025783098605961429,0.0022369603346371171,0.0011323329239905059],[0.00096529127105519723,0.0019391875461413667,0.0022369603346371171,0.0019391875461413669,0.00096529127105519723],[0.00040332944462958441,0.00096529127105519723,0.0011323329239905059,0.00096529127105519723,0.00040332944462958441]],[[0.0020443507014304444,0.0032679465696225573,0.0036509961695080657,0.0032679465696225573,0.0020443507014304444],[0.0032679465696225573,0.0047800420191716955,0.0052648700986622924,0.0047800420191716955,0.0032679465696225573],[0.0036509961695080657,0.0052648700986622924,0.0057836270075326867,0.0052648700986622924,0.0036509961695080657],[0.0032679465696225573,0.0047800420191716955,0.0052648700986622924,0.0047800420191716955,0.0032679465696225573],[0.0020443507014304444,0.0032679465696225573,0.0036509961695080657,0.0032679465696225573,0.0020443507014304444]],[[0.0046562070894310284,0.0062964001361367336,0.006825056118920458,0.0062964001361367336,0.0046562070894310284],[0.0062964001361367336,0.008096114393637303,0.0086863792878772526,0.008096114393637303,0.0062964001361367336],[0.006825056118920458,0.0086863792878772526,0.0092971826043144051,0.0086863792878772543,0.0068250561189204589],[0.0062964001361367336,0.008096114393637303,0.0086863792878772543,0.0080961143936373048,0.0062964001361367344],[0.0046562070894310284,0.0062964001361367336,0.0068250561189204589,0.0062964001361367344,0.0046562070894310284]],[[0.0078380989323559875,0.0097097120701700387,0.010322609858992408,0.0097097120701700387,0.0078380989323559875],[0.0097097120701700387,0.01166083647538505,0.012307983030932548,0.01166083647538505,0.0097097120701700387],[0.010322609858992408,0.012307983030932548,0.012966547131237492,0.012307983030932548,0.010322609858992408],[0.0097097120701700387,0.01166083647538505,0.012307983030932548,0.01166083647538505,0.0097097120701700387],[0.0078380989323559875,0.0097097120701700387,0.010322609858992408,0.0097097120701700387,0.0078380989323559875]],[[0.011329837933352042,0.01332487435472024,0.0139837382684074,0.01332487435472024,0.011329837933352042],[0.01332487435472024,0.015355136896947343,0.016032365036883951,0.015355136896947343,0.01332487435472024],[0.0139837382684074,0.016032365036883951,0.016715715303700498,0.016032365036883951,0.0139837382684074],[0.01332487435472024,0.015355136896947343,0.016032365036883951,0.015355136896947343,0.01332487435472024],[0.011329837933352042,0.01332487435472024,0.0139837382684074,0.01332487435472024,0.011329837933352042]],[[0.014985500647501551,0.017045357570664589,0.017728661258199257,0.017045357570664589,0.014985500647501551],[0.017045357570664589,0.01911684899745238,0.019809838209860074,0.01911684899745238,0.017045357570664589],[0.017728661258199257,0.019809838209860074,0.020506056315860076,0.019809838209860074,0.017728661258199257],[0.017045357570664589,0.01911684899745238,0.019809838209860074,0.01911684899745238,0.017045357570664589],[0.014985500647501551,0.017045357570664589,0.017728661258199257,0.017045357570664589,0.014985500647501551]],[[0.01872698078685529,0.020820675152295028,0.021516818745003691,0.020820675152295028,0.01872698078685529],[0.020820675152295028,0.022913622792782484,0.023614836287515296,0.022913622792782484,0.020820675152295028],[0.021516818745003691,0.023614836287515296,0.02431773995269336,0.023614836287515296,0.021516818745003691],[0.020820675152295028,0.022913622792782484,0.023614836287515296,0.022913622792782484,0.020820675152295028],[0.01872698078685529,0.020820675152295028,0.021516818745003691,0.020820675152295028,0.01872698078685529]],[[0.022513209332177288,0.02462453306093762,0.025327387269986869,0.02462453306093762,0.022513209332177288],[0.02462453306093762,0.026728653764080179,0.027434154375382849,0.026728653764080179,0.02462453306093762],[0.025327387269986869,0.027434154375382849,0.028140537226843097,0.027434154375382849,0.025327387269986869],[0.02462453306093762,0.026728653764080179,0.027434154375382849,0.026728653764080179,0.02462453306093762],[0.022513209332177288,0.02462453306093762,0.025327387269986869,0.02462453306093762,0.022513209332177288]],[[0.026322753525038455,0.028443267713529528,0.02914962456833748,0.028443267713529528,0.026322753525038455],[0.028443267713529528,0.030553222379389653,0.031260961254522213,0.030553222379389653,0.028443267713529528],[0.02914962456833748,0.031260961254522213,0.031969160858151421,0.031260961254522213,0.02914962456833748],[0.028443267713529528,0.030553222379389653,0.031260961254522213,0.030553222379389653,0.028443267713529528],[0.026322753525038455,0.028443267713529528,0.02914962456833748,0.028443267713529528,0.026322753525038455]],[[0.030144467447949051,0.032269788901186328,0.032977977599485078,0.032269788901186328,0.030144467447949051],[0.032269788901186328,0.034382808868764721,0.03509172222942588,0.034382808868764721,0.032269788901186328],[0.032977977599485078,0.03509172222942588,0.035800877172596779,0.03509172222942588,0.032977977599485078],[0.032269788901186328,0.034382808868764721,0.03509172222942588,0.034382808868764721,0.032269788901186328],[0.030144467447949051,0.032269788901186328,0.032977977599485078,0.032269788901186328,0.030144467447949051]],[[0.033972566277058337,0.036100422120439318,0.036809574955214974,0.036100422120439318,0.033972566277058337],[0.036100422120439318,0.038215073723846721,0.038924610265193386,0.038215073723846721,0.036100422120439318],[0.036809574955214974,0.038924610265193386,0.039634274723215096,0.038924610265193386,0.036809574955214974],[0.036100422120439318,0.038215073723846721,0.038924610265193386,0.038215073723846721,0.036100422120439318],[0.033972566277058337,0.036100422120439318,0.036809574955214974,0.036100422120439318,0.033972566277058337]],[[0.037804052618619105,0.039933266405677681,0.040642933782815589,0.039933266405677681,0.037804052618619105],[0.039933266405677681,0.0420488089842575,0.04275868365138951,0.0420488089842575,0.039933266405677681],[0.040642933782815589,0.04275868365138951,0.043468627422422947,0.04275868365138951,0.040642933782815589],[0.039933266405677681,0.0420488089842575,0.04275868365138951,0.0420488089842575,0.039933266405677681],[0.037804052618619105,0.039933266405677681,0.040642933782815589,0.039933266405677681,0.037804052618619105]],[[0.041637376797351147,0.04376734135080431,0.044477290986093987,0.04376734135080431,0.041637376797351147],[0.04376734135080431,0.045883393922797791,0.046593459903161667,0.045883393922797791,0.04376734135080431],[0.044477290986093987,0.046593459903161667,0.047303564668669036,0.046593459903161667,0.044477290986093987],[0.04376734135080431,0.045883393922797791,0.046593459903161667,0.045883393922797791,0.04376734135080431],[0.041637376797351147,0.04376734135080431,0.044477290986093987,0.04376734135080431,0.041637376797351147]],[[0.045471740698043182,0.047602144338465276,0.048312256805533228,0.047602144338465276,0.045471740698043182],[0.047602144338465276,0.049718512616007973,0.050428694863883981,0.049718512616007973,0.047602144338465276],[0.048312256805533228,0.050428694863883981,0.051138900373495944,0.050428694863883981,0.048312256805533228],[0.047602144338465276,0.049718512616007973,0.050428694863883981,0.049718512616007973,0.047602144338465276],[0.045471740698043182,0.047602144338465276,0.048312256805533228,0.047602144338465276,0.045471740698043182]],[[0.049306736336780128,0.051437420791687428,0.052147635265115309,0.051437420791687428,0.049306736336780128],[0.051437420791687428,0.053554007436267384,0.054264268173106749,0.053554007436267384,0.051437420791687428],[0.052147635265115309,0.054264268173106749,0.05497454433149767,0.054264268173106749,0.052147635265115309],[0.051437420791687428,0.053554007436267384,0.054264268173106749,0.053554007436267384,0.051437420791687428],[0.049306736336780128,0.051437420791687428,0.052147635265115309,0.051437420791687428,0.049306736336780128]],[[0.053142158310232585,0.055273044996985564,0.055983331091226704,0.055273044996985564,0.053142158310232585],[0.055273044996985564,0.057389803074827848,0.058100123892614534,0.057389803074827848,0.055273044996985564],[0.055983331091226704,0.058100123892614534,0.058810456284761621,0.058100123892614534,0.055983331091226704],[0.055273044996985564,0.057389803074827848,0.058100123892614534,0.057389803074827848,0.055273044996985564],[0.053142158310232585,0.055273044996985564,0.055983331091226704,0.055273044996985564,0.053142158310232585]],[[0.056977906510326727,0.059108958306473815,0.059819301467526204,0.059108958306473815,0.056977906510326727],[0.059108958306473815,0.0612258671597448,0.061936239741608716,0.0612258671597448,0.059108958306473815],[0.059819301467526204,0.061936239741608716,0.062646622129934909,0.061936239741608723,0.059819301467526204],[0.059108958306473815,0.0612258671597448,0.061936239741608723,0.0612258671597448,0.059108958306473815],[0.056977906510326727,0.059108958306473815,0.059819301467526204,0.059108958306473815,0.056977906510326727]],[[0.0608139356833669,0.06294513711160124,0.063655531043519953,0.06294513711160124,0.0608139356833669],[0.06294513711160124,0.065062189859651717,0.065772611171974346,0.065062189859651717,0.06294513711160124],[0.063655531043519953,0.065772611171974346,0.066483041610430185,0.065772611171974346,0.063655531043519953],[0.06294513711160124,0.065062189859651717,0.065772611171974346,0.065062189859651717,0.06294513711160124],[0.0608139356833669,0.06294513711160124,0.063655531043519953,0.06294513711160124,0.0608139356833669]],[[0.064650229295490816,0.066781576262872663,0.06749201900484264,0.066781576262872663,0.064650229295490816],[0.066781576262872663,0.068898773337148361,0.069609243141638688,0.068898773337148361,0.066781576262872663],[0.06749201900484264,0.069609243141638688,0.070319721966171644,0.069609243141638688,0.06749201900484264],[0.066781576262872663,0.068898773337148361,0.069609243141638688,0.068898773337148361,0.066781576262872663],[0.064650229295490816,0.066781576262872663,0.06749201900484264,0.066781576262872663,0.064650229295490816]],[[0.068486786008844752,0.070618280502841843,0.071328772400362048,0.070618280502841843,0.068486786008844752],[0.070618280502841843,0.07273562631200145,0.073446145881394684,0.07273562631200145,0.070618280502841843],[0.071328772400362048,0.073446145881394684,0.074156674673848927,0.073446145881394684,0.071328772400362048],[0.070618280502841843,0.07273562631200145,0.073446145881394684,0.07273562631200145,0.070618280502841843],[0.068486786008844752,0.070618280502841843,0.071328772400362048,0.070618280502841843,0.068486786008844752]],[[0.072323612700229717,0.074455260056372707,0.075165802715124422,0.074455260056372707,0.072323612700229717],[0.074455260056372707,0.076572761275384468,0.07728333273358845,0.076572761275384468,0.074455260056372707],[0.075165802715124422,0.07728333273358845,0.07799391379062684,0.07728333273358845,0.075165802715124422],[0.074455260056372707,0.076572761275384468,0.07728333273358845,0.076572761275384468,0.074455260056372707],[0.072323612700229717,0.074455260056372707,0.075165802715124422,0.074455260056372707,0.072323612700229717]],[[0.076160720874054733,0.078292528377822065,0.079003124127411492,0.078292528377822065,0.076160720874054733],[0.078292528377822065,0.08041019307972451,0.0811208190659806,0.08041019307972451,0.078292528377822065],[0.079003124127411492,0.0811208190659806,0.081831455130059474,0.0811208190659806,0.079003124127411492],[0.078292528377822065,0.08041019307972451,0.0811208190659806,0.08041019307972451,0.078292528377822065],[0.076160720874054733,0.078292528377822065,0.079003124127411492,0.078292528377822065,0.076160720874054733]],[[0.079998124836498513,0.082130101017575646,0.082840752639841586,0.082130101017575646,0.079998124836498513],[0.082130101017575646,0.084247938242619252,0.084958621743825041,0.084247938242619252,0.082130101017575646],[0.082840752639841586,0.084958621743825041,0.085669315870193066,0.084958621743825041,0.082840752639841586],[0.082130101017575646,0.084247938242619252,0.084958621743825041,0.084247938242619252,0.082130101017575646],[0.079998124836498513,0.082130101017575646,0.082840752639841586,0.082130101017575646,0.079998124836498513]],[[0.083835840783744481,0.085967995069720179,0.0866787056643664,0.085967995069720179,0.083835840783744481],[0.085967995069720179,0.088086014621659756,0.088796758892011649,0.088086014621659756,0.085967995069720179],[0.0866787056643664,0.088796758892011649,0.089507514386357678,0.088796758892011649,0.0866787056643664],[0.085967995069720179,0.088086014621659756,0.088796758892011649,0.088086014621659756,0.085967995069720179],[0.083835840783744481,0.085967995069720179,0.0866787056643664,0.085967995069720179,0.083835840783744481]],[[0.087673886364857956,0.089806228921616021,0.090517001843171366,0.089806228921616021,0.087673886364857956],[0.089806228921616021,0.091924441282071848,0.092635249808083242,0.091924441282071848,0.089806228921616021],[0.090517001843171366,0.092635249808083242,0.09334607020090864,0.092635249808083242,0.090517001843171366],[0.089806228921616021,0.091924441282071848,0.092635249808083242,0.091924441282071848,0.089806228921616021],[0.087673886364857956,0.089806228921616021,0.090517001843171366,0.089806228921616021,0.087673886364857956]],[[0.091512280491290926,0.09364482216044305,0.094355660992293575,0.09364482216044305,0.091512280491290926],[0.09364482216044305,0.09576323846466718,0.096474114953781609,0.09576323846466718,0.09364482216044305],[0.094355660992293575,0.096474114953781609,0.097185003993873975,0.096474114953781609,0.094355660992293575],[0.09364482216044305,0.09576323846466718,0.096474114953781609,0.09576323846466718,0.09364482216044305],[0.091512280491290926,0.09364482216044305,0.094355660992293575,0.09364482216044305,0.091512280491290926]],[[0.0953510432745917,0.09748379556137575,0.0981947041090503,0.09748379556137575,0.0953510432745917],[0.09748379556137575,0.099602427605907623,0.10031337598736348,0.099602427605907623,0.09748379556137575],[0.0981947041090503,0.10031337598736348,0.10102433764518787,0.10031337598736348,0.0981947041090503],[0.09748379556137575,0.099602427605907623,0.10031337598736348,0.099602427605907623,0.09748379556137575],[0.0953510432745917,0.09748379556137575,0.0981947041090503,0.09748379556137575,0.0953510432745917]],[[0.099190196030710345,0.10132317111800324,0.10203415341244805,0.10132317111800324,0.099190196030710345],[0.10132317111800324,0.10344203138473143,0.10415305581674315,0.10344203138473143,0.10132317111800324],[0.10203415341244805,0.10415305581674315,0.10486409429292536,0.10415305581674315,0.10203415341244805],[0.10132317111800324,0.10344203138473143,0.10415305581674315,0.10344203138473143,0.10132317111800324],[0.099190196030710345,0.10132317111800324,0.10203415341244805,0.10132317111800324,0.099190196030710345]],[[0.10302976131857323,0.10516297209420894,0.10587403240016166,0.10516297209420894,0.10302976131857323],[0.10516297209420894,0.10728207378256005,0.1079931786626538,0.10728207378256005,0.10516297209420894],[0.10587403240016166,0.1079931786626538,0.10870429839897056,0.1079931786626538,0.10587403240016166],[0.10516297209420894,0.10728207378256005,0.1079931786626538,0.10728207378256005,0.10516297209420894],[0.10302976131857323,0.10516297209420894,0.10587403240016166,0.10516297209420894,0.10302976131857323]],[[0.10686976299575059,0.10900322308622995,0.10971436591307289,0.10900322308622995,0.10686976299575059],[0.10900322308622995,0.11112258014886635,0.11183377012562631,0.11112258014886635,0.10900322308622995],[0.10971436591307289,0.11183377012562631,0.11254497581704827,0.11183377012562631,0.10971436591307289],[0.10900322308622995,0.11112258014886635,0.11183377012562631,0.11112258014886635,0.10900322308622995],[0.10686976299575059,0.10900322308622995,0.10971436591307289,0.10900322308622995,0.10686976299575059]],[[0.11071022628174097,0.11284395008829097,0.11355518020189823,0.11284395008829097,0.11071022628174097],[0.11284395008829097,0.11496357726750321,0.11567485725268309,0.11496357726750321,0.11284395008829097],[0.11355518020189823,0.11567485725268309,0.11638615385957495,0.11567485725268309,0.11355518020189823],[0.11284395008829097,0.11496357726750321,0.11567485725268309,0.11496357726750321,0.11284395008829097],[0.11071022628174097,0.11284395008829097,0.11355518020189823,0.11284395008829097,0.11071022628174097]],[[0.11455117782309589,0.11668518055764859,0.11739650299230527,0.11668518055764859,0.11455117782309589],[0.11668518055764859,0.11880509342042367,0.11951646860070317,0.11880509342042367,0.11668518055764859],[0.11739650299230527,0.11951646860070317,0.1202278613605251,0.11951646860070317,0.11739650299230527],[0.11668518055764859,0.11880509342042367,0.11951646860070317,0.11880509342042367,0.11668518055764859],[0.11455117782309589,0.11668518055764859,0.11739650299230527,0.11668518055764859,0.11455117782309589]],[[0.11839264575655659,0.12052694347561159,0.12123836354531917,0.12052694347561159,0.11839264575655659],[0.12052694347561159,0.12264715844563444,0.12335863429341427,0.12264715844563444,0.12052694347561159],[0.12123836354531917,0.12335863429341427,0.12407012873134705,0.12335863429341426,0.12123836354531917],[0.12052694347561159,0.12264715844563444,0.12335863429341426,0.12264715844563444,0.12052694347561159],[0.11839264575655659,0.12052694347561159,0.12123836354531917,0.12052694347561159,0.11839264575655659]],[[0.12223465976679727,0.12436926940140179,0.12508079270996089,0.12436926940140179,0.12223465976679727],[0.12436926940140179,0.12648980378617855,0.12720138606880627,0.12648980378617855,0.12436926940140179],[0.12508079270996089,0.12720138606880627,0.12791298800669076,0.12720138606880627,0.12508079270996089],[0.12436926940140179,0.12648980378617855,0.12720138606880627,0.12648980378617855,0.12436926940140179],[0.12223465976679727,0.12436926940140179,0.12508079270996089,0.12436926940140179,0.12223465976679727]],[[0.12607725113543694,0.1282121905153264,0.12892382296453411,0.1282121905153264,0.12607725113543694],[0.1282121905153264,0.13033306252633656,0.13104475731306528,0.13033306252633656,0.1282121905153264],[0.12892382296453411,0.13104475731306528,0.13175647287594813,0.13104475731306528,0.12892382296453411],[0.1282121905153264,0.13033306252633656,0.13104475731306528,0.13033306252633656,0.1282121905153264],[0.12607725113543694,0.1282121905153264,0.12892382296453411,0.1282121905153264,0.12607725113543694]],[[0.12992045277753586,0.13205574064710379,0.13276748844231193,0.13205574064710379,0.12992045277753586],[0.13205574064710379,0.13417696941043097,0.13488878307627297,0.13417696941043097,0.13205574064710379],[0.13276748844231193,0.13488878307627297,0.13560061869569129,0.13488878307627297,0.13276748844231193],[0.13205574064710379,0.13417696941043097,0.13488878307627297,0.13417696941043097,0.13205574064710379],[0.12992045277753586,0.13205574064710379,0.13276748844231193,0.13205574064710379,0.12992045277753586]],[[0.1337642992608844,0.13589995528413173,0.13661182493623525,0.13589995528413173,0.1337642992608844],[0.13589995528413173,0.13802156083839009,0.1387335000638171,0.13802156083839009,0.13589995528413173],[0.13661182493623525,0.1387335000638171,0.1394454624767362,0.1387335000638171,0.13661182493623525],[0.13589995528413173,0.13802156083839009,0.1387335000638171,0.13802156083839009,0.13589995528413173],[0.1337642992608844,0.13589995528413173,0.13661182493623525,0.13589995528413173,0.1337642992608844]],[[0.13760882680237715,0.13974487155325152,0.14045686987593012,0.13974487155325152,0.13760882680237715],[0.13974487155325152,0.14186687483077515,0.14257894659594625,0.14186687483077515,0.13974487155325152],[0.14045686987593012,0.14257894659594625,0.14329104283798141,0.14257894659594625,0.14045686987593012],[0.13974487155325152,0.14186687483077515,0.14257894659594625,0.14186687483077515,0.13974487155325152],[0.13760882680237715,0.13974487155325152,0.14045686987593012,0.13974487155325152,0.13760882680237715]],[[0.14145407323415113,0.1435905281677394,0.14430266226846489,0.1435905281677394,0.14145407323415113],[0.1435905281677394,0.1457129509539471,0.14642516252578769,0.1457129509539471,0.1435905281677394],[0.14430266226846489,0.14642516252578769,0.14713739991697317,0.14642516252578769,0.14430266226846489],[0.1435905281677394,0.1457129509539471,0.14642516252578769,0.1457129509539471,0.1435905281677394],[0.14145407323415113,0.1435905281677394,0.14430266226846489,0.1435905281677394,0.14145407323415113]],[[0.14530007793028948,0.14743696532911121,0.14814924259207443,0.14743696532911121,0.14530007793028948],[0.14743696532911121,0.14955983019358571,0.15027218910360604,0.14955983019358571,0.14743696532911121],[0.14814924259207443,0.15027218910360604,0.15098457522451045,0.15027218910360604,0.14814924259207443],[0.14743696532911121,0.14955983019358571,0.15027218910360604,0.14955983019358571,0.14743696532911121],[0.14530007793028948,0.14743696532911121,0.14814924259207443,0.14743696532911121,0.14530007793028948]],[[0.14914688168242859,0.15128422457055229,0.1519966526291073,0.15128422457055229,0.14914688168242859],[0.15128422457055229,0.15340755476162796,0.15412006877178616,0.15340755476162796,0.15128422457055229],[0.1519966526291073,0.15412006877178616,0.1548326114271803,0.15412006877178616,0.1519966526291073],[0.15128422457055229,0.15340755476162796,0.15412006877178616,0.15340755476162796,0.15128422457055229],[0.14914688168242859,0.15128422457055229,0.1519966526291073,0.15128422457055229,0.14914688168242859]],[[0.15299452650941503,0.15513234852513391,0.15584493522076642,0.15513234852513391,0.15299452650941503],[0.15513234852513391,0.15725616781759369,0.1579688448707964,0.15725616781759369,0.15513234852513391],[0.15584493522076642,0.1579688448707964,0.15868155203732992,0.1579688448707964,0.15584493522076642],[0.15513234852513391,0.15725616781759369,0.1579688448707964,0.15725616781759369,0.15513234852513391],[0.15299452650941503,0.15513234852513391,0.15584493522076642,0.15513234852513391,0.15299452650941503]],[[0.15684305538226564,0.15898138059762346,0.15969413392159834,0.15898138059762346,0.15684305538226564],[0.15898138059762346,0.16110571308029215,0.16181856123119626,0.16110571308029215,0.15898138059762346],[0.15969413392159834,0.16181856123119626,0.16253144098458341,0.16181856123119626,0.15969413392159834],[0.15898138059762346,0.16110571308029215,0.16181856123119626,0.16110571308029215,0.15898138059762346],[0.15684305538226564,0.15898138059762346,0.15969413392159834,0.15898138059762346,0.15684305538226564]],[[0.16069251184050523,0.1628313645126723,0.16354429252554256,0.1628313645126723,0.16069251184050523],[0.1628313645126723,0.16495623429915515,0.16566926161978796,0.16495623429915515,0.1628313645126723],[0.16354429252554256,0.16566926161978796,0.1663823220357942,0.16566926161978796,0.16354429252554256],[0.1628313645126723,0.16495623429915515,0.16566926161978796,0.16495623429915515,0.1628313645126723],[0.16069251184050523,0.1628313645126723,0.16354429252554256,0.1628313645126723,0.16069251184050523]],[[0.16454293946959625,0.16668234370534654,0.16739545442812104,0.16668234370534654,0.16454293946959625],[0.16668234370534654,0.16880777454665413,0.16952098899986695,0.16880777454665413,0.16668234370534654],[0.16739545442812104,0.16952098899986695,0.17023423802185872,0.16952098899986695,0.16739545442812104],[0.16668234370534654,0.16880777454665413,0.16952098899986695,0.16880777454665413,0.16668234370534654],[0.16454293946959625,0.16668234370534654,0.16739545442812104,0.16668234370534654,0.16454293946959625]],[[0.16839438120115277,0.17053436051034809,0.17124766177955297,0.17053436051034809,0.16839438120115277],[0.17053436051034809,0.17266037528247943,0.17337378455442143,0.17266037528247943,0.17053436051034809],[0.17124766177955297,0.17337378455442143,0.17408722981830588,0.17337378455442143,0.17124766177955297],[0.17053436051034809,0.17266037528247943,0.17337378455442143,0.17266037528247943,0.17053436051034809],[0.16839438120115277,0.17053436051034809,0.17124766177955297,0.17053436051034809,0.16839438120115277]],[[0.17224687838716526,0.17438745509496778,0.17510095437171419,0.17438745509496778,0.17224687838716526],[0.17438745509496778,0.17651407512738207,0.17722768640781417,0.17651407512738207,0.17438745509496778],[0.17510095437171419,0.17722768640781417,0.17794133501276546,0.17722768640781417,0.17510095437171419],[0.17438745509496778,0.17651407512738207,0.17722768640781417,0.17651407512738207,0.17438745509496778],[0.17224687838716526,0.17438745509496778,0.17510095437171419,0.17438745509496778,0.17224687838716526]],[[0.1761004695867667,0.17824166406623534,0.17895536818676824,0.17824166406623534,0.1761004695867667],[0.17824166406623534,0.18036890826819205,0.18108272796452735,0.18036890826819205,0.17824166406623534],[0.17895536818676824,0.18108272796452735,0.18179658617485475,0.18108272796452735,0.17895536818676824],[0.17824166406623534,0.18036890826819205,0.18108272796452735,0.18036890826819205,0.17824166406623534],[0.1761004695867667,0.17824166406623534,0.17895536818676824,0.17824166406623534,0.1761004695867667]],[[0.1799551889878441,0.18209701866456934,0.18281093351661154,0.18209701866456934,0.1799551889878441],[0.18209701866456934,0.1842249023952526,0.18493893576259007,0.1842249023952526,0.18209701866456934],[0.18281093351661154,0.18493893576259007,0.18565300862232881,0.18493893576259007,0.18281093351661154],[0.18209701866456934,0.1842249023952526,0.18493893576259007,0.1842249023952526,0.18209701866456934],[0.1799551889878441,0.18209701866456934,0.18281093351661154,0.18209701866456934,0.1799551889878441]],[[0.18381106436583874,0.18595354243404896,0.18666767253913633,0.18595354243404896,0.18381106436583874],[0.18595354243404896,0.18808207604877231,0.18879632671368951,0.18808207604877231,0.18595354243404896],[0.18666767253913633,0.18879632671368951,0.189510617550874,0.18879632671368951,0.18666767253913633],[0.18595354243404896,0.18808207604877231,0.18879632671368951,0.18808207604877231,0.18595354243404896],[0.18381106436583874,0.18595354243404896,0.18666767253913633,0.18595354243404896,0.18381106436583874]],[[0.18766811445762235,0.18981124823215789,0.19052559620934933,0.18981124823215789,0.18766811445762235],[0.18981124823215789,0.19194043522058016,0.1926549045710774,0.19194043522058016,0.18981124823215789],[0.19052559620934933,0.1926549045710774,0.19336941436308913,0.1926549045710774,0.19052559620934933],[0.18981124823215789,0.19194043522058016,0.1926549045710774,0.19194043522058016,0.18981124823215789],[0.18766811445762235,0.18981124823215789,0.19052559620934933,0.18981124823215789,0.18766811445762235]],[[0.191526345598817,0.19367013440966788,0.1943847002901426,0.19367013440966788,0.191526345598817],[0.19367013440966788,0.19579996902271277,0.19651465543033461,0.19579996902271277,0.19367013440966788],[0.1943847002901426,0.19651465543033461,0.19722938199519016,0.19651465543033461,0.1943847002901426],[0.19367013440966788,0.19579996902271277,0.19651465543033461,0.19579996902271277,0.19367013440966788],[0.191526345598817,0.19367013440966788,0.1943847002901426,0.19367013440966788,0.191526345598817]],[[0.19538574743853251,0.19753017995409103,0.1982449603094408,0.19753017995409103,0.19538574743853251],[0.19753017995409103,0.19966064419457313,0.2003755420275497,0.19966064419457313,0.19753017995409103],[0.1982449603094408,0.2003755420275497,0.20109047899864582,0.2003755420275497,0.1982449603094408],[0.19753017995409103,0.19966064419457313,0.2003755420275497,0.19966064419457313,0.19753017995409103],[0.19538574743853251,0.19753017995409103,0.1982449603094408,0.19753017995409103,0.19538574743853251]],[[0.1992462875066344,0.2013913383494659,0.2021063251890769,0.2013913383494659,0.1992462875066344],[0.2013913383494659,0.20352239817854961,0.20423749655714679,0.20352239817854961,0.2013913383494659],[0.2021063251890769,0.20423749655714679,0.20495263209125561,0.20423749655714679,0.2021063251890769],[0.2013913383494659,0.20352239817854961,0.20423749655714679,0.20352239817854961,0.2013913383494659],[0.1992462875066344,0.2013913383494659,0.2021063251890769,0.2013913383494659,0.1992462875066344]],[[0.20310790436807605,0.20525352986468565,0.2059687092501582,0.20525352986468565,0.20310790436807605],[0.20525352986468565,0.20738513045503676,0.20810041169310622,0.20738513045503676,0.20525352986468565],[0.2059687092501582,0.20810041169310622,0.20881572685428304,0.20810041169310622,0.2059687092501582],[0.20525352986468565,0.20738513045503676,0.20810041169310622,0.20738513045503676,0.20525352986468565],[0.20310790436807605,0.20525352986468565,0.2059687092501582,0.20525352986468565,0.20310790436807605]],[[0.20697049906146284,0.20911663194929925,0.20983198226756988,0.20911663194929925,0.20697049906146284],[0.20911663194929925,0.21124869180154551,0.21196412947318369,0.21124869180154551,0.20911663194929925],[0.20983198226756988,0.21196412947318369,0.21267959623058572,0.21196412947318369,0.20983198226756988],[0.20911663194929925,0.21124869180154551,0.21196412947318369,0.21124869180154551,0.20911663194929925],[0.20697049906146284,0.20911663194929925,0.20983198226756988,0.20911663194929925,0.20697049906146284]],[[0.21083392449505087,0.21298046740307047,0.21369595723724927,0.21298046740307047,0.21083392449505087],[0.21298046740307047,0.21511287114440689,0.21582842771475813,0.21511287114440689,0.21298046740307047],[0.21369595723724927,0.21582842771475813,0.21654400649341066,0.21582842771475813,0.21369595723724927],[0.21298046740307047,0.21511287114440689,0.21582842771475813,0.21511287114440689,0.21298046740307047],[0.21083392449505087,0.21298046740307047,0.21369595723724927,0.21298046740307047,0.21083392449505087]],[[0.214697972479712,0.21684479001541904,0.21756037555683438,0.21684479001541904,0.214697972479712],[0.21684479001541904,0.21897737973319195,0.21969300370257566,0.21897737973319195,0.21684479001541904],[0.21756037555683438,0.21969300370257566,0.22040864043816383,0.21969300370257566,0.21756037555683438],[0.21684479001541904,0.21897737973319195,0.21969300370257566,0.21897737973319195,0.21684479001541904],[0.214697972479712,0.21684479001541904,0.21756037555683438,0.21684479001541904,0.214697972479712]],[[0.21856235814327843,0.22070926747847475,0.22142488944163638,0.22070926747847475,0.21856235814327843],[0.22070926747847475,0.22284183253069093,0.22355745506903973,0.22284183253069093,0.22070926747847475],[0.22142488944163638,0.22355745506903973,0.22427307774880031,0.22355745506903973,0.22142488944163638],[0.22070926747847475,0.22284183253069093,0.22355745506903973,0.22284183253069093,0.22070926747847475],[0.21856235814327843,0.22070926747847475,0.22142488944163638,0.22070926747847475,0.21856235814327843]],[[0.22242670163561937,0.22457346161218364,0.22528904165473324,0.22457346161218364,0.22242670163561937],[0.22457346161218364,0.22670572703305206,0.22742125813740785,0.22670572703305206,0.22457346161218364],[0.22528904165473324,0.22742125813740785,0.22813677287009748,0.22742125813740785,0.22528904165473324],[0.22457346161218364,0.22670572703305206,0.22742125813740785,0.22670572703305206,0.22457346161218364],[0.22242670163561937,0.22457346161218364,0.22528904165473324,0.22457346161218364,0.22242670163561937]],[[0.22629050735523898,0.22843680636709568,0.22915224309097254,0.22843680636709568,0.22629050735523898],[0.22843680636709568,0.23056842028720978,0.23128374459140719,0.23056842028720978,0.22843680636709568],[0.22915224309097254,0.23128374459140719,0.23199903135310626,0.23128374459140719,0.22915224309097254],[0.22843680636709568,0.23056842028720978,0.23128374459140719,0.23056842028720978,0.22843680636709568],[0.22629050735523898,0.22843680636709568,0.22915224309097254,0.22843680636709568,0.22629050735523898]],[[0.23015314147367208,0.23229858475722145,0.23301374948741557,0.23229858475722145,0.23015314147367208],[0.23229858475722145,0.2344291057189187,0.23514407823316424,0.2344291057189187,0.23229858475722145],[0.23301374948741557,0.23514407823316424,0.23585898659373897,0.23514407823316424,0.23301374948741557],[0.23229858475722145,0.2344291057189187,0.23514407823316424,0.2344291057189187,0.23229858475722145],[0.23015314147367208,0.23229858475722145,0.23301374948741557,0.23229858475722145,0.23015314147367208]],[[0.23401380935748439,0.23615790686337351,0.23687263957436913,0.23615790686337351,0.23401380935748439],[0.23615790686337351,0.23828679253761864,0.23900123479934751,0.23828679253761864,0.23615790686337351],[0.23687263957436913,0.23900123479934751,0.23971558014804381,0.23900123479934751,0.23687263957436913],[0.23615790686337351,0.23828679253761864,0.23900123479934751,0.23828679253761864,0.23615790686337351],[0.23401380935748439,0.23615790686337351,0.23687263957436913,0.23615790686337351,0.23401380935748439]],[[0.23787153559355162,0.24001369228902769,0.24072779826945503,0.24001369228902769,0.23787153559355162],[0.24001369228902769,0.24214029182454752,0.2428539891812157,0.24214029182454752,0.24001369228902769],[0.24072779826945503,0.2428539891812157,0.24356755021542917,0.2428539891812157,0.24072779826945503],[0.24001369228902769,0.24214029182454752,0.2428539891812157,0.24214029182454752,0.24001369228902769],[0.23787153559355162,0.24001369228902769,0.24072779826945503,0.24001369228902769,0.23787153559355162]],[[0.24172515057897254,0.24386466171716814,0.2445779097916112,0.24386466171716814,0.24172515057897254],[0.24386466171716814,0.24598821457984324,0.24670091553838572,0.24598821457984324,0.24386466171716814],[0.2445779097916112,0.24670091553838572,0.24741343398893223,0.24670091553838572,0.2445779097916112],[0.24386466171716814,0.24598821457984324,0.24670091553838572,0.24598821457984324,0.24386466171716814],[0.24172515057897254,0.24386466171716814,0.2445779097916112,0.24386466171716814,0.24172515057897254]],[[0.24557328868851774,0.24770934300178996,0.2484214662790612,0.24770934300178996,0.24557328868851774],[0.24770934300178996,0.24982898732667791,0.25054040597702082,0.24982898732667791,0.24770934300178996],[0.2484214662790612,0.25054040597702082,0.2512515895900041,0.25054040597702087,0.2484214662790612],[0.24770934300178996,0.24982898732667791,0.25054040597702087,0.24982898732667794,0.24770934300178996],[0.24557328868851774,0.24770934300178996,0.2484214662790612,0.24770934300178996,0.24557328868851774]],[[0.24941440323590283,0.25154609673487072,0.25225679678643342,0.25154609673487072,0.24941440323590283],[0.25154609673487072,0.25366088942031928,0.25437071171066078,0.25366088942031928,0.25154609673487072],[0.25225679678643342,0.25437071171066078,0.25508024122167344,0.25437071171066078,0.25225679678643348],[0.25154609673487072,0.25366088942031928,0.25437071171066078,0.25366088942031928,0.25154609673487072],[0.24941440323590283,0.25154609673487072,0.25225679678643348,0.25154609673487072,0.24941440323590286]],[[0.25324680196519522,0.255373163589067,0.25608211852689916,0.255373163589067,0.25324680196519522],[0.255373163589067,0.25748211219789824,0.25819000616586485,0.25748211219789824,0.255373163589067],[0.25608211852689916,0.25819000616586485,0.25889754624892103,0.25819000616586485,0.25608211852689916],[0.255373163589067,0.25748211219789824,0.25819000616586485,0.25748211219789824,0.255373163589067],[0.25324680196519522,0.255373163589067,0.25608211852689916,0.255373163589067,0.25324680196519522]],[[0.25706870298879791,0.25918873055344749,0.25989560659641286,0.25918873055344749,0.25706870298879791],[0.25918873055344749,0.26129083360241873,0.26199646254909953,0.26129083360241873,0.25918873055344749],[0.25989560659641286,0.26199646254909953,0.26270167552663148,0.26199646254909953,0.25989560659641286],[0.25918873055344749,0.26129083360241873,0.26199646254909953,0.26129083360241873,0.25918873055344749],[0.25706870298879791,0.25918873055344749,0.25989560659641286,0.25918873055344749,0.25706870298879791]],[[0.2608783050973672,0.26299100627642641,0.26369547119433884,0.26299100627642641,0.2608783050973672],[0.26299100627642641,0.26508529458931807,0.26578833089206888,0.26508529458931807,0.26299100627642641],[0.26369547119433884,0.26578833089206888,0.26649089067079579,0.26578833089206888,0.26369547119433884],[0.26299100627642641,0.26508529458931807,0.26578833089206888,0.26508529458931807,0.26299100627642641],[0.2608783050973672,0.26299100627642641,0.26369547119433884,0.26299100627642641,0.2608783050973672]],[[0.26467385978186997,0.26677828952782423,0.2674800252323617,0.26677828952782423,0.26467385978186997],[0.26677828952782423,0.26886385871298624,0.26956399505109674,0.26886385871298624,0.26677828952782423],[0.2674800252323617,0.26956399505109674,0.27026359789283527,0.26956399505109674,0.2674800252323617],[0.26677828952782423,0.26886385871298624,0.26956399505109674,0.26886385871298624,0.26677828952782423],[0.26467385978186997,0.26677828952782423,0.2674800252323617,0.26677828952782423,0.26467385978186997]],[[0.26845372799196238,0.27054901262477327,0.27124772370635725,0.27054901262477327,0.26845372799196238],[0.27054901262477327,0.27262503719920772,0.27332199200760388,0.27262503719920772,0.27054901262477327],[0.27124772370635725,0.27332199200760388,0.2740183609555279,0.27332199200760388,0.27124772370635725],[0.27054901262477327,0.27262503719920772,0.27332199200760388,0.27262503719920772,0.27054901262477327],[0.26845372799196238,0.27054901262477327,0.27124772370635725,0.27054901262477327,0.26845372799196238]],[[0.27221640550190179,0.27430174591919404,0.27499716154219678,0.27430174591919404,0.27221640550190179],[0.27430174591919404,0.27636746978802779,0.277060985015082,0.27636746978802779,0.27430174591919404],[0.27499716154219678,0.277060985015082,0.27775386627269455,0.277060985015082,0.27499716154219678],[0.27430174591919404,0.27636746978802779,0.277060985015082,0.27636746978802779,0.27430174591919404],[0.27221640550190179,0.27430174591919404,0.27499716154219678,0.27430174591919404,0.27221640550190179]],[[0.275960507770733,0.27803515960473318,0.27872702783872938,0.27803515960473318,0.275960507770733],[0.27803515960473318,0.28008986426610177,0.28077969564287636,0.28008986426610177,0.27803515960473318],[0.27872702783872938,0.28077969564287636,0.28146884748952172,0.28077969564287636,0.27872702783872938],[0.27803515960473318,0.28008986426610177,0.28077969564287636,0.28008986426610177,0.27803515960473318],[0.275960507770733,0.27803515960473318,0.27872702783872938,0.27803515960473318,0.275960507770733]],[[0.27968471631492436,0.28174795143040582,0.282436027227379,0.28174795143040582,0.27968471631492436],[0.28174795143040582,0.28379090972708432,0.28447681191364993,0.28379090972708432,0.28174795143040582],[0.282436027227379,0.28447681191364993,0.28516198890742284,0.28447681191364993,0.282436027227379],[0.28174795143040582,0.28379090972708432,0.28447681191364993,0.28379090972708432,0.28174795143040582],[0.27968471631492436,0.28174795143040582,0.282436027227379,0.28174795143040582,0.27968471631492436]],[[0.28338769950790343,0.28543875835503757,0.28612278813044451,0.28543875835503757,0.28338769950790343],[0.28543875835503757,0.2874691852306952,0.28815089552100581,0.2874691852306952,0.28543875835503757],[0.28612278813044451,0.28815089552100581,0.28883183191171297,0.28815089552100581,0.28612278813044451],[0.28543875835503757,0.2874691852306952,0.28815089552100581,0.2874691852306952,0.28543875835503757],[0.28338769950790343,0.28543875835503757,0.28612278813044451,0.28543875835503757,0.28338769950790343]],[[0.28706802710819662,0.28910607323517551,0.28978577972754976,0.28910607323517551,0.28706802710819662],[0.28910607323517551,0.29112308467546505,0.29180030899651571,0.29112308467546505,0.28910607323517551],[0.28978577972754976,0.29180030899651571,0.29247670510477441,0.29180030899651571,0.28978577972754976],[0.28910607323517551,0.29112308467546505,0.29180030899651571,0.29112308467546505,0.28910607323517551],[0.28706802710819662,0.28910607323517551,0.28978577972754976,0.28910607323517551,0.28706802710819662]],[[0.29072409775692509,0.29274818403734032,0.29342325467531921,0.29274818403734032,