{"M_cells":[[[0.0045,0.0045,0.0045,0.0045,0.0045],[0.0045,0.0045,0.0045,0.0045,0.0045],[0.0045,0.0045,0.0045,0.0045,0.0045],[0.0045,0.0045,0.0045,0.0045,0.0045],[0.0045,0.0045,0.0045,0.0045,0.0045]],[[0.0045,0.0045,0.0045,0.0045,0.0045],[0.0045,0.0045,0.0045,0.0045,0.0045],[0.0045,0.0045,0.0045,0.0045,0.0045],[0.0045,0.0045,0.0045,0.0045,0.0045],[0.0045,0.0045,0.0045,0.0045,0.0045]],[[0.0045,0.0045004147813067939,0.0045,0.0045004147813067939,0.0045],[0.0045004147813067939,0.0028450225858920528,0.005329562613587943,0.0028450225858920528,0.0045004147813067939],[0.0045,0.005329562613587943,0.0045,0.005329562613587943,0.0045],[0.0045004147813067939,0.0028450225858920528,0.005329562613587943,0.0028450225858920528,0.0045004147813067939],[0.0045,0.0045004147813067939,0.0045,0.0045004147813067939,0.0045]],[[0.0045000414781306789,0.0043357049583388173,0.004582956261358794,0.0043357049583388173,0.0045000414781306789],[0.0043357049583388173,0.82752217487976432,-0.65583217249618431,0.82752217487976432,0.0043357049583388173],[0.004582956261358794,-0.65583217249618431,0.33632504543517733,-0.65583217249618431,0.004582956261358794],[0.0043357049583388173,0.82752217487976432,-0.65583217249618431,0.82752217487976432,0.0043357049583388173],[0.0045000414781306789,0.0043357049583388173,0.004582956261358794,0.0043357049583388173,0.0045000414781306789]],[[0.0044836078261514924,0.086655595790412931,-0.061458556614395518,0.086655595790412931,0.0044836078261514924],[0.086655595790412931,-460.485604205922,461.2747596514472,-460.485604205922,0.086655595790412931],[-0.061458556614395518,461.2747596514472,-396.52656212710951,461.2747596514472,-0.061458556614395518],[0.086655595790412931,-460.485604205922,461.2747596514472,-460.485604205922,0.086655595790412931],[0.0044836078261514924,0.086655595790412931,-0.061458556614395518,0.086655595790412931,0.0044836078261514924]],[[0.012700806622577637,-45.970568719686739,46.072163264191765,-45.970568719686739,0.012700806622577637],[-45.970568719686739,276006.032485481,-315804.548681096,276006.032485481,-45.970568719686739],[46.072163264191765,-315804.548681096,342724.00214929559,-315804.54868109606,46.072163264191765],[-45.970568719686739,276006.032485481,-315804.54868109606,276006.03248548094,-45.970568719686739],[0.012700806622577637,-45.970568719686739,46.072163264191765,-45.970568719686739,0.012700806622577637]],[[-4.5856261460083543,27559.229732304721,-31538.989921171833,27559.229732304721,-4.5856261460083543],[27559.229732304721,-1.7329651079413137E+8,2.1548422884331813E+8,-1.7329651079413137E+8,27559.229732304721],[-31538.989921171833,2.1548422884331813E+8,-2.6306869633000734E+8,2.1548422884331813E+8,-31538.989921171837],[27559.229732304721,-1.7329651079413137E+8,2.1548422884331813E+8,-1.7329651079413137E+8,27559.229732304713],[-4.5856261460083543,27559.229732304721,-31538.989921171837,27559.229732304713,-4.5856261460083543]],[[2751.7959096990644,-1.7304847766642783E+7,2.1520037793402761E+7,-1.7304847766642783E+7,2751.7959096990644],[-1.7304847766642783E+7,1.1224766539748349E+11,-1.4694753298728052E+11,1.1224766539748349E+11,-1.7304847766642783E+7],[2.1520037793402761E+7,-1.4694753298728052E+11,1.9115810137300018E+11,-1.4694753298728049E+11,2.1520037793402761E+7],[-1.7304847766642783E+7,1.1224766539748349E+11,-1.4694753298728049E+11,1.1224766539748349E+11,-1.7304847766642783E+7],[2751.7959096990644,-1.7304847766642783E+7,2.1520037793402761E+7,-1.7304847766642783E+7,2751.7959096990635]],[[-1.7280081603455492E+6,1.1209192171382801E+10,-1.4675385264713989E+10,1.1209192171382801E+10,-1.7280081603455492E+6],[1.1209192171382801E+10,-7.4179786039156812E+13,1.0019956087174984E+14,-7.4179786039156812E+13,1.1209192171382801E+10],[-1.4675385264713989E+10,1.0019956087174984E+14,-1.3505109564273928E+14,1.0019956087174984E+14,-1.4675385264713985E+10],[1.1209192171382801E+10,-7.4179786039156812E+13,1.0019956087174984E+14,-7.4179786039156812E+13,1.1209192171382801E+10],[-1.7280081603455492E+6,1.1209192171382801E+10,-1.4675385264713985E+10,1.1209192171382801E+10,-1.7280081603455492E+6]],[[1.1193640097939692E+9,-7.40789032628781E+12,1.0006748240436742E+13,-7.40789032628781E+12,1.1193640097939692E+9],[-7.40789032628781E+12,4.963988862376004E+16,-6.8322159089112696E+16,4.963988862376004E+16,-7.40789032628781E+12],[1.0006748240436742E+13,-6.8322159089112696E+16,9.3965211510152912E+16,-6.8322159089112696E+16,1.0006748240436742E+13],[-7.40789032628781E+12,4.963988862376004E+16,-6.8322159089112696E+16,4.963988862376004E+16,-7.40789032628781E+12],[1.1193640097939692E+9,-7.40789032628781E+12,1.0006748240436742E+13,-7.40789032628781E+12,1.1193640097939692E+9]],[[-7.3978160501996643E+11,4.957321757114215E+15,-6.823209835494877E+15,4.957321757114215E+15,-7.3978160501996643E+11],[4.957321757114215E+15,-3.3472228940935213E+19,4.6586041019211047E+19,-3.3472228940935213E+19,4.957321757114215E+15],[-6.823209835494877E+15,4.6586041019211047E+19,-6.482098302819609E+19,4.6586041019211047E+19,-6.823209835494877E+15],[4.957321757114215E+15,-3.3472228940935213E+19,4.6586041019211047E+19,-3.3472228940935213E+19,4.957321757114215E+15],[-7.3978160501996643E+11,4.957321757114215E+15,-6.823209835494877E+15,4.957321757114215E+15,-7.3978160501996643E+11]],[[4.9506637226690356E+14,-3.3427613012110694E+18,4.65246321306916E+18,-3.3427613012110694E+18,4.9506637226690356E+14],[-3.3427613012110694E+18,2.2673619002455595E+22,-3.1765056772053316E+22,2.2673619002455595E+22,-3.3427613012110694E+18],[4.65246321306916E+18,-3.1765056772053316E+22,4.4497988635934656E+22,-3.1765056772053316E+22,4.65246321306916E+18],[-3.3427613012110694E+18,2.2673619002455595E+22,-3.1765056772053316E+22,2.2673619002455595E+22,-3.3427613012110694E+18],[4.9506637226690356E+14,-3.3427613012110694E+18,4.65246321306916E+18,-3.3427613012110694E+18,4.9506637226690356E+14]],[[-3.3383057038606675E+17,2.2643534123767297E+21,-3.1723184603135696E+21,2.2643534123767297E+21,-3.3383057038606675E+17],[2.2643534123767297E+21,-1.5400453877886709E+25,2.1659245557059687E+25,-1.5400453877886709E+25,2.2643534123767297E+21],[-3.1723184603135696E+21,2.1659245557059687E+25,-3.0460720174559253E+25,2.1659245557059687E+25,-3.1723184603135696E+21],[2.2643534123767297E+21,-1.5400453877886709E+25,2.1659245557059687E+25,-1.5400453877886707E+25,2.2643534123767297E+21],[-3.3383057038606675E+17,2.2643534123767297E+21,-3.1723184603135696E+21,2.2643534123767297E+21,-3.3383057038606675E+17]],[[2.2613489372432554E+20,-1.5380074675467406E+24,2.1630694690916866E+24,-1.5380074675467406E+24,2.2613489372432554E+20],[-1.5380074675467406E+24,1.0477083070709751E+28,-1.4768518997804532E+28,1.0477083070709751E+28,-1.5380074675467406E+24],[2.1630694690916866E+24,-1.4768518997804532E+28,2.0817525572473019E+28,-1.4768518997804532E+28,2.1630694690916866E+24],[-1.5380074675467406E+24,1.0477083070709751E+28,-1.4768518997804532E+28,1.0477083070709751E+28,-1.5380074675467404E+24],[2.2613489372432554E+20,-1.5380074675467406E+24,2.1630694690916866E+24,-1.5380074675467404E+24,2.2613489372432554E+20]],[[-1.5359722535032216E+23,1.0463240986344553E+27,-1.4749051372582708E+27,1.0463240986344553E+27,-1.5359722535032216E+23],[1.0463240986344553E+27,-7.1343675394218538E+30,1.0070024555028715E+31,-7.1343675394218538E+30,1.0463240986344553E+27],[-1.4749051372582708E+27,1.0070024555028715E+31,-1.4213600302538549E+31,1.0070024555028715E+31,-1.4749051372582708E+27],[1.0463240986344553E+27,-7.1343675394218538E+30,1.0070024555028715E+31,-7.1343675394218538E+30,1.0463240986344553E+27],[-1.5359722535032216E+23,1.0463240986344553E+27,-1.4749051372582708E+27,1.0463240986344553E+27,-1.5359722535032212E+23]],[[1.0449417236063024E+26,-7.1249506092931338E+29,1.0056750408793392E+30,-7.1249506092931338E+29,1.0449417236063024E+26],[-7.1249506092931338E+29,4.8608268187716269E+33,-6.8663208234602066E+33,4.8608268187716269E+33,-7.1249506092931338E+29],[1.0056750408793392E+30,-6.8663208234602066E+33,9.6992363427243671E+33,-6.8663208234602066E+33,1.0056750408793392E+30],[-7.1249506092931338E+29,4.8608268187716269E+33,-6.8663208234602066E+33,4.8608268187716269E+33,-7.1249506092931338E+29],[1.0449417236063024E+26,-7.1249506092931338E+29,1.0056750408793392E+30,-7.1249506092931338E+29,1.0449417236063024E+26]],[[-7.1155461337806773E+28,4.8544143531856914E+32,-6.8572697480922934E+32,4.8544143531856914E+32,-7.1155461337806773E+28],[4.8544143531856914E+32,-3.3128765603891154E+36,4.6818515720839582E+36,-3.3128765603891154E+36,4.8544143531856914E+32],[-6.8572697480922934E+32,4.6818515720839582E+36,-6.6165236301311061E+36,4.6818515720839582E+36,-6.8572697480922934E+32],[4.8544143531856914E+32,-3.3128765603891154E+36,4.6818515720839582E+36,-3.3128765603891154E+36,4.8544143531856914E+32],[-7.1155461337806773E+28,4.8544143531856914E+32,-6.8572697480922934E+32,4.8544143531856914E+32,-7.1155461337806773E+28]],[[4.8480103616652888E+31,-3.3085075799672193E+35,4.6756800293106757E+35,-3.3085075799672193E+35,4.8480103616652888E+31],[-3.3085075799672193E+35,2.2583051473050054E+39,-3.1923550235491083E+39,2.2583051473050054E+39,-3.3085075799672193E+35],[4.6756800293106757E+35,-3.1923550235491083E+39,4.5127335572558952E+39,-3.1923550235491083E+39,4.6756800293106757E+35],[-3.3085075799672193E+35,2.2583051473050054E+39,-3.1923550235491083E+39,2.2583051473050054E+39,-3.3085075799672193E+35],[4.8480103616652888E+31,-3.3085075799672193E+35,4.6756800293106757E+35,-3.3085075799672193E+35,4.8480103616652888E+31]],[[-3.3041443706417208E+34,2.2553274849351548E+38,-3.1881469115227287E+38,2.2553274849351548E+38,-3.3041443706417208E+34],[2.2553274849351548E+38,-1.5396009264225139E+42,2.176730795273402E+42,-1.5396009264225139E+42,2.2553274849351548E+38],[-3.1881469115227287E+38,2.176730795273402E+42,-3.0775226987647457E+42,2.1767307952734023E+42,-3.1881469115227287E+38],[2.2553274849351548E+38,-1.5396009264225139E+42,2.1767307952734023E+42,-1.5396009264225142E+42,2.2553274849351548E+38],[-3.3041443706417208E+34,2.2553274849351548E+38,-3.1881469115227287E+38,2.2553274849351548E+38,-3.3041443706417208E+34]],[[2.2523537550015774E+37,-1.5375711276215612E+41,2.1738614630530319E+41,-1.5375711276215612E+41,2.2523537550015774E+37],[-1.5375711276215612E+41,1.0496920336252221E+45,-1.4842199231312777E+45,1.0496920336252221E+45,-1.5375711276215612E+41],[2.1738614630530319E+41,-1.4842199231312777E+45,2.0986238749164944E+45,-1.4842199231312783E+45,2.1738614630530319E+41],[-1.5375711276215612E+41,1.0496920336252221E+45,-1.4842199231312783E+45,1.0496920336252225E+45,-1.5375711276215614E+41],[2.2523537550015774E+37,-1.5375711276215612E+41,2.1738614630530319E+41,-1.5375711276215614E+41,2.2523537550015774E+37]],[[-1.5355440092420598E+40,1.048308216655058E+44,-1.4822634478145302E+44,1.048308216655058E+44,-1.5355440092420598E+40],[1.048308216655058E+44,-7.1570185628610485E+47,1.0120262815696432E+48,-7.15701856286105E+47,1.048308216655058E+44],[-1.4822634478145302E+44,1.0120262815696432E+48,-1.4310388953441926E+48,1.0120262815696437E+48,-1.4822634478145308E+44],[1.048308216655058E+44,-7.15701856286105E+47,1.0120262815696437E+48,-7.1570185628610525E+47,1.0483082166550584E+44],[-1.5355440092420598E+40,1.048308216655058E+44,-1.4822634478145308E+44,1.0483082166550584E+44,-1.53554400924206E+40]],[[1.0469262270467401E+43,-7.1475837675599954E+46,1.0106922444666101E+47,-7.1475837675599974E+46,1.0469262270467401E+43],[-7.1475837675599954E+46,4.8799126228450642E+50,-6.9005756934538292E+50,4.8799126228450651E+50,-7.1475837675599974E+46],[1.0106922444666101E+47,-6.9005756934538292E+50,9.7579503187019047E+50,-6.9005756934538317E+50,1.0106922444666106E+47],[-7.1475837675599974E+46,4.8799126228450651E+50,-6.9005756934538317E+50,4.8799126228450667E+50,-7.1475837675599994E+46],[1.0469262270467401E+43,-7.1475837675599974E+46,1.0106922444666106E+47,-7.1475837675599994E+46,1.0469262270467405E+43]],[[-7.1381614315165752E+45,4.8734797821127007E+49,-6.89147946325363E+49,4.8734797821127018E+49,-7.1381614315165778E+45],[4.8734797821127007E+49,-3.3273432207600149E+53,4.7052083242834157E+53,-3.3273432207600158E+53,4.8734797821127018E+49],[-6.89147946325363E+49,4.7052083242834157E+53,-6.6536524545435924E+53,4.7052083242834174E+53,-6.8914794632536323E+49],[4.8734797821127018E+49,-3.3273432207600158E+53,4.7052083242834174E+53,-3.327343220760017E+53,4.8734797821127038E+49],[-7.1381614315165778E+45,4.8734797821127018E+49,-6.8914794632536323E+49,4.8734797821127038E+49,-7.13816143151658E+45]],[[4.8670554368243361E+48,NaN,4.6990059927664873E+52,NaN,4.8670554368243367E+48],[NaN,NaN,NaN,NaN,NaN],[4.6990059927664873E+52,NaN,4.53689065907626E+56,NaN,4.6990059927664889E+52],[NaN,NaN,NaN,NaN,NaN],[4.8670554368243367E+48,NaN,4.6990059927664889E+52,NaN,4.8670554368243387E+48]],[[NaN,NaN,NaN,NaN,NaN],[NaN,NaN,NaN,NaN,NaN],[NaN,NaN,NaN,NaN,NaN],[NaN,NaN,NaN,NaN,NaN],[NaN,NaN,NaN,NaN,NaN]],[[NaN,NaN,NaN,NaN,NaN],[NaN,NaN,NaN,NaN,NaN],[NaN,NaN,NaN,NaN,NaN],[NaN,NaN,NaN,NaN,NaN],[NaN,NaN,NaN,NaN,NaN]],[[NaN,NaN,NaN,NaN,NaN],[NaN,NaN,NaN,NaN,NaN],[NaN,NaN,NaN,NaN,NaN],[NaN,NaN,NaN,NaN,NaN],[NaN,NaN,NaN,NaN,NaN]],[[NaN,NaN,NaN,NaN,NaN],[NaN,NaN,NaN,NaN,NaN],[NaN,NaN,NaN,NaN,NaN],[NaN,NaN,NaN,NaN,NaN],[NaN,NaN,NaN,NaN,NaN]],[[NaN,NaN,NaN,NaN,NaN],[NaN,NaN,NaN,NaN,NaN],[NaN,NaN,NaN,NaN,NaN],[NaN,NaN,NaN,NaN,NaN],[NaN,NaN,NaN,NaN,NaN]],[[NaN,NaN,NaN,NaN,NaN],[NaN,NaN,NaN,NaN,NaN],[NaN,NaN,NaN,NaN,NaN],[NaN,NaN,NaN,NaN,NaN],[NaN,NaN,NaN,NaN,NaN]],[[NaN,NaN,NaN,NaN,NaN],[NaN,NaN,NaN,NaN,NaN],[NaN,NaN,NaN,NaN,NaN],[NaN,NaN,NaN,NaN,NaN],[NaN,NaN,NaN,NaN,NaN]],[[NaN,NaN,NaN,NaN,NaN],[NaN,NaN,NaN,NaN,NaN],[NaN,NaN,NaN,NaN,NaN],[NaN,NaN,NaN,NaN,NaN],[NaN,NaN,NaN,NaN,NaN]],[[NaN,NaN,NaN,NaN,NaN],[NaN,NaN,NaN,NaN,NaN],[NaN,NaN,NaN,NaN,NaN],[NaN,NaN,NaN,NaN,NaN],[NaN,NaN,NaN,NaN,NaN]],[[NaN,NaN,NaN,NaN,NaN],[NaN,NaN,NaN,NaN,NaN],[NaN,NaN,NaN,NaN,NaN],[NaN,NaN,NaN,NaN,NaN],[NaN,NaN,NaN,NaN,NaN]],[[NaN,NaN,NaN,NaN,NaN],[NaN,NaN,NaN,NaN,NaN],[NaN,NaN,NaN,NaN,NaN],[NaN,NaN,NaN,NaN,NaN],[NaN,NaN,NaN,NaN,NaN]],[[NaN,NaN,NaN,NaN,NaN],[NaN,NaN,NaN,NaN,NaN],[NaN,NaN,NaN,NaN,NaN],[NaN,NaN,NaN,NaN,NaN],[NaN,NaN,NaN,NaN,NaN]],[[NaN,NaN,NaN,NaN,NaN],[NaN,NaN,NaN,NaN,NaN],[NaN,NaN,NaN,NaN,NaN],[NaN,NaN,NaN,NaN,NaN],[NaN,NaN,NaN,NaN,NaN]],[[NaN,NaN,NaN,NaN,NaN],[NaN,NaN,NaN,NaN,NaN],[NaN,NaN,NaN,NaN,NaN],[NaN,NaN,NaN,NaN,NaN],[NaN,NaN,NaN,NaN,NaN]],[[NaN,NaN,NaN,NaN,NaN],[NaN,NaN,NaN,NaN,NaN],[NaN,NaN,NaN,NaN,NaN],[NaN,NaN,NaN,NaN,NaN],[NaN,NaN,NaN,NaN,NaN]],[[NaN,NaN,NaN,NaN,NaN],[NaN,NaN,NaN,NaN,NaN],[NaN,NaN,NaN,NaN,NaN],[NaN,NaN,NaN,NaN,NaN],[NaN,NaN,NaN,NaN,NaN]],[[NaN,NaN,NaN,NaN,NaN],[NaN,NaN,NaN,NaN,NaN],[NaN,NaN,NaN,NaN,NaN],[NaN,NaN,NaN,NaN,NaN],[NaN,NaN,NaN,NaN,NaN]],[[NaN,NaN,NaN,NaN,NaN],[NaN,NaN,NaN,NaN,NaN],[NaN,NaN,NaN,NaN,NaN],[NaN,NaN,NaN,NaN,NaN],[NaN,NaN,NaN,NaN,NaN]],[[NaN,NaN,NaN,NaN,NaN],[NaN,NaN,NaN,NaN,NaN],[NaN,NaN,NaN,NaN,NaN],[NaN,NaN,NaN,NaN,NaN],[NaN,NaN,NaN,NaN,NaN]],[[NaN,NaN,NaN,NaN,NaN],[NaN,NaN,NaN,NaN,NaN],[NaN,NaN,NaN,NaN,NaN],[NaN,NaN,NaN,NaN,NaN],[NaN,NaN,NaN,NaN,NaN]],[[NaN,NaN,NaN,NaN,NaN],[NaN,NaN,NaN,NaN,NaN],[NaN,NaN,NaN,NaN,NaN],[NaN,NaN,NaN,NaN,NaN],[NaN,NaN,NaN,NaN,NaN]],[[NaN,NaN,NaN,NaN,NaN],[NaN,NaN,NaN,NaN,NaN],[NaN,NaN,NaN,NaN,NaN],[NaN,NaN,NaN,NaN,NaN],[NaN,NaN,NaN,NaN,NaN]],[[NaN,NaN,NaN,NaN,NaN],[NaN,NaN,NaN,NaN,NaN],[NaN,NaN,NaN,NaN,NaN],[NaN,NaN,NaN,NaN,NaN],[NaN,NaN,NaN,NaN,NaN]],[[NaN,NaN,NaN,NaN,NaN],[NaN,NaN,NaN,NaN,NaN],[NaN,NaN,NaN,NaN,NaN],[NaN,NaN,NaN,NaN,NaN],[NaN,NaN,NaN,NaN,NaN]],[[NaN,NaN,NaN,NaN,NaN],[NaN,NaN,NaN,NaN,NaN],[NaN,NaN,NaN,NaN,NaN],[NaN,NaN,NaN,NaN,NaN],[NaN,NaN,NaN,NaN,NaN]],[[NaN,NaN,NaN,NaN,NaN],[NaN,NaN,NaN,NaN,NaN],[NaN,NaN,NaN,NaN,NaN],[NaN,NaN,NaN,NaN,NaN],[NaN,NaN,NaN,NaN,NaN]],[[NaN,NaN,NaN,NaN,NaN],[NaN,NaN,NaN,NaN,NaN],[NaN,NaN,NaN,NaN,NaN],[NaN,NaN,NaN,NaN,NaN],[NaN,NaN,NaN,NaN,NaN]],[[NaN,NaN,NaN,NaN,NaN],[NaN,NaN,NaN,NaN,NaN],[NaN,NaN,NaN,NaN,NaN],[NaN,NaN,NaN,NaN,NaN],[NaN,NaN,NaN,NaN,NaN]],[[NaN,NaN,NaN,NaN,NaN],[NaN,NaN,NaN,NaN,NaN],[NaN,NaN,NaN,NaN,NaN],[NaN,NaN,NaN,NaN,NaN],[NaN,NaN,NaN,NaN,NaN]],[[NaN,NaN,NaN,NaN,NaN],[NaN,NaN,NaN,NaN,NaN],[NaN,NaN,NaN,NaN,NaN],[NaN,NaN,NaN,NaN,NaN],[NaN,NaN,NaN,NaN,NaN]],[[NaN,NaN,NaN,NaN,NaN],[NaN,NaN,NaN,NaN,NaN],[NaN,NaN,NaN,NaN,NaN],[NaN,NaN,NaN,NaN,NaN],[NaN,NaN,NaN,NaN,NaN]],[[NaN,NaN,NaN,NaN,NaN],[NaN,NaN,NaN,NaN,NaN],[NaN,NaN,NaN,NaN,NaN],[NaN,NaN,NaN,NaN,NaN],[NaN,NaN,NaN,NaN,NaN]],[[NaN,NaN,NaN,NaN,NaN],[NaN,NaN,NaN,NaN,NaN],[NaN,NaN,NaN,NaN,NaN],[NaN,NaN,NaN,NaN,NaN],[NaN,NaN,NaN,NaN,NaN]],[[NaN,NaN,NaN,NaN,NaN],[NaN,NaN,NaN,NaN,NaN],[NaN,NaN,NaN,NaN,NaN],[NaN,NaN,NaN,NaN,NaN],[NaN,NaN,NaN,NaN,NaN]],[[NaN,NaN,NaN,NaN,NaN],[NaN,NaN,NaN,NaN,NaN],[NaN,NaN,NaN,NaN,NaN],[NaN,NaN,NaN,NaN,NaN],[NaN,NaN,NaN,NaN,NaN]],[[NaN,NaN,NaN,NaN,NaN],[NaN,NaN,NaN,NaN,NaN],[NaN,NaN,NaN,NaN,NaN],[NaN,NaN,NaN,NaN,NaN],[NaN,NaN,NaN,NaN,NaN]],[[NaN,NaN,NaN,NaN,NaN],[NaN,NaN,NaN,NaN,NaN],[NaN,NaN,NaN,NaN,NaN],[NaN,NaN,NaN,NaN,NaN],[NaN,NaN,NaN,NaN,NaN]],[[NaN,NaN,NaN,NaN,NaN],[NaN,NaN,NaN,NaN,NaN],[NaN,NaN,NaN,NaN,NaN],[NaN,NaN,NaN,NaN,NaN],[NaN,NaN,NaN,NaN,NaN]],[[NaN,NaN,NaN,NaN,NaN],[NaN,NaN,NaN,NaN,NaN],[NaN,NaN,NaN,NaN,NaN],[NaN,NaN,NaN,NaN,NaN],[NaN,NaN,NaN,NaN,NaN]],[[NaN,NaN,NaN,NaN,NaN],[NaN,NaN,NaN,NaN,NaN],[NaN,NaN,NaN,NaN,NaN],[NaN,NaN,NaN,NaN,NaN],[NaN,NaN,NaN,NaN,NaN]],[[NaN,NaN,NaN,NaN,NaN],[NaN,NaN,NaN,NaN,NaN],[NaN,NaN,NaN,NaN,NaN],[NaN,NaN,NaN,NaN,NaN],[NaN,NaN,NaN,NaN,NaN]],[[NaN,NaN,NaN,NaN,NaN],[NaN,NaN,NaN,NaN,NaN],[NaN,NaN,NaN,NaN,NaN],[NaN,NaN,NaN,NaN,NaN],[NaN,NaN,NaN,NaN,NaN]],[[NaN,NaN,NaN,NaN,NaN],[NaN,NaN,NaN,NaN,NaN],[NaN,NaN,NaN,NaN,NaN],[NaN,NaN,NaN,NaN,NaN],[NaN,NaN,NaN,NaN,NaN]],[[NaN,NaN,NaN,NaN,NaN],[NaN,NaN,NaN,NaN,NaN],[NaN,NaN,NaN,NaN,NaN],[NaN,NaN,NaN,NaN,NaN],[NaN,NaN,NaN,NaN,NaN]],[[NaN,NaN,NaN,NaN,NaN],[NaN,NaN,NaN,NaN,NaN],[NaN,NaN,NaN,NaN,NaN],[NaN,NaN,NaN,NaN,NaN],[NaN,NaN,NaN,NaN,NaN]],[[NaN,NaN,NaN,NaN,NaN],[NaN,NaN,NaN,NaN,NaN],[NaN,NaN,NaN,NaN,NaN],[NaN,NaN,NaN,NaN,NaN],[NaN,NaN,NaN,NaN,NaN]],[[NaN,NaN,NaN,NaN,NaN],[NaN,NaN,NaN,NaN,NaN],[NaN,NaN,NaN,NaN,NaN],[NaN,NaN,NaN,NaN,NaN],[NaN,NaN,NaN,NaN,NaN]],[[NaN,NaN,NaN,NaN,NaN],[NaN,NaN,NaN,NaN,NaN],[NaN,NaN,NaN,NaN,NaN],[NaN,NaN,NaN,NaN,NaN],[NaN,NaN,NaN,NaN,NaN]],[[NaN,NaN,NaN,NaN,NaN],[NaN,NaN,NaN,NaN,NaN],[NaN,NaN,NaN,NaN,NaN],[NaN,NaN,NaN,NaN,NaN],[NaN,NaN,NaN,NaN,NaN]],[[NaN,NaN,NaN,NaN,NaN],[NaN,NaN,NaN,NaN,NaN],[NaN,NaN,NaN,NaN,NaN],[NaN,NaN,NaN,NaN,NaN],[NaN,NaN,NaN,NaN,NaN]],[[NaN,NaN,NaN,NaN,NaN],[NaN,NaN,NaN,NaN,NaN],[NaN,NaN,NaN,NaN,NaN],[NaN,NaN,NaN,NaN,NaN],[NaN,NaN,NaN,NaN,NaN]],[[NaN,NaN,NaN,NaN,NaN],[NaN,NaN,NaN,NaN,NaN],[NaN,NaN,NaN,NaN,NaN],[NaN,NaN,NaN,NaN,NaN],[NaN,NaN,NaN,NaN,NaN]],[[NaN,NaN,NaN,NaN,NaN],[NaN,NaN,NaN,NaN,NaN],[NaN,NaN,NaN,NaN,NaN],[NaN,NaN,NaN,NaN,NaN],[NaN,NaN,NaN,NaN,NaN]],[[NaN,NaN,NaN,NaN,NaN],[NaN,NaN,NaN,NaN,NaN],[NaN,NaN,NaN,NaN,NaN],[NaN,NaN,NaN,NaN,NaN],[NaN,NaN,NaN,NaN,NaN]],[[NaN,NaN,NaN,NaN,NaN],[NaN,NaN,NaN,NaN,NaN],[NaN,NaN,NaN,NaN,NaN],[NaN,NaN,NaN,NaN,NaN],[NaN,NaN,NaN,NaN,NaN]],[[NaN,NaN,NaN,NaN,NaN],[NaN,NaN,NaN,NaN,NaN],[NaN,NaN,NaN,NaN,NaN],[NaN,NaN,NaN,NaN,NaN],[NaN,NaN,NaN,NaN,NaN]],[[NaN,NaN,NaN,NaN,NaN],[NaN,NaN,NaN,NaN,NaN],[NaN,NaN,NaN,NaN,NaN],[NaN,NaN,NaN,NaN,NaN],[NaN,NaN,NaN,NaN,NaN]],[[NaN,NaN,NaN,NaN,NaN],[NaN,NaN,NaN,NaN,NaN],[NaN,NaN,NaN,NaN,NaN],[NaN,NaN,NaN,NaN,NaN],[NaN,NaN,NaN,NaN,NaN]],[[NaN,NaN,NaN,NaN,NaN],[NaN,NaN,NaN,NaN,NaN],[NaN,NaN,NaN,NaN,NaN],[NaN,NaN,NaN,NaN,NaN],[NaN,NaN,NaN,NaN,NaN]],[[NaN,NaN,NaN,NaN,NaN],[NaN,NaN,NaN,NaN,NaN],[NaN,NaN,NaN,NaN,NaN],[NaN,NaN,NaN,NaN,NaN],[NaN,NaN,NaN,NaN,NaN]],[[NaN,NaN,NaN,NaN,NaN],[NaN,NaN,NaN,NaN,NaN],[NaN,NaN,NaN,NaN,NaN],[NaN,NaN,NaN,NaN,NaN],[NaN,NaN,NaN,NaN,NaN]],[[NaN,NaN,NaN,NaN,NaN],[NaN,NaN,NaN,NaN,NaN],[NaN,NaN,NaN,NaN,NaN],[NaN,NaN,NaN,NaN,NaN],[NaN,NaN,NaN,NaN,NaN]],[[NaN,NaN,NaN,NaN,NaN],[NaN,NaN,NaN,NaN,NaN],[NaN,NaN,NaN,NaN,NaN],[NaN,NaN,NaN,NaN,NaN],[NaN,NaN,NaN,NaN,NaN]],[[NaN,NaN,NaN,NaN,NaN],[NaN,NaN,NaN,NaN,NaN],[NaN,NaN,NaN,NaN,NaN],[NaN,NaN,NaN,NaN,NaN],[NaN,NaN,NaN,NaN,NaN]],[[NaN,NaN,NaN,NaN,NaN],[NaN,NaN,NaN,NaN,NaN],[NaN,NaN,NaN,NaN,NaN],[NaN,NaN,NaN,NaN,NaN],[NaN,NaN,NaN,NaN,NaN]],[[NaN,NaN,NaN,NaN,NaN],[NaN,NaN,NaN,NaN,NaN],[NaN,NaN,NaN,NaN,NaN],[NaN,NaN,NaN,NaN,NaN],[NaN,NaN,NaN,NaN,NaN]],[[NaN,NaN,NaN,NaN,NaN],[NaN,NaN,NaN,NaN,NaN],[NaN,NaN,NaN,NaN,NaN],[NaN,NaN,NaN,NaN,NaN],[NaN,NaN,NaN,NaN,NaN]],[[NaN,NaN,NaN,NaN,NaN],[NaN,NaN,NaN,NaN,NaN],[NaN,NaN,NaN,NaN,NaN],[NaN,NaN,NaN,NaN,NaN],[NaN,NaN,NaN,NaN,NaN]],[[NaN,NaN,NaN,NaN,NaN],[NaN,NaN,NaN,NaN,NaN],[NaN,NaN,NaN,NaN,NaN],[NaN,NaN,NaN,NaN,NaN],[NaN,NaN,NaN,NaN,NaN]],[[NaN,NaN,NaN,NaN,NaN],[NaN,NaN,NaN,NaN,NaN],[NaN,NaN,NaN,NaN,NaN],[NaN,NaN,NaN,NaN,NaN],[NaN,NaN,NaN,NaN,NaN]],[[NaN,NaN,NaN,NaN,NaN],[NaN,NaN,NaN,NaN,NaN],[NaN,NaN,NaN,NaN,NaN],[NaN,NaN,NaN,NaN,NaN],[NaN,NaN,NaN,NaN,NaN]],[[NaN,NaN,NaN,NaN,NaN],[NaN,NaN,NaN,NaN,NaN],[NaN,NaN,NaN,NaN,NaN],[NaN,NaN,NaN,NaN,NaN],[NaN,NaN,NaN,NaN,NaN]],[[NaN,NaN,NaN,NaN,NaN],[NaN,NaN,NaN,NaN,NaN],[NaN,NaN,NaN,NaN,NaN],[NaN,NaN,NaN,NaN,NaN],[NaN,NaN,NaN,NaN,NaN]],[[NaN,NaN,NaN,NaN,NaN],[NaN,NaN,NaN,NaN,NaN],[NaN,NaN,NaN,NaN,NaN],[NaN,NaN,NaN,NaN,NaN],[NaN,NaN,NaN,NaN,NaN]],[[NaN,NaN,NaN,NaN,NaN],[NaN,NaN,NaN,NaN,NaN],[NaN,NaN,NaN,NaN,NaN],[NaN,NaN,NaN,NaN,NaN],[NaN,NaN,NaN,NaN,NaN]],[[NaN,NaN,NaN,NaN,NaN],[NaN,NaN,NaN,NaN,NaN],[NaN,NaN,NaN,NaN,NaN],[NaN,NaN,NaN,NaN,NaN],[NaN,NaN,NaN,NaN,NaN]],[[NaN,NaN,NaN,NaN,NaN],[NaN,NaN,NaN,NaN,NaN],[NaN,NaN,NaN,NaN,NaN],[NaN,NaN,NaN,NaN,NaN],[NaN,NaN,NaN,NaN,NaN]],[],[],[],[],[],[],[],[],[],[],[],[],[],[],[],[],[],[],[],[],[],[],[],[],[],[],[],[],[],[],[],[],[],[],[],[],[],[],[],[],[],[],[],[],[],[],[],[],[],[],[],[],[],[],[],[],[],[],[],[],[],[],[],[],[],[],[],[],[],[],[],[],[],[],[],[],[],[],[],[],[],[],[],[],[],[],[],[],[],[],[],[],[],[],[],[],[],[],[]],"Psi_cells":[[[2,2,4,4],[2,4,2,4],[0,0,0,0],[0,0,0,0],[0.0045,0.0045,0.0045,0.0045],[0,0,0,0],[0,0,0,0],[0.32619,0.32619,0.32619,0.32619],[0.002646,0.002646,0.002646,0.002646],[0,0,0,0],[0,0,0,0],[0.3857258,0.3857258,0.3857258,0.3857258],[0.0056787,0.0056787,0.0056787,0.0056787],[0,0,0,0],[0,0,0,0],[1.7143,1.7143,1.7143,1.7143],[0.01514,0.01514,0.01514,0.01514],[0,0,0,0],[0,0,0,0],[5.85966,5.85966,5.85966,5.85966],[0,0,0,0],[0,0,0,0],[1.4565,1.4565,1.4565,1.4565],[0,0,0,0],[0,0,0,0]],[[2,2,4,4],[2,4,2,4],[0,0,0,0],[0.284779476,0.284779476,0.284779476,0.284779476],[0.0045,0.0045,0.0045,0.0045],[0,0,0,0],[1.0181645474027077E-5,1.0181645474027077E-5,1.0181645474027077E-5,1.0181645474027077E-5],[0.32619004422,0.32619004422,0.32619004422,0.32619004422],[0.0025487087295835592,0.0025487087295835592,0.0025487087295835592,0.0025487087295835592],[0,0,0,0],[0,0,0,0],[0.3857257941163,0.3857257941163,0.3857257941163,0.3857257941163],[0.0054516236854021847,0.0054516236854021847,0.0054516236854021847,0.0054516236854021847],[0,0,0,0],[0,0,0,0],[1.7142993230999999,1.7142993230999999,1.7142993230999999,1.7142993230999999],[0.014534782307671858,0.014534782307671858,0.014534782307671858,0.014534782307671858],[0,0,0,0],[0.00036415707056309328,0.00036415707056309328,0.00036415707056309328,0.00036415707056309328],[5.85966,5.85966,5.85966,5.85966],[0,0,0,0],[0,0,0,0],[1.4565,1.4565,1.4565,1.4565],[0,0,0,0],[0,0,0,0]],[[2,2,4,4],[2,4,2,4],[0.00010984678952812379,0.00010984678952812379,0.00010984678952812379,0.00010984678952812379],[0.56944495739740386,0.56944495739740386,0.56944495739740386,0.56944495739740386],[0.0028450225858920528,0.0028450225858920528,0.0028450225858920528,0.0028450225858920528],[4.8871898275329966E-7,4.8871898275329966E-7,4.8871898275329966E-7,4.8871898275329966E-7],[1.9956041207226609E-5,1.9956041207226609E-5,1.9956041207226609E-5,1.9956041207226609E-5],[0.32616609924301337,0.32616609924301337,0.32616609924301337,0.32616609924301337],[0.0024553091234833244,0.0024553091234833244,0.0024553091234833244,0.0024553091234833244],[0,0,0,0],[0,0,0,0],[0.3856949401541056,0.3856949401541056,0.3856949401541056,0.3856949401541056],[0.0052336304235015034,0.0052336304235015034,0.0052336304235015034,0.0052336304235015034],[0,0,0,0],[0,0,0,0],[1.7141616171899914,1.7141616171899914,1.7141616171899914,1.7141616171899914],[0.013953773323640666,0.013953773323640666,0.013953773323640666,0.013953773323640666],[2.9626326217023969E-6,2.9626326217023969E-6,2.9626326217023969E-6,2.9626326217023969E-6],[0.00071374814202070178,0.00071374814202070178,0.00071374814202070178,0.00071374814202070178],[5.85966,5.85966,5.85966,5.85966],[0,0,0,0],[0,0,0,0],[1.4565,1.4565,1.4565,1.4565],[0,0,0,0],[0,0,0,0]],[[2,2,4,4],[2,4,2,4],[0.00032846632293818988,0.00032846632293818988,0.00032846632293818988,0.00032846632293818988],[0.85399650739290445,0.85399650739290445,0.85399650739290445,0.85399650739290445],[0.82752217487976432,0.82752217487976432,0.82752217487976432,0.82752217487976432],[1.4456315227346702E-6,1.4456315227346702E-6,1.4456315227346702E-6,1.4456315227346702E-6],[2.9342732644205257E-5,2.9342732644205257E-5,2.9342732644205257E-5,2.9342732644205257E-5],[0.32611917261510465,0.32611917261510465,0.32611917261510465,0.32611917261510465],[0.0023656482484769995,0.0023656482484769995,0.0023656482484769995,0.0023656482484769995],[0,0,0,0],[1.0695072078776221E-6,1.0695072078776221E-6,1.0695072078776221E-6,1.0695072078776221E-6],[0.38563453373319967,0.38563453373319967,0.38563453373319967,0.38563453373319967],[0.0050243569151148205,0.0050243569151148205,0.0050243569151148205,0.0050243569151148205],[0,0,0,0],[0,0,0,0],[1.7138916960669317,1.7138916960669317,1.7138916960669317,1.7138916960669317],[0.01339600482183525,0.01339600482183525,0.01339600482183525,0.01339600482183525],[8.7634696032011949E-6,8.7634696032011949E-6,8.7634696032011949E-6,8.7634696032011949E-6],[0.001049413295778094,0.001049413295778094,0.001049413295778094,0.001049413295778094],[5.85966,5.85966,5.85966,5.85966],[0,0,0,0],[0,0,0,0],[1.4565,1.4565,1.4565,1.4565],[0,0,0,0],[0,0,0,0]],[[2,2,4,4],[2,4,2,4],[0.00065476972561428527,0.00065476972561428527,0.00065476972561428527,0.00065476972561428527],[1.1384342144486506,1.1384342144486506,1.1384342144486506,1.1384342144486506],[-460.485604205922,-460.485604205922,-460.485604205922,-460.485604205922],[2.8511914266110533E-6,2.8511914266110533E-6,2.8511914266110533E-6,2.8511914266110533E-6],[3.8360372857807074E-5,3.8360372857807074E-5,3.8360372857807074E-5,3.8360372857807074E-5],[0.32605023215850143,0.32605023215850143,0.32605023215850143,0.32605023215850143],[0.0022795791958476704,0.0022795791958476704,0.0022795791958476704,0.0022795791958476704],[3.2354839003434612E-7,3.2354839003434612E-7,3.2354839003434612E-7,3.2354839003434612E-7],[4.1903117223388923E-6,4.1903117223388923E-6,4.1903117223388923E-6,4.1903117223388923E-6],[0.38554581852829473,0.38554581852829473,0.38554581852829473,0.38554581852829473],[0.0048234543922478189,0.0048234543922478189,0.0048234543922478189,0.0048234543922478189],[0,0,0,0],[0,0,0,0],[1.7134941543280171,1.7134941543280171,1.7134941543280171,1.7134941543280171],[0.012860547301075402,0.012860547301075402,0.012860547301075402,0.012860547301075402],[1.7283538978994096E-5,1.7283538978994096E-5,1.7283538978994096E-5,1.7283538978994096E-5],[0.0013717650316934476,0.0013717650316934476,0.0013717650316934476,0.0013717650316934476],[5.85966,5.85966,5.85966,5.85966],[0,0,0,0],[0,0,0,0],[1.4565,1.4565,1.4565,1.4565],[0,0,0,0],[0,0,0,0]],[[2,2,4,4],[2,4,2,4],[0.0010876553165729257,0.0010876553165729257,0.0010876553165729257,0.0010876553165729257],[1.4227581249566366,1.4227581249566366,1.4227581249566366,1.4227581249566366],[276006.032485481,276006.032485481,276006.032485481,276006.03248548094],[4.6867869409325708E-6,4.6867869409325708E-6,4.6867869409325708E-6,4.6867869409325708E-6],[4.7026766835402333E-5,4.7026766835402333E-5,4.7026766835402333E-5,4.7026766835402333E-5],[0.32596020753650456,0.32596020753650456,0.32596020753650456,0.32596020753650456],[0.002196960847617131,0.002196960847617131,0.002196960847617131,0.002196960847617131],[1.5905585858079613E-6,1.5905585858079613E-6,1.5905585858079613E-6,1.5905585858079613E-6],[1.0261948988546209E-5,1.0261948988546209E-5,1.0261948988546209E-5,1.0261948988546209E-5],[0.38542998834697062,0.38542998834697062,0.38542998834697062,0.38542998834697062],[0.004630588036907953,0.004630588036907953,0.004630588036907953,0.004630588036907953],[0,0,0,0],[0,0,0,0],[1.7129733771160478,1.7129733771160478,1.7129733771160478,1.7129733771160478],[0.012346508436398932,0.012346508436398932,0.012346508436398932,0.012346508436398932],[2.8409089775231003E-5,2.8409089775231003E-5,2.8409089775231003E-5,2.8409089775231003E-5],[0.0016813894983829913,0.0016813894983829913,0.0016813894983829913,0.0016813894983829913],[5.85966,5.85966,5.85966,5.85966],[0,0,0,0],[0,0,0,0],[1.4565,1.4565,1.4565,1.4565],[0,0,0,0],[0,0,0,0]],[[2,2,4,4],[2,4,2,4],[0.0016260104807024152,0.0016260104807024152,0.0016260104807024152,0.0016260104807024152],[1.7070331839104576,1.7070331839104576,1.7070331839104576,1.7070331839104576],[-1.7329651079413137E+8,-1.7329651079413137E+8,-1.7329651079413137E+8,-1.7329651079413137E+8],[6.9346981751500177E-6,6.9346981751500177E-6,6.9346981751500177E-6,6.9346981751500177E-6],[5.535891338317234E-5,5.535891338317234E-5,5.535891338317234E-5,5.535891338317234E-5],[0.32584999175762852,0.32584999175762852,0.32584999175762852,0.32584999175762852],[0.0021176576516172413,0.0021176576516172413,0.0021176576516172413,0.0021176576516172413],[4.6918325386003327E-6,4.6918325386003327E-6,4.6918325386003327E-6,4.6918325386003327E-6],[2.0106861091565785E-5,2.0106861091565785E-5,2.0106861091565785E-5,2.0106861091565785E-5],[0.38528818912450258,0.38528818912450258,0.38528818912450258,0.38528818912450258],[0.004445436423160587,0.004445436423160587,0.004445436423160587,0.004445436423160587],[0,0,0,0],[0,0,0,0],[1.7123335494464391,1.7123335494464391,1.7123335494464391,1.7123335494464391],[0.011853031592312706,0.011853031592312706,0.011853031592312706,0.011853031592312706],[4.2031367184830221E-5,4.2031367184830221E-5,4.2031367184830221E-5,4.2031367184830221E-5],[0.001978847666231685,0.001978847666231685,0.001978847666231685,0.001978847666231685],[5.85966,5.85966,5.85966,5.85966],[0,0,0,0],[0,0,0,0],[1.4565,1.4565,1.4565,1.4565],[0,0,0,0],[0,0,0,0]],[[2,2,4,4],[2,4,2,4],[0.0022687384445352291,0.0022687384445352291,0.0022687384445352291,0.0022687384445352291],[1.9310421473897332,1.9310421473897332,1.9310421473897332,1.9310421473897332],[1.1224766539748349E+11,1.1224766539748349E+11,1.1224766539748349E+11,1.1224766539748349E+11],[9.57805662119199E-6,9.57805662119199E-6,9.57805662119199E-6,9.57805662119199E-6],[6.3373044799167148E-5,6.3373044799167148E-5,6.3373044799167148E-5,6.3373044799167148E-5],[0.32572044262127253,0.32572044262127253,0.32572044262127253,0.32572044262127253],[0.0020415394050923969,0.0020415394050923969,0.0020415394050923969,0.0020415394050923969],[1.0765196597804706E-5,1.0765196597804706E-5,1.0765196597804706E-5,1.0765196597804706E-5],[3.4475272472897771E-5,3.4475272472897771E-5,3.4475272472897771E-5,3.4475272472897771E-5],[0.3851215208389035,0.3851215208389035,0.3851215208389035,0.3851215208389035],[0.0042676909814989752,0.0042676909814989752,0.0042676909814989752,0.0042676909814989752],[0,0,0,0],[0,0,0,0],[1.7115786651340303,1.7115786651340303,1.7115786651340303,1.7115786651340303],[0.011379294395492798,0.011379294395492798,0.011379294395492798,0.011379294395492798],[5.80463977353784E-5,5.80463977353784E-5,5.80463977353784E-5,5.80463977353784E-5],[0.0022646764460318857,0.0022646764460318857,0.0022646764460318857,0.0022646764460318857],[5.85966,5.85966,5.85966,5.85966],[0,0,0,0],[0,0,0,0],[1.4565,1.4565,1.4565,1.4565],[0,0,0,0],[0,0,0,0]],[[2,2,4,4],[2,4,2,4],[0.0029915436946226955,0.0029915436946226955,0.0029915436946226955,0.0029915436946226955],[55.970774550557749,55.970774550557749,55.970774550557749,55.970774550557749],[-7.4179786039156812E+13,-7.4179786039156812E+13,-7.4179786039156812E+13,-7.4179786039156812E+13],[1.2600806658309629E-5,1.2600806658309629E-5,1.2600806658309629E-5,1.2600806658309629E-5],[7.108466445430962E-5,7.108466445430962E-5,7.108466445430962E-5,7.108466445430962E-5],[0.32557238410714362,0.32557238410714362,0.32557238410714362,0.32557238410714362],[0.0019684810465337779,0.0019684810465337779,0.0019684810465337779,0.0019684810465337779],[2.1173160108382602E-5,2.1173160108382602E-5,2.1173160108382602E-5,2.1173160108382602E-5],[5.4049794879325261E-5,5.4049794879325261E-5,5.4049794879325261E-5,5.4049794879325261E-5],[0.38493103934937134,0.38493103934937134,0.38493103934937134,0.38493103934937134],[0.0040970554846358857,0.0040970554846358857,0.0040970554846358857,0.0040970554846358857],[0,0,0,0],[0,0,0,0],[1.7107125351227257,1.7107125351227257,1.7107125351227257,1.7107125351227257],[0.010924507364557664,0.010924507364557664,0.010924507364557664,0.010924507364557664],[7.63547839874802E-5,7.63547839874802E-5,7.63547839874802E-5,7.63547839874802E-5],[0.0025393897559991738,0.0025393897559991738,0.0025393897559991738,0.0025393897559991738],[5.85966,5.85966,5.85966,5.85966],[0,0,0,0],[0,0,0,0],[1.4565,1.4565,1.4565,1.4565],[0,0,0,0],[0,0,0,0]],[[2,2,4,4],[2,4,2,4],[0.02450891287541403,0.02450891287541403,0.02450891287541403,0.02450891287541403],[-46680.023897785737,-46680.023897785737,-46680.023897785737,-46680.023897785737],[4.963988862376004E+16,4.963988862376004E+16,4.963988862376004E+16,4.963988862376004E+16],[1.5987668938799872E-5,1.5987668938799872E-5,1.5987668938799872E-5,1.5987668938799872E-5],[7.8508582415152348E-5,7.8508582415152348E-5,7.8508582415152348E-5,7.8508582415152348E-5],[0.32540660771057317,0.32540660771057317,0.32540660771057317,0.32540660771057317],[0.0018983624554581955,0.0018983624554581955,0.0018983624554581955,0.0018983624554581955],[3.74820117848542E-5,3.74820117848542E-5,3.74820117848542E-5,3.74820117848542E-5],[7.9449775615173722E-5,7.9449775615173722E-5,7.9449775615173722E-5,7.9449775615173722E-5],[0.3847177581612049,0.3847177581612049,0.3847177581612049,0.3847177581612049],[0.0039332455538603579,0.0039332455538603579,0.0039332455538603579,0.0039332455538603579],[0,0,0,0],[0,0,0,0],[1.7097389940309378,1.7097389940309378,1.7097389940309378,1.7097389940309378],[0.010487912594633282,0.010487912594633282,0.010487912594633282,0.010487912594633282],[9.6861508324514554E-5,9.6861508324514554E-5,9.6861508324514554E-5,9.6861508324514554E-5],[0.0028034795398442446,0.0028034795398442446,0.0028034795398442446,0.0028034795398442446],[5.85966,5.85966,5.85966,5.85966],[0,0,0,0],[0,0,0,0],[1.4565,1.4565,1.4565,1.4565],[0,0,0,0],[0,0,0,0]],[[2,2,4,4],[2,4,2,4],[-17.934350562367968,-17.934350562367968,-17.934350562367968,-17.934350562367968],[3.9634644173189059E+7,3.9634644173189059E+7,3.9634644173189059E+7,3.9634644173189059E+7],[-3.3472228940935213E+19,-3.3472228940935213E+19,-3.3472228940935213E+19,-3.3472228940935213E+19],[1.9724105556849587E-5,1.9724105556849587E-5,1.9724105556849587E-5,1.9724105556849587E-5],[8.5658944447323E-5,8.5658944447323E-5,8.5658944447323E-5,8.5658944447323E-5],[0.32522387372579437,0.32522387372579437,0.32522387372579437,0.32522387372579437],[0.0018310682558344532,0.0018310682558344532,0.0018310682558344532,0.0018310682558344532],[6.1442273330162458E-5,6.1442273330162458E-5,6.1442273330162458E-5,6.1442273330162458E-5],[0.00011123540246695253,0.00011123540246695253,0.00011123540246695253,0.00011123540246695253],[0.38448265012012889,0.38448265012012889,0.38448265012012889,0.38448265012012889],[0.0037759881851036061,0.0037759881851036061,0.0037759881851036061,0.0037759881851036061],[0,0,0,0],[0,0,0,0],[1.7084846175527677,1.7084846175527677,1.7084846175527677,1.7084846175527677],[0.010068782494340633,0.010068782494340633,0.010068782494340633,0.010068782494340633],[0.00011947574541742697,0.00011947574541742697,0.00011947574541742697,0.00011947574541742697],[0.0030574166544476474,0.0030574166544476474,0.0030574166544476474,0.0030574166544476474],[5.85966,5.85966,5.85966,5.85966],[0,0,0,0],[0,0,0,0],[1.4565,1.4565,1.4565,1.4565],[0,0,0,0],[0,0,0,0]],[[2,2,4,4],[2,4,2,4],[15221.063443810039,15221.063443810039,15221.063443810039,15221.063443810039],[-3.2970870014355743E+10,-3.2970870014355743E+10,-3.2970870014355743E+10,-3.2970870014355743E+10],[2.2673619002455595E+22,2.2673619002455595E+22,2.2673619002455595E+22,2.2673619002455595E+22],[2.3796286679207392E-5,2.3796286679207392E-5,2.3796286679207392E-5,2.3796286679207392E-5],[9.2553541531275964E-5,9.2553541531275964E-5,9.2553541531275964E-5,9.2553541531275964E-5],[0.32502491247818388,0.32502491247818388,0.32502491247818388,0.32502491247818388],[0.0017664912223573719,0.0017664912223573719,0.0017664912223573719,0.0017664912223573719],[9.4970433973207082E-5,9.4970433973207082E-5,9.4970433973207082E-5,9.4970433973207082E-5],[0.00014991157800175859,0.00014991157800175859,0.00014991157800175859,0.00014991157800175859],[0.38422664903884679,0.38422664903884679,0.38422664903884679,0.38422664903884679],[0.0036250213241137592,0.0036250213241137592,0.0036250213241137592,0.0036250213241137592],[0,0,0,0],[0,0,0,0],[1.8605501820141408,1.8605501820141408,1.8605501820141408,1.8605501820141408],[0.009666418734105401,0.009666418734105401,0.009666418734105401,0.009666418734105401],[0.00014411068228634984,0.00014411068228634984,0.00014411068228634984,0.00014411068228634984],[0.0033017267617645916,0.0033017267617645916,0.0033017267617645916,0.0033017267617645916],[5.85966,5.85966,5.85966,5.85966],[0,0,0,0],[0,0,0,0],[1.4565,1.4565,1.4565,1.4565],[0,0,0,0],[0,0,0,0]],[[2,2,4,4],[2,4,2,4],[-1.2653217243702488E+7,-1.2653217243702488E+7,-1.2653217243702488E+7,-1.2653217243702488E+7],[2.6944439170371441E+13,2.6944439170371441E+13,2.6944439170371441E+13,2.6944439170371441E+13],[-1.5400453877886709E+25,-1.5400453877886709E+25,-1.5400453877886709E+25,-1.5400453877886707E+25],[2.8191264099350223E-5,2.8191264099350223E-5,2.8191264099350223E-5,2.8191264099350223E-5],[9.6190151382339253E-5,9.6190151382339253E-5,9.6190151382339253E-5,9.6190151382339253E-5],[0.32481042639392416,0.32481042639392416,0.32481042639392416,0.32481042639392416],[0.0017019933478363597,0.0017019933478363597,0.0017019933478363597,0.0017019933478363597],[0.00014013189359393067,0.00014013189359393067,0.00014013189359393067,0.00014013189359393067],[0.00019593157505949421,0.00019593157505949421,0.00019593157505949421,0.00019593157505949421],[0.38395065126262862,0.38395065126262862,0.38395065126262862,0.38395065126262862],[0.0034800721380679068,0.0034800721380679068,0.0034800721380679068,0.0034800721380679068],[0,0,0,0],[0,0,0,0],[-139.73874410029998,-139.73874410029998,-139.73874410029998,-139.73874410029998],[0.0092800375312094684,0.0092800375312094684,0.0092800375312094684,0.0092800375312094684],[0.00017068395614752154,0.00017068395614752154,0.00017068395614752154,0.00017068395614752154],[0.0034794433453761825,0.0034794433453761825,0.0034794433453761825,0.0034794433453761825],[5.85966,5.85966,5.85966,5.85966],[0,0,0,0],[0,0,0,0],[1.4565,1.4565,1.4565,1.4565],[0,0,0,0],[0,0,0,0]],[[2,2,4,4],[2,4,2,4],[1.032384917456496E+10,1.032384917456496E+10,1.032384917456496E+10,1.032384917456496E+10],[-2.168097942467868E+16,-2.168097942467868E+16,-2.168097942467868E+16,-2.1680979424678676E+16],[1.0477083070709751E+28,1.0477083070709751E+28,1.0477083070709751E+28,1.0477083070709751E+28],[3.2752008837503809E-5,3.2752008837503809E-5,3.2752008837503809E-5,3.2752008837503809E-5],[9.2342545557708917E-5,9.2342545557708917E-5,9.2342545557708917E-5,9.2342545557708917E-5],[0.32458046604091234,0.32458046604091234,0.32458046604091234,0.32458046604091234],[0.0016339136141165752,0.0016339136141165752,0.0016339136141165752,0.0016339136141165752],[0.00019912504582531606,0.00019912504582531606,0.00019912504582531606,0.00019912504582531606],[0.00024970070500349764,0.00024970070500349764,0.00024970070500349764,0.00024970070500349764],[0.38365551427998773,0.38365551427998773,0.38365551427998773,0.38365551427998773],[0.0033408692525468144,0.0033408692525468144,0.0033408692525468144,0.0033408692525468144],[0,0,0,0],[0,0,0,0],[-8.8408628894817E+6,-8.8408628894817E+6,-8.8408628894817E+6,-8.8408628894817E+6],[0.0089088360299697487,0.0089088360299697487,0.0089088360299697487,0.0089088360299697487],[0.00019864991272143553,0.00019864991272143553,0.0001986499