{"M_cells":[[[0,0,0,0,0],[0,0,0,0,0],[0,0,0,0,0],[0,0,0,0,0],[0,0,0,0,0]],[[0.00040332943797185351,0.00096529124147378862,0.0011323328877223644,0.00096529124147378862,0.00040332943797185351],[0.00096529124147378862,0.0019391874293027006,0.0022369601921095536,0.0019391874293027006,0.00096529124147378862],[0.0011323328877223644,0.0022369601921095536,0.0025783096860014371,0.0022369601921095536,0.0011323328877223646],[0.00096529124147378862,0.0019391874293027006,0.0022369601921095536,0.0019391874293027006,0.00096529124147378862],[0.00040332943797185351,0.00096529124147378862,0.0011323328877223646,0.00096529124147378862,0.00040332943797185351]],[[0.0020443502923181227,0.0032679455198955619,0.0036509949286488439,0.0032679455198955623,0.0020443502923181232],[0.0032679455198955619,0.0047800395456145438,0.0052648671948842349,0.0047800395456145438,0.0032679455198955623],[0.0036509949286488439,0.0052648671948842349,0.00578362359365621,0.0052648671948842349,0.0036509949286488439],[0.0032679455198955623,0.0047800395456145438,0.0052648671948842349,0.0047800395456145438,0.0032679455198955623],[0.0020443502923181232,0.0032679455198955623,0.0036509949286488439,0.0032679455198955623,0.0020443502923181232]],[[0.0046562034048502491,0.0062963929062997952,0.0068250478084048915,0.0062963929062997952,0.0046562034048502491],[0.0062963929062997952,0.0080961010500023162,0.0086863640563899416,0.0080961010500023162,0.0062963929062997952],[0.0068250478084048915,0.0086863640563899416,0.0092971652156768666,0.0086863640563899416,0.0068250478084048915],[0.0062963929062997952,0.0080961010500023162,0.0086863640563899416,0.0080961010500023162,0.0062963929062997952],[0.0046562034048502491,0.0062963929062997952,0.0068250478084048915,0.0062963929062997952,0.0046562034048502491]],[[0.0078380832526658423,0.0097096857725105963,0.010322580270929223,0.0097096857725105963,0.0078380832526658423],[0.0097096857725105963,0.011660794276589635,0.012307935845027979,0.011660794276589635,0.0097096857725105963],[0.010322580270929223,0.012307935845027979,0.012966494392451039,0.012307935845027979,0.010322580270929223],[0.0097096857725105963,0.011660794276589635,0.012307935845027979,0.011660794276589635,0.0097096857725105963],[0.0078380832526658423,0.0097096857725105963,0.010322580270929223,0.0097096857725105963,0.0078380832526658423]],[[0.011329792556800333,0.013324805511619636,0.013983662065402093,0.013324805511619636,0.011329792556800333],[0.013324805511619636,0.015355035790438631,0.016032253700584097,0.015355035790438632,0.013324805511619636],[0.013983662065402093,0.016032253700584097,0.0167155927808342,0.0160322537005841,0.013983662065402093],[0.013324805511619636,0.015355035790438632,0.0160322537005841,0.015355035790438632,0.013324805511619636],[0.011329792556800333,0.013324805511619636,0.013983662065402093,0.013324805511619636,0.011329792556800333]],[[0.014985396129467053,0.017045209473873772,0.017728499373561187,0.017045209473873772,0.014985396129467053],[0.017045209473873772,0.019116644251435663,0.019809615360496517,0.019116644251435663,0.017045209473873772],[0.017728499373561187,0.019809615360496517,0.02050581392453622,0.019809615360496517,0.017728499373561187],[0.017045209473873772,0.019116644251435663,0.019809615360496517,0.019116644251435663,0.017045209473873772],[0.014985396129467053,0.017045209473873772,0.017728499373561187,0.017045209473873772,0.014985396129467053]],[[0.018726773307540981,0.020820395287600796,0.021516515826969375,0.020820395287600796,0.018726773307540981],[0.020820395287600796,0.022913252496385723,0.023614436919404059,0.022913252496385723,0.020820395287600796],[0.021516515826969375,0.023614436919404059,0.024317309506627256,0.023614436919404059,0.021516515826969375],[0.020820395287600796,0.022913252496385723,0.023614436919404059,0.022913252496385723,0.020820395287600796],[0.018726773307540981,0.020820395287600796,0.021516515826969375,0.020820395287600796,0.018726773307540981]],[[0.022512838230898422,0.024624050781583647,0.025326869398308329,0.024624050781583647,0.022512838230898422],[0.024624050781583647,0.026728036694857633,0.027433493768102772,0.026728036694857633,0.024624050781583647],[0.025326869398308329,0.027433493768102772,0.028139830432783463,0.027433493768102772,0.025326869398308329],[0.024624050781583647,0.026728036694857633,0.027433493768102772,0.026728036694857633,0.024624050781583647],[0.022512838230898422,0.024624050781583647,0.025326869398308329,0.024624050781583647,0.022512838230898422]],[[0.026322139165142231,0.028442492324190265,0.029148797408030745,0.028442492324190265,0.026322139165142231],[0.028442492324190265,0.030552256331456421,0.031259933380672837,0.030552256331456421,0.028442492324190265],[0.029148797408030745,0.031259933380672837,0.031968067806548185,0.031259933380672837,0.029148797408030745],[0.028442492324190265,0.030552256331456421,0.031259933380672837,0.030552256331456421,0.028442492324190265],[0.026322139165142231,0.028442492324190265,0.029148797408030745,0.028442492324190265,0.026322139165142231]],[[0.030143509497123251,0.032268608168986163,0.032976724987883704,0.032268608168986163,0.030143509497123251],[0.032268608168986163,0.034381369380980853,0.035090198556278672,0.034381369380980853,0.032268608168986163],[0.032976724987883704,0.035090198556278672,0.035799265211860512,0.035090198556278672,0.032976724987883704],[0.032268608168986163,0.034381369380980853,0.035090198556278672,0.034381369380980853,0.032268608168986163],[0.030143509497123251,0.032268608168986163,0.032976724987883704,0.032268608168986163,0.030143509497123251]],[[0.033971142368810381,0.036098701122699625,0.036807757813209142,0.036098701122699625,0.033971142368810381],[0.036098701122699625,0.038213013078913241,0.038922438806938069,0.038213013078913241,0.036098701122699625],[0.036807757813209142,0.038922438806938069,0.039631987561663605,0.038922438806938069,0.036807757813209142],[0.036098701122699625,0.038213013078913241,0.038922438806938069,0.038213013078913241,0.036098701122699625],[0.033971142368810381,0.036098701122699625,0.036807757813209142,0.036098701122699625,0.033971142368810381]],[[0.037802017289851275,0.039930846586767037,0.040640389213984544,0.039930846586767037,0.037802017289851275],[0.039930846586767037,0.042045955346169325,0.04275568813645779,0.042045955346169325,0.039930846586767037],[0.040640389213984544,0.04275568813645779,0.043465484321334943,0.04275568813645779,0.040640389213984544],[0.039930846586767037,0.042045955346169325,0.04275568813645779,0.042045955346169325,0.039930846586767037],[0.037802017289851275,0.039930846586767037,0.040640389213984544,0.039930846586767037,0.037802017289851275]],[[0.041634560581034263,0.043764039669603606,0.044473831445084266,0.043764039669603606,0.041634560581034263],[0.043764039669603606,0.04587955050647826,0.0465894389537921,0.04587955050647826,0.043764039669603606],[0.044473831445084266,0.0465894389537921,0.047299359628116759,0.0465894389537921,0.044473831445084266],[0.043764039669603606,0.04587955050647826,0.0465894389537921,0.04587955050647826,0.043764039669603606],[0.041634560581034263,0.043764039669603606,0.044473831445084266,0.043764039669603606,0.041634560581034263]],[[0.045467949266471255,0.047597752415672025,0.048307669248889358,0.047597752415672025,0.045467949266471255],[0.047597752415672025,0.049713456815026161,0.050423421119131909,0.049713456815026161,0.047597752415672025],[0.048307669248889358,0.050423421119131909,0.0511334012479026,0.050423421119131909,0.048307669248889358],[0.047597752415672025,0.049713456815026161,0.050423421119131909,0.049713456815026161,0.047597752415672025],[0.045467949266471255,0.047597752415672025,0.048307669248889358,0.047597752415672025,0.045467949266471255]],[[0.049301749618145013,0.051431703995090242,0.05214168022772929,0.051431703995090242,0.049301749618145013],[0.051431703995090242,0.05354748986138156,0.054257487312972932,0.05354748986138156,0.051431703995090242],[0.05214168022772929,0.054257487312972932,0.05496749183748717,0.054257487312972932,0.05214168022772929],[0.051431703995090242,0.05354748986138156,0.054257487312972932,0.05354748986138156,0.051431703995090242],[0.049301749618145013,0.051431703995090242,0.05214168022772929,0.051431703995090242,0.049301749618145013]],[[0.053135729526826485,0.055265741425686687,0.055975741653622131,0.055265741425686687,0.053135729526826485],[0.055265741425686687,0.057381546474821889,0.05809155353841141,0.057381546474821889,0.055265741425686687],[0.055975741653622131,0.05809155353841141,0.058801562879877645,0.05809155353841141,0.055975741653622131],[0.055265741425686687,0.057381546474821889,0.05809155353841141,0.057381546474821889,0.055265741425686687],[0.053135729526826485,0.055265741425686687,0.055975741653622131,0.055265741425686687,0.053135729526826485]],[[0.056969761105984139,0.059099777650379853,0.059809782093376451,0.059099777650379853,0.056969761105984139],[0.059099777650379853,0.061215565207488172,0.061925568217873178,0.061215565207488172,0.059099777650379853],[0.059809782093376451,0.061925568217873178,0.062635570749681319,0.061925568217873178,0.059809782093376451],[0.059099777650379853,0.061215565207488172,0.061925568217873178,0.061215565207488172,0.059099777650379853],[0.056969761105984139,0.059099777650379853,0.059809782093376451,0.059099777650379853,0.056969761105984139]],[[0.060803770120273271,0.062933759371699066,0.063643756274828683,0.062933759371699066,0.060803770120273271],[0.062933759371699066,0.065049505792578816,0.065759496120480668,0.065049505792578816,0.062933759371699066],[0.063643756274828683,0.065759496120480668,0.066469484255360992,0.065759496120480668,0.063643756274828683],[0.062933759371699066,0.065049505792578816,0.065759496120480668,0.065049505792578816,0.062933759371699066],[0.060803770120273271,0.062933759371699066,0.063643756274828683,0.062933759371699066,0.060803770120273271]],[[0.06463770970778332,0.066767650322557437,0.067477632006129065,0.066767650322557437,0.06463770970778332],[0.066767650322557437,0.068883338444181139,0.0695933099802161,0.068883338444181139,0.066767650322557437],[0.067477632006129065,0.0695933099802161,0.0703032781322825,0.0695933099802161,0.067477632006129065],[0.066767650322557437,0.068883338444181139,0.0695933099802161,0.068883338444181139,0.066767650322557437],[0.06463770970778332,0.066767650322557437,0.067477632006129065,0.066767650322557437,0.06463770970778332]],[[0.068471546704025443,0.07060142254263857,0.071311383344683246,0.07060142254263857,0.068471546704025443],[0.07060142254263857,0.072717038259865779,0.07342698610075514,0.072717038259865779,0.07060142254263857],[0.071311383344683246,0.07342698610075514,0.074136929619653874,0.07342698610075514,0.071311383344683246],[0.07060142254263857,0.072717038259865779,0.07342698610075514,0.072717038259865779,0.07060142254263857],[0.068471546704025443,0.07060142254263857,0.071311383344683246,0.07060142254263857,0.068471546704025443]],[[0.0723052545008621,0.074435051804855157,0.075144987004917049,0.074435051804855157,0.0723052545008621],[0.074435051804855157,0.076550582267121525,0.077260502025000885,0.076550582267121525,0.074435051804855157],[0.075144987004917049,0.077260502025000885,0.077970416633741726,0.077260502025000885,0.075144987004917049],[0.074435051804855157,0.076550582267121525,0.077260502025000885,0.076550582267121525,0.074435051804855157],[0.0723052545008621,0.074435051804855157,0.075144987004917049,0.074435051804855157,0.0723052545008621]],[[0.076138809292331,0.078268515191232471,0.078978420442641792,0.078268515191232471,0.076138809292331],[0.078268515191232471,0.080383947837598724,0.081093835271905571,0.080383947837598724,0.078268515191232471],[0.078978420442641792,0.081093835271905571,0.0818037167652959,0.081093835271905571,0.078978420442641792],[0.078268515191232471,0.080383947837598724,0.081093835271905571,0.080383947837598724,0.078268515191232471],[0.076138809292331,0.078268515191232471,0.078978420442641792,0.078268515191232471,0.076138809292331]],[[0.079972188073887937,0.082101789779987069,0.082811660805184831,0.082101789779987069,0.079972188073887937],[0.082101789779987069,0.084217111806842562,0.084926962622794117,0.084217111806842562,0.082101789779987069],[0.082811660805184831,0.084926962622794117,0.085636806700304713,0.084926962622794117,0.082811660805184831],[0.082101789779987069,0.084217111806842562,0.084926962622794117,0.084217111806842562,0.082101789779987069],[0.079972188073887937,0.082101789779987069,0.082811660805184831,0.082101789779987069,0.079972188073887937]],[[0.083805367547160434,0.085934851904753445,0.086644684326323343,0.085934851904753445,0.083805367547160434],[0.085934851904753445,0.088050049955510981,0.088759859688189863,0.088050049955510981,0.085934851904753445],[0.086644684326323343,0.088759859688189863,0.089469661855728966,0.088759859688189863,0.086644684326323343],[0.085934851904753445,0.088050049955510981,0.088759859688189863,0.088050049955510981,0.085934851904753445],[0.083805367547160434,0.085934851904753445,0.086644684326323343,0.085934851904753445,0.083805367547160434]],[[0.087638323490040845,0.089767676705991548,0.090477465947231037,0.089767676705991548,0.087638323490040845],[0.089767676705991548,0.091882736673265852,0.092592500615226461,0.091882736673265852,0.089767676705991548],[0.090477465947231037,0.092592500615226461,0.093302256121756674,0.092592500615226461,0.090477465947231037],[0.089767676705991548,0.091882736673265852,0.092592500615226461,0.091882736673265852,0.089767676705991548],[0.087638323490040845,0.089767676705991548,0.090477465947231037,0.089767676705991548,0.087638323490040845]],[[0.091471030363342962,0.093600237828907071,0.094309979049557638,0.093600237828907071,0.091471030363342962],[0.093600237828907071,0.09571514471214411,0.096424857862628777,0.09571514471214411,0.093600237828907071],[0.094309979049557638,0.096424857862628777,0.097134561653881568,0.096424857862628777,0.094309979049557638],[0.093600237828907071,0.09571514471214411,0.096424857862628777,0.09571514471214411,0.093600237828907071],[0.091471030363342962,0.093600237828907071,0.094309979049557638,0.093600237828907071,0.091471030363342962]],[[0.095303461034934631,0.097432507191900414,0.098142195241107427,0.097432507191900414,0.095303461034934631],[0.097432507191900414,0.099547244980623992,0.10025690200494514,0.099547244980623992,0.097432507191900414],[0.098142195241107427,0.10025690200494514,0.1009665486849422,0.10025690200494514,0.098142195241107427],[0.097432507191900414,0.099547244980623992,0.10025690200494514,0.099547244980623992,0.097432507191900414],[0.095303461034934631,0.097432507191900414,0.098142195241107427,0.097432507191900414,0.095303461034934631]],[[0.099135586559142466,0.10126445478566598,0.10197408416280057,0.10126445478566598,0.099135586559142466],[0.10126445478566598,0.10337900635260806,0.10408860154566922,0.10337900635260806,0.10126445478566598],[0.10197408416280057,0.10408860154566922,0.10479818534114406,0.10408860154566922,0.10197408416280057],[0.10126445478566598,0.10337900635260806,0.10408860154566922,0.10337900635260806,0.10126445478566598],[0.099135586559142466,0.10126445478566598,0.10197408416280057,0.10126445478566598,0.099135586559142466]],[[0.10296737597865149,0.10509604848175941,0.10580561330013558,0.10509604848175941,0.10296737597865149],[0.10509604848175941,0.10721039547742388,0.10791992272815995,0.10721039547742388,0.10509604848175941],[0.10580561330013558,0.10791992272815995,0.10862943745323898,0.10791992272815995,0.10580561330013558],[0.10509604848175941,0.10721039547742388,0.10791992272815995,0.10721039547742388,0.10509604848175941],[0.10296737597865149,0.10509604848175941,0.10580561330013558,0.10509604848175941,0.10296737597865149]],[[0.10679879613142584,0.1089272538391219,0.10963674778994126,0.1089272538391219,0.10679879613142584],[0.1089272538391219,0.11104137658309564,0.11175082933805941,0.11104137658309564,0.1089272538391219],[0.10963674778994126,0.11175082933805941,0.11246026835772921,0.11175082933805941,0.10963674778994126],[0.1089272538391219,0.11104137658309564,0.11175082933805941,0.11104137658309564,0.1089272538391219],[0.10679879613142584,0.1089272538391219,0.10963674778994126,0.1089272538391219,0.10679879613142584]],[[0.11062981145300707,0.1127580339019956,0.11346745021703927,0.1127580339019956,0.11062981145300707],[0.1127580339019956,0.1148719112682471,0.11558128249331584,0.1148719112682471,0.1127580339019956],[0.11346745021703927,0.11558128249331584,0.11629063868480091,0.11558128249331584,0.11346745021703927],[0.1127580339019956,0.1148719112682471,0.11558128249331584,0.1148719112682471,0.1127580339019956],[0.11062981145300707,0.1127580339019956,0.11346745021703927,0.1127580339019956,0.11062981145300707]],[[0.1144603837686033,0.11658834898523909,0.11729768039741605,0.11658834898523909,0.1144603837686033],[0.11658834898523909,0.11870195827961662,0.11941124041916565,0.11870195827961662,0.11658834898523909],[0.11729768039741605,0.11941124041916565,0.12012050613064394,0.11941124041916565,0.11729768039741605],[0.11658834898523909,0.11870195827961662,0.11941124041916565,0.11870195827961662,0.11658834898523909],[0.1144603837686033,0.11658834898523909,0.11729768039741605,0.11658834898523909,0.1144603837686033]],[[0.11829047207142987,0.12041815644423243,0.1211273951453916,0.12041815644423243,0.11829047207142987],[0.12041815644423243,0.12253147327284897,0.12324065820592345,0.12253147327284897,0.12041815644423243],[0.1211273951453916,0.12324065820592345,0.12394982521215135,0.12324065820592345,0.1211273951453916],[0.12041815644423243,0.12253147327284897,0.12324065820592345,0.12253147327284897,0.12041815644423243],[0.11829047207142987,0.12041815644423243,0.1211273951453916,0.12041815644423243,0.11829047207142987]],[[0.12212003228473872,0.1242474104273046,0.12495654802289312,0.1242474104273046,0.12212003228473872],[0.1242474104273046,0.12636040855472203,0.1270694875478334,0.12636040855472203,0.1242474104273046],[0.12495654802289312,0.1270694875478334,0.12777854700232102,0.1270694875478334,0.1249565480228931],[0.1242474104273046,0.12636040855472203,0.1270694875478334,0.12636040855472203,0.1242474104273046],[0.12212003228473872,0.1242474104273046,0.1249565480228931,0.1242474104273046,0.12212003228473872]],[[0.12594901700555616,0.12807606160872381,0.12878508906891867,0.12807606160872381,0.12594901700555616],[0.12807606160872381,0.13018871280492711,0.13089767646112796,0.13018871280492711,0.12807606160872381],[0.12878508906891867,0.13089767646112796,0.13160661884452843,0.13089767646112796,0.12878508906891867],[0.12807606160872381,0.13018871280492711,0.13089767646112796,0.13018871280492711,0.12807606160872381],[0.12594901700555616,0.12807606160872381,0.12878508906891867,0.12807606160872381,0.12594901700555616]],[[0.12977737522818819,0.13190405690048831,0.13261296450745555,0.13190405690048831,0.12977737522818819],[0.13190405690048831,0.13401633077565248,0.1347251689795535,0.13401633077565248,0.13190405690048831],[0.13261296450745555,0.1347251689795535,0.13543398404393286,0.1347251689795535,0.13261296450745555],[0.13190405690048831,0.13401633077565248,0.1347251689795535,0.13401633077565248,0.13190405690048831],[0.12977737522818819,0.13190405690048831,0.13261296450745555,0.13190405690048831,0.12977737522818819]],[[0.13360505204570422,0.13573133914106436,0.13644011643200943,0.13573133914106436,0.13360505204570422],[0.13573133914106436,0.13784320296709288,0.13855190482548055,0.13784320296709288,0.13573133914106436],[0.13644011643200943,0.13855190482548055,0.13926058153412346,0.13855190482548055,0.13644011643200943],[0.13573133914106436,0.13784320296709288,0.13855190482548055,0.13784320296709288,0.13573133914106436],[0.13360505204570422,0.13573133914106436,0.13644011643200943,0.13573133914106436,0.13360505204570422]],[[0.13743198832755868,0.13955784675920999,0.14026648246487022,0.13955784675920999,0.13743198832755868],[0.13955784675920999,0.14166926527697493,0.14237781905467192,0.14166926527697493,0.13955784675920999],[0.14026648246487022,0.14237781905467192,0.14308634551706595,0.14237781905467192,0.14026648246487022],[0.13955784675920999,0.14166926527697493,0.14237781905467192,0.14166926527697493,0.13955784675920999],[0.13743198832755868,0.13955784675920999,0.14026648246487022,0.13955784675920999,0.13743198832755868]],[[0.14125812037137814,0.14338351341086042,0.14409199538907264,0.14338351341086042,0.14125812037137814],[0.14338351341086042,0.14549444862201916,0.1462028416726118,0.14549444862201916,0.14338351341086042],[0.14409199538907264,0.1462028416726118,0.14691120507422611,0.1462028416726118,0.14409199538907264],[0.14338351341086042,0.14549444862201916,0.1462028416726118,0.14549444862201916,0.14338351341086042],[0.14125812037137814,0.14338351341086042,0.14409199538907264,0.14338351341086042,0.14125812037137814]],[[0.14508337952688627,0.14720826758696878,0.14791658275093594,0.14720826758696878,0.14508337952688627],[0.14720826758696878,0.1493186785291705,0.15002689722020882,0.1493186785291705,0.14720826758696878],[0.14791658275093594,0.15002689722020882,0.15073508374667333,0.15002689722020882,0.14791658275093594],[0.14720826758696878,0.1493186785291705,0.15002689722020882,0.1493186785291705,0.14720826758696878],[0.14508337952688627,0.14720826758696878,0.14791658275093594,0.14720826758696878,0.14508337952688627]],[[0.14890769178982627,0.15103203219021516,0.15174016643103283,0.15103203219021516,0.14890769178982627],[0.15103203219021516,0.15314187469443838,0.15384990432668297,0.15314187469443838,0.15103203219021516],[0.15174016643103283,0.15384990432668297,0.15455789908194154,0.15384990432668297,0.15174016643103283],[0.15103203219021516,0.15314187469443838,0.15384990432668297,0.15314187469443838,0.15103203219021516],[0.14890769178982627,0.15103203219021516,0.15174016643103283,0.15103203219021516,0.14890769178982627]],[[0.15273097736366248,0.15485472407804862,0.15556266218111744,0.15485472407804862,0.15273097736366248],[0.15485472407804862,0.15696395050677175,0.15767177522706372,0.15696395050677175,0.15485472407804862],[0.15556266218111744,0.15767177522706372,0.15837956214506196,0.15767177522706372,0.15556266218111744],[0.15485472407804862,0.15696395050677175,0.15767177522706372,0.15696395050677175,0.15485472407804862],[0.15273097736366248,0.15485472407804862,0.15556266218111744,0.15485472407804862,0.15273097736366248]],[[0.15655315018658847,0.158676253569826,0.15938397912465896,0.158676253569826,0.15655315018658847],[0.158676253569826,0.1607848125346544,0.16149241524193866,0.1607848125346544,0.158676253569826],[0.15938397912465896,0.16149241524193866,0.16219997699138716,0.16149241524193866,0.15938397912465896],[0.158676253569826,0.1607848125346544,0.16149241524193866,0.1607848125346544,0.158676253569826],[0.15655315018658847,0.158676253569826,0.15938397912465896,0.158676253569826,0.15655315018658847]],[[0.16037411742147886,0.1624965239154485,0.16320401921842173,0.1624965239154485,0.16037411742147886],[0.1624965239154485,0.16460435997278983,0.16531172221682525,0.16460435997278983,0.1624965239154485],[0.16320401921842173,0.16531172221682525,0.16601904009856167,0.16531172221682525,0.16320401921842173],[0.1624965239154485,0.16460435997278983,0.16531172221682525,0.16460435997278983,0.1624965239154485],[0.16037411742147886,0.1624965239154485,0.16320401921842173,0.1624965239154485,0.16037411742147886]],[[0.16419377890616596,0.16631543072288618,0.16702267667249732,0.16631543072288618,0.16419377890616596],[0.16631543072288618,0.16842248404624258,0.16912958591852467,0.16842248404624258,0.16631543072288618],[0.16702267667249732,0.16912958591852467,0.1698366397549908,0.16912958591852467,0.16702267667249732],[0.16631543072288618,0.16842248404624258,0.16912958591852467,0.16842248404624258,0.16631543072288618],[0.16419377890616596,0.16631543072288618,0.16702267667249732,0.16631543072288618,0.16419377890616596]],[[0.16801202656150122,0.17013286134203642,0.17083983732609107,0.17013286134203642,0.16801202656150122],[0.17013286134203642,0.17223906736943453,0.17294588738581956,0.17223906736943453,0.17013286134203642],[0.17083983732609107,0.17294588738581956,0.17365265540216551,0.17294588738581956,0.17083983732609107],[0.17013286134203642,0.17223906736943453,0.17294588738581956,0.17223906736943453,0.17013286134203642],[0.16801202656150122,0.17013286134203642,0.17083983732609107,0.17013286134203642,0.16801202656150122]],[[0.17182874375449728,0.17394869420221457,0.17465537797657052,0.17394869420221457,0.17182874375449728],[0.17394869420221457,0.17605398325736266,0.17676049823193857,0.17605398325736266,0.17394869420221457],[0.17465537797657052,0.17676049823193857,0.17746695692826711,0.17676049823193857,0.17465537797657052],[0.17394869420221457,0.17605398325736266,0.17676049823193857,0.17605398325736266,0.17394869420221457],[0.17182874375449728,0.17394869420221457,0.17465537797657052,0.17394869420221457,0.17182874375449728]],[[0.17564380461403151,0.17776279810075882,0.17846916565904614,0.17776279810075882,0.17564380461403151],[0.17776279810075882,0.1798670949865096,0.18057327989621624,0.1798670949865096,0.17776279810075882],[0.17846916565904614,0.18057327989621624,0.18127940391050412,0.18057327989621624,0.17846916565904614],[0.17776279810075882,0.1798670949865096,0.18057327989621624,0.1798670949865096,0.17776279810075882],[0.17564380461403151,0.17776279810075882,0.17846916565904614,0.17776279810075882,0.17564380461403151]],[[0.17945707329651242,0.1815750314402427,0.18228105687418561,0.1815750314402427,0.17945707329651242],[0.1815750314402427,0.18367825500308327,0.18438408284266289,0.18367825500308327,0.1815750314402427],[0.18228105687418561,0.18438408284266289,0.18508984480392021,0.18438408284266289,0.18228105687418561],[0.1815750314402427,0.18367825500308327,0.18438408284266289,0.18367825500308327,0.1815750314402427],[0.17945707329651242,0.1815750314402427,0.18228105687418561,0.1815750314402427,0.17945707329651242]],[[0.18326840319920359,0.18538524141212465,0.18609089676199689,0.18538524141212465,0.18326840319920359],[0.18538524141212465,0.18748730407652117,0.1881927457033937,0.18748730407652117,0.18538524141212465],[0.18609089676199689,0.1881927457033937,0.18889811607467849,0.1881927457033937,0.18609089676199689],[0.18538524141212465,0.18748730407652117,0.1881927457033937,0.18748730407652117,0.18538524141212465],[0.18326840319920359,0.18538524141212465,0.18609089676199689,0.18538524141212465,0.18326840319920359]],[[0.18707763611914388,0.18919326312488724,0.18989851821973147,0.18919326312488724,0.18707763611914388],[0.18919326312488724,0.19129407039654464,0.19199909436527871,0.19129407039654464,0.18919326312488724],[0.18989851821973147,0.19199909436527871,0.19270404127625143,0.19199909436527871,0.18989851821973147],[0.18919326312488724,0.19129407039654464,0.19199909436527871,0.19129407039654464,0.18919326312488724],[0.18707763611914388,0.18919326312488724,0.18989851821973147,0.18919326312488724,0.18707763611914388]],[[0.19088460135586041,0.19299891867518609,0.19370374096257839,0.19299891867518609,0.19088460135586041],[0.19299891867518609,0.19509836861260013,0.19580294099877196,0.19509836861260013,0.19299891867518609],[0.19370374096257839,0.19580294099877196,0.19650743006758536,0.19580294099877196,0.19370374096257839],[0.19299891867518609,0.19509836861260013,0.19580294099877196,0.19509836861260013,0.19299891867518609],[0.19088460135586041,0.19299891867518609,0.19370374096257839,0.19299891867518609,0.19088460135586041]],[[0.19468911475683057,0.19680201616127788,0.19750637052638245,0.19680201616127788,0.19468911475683057],[0.19680201616127788,0.19889999881532272,0.19960408302864435,0.19889999881532272,0.19680201616127788],[0.19750637052638245,0.19960408302864435,0.20030807717309587,0.19960408302864435,0.19750637052638245],[0.19680201616127788,0.19889999881532272,0.19960408302864435,0.19889999881532272,0.19680201616127788],[0.19468911475683057,0.19680201616127788,0.19750637052638245,0.19680201616127788,0.19468911475683057]],[[0.19849097770518076,0.20060234863871507,0.201306197212714,0.20060234863871507,0.19849097770518076],[0.20060234863871507,0.20269874546059435,0.20340230204741616,0.20269874546059435,0.20060234863871507],[0.201306197212714,0.20340230204741616,0.20410576128547464,0.20340230204741616,0.201306197212714],[0.20060234863871507,0.20269874546059435,0.20340230204741616,0.20269874546059435,0.20060234863871507],[0.19849097770518076,0.20060234863871507,0.201306197212714,0.20060234863871507,0.19849097770518076]],[[0.20228997605024321,0.20439969301947117,0.20510299497741413,0.20439969301947117,0.20228997605024321],[0.20439969301947117,0.20649437623797964,0.20719736267343836,0.20649437623797964,0.20439969301947117],[0.20510299497741413,0.20719736267343836,0.20790024391348921,0.20719736267343836,0.20510299497741413],[0.20439969301947117,0.20649437623797964,0.20719736267343836,0.20649437623797964,0.20439969301947117],[0.20228997605024321,0.20439969301947117,0.20510299497741413,0.20439969301947117,0.20228997605024321]],[[0.2060858789826312,0.20819380891699793,0.20889652026565658,0.20819380891699793,0.2060858789826312],[0.20819380891699793,0.2102866408869809,0.21098901135741135,0.2102866408869809,0.20819380891699793],[0.20889652026565658,0.21098901135741135,0.21169126817885583,0.21098901135741135,0.20889652026565658],[0.20819380891699793,0.2102866408869809,0.21098901135741135,0.2102866408869809,0.20819380891699793],[0.2060858789826312,0.20819380891699793,0.20889652026565658,0.20819380891699793,0.2060858789826312]],[[0.20987843785725407,0.21198443744152659,0.21268651079789055,0.21198443744152659,0.20987843785725407],[0.21198443744152659,0.21407526996641488,0.2147769751429395,0.21407526996641488,0.21198443744152659],[0.21268651079789055,0.2147769751429395,0.21547855756814677,0.2147769751429395,0.21268651079789055],[0.21198443744152659,0.21407526996641488,0.2147769751429395,0.21407526996641488,0.21198443744152659],[0.20987843785725407,0.21198443744152659,0.21268651079789055,0.21198443744152659,0.20987843785725407]],[[0.21366738496939996,0.21577129995202665,0.2164726843135838,0.21577129995202665,0.21366738496939996],[0.21577129995202665,0.21785997358466158,0.21856096038931719,0.21785997358466158,0.21577129995202665],[0.2164726843135838,0.21856096038931719,0.21926181464836642,0.21856096038931719,0.2164726843135838],[0.21577129995202665,0.21785997358466158,0.21856096038931719,0.21785997358466158,0.21577129995202665],[0.21366738496939996,0.21577129995202665,0.2164726843135838,0.21577129995202665,0.21366738496939996]],[[0.21745243229158784,0.2195540967737461,0.22025473728215805,0.2195540967737461,0.21745243229158784],[0.2195540967737461,0.22164044010125789,0.22234065146753917,0.22164044010125789,0.2195540967737461],[0.22025473728215805,0.22234065146753917,0.22304071975771766,0.22234065146753917,0.22025473728215805],[0.2195540967737461,0.22164044010125789,0.22234065146753917,0.22164044010125789,0.2195540967737461],[0.21745243229158784,0.2195540967737461,0.22025473728215805,0.2195540967737461,0.21745243229158784]],[[0.22123327018138975,0.22333250589348122,0.22403234359379867,0.22333250589348122,0.22123327018138975],[0.22333250589348122,0.2254163348138212,0.22611570944411555,0.2254163348138212,0.22333250589348122],[0.22403234359379867,0.22611570944411555,0.22681492968676051,0.22611570944411555,0.22403234359379867],[0.22333250589348122,0.2254163348138212,0.22611570944411555,0.2254163348138212,0.22333250589348122],[0.22123327018138975,0.22333250589348122,0.22403234359379867,0.22333250589348122,0.22123327018138975]],[[0.22500956607405848,0.22710618164817034,0.22780515324634926,0.22710618164817034,0.22500956607405848],[0.22710618164817034,0.22918729864801035,0.22988577077109809,0.22918729864801035,0.22710618164817034],[0.22780515324634926,0.22988577077109809,0.23058407636909,0.22988577077109809,0.22780515324634926],[0.22710618164817034,0.22918729864801035,0.22988577077109809,0.22918729864801035,0.22710618164817034],[0.22500956607405848,0.22710618164817034,0.22780515324634926,0.22710618164817034,0.22500956607405848]],[[0.22878096317734703,0.23087475342661476,0.23157279104890285,0.23087475342661476,0.22878096317734703],[0.23087475342661476,0.23295294687277271,0.23365044600537818,0.23295294687277271,0.23087475342661476],[0.23157279104890285,0.23365044600537818,0.23434776560541309,0.23365044600537818,0.23157279104890285],[0.23087475342661476,0.23295294687277271,0.23365044600537818,0.23295294687277271,0.23087475342661476],[0.22878096317734703,0.23087475342661476,0.23157279104890285,0.23087475342661476,0.22878096317734703]],[[0.23254707919043965,0.23463782440875131,0.23533485536727553,0.23463782440875131,0.23254707919043965],[0.23463782440875131,0.23671286786797152,0.2374093185852279,0.23671286786797152,0.23463782440875131],[0.23533485536727553,0.2374093185852279,0.23810557584990788,0.2374093185852279,0.23533485536727553],[0.23463782440875131,0.23671286786797152,0.2374093185852279,0.23671286786797152,0.23463782440875131],[0.23254707919043965,0.23463782440875131,0.23533485536727553,0.23463782440875131,0.23254707919043965]],[[0.23630750507364892,0.23839497037190144,0.23909091694188347,0.23839497037190144,0.23630750507364892],[0.23839497037190144,0.240466621976791,0.24116194369749611,0.240466621976791,0.23839497037190144],[0.23909091694188347,0.24116194369749611,0.24185705709326305,0.24116194369749611,0.23909091694188347],[0.23839497037190144,0.240466621976791,0.24116194369749611,0.240466621976791,0.23839497037190144],[0.23630750507364892,0.23839497037190144,0.23909091694188347,0.23839497037190144,0.23630750507364892]],[[0.24006180390090143,0.24214573859917313,0.24284051781391233,0.24214573859917313,0.24006180390090143],[0.24214573859917313,0.24421374048110592,0.24490784727459941,0.24421374048110592,0.24214573859917313],[0.24284051781391233,0.24490784727459941,0.245601729882578,0.24490784727459941,0.24284051781391233],[0.24214573859917313,0.24421374048110592,0.24490784727459941,0.24421374048110592,0.24214573859917313],[0.24006180390090143,0.24214573859917313,0.24284051781391233,0.24214573859917313,0.24006180390090143]],[[0.24380950983245539,0.24588964693042065,0.246583170401547,0.24588964693042065,0.24380950983245539],[0.24588964693042065,0.24795372474341054,0.24864652516603361,0.24795372474341054,0.24588964693042065],[0.246583170401547,0.24864652516603361,0.24933908452389136,0.24864652516603361,0.246583170401547],[0.24588964693042065,0.24795372474341054,0.24864652516603361,0.24795372474341054,0.24588964693042065],[0.24380950983245539,0.24588964693042065,0.246583170401547,0.24588964693042065,0.24380950983245539]],[[0.24755012725099376,0.24962618300210285,0.25031835677332781,0.24962618300210285,0.24755012725099376],[0.24962618300210285,0.25168604556455282,0.25237744253457406,0.25168604556455282,0.24962618300210285],[0.25031835677332781,0.25237744253457406,0.25306858051850467,0.25237744253457406,0.25031835677332781],[0.24962618300210285,0.25168604556455282,0.25237744253457406,0.25168604556455282,0.24962618300210285],[0.24755012725099376,0.24962618300210285,0.25031835677332781,0.24962618300210285,0.24755012725099376]],[[0.25128313010948988,0.25335480372711833,0.25404552817091064,0.25335480372711833,0.25128313010948988],[0.25335480372711833,0.25541014281102525,0.25610003353187222,0.25541014281102525,0.25335480372711833],[0.25404552817091064,0.25610003353187222,0.25678964628868067,0.25610003353187222,0.25404552817091064],[0.25335480372711833,0.25541014281102525,0.25610003353187222,0.25541014281102525,0.25335480372711833],[0.25128313010948988,0.25335480372711833,0.25404552817091064,0.25335480372711833,0.25128313010948988]],[[0.25500796154395827,0.25707493507024637,0.2577641048374848,0.25707493507024637,0.25500796154395827],[0.25707493507024637,0.25912542536937194,0.25981370131165649,0.25912542536937194,0.25707493507024637],[0.2577641048374848,0.25981370131165649,0.26050167925157131,0.25981370131165649,0.2577641048374848],[0.25707493507024637,0.25912542536937194,0.25981370131165649,0.25912542536937194,0.25707493507024637],[0.25500796154395827,0.25707493507024637,0.2577641048374848,0.25707493507024637,0.25500796154395827]],[[0.258724033807827,0.26078597217735905,0.26147347621062617,0.26078597217735905,0.258724033807827],[0.26078597217735905,0.26283127148690827,0.26351781844011452,0.26283127148690827,0.26078597217735905],[0.26147347621062617,0.26351781844011452,0.26420404630127609,0.26351781844011452,0.26147347621062617],[0.26078597217735905,0.26283127148690827,0.26351781844011452,0.26283127148690827,0.26078597217735905],[0.258724033807827,0.26078597217735905,0.26147347621062617,0.26078597217735905,0.258724033807827]],[[0.26243072858631455,0.26448727991718235,0.26517300153860968,0.26448727991718235,0.26243072858631455],[0.26448727991718235,0.26652702955722024,0.26721172776189944,0.26652702955722024,0.26448727991718235],[0.26517300153860968,0.26721172776189944,0.26789608475733495,0.26721172776189944,0.26517300153860968],[0.26448727991718235,0.26652702955722024,0.26721172776189944,0.26652702955722024,0.26448727991718235],[0.26243072858631455,0.26448727991718235,0.26517300153860968,0.26448727991718235,0.26243072858631455]],[[0.26612739774890787,0.26817819389269348,0.2688620109767923,0.26817819389269348,0.26612739774890787],[0.26817819389269348,0.27021201940546741,0.27089474377611689,0.27021201940546741,0.26817819389269348],[0.2688620109767923,0.27089474377611689,0.27157710383330375,0.27089474377611689,0.2688620109767923],[0.26817819389269348,0.27021201940546741,0.27089474377611689,0.27021201940546741,0.26817819389269348],[0.26612739774890787,0.26817819389269348,0.2688620109767923,0.26817819389269348,0.26612739774890787]],[[0.26981336459399613,0.27185802197321829,0.27253980721441262,0.27185802197321829,0.26981336459399613],[0.27185802197321829,0.27388553412054,0.27456615456812072,0.27388553412054,0.27185802197321829],[0.27253980721441262,0.27456615456812072,0.27524638666983031,0.27456615456812072,0.27253980721441262],[0.27185802197321829,0.27388553412054,0.27456615456812072,0.27388553412054,0.27185802197321829],[0.26981336459399613,0.27185802197321829,0.27253980721441262,0.27185802197321829,0.26981336459399613]],[[0.27348792563306462,0.27552604638947292,0.27620566767224525,0.27552604638947292,0.27348792563306462],[0.27552604638947292,0.27754684246988992,0.27822522433083657,0.27754684246988992,0.27552604638947292],[0.27620566767224525,0.27822522433083657,0.278903192963766,0.27822522433083657,0.27620566767224525],[0.27552604638947292,0.27754684246988992,0.27822522433083657,0.27754684246988992,0.27552604638947292],[0.27348792563306462,0.27552604638947292,0.27620566767224525,0.27552604638947292,0.27348792563306462]],[[0.27715035294987589,0.27918152641936705,0.27985884729669153,0.27918152641936705,0.27715035294987589],[0.27918152641936705,0.28119519191609366,0.2818711964918621,0.28119519191609366,0.27918152641936705],[0.27985884729669153,0.2818711964918621,0.28254676220655206,0.2818711964918621,0.27985884729669153],[0.27918152641936705,0.28119519191609366,0.2818711964918621,0.28119519191609366,0.27918152641936705],[0.27715035294987589,0.27918152641936705,0.27985884729669153,0.27918152641936705,0.27715035294987589]],[[0.28079989715470127,0.28282370167495313,0.28349858195734945,0.28282370167495313,0.28079989715470127],[0.28282370167495313,0.28482981223431969,0.28550329744182984,0.28482981223431969,0.28282370167495313],[0.28349858195734945,0.28550329744182984,0.28617631752357109,0.28550329744182984,0.28349858195734945],[0.28282370167495313,0.28482981223431969,0.28550329744182984,0.28482981223431969,0.28282370167495313],[0.28079989715470127,0.28282370167495313,0.28349858195734945,0.28282370167495313,0.28079989715470127]],[[0.28443579093376736,0.28645179597821324,0.28712409243175119,0.28645179597821324,0.28443579093376736],[0.28645179597821324,0.28844991970516237,0.28912074083413281,0.28844991970516237,0.28645179597821324],[0.28712409243175119,0.28912074083413281,0.289791070080075,0.28912074083413281,0.28712409243175119],[0.28645179597821324,0.28844991970516237,0.28912074083413281,0.28844991970516237,0.28645179597821324],[0.28443579093376736,0.28645179597821324,0.28712409243175119,0.28645179597821324,0.28443579093376736]],[[0.28805725317012