{"M_cells":[[[0,0,0,0,0],[0,0,0,0,0],[0,0,0,0,0],[0,0,0,0,0],[0,0,0,0,0]],[[0.00040319791038852476,0.00096490732914561764,0.001131875343377785,0.00096490732914561764,0.00040319791038852476],[0.00096490732914561764,0.00193823137301021,0.0022358336913646131,0.00193823137301021,0.00096490732914561764],[0.001131875343377785,0.0022358336913646131,0.0025769804770733257,0.0022358336913646131,0.001131875343377785],[0.00096490732914561764,0.00193823137301021,0.0022358336913646131,0.0019382313730102103,0.00096490732914561764],[0.00040319791038852476,0.00096490732914561764,0.001131875343377785,0.00096490732914561764,0.00040319791038852476]],[[0.002043101577595444,0.0032656549193651823,0.0036483857264160346,0.0032656549193651823,0.002043101577595444],[0.0032656549193651823,0.0047762160290059823,0.0052605648893540745,0.0047762160290059823,0.0032656549193651823],[0.0036483857264160346,0.0052605648893540745,0.0057787891056144151,0.0052605648893540745,0.0036483857264160342],[0.0032656549193651823,0.0047762160290059823,0.0052605648893540745,0.0047762160290059823,0.0032656549193651823],[0.002043101577595444,0.0032656549193651823,0.0036483857264160342,0.0032656549193651823,0.002043101577595444]],[[0.0046522758300190795,0.0062905480696572522,0.0068185979241394742,0.0062905480696572522,0.0046522758300190795],[0.0062905480696572522,0.00808790842366885,0.0086774168364271223,0.00808790842366885,0.0062905480696572522],[0.0068185979241394742,0.0086774168364271223,0.0092874135523408636,0.0086774168364271223,0.0068185979241394742],[0.0062905480696572522,0.00808790842366885,0.0086774168364271223,0.0080879084236688513,0.0062905480696572522],[0.0046522758300190795,0.0062905480696572522,0.0068185979241394742,0.0062905480696572522,0.0046522758300190795]],[[0.0078300493044496672,0.0096990465721122458,0.010311101480706368,0.0096990465721122458,0.0078300493044496672],[0.0096990465721122458,0.011647255353722238,0.012293448167315684,0.011647255353722238,0.0096990465721122458],[0.010311101480706368,0.012293448167315684,0.01295102156946277,0.012293448167315684,0.010311101480706368],[0.0096990465721122458,0.011647255353722238,0.012293448167315684,0.011647255353722238,0.0096990465721122476],[0.0078300493044496672,0.0096990465721122458,0.010311101480706368,0.0096990465721122476,0.007830049304449669]],[[0.0113166318414093,0.013308591720224198,0.01396645064859009,0.013308591720224198,0.0113166318414093],[0.013308591720224198,0.015335603085293078,0.016011755893068594,0.015335603085293078,0.013308591720224198],[0.01396645064859009,0.016011755893068594,0.016694007376688223,0.016011755893068594,0.01396645064859009],[0.013308591720224198,0.015335603085293078,0.016011755893068594,0.015335603085293078,0.013308591720224198],[0.0113166318414093,0.013308591720224198,0.01396645064859009,0.013308591720224198,0.0113166318414093]],[[0.014966492023515477,0.01702300553091516,0.017705207379711412,0.01702300553091516,0.014966492023515477],[0.01702300553091516,0.019091071041877593,0.01978291934716046,0.019091071041877593,0.01702300553091516],[0.017705207379711412,0.01978291934716046,0.020477983521749885,0.01978291934716046,0.017705207379711412],[0.01702300553091516,0.019091071041877593,0.01978291934716046,0.019091071041877593,0.01702300553091516],[0.014966492023515477,0.01702300553091516,0.017705207379711412,0.01702300553091516,0.014966492023515477]],[[0.018701818698820261,0.020792036955548623,0.021487028623471988,0.020792036955548623,0.018701818698820261],[0.020792036955548623,0.022881485427885904,0.02358152880518348,0.022881485427885904,0.020792036955548623],[0.021487028623471988,0.02358152880518348,0.024283256287834509,0.02358152880518348,0.021487028623471988],[0.020792036955548623,0.022881485427885904,0.02358152880518348,0.022881485427885904,0.020792036955548623],[0.018701818698820261,0.020792036955548623,0.021487028623471988,0.020792036955548623,0.018701818698820261]],[[0.022481736065792037,0.024589533737696134,0.025291215569075692,0.024589533737696134,0.022481736065792037],[0.024589533737696134,0.026690139716847007,0.027394462227400291,0.026690139716847007,0.024589533737696134],[0.025291215569075692,0.027394462227400291,0.028099665070043543,0.027394462227400291,0.025291215569075692],[0.024589533737696134,0.026690139716847007,0.027394462227400291,0.026690139716847007,0.024589533737696134],[0.022481736065792037,0.024589533737696134,0.025291215569075692,0.024589533737696134,0.022481736065792037]],[[0.026284924667572047,0.028401908332393637,0.02910708911943248,0.028401908332393637,0.026284924667572047],[0.028401908332393637,0.0305083610985892,0.031214924728268423,0.0305083610985892,0.028401908332393637],[0.02910708911943248,0.031214924728268423,0.031921949360543413,0.031214924728268426,0.029107089119432484],[0.028401908332393637,0.0305083610985892,0.031214924728268426,0.0305083610985892,0.028401908332393637],[0.026284924667572047,0.028401908332393637,0.029107089119432484,0.028401908332393637,0.026284924667572047]],[[0.030100296571606004,0.03222210379632081,0.032929120770096042,0.03222210379632081,0.030100296571606004],[0.03222210379632081,0.034331644520858587,0.0350393896509192,0.034331644520858587,0.03222210379632081],[0.032929120770096042,0.0350393896509192,0.035747377528382293,0.0350393896509192,0.032929120770096042],[0.03222210379632081,0.034331644520858587,0.0350393896509192,0.034331644520858587,0.03222210379632081],[0.030100296571606004,0.03222210379632081,0.032929120770096042,0.03222210379632081,0.030100296571606004]],[[0.03392208919577995,0.036046452303144461,0.036754440211451085,0.036046452303144461,0.03392208919577995],[0.036046452303144461,0.038157645822548193,0.038866021183118271,0.038157645822548193,0.036046452303144461],[0.036754440211451085,0.038866021183118271,0.039574525709357371,0.038866021183118271,0.036754440211451085],[0.036046452303144461,0.038157645822548193,0.038866021183118271,0.038157645822548193,0.036046452303144461],[0.03392208919577995,0.036046452303144461,0.036754440211451085,0.036046452303144461,0.03392208919577995]],[[0.03774730524120809,0.039873043489524106,0.0405815517565001,0.039873043489524106,0.03774730524120809],[0.039873043489524106,0.041985140860222862,0.042693858943838391,0.041985140860222862,0.039873043489524106],[0.0405815517565001,0.042693858943838391,0.043402646974125159,0.042693858943838391,0.0405815517565001],[0.039873043489524106,0.041985140860222862,0.042693858943838391,0.041985140860222862,0.039873043489524106],[0.03774730524120809,0.039873043489524106,0.0405815517565001,0.039873043489524106,0.03774730524120809]],[[0.041574381736629293,0.043700877955662638,0.044409671240041068,0.043700877955662638,0.041574381736629293],[0.043700877955662638,0.045813485864509763,0.046522395917346464,0.045813485864509763,0.043700877955662638],[0.044409671240041068,0.046522395917346464,0.047231344897100729,0.046522395917346464,0.044409671240041068],[0.043700877955662638,0.045813485864509763,0.046522395917346464,0.045813485864509763,0.043700877955662638],[0.041574381736629293,0.043700877955662638,0.044409671240041068,0.043700877955662638,0.041574381736629293]],[[0.045402499239246094,0.047529428329219359,0.048238382897078,0.047529428329219359,0.045402499239246094],[0.047529428329219359,0.049642337696297396,0.050351359828512438,0.049642337696297396,0.047529428329219359],[0.048238382897078,0.050351359828512438,0.051060404484364087,0.050351359828512438,0.048238382897078],[0.047529428329219359,0.049642337696297396,0.050351359828512438,0.049642337696297396,0.047529428329219359],[0.045402499239246094,0.047529428329219359,0.048238382897078,0.047529428329219359,0.045402499239246094]],[[0.049231223556304486,0.05135841170406915,0.052067461652155748,0.05135841170406915,0.049231223556304486],[0.05135841170406915,0.053471508824476044,0.054180599841173009,0.053471508824476044,0.05135841170406915],[0.052067461652155748,0.054180599841173009,0.054889704548600642,0.054180599841173009,0.052067461652155748],[0.05135841170406915,0.053471508824476044,0.054180599841173009,0.053471508824476044,0.05135841170406915],[0.049231223556304486,0.05135841170406915,0.052067461652155748,0.05135841170406915,0.049231223556304486]],[[0.053060319975108419,0.055187671658432386,0.05589678102124751,0.055187671658432386,0.053060319975108419],[0.055187671658432386,0.057300892127648932,0.05801002781002,0.057300892127648932,0.055187671658432386],[0.05589678102124751,0.05801002781002,0.058719172266258411,0.05801002781002,0.05589678102124751],[0.055187671658432386,0.057300892127648932,0.05801002781002,0.057300892127648932,0.055187671658432386],[0.053060319975108419,0.055187671658432386,0.05589678102124751,0.055187671658432386,0.053060319975108419]],[[0.056889656936368528,0.059017117068882838,0.059726265351917586,0.059017117068882838,0.056889656936368528],[0.059017117068882838,0.061130421881739179,0.061839587795946581,0.061130421881739179,0.059017117068882838],[0.059726265351917586,0.061839587795946581,0.062548759587630037,0.061839587795946574,0.059726265351917579],[0.059017117068882838,0.061130421881739179,0.061839587795946574,0.061130421881739172,0.059017117068882838],[0.056889656936368528,0.059017117068882838,0.059726265351917579,0.059017117068882838,0.056889656936368528]],[[0.060719156069696065,0.06284669035892626,0.063555865032697945,0.06284669035892626,0.060719156069696065],[0.06284669035892626,0.064960053499493534,0.065669240225391251,0.064960053499493534,0.06284669035892626],[0.063555865032697945,0.065669240225391251,0.066378430968948368,0.065669240225391251,0.063555865032697945],[0.06284669035892626,0.064960053499493534,0.065669240225391251,0.064960053499493534,0.06284669035892626],[0.060719156069696065,0.06284669035892626,0.063555865032697945,0.06284669035892626,0.060719156069696065]],[[0.06454876625671474,0.066676351000546114,0.067385543602461517,0.066676351000546114,0.06454876625671474],[0.066676351000546114,0.068789752986184907,0.0694989536364157,0.068789752986184907,0.066676351000546114],[0.067385543602461517,0.0694989536364157,0.070208156969634991,0.0694989536364157,0.067385543602461517],[0.066676351000546114,0.068789752986184907,0.0694989536364157,0.068789752986184907,0.066676351000546114],[0.06454876625671474,0.066676351000546114,0.067385543602461517,0.066676351000546114,0.06454876625671474]],[[0.068378450145002032,0.070506066918516658,0.07121527102427655,0.070506066918516658,0.068378450145002032],[0.070506066918516658,0.072619491428382033,0.073328700354068688,0.072619491428382033,0.070506066918516658],[0.07121527102427655,0.073328700354068688,0.07403791088658207,0.073328700354068688,0.07121527102427655],[0.070506066918516658,0.072619491428382033,0.073328700354068688,0.072619491428382033,0.070506066918516658],[0.068378450145002032,0.070506066918516658,0.07121527102427655,0.070506066918516658,0.068378450145002032]],[[0.072208177112400379,0.074335809987777127,0.0750450201512482,0.074335809987777127,0.072208177112400379],[0.074335809987777127,0.0764492420883258,0.077158454199222251,0.0764492420883258,0.074335809987777127],[0.0750450201512482,0.077158454199222251,0.077867666959431092,0.077158454199222251,0.0750450201512482],[0.074335809987777127,0.0764492420883258,0.077158454199222251,0.0764492420883258,0.074335809987777127],[0.072208177112400379,0.074335809987777127,0.0750450201512482,0.074335809987777127,0.072208177112400379]],[[0.07603791957155305,0.078165553649093764,0.078874764843555129,0.078165553649093764,0.07603791957155305],[0.078165553649093764,0.0802789788455027,0.080988189248014264,0.0802789788455027,0.078165553649093764],[0.078874764843555129,0.080988189248014264,0.081697399386709432,0.080988189248014264,0.078874764843555129],[0.078165553649093764,0.0802789788455027,0.080988189248014264,0.0802789788455027,0.078165553649093764],[0.07603791957155305,0.078165553649093764,0.078874764843555129,0.078165553649093764,0.07603791957155305]],[[0.079867651002353768,0.081995271619181742,0.082704478937841885,0.081995271619181742,0.079867651002353768],[0.081995271619181742,0.084108675332868116,0.084817879132177171,0.084108675332868116,0.081995271619181742],[0.082704478937841885,0.084817879132177171,0.085527081758537724,0.084817879132177171,0.082704478937841885],[0.081995271619181742,0.084108675332868116,0.084817879132177171,0.084108675332868116,0.081995271619181742],[0.079867651002353768,0.081995271619181742,0.082704478937841885,0.081995271619181742,0.079867651002353768]],[[0.083697344876481533,0.085824937164375531,0.086534135654543209,0.085824937164375531,0.083697344876481533],[0.085824937164375531,0.087938304429194647,0.088647496615712057,0.087938304429194647,0.085824937164375531],[0.086534135654543209,0.088647496615712057,0.089356686701186266,0.088647496615712057,0.086534135654543209],[0.085824937164375531,0.087938304429194647,0.088647496615712057,0.087938304429194647,0.085824937164375531],[0.083697344876481533,0.085824937164375531,0.086534135654543209,0.085824937164375531,0.083697344876481533]],[[0.087526974040298314,0.0896545226622605,0.090363707228075,0.0896545226622605,0.087526974040298314],[0.0896545226622605,0.0917678379317035,0.092477013310455436,0.0917678379317035,0.0896545226622605],[0.090363707228075,0.092477013310455436,0.093186185627033652,0.092477013310455436,0.090363707228075],[0.0896545226622605,0.0917678379317035,0.092477013310455436,0.0917678379317035,0.0896545226622605],[0.087526974040298314,0.0896545226622605,0.090363707228075,0.0896545226622605,0.087526974040298314]],[[0.091356510331165555,0.0934839993081484,0.094193164648006381,0.0934839993081484,0.091356510331165555],[0.0934839993081484,0.095597246317513374,0.096306399458925662,0.095597246317513374,0.0934839993081484],[0.094193164648006381,0.096306399458925662,0.0970155485343784,0.096306399458925662,0.094193164648006381],[0.0934839993081484,0.095597246317513374,0.096306399458925662,0.095597246317513374,0.0934839993081484],[0.091356510331165555,0.0934839993081484,0.094193164648006381,0.0934839993081484,0.091356510331165555]],[[0.095185924310087711,0.097313336891787366,0.098022477452904336,0.097313336891787366,0.095185924310087711],[0.097313336891787366,0.0994264985460852,0.10013562374694707,0.0994264985460852,0.097313336891787366],[0.098022477452904336,0.10013562374694707,0.10084474382792276,0.10013562374694707,0.098022477452904336],[0.097313336891787366,0.0994264985460852,0.10013562374694707,0.0994264985460852,0.097313336891787366],[0.095185924310087711,0.097313336891787366,0.098022477452904336,0.097313336891787366,0.095185924310087711]],[[0.099015185049673438,0.10114250360528318,0.10185161354615903,0.10114250360528318,0.099015185049673438],[0.10114250360528318,0.1032555618774825,0.103964653126186,0.1032555618774825,0.10114250360528318],[0.10185161354615903,0.103964653126186,0.10467373814437525,0.103964653126186,0.10185161354615903],[0.10114250360528318,0.1032555618774825,0.103964653126186,0.1032555618774825,0.10114250360528318],[0.099015185049673438,0.10114250360528318,0.10185161354615903,0.10114250360528318,0.099015185049673438]],[[0.1028442599453446,0.10497146586153691,0.10568053901749032,0.10497146586153691,0.1028442599453446],[0.10497146586153691,0.10708440169293694,0.10779345263585631,0.10708440169293694,0.10497146586153691],[0.10568053901749032,0.10779345263585631,0.10850249617465292,0.10779345263585631,0.10568053901749032],[0.10497146586153691,0.10708440169293694,0.10779345263585631,0.10708440169293694,0.10497146586153691],[0.1028442599453446,0.10497146586153691,0.10568053901749032,0.10497146586153691,0.1028442599453446]],[[0.106673114532778,0.10880018811204029,0.10950921796123382,0.10880018811204029,0.106673114532778],[0.10880018811204029,0.11091298131025475,0.11162198521756023,0.11091298131025475,0.10880018811204029],[0.10950921796123382,0.11162198521756023,0.11233098047780495,0.11162198521756023,0.10950921796123382],[0.10880018811204029,0.11091298131025475,0.11162198521756023,0.11091298131025475,0.10880018811204029],[0.106673114532778,0.10880018811204029,0.10950921796123382,0.10880018811204029,0.106673114532778]],[[0.11050171230225343,0.11262863265779553,0.11333761228629348,0.11262863265779553,0.11050171230225343],[0.11262863265779553,0.11474126178972982,0.11545021151965044,0.11474126178972982,0.11262863265779553],[0.11333761228629348,0.11545021151965044,0.11615915128362846,0.11545021151965044,0.11333761228629348],[0.11262863265779553,0.11474126178972982,0.11545021151965044,0.11474126178972982,0.11262863265779553],[0.11050171230225343,0.11262863265779553,0.11333761228629348,0.11262863265779553,0.11050171230225343]],[[0.11433001450460033,0.1164567594495412,0.11716568151459358,0.1164567594495412,0.11433001450460033],[0.1164567594495412,0.11856920172772163,0.11927808968866005,0.11856920172772163,0.1164567594495412],[0.11716568151459358,0.11927808968866005,0.11998696628182624,0.11927808968866005,0.11716568151459358],[0.1164567594495412,0.11856920172772163,0.11927808968866005,0.11856920172772163,0.1164567594495412],[0.11433001450460033,0.1164567594495412,0.11716568151459358,0.1164567594495412,0.11433001450460033]],[[0.11815797994545973,0.12028452587483879,0.12099338256582512,0.12028452587483879,0.11815797994545973],[0.12028452587483879,0.1223967570359254,0.12310557514600104,0.1223967570359254,0.12028452587483879],[0.12099338256582512,0.12310557514600104,0.12381438039605615,0.12310557514600104,0.12099338256582512],[0.12028452587483879,0.1223967570359254,0.12310557514600104,0.1223967570359254,0.12028452587483879],[0.11815797994545973,0.12028452587483879,0.12099338256582512,0.12028452587483879,0.11815797994545973]],[[0.12198556476561213,0.12411188653013815,0.1248206695268029,0.12411188653013815,0.12198556476561212],[0.12411188653013815,0.12622388070469481,0.12693262034839431,0.12622388070469481,0.12411188653013815],[0.1248206695268029,0.12693262034839431,0.12764134554140724,0.12693262034839431,0.12482066952680289],[0.12411188653013815,0.12622388070469481,0.12693262034839431,0.12622388070469484,0.12411188653013816],[0.12198556476561212,0.12411188653013815,0.12482066952680289,0.12411188653013816,0.12198556476561212]],[[0.12581272220559675,0.1279387929762216,0.12864749340394949,0.1279387929762216,0.12581272220559675],[0.1279387929762216,0.1300505225489352,0.13075917453060226,0.1300505225489352,0.1279387929762216],[0.12864749340394949,0.13075917453060226,0.13146781036390473,0.13075917453060226,0.12864749340394949],[0.1279387929762216,0.1300505225489352,0.13075917453060226,0.1300505225489352,0.12793879297622163],[0.12581272220559675,0.1279387929762216,0.12864749340394949,0.12793879297622163,0.12581272220559675]],[[0.12963940235311563,0.13176519347565063,0.13247380185735153,0.13176519347565063,0.12963940235311563],[0.13176519347565063,0.1338766289351748,0.134585183429035,0.1338766289351748,0.13176519347565063],[0.13247380185735153,0.134585183429035,0.13529371996062617,0.134585183429035,0.13247380185735153],[0.13176519347565063,0.1338766289351748,0.134585183429035,0.1338766289351748,0.13176519347565063],[0.12963940235311563,0.13176519347565063,0.13247380185735153,0.13176519347565063,0.12963940235311563]],[[0.1334655518717309,0.13559103271068756,0.13629953891521565,0.13559103271068756,0.1334655518717309],[0.13559103271068756,0.13770214248837925,0.13841058898488481,0.13770214248837925,0.13559103271068756],[0.13629953891521565,0.13841058898488481,0.1391190155790849,0.13841058898488481,0.13629953891521565],[0.13559103271068756,0.13770214248837925,0.13841058898488481,0.13770214248837925,0.13559103271068756],[0.1334655518717309,0.13559103271068756,0.13629953891521565,0.13559103271068756,0.1334655518717309]],[[0.13729111370951752,0.1394162514803855,0.1401246446670949,0.1394162514803855,0.13729111370951752],[0.1394162514803855,0.14152700177710772,0.14223532902530375,0.14152700177710772,0.1394162514803855],[0.1401246446670949,0.14223532902530375,0.14294363429439016,0.14223532902530375,0.1401246446670949],[0.1394162514803855,0.14152700177710772,0.14223532902530375,0.14152700177710772,0.1394162514803855],[0.13729111370951752,0.1394162514803855,0.1401246446670949,0.1394162514803855,0.13729111370951752]],[[0.1411160267861549,0.14324078637531859,0.14394905493454113,0.14324078637531859,0.1411160267861549],[0.14324078637531859,0.14535114097552318,0.14605933692117959,0.14535114097552318,0.14324078637531859],[0.14394905493454113,0.14605933692117959,0.14676750866273719,0.14605933692117959,0.14394905493454113],[0.14324078637531859,0.14535114097552318,0.14605933692117959,0.14535114097552318,0.14324078637531859],[0.1411160267861549,0.14324078637531859,0.14394905493454113,0.14324078637531859,0.1411160267861549]],[[0.14494022565704023,0.14706456942852855,0.14777270091769568,0.14706456942852855,0.14494022565704023],[0.14706456942852855,0.14917448950079823,0.14988254122003203,0.14917448950079823,0.14706456942852855],[0.14777270091769568,0.14988254122003203,0.15059056634974188,0.14988254122003203,0.14777270091769568],[0.14706456942852855,0.14917448950079823,0.14988254122003203,0.14917448950079823,0.14706456942852855],[0.14494022565704023,0.14706456942852855,0.14777270091769568,0.14706456942852855,0.14494022565704023]],[[0.148763640152961,0.15088752774117931,0.15159550881631478,0.15088752774117931,0.148763640152961],[0.15088752774117931,0.15299697162440828,0.15370486525252172,0.15299697162440828,0.15088752774117931],[0.15159550881631478,0.15370486525252172,0.15441272973211467,0.15370486525252172,0.15159550881631478],[0.15088752774117931,0.15299697162440828,0.15370486525252172,0.15299697162440828,0.15088752774117931],[0.148763640152961,0.15088752774117931,0.15159550881631478,0.15088752774117931,0.148763640152961]],[[0.15258619499381179,0.15470958308148716,0.15541739942374982,0.15470958308148716,0.15258619499381179],[0.15470958308148716,0.15681850605587855,0.15752622671112709,0.15681850605587855,0.15470958308148716],[0.15541739942374982,0.15752622671112709,0.15823391547122692,0.15752622671112709,0.15541739942374982],[0.15470958308148716,0.15681850605587855,0.15752622671112709,0.15681850605587855,0.15470958308148716],[0.15258619499381179,0.15470958308148716,0.15541739942374982,0.15470958308148716,0.15258619499381179]],[[0.15640780937489882,0.15853065145534292,0.15923828769248141,0.15853065145534292,0.15640780937489882],[0.15853065145534292,0.16063900549745619,0.161346537199514,0.16063900549745619,0.15853065145534292],[0.15923828769248141,0.161346537199514,0.16205403405710625,0.161346537199514,0.15923828769248141],[0.15853065145534292,0.16063900549745619,0.161346537199514,0.16063900549745619,0.15853065145534292],[0.15640780937489882,0.15853065145534292,0.15923828769248141,0.15853065145534292,0.15640780937489882]],[[0.16022839652441315,0.16235064264740559,0.163058082269694,0.16235064264740559,0.16022839652441315],[0.16235064264740559,0.16445837616847256,0.16516570175129938,0.16445837616847256,0.16235064264740559],[0.163058082269694,0.16516570175129938,0.16587298932157532,0.16516570175129938,0.163058082269694],[0.16235064264740559,0.16445837616847256,0.16516570175129938,0.16445837616847256,0.16235064264740559],[0.16022839652441315,0.16235064264740559,0.163058082269694,0.16235064264740559,0.16022839652441315]],[[0.16404786323068013,0.16616945973122149,0.16687668500174863,0.16616945973122149,0.16404786323068013],[0.16616945973122149,0.16827651729807253,0.16898361831697969,0.16827651729807253,0.16616945973122149],[0.16687668500174863,0.16898361831697969,0.16969067791932815,0.16898361831697969,0.16687668500174863],[0.16616945973122149,0.16827651729807253,0.16898361831697969,0.16827651729807253,0.16616945973122149],[0.16404786323068013,0.16616945973122149,0.16687668500174863,0.16616945973122149,0.16404786323068013]],[[0.16786610933801885,0.16998699854731267,0.1706939904063533,0.16998699854731267,0.16786610933801885],[0.16998699854731267,0.17209332058532795,0.1728001772180334,0.17209332058532795,0.16998699854731267],[0.1706939904063533,0.1728001772180334,0.17350698877599019,0.1728001772180334,0.1706939904063533],[0.16998699854731267,0.17209332058532795,0.1728001772180334,0.17209332058532795,0.16998699854731267],[0.16786610933801885,0.16998699854731267,0.1706939904063533,0.16998699854731267,0.16786610933801885]],[[0.17168302721009435,0.17380314714822909,0.17450988511159671,0.17380314714822909,0.17168302721009435],[0.17380314714822909,0.17590866962590174,0.176615260567442,0.17590866962590174,0.17380314714822909],[0.17450988511159671,0.176615260567442,0.17732180250245486,0.176615260567442,0.17450988511159671],[0.17380314714822909,0.17590866962590174,0.176615260567442,0.17590866962590174,0.17380314714822909],[0.17168302721009435,0.17380314714822909,0.17450988511159671,0.17380314714822909,0.17168302721009435]],[[0.17549850116006166,0.1776177852100983,0.17832424726122748,0.1776177852100983,0.17549850116006166],[0.1776177852100983,0.17972243930494392,0.18042874165632433,0.17972243930494392,0.1776177852100983],[0.17832424726122748,0.18042874165632433,0.18113499077525952,0.18042874165632433,0.17832424726122748],[0.1776177852100983,0.17972243930494392,0.18042874165632433,0.17972243930494392,0.1776177852100983],[0.17549850116006166,0.1776177852100983,0.17832424726122748,0.1776177852100983,0.17549850116006166]],[[0.17931240684701458,0.18143078341029772,0.1821369458861555,0.18143078341029772,0.17931240684701458],[0.18143078341029772,0.18353449515617248,0.18424048430679088,0.18353449515617248,0.18143078341029772],[0.1821369458861555,0.18424048430679088,0.18494641568319412,0.18424048430679088,0.1821369458861555],[0.18143078341029772,0.18353449515617248,0.18424048430679088,0.18353449515617248,0.18143078341029772],[0.17931240684701458,0.18143078341029772,0.1821369458861555,0.18143078341029772,0.17931240684701458]],[[0.18312461063879965,0.18524200277173589,0.18594784024248079,0.18524200277173589,0.18312461063879965],[0.18524200277173589,0.18734469268788964,0.18805034219180916,0.18734469268788964,0.18524200277173589],[0.18594784024248079,0.18805034219180916,0.18875592904104882,0.18805034219180916,0.18594784024248079],[0.18524200277173589,0.18734469268788964,0.18805034219180916,0.18734469268788964,0.18524200277173589],[0.18312461063879965,0.18524200277173589,0.18594784024248079,0.18524200277173589,0.18312461063879965]],[[0.18693496894189476,0.18905129397466058,0.18975677911732755,0.18905129397466058,0.18693496894189476],[0.18905129397466058,0.19115287667733705,0.19185815812367898,0.19115287667733705,0.18905129397466058],[0.18975677911732755,0.19185815812367898,0.19256337167224347,0.19185815812367898,0.18975677911732755],[0.18905129397466058,0.19115287667733705,0.19185815812367898,0.19115287667733705,0.18905129397466058],[0.18693496894189476,0.18905129397466058,0.18975677911732755,0.18905129397466058,0.18693496894189476]],[[0.19074332749960166,0.19285849663795088,0.19356360010440185,0.19285849663795088,0.19074332749960166],[0.19285849663795088,0.19495888043582815,0.19566376331368779,0.19495888043582815,0.19285849663795088],[0.19356360010440185,0.19566376331368779,0.19636857266308794,0.19566376331368779,0.19356360010440185],[0.19285849663795088,0.19495888043582815,0.19566376331368779,0.19495888043582815,0.19285849663795088],[0.19074332749960166,0.19285849663795088,0.19356360010440185,0.19285849663795088,0.19074332749960166]],[[0.19454952066116663,0.19666343857281893,0.1973681288525066,0.19666343857281893,0.19454952066116663],[0.19666343857281893,0.19876252504826616,0.19946697660678936,0.19876252504826616,0.19666343857281893],[0.1973681288525066,0.19946697660678936,0.20017134859274022,0.19946697660678936,0.1973681288525066],[0.19666343857281893,0.19876252504826616,0.19946697660678936,0.19876252504826616,0.19666343857281893],[0.19454952066116663,0.19666343857281893,0.1973681288525066,0.19666343857281893,0.19454952066116663]],[[0.19835337062513719,0.20046593501313478,0.20117017829146541,0.20046593501313478,0.19835337062513719],[0.20046593501313478,0.20256361859205951,0.2032676036965872,0.20256361859205951,0.20046593501313478],[0.20117017829146541,0.2032676036965872,0.203971502744413,0.2032676036965872,0.20117017829146541],[0.20046593501313478,0.20256361859205951,0.2032676036965872,0.20256361859205951,0.20046593501313478],[0.19835337062513719,0.20046593501313478,0.20117017829146541,0.20046593501313478,0.19835337062513719]],[[0.202154686662051,0.20426578782832874,0.20496954784161112,0.20426578782832874,0.202154686662051],[0.20426578782832874,0.20636195534232596,0.20706543632780469,0.20636195534232596,0.20426578782832874],[0.20496954784161112,0.20706543632780469,0.20776882430533605,0.20706543632780469,0.20496954784161112],[0.20426578782832874,0.20636195534232596,0.20706543632780469,0.20636195534232596,0.20426578782832874],[0.202154686662051,0.20426578782832874,0.20496954784161112,0.20426578782832874,0.202154686662051]],[[0.20595326432315547,0.2080627847266015,0.20876602261495161,0.2080627847266015,0.20595326432315547],[0.2080627847266015,0.2101573149722662,0.21086025149550741,0.2101573149722662,0.2080627847266015],[0.20876602261495161,0.21086025149550741,0.21156308756512593,0.21086025149550741,0.20876602261495161],[0.2080627847266015,0.2101573149722662,0.21086025149550741,0.2101573149722662,0.2080627847266015],[0.20595326432315547,0.2080627847266015,0.20876602261495161,0.2080627847266015,0.20595326432315547]],[[0.2097488846439011,0.21185669845831598,0.21255937261837524,0.21185669845831598,0.2097488846439011],[0.21185669845831598,0.21394946175993337,0.21465181065276645,0.21394946175993337,0.21185669845831598],[0.21255937261837524,0.21465181065276645,0.21535405112470257,0.21465181065276645,0.21255937261837524],[0.21185669845831598,0.21394946175993337,0.21465181065276645,0.21394946175993337,0.21185669845831598],[0.2097488846439011,0.21185669845831598,0.21255937261837524,0.21185669845831598,0.2097488846439011]],[[0.21354131335335527,0.21564728603232794,0.21634935197199753,0.21564728603232794,0.21354131335335527],[0.21564728603232794,0.21773814381566733,0.21843985894150858,0.21773814381566733,0.21564728603232794],[0.21634935197199753,0.21843985894150858,0.21914145713102126,0.21843985894150858,0.21634935197199753],[0.21564728603232794,0.21773814381566733,0.21843985894150858,0.21773814381566733,0.21564728603232794],[0.21354131335335527,0.21564728603232794,0.21634935197199753,0.21564728603232794,0.21354131335335527]],[[0.2173303001034905,0.21943428796077627,0.22013569815870759,0.21943428796077627,0.2173303001034905],[0.21943428796077627,0.22152309234746625,0.22222412446440154,0.22152309234746625,0.21943428796077627],[0.22013569815870759,0.22222412446440154,0.22292503055605994,0.22222412446440154,0.22013569815870759],[0.21943428796077627,0.22152309234746625,0.22222412446440154,0.22152309234746625,0.21943428796077627],[0.2173303001034905,0.21943428796077627,0.22013569815870759,0.21943428796077627,0.2173303001034905]],[[0.22111557773543092,0.22321742755118903,0.22391813132458269,0.22321742755118903,0.22111557773543092],[0.22321742755118903,0.22530402098515243,0.22600431761933565,0.22530402098515243,0.22321742755118903],[0.22391813132458269,0.22600431761933565,0.22670447854228173,0.22600431761933565,0.22391813132458269],[0.22321742755118903,0.22530402098515243,0.22600431761933565,0.22530402098515243,0.22321742755118903],[0.22111557773543092,0.22321742755118903,0.22391813132458269,0.22321742755118903,0.22111557773543092]],[[0.22489686160323863,0.22699641026870002,0.22769635365331944,0.22699641026870002,0.22489686160323863],[0.22699641026870002,0.22908062518818167,0.22978013052196949,0.22908062518818167,0.22699641026870002],[0.22769635365331944,0.22978013052196949,0.2304794898407613,0.22978013052196949,0.22769635365331944],[0.22699641026870002,0.22908062518818167,0.22978013052196949,0.22908062518818167,0.22699641026870002],[0.22489686160323863,0.22699641026870002,0.22769635365331944,0.22699641026870002,0.22489686160323863]],[[0.22867384897967491,0.23077092319486411,0.23147004884220768,0.23077092319486411,0.22867384897967491],[0.23077092319486411,0.23285258176592025,0.23355123654600318,0.23285258176592025,0.23077092319486411],[0.23147004884220768,0.23355123654600318,0.23424973437239807,0.23355123654600318,0.23147004884220768],[0.23077092319486411,0.23285258176592025,0.23355123654600318,0.23285258176592025,0.23077092319486411],[0.22867384897967491,0.23077092319486411,0.23147004884220768,0.23077092319486411,0.22867384897967491]],[[0.23244621857245668,0.23454063461399252,0.2352388817110925,0.23454063461399252,0.23244621857245668],[0.23454063461399252,0.23661954854357237,0.23731729001507218,0.23661954854357237,0.23454063461399252],[0.2352388817110925,0.23731729001507218,0.23801486294688975,0.23731729001507218,0.2352388817110925],[0.23454063461399252,0.23661954854357237,0.23731729001507218,0.23661954854357237,0.23454063461399252],[0.23244621857245668,0.23454063461399252,0.2352388817110925,0.23454063461399252,0.23244621857245668]],[[0.23621363018364969,0.23830519376187356,0.2390024979801294,0.23830519376187356,0.23621363018364969],[0.23830519376187356,0.24038116421092809,0.24107792608423773,0.24038116421092809,0.23830519376187356],[0.2390024979801294,0.24107792608423773,0.24177450717820256,0.24107792608423773,0.2390024979801294],[0.23830519376187356,0.24038116421092809,0.24107792608423773,0.24038116421092809,0.23830519376187356],[0.23621363018364969,0.23830519376187356,0.2390024979801294,0.23830519376187356,0.23621363018364969]],[[0.2399757245488563,0.24206423077582517,0.24276052425591538,0.24206423077582517,0.2399757245488563],[0.24206423077582517,0.24413704839492287,0.24483276085274241,0.24413704839492287,0.24206423077582517],[0.24276052425591538,0.24483276085274241,0.24552827963889412,0.24483276085274241,0.24276052425591538],[0.24206423077582517,0.24413704839492287,0.24483276085274241,0.24413704839492287,0.24206423077582517],[0.2399757245488563,0.24206423077582517,0.24276052425591538,0.24206423077582517,0.2399757245488563]],[[0.24373212339681563,0.24581735688852047,0.24651256826907572,0.24581735688852047,0.24373212339681563],[0.24581735688852047,0.24788680200011681,0.24858139175271129,0.24788680200011681,0.24581735688852047],[0.24651256826907572,0.24858139175271129,0.24927577429852346,0.24858139175271129,0.24651256826907572],[0.24581735688852047,0.24788680200011681,0.24858139175271129,0.24788680200011681,0.24581735688852047],[0.24373212339681563,0.24581735688852047,0.24651256826907572,0.24581735688852047,0.24373212339681563]],[[0.24748242977267051,0.24956416491023459,0.25025821940853077,0.24956416491023456,0.24748242977267051],[0.24956416491023459,0.25163000786281048,0.25232339825991457,0.25163000786281048,0.24956416491023456],[0.25025821940853077,0.25232339825991457,0.25301656729260313,0.25232339825991457,0.25025821940853077],[0.24956416491023456,0.25163000786281048,0.25232339825991457,0.25163000786281048,0.24956416491023459],[0.24748242977267051,0.24956416491023456,0.25025821940853077,0.24956416491023459,0.24748242977267051]],[[0.2512262286703,0.25330423004561914,0.25399704959868447,0.25330423004561914,0.2512262286703],[0.25330423004561914,0.25536623176501744,0.25605834297286767,0.25536623176501744,0.25330423004561914],[0.25399704959868447,0.25605834297286767,0.25675021806839793,0.25605834297286767,0.25399704959868447],[0.25330423004561914,0.25536623176501744,0.25605834297286767,0.25536623176501744,0.25330423004561914],[0.2512262286703,0.25330423004561914,0.25399704959868447,0.25330423004561914,0.2512262286703]],[[0.254963088019296,0.2570371110900771,0.25772861456461732,0.2570371110900771,0.254963088019296],[0.2570371110900771,0.25909502385232791,0.25978577310401962,0.25909502385232791,0.2570371110900771],[0.25772861456461732,0.25978577310401962,0.26047627095094011,0.25978577310401962,0.25772861456461732],[0.2570371110900771,0.25909502385232791,0.25978577310401962,0.25909502385232791,0.2570371110900771],[0.254963088019296,0.2570371110900771,0.25772861456461732,0.2570371110900771,0.254963088019296]],[[0.25869256007017494,0.26076235204771486,0.26145245552654434,0.26076235204771486,0.25869256007017494],[0.26076235204771486,0.26281592049502106,0.26350522242153851,0.26281592049502106,0.26076235204771486],[0.26145245552654434,0.26350522242153851,0.2641942571668785,0.26350522242153851,0.26145245552654434],[0.26076235204771486,0.26281592049502106,0.26350522242153851,0.26281592049502106,0.26076235204771486],[0.25869256007017494,0.26076235204771486,0.26145245552654434,0.26076235204771486,0.25869256007017494]],[[0.26241418321700555,0.264479484206452,0.265168101358393,0.264479484206452,0.26241418321700555],[0.264479484206452,0.26652844662373743,0.267216213671702,0.26652844662373743,0.264479484206452],[0.265168101358393,0.267216213671702,0.2679036973546649,0.267216213671702,0.265168101358393],[0.264479484206452,0.26652844662373743,0.267216213671702,0.26652844662373743,0.264479484206452],[0.26241418321700555,0.264479484206452,0.265168101358393,0.264479484206452,0.26241418321700555]],[[0.26612748428861621,0.26818802869637448,0.26887507123444981,0.26818802869637448,0.26612748428861621],[0.26818802869637448,0.27023211855931617,0.27091826149932335,0.27023211855931617,0.26818802869637448],[0.26887507123444981,0.27091826149932335,0.27160410457634382,0.27091826149932335,0.26887507123444981],[0.26818802869637448,0.27023211855931617,0.27091826149932335,0.27023211855931617,0.26818802869637448],[0.26612748428861621,0.26818802869637448,0.26887507123444981,0.26818802869637448,0.26612748428861621]],[[0.26983198132834735,0.27188749954377739,0.27257287777457018,0.27188749954377739,0.26983198132834735],[0.27188749954377739,0.2739264473409076,0.27461087586769356,0.2739264473409076,0.27188749954377739],[0.27257287777457018,0.27461087586769356,0.27529498782953676,0.27461087586769356,0.27257287777457018],[0.27188749954377739,0.2739264473409076,0.27461087586769356,0.2739264473409076,0.27188749954377739],[0.26983198132834735,0.27188749954377739,0.27257287777457018,0.27188749954377739,0.26983198132834735]],[[0.27352718686716671,0.27557740721642576,0.27626103068014934,0.27557740721642576,0.27352718686716671],[0.27557740721642576,0.27761094253735619,0.27829356595952137,0.27761094253735619,0.27557740721642576],[0.27626103068014934,0.27829356595952137,0.27897585603755837,0.27829356595952137,0.27626103068014934],[0.27557740721642576,0.27761094253735619,0.27829356595952137,0.27761094253735619,0.27557740721642576],[0.27352718686716671,0.27557740721642576,0.27626103068014934,0.27557740721642576,0.27352718686716671]],[[0.277212611676262,0.2792572626347356,0.27993904083198362,0.2792572626347356,0.277212611676262],[0.2792572626347356,0.28128511650440718,0.28196584451745077,0.28128511650440718,0.2792572626347356],[0.27993904083198362,0.28196584451745077,0.28264622247212151,0.28196584451745077,0.27993904083198362],[0.2792572626347356,0.28128511650440718,0.28196584451745077,0.28128511650440718,0.2792572626347356],[0.277212611676262,0.2792572626347356,0.27993904083198362,0.2792572626347356,0.277212611676262]],[[0.28088776896346868,0.2829265816005353,0.2836064247974962,0.2829265816005353,0.28088776896346868],[0.2829265816005353,0.284948489026059,0.28562723255804889,0.284948489026059,0.2829265816005353],[0.2836064247974962,0.28562723255804889,0.28630560953801759,0.28562723255804889,0.2836064247974962],[0.2829265816005353,0.284948489026059,0.28562723255804889,0.284948489026059,0.2829265816005353],[0.28088776896346868,0.2829265816005353,0.2836064247974962,0.2829265816005353,0.28088776896346868]],[[0.28455217895408452,0.28658488957035649,0.28726270966971251,0.28658488957035649,0.28455217895408452],[0.28658488957035649,0.28860059225325957,0.289277264367858,0.28860059225325957,0.28658488957035649],[0.28726270966971251,0.289277264367858,0.28995355382374766,0.289277264367858,0.28726270966971251],[0.28658488957035649,0.28860059225325957,0.289277264367858,0.28860059225325957,0.28658488957035649],[0.28455217895408452,0.28658488957035649,0.28726270966971251,0.28658488957035649,0.28455217895408452]],[[0.28820537377207078,0.29023172667571534,0.29090743813601672,0.29023172667571534,0.28820537377207078],[0.29023172667571534,0.29224097582932806,0.29291549266649908,0.29224097582932806,0.29023172667571534],[0.29090743813601672,0.29291549266649908,0.29358961129871397,0.292915