{"M_cells":[[[0,0,0,0,0,0,0],[0,0,0,0,0,0,0],[0,0,0,0,0,0,0],[0,0,0,0,0,0,0],[0,0,0,0,0,0,0],[0,0,0,0,0,0,0],[0,0,0,0,0,0,0]],[[7.98793554980235E-5,0.00021621370348831354,0.00019834179567777187,0.00026957663974038642,0.00019834179567777187,0.00021621370348831354,7.98793554980235E-5],[0.00021621370348831354,0.00047488877002696241,0.00044646808451393231,0.00058208150636107473,0.00044646808451393231,0.00047488877002696241,0.00021621370348831354],[0.00019834179567777187,0.00044646808451393231,0.00051897090340779356,0.00059168343839664046,0.00051897090340779356,0.00044646808451393231,0.00019834179567777187],[0.00026957663974038642,0.00058208150636107473,0.00059168343839664046,0.00073519761240535423,0.00059168343839664046,0.00058208150636107473,0.00026957663974038642],[0.00019834179567777187,0.00044646808451393231,0.00051897090340779356,0.00059168343839664046,0.00051897090340779356,0.00044646808451393231,0.00019834179567777187],[0.00021621370348831354,0.00047488877002696241,0.00044646808451393231,0.00058208150636107473,0.00044646808451393231,0.00047488877002696241,0.00021621370348831354],[7.98793554980235E-5,0.00021621370348831354,0.00019834179567777187,0.00026957663974038642,0.00019834179567777187,0.00021621370348831354,7.98793554980235E-5]],[[0.00042380951288353358,0.00073943043392163518,0.00069917999609978129,0.00087362118397069652,0.00069917999609978129,0.00073943043392163518,0.00042380951288353358],[0.00073943043392163518,0.0011492302506009046,0.0011060269381075692,0.0013334117129118067,0.0011060269381075692,0.0011492302506009046,0.00073943043392163518],[0.00069917999609978129,0.0011060269381075692,0.0012238890009484864,0.0013420070417469497,0.0012238890009484864,0.0011060269381075692,0.00069917999609978129],[0.00087362118397069652,0.0013334117129118067,0.0013420070417469497,0.001568488273923742,0.0013420070417469497,0.0013334117129118067,0.00087362118397069641],[0.00069917999609978129,0.0011060269381075692,0.0012238890009484864,0.0013420070417469497,0.0012238890009484864,0.0011060269381075692,0.00069917999609978129],[0.00073943043392163518,0.0011492302506009046,0.0011060269381075692,0.0013334117129118067,0.0011060269381075692,0.0011492302506009046,0.00073943043392163518],[0.00042380951288353358,0.00073943043392163518,0.00069917999609978129,0.00087362118397069641,0.00069917999609978129,0.00073943043392163518,0.00042380951288353358]],[[0.00099949555251393932,0.0014422585220410587,0.0013875286882581751,0.0016408536046988802,0.0013875286882581749,0.0014422585220410585,0.00099949555251393932],[0.0014422585220410587,0.0019406540388992215,0.0018901959005866839,0.0021749260832885763,0.0018901959005866837,0.0019406540388992213,0.0014422585220410585],[0.0013875286882581751,0.0018901959005866839,0.0020353455855555954,0.0021807778210261239,0.0020353455855555954,0.0018901959005866837,0.0013875286882581747],[0.0016408536046988802,0.0021749260832885763,0.0021807778210261239,0.0024551925414219391,0.0021807778210261239,0.0021749260832885763,0.0016408536046988802],[0.0013875286882581749,0.0018901959005866837,0.0020353455855555954,0.0021807778210261239,0.0020353455855555954,0.0018901959005866837,0.0013875286882581747],[0.0014422585220410585,0.0019406540388992213,0.0018901959005866837,0.0021749260832885763,0.0018901959005866837,0.0019406540388992213,0.0014422585220410585],[0.00099949555251393932,0.0014422585220410585,0.0013875286882581747,0.0016408536046988802,0.0013875286882581747,0.0014422585220410585,0.00099949555251393932]],[[0.0017281532313556517,0.002250350843631749,0.0021876256125093916,0.0024925940232060624,0.0021876256125093916,0.0022503508436317486,0.0017281532313556513],[0.002250350843631749,0.0028006618566888582,0.0027467300163872338,0.0030660256092125342,0.0027467300163872338,0.0028006618566888577,0.0022503508436317486],[0.0021876256125093916,0.0027467300163872338,0.00290800543551491,0.0030695786764974582,0.00290800543551491,0.0027467300163872333,0.0021876256125093912],[0.0024925940232060624,0.0030660256092125342,0.0030695786764974582,0.0033716929567832719,0.0030695786764974582,0.0030660256092125342,0.0024925940232060624],[0.0021876256125093916,0.0027467300163872338,0.00290800543551491,0.0030695786764974582,0.00290800543551491,0.0027467300163872333,0.0021876256125093912],[0.0022503508436317486,0.0028006618566888577,0.0027467300163872333,0.0030660256092125342,0.0027467300163872333,0.0028006618566888577,0.0022503508436317486],[0.0017281532313556513,0.0022503508436317486,0.0021876256125093912,0.0024925940232060624,0.0021876256125093912,0.0022503508436317486,0.0017281532313556513]],[[0.0025502524538049309,0.0031200573672393816,0.00305316215354275,0.0033899202096651904,0.00305316215354275,0.0031200573672393816,0.0025502524538049305],[0.0031200573672393816,0.0037007312968743537,0.0036451427041051688,0.0039849015661538719,0.0036451427041051688,0.0037007312968743537,0.0031200573672393816],[0.00305316215354275,0.0036451427041051688,0.0038158606414469892,0.0039868851899929891,0.0038158606414469896,0.0036451427041051688,0.0030531621535427496],[0.0033899202096651904,0.0039849015661538719,0.0039868851899929891,0.0043050122575090275,0.0039868851899929891,0.0039849015661538719,0.0033899202096651904],[0.00305316215354275,0.0036451427041051688,0.0038158606414469896,0.0039868851899929891,0.0038158606414469896,0.0036451427041051688,0.0030531621535427496],[0.0031200573672393816,0.0037007312968743537,0.0036451427041051688,0.0039849015661538719,0.0036451427041051688,0.0037007312968743537,0.0031200573672393816],[0.0025502524538049305,0.0031200573672393816,0.0030531621535427496,0.0033899202096651904,0.0030531621535427496,0.0031200573672393816,0.0025502524538049305]],[[0.0034278772285300388,0.0040257577573835739,0.003956725001998786,0.0043124971247684189,0.003956725001998786,0.0040257577573835739,0.0034278772285300388],[0.0040257577573835739,0.0046241547485674234,0.0045677683963892372,0.0049195293193207926,0.0045677683963892372,0.0046241547485674234,0.0040257577573835739],[0.003956725001998786,0.0045677683963892372,0.0047439895347181705,0.0049205223527385546,0.0047439895347181705,0.0045677683963892372,0.003956725001998786],[0.0043124971247684189,0.0049195293193207926,0.0049205223527385546,0.0052479115725703159,0.0049205223527385546,0.0049195293193207926,0.0043124971247684189],[0.003956725001998786,0.0045677683963892372,0.0047439895347181705,0.0049205223527385546,0.0047439895347181705,0.0045677683963892372,0.003956725001998786],[0.0040257577573835739,0.0046241547485674234,0.0045677683963892372,0.0049195293193207926,0.0045677683963892372,0.0046241547485674243,0.0040257577573835747],[0.0034278772285300388,0.0040257577573835739,0.003956725001998786,0.0043124971247684189,0.003956725001998786,0.0040257577573835747,0.0034278772285300388]],[[0.0043381279298709378,0.0049524500310091091,0.0048823187185699614,0.0052493018458867518,0.0048823187185699614,0.0049524500310091091,0.0043381279298709378],[0.0049524500310091091,0.0055611779878862871,0.005504400075213807,0.0058631670600619787,0.005504400075213807,0.0055611779878862871,0.0049524500310091091],[0.0048823187185699614,0.005504400075213807,0.005683821656130638,0.0058635578465068873,0.005683821656130638,0.005504400075213807,0.0048823187185699614],[0.0052493018458867518,0.0058631670600619787,0.0058635578465068873,0.0061963093507189388,0.0058635578465068873,0.0058631670600619787,0.0052493018458867518],[0.0048823187185699614,0.005504400075213807,0.005683821656130638,0.0058635578465068873,0.005683821656130638,0.005504400075213807,0.0048823187185699614],[0.0049524500310091091,0.0055611779878862871,0.005504400075213807,0.0058631670600619787,0.005504400075213807,0.0055611779878862871,0.00495245003100911],[0.0043381279298709378,0.0049524500310091091,0.0048823187185699614,0.0052493018458867518,0.0048823187185699614,0.00495245003100911,0.0043381279298709387]],[[0.00526745333028157,0.0058913735607499431,0.0058206700133234578,0.006194216117555185,0.0058206700133234578,0.0058913735607499431,0.00526745333028157],[0.0058913735607499431,0.0065061207804311414,0.0064491455647232238,0.0068119940004951578,0.0064491455647232238,0.0065061207804311414,0.0058913735607499431],[0.0058206700133234578,0.0064491455647232238,0.0066304275497727945,0.0068120258429477812,0.0066304275497727945,0.0064491455647232238,0.0058206700133234578],[0.006194216117555185,0.0068119940004951578,0.0068120258429477812,0.0071478862264207545,0.0068120258429477812,0.0068119940004951578,0.006194216117555185],[0.0058206700133234578,0.0064491455647232238,0.0066304275497727945,0.0068120258429477812,0.0066304275497727945,0.0064491455647232238,0.0058206700133234578],[0.0058913735607499431,0.0065061207804311414,0.0064491455647232238,0.0068119940004951578,0.0064491455647232238,0.0065061207804311414,0.0058913735607499431],[0.00526745333028157,0.0058913735607499431,0.0058206700133234578,0.006194216117555185,0.0058206700133234578,0.0058913735607499431,0.00526745333028157]],[[0.0062079070222268128,0.0068374244105669233,0.0067664169519686219,0.0071437928057756063,0.0067664169519686219,0.0068374244105669224,0.0062079070222268128],[0.0068374244105669233,0.0074556811660473916,0.0073986033185980959,0.0077638292648263,0.0073986033185980959,0.0074556811660473916,0.0068374244105669224],[0.0067664169519686219,0.0073986033185980959,0.0075809677892930685,0.0077636495570706579,0.0075809677892930685,0.0073986033185980959,0.0067664169519686219],[0.0071437928057756063,0.0077638292648263,0.0077636495570706579,0.0081013163715852928,0.0077636495570706579,0.0077638292648263,0.0071437928057756063],[0.0067664169519686219,0.0073986033185980959,0.0075809677892930685,0.0077636495570706579,0.0075809677892930685,0.0073986033185980959,0.0067664169519686219],[0.0068374244105669224,0.0074556811660473916,0.0073986033185980959,0.0077638292648263,0.0073986033185980959,0.0074556811660473924,0.0068374244105669233],[0.0062079070222268128,0.0068374244105669224,0.0067664169519686219,0.0071437928057756063,0.0067664169519686219,0.0068374244105669233,0.0062079070222268128]],[[0.0071548509753921238,0.00778763416932902,0.00771646161085668,0.0080960709307011328,0.00771646161085668,0.00778763416932902,0.0071548509753921238],[0.00778763416932902,0.0084079416588101023,0.0083508084367747513,0.0087174216580703616,0.0083508084367747513,0.0084079416588101,0.00778763416932902],[0.00771646161085668,0.0083508084367747513,0.0085338043186540119,0.0087171180767736233,0.0085338043186540119,0.00835080843677475,0.00771646161085668],[0.0080960709307011328,0.0087174216580703616,0.0087171180767736233,0.0090558381474918938,0.0087171180767736233,0.0087174216580703616,0.0080960709307011328],[0.00771646161085668,0.0083508084367747513,0.0085338043186540119,0.0087171180767736233,0.00853380431865401,0.00835080843677475,0.00771646161085668],[0.00778763416932902,0.0084079416588101,0.00835080843677475,0.0087174216580703616,0.00835080843677475,0.0084079416588101,0.00778763416932902],[0.0071548509753921238,0.00778763416932902,0.00771646161085668,0.0080960709307011328,0.00771646161085668,0.00778763416932902,0.0071548509753921238]],[[0.0081055851642326537,0.0087402782020777527,0.00866901370196843,0.0090499275506596161,0.00866901370196843,0.0087402782020777527,0.0081055851642326537],[0.0087402782020777527,0.0093617890279996431,0.00930462466919009,0.0096720503381820064,0.00930462466919009,0.0093617890279996431,0.0087402782020777527],[0.00866901370196843,0.00930462466919009,0.0094879904700030573,0.0096716744891099347,0.0094879904700030573,0.00930462466919009,0.00866901370196843],[0.0090499275506596161,0.0096720503381820064,0.0096716744891099347,0.010011011913765149,0.0096716744891099347,0.0096720503381820064,0.0090499275506596161],[0.00866901370196843,0.00930462466919009,0.0094879904700030573,0.0096716744891099347,0.0094879904700030573,0.00930462466919009,0.00866901370196843],[0.0087402782020777527,0.0093617890279996431,0.00930462466919009,0.0096720503381820064,0.00930462466919009,0.0093617890279996431,0.0087402782020777527],[0.0081055851642326537,0.0087402782020777527,0.00866901370196843,0.0090499275506596161,0.00866901370196843,0.0087402782020777527,0.0081055851642326537]],[[0.00905853988516598,0.0096943547235118915,0.0096230376162634249,0.010004716284260638,0.0096230376162634249,0.0096943547235118915,0.00905853988516598],[0.0096943547235118915,0.010316576515125441,0.010259393819118568,0.010627298242617997,0.010259393819118568,0.010316576515125441,0.0096943547235118915],[0.0096230376162634249,0.010259393819118568,0.010442977851328422,0.01062688030630579,0.010442977851328422,0.010259393819118568,0.0096230376162634249],[0.010004716284260638,0.010627298242617997,0.01062688030630579,0.010966582450624263,0.01062688030630579,0.010627298242617997,0.010004716284260638],[0.0096230376162634249,0.010259393819118568,0.010442977851328422,0.01062688030630579,0.010442977851328422,0.010259393819118568,0.0096230376162634249],[0.0096943547235118915,0.010316576515125441,0.010259393819118568,0.010627298242617997,0.010259393819118568,0.010316576515125441,0.0096943547235118915],[0.00905853988516598,0.0096943547235118915,0.0096230376162634249,0.010004716284260638,0.0096230376162634249,0.0096943547235118915,0.00905853988516598]],[[0.010012802840902849,0.01064928135926454,0.010577933226028746,0.010960063193197441,0.010577933226028746,0.01064928135926454,0.010012802840902849],[0.01064928135926454,0.011271927603571716,0.011214733545671776,0.011582922768415046,0.011214733545671776,0.011271927603571716,0.01064928135926454],[0.010577933226028746,0.011214733545671776,0.011398447661428066,0.01158248032423421,0.011398447661428066,0.011214733545671776,0.010577933226028746],[0.010960063193197441,0.011582922768415046,0.01158248032423421,0.011922400415592919,0.01158248032423421,0.011582922768415046,0.010960063193197441],[0.010577933226028746,0.011214733545671776,0.011398447661428066,0.01158248032423421,0.011398447661428066,0.011214733545671776,0.010577933226028746],[0.01064928135926454,0.011271927603571716,0.011214733545671776,0.011582922768415046,0.011214733545671776,0.011271927603571716,0.01064928135926454],[0.010012802840902849,0.01064928135926454,0.010577933226028746,0.010960063193197441,0.010577933226028746,0.01064928135926454,0.010012802840902849]],[[0.010967843347494318,0.011604718779665762,0.011533351710014501,0.011915750613692136,0.011533351710014501,0.011604718779665762,0.010967843347494318],[0.011604718779665762,0.012227622194714672,0.012170420714014807,0.012538781669795357,0.012170420714014807,0.012227622194714672,0.011604718779665762],[0.011533351710014501,0.012170420714014807,0.01235421351014036,0.012538324930509336,0.01235421351014036,0.012170420714014807,0.011533351710014501],[0.011915750613692136,0.012538781669795357,0.012538324930509336,0.012878377341898157,0.012538324930509336,0.012538781669795357,0.011915750613692136],[0.011533351710014501,0.012170420714014807,0.01235421351014036,0.012538324930509336,0.01235421351014036,0.012170420714014807,0.011533351710014501],[0.011604718779665762,0.012227622194714672,0.012170420714014807,0.012538781669795357,0.012170420714014807,0.012227622194714672,0.011604718779665762],[0.010967843347494318,0.011604718779665762,0.011533351710014501,0.011915750613692136,0.011533351710014501,0.011604718779665762,0.010967843347494318]],[[0.011923351927460427,0.012560468357026405,0.012489089281454717,0.012871650706124206,0.012489089281454717,0.012560468357026405,0.011923351927460427],[0.012560468357026405,0.013183530654830239,0.013126324074332056,0.0134947904825078,0.013126324074332056,0.013183530654830239,0.012560468357026405],[0.012489089281454717,0.013126324074332056,0.013310165385868182,0.013494325370846428,0.013310165385868182,0.013126324074332056,0.012489089281454717],[0.012871650706124206,0.0134947904825078,0.013494325370846428,0.013834459787232672,0.013494325370846428,0.0134947904825078,0.012871650706124206],[0.012489089281454717,0.013126324074332056,0.013310165385868182,0.013494325370846428,0.013310165385868182,0.013126324074332056,0.012489089281454717],[0.012560468357026405,0.013183530654830239,0.013126324074332056,0.0134947904825078,0.013126324074332056,0.013183530654830239,0.012560468357026405],[0.011923351927460427,0.012560468357026405,0.012489089281454717,0.012871650706124206,0.012489089281454717,0.012560468357026405,0.011923351927460427]],[[0.012879147186258669,0.013516412846481337,0.013445025852647818,0.013827687316858647,0.013445025852647818,0.013516412846481337,0.012879147186258669],[0.013516412846481337,0.014139575627438361,0.01408236539533549,0.014450898015729158,0.01408236539533549,0.014139575627438361,0.013516412846481337],[0.013445025852647818,0.01408236539533549,0.014266237325961178,0.014450427962241367,0.014266237325961178,0.01408236539533549,0.013445025852647818],[0.013827687316858647,0.014450898015729158,0.014450427962241367,0.014790614454214536,0.014450427962241367,0.014450898015729158,0.013827687316858647],[0.013445025852647818,0.01408236539533549,0.014266237325961178,0.014450427962241367,0.014266237325961178,0.01408236539533549,0.013445025852647818],[0.013516412846481337,0.014139575627438361,0.01408236539533549,0.014450898015729158,0.01408236539533549,0.014139575627438361,0.013516412846481337],[0.012879147186258669,0.013516412846481337,0.013445025852647818,0.013827687316858647,0.013445025852647818,0.013516412846481337,0.012879147186258669]],[[0.013835121819394954,0.014472482031032864,0.014401089623726484,0.01478381403906549,0.014401089623726484,0.014472482031032864,0.013835121819394954],[0.014472482031032864,0.015095709931851234,0.015038497017210908,0.015407072224292445,0.015038497017210908,0.015095709931851234,0.014472482031032864],[0.014401089623726484,0.015038497017210908,0.015222388752036076,0.015406599214080987,0.015222388752036076,0.015038497017210906,0.014401089623726484],[0.01478381403906549,0.015407072224292445,0.015406599214080987,0.015746819612279413,0.015406599214080987,0.015407072224292443,0.01478381403906549],[0.014401089623726484,0.015038497017210908,0.015222388752036076,0.015406599214080987,0.015222388752036076,0.015038497017210906,0.014401089623726484],[0.014472482031032864,0.015095709931851234,0.015038497017210906,0.015407072224292443,0.015038497017210906,0.015095709931851234,0.014472482031032864],[0.013835121819394954,0.014472482031032864,0.014401089623726484,0.01478381403906549,0.014401089623726484,0.014472482031032864,0.013835121819394954]],[[0.014791211334637195,0.015428632834310388,0.015357236631055073,0.015740001570779451,0.015357236631055073,0.015428632834310388,0.014791211334637195],[0.015428632834310388,0.016051903773976649,0.015994688882121796,0.016363292054901647,0.015994688882121796,0.016051903773976649,0.015428632834310388],[0.015357236631055073,0.015994688882121796,0.016178593687955985,0.016362817235568854,0.016178593687955985,0.015994688882121796,0.015357236631055073],[0.015740001570779451,0.016363292054901647,0.016362817235568854,0.01670306014499132,0.016362817235568854,0.016363292054901647,0.015740001570779451],[0.015357236631055073,0.015994688882121796,0.016178593687955985,0.016362817235568854,0.016178593687955985,0.015994688882121796,0.015357236631055073],[0.015428632834310388,0.016051903773976649,0.015994688882121796,0.016363292054901647,0.015994688882121796,0.016051903773976649,0.015428632834310389],[0.014791211334637195,0.015428632834310388,0.015357236631055073,0.015740001570779451,0.015357236631055073,0.015428632834310389,0.014791211334637197]],[[0.015747375942532258,0.016384837810540443,0.016313438930363546,0.016696230420059324,0.016313438930363546,0.016384837810540443,0.015747375942532258],[0.016384837810540443,0.017008137344842054,0.016950921036588396,0.017319542734421548,0.016950921036588396,0.017008137344842054,0.016384837810540443],[0.016313438930363546,0.016950921036588396,0.017134834526884364,0.017319066768591889,0.017134834526884364,0.016950921036588396,0.016313438930363546],[0.016696230420059324,0.017319542734421548,0.017319066768591889,0.017659324685672162,0.017319066768591889,0.017319542734421548,0.016696230420059324],[0.016313438930363546,0.016950921036588396,0.017134834526884364,0.017319066768591889,0.017134834526884364,0.016950921036588396,0.016313438930363546],[0.016384837810540443,0.017008137344842054,0.016950921036588396,0.017319542734421548,0.016950921036588396,0.017008137344842054,0.016384837810540443],[0.015747375942532258,0.016384837810540443,0.016313438930363546,0.016696230420059324,0.016313438930363546,0.016384837810540443,0.015747375942532258]],[[0.016703590073393459,0.017341078482026043,0.017269677764958993,0.017652486689660393,0.017269677764958993,0.017341078482026043,0.016703590073393459],[0.017341078482026043,0.017964396534898758,0.017907179293562687,0.018275813042931657,0.017907179293562687,0.017964396534898758,0.017341078482026043],[0.017269677764958993,0.017907179293562687,0.018091098424352983,0.018275336312438054,0.018091098424352983,0.017907179293562687,0.017269677764958993],[0.017652486689660393,0.018275813042931657,0.018275336312438054,0.018615603956885982,0.018275336312438054,0.018275813042931657,0.017652486689660393],[0.017269677764958993,0.017907179293562687,0.018091098424352983,0.018275336312438054,0.018091098424352983,0.017907179293562687,0.017269677764958993],[0.017341078482026043,0.017964396534898758,0.017907179293562687,0.018275813042931657,0.017907179293562687,0.017964396534898758,0.017341078482026043],[0.016703590073393459,0.017341078482026043,0.017269677764958993,0.017652486689660393,0.017269677764958993,0.017341078482026043,0.016703590073393459]],[[0.017659836308062008,0.018297341480292953,0.018225939612410112,0.018608759636859245,0.018225939612410112,0.018297341480292953,0.017659836308062008],[0.018297341480292953,0.018920670449580082,0.018863452719189135,0.019232093731754139,0.018863452719189135,0.018920670449580082,0.018297341480292953],[0.018225939612410112,0.018863452719189135,0.019047375207461421,0.019231616455813866,0.019047375207461421,0.018863452719189135,0.018225939612410112],[0.018608759636859245,0.019232093731754139,0.019231616455813866,0.019571889804199816,0.019231616455813866,0.019232093731754139,0.018608759636859245],[0.018225939612410112,0.018863452719189135,0.019047375207461421,0.019231616455813866,0.019047375207461421,0.018863452719189135,0.018225939612410112],[0.018297341480292953,0.018920670449580082,0.018863452719189135,0.019232093731754139,0.018863452719189135,0.018920670449580082,0.018297341480292953],[0.017659836308062008,0.018297341480292953,0.018225939612410112,0.018608759636859245,0.018225939612410112,0.018297341480292953,0.017659836308062008]],[[0.018616101861733125,0.019253616308159749,0.019182213893425958,0.019565040257083551,0.019182213893425958,0.019253616308159749,0.018616101861733125],[0.019253616308159749,0.019876949965824616,0.019819732173266141,0.020188376602105134,0.019819732173266141,0.019876949965824616,0.019253616308159749],[0.019182213893425958,0.019819732173266141,0.020003656159414556,0.020187898905676852,0.020003656159414556,0.019819732173266141,0.019182213893425958],[0.019565040257083551,0.020188376602105134,0.020187898905676852,0.020528174630353765,0.020187898905676852,0.020188376602105134,0.019565040257083551],[0.019182213893425958,0.019819732173266141,0.020003656159414556,0.020187898905676852,0.020003656159414556,0.019819732173266141,0.019182213893425958],[0.019253616308159749,0.019876949965824616,0.019819732173266141,0.020188376602105134,0.019819732173266141,0.019876949965824616,0.019253616308159749],[0.018616101861733125,0.019253616308159749,0.019182213893425958,0.019565040257083551,0.019182213893425958,0.019253616308159749,0.018616101861733125]],[[0.019572376543911214,0.020209894038568644,0.020138491640538977,0.020521320458133284,0.020138491640538977,0.020209894038568644,0.019572376543911214],[0.020209894038568644,0.020833226889933994,0.020776009458073948,0.021144653964850015,0.020776009458073948,0.020833226889933994,0.020209894038568644],[0.020138491640538977,0.020776009458073948,0.020959933309333319,0.021144175918155442,0.020959933309333319,0.020776009458073948,0.020138491640538977],[0.020521320458133284,0.021144653964850015,0.021144175918155442,0.021484451060255639,0.021144175918155442,0.021144653964850015,0.020521320458133284],[0.020138491640538977,0.020776009458073948,0.020959933309333319,0.021144175918155442,0.020959933309333319,0.020776009458073948,0.020138491640538977],[0.020209894038568644,0.020833226889933994,0.020776009458073948,0.021144653964850015,0.020776009458073948,0.020833226889933994,0.020209894038568644],[0.019572376543911214,0.020209894038568644,0.020138491640538977,0.020521320458133284,0.020138491640538977,0.020209894038568644,0.019572376543911214]],[[0.020528651571447377,0.021166166554526508,0.021094764720890172,0.021477592575014352,0.021094764720890172,0.021166166554526508,0.020528651571447377],[0.021166166554526508,0.0217894934625849,0.0217322768182875,0.022100918319963934,0.0217322768182875,0.0217894934625849,0.021166166554526508],[0.021094764720890172,0.0217322768182875,0.021916199013563852,0.02210043996132734,0.021916199013563852,0.0217322768182875,0.021094764720890172],[0.021477592575014352,0.022100918319963934,0.02210043996132734,0.022440711738871376,0.02210043996132734,0.022100918319963934,0.021477592575014352],[0.021094764720890172,0.0217322768182875,0.021916199013563852,0.02210043996132734,0.021916199013563852,0.0217322768182875,0.021094764720890172],[0.021166166554526508,0.0217894934625849,0.0217322768182875,0.022100918319963934,0.0217322768182875,0.0217894934625849,0.021166166554526508],[0.020528651571447377,0.021166166554526508,0.021094764720890172,0.021477592575014352,0.021094764720890172,0.021166166554526508,0.020528651571447377]],[[0.021484918874344203,0.022122426101408778,0.022051025378739837,0.022433849081082365,0.022051025378739837,0.022122426101408778,0.021484918874344203],[0.022122426101408778,0.02274574206406027,0.02268852664332368,0.023057162162481593,0.02268852664332368,0.02274574206406027,0.022122426101408778],[0.022051025378739837,0.02268852664332368,0.022872445704981138,0.023056683511521524,0.022872445704981138,0.02268852664332368,0.022051025378739837],[0.022433849081082365,0.023057162162481593,0.023056683511521524,0.023396949205447971,0.023056683511521524,0.023057162162481593,0.022433849081082365],[0.022051025378739837,0.02268852664332368,0.022872445704981138,0.023056683511521524,0.022872445704981138,0.02268852664332368,0.022051025378739837],[0.022122426101408778,0.02274574206406027,0.02268852664332368,0.023057162162481593,0.02268852664332368,0.02274574206406027,0.022122426101408778],[0.021484918874344203,0.022122426101408778,0.022051025378739837,0.022433849081082365,0.022051025378739837,0.022122426101408778,0.021484918874344203]],[[0.02244117068595709,0.023078665019340937,0.023007265962267206,0.023390082412128435,0.023007265962267206,0.023078665019340937,0.02244117068595709],[0.023078665019340937,0.023701965034721564,0.023644751286192246,0.024013377861048738,0.023644751286192246,0.023701965034721564,0.023078665019340937],[0.023007265962267206,0.023644751286192246,0.023828665738888623,0.024012898926290483,0.023828665738888623,0.023644751286192246,0.023007265962267206],[0.023390082412128435,0.024013377861048738,0.024012898926290483,0.024353155811350918,0.024012898926290483,0.024013377861048738,0.023390082412128435],[0.023007265962267206,0.023644751286192246,0.023828665738888623,0.024012898926290483,0.023828665738888623,0.023644751286192246,0.023007265962267206],[0.023078665019340937,0.023701965034721564,0.023644751286192246,0.024013377861048738,0.023644751286192246,0.023701965034721564,0.023078665019340937],[0.02244117068595709,0.023078665019340937,0.023007265962267206,0.023390082412128435,0.023007265962267206,0.023078665019340937,0.02244117068595709]],[[0.023397399297127208,0.024034875579202034,0.023963478756394669,0.024346284855242005,0.023963478756394669,0.024034875579202034,0.023397399297127208],[0.024034875579202034,0.024658154561607235,0.024600942949191341,0.024969557577934162,0.024600942949191341,0.024658154561607235,0.024034875579202034],[0.023963478756394669,0.024600942949191341,0.024784851294252102,0.02496907836119644,0.024784851294252102,0.024600942949191341,0.023963478756394669],[0.024346284855242005,0.024969557577934162,0.02496907836119644,0.025309323662604438,0.02496907836119644,0.024969557577934162,0.024346284855242005],[0.023963478756394669,0.024600942949191341,0.024784851294252102,0.02496907836119644,0.024784851294252102,0.024600942949191341,0.023963478756394669],[0.024034875579202034,0.024658154561607235,0.024600942949191341,0.024969557577934162,0.024600942949191341,0.024658154561607235,0.024034875579202034],[0.023397399297127208,0.024034875579202034,0.023963478756394669,0.024346284855242005,0.023963478756394669,0.024034875579202034,0.023397399297127208]],[[0.024353596904580808,0.024991049878010114,0.024919655876381782,0.025302448474595649,0.024919655876381782,0.024991049878010114,0.024353596904580808],[0.024991049878010114,0.025614302602725975,0.025557093607713553,0.025925693212472598,0.025557093607713553,0.025614302602725975,0.024991049878010114],[0.024919655876381782,0.025557093607713553,0.025740994306387665,0.025925213711388739,0.025740994306387665,0.025557093607713553,0.024919655876381782],[0.025302448474595649,0.025925693212472598,0.025925213711388739,0.026265444576169469,0.025925213711388739,0.025925693212472598,0.025302448474595649],[0.024919655876381782,0.025557093607713553,0.025740994306387665,0.025925213711388739,0.025740994306387665,0.025557093607713553,0.024919655876381782],[0.024991049878010114,0.025614302602725975,0.025557093607713553,0.025925693212472598,0.025557093607713553,0.025614302602725975,0.024991049878010114],[0.024353596904580808,0.024991049878010114,0.024919655876381782,0.025302448474595649,0.024919655876381782,0.024991049878010114,0.024353596904580808]],[[0.025309755513300541,0.025947179768100008,0.025875789196010687,0.026258565058027563,0.025875789196010687,0.025947179768100008,0.025309755513300541],[0.025947179768100008,0.026570400832588627,0.026513194955530634,0.026881776357491116,0.026513194955530634,0.026570400832588627,0.025947179768100008],[0.025875789196010687,0.026513194955530634,0.026697086417275459,0.026881296566951127,0.026697086417275459,0.026513194955530634,0.025875789196010687],[0.026258565058027563,0.026881776357491116,0.026881296566951127,0.027221510043593238,0.026881296566951127,0.026881776357491116,0.026258565058027563],[0.025875789196010687,0.026513194955530634,0.026697086417275459,0.026881296566951127,0.026697086417275459,0.026513194955530634,0.025875789196010687],[0.025947179768100008,0.026570400832588627,0.026513194955530634,0.026881776357491116,0.026513194955530634,0.026570400832588627,0.025947179768100008],[0.025309755513300541,0.025947179768100008,0.025875789196010687,0.026258565058027563,0.025875789196010687,0.025947179768100008,0.025309755513300541]],[[0.026265866869554576,0.0269032568052781,0.026831870295210145,0.027214626075073113,0.026831870295210145,0.0269032568052781,0.026265866869554576],[0.0269032568052781,0.027526440599441107,0.0274692383619185,0.027837798262653361,0.0274692383619185,0.027526440599441107,0.0269032568052781],[0.026831870295210145,0.0274692383619185,0.027653118935481169,0.027837318175621843,0.027653118935481169,0.0274692383619185,0.026831870295210145],[0.027214626075073113,0.027837798262653361,0.027837318175621843,0.028177511198323506,0.027837318175621843,0.027837798262653361,0.027214626075073113],[0.026831870295210145,0.0274692383619185,0.027653118935481169,0.027837318175621843,0.027653118935481169,0.0274692383619185,0.026831870295210145],[0.0269032568052781,0.027526440599441107,0.0274692383619185,0.027837798262653361,0.0274692383619185,0.027526440599441107,0.0269032568052781],[0.026265866869554576,0.0269032568052781,0.026831870295210145,0.027214626075073113,0.026831870295210145,0.0269032568052781,0.026265866869554576]],[[0.027221922411072724,0.027859272207352535,0.027787890418321737,0.028170622641024715,0.027787890418321737,0.027859272207352535,0.027221922411072724],[0.027859272207352535,0.028482412888647883,0.028425214835015512,0.028793749801183453,0.028425214835015512,0.028482412888647883,0.027859272207352535],[0.027787890418321737,0.028425214835015512,0.028609082801015283,0.028793269409155071,0.028609082801015283,0.028425214835015512,0.027787890418321737],[0.028170622641024715,0.028793749801183453,0.028793269409155071,0.029133438784509788,0.028793269409155071,0.028793749801183453,0.028170622641024715],[0.027787890418321737,0.028425214835015512,0.028609082801015283,0.028793269409155071,0.028609082801015283,0.028425214835015512,0.027787890418321737],[0.027859272207352535,0.028482412888647883,0.028425214835015512,0.028793749801183453,0.028425214835015512,0.028482412888647883,0.027859272207352535],[0.027221922411072724,0.027859272207352535,0.027787890418321737,0.028170622641024715,0.027787890418321737,0.027859272207352535,0.027221922411072724]],[[0.028177913226538471,0.028815216818040949,0.028743840437905867,0.029126545483831739,0.028743840437905867,0.028815216818040949,0.028177913226538471],[0.028815216818040949,0.029438308288990259,0.029381114988145697,0.029749621437888986,0.029381114988145697,0.029438308288990259,0.028815216818040949],[0.028743840437905867,0.029381114988145697,0.029564968552401143,0.029749140731134379,0.029564968552401143,0.029381114988145697,0.028743840437905867],[0.029126545483831739,0.029749621437888986,0.029749140731134379,0.030089283125999934,0.029749140731134379,0.029749621437888986,0.029126545483831739],[0.028743840437905867,0.029381114988145697,0.029564968552401143,0.029749140731134379,0.029564968552401143,0.029381114988145697,0.028743840437905867],[0.028815216818040949,0.029438308288990259,0.029381114988145697,0.029749621437888986,0.029381114988145697,0.029438308288990259,0.028815216818040949],[0.028177913226538471,0.028815216818040949,0.028743840437905867,0.029126545483831739,0.028743840437905867,0.028815216818040949,0.028177913226538471]],[[0.0291338300198336,0.029771081073340911,0.029699710821090984,0.030082384911988079,0.029699710821090984,0.029771081073340911,0.0291338300198336],[0.029771081073340911,0.030394116959978248,0.030336929007182462,0.03070540319725179,0.030336929007182462,0.030394116959978248,0.029771081073340911],[0.029699710821090984,0.030336929007182462,0.030520766294341223,0.030704922164941157,0.030520766294341226,0.030336929007182465,0.029699710821090984],[0.030082384911988079,0.03070540319725179,0.030704922164941157,0.031045034094753548,0.030704922164941161,0.03070540319725179,0.030082384911988079],[0.029699710821090984,0.030336929007182462,0.030520766294341226,0.030704922164941161,0.030520766294341226,0.030336929007182465,0.029699710821090984],[0.029771081073340911,0.030394116959978248,0.030336929007182465,0.03070540319725179,0.030336929007182465,0.030394116959978252,0.029771081073340911],[0.0291338300198336,0.029771081073340911,0.029699710821090984,0.030082384911988079,0.029699710821090984,0.029771081073340911,0.0291338300198336]],[[0.030089663076358568,0.030726854968612514,0.030655491596720517,0.031038130782291229,0.030655491596720517,0.030726854968612511,0.030089663076358564],[0.030726854968612514,0.031349828599026047,0.031292646617805536,0.031661084630836056,0.031292646617805536,0.031349828599026047,0.030726854968612511],[0.030655491596720517,0.031292646617805536,0.031476465665013567,0.031660603261090735,0.031476465665013567,0.031292646617805536,0.030655491596720517],[0.031038130782291229,0.031661084630836056,0.031660603261090735,0.032000681078184039,0.031660603261090735,0.031661084630836056,0.031038130782291225],[0.030655491596720517,0.031292646617805536,0.031476465665013567,0.031660603261090735,0.031476465665013567,0.031292646617805536,0.030655491596720517],[0.030726854968612511,0.031349828599026047,0.031292646617805536,0.031661084630836056,0.031292646617805536,0.031349828599026047,0.030726854968612511],[0.030089663076358564,0.030726854968612511,0.030655491596720517,0.031038130782291225,0.030655491596720517,0.030726854968612511,0.030089663076358564]],[[0.031045402229860856,0.031682528025385327,0.031611172322223519,0.031993772466787349,0.031611172322223519,0.031682528025385327,0.031045402229860856],[0.031682528025385327,0.032305432407821355,0.032248257051952736,0.032616654783543628,0.032248257051952736,0.032305432407821355,0.031682528025385327],[0.031611172322223519,0.032248257051952736,0.032432055802404547,0.03261617306344558,0.032432055802404547,0.032248257051952736,0.031611172322223519],[0.031993772466787349,0.032616654783543628,0.03261617306344558,0.032956212945111675,0.03261617306344558,0.032616654783543628,0.031993772466787349],[0.031611172322223519,0.032248257051952736,0.032432055802404547,0.03261617306344558,0.032432055802404547,0.032248257051952736,0.031611172322223519],[0.031682528025385327,0.032305432407821355,0.032248257051952736,0.032616654783543628,0.032248257051952736,0.032305432407821355,0.031682528025385327],[0.031045402229860856,0.031682528025385327,0.031611172322223519,0.031993772466787349,0.031611172322223519,0.031682528025385327,0.031045402229860856]],[[0.032001036828820828,0.03263808925721709,0.032566742049584346,0.032949298818481368,0.032566742049584346,0.03263808925721709,0.032001036828820828],[0.03263808925721709,0.033260917057430742,0.033203749013026473,0.033572102158410576,0.033203749013026473,0.033260917057430742,0.03263808925721709],[0.032566742049584346,0.033203749013026473,0.0333875253092979,0.033571620073986355,0.0333875253092979,0.033203749013026473,0.032566742049584346],[0.032949298818481368,0.033572102158410576,0.033571620073986355,0.033911618010107628,0.033571620073986355,0.033572102158410576,0.032949298818481368],[0.032566742049584346,0.033203749013026473,0.0333875253092979,0.033571620073986355,0.0333875253092979,0.033203749013026473,0.032566742049584346],[0.03263808925721709,0.033260917057430742,0.033203749013026473,0.033572102158410576,0.033203749013026473,0.033260917057430742,0.03263808925721709],[0.032001036828820828,0.03263808925721709,0.032566742049584346,0.032949298818481368,0.032566742049584346,0.03263808925721709,0.032001036828820828]],[[0.032956555701807985,0.033593527134229986,0.033522189289996104,0.033904698135529356,0.033522189289996104,0.033593527134229986,0.032956555701807985],[0.033593527134229986,0.0342162706518695,0.034159110639569022,0.034527414679734775,0.034159110639569022,0.0342162706518695,0.033593527134229986],[0.033522189289996104,0.034159110639569022,0.034342862216668664,0.034526932215923914,0.034342862216668664,0.034159110639569022,0.033522189289996104],[0.033904698135529356,0.034527414679734775,0.034526932215923914,0.034866883996069978,0.034526932215923914,0.034527414679734775,0.033904698135529356],[0.033522189289996104,0.034159110639569022,0.034342862216668664,0.034526932215923914,0.034342862216668664,0.034159110639569022,0.033522189289996104],[0.033593527134229986,0.0342162706518695,0.034159110639569022,0.034527414679734775,0.034159110639569022,0.0342162706518695,0.033593527134229986],[0.032956555701807985,0.033593527134229986,0.033522189289996104,0.033904698135529356,0.033522189289996104,0.033593527134229986,0.032956555701807985]],[[0.033911947121442257,0.034548829546041875,0.034477501976925132,0.034859958123709796,0.034477501976925132,0.034548829546041875,0.033911947121442257],[0.034548829546041875,0.03517148068992243,0.035114329467197253,0.0354825796543699,0.035114329467197253,0.03517148068992243,0.034548829546041875],[0.034477501976925132,0.035114329467197253,0.035298053945292437,0.035482096794982765,0.035298053945292437,0.035114329467197253,0.034477501976925132],[0.034859958123709796,0.0354825796543699,0.035482096794982765,0.035821997994895036,0.035482096794982765,0.0354825796543699,0.034859958123709796],[0.034477501976925132,0.035114329467197253,0.035298053945292437,0.035482096794982765,0.035298053945292437,0.035114329467197253,0.034477501976925132],[0.034548829546041875,0.03517148068992243,0.035114329467197253,0.0354825796543699,0.035114329467197253,0.03517148068992243,0.034548829546041875],[0.033911947121442257,