{"M_cells":[[[0,0,0,0,0,0,0],[0,0,0,0,0,0,0],[0,0,0,0,0,0,0],[0,0,0,0,0,0,0],[0,0,0,0,0,0,0],[0,0,0,0,0,0,0],[0,0,0,0,0,0,0]],[[1.8002329913739165E-7,9.7342080507074064E-7,8.6785659652605508E-7,1.2641089417574084E-6,8.6785659652605508E-7,9.7342080507074064E-7,1.8002329913739165E-7],[9.7342080507074064E-7,3.7112590424551237E-6,3.4052808539313717E-6,4.7665632098336118E-6,3.4052808539313717E-6,3.7112590424551237E-6,9.7342080507074064E-7],[8.6785659652605508E-7,3.4052808539313717E-6,4.1537098554199475E-6,4.9051293249084673E-6,4.1537098554199475E-6,3.4052808539313722E-6,8.6785659652605508E-7],[1.2641089417574084E-6,4.7665632098336118E-6,4.9051293249084673E-6,6.4263493288580461E-6,4.9051293249084673E-6,4.7665632098336118E-6,1.2641089417574084E-6],[8.6785659652605508E-7,3.4052808539313717E-6,4.1537098554199475E-6,4.9051293249084673E-6,4.1537098554199475E-6,3.4052808539313717E-6,8.6785659652605508E-7],[9.7342080507074064E-7,3.7112590424551237E-6,3.4052808539313722E-6,4.7665632098336118E-6,3.4052808539313717E-6,3.7112590424551233E-6,9.7342080507074043E-7],[1.8002329913739165E-7,9.7342080507074064E-7,8.6785659652605508E-7,1.2641089417574084E-6,8.6785659652605508E-7,9.7342080507074043E-7,1.8002329913739165E-7]],[[1.0230466536604506E-6,3.0224993004755305E-6,2.7598409776277858E-6,3.7969795123104444E-6,2.7598409776277858E-6,3.02249930047553E-6,1.0230466536604506E-6],[3.0224993004755305E-6,6.7954984715100049E-6,6.3805374288408928E-6,8.3582314009361851E-6,6.3805374288408928E-6,6.7954984715100049E-6,3.02249930047553E-6],[2.7598409776277858E-6,6.3805374288408928E-6,7.4387622105101491E-6,8.4995413926545226E-6,7.4387622105101491E-6,6.3805374288408928E-6,2.7598409776277858E-6],[3.7969795123104444E-6,8.3582314009361851E-6,8.4995413926545226E-6,1.0593243424200852E-5,8.4995413926545226E-6,8.3582314009361851E-6,3.7969795123104444E-6],[2.7598409776277858E-6,6.3805374288408928E-6,7.4387622105101491E-6,8.4995413926545226E-6,7.4387622105101491E-6,6.3805374288408928E-6,2.7598409776277858E-6],[3.02249930047553E-6,6.7954984715100049E-6,6.3805374288408928E-6,8.3582314009361851E-6,6.3805374288408928E-6,6.7954984715100049E-6,3.02249930047553E-6],[1.0230466536604506E-6,3.02249930047553E-6,2.7598409776277858E-6,3.7969795123104444E-6,2.7598409776277858E-6,3.02249930047553E-6,1.0230466536604506E-6]],[[2.5255661020123968E-6,5.4789089550015388E-6,5.0955634784832084E-6,6.6803386821051462E-6,5.0955634784832076E-6,5.4789089550015371E-6,2.5255661020123968E-6],[5.4789089550015388E-6,9.6472335214135635E-6,9.198367490318345E-6,1.1473468705099043E-5,9.198367490318345E-6,9.6472335214135618E-6,5.4789089550015371E-6],[5.0955634784832084E-6,9.198367490318345E-6,1.0389359380178016E-5,1.1582740714441074E-5,1.0389359380178016E-5,9.198367490318345E-6,5.0955634784832076E-6],[6.6803386821051462E-6,1.1473468705099043E-5,1.1582740714441074E-5,1.3891217822415459E-5,1.1582740714441074E-5,1.1473468705099043E-5,6.6803386821051462E-6],[5.0955634784832076E-6,9.198367490318345E-6,1.0389359380178016E-5,1.1582740714441074E-5,1.0389359380178016E-5,9.198367490318345E-6,5.0955634784832076E-6],[5.4789089550015371E-6,9.6472335214135618E-6,9.198367490318345E-6,1.1473468705099043E-5,9.198367490318345E-6,9.6472335214135618E-6,5.4789089550015371E-6],[2.5255661020123968E-6,5.4789089550015371E-6,5.0955634784832076E-6,6.6803386821051462E-6,5.0955634784832076E-6,5.4789089550015371E-6,2.5255661020123968E-6]],[[4.5027921407440322E-6,8.0923664426646217E-6,7.63314715120699E-6,9.6153564812739E-6,7.6331471512069889E-6,8.09236644266462E-6,4.5027921407440314E-6],[8.0923664426646217E-6,1.2415948348260958E-5,1.19616836813004E-5,1.4390162693599298E-5,1.1961683681300398E-5,1.2415948348260956E-5,8.09236644266462E-6],[7.63314715120699E-6,1.19616836813004E-5,1.3212889126529184E-5,1.4466420855740652E-5,1.3212889126529184E-5,1.1961683681300398E-5,7.6331471512069889E-6],[9.6153564812739E-6,1.4390162693599298E-5,1.4466420855740652E-5,1.6855290130581994E-5,1.4466420855740652E-5,1.4390162693599296E-5,9.6153564812738977E-6],[7.6331471512069889E-6,1.1961683681300398E-5,1.3212889126529184E-5,1.4466420855740652E-5,1.3212889126529184E-5,1.1961683681300398E-5,7.6331471512069889E-6],[8.09236644266462E-6,1.2415948348260956E-5,1.1961683681300398E-5,1.4390162693599296E-5,1.1961683681300398E-5,1.2415948348260956E-5,8.09236644266462E-6],[4.5027921407440314E-6,8.09236644266462E-6,7.6331471512069889E-6,9.6153564812738977E-6,7.6331471512069889E-6,8.09236644266462E-6,4.5027921407440314E-6]],[[6.7847023819357669E-6,1.0768679663382172E-5,1.0267361382859935E-5,1.2518826647183015E-5,1.0267361382859933E-5,1.0768679663382171E-5,6.7847023819357652E-6],[1.0768679663382172E-5,1.5156627859980212E-5,1.4706962403062098E-5,1.721945616633953E-5,1.4706962403062096E-5,1.515662785998021E-5,1.0768679663382171E-5],[1.0267361382859935E-5,1.4706962403062098E-5,1.5987311023206946E-5,1.726996112032316E-5,1.5987311023206946E-5,1.4706962403062096E-5,1.0267361382859933E-5],[1.2518826647183015E-5,1.721945616633953E-5,1.726996112032316E-5,1.9688740946249578E-5,1.726996112032316E-5,1.721945616633953E-5,1.2518826647183013E-5],[1.0267361382859933E-5,1.4706962403062096E-5,1.5987311023206946E-5,1.726996112032316E-5,1.5987311023206943E-5,1.4706962403062096E-5,1.0267361382859933E-5],[1.0768679663382171E-5,1.515662785998021E-5,1.4706962403062096E-5,1.721945616633953E-5,1.4706962403062096E-5,1.5156627859980212E-5,1.0768679663382172E-5],[6.7847023819357652E-6,1.0768679663382171E-5,1.0267361382859933E-5,1.2518826647183013E-5,1.0267361382859933E-5,1.0768679663382172E-5,6.7847023819357661E-6]],[[9.25202876148396E-6,1.3471919121440297E-5,1.2950060369024478E-5,1.53778577005473E-5,1.2950060369024476E-5,1.3471919121440295E-5,9.2520287614839583E-6],[1.3471919121440297E-5,1.7889054577547154E-5,1.7446676328627744E-5,2.0007489882367907E-5,1.7446676328627741E-5,1.7889054577547154E-5,1.3471919121440295E-5],[1.2950060369024478E-5,1.7446676328627744E-5,1.87420902661196E-5,2.0039795455667412E-5,1.8742090266119596E-5,1.7446676328627741E-5,1.2950060369024476E-5],[1.53778577005473E-5,2.0007489882367907E-5,2.0039795455667412E-5,2.2469537488914776E-5,2.0039795455667412E-5,2.0007489882367907E-5,1.53778577005473E-5],[1.2950060369024476E-5,1.7446676328627741E-5,1.8742090266119596E-5,2.0039795455667412E-5,1.8742090266119596E-5,1.7446676328627741E-5,1.2950060369024476E-5],[1.3471919121440295E-5,1.7889054577547154E-5,1.7446676328627741E-5,2.0007489882367907E-5,1.7446676328627741E-5,1.7889054577547154E-5,1.3471919121440297E-5],[9.2520287614839583E-6,1.3471919121440295E-5,1.2950060369024476E-5,1.53778577005473E-5,1.2950060369024476E-5,1.3471919121440297E-5,9.25202876148396E-6]],[[1.1829289663976209E-5,1.6187955475243578E-5,1.5658025009467409E-5,1.8199265694973028E-5,1.5658025009467409E-5,1.6187955475243578E-5,1.1829289663976207E-5],[1.6187955475243578E-5,2.0620023873656543E-5,2.0184842246385691E-5,2.2774469840044931E-5,2.0184842246385691E-5,2.0620023873656543E-5,1.6187955475243578E-5],[1.5658025009467409E-5,2.0184842246385691E-5,2.1488516496009307E-5,2.2794477439078885E-5,2.1488516496009307E-5,2.0184842246385691E-5,1.5658025009467409E-5],[1.8199265694973028E-5,2.2774469840044931E-5,2.2794477439078885E-5,2.5228093628439616E-5,2.2794477439078885E-5,2.2774469840044931E-5,1.8199265694973028E-5],[1.5658025009467409E-5,2.0184842246385691E-5,2.1488516496009307E-5,2.2794477439078885E-5,2.1488516496009307E-5,2.0184842246385691E-5,1.5658025009467409E-5],[1.6187955475243578E-5,2.0620023873656543E-5,2.0184842246385691E-5,2.2774469840044931E-5,2.0184842246385691E-5,2.0620023873656543E-5,1.6187955475243578E-5],[1.1829289663976207E-5,1.6187955475243578E-5,1.5658025009467409E-5,1.8199265694973028E-5,1.5658025009467409E-5,1.6187955475243578E-5,1.1829289663976209E-5]],[[1.4471016810878738E-5,1.8910894898802197E-5,1.8379502322598757E-5,2.0993048377501736E-5,1.8379502322598757E-5,1.8910894898802197E-5,1.4471016810878738E-5],[1.8910894898802197E-5,2.3351637232451672E-5,2.29226289349776E-5,2.5529884441966451E-5,2.29226289349776E-5,2.3351637232451672E-5,1.8910894898802197E-5],[1.8379502322598757E-5,2.29226289349776E-5,2.4231053471390187E-5,2.5541762451623222E-5,2.4231053471390187E-5,2.29226289349776E-5,1.8379502322598757E-5],[2.0993048377501736E-5,2.5529884441966451E-5,2.5541762451623222E-5,2.7976632180110646E-5,2.5541762451623222E-5,2.5529884441966451E-5,2.0993048377501736E-5],[1.8379502322598757E-5,2.29226289349776E-5,2.4231053471390187E-5,2.5541762451623222E-5,2.4231053471390187E-5,2.29226289349776E-5,1.8379502322598757E-5],[1.8910894898802197E-5,2.3351637232451672E-5,2.29226289349776E-5,2.5529884441966451E-5,2.29226289349776E-5,2.3351637232451672E-5,1.8910894898802197E-5],[1.4471016810878738E-5,1.8910894898802197E-5,1.8379502322598757E-5,2.0993048377501736E-5,1.8379502322598757E-5,1.8910894898802197E-5,1.4471016810878738E-5]],[[1.7150496691701047E-5,2.1638034640032235E-5,2.1108311509014664E-5,2.3767733164694874E-5,2.1108311509014664E-5,2.1638034640032235E-5,1.7150496691701047E-5],[2.1638034640032235E-5,2.6084373285737779E-5,2.5660324993211228E-5,2.827856568773996E-5,2.5660324993211228E-5,2.6084373285737779E-5,2.1638034640032235E-5],[2.1108311509014664E-5,2.5660324993211228E-5,2.6971584590615993E-5,2.8285127412584109E-5,2.6971584590615993E-5,2.5660324993211228E-5,2.1108311509014664E-5],[2.3767733164694874E-5,2.827856568773996E-5,2.8285127412584109E-5,3.0720317186833531E-5,2.8285127412584109E-5,2.827856568773996E-5,2.3767733164694874E-5],[2.1108311509014664E-5,2.5660324993211228E-5,2.6971584590615993E-5,2.8285127412584109E-5,2.6971584590615993E-5,2.5660324993211228E-5,2.1108311509014664E-5],[2.1638034640032235E-5,2.6084373285737779E-5,2.5660324993211228E-5,2.827856568773996E-5,2.5660324993211228E-5,2.6084373285737779E-5,2.1638034640032235E-5],[1.7150496691701047E-5,2.1638034640032235E-5,2.1108311509014664E-5,2.3767733164694874E-5,2.1108311509014664E-5,2.1638034640032235E-5,1.7150496691701047E-5]],[[1.9852213730061761E-5,2.436797814486003E-5,2.3841122682083165E-5,2.6529606061180892E-5,2.3841122682083165E-5,2.436797814486003E-5,1.9852213730061761E-5],[2.436797814486003E-5,2.8818205270350658E-5,2.8397995523884993E-5,3.1023186224618717E-5,2.8397995523884993E-5,2.8818205270350658E-5,2.436797814486003E-5],[2.3841122682083165E-5,2.8397995523884993E-5,2.9711000889396833E-5,3.102628879004646E-5,2.9711000889396833E-5,2.8397995523884993E-5,2.3841122682083165E-5],[2.6529606061180892E-5,3.1023186224618717E-5,3.102628879004646E-5,3.3461504701939682E-5,3.102628879004646E-5,3.1023186224618717E-5,2.6529606061180892E-5],[2.3841122682083165E-5,2.8397995523884993E-5,2.9711000889396833E-5,3.102628879004646E-5,2.9711000889396833E-5,2.8397995523884993E-5,2.3841122682083165E-5],[2.436797814486003E-5,2.8818205270350658E-5,2.8397995523884993E-5,3.1023186224618717E-5,2.8397995523884993E-5,2.8818205270350658E-5,2.436797814486003E-5],[1.9852213730061761E-5,2.436797814486003E-5,2.3841122682083165E-5,2.6529606061180892E-5,2.3841122682083165E-5,2.436797814486003E-5,1.9852213730061761E-5]],[[2.2567184626547062E-5,2.7099918159041614E-5,2.6576128037401452E-5,2.9283036307075226E-5,2.6576128037401452E-5,2.7099918159041614E-5,2.2567184626547062E-5],[2.7099918159041614E-5,3.1552992351621163E-5,3.1135680058282724E-5,3.3765338548017473E-5,3.1135680058282724E-5,3.1552992351621163E-5,2.7099918159041614E-5],[2.6576128037401452E-5,3.1135680058282724E-5,3.2449796402081415E-5,3.3766194913606172E-5,3.2449796402081415E-5,3.1135680058282724E-5,2.6576128037401452E-5],[2.9283036307075226E-5,3.3765338548017473E-5,3.3766194913606172E-5,3.6201386380556959E-5,3.3766194913606172E-5,3.3765338548017473E-5,2.9283036307075226E-5],[2.6576128037401452E-5,3.1135680058282724E-5,3.2449796402081415E-5,3.3766194913606172E-5,3.2449796402081415E-5,3.113568005828273E-5,2.6576128037401452E-5],[2.7099918159041614E-5,3.1552992351621163E-5,3.1135680058282724E-5,3.3765338548017473E-5,3.113568005828273E-5,3.1552992351621177E-5,2.709991815904162E-5],[2.2567184626547062E-5,2.7099918159041614E-5,2.6576128037401452E-5,2.9283036307075226E-5,2.6576128037401452E-5,2.709991815904162E-5,2.2567184626547062E-5]],[[2.5290196999663358E-5,2.9833351444919083E-5,2.9312357824017161E-5,3.2030985892239093E-5,2.9312357824017161E-5,2.9833351444919083E-5,2.5290196999663358E-5],[2.9833351444919083E-5,3.4288604853073742E-5,3.3873438379058219E-5,3.650603141031244E-5,3.3873438379058219E-5,3.4288604853073742E-5,2.9833351444919083E-5],[2.9312357824017161E-5,3.3873438379058219E-5,3.5188293302047677E-5,3.6505430251345934E-5,3.5188293302047677E-5,3.3873438379058219E-5,2.9312357824017161E-5],[3.2030985892239093E-5,3.650603141031244E-5,3.6505430251345934E-5,3.8940638899940917E-5,3.6505430251345941E-5,3.650603141031244E-5,3.2030985892239093E-5],[2.9312357824017161E-5,3.3873438379058219E-5,3.5188293302047677E-5,3.6505430251345941E-5,3.5188293302047684E-5,3.3873438379058225E-5,2.9312357824017161E-5],[2.9833351444919083E-5,3.4288604853073742E-5,3.3873438379058219E-5,3.650603141031244E-5,3.3873438379058225E-5,3.4288604853073749E-5,2.9833351444919089E-5],[2.5290196999663358E-5,2.9833351444919083E-5,2.9312357824017161E-5,3.2030985892239093E-5,2.9312357824017161E-5,2.9833351444919089E-5,2.5290196999663361E-5]],[[2.801821083772353E-5,3.2567954428320348E-5,3.2049312292380287E-5,3.4775446253023126E-5,3.2049312292380287E-5,3.2567954428320348E-5,2.801821083772353E-5],[3.2567954428320348E-5,3.7024954976903332E-5,3.6611351269779539E-5,3.9245935291860847E-5,3.6611351269779539E-5,3.7024954976903332E-5,3.2567954428320348E-5],[3.2049312292380287E-5,3.6611351269779539E-5,3.7926729017275423E-5,3.9244388823922284E-5,3.7926729017275423E-5,3.6611351269779539E-5,3.2049312292380287E-5],[3.4775446253023126E-5,3.9245935291860847E-5,3.9244388823922284E-5,4.1679689970147678E-5,3.9244388823922284E-5,3.9245935291860847E-5,3.4775446253023126E-5],[3.2049312292380287E-5,3.6611351269779539E-5,3.7926729017275423E-5,3.9244388823922284E-5,3.7926729017275423E-5,3.6611351269779539E-5,3.2049312292380287E-5],[3.2567954428320348E-5,3.7024954976903332E-5,3.6611351269779539E-5,3.9245935291860847E-5,3.6611351269779539E-5,3.7024954976903332E-5,3.2567954428320355E-5],[2.801821083772353E-5,3.2567954428320348E-5,3.2049312292380287E-5,3.4775446253023126E-5,3.2049312292380287E-5,3.2567954428320355E-5,2.8018210837723536E-5]],[[3.0749442545439042E-5,3.530352080166429E-5,3.47867569494569E-5,3.7517758141656144E-5,3.47867569494569E-5,3.530352080166429E-5,3.0749442545439042E-5],[3.530352080166429E-5,3.9761996308187536E-5,3.9349511484681329E-5,4.1985513092785312E-5,3.9349511484681329E-5,3.9761996308187536E-5,3.530352080166429E-5],[3.47867569494569E-5,3.9349511484681329E-5,4.0665291719966018E-5,4.19833541886733E-5,4.0665291719966018E-5,3.9349511484681329E-5,3.47867569494569E-5],[3.7517758141656144E-5,4.1985513092785312E-5,4.19833541886733E-5,4.4418833567719848E-5,4.19833541886733E-5,4.1985513092785312E-5,3.7517758141656144E-5],[3.47867569494569E-5,3.9349511484681329E-5,4.0665291719966018E-5,4.19833541886733E-5,4.0665291719966018E-5,3.9349511484681329E-5,3.47867569494569E-5],[3.530352080166429E-5,3.9761996308187536E-5,3.9349511484681329E-5,4.1985513092785312E-5,3.9349511484681329E-5,3.9761996308187536E-5,3.530352080166429E-5],[3.0749442545439042E-5,3.530352080166429E-5,3.47867569494569E-5,3.7517758141656144E-5,3.47867569494569E-5,3.530352080166429E-5,3.0749442545439042E-5]],[[3.3482841266736749E-5,3.80399249041634E-5,3.7524606084151564E-5,4.0258831183272945E-5,3.7524606084151564E-5,3.80399249041634E-5,3.3482841266736749E-5],[3.80399249041634E-5,4.2499714881663815E-5,4.2088015255116846E-5,4.4725094501802166E-5,4.2088015255116846E-5,4.2499714881663815E-5,3.80399249041634E-5],[3.7524606084151564E-5,4.2088015255116846E-5,4.3404136259940295E-5,4.4722539790206595E-5,4.3404136259940295E-5,4.2088015255116846E-5,3.7524606084151564E-5],[4.0258831183272945E-5,4.4725094501802166E-5,4.4722539790206595E-5,4.71582839244351E-5,4.4722539790206595E-5,4.4725094501802166E-5,4.0258831183272945E-5],[3.7524606084151564E-5,4.2088015255116846E-5,4.3404136259940295E-5,4.4722539790206595E-5,4.3404136259940295E-5,4.2088015255116846E-5,3.7524606084151564E-5],[3.80399249041634E-5,4.2499714881663815E-5,4.2088015255116846E-5,4.4725094501802166E-5,4.2088015255116846E-5,4.2499714881663815E-5,3.80399249041634E-5],[3.3482841266736749E-5,3.80399249041634E-5,3.7524606084151564E-5,4.0258831183272945E-5,3.7524606084151564E-5,3.80399249041634E-5,3.3482841266736749E-5]],[[3.6217788313770241E-5,4.077709743372288E-5,4.026285565862041E-5,4.2999290057688188E-5,4.026285565862041E-5,4.077709743372288E-5,3.6217788313770241E-5],[4.077709743372288E-5,4.5238119557584064E-5,4.4826956454218859E-5,4.7464920665598207E-5,4.4826956454218859E-5,4.5238119557584064E-5,4.077709743372288E-5],[4.026285565862041E-5,4.4826956454218859E-5,4.6143392438075507E-5,4.7462111338662018E-5,4.6143392438075507E-5,4.4826956454218859E-5,4.026285565862041E-5],[4.2999290057688188E-5,4.7464920665598207E-5,4.7462111338662018E-5,4.9898203350644526E-5,4.7462111338662018E-5,4.7464920665598207E-5,4.2999290057688188E-5],[4.026285565862041E-5,4.4826956454218859E-5,4.6143392438075507E-5,4.7462111338662018E-5,4.6143392438075507E-5,4.4826956454218859E-5,4.026285565862041E-5],[4.077709743372288E-5,4.5238119557584064E-5,4.4826956454218859E-5,4.7464920665598207E-5,4.4826956454218859E-5,4.5238119557584064E-5,4.077709743372288E-5],[3.6217788313770241E-5,4.077709743372288E-5,4.026285565862041E-5,4.2999290057688188E-5,4.026285565862041E-5,4.077709743372288E-5,3.6217788313770241E-5]],[[3.8953923120471168E-5,4.3515008197757962E-5,4.3001544468574512E-5,4.5739570464190233E-5,4.3001544468574512E-5,4.3515008197757962E-5,3.8953923120471168E-5],[4.3515008197757962E-5,4.7977233979705367E-5,4.7566423175916067E-5,5.0205172148618763E-5,4.7566423175916067E-5,4.7977233979705367E-5,4.3515008197757962E-5],[4.3001544468574512E-5,4.7566423175916067E-5,4.8883170056582469E-5,5.0202200329482466E-5,4.8883170056582469E-5,4.7566423175916067E-5,4.3001544468574512E-5],[4.5739570464190233E-5,5.0205172148618763E-5,5.0202200329482466E-5,5.2638718052340582E-5,5.0202200329482466E-5,5.0205172148618763E-5,4.5739570464190233E-5],[4.3001544468574512E-5,4.7566423175916067E-5,4.8883170056582469E-5,5.0202200329482466E-5,4.8883170056582469E-5,4.7566423175916067E-5,4.3001544468574512E-5],[4.3515008197757962E-5,4.7977233979705367E-5,4.7566423175916067E-5,5.0205172148618763E-5,4.7566423175916067E-5,4.7977233979705367E-5,4.3515008197757962E-5],[3.8953923120471168E-5,4.3515008197757962E-5,4.3001544468574512E-5,4.5739570464190233E-5,4.3001544468574512E-5,4.3515008197757962E-5,3.8953923120471168E-5]],[[4.1691041160524009E-5,4.6253653532271274E-5,4.5740731734205372E-5,4.8479981791301877E-5,4.5740731734205372E-5,4.6253653532271274E-5,4.1691041160524009E-5],[4.6253653532271274E-5,5.0717090479883035E-5,5.0306496022362015E-5,5.2945986985588631E-5,5.0306496022362015E-5,5.0717090479883035E-5,4.6253653532271274E-5],[4.5740731734205372E-5,5.0306496022362015E-5,5.1623562435281993E-5,5.2942912787621064E-5,5.1623562435281993E-5,5.0306496022362015E-5,4.5740731734205372E-5],[4.8479981791301877E-5,5.2945986985588631E-5,5.2942912787621064E-5,5.5379927929292032E-5,5.2942912787621064E-5,5.2945986985588631E-5,4.8479981791301877E-5],[4.5740731734205372E-5,5.0306496022362015E-5,5.1623562435281993E-5,5.2942912787621064E-5,5.1623562435281993E-5,5.0306496022362015E-5,4.5740731734205372E-5],[4.6253653532271274E-5,5.0717090479883035E-5,5.0306496022362015E-5,5.2945986985588631E-5,5.0306496022362015E-5,5.0717090479883035E-5,4.6253653532271274E-5],[4.1691041160524009E-5,4.6253653532271274E-5,4.5740731734205372E-5,4.8479981791301877E-5,4.5740731734205372E-5,4.6253653532271274E-5,4.1691041160524009E-5]],[[4.4429033122575237E-5,4.8993047098799121E-5,4.8480484317722879E-5,5.1220748048464088E-5,4.8480484317722879E-5,4.8993047098799121E-5,4.4429033122575237E-5],[4.8993047098799121E-5,5.3457725696304095E-5,5.3047247474315612E-5,5.5687472624083286E-5,5.3047247474315612E-5,5.3457725696304095E-5,4.8993047098799121E-5],[4.8480484317722879E-5,5.3047247474315612E-5,5.436464907156899E-5,5.568433521653097E-5,5.436464907156899E-5,5.3047247474315612E-5,4.8480484317722879E-5],[5.1220748048464088E-5,5.5687472624083286E-5,5.568433521653097E-5,5.8121913060286451E-5,5.568433521653097E-5,5.5687472624083286E-5,5.1220748048464088E-5],[4.8480484317722879E-5,5.3047247474315612E-5,5.436464907156899E-5,5.568433521653097E-5,5.436464907156899E-5,5.3047247474315612E-5,4.8480484317722879E-5],[4.8993047098799121E-5,5.3457725696304095E-5,5.3047247474315612E-5,5.5687472624083286E-5,5.3047247474315612E-5,5.3457725696304095E-5,4.8993047098799121E-5],[4.4429033122575237E-5,4.8993047098799121E-5,4.8480484317722879E-5,5.1220748048464088E-5,4.8480484317722879E-5,4.8993047098799121E-5,4.4429033122575237E-5]],[[4.7167848030983724E-5,5.1733213212559046E-5,5.1220869595767967E-5,5.3962034700148058E-5,5.1220869595767967E-5,5.1733213212559046E-5,4.7167848030983724E-5],[5.1733213212559046E-5,5.6199177541870435E-5,5.5788741899938119E-5,5.8429713989455E-5,5.5788741899938119E-5,5.6199177541870435E-5,5.1733213212559046E-5],[5.1220869595767967E-5,5.5788741899938119E-5,5.7106497745632259E-5,5.8426538799423154E-5,5.7106497745632259E-5,5.5788741899938119E-5,5.1220869595767967E-5],[5.3962034700148058E-5,5.8429713989455E-5,5.8426538799423154E-5,6.0864738205435784E-5,5.8426538799423154E-5,5.8429713989455E-5,5.3962034700148058E-5],[5.1220869595767967E-5,5.5788741899938119E-5,5.7106497745632259E-5,5.8426538799423154E-5,5.7106497745632259E-5,5.5788741899938119E-5,5.1220869595767967E-5],[5.1733213212559046E-5,5.6199177541870435E-5,5.5788741899938119E-5,5.8429713989455E-5,5.5788741899938119E-5,5.6199177541870435E-5,5.1733213212559046E-5],[4.7167848030983724E-5,5.1733213212559046E-5,5.1220869595767967E-5,5.3962034700148058E-5,5.1220869595767967E-5,5.1733213212559046E-5,4.7167848030983724E-5]],[[4.9907470489454113E-5,5.4474182079379542E-5,5.3961951647061793E-5,5.6703966372812754E-5,5.3961951647061793E-5,5.4474182079379542E-5,4.9907470489454113E-5],[5.4474182079379542E-5,5.8941483182413266E-5,5.8531035914506211E-5,6.1172779036086078E-5,5.8531035914506211E-5,5.8941483182413266E-5,5.4474182079379542E-5],[5.3961951647061793E-5,5.8531035914506211E-5,5.9849166227582056E-5,6.1169582453521825E-5,5.9849166227582062E-5,5.8531035914506211E-5,5.3961951647061793E-5],[5.6703966372812754E-5,6.1172779036086078E-5,6.1169582453521825E-5,6.3608456041109882E-5,6.1169582453521825E-5,6.1172779036086078E-5,5.6703966372812754E-5],[5.3961951647061793E-5,5.8531035914506211E-5,5.9849166227582062E-5,6.1169582453521825E-5,5.9849166227582062E-5,5.8531035914506211E-5,5.3961951647061793E-5],[5.4474182079379542E-5,5.8941483182413266E-5,5.8531035914506211E-5,6.1172779036086078E-5,5.8531035914506211E-5,5.8941483182413266E-5,5.4474182079379542E-5],[4.9907470489454113E-5,5.4474182079379542E-5,5.3961951647061793E-5,5.6703966372812754E-5,5.3961951647061793E-5,5.4474182079379542E-5,4.9907470489454113E-5]],[[5.26479064134487E-5,5.7215986462907725E-5,5.6703789370729435E-5,5.9446638643839337E-5,5.6703789370729435E-5,5.7215986462907725E-5,5.26479064134487E-5],[5.7215986462907725E-5,6.1684677747747411E-5,6.127417891476428E-5,6.3916722641630321E-5,6.127417891476428E-5,6.1684677747747411E-5,5.7215986462907725E-5],[5.6703789370729435E-5,6.127417891476428E-5,6.2592703682217571E-5,6.39135151050257E-5,6.2592703682217571E-5,6.127417891476428E-5,5.6703789370729428E-5],[5.9446638643839337E-5,6.3916722641630321E-5,6.39135151050257E-5,6.6353109545720442E-5,6.39135151050257E-5,6.3916722641630321E-5,5.9446638643839337E-5],[5.6703789370729435E-5,6.127417891476428E-5,6.2592703682217571E-5,6.39135151050257E-5,6.2592703682217571E-5,6.127417891476428E-5,5.6703789370729428E-5],[5.7215986462907725E-5,6.1684677747747411E-5,6.127417891476428E-5,6.3916722641630321E-5,6.127417891476428E-5,6.1684677747747411E-5,5.7215986462907725E-5],[5.26479064134487E-5,5.7215986462907725E-5,5.6703789370729428E-5,5.9446638643839337E-5,5.6703789370729428E-5,5.7215986462907725E-5,5.26479064134487E-5]],[[5.5389173971170838E-5,5.99586594114836E-5,5.9446435715144506E-5,6.2190125978922063E-5,5.9446435715144506E-5,5.99586594114836E-5,5.5389173971170838E-5],[5.99586594114836E-5,6.4428793563260067E-5,6.4018213684012375E-5,6.6661589393005123E-5,6.4018213684012375E-5,6.4428793563260067E-5,5.99586594114836E-5],[5.9446435715144506E-5,6.4018213684012375E-5,6.5337151837530072E-5,6.665837742085211E-5,6.5337151837530072E-5,6.4018213684012375E-5,5.94464357151445E-5],[6.2190125978922063E-5,6.6661589393005123E-5,6.665837742085211E-5,6.90987337974581E-5,6.665837742085211E-5,6.6661589393005123E-5,6.2190125978922063E-5],[5.9446435715144506E-5,6.4018213684012375E-5,6.5337151837530072E-5,6.665837742085211E-5,6.5337151837530072E-5,6.4018213684012375E-5,5.94464357151445E-5],[5.99586594114836E-5,6.4428793563260067E-5,6.4018213684012375E-5,6.6661589393005123E-5,6.4018213684012375E-5,6.4428793563260081E-5,5.99586594114836E-5],[5.5389173971170838E-5,5.99586594114836E-5,5.94464357151445E-5,6.2190125978922063E-5,5.94464357151445E-5,5.99586594114836E-5,5.5389173971170838E-5]],[[5.8131297787670082E-5,6.2702232759806462E-5,6.2189937532206583E-5,6.4934487149078792E-5,6.2189937532206583E-5,6.2702232759806462E-5,5.8131297787670082E-5],[6.2702232759806462E-5,6.7173859744269608E-5,6.6763177008866045E-5,6.940741562083291E-5,6.6763177008866045E-5,6.7173859744269608E-5,6.2702232759806462E-5],[6.2189937532206583E-5,6.6763177008866045E-5,6.8082545965713424E-5,6.9404203153757761E-5,6.8082545965713424E-5,6.6763177008866045E-5,6.2189937532206583E-5],[6.4934487149078792E-5,6.940741562083291E-5,6.9404203153757761E-5,7.1845357354830081E-5,6.9404203153757761E-5,6.940741562083291E-5,6.4934487149078792E-5],[6.2189937532206583E-5,6.6763177008866045E-5,6.8082545965713424E-5,6.9404203153757761E-5,6.8082545965713424E-5,6.6763177008866045E-5,6.2189937532206583E-5],[6.2702232759806462E-5,6.7173859744269608E-5,6.6763177008866045E-5,6.940741562083291E-5,6.6763177008866045E-5,6.7173859744269608E-5,6.2702232759806462E-5],[5.8131297787670082E-5,6.2702232759806462E-5,6.2189937532206583E-5,6.4934487149078792E-5,6.2189937532206583E-5,6.2702232759806462E-5,5.8131297787670082E-5]],[[6.0874305233443908E-5,6.544673618911524E-5,6.49343357714306E-5,6.7679768986648339E-5,6.49343357714306E-5,6.544673618911524E-5,6.0874305233443908E-5],[6.544673618911524E-5,6.9919902038133891E-5,6.9509100275634314E-5,7.2154230916913535E-5,6.9509100275634314E-5,6.9919902038133891E-5,6.544673618911524E-5],[6.49343357714306E-5,6.9509100275634314E-5,7.082891571379359E-5,7.2151020207109187E-5,7.082891571379359E-5,6.9509100275634314E-5,6.49343357714306E-5],[6.7679768986648339E-5,7.2154230916913535E-5,7.2151020207109187E-5,7.4593003335451065E-5,7.2151020207109187E-5,7.2154230916913535E-5,6.7679768986648339E-5],[6.49343357714306E-5,6.9509100275634314E-5,7.082891571379359E-5,7.2151020207109187E-5,7.082891571379359E-5,6.9509100275634314E-5,6.49343357714306E-5],[6.544673618911524E-5,6.9919902038133891E-5,6.9509100275634314E-5,7.2154230916913535E-5,6.9509100275634314E-5,6.9919902038133891E-5,6.544673618911524E-5],[6.0874305233443908E-5,6.544673618911524E-5,6.49343357714306E-5,6.7679768986648339E-5,6.49343357714306E-5,6.544673618911524E-5,6.0874305233443908E-5]],[[6.3618224067049393E-5,6.8192196683761576E-5,6.7679665846863093E-5,7.0426009037143666E-5,6.7679665846863093E-5,6.8192196683761576E-5,6.3618224067049393E-5],[6.8192196683761576E-5,7.2666942831349477E-5,7.2256010030129173E-5,7.4902059290625614E-5,7.2256010030129173E-5,7.2666942831349477E-5,6.8192196683761576E-5],[6.7679665846863093E-5,7.2256010030129173E-5,7.357628581246941E-5,7.4898851492661076E-5,7.357628581246941E-5,7.2256010030129173E-5,6.7679665846863093E-5],[7.0426009037143666E-5,7.4902059290625614E-5,7.4898851492661076E-5,7.7341690272864316E-5,7.4898851492661076E-5,7.4902059290625614E-5,7.0426009037143666E-5],[6.7679665846863093E-5,7.2256010030129173E-5,7.357628581246941E-5,7.4898851492661076E-5,7.357628581246941E-5,7.2256010030129173E-5,6.7679665846863093E-5],[6.8192196683761576E-5,7.2666942831349477E-5,7.2256010030129173E-5,7.4902059290625614E-5,7.2256010030129173E-5,7.2666942831349477E-5,6.8192196683761576E-5],[6.3618224067049393E-5,6.8192196683761576E-5,6.7679665846863093E-5,7.0426009037143666E-5,6.7679665846863093E-5,6.8192196683761576E-5,6.3618224067049393E-5]],[[6.6363080968506071E-5,7.0938638264212117E-5,7.0425958080373911E-5,7.3173237469458322E-5,7.0425958080373911E-5,7.0938638264212117E-5,6.6363080968506071E-5],[7.0938638264212117E-5,7.5415001262816466E-5,7.5003928493888722E-5,7.7650920068904992E-5,7.5003928493888722E-5,7.5415001262816466E-5,7.0938638264212117E-5],[7.0425958080373911E-5,7.5003928493888722E-5,7.6324676685337264E-5,7.76477156327087E-5,7.6324676685337264E-5,7.5003928493888722E-5,7.0425958080373911E-5],[7.3173237469458322E-5,7.7650920068904992E-5,7.76477156327087E-5,8.0091432807440037E-5,7.76477156327087E-5,7.7650920068904992E-5,7.3173237469458322E-5],[7.0425958080373911E-5,7.5003928493888722E-5,7.6324676685337264E-5,7.76477156327087E-5,7.6324676685337264E-5,7.5003928493888722E-5,7.0425958080373911E-5],[7.0938638264212117E-5,7.5415001262816466E-5,7.5003928493888722E-5,7.7650920068904992E-5,7.5003928493888722E-5,7.5415001262816466E-5,7.0938638264212117E-5],[6.6363080968506071E-5,7.0938638264212117E-5,7.0425958080373911E-5,7.3173237469458322E-5,7.0425958080373911E-5,7.0938638264212117E-5,6.6363080968506071E-5]],[[6.9108900663523732E-5,7.3686081908671427E-5,7.31732381665695E-5,7.5921478481826081E-5,7.31732381665695E-5,7.3686081908671427E-5,6.9108900663523732E-5],[7.3686081908671427E-5,7.8164093401875229E-5,7.7752874034911853E-5,8.0400828610786826E-5,7.7752874034911853E-5,7.8164093401875229E-5,7.3686081908671427E-5],[7.31732381665695E-5,7.7752874034911853E-5,7.9074104975771981E-5,8.0397627543052417E-5,7.9074104975771981E-5,7.7752874034911853E-5,7.31732381665695E-5],[7.5921478481826081E-5,8.0400828610786826E-5,8.0397627543052417E-5,8.2842242251264747E-5,8.0397627543052417E-5,8.0400828610786826E-5,7.5921478481826081E-5],[7.31732381665695E-5,7.7752874034911853E-5,7.9074104975771981E-5,8.0397627543052417E-5,7.9074104975771981E-5,7.7752874034911853E-5,7.31732381665695E-5],[7.3686081908671427E-5,7.8164093401875229E-5,7.7752874034911853E-5,8.0400828610786826E-5,7.7752874034911853E-5,7.8164093401875229E-5,7.3686081908671427E-5],[6.9108900663523732E-5,7.3686081908671427E-5,7.31732381665695E-5,7.5921478481826081E-5,7.31732381665695E-5,7.3686081908671427E-5,6.9108900663523732E-5]],[[7.1855705440512966E-5,7.6434545599831069E-5,7.5921527629216042E-5,7.8670751360030065E-5,7.5921527629216042E-5,7.6434545599831069E-5,7.1855705440512966E-5],[7.6434545599831069E-5,8.0914232462397074E-5,8.0502861593823423E-5,8.3151796885233843E-5,8.0502861593823423E-5,8.0914232462397074E-5,7.6434545599831069E-5],[7.5921527629216042E-5,8.0502861593823423E-5,8.1824584005035623E-5,8.31485989229971E-5,8.1824584005035623E-5,8.0502861593823423E-5,7.5921527629216042E-5],[7.8670751360030065E-5,8.3151796885233843E-5,8.31485989229971E-5,8.55941270558196E-5,8.31485989229971E-5,8.3151796885233843E-5,7.8670751360030065E-5],[7.5921527629216042E-5,8.0502861593823423E-5,8.1824584005035623E-5,8.31485989229971E-5,8.1824584005035623E-5,8.0502861593823423E-5,7.5921527629216042E-5],[7.6434545599831069E-5,8.0914232462397074E-5,8.0502861593823423E-5,8.3151796885233843E-5,8.0502861593823423E-5,8.0914232462397074E-5,7.6434545599831069E-5],[7.1855705440512966E-5,7.6434545599831069E-5,7.5921527629216042E-5,7.8670751360030065E-5,7.5921527629216042E-5,7.6434545599831069E-5,7.1855705440512966E-5]],[[7.4603514927793781E-5,7.9184044451336213E-5,7.8670844253422737E-5,8.1421071291853936E-5,7.8670844253422737E-5,7.9184044451336213E-5,7.4603514927793781E-5],[7.9184044451336213E-5,8.3665429033283543E-5,8.3253903067803626E-5,8.5903833946095374E-5,8.3253903067803626E-5,8.3665429033283543E-5,7.9184044451336213E-5],[7.8670844253422737E-5,8.3253903067803626E-5,8.4576124172344036E-5,8.59006386715117E-5,8.4576124172344036E-5,8.3253903067803626E-5,7.8670844253422737E-5],[8.1421071291853936E-5,8.5903833946095374E-5,8.59006386715117E-5,8.8347093203473639E-5,8.59006386715117E-5,8.5903833946095374E-5,8.1421071291853936E-5],[7.8670844253422737E-5,8.3253903067803626E-5,8.4576124172344036E-5,8.59006386715117E-5,8.4576124172344036E-5,8.3253903067803626E-5,7.8670844253422737E-5],[7.9184044451336213E-5,8.3665429033283543E-5,8.3253903067803626E-5,8.5903833946095374E-5,8.3253903067803626E-5,8.3665429033283543E-5,7.9184044451336213E-5],[7.4603514927793781E-5,7.9184044451336213E-5,7.8670844253422737E-5,8.1421071291853936E-5,7.8670844253422737E-5,7.9184044451336213E-5,7.4603514927793781E-5]],[[7.7352346041215919E-5,8.1934590881926686E-5,8.1421202486226359E-5,8.4172450007556317E-5,8.1421202486226359E-5,8.1934590881926686E-5,7.7352346041215919E-5],[8.1934590881926686E-5,8.64176913122431E-5,8.60060076553195E-5,8.8656946328094879E-5,8.60060076553195E-5,8.64176913122431E-5,8.1934590881926686E-5],[8.1421202486226359E-5,8.60060076553195E-5,8.73287333055192E-5,8.8653753243764149E-5,8.73287333055192E-5,8.60060076553195E-5,8.1421202486226359E-5],[8.4172450007556317E-5,8.8656946328094879E-5,8.8653753243764149E-5,9.1101144538380783E-5,8.8653753243764149E-5,8.8656946328094879E-5,8.4172450007556317E-5],[8.1421202486226359E-5,8.60060076553195E-5,8.73287333055192E-5,8.8653753243764149E-5,8.73287333055192E-5,8.60060076553195E-5,8.1421202486226359E-5],[8.1934590881926686E-5,8.64176913122431E-5,8.60060076553195E-5,8.8656946328094879E-5,8.60060076553195E-5,8.64176913122431E-5,8.1934590881926686E-5],[7.7352346041215919E-5,8.1934590881926686E-5,8.1421202486226359E-5,8.4172450007556317E-5,8.1421202486226359E-5,8.1934590881926686E-5,7.7352346041215919E-5]],[[8.0102213040940168E-5,8.468619481493546E-5,8.41726138029155E-5,8.6924896293662E-5,8.41726138029155E-5,8.468619481493546E-5,8.0102213040940168E-5],[8.468619481493546E-5,8.9171025334273827E-5,8.8759182164879652E-5,9.1411138380929338E-5,8.8759182164879652E-5,8.9171025334273827E-5,8.468619481493546E-5],[8.41726138029155E-5,8.8759182164879652E-5,9.00824169691818E-5,9.1407946958719217E-5,9.00824169691818E-5,8.8759182164879652E-5,8.41726138029155E-5],[8.6924896293662E-5,9.1411138380929338E-5,9.1407946958719217E-5,9.3856283048448832E-5,9.1407946958719217E-5,9.1411138380929338E-5,8.6924896293662E-5],[8.41726138029155E-5,8.8759182164879652E-5,9.00824169691818E-5,9.1407946958719217E-5,9.00824169691818E-5,8.8759182164879652E-5,8.41726138029155E-5],[8.468619481493546E-5,8.9171025334273827E-5,8.8759182164879652E-5,9.1411138380929338E-5,8.8759182164879652E-5,8.9171025334273827E-5,8.468619481493546E-5],[8.0102213040940168E-5,8.468619481493546E-5,8.41726138029155E-5,8.6924896293662E-5,8.41726138029155E-5,8.468619481493546E-5,8.0102213040940168E-5]],[[8.2853127655590377E-5,8.743886388790335E-5,8.6925087039154013E-5,8.96784164125329E-5,8.6925087039154013E-5,8.743886388790335E-5,8.2853127655590377E-5],[8.743886388790335E-5,9.19254351895314E-5,9.1513431291066882E-5,9.4166412553960008E-5,9.1513431291066882E-5,9.19254351895314E-5,8.743886388790335E-5],[8.6925087039154013E-5,9.1513431291066882E-5,9.2837178736228935E-5,9.4163222266032361E-5,9.2837178736228935E-5,9.1513431291066882E-5,8.6925087039154013E-5],[8.96784164125329E-5,9.4166412553960008E-5,9.4163222266032361E-5,9.66125091072872E-5,9.4163222266032361E-5,9.4166412553960008E-5,8.96784164125329E-5],[8.6925087039154013E-5,9.1513431291066882E-5,9.2837178736228935E-5,9.4163222266032361E-5,9.2837178736228935E-5,9.1513431291066882E-5,8.6925087039154013E-5],[8.743886388790335E-5,9.19254351895314E-5,9.1513431291066882E-5,9.4166412553960008E-5,9.1513431291066882E-5,9.19254351895314E-5,8.743886388790335E-5],[8.2853127655590377E-5,8.743886388790335E-5,8.6925087039154013E-5,8.96784164125329E-5,8.6925087039154013E-5,8.743886388790335E-5,8.2853127655590377E-5]],[[8.56050992452568E-5,9.0192603662151807E-5,8.967862869033878E-5,9.2433014450417019E-5,8.967862869033878E-5,9.0192603662151807E-5,8.56050992452568E-5],[9.0192603662151807E-5,9.46809232275102E-5,9.4268757860970133E-5,9.69227696407886E-5,9.4268757860970133E-5,9.46809232275102E-5,9.0192603662151807E-5],[8.967862869033878E-5,9.4268757860970133E-5,9.5593020427383585E-5,9.69195799786922E-5,9.5593020427383585E-5,9.4268757860970133E-5,8.967862869033878E-5],[9.2433014450417019E-5,9.69227696407886E-5,9.69195799786922E-5,9.9369821683035039E-5,9.69195799786922E-5,9.69227696407886E-5,9.2433014450417019E-5],[8.967862869033878E-5,9.4268757860970133E-5,9.5593020427383585E-5,9.69195799786922E-5,9.5593020427383585E-5,9.4268757860970133E-5,8.967862869033878E-5],[9.0192603662151807E-5,9.46809232275102E-5,9.4268757860970133E-5,9.69227696407886E-5,9.4268757860970133E-5,9.46809232275102E-5,9.0192603662151807E-5],[8.56050992452568E-5,9.0192603662151807E-5,8.967862869033878E-5,9.2433014450417019E-5,8.967862869033878E-5,9.0192603662151807E-5,8.56050992452568E-5]],[[8.8358134984059381E-5,9.2947417825743367E-5,9.24332431803509E-5,9.518869260989222E-5,9.24332431803509E-5,9.2947417825743367E-5,8.8358134984059381E-5],[9.2947417825743367E-5,9.7437490245978737E-5,9.70251630539144E-5,9.9680208990700459E-5,9.70251630539144E-5,9.7437490245978737E-5,9.2947417825743367E-5],[9.24332431803509E-5,9.70251630539144E-5,9.834994232281192E-5,9.9677019476503609E-5,9.834994232281192E-5,9.70251630539144E-5,9.24332431803509E-5],[9.518869260989222E-5,9.9680208990700459E-5,9.9677019476503609E-5,0.00010212821851943849,9.9677019476503609E-5,9.9680208990700459E-5,9.518869260989222E-5],[9.24332431803509E-5,9.70251630539144E-5,9.834994232281192E-5,9.9677019476503609E-5,9.834994232281192E-5,9.70251630539144E-5,9.24332431803509E-5],[9.2947417825743367E-5,9.7437490245978737E-5,9.70251630539144E-5,9.9680208990700459E-5,9.70251630539144E-5,9.7437490245978737E-5,9.2947417825743367E-5],[8.8358134984059381E-5,9.2947417825743367E-5,9.24332431803509E-5,9.518869260989222E-5,9.24332431803509E-5,9.2947417825743367E-5,8.8358134984059381E-5]],[[9.1112240049389225E-5,9.57033083858013E-5,9.5188933102151546E-5,9.7945451458333348E-5,9.5188933102151546E-5,9.57033083858013E-5,9.1112240049389225E-5],[9.57033083858013E-5,0.00010019513566416682,9.9782646597207866E-5,0.00010243872869243695,9.9782646597207866E-5,0.00010019513566416682,9.57033083858013E-5],[9.5188933102151546E-5,9.9782646597207866E-5,0.00010110794334925565,0.00010243553888458556,0.00010110794334925565,9.9782646597207866E-5,9.5188933102151546E-5],[9.7945451458333348E-5,0.00010243872869243695,0.00010243553888458556,0.00010488769629350456,0.00010243553888458556,0.00010243872869243695,9.7945451458333348E-5],[9.5188933102151546E-5,9.9782646597207866E-5,0.00010110794334925565,0.00010243553888458556,0.00010110794334925565,9.9782646597207866E-5,9.5188933102151546E-5],[9.57033083858013E-5,0.00010019513566416682,9.9782646597207866E-5,0.00010243872869243695,9.9782646597207866E-5,0.00010019513566416682,9.57033083858013E-5],[9.1112240049389225E-5,9.57033083858013E-5,9.5188933102151546E-5,9.7945451458333348E-5,9.5188933102151546E-5,9.57033083858013E-5,9.1112240049389225E-5]],[[9.3867417809403775E-5,9.8460275847947256E-5,9.7945699432697224E-5,0.00010070329014086777,9.7945699432697224E-5,9.8460275847947256E-5,9.3867417809403775E-5],[9.8460275847947256E-5,0.00010295385768037472,0.00010254120694036318,0.00010519832573455366,0.00010254120694036318,0.00010295385768037472,9.8460275847947256E-5],[9.7945699432697224E-5,0.00010254120694036318,0.00010386702124560292,0.00010519513523027533,0.00010386702124560292,0.00010254120694036318,9.7945699432697224E-5],[0.00010070329014086777,0.00010519832573455366,0.00010519513523027533,0.00010764825075318648,0.00010519513523027533,0.00010519832573455366,0.00010070329014086777],[9.7945699432697224E-5,0.00010254120694036318,0.00010386702124560292,0.00010519513523027533,0.00010386702124560292,0.00010254120694036318,9.7945699432697224E-5],[9.8460275847947256E-5,0.00010295385768037472,0.00010254120694036318,0.00010519832573455366,0.00010254120694036318,0.00010295385768037472,9.8460275847947256E-5],[9.3867417809403775E-5,9.84602758479