{"M_cells":[[[0,0,0,0,0,0,0],[0,0,0,0,0,0,0],[0,0,0,0,0,0,0],[0,0,0,0,0,0,0],[0,0,0,0,0,0,0],[0,0,0,0,0,0,0],[0,0,0,0,0,0,0]],[[1.3667995161006115E-12,7.8378343050171663E-12,6.97485931011958E-12,1.0198925152919242E-11,6.97485931011958E-12,7.8378343050171663E-12,1.3667995161006115E-12],[7.8378343050171663E-12,3.2976713558469829E-11,3.0156062544149267E-11,4.2571484161248351E-11,3.0156062544149267E-11,3.2976713558469829E-11,7.8378343050171663E-12],[6.97485931011958E-12,3.0156062544149267E-11,3.6995992124887788E-11,4.387205702567158E-11,3.6995992124887788E-11,3.0156062544149267E-11,6.97485931011958E-12],[1.0198925152919242E-11,4.2571484161248351E-11,4.387205702567158E-11,5.7841826903168621E-11,4.387205702567158E-11,4.2571484161248351E-11,1.0198925152919242E-11],[6.97485931011958E-12,3.0156062544149267E-11,3.6995992124887788E-11,4.387205702567158E-11,3.6995992124887788E-11,3.0156062544149267E-11,6.97485931011958E-12],[7.8378343050171663E-12,3.2976713558469829E-11,3.0156062544149267E-11,4.2571484161248351E-11,3.0156062544149267E-11,3.2976713558469829E-11,7.8378343050171679E-12],[1.3667995161006115E-12,7.8378343050171663E-12,6.97485931011958E-12,1.0198925152919242E-11,6.97485931011958E-12,7.8378343050171679E-12,1.3667995161006115E-12]],[[9.35190637343264E-12,3.035983790942505E-11,2.7591305474749904E-11,3.8395778940276678E-11,2.7591305474749904E-11,3.035983790942505E-11,9.35190637343264E-12],[3.035983790942505E-11,7.8207824274115329E-11,7.2907469266354978E-11,9.7503437730299448E-11,7.2907469266354978E-11,7.8207824274115329E-11,3.035983790942505E-11],[2.7591305474749904E-11,7.2907469266354978E-11,8.6192069520000863E-11,9.9522364275099984E-11,8.6192069520000863E-11,7.2907469266354978E-11,2.7591305474749904E-11],[3.8395778940276678E-11,9.7503437730299448E-11,9.9522364275099984E-11,1.2608734705322145E-10,9.9522364275099984E-11,9.7503437730299448E-11,3.8395778940276678E-11],[2.7591305474749904E-11,7.2907469266354978E-11,8.6192069520000863E-11,9.9522364275099984E-11,8.6192069520000863E-11,7.2907469266354978E-11,2.7591305474749904E-11],[3.035983790942505E-11,7.8207824274115329E-11,7.2907469266354978E-11,9.7503437730299448E-11,7.2907469266354978E-11,7.8207824274115317E-11,3.035983790942505E-11],[9.35190637343264E-12,3.035983790942505E-11,2.7591305474749904E-11,3.8395778940276678E-11,2.7591305474749904E-11,3.035983790942505E-11,9.35190637343264E-12]],[[2.72338538441558E-11,6.61388693816648E-11,6.1059255112544575E-11,8.1608892554197087E-11,6.1059255112544575E-11,6.61388693816648E-11,2.72338538441558E-11],[6.61388693816648E-11,1.3451584938061012E-10,1.2704395938529225E-10,1.6324404110900756E-10,1.2704395938529225E-10,1.3451584938061012E-10,6.61388693816648E-11],[6.1059255112544575E-11,1.2704395938529225E-10,1.4629331020699513E-10,1.655969910703329E-10,1.4629331020699513E-10,1.2704395938529225E-10,6.1059255112544575E-11],[8.1608892554197087E-11,1.6324404110900756E-10,1.655969910703329E-10,2.0351300830467327E-10,1.655969910703329E-10,1.6324404110900756E-10,8.1608892554197087E-11],[6.1059255112544575E-11,1.2704395938529225E-10,1.4629331020699513E-10,1.655969910703329E-10,1.4629331020699513E-10,1.2704395938529225E-10,6.1059255112544575E-11],[6.61388693816648E-11,1.3451584938061012E-10,1.2704395938529225E-10,1.6324404110900756E-10,1.2704395938529225E-10,1.3451584938061012E-10,6.61388693816648E-11],[2.72338538441558E-11,6.61388693816648E-11,6.1059255112544575E-11,8.1608892554197087E-11,6.1059255112544575E-11,6.61388693816648E-11,2.72338538441558E-11]],[[5.6210423088100975E-11,1.1391471299461612E-10,1.0645540777060718E-10,1.376125180051135E-10,1.0645540777060718E-10,1.1391471299461612E-10,5.6210423088100975E-11],[1.1391471299461612E-10,2.0089157479815876E-10,1.9152612305456091E-10,2.3859726158630476E-10,1.9152612305456091E-10,2.0089157479815876E-10,1.1391471299461612E-10],[1.0645540777060718E-10,1.9152612305456091E-10,2.16259073952402E-10,2.4105417770504552E-10,2.1625907395240202E-10,1.9152612305456094E-10,1.0645540777060718E-10],[1.376125180051135E-10,2.3859726158630476E-10,2.4105417770504552E-10,2.8921763554274207E-10,2.4105417770504552E-10,2.3859726158630476E-10,1.376125180051135E-10],[1.0645540777060718E-10,1.9152612305456091E-10,2.1625907395240202E-10,2.4105417770504552E-10,2.1625907395240202E-10,1.9152612305456091E-10,1.0645540777060718E-10],[1.1391471299461612E-10,2.0089157479815876E-10,1.9152612305456094E-10,2.3859726158630476E-10,1.9152612305456091E-10,2.0089157479815876E-10,1.1391471299461611E-10],[5.6210423088100975E-11,1.1391471299461612E-10,1.0645540777060718E-10,1.376125180051135E-10,1.0645540777060718E-10,1.1391471299461611E-10,5.6210423088100975E-11]],[[9.6406747306714082E-11,1.7257082391796722E-10,1.6282985274338702E-10,2.0470119702392903E-10,1.6282985274338702E-10,1.7257082391796722E-10,9.6406747306714082E-11],[1.7257082391796722E-10,2.7643669061207764E-10,2.6541839347135227E-10,3.2257324666089061E-10,2.6541839347135227E-10,2.7643669061207764E-10,1.7257082391796722E-10],[1.6282985274338702E-10,2.6541839347135227E-10,2.9517468925408397E-10,3.2500024701177524E-10,2.9517468925408397E-10,2.6541839347135227E-10,1.6282985274338702E-10],[2.0470119702392903E-10,3.2257324666089061E-10,3.2500024701177524E-10,3.8243529081918315E-10,3.2500024701177524E-10,3.2257324666089061E-10,2.0470119702392903E-10],[1.6282985274338702E-10,2.6541839347135227E-10,2.9517468925408397E-10,3.2500024701177524E-10,2.9517468925408397E-10,2.6541839347135227E-10,1.6282985274338702E-10],[1.7257082391796722E-10,2.7643669061207764E-10,2.6541839347135227E-10,3.2257324666089061E-10,2.6541839347135227E-10,2.7643669061207764E-10,1.7257082391796722E-10],[9.6406747306714082E-11,1.7257082391796722E-10,1.6282985274338702E-10,2.0470119702392903E-10,1.6282985274338702E-10,1.7257082391796722E-10,9.6406747306714082E-11]],[[1.4741956323241842E-10,2.4111665868763738E-10,2.2926430928618512E-10,2.815356654036458E-10,2.2926430928618512E-10,2.4111665868763738E-10,1.4741956323241842E-10],[2.4111665868763738E-10,3.6035320862177951E-10,3.4788580742687058E-10,4.1434180756171851E-10,3.4788580742687058E-10,3.6035320862177946E-10,2.4111665868763738E-10],[2.2926430928618512E-10,3.4788580742687058E-10,3.82237356578041E-10,4.1666465066576197E-10,3.82237356578041E-10,3.4788580742687058E-10,2.2926430928618512E-10],[2.815356654036458E-10,4.1434180756171851E-10,4.1666465066576197E-10,4.8251018907532441E-10,4.1666465066576197E-10,4.1434180756171851E-10,2.815356654036458E-10],[2.2926430928618512E-10,3.4788580742687058E-10,3.82237356578041E-10,4.1666465066576197E-10,3.82237356578041E-10,3.4788580742687058E-10,2.2926430928618512E-10],[2.4111665868763738E-10,3.6035320862177946E-10,3.4788580742687058E-10,4.1434180756171851E-10,3.4788580742687058E-10,3.6035320862177951E-10,2.4111665868763738E-10],[1.4741956323241842E-10,2.4111665868763738E-10,2.2926430928618512E-10,2.815356654036458E-10,2.2926430928618512E-10,2.4111665868763738E-10,1.4741956323241842E-10]],[[2.0860881563412804E-10,3.1867333013833644E-10,3.0490164726180321E-10,3.67040752025662E-10,3.0490164726180321E-10,3.1867333013833644E-10,2.0860881563412804E-10],[3.1867333013833644E-10,4.5193339332073427E-10,4.3818720643850376E-10,5.1319903758322641E-10,4.3818720643850376E-10,4.5193339332073427E-10,3.1867333013833644E-10],[3.0490164726180321E-10,4.3818720643850376E-10,4.7674283706523483E-10,5.1538014633145593E-10,4.7674283706523472E-10,4.3818720643850371E-10,3.0490164726180321E-10],[3.67040752025662E-10,5.1319903758322641E-10,5.1538014633145593E-10,5.8887737643500112E-10,5.1538014633145593E-10,5.1319903758322641E-10,3.67040752025662E-10],[3.0490164726180321E-10,4.3818720643850376E-10,4.7674283706523472E-10,5.1538014633145593E-10,4.7674283706523472E-10,4.3818720643850371E-10,3.0490164726180321E-10],[3.1867333013833644E-10,4.5193339332073427E-10,4.3818720643850371E-10,5.1319903758322641E-10,4.3818720643850371E-10,4.5193339332073427E-10,3.1867333013833644E-10],[2.0860881563412804E-10,3.1867333013833644E-10,3.0490164726180321E-10,3.67040752025662E-10,3.0490164726180321E-10,3.1867333013833644E-10,2.0860881563412804E-10]],[[2.7925177233633273E-10,4.0446135844782952E-10,3.8895858663656642E-10,4.6033662843947912E-10,3.8895858663656642E-10,4.0446135844782952E-10,2.7925177233633273E-10],[4.0446135844782952E-10,5.5055032644268108E-10,5.3566691469883107E-10,6.185428235417608E-10,5.3566691469883107E-10,5.5055032644268108E-10,4.0446135844782952E-10],[3.8895858663656642E-10,5.3566691469883107E-10,5.7807331658030605E-10,6.2056684886932112E-10,5.7807331658030605E-10,5.3566691469883107E-10,3.8895858663656637E-10],[4.6033662843947912E-10,6.185428235417608E-10,6.2056684886932112E-10,7.0104763023808674E-10,6.2056684886932112E-10,6.185428235417608E-10,4.6033662843947912E-10],[3.8895858663656642E-10,5.3566691469883107E-10,5.7807331658030605E-10,6.2056684886932112E-10,5.7807331658030605E-10,5.3566691469883107E-10,3.8895858663656637E-10],[4.0446135844782952E-10,5.5055032644268108E-10,5.3566691469883107E-10,6.185428235417608E-10,5.3566691469883107E-10,5.5055032644268108E-10,4.0446135844782952E-10],[2.7925177233633273E-10,4.0446135844782952E-10,3.8895858663656637E-10,4.6033662843947912E-10,3.8895858663656637E-10,4.0446135844782952E-10,2.7925177233633273E-10]],[[3.5862245645701033E-10,4.9778988400763069E-10,4.80728790376325E-10,5.6069164791553656E-10,4.80728790376325E-10,4.9778988400763069E-10,3.5862245645701033E-10],[4.9778988400763069E-10,6.5564918362699381E-10,6.3974605219151584E-10,7.2985447870424672E-10,6.3974605219151574E-10,6.5564918362699371E-10,4.9778988400763069E-10],[4.80728790376325E-10,6.3974605219151584E-10,6.8568657121546835E-10,7.3171924931943622E-10,6.8568657121546835E-10,6.3974605219151574E-10,4.8072879037632493E-10],[5.6069164791553656E-10,7.2985447870424672E-10,7.3171924931943622E-10,8.18595490878322E-10,7.3171924931943622E-10,7.2985447870424672E-10,5.6069164791553656E-10],[4.80728790376325E-10,6.3974605219151574E-10,6.8568657121546835E-10,7.3171924931943622E-10,6.8568657121546835E-10,6.3974605219151574E-10,4.8072879037632493E-10],[4.9778988400763069E-10,6.5564918362699371E-10,6.3974605219151574E-10,7.2985447870424672E-10,6.3974605219151574E-10,6.5564918362699371E-10,4.9778988400763069E-10],[3.5862245645701033E-10,4.9778988400763069E-10,4.8072879037632493E-10,5.6069164791553656E-10,4.8072879037632493E-10,4.9778988400763069E-10,3.5862245645701033E-10]],[[4.4603066283414345E-10,5.9804701635875526E-10,5.7958069191972847E-10,6.6748931502634858E-10,5.7958069191972847E-10,5.9804701635875526E-10,4.4603066283414345E-10],[5.9804701635875526E-10,7.66739260584782E-10,7.4991411386681527E-10,8.4668466680545819E-10,7.4991411386681527E-10,7.66739260584782E-10,5.9804701635875526E-10],[5.7958069191972847E-10,7.4991411386681527E-10,7.99106418573968E-10,8.4839553933474338E-10,7.99106418573968E-10,7.4991411386681527E-10,5.7958069191972847E-10],[6.6748931502634858E-10,8.4668466680545819E-10,8.4839553933474338E-10,9.41149647810378E-10,8.4839553933474338E-10,8.4668466680545819E-10,6.6748931502634858E-10],[5.7958069191972847E-10,7.4991411386681527E-10,7.99106418573968E-10,8.4839553933474338E-10,7.99106418573968E-10,7.4991411386681527E-10,5.7958069191972847E-10],[5.9804701635875526E-10,7.66739260584782E-10,7.4991411386681527E-10,8.4668466680545819E-10,7.4991411386681527E-10,7.66739260584782E-10,5.9804701635875526E-10],[4.4603066283414345E-10,5.9804701635875526E-10,5.7958069191972847E-10,6.6748931502634858E-10,5.7958069191972847E-10,5.9804701635875526E-10,4.4603066283414345E-10]],[[5.4083925987233437E-10,7.0469114683273549E-10,6.8495264056793918E-10,7.8020462497517029E-10,6.8495264056793918E-10,7.0469114683273549E-10,5.4083925987233437E-10],[7.0469114683273549E-10,8.8338675202798153E-10,8.6572113265993177E-10,9.6864239351358528E-10,8.6572113265993177E-10,8.8338675202798153E-10,7.0469114683273549E-10],[6.8495264056793918E-10,8.6572113265993177E-10,9.1791436839825554E-10,9.70208750372153E-10,9.1791436839825554E-10,8.6572113265993177E-10,6.8495264056793918E-10],[7.8020462497517029E-10,9.6864239351358528E-10,9.70208750372153E-10,1.0683851194971876E-9,9.70208750372153E-10,9.6864239351358528E-10,7.8020462497517029E-10],[6.8495264056793918E-10,8.6572113265993177E-10,9.1791436839825554E-10,9.70208750372153E-10,9.1791436839825554E-10,8.6572113265993177E-10,6.8495264056793918E-10],[7.0469114683273549E-10,8.8338675202798153E-10,8.6572113265993177E-10,9.6864239351358528E-10,8.6572113265993177E-10,8.8338675202798153E-10,7.0469114683273549E-10],[5.4083925987233437E-10,7.0469114683273549E-10,6.8495264056793918E-10,7.8020462497517029E-10,6.8495264056793918E-10,7.0469114683273549E-10,5.4083925987233437E-10]],[[6.4246998235346912E-10,8.1724312418830124E-10,7.9634687692701948E-10,8.9838671084226514E-10,7.9634687692701948E-10,8.1724312418830124E-10,6.4246998235346912E-10],[8.1724312418830124E-10,1.0052082612730525E-9,9.867705615699368E-10,1.0953862358760438E-9,9.867705615699368E-10,1.0052082612730525E-9,8.1724312418830124E-10],[7.9634687692701948E-10,9.867705615699368E-10,1.0417423558858515E-9,1.0968193390957757E-9,1.0417423558858515E-9,9.867705615699368E-10,7.9634687692701948E-10],[8.9838671084226514E-10,1.0953862358760438E-9,1.0968193390957757E-9,1.2000168193476085E-9,1.0968193390957757E-9,1.0953862358760438E-9,8.9838671084226514E-10],[7.9634687692701948E-10,9.867705615699368E-10,1.0417423558858515E-9,1.0968193390957757E-9,1.0417423558858515E-9,9.867705615699368E-10,7.9634687692701948E-10],[8.1724312418830124E-10,1.0052082612730525E-9,9.867705615699368E-10,1.0953862358760438E-9,9.867705615699368E-10,1.0052082612730525E-9,8.1724312418830124E-10],[6.4246998235346912E-10,8.1724312418830124E-10,7.9634687692701948E-10,8.9838671084226514E-10,7.9634687692701948E-10,8.1724312418830124E-10,6.4246998235346912E-10]],[[7.5040327925239969E-10,9.35279222949944E-10,9.1332320136045392E-10,1.0216458116986851E-9,9.1332320136045392E-10,9.35279222949944E-10,7.5040327925239969E-10],[9.35279222949944E-10,1.1318650012988289E-9,1.1127129064706444E-9,1.2266172386751166E-9,1.1127129064706444E-9,1.1318650012988289E-9,9.35279222949944E-10],[9.1332320136045392E-10,1.1127129064706444E-9,1.170266433245082E-9,1.227928938424798E-9,1.170266433245082E-9,1.1127129064706444E-9,9.1332320136045392E-10],[1.0216458116986851E-9,1.2266172386751166E-9,1.227928938424798E-9,1.3357942071246031E-9,1.227928938424798E-9,1.2266172386751166E-9,1.0216458116986851E-9],[9.1332320136045392E-10,1.1127129064706444E-9,1.170266433245082E-9,1.227928938424798E-9,1.170266433245082E-9,1.1127129064706444E-9,9.1332320136045392E-10],[9.35279222949944E-10,1.1318650012988289E-9,1.1127129064706444E-9,1.2266172386751166E-9,1.1127129064706444E-9,1.1318650012988289E-9,9.35279222949944E-10],[7.5040327925239969E-10,9.35279222949944E-10,9.1332320136045392E-10,1.0216458116986851E-9,9.1332320136045392E-10,9.35279222949944E-10,7.5040327925239969E-10]],[[8.6417524162802886E-10,1.058424845149256E-9,1.0354928080799999E-9,1.1496432582043243E-9,1.0354928080799999E-9,1.058424845149256E-9,8.6417524162802886E-10],[1.058424845149256E-9,1.2630576377060197E-9,1.2432400851919028E-9,1.3620730777821568E-9,1.2432400851919028E-9,1.2630576377060197E-9,1.058424845149256E-9],[1.0354928080799999E-9,1.2432400851919028E-9,1.3032012990537124E-9,1.3632750578199099E-9,1.3032012990537124E-9,1.2432400851919028E-9,1.0354928080799999E-9],[1.1496432582043243E-9,1.3620730777821568E-9,1.3632750578199099E-9,1.4754968017156873E-9,1.3632750578199099E-9,1.3620730777821568E-9,1.1496432582043243E-9],[1.0354928080799999E-9,1.2432400851919028E-9,1.3032012990537124E-9,1.3632750578199099E-9,1.3032012990537124E-9,1.2432400851919028E-9,1.0354928080799999E-9],[1.058424845149256E-9,1.2630576377060197E-9,1.2432400851919028E-9,1.3620730777821568E-9,1.2432400851919028E-9,1.2630576377060197E-9,1.058424845149256E-9],[8.6417524162802886E-10,1.058424845149256E-9,1.0354928080799999E-9,1.1496432582043243E-9,1.0354928080799999E-9,1.058424845149256E-9,8.6417524162802886E-10]],[[9.83373244911326E-10,1.1863488990704308E-9,1.1625125254798424E-9,1.2820836100108149E-9,1.1625125254798424E-9,1.1863488990704308E-9,9.83373244911326E-10],[1.1863488990704308E-9,1.3985217189021134E-9,1.3780804603669202E-9,1.5015232053185248E-9,1.3780804603669202E-9,1.3985217189021134E-9,1.1863488990704308E-9],[1.1625125254798424E-9,1.3780804603669202E-9,1.4402955546542201E-9,1.502626563789467E-9,1.4402955546542201E-9,1.3780804603669202E-9,1.1625125254798424E-9],[1.2820836100108149E-9,1.5015232053185248E-9,1.502626563789467E-9,1.6189303860015351E-9,1.502626563789467E-9,1.5015232053185248E-9,1.2820836100108149E-9],[1.1625125254798424E-9,1.3780804603669202E-9,1.4402955546542201E-9,1.502626563789467E-9,1.4402955546542201E-9,1.3780804603669202E-9,1.1625125254798424E-9],[1.1863488990704308E-9,1.3985217189021134E-9,1.3780804603669202E-9,1.5015232053185248E-9,1.3780804603669202E-9,1.3985217189021134E-9,1.1863488990704308E-9],[9.83373244911326E-10,1.1863488990704308E-9,1.1625125254798424E-9,1.2820836100108149E-9,1.1625125254798424E-9,1.1863488990704308E-9,9.83373244911326E-10]],[[1.1076311771994269E-9,1.3187587989672397E-9,1.2940795677164392E-9,1.4187083616675433E-9,1.2940795677164392E-9,1.3187587989672397E-9,1.1076311771994269E-9],[1.3187587989672397E-9,1.5380236374674835E-9,1.5169944818297132E-9,1.6447647693502537E-9,1.5169944818297132E-9,1.5380236374674835E-9,1.3187587989672397E-9],[1.2940795677164392E-9,1.5169944818297132E-9,1.5813275886865749E-9,1.6457798070432591E-9,1.5813275886865749E-9,1.5169944818297132E-9,1.2940795677164392E-9],[1.4187083616675433E-9,1.6447647693502537E-9,1.6457798070432591E-9,1.7659237743166055E-9,1.6457798070432591E-9,1.6447647693502537E-9,1.4187083616675433E-9],[1.2940795677164392E-9,1.5169944818297132E-9,1.5813275886865749E-9,1.6457798070432591E-9,1.5813275886865747E-9,1.516994481829713E-9,1.2940795677164392E-9],[1.3187587989672397E-9,1.5380236374674835E-9,1.5169944818297132E-9,1.6447647693502537E-9,1.516994481829713E-9,1.5380236374674831E-9,1.3187587989672397E-9],[1.1076311771994269E-9,1.3187587989672397E-9,1.2940795677164392E-9,1.4187083616675433E-9,1.2940795677164392E-9,1.3187587989672397E-9,1.1076311771994269E-9]],[[1.2366247066779146E-9,1.4553960300354115E-9,1.4299268253197482E-9,1.5592908175375954E-9,1.4299268253197482E-9,1.4553960300354115E-9,1.2366247066779146E-9],[1.4553960300354115E-9,1.6813570678475717E-9,1.6597708718550227E-9,1.7916191545472829E-9,1.6597708718550227E-9,1.6813570678475715E-9,1.4553960300354115E-9],[1.4299268253197482E-9,1.6597708718550227E-9,1.7261020030375597E-9,1.7925552895695517E-9,1.7261020030375595E-9,1.6597708718550227E-9,1.4299268253197482E-9],[1.5592908175375954E-9,1.7916191545472829E-9,1.7925552895695517E-9,1.9163260421247262E-9,1.7925552895695517E-9,1.7916191545472829E-9,1.5592908175375954E-9],[1.4299268253197482E-9,1.6597708718550227E-9,1.7261020030375595E-9,1.7925552895695517E-9,1.7261020030375595E-9,1.6597708718550227E-9,1.4299268253197482E-9],[1.4553960300354115E-9,1.6813570678475715E-9,1.6597708718550227E-9,1.7916191545472829E-9,1.6597708718550227E-9,1.6813570678475717E-9,1.4553960300354115E-9],[1.2366247066779146E-9,1.4553960300354115E-9,1.4299268253197482E-9,1.5592908175375954E-9,1.4299268253197482E-9,1.4553960300354115E-9,1.2366247066779146E-9]],[[1.3700668119632955E-9,1.5960322240964675E-9,1.5698186804720893E-9,1.703631857134233E-9,1.5698186804720893E-9,1.5960322240964673E-9,1.3700668119632955E-9],[1.5960322240964675E-9,1.8283398283336477E-9,1.8062232890042406E-9,1.9419290278482164E-9,1.8062232890042404E-9,1.8283398283336473E-9,1.5960322240964673E-9],[1.5698186804720893E-9,1.8062232890042406E-9,1.8744465050149028E-9,1.9427947854975969E-9,1.8744465050149024E-9,1.8062232890042404E-9,1.5698186804720893E-9],[1.703631857134233E-9,1.9419290278482164E-9,1.9427947854975969E-9,2.0700041391181803E-9,1.9427947854975969E-9,1.9419290278482164E-9,1.7036318571342332E-9],[1.5698186804720893E-9,1.8062232890042404E-9,1.8744465050149024E-9,1.9427947854975969E-9,1.8744465050149024E-9,1.8062232890042406E-9,1.5698186804720893E-9],[1.5960322240964673E-9,1.8283398283336473E-9,1.8062232890042404E-9,1.9419290278482164E-9,1.8062232890042406E-9,1.8283398283336477E-9,1.5960322240964675E-9],[1.3700668119632955E-9,1.5960322240964673E-9,1.5698186804720893E-9,1.7036318571342332E-9,1.5698186804720893E-9,1.5960322240964675E-9,1.3700668119632955E-9]],[[1.507703674080293E-9,1.7404656936294319E-9,1.7135473112495202E-9,1.8515563927795649E-9,1.7135473112495202E-9,1.7404656936294319E-9,1.507703674080293E-9],[1.7404656936294319E-9,1.9788111190531203E-9,1.956187411256735E-9,2.0955557999592507E-9,1.956187411256735E-9,1.9788111190531203E-9,1.7404656936294319E-9],[1.7135473112495202E-9,1.956187411256735E-9,2.0262092009982258E-9,2.0963588455784434E-9,2.0262092009982258E-9,1.956187411256735E-9,1.7135473112495202E-9],[1.8515563927795649E-9,2.0955557999592507E-9,2.0963588455784434E-9,2.22684082313206E-9,2.0963588455784434E-9,2.0955557999592507E-9,1.8515563927795649E-9],[1.7135473112495202E-9,1.956187411256735E-9,2.0262092009982258E-9,2.0963588455784434E-9,2.0262092009982258E-9,1.956187411256735E-9,1.7135473112495202E-9],[1.7404656936294319E-9,1.9788111190531203E-9,1.956187411256735E-9,2.0955557999592507E-9,1.956187411256735E-9,1.9788111190531203E-9,1.7404656936294319E-9],[1.507703674080293E-9,1.7404656936294319E-9,1.7135473112495202E-9,1.8515563927795649E-9,1.7135473112495202E-9,1.7404656936294319E-9,1.507703674080293E-9]],[[1.6493109613459353E-9,1.8885183748033108E-9,1.8609294399122263E-9,2.0029103758161189E-9,1.8609294399122263E-9,1.8885183748033108E-9,1.6493109613459353E-9],[1.8885183748033108E-9,2.1326290919006743E-9,2.1095183850103808E-9,2.2523774329354514E-9,2.1095183850103808E-9,2.1326290919006743E-9,1.8885183748033108E-9],[1.8609294399122263E-9,2.1095183850103808E-9,2.1812562360366921E-9,2.2531246276471335E-9,2.1812562360366921E-9,2.1095183850103808E-9,1.8609294399122263E-9],[2.0029103758161189E-9,2.2523774329354514E-9,2.2531246276471335E-9,2.3867328645472141E-9,2.2531246276471335E-9,2.2523774329354514E-9,2.0029103758161189E-9],[1.8609294399122263E-9,2.1095183850103808E-9,2.1812562360366921E-9,2.2531246276471335E-9,2.1812562360366921E-9,2.1095183850103808E-9,1.8609294399122263E-9],[1.8885183748033108E-9,2.1326290919006743E-9,2.1095183850103808E-9,2.2523774329354514E-9,2.1095183850103808E-9,2.1326290919006743E-9,1.8885183748033108E-9],[1.6493109613459353E-9,1.8885183748033108E-9,1.8609294399122263E-9,2.0029103758161189E-9,1.8609294399122263E-9,1.8885183748033108E-9,1.6493109613459353E-9]],[[1.7946905029309378E-9,2.0400331337534583E-9,2.0118034780043563E-9,2.1575582448413138E-9,2.0118034780043563E-9,2.0400331337534583E-9,1.7946905029309378E-9],[2.0400331337534583E-9,2.2896687126723148E-9,2.2660885926097326E-9,2.4122865384232408E-9,2.2660885926097326E-9,2.2896687126723148E-9,2.0400331337534583E-9],[2.0118034780043563E-9,2.2660885926097326E-9,2.3394697318678506E-9,2.4129840053631228E-9,2.3394697318678506E-9,2.2660885926097326E-9,2.0118034780043563E-9],[2.1575582448413138E-9,2.4122865384232408E-9,2.4129840053631228E-9,2.5495894802882781E-9,2.4129840053631228E-9,2.4122865384232408E-9,2.1575582448413138E-9],[2.0118034780043563E-9,2.2660885926097326E-9,2.3394697318678506E-9,2.4129840053631228E-9,2.3394697318678506E-9,2.2660885926097326E-9,2.0118034780043563E-9],[2.0400331337534583E-9,2.2896687126723148E-9,2.2660885926097326E-9,2.4122865384232408E-9,2.2660885926097326E-9,2.2896687126723148E-9,2.0400331337534583E-9],[1.7946905029309378E-9,2.0400331337534583E-9,2.0118034780043563E-9,2.1575582448413138E-9,2.0118034780043563E-9,2.0400331337534583E-9,1.7946905029309378E-9]],[[1.9436673290922107E-9,2.1948713942367021E-9,2.1660270224338617E-9,2.3153807353987503E-9,2.1660270224338617E-9,2.1948713942367021E-9,1.9436673290922107E-9],[2.1948713942367021E-9,2.4498198798951751E-9,2.4257856968696702E-9,2.5751887219085726E-9,2.4257856968696702E-9,2.4498198798951751E-9,2.1948713942367021E-9],[2.1660270224338617E-9,2.4257856968696702E-9,2.5007459827144746E-9,2.5758419154798649E-9,2.5007459827144746E-9,2.4257856968696702E-9,2.1660270224338617E-9],[2.3153807353987503E-9,2.5751887219085726E-9,2.5758419154798649E-9,2.715330963858277E-9,2.5758419154798649E-9,2.5751887219085726E-9,2.3153807353987503E-9],[2.1660270224338617E-9,2.4257856968696702E-9,2.5007459827144746E-9,2.5758419154798649E-9,2.5007459827144746E-9,2.4257856968696702E-9,2.1660270224338617E-9],[2.1948713942367021E-9,2.4498198798951751E-9,2.4257856968696702E-9,2.5751887219085726E-9,2.4257856968696702E-9,2.4498198798951751E-9,2.1948713942367021E-9],[1.9436673290922107E-9,2.1948713942367021E-9,2.1660270224338617E-9,2.3153807353987503E-9,2.1660270224338617E-9,2.1948713942367021E-9,1.9436673290922107E-9]],[[2.096087048096797E-9,2.3529110487827043E-9,2.3234746599839193E-9,2.4762729889899952E-9,2.3234746599839193E-9,2.3529110487827043E-9,2.096087048096797E-9],[2.3529110487827043E-9,2.6129857688473628E-9,2.5885109263955332E-9,2.741001136539801E-9,2.5885109263955332E-9,2.6129857688473628E-9,2.3529110487827043E-9],[2.3234746599839193E-9,2.5885109263955332E-9,2.664993874095499E-9,2.7416149103193585E-9,2.664993874095499E-9,2.5885109263955332E-9,2.3234746599839193E-9],[2.4762729889899952E-9,2.741001136539801E-9,2.7416149103193585E-9,2.8838874836200736E-9,2.7416149103193585E-9,2.741001136539801E-9,2.4762729889899952E-9],[2.3234746599839193E-9,2.5885109263955332E-9,2.664993874095499E-9,2.7416149103193585E-9,2.664993874095499E-9,2.5885109263955332E-9,2.3234746599839193E-9],[2.3529110487827043E-9,2.6129857688473628E-9,2.5885109263955332E-9,2.741001136539801E-9,2.5885109263955332E-9,2.6129857688473628E-9,2.3529110487827043E-9],[2.096087048096797E-9,2.3529110487827043E-9,2.3234746599839193E-9,2.4762729889899952E-9,2.3234746599839193E-9,2.3529110487827043E-9,2.096087048096797E-9]],[[2.2518135272655242E-9,2.5140446193615874E-9,2.4840360417798745E-9,2.6401429126108205E-9,2.4840360417798745E-9,2.5140446193615874E-9,2.2518135272655242E-9],[2.5140446193615874E-9,2.77908137295818E-9,2.7541775702788639E-9,2.909651216483689E-9,2.7541775702788639E-9,2.77908137295818E-9,2.5140446193615874E-9],[2.4840360417798745E-9,2.7541775702788639E-9,2.8321334948947518E-9,2.9102298873637497E-9,2.8321334948947518E-9,2.7541775702788639E-9,2.4840360417798745E-9],[2.6401429126108205E-9,2.909651216483689E-9,2.9102298873637497E-9,3.0551980261272815E-9,2.9102298873637497E-9,2.909651216483689E-9,2.6401429126108205E-9],[2.4840360417798745E-9,2.7541775702788639E-9,2.8321334948947518E-9,2.9102298873637497E-9,2.8321334948947518E-9,2.7541775702788639E-9,2.4840360417798745E-9],[2.5140446193615874E-9,2.77908137295818E-9,2.7541775702788639E-9,2.909651216483689E-9,2.7541775702788639E-9,2.77908137295818E-9,2.5140446193615874E-9],[2.2518135272655242E-9,2.5140446193615874E-9,2.4840360417798745E-9,2.6401429126108205E-9,2.4840360417798745E-9,2.5140446193615874E-9,2.2518135272655242E-9]],[[2.4107268458598331E-9,2.6781776373032996E-9,2.6476141934821657E-9,2.8069097498540577E-9,2.6476141934821657E-9,2.6781776373032996E-9,2.4107268458598331E-9],[2.6781776373032996E-9,2.948032218136885E-9,2.9227096549584246E-9,3.081075564806859E-9,2.9227096549584246E-9,2.948032218136885E-9,2.6781776373032996E-9],[2.6476141934821657E-9,2.9227096549584246E-9,3.0020949171844165E-9,3.0816229721714618E-9,3.0020949171844165E-9,2.9227096549584246E-9,2.6476141934821657E-9],[2.8069097498540577E-9,3.081075564806859E-9,3.0816229721714618E-9,3.2292094649976891E-9,3.0816229721714618E-9,3.081075564806859E-9,2.8069097498540577E-9],[2.6476141934821657E-9,2.9227096549584246E-9,3.0020949171844165E-9,3.0816229721714618E-9,3.0020949171844165E-9,2.9227096549584246E-9,2.6476141934821657E-9],[2.6781776373032996E-9,2.948032218136885E-9,2.9227096549584246E-9,3.081075564806859E-9,2.9227096549584246E-9,2.948032218136885E-9,2.6781776373032996E-9],[2.4107268458598331E-9,2.6781776373032996E-9,2.6476141934821657E-9,2.8069097498540577E-9,2.6476141934821657E-9,2.6781776373032996E-9,2.4107268458598331E-9]],[[2.5727214893104424E-9,2.8452272156626889E-9,2.8141240310756125E-9,2.9765028320205886E-9,2.8141240310756125E-9,2.8452272156626889E-9,2.5727214893104424E-9],[2.8452272156626889E-9,3.1197732285937458E-9,3.0940407797136639E-9,3.2552189748995537E-9,3.0940407797136639E-9,3.1197732285937458E-9,2.8452272156626889E-9],[2.8141240310756125E-9,3.0940407797136639E-9,3.1748171219155162E-9,3.2557385343780027E-9,3.1748171219155162E-9,3.0940407797136639E-9,2.8141240310756125E-9],[2.9765028320205886E-9,3.2552189748995537E-9,3.2557385343780027E-9,3.4058757388225219E-9,3.2557385343780027E-9,3.2552189748995537E-9,2.9765028320205886E-9],[2.8141240310756125E-9,3.0940407797136639E-9,3.1748171219155162E-9,3.2557385343780027E-9,3.1748171219155162E-9,3.0940407797136639E-9,2.8141240310756125E-9],[2.8452272156626889E-9,3.1197732285937458E-9,3.0940407797136639E-9,3.2552189748995537E-9,3.0940407797136639E-9,3.1197732285937458E-9,2.8452272156626889E-9],[2.5727214893104424E-9,2.8452272156626889E-9,2.8141240310756125E-9,2.9765028320205886E-9,2.8141240310756125E-9,2.8452272156626889E-9,2.5727214893104424E-9]],[[2.7377047567508278E-9,3.0151207903882259E-9,2.9834910559085639E-9,3.148860483350126E-9,2.9834910559085639E-9,3.0151207903882259E-9,2.7377047567508278E-9],[3.0151207903882259E-9,3.2942477253977125E-9,3.2681130904449124E-9,3.4320335677132052E-9,3.2681130904449124E-9,3.2942477253977125E-9,3.0151207903882259E-9],[2.9834910559085639E-9,3.2681130904449124E-9,3.3502470516581638E-9,3.4325283194950715E-9,3.3502470516581638E-9,3.2681130904449124E-9,2.9834910559085639E-9],[3.148860483350126E-9,3.4320335677132052E-9,3.4325283194950715E-9,3.5851571240635682E-9,3.4325283194950719E-9,3.4320335677132056E-9,3.148860483350126E-9],[2.9834910559085639E-9,3.2681130904449124E-9,3.3502470516581638E-9,3.4325283194950719E-9,3.3502470516581642E-9,3.2681130904449124E-9,2.9834910559085639E-9],[3.0151207903882259E-9,3.2942477253977125E-9,3.2681130904449124E-9,3.4320335677132056E-9,3.2681130904449124E-9,3.2942477253977125E-9,3.0151207903882259E-9],[2.7377047567508278E-9,3.0151207903882259E-9,2.9834910559085639E-9,3.148860483350126E-9,2.9834910559085639E-9,3.0151207903882259E-9,2.7377047567508278E-9]],[[2.9055953565211046E-9,3.1877950095129126E-9,3.1556502060412189E-9,3.3239290588990446E-9,3.1556502060412189E-9,3.1877950095129126E-9,2.9055953565211046E-9],[3.1877950095129126E-9,3.4714065413843765E-9,3.4448763741475472E-9,3.6114780297439542E-9,3.4448763741475472E-9,3.4714065413843765E-9,3.1877950095129126E-9],[3.1556502060412189E-9,3.4448763741475472E-9,3.5283387741862125E-9,3.6119506816919515E-9,3.5283387741862125E-9,3.4448763741475472E-9,3.1556502060412189E-9],[3.3239290588990446E-9,3.6114780297439542E-9,3.6119506816919515E-9,3.7670195909230315E-9,3.6119506816919515E-9,3.6114780297439542E-9,3.3239290588990446E-9],[3.1556502060412189E-9,3.4448763741475472E-9,3.5283387741862125E-9,3.6119506816919515E-9,3.5283387741862125E-9,3.4448763741475472E-9,3.1556502060412189E-9],[3.1877950095129126E-9,3.4714065413843765E-9,3.4448763741475472E-9,3.6114780297439542E-9,3.4448763741475472E-9,3.4714065413843765E-9,3.1877950095129126E-9],[2.9055953565211046E-9,3.1877950095129126E-9,3.1556502060412189E-9,3.3239290588990446E-9,3.1556502060412189E-9,3.1877950095129126E-9,2.9055953565211046E-9]],[[3.0763221670090695E-9,3.3631947521439981E-9,3.3305448439769363E-9,3.501662097092544E-9,3.3305448439769363E-9,3.3631947521439981E-9,3.0763221670090695E-9],[3.3631947521439981E-9,3.6512072381096681E-9,3.6242872588590519E-9,3.7935169388914026E-9,3.6242872588590519E-9,3.6512072381096681E-9,3.3631947521439981E-9],[3.3305448439769363E-9,3.6242872588590519E-9,3.7090527429256025E-9,3.7939699048205789E-9,3.7090527429256025E-9,3.6242872588590519E-9,3.3305448439769359E-9],[3.501662097092544E-9,3.7935169388914026E-9,3.7939699048205789E-9,3.9514342318653964E-9,3.7939699048205789E-9,3.7935169388914026E-9,3.501662097092544E-9],[3.3305448439769363E-9,3.6242872588590519E-9,3.7090527429256025E-9,3.7939699048205789E-9,3.7090527429256025E-9,3.6242872588590519E-9,3.3305448439769359E-9],[3.3631947521439981E-9,3.6512072381096681E-9,3.6242872588590519E-9,3.7935169388914026E-9,3.6242872588590519E-9,3.6512072381096681E-9,3.3631947521439981E-9],[3.0763221670090695E-9,3.3631947521439981E-9,3.3305448439769359E-9,3.501662097092544E-9,3.3305448439769359E-9,3.3631947521439981E-9,3.0763221670090695E-9]],[[3.2498231427569775E-9,3.54127226129819E-9,3.5081258634901423E-9,3.6820195717868288E-9,3.5081258634901423E-9,3.54127226129819E-9,3.2498231427569775E-9],[3.54127226129819E-9,3.8336134123665146E-9,3.8063085058974158E-9,3.9781201671490642E-9,3.8063085058974158E-9,3.8336134123665146E-9,3.54127226129819E-9],[3.5081258634901423E-9,3.8063085058974158E-9,3.8923551421821987E-9,3.9785556006989165E-9,3.8923551421821987E-9,3.8063085058974158E-9,3.5081258634901423E-9],[3.6820195717868288E-9,3.9781201671490642E-9,3.9785556006989165E-9,4.1383767538907116E-9,3.9785556006989165E-9,3.9781201671490642E-9,3.6820195717868288E-9],[3.5081258634901423E-9,3.8063085058974158E-9,3.8923551421821987E-9,3.9785556006989165E-9,3.8923551421821987E-9,3.8063085058974158E-9,3.5081258634901427E-9],[3.54127226129819E-9,3.8336134123665146E-9,3.8063085058974158E-9,3.9781201671490642E-9,3.8063085058974158E-9,3.8336134123665146E-9,3.54127226129819E-9],[3.2498231427569775E-9,3.54127226129819E-9,3.5081258634901423E-9,3.6820195717868288E-9,3.5081258634901427E-9,3.54127226129819E-9,3.2498231427569775E-9]],[[3.4260443481289402E-9,3.7219863766358824E-9,3.6883509005625894E-9,3.8649672309636009E-9,3.6883509005625894E-9,3.7219863766358824E-9,3.4260443481289402E-9],[3.7219863766358824E-9,4.0185940813744676E-9,3.9909083829649785E-9,4.165262350616169E-9,3.9909083829649785E-9,4.0185940813744676E-9,3.7219863766358824E-9],[3.6883509005625894E-9,3.9909083829649785E-9,4.078217306687187E-9,4.1656821751558507E-9,4.078217306687187E-9,3.9909083829649785E-9,3.6883509005625894E-9],[3.8649672309636009E-9,4.165262350616169E-9,4.1656821751558507E-9,4.3278270268588823E-9,4.1656821751558507E-9,4.165262350616169E-9,3.8649672309636009E-9],[3.6883509005625894E-9,3.9909083829649785E-9,4.078217306687187E-9,4.1656821751558507E-9,4.078217306687187E-9,3.9909083829649793E-9,3.68835090056259E-9],[3.7219863766358824E-9,4.0185940813744676E-9,3.9909083829649785E-9,4.165262350616169E-9,3.9909083829649793E-9,4.0185940813744684E-9,3.7219863766358824E-9],[3.4260443481289402E-9,3.7219863766358824E-9,3.6883509005625894E-9,3.8649672309636009E-9,3.68835090056259E-9,3.7219863766358824E-9,3.4260443481289402E-9]],[[3.6049391029738507E-9,3.905301854907672E-9,3.87118363542862E-9,4.05047601105678E-9,3.87118363542862E-9,3.905301854907672E-9,3.6049391029738507E-9],[3.905301854907672E-9,4.2061231371376816E-9,4.1780601081998186E-9,4.3549224186117317E-9,4.1780601081998186E-9,4.2061231371376816E-9,3.905301854907672E-9],[3.87118363542862E-9,4.1780601081998186E-9,4.2666152063846862E-9,4.3553283536059942E-9,4.2666152063846862E-9,4.1780601081998186E-9,3.87118363542862E-9],[4.05047601105678E-9,4.3549224186117317E-9,4.3553283536059942E-9,4.5197686811812233E-9,4.3553283536059942E-9,4.3549224186117317E-9,4.05047601105678E-9],[3.87118363542862E-9,4.1780601081998186E-9,4.2666152063846862E-9,4.3553283536059942E-9,4.2666152063846862E-9,4.1780601081998186E-9,3.87118363542862E-9],[3.905301854907672E-9,4.2061231371376816E-9,4.1780601081998186E-9,4.3549224186117317E-9,4.1780601081998186E-9,4.2061231371376816E-9,3.905301854907672E-9],[3.6049391029738507E-9,3.905301854907672E-9,3.87118363542862E-9,4.05047601105678E-9,3.87118363542862E-9,3.905301854907672E-9,3.6049391029738507E-9]],[[3.7864672266339956E-9,4.09118876746885E-9,4.0565931744505438E-9,4.238521517472223E-9,4.0565931744505438E-9,4.09118876746885E-9,3.7864672266339956E-9],[4.09118876746885E-9,4.3961788616734417E-9,4.3677413565559276E-9,4.5470831747679954E-9,4.3677413565559276E-9,4.3961788616734417E-9,4.09118876746885E-9],[4.0565931744505438E-9,4.3677413565559276E-9,4.4575289885770424E-9,4.54747675900485E-9,4.4575289885770424E-9,4.3677413565559276E-9,4.0565931744505438E-9],[4.238521517472223E-9,4.5470831747679954E-9,4.54747675900485E-9,4.714188749063566E-9,4.54747675900485E-9,4.5470831747679954E-9,4.238521517472223E-9],[4.0565931744505438E-9,4.3677413565559276E-9,4.4575289885770424E-9,4.54747675900485E-9,4.4575289885770424E-9,4.3677413565559276E-9,4.0565931744505438E-9],[4.09118876746885E-9,4.3961788616734417E-9,4.3677413565559276E-9,4.5470831747679954E-9,4.3677413565559276E-9,4.3961788616734417E-9,4.09118876746885E-9],[3.7864672266339956E-9,4.09118876746885E-9,4.0565931744505438E-9,4.238521517472223E-9,4.0565931744505438E-9,4.09118876746885E-9,3.7864672266339956E-9]],[[3.9705943683466271E-9,4.2796219655672434E-9,4.2445535020285654E-9,4.4290835631664469E-9,4.2445535020285654E-9,4.2796219655672434E-9,3.9705943683466271E-9],[4.2796219655672434E-9,4.5887434958637354E-9,4.559933821012144E-9,4.7417309239140122E-9,4.559933821012144E-9,4.5887434958637354E-9,4.2796219655672434E-9],[4.2445535020285654E-9,4.559933821012144E-9,4.650942570565814E-9,4.74211353596139E-9,4.650942570565814E-9,4.559933821012144E-9,4.2445535020285654E-9],[4.4290835631664469E-9,4.7417309239140122E-9,4.74211353596139E-9,4.9110773442278964E-9,4.74211353596139E-9,4.7417309239140122E-9,4.4290835631664469E-9],[4.2445535020285654E-9,4.559933821012144E-9,4.650942570565814E-9,4.74211353596139E-9,4.650942570565814E-9,4.559933821012144E-9,4.2445535020285654E-9],[4.2796219655672434E-9,4.5887434958637354E-9,4.559933821012144E-9,4.7417309239140122E-9,4.559933821012144E-9,4.5887434958637354E-9,4.2796219655672434E-9],[3.9705943683466271E-9,4.2796219655672434E-9,4.2445535020285654E-9,4.4290835631664469E-9,4.2445535020285654E-9,4.2796219655672434E-9,3.9705943683466271E-9]],[[4.1572914135826719E-9,4.4705806052811167E-9,4.4350429940303981E-9,4.6221457582501151E-9,4.4350429940303981E-9,4.4705806052811167E-9,4.1572914135826719E-9],[4.4705806052811167E-9,4.7838028555925764E-9,4.7546228220739978E-9,4.9388551393583708E-9,4.7546228220739978E-9,4.7838028555925764E-9,4.4705806052811167E-9],[4.4350429940303981E-9,4.7546228220739978E-9,4.8468432768070046E-9,4.9392280155814377E-9,4.8468432768070046E-9,4.7546228220739978E-9,4.4350429940303981E-9],[4.6221457582501151E-9,4.9388551393583708E-9,4.9392280155814377E-9,5.1104273756783585E-9,4.9392280155814377E-9,4.9388551393583708E-9,4.6221457582501151E-9],[4.4350429940303981E-9,4.7546228220739978E-9,4.8468432768070046E-9,4.9392280155814377E-9,4.8468432768070046E-9,4.7546228220739978E-9,4.4350429940303981E-9],[4.4705806052811167E-9,4.7838028555925764E-9,4.7546228220739978E-9,4.9388551393583708E-9,4.7546228220739978E-9,4.7838028555925764E-9,4.4705806052811167E-9],[4.1572914135826719E-9,4.4705806052811167E-9,4.4350429940303981E-9,4.6221457582501151E-9,4.4350429940303981E-9,4.4705806052811167E-9,4.1572914135826719E-9]],[[4.346533957177439E-9,4.6640477250103641E-9,4.6280439853297154E-9,4.8176951445146933E-9,4.6280439853297154E-9,4.6640477250103641E-9,4.346533957177439E-9],[4.6640477250103641E-9,4.9813459896259114E-9,4.9517969598655822E-9,5.1384481658658453E-9,4.9517969598655822E-9,4.9813459896259114E-9,4.6640477250103641E-9],[4.6280439853297154E-9,4.9517969598655822E-9,5.0452215153581443E-9,5.1388124163007532E-9,5.0452215153581443E-9,4.9517969598655822E-9,4.6280439853297154E-9],[4.8176951445146933E-9,5.1384481658658453E-9,5.1388124163007532E-9,5.3122342916272267E-9,5.1388124163007532E-9,5.1384481658658453E-9,4.8176951445146933E-9],[4.6280439853297154E-9,4.9517969598655822E-9,5.0452215153581443E-9,5.1388124163007532E-9,5.0452215153581443E-9,4.9517969598655822E-9,4.6280439853297154E-9],[4.6640477250103641E-9,4.9813459896259114E-9,4.9517969598655822E-9,5.1384481658658453E-9,4.9517969598655822E-9,4.9813459896259114E-9,4.6640477250103641E-9],[4.346533957177439E-9,4.6640477250103641E-9,4.6280439853297154E-9,4.8176951445146933E-9,4.6280439853297154E-9,4.6640477250103641E-9,4.346533957177439E-9]],[[4.5383018352585737E-9,4.860009869313094E-9,4.8235423849947712E-9,5.0157218695758222E-9,4.8235423849947712E-9,4.860009869313094E-9,4.5383018352585737E-9],[4.860009869313094E-9,5.1813648743791864E-9,5.1514478038280245E-9,5.3405049542131822E-9,5.1