{"M_cells":[[[0,0,0,0,0,0,0],[0,0,0,0,0,0,0],[0,0,0,0,0,0,0],[0,0,0,0,0,0,0],[0,0,0,0,0,0,0],[0,0,0,0,0,0,0],[0,0,0,0,0,0,0]],[[1.1071069733990006E-11,6.348638920029895E-11,5.6496300267684695E-11,8.26112030552252E-11,5.6496300267684695E-11,6.3486389200298937E-11,1.1071069733990006E-11],[6.348638920029895E-11,2.671107577281091E-10,2.442635484950418E-10,3.4482819821021233E-10,2.442635484950418E-10,2.671107577281091E-10,6.3486389200298937E-11],[5.6496300267684695E-11,2.442635484950418E-10,2.9966683154421556E-10,3.5536280832141821E-10,2.9966683154421556E-10,2.442635484950418E-10,5.6496300267684695E-11],[8.26112030552252E-11,3.4482819821021233E-10,3.5536280832141821E-10,4.6851763650860183E-10,3.5536280832141816E-10,3.4482819821021228E-10,8.26112030552252E-11],[5.6496300267684695E-11,2.442635484950418E-10,2.9966683154421556E-10,3.5536280832141816E-10,2.9966683154421556E-10,2.442635484950418E-10,5.6496300267684689E-11],[6.3486389200298937E-11,2.671107577281091E-10,2.442635484950418E-10,3.4482819821021228E-10,2.442635484950418E-10,2.671107577281091E-10,6.348638920029895E-11],[1.1071069733990006E-11,6.3486389200298937E-11,5.6496300267684695E-11,8.26112030552252E-11,5.6496300267684689E-11,6.348638920029895E-11,1.1071069733990006E-11]],[[7.5750087812695493E-11,2.4591265342130338E-10,2.2348776565904431E-10,3.1100316406333577E-10,2.2348776565904431E-10,2.4591265342130338E-10,7.575008781269548E-11],[2.4591265342130338E-10,6.3347335765785956E-10,5.9054138644430923E-10,7.8976482416372243E-10,5.9054138644430923E-10,6.3347335765785956E-10,2.4591265342130338E-10],[2.2348776565904431E-10,5.9054138644430923E-10,6.98144494386689E-10,8.0611770914292553E-10,6.98144494386689E-10,5.9054138644430923E-10,2.2348776565904431E-10],[3.1100316406333577E-10,7.8976482416372243E-10,8.0611770914292553E-10,1.0212896310206303E-9,8.0611770914292553E-10,7.8976482416372243E-10,3.1100316406333577E-10],[2.2348776565904431E-10,5.9054138644430923E-10,6.98144494386689E-10,8.0611770914292553E-10,6.98144494386689E-10,5.9054138644430923E-10,2.2348776565904431E-10],[2.4591265342130338E-10,6.3347335765785956E-10,5.9054138644430923E-10,7.8976482416372243E-10,5.9054138644430923E-10,6.3347335765785946E-10,2.4591265342130338E-10],[7.575008781269548E-11,2.4591265342130338E-10,2.2348776565904431E-10,3.1100316406333577E-10,2.2348776565904431E-10,2.4591265342130338E-10,7.5750087812695493E-11]],[[2.2059076076664744E-10,5.35710758997217E-10,4.9456729453382058E-10,6.6101398046043367E-10,4.9456729453382058E-10,5.35710758997217E-10,2.2059076076664744E-10],[5.35710758997217E-10,1.089528210639577E-9,1.0290099513051613E-9,1.3222126324254673E-9,1.0290099513051613E-9,1.089528210639577E-9,5.35710758997217E-10],[4.9456729453382058E-10,1.0290099513051613E-9,1.184919848134508E-9,1.3412697571731783E-9,1.184919848134508E-9,1.0290099513051613E-9,4.9456729453382058E-10],[6.6101398046043367E-10,1.3222126324254673E-9,1.3412697571731783E-9,1.6483694470304756E-9,1.3412697571731785E-9,1.3222126324254673E-9,6.6101398046043367E-10],[4.9456729453382058E-10,1.0290099513051613E-9,1.184919848134508E-9,1.3412697571731785E-9,1.184919848134508E-9,1.0290099513051613E-9,4.9456729453382058E-10],[5.35710758997217E-10,1.089528210639577E-9,1.0290099513051613E-9,1.3222126324254673E-9,1.0290099513051613E-9,1.089528210639577E-9,5.35710758997217E-10],[2.2059076076664744E-10,5.35710758997217E-10,4.9456729453382058E-10,6.6101398046043367E-10,4.9456729453382058E-10,5.35710758997217E-10,2.2059076076664744E-10]],[[4.5528777741628825E-10,9.2265512610055821E-10,8.6223969031135179E-10,1.1145930846539196E-9,8.622396903113519E-10,9.2265512610055821E-10,4.5528777741628825E-10],[9.2265512610055821E-10,1.627065846479132E-9,1.5512170381324714E-9,1.9324416809281835E-9,1.5512170381324714E-9,1.627065846479132E-9,9.2265512610055821E-10],[8.6223969031135179E-10,1.5512170381324714E-9,1.7515259086366765E-9,1.9523380771783736E-9,1.7515259086366765E-9,1.5512170381324714E-9,8.622396903113519E-10],[1.1145930846539196E-9,1.9324416809281835E-9,1.9523380771783736E-9,2.3424055178825668E-9,1.9523380771783736E-9,1.9324416809281835E-9,1.1145930846539196E-9],[8.622396903113519E-10,1.5512170381324714E-9,1.7515259086366765E-9,1.9523380771783736E-9,1.7515259086366765E-9,1.5512170381324714E-9,8.622396903113519E-10],[9.2265512610055821E-10,1.627065846479132E-9,1.5512170381324714E-9,1.9324416809281835E-9,1.5512170381324714E-9,1.627065846479132E-9,9.2265512610055842E-10],[4.5528777741628825E-10,9.2265512610055821E-10,8.622396903113519E-10,1.1145930846539196E-9,8.622396903113519E-10,9.2265512610055842E-10,4.552877774162883E-10]],[[7.8084000833579192E-10,1.3976732549682103E-9,1.3187839642014267E-9,1.6578920416887756E-9,1.3187839642014269E-9,1.3976732549682103E-9,7.8084000833579192E-10],[1.3976732549682103E-9,2.2387641000801504E-9,2.1495405445992892E-9,2.6123804886999822E-9,2.1495405445992896E-9,2.2387641000801504E-9,1.3976732549682103E-9],[1.3187839642014267E-9,2.1495405445992892E-9,2.3905048182062269E-9,2.6320298498307233E-9,2.3905048182062269E-9,2.1495405445992896E-9,1.3187839642014269E-9],[1.6578920416887756E-9,2.6123804886999822E-9,2.6320298498307233E-9,3.0971301059143675E-9,2.6320298498307233E-9,2.6123804886999822E-9,1.6578920416887756E-9],[1.3187839642014269E-9,2.1495405445992896E-9,2.3905048182062269E-9,2.6320298498307233E-9,2.3905048182062269E-9,2.1495405445992896E-9,1.3187839642014269E-9],[1.3976732549682103E-9,2.2387641000801504E-9,2.1495405445992896E-9,2.6123804886999822E-9,2.1495405445992896E-9,2.2387641000801508E-9,1.3976732549682107E-9],[7.8084000833579192E-10,1.3976732549682103E-9,1.3187839642014269E-9,1.6578920416887756E-9,1.3187839642014269E-9,1.3976732549682107E-9,7.8084000833579223E-10]],[[1.1939574983269835E-9,1.9527028884026707E-9,1.8567251282708419E-9,2.2800172913158064E-9,1.8567251282708421E-9,1.9527028884026707E-9,1.1939574983269835E-9],[1.9527028884026707E-9,2.9181041608467108E-9,2.8171638317247664E-9,3.3552417274030906E-9,2.8171638317247664E-9,2.9181041608467108E-9,1.9527028884026707E-9],[1.8567251282708419E-9,2.8171638317247664E-9,3.0952957045798506E-9,3.3740406717281114E-9,3.0952957045798506E-9,2.8171638317247664E-9,1.8567251282708421E-9],[2.2800172913158064E-9,3.3552417274030906E-9,3.3740406717281114E-9,3.9071594294740237E-9,3.3740406717281114E-9,3.3552417274030906E-9,2.280017291315806E-9],[1.8567251282708421E-9,2.8171638317247664E-9,3.0952957045798506E-9,3.3740406717281114E-9,3.0952957045798506E-9,2.8171638317247664E-9,1.8567251282708421E-9],[1.9527028884026707E-9,2.9181041608467108E-9,2.8171638317247664E-9,3.3552417274030906E-9,2.8171638317247664E-9,2.9181041608467108E-9,1.9527028884026712E-9],[1.1939574983269835E-9,1.9527028884026707E-9,1.8567251282708421E-9,2.280017291315806E-9,1.8567251282708421E-9,1.9527028884026712E-9,1.1939574983269839E-9]],[[1.6894229748575949E-9,2.5805767353311364E-9,2.4690740418440878E-9,2.9722046340972E-9,2.4690740418440878E-9,2.5805767353311364E-9,1.6894229748575949E-9],[2.5805767353311364E-9,3.6592905840203023E-9,3.5480221577432834E-9,4.1552538001835659E-9,3.5480221577432834E-9,3.6592905840203023E-9,2.5805767353311364E-9],[2.4690740418440878E-9,3.5480221577432834E-9,3.860128578197137E-9,4.1728959228127044E-9,3.860128578197137E-9,3.5480221577432834E-9,2.4690740418440878E-9],[2.9722046340972E-9,4.1552538001835659E-9,4.1728959228127044E-9,4.7678394486371837E-9,4.1728959228127044E-9,4.1552538001835659E-9,2.9722046340971996E-9],[2.4690740418440878E-9,3.5480221577432834E-9,3.860128578197137E-9,4.1728959228127044E-9,3.860128578197137E-9,3.5480221577432834E-9,2.4690740418440878E-9],[2.5805767353311364E-9,3.6592905840203023E-9,3.5480221577432834E-9,4.1552538001835659E-9,3.5480221577432834E-9,3.6592905840203027E-9,2.5805767353311368E-9],[1.6894229748575949E-9,2.5805767353311364E-9,2.4690740418440878E-9,2.9722046340971996E-9,2.4690740418440878E-9,2.5805767353311368E-9,1.6894229748575953E-9]],[[2.2613403962425942E-9,3.2749244104206343E-9,3.1494313121303356E-9,3.7272639552079645E-9,3.1494313121303356E-9,3.2749244104206339E-9,2.2613403962425942E-9],[3.2749244104206343E-9,4.4571761875706209E-9,4.3367365866679758E-9,5.0074639967360905E-9,4.3367365866679758E-9,4.4571761875706209E-9,3.2749244104206339E-9],[3.1494313121303356E-9,4.3367365866679758E-9,4.6799274210301617E-9,5.0238230437729122E-9,4.6799274210301617E-9,4.336736586667975E-9,3.1494313121303352E-9],[3.7272639552079645E-9,5.0074639967360905E-9,5.0238230437729122E-9,5.6751251056608747E-9,5.0238230437729122E-9,5.00746399673609E-9,3.7272639552079645E-9],[3.1494313121303356E-9,4.3367365866679758E-9,4.6799274210301617E-9,5.0238230437729122E-9,4.6799274210301617E-9,4.336736586667975E-9,3.1494313121303352E-9],[3.2749244104206339E-9,4.4571761875706209E-9,4.336736586667975E-9,5.00746399673609E-9,4.336736586667975E-9,4.4571761875706209E-9,3.2749244104206343E-9],[2.2613403962425942E-9,3.2749244104206339E-9,3.1494313121303352E-9,3.7272639552079645E-9,3.1494313121303352E-9,3.2749244104206343E-9,2.2613403962425946E-9]],[[2.9037790024170261E-9,4.0300862271400206E-9,3.8920134542637491E-9,4.5391986826531588E-9,3.8920134542637491E-9,4.03008622714002E-9,2.9037790024170261E-9],[4.0300862271400206E-9,5.3071924640905834E-9,5.1785447195033853E-9,5.907590840876112E-9,5.1785447195033853E-9,5.3071924640905834E-9,4.03008622714002E-9],[3.8920134542637491E-9,5.1785447195033853E-9,5.5502235124349542E-9,5.9226474651367274E-9,5.5502235124349542E-9,5.1785447195033853E-9,3.8920134542637491E-9],[4.5391986826531588E-9,5.907590840876112E-9,5.9226474651367274E-9,6.625484397295262E-9,5.9226474651367274E-9,5.907590840876112E-9,4.5391986826531588E-9],[3.8920134542637491E-9,5.1785447195033853E-9,5.5502235124349542E-9,5.9226474651367274E-9,5.5502235124349542E-9,5.1785447195033853E-9,3.8920134542637491E-9],[4.03008622714002E-9,5.3071924640905834E-9,5.1785447195033853E-9,5.907590840876112E-9,5.1785447195033853E-9,5.3071924640905834E-9,4.0300862271400206E-9],[2.9037790024170261E-9,4.03008622714002E-9,3.8920134542637491E-9,4.5391986826531588E-9,3.8920134542637491E-9,4.0300862271400206E-9,2.9037790024170265E-9]],[[3.6110902085853322E-9,4.8410360870382354E-9,4.6916363398469823E-9,5.4029394644666794E-9,4.6916363398469823E-9,4.8410360870382345E-9,3.6110902085853322E-9],[4.8410360870382354E-9,6.205285826156777E-9,6.0692333566448291E-9,6.8519108736796254E-9,6.0692333566448291E-9,6.205285826156777E-9,4.8410360870382345E-9],[4.6916363398469823E-9,6.0692333566448291E-9,6.4670789016092572E-9,6.8657068980199704E-9,6.4670789016092572E-9,6.0692333566448291E-9,4.6916363398469823E-9],[5.4029394644666794E-9,6.8519108736796254E-9,6.8657068980199704E-9,7.6158211307479191E-9,6.8657068980199704E-9,6.8519108736796254E-9,5.4029394644666794E-9],[4.6916363398469823E-9,6.0692333566448291E-9,6.4670789016092572E-9,6.8657068980199704E-9,6.4670789016092572E-9,6.0692333566448291E-9,4.6916363398469823E-9],[4.8410360870382345E-9,6.205285826156777E-9,6.0692333566448291E-9,6.8519108736796254E-9,6.0692333566448291E-9,6.205285826156777E-9,4.8410360870382354E-9],[3.6110902085853322E-9,4.8410360870382345E-9,4.6916363398469823E-9,5.4029394644666794E-9,4.6916363398469823E-9,4.8410360870382354E-9,3.6110902085853327E-9]],[[4.3780486635507663E-9,5.7033120151555825E-9,5.54367678931608E-9,6.3141534798865339E-9,5.54367678931608E-9,5.7033120151555817E-9,4.3780486635507663E-9],[5.7033120151555825E-9,7.1478597377551872E-9,7.0050756814727208E-9,7.8371700242623858E-9,7.0050756814727208E-9,7.1478597377551872E-9,5.7033120151555817E-9],[5.54367678931608E-9,7.0050756814727208E-9,7.4270193666413516E-9,7.8497800761762622E-9,7.4270193666413516E-9,7.0050756814727208E-9,5.54367678931608E-9],[6.3141534798865339E-9,7.8371700242623858E-9,7.8497800761762622E-9,8.6434119348915856E-9,7.8497800761762622E-9,7.8371700242623858E-9,6.3141534798865339E-9],[5.54367678931608E-9,7.0050756814727208E-9,7.4270193666413516E-9,7.8497800761762622E-9,7.4270193666413516E-9,7.0050756814727208E-9,5.54367678931608E-9],[5.7033120151555817E-9,7.1478597377551872E-9,7.0050756814727208E-9,7.8371700242623858E-9,7.0050756814727208E-9,7.1478597377551872E-9,5.7033120151555834E-9],[4.3780486635507663E-9,5.7033120151555817E-9,5.54367678931608E-9,6.3141534798865339E-9,5.54367678931608E-9,5.7033120151555834E-9,4.3780486635507663E-9]],[[5.1999000366482145E-9,6.6129535097191748E-9,6.4440245276783178E-9,7.2691045984364374E-9,6.4440245276783178E-9,6.612953509719174E-9,5.1999000366482137E-9],[6.6129535097191748E-9,8.1317225825915544E-9,7.98277408460002E-9,8.8605129043474191E-9,7.98277408460002E-9,8.1317225825915544E-9,6.612953509719174E-9],[6.4440245276783178E-9,7.98277408460002E-9,8.42697595405008E-9,8.8720270175756163E-9,8.42697595405008E-9,7.98277408460002E-9,6.4440245276783178E-9],[7.2691045984364374E-9,8.8605129043474191E-9,8.8720270175756163E-9,9.7058543014681935E-9,8.8720270175756163E-9,8.8605129043474191E-9,7.2691045984364374E-9],[6.4440245276783178E-9,7.98277408460002E-9,8.42697595405008E-9,8.8720270175756163E-9,8.42697595405008E-9,7.9827740846000214E-9,6.4440245276783186E-9],[6.612953509719174E-9,8.1317225825915544E-9,7.98277408460002E-9,8.8605129043474191E-9,7.9827740846000214E-9,8.1317225825915544E-9,6.6129535097191756E-9],[5.1999000366482137E-9,6.612953509719174E-9,6.4440245276783178E-9,7.2691045984364374E-9,6.4440245276783186E-9,6.6129535097191756E-9,5.1999000366482153E-9]],[[6.0723605450345817E-9,7.5664451416987233E-9,7.3890314895168309E-9,8.2645483226969061E-9,7.3890314895168309E-9,7.5664451416987216E-9,6.07236054503458E-9],[7.5664451416987233E-9,9.1540409810468936E-9,8.9994089121332355E-9,9.919425446534034E-9,8.9994089121332355E-9,9.154040981046892E-9,7.5664451416987216E-9],[7.3890314895168309E-9,8.9994089121332355E-9,9.4642341259814616E-9,9.9299385764746415E-9,9.4642341259814616E-9,8.9994089121332355E-9,7.3890314895168309E-9],[8.2645483226969061E-9,9.919425446534034E-9,9.9299385764746415E-9,1.0801023279202148E-8,9.9299385764746415E-9,9.919425446534034E-9,8.2645483226969061E-9],[7.3890314895168309E-9,8.9994089121332355E-9,9.4642341259814616E-9,9.9299385764746415E-9,9.4642341259814616E-9,8.9994089121332355E-9,7.3890314895168317E-9],[7.5664451416987216E-9,9.154040981046892E-9,8.9994089121332355E-9,9.919425446534034E-9,8.9994089121332355E-9,9.1540409810468936E-9,7.5664451416987233E-9],[6.07236054503458E-9,7.5664451416987216E-9,7.3890314895168309E-9,8.2645483226969061E-9,7.3890314895168317E-9,7.5664451416987233E-9,6.0723605450345817E-9]],[[6.9915926983278493E-9,8.5606659395716363E-9,8.3754623113827719E-9,9.2976509928787834E-9,8.37546231138277E-9,8.5606659395716363E-9,6.9915926983278493E-9],[8.5606659395716363E-9,1.0212298181593678E-8,1.0052392966106808E-8,1.1011687683977617E-8,1.0052392966106806E-8,1.0212298181593678E-8,8.5606659395716363E-9],[8.3754623113827719E-9,1.0052392966106808E-8,1.0536389570181688E-8,1.1021293568105382E-8,1.0536389570181688E-8,1.0052392966106806E-8,8.37546231138277E-9],[9.2976509928787834E-9,1.1011687683977617E-8,1.1021293568105382E-8,1.1927035046773288E-8,1.1021293568105382E-8,1.1011687683977617E-8,9.2976509928787834E-9],[8.37546231138277E-9,1.0052392966106806E-8,1.0536389570181688E-8,1.1021293568105382E-8,1.0536389570181688E-8,1.0052392966106808E-8,8.3754623113827719E-9],[8.5606659395716363E-9,1.0212298181593678E-8,1.0052392966106806E-8,1.1011687683977617E-8,1.0052392966106808E-8,1.0212298181593678E-8,8.5606659395716363E-9],[6.9915926983278493E-9,8.5606659395716363E-9,8.37546231138277E-9,9.2976509928787834E-9,8.3754623113827719E-9,8.5606659395716363E-9,6.9915926983278493E-9]],[[7.954170492646635E-9,9.59284412264491E-9,9.400447977237234E-9,1.0365926275555823E-8,9.4004479772372323E-9,9.59284412264491E-9,7.954170492646635E-9],[9.59284412264491E-9,1.1304257107865858E-8,1.1139431355944569E-8,1.2135334390972159E-8,1.1139431355944569E-8,1.1304257107865858E-8,9.59284412264491E-9],[9.400447977237234E-9,1.1139431355944569E-8,1.1641309801554788E-8,1.2144122124817528E-8,1.1641309801554788E-8,1.1139431355944569E-8,9.4004479772372323E-9],[1.0365926275555823E-8,1.2135334390972159E-8,1.2144122124817528E-8,1.3082216023412327E-8,1.2144122124817528E-8,1.2135334390972159E-8,1.0365926275555823E-8],[9.4004479772372323E-9,1.1139431355944569E-8,1.1641309801554788E-8,1.2144122124817528E-8,1.1641309801554788E-8,1.1139431355944569E-8,9.400447977237234E-9],[9.59284412264491E-9,1.1304257107865858E-8,1.1139431355944569E-8,1.2135334390972159E-8,1.1139431355944569E-8,1.1304257107865858E-8,9.59284412264491E-9],[7.954170492646635E-9,9.59284412264491E-9,9.4004479772372323E-9,1.0365926275555823E-8,9.400447977237234E-9,9.59284412264491E-9,7.954170492646635E-9]],[[8.9570411202515869E-9,1.0660516750188797E-8,1.0461443486860007E-8,1.1467184242429217E-8,1.0461443486860007E-8,1.0660516750188797E-8,8.9570411202515869E-9],[1.0660516750188797E-8,1.2427927628163212E-8,1.225848620208344E-8,1.3288621928876711E-8,1.225848620208344E-8,1.2427927628163212E-8,1.0660516750188797E-8],[1.0461443486860007E-8,1.225848620208344E-8,1.2777100775903031E-8,1.3296674223814097E-8,1.2777100775903031E-8,1.225848620208344E-8,1.0461443486860007E-8],[1.1467184242429217E-8,1.3288621928876711E-8,1.3296674223814097E-8,1.4265076489732158E-8,1.3296674223814097E-8,1.3288621928876711E-8,1.1467184242429217E-8],[1.0461443486860007E-8,1.225848620208344E-8,1.2777100775903031E-8,1.3296674223814097E-8,1.2777100775903031E-8,1.225848620208344E-8,1.0461443486860007E-8],[1.0660516750188797E-8,1.2427927628163212E-8,1.225848620208344E-8,1.3288621928876711E-8,1.225848620208344E-8,1.2427927628163212E-8,1.0660516750188797E-8],[8.9570411202515869E-9,1.0660516750188797E-8,1.0461443486860007E-8,1.1467184242429217E-8,1.0461443486860007E-8,1.0660516750188797E-8,8.9570411202515869E-9]],[[9.9974868777952859E-9,1.1761493855202539E-8,1.1556189791790522E-8,1.2599489829255317E-8,1.1556189791790522E-8,1.1761493855202539E-8,9.9974868777952859E-9],[1.1761493855202539E-8,1.3581537620598493E-8,1.3407745669696412E-8,1.4470000071809096E-8,1.3407745669696412E-8,1.3581537620598493E-8,1.1761493855202539E-8],[1.1556189791790522E-8,1.3407745669696412E-8,1.3942077831249757E-8,1.4477392539420692E-8,1.3942077831249757E-8,1.3407745669696412E-8,1.1556189791790522E-8],[1.2599489829255317E-8,1.4470000071809096E-8,1.4477392539420692E-8,1.5474287921488539E-8,1.4477392539420692E-8,1.4470000071809094E-8,1.2599489829255317E-8],[1.1556189791790522E-8,1.3407745669696412E-8,1.3942077831249757E-8,1.4477392539420692E-8,1.3942077831249755E-8,1.340774566969641E-8,1.1556189791790522E-8],[1.1761493855202539E-8,1.3581537620598493E-8,1.3407745669696412E-8,1.4470000071809094E-8,1.340774566969641E-8,1.3581537620598493E-8,1.1761493855202539E-8],[9.9974868777952859E-9,1.1761493855202539E-8,1.1556189791790522E-8,1.2599489829255317E-8,1.1556189791790522E-8,1.1761493855202539E-8,9.9974868777952859E-9]],[[1.1073089101491395E-8,1.2893826639190587E-8,1.2682679900674729E-8,1.3761128439861248E-8,1.2682679900674729E-8,1.2893826639190587E-8,1.1073089101491395E-8],[1.2893826639190587E-8,1.4763507427017764E-8,1.4585596827592607E-8,1.5678087887182105E-8,1.4585596827592607E-8,1.4763507427017764E-8,1.2893826639190587E-8],[1.2682679900674729E-8,1.4585596827592607E-8,1.5134740362242096E-8,1.568488893587754E-8,1.5134740362242096E-8,1.4585596827592607E-8,1.2682679900674729E-8],[1.3761128439861248E-8,1.5678087887182105E-8,1.568488893587754E-8,1.6708663409610965E-8,1.568488893587754E-8,1.56780878871821E-8,1.3761128439861248E-8],[1.2682679900674729E-8,1.4585596827592607E-8,1.5134740362242096E-8,1.568488893587754E-8,1.5134740362242093E-8,1.4585596827592606E-8,1.2682679900674729E-8],[1.2893826639190587E-8,1.4763507427017764E-8,1.4585596827592607E-8,1.56780878871821E-8,1.4585596827592606E-8,1.4763507427017764E-8,1.2893826639190587E-8],[1.1073089101491395E-8,1.2893826639190587E-8,1.2682679900674729E-8,1.3761128439861248E-8,1.2682679900674729E-8,1.2893826639190587E-8,1.1073089101491395E-8]],[[1.2181694945000332E-8,1.4055779319700735E-8,1.3839128881100846E-8,1.4950577108068586E-8,1.3839128881100846E-8,1.4055779319700735E-8,1.2181694945000332E-8],[1.4055779319700735E-8,1.5972427316740972E-8,1.5790601864606556E-8,1.6911652960006874E-8,1.5790601864606556E-8,1.5972427316740972E-8,1.4055779319700735E-8],[1.3839128881100846E-8,1.5790601864606556E-8,1.6353749714979573E-8,1.6917924043098137E-8,1.6353749714979576E-8,1.5790601864606556E-8,1.3839128881100846E-8],[1.4950577108068586E-8,1.6911652960006874E-8,1.6917924043098137E-8,1.7967140667928816E-8,1.6917924043098137E-8,1.6911652960006878E-8,1.4950577108068586E-8],[1.3839128881100846E-8,1.5790601864606556E-8,1.6353749714979576E-8,1.6917924043098137E-8,1.6353749714979576E-8,1.5790601864606556E-8,1.3839128881100846E-8],[1.4055779319700735E-8,1.5972427316740972E-8,1.5790601864606556E-8,1.6911652960006878E-8,1.5790601864606556E-8,1.5972427316740972E-8,1.4055779319700735E-8],[1.2181694945000332E-8,1.4055779319700735E-8,1.3839128881100846E-8,1.4950577108068586E-8,1.3839128881100846E-8,1.4055779319700735E-8,1.2181694945000332E-8]],[[1.3321387268818575E-8,1.5245804244520197E-8,1.5023947408275342E-8,1.6166480066949148E-8,1.5023947408275342E-8,1.5245804244520197E-8,1.3321387268818575E-8],[1.5245804244520197E-8,1.7207037613134287E-8,1.7021477241376442E-8,1.8169593404759881E-8,1.7021477241376442E-8,1.7207037613134287E-8,1.5245804244520197E-8],[1.5023947408275342E-8,1.7021477241376442E-8,1.7597909862026374E-8,1.8175389457067208E-8,1.7597909862026374E-8,1.7021477241376442E-8,1.5023947408275342E-8],[1.6166480066949148E-8,1.8169593404759881E-8,1.8175389457067208E-8,1.9248767227358077E-8,1.8175389457067208E-8,1.8169593404759881E-8,1.6166480066949148E-8],[1.5023947408275342E-8,1.7021477241376442E-8,1.7597909862026374E-8,1.8175389457067208E-8,1.7597909862026374E-8,1.7021477241376442E-8,1.5023947408275342E-8],[1.5245804244520197E-8,1.7207037613134287E-8,1.7021477241376442E-8,1.8169593404759881E-8,1.7021477241376442E-8,1.7207037613134287E-8,1.5245804244520197E-8],[1.3321387268818575E-8,1.5245804244520197E-8,1.5023947408275342E-8,1.6166480066949148E-8,1.5023947408275342E-8,1.5245804244520197E-8,1.3321387268818575E-8]],[[1.4490457621026158E-8,1.6462519913362505E-8,1.62357184899575E-8,1.7407627873627793E-8,1.62357184899575E-8,1.6462519913362505E-8,1.4490457621026158E-8],[1.6462519913362505E-8,1.8466211169318686E-8,1.8277075402729798E-8,1.9450922222824383E-8,1.8277075402729798E-8,1.8466211169318686E-8,1.6462519913362505E-8],[1.62357184899575E-8,1.8277075402729798E-8,1.8866150480384942E-8,1.9456292185263E-8,1.8866150480384942E-8,1.8277075402729798E-8,1.62357184899575E-8],[1.7407627873627793E-8,1.9450922222824383E-8,1.9456292185263E-8,2.0552687490198079E-8,1.9456292185263E-8,1.9450922222824383E-8,1.7407627873627793E-8],[1.62357184899575E-8,1.8277075402729798E-8,1.8866150480384942E-8,1.9456292185263E-8,1.8866150480384942E-8,1.8277075402729798E-8,1.62357184899575E-8],[1.6462519913362505E-8,1.8466211169318686E-8,1.8277075402729798E-8,1.9450922222824383E-8,1.8277075402729798E-8,1.8466211169318686E-8,1.6462519913362505E-8],[1.4490457621026158E-8,1.6462519913362505E-8,1.62357184899575E-8,1.7407627873627793E-8,1.62357184899575E-8,1.6462519913362505E-8,1.4490457621026158E-8]],[[1.5687382143568818E-8,1.7704691577524685E-8,1.7473177006562627E-8,1.8672939445847956E-8,1.7473177006562627E-8,1.7704691577524685E-8,1.5687382143568818E-8],[1.7704691577524685E-8,1.9748937912131013E-8,1.9556368721385358E-8,2.0754753649282697E-8,1.9556368721385358E-8,1.9748937912131013E-8,1.7704691577524685E-8],[1.7473177006562627E-8,1.9556368721385358E-8,2.0157512109490891E-8,2.0759741020557571E-8,2.0157512109490891E-8,1.9556368721385358E-8,1.7473177006562627E-8],[1.8672939445847956E-8,2.0754753649282697E-8,2.0759741020557571E-8,2.1878131376506881E-8,2.0759741020557571E-8,2.0754753649282697E-8,1.8672939445847956E-8],[1.7473177006562627E-8,1.9556368721385358E-8,2.0157512109490891E-8,2.0759741020557571E-8,2.0157512109490891E-8,1.9556368721385358E-8,1.7473177006562627E-8],[1.7704691577524685E-8,1.9748937912131013E-8,1.9556368721385358E-8,2.0754753649282697E-8,1.9556368721385358E-8,1.9748937912131013E-8,1.7704691577524685E-8],[1.5687382143568818E-8,1.7704691577524685E-8,1.7473177006562627E-8,1.8672939445847956E-8,1.7473177006562627E-8,1.7704691577524685E-8,1.5687382143568818E-8]],[[1.6910800171981425E-8,1.8971214118621406E-8,1.8735191730257054E-8,1.9961446514021516E-8,1.8735191730257054E-8,1.8971214118621406E-8,1.6910800171981425E-8],[1.8971214118621406E-8,2.1054311204685443E-8,2.0858435385623704E-8,2.2080291198393162E-8,2.0858435385623704E-8,2.1054311204685443E-8,1.8971214118621406E-8],[1.8735191730257054E-8,2.0858435385623704E-8,2.1471133112778483E-8,2.2084934578076281E-8,2.1471133112778483E-8,2.0858435385623704E-8,1.8735191730257054E-8],[1.9961446514021516E-8,2.2080291198393162E-8,2.2084934578076281E-8,2.322440434049977E-8,2.2084934578076281E-8,2.2080291198393162E-8,1.9961446514021516E-8],[1.8735191730257054E-8,2.0858435385623704E-8,2.1471133112778483E-8,2.2084934578076281E-8,2.1471133112778483E-8,2.0858435385623704E-8,1.8735191730257054E-8],[1.8971214118621406E-8,2.1054311204685443E-8,2.0858435385623704E-8,2.2080291198393162E-8,2.0858435385623704E-8,2.1054311204685443E-8,1.8971214118621406E-8],[1.6910800171981425E-8,1.8971214118621406E-8,1.8735191730257054E-8,1.9961446514021516E-8,1.8735191730257054E-8,1.8971214118621406E-8,1.6910800171981425E-8]],[[1.8159495273858612E-8,2.0261096937763645E-8,2.0020749518393488E-8,2.1272280099108357E-8,2.0020749518393488E-8,2.0261096937763645E-8,1.8159495273858612E-8],[2.0261096937763645E-8,2.2381515806869066E-8,2.218244698124363E-8,2.3426817168001865E-8,2.218244698124363E-8,2.2381515806869066E-8,2.0261096937763645E-8],[2.0020749518393488E-8,2.218244698124363E-8,2.2806238206002369E-8,2.3431150771101603E-8,2.2806238206002369E-8,2.218244698124363E-8,2.0020749518393488E-8],[2.1272280099108357E-8,2.3426817168001865E-8,2.3431150771101603E-8,2.4590878571545377E-8,2.3431150771101603E-8,2.3426817168001865E-8,2.1272280099108357E-8],[2.0020749518393488E-8,2.218244698124363E-8,2.2806238206002369E-8,2.3431150771101603E-8,2.2806238206002369E-8,2.218244698124363E-8,2.0020749518393488E-8],[2.0261096937763645E-8,2.2381515806869066E-8,2.218244698124363E-8,2.3426817168001865E-8,2.218244698124363E-8,2.2381515806869066E-8,2.0261096937763645E-8],[1.8159495273858612E-8,2.0261096937763645E-8,2.0020749518393488E-8,2.1272280099108357E-8,2.0020749518393488E-8,2.0261096937763645E-8,1.8159495273858612E-8]],[[1.9432378472339492E-8,2.1573450615530636E-8,2.1328941409861895E-8,2.2604658705287674E-8,2.1328941409861895E-8,2.1573450615530636E-8,1.9432378472339492E-8],[2.1573450615530636E-8,2.3729817239560974E-8,2.3527657551430546E-8,2.4793683403314961E-8,2.3527657551430546E-8,2.3729817239560974E-8,2.1573450615530636E-8],[2.1328941409861895E-8,2.3527657551430546E-8,2.4162128349264532E-8,2.479773753631877E-8,2.4162128349264532E-8,2.3527657551430546E-8,2.1328941409861895E-8],[2.2604658705287674E-8,2.4793683403314961E-8,2.479773753631877E-8,2.5976985223858457E-8,2.479773753631877E-8,2.4793683403314961E-8,2.2604658705287674E-8],[2.1328941409861895E-8,2.3527657551430546E-8,2.4162128349264532E-8,2.479773753631877E-8,2.4162128349264532E-8,2.3527657551430546E-8,2.1328941409861895E-8],[2.1573450615530636E-8,2.3729817239560974E-8,2.3527657551430546E-8,2.4793683403314961E-8,2.3527657551430546E-8,2.3729817239560974E-8,2.1573450615530636E-8],[1.9432378472339492E-8,2.1573450615530636E-8,2.1328941409861895E-8,2.2604658705287674E-8,2.1328941409861895E-8,2.1573450615530636E-8,1.9432378472339492E-8]],[[2.0728473414022274E-8,2.2907475130173397E-8,2.2658950385152156E-8,2.395787797549529E-8,2.2658950385152156E-8,2.2907475130173397E-8,2.0728473414022274E-8],[2.2907475130173397E-8,2.5098552382182968E-8,2.4893393947299995E-8,2.6180303152589231E-8,2.4893393947299995E-8,2.5098552382182968E-8,2.2907475130173397E-8],[2.2658950385152156E-8,2.4893393947299995E-8,2.5538171828422543E-8,2.6184104647014271E-8,2.5538171828422543E-8,2.4893393947299995E-8,2.2658950385152156E-8],[2.395787797549529E-8,2.6180303152589231E-8,2.6184104647014271E-8,2.7382207543007931E-8,2.6184104647014271E-8,2.6180303152589231E-8,2.395787797549529E-8],[2.2658950385152156E-8,2.4893393947299995E-8,2.5538171828422543E-8,2.6184104647014271E-8,2.5538171828422543E-8,2.4893393947299995E-8,2.2658950385152156E-8],[2.2907475130173397E-8,2.5098552382182968E-8,2.4893393947299995E-8,2.6180303152589231E-8,2.4893393947299995E-8,2.5098552382182968E-8,2.2907475130173397E-8],[2.0728473414022274E-8,2.2907475130173397E-8,2.2658950385152156E-8,2.395787797549529E-8,2.2658950385152156E-8,2.2907475130173397E-8,2.0728473414022274E-8]],[[2.2046903259632775E-8,2.4262449446402927E-8,2.4010040580777E-8,2.5331301603185288E-8,2.4010040580777E-8,2.4262449446402927E-8,2.2046903259632775E-8],[2.4262449446402927E-8,2.6487121154441615E-8,2.6279047307190019E-8,2.7586143873308451E-8,2.6279047307190019E-8,2.6487121154441615E-8,2.4262449446402927E-8],[2.4010040580777E-8,2.6279047307190019E-8,2.69337963759996E-8,2.7589716476413449E-8,2.69337963759996E-8,2.6279047307190019E-8,2.4010040580777E-8],[2.5331301603185288E-8,2.7586143873308451E-8,2.7589716476413449E-8,2.8806074777073721E-8,2.7589716476413449E-8,2.7586143873308451E-8,2.5331301603185288E-8],[2.4010040580777E-8,2.6279047307190019E-8,2.69337963759996E-8,2.7589716476413449E-8,2.69337963759996E-8,2.6279047307190019E-8,2.4010040580777E-8],[2.4262449446402927E-8,2.6487121154441615E-8,2.6279047307190019E-8,2.7586143873308451E-8,2.6279047307190019E-8,2.6487121154441615E-8,2.4262449446402927E-8],[2.2046903259632775E-8,2.4262449446402927E-8,2.4010040580777E-8,2.5331301603185288E-8,2.4010040580777E-8,2.4262449446402927E-8,2.2046903259632775E-8]],[[2.3386879096814576E-8,2.5637722309684654E-8,2.538154777565215E-8,2.6724353328976888E-8,2.538154777565215E-8,2.5637722309684654E-8,2.3386879096814576E-8],[2.5637722309684654E-8,2.7894979151929573E-8,2.7684065524671728E-8,2.9010720868699204E-8,2.7684065524671728E-8,2.7894979151929573E-8,2.5637722309684654E-8],[2.538154777565215E-8,2.7684065524671728E-8,2.8348482202536309E-8,2.9014085593083448E-8,2.8348482202536309E-8,2.7684065524671728E-8,2.538154777565215E-8],[2.6724353328976888E-8,2.9010720868699204E-8,2.9014085593083448E-8,3.0248156776602135E-8,2.9014085593083448E-8,2.9010720868699204E-8,2.6724353328976888E-8],[2.538154777565215E-8,2.7684065524671728E-8,2.8348482202536309E-8,2.9014085593083448E-8,2.8348482202536309E-8,2.7684065524671728E-8,2.538154777565215E-8],[2.5637722309684654E-8,2.7894979151929573E-8,2.7684065524671728E-8,2.9010720868699204E-8,2.7684065524671728E-8,2.7894979151929573E-8,2.5637722309684654E-8],[2.3386879096814576E-8,2.5637722309684654E-8,2.538154777565215E-8,2.6724353328976888E-8,2.538154777565215E-8,2.5637722309684654E-8,2.3386879096814576E-8]],[[2.4747689695544216E-8,2.7032704101206643E-8,2.6772870990947696E-8,2.8136509878807696E-8,2.6772870990947696E-8,2.7032704101206643E-8,2.4747689695544216E-8],[2.7032704101206643E-8,2.9321631121812428E-8,2.9107946584135802E-8,3.0453591652016497E-8,2.9107946584135802E-8,2.9321631121812428E-8,2.7032704101206643E-8],[2.6772870990947696E-8,2.9107946584135802E-8,2.9781755827072476E-8,3.0456767086934354E-8,2.9781755827072476E-8,2.9107946584135802E-8,2.6772870990947696E-8],[2.8136509878807696E-8,3.0453591652016497E-8,3.0456767086934354E-8,3.1708059201107642E-8,3.0456767086934354E-8,3.0453591652016497E-8,2.8136509878807696E-8],[2.6772870990947696E-8,2.9107946584135802E-8,2.9781755827072476E-8,3.0456767086934354E-8,2.9781755827072476E-8,2.9107946584135802E-8,2.6772870990947696E-8],[2.7032704101206643E-8,2.9321631121812428E-8,2.9107946584135802E-8,3.0453591652016497E-8,2.9107946584135802E-8,2.9321631121812428E-8,2.7032704101206643E-8],[2.4747689695544216E-8,2.7032704101206643E-8,2.6772870990947696E-8,2.8136509878807696E-8,2.6772870990947696E-8,2.7032704101206643E-8,2.4747689695544216E-8]],[[2.6128692446887313E-8,2.8446859626719384E-8,2.8183465065877155E-8,2.9567294722693342E-8,2.8183465065877155E-8,2.8446859626719384E-8,2.6128692446887313E-8],[2.8446859626719384E-8,3.0766625179341832E-8,3.0550232659066721E-8,3.1914350950654759E-8,3.0550232659066721E-8,3.0766625179341832E-8,2.8446859626719384E-8],[2.8183465065877155E-8,3.0550232659066721E-8,3.1233184610585432E-8,3.1917353538370989E-8,3.1233184610585432E-8,3.0550232659066721E-8,2.8183465065877155E-8],[2.9567294722693342E-8,3.1914350950654759E-8,3.1917353538370989E-8,3.3185419261260887E-8,3.1917353538370989E-8,3.1914350950654759E-8,2.9567294722693342E-8],[2.8183465065877155E-8,3.0550232659066721E-8,3.1233184610585432E-8,3.1917353538370989E-8,3.1233184610585432E-8,3.0550232659066721E-8,2.8183465065877155E-8],[2.8446859626719384E-8,3.0766625179341832E-8,3.0550232659066721E-8,3.1914350950654759E-8,3.0550232659066721E-8,3.0766625179341832E-8,2.8446859626719384E-8],[2.6128692446887313E-8,2.8446859626719384E-8,2.8183465065877155E-8,2.9567294722693342E-8,2.8183465065877155E-8,2.8446859626719384E-8,2.6128692446887313E-8]],[[2.7529305344468724E-8,2.9879701728358894E-8,2.9612834090196484E-8,3.1016272551467582E-8,2.9612834090196484E-8,2.9879701728358894E-8,2.7529305344468724E-8],[2.9879701728358894E-8,3.2229547678614232E-8,3.2010504882120025E-8,3.3392626274404224E-8,3.2010504882120025E-8,3.2229547678614232E-8,2.9879701728358894E-8],[2.9612834090196484E-8,3.2010504882120025E-8,3.2702371909163714E-8,3.3395470555047912E-8,3.2702371909163714E-8,3.2010504882120025E-8,2.9612834090196484E-8],[3.1016272551467582E-8,3.3392626274404224E-8,3.3395470555047912E-8,3.467990193552217E-8,3.3395470555047912E-8,3.3392626274404224E-8,3.1016272551467582E-8],[2.9612834090196484E-8,3.2010504882120025E-8,3.2702371909163714E-8,3.3395470555047912E-8,3.2702371909163714E-8,3.2010504882120025E-8,2.9612834090196484E-8],[2.9879701728358894E-8,3.2229547678614232E-8,3.2010504882120025E-8,3.3392626274404224E-8,3.2010504882120025E-8,3.2229547678614232E-8,2.9879701728358894E-8],[2.7529305344468724E-8,2.9879701728358894E-8,2.9612834090196484E-8,3.1016272551467582E-8,2.9612834090196484E-8,2.9879701728358894E-8,2.7529305344468724E-8]],[[2.8948999885006023E-8,3.1330785622575541E-8,3.1060525589997286E-8,3.2483044383905145E-8,3.1060525589997286E-8,3.1330785622575541E-8,2.8948999885006023E-8],[3.1330785622575541E-8,3.3710018662026957E-8,3.3488378708128024E-8,3.4888073982479671E-8,3.3488378708128024E-8,3.3710018662026957E-8,3.1330785622575541E-8],[3.1060525589997286E-8,3.3488378708128024E-8,3.4188952774746038E-8,3.489077281077083E-8,3.4188952774746038E-8,3.3488378708128024E-8,3.1060525589997286E-8],[3.2483044383905145E-8,3.4888073982479671E-8,3.489077281077083E-8,3.6191196608093025E-8,3.489077281077083E-8,3.4888073982479671E-8,3.2483044383905145E-8],[3.1060525589997286E-8,3.3488378708128024E-8,3.4188952774746038E-8,3.489077281077083E-8,3.4188952774746038E-8,3.3488378708128024E-8,3.1060525589997286E-8],[3.1330785622575541E-8,3.3710018662026957E-8,3.3488378708128024E-8,3.4888073982479671E-8,3.3488378708128024E-8,3.3710018662026957E-8,3.1330785622575541E-8],[2.8948999885006023E-8,3.1330785622575541E-8,3.1060525589997286E-8,3.2483044383905145E-8,3.1060525589997286E-8,3.1330785622575541E-8,2.8948999885006023E-8]],[[3.0387294779432287E-8,3.279970387957423E-8,3.2526125377095779E-8,3.3967243229102028E-8,3.2526125377095779E-8,3.279970387957423E-8,3.0387294779432287E-8],[3.279970387957423E-8,3.5207687822496464E-8,3.4983499801518373E-8,3.6400375792696808E-8,3.4983499801518373E-8,3.5207687822496464E-8,3.279970387957423E-8],[3.2526125377095779E-8,3.4983499801518373E-8,3.5692590140750891E-8,3.6402940529717245E-8,3.5692590140750891E-8,3.4983499801518373E-8,3.2526125377095779E-8],[3.3967243229102028E-8,3.6400375792696808E-8,3.6402940529717245E-8,3.7719014081979349E-8,3.6402940529717245E-8,3.6400375792696808E-8,3.3967243229102028E-8],[3.2526125377095779E-8,3.4983499801518373E-8,3.5692590140750891E-8,3.6402940529717245E-8,3.5692590140750891E-8,3.4983499801518373E-8,3.2526125377095779E-8],[3.279970387957423E-8,3.5207687822496464E-8,3.4983499801518373E-8,3.6400375792696808E-8,3.4983499801518373E-8,3.5207687822496464E-8,3.279970387957423E-8],[3.0387294779432287E-8,3.279970387957423E-8,3.2526125377095779E-8,3.3967243229102028E-8,3.2526125377095779E-8,3.279970387957423E-8,3.0387294779432287E-8]],[[3.1843750379622535E-8,3.4286081970356805E-8,3.4009252984108155E-8,3.5468530239367435E-8,3.4009252984108155E-8,3.4286081970356805E-8,3.1843750379622535E-8],[3.4286081970356805E-8,3.6722230920803538E-8,3.6495540388488872E-8,3.7929235683551982E-8,3.6495540388488872E-8,3.6722230920803538E-8,3.4286081970356805E-8],[3.4009252984108155E-8,3.6495540388488872E-8,3.72129714380124E-8,3.7931676366471466E-8,3.72129714380124E-8,3.6495540388488872E-8,3.4009252984108155E-8],[3.5468530239367435E-8,3.7929235683551982E-8,3.7931676366471466E-8,3.9263083926809788E-8,3.7931676366471466E-8,3.7929235683551982E-8,3.5468530239367435E-8],[3.4009252984108155E-8,3.6495540388488872E-8,3.72129714380124E-8,3.7931676366471466E-8,3.72129714380124E-8,3.6495540388488872E-8,3.4009252984108155E-8],[3.4286081970356805E-8,3.6722230920803538E-8,3.6495540388488872E-8,3.7929235683551982E-8,3.6495540388488872E-8,3.6722230920803538E-8,3.4286081970356805E-8],[3.1843750379622535E-8,3.4286081970356805E-8,3.4009252984108155E-8,3.5468530239367435E-8,3.4009252984108155E-8,3.4286081970356805E-8,3.1843750379622535E-8]],[[3.3317963737612893E-8,3.57895743168162E-8,3.55095576175048E-8,3.6986591297697132E-8,3.55095576175048E-8,3.57895743168162E-8,3.3317963737612893E-8],[3.57895743168162E-8,3.8253346607675568E-8,3.8024196021958786E-8,3.9474377146316165E-8,3.8024196021958786E-8,3.8253346607675568E-8,3.57895743168162E-8],[3.55095576175048E-8,3.8024196021958786E-8,3.874980559344332E-8,3.9476702638699921E-8,3.874980559344332E-8,3.8024196021958786E-8,3.55095576175048E-8],[3.6986591297697132E-8,3.9474377146316165E-8,3.9476702638699921E-8,4.0823152126111734E-8,3.9476702638699921E-8,3.9474377146316165E-8,3.6986591297697132E-8],[3.55095576175048E-8,3.8024196021958786E-8,3.874980559344332E-8,3.9476702638699921E-8,3.874980559344332E-8,3.8024196021958786E-8,3.55095576175048E-8],[3.57895743168162E-8,3.8253346607675568E-8,3.8024196021958786E-8,3.9474377146316165E-8,3.8024196021958786E-8,3.8253346607675568E-8,3.57895743168162E-8],[3.3317963737612893E-8,3.57895743168162E-8,3.55095576175048E-8,3.6986591297697132E-8,3.55095576175048E-8,3.57895743168162E-8,3.3317963737612893E-8]],[[3.4809564224618505E-8,3.7309860788416345E-8,3.7026714569668269E-8,3.8521133991221266E-8,3.7026714569668269E-8,3.7309860788416345E-8,3.4809564224618505E-8],[3.7309860788416345E-8,3.9800753606427724E-8,3.9569182713845646E-8,4.1035540749586025E-8,3.9569182713845646E-8,3.9800753606427724E-8,3.7309860788416345E-8],[3.7026714569668269E-8,3.9569182713845646E-8,4.0302820369777761E-8,4.1037758874628376E-8,4.0302820369777761E-8,3.9569182713845646E-8,3.7026714569668269E-8],[3.8521133991221266E-8,4.1035540749586025E-8,4.1037758874628376E-8,4.2398978992987134E-8,4.1037758874628376E-8,4.1035540749586025E-8,3.8521133991221266E-8],[3.7026714569668269E-8,3.9569182713845646E-8,4.0302820369777761E-8,4.1037758874628376E-8,4.0302820369777761E-8,3.9569182713845646E-8,3.7026714569668269E-8],[3.7309860788416345E-8,3.9800753606427724E-8,3.9569182713845646E-8,4.1035540749586025E-8,3.9569182713845646E-8,3.9800753606427724E-8,3.7309860788416345E-8],[3.4809564224618505E-8,3.7309860788416345E-8,3.7026714569668269E-8,3.8521133991221266E-8,3.7026714569668269E-8,3.7309860788416345E-8,3.4809564224618505E-8]],[[3.6318209646274411E-8,3.8846643596032573E-8,3.8560422038533055E-8,4.0071884928330858E-8,3.8560422038533055E-8,3.8846643596032573E-8,3.6318209646274411E-8],[3.8846643596032573E-8,4.1364188217395472E-8,4.1130234394884868E-8,4.2612481983364583E-8,4.1130234394884868E-8,4.1364188217395472E-8,3.8846643596032573E-8],[3.8560422038533055E-8,4.1130234394884868E-8,4.187176000990142E-8,4.2614599642122425E-8,4.187176000990142E-8,4.1130234394884868E-8,3.8560422038533055E-8],[4.0071884928330858E-8,4.2612481983364583E-8,4.2614599642122425E-8,4.3990337326827071E-8,4.2614599642122425E-8,4.2612481983364583E-8,4.0071884928330858E-8],[3.8560422038533055E-8,4.1130234394884868E-8,4.187176000990142E-8,4.26