{"M_cells":[[[0,0,0,0,0,0,0],[0,0,0,0,0,0,0],[0,0,0,0,0,0,0],[0,0,0,0,0,0,0],[0,0,0,0,0,0,0],[0,0,0,0,0,0,0],[0,0,0,0,0,0,0]],[[1.3638173377147302E-11,7.8157114035698136E-11,6.9553114605168059E-11,1.0169922242575182E-10,6.9553114605168059E-11,7.8157114035698123E-11,1.36381733771473E-11],[7.8157114035698136E-11,3.2848255385615593E-10,3.0039661740232878E-10,4.2403409822260682E-10,3.0039661740232878E-10,3.2848255385615593E-10,7.8157114035698123E-11],[6.9553114605168059E-11,3.0039661740232878E-10,3.685099900624537E-10,4.3698218653766231E-10,3.685099900624537E-10,3.0039661740232878E-10,6.9553114605168059E-11],[1.0169922242575182E-10,4.2403409822260682E-10,4.3698218653766231E-10,5.7608876876928876E-10,4.3698218653766231E-10,4.2403409822260682E-10,1.0169922242575182E-10],[6.9553114605168059E-11,3.0039661740232878E-10,3.685099900624537E-10,4.3698218653766231E-10,3.685099900624537E-10,3.0039661740232878E-10,6.9553114605168059E-11],[7.8157114035698123E-11,3.2848255385615593E-10,3.0039661740232878E-10,4.2403409822260682E-10,3.0039661740232878E-10,3.2848255385615593E-10,7.8157114035698136E-11],[1.36381733771473E-11,7.8157114035698123E-11,6.9553114605168059E-11,1.0169922242575182E-10,6.9553114605168059E-11,7.8157114035698136E-11,1.3638173377147302E-11]],[[9.3107823383212168E-11,3.0191681685855547E-10,2.7439997244396072E-10,3.8180173147397585E-10,2.7439997244396072E-10,3.0191681685855547E-10,9.3107823383212168E-11],[3.0191681685855547E-10,7.7643032911869055E-10,7.2387049244995886E-10,9.6784333629501547E-10,7.2387049244995886E-10,7.7643032911869055E-10,3.0191681685855547E-10],[2.7439997244396072E-10,7.2387049244995886E-10,8.5563037100234486E-10,9.8784157695508156E-10,8.5563037100234486E-10,7.2387049244995886E-10,2.7439997244396072E-10],[3.8180173147397585E-10,9.6784333629501547E-10,9.8784157695508156E-10,1.2512879116851147E-9,9.8784157695508156E-10,9.6784333629501547E-10,3.8180173147397585E-10],[2.7439997244396072E-10,7.2387049244995886E-10,8.5563037100234486E-10,9.8784157695508156E-10,8.5563037100234486E-10,7.2387049244995886E-10,2.7439997244396072E-10],[3.0191681685855547E-10,7.7643032911869055E-10,7.2387049244995886E-10,9.6784333629501547E-10,7.2387049244995886E-10,7.7643032911869055E-10,3.0191681685855547E-10],[9.3107823383212168E-11,3.0191681685855547E-10,2.7439997244396072E-10,3.8180173147397585E-10,2.7439997244396072E-10,3.0191681685855547E-10,9.3107823383212168E-11]],[[2.7053519400502981E-10,6.5600036620209369E-10,6.0567595972054191E-10,8.0931831208117026E-10,6.0567595972054191E-10,6.5600036620209369E-10,2.7053519400502981E-10],[6.5600036620209369E-10,1.3314464021142706E-9,1.2576496412971573E-9,1.6153769359978687E-9,1.2576496412971573E-9,1.3314464021142708E-9,6.5600036620209369E-10],[6.0567595972054191E-10,1.2576496412971573E-9,1.4478351437651139E-9,1.6385548253865669E-9,1.4478351437651139E-9,1.2576496412971575E-9,6.0567595972054191E-10],[8.0931831208117026E-10,1.6153769359978687E-9,1.6385548253865669E-9,2.0130941407559396E-9,1.6385548253865669E-9,1.6153769359978687E-9,8.0931831208117026E-10],[6.0567595972054191E-10,1.2576496412971573E-9,1.4478351437651139E-9,1.6385548253865669E-9,1.4478351437651139E-9,1.2576496412971573E-9,6.0567595972054191E-10],[6.5600036620209369E-10,1.3314464021142708E-9,1.2576496412971575E-9,1.6153769359978687E-9,1.2576496412971573E-9,1.3314464021142706E-9,6.5600036620209369E-10],[2.7053519400502981E-10,6.5600036620209369E-10,6.0567595972054191E-10,8.0931831208117026E-10,6.0567595972054191E-10,6.5600036620209369E-10,2.7053519400502981E-10]],[[5.5713683876049838E-10,1.1270136439134522E-9,1.0533567539078638E-9,1.3611522121430007E-9,1.0533567539078638E-9,1.1270136439134522E-9,5.5713683876049848E-10],[1.1270136439134522E-9,1.982964736282489E-9,1.8908259995426991E-9,2.3542999790072488E-9,1.8908259995426991E-9,1.982964736282489E-9,1.1270136439134522E-9],[1.0533567539078638E-9,1.8908259995426991E-9,2.1342871555916739E-9,2.3783569087986957E-9,2.1342871555916739E-9,1.8908259995426991E-9,1.0533567539078638E-9],[1.3611522121430007E-9,2.3542999790072488E-9,2.3783569087986957E-9,2.8523273665056465E-9,2.3783569087986957E-9,2.3542999790072488E-9,1.3611522121430007E-9],[1.0533567539078638E-9,1.8908259995426991E-9,2.1342871555916739E-9,2.3783569087986957E-9,2.1342871555916739E-9,1.8908259995426991E-9,1.0533567539078638E-9],[1.1270136439134522E-9,1.982964736282489E-9,1.8908259995426991E-9,2.3542999790072488E-9,1.8908259995426991E-9,1.982964736282489E-9,1.1270136439134522E-9],[5.5713683876049848E-10,1.1270136439134522E-9,1.0533567539078638E-9,1.3611522121430007E-9,1.0533567539078638E-9,1.1270136439134522E-9,5.5713683876049848E-10]],[[9.5343427430573263E-10,1.7031766267055787E-9,1.6073097954495827E-9,2.019653111138364E-9,1.6073097954495827E-9,1.7031766267055787E-9,9.5343427430573263E-10],[1.7031766267055787E-9,2.7216489325392083E-9,2.6136580463258147E-9,3.1744587294721311E-9,2.6136580463258147E-9,2.7216489325392083E-9,1.7031766267055787E-9],[1.6073097954495827E-9,2.6136580463258147E-9,2.9055261895602689E-9,3.1980699917142521E-9,2.9055261895602689E-9,2.6136580463258143E-9,1.6073097954495827E-9],[2.019653111138364E-9,3.1744587294721311E-9,3.1980699917142521E-9,3.761234078168643E-9,3.1980699917142521E-9,3.1744587294721311E-9,2.019653111138364E-9],[1.6073097954495827E-9,2.6136580463258147E-9,2.9055261895602689E-9,3.1980699917142521E-9,2.9055261895602689E-9,2.6136580463258143E-9,1.6073097954495827E-9],[1.7031766267055787E-9,2.7216489325392083E-9,2.6136580463258143E-9,3.1744587294721311E-9,2.6136580463258143E-9,2.7216489325392079E-9,1.7031766267055787E-9],[9.5343427430573263E-10,1.7031766267055787E-9,1.6073097954495827E-9,2.019653111138364E-9,1.6073097954495827E-9,1.7031766267055787E-9,9.5343427430573263E-10]],[[1.4547541866389077E-9,2.3741146303962033E-9,2.2578572460065547E-9,2.7710120905571483E-9,2.2578572460065547E-9,2.3741146303962033E-9,1.4547541866389077E-9],[2.3741146303962033E-9,3.5392633133188621E-9,3.4175146779495428E-9,4.0673864421794052E-9,3.4175146779495428E-9,3.5392633133188621E-9,2.3741146303962033E-9],[2.2578572460065547E-9,3.4175146779495428E-9,3.7533042372365055E-9,4.0898301055456423E-9,3.7533042372365055E-9,3.4175146779495428E-9,2.2578572460065547E-9],[2.7710120905571483E-9,4.0673864421794052E-9,4.0898301055456423E-9,4.7332175214697424E-9,4.0898301055456423E-9,4.0673864421794052E-9,2.7710120905571483E-9],[2.2578572460065547E-9,3.4175146779495428E-9,3.7533042372365055E-9,4.0898301055456423E-9,3.7533042372365055E-9,3.4175146779495428E-9,2.2578572460065547E-9],[2.3741146303962033E-9,3.5392633133188621E-9,3.4175146779495428E-9,4.0673864421794052E-9,3.4175146779495428E-9,3.5392633133188621E-9,2.3741146303962033E-9],[1.4547541866389077E-9,2.3741146303962033E-9,2.2578572460065547E-9,2.7710120905571483E-9,2.2578572460065547E-9,2.3741146303962033E-9,1.4547541866389077E-9]],[[2.0541629692674605E-9,3.1306879137076477E-9,2.99605069320099E-9,3.6041942638445213E-9,2.99605069320099E-9,3.1306879137076477E-9,2.0541629692674605E-9],[3.1306879137076477E-9,4.4285530098462717E-9,4.2947869942448509E-9,5.0259475121748533E-9,4.2947869942448509E-9,4.4285530098462734E-9,3.1306879137076477E-9],[2.99605069320099E-9,4.2947869942448509E-9,4.6704328858694114E-9,5.0468701485299293E-9,4.6704328858694114E-9,4.2947869942448509E-9,2.99605069320099E-9],[3.6041942638445213E-9,5.0259475121748533E-9,5.0468701485299293E-9,5.762630072591399E-9,5.0468701485299293E-9,5.0259475121748525E-9,3.6041942638445209E-9],[2.99605069320099E-9,4.2947869942448509E-9,4.6704328858694114E-9,5.0468701485299293E-9,4.6704328858694106E-9,4.2947869942448509E-9,2.9960506932009894E-9],[3.1306879137076477E-9,4.4285530098462734E-9,4.2947869942448509E-9,5.0259475121748525E-9,4.2947869942448509E-9,4.4285530098462734E-9,3.1306879137076477E-9],[2.0541629692674605E-9,3.1306879137076477E-9,2.99605069320099E-9,3.6041942638445209E-9,2.9960506932009894E-9,3.1306879137076477E-9,2.0541629692674605E-9]],[[2.7440069811439049E-9,3.9648466414972072E-9,3.81377858386556E-9,4.510217304399481E-9,3.81377858386556E-9,3.9648466414972072E-9,2.7440069811439049E-9],[3.9648466414972072E-9,5.38313367835399E-9,5.2387880886807737E-9,6.04407572872628E-9,5.2387880886807737E-9,5.38313367835399E-9,3.9648466414972072E-9],[3.81377858386556E-9,5.2387880886807737E-9,5.650646037989575E-9,6.06334554811789E-9,5.650646037989575E-9,5.2387880886807737E-9,3.81377858386556E-9],[4.510217304399481E-9,6.04407572872628E-9,6.06334554811789E-9,6.8446112279221081E-9,6.06334554811789E-9,6.04407572872628E-9,4.510217304399481E-9],[3.81377858386556E-9,5.2387880886807737E-9,5.650646037989575E-9,6.06334554811789E-9,5.650646037989575E-9,5.2387880886807737E-9,3.81377858386556E-9],[3.9648466414972072E-9,5.38313367835399E-9,5.2387880886807737E-9,6.04407572872628E-9,5.2387880886807737E-9,5.38313367835399E-9,3.9648466414972072E-9],[2.7440069811439049E-9,3.9648466414972072E-9,3.81377858386556E-9,4.510217304399481E-9,3.81377858386556E-9,3.9648466414972072E-9,2.7440069811439049E-9]],[[3.5166971613793967E-9,4.8695042268523257E-9,4.7037794775985109E-9,5.4816546542675239E-9,4.7037794775985109E-9,4.8695042268523257E-9,3.5166971613793967E-9],[4.8695042268523257E-9,6.397391120118207E-9,6.2436520574869195E-9,7.11657761345542E-9,6.2436520574869195E-9,6.397391120118207E-9,4.8695042268523257E-9],[4.7037794775985109E-9,6.2436520574869195E-9,6.6884786202019951E-9,7.1341926826046148E-9,6.6884786202019943E-9,6.2436520574869187E-9,4.7037794775985109E-9],[5.4816546542675239E-9,7.11657761345542E-9,7.1341926826046148E-9,7.9749594620773727E-9,7.134192682604614E-9,7.116577613455419E-9,5.4816546542675239E-9],[4.7037794775985109E-9,6.2436520574869195E-9,6.6884786202019943E-9,7.134192682604614E-9,6.6884786202019943E-9,6.2436520574869187E-9,4.7037794775985109E-9],[4.8695042268523257E-9,6.397391120118207E-9,6.2436520574869187E-9,7.116577613455419E-9,6.2436520574869187E-9,6.397391120118207E-9,4.8695042268523257E-9],[3.5166971613793967E-9,4.8695042268523257E-9,4.7037794775985109E-9,5.4816546542675239E-9,4.7037794775985109E-9,4.8695042268523257E-9,3.5166971613793967E-9]],[[4.3650862020887947E-9,5.83842523065738E-9,5.6596048781093356E-9,6.51228635076322E-9,5.6596048781093356E-9,5.83842523065738E-9,4.3650862020887947E-9],[5.83842523065738E-9,7.4663907339062269E-9,7.3042381463216521E-9,8.2389815944663909E-9,7.3042381463216521E-9,7.4663907339062269E-9,5.83842523065738E-9],[5.6596048781093356E-9,7.3042381463216521E-9,7.7791606040338336E-9,8.25501278842661E-9,7.7791606040338336E-9,7.3042381463216521E-9,5.6596048781093356E-9],[6.51228635076322E-9,8.2389815944663909E-9,8.25501278842661E-9,9.150029559349617E-9,8.25501278842661E-9,8.2389815944663909E-9,6.51228635076322E-9],[5.6596048781093356E-9,7.3042381463216521E-9,7.7791606040338336E-9,8.25501278842661E-9,7.7791606040338336E-9,7.3042381463216521E-9,5.6596048781093356E-9],[5.83842523065738E-9,7.4663907339062269E-9,7.3042381463216521E-9,8.2389815944663909E-9,7.3042381463216521E-9,7.4663907339062269E-9,5.83842523065738E-9],[4.3650862020887947E-9,5.83842523065738E-9,5.6596048781093356E-9,6.51228635076322E-9,5.6596048781093356E-9,5.83842523065738E-9,4.3650862020887947E-9]],[[5.2826280906257439E-9,6.86612560111101E-9,6.6755574925482914E-9,7.5968481464425531E-9,6.6755574925482914E-9,6.86612560111101E-9,5.2826280906257439E-9],[6.86612560111101E-9,8.5857964501970547E-9,8.41604283887839E-9,9.4074200881291486E-9,8.41604283887839E-9,8.5857964501970547E-9,6.86612560111101E-9],[6.6755574925482914E-9,8.41604283887839E-9,8.9185250349713677E-9,9.4219759406771845E-9,8.9185250349713677E-9,8.41604283887839E-9,6.6755574925482914E-9],[7.5968481464425531E-9,9.4074200881291486E-9,9.4219759406771845E-9,1.0366649361155082E-8,9.4219759406771845E-9,9.4074200881291486E-9,7.5968481464425531E-9],[6.6755574925482914E-9,8.41604283887839E-9,8.9185250349713677E-9,9.4219759406771845E-9,8.9185250349713677E-9,8.41604283887839E-9,6.6755574925482914E-9],[6.86612560111101E-9,8.5857964501970547E-9,8.41604283887839E-9,9.4074200881291486E-9,8.41604283887839E-9,8.5857964501970547E-9,6.86612560111101E-9],[5.2826280906257439E-9,6.86612560111101E-9,6.6755574925482914E-9,7.5968481464425531E-9,6.6755574925482914E-9,6.86612560111101E-9,5.2826280906257439E-9]],[[6.2634234062373493E-9,7.9477838173641059E-9,7.746619889259668E-9,8.7308470974360426E-9,7.746619889259668E-9,7.9477838173641059E-9,6.2634234062373493E-9],[7.9477838173641059E-9,9.7517985995144158E-9,9.57512090149816E-9,1.0618535680985654E-8,9.57512090149816E-9,9.7517985995144158E-9,7.9477838173641059E-9],[7.746619889259668E-9,9.57512090149816E-9,1.0102928536574849E-8,1.0631741026467042E-8,1.0102928536574849E-8,9.57512090149816E-9,7.746619889259668E-9],[8.7308470974360426E-9,1.0618535680985654E-8,1.0631741026467042E-8,1.1622051511688249E-8,1.0631741026467042E-8,1.0618535680985654E-8,8.7308470974360426E-9],[7.746619889259668E-9,9.57512090149816E-9,1.0102928536574849E-8,1.0631741026467042E-8,1.0102928536574849E-8,9.57512090149816E-9,7.746619889259668E-9],[7.9477838173641059E-9,9.7517985995144158E-9,9.57512090149816E-9,1.0618535680985654E-8,9.57512090149816E-9,9.7517985995144158E-9,7.9477838173641059E-9],[6.2634234062373493E-9,7.9477838173641059E-9,7.746619889259668E-9,8.7308470974360426E-9,7.746619889259668E-9,7.9477838173641059E-9,6.2634234062373493E-9]],[[7.3022065628389336E-9,9.0791618653672E-9,8.8683819584622667E-9,9.9104228904898448E-9,8.8683819584622667E-9,9.0791618653672E-9,7.3022065628389336E-9],[9.0791618653672E-9,1.0961050046098076E-8,1.0778015404361314E-8,1.1869405316669093E-8,1.0778015404361314E-8,1.0961050046098076E-8,9.0791618653672E-9],[8.8683819584622667E-9,1.0778015404361314E-8,1.1329182742080055E-8,1.188138859541851E-8,1.1329182742080055E-8,1.0778015404361314E-8,8.8683819584622667E-9],[9.9104228904898448E-9,1.1869405316669093E-8,1.188138859541851E-8,1.2913816942526413E-8,1.188138859541851E-8,1.1869405316669093E-8,9.9104228904898448E-9],[8.8683819584622667E-9,1.0778015404361314E-8,1.1329182742080055E-8,1.188138859541851E-8,1.1329182742080055E-8,1.0778015404361314E-8,8.8683819584622667E-9],[9.0791618653672E-9,1.0961050046098076E-8,1.0778015404361314E-8,1.1869405316669093E-8,1.0778015404361314E-8,1.0961050046098076E-8,9.0791618653672E-9],[7.3022065628389336E-9,9.0791618653672E-9,8.8683819584622667E-9,9.9104228904898448E-9,8.8683819584622667E-9,9.0791618653672E-9,7.3022065628389336E-9]],[[8.3943053982629177E-9,1.0256535137776081E-8,1.0036971655542439E-8,1.1132241255137859E-8,1.0036971655542439E-8,1.0256535137776081E-8,8.3943053982629177E-9],[1.0256535137776081E-8,1.2210609858651758E-8,1.2021696220740147E-8,1.3157478197465396E-8,1.2021696220740147E-8,1.2210609858651758E-8,1.0256535137776081E-8],[1.0036971655542439E-8,1.2021696220740147E-8,1.2594495199846931E-8,1.3168364178637216E-8,1.2594495199846931E-8,1.2021696220740147E-8,1.0036971655542439E-8],[1.1132241255137859E-8,1.3157478197465396E-8,1.3168364178637216E-8,1.423982766229675E-8,1.3168364178637216E-8,1.3157478197465396E-8,1.1132241255137859E-8],[1.0036971655542439E-8,1.2021696220740147E-8,1.2594495199846931E-8,1.3168364178637216E-8,1.2594495199846931E-8,1.2021696220740147E-8,1.0036971655542439E-8],[1.0256535137776081E-8,1.2210609858651758E-8,1.2021696220740147E-8,1.3157478197465396E-8,1.2021696220740147E-8,1.2210609858651758E-8,1.0256535137776081E-8],[8.3943053982629177E-9,1.0256535137776081E-8,1.0036971655542439E-8,1.1132241255137859E-8,1.0036971655542439E-8,1.0256535137776081E-8,8.3943053982629177E-9]],[[9.53558940518616E-9,1.1476630426454031E-8,1.1248991193017887E-8,1.2393410351314163E-8,1.1248991193017887E-8,1.1476630426454031E-8,9.53558940518616E-9],[1.1476630426454031E-8,1.3497893776440396E-8,1.3303506264682969E-8,1.4480524325673759E-8,1.3303506264682969E-8,1.3497893776440396E-8,1.1476630426454031E-8],[1.1248991193017887E-8,1.3303506264682969E-8,1.389641844075432E-8,1.4490430192115661E-8,1.389641844075432E-8,1.3303506264682969E-8,1.1248991193017887E-8],[1.2393410351314163E-8,1.4480524325673759E-8,1.4490430192115661E-8,1.5598227010971414E-8,1.4490430192115661E-8,1.4480524325673759E-8,1.2393410351314163E-8],[1.1248991193017887E-8,1.3303506264682969E-8,1.389641844075432E-8,1.4490430192115661E-8,1.389641844075432E-8,1.3303506264682969E-8,1.1248991193017887E-8],[1.1476630426454031E-8,1.3497893776440396E-8,1.3303506264682969E-8,1.4480524325673759E-8,1.3303506264682969E-8,1.3497893776440396E-8,1.1476630426454031E-8],[9.53558940518616E-9,1.1476630426454031E-8,1.1248991193017887E-8,1.2393410351314163E-8,1.1248991193017887E-8,1.1476630426454031E-8,9.53558940518616E-9]],[[1.0722415183356569E-8,1.2736571221484877E-8,1.2501459511516088E-8,1.3691413964174678E-8,1.2501459511516088E-8,1.2736571221484877E-8,1.0722415183356569E-8],[1.2736571221484877E-8,1.4820630747561367E-8,1.4621114645382334E-8,1.5836591439791719E-8,1.4621114645382334E-8,1.4820630747561367E-8,1.2736571221484877E-8],[1.2501459511516088E-8,1.4621114645382334E-8,1.5232806051579134E-8,1.5845624934522975E-8,1.5232806051579134E-8,1.4621114645382334E-8,1.2501459511516088E-8],[1.3691413964174678E-8,1.5836591439791719E-8,1.5845624934522975E-8,1.6987385969345586E-8,1.5845624934522975E-8,1.5836591439791719E-8,1.3691413964174678E-8],[1.2501459511516088E-8,1.4621114645382334E-8,1.5232806051579134E-8,1.5845624934522975E-8,1.5232806051579134E-8,1.4621114645382334E-8,1.2501459511516088E-8],[1.2736571221484877E-8,1.4820630747561367E-8,1.4621114645382334E-8,1.5836591439791719E-8,1.4621114645382334E-8,1.4820630747561367E-8,1.2736571221484877E-8],[1.0722415183356569E-8,1.2736571221484877E-8,1.2501459511516088E-8,1.3691413964174678E-8,1.2501459511516088E-8,1.2736571221484877E-8,1.0722415183356569E-8]],[[1.1951573476732625E-8,1.4033829569837895E-8,1.3791761113727524E-8,1.5024057260034196E-8,1.3791761113727524E-8,1.4033829569837895E-8,1.1951573476732625E-8],[1.4033829569837895E-8,1.6176824855396878E-8,1.5972475921879576E-8,1.72239686756121E-8,1.5972475921879576E-8,1.6176824855396878E-8,1.4033829569837895E-8],[1.3791761113727524E-8,1.5972475921879576E-8,1.6601774750833271E-8,1.7232227488798194E-8,1.6601774750833271E-8,1.5972475921879579E-8,1.3791761113727526E-8],[1.5024057260034196E-8,1.72239686756121E-8,1.7232227488798194E-8,1.8405874430633277E-8,1.7232227488798194E-8,1.72239686756121E-8,1.5024057260034196E-8],[1.3791761113727524E-8,1.5972475921879576E-8,1.6601774750833271E-8,1.7232227488798194E-8,1.6601774750833271E-8,1.5972475921879579E-8,1.3791761113727526E-8],[1.4033829569837895E-8,1.6176824855396878E-8,1.5972475921879579E-8,1.72239686756121E-8,1.5972475921879579E-8,1.6176824855396881E-8,1.4033829569837895E-8],[1.1951573476732625E-8,1.4033829569837895E-8,1.3791761113727526E-8,1.5024057260034196E-8,1.3791761113727526E-8,1.4033829569837895E-8,1.1951573476732625E-8]],[[1.322023986373201E-8,1.5366183789462436E-8,1.5117600950495019E-8,1.6389422127148438E-8,1.5117600950495019E-8,1.5366183789462436E-8,1.322023986373201E-8],[1.5366183789462436E-8,1.7564722000414841E-8,1.7355794692261222E-8,1.8641155687246102E-8,1.7355794692261222E-8,1.7564722000414841E-8,1.5366183789462436E-8],[1.5117600950495019E-8,1.7355794692261222E-8,1.8001671603925421E-8,1.8648727567236441E-8,1.8001671603925421E-8,1.7355794692261222E-8,1.5117600950495019E-8],[1.6389422127148438E-8,1.8641155687246102E-8,1.8648727567236441E-8,1.985243657600872E-8,1.8648727567236441E-8,1.8641155687246102E-8,1.6389422127148438E-8],[1.5117600950495019E-8,1.7355794692261222E-8,1.8001671603925421E-8,1.8648727567236441E-8,1.8001671603925421E-8,1.7355794692261222E-8,1.5117600950495019E-8],[1.5366183789462436E-8,1.7564722000414841E-8,1.7355794692261222E-8,1.8641155687246102E-8,1.7355794692261222E-8,1.7564722000414841E-8,1.5366183789462436E-8],[1.322023986373201E-8,1.5366183789462436E-8,1.5117600950495019E-8,1.6389422127148438E-8,1.5117600950495019E-8,1.5366183789462436E-8,1.322023986373201E-8]],[[1.4525929929630762E-8,1.6731681382695618E-8,1.6476964860033435E-8,1.778582997450677E-8,1.6476964860033435E-8,1.6731681382695618E-8,1.4525929929630762E-8],[1.6731681382695618E-8,1.8982780761340118E-8,1.8769494822341854E-8,2.0086836253047947E-8,1.8769494822341854E-8,1.8982780761340118E-8,1.6731681382695618E-8],[1.6476964860033435E-8,1.8769494822341854E-8,1.9431045639459994E-8,2.0093799518795223E-8,1.9431045639459994E-8,1.8769494822341854E-8,1.6476964860033435E-8],[1.778582997450677E-8,2.0086836253047947E-8,2.0093799518795223E-8,2.1325969672364545E-8,2.0093799518795223E-8,2.0086836253047947E-8,1.778582997450677E-8],[1.6476964860033435E-8,1.8769494822341854E-8,1.9431045639459994E-8,2.0093799518795223E-8,1.9431045639459994E-8,1.8769494822341854E-8,1.6476964860033435E-8],[1.6731681382695618E-8,1.8982780761340118E-8,1.8769494822341854E-8,2.0086836253047947E-8,1.8769494822341854E-8,1.8982780761340118E-8,1.6731681382695618E-8],[1.4525929929630762E-8,1.6731681382695618E-8,1.6476964860033435E-8,1.778582997450677E-8,1.6476964860033435E-8,1.6731681382695618E-8,1.4525929929630762E-8]],[[1.5866459092942257E-8,1.8128606545254722E-8,1.7868084991911734E-8,1.9211810438104365E-8,1.7868084991911734E-8,1.8128606545254722E-8,1.5866459092942257E-8],[1.8128606545254722E-8,2.0429646917901227E-8,2.0212192695933457E-8,2.1559855602674632E-8,2.0212192695933457E-8,2.0429646917901227E-8,1.8128606545254722E-8],[1.7868084991911734E-8,2.0212192695933457E-8,2.0888623237378E-8,2.1566279858014874E-8,2.0888623237378E-8,2.0212192695933457E-8,1.7868084991911734E-8],[1.9211810438104365E-8,2.1559855602674632E-8,2.1566279858014874E-8,2.2825505744674759E-8,2.1566279858014874E-8,2.1559855602674632E-8,1.9211810438104365E-8],[1.7868084991911734E-8,2.0212192695933457E-8,2.0888623237378E-8,2.1566279858014874E-8,2.0888623237378E-8,2.0212192695933457E-8,1.7868084991911734E-8],[1.8128606545254722E-8,2.0429646917901227E-8,2.0212192695933457E-8,2.1559855602674632E-8,2.0212192695933457E-8,2.0429646917901227E-8,1.8128606545254722E-8],[1.5866459092942257E-8,1.8128606545254722E-8,1.7868084991911734E-8,1.9211810438104365E-8,1.7868084991911734E-8,1.8128606545254722E-8,1.5866459092942257E-8]],[[1.7239906921186676E-8,1.9555451721722523E-8,1.9289409644010521E-8,2.0666074841352296E-8,1.9289409644010521E-8,1.9555451721722523E-8,1.7239906921186676E-8],[1.9555451721722523E-8,2.1904131174091156E-8,2.16826739445406E-8,2.3059200858156554E-8,2.16826739445406E-8,2.1904131174091156E-8,1.9555451721722523E-8],[1.9289409644010521E-8,2.16826739445406E-8,2.237328675334293E-8,2.3065147786592076E-8,2.237328675334293E-8,2.16826739445406E-8,1.9289409644010521E-8],[2.0666074841352296E-8,2.3059200858156554E-8,2.3065147786592076E-8,2.4350195678552256E-8,2.3065147786592076E-8,2.3059200858156554E-8,2.0666074841352296E-8],[1.9289409644010521E-8,2.16826739445406E-8,2.237328675334293E-8,2.3065147786592076E-8,2.237328675334293E-8,2.16826739445406E-8,1.9289409644010521E-8],[1.9555451721722523E-8,2.1904131174091156E-8,2.16826739445406E-8,2.3059200858156554E-8,2.16826739445406E-8,2.1904131174091156E-8,1.9555451721722523E-8],[1.7239906921186676E-8,1.9555451721722523E-8,1.9289409644010521E-8,2.0666074841352296E-8,1.9289409644010521E-8,1.9555451721722523E-8,1.7239906921186676E-8]],[[1.8644585611552017E-8,2.1010892712999712E-8,2.073957697174401E-8,2.2147493534719411E-8,2.073957697174401E-8,2.1010892712999712E-8,1.8644585611552017E-8],[2.1010892712999712E-8,2.3405189674304553E-8,2.317987318476454E-8,2.4583984099960573E-8,2.317987318476454E-8,2.3405189674304553E-8,2.1010892712999712E-8],[2.073957697174401E-8,2.317987318476454E-8,2.388405592369176E-8,2.4589508268024335E-8,2.388405592369176E-8,2.317987318476454E-8,2.073957697174401E-8],[2.2147493534719411E-8,2.4583984099960573E-8,2.4589508268024335E-8,2.5899295388893579E-8,2.4589508268024335E-8,2.4583984099960573E-8,2.2147493534719411E-8],[2.073957697174401E-8,2.317987318476454E-8,2.388405592369176E-8,2.4589508268024335E-8,2.388405592369176E-8,2.317987318476454E-8,2.073957697174401E-8],[2.1010892712999712E-8,2.3405189674304553E-8,2.317987318476454E-8,2.4583984099960573E-8,2.317987318476454E-8,2.3405189674304553E-8,2.1010892712999712E-8],[1.8644585611552017E-8,2.1010892712999712E-8,2.073957697174401E-8,2.2147493534719411E-8,2.073957697174401E-8,2.1010892712999712E-8,1.8644585611552017E-8]],[[2.0079012248458647E-8,2.2493766894161044E-8,2.2217392076000894E-8,2.3655076438468167E-8,2.2217392076000894E-8,2.2493766894161044E-8,2.0079012248458647E-8],[2.2493766894161044E-8,2.4931906954002175E-8,2.4702856355240916E-8,2.6133427659589053E-8,2.4702856355240916E-8,2.4931906954002175E-8,2.2493766894161044E-8],[2.2217392076000894E-8,2.4702856355240916E-8,2.5420071663154474E-8,2.6138577287960677E-8,2.5420071663154474E-8,2.4702856355240916E-8,2.2217392076000894E-8],[2.3655076438468167E-8,2.6133427659589053E-8,2.6138577287960677E-8,2.7472153753763038E-8,2.6138577287960677E-8,2.6133427659589053E-8,2.3655076438468167E-8],[2.2217392076000894E-8,2.4702856355240916E-8,2.5420071663154474E-8,2.6138577287960677E-8,2.5420071663154474E-8,2.4702856355240916E-8,2.2217392076000894E-8],[2.2493766894161044E-8,2.4931906954002175E-8,2.4702856355240916E-8,2.6133427659589053E-8,2.4702856355240916E-8,2.4931906954002175E-8,2.2493766894161044E-8],[2.0079012248458647E-8,2.2493766894161044E-8,2.2217392076000894E-8,2.3655076438468167E-8,2.2217392076000894E-8,2.2493766894161044E-8,2.0079012248458647E-8]],[[2.154188443837343E-8,2.4003054151071328E-8,2.372180702897445E-8,2.5187956256906932E-8,2.372180702897445E-8,2.4003054151071328E-8,2.154188443837343E-8],[2.4003054151071328E-8,2.6483481011155597E-8,2.6250805301074607E-8,2.7706851310735251E-8,2.6250805301074607E-8,2.6483481011155597E-8,2.4003054151071328E-8],[2.372180702897445E-8,2.6250805301074607E-8,2.6980581924998929E-8,2.7711668991651392E-8,2.6980581924998929E-8,2.6250805301074607E-8,2.372180702897445E-8],[2.5187956256906932E-8,2.7706851310735251E-8,2.7711668991651392E-8,2.9068202063000902E-8,2.7711668991651392E-8,2.7706851310735251E-8,2.5187956256906932E-8],[2.372180702897445E-8,2.6250805301074607E-8,2.6980581924998929E-8,2.7711668991651392E-8,2.6980581924998929E-8,2.6250805301074607E-8,2.372180702897445E-8],[2.4003054151071328E-8,2.6483481011155597E-8,2.6250805301074607E-8,2.7706851310735251E-8,2.6250805301074607E-8,2.6483481011155597E-8,2.4003054151071328E-8],[2.154188443837343E-8,2.4003054151071328E-8,2.372180702897445E-8,2.5187956256906932E-8,2.372180702897445E-8,2.4003054151071328E-8,2.154188443837343E-8]],[[2.3032058937456311E-8,2.5537860190364536E-8,2.5251903449523749E-8,2.674537393974327E-8,2.5251903449523746E-8,2.5537860190364536E-8,2.3032058937456311E-8],[2.5537860190364536E-8,2.8059210224663029E-8,2.7823004302742544E-8,2.93036610866677E-8,2.7823004302742544E-8,2.8059210224663029E-8,2.5537860190364536E-8],[2.5251903449523749E-8,2.7823004302742544E-8,2.8564929341852279E-8,2.9308184438066573E-8,2.8564929341852279E-8,2.7823004302742541E-8,2.5251903449523746E-8],[2.674537393974327E-8,2.93036610866677E-8,2.9308184438066573E-8,3.0686944771529685E-8,2.9308184438066573E-8,2.9303661086667696E-8,2.674537393974327E-8],[2.5251903449523746E-8,2.7823004302742544E-8,2.8564929341852279E-8,2.9308184438066573E-8,2.8564929341852279E-8,2.7823004302742541E-8,2.5251903449523746E-8],[2.5537860190364536E-8,2.8059210224663029E-8,2.7823004302742541E-8,2.9303661086667696E-8,2.7823004302742541E-8,2.8059210224663029E-8,2.5537860190364536E-8],[2.3032058937456311E-8,2.5537860190364536E-8,2.5251903449523746E-8,2.674537393974327E-8,2.5251903449523746E-8,2.5537860190364536E-8,2.3032058937456311E-8]],[[2.4548532915830078E-8,2.7097401919509827E-8,2.6806877288961763E-8,2.8326666047000716E-8,2.680687728896176E-8,2.7097401919509827E-8,2.4548532915830078E-8],[2.7097401919509827E-8,2.9658481881322619E-8,2.9418828288850237E-8,3.0923339496008727E-8,2.9418828288850237E-8,2.9658481881322619E-8,2.7097401919509827E-8],[2.6806877288961763E-8,2.9418828288850237E-8,3.0172540406531736E-8,3.0927601749994159E-8,3.0172540406531736E-8,2.9418828288850237E-8,2.680687728896176E-8],[2.8326666047000716E-8,3.0923339496008727E-8,3.0927601749994159E-8,3.2327951380202482E-8,3.0927601749994159E-8,3.0923339496008727E-8,2.8326666047000716E-8],[2.680687728896176E-8,2.9418828288850237E-8,3.0172540406531736E-8,3.0927601749994159E-8,3.017254040653173E-8,2.9418828288850234E-8,2.680687728896176E-8],[2.7097401919509827E-8,2.9658481881322619E-8,2.9418828288850237E-8,3.0923339496008727E-8,2.9418828288850234E-8,2.9658481881322619E-8,2.7097401919509827E-8],[2.4548532915830078E-8,2.7097401919509827E-8,2.680687728896176E-8,2.8326666047000716E-8,2.680687728896176E-8,2.7097401919509827E-8,2.4548532915830078E-8]],[[2.6090427535695083E-8,2.8680994631580233E-8,2.8386025532852547E-8,2.9931253736140886E-8,2.8386025532852543E-8,2.8680994631580233E-8,2.6090427535695083E-8],[2.8680994631580233E-8,3.1280762104101889E-8,3.1037732508653373E-8,3.2565436945072234E-8,3.1037732508653373E-8,3.1280762104101889E-8,2.8680994631580233E-8],[2.8386025532852547E-8,3.1037732508653373E-8,3.1802915986976918E-8,3.2569467472417517E-8,3.1802915986976918E-8,3.1037732508653373E-8,2.8386025532852543E-8],[2.9931253736140886E-8,3.2565436945072234E-8,3.2569467472417517E-8,3.3990849293970406E-8,3.2569467472417517E-8,3.2565436945072234E-8,2.9931253736140879E-8],[2.8386025532852543E-8,3.1037732508653373E-8,3.1802915986976918E-8,3.2569467472417517E-8,3.1802915986976918E-8,3.1037732508653373E-8,2.8386025532852543E-8],[2.8680994631580233E-8,3.1280762104101889E-8,3.1037732508653373E-8,3.2565436945072234E-8,3.1037732508653373E-8,3.1280762104101889E-8,2.8680994631580233E-8],[2.6090427535695083E-8,2.8680994631580233E-8,2.8386025532852543E-8,2.9931253736140879E-8,2.8386025532852543E-8,2.8680994631580233E-8,2.6090427535695083E-8]],[[2.7656973554951538E-8,3.0288040763117604E-8,2.9988734564067059E-8,3.1558633138561518E-8,2.9988734564067059E-8,3.0288040763117604E-8,2.7656973554951538E-8],[3.0288040763117604E-8,3.2925587001709244E-8,3.2679243471581873E-8,3.4229564204311477E-8,3.2679243471581873E-8,3.2925587001709244E-8,3.0288040763117604E-8],[2.9988734564067059E-8,3.2679243471581873E-8,3.3455622998791437E-8,3.4233388978972891E-8,3.3455622998791437E-8,3.2679243471581873E-8,2.9988734564067059E-8],[3.1558633138561518E-8,3.4229564204311477E-8,3.4233388978972891E-8,3.567531752936167E-8,3.4233388978972891E-8,3.4229564204311477E-8,3.1558633138561518E-8],[2.9988734564067059E-8,3.2679243471581873E-8,3.3455622998791437E-8,3.4233388978972891E-8,3.3455622998791437E-8,3.2679243471581873E-8,2.9988734564067059E-8],[3.0288040763117604E-8,3.2925587001709244E-8,3.2679243471581873E-8,3.4229564204311477E-8,3.2679243471581873E-8,3.2925587001709244E-8,3.0288040763117604E-8],[2.7656973554951538E-8,3.0288040763117604E-8,2.9988734564067059E-8,3.1558633138561518E-8,2.9988734564067059E-8,3.0288040763117604E-8,2.7656973554951538E-8]],[[2.9247498701116405E-8,3.1918020023353282E-8,3.1614469967150016E-8,3.320836693116286E-8,3.1614469967150016E-8,3.1918020023353282E-8,2.9247498701116405E-8],[3.1918020023353282E-8,3.4592554883259489E-8,3.4342950987864625E-8,3.59153857806838E-8,3.4342950987864625E-8,3.4592554883259489E-8,3.1918020023353282E-8],[3.1614469967150016E-8,3.4342950987864625E-8,3.5130287083875009E-8,3.5919027789370356E-8,3.5130287083875009E-8,3.4342950987864625E-8,3.1614469967150016E-8],[3.320836693116286E-8,3.59153857806838E-8,3.5919027789370356E-8,3.73810811617721E-8,3.5919027789370356E-8,3.59153857806838E-8,3.320836693116286E-8],[3.1614469967150016E-8,3.4342950987864625E-8,3.5130287083875009E-8,3.5919027789370356E-8,3.5130287083875009E-8,3.4342950987864625E-8,3.1614469967150016E-8],[3.1918020023353282E-8,3.4592554883259489E-8,3.4342950987864625E-8,3.59153857806838E-8,3.4342950987864625E-8,3.4592554883259489E-8,3.1918020023353282E-8],[2.9247498701116405E-8,3.1918020023353282E-8,3.1614469967150016E-8,3.320836693116286E-8,3.1614469967150016E-8,3.1918020023353282E-8,2.9247498701116405E-8]],[[3.0861416591100282E-8,3.3570480719299753E-8,3.3262767584245548E-8,3.4880076939560427E-8,3.3262767584245548E-8,3.3570480719299753E-8,3.0861416591100282E-8],[3.3570480719299753E-8,3.6281319402485226E-8,3.6028501167305287E-8,3.7622614077840609E-8,3.6028501167305287E-8,3.6281319402485226E-8,3.3570480719299753E-8],[3.3262767584245548E-8,3.6028501167305287E-8,3.6826586164802558E-8,3.7626093680056782E-8,3.6826586164802558E-8,3.6028501167305287E-8,3.3262767584245548E-8],[3.4880076939560427E-8,3.7622614077840609E-8,3.7626093680056782E-8,3.9107906418516086E-8,3.7626093680056782E-8,3.7622614077840609E-8,3.4880076939560427E-8],[3.3262767584245548E-8,3.6028501167305287E-8,3.6826586164802558E-8,3.7626093680056782E-8,3.6826586164802558E-8,3.6028501167305287E-8,3.3262767584245548E-8],[3.3570480719299753E-8,3.6281319402485226E-8,3.6028501167305287E-8,3.7622614077840609E-8,3.6028501167305287E-8,3.6281319402485226E-8,3.3570480719299753E-8],[3.0861416591100282E-8,3.3570480719299753E-8,3.3262767584245548E-8,3.4880076939560427E-8,3.3262767584245548E-8,3.3570480719299753E-8,3.0861416591100282E-8]],[[3.2498217000311652E-8,3.5245032124194035E-8,3.4933225658948284E-8,3.6573437634708366E-8,3.4933225658948284E-8,3.5245032124194035E-8,3.2498217000311652E-8],[3.5245032124194035E-8,3.7991583513875728E-8,3.7735590252928369E-8,3.93510042429027E-8,3.7735590252928369E-8,3.7991583513875728E-8,3.5245032124194035E-8],[3.4933225658948284E-8,3.7735590252928369E-8,3.8544244762656663E-8,3.9354339486828615E-8,3.8544244762656663E-8,3.7735590252928369E-8,3.4933225658948284E-8],[3.6573437634708366E-8,3.93510042429027E-8,3.9354339486828615E-8,4.08555963366293E-8,3.9354339486828615E-8,3.93510042429027E-8,3.6573437634708366E-8],[3.4933225658948284E-8,3.7735590252928369E-8,3.8544244762656663E-8,3.9354339486828615E-8,3.8544244762656663E-8,3.7735590252928369E-8,3.4933225658948284E-8],[3.5245032124194035E-8,3.7991583513875728E-8,3.7735590252928369E-8,3.93510042429027E-8,3.7735590252928369E-8,3.7991583513875728E-8,3.5245032124194035E-8],[3.2498217000311652E-8,3.5245032124194035E-8,3.4933225658948284E-8,3.6573437634708366E-8,3.4933225658948284E-8,3.5245032124194035E-8,3.2498217000311652E-8]],[[3.4157457309471166E-8,3.6941337756816842E-8,3.66254979269213E-8,3.8288170405314271E-8,3.66254979269213E-8,3.6941337756816842E-8,3.4157457309471166E-8],[3.6941337756816842E-8,3.9723094138655424E-8,3.9463959183031543E-8,4.1100349612720724E-8,3.9463959183031543E-8,3.9723094138655424E-8,3.6941337756816842E-8],[3.66254979269213E-8,3.9463959183031543E-8,4.0283028981384013E-8,4.110355651201122E-8,4.0283028981384013E-8,3.9463959183031543E-8,3.66254979269213E-8],[3.8288170405314271E-8,4.1100349612720724E-8,4.110355651201122E-8,4.2623986915424472E-8,4.110355651201122E-8,4.1100349612720724E-8,3.8288170405314271E-8],[3.66254979269213E-8,3.9463959183031543E-8,4.0283028981384013E-8,4.110355651201122E-8,4.0283028981384013E-8,3.9463959183031543E-8,3.66254979269213E-8],[3.6941337756816842E-8,3.9723094138655424E-8,3.9463959183031543E-8,4.1100349612720724E-8,3.9463959183031543E-8,3.9723094138655424E-8,3.6941337756816842E-8],[3.4157457309471166E-8,3.6941337756816842E-8,3.66254979269213E-8,3.8288170405314271E-8,3.66254979269213E-8,3.6941337756816842E-8,3.4157457309471166E-8]],[[3.5838754979606681E-8,3.8659109456607649E-8,3.8339287531428867E-8,4.0024038505546983E-8,3.8339287531428867E-8,3.8659109456607649E-8,3.5838754979606681E-8],[3.8659109456607649E-8,4.1475637451934582E-8,4.1213388789585827E-8,4.287047768448513E-8,4.1213388789585827E-8,4.1475637451934582E-8,3.8659109456607649E-8],[3.8339287531428867E-8,4.1213388789585827E-8,4.2042742074872834E-8,4.2873570460667629E-8,4.2042742074872834E-8,4.1213388789585827E-8,3.8339287531428867E-8],[4.0024038505546983E-8,4.287047768448513E-8,4.2873570460667629E-8,4.4412943703165824E-8,4.2873570460667629E-8,4.287047768448513E-8,4.0024038505546983E-8],[3.8339287531428867E-8,4.1213388789585827E-8,4.2042742074872834E-8,4.2873570460667629E-8,4.2042742074872834E-8,4.1213388789585827E-8,3.8339287531428867E-8],[3.8659109456607649E-8,4.1475637451934582E-8,4.1213388789585827E-8,4.287047768448513E-8,4.1213388789585827E-8,4.1475637451934582E-8,3.8659109456607649E-8],[3.5838754979606681E-8,3.8659109456607649E-8,3.8339287531428867E-8,4.0024038505546983E-8,3.8339287531428867E-8,3.8659109456607649E-8,3.5838754979606681E-8]],[[3.7541780925062769E-8,4.0398102154645143E-8,4.0074341658500127E-8,4.178084259181272E-8,4.0074341658500127E-8,4.0398102154645143E-8,3.7541780925062769E-8],[4.0398102154645143E-8,4.3249034713996553E-8,4.29836955532741E-8,4.4661246545701225E-8,4.29836955532741E-8,4.3249034713996553E-8,4.0398102154645143E-8],[4.0074341658500127E-8,4.29836955532741E-8,4.3823220524175261E-8,4.4664237840402223E-8,4.3823220524175261E-8,4.29836955532741E-8,4.0074341658500127E-8],[4.178084259181272E-8,4.4661246545701225E-8,4.4664237840402223E-8,4.6222358765213519E-8,4.4664237840402223E-8,4.4661246545701225E-8,4.178084259181272E-8],[4.0074341658500127E-8,4.29836955532741E-8,4.3823220524175261E-8,4.4664237840402223E-8,4.3823220524175261E-8,4.29836955532741E-8,4.0074341658500127E-8],[4.0398102154645143E-8,4.3249034713996553E-8,4.29836955532741E-8,4.4661246545701225E-8,4.29836955532741E-8,4.3249034713996553E-8,4.0398102154645143E-8],[3.7541780925062769E-8,4.0398102154645143E-8,4.0074341658500127E-8,4.178084259181272E-8,4.0074341658500127E-8,4.0398102154645143E-8,3.7541780925062769E-8]],[[3.92662536713225E-8,4.2158109253620588E-8,4.1830446800697315E-8,4.3558416774394908E-8,4.1830446800697315E-8,4.2158109253620588E-8,3.92662536713225E-8],[4.2158109253620588E-8,4.5043138578713238E-8,4.4774727846071986E-8,4.6472541707214017E-8,4.4774727846071986E-8,4.5043138578713238E-8,4.2158109253620588E-8],[4.1830446800697315E-8,4.4774727846071986E-8,4.562433056193804E-8,4.6475442767990155E-8,4.562433056193804E-8,4.4774727846071986E-8,4.1830446800697315E-8],[4.3558416774394908E-8,4.6472541707214017E-8,4.6475442767990155E-8,4.805214798784644E-8,4.6475442767990155E-8,4.6472541707214017E-8,4.3558416774394908E-8],[4.1830446800697315E-8,4.4774727846071986E-8,4.562433056193804E-8,4.6475442767990155E-8,4.562433056193804E-8,4.4774727846071986E-8,4.1830446800697315E-8],[4.2158109253620588E-8,4.5043138578713238E-8,4.4774727846071986E-8,4.6472541707214017E-8,4.4774727846071986E-8,4.5043138578713238E-8,4.2158109253620588E-8],[3.92662536713225E-8,4.2158109253620588E-8,4.1830446800697315E-8,4.3558416774394908E-8,4.1830446800697315E-8,4.2158109253620588E-8,3.92662536713225E-8]],[[4.1011934199193829E-8,4.3938958541319838E-8,4.3607424570629623E-8,4.5356625119864039E-8,4.3607424570629623E-8,4.3938958541319838E-8,4.1011934199193829E-8],[4.3938958541319838E-8,4.685782982077438E-8,4.6586362601362106E-8,4.8304273290345038E-8,4.6586362601362106E-8,4.685782982077438E-8,4.3938958541319838E-8],[4.3607424570629623E-8,4.6586362601362106E-8,4.744596508934784E-8,4.8307094133460232E-8,4.744596508934784E-8,4.6586362601362106E-8,4.3607424570629623E-8],[4.5356625119864039E-8,4.8304273290345038E-8,4.8307094133460232E-8,4.99022486778242E-8,4.8307094133460232E-8,4.8304273290345038E-8,4.5356625119864039E-8],[4.3607424570629623E-8,4.6586362601362106E-8,4.744596508934784E-8,4.8307094133460232E-8,4.744596508934784E-8,4.6586362601362106E-8,4.3607424570629623E-8],[4.3938958541319838E-8,4.685782982077438E-8,4.6586362601362106E-8,4.8304273290345038E-8,4.6586362601362106E-8,4.685782982077438E-8,4.3938958541319838E-8],[4.1011934199193829E-8,4.3938958541319838E-8,4.3607424570629623E-8,4.5356625119864039E-8,4.3607424570629623E-8,4.3938958541319838E-8,4.1011934199193829E-8]],[[4.2778621389763564E-8,4.5740508571921769E-8,4.5405127995871015E-8,4.7175358548811532E-8,4.5405127995871015E-8,4.5740508571921769E-8,4.2778621389763564E-8],[4.5740508571921769E-8,4.8693014430923051E-8,4.8418502359428192E-8,5.0156373525574645E-8,4.8418502359428192E-8,4.8693014430923051E-8,4.5740508571921769E-8],[4.5405127995871015E-8,4.8418502359428192E-8,4.9288040938025525E-8,5.0159123078658512E-8,4.9288040938025525E-8,4.8418502359428192E-8,4.5405127995871015E-8],[4.7175358548811532E-8,5.0156373525574645E-8,5.0159123078658512E-8,5.1772617422831194E-8,5.0159123078658512E-8,5.0156373525574645E-8,4.7175358548811532E-8],[4.5405127995871015E-8,4.8418502359428192E-8,4.9288040938025525E-8,5.0159123078658512E-8,4.9288040938025525E-8,4.8418502359428192E-8,4.540512799