{"M_cells":[[[0.0045,0.0045,0.0045,0.0045,0.0045,0.0045,0.0045],[0.0045,0.0045,0.0045,0.0045,0.0045,0.0045,0.0045],[0.0045,0.0045,0.0045,0.0045,0.0045,0.0045,0.0045],[0.0045,0.0045,0.0045,0.0045,0.0045,0.0045,0.0045],[0.0045,0.0045,0.0045,0.0045,0.0045,0.0045,0.0045],[0.0045,0.0045,0.0045,0.0045,0.0045,0.0045,0.0045],[0.0045,0.0045,0.0045,0.0045,0.0045,0.0045,0.0045]],[[0.0045000553453767439,0.0045003173596939762,0.0045002824176185088,0.0045004129613474353,0.0045002824176185088,0.0045003173596939762,0.0045000553453767439],[0.0045003173596939762,0.0045013351493824851,0.0045012209509311838,0.00450172361252727,0.0045012209509311838,0.0045013351493824851,0.0045003173596939762],[0.0045002824176185088,0.0045012209509311838,0.0045014978778984615,0.0045017762676018451,0.0045014978778984615,0.0045012209509311838,0.0045002824176185088],[0.0045004129613474353,0.00450172361252727,0.0045017762676018451,0.0045023418571084077,0.0045017762676018451,0.00450172361252727,0.0045004129613474353],[0.0045002824176185088,0.0045012209509311838,0.0045014978778984615,0.0045017762676018451,0.0045014978778984615,0.0045012209509311838,0.0045002824176185088],[0.0045003173596939762,0.0045013351493824851,0.0045012209509311838,0.00450172361252727,0.0045012209509311838,0.0045013351493824851,0.0045003173596939762],[0.0045000553453767439,0.0045003173596939762,0.0045002824176185088,0.0045004129613474353,0.0045002824176185088,0.0045003173596939762,0.0045000553453767439]],[[0.0045003786274441506,0.0045012290849287357,0.0045011170075386214,0.0045015544041097514,0.0045011170075386214,0.0045012290849287357,0.0045003786274441506],[0.0045012290849287357,0.0045031658758162467,0.0045029513288899871,0.004503946935501971,0.0045029513288899871,0.0045031658758162467,0.0045012290849287357],[0.0045011170075386214,0.0045029513288899871,0.004503489066032566,0.00450402865249354,0.004503489066032566,0.0045029513288899871,0.0045011170075386214],[0.0045015544041097514,0.004503946935501971,0.00450402865249354,0.0045051039496214812,0.00450402865249354,0.004503946935501971,0.0045015544041097514],[0.0045011170075386214,0.0045029513288899871,0.004503489066032566,0.00450402865249354,0.004503489066032566,0.0045029513288899871,0.0045011170075386214],[0.0045012290849287357,0.0045031658758162467,0.0045029513288899871,0.004503946935501971,0.0045029513288899871,0.0045031658758162467,0.0045012290849287357],[0.0045003786274441506,0.0045012290849287357,0.0045011170075386214,0.0045015544041097514,0.0045011170075386214,0.0045012290849287357,0.0045003786274441506]],[[0.0045011024799876363,0.0045026772485329269,0.0045024716402724558,0.0045033034402877335,0.0045024716402724558,0.0045026772485329269,0.0045011024799876363],[0.0045026772485329269,0.0045054446897151591,0.0045051422795121454,0.0045066074340752394,0.0045051422795121454,0.0045054446897151591,0.0045026772485329269],[0.0045024716402724558,0.0045051422795121454,0.0045059213686369894,0.0045067026564809985,0.0045059213686369894,0.0045051422795121454,0.0045024716402724558],[0.0045033034402877335,0.0045066074340752394,0.0045067026564809985,0.0045082372415631705,0.0045067026564809985,0.0045066074340752394,0.0045033034402877335],[0.0045024716402724558,0.0045051422795121454,0.0045059213686369894,0.0045067026564809985,0.0045059213686369894,0.0045051422795121454,0.0045024716402724558],[0.0045026772485329269,0.0045054446897151591,0.0045051422795121454,0.0045066074340752394,0.0045051422795121454,0.0045054446897151591,0.0045026772485329269],[0.0045011024799876363,0.0045026772485329269,0.0045024716402724558,0.0045033034402877335,0.0045024716402724558,0.0045026772485329269,0.0045011024799876363]],[[0.0045022753179844912,0.0045046108471850626,0.0045043089396900032,0.0045055700063706327,0.0045043089396900032,0.0045046108471850626,0.0045022753179844912],[0.0045046108471850626,0.0045081309649214318,0.0045077519296924723,0.0045096570037431085,0.0045077519296924723,0.0045081309649214318,0.0045046108471850626],[0.0045043089396900032,0.0045077519296924723,0.0045087529226392536,0.0045097564310323662,0.0045087529226392536,0.0045077519296924723,0.0045043089396900032],[0.0045055700063706327,0.0045096570037431085,0.0045097564310323662,0.0045117056959239317,0.0045097564310323662,0.0045096570037431085,0.0045055700063706327],[0.0045043089396900032,0.0045077519296924723,0.0045087529226392536,0.0045097564310323662,0.0045087529226392536,0.0045077519296924723,0.0045043089396900032],[0.0045046108471850626,0.0045081309649214318,0.0045077519296924723,0.0045096570037431085,0.0045077519296924723,0.0045081309649214318,0.0045046108471850626],[0.0045022753179844912,0.0045046108471850626,0.0045043089396900032,0.0045055700063706327,0.0045043089396900032,0.0045046108471850626,0.0045022753179844912]],[[0.0045039022004968888,0.0045069847990624216,0.0045065905529163728,0.004508285226694532,0.0045065905529163728,0.0045069847990624216,0.0045039022004968888],[0.0045069847990624216,0.004511188586107241,0.0045107426412876123,0.0045130558836117135,0.0045107426412876123,0.004511188586107241,0.0045069847990624216],[0.0045065905529163728,0.0045107426412876123,0.0045119469743427334,0.0045131541109067926,0.0045119469743427334,0.0045107426412876123,0.0045065905529163728],[0.004508285226694532,0.0045130558836117135,0.0045131541109067926,0.0045154786918760875,0.0045131541109067926,0.0045130558836117135,0.004508285226694532],[0.0045065905529163728,0.0045107426412876123,0.0045119469743427334,0.0045131541109067926,0.0045119469743427334,0.0045107426412876123,0.0045065905529163728],[0.0045069847990624216,0.004511188586107241,0.0045107426412876123,0.0045130558836117135,0.0045107426412876123,0.004511188586107241,0.0045069847990624216],[0.0045039022004968888,0.0045069847990624216,0.0045065905529163728,0.004508285226694532,0.0045065905529163728,0.0045069847990624216,0.0045039022004968888]],[[0.004505966868937175,0.0045097591846291795,0.0045092794708762292,0.004511395112186972,0.0045092794708762292,0.0045097591846291795,0.004505966868937175],[0.0045097591846291795,0.0045145855007350062,0.0045140808576222546,0.0045167707568114536,0.0045140808576222546,0.0045145855007350062,0.0045097591846291795],[0.0045092794708762292,0.0045140808576222546,0.004515471291516103,0.0045168647918492422,0.004515471291516103,0.0045140808576222546,0.0045092794708762292],[0.004511395112186972,0.0045167707568114536,0.0045168647918492422,0.0045195300106775811,0.0045168647918492422,0.0045167707568114536,0.004511395112186972],[0.0045092794708762292,0.0045140808576222546,0.004515471291516103,0.0045168647918492422,0.004515471291516103,0.0045140808576222546,0.0045092794708762292],[0.0045097591846291795,0.0045145855007350062,0.0045140808576222546,0.0045167707568114536,0.0045140808576222546,0.0045145855007350062,0.0045097591846291795],[0.004505966868937175,0.0045097591846291795,0.0045092794708762292,0.004511395112186972,0.0045092794708762292,0.0045097591846291795,0.004505966868937175]],[[0.0045084435385750778,0.0045128986350080431,0.0045123411948201483,0.0045148563873039184,0.0045123411948201483,0.0045128986350080431,0.0045084435385750778],[0.0045128986350080431,0.00451829329881439,0.0045177368133684616,0.0045207733904572486,0.0045177368133684616,0.00451829329881439,0.0045128986350080431],[0.0045123411948201483,0.0045177368133684616,0.0045192976139650232,0.004520861721894095,0.0045192976139650232,0.0045177368133684616,0.0045123411948201483],[0.0045148563873039184,0.0045207733904572486,0.004520861721894095,0.0045238370575358192,0.004520861721894095,0.0045207733904572486,0.0045148563873039184],[0.0045123411948201483,0.0045177368133684616,0.0045192976139650232,0.004520861721894095,0.0045192976139650232,0.0045177368133684616,0.0045123411948201483],[0.0045128986350080431,0.00451829329881439,0.0045177368133684616,0.0045207733904572486,0.0045177368133684616,0.00451829329881439,0.0045128986350080431],[0.0045084435385750778,0.0045128986350080431,0.0045123411948201483,0.0045148563873039184,0.0045123411948201483,0.0045128986350080431,0.0045084435385750778]],[[0.0045113031187292412,0.004516371814893178,0.0045157442294518095,0.0045186336825524748,0.0045157442294518095,0.004516371814893178,0.0045113031187292412],[0.004516371814893178,0.0045222868231541554,0.0045216841881282974,0.0045250396404023993,0.0045216841881282974,0.0045222868231541554,0.004516371814893178],[0.0045157442294518095,0.0045216841881282974,0.0045234011561795327,0.0045251216531231571,0.0045234011561795327,0.0045216841881282974,0.0045157442294518095],[0.0045186336825524748,0.0045250396404023993,0.0045251216531231571,0.0045283802553218247,0.0045251216531231571,0.0045250396404023993,0.0045186336825524748],[0.0045157442294518095,0.0045216841881282974,0.0045234011561795327,0.0045251216531231571,0.0045234011561795327,0.0045216841881282974,0.0045157442294518095],[0.004516371814893178,0.0045222868231541554,0.0045216841881282974,0.0045250396404023993,0.0045216841881282974,0.0045222868231541554,0.004516371814893178],[0.0045113031187292412,0.004516371814893178,0.0045157442294518095,0.0045186336825524748,0.0045157442294518095,0.004516371814893178,0.0045113031187292412]],[[0.0045145164103386638,0.0045201509716641776,0.0045194601932890752,0.0045226976110574451,0.0045194601932890752,0.0045201509716641776,0.0045145164103386638],[0.0045201509716641776,0.0045265438115955885,0.0045258997488856626,0.0045295487064498235,0.0045258997488856626,0.0045265438115955885,0.0045201509716641776],[0.0045194601932890752,0.0045258997488856626,0.0045277601654695613,0.0045296243155307434,0.0045277601654695613,0.0045258997488856626,0.0045194601932890752],[0.0045226976110574451,0.0045295487064498235,0.0045296243155307434,0.0045331425648539193,0.0045296243155307434,0.0045295487064498235,0.0045226976110574451],[0.0045194601932890752,0.0045258997488856626,0.0045277601654695613,0.0045296243155307434,0.0045277601654695613,0.0045258997488856626,0.0045194601932890752],[0.0045201509716641776,0.0045265438115955885,0.0045258997488856626,0.0045295487064498235,0.0045258997488856626,0.0045265438115955885,0.0045201509716641776],[0.0045145164103386638,0.0045201509716641776,0.0045194601932890752,0.0045226976110574451,0.0045194601932890752,0.0045201509716641776,0.0045145164103386638]],[[0.0045180556704177291,0.0045242115353590134,0.0045234637204870131,0.00452702342340136,0.0045234637204870131,0.0045242115353590134,0.0045180556704177291],[0.0045242115353590134,0.0045310445712354666,0.0045303630053049847,0.0045342825621749131,0.0045303630053049847,0.0045310445712354666,0.0045242115353590134],[0.0045234637204870131,0.0045303630053049847,0.004532355533440959,0.0045343519847196086,0.004532355533440959,0.0045303630053049847,0.0045234637204870131],[0.00452702342340136,0.0045342825621749131,0.0045343519847196086,0.0045381090991601768,0.0045343519847196086,0.0045342825621749131,0.00452702342340136],[0.0045234637204870131,0.0045303630053049847,0.004532355533440959,0.0045343519847196086,0.004532355533440959,0.0045303630053049847,0.0045234637204870131],[0.0045242115353590134,0.0045310445712354666,0.0045303630053049847,0.0045342825621749131,0.0045303630053049847,0.0045310445712354666,0.0045242115353590134],[0.0045180556704177291,0.0045242115353590134,0.0045234637204870131,0.00452702342340136,0.0045234637204870131,0.0045242115353590134,0.0045180556704177291]],[[0.004521895300827446,0.0045285317606138485,0.0045277322571211807,0.0045315900450828683,0.0045277322571211807,0.0045285317606138485,0.004521895300827446],[0.0045285317606138485,0.0045357716829319515,0.0045350558888866315,0.0045392255077228985,0.0045350558888866315,0.0045357716829319515,0.0045285317606138485],[0.0045277322571211807,0.0045350558888866315,0.004537170455410109,0.0045392891216117408,0.004537170455410109,0.0045350558888866315,0.0045277322571211807],[0.0045315900450828683,0.0045392255077228985,0.0045392891216117408,0.0045432668071346688,0.0045392891216117408,0.0045392255077228985,0.0045315900450828683],[0.0045277322571211807,0.0045350558888866315,0.004537170455410109,0.0045392891216117408,0.004537170455410109,0.0045350558888866315,0.0045277322571211807],[0.0045285317606138485,0.0045357716829319515,0.0045350558888866315,0.0045392255077228985,0.0045350558888866315,0.0045357716829319515,0.0045285317606138485],[0.004521895300827446,0.0045285317606138485,0.0045277322571211807,0.0045315900450828683,0.0045277322571211807,0.0045285317606138485,0.004521895300827446]],[[0.0045260120737961257,0.0045330924042762529,0.0045322458111379813,0.0045363793696684912,0.0045322458111379813,0.0045330924042762529,0.0045260120737961257],[0.0045330924042762529,0.0045407097316952161,0.0045399624580752416,0.0045443638078233716,0.0045399624580752416,0.0045407097316952161,0.0045330924042762529],[0.0045322458111379813,0.0045399624580752416,0.0045421901292689165,0.0045444220650979568,0.0045421901292689165,0.0045399624580752416,0.0045322458111379813],[0.0045363793696684912,0.0045443638078233716,0.0045444220650979568,0.0045486042052098868,0.0045444220650979568,0.0045443638078233716,0.0045363793696684912],[0.0045322458111379813,0.0045399624580752416,0.0045421901292689165,0.0045444220650979568,0.0045421901292689165,0.0045399624580752416,0.0045322458111379813],[0.0045330924042762529,0.0045407097316952161,0.0045399624580752416,0.0045443638078233716,0.0045399624580752416,0.0045407097316952161,0.0045330924042762529],[0.0045260120737961257,0.0045330924042762529,0.0045322458111379813,0.0045363793696684912,0.0045322458111379813,0.0045330924042762529,0.0045260120737961257]],[[0.0045303851176918377,0.0045378764318288059,0.0045369866871894224,0.0045413757221579509,0.0045369866871894224,0.0045378764318288059,0.0045303851176918377],[0.0045378764318288059,0.0045458450520136761,0.0045450686218224358,0.0045496853803534089,0.0045450686218224358,0.0045458450520136761,0.0045378764318288059],[0.0045369866871894224,0.0045450686218224358,0.0045474014784996986,0.0045497387545145925,0.0045474014784996986,0.0045450686218224358,0.0045369866871894224],[0.0045413757221579509,0.0045496853803534089,0.0045497387545145925,0.004554111130165143,0.0045497387545145925,0.0045496853803534089,0.0045413757221579509],[0.0045369866871894224,0.0045450686218224358,0.0045474014784996986,0.0045497387545145925,0.0045474014784996986,0.0045450686218224358,0.0045369866871894224],[0.0045378764318288059,0.0045458450520136761,0.0045450686218224358,0.0045496853803534089,0.0045450686218224358,0.0045458450520136761,0.0045378764318288059],[0.0045303851176918377,0.0045378764318288059,0.0045369866871894224,0.0045413757221579509,0.0045369866871894224,0.0045378764318288059,0.0045303851176918377]],[[0.0045349957814031323,0.0045428687395670658,0.0045419392156819741,0.0045465654265173811,0.0045419392156819741,0.0045428687395670658,0.0045349957814031323],[0.0045428687395670658,0.0045511654563668092,0.0045503618529871993,0.0045551794819929858,0.0045503618529871993,0.0045511654563668092,0.0045428687395670658],[0.0045419392156819741,0.0045503618529871993,0.004552792861601776,0.0045552284350546162,0.004552792861601776,0.0045503618529871993,0.0045419392156819741],[0.0045465654265173811,0.0045551794819929858,0.0045552284350546162,0.0045597784552701172,0.0045552284350546162,0.0045551794819929858,0.0045465654265173811],[0.0045419392156819741,0.0045503618529871993,0.004552792861601776,0.0045552284350546162,0.004552792861601776,0.0045503618529871993,0.0045419392156819741],[0.0045428687395670658,0.0045511654563668092,0.0045503618529871993,0.0045551794819929858,0.0045503618529871993,0.0045511654563668092,0.0045428687395670658],[0.0045349957814031323,0.0045428687395670658,0.0045419392156819741,0.0045465654265173811,0.0045419392156819741,0.0045428687395670658,0.0045349957814031323]],[[0.0045398274316834891,0.0045480558560413789,0.0045470894545191175,0.004551936399484661,0.0045470894545191175,0.0045480558560413789,0.0045398274316834891],[0.0045480558560413789,0.0045566598430612157,0.0045558307953263615,0.0045608362513804386,0.0045558307953263615,0.0045566598430612157,0.0045480558560413789],[0.0045470894545191175,0.0045558307953263615,0.0045583536508494987,0.0045608812080844925,0.0045583536508494987,0.0045558307953263615,0.0045470894545191175],[0.004551936399484661,0.0045608362513804386,0.0045608812080844925,0.0045655975942634772,0.0045608812080844925,0.0045608362513804386,0.004551936399484661],[0.0045470894545191175,0.0045558307953263615,0.0045583536508494987,0.0045608812080844925,0.0045583536508494987,0.0045558307953263615,0.0045470894545191175],[0.0045480558560413789,0.0045566598430612157,0.0045558307953263615,0.0045608362513804386,0.0045558307953263615,0.0045566598430612157,0.0045480558560413789],[0.0045398274316834891,0.0045480558560413789,0.0045470894545191175,0.004551936399484661,0.0045470894545191175,0.0045480558560413789,0.0045398274316834891]],[[0.0045448651803423872,0.0045534255053408627,0.0045524247627442361,0.0045574776024608042,0.0045524247627442361,0.0045534255053408627,0.0045448651803423872],[0.0045534255053408627,0.0045623173413451819,0.0045614644467750808,0.0045666456735072268,0.0045614644467750808,0.0045623173413451819,0.0045534255053408627],[0.0045524247627442361,0.0045614644467750808,0.0045640733000759486,0.0045666869826934357,0.0045640733000759486,0.0045614644467750808,0.0045524247627442361],[0.0045574776024608042,0.0045666456735072268,0.0045666869826934357,0.0045715592249089814,0.0045666869826934357,0.0045666456735072268,0.0045574776024608042],[0.0045524247627442361,0.0045614644467750808,0.0045640733000759486,0.0045666869826934357,0.0045640733000759486,0.0045614644467750808,0.0045524247627442361],[0.0045534255053408627,0.0045623173413451819,0.0045614644467750808,0.0045666456735072268,0.0045614644467750808,0.0045623173413451819,0.0045534255053408627],[0.0045448651803423872,0.0045534255053408627,0.0045524247627442361,0.0045574776024608042,0.0045524247627442361,0.0045534255053408627,0.0045448651803423872]],[[0.0045500954353578362,0.0045589656736067111,0.004557932921372178,0.0045631778894498851,0.004557932921372178,0.0045589656736067111,0.0045500954353578362],[0.0045589656736067111,0.0045681250474813185,0.0045672500374119556,0.0045725947807883456,0.0045672500374119556,0.0045681250474813185,0.0045589656736067111],[0.004557932921372178,0.0045672500374119556,0.0045699388567152855,0.0045726326198848762,0.0045699388567152855,0.0045672500374119556,0.004557932921372178],[0.0045631778894498851,0.0045725947807883456,0.0045726326198848762,0.0045776496975743096,0.0045726326198848762,0.0045725947807883456,0.0045631778894498851],[0.004557932921372178,0.0045672500374119556,0.0045699388567152855,0.0045726326198848762,0.0045699388567152855,0.0045672500374119556,0.004557932921372178],[0.0045589656736067111,0.0045681250474813185,0.0045672500374119556,0.0045725947807883456,0.0045672500374119556,0.0045681250474813185,0.0045589656736067111],[0.0045500954353578362,0.0045589656736067111,0.004557932921372178,0.0045631778894498851,0.004557932921372178,0.0045589656736067111,0.0045500954353578362]],[[0.0045555049664665675,0.0045646625212556694,0.0045636001887624711,0.004569023445402727,0.0045636001887624711,0.0045646625212556694,0.0045555049664665675],[0.0045646625212556694,0.0045740638621605519,0.004573169088131334,0.00457866261614124,0.004573169088131334,0.0045740638621605519,0.0045646625212556694],[0.0045636001887624711,0.004573169088131334,0.0045759304356487451,0.004578696821473033,0.0045759304356487451,0.004573169088131334,0.0045636001887624711],[0.004569023445402727,0.00457866261614124,0.004578696821473033,0.004583844775885566,0.004578696821473033,0.00457866261614124,0.004569023445402727],[0.0045636001887624711,0.004573169088131334,0.0045759304356487451,0.004578696821473033,0.0045759304356487451,0.004573169088131334,0.0045636001887624711],[0.0045646625212556694,0.0045740638621605519,0.004573169088131334,0.00457866261614124,0.004573169088131334,0.0045740638621605519,0.0045646625212556694],[0.0045555049664665675,0.0045646625212556694,0.0045636001887624711,0.004569023445402727,0.0045636001887624711,0.0045646625212556694,0.0045555049664665675]],[[0.0045610792923089236,0.0045704981131735158,0.00456940910505135,0.0045749951842801537,0.00456940910505135,0.0045704981131735158,0.0045610792923089236],[0.0045704981131735158,0.0045801088976480907,0.0045791974992512481,0.0045848214904630116,0.0045791974992512481,0.0045801088976480907,0.0045704981131735158],[0.00456940910505135,0.0045791974992512481,0.0045820219933231793,0.0045848515983625809,0.0045820219933231793,0.0045791974992512481,0.00456940910505135],[0.0045749951842801537,0.0045848214904630116,0.0045848515983625809,0.0045901125997310794,0.0045848515983625809,0.0045848214904630116,0.0045749951842801537],[0.00456940910505135,0.0045791974992512481,0.0045820219933231793,0.0045848515983625809,0.0045820219933231793,0.0045791974992512481,0.00456940910505135],[0.0045704981131735158,0.0045801088976480907,0.0045791974992512481,0.0045848214904630116,0.0045791974992512481,0.0045801088976480907,0.0045704981131735158],[0.0045610792923089236,0.0045704981131735158,0.00456940910505135,0.0045749951842801537,0.00456940910505135,0.0045704981131735158,0.0045610792923089236]],[[0.0045668015102304548,0.004576451479833237,0.0045753392463277658,0.0045810705571976851,0.0045753392463277658,0.004576451479833237,0.0045668015102304548],[0.004576451479833237,0.0045862368411718072,0.0045853122062006445,0.0045910468018861179,0.0045853122062006445,0.0045862368411718072,0.004576451479833237],[0.0045753392463277658,0.0045853122062006445,0.0045881897236241106,0.0045910724070412816,0.0045881897236241106,0.0045853122062006445,0.0045753392463277658],[0.0045810705571976851,0.0045910468018861179,0.0045910724070412816,0.0045964273277788095,0.0045910724070412816,0.0045910468018861179,0.0045810705571976851],[0.0045753392463277658,0.0045853122062006445,0.0045881897236241106,0.0045910724070412816,0.0045881897236241106,0.0045853122062006445,0.0045753392463277658],[0.004576451479833237,0.0045862368411718072,0.0045853122062006445,0.0045910468018861179,0.0045853122062006445,0.0045862368411718072,0.004576451479833237],[0.0045668015102304548,0.004576451479833237,0.0045753392463277658,0.0045810705571976851,0.0045753392463277658,0.004576451479833237,0.0045668015102304548]],[[0.0045726527900393507,0.0045825016693436128,0.0045813699356989628,0.00458722761238829,0.0045813699356989628,0.0045825016693436128,0.0045726527900393507],[0.0045825016693436128,0.0045924286287747987,0.0045914939081576475,0.0045973198684591925,0.0045914939081576475,0.0045924286287747987,0.0045825016693436128],[0.0045813699356989628,0.0045914939081576475,0.0045944147632147984,0.0045973408252061145,0.0045944147632147984,0.0045914939081576475,0.0045813699356989628],[0.00458722761238829,0.0045973198684591925,0.0045973408252061145,0.0046027715991421355,0.0045973408252061145,0.0045973198684591925,0.00458722761238829],[0.0045813699356989628,0.0045914939081576475,0.0045944147632147984,0.0045973408252061145,0.0045944147632147984,0.0045914939081576475,0.0045813699356989628],[0.0045825016693436128,0.0045924286287747987,0.0045914939081576475,0.0045973198684591925,0.0045914939081576475,0.0045924286287747987,0.0045825016693436128],[0.0045726527900393507,0.0045825016693436128,0.0045813699356989628,0.00458722761238829,0.0045813699356989628,0.0045825016693436128,0.0045726527900393507]],[[0.0045786137336766373,0.0045886294204100578,0.0045874818790107019,0.004593446921680679,0.0045874818790107019,0.0045886294204100578,0.0045786137336766373],[0.0045886294204100578,0.0045986682403164024,0.0045977261974673739,0.0046036257727877783,0.0045977261974673739,0.0045986682403164024,0.0045886294204100578],[0.0045874818790107019,0.0045977261974673739,0.0046006815657470921,0.004603642169870777,0.0046006815657470921,0.0045977261974673739,0.0045874818790107019],[0.004593446921680679,0.0046036257727877783,0.004603642169870777,0.0046091325450452,0.004603642169870777,0.0046036257727877783,0.004593446921680679],[0.0045874818790107019,0.0045977261974673739,0.0046006815657470921,0.004603642169870777,0.0046006815657470921,0.0045977261974673739,0.0045874818790107019],[0.0045886294204100578,0.0045986682403164024,0.0045977261974673739,0.0046036257727877783,0.0045977261974673739,0.0045986682403164024,0.0045886294204100578],[0.0045786137336766373,0.0045886294204100578,0.0045874818790107019,0.004593446921680679,0.0045874818790107019,0.0045886294204100578,0.0045786137336766373]],[[0.0045846655008081466,0.0045948174525184474,0.0045936575725236614,0.0045997116537219614,0.0045936575725236614,0.0045948174525184474,0.0045846655008081466],[0.0045948174525184474,0.0046049414547233609,0.0046039944955929835,0.0046099515092503365,0.0046039944955929835,0.0046049414547233609,0.0045948174525184474],[0.0045936575725236614,0.0046039944955929835,0.00460697640741166,0.00460996357301362,0.00460697640741166,0.0046039944955929835,0.0045936575725236614],[0.0045997116537219614,0.0046099515092503365,0.00460996357301362,0.0046154990061417645,0.00460996357301362,0.0046099515092503365,0.0045997116537219614],[0.0045936575725236614,0.0046039944955929835,0.00460697640741166,0.00460996357301362,0.00460697640741166,0.0046039944955929835,0.0045936575725236614],[0.0045948174525184474,0.0046049414547233609,0.0046039944955929835,0.0046099515092503365,0.0046039944955929835,0.0046049414547233609,0.0045948174525184474],[0.0045846655008081466,0.0045948174525184474,0.0045936575725236614,0.0045997116537219614,0.0045936575725236614,0.0045948174525184474,0.0045846655008081466]],[[0.0045907903861628057,0.0046010501586919716,0.0045998811190414339,0.0046060069626767813,0.0045998811190414339,0.0046010501586919716,0.0045907903861628057],[0.0046010501586919716,0.00461123502880737,0.0046102852925246889,0.0046162848929102648,0.0046102852925246889,0.00461123502880737,0.0046010501586919716],[0.0045998811190414339,0.0046102852925246889,0.0046132864652070633,0.0046162928991596384,0.0046132864652070633,0.0046102852925246889,0.0045998811190414339],[0.0046060069626767813,0.0046162848929102648,0.0046162928991596384,0.0046218601625589847,0.0046162928991596384,0.0046162848929102648,0.0046060069626767813],[0.0045998811190414339,0.0046102852925246889,0.0046132864652070633,0.0046162928991596384,0.0046132864652070633,0.0046102852925246889,0.0045998811190414339],[0.0046010501586919716,0.00461123502880737,0.0046102852925246889,0.0046162848929102648,0.0046102852925246889,0.00461123502880737,0.0046010501586919716],[0.0045907903861628057,0.0046010501586919716,0.0045998811190414339,0.0046060069626767813,0.0045998811190414339,0.0046010501586919716,0.0045907903861628057]],[[0.0045969719543001051,0.0046073131763936107,0.0046061378770233608,0.0046123193300054849,0.0046061378770233608,0.0046073131763936107,0.0045969719543001051],[0.0046073131763936107,0.0046175363363994658,0.0046165857767671214,0.0046226141570299894,0.0046165857767671214,0.0046175363363994658,0.0046073131763936107],[0.0046061378770233608,0.0046165857767671214,0.0046195994486102655,0.0046226183792030433,0.0046195994486102655,0.0046165857767671214,0.0046061378770233608],[0.0046123193300054849,0.0046226141570299894,0.0046226183792030433,0.0046282052062421291,0.0046226183792030433,0.0046226141570299894,0.0046123193300054849],[0.0046061378770233608,0.0046165857767671214,0.0046195994486102655,0.0046226183792030433,0.0046195994486102655,0.0046165857767671214,0.0046061378770233608],[0.0046073131763936107,0.0046175363363994658,0.0046165857767671214,0.0046226141570299894,0.0046165857767671214,0.0046175363363994658,0.0046073131763936107],[0.0045969719543001051,0.0046073131763936107,0.0046061378770233608,0.0046123193300054849,0.0046061378770233608,0.0046073131763936107,0.0045969719543001051]],[[0.0046031949504110221,0.0046135931094581379,0.0046124142082662294,0.0046186361815082422,0.0046124142082662294,0.0046135931094581379,0.0046031949504110221],[0.0046135931094581379,0.0046238334657193233,0.0046228838873908209,0.0046289281536149142,0.0046228838873908209,0.0046238334657193233,0.0046135931094581379],[0.0046124142082662294,0.0046228838873908209,0.00462590374525696,0.0046289288500663507,0.00462590374525696,0.0046228838873908209,0.0046124142082662294],[0.0046186361815082422,0.0046289281536149142,0.0046289288500663507,0.0046345237909258055,0.0046289288500663507,0.0046289281536149142,0.0046186361815082422],[0.0046124142082662294,0.0046228838873908209,0.00462590374525696,0.0046289288500663507,0.00462590374525696,0.0046228838873908209,0.0046124142082662294],[0.0046135931094581379,0.0046238334657193233,0.0046228838873908209,0.0046289281536149142,0.0046228838873908209,0.0046238334657193233,0.0046135931094581379],[0.0046031949504110221,0.0046135931094581379,0.0046124142082662294,0.0046186361815082422,0.0046124142082662294,0.0046135931094581379,0.0046031949504110221]],[[0.0046094451869774554,0.0046198774958053478,0.0046186974338945121,0.0046249458560284245,0.0046186974338945121,0.0046198774958053478,0.0046094451869774554],[0.0046198774958053478,0.0046301155621293827,0.0046291686119443471,0.0046352168296880112,0.0046291686119443471,0.0046301155621293827,0.0046198774958053478],[0.0046186974338945121,0.0046291686119443471,0.004632188820251076,0.0046352142554698236,0.004632188820251076,0.0046291686119443471,0.0046186974338945121],[0.0046249458560284245,0.0046352168296880112,0.0046352142554698236,0.0046408067428920117,0.0046352142554698236,0.0046352168296880112,0.0046249458560284245],[0.0046186974338945121,0.0046291686119443471,0.004632188820251076,0.0046352142554698236,0.004632188820251076,0.0046291686119443471,0.0046186974338945121],[0.0046198774958053478,0.0046301155621293827,0.0046291686119443471,0.0046352168296880112,0.0046291686119443471,0.0046301155621293827,0.0046198774958053478],[0.0046094451869774554,0.0046198774958053478,0.0046186974338945121,0.0046249458560284245,0.0046186974338945121,0.0046198774958053478,0.0046094451869774554]],[[0.00461570951424741,0.0046261549455369469,0.0046249759487685324,0.0046312377909988366,0.0046249759487685324,0.0046261549455369469,0.00461570951424741],[0.0046261549455369469,0.0046363731291848322,0.00463543026768359,0.00464147159989204,0.00463543026768359,0.0046363731291848322,0.0046261549455369469],[0.0046249759487685324,0.00463543026768359,0.0046384455452212689,0.0046414660226667881,0.0046384455452212689,0.00463543026768359,0.0046249759487685324],[0.0046312377909988366,0.00464147159989204,0.0046414660226667881,0.0046470465291821618,0.0046414660226667881,0.00464147159989204,0.0046312377909988366],[0.0046249759487685324,0.00463543026768359,0.0046384455452212689,0.0046414660226667881,0.0046384455452212689,0.00463543026768359,0.0046249759487685324],[0.0046261549455369469,0.0046363731291848322,0.00463543026768359,0.00464147159989204,0.00463543026768359,0.0046363731291848322,0.0046261549455369469],[0.00461570951424741,0.0046261549455369469,0.0046249759487685324,0.0046312377909988366,0.0046249759487685324,0.0046261549455369469,0.00461570951424741]],[[0.0046219758790169074,0.0046324153110248985,0.0046312393755821371,0.0046375027312349267,0.0046312393755821371,0.0046324153110248985,0.0046219758790169074],[0.0046324153110248985,0.0046425981558817723,0.0046416606330901946,0.0046476854696359442,0.0046416606330901946,0.0046425981558817723,0.0046324153110248985],[0.0046312393755821371,0.0046416606330901946,0.0046446663216068189,0.0046476771773293095,0.0046446663216068189,0.0046416606330901946,0.0046312393755821371],[0.0046375027312349267,0.0046476854696359442,0.0046476771773293095,0.004653237348985065,0.0046476771773293095,0.0046476854696359442,0.0046375027312349267],[0.0046312393755821371,0.0046416606330901946,0.0046446663216068189,0.0046476771773293095,0.0046446663216068189,0.0046416606330901946,0.0046312393755821371],[0.0046324153110248985,0.0046425981558817723,0.0046416606330901946,0.0046476854696359442,0.0046416606330901946,0.0046425981558817723,0.0046324153110248985],[0.0046219758790169074,0.0046324153110248985,0.0046312393755821371,0.0046375027312349267,0.0046312393755821371,0.0046324153110248985,0.0046219758790169074]],[[0.0046282334209326158,0.0046386497980183145,0.0046374786732045082,0.0046437328480872717,0.0046374786732045082,0.0046386497980183145,0.0046282334209326158],[0.0046386497980183145,0.0046487840989927883,0.0046478529445532751,0.0046538529739646884,0.0046478529445532751,0.0046487840989927883,0.0046386497980183145],[0.0046374786732045082,0.0046478529445532751,0.0046508450436308349,0.0046538422727178536,0.0046508450436308349,0.0046478529445532751,0.0046374786732045082],[0.0046437328480872717,0.0046538529739646884,0.0046538422727178536,0.0046593749912598841,0.0046538422727178536,0.0046538529739646884,0.0046437328480872717],[0.0046374786732045082,0.0046478529445532751,0.0046508450436308349,0.0046538422727178536,0.0046508450436308349,0.0046478529445532751,0.0046374786732045082],[0.0046386497980183145,0.0046487840989927883,0.0046478529445532751,0.0046538529739646884,0.0046478529445532751,0.0046487840989927883,0.0046386497980183145],[0.0046282334209326158,0.0046386497980183145,0.0046374786732045082,0.0046437328480872717,0.0046374786732045082,0.0046386497980183145,0.0046282334209326158]],[[0.0046344725554769489,0.004644850997027581,0.0046436861744058415,0.0046499217535912254,0.0046436861744058415,0.004644850997027581,0.0046344725554769489],[0.004644850997027581,0.00465492579370381,0.0046540018204170681,0.0046599700403143086,0.0046540018204170681,0.00465492579370381,0.004644850997027581],[0.0046436861744058415,0.0046540018204170681,0.0046569769888899631,0.004659957246781996,0.0046569769888899631,0.0046540018204170681,0.0046436861744058415],[0.0046499217535912254,0.0046599700403143086,0.004659957246781996,0.00466545662474637,0.004659957246781996,0.0046599700403143086,0.0046499217535912254],[0.0046436861744058415,0.0046540018204170681,0.0046569769888899631,0.004659957246781996,0.0046569769888899631,0.0046540018204170681,0.0046436861744058415],[0.004644850997027581,0.00465492579370381,0.0046540018204170681,0.0046599700403143086,0.0046540018204170681,0.00465492579370381,0.004644850997027581],[0.0046344725554769489,0.004644850997027581,0.0046436861744058415,0.0046499217535912254,0.0046436861744058415,0.004644850997027581,0.0046344725554769489]],[[0.0046406850173302105,0.0046510128526445985,0.0046498555645854518,0.0046560644412536618,0.0046498555645854518,0.0046510128526445985,0.0046406850173302105],[0.0046510128526445985,0.0046610193428487769,0.0046601031588168335,0.0046660338410687121,0.0046601031588168335,0.0046610193428487769,0.0046510128526445985],[0.0046498555645854518,0.0046601031588168335,0.0046630586928535691,0.004666019273322013,0.0046630586928535691,0.0046601031588168335,0.0046498555645854518],[0.0046560644412536618,0.0046660338410687121,0.004666019273322013,0.0046714806047678812,0.004666019273322013,0.0046660338410687121,0.0046560644412536618],[0.0046498555645854518,0.0046601031588168335,0.0046630586928535691,0.004666019273322013,0.0046630586928535691,0.0046601031588168335,0.0046498555645854518],[0.0046510128526445985,0.0046610193428487769,0.0046601031588168335,0.0046660338410687121,0.0046601031588168335,0.0046610193428487769,0.0046510128526445985],[0.0046406850173302105,0.0046510128526445985,0.0046498555645854518,0.0046560644412536618,0.0046498555645854518,0.0046510128526445985,0.0046406850173302105]],[[0.0046468638602300844,0.0046571305955146018,0.0046559818222703508,0.0046621571890750925,0.0046559818222703508,0.0046571305955146018,0.0046468638602300844],[0.0046571305955146018,0.0046670620050500667,0.0046661540301058983,0.0046720426577840811,0.0046661540301058983,0.0046670620050500667,0.0046571305955146018],[0.0046559818222703508,0.0046661540301058983,0.0046690878277112586,0.0046720266272623576,0.0046690878277112586,0.0046661540301058983,0.0046559818222703508],[0.0046621571890750925,0.0046720426577840811,0.0046720266272623576,0.0046774463144352374,0.0046720266272623576,0.0046720426577840811,0.0046621571890750925],[0.0046559818222703508,0.0046661540301058983,0.0046690878277112586,0.0046720266272623576,0.0046690878277112586,0.0046661540301058983,0.0046559818222703508],[0.0046571305955146018,0.0046670620050500667,0.0046661540301058983,0.0046720426577840811,0.0046661540301058983,0.0046670620050500667,0.0046571305955146018],[0.0046468638602300844,0.0046571305955146018,0.0046559818222703508,0.0046621571890750925,0.0046559818222703508,0.0046571305955146018,0.0046468638602300844]],[[0.0046530034208608524,0.0046632006547434254,0.0046620611377541444,0.0046681974476702063,0.0046620611377541444,0.0046632006547434254,0.0046530034208608524],[0.0046632006547434254,0.0046730520847720674,0.0046721525686414635,0.004677995756294422,0.0046721525686414635,0.0046730520847720674,0.0046632006547434254],[0.0046620611377541444,0.0046721525686414635,0.0046750630867200991,0.00467797856156331,0.0046750630867200991,0.0046721525686414635,0.0046620611377541444],[0.0046681974476702063,0.004677995756294422,0.00467797856156331,0.0046833540295099464,0.00467797856156331,0.004677995756294422,0.0046681974476702063],[0.0046620611377541444,0.0046721525686414635,0.0046750630867200991,0.00467797856156331,0.0046750630867200991,0.0046721525686414635,0.0046620611377541444],[0.0046632006547434254,0.0046730520847720674,0.0046721525686414635,0.004677995756294422,0.0046721525686414635,0.0046730520847720674,0.0046632006547434254],[0.0046530034208608524,0.0046632006547434254,0.0046620611377541444,0.0046681974476702063,0.0046620611377541444,0.0046632006547434254,0.0046530034208608524]],[[0.004659099256745269,0.0046692205600226922,0.0046680908192658693,0.00467418372369027,0.0046680908192658693,0.0046692205600226922,0.004659099256745269],[0.0046692205600226922,0.0046789888218272393,0.004678097862894982,0.0046838932663295059,0.004678097862894982,0.0046789888218272393,0.0046692205600226922],[0.0046680908192658693,0.004678097862894982,0.0046809840699003173,0.0046838751885015864,0.0046809840699003173,0.004678097862894982,0.0046680908192658693],[0.00467418372369027,0.0046838932663295059,0.0046838751885015864,0.00468920479307083,0.0046838751885015864,0.0046838932663295059,0.00467418372369027],[0.0046680908192658693,0.004678097862894982,0.0046809840699003173,0.0046838751885015864,0.0046809840699003173,0.004678097862894982,0.0046680908192658693],[0.0046692205600226922,0.0046789888218272393,0.004678097862894982,0.0046838932663295059,0.004678097862894982,0.0046789888218272393,0.0046692205600226922],[0.004659099256745269,0.0046692205600226922,0.0046680908192658693,0.00467418372369027,0.0046680908192658693,0.0046692205600226922,0.004659099256745269]],[[0.0046651480663377825,0.0046751888374272519,0.0046740691912404344,0.0046801154616452267,0.0046740691912404344,0.0046751888374272519,0.0046651480663377825],[0.0046751888374272519,0.0046848722786608805,0.0046839898429243982,0.0046897360617272179,0.0046839898429243982,0.0046848722786608805,0.0046751888374272519],[0.0046740691912404344,0.0046839898429243982,0.0046868511685151581,0.0046897173611566293,0.0046868511685151581,0.0046839898429243982,0.0046740691912404344],[0.0046801154616452267,0.0046897360617272179,0.0046897173611566293,0.0046950002926490764,0.0046897173611566293,0.0046897360617272179,0.0046801154616452267],[0.0046740691912404344,0.0046839898429243982,0.0046868511685151581,0.0046897173611566293,0.0046868511685151581,0.0046839898429243982,0.0046740691912404344],[0.0046751888374272519,0.0046848722786608805,0.0046839898429243982,0.0046897360617272179,0.0046839898429243982,0.0046848722786608805,0.0046751888374272519],[0.0046651480663377825,0.0046751888374272519,0.0046740691912404344,0.0046801154616452267,0.0046740691912404344,0.0046751888374272519,0.0046651480663377825]],[[0.0046711475970147211,0.0046811049008772957,0.0046799954872293334,0.004685992925026773,0.0046799954872293334,0.0046811049008772957,0.0046711475970147211],[0.0046811049008772957,0.0046907032261938346,0.0046898291661654611,0.004695525641277119,0.0046898291661654611,0.0046907032261938346,0.0046811049008772957],[0.0046799954872293334,0.0046898291661654611,0.0046926654488700916,0.0046955065552180524,0.0046926654488700916,0.0046898291661654611,0.0046799954872293334],[0.004685992925026773,0.004695525641277119,0.0046955065552180524,0.004700742