{"M_cells":[[[0,0,0,0,0,0,0],[0,0,0,0,0,0,0],[0,0,0,0,0,0,0],[0,0,0,0,0,0,0],[0,0,0,0,0,0,0],[0,0,0,0,0,0,0],[0,0,0,0,0,0,0]],[[1.1112641287953058E-10,6.0088639138929185E-10,5.3572215032698837E-10,7.8032649912633923E-10,5.3572215032698837E-10,6.0088639138929185E-10,1.1112641287953058E-10],[6.0088639138929185E-10,2.2909788078498252E-9,2.1020954650377686E-9,2.9424262730448095E-9,2.102095465037769E-9,2.2909788078498256E-9,6.0088639138929185E-10],[5.3572215032698837E-10,2.1020954650377686E-9,2.5641069561360705E-9,3.0279646764134703E-9,2.5641069561360705E-9,2.102095465037769E-9,5.3572215032698848E-10],[7.8032649912633923E-10,2.9424262730448095E-9,3.0279646764134703E-9,3.9670276396258107E-9,3.0279646764134703E-9,2.9424262730448095E-9,7.8032649912633923E-10],[5.3572215032698837E-10,2.102095465037769E-9,2.5641069561360705E-9,3.0279646764134703E-9,2.5641069561360705E-9,2.1020954650377686E-9,5.3572215032698837E-10],[6.0088639138929185E-10,2.2909788078498256E-9,2.102095465037769E-9,2.9424262730448095E-9,2.1020954650377686E-9,2.2909788078498252E-9,6.0088639138929185E-10],[1.1112641287953058E-10,6.0088639138929185E-10,5.3572215032698848E-10,7.8032649912633923E-10,5.3572215032698837E-10,6.0088639138929185E-10,1.1112641287953058E-10]],[[6.3154635816655663E-10,1.8659281752848051E-9,1.7037731490560752E-9,2.3440580239659436E-9,1.7037731490560752E-9,1.8659281752848051E-9,6.3154635816655663E-10],[1.8659281752848051E-9,4.1955685968916445E-9,3.9393489481528711E-9,5.1604572499139862E-9,3.9393489481528711E-9,4.1955685968916445E-9,1.8659281752848051E-9],[1.7037731490560752E-9,3.9393489481528711E-9,4.5927445196470043E-9,5.2477180956095532E-9,4.5927445196470043E-9,3.9393489481528711E-9,1.7037731490560754E-9],[2.3440580239659436E-9,5.1604572499139862E-9,5.2477180956095532E-9,6.5404760980942409E-9,5.2477180956095532E-9,5.1604572499139862E-9,2.3440580239659436E-9],[1.7037731490560752E-9,3.9393489481528711E-9,4.5927445196470043E-9,5.2477180956095532E-9,4.5927445196470043E-9,3.9393489481528711E-9,1.7037731490560752E-9],[1.8659281752848051E-9,4.1955685968916445E-9,3.9393489481528711E-9,5.1604572499139862E-9,3.9393489481528711E-9,4.1955685968916445E-9,1.8659281752848051E-9],[6.3154635816655663E-10,1.8659281752848051E-9,1.7037731490560754E-9,2.3440580239659436E-9,1.7037731490560752E-9,1.8659281752848051E-9,6.3154635816655663E-10]],[[1.5592509206027822E-9,3.3829752138910363E-9,3.1462531625386363E-9,4.1248527762896667E-9,3.1462531625386363E-9,3.3829752138910363E-9,1.5592509206027822E-9],[3.3829752138910363E-9,5.9579325256960831E-9,5.6806407751264227E-9,7.0859914407911847E-9,5.6806407751264227E-9,5.9579325256960831E-9,3.3829752138910363E-9],[3.1462531625386363E-9,5.6806407751264227E-9,6.4163478268388529E-9,7.1535324188620123E-9,6.4163478268388529E-9,5.6806407751264227E-9,3.1462531625386363E-9],[4.1248527762896667E-9,7.0859914407911847E-9,7.1535324188620123E-9,8.5795833087723969E-9,7.1535324188620123E-9,7.0859914407911847E-9,4.1248527762896667E-9],[3.1462531625386363E-9,5.6806407751264227E-9,6.4163478268388529E-9,7.1535324188620123E-9,6.4163478268388529E-9,5.6806407751264236E-9,3.1462531625386363E-9],[3.3829752138910363E-9,5.9579325256960831E-9,5.6806407751264227E-9,7.0859914407911847E-9,5.6806407751264236E-9,5.957932525696084E-9,3.3829752138910367E-9],[1.5592509206027822E-9,3.3829752138910363E-9,3.1462531625386363E-9,4.1248527762896667E-9,3.1462531625386363E-9,3.3829752138910367E-9,1.5592509206027822E-9]],[[2.7804518861263022E-9,4.9979617141677664E-9,4.7142666718833872E-9,5.9387481070916644E-9,4.7142666718833872E-9,4.9979617141677664E-9,2.7804518861263022E-9],[4.9979617141677664E-9,7.6706871677137718E-9,7.3898514705508913E-9,8.890895940229532E-9,7.3898514705508913E-9,7.6706871677137734E-9,4.9979617141677664E-9],[4.7142666718833872E-9,7.3898514705508913E-9,8.1632694096144343E-9,8.9381274409192266E-9,8.1632694096144343E-9,7.3898514705508913E-9,4.7142666718833872E-9],[5.9387481070916644E-9,8.890895940229532E-9,8.9381274409192266E-9,1.0414873751254129E-8,8.9381274409192266E-9,8.890895940229532E-9,5.9387481070916644E-9],[4.7142666718833872E-9,7.3898514705508913E-9,8.1632694096144343E-9,8.9381274409192266E-9,8.1632694096144343E-9,7.3898514705508913E-9,4.7142666718833872E-9],[4.9979617141677664E-9,7.6706871677137734E-9,7.3898514705508913E-9,8.890895940229532E-9,7.3898514705508913E-9,7.6706871677137734E-9,4.9979617141677664E-9],[2.7804518861263022E-9,4.9979617141677664E-9,4.7142666718833872E-9,5.9387481070916644E-9,4.7142666718833872E-9,4.9979617141677664E-9,2.7804518861263022E-9]],[[4.190524409963038E-9,6.6530861223601513E-9,6.3431978012662409E-9,7.73474422204996E-9,6.3431978012662409E-9,6.6530861223601513E-9,4.190524409963038E-9],[6.6530861223601513E-9,9.3679451887842786E-9,9.089689649352642E-9,1.0643894170452674E-8,9.089689649352642E-9,9.3679451887842786E-9,6.6530861223601513E-9],[6.3431978012662409E-9,9.089689649352642E-9,9.881780108041906E-9,1.0675296967110192E-8,9.881780108041906E-9,9.089689649352642E-9,6.3431978012662409E-9],[7.73474422204996E-9,1.0643894170452674E-8,1.0675296967110192E-8,1.2171836505795929E-8,1.0675296967110192E-8,1.0643894170452674E-8,7.73474422204996E-9],[6.3431978012662409E-9,9.089689649352642E-9,9.881780108041906E-9,1.0675296967110192E-8,9.881780108041906E-9,9.089689649352642E-9,6.3431978012662409E-9],[6.6530861223601513E-9,9.3679451887842786E-9,9.089689649352642E-9,1.0643894170452674E-8,9.089689649352642E-9,9.3679451887842786E-9,6.6530861223601513E-9],[4.190524409963038E-9,6.6530861223601513E-9,6.3431978012662409E-9,7.73474422204996E-9,6.3431978012662409E-9,6.6530861223601513E-9,4.190524409963038E-9]],[[5.7161545905120045E-9,8.3264110706612685E-9,8.0035786545919382E-9,9.5051098470470025E-9,8.00357865459194E-9,8.3264110706612685E-9,5.7161545905120045E-9],[8.3264110706612685E-9,1.1062009799833965E-8,1.0787964336680858E-8,1.2373502493752936E-8,1.0787964336680858E-8,1.1062009799833965E-8,8.3264110706612685E-9],[8.0035786545919382E-9,1.0787964336680858E-8,1.1590136650012981E-8,1.23937307105085E-8,1.1590136650012981E-8,1.0787964336680858E-8,8.00357865459194E-9],[9.5051098470470025E-9,1.2373502493752936E-8,1.23937307105085E-8,1.3898542444508925E-8,1.23937307105085E-8,1.2373502493752936E-8,9.5051098470470025E-9],[8.00357865459194E-9,1.0787964336680858E-8,1.1590136650012981E-8,1.23937307105085E-8,1.1590136650012981E-8,1.0787964336680858E-8,8.00357865459194E-9],[8.3264110706612685E-9,1.1062009799833965E-8,1.0787964336680858E-8,1.2373502493752936E-8,1.0787964336680858E-8,1.1062009799833965E-8,8.3264110706612685E-9],[5.7161545905120045E-9,8.3264110706612685E-9,8.00357865459194E-9,9.5051098470470025E-9,8.00357865459194E-9,8.3264110706612685E-9,5.7161545905120045E-9]],[[7.3110061362969528E-9,1.0009375498110087E-8,9.6812512347828784E-9,1.1254180942434772E-8,9.6812512347828784E-9,1.0009375498110087E-8,7.3110061362969528E-9],[1.0009375498110087E-8,1.275712300020407E-8,1.248721565042966E-8,1.4092191551265734E-8,1.248721565042966E-8,1.2757123000204068E-8,1.0009375498110087E-8],[9.6812512347828784E-9,1.248721565042966E-8,1.3295335730360682E-8,1.4104876412415711E-8,1.3295335730360682E-8,1.2487215650429659E-8,9.6812512347828784E-9],[1.1254180942434772E-8,1.4092191551265734E-8,1.4104876412415711E-8,1.5613697101846596E-8,1.4104876412415711E-8,1.4092191551265734E-8,1.1254180942434772E-8],[9.6812512347828784E-9,1.248721565042966E-8,1.3295335730360682E-8,1.4104876412415711E-8,1.3295335730360682E-8,1.2487215650429659E-8,9.6812512347828784E-9],[1.0009375498110087E-8,1.2757123000204068E-8,1.2487215650429659E-8,1.4092191551265734E-8,1.2487215650429659E-8,1.2757123000204066E-8,1.0009375498110087E-8],[7.3110061362969528E-9,1.0009375498110087E-8,9.6812512347828784E-9,1.1254180942434772E-8,9.6812512347828784E-9,1.0009375498110087E-8,7.3110061362969528E-9]],[[8.947210324272083E-9,1.1698441653099283E-8,1.136907473254442E-8,1.2988191492565345E-8,1.136907473254442E-8,1.1698441653099283E-8,8.947210324272083E-9],[1.1698441653099283E-8,1.4454597732952202E-8,1.4188190206532542E-8,1.5805793160995678E-8,1.4188190206532542E-8,1.4454597732952202E-8,1.1698441653099283E-8],[1.136907473254442E-8,1.4188190206532542E-8,1.5000132588588634E-8,1.5813495843119589E-8,1.5000132588588634E-8,1.4188190206532542E-8,1.136907473254442E-8],[1.2988191492565345E-8,1.5805793160995678E-8,1.5813495843119589E-8,1.7324772864206055E-8,1.5813495843119589E-8,1.5805793160995678E-8,1.2988191492565345E-8],[1.136907473254442E-8,1.4188190206532542E-8,1.5000132588588634E-8,1.5813495843119589E-8,1.5000132588588634E-8,1.4188190206532542E-8,1.136907473254442E-8],[1.1698441653099283E-8,1.4454597732952202E-8,1.4188190206532542E-8,1.5805793160995678E-8,1.4188190206532542E-8,1.4454597732952202E-8,1.1698441653099283E-8],[8.947210324272083E-9,1.1698441653099283E-8,1.136907473254442E-8,1.2988191492565345E-8,1.136907473254442E-8,1.1698441653099283E-8,8.947210324272083E-9]],[[1.0608419661601802E-8,1.3391996297845968E-8,1.3063300764300202E-8,1.4712423097853715E-8,1.3063300764300202E-8,1.3391996297845968E-8,1.0608419661601802E-8],[1.3391996297845968E-8,1.6154720621707643E-8,1.5891063934061496E-8,1.7517247746838922E-8,1.5891063934061496E-8,1.6154720621707643E-8,1.3391996297845968E-8],[1.3063300764300202E-8,1.5891063934061496E-8,1.6705668039323479E-8,1.7521693897791557E-8,1.6705668039323479E-8,1.5891063934061496E-8,1.3063300764300202E-8],[1.4712423097853715E-8,1.7517247746838922E-8,1.7521693897791557E-8,1.9034880770913457E-8,1.7521693897791557E-8,1.7517247746838922E-8,1.4712423097853713E-8],[1.3063300764300202E-8,1.5891063934061496E-8,1.6705668039323479E-8,1.7521693897791557E-8,1.6705668039323479E-8,1.5891063934061496E-8,1.3063300764300202E-8],[1.3391996297845968E-8,1.6154720621707643E-8,1.5891063934061496E-8,1.7517247746838922E-8,1.5891063934061496E-8,1.615472062170764E-8,1.3391996297845968E-8],[1.0608419661601802E-8,1.3391996297845968E-8,1.3063300764300202E-8,1.4712423097853713E-8,1.3063300764300202E-8,1.3391996297845968E-8,1.0608419661601802E-8]],[[1.2285150758902301E-8,1.5089198207079853E-8,1.4761904185550125E-8,1.6430742887646728E-8,1.4761904185550125E-8,1.5089198207079853E-8,1.2285150758902301E-8],[1.5089198207079853E-8,1.7857447563552231E-8,1.7595854004516873E-8,1.9228150519520323E-8,1.7595854004516873E-8,1.7857447563552231E-8,1.5089198207079853E-8],[1.4761904185550125E-8,1.7595854004516873E-8,1.8412454034864997E-8,1.9230476989087513E-8,1.8412454034864997E-8,1.7595854004516873E-8,1.4761904185550125E-8],[1.6430742887646728E-8,1.9228150519520323E-8,1.9230476989087513E-8,2.074539553717212E-8,1.9230476989087513E-8,1.9228150519520323E-8,1.6430742887646728E-8],[1.4761904185550125E-8,1.7595854004516873E-8,1.8412454034864997E-8,1.9230476989087513E-8,1.8412454034864997E-8,1.7595854004516873E-8,1.4761904185550125E-8],[1.5089198207079853E-8,1.7857447563552231E-8,1.7595854004516873E-8,1.9228150519520323E-8,1.7595854004516873E-8,1.7857447563552231E-8,1.5089198207079853E-8],[1.2285150758902301E-8,1.5089198207079853E-8,1.4761904185550125E-8,1.6430742887646728E-8,1.4761904185550125E-8,1.5089198207079853E-8,1.2285150758902301E-8]],[[1.3971912748685991E-8,1.6789544102273604E-8,1.6463771396965939E-8,1.8145813564311854E-8,1.6463771396965939E-8,1.6789544102273604E-8,1.3971912748685991E-8],[1.6789544102273604E-8,1.9562650480919124E-8,1.930254672117417E-8,2.0939422028015802E-8,1.930254672117417E-8,1.9562650480919124E-8,1.6789544102273604E-8],[1.6463771396965939E-8,1.930254672117417E-8,2.0120746039230838E-8,2.09403696058107E-8,2.0120746039230838E-8,1.930254672117417E-8,1.6463771396965939E-8],[1.8145813564311854E-8,2.0939422028015802E-8,2.09403696058107E-8,2.2456972241463035E-8,2.09403696058107E-8,2.0939422028015802E-8,1.8145813564311854E-8],[1.6463771396965939E-8,1.930254672117417E-8,2.0120746039230838E-8,2.09403696058107E-8,2.0120746039230838E-8,1.930254672117417E-8,1.6463771396965939E-8],[1.6789544102273604E-8,1.9562650480919124E-8,1.930254672117417E-8,2.0939422028015802E-8,1.930254672117417E-8,1.9562650480919124E-8,1.6789544102273604E-8],[1.3971912748685991E-8,1.6789544102273604E-8,1.6463771396965939E-8,1.8145813564311854E-8,1.6463771396965939E-8,1.6789544102273604E-8,1.3971912748685991E-8]],[[1.5665510761629833E-8,1.849269932693002E-8,1.8168285165198158E-8,1.9859414996323086E-8,1.8168285165198158E-8,1.849269932693002E-8,1.5665510761629833E-8],[1.849269932693002E-8,2.1270199053702797E-8,2.1011130611604378E-8,2.2651618273853253E-8,2.1011130611604378E-8,2.1270199053702797E-8,1.849269932693002E-8],[1.8168285165198158E-8,2.1011130611604378E-8,2.18306861630459E-8,2.2651667377811207E-8,2.18306861630459E-8,2.1011130611604378E-8,1.8168285165198158E-8],[1.9859414996323086E-8,2.2651618273853253E-8,2.2651667377811207E-8,2.4169949351695912E-8,2.2651667377811207E-8,2.2651618273853253E-8,1.9859414996323086E-8],[1.8168285165198158E-8,2.1011130611604378E-8,2.18306861630459E-8,2.2651667377811207E-8,2.18306861630459E-8,2.1011130611604378E-8,1.8168285165198158E-8],[1.849269932693002E-8,2.1270199053702797E-8,2.1011130611604378E-8,2.2651618273853253E-8,2.1011130611604378E-8,2.1270199053702797E-8,1.849269932693002E-8],[1.5665510761629833E-8,1.849269932693002E-8,1.8168285165198158E-8,1.9859414996323086E-8,1.8168285165198158E-8,1.849269932693002E-8,1.5665510761629833E-8]],[[1.7364066295818207E-8,2.0198426566980476E-8,1.9875103238449814E-8,2.1572719102527032E-8,1.9875103238449814E-8,2.0198426566980476E-8,1.7364066295818207E-8],[2.0198426566980476E-8,2.2979983249977527E-8,2.2721600749996437E-8,2.4365085081655247E-8,2.2721600749996437E-8,2.2979983249977527E-8,2.0198426566980476E-8],[1.9875103238449814E-8,2.2721600749996437E-8,2.3542360246680689E-8,2.436454687755183E-8,2.3542360246680689E-8,2.2721600749996437E-8,1.9875103238449814E-8],[2.1572719102527032E-8,2.4365085081655247E-8,2.436454687755183E-8,2.588451458190431E-8,2.436454687755183E-8,2.4365085081655247E-8,2.1572719102527032E-8],[1.9875103238449814E-8,2.2721600749996437E-8,2.3542360246680689E-8,2.436454687755183E-8,2.3542360246680689E-8,2.2721600749996437E-8,1.9875103238449814E-8],[2.0198426566980476E-8,2.2979983249977527E-8,2.2721600749996437E-8,2.4365085081655247E-8,2.2721600749996437E-8,2.2979983249977527E-8,2.0198426566980476E-8],[1.7364066295818207E-8,2.0198426566980476E-8,1.9875103238449814E-8,2.1572719102527032E-8,1.9875103238449814E-8,2.0198426566980476E-8,1.7364066295818207E-8]],[[1.9066457921788257E-8,2.1906551725940361E-8,2.1584036667200565E-8,2.3286491283574116E-8,2.1584036667200565E-8,2.1906551725940361E-8,1.9066457921788257E-8],[2.1906551725940361E-8,2.46919157657357E-8,2.4433956161243543E-8,2.6080040819359053E-8,2.4433956161243543E-8,2.46919157657357E-8,2.1906551725940361E-8],[2.1584036667200565E-8,2.4433956161243543E-8,2.5255822259087031E-8,2.6079116997390883E-8,2.5255822259087031E-8,2.4433956161243543E-8,2.1584036667200565E-8],[2.3286491283574116E-8,2.6080040819359053E-8,2.6079116997390883E-8,2.7600777089182006E-8,2.6079116997390883E-8,2.6080040819359053E-8,2.3286491283574116E-8],[2.1584036667200565E-8,2.4433956161243543E-8,2.5255822259087031E-8,2.6079116997390883E-8,2.5255822259087031E-8,2.4433956161243543E-8,2.1584036667200565E-8],[2.1906551725940361E-8,2.46919157657357E-8,2.4433956161243543E-8,2.6080040819359053E-8,2.4433956161243543E-8,2.46919157657357E-8,2.1906551725940361E-8],[1.9066457921788257E-8,2.1906551725940361E-8,2.1584036667200565E-8,2.3286491283574116E-8,2.1584036667200565E-8,2.1906551725940361E-8,1.9066457921788257E-8]],[[2.0772003120631497E-8,2.3616944772753932E-8,2.3294981640482132E-8,2.500122887337316E-8,2.3294981640482132E-8,2.3616944772753932E-8,2.0772003120631497E-8],[2.3616944772753932E-8,2.6405928549383398E-8,2.6148196800932408E-8,2.7796623691099088E-8,2.6148196800932408E-8,2.6405928549383398E-8,2.3616944772753932E-8],[2.3294981640482132E-8,2.6148196800932408E-8,2.6971105931177654E-8,2.7795445229811776E-8,2.6971105931177658E-8,2.6148196800932408E-8,2.3294981640482132E-8],[2.500122887337316E-8,2.7796623691099088E-8,2.7795445229811776E-8,2.9318801373481637E-8,2.7795445229811779E-8,2.7796623691099091E-8,2.500122887337316E-8],[2.3294981640482132E-8,2.6148196800932408E-8,2.6971105931177658E-8,2.7795445229811779E-8,2.6971105931177658E-8,2.6148196800932408E-8,2.3294981640482132E-8],[2.3616944772753932E-8,2.6405928549383398E-8,2.6148196800932408E-8,2.7796623691099091E-8,2.6148196800932408E-8,2.6405928549383398E-8,2.3616944772753932E-8],[2.0772003120631497E-8,2.3616944772753932E-8,2.3294981640482132E-8,2.500122887337316E-8,2.3294981640482132E-8,2.3616944772753932E-8,2.0772003120631497E-8]],[[2.2480276897406525E-8,2.5329507403053962E-8,2.5007880955379813E-8,2.6717253459427995E-8,2.5007880955379813E-8,2.5329507403053962E-8,2.2480276897406525E-8],[2.5329507403053962E-8,2.8121968326041148E-8,2.7864321561182529E-8,2.9514920191200119E-8,2.7864321561182529E-8,2.8121968326041148E-8,2.5329507403053962E-8],[2.5007880955379813E-8,2.7864321561182529E-8,2.8688231109023407E-8,2.9513572365136463E-8,2.8688231109023407E-8,2.7864321561182529E-8,2.5007880955379813E-8],[2.6717253459427995E-8,2.9514920191200119E-8,2.9513572365136463E-8,3.1038624670618533E-8,2.9513572365136463E-8,2.9514920191200119E-8,2.6717253459428E-8],[2.5007880955379813E-8,2.7864321561182529E-8,2.8688231109023407E-8,2.9513572365136463E-8,2.8688231109023407E-8,2.7864321561182529E-8,2.5007880955379813E-8],[2.5329507403053962E-8,2.8121968326041148E-8,2.7864321561182529E-8,2.9514920191200119E-8,2.7864321561182529E-8,2.8121968326041148E-8,2.5329507403053962E-8],[2.2480276897406525E-8,2.5329507403053962E-8,2.5007880955379813E-8,2.6717253459428E-8,2.5007880955379813E-8,2.5329507403053962E-8,2.2480276897406525E-8]],[[2.4191007651174032E-8,2.704416438201134E-8,2.6722702231240482E-8,2.8434771553895189E-8,2.6722702231240486E-8,2.704416438201134E-8,2.4191007651174032E-8],[2.704416438201134E-8,2.9839992648750646E-8,2.9582327282216262E-8,3.1234982872662327E-8,2.9582327282216262E-8,2.9839992648750646E-8,2.704416438201134E-8],[2.6722702231240482E-8,2.9582327282216262E-8,3.0407207694793259E-8,3.1233521360440077E-8,3.0407207694793259E-8,2.9582327282216262E-8,2.6722702231240482E-8],[2.8434771553895189E-8,3.1234982872662327E-8,3.1233521360440077E-8,3.2760266697703324E-8,3.1233521360440077E-8,3.1234982872662327E-8,2.8434771553895189E-8],[2.6722702231240486E-8,2.9582327282216262E-8,3.0407207694793259E-8,3.1233521360440077E-8,3.0407207694793259E-8,2.9582327282216262E-8,2.6722702231240486E-8],[2.704416438201134E-8,2.9839992648750646E-8,2.9582327282216262E-8,3.1234982872662327E-8,2.9582327282216262E-8,2.9839992648750646E-8,2.704416438201134E-8],[2.4191007651174032E-8,2.704416438201134E-8,2.6722702231240482E-8,2.8434771553895189E-8,2.6722702231240486E-8,2.704416438201134E-8,2.4191007651174032E-8]],[[2.5904016736055521E-8,2.8760857230844956E-8,2.8439425688920203E-8,3.0153914217212076E-8,2.8439425688920203E-8,2.8760857230844956E-8,2.5904016736055521E-8],[2.8760857230844956E-8,3.155996680662601E-8,3.1302208445262825E-8,3.2956841735977724E-8,3.1302208445262825E-8,3.155996680662601E-8,2.8760857230844956E-8],[2.8439425688920203E-8,3.1302208445262825E-8,3.2128038324786578E-8,3.2955303001920303E-8,3.2128038324786578E-8,3.1302208445262825E-8,2.8439425688920203E-8],[3.0153914217212076E-8,3.2956841735977724E-8,3.2955303001920303E-8,3.4483735535475493E-8,3.2955303001920303E-8,3.2956841735977724E-8,3.0153914217212076E-8],[2.8439425688920203E-8,3.1302208445262825E-8,3.2128038324786578E-8,3.2955303001920303E-8,3.2128038324786578E-8,3.1302208445262825E-8,2.8439425688920203E-8],[2.8760857230844956E-8,3.155996680662601E-8,3.1302208445262825E-8,3.2956841735977724E-8,3.1302208445262825E-8,3.155996680662601E-8,2.8760857230844956E-8],[2.5904016736055521E-8,2.8760857230844956E-8,2.8439425688920203E-8,3.0153914217212076E-8,2.8439425688920203E-8,2.8760857230844956E-8,2.5904016736055521E-8]],[[2.7619182873676123E-8,3.0479539571421947E-8,3.0158037410428676E-8,3.1874762895179593E-8,3.0158037410428676E-8,3.0479539571421947E-8,2.7619182873676123E-8],[3.0479539571421947E-8,3.3281861531199751E-8,3.302395725166333E-8,3.468051166291019E-8,3.302395725166333E-8,3.3281861531199751E-8,3.0479539571421947E-8],[3.0158037410428676E-8,3.302395725166333E-8,3.3850720286966451E-8,3.4678919660350664E-8,3.3850720286966451E-8,3.302395725166333E-8,3.0158037410428676E-8],[3.1874762895179593E-8,3.468051166291019E-8,3.4678919660350664E-8,3.6209031379221888E-8,3.4678919660350664E-8,3.468051166291019E-8,3.1874762895179593E-8],[3.0158037410428676E-8,3.302395725166333E-8,3.3850720286966451E-8,3.4678919660350664E-8,3.3850720286966451E-8,3.302395725166333E-8,3.0158037410428676E-8],[3.0479539571421947E-8,3.3281861531199751E-8,3.302395725166333E-8,3.468051166291019E-8,3.302395725166333E-8,3.3281861531199751E-8,3.0479539571421947E-8],[2.7619182873676123E-8,3.0479539571421947E-8,3.0158037410428676E-8,3.1874762895179593E-8,3.0158037410428676E-8,3.0479539571421947E-8,2.7619182873676123E-8]],[[2.9336420840099424E-8,3.2200173700737588E-8,3.1878525726965042E-8,3.3597366286156585E-8,3.1878525726965042E-8,3.2200173700737588E-8,2.9336420840099424E-8],[3.2200173700737588E-8,3.5005651343792549E-8,3.4747563886198689E-8,3.6405997332558553E-8,3.4747563886198689E-8,3.5005651343792549E-8,3.2200173700737588E-8],[3.1878525726965042E-8,3.4747563886198689E-8,3.5575246928931277E-8,3.6404367843341413E-8,3.5575246928931277E-8,3.4747563886198689E-8,3.1878525726965042E-8],[3.3597366286156585E-8,3.6405997332558553E-8,3.6404367843341413E-8,3.7936149020149618E-8,3.6404367843341413E-8,3.6405997332558553E-8,3.3597366286156585E-8],[3.1878525726965042E-8,3.4747563886198689E-8,3.5575246928931277E-8,3.6404367843341413E-8,3.5575246928931277E-8,3.4747563886198689E-8,3.1878525726965042E-8],[3.2200173700737588E-8,3.5005651343792549E-8,3.4747563886198689E-8,3.6405997332558553E-8,3.4747563886198689E-8,3.5005651343792549E-8,3.2200173700737588E-8],[2.9336420840099424E-8,3.2200173700737588E-8,3.1878525726965042E-8,3.3597366286156585E-8,3.1878525726965042E-8,3.2200173700737588E-8,2.9336420840099424E-8]],[[3.105566846238942E-8,3.3922728089121291E-8,3.3600879374465208E-8,3.5321751383825833E-8,3.3600879374465208E-8,3.3922728089121291E-8,3.105566846238942E-8],[3.3922728089121291E-8,3.6731313386163118E-8,3.6473016843848696E-8,3.8133296504719467E-8,3.6473016843848696E-8,3.6731313386163118E-8,3.3922728089121291E-8],[3.3600879374465208E-8,3.6473016843848696E-8,3.7301608702236291E-8,3.813163995696545E-8,3.7301608702236291E-8,3.6473016843848696E-8,3.3600879374465208E-8],[3.5321751383825833E-8,3.8133296504719467E-8,3.813163995696545E-8,3.9665079525618341E-8,3.813163995696545E-8,3.8133296504719467E-8,3.5321751383825833E-8],[3.3600879374465208E-8,3.6473016843848696E-8,3.7301608702236291E-8,3.813163995696545E-8,3.7301608702236291E-8,3.6473016843848696E-8,3.3600879374465208E-8],[3.3922728089121291E-8,3.6731313386163118E-8,3.6473016843848696E-8,3.8133296504719467E-8,3.6473016843848696E-8,3.6731313386163118E-8,3.3922728089121291E-8],[3.105566846238942E-8,3.3922728089121291E-8,3.3600879374465208E-8,3.5321751383825833E-8,3.3600879374465208E-8,3.3922728089121291E-8,3.105566846238942E-8]],[[3.2776878532464555E-8,3.5647175569899425E-8,3.5325086630035786E-8,3.7047930734926594E-8,3.5325086630035786E-8,3.5647175569899425E-8,3.2776878532464555E-8],[3.5647175569899425E-8,3.8458826603776332E-8,3.820030325499537E-8,3.9862402230306676E-8,3.820030325499537E-8,3.8458826603776332E-8,3.5647175569899425E-8],[3.5325086630035786E-8,3.820030325499537E-8,3.9029793939219172E-8,3.9860725534014579E-8,3.9029793939219172E-8,3.820030325499537E-8,3.5325086630035786E-8],[3.7047930734926594E-8,3.9862402230306676E-8,3.9860725534014579E-8,4.1395811393533762E-8,3.9860725534014579E-8,3.9862402230306676E-8,3.7047930734926594E-8],[3.5325086630035786E-8,3.820030325499537E-8,3.9029793939219172E-8,3.9860725534014579E-8,3.9029793939219172E-8,3.820030325499537E-8,3.5325086630035786E-8],[3.5647175569899425E-8,3.8458826603776332E-8,3.820030325499537E-8,3.9862402230306676E-8,3.820030325499537E-8,3.8458826603776332E-8,3.5647175569899425E-8],[3.2776878532464555E-8,3.5647175569899425E-8,3.5325086630035786E-8,3.7047930734926594E-8,3.5325086630035786E-8,3.5647175569899425E-8,3.2776878532464555E-8]],[[3.450001368553507E-8,3.7373492041892209E-8,3.7051134977466507E-8,3.8775907231076222E-8,3.7051134977466507E-8,3.7373492041892209E-8,3.450001368553507E-8],[3.7373492041892209E-8,4.0188171181414447E-8,3.9929409178433262E-8,4.159330434959809E-8,3.9929409178433262E-8,4.0188171181414447E-8,3.7373492041892209E-8],[3.7051134977466507E-8,3.9929409178433262E-8,4.0759789430776517E-8,4.1591612096399167E-8,4.0759789430776517E-8,3.9929409178433262E-8,3.7051134977466507E-8],[3.8775907231076222E-8,4.159330434959809E-8,4.1591612096399167E-8,4.3128331352813638E-8,4.1591612096399167E-8,4.159330434959809E-8,3.8775907231076222E-8],[3.7051134977466507E-8,3.9929409178433262E-8,4.0759789430776517E-8,4.1591612096399167E-8,4.0759789430776517E-8,3.9929409178433262E-8,3.7051134977466507E-8],[3.7373492041892209E-8,4.0188171181414447E-8,3.9929409178433262E-8,4.159330434959809E-8,3.9929409178433262E-8,4.0188171181414447E-8,3.7373492041892209E-8],[3.450001368553507E-8,3.7373492041892209E-8,3.7051134977466507E-8,3.8775907231076222E-8,3.7051134977466507E-8,3.7373492041892209E-8,3.450001368553507E-8]],[[3.6225043101649372E-8,3.9101655548179779E-8,3.8779011045283096E-8,4.0505677288288913E-8,3.8779011045283096E-8,3.9101655548179779E-8,3.6225043101649372E-8],[3.9101655548179779E-8,4.1919328157000162E-8,4.1660319851049567E-8,4.3325990513954556E-8,4.1660319851049567E-8,4.1919328157000162E-8,3.9101655548179779E-8],[3.8779011045283096E-8,4.1660319851049567E-8,4.2491580855608222E-8,4.3324285763851181E-8,4.2491580855608222E-8,4.1660319851049567E-8,3.8779011045283096E-8],[4.0505677288288913E-8,4.3325990513954556E-8,4.3324285763851181E-8,4.4862624921836149E-8,4.3324285763851181E-8,4.3325990513954556E-8,4.0505677288288913E-8],[3.8779011045283096E-8,4.1660319851049567E-8,4.2491580855608222E-8,4.3324285763851181E-8,4.2491580855608222E-8,4.1660319851049567E-8,3.8779011045283096E-8],[3.9101655548179779E-8,4.1919328157000162E-8,4.1660319851049567E-8,4.3325990513954556E-8,4.1660319851049567E-8,4.1919328157000162E-8,3.9101655548179779E-8],[3.6225043101649372E-8,3.9101655548179779E-8,3.8779011045283096E-8,4.0505677288288913E-8,3.8779011045283096E-8,3.9101655548179779E-8,3.6225043101649372E-8]],[[3.7951940350878953E-8,4.0831645628026471E-8,4.0508700674360873E-8,4.2237232967787477E-8,4.0508700674360873E-8,4.0831645628026471E-8,3.7951940350878953E-8],[4.0831645628026471E-8,4.3652279160025341E-8,4.3393019893321636E-8,4.50604468865153E-8,4.3393019893321636E-8,4.3652279160025341E-8,4.0831645628026471E-8],[4.0508700674360873E-8,4.3393019893321636E-8,4.4225153098752633E-8,4.5058731685416715E-8,4.4225153098752633E-8,4.3393019893321636E-8,4.0508700674360873E-8],[4.2237232967787477E-8,4.50604468865153E-8,4.5058731685416715E-8,4.6598676799750657E-8,4.5058731685416715E-8,4.50604468865153E-8,4.2237232967787477E-8],[4.0508700674360873E-8,4.3393019893321636E-8,4.4225153098752633E-8,4.5058731685416715E-8,4.4225153098752633E-8,4.3393019893321636E-8,4.0508700674360873E-8],[4.0831645628026471E-8,4.3652279160025341E-8,4.3393019893321636E-8,4.50604468865153E-8,4.3393019893321636E-8,4.3652279160025341E-8,4.0831645628026471E-8],[3.7951940350878953E-8,4.0831645628026471E-8,4.0508700674360873E-8,4.2237232967787477E-8,4.0508700674360873E-8,4.0831645628026471E-8,3.7951940350878953E-8]],[[3.968068196946492E-8,4.2563442865129929E-8,4.2240189037574623E-8,4.3970563398325138E-8,4.2240189037574623E-8,4.2563442865129929E-8,3.968068196946492E-8],[4.2563442865129929E-8,4.5387006236337634E-8,4.5127493474596358E-8,4.6796658625299159E-8,4.5127493474596358E-8,4.5387006236337634E-8,4.2563442865129929E-8],[4.2240189037574623E-8,4.5127493474596358E-8,4.5960490487765888E-8,4.67949343464768E-8,4.5960490487765888E-8,4.5127493474596358E-8,4.2240189037574623E-8],[4.3970563398325138E-8,4.6796658625299159E-8,4.67949343464768E-8,4.8336471141591276E-8,4.67949343464768E-8,4.6796658625299159E-8,4.3970563398325138E-8],[4.2240189037574623E-8,4.5127493474596358E-8,4.5960490487765888E-8,4.67949343464768E-8,4.5960490487765888E-8,4.5127493474596358E-8,4.2240189037574623E-8],[4.2563442865129929E-8,4.5387006236337634E-8,4.5127493474596358E-8,4.6796658625299159E-8,4.5127493474596358E-8,4.5387006236337634E-8,4.2563442865129929E-8],[3.968068196946492E-8,4.2563442865129929E-8,4.2240189037574623E-8,4.3970563398325138E-8,4.2240189037574623E-8,4.2563442865129929E-8,3.968068196946492E-8]],[[4.1411246511029196E-8,4.4297028575676108E-8,4.3973460771277233E-8,4.57056557353227E-8,4.3973460771277233E-8,4.4297028575676108E-8,4.1411246511029196E-8],[4.4297028575676108E-8,4.7123491732290243E-8,4.6863724443944069E-8,4.8534610217987812E-8,4.6863724443944069E-8,4.7123491732290243E-8,4.4297028575676108E-8],[4.3973460771277233E-8,4.6863724443944069E-8,4.7697576967780887E-8,4.8532877787967612E-8,4.7697576967780887E-8,4.6863724443944069E-8,4.3973460771277233E-8],[4.57056557353227E-8,4.8534610217987812E-8,4.8532877787967612E-8,5.0075991752240483E-8,4.8532877787967612E-8,4.8534610217987812E-8,4.57056557353227E-8],[4.3973460771277233E-8,4.6863724443944069E-8,4.7697576967780887E-8,4.8532877787967612E-8,4.7697576967780887E-8,4.6863724443944069E-8,4.3973460771277233E-8],[4.4297028575676108E-8,4.7123491732290243E-8,4.6863724443944069E-8,4.8534610217987812E-8,4.6863724443944069E-8,4.7123491732290243E-8,4.4297028575676108E-8],[4.1411246511029196E-8,4.4297028575676108E-8,4.3973460771277233E-8,4.57056557353227E-8,4.3973460771277233E-8,4.4297028575676108E-8,4.1411246511029196E-8]],[[4.3143613910893975E-8,4.6032384595057872E-8,4.5708500099221885E-8,4.74424958112648E-8,4.5708500099221885E-8,4.6032384595057872E-8,4.3143613910893975E-8],[4.6032384595057872E-8,4.8861718219328667E-8,4.8601696432602626E-8,5.0274285715059661E-8,4.8601696432602626E-8,4.8861718219328667E-8,4.6032384595057872E-8],[4.5708500099221885E-8,4.8601696432602626E-8,4.9436396231263249E-8,5.0272545763416065E-8,4.9436396231263249E-8,4.8601696432602626E-8,4.5708500099221885E-8],[4.74424958112648E-8,5.0274285715059661E-8,5.0272545763416065E-8,5.1817222223503849E-8,5.0272545763416065E-8,5.0274285715059661E-8,4.74424958112648E-8],[4.5708500099221885E-8,4.8601696432602626E-8,4.9436396231263249E-8,5.0272545763416065E-8,4.9436396231263249E-8,4.8601696432602626E-8,4.5708500099221885E-8],[4.6032384595057872E-8,4.8861718219328667E-8,4.8601696432602626E-8,5.0274285715059661E-8,4.8601696432602626E-8,4.8861718219328667E-8,4.6032384595057872E-8],[4.3143613910893975E-8,4.6032384595057872E-8,4.5708500099221885E-8,4.74424958112648E-8,4.5708500099221885E-8,4.6032384595057872E-8,4.3143613910893975E-8]],[[4.4877765059030548E-8,4.7769493133648476E-8,4.7445290940937752E-8,4.9181068579167503E-8,4.7445290940937752E-8,4.7769493133648476E-8,4.4877765059030548E-8],[4.7769493133648476E-8,5.0601668445880008E-8,5.0341392933559566E-8,5.201566889290548E-8,5.0341392933559566E-8,5.0601668445880008E-8,4.7769493133648476E-8],[4.7445290940937752E-8,5.0341392933559566E-8,5.1176931814240156E-8,5.201392185179131E-8,5.1176931814240156E-8,5.0341392933559566E-8,4.7445290940937752E-8],[4.9181068579167503E-8,5.201566889290548E-8,5.201392185179131E-8,5.356014603119603E-8,5.201392185179131E-8,5.201566889290548E-8,4.9181068579167503E-8],[4.7445290940937752E-8,5.0341392933559566E-8,5.1176931814240156E-8,5.201392185179131E-8,5.1176931814240156E-8,5.0341392933559566E-8,4.7445290940937752E-8],[4.7769493133648476E-8,5.0601668445880008E-8,5.0341392933559566E-8,5.201566889290548E-8,5.0341392933559566E-8,5.0601668445880008E-8,4.7769493133648476E-8],[4.4877765059030548E-8,4.7769493133648476E-8,4.7445290940937752E-8,4.9181068579167503E-8,4.7445290940937752E-8,4.7769493133648476E-8,4.4877765059030548E-8]],[[4.6613681513163308E-8,4.950833668047312E-8,4.9183817002456392E-8,5.0921358416613378E-8,4.9183817002456392E-8,4.950833668047312E-8,4.6613681513163308E-8],[4.950833668047312E-8,5.2343325307457927E-8,5.20827973630189E-8,5.3758743368464149E-8,5.20827973630189E-8,5.2343325307457927E-8,4.950833668047312E-8],[4.9183817002456392E-8,5.20827973630189E-8,5.2919167167712109E-8,5.3756989538843896E-8,5.2919167167712109E-8,5.20827973630189E-8,4.9183817002456392E-8],[5.0921358416613378E-8,5.3758743368464149E-8,5.3756989538843896E-8,5.5304746604031731E-8,5.3756989538843896E-8,5.3758743368464149E-8,5.0921358416613378E-8],[4.9183817002456392E-8,5.20827973630189E-8,5.2919167167712109E-8,5.3756989538843896E-8,5.2919167167712109E-8,5.20827973630189E-8,4.9183817002456392E-8],[4.950833668047312E-8,5.2343325307457927E-8,5.20827973630189E-8,5.3758743368464149E-8,5.20827973630189E-8,5.2343325307457927E-8,4.950833668047312E-8],[4.6613681513163308E-8,4.950833668047312E-8,4.9183817002456392E-8,5.0921358416613378E-8,4.9183817002456392E-8,4.950833668047312E-8,4.6613681513163308E-8]],[[4.835134530647871E-8,5.124889793981664E-8,5.0924061850185891E-8,5.2663349335308833E-8,5.0924061850185891E-8,5.124889793981664E-8,4.835134530647871E-8],[5.124889793981664E-8,5.4086671828769009E-8,5.3825893107684209E-8,5.5503492680128442E-8,5.3825893107684209E-8,5.4086671828769009E-8,5.124889793981664E-8],[5.0924061850185891E-8,5.3825893107684209E-8,5.4663085710697835E-8,5.550173227589889E-8,5.4663085710697835E-8,5.3825893107684209E-8,5.0924061850185891E-8],[5.2663349335308833E-8,5.5503492680128442E-8,5.550173227589889E-8,5.7051007372590932E-8,5.550173227589889E-8,5.5503492680128442E-8,5.2663349335308833E-8],[5.0924061850185891E-8,5.3825893107684209E-8,5.4663085710697835E-8,5.550173227589889E-8,5.4663085710697835E-8,5.3825893107684209E-8,5.0924061850185891E-8],[5.124889793981664E-8,5.4086671828769009E-8,5.3825893107684209E-8,5.5503492680128442E-8,5.3825893107684209E-8,5.4086671828769009E-8,5.124889793981664E-8],[4.835134530647871E-8,5.124889793981664E-8,5.0924061850185891E-8,5.2663349335308833E-8,5.0924061850185891E-8,5.124889793981664E-8,4.835134530647871E-8]],[[5.0090738819385148E-8,5.2991159790251169E-8,5.2666008969955857E-8,5.4407025126270381E-8,5.2666008969955857E-8,5.2991159790251169E-8,5.0090738819385148E-8],[5.2991159790251169E-8,5.5831691153590907E-8,5.5570663561022251E-8,5.7249900345067969E-8,5.5570663561022251E-8,5.5831691153590907E-8,5.2991159790251169E-8],[5.2666008969955857E-8,5.5570663561022251E-8,5.6408670869673383E-8,5.7248133522461367E-8,5.6408670869673383E-8,5.5570663561022251E-8,5.2666008969955857E-8],[5.4407025126270381E-8,5.7249900345067969E-8,5.7248133522461367E-8,5.8798911804163985E-8,5.724813352246136E-8,5.7249900345067969E-8,5.4407025126270381E-8],[5.2666008969955857E-8,5.5570663561022251E-8,5.6408670869673383E-8,5.724813352246136E-8,5.6408670869673383E-8,5.5570663561022251E-8,5.2666008969955857E-8],[5.2991159790251169E-8,5.5831691153590907E-8,5.5570663561022251E-8,5.7249900345067969E-8,5.5570663561022251E-8,5.5831691153590907E-8,5.2991159790251169E-8],[5.0090738819385148E-8,5.2991159790251169E-8,5.2666008969955857E-8,5.4407025126270381E-8,5.2666008969955857E-8,5.2991159790251169E-8,5.0090738819385148E-8]],[[5.1831844694613154E-8,5.4735105258760648E-8,5.4409641813575474E-8,5.6152369460915381E-8,5.4409641813575474E-8,5.4735105258760648E-8,5.1831844694613154E-8],[5.4735105258760648E-8,5.757836653956972E-8,5.7317092150999458E-8,5.899794989997838E-8,5.7317092150999458E-8,5.757836653956972E-8,5.4735105258760648E-8],[5.4409641813575474E-8,5.7317092150999458E-8,5.81559061079121E-8,5.899617677715225E-8,5.81559061079121E-8,5.7317092150999458E-8,5.4409641813575474E-8],[5.6152369460915381E-8,5.899794989997838E-8,5.899617677715225E-8,6.0548443427559944E-8,5.899617677715225E-8,5.899794989997838E-8,5.6152369460915381E-8],[5.4409641813575474E-8,5.7317092150999458E-8,5.81559061079121E-8,5.899617677715225E-8,5.81559061079121E-8,5.7317092150999458E-8,5.4409641813575474E-8],[5.4735105258760648E-8,5.757836653956972E-8,5.7317092150999458E-8,5.899794989997838E-8,5.7317092150999458E-8,5.757836653956972E-8,5.4735105258760648E-8],[5.1831844694613154E-8,5.4735105258760648E-8,5.4409641813575474E-8,5.6152369460915381E-8,5.4409641813575474E-8,5.4735105258760648E-8,5.1831844694613154E-8]],[[5.3574645781593522E-8,5.6480717504901279E-8,5.61549438352235E-8,5.7899365961772429E-8,5.61549438352235E-8,5.6480717504901279E-8,5.3574645781593522E-8],[5.6480717504901279E-8,5.9326681356047844E-8,5.9065162361263686E-8,6.0747624930138137E-8,5.9065162361263686E-8,5.9326681356047844E-8,5.6480717504901279E-8],[5.61549438352235E-8,5.9065162361263686E-8,5.9904774947331012E-8,6.0745845600214085E-8,5.9904774947331012E-8,5.9065162361263686E-8,5.61549438352235E-8],[5.7899365961772429E-8,6.0747624930138137E-8,6.0745845600214085E-8,6.22995858507721E-8,6.0745845600214085E-8,6.0747624930138137E-8,5.7899365961772429E-8],[5.61549438352235E-8,5.9065162361263686E-8,5.9904774947331012E-8,6.0745845600214085E-8,5.9904774947331012E-8,5.9065162361263686E-8,5.61549438352235E-8],[5.6480717504901279E-8,5.9326681356047844E-8,5.9065162361263686E-8,6.0747624930138137E-8,5.9065162361263686E-8,5.9326681356047838E-8,5.6480717504901279E-8],[5.3574645781593522E-8,5.6480717504901279E-8,5.61549438352235E-8,5.7899365961772429E-8,5.61549438352235E-8,5.6480717504901279E-8,5.3574645781593522E-8]],[[5.5319125100514585E-8,5.8227979811524373E-8,5.790189851966031E-8,5.9647998252155235E-8,5.7901898519660303E-8,5.822797981152436E-8,5.5319125100514585E-8],[5.8227979811524373E-8,6.1076619083662019E-8,6.08148577472698E-8,6.24989090901603E-8,6.08148577472698E-8,6.1076619083662E-8,5.822797981152436E-8],[5.790189851966031E-8,6.08148577472698E-8,6.1655260984742765E-8,6.2497123629885122E-8,6.1655260984742752E-8,6.081485774726978E-8,5.79018985196603E-8],[5.9647998252155235E-8,6.24989090901603E-8,6.2497123629885122E-8,6.4052322773528461E-8,6.2497123629885122E-8,6.2498909090160288E-8,5.9647998252155235E-8],[5.7901898519660303E-8,6.08148577472698E-8,6.1655260984742752E-8,6.2497123629885122E-8,6.1655260984742752E-8,6.081485774726978E-8,5.79018985196603E-8],[5.822797981152436E-8,6.1076619083662E-8,6.081485774726978E-8,6.2498909090160288E-8,6.081485774726978E-8,6.1076619083662E-8,5.822797981152436E-8],[5.5319125100514585E-8,5.822797981152436E-8,5.79018985196603E-8,5.9647998252155235E-8,5.79018985196603E-8,5.822797981152436E-8,5.5319125100514585E-8]],[[5.7065265819525615E-8,5.9976875579698184E-8,5.9650489403996542E-8,6.13982499911844E-8,5.9650489403996542E-8,5.997687557969817E-8,5.7065265819525609E-8],[5.9976875579698184E-8,6.2828163314906581E-8,6.2566161948531708E-8,6.4251786118831341E-8,6.2566161948531708E-8,6.2828163314906568E-8,5.997687557969817E-8],[5.9650489403996542E-8,6.2566161948531708E-8,6.34073479039393E-8,6.4249994594312039E-8,6.34073479039393E-8,6.2566161948531708E-8,5.9650489403996542E-8],[6.13982499911844E-8,6.4251786118831341E-8,6.4249994594312039E-8,6.5806637996182461E-8,6.4249994594312039E-8,6.4251786118831341E-8,6.13982499911844E-8],[5.9650489403996542E-8,6.2566161948531708E-8,6.34073479039393E-8,6.4249994594312039E-8,6.3407347903939289E-8,6.25661619485317E-8,5.9650489403996542E-8],[5.997687557969817E-8,6.2828163314906568E-8,6.2566161948531708E-8,6.4251786118831341E-8,6.25661619485317E-8,6.2828163314906555E-8,5.997687557969817E-8],[5.7065265819525609E-8,5.997687557969817E-8,5.9650489403996542E-8,6.13982499911844E-8,5.9650489403996542E-8,5.997687557969817E-8,5.7065265819525609E-8]],[[5.8813051240637188E-8,6.1727388326270565E-8,6.140070009439202E-8,6.3150104898545957E-8,6.140070009439202E-8,6.1727388326270565E-8,5.8813051240637182E-8],[6.1727388326270565E-8,6.4581297755160041E-8,6.4319058697893971E-8,6.6006239849707873E-8,6.4319058697893971E-8,6.4581297755160041E-8,6.1727388326270565E-8],[6.140070009439202E-8,6.4319058697893971E-8,6.5161019484650719E-8,6.6004442320193438E-8,6.5161019484650719E-8,6.4319058697893971E-8,6.140070009439202E-8],[6.3150104898545957E-8,6.6006239849707873E-8,6.6004442320193438E-8,6.75625154259667E-8,6.6004442320193438E-8,6.6006239849707873E-8,6.3150104898545957E-8],[6.140070009439202E-8,6.4319058697893971E-8,6.5161019484650719E-8,6.6004442320193438E-8,6.5161019484650719E-8,6.4319058697893971E-8,6.140070009439202E-8],[6.1727388326270565E-8,6.4581297755160041E-8,6.4319058