{"M_cells":[[[0,0,0,0,0,0],[0,0,0,0,0,0],[0,0,0,0,0,0],[0,0,0,0,0,0],[0,0,0,0,0,0],[0,0,0,0,0,0]],[[0.00021942240738841189,0.0005086556970919381,0.00020941021065647145,9.43640232654356E-5,4.3212075409713893E-5,1.6306265705822232E-5],[0.0005086556970919381,0.000819208282217695,0.00039945596731561054,0.00019077518739801883,9.3814958867249334E-5,4.3212075409713893E-5],[0.00020941021065647145,0.00039945596731561054,0.00028750342771222527,0.00017570586496553186,9.820806567213115E-5,4.5972952728690292E-5],[9.43640232654356E-5,0.00019077518739801883,0.00017570586496553186,0.00012655367575776488,7.7486344473017869E-5,3.5685204613022368E-5],[4.3212075409713893E-5,9.3814958867249334E-5,9.820806567213115E-5,7.7486344473017869E-5,4.9620982255371315E-5,2.1800160397128361E-5],[1.6306265705822232E-5,4.3212075409713893E-5,4.5972952728690292E-5,3.5685204613022368E-5,2.1800160397128361E-5,7.9429370030924235E-6]],[[0.00070593004978338619,0.0010307336292862841,0.00049272153293642839,0.00025694627585687725,0.0001414274074605328,8.2014926629202491E-5],[0.0010307336292862841,0.0012319201375742862,0.00067516579692407678,0.00037326945831493144,0.000219593736024304,0.0001414274074605328],[0.00049272153293642839,0.00067516579692407678,0.00050832111353603523,0.000341618122648496,0.00022243566369121903,0.00014488983338397396],[0.00025694627585687725,0.00037326945831493144,0.000341618122648496,0.00026267205039317036,0.00018382220928150295,0.00011771882796127415],[0.0001414274074605328,0.000219593736024304,0.00022243566369121903,0.00018382220928150295,0.00013262143727105932,8.1486012396478821E-5],[8.2014926629202491E-5,0.0001414274074605328,0.00014488983338397396,0.00011771882796127415,8.1486012396478821E-5,4.5304332256558189E-5]],[[0.0011507342287059039,0.0014163491687710754,0.00075251362710307336,0.00043655785584340088,0.00027243560149135235,0.00018976732993807168],[0.0014163491687710754,0.0015459963131822939,0.00091662483270633238,0.00055846027808059272,0.00036752918623506932,0.00027243560149135235],[0.00075251362710307336,0.00091662483270633238,0.00071493344409625744,0.00051337624939051959,0.00036699273805608561,0.00027384007741535193],[0.00043655785584340088,0.00055846027808059272,0.00051337624939051959,0.00041335006500703246,0.00031342797220236453,0.00023036336994886332],[0.00027243560149135235,0.00036752918623506932,0.00036699273805608561,0.00031342797220236453,0.00024319056274511229,0.00017303443854726371],[0.00018976732993807168,0.00027243560149135235,0.00027384007741535193,0.00023036336994886332,0.00017303443854726371,0.00011577566326986143]],[[0.0015068884898615648,0.0017191331641606721,0.00098683718003952339,0.00062038248900338861,0.00042328404077047495,0.00032578687702522659],[0.0017191331641606721,0.0018070627732681144,0.0011359133212668277,0.00074315840650258263,0.00052842565100267094,0.00042328404077047495],[0.00098683718003952339,0.0011359133212668277,0.00091197098336389607,0.00068815749037107394,0.00052419649010762386,0.000421390203248518],[0.00062038248900338861,0.00074315840650258263,0.00068815749037107394,0.00057353830040425893,0.00045902823306989232,0.00036427909735948231],[0.00042328404077047495,0.00052842565100267094,0.00052419649010762386,0.00045902823306989232,0.0003743013213794986,0.0002896672927002074],[0.00032578687702522659,0.00042328404077047495,0.000421390203248518,0.00036427909735948231,0.0002896672927002074,0.00021514012206961064]],[[0.0017965511637017951,0.0019732224627586649,0.0012019682151947876,0.00080417784499323434,0.000585753064360265,0.00047931990648564774],[0.0019732224627586649,0.0020363625293479447,0.0013404106746377244,0.00092635064460959112,0.00069669883146809125,0.000585753064360265],[0.0012019682151947876,0.0013404106746377244,0.0011023219512492032,0.00086435842819744253,0.00068916621024895622,0.00058041649101075088],[0.00080417784499323434,0.00092635064460959112,0.00086435842819744253,0.00073983040329281431,0.00061541474438960161,0.00051273773818156414],[0.000585753064360265,0.00069669883146809125,0.00068916621024895622,0.00061541474438960161,0.0005201385966836586,0.00042496352695799904],[0.00047931990648564774,0.000585753064360265,0.00058041649101075088,0.00051273773818156414,0.00042496352695799904,0.00033728449080415733]],[[0.0020435992187182363,0.0021981061663345043,0.0014039270603605936,0.00098676366979028951,0.00075487719547462882,0.00064323436872935978],[0.0021981061663345043,0.002246230729833717,0.0015352576428047813,0.0011080349990495821,0.00086911747914946466,0.00075487719547462882],[0.0014039270603605936,0.0015352576428047813,0.0012881887077519057,0.0010412425642994918,0.00085891225732868406,0.00074650485521686027],[0.00098676366979028951,0.0011080349990495821,0.0010412425642994918,0.000910070415304125,0.00077901273658105433,0.00067101254012184278],[0.00075487719547462882,0.00086911747914946466,0.00085891225732868406,0.00077901273658105433,0.00067627749466775975,0.00057364900571704508],[0.00064323436872935978,0.00075487719547462882,0.00074650485521686027,0.00067101254012184278,0.00057364900571704508,0.00047638809980120176]],[[0.0022643090186447576,0.0024051801644514367,0.0015971936574628593,0.0011680409979927346,0.00092775800974190389,0.00081314003394740712],[0.0024051801644514367,0.0024440836362880853,0.0017238870905500062,0.0012885002122839594,0.0010438472107008301,0.00092775800974190389],[0.0015971936574628593,0.0017238870905500062,0.0014711156842730595,0.0012184655021126166,0.001031606605092714,0.00091694315148198075],[0.0011680409979927346,0.0012885002122839594,0.0012184655021126166,0.001082875943998952,0.00094740222549346664,0.00083585430657109275],[0.00092775800974190389,0.0010438472107008301,0.001031606605092714,0.00094740222549346664,0.000839498969007832,0.00073170633845611637],[0.00081314003394740712,0.00092775800974190389,0.00091694315148198075,0.00083585430657109275,0.00073170633845611637,0.00062766616297169617]],[[0.0024688048394402029,0.0026012645760533346,0.0017848282188378318,0.0013482335234394854,0.0011027394589052148,0.00098644495190494783],[0.0026012645760533346,0.0026344495211127407,0.0019085339828520389,0.0014680619703077572,0.0012198585443682084,0.0011027394589052148],[0.0017848282188378318,0.0019085339828520389,0.0016521372696316732,0.0013958607682838524,0.0012061285357670448,0.0010900686465424286],[0.0013482335234394854,0.0014680619703077572,0.0013958607682838524,0.0012573518967235828,0.0011189597566915105,0.0010050607105273565],[0.0011027394589052148,0.0012198585443682084,0.0012061285357670448,0.0011189597566915105,0.0010075282115186539,0.00089620990673172337],[0.00098644495190494783,0.0011027394589052148,0.0010900686465424286,0.0010050607105273565,0.00089620990673172337,0.00078747042124087971]],[[0.0026632710274607204,0.0027905096948469318,0.0019688445035287226,0.0015276131059426151,0.0012788881519989058,0.0011616571991768044],[0.0027905096948469318,0.0028201226166903823,0.0020906356534372591,0.001646983486243936,0.0013965780121814948,0.0012788881519989058],[0.0019688445035287226,0.0020906356534372591,0.0018319307481962119,0.0015733454034969881,0.0013817881957998636,0.0012648604834197643],[0.0015276131059426151,0.001646983486243936,0.0015733454034969881,0.0014329158678140213,0.0012926036445140212,0.0011771533956424728],[0.0012788881519989058,0.0013965780121814948,0.0013817881957998636,0.0012926036445140212,0.001178789684885587,0.0010650907157902562],[0.0011616571991768044,0.0012788881519989058,0.0012648604834197643,0.0011771533956424728,0.0010650907157902562,0.000953141734907129]],[[0.0028514935225935996,0.0029754712490451577,0.0021505446980402149,0.0017064133307877268,0.0014556826581602243,0.0013379317473310429],[0.0029754712490451577,0.0030028406821720143,0.0022711113961348403,0.0018254629332279189,0.0015736877399330103,0.0014556826581602243],[0.0021505446980402149,0.0022711113961348403,0.0020109346332111227,0.0017508770123401322,0.0015581590278201652,0.0014406898173546525],[0.0017064133307877268,0.0018254629332279189,0.0017508770123401322,0.0016091881839567252,0.0014676170459581356,0.0013511470506480661],[0.0014556826581602243,0.0015736877399330103,0.0015581590278201652,0.0014676170459581356,0.0013522079544947753,0.0012369150174581722],[0.0013379317473310429,0.0014556826581602243,0.0014406898173546525,0.0013511470506480661,0.0012369150174581722,0.001122798277205324]],[[0.0030358065039558608,0.0031577367022900689,0.00233076407327112,0.0018848123114695631,0.0016328333925447695,0.0015147949666609907],[0.0031577367022900689,0.0031836909792244536,0.0024505479777568117,0.0020036421212457256,0.0017510121130920285,0.0016328333925447695],[0.00233076407327112,0.0024505479777568117,0.0021894313034977776,0.0019284335024933887,0.0017349760726412056,0.001617167682828601],[0.0018848123114695631,0.0020036421212457256,0.0019284335024933887,0.0017859212652170382,0.0016435269640764933,0.0015263885954124464],[0.0016328333925447695,0.0017510121130920285,0.0017349760726412056,0.0016435269640764933,0.0015270569152123783,0.0014107037907478341],[0.0015147949666609907,0.0016328333925447695,0.001617167682828601,0.0015263885954124464,0.0014107037907478341,0.0012951353392076975]],[[0.0032176595944203193,0.0033382985372711681,0.0025100365933822069,0.0020629382976539365,0.0018101801634303463,0.0016919832321668424],[0.0033382985372711681,0.0033633570437574195,0.0026293198174650347,0.0021816196102123027,0.0019284543309352085,0.0018101801634303463],[0.0025100365933822069,0.0026293198174650347,0.0023676021566175179,0.0021060031963263228,0.0019120740278899004,0.001794052440068782],[0.0020629382976539365,0.0021816196102123027,0.0021060031963263228,0.0019629537558100581,0.0018200224110276263,0.0017024470655301448],[0.0018101801634303463,0.0019284543309352085,0.0019120740278899004,0.0018200224110276263,0.0017028504127613369,0.0015857958461125562],[0.0016919832321668424,0.0018101801634303463,0.001794052440068782,0.0017024470655301448,0.0015857958461125562,0.0014692616812616208]],[[0.0033979587173086387,0.0035177804173877223,0.0026887032679106136,0.0022408807163676512,0.0019876345952010289,0.0018693504926245159],[0.0035177804173877223,0.003542270285539142,0.0028076659760353359,0.0023594626545722511,0.0021059611216385616,0.0019876345952010289],[0.0026887032679106136,0.0028076659760353359,0.0025455636236239036,0.0022835798607464346,0.002089349345525111,0.0019711933322402778],[0.0022408807163676512,0.0023594626545722511,0.0022835798607464346,0.0021401805910965413,0.0019968995207120194,0.0018790390915508959],[0.0019876345952010289,0.0021059611216385616,0.002089349345525111,0.0019968995207120194,0.0018792650800152171,0.0017617484039022288],[0.0018693504926245159,0.0019876345952010289,0.0019711933322402778,0.0018790390915508959,0.0017617484039022288,0.0016445752329296653]],[[0.0035772729285583997,0.0036965758497385752,0.0028669819230056912,0.0024187006998472116,0.0021651480247562682,0.0020468160917266652],[0.0036965758497385752,0.0037207038761229217,0.0029857392393948024,0.0025372165828429338,0.0022835032039577961,0.0021651480247562682],[0.0028669819230056912,0.0029857392393948024,0.0027233904350278575,0.0024611601487652002,0.002266736921638369,0.0021484959260829046],[0.0024187006998472116,0.0025372165828429338,0.0024611601487652002,0.0023175334307689857,0.0021740249791212516,0.0020559789041956107],[0.0021651480247562682,0.0022835032039577961,0.002266736921638369,0.0021740249791212516,0.0020560869501300241,0.0019382669036657431],[0.0020468160917266652,0.0021651480247562682,0.0021484959260829046,0.0020559789041956107,0.0019382669036657431,0.0018206727231823302]],[[0.003755961179764484,0.0038749339578669018,0.0030450118058060966,0.0025964394925363848,0.0023426936941053733,0.0022243355867988274],[0.0038749339578669018,0.0038988312660466385,0.0031636373623465659,0.0027149116787875713,0.0024610644995454387,0.0023426936941053733],[0.0030450118058060966,0.0031636373623465659,0.0029011305741751632,0.0026387422581072829,0.0024441956879193748,0.0023259008518983241],[0.0025964394925363848,0.0027149116787875713,0.0026387422581072829,0.0024949678684137626,0.0023513117884809719,0.002233145019310268],[0.0023426936941053733,0.0024610644995454387,0.0024441956879193748,0.0023513117884809719,0.0022331750405028333,0.0021151564173538481],[0.0022243355867988274,0.0023426936941053733,0.0023259008518983241,0.002233145019310268,0.0021151564173538481,0.0019972858340205841]],[[0.0039342506732764028,0.0040530129017038235,0.0032228820191915974,0.002774124666218924,0.00252025690698589,0.0024018845296002052],[0.0040530129017038235,0.0040767628452372685,0.0033414229584289375,0.0028925680438669325,0.0026386361883156358,0.00252025690698589],[0.0032228820191915974,0.0033414229584289375,0.0030788148671541376,0.0028163252183235712,0.0026216996621558808,0.0025033706610868164],[0.002774124666218924,0.0028925680438669325,0.0028163252183235712,0.0026724550776997592,0.0025287032748906131,0.0024104581568267893],[0.00252025690698589,0.0026386361883156358,0.0026216996621558808,0.0025287032748906131,0.0024104367765860734,0.002292288495823692],[0.0024018845296002052,0.00252025690698589,0.0025033706610868164,0.0024104581568267893,0.002292288495823692,0.002174236983101365]],[[0.0041122856320255355,0.0042309133293099632,0.0034006496379627069,0.0029517745288607749,0.0026978296003735726,0.0025794494886227865],[0.0042309133293099632,0.0042545690089486141,0.0035191361732842623,0.003070198954702996,0.002816213436923177,0.0026978296003735726],[0.0034006496379627069,0.0035191361732842623,0.0032564631291254588,0.0029939085082591375,0.0027992323642735107,0.0026808816630610761],[0.0029517745288607749,0.003070198954702996,0.0029939085082591375,0.0028499763627324805,0.0027061625731178741,0.0025878666693035504],[0.0026978296003735726,0.002816213436923177,0.0027992323642735107,0.0027061625731178741,0.0025878115420314746,0.0024695787887730148],[0.0025794494886227865,0.0026978296003735726,0.0026808816630610761,0.0025878666693035504,0.0024695787887730148,0.0023514091409957785]],[[0.0042901578255981569,0.0044086994178792653,0.0035783512570175028,0.0031294011751885815,0.0028754073554551804,0.0027570230934579705],[0.0044086994178792653,0.0044322947229609453,0.0036968027699035306,0.0032478131459833344,0.0029937935999842114,0.0028754073554551804],[0.0035783512570175028,0.0036968027699035306,0.0034340881042188424,0.0031714918494345455,0.0029767833178040645,0.0028584188322052328],[0.0031294011751885815,0.0032478131459833344,0.0031714918494345455,0.003027519607478935,0.0028836657330827968,0.0027653369604751375],[0.0028754073554551804,0.0029937935999842114,0.0029767833178040645,0.0028836657330827968,0.0027652597390762949,0.0026469720620237122],[0.0027570230934579705,0.0028754073554551804,0.0028584188322052328,0.0027653369604751375,0.0026469720620237122,0.0025287254512493694]],[[0.0044679257650989349,0.0045864121577386665,0.0037560103604143192,0.0033070125633424649,0.003052987753601466,0.0029346013044439351],[0.0045864121577386665,0.0046099687493873186,0.0038744392937067442,0.0034254163459883028,0.0031713752317045593,0.003052987753601466],[0.0037560103604143192,0.0038744392937067442,0.0036116979924102751,0.0033490750939722679,0.0031543458497150581,0.0030359726171317221],[0.0033070125633424649,0.0034254163459883028,0.0033490750939722679,0.0032050769653305172,0.0030611972117198273,0.0029428472036084172],[0.003052987753601466,0.0031713752317045593,0.0031543458497150581,0.0030611972117198273,0.0029427555508023768,0.0028244322321817621],[0.0029346013044439351,0.003052987753601466,0.0030359726171317221,0.0029428472036084172,0.0028244322321817621,0.0027061355840737288]],[[0.0046456268190928048,0.0047640777655259,0.0039336420294708756,0.0034846139126225792,0.0032305694728217605,0.0031121819102935514],[0.0047640777655259,0.0047876095059909939,0.0040520563764716439,0.0036030123012163557,0.0033489575430812077,0.0032305694728217605],[0.0039336420294708756,0.0040520563764716439,0.0037892980712595893,0.00352665816366403,0.0033319157021151325,0.0032135369342179265],[0.0034846139126225792,0.0036030123012163557,0.00352665816366403,0.0033826433573535689,0.0032387469308434252,0.0031203832333568543],[0.0032305694728217605,0.0033489575430812077,0.0033319157021151325,0.0032387469308434252,0.003120282172465912,0.0030019357727633427],[0.0031121819102935514,0.0032305694728217605,0.0032135369342179265,0.0031203832333568543,0.0030019357727633427,0.0028836066585695326]],[[0.0048232848859204669,0.004941713026903544,0.004111255954536177,0.0036622086365609161,0.003408151791479143,0.0032897637021757882],[0.004941713026903544,0.0049652287959894934,0.0042296608523232958,0.0037806034559653289,0.003526540103943277,0.003408151791479143],[0.004111255954536177,0.0042296608523232958,0.00396689173748305,0.0037042410168191993,0.0035094901536446665,0.0033911079016290613],[0.0036622086365609161,0.0037806034559653289,0.0037042410168191993,0.0035602154971653369,0.0034163083603326104,0.0032979358645882271],[0.003408151791479143,0.003526540103943277,0.0035094901536446665,0.0034163083603326104,0.0032978286802383332,0.0031794673693732209],[0.0032897637021757882,0.003408151791479143,0.0033911079016290613,0.0032979358645882271,0.0031794673693732209,0.0030611172354690669]],[[0.0050009152654448968,0.0051193286972742993,0.0042888583639095132,0.003839798961942374,0.0035857343158419734,0.0034673460199895921],[0.0051193286972742993,0.0051428341870066261,0.0044072571144053233,0.0039581914009433374,0.0037041226794736976,0.0035857343158419734],[0.0042888583639095132,0.0044072571144053233,0.0041444811763775473,0.003881823630244799,0.0036870674619794209,0.0035686830381736344],[0.003839798961942374,0.0039581914009433374,0.003881823630244799,0.0037377912583299823,0.0035938772711256338,0.0034754991455418624],[0.0035857343158419734,0.0037041226794736976,0.0036870674619794209,0.0035938772711256338,0.0034753879808440097,0.0033570170665659193],[0.0034673460199895921,0.0035857343158419734,0.0035686830381736344,0.0034754991455418624,0.0033570170665659193,0.0032386533585042807]],[[0.0051785277597596688,0.00529693167071,0.0044664532605757845,0.0040173863375100411,0.0037633168305975808,0.0036449285032538257],[0.00529693167071,0.0053204305310175868,0.0045848479855626926,0.0041357771683057784,0.0038817051405706494,0.0037633168305975808],[0.0044664532605757845,0.0045848479855626926,0.0043220677923417961,0.00405940598947852,0.0038646465092837742,0.003746260754992594],[0.0040173863375100411,0.0041357771683057784,0.00405940598947852,0.0039153692642871895,0.0037714509249627947,0.0036530692213771589],[0.0037633168305975808,0.0038817051405706494,0.0038646465092837742,0.0037714509249627947,0.0036529554720675156,0.0035345783994984968],[0.0036449285032538257,0.0037633168305975808,0.003746260754992594,0.0036530692213771589,0.0035345783994984968,0.0034162059546924222]],[[0.0053561286506654338,0.0054745263656444882,0.0046440432159120483,0.0041949717027907106,0.0039408992168865949,0.0038225109544200065],[0.0054745263656444882,0.0054980209368934571,0.0047624352776061245,0.0043133614251115891,0.0040592874147388422,0.0039408992168865949],[0.0046440432159120483,0.0047624352776061245,0.0044996524859165447,0.00423698808352336,0.0040422265762903786,0.0039238400323116079],[0.0041949717027907106,0.0043133614251115891,0.00423698808352336,0.0040929486227189631,0.0039490275484623449,0.0038306435957382247],[0.0039408992168865949,0.0040592874147388422,0.0040422265762903786,0.0039490275484623449,0.0038305281693495506,0.0037121471732960033],[0.0038225109544200065,0.0039408992168865949,0.0039238400323116079,0.0038306435957382247,0.0037121471732960033,0.0035937691318498797]],[[0.0055337219629892458,0.0056521156114773523,0.0048216298795037311,0.004372555664381262,0.0041184814074009812,0.0040000932639247212],[0.0056521156114773523,0.0056756073934740216,0.0049400201508110961,0.0044909445998668985,0.0042368694592193976,0.0041184814074009812],[0.0048216298795037311,0.0049400201508110961,0.0046772358321540133,0.0044145699020351628,0.00421980719810155,0.0041014202134769156],[0.004372555664381262,0.0044909445998668985,0.0044145699020351628,0.00427052875358769,0.0041266059920589595,0.0040082206514425621],[0.0041184814074009812,0.0042368694592193976,0.00421980719810155,0.0041266059920589595,0.00400810413720983,0.0038897206671217538],[0.0040000932639247212,0.0041184814074009812,0.0041014202134769156,0.0040082206514425621,0.0038897206671217538,0.0037713390662710376]],[[0.0057113102728598934,0.0058297012165652324,0.0049992143068540735,0.0045501386112688468,0.0042960633618175292,0.0041776753691347163],[0.0058297012165652324,0.0058531911691766482,0.0051176033451541068,0.0046685269651370129,0.0044144512463146759,0.0042960633618175292],[0.0049992143068540735,0.0051176033451541068,0.0048548181955126541,0.0045921514338422148,0.0043973880720215505,0.0042790008735009788],[0.0045501386112688468,0.0046685269651370129,0.0045921514338422148,0.0044481092778767732,0.0043041855089977219,0.0041857993396457321],[0.0042960633618175292,0.0044144512463146759,0.0043973880720215505,0.0043041855089977219,0.0041856821196133813,0.0040672971160222119],[0.0041776753691347163,0.0042960633618175292,0.0042790008735009788,0.0041857993396457321,0.0040672971160222119,0.0039489132774023087]],[[0.0058888952255006849,0.006007284332487108,0.0051767971701702324,0.0047277207901207574,0.0044736450533844332,0.00435525723188776],[0.006007284332487108,0.0060307730685169947,0.0052951853291288275,0.0048461086913926038,0.0045920327553967237,0.0044736450533844332],[0.0051767971701702324,0.0052951853291288275,0.0050323998038958361,0.0047697326661847676,0.0045749689985774425,0.0044565817350454917],[0.0047277207901207574,0.0048461086913926038,0.0047697326661847676,0.0046256899456436776,0.0044817656122216184,0.00436337897842134],[0.0044736450533844332,0.0045920327553967237,0.0045749689985774425,0.0044817656122216184,0.0043632612999496244,0.00424487537406683],[0.00435525723188776,0.0044736450533844332,0.0044565817350454917,0.00436337897842134,0.00424487537406683,0.0041264901556381664]],[[0.0060664778672903661,0.0061848656878658531,0.0053543788940161917,0.0049053023543599861,0.0046512264616175346,0.0045328388262317037],[0.0061848656878658531,0.0062083535968996311,0.0054727663955621017,0.0050236898820600088,0.00476961396857269,0.0046512264616175346],[0.0053543788940161917,0.0054727663955621017,0.0052099807963788877,0.00494731358433916,0.0047525498437415792,0.0046341626146607345],[0.0049053023543599861,0.0050236898820600088,0.00494731358433916,0.004803270589516977,0.0046593459817550415,0.0045409591223313436],[0.0046512264616175346,0.00476961396857269,0.0047525498437415792,0.0046593459817550415,0.0045408411453303063,0.0044224546956053773],[0.0045328388262317037,0.0046512264616175346,0.0046341626146607345,0.0045409591223313436,0.0044224546956053773,0.0043040686553292087]],[[0.0062440588589053742,0.0063624457385670526,0.005531959742651563,0.0050828833961113519,0.0048288075683409681,0.0047104201317502079],[0.0063624457385670526,0.0063859330665418153,0.005650346723326787,0.0052012705963117092,0.004947194868348383,0.0048288075683409681],[0.005531959742651563,0.005650346723326787,0.0053875612539831556,0.0051248941714441077,0.0049301305147159647,0.0048117433883521493],[0.0050828833961113519,0.0052012705963117092,0.0051248941714441077,0.004980851094652794,0.0048369264047991309,0.0047185394780179593],[0.0048288075683409681,0.004947194868348383,0.0049301305147159647,0.0048369264047991309,0.0047184213056730064,0.0046000345933688179],[0.0047104201317502079,0.0048288075683409681,0.0048117433883521493,0.0047185394780179593,0.0046000345933688179,0.0044816480954320117]],[[0.00642163861222849,0.0065400247642349984,0.0057095398762822104,0.0052604639669734171,0.005006388355552842,0.0048880011299453152],[0.0065400247642349984,0.0065635116645861927,0.005827926417097987,0.0053788508638702151,0.00512477543637869,0.005006388355552842],[0.0057095398762822104,0.005827926417097987,0.005565141219521258,0.0053024744084291539,0.0051077109443997586,0.0049893239695089917],[0.0052604639669734171,0.0053788508638702151,0.0053024744084291539,0.0051584313793320456,0.0050145067370034793,0.00489611984960782],[0.005006388355552842,0.00512477543637869,0.0051077109443997586,0.0050145067370034793,0.0048960015483415394,0.0047776147464973521],[0.0048880011299453152,0.005006388355552842,0.0049893239695089917,0.00489611984960782,0.0047776147464973521,0.0046592280301886906]],[[0.0065992173783387259,0.0067176029303618592,0.0058871193872958036,0.0054380440915109581,0.0051839688042846022,0.00506558180228841],[0.0067176029303618592,0.0067410894969086813,0.0060055055329661707,0.0055564306946149734,0.0053023556528067955,0.0051839688042846022],[0.0058871193872958036,0.0060055055329661707,0.0057427207103941469,0.0054800542739919435,0.0052852910814210558,0.0051669042947476681],[0.0054380440915109581,0.0055564306946149734,0.0054800542739919435,0.0053360113824338432,0.0051920868774393125,0.0050737001034164807],[0.0051839688042846022,0.0053023556528067955,0.0052852910814210558,0.0051920868774393125,0.0050735817158436142,0.0049551949409748271],[0.00506558180228841,0.0051839688042846022,0.0051669042947476681,0.0050737001034164807,0.0049551949409748271,0.0048368081653079572]],[[0.0067767953040807341,0.006895180328201249,0.006064698323604679,0.0056156237760098234,0.0053615488939971765,0.0052431621291781881],[0.006895180328201249,0.0069186666162920412,0.0061830840949353783,0.0057340100848093664,0.0054799354959185692,0.0053615488939971765],[0.006064698323604679,0.0061830840949353783,0.0059202997268398994,0.0056576337445951785,0.0054628708837354918,0.0053444843148263647],[0.0056156237760098234,0.0057340100848093664,0.0056576337445951785,0.0055135910553489008,0.0053696667524317015,0.00525128014513919],[0.0053615488939971765,0.0054799354959185692,0.0054628708837354918,0.0053696667524317015,0.0052511616984662769,0.0051327750310753706],[0.0052431621291781881,0.0053615488939971765,0.0053444843148263647,0.00525128014513919,0.0051327750310753706,0.0050143883036789186]],[[0.006954372468437121,0.00707275700043009,0.00624227670367851,0.0057932030141500494,0.0055391286022644015,0.0054207420893889061],[0.00707275700043009,0.0070962430405359725,0.0063606621055434772,0.0059115890211298852,0.0056575149419627411,0.0055391286022644015],[0.00624227670367851,0.0063606621055434772,0.00609787825724501,0.0058352127944673853,0.005640450314511011,0.0055220639888090787],[0.0057932030141500494,0.0059115890211298852,0.0058352127944673853,0.0056911703567574246,0.0055472463051161134,0.0054288599051147716],[0.0055391286022644015,0.0056575149419627411,0.005640450314511011,0.0055472463051161134,0.0054287414165816823,0.0053103549144235124],[0.0054207420893889061,0.0055391286022644015,0.0055220639888090787,0.0054288599051147716,0.0053103549144235124,0.0051919683102344275]],[[0.0071319489059100058,0.0072503329576380617,0.0064198545262193043,0.0059707817906752567,0.00571670790460674,0.0055983216597795009],[0.0072503329576380617,0.0072738187640867032,0.006538239552690831,0.006089167483266468,0.005835093965055411,0.00571670790460674],[0.0064198545262193043,0.006538239552690831,0.0062754562815578738,0.0060127913956001984,0.005818029339478269,0.0056996432803135206],[0.0059707817906752567,0.006089167483266468,0.0060127913956001984,0.0058687492492539824,0.0057248254886918138,0.005606439328806472],[0.00571670790460674,0.005835093965055411,0.005818029339478269,0.0057248254886918138,0.0056063208092085289,0.0054879345158669948],[0.0055983216597795009,0.00571670790460674,0.0056996432803135206,0.005606439328806472,0.0054879345158669948,0.0053695480892208582]],[[0.0073095246215397827,0.0074279081889093955,0.0065974317763789056,0.00614836008375872,0.0058942867744018589,0.0057759008151402639],[0.0074279081889093955,0.0074513937654901736,0.0067158164140207442,0.0062667454455930128,0.0060126725371251015,0.0058942867744018589],[0.0065974317763789056,0.0067158164140207442,0.0064530337734740682,0.0061903695177378346,0.0059956079252191808,0.0058772221550935887],[0.00614836008375872,0.0062667454455930128,0.0061903695177378346,0.0060463276971610387,0.0059024042620601314,0.0057840183706506934],[0.0058942867744018589,0.0060126725371251015,0.0059956079252191808,0.0059024042620601314,0.005783899826616778,0.0056655137770500923],[0.0057759008151402639,0.0058942867744018589,0.0058772221550935887,0.0057840183706506934,0.0056655137770500923,0.0055471275694989981]],[[0.0074870996005387989,0.0076054826685974649,0.0067750084297437934,0.006325937866520674,0.0060718651828303421,0.0059534795281076455],[0.0076054826685974649,0.0076289680121518723,0.0068933926597176572,0.0064443228782315081,0.0061902506278735912,0.0060718651828303421],[0.0067750084297437934,0.0068933926597176572,0.0066306107018254366,0.0063679471283566375,0.0061731860380547163,0.0060548005794755612],[0.006325937866520674,0.0064443228782315081,0.0063679471283566375,0.0062239056651061248,0.0060799825869996349,0.0059615969900788587],[0.0060718651828303421,0.0061902506278735912,0.0061731860380547163,0.0060799825869996349,0.0059614784255432344,0.0058430926496709718],[0.0059534795281076455,0.0060718651828303421,0.0060548005794755612,0.0059615969900788587,0.0058430926496709718,0.0057247066950390319]],[[0.0076646738144544209,0.00778305636064459,0.00695258445487792,0.0065035151079925087,0.0062494430988356362,0.0061310577691108233],[0.00778305636064459,0.00780654146335903,0.0070709682542822233,0.0066218997477203974,0.0063678282047404449,0.0062494430988356362],[0.00695258445487792,0.0070709682542822233,0.0068081870314523948,0.0065455241926343274,0.0063507636433147484,0.00623237851934021],[0.0065035151079925087,0.0066218997477203974,0.0065455241926343274,0.0064014831170883029,0.0062575604263300725,0.0061391751489382352],[0.0062494430988356362,0.0063678282047404449,0.0063507636433147484,0.0062575604263300725,0.0061390565660911639,0.0060206710911178919],[0.0061310577691108233,0.0062494430988356362,0.00623237851934021,0.0061391751489382352,0.0060206710911178919,0.00590228541877252]],[[0.0078422472250933,0.0079606292213178151,0.00713015981493115,0.0066810917737192442,0.0064270204890861746,0.0063086355063305165],[0.0079606292213178151,0.00798411407218014,0.0072485431576428871,0.0067994760174231346,0.0065454052328642043,0.0064270204890861746],[0.00713015981493115,0.0072485431576428871,0.0069857627237391263,0.00672310067340865,0.0065283407048500434,0.00640995593945198],[0.0066810917737192442,0.0067994760174231346,0.00672310067340865,0.0065790600158569922,0.0064351377427115507,0.0063167528098143641],[0.0064270204890861746,0.0065454052328642043,0.0065283407048500434,0.0064351377427115507,0.0063166342097144487,0.0061982490616389148],[0.0063086355063305165,0.0064270204890861746,0.00640995593945198,0.0063167528098143641,0.0061982490616389148,0.0060798636986115154]],[[0.0080198197870014146,0.0081382012009199728,0.0073077344686425291,0.0068586678261240569,0.0066045973179337187,0.0064862127056585471],[0.0081382012009199728,0.0081616857866374758,0.00742611732583624,0.0069770516477650054,0.0067229816750367889,0.0066045973179337187],[0.0073077344686425291,0.00742611732583624,0.007163337736927765,0.0069006765311252554,0.0067059171846962822,0.006587532803007788],[0.0068586678261240569,0.0069770516477650054,0.0069006765311252554,0.006756636322488462,0.006612714497849728,0.0064943299349303953],[0.0066045973179337187,0.0067229816750367889,0.0067059171846962822,0.006612714497849728,0.0064942113178989447,0.0063758265224997824],[0.0064862127056585471,0.0066045973179337187,0.006587532803007788,0.0064943299349303953,0.0063758265224997824,0.0062574414948645294]],[[0.0081973914490096732,0.00831577224483911,0.0074853083709500055,0.0070362432247159708,0.0067821735473644878,0.00666378933065324],[0.00831577224483911,0.0083392565504090826,0.0076036907114064517,0.0071546265963558569,0.0069005574916493981,0.0067821735473644878],[0.0074853083709500055,0.0076036907114064517,0.007340912026287014,0.00707825172377543,0.0068834930428327522,0.0067651090713240786],[0.0070362432247159708,0.0071546265963558569,0.00707825172377543,0.0069342119960867157,0.0067902906519599262,0.0066719064854162706],[0.0067821735473644878,0.0069005574916493981,0.0068834930428327522,0.0067902906519599262,0.0066717878512904481,0.0065534034347759862],[0.00666378933065324,0.0067821735473644878,0.0067651090713240786,0.0066719064854162706,0.0065534034347759862,0.0064350187685521471]],[[0.0083749621551750652,0.0084933422941671118,0.0076628814733428266,0.0072138179261922921,0.00695974913694208,0.0068413653424875195],[0.0084933422941671118,0.008516826303223566,0.0077812632636197893,0.0073322008180353605,0.0070781326406292241,0.00695974913694208],[0.0076628814733428266,0.0077812632636197893,0.0075184855441830815,0.0072558262068234,0.0070610682369980256,0.00694268470360835],[0.0072138179261922921,0.0073322008180353605,0.0072558262068234,0.00711178699356077,0.0069678661633944339,0.0068494824208125728],[0.00695974913694208,0.0070781326406292241,0.0070610682369980256,0.0069678661633944339,0.0068493637691072612,0.0067309797585507359],[0.0068413653424875195,0.00695974913694208,0.00694268470360835,0.0068494824208125728,0.0067309797585507359,0.0066125954802994562]],[[0.00855253184532903,0.0086709112860386545,0.0078404537240447589,0.0073913918844696978,0.0071373240437405446,0.007018940699888448],[0.0086709112860386545,0.0086943949810542962,0.0079588349285568752,0.00750977426486493,0.0072557070773663218,0.0071373240437405446],[0.0078404537240447589,0.0079588349285568752,0.0076960582400845473,0.007433399933123753,0.0072386427225393625,0.0071202596567828151],[0.0073913918844696978,0.00750977426486493,0.007433399933123753,0.00728936126944819,0.0071454409883721544,0.0070270576987227877],[0.0071373240437405446,0.0072557070773663218,0.0072386427225393625,0.0071454409883721544,0.0070269390287336815,0.0069085554523723976],[0.007018940699888448,0.0071373240437405446,0.0071202596567828151,0.0070270576987227877,0.0069085554523723976,0.0067901715895983495]],[[0.0087301004553699268,0.0088484791537861967,0.0080180250680851987,0.0075689650506659033,0.0073148982222681486,0.0071965153590670371],[0.0088484791537861967,0.0088719625161809059,0.0081364056491227583,0.0076873468860818583,0.0074332807546308548,0.0073148982222681486],[0.0080180250680851987,0.0081364056491227583,0.007873630060521131,0.0076109728528289027,0.0074162164522800439,0.0072978338853373305],[0.0075689650506659033,0.0076873468860818583,0.0076109728528289027,0.0074669347757646684,0.0073230150807703353,0.0072046322745574504],[0.0073148982222681486,0.0074332807546308548,0.0074162164522800439,0.0073230150807703353,0.0072045135854259682,0.00708613047287474],[0.0071965153590670371,0.0073148982222681486,0.0072978338853373305,0.0072046322745574504,0.00708613047287474,0.0069677470543045572]],[[0.0089076679173864109,0.009026045826972676,0.0081955954472942624,0.0077465373730461968,0.0074924716243813076,0.0073740892736386858],[0.009026045826972676,0.0090495288371614871,0.0083139753650004183,0.0078649186280255849,0.0076108536224805236,0.0074924716243813076],[0.0081955954472942624,0.0083139753650004183,0.0080512009490092771,0.0077885449132867254,0.0075937893763949171,0.0074754073411978606],[0.0077465373730461968,0.0078649186280255849,0.0077885449132867254,0.0076445074618671626,0.0075005883919531972,0.0073822061013342523],[0.0074924716243813076,0.0076108536224805236,0.0075937893763949171,0.0075005883919531972,0.0073820873920880251,0.0072637047744997206],[0.0073740892736386858,0.0074924716243813076,0.0074754073411978606,0.0073822061013342523,0.0072637047744997206,0.0071453218302827285]],[[0.0090852341596699363,0.0092036112313438577,0.0083731648002455909,0.00792410879694345,0.007670044199189016,0.0075516623945342263],[0.0092036112313438577,0.00922709386874486,0.0084915440125647463,0.0080424894340427044,0.0077884256281584522,0.007670044199189016],[0.0083731648002455909,0.0084915440125647463,0.0082287708459532118,0.0079661160589286576,0.0077713614422880717,0.00765297997360204],[0.00792410879694345,0.0080424894340427044,0.0079661160589286576,0.007822079274322543,0.0076781608706211393,0.0075597791295113773],[0.007670044199189016,0.0077884256281584522,0.0077713614422880717,0.0076781608706211393,0.0075596603990886815,0.0074412783092828449],[0.0075516623945342263,0.007670044199189016,0.00765297997360204,0.0075597791295113773,0.0074412783092828449,0.0073228958711440825]],[[0.0092627991066509176,0.0093811752887222148,0.0085507330621622229,0.0081016792646578222,0.0078476158929468541,0.0077292346699003988],[0.0093811752887222148,0.0094046575317387159,0.008669111524766843,0.0082200592443743125,0.0079659967159807325,0.0078476158929468541],[0.0085507330621622229,0.008669111524766843,0.0084063396885259763,0.0081436862311474942,0.0079489325944676389,0.0078305517289748],[0.0081016792646578222,0.0082200592443743125,0.0081436862311474942,0.0079996501567755809,0.0078557324626689212,0.0077373513068373463],[0.0078476158929468541,0.0079659967159807325,0.0079489325944676389,0.0078557324626689212,0.0077372325541017048,0.0076188510266750513],[0.0077292346699003988,0.0078476158929468541,0.0078305517289748,0.0077373513068373463,0.0076188510266750513,0.0075004691280401705]],[[0.0094403626787827443,0.0095587379168620909,0.0087283001647943375,0.00827924871533995,0.0080251866489418882,0.0079068060449912284],[0.0095587379168620909,0.0095822197428469761,0.0088466778309960331,0.0083976279960289776,0.0081435668272147269,0.0080251866489418882],[0.0087283001647943375,0.0088466778309960331,0.00858390741053466,0.0083212553681657943,0.0081265027744162055,0.0080081225508017249],[0.00827924871533995,0.0083976279960289776,0.0083212553681657943,0.00817722004981396,0.0080333031110472568,0.0079149225782100159],[0.0080251866489418882,0.0081435668272147269,0.0081265027744162055,0.0080333031110472568,0.0079148038019578159,0.0077964228733851193],[0.0079068060449912284,0.0080251866489418882,0.0080081225508017249,0.0079149225782100159,0.0077964228733851193,0.00767804154948876]],[[0.0096179247923878376,0.00973629902927415,0.0089058660362757534,0.0084568170848593714,0.0082027564073673623,0.0080843764620493561],[0.00973629902927415,0.009759780414482222,0.0090242428569233084,0.00857519562264225,0.008321135899947105,0.0082027564073673623],[0.0089058660362757534,0.0090242428569233084,0.0087614739422711627,0.00849882340489396,0.0083040719204540859,0.0081856923794966455],[0.0084568170848593714,0.00857519562264225,0.00849882340489396,0.008354788890826987,0.0082108727556221891,0.0080924928855363974],[0.0082027564073673623,0.008321135899947105,0.0083040719204540859,0.0082108727556221891,0.0080923740845003454,0.0079739937932316266],[0.0080843764620493561,0.0082027564073673623,0.0081856923794966455,0.0080924928855363974,0.0079739937932316266,0.0078556130812180453]],[[0.0097954853594758029,0.0099138585350265988,0.0090834306009626321,0.0086343843056603115,0.0083803251051873685,0.008261945860177233],[0.0099138585350265988,0.0099373394545581948,0.00920180652432908,0.00875276205432403,0.0084987038689418488,0.0083803251051873685],[0.0090834306009626321,0.00920180652432908,0.0089390392103500266,0.0086763902727781672,0.0084816399675945956,0.0083632611522621234],[0.0086343843056603115,0.00875276205432403,0.0086763902727781672,0.0085323566138569128,0.0083884413330297617,0.008270062167590091],[0.0083803251051873685,0.0084987038689418488,0.0084816399675945956,0.0083884413330297617,0.008269943340439876,0.0081515637269975634],[0.008261945860177233,0.0083803251051873685,0.0083632611522621234,0.008270062167590091,0.0081515637269975634,0.0080331836660183474]],[[0.0099730442875384483,0.010091416338526638,0.0092609937792568816,0.0088119503066056218,0.0085578926759913437,0.0084395141751987639],[0.010091416338526638,0.01011489676626473,0.00937936875091666,0.00893032721749427,0.0086762706654880065,0.0085578926759913437],[0.0092609937792568816,0.00937936875091666,0.0091166031375340024,0.0088539558996379737,0.00865920684739037,0.0085408288029414723],[0.0088119503066056218,0.00893032721749427,0.0088539558996379737,0.00870992314944166,0.0085660087765238539,0.00844763035986335],[0.0085578926759913437,0.0086762706654880065,0.00865920684739037,0.0085660087765238539,0.0084475115052045288,0.0083