{"M_cells":[[[0.0045,0.0045,0.0045,0.0045,0.0045,0.0045,0.0045],[0.0045,0.0045,0.0045,0.0045,0.0045,0.0045,0.0045],[0.0045,0.0045,0.0045,0.0045,0.0045,0.0045,0.0045],[0.0045,0.0045,0.0045,0.0045,0.0045,0.0045,0.0045],[0.0045,0.0045,0.0045,0.0045,0.0045,0.0045,0.0045],[0.0045,0.0045,0.0045,0.0045,0.0045,0.0045,0.0045],[0.0045,0.0045,0.0045,0.0045,0.0045,0.0045,0.0045]],[[0.00450000005682872,0.0045000003284172991,0.00450000029218688,0.0045000004274594512,0.00450000029218688,0.0045000003284172991,0.00450000005682872],[0.0045000003284172991,0.0045000013998242041,0.0045000012795439939,0.0045000018082533306,0.0045000012795439939,0.0045000013998242041,0.0045000003284172991],[0.00450000029218688,0.0045000012795439939,0.00450000157088382,0.0045000018638156952,0.00450000157088382,0.0045000012795439939,0.00450000029218688],[0.0045000004274594512,0.0045000018082533306,0.0045000018638156952,0.0045000024592112484,0.0045000018638156952,0.0045000018082533306,0.0045000004274594512],[0.00450000029218688,0.0045000012795439939,0.00450000157088382,0.0045000018638156952,0.00450000157088382,0.0045000012795439939,0.00450000029218688],[0.0045000003284172991,0.0045000013998242041,0.0045000012795439939,0.0045000018082533306,0.0045000012795439939,0.0045000013998242041,0.0045000003284172991],[0.00450000005682872,0.0045000003284172991,0.00450000029218688,0.0045000004274594512,0.00450000029218688,0.0045000003284172991,0.00450000005682872]],[[0.0045000003995301708,0.0045000013153091226,0.0045000011945659363,0.0045000016650076956,0.0045000011945659363,0.0045000013153091226,0.0045000003995301708],[0.0045000013153091226,0.0045000034590075627,0.0045000032213032941,0.0045000043204534773,0.0045000032213032941,0.0045000034590075627,0.0045000013153091226],[0.0045000011945659363,0.0045000032213032941,0.004500003815665266,0.0045000044121762351,0.004500003815665266,0.0045000032213032941,0.0045000011945659363],[0.0045000016650076956,0.0045000043204534773,0.0045000044121762351,0.0045000056024226982,0.0045000044121762351,0.0045000043204534773,0.0045000016650076956],[0.0045000011945659363,0.0045000032213032941,0.004500003815665266,0.0045000044121762351,0.004500003815665266,0.0045000032213032941,0.0045000011945659363],[0.0045000013153091226,0.0045000034590075627,0.0045000032213032941,0.0045000043204534773,0.0045000032213032941,0.0045000034590075627,0.0045000013153091226],[0.0045000003995301708,0.0045000013153091226,0.0045000011945659363,0.0045000016650076956,0.0045000011945659363,0.0045000013153091226,0.0045000003995301708]],[[0.0045000011961387589,0.0045000029604521444,0.0045000027298918834,0.0045000036596136422,0.0045000027298918834,0.0045000029604521444,0.0045000011961387589],[0.0045000029604521444,0.0045000061765857954,0.0045000058244294549,0.0045000075195330853,0.0045000058244294549,0.0045000061765857954,0.0045000029604521444],[0.0045000027298918834,0.0045000058244294549,0.0045000067278126313,0.0045000076339001254,0.0045000067278126313,0.0045000058244294549,0.0045000027298918834],[0.0045000036596136422,0.0045000075195330853,0.0045000076339001254,0.004500009417585684,0.0045000076339001254,0.0045000075195330853,0.0045000036596136422],[0.0045000027298918834,0.0045000058244294549,0.0045000067278126313,0.0045000076339001254,0.0045000067278126313,0.0045000058244294549,0.0045000027298918834],[0.0045000029604521444,0.0045000061765857954,0.0045000058244294549,0.0045000075195330853,0.0045000058244294549,0.0045000061765857954,0.0045000029604521444],[0.0045000011961387589,0.0045000029604521444,0.0045000027298918834,0.0045000036596136422,0.0045000027298918834,0.0045000029604521444,0.0045000011961387589]],[[0.0045000025388838624,0.0045000052639901332,0.0045000049111550812,0.0045000063771371114,0.0045000049111550812,0.0045000052639901332,0.0045000025388838624],[0.0045000052639901332,0.004500009552908228,0.0045000090894287,0.0045000113961287226,0.0045000090894287,0.004500009552908228,0.0045000052639901332],[0.0045000049111550812,0.0045000090894287,0.004500010305370645,0.0045000115245706135,0.004500010305370645,0.0045000090894287,0.0045000049111550812],[0.0045000063771371114,0.0045000113961287226,0.0045000115245706135,0.0045000139003070917,0.0045000115245706135,0.0045000113961287226,0.0045000063771371114],[0.0045000049111550812,0.0045000090894287,0.004500010305370645,0.0045000115245706135,0.004500010305370645,0.0045000090894287,0.0045000049111550812],[0.0045000052639901332,0.004500009552908228,0.0045000090894287,0.0045000113961287226,0.0045000090894287,0.004500009552908228,0.0045000052639901332],[0.0045000025388838624,0.0045000052639901332,0.0045000049111550812,0.0045000063771371114,0.0045000049111550812,0.0045000052639901332,0.0045000025388838624]],[[0.0045000044784509127,0.00450000822604664,0.00450000774548003,0.0045000097953548967,0.00450000774548003,0.00450000822604664,0.0045000044784509127],[0.00450000822604664,0.004500013587884562,0.00450001301594095,0.0045000159436684711,0.00450001301594095,0.004500013587884562,0.00450000822604664],[0.00450000774548003,0.00450001301594095,0.004500014546433337,0.0045000160807358979,0.004500014546433337,0.00450001301594095,0.00450000774548003],[0.0045000097953548967,0.0045000159436684711,0.0045000160807358979,0.0045000190471625907,0.0045000160807358979,0.0045000159436684711,0.0045000097953548967],[0.00450000774548003,0.00450001301594095,0.004500014546433337,0.0045000160807358979,0.004500014546433337,0.00450001301594095,0.00450000774548003],[0.00450000822604664,0.004500013587884562,0.00450001301594095,0.0045000159436684711,0.00450001301594095,0.004500013587884562,0.00450000822604664],[0.0045000044784509127,0.00450000822604664,0.00450000774548003,0.0045000097953548967,0.00450000774548003,0.00450000822604664,0.0045000044784509127]],[[0.0045000070426706026,0.0045000118465636256,0.0045000112364835566,0.0045000138995843573,0.0045000112364835566,0.0045000118465636256,0.0045000070426706026],[0.0045000118465636256,0.0045000182810941676,0.0045000176031224524,0.0045000211573928738,0.0045000176031224524,0.0045000182810941676,0.0045000118465636256],[0.0045000112364835566,0.0045000176031224524,0.0045000194491858483,0.0045000212996100962,0.0045000194491858483,0.0045000176031224524,0.0045000112364835566],[0.0045000138995843573,0.0045000211573928738,0.0045000212996100962,0.0045000248553962226,0.0045000212996100962,0.0045000211573928738,0.0045000138995843573],[0.0045000112364835566,0.0045000176031224524,0.0045000194491858483,0.0045000212996100962,0.0045000194491858483,0.0045000176031224524,0.0045000112364835566],[0.0045000118465636256,0.0045000182810941676,0.0045000176031224524,0.0045000211573928738,0.0045000176031224524,0.0045000182810941676,0.0045000118465636256],[0.0045000070426706026,0.0045000118465636256,0.0045000112364835566,0.0045000138995843573,0.0045000112364835566,0.0045000118465636256,0.0045000070426706026]],[[0.0045000102467347494,0.0045000161252573469,0.0045000153856994745,0.0045000186799332943,0.0045000153856994745,0.0045000161252573469,0.0045000102467347494],[0.0045000161252573469,0.0045000236318754917,0.004500022849870583,0.0045000270337283432,0.004500022849870583,0.0045000236318754917,0.0045000161252573469],[0.0045000153856994745,0.004500022849870583,0.004500025011916084,0.0045000271788717345,0.004500025011916084,0.004500022849870583,0.0045000153856994745],[0.0045000186799332943,0.0045000270337283432,0.0045000271788717345,0.0045000313227178922,0.0045000271788717345,0.0045000270337283432,0.0045000186799332943],[0.0045000153856994745,0.004500022849870583,0.004500025011916084,0.0045000271788717345,0.004500025011916084,0.004500022849870583,0.0045000153856994745],[0.0045000161252573469,0.0045000236318754917,0.004500022849870583,0.0045000270337283432,0.004500022849870583,0.0045000236318754917,0.0045000161252573469],[0.0045000102467347494,0.0045000161252573469,0.0045000153856994745,0.0045000186799332943,0.0045000153856994745,0.0045000161252573469,0.0045000102467347494]],[[0.0045000140987985606,0.0045000210616294514,0.0045000201934365771,0.0045000241295670741,0.0045000201934365771,0.0045000210616294514,0.0045000140987985606],[0.0045000210616294514,0.0045000296393962252,0.0045000287549544875,0.0045000335698843806,0.0045000287549544875,0.0045000296393962252,0.0045000210616294514],[0.0045000201934365771,0.0045000287549544875,0.00450003123301181,0.0045000337165272738,0.00450003123301181,0.0045000287549544875,0.0045000201934365771],[0.0045000241295670741,0.0045000335698843806,0.0045000337165272738,0.00450003844716618,0.0045000337165272738,0.0045000335698843806,0.0045000241295670741],[0.0045000201934365771,0.0045000287549544875,0.00450003123301181,0.0045000337165272738,0.00450003123301181,0.0045000287549544875,0.0045000201934365771],[0.0045000210616294514,0.0045000296393962252,0.0045000287549544875,0.0045000335698843806,0.0045000287549544875,0.0045000296393962252,0.0045000210616294514],[0.0045000140987985606,0.0045000210616294514,0.0045000201934365771,0.0045000241295670741,0.0045000201934365771,0.0045000210616294514,0.0045000140987985606]],[[0.00450001860306661,0.0045000266550011148,0.0045000256592938725,0.0045000302436139037,0.0045000256592938725,0.0045000266550011148,0.00450001860306661],[0.0045000266550011148,0.0045000363027075749,0.0045000353170904011,0.0045000407635939219,0.0045000353170904011,0.0045000363027075749,0.0045000266550011148],[0.0045000256592938725,0.0045000353170904011,0.00450003811095207,0.0045000409108186387,0.00450003811095207,0.0045000353170904011,0.0045000256592938725],[0.0045000302436139037,0.0045000407635939219,0.0045000409108186387,0.0045000462270153932,0.0045000409108186387,0.0045000407635939219,0.0045000302436139037],[0.0045000256592938725,0.0045000353170904011,0.00450003811095207,0.0045000409108186387,0.00450003811095207,0.0045000353170904011,0.0045000256592938725],[0.0045000266550011148,0.0045000363027075749,0.0045000353170904011,0.0045000407635939219,0.0045000353170904011,0.0045000363027075749,0.0045000266550011148],[0.00450001860306661,0.0045000266550011148,0.0045000256592938725,0.0045000302436139037,0.0045000256592938725,0.0045000266550011148,0.00450001860306661]],[[0.0045000237615035448,0.0045000329045518555,0.0045000317824680806,0.0045000370184707554,0.0045000317824680806,0.0045000329045518555,0.0045000237615035448],[0.0045000329045518555,0.0045000436207843211,0.00450004253498364,0.0045000486129445263,0.00450004253498364,0.0045000436207843211,0.0045000329045518555],[0.0045000317824680806,0.00450004253498364,0.0045000456442963735,0.004500048760159598,0.0045000456442963735,0.00450004253498364,0.0045000317824680806],[0.0045000370184707554,0.0045000486129445263,0.004500048760159598,0.0045000546607115747,0.004500048760159598,0.0045000486129445263,0.0045000370184707554],[0.0045000317824680806,0.00450004253498364,0.0045000456442963735,0.004500048760159598,0.0045000456442963735,0.00450004253498364,0.0045000317824680806],[0.0045000329045518555,0.0045000436207843211,0.00450004253498364,0.0045000486129445263,0.00450004253498364,0.0045000436207843211,0.0045000329045518555],[0.0045000237615035448,0.0045000329045518555,0.0045000317824680806,0.0045000370184707554,0.0045000317824680806,0.0045000329045518555,0.0045000237615035448]],[[0.0045000295747902935,0.0045000398093570908,0.004500038561936856,0.0045000444513620475,0.004500038561936856,0.0045000398093570908,0.0045000295747902935],[0.0045000398093570908,0.00450005159255514,0.0045000504073521271,0.0045000571162687741,0.0045000504073521271,0.00450005159255514,0.0045000398093570908],[0.004500038561936856,0.0045000504073521271,0.0045000538316748752,0.0045000572630925885,0.0045000538316748752,0.0045000504073521271,0.004500038561936856],[0.0045000444513620475,0.0045000571162687741,0.0045000572630925885,0.0045000637468291084,0.0045000572630925885,0.0045000571162687741,0.0045000444513620475],[0.004500038561936856,0.0045000504073521271,0.0045000538316748752,0.0045000572630925885,0.0045000538316748752,0.0045000504073521271,0.004500038561936856],[0.0045000398093570908,0.00450005159255514,0.0045000504073521271,0.0045000571162687741,0.0045000504073521271,0.00450005159255514,0.0045000398093570908],[0.0045000295747902935,0.0045000398093570908,0.004500038561936856,0.0045000444513620475,0.004500038561936856,0.0045000398093570908,0.0045000295747902935]],[[0.0045000360428643638,0.0045000473684199309,0.0045000459965663956,0.0045000525400577919,0.0045000459965663956,0.0045000473684199309,0.0045000360428643638],[0.0045000473684199309,0.0045000602169243736,0.0045000589329384456,0.0045000662720721318,0.0045000589329384456,0.0045000602169243736,0.0045000473684199309],[0.0045000459965663956,0.0045000589329384456,0.0045000626717793231,0.0045000664182585758,0.0045000626717793231,0.0045000589329384456,0.0045000459965663956],[0.0045000525400577919,0.0045000662720721318,0.0045000664182585758,0.00450007348404041,0.0045000664182585758,0.0045000662720721318,0.0045000525400577919],[0.0045000459965663956,0.0045000589329384456,0.0045000626717793231,0.0045000664182585758,0.0045000626717793231,0.0045000589329384456,0.0045000459965663956],[0.0045000473684199309,0.0045000602169243736,0.0045000589329384456,0.0045000662720721318,0.0045000589329384456,0.0045000602169243736,0.0045000473684199309],[0.0045000360428643638,0.0045000473684199309,0.0045000459965663956,0.0045000525400577919,0.0045000459965663956,0.0045000473684199309,0.0045000360428643638]],[[0.0045000431652292543,0.0045000555806968589,0.0045000540851746155,0.0045000612826929668,0.0045000540851746155,0.0045000555806968589,0.0045000431652292543],[0.0045000555806968589,0.0045000694927877956,0.0045000681105158754,0.0045000760789855173,0.0045000681105158754,0.0045000694927877956,0.0045000555806968589],[0.0045000540851746155,0.0045000681105158754,0.0045000721633557082,0.0045000762243763018,0.0045000721633557082,0.0045000681105158754,0.0045000540851746155],[0.0045000612826929668,0.0045000760789855173,0.0045000762243763018,0.0045000838710950886,0.0045000762243763018,0.0045000760789855173,0.0045000612826929668],[0.0045000540851746155,0.0045000681105158754,0.0045000721633557082,0.0045000762243763018,0.0045000721633557082,0.0045000681105158754,0.0045000540851746155],[0.0045000555806968589,0.0045000694927877956,0.0045000681105158754,0.0045000760789855173,0.0045000681105158754,0.0045000694927877956,0.0045000555806968589],[0.0045000431652292543,0.0045000555806968589,0.0045000540851746155,0.0045000612826929668,0.0045000540851746155,0.0045000555806968589,0.0045000431652292543]],[[0.00450005094113447,0.0045000644451178668,0.0045000628265674577,0.00450007067765111,0.0045000628265674577,0.0045000644451178668,0.00450005094113447],[0.0045000644451178668,0.0045000794190438644,0.0045000779388908747,0.0045000865357337251,0.0045000779388908747,0.0045000794190438644,0.0045000644451178668],[0.0045000628265674577,0.0045000779388908747,0.0045000823051982025,0.0045000866802276888,0.0045000823051982025,0.0045000779388908747,0.0045000628265674577],[0.00450007067765111,0.0045000865357337251,0.0045000866802276888,0.0045000949068052781,0.0045000866802276888,0.0045000865357337251,0.00450007067765111],[0.0045000628265674577,0.0045000779388908747,0.0045000823051982025,0.0045000866802276888,0.0045000823051982025,0.0045000779388908747,0.0045000628265674577],[0.0045000644451178668,0.0045000794190438644,0.0045000779388908747,0.0045000865357337251,0.0045000779388908747,0.0045000794190438644,0.0045000644451178668],[0.00450005094113447,0.0045000644451178668,0.0045000628265674577,0.00450007067765111,0.0045000628265674577,0.0045000644451178668,0.00450005094113447]],[[0.0045000593696820227,0.0045000739606016783,0.004500072219559512,0.0045000807234889658,0.004500072219559512,0.0045000739606016783,0.0045000593696820227],[0.0045000739606016783,0.00450008999460163,0.00450008841690374,0.0045000976411143255,0.00450008841690374,0.00450008999460163,0.0045000739606016783],[0.004500072219559512,0.00450008841690374,0.0045000930961443721,0.0045000977846476088,0.0045000930961443721,0.00450008841690374,0.004500072219559512],[0.0045000807234889658,0.0045000976411143255,0.0045000977846476088,0.0045001065900353732,0.0045000977846476088,0.0045000976411143255,0.0045000807234889658],[0.004500072219559512,0.00450008841690374,0.0045000930961443721,0.0045000977846476088,0.0045000930961443721,0.00450008841690374,0.004500072219559512],[0.0045000739606016783,0.00450008999460163,0.00450008841690374,0.0045000976411143255,0.00450008841690374,0.00450008999460163,0.0045000739606016783],[0.0045000593696820227,0.0045000739606016783,0.004500072219559512,0.0045000807234889658,0.004500072219559512,0.0045000739606016783,0.0045000593696820227]],[[0.0045000684498909043,0.0045000841260669985,0.0045000822629852619,0.0045000914188875404,0.0045000822629852619,0.0045000841260669985,0.0045000684498909043],[0.0045000841260669985,0.00450010121838621,0.0045000995434282785,0.0045001093939834565,0.0045000995434282785,0.00450010121838621,0.0045000841260669985],[0.0045000822629852619,0.0045000995434282785,0.0045001045350713774,0.0045001095365166076,0.0045001045350713774,0.0045000995434282785,0.0045000822629852619],[0.0045000914188875404,0.0045001093939834565,0.0045001095365166076,0.0045001189196947709,0.0045001095365166076,0.0045001093939834565,0.0045000914188875404],[0.0045000822629852619,0.0045000995434282785,0.0045001045350713774,0.0045001095365166076,0.0045001045350713774,0.0045000995434282785,0.0045000822629852619],[0.0045000841260669985,0.00450010121838621,0.0045000995434282785,0.0045001093939834565,0.0045000995434282785,0.00450010121838621,0.0045000841260669985],[0.0045000684498909043,0.0045000841260669985,0.0045000822629852619,0.0045000914188875404,0.0045000822629852619,0.0045000841260669985,0.0045000684498909043]],[[0.00450007818073662,0.004500094940440744,0.0045000929557050947,0.0045001027626196313,0.0045000929557050947,0.004500094940440744,0.00450007818073662],[0.004500094940440744,0.0045001130893424311,0.0045001113173709691,0.0045001217932458771,0.0045001113173709691,0.0045001130893424311,0.004500094940440744],[0.0045000929557050947,0.0045001113173709691,0.0045001166208928469,0.004500121934755491,0.0045001166208928469,0.0045001113173709691,0.0045000929557050947],[0.0045001027626196313,0.0045001217932458771,0.004500121934755491,0.0045001318947324011,0.004500121934755491,0.0045001217932458771,0.0045001027626196313],[0.0045000929557050947,0.0045001113173709691,0.0045001166208928469,0.004500121934755491,0.0045001166208928469,0.0045001113173709691,0.0045000929557050947],[0.004500094940440744,0.0045001130893424311,0.0045001113173709691,0.0045001217932458771,0.0045001113173709691,0.0045001130893424311,0.004500094940440744],[0.00450007818073662,0.004500094940440744,0.0045000929557050947,0.0045001027626196313,0.0045000929557050947,0.004500094940440744,0.00450007818073662]],[[0.004500088561176039,0.00450010640266389,0.0045001042966081343,0.0045001147535288031,0.0045001042966081343,0.00450010640266389,0.004500088561176039],[0.00450010640266389,0.0045001256064373715,0.0045001237376700743,0.004500134837848409,0.0045001237376700743,0.0045001256064373715,0.00450010640266389],[0.0045001042966081343,0.0045001237376700743,0.004500129352556584,0.0045001349783216332,0.004500129352556584,0.0045001237376700743,0.0045001042966081343],[0.0045001147535288031,0.004500134837848409,0.0045001349783216332,0.0045001455141330908,0.0045001349783216332,0.004500134837848409,0.0045001147535288031],[0.0045001042966081343,0.0045001237376700743,0.004500129352556584,0.0045001349783216332,0.004500129352556584,0.0045001237376700743,0.0045001042966081343],[0.00450010640266389,0.0045001256064373715,0.0045001237376700743,0.004500134837848409,0.0045001237376700743,0.0045001256064373715,0.00450010640266389],[0.004500088561176039,0.00450010640266389,0.0045001042966081343,0.0045001147535288031,0.0045001042966081343,0.00450010640266389,0.004500088561176039]],[[0.0045000995901632668,0.0045001185116955323,0.0045001162846132862,0.0045001273905150938,0.0045001162846132862,0.0045001185116955323,0.0045000995901632668],[0.0045001185116955323,0.0045001387686618415,0.0045001368032945577,0.0045001485267750514,0.0045001368032945577,0.0045001387686618415,0.0045001185116955323],[0.0045001162846132862,0.0045001368032945577,0.0045001427290425333,0.0045001486662059834,0.0045001427290425333,0.0045001368032945577,0.0045001162846132862],[0.0045001273905150938,0.0045001485267750514,0.0045001486662059834,0.004500159776914571,0.0045001486662059834,0.0045001485267750514,0.0045001273905150938],[0.0045001162846132862,0.0045001368032945577,0.0045001427290425333,0.0045001486662059834,0.0045001427290425333,0.0045001368032945577,0.0045001162846132862],[0.0045001185116955323,0.0045001387686618415,0.0045001368032945577,0.0045001485267750514,0.0045001368032945577,0.0045001387686618415,0.0045001185116955323],[0.0045000995901632668,0.0045001185116955323,0.0045001162846132862,0.0045001273905150938,0.0045001162846132862,0.0045001185116955323,0.0045000995901632668]],[[0.0045001112666597466,0.0045001312665156577,0.0045001289186694668,0.0045001406725253485,0.0045001289186694668,0.0045001312665156577,0.0045001112666597466],[0.0045001312665156577,0.0045001525750312981,0.0045001505132431056,0.0045001628590435631,0.0045001505132431056,0.0045001525750312981,0.0045001312665156577],[0.0045001289186694668,0.0045001505132431056,0.0045001567493611885,0.0045001629974308691,0.0045001567493611885,0.0045001505132431056,0.0045001289186694668],[0.0045001406725253485,0.0045001628590435631,0.0045001629974308691,0.0045001746821252834,0.0045001629974308691,0.0045001628590435631,0.0045001406725253485],[0.0045001289186694668,0.0045001505132431056,0.0045001567493611885,0.0045001629974308691,0.0045001567493611885,0.0045001505132431056,0.0045001289186694668],[0.0045001312665156577,0.0045001525750312981,0.0045001505132431056,0.0045001628590435631,0.0045001505132431056,0.0045001525750312981,0.0045001312665156577],[0.0045001112666597466,0.0045001312665156577,0.0045001289186694668,0.0045001406725253485,0.0045001289186694668,0.0045001312665156577,0.0045001112666597466]],[[0.004500123589640876,0.0045001446661269776,0.0045001421977552735,0.0045001545985467774,0.0045001421977552735,0.0045001446661269776,0.004500123589640876],[0.0045001446661269776,0.0045001670245863531,0.0045001648665432591,0.0045001778337030209,0.0045001648665432591,0.0045001670245863531,0.0045001446661269776],[0.0045001421977552735,0.0045001648665432591,0.0045001714125523463,0.004500177971048366,0.0045001714125523463,0.0045001648665432591,0.0045001421977552735],[0.0045001545985467774,0.0045001778337030209,0.004500177971048366,0.0045001902288427922,0.004500177971048366,0.0045001778337030209,0.0045001545985467774],[0.0045001421977552735,0.0045001648665432591,0.0045001714125523463,0.004500177971048366,0.0045001714125523463,0.0045001648665432591,0.0045001421977552735],[0.0045001446661269776,0.0045001670245863531,0.0045001648665432591,0.0045001778337030209,0.0045001648665432591,0.0045001670245863531,0.0045001446661269776],[0.004500123589640876,0.0045001446661269776,0.0045001421977552735,0.0045001545985467774,0.0045001421977552735,0.0045001446661269776,0.004500123589640876]],[[0.00450013655810021,0.00450015870955604,0.0045001561208782926,0.0045001691676023236,0.0045001561208782926,0.00450015870955604,0.00450013655810021],[0.00450015870955604,0.0045001821163928694,0.00450017986225046,0.0045001934498318311,0.00450017986225046,0.0045001821163928694,0.00450015870955604],[0.0045001561208782926,0.00450017986225046,0.0045001867176839008,0.0045001935861388419,0.0045001867176839008,0.00450017986225046,0.0045001561208782926],[0.0045001691676023236,0.0045001934498318311,0.0045001935861388419,0.0045002064161723219,0.0045001935861388419,0.0045001934498318311,0.0045001691676023236],[0.0045001561208782926,0.00450017986225046,0.0045001867176839008,0.0045001935861388419,0.0045001867176839008,0.00450017986225046,0.0045001561208782926],[0.00450015870955604,0.0045001821163928694,0.00450017986225046,0.0045001934498318311,0.00450017986225046,0.0045001821163928694,0.00450015870955604],[0.00450013655810021,0.00450015870955604,0.0045001561208782926,0.0045001691676023236,0.0045001561208782926,0.00450015870955604,0.00450013655810021]],[[0.0045001501710522909,0.0045001733958538277,0.0045001706870744767,0.004500184378747359,0.0045001706870744767,0.0045001733958538277,0.0045001501710522909],[0.0045001733958538277,0.0045001978495418779,0.004500195499447278,0.0045002097065362625,0.004500195499447278,0.0045001978495418779,0.0045001733958538277],[0.0045001706870744767,0.004500195499447278,0.0045002026638508805,0.0045002098418098109,0.0045002026638508805,0.004500195499447278,0.0045001706870744767],[0.004500184378747359,0.0045002097065362625,0.0045002098418098109,0.0045002232432456565,0.0045002098418098109,0.0045002097065362625,0.004500184378747359],[0.0045001706870744767,0.004500195499447278,0.0045002026638508805,0.0045002098418098109,0.0045002026638508805,0.004500195499447278,0.0045001706870744767],[0.0045001733958538277,0.0045001978495418779,0.004500195499447278,0.0045002097065362625,0.004500195499447278,0.0045001978495418779,0.0045001733958538277],[0.0045001501710522909,0.0045001733958538277,0.0045001706870744767,0.004500184378747359,0.0045001706870744767,0.0045001733958538277,0.0045001501710522909]],[[0.0045001644275342416,0.0045001887240960535,0.0045001858954073484,0.0045002002310673079,0.0045001858954073484,0.0045001887240960535,0.0045001644275342416],[0.0045001887240960535,0.0045002142231493807,0.0045002117772426345,0.0045002266029492474,0.0045002117772426345,0.0045002142231493807,0.0045001887240960535],[0.0045001858954073484,0.0045002117772426345,0.0045002192501746039,0.0045002267371950051,0.0045002192501746039,0.0045002117772426345,0.0045001858954073484],[0.0045002002310673079,0.0045002266029492474,0.0045002267371950051,0.0045002407092202008,0.0045002267371950051,0.0045002266029492474,0.0045002002310673079],[0.0045001858954073484,0.0045002117772426345,0.0045002192501746039,0.0045002267371950051,0.0045002192501746039,0.0045002117772426345,0.0045001858954073484],[0.0045001887240960535,0.0045002142231493807,0.0045002117772426345,0.0045002266029492474,0.0045002117772426345,0.0045002142231493807,0.0045001887240960535],[0.0045001644275342416,0.0045001887240960535,0.0045001858954073484,0.0045002002310673079,0.0045001858954073484,0.0045001887240960535,0.0045001644275342416]],[[0.00450017932660667,0.004500204693383184,0.00450020174496736,0.0045002167236759269,0.00450020174496736,0.004500204693383184,0.00450017932660667],[0.004500204693383184,0.0045002312363560384,0.00450022869477116,0.0045002441382294318,0.00450022869477116,0.0045002312363560384,0.004500204693383184],[0.00450020174496736,0.00450022869477116,0.0045002364758019347,0.0045002442714535485,0.0045002364758019347,0.00450022869477116,0.00450020174496736],[0.0045002167236759269,0.0045002441382294318,0.0045002442714535485,0.0045002588132781966,0.0045002442714535485,0.0045002441382294318,0.0045002167236759269],[0.00450020174496736,0.00450022869477116,0.0045002364758019347,0.0045002442714535485,0.0045002364758019347,0.00450022869477116,0.00450020174496736],[0.004500204693383184,0.0045002312363560384,0.00450022869477116,0.0045002441382294318,0.00450022869477116,0.0045002312363560384,0.004500204693383184],[0.00450017932660667,0.004500204693383184,0.00450020174496736,0.0045002167236759269,0.00450020174496736,0.004500204693383184,0.00450017932660667]],[[0.0045001948673543245,0.0045002213028402776,0.00450021823487107,0.0045002338557137813,0.00450021823487107,0.0045002213028402776,0.0045001948673543245],[0.0045002213028402776,0.0045002488883267413,0.0045002462511924421,0.004500262311560246,0.0045002462511924421,0.0045002488883267413,0.0045002213028402776],[0.00450021823487107,0.0045002462511924421,0.0045002543399045112,0.0045002624437691426,0.0045002543399045112,0.0045002462511924421,0.00450021823487107],[0.0045002338557137813,0.004500262311560246,0.0045002624437691426,0.0045002775546259081,0.0045002624437691426,0.004500262311560246,0.0045002338557137813],[0.00450021823487107,0.0045002462511924421,0.0045002543399045112,0.0045002624437691426,0.0045002543399045112,0.0045002462511924421,0.00450021823487107],[0.0045002213028402776,0.0045002488883267413,0.0045002462511924421,0.004500262311560246,0.0045002462511924421,0.0045002488883267413,0.0045002213028402776],[0.0045001948673543245,0.0045002213028402776,0.00450021823487107,0.0045002338557137813,0.00450021823487107,0.0045002213028402776,0.0045001948673543245]],[[0.0045002110488861664,0.0045002385516166917,0.0045002353642605514,0.0045002516263472469,0.0045002353642605514,0.0045002385516166917,0.0045002110488861664],[0.0045002385516166917,0.0045002671782501955,0.0045002644456904562,0.0045002811221492144,0.0045002644456904562,0.0045002671782501955,0.0045002385516166917],[0.0045002353642605514,0.0045002644456904562,0.0045002728416781382,0.0045002812533494457,0.0045002728416781382,0.0045002644456904562,0.0045002353642605514],[0.0045002516263472469,0.0045002811221492144,0.0045002812533494457,0.00450029693249304,0.0045002812533494457,0.0045002811221492144,0.0045002516263472469],[0.0045002353642605514,0.0045002644456904562,0.0045002728416781382,0.0045002812533494457,0.0045002728416781382,0.0045002644456904562,0.0045002353642605514],[0.0045002385516166917,0.0045002671782501955,0.0045002644456904562,0.0045002811221492144,0.0045002644456904562,0.0045002671782501955,0.0045002385516166917],[0.0045002110488861664,0.0045002385516166917,0.0045002353642605514,0.0045002516263472469,0.0045002353642605514,0.0045002385516166917,0.0045002110488861664]],[[0.0045002278703353523,0.0045002564388857578,0.00450025313230269,0.0045002700347674422,0.00450025313230269,0.0045002564388857578,0.0045002278703353523],[0.0045002564388857578,0.0045002861053384394,0.0045002832774729334,0.0045003005692272422,0.0045002832774729334,0.0045002861053384394,0.0045002564388857578],[0.00450025313230269,0.0045002832774729334,0.0045002919803421434,0.0045003006994254035,0.0045002919803421434,0.0045002832774729334,0.00450025313230269],[0.0045002700347674422,0.0045003005692272422,0.0045003006994254035,0.0045003169461320424,0.0045003006994254035,0.0045003005692272422,0.0045002700347674422],[0.00450025313230269,0.0045002832774729334,0.0045002919803421434,0.0045003006994254035,0.0045002919803421434,0.0045002832774729334,0.00450025313230269],[0.0045002564388857578,0.0045002861053384394,0.0045002832774729334,0.0045003005692272422,0.0045002832774729334,0.0045002861053384394,0.0045002564388857578],[0.0045002278703353523,0.0045002564388857578,0.00450025313230269,0.0045002700347674422,0.00450025313230269,0.0045002564388857578,0.0045002278703353523]],[[0.0045002453308590172,0.0045002749638443579,0.0045002715381885616,0.0045002890801895713,0.0045002715381885616,0.0045002749638443579,0.0045002453308590172],[0.0045002749638443579,0.0045003056688263871,0.0045003027457707831,0.0045003206520480054,0.0045003027457707831,0.0045003056688263871,0.0045002749638443579],[0.0045002715381885616,0.0045003027457707831,0.0045003117551387951,0.0045003207812506583,0.0045003117551387951,0.0045003027457707831,0.0045002715381885616],[0.0045002890801895713,0.0045003206520480054,0.0045003207812506583,0.0045003375948175746,0.0045003207812506583,0.0045003206520480054,0.0045002890801895713],[0.0045002715381885616,0.0045003027457707831,0.0045003117551387951,0.0045003207812506583,0.0045003117551387951,0.0045003027457707831,0.0045002715381885616],[0.0045002749638443579,0.0045003056688263871,0.0045003027457707831,0.0045003206520480054,0.0045003027457707831,0.0045003056688263871,0.0045002749638443579],[0.0045002453308590172,0.0045002749638443579,0.0045002715381885616,0.0045002890801895713,0.0045002715381885616,0.0045002749638443579,0.0045002453308590172]],[[0.00450026342963798,0.0045002941257125222,0.0045002905811328533,0.0045003087618520465,0.0045002905811328533,0.0045002941257125222,0.00450026342963798],[0.0045002941257125222,0.004500325867971341,0.0045003228498375408,0.004500341369887341,0.0045003228498375408,0.004500325867971341,0.0045002941257125222],[0.0045002905811328533,0.0045003228498375408,0.00450033216533274,0.0045003414981009864,0.00450033216533274,0.0045003228498375408,0.0045002905811328533],[0.0045003087618520465,0.004500341369887341,0.0045003414981009864,0.0045003588778459334,0.0045003414981009864,0.004500341369887341,0.0045003087618520465],[0.0045002905811328533,0.0045003228498375408,0.00450033216533274,0.0045003414981009864,0.00450033216533274,0.0045003228498375408,0.0045002905811328533],[0.0045002941257125222,0.004500325867971341,0.0045003228498375408,0.004500341369887341,0.0045003228498375408,0.004500325867971341,0.0045002941257125222],[0.00450026342963798,0.0045002941257125222,0.0045002905811328533,0.0045003087618520465,0.0045002905811328533,0.0045002941257125222,0.00450026342963798]],[[0.0045002821658764033,0.0045003139237328781,0.004500310260373285,0.0045003290790159777,0.004500310260373285,0.0045003139237328781,0.0045002821658764033],[0.0045003139237328781,0.004500346702052474,0.004500343588948838,0.00450036272204273,0.004500343588948838,0.004500346702052474,0.0045003139237328781],[0.004500310260373285,0.004500343588948838,0.0045003532102104787,0.0045003628492737788,0.0045003532102104787,0.004500343588948838,0.004500310260373285],[0.0045003290790159777,0.00450036272204273,0.0045003628492737788,0.0045003807945345571,0.0045003628492737788,0.00450036272204273,0.0045003290790159777],[0.004500310260373285,0.004500343588948838,0.0045003532102104787,0.0045003628492737788,0.0045003532102104787,0.004500343588948838,0.004500310260373285],[0.0045003139237328781,0.004500346702052474,0.004500343588948838,0.00450036272204273,0.004500343588948838,0.004500346702052474,0.0045003139237328781],[0.0045002821658764033,0.0045003139237328781,0.004500310260373285,0.0045003290790159777,0.004500310260373285,0.0045003139237328781,0.0045002821658764033]],[[0.0045003015388012718,0.0045003343571702811,0.00450033057517003,0.0045003500309644647,0.00450033057517003,0.0045003343571702811,0.0045003015388012718],[0.0045003343571702811,0.0045003681703703691,0.0045003649624018455,0.0045003847078327148,0.0045003649624018455,0.0045003681703703691,0.0045003343571702811],[0.00450033057517003,0.0045003649624018455,0.0045003748890798051,0.0045003848340874654,0.0045003748890798051,0.0045003649624018455,0.00450033057517003],[0.0045003500309644647,0.0045003847078327148,0.0045003848340874654,0.0045004033442214413,0.0045003848340874654,0.0045003847078327148,0.0045003500309644647],[0.00450033057517003,0.0045003649624018455,0.0045003748890798051,0.0045003848340874654,0.0045003748890798051,0.0045003649624018455,0.00450033057517003],[0.0045003343571702811,0.0045003681703703691,0.0045003649624018455,0.0045003847078327148,0.0045003649624018455,0.0045003681703703691,0.0045003343571702811],[0.0045003015388012718,0.0045003343571702811,0.00450033057517003,0.0045003500309644647,0.00450033057517003,0.0045003343571702811,0.0045003015388012718]],[[0.004500321547662123,0.0045003554253112525,0.00450035152480519,0.0045003716170021035,0.00450035152480519,0.0045003554253112525,0.004500321547662123],[0.0045003554253112525,0.0045003902722465412,0.0045003869695147986,0.0045004073265964518,0.0045003869695147986,0.0045003902722465412,0.0045003554253112525],[0.00450035152480519,0.0045003869695147986,0.00450039720126934,0.0045004074518810774,0.00450039720126934,0.0045003869695147986,0.00450035152480519],[0.0045003716170021035,0.0045004073265964518,0.0045004074518810774,0.0045004265262647541,0.0045004074518810774,0.0045004073265964518,0.0045003716170021035],[0.00450035152480519,0.0045003869695147986,0.00450039720126934,0.0045004074518810774,0.00450039720126934,0.0045003869695147986,0.00450035152480519],[0.0045003554253112525,0.0045003902722465412,0.0045003869695147986,0.0045004073265964518,0.0045003869695147986,0.0045003902722465412,0.0045003554253112525],[0.004500321547662123,0.0045003554253112525,0.00450035152480519,0.0045003716170021035,0.00450035152480519,0.0045003554253112525,0.004500321547662123]],[[0.0045003421917304259,0.0045003771274635422,0.0045003731085823352,0.0045003938364544553,0.0045003731085823352,0.0045003771274635422,0.0045003421917304259],[0.0045003771274635422,0.0045004130070229187,0.0045004096096264946,0.00450043057769316,0.0045004096096264946,0.0045004130070229187,0.0045003771274635422],[0.0045003731085823352,0.0045004096096264946,0.0045004201461280261,0.004500430702013709,0.0045004201461280261,0.0045004096096264946,0.0045003731085823352],[0.0045003938364544553,0.00450043057769316,0.004500430702013709,0.0045004503400422466,0.004500430702013709,0.00450043057769316,0.0045003938364544553],[0.0045003731085823352,0.0045004096096264946,0.0045004201461280261,0.004500430702013709,0.0045004201461280261,0.0045004096096264946,0.0045003731085823352],[0.0045003771274635422,0.0045004130070229187,0.0045004096096264946,0.00450043057769316,0.0045004096096264946,0.0045004130070229187,0.0045003771274635422],[0.0045003421917304259,0.0045003771274635422,0.0045003731085823352,0.0045003938364544553,0.0045003731085823352,0.0045003771274635422,0.0045003421917304259]],[[0.0045003634702991827,0.0045003994629556551,0.0045003953258258714,0.0045004166886674669,0.0045003953258258714,0.0045003994629556551,0.0045003634702991827],[0.0045003994629556551,0.0045004363740614251,0.0045004328820957926,0.0045004544605016794,0.0045004328820957926,0.0045004363740614251,0.0045003994629556551],[0.0045003953258258714,0.0045004328820957926,0.0045004437230246296,0.0045004545838640622,0.0045004437230246296,0.0045004328820957926,0.0045003953258258714],[0.0045004166886674669,0.0045004544605016794,0.0045004545838640622,0.0045004747849508647,0.0045004545838640622,0.0045004544605016794,0.0045004166886674669],[0.0045003953258258714,0.0045004328820957926,0.0045004437230246296,0.0045004545838640622,0.0045004437230246296,0.0045004328820957926,0.0045003953258258714],[0.0045003994629556551,0.0045004363740614251,0.0045004328820957926,0.0045004544605016794,0.0045004328820957926,0.0045004363740614251,0.0045003994629556551],[0.0045003634702991827,0.0045003994629556551,0.0045003953258258714,0.0045004166886674669,0.0045003953258258714,0.0045003994629556551,0.0045003634702991827]],[[0.0045003853826824638,0.0045004224311363649,0.0045004181758806537,0.004500440173007045,0.0045004181758806537,0.0045004224311363649,0.0045003853826824638],[0.0045004224311363649,0.0045004603727434814,0.0045004567863011439,0.0045004789744199705,0.0045004567863011439,0.0045004603727434814,0.0045004224311363649],[0.0045004181758806537,0.0045004567863011439,0.0045004679313472911,0.0045004790968299711,0.0045004679313472911,0.0045004567863011439,0.0045004181758806537],[0.004500440173007045,0.0045004789744199705,0.0045004790968299711,0.0045004998604062452,0.0045004790968299711,0.0045004789744199705,0.004500440173007045],[0.0045004181758806537,0.0045004567863011439,0.0045004679313472911,0.0045004790968299711,0.0045004679313472911,0.0045004567863011439,0.0045004181758806537],[0.0045004224311363649,0.0045004603727434814,0.0045004567863011439,0.0045004789744199705,0.0045004567863011439,0.0045004603727434814,0.0045004224311363649],[0.0045003853826824638,0.0045004224311363649,0.0045004181758806537,0.004500440173007045,0.0045004181758806537,0.0045004224311363649,0.0045003853826824638]],[[0.0045004079282149135,0.0045004460313742348,0.0045004416581114464,0.0045004642888585474,0.0045004416581114464,0.0045004460313742348,0.0045004079282149135],[0.0045004460313742348,0.0045004850024695535,0.0045004813216401431,0.0045005041188646931,0.0045004813216401431,0.0045004850024695535,0.0045004460313742348],[0.0045004416581114464,0.0045004813216401431,0.0045004927705030555,0.0045005042403279561,0.0045004927705030555,0.0045004813216401431,0.0045004416581114464],[0.0045004642888585474,0.0045005041188646931,0.0045005042403279561,0.0045005255658423053,0.0045005042403279561,0.0045005041188646931,0.0045004642888585474],[0.0045004416581114464,0.0045004813216401431,0.0045004927705030555,0.0045005042403279561,0.0045004927705030555,0.0045004813216401431,0.0045004416581114464],[0.0045004460313742348,0.004