{"M_cells":[[[0,0,0,0,0,0,0],[0,0,0,0,0,0,0],[0,0,0,0,0,0,0],[0,0,0,0,0,0,0],[0,0,0,0,0,0,0],[0,0,0,0,0,0,0],[0,0,0,0,0,0,0]],[[2.214193937694125E-11,1.269706309041859E-10,1.1299071935293585E-10,1.6521957055919397E-10,1.1299071935293585E-10,1.269706309041859E-10,2.214193937694125E-11],[1.269706309041859E-10,5.3420221607935181E-10,4.8850977989215018E-10,6.8963085305322692E-10,4.8850977989215018E-10,5.3420221607935181E-10,1.269706309041859E-10],[1.1299071935293585E-10,4.8850977989215018E-10,5.9931180278797516E-10,7.1069914046130729E-10,5.9931180278797516E-10,4.8850977989215018E-10,1.1299071935293585E-10],[1.6521957055919397E-10,6.8963085305322692E-10,7.1069914046130729E-10,9.3699925688535954E-10,7.1069914046130729E-10,6.8963085305322692E-10,1.6521957055919397E-10],[1.1299071935293585E-10,4.8850977989215018E-10,5.9931180278797516E-10,7.1069914046130729E-10,5.9931180278797516E-10,4.8850977989215018E-10,1.1299071935293585E-10],[1.269706309041859E-10,5.3420221607935181E-10,4.8850977989215018E-10,6.8963085305322692E-10,4.8850977989215018E-10,5.3420221607935181E-10,1.269706309041859E-10],[2.214193937694125E-11,1.269706309041859E-10,1.1299071935293585E-10,1.6521957055919397E-10,1.1299071935293585E-10,1.269706309041859E-10,2.214193937694125E-11]],[[1.5148932590342788E-10,4.917632333611327E-10,4.4692031664344239E-10,6.219255962366569E-10,4.4692031664344239E-10,4.917632333611327E-10,1.5148932590342788E-10],[4.917632333611327E-10,1.2666424086829E-9,1.1808058950241129E-9,1.5791342297057517E-9,1.1808058950241129E-9,1.2666424086829E-9,4.917632333611327E-10],[4.4692031664344239E-10,1.1808058950241129E-9,1.3959467550436859E-9,1.6118272664237539E-9,1.3959467550436859E-9,1.1808058950241129E-9,4.4692031664344239E-10],[6.219255962366569E-10,1.5791342297057517E-9,1.6118272664237539E-9,2.0420364661034312E-9,1.6118272664237539E-9,1.5791342297057517E-9,6.219255962366569E-10],[4.4692031664344239E-10,1.1808058950241129E-9,1.3959467550436859E-9,1.6118272664237539E-9,1.3959467550436859E-9,1.1808058950241129E-9,4.4692031664344239E-10],[4.917632333611327E-10,1.2666424086829E-9,1.1808058950241129E-9,1.5791342297057517E-9,1.1808058950241129E-9,1.2666424086829E-9,4.917632333611327E-10],[1.5148932590342788E-10,4.917632333611327E-10,4.4692031664344239E-10,6.219255962366569E-10,4.4692031664344239E-10,4.917632333611327E-10,1.5148932590342788E-10]],[[4.4107690080810147E-10,1.0709970112071122E-9,9.887525506245893E-10,1.3214840256578114E-9,9.887525506245893E-10,1.0709970112071122E-9,4.4107690080810147E-10],[1.0709970112071122E-9,2.1775519749647418E-9,2.0566366247793878E-9,2.6425036846331542E-9,2.0566366247793878E-9,2.1775519749647418E-9,1.0709970112071122E-9],[9.887525506245893E-10,2.0566366247793878E-9,2.3681617303457308E-9,2.6805650447191603E-9,2.3681617303457308E-9,2.0566366247793878E-9,9.887525506245893E-10],[1.3214840256578114E-9,2.6425036846331542E-9,2.6805650447191603E-9,3.2941644106988011E-9,2.6805650447191603E-9,2.6425036846331542E-9,1.3214840256578114E-9],[9.887525506245893E-10,2.0566366247793878E-9,2.3681617303457308E-9,2.6805650447191603E-9,2.3681617303457308E-9,2.0566366247793878E-9,9.887525506245893E-10],[1.0709970112071122E-9,2.1775519749647418E-9,2.0566366247793878E-9,2.6425036846331542E-9,2.0566366247793878E-9,2.1775519749647418E-9,1.0709970112071122E-9],[4.4107690080810147E-10,1.0709970112071122E-9,9.887525506245893E-10,1.3214840256578114E-9,9.887525506245893E-10,1.0709970112071122E-9,4.4107690080810147E-10]],[[9.1007664818740977E-10,1.8436991716659008E-9,1.7230150748910663E-9,2.2271507131937424E-9,1.7230150748910663E-9,1.8436991716659008E-9,9.1007664818740977E-10],[1.8436991716659008E-9,3.2495141539291054E-9,3.0981514670269018E-9,3.8590774410584554E-9,3.0981514670269018E-9,3.2495141539291054E-9,1.8436991716659008E-9],[1.7230150748910663E-9,3.0981514670269018E-9,3.4979415564408792E-9,3.8987341493508588E-9,3.4979415564408792E-9,3.0981514670269018E-9,1.7230150748910663E-9],[2.2271507131937424E-9,3.8590774410584554E-9,3.8987341493508588E-9,4.6771994321375642E-9,3.8987341493508588E-9,3.8590774410584554E-9,2.2271507131937424E-9],[1.7230150748910663E-9,3.0981514670269018E-9,3.4979415564408792E-9,3.8987341493508588E-9,3.4979415564408792E-9,3.0981514670269018E-9,1.7230150748910663E-9],[1.8436991716659008E-9,3.2495141539291054E-9,3.0981514670269018E-9,3.8590774410584554E-9,3.0981514670269018E-9,3.2495141539291054E-9,1.8436991716659008E-9],[9.1007664818740977E-10,1.8436991716659008E-9,1.7230150748910663E-9,2.2271507131937424E-9,1.7230150748910663E-9,1.8436991716659008E-9,9.1007664818740977E-10]],[[1.5600596380723779E-9,2.7909153935622848E-9,2.6335057834918174E-9,3.3102591774909083E-9,2.6335057834918174E-9,2.7909153935622848E-9,1.5600596380723779E-9],[2.7909153935622848E-9,4.4666261977046734E-9,4.2888951299220345E-9,5.2112484174971307E-9,4.2888951299220345E-9,4.4666261977046734E-9,2.7909153935622848E-9],[2.6335057834918174E-9,4.2888951299220345E-9,4.7690291531647795E-9,5.2502771244751606E-9,4.7690291531647795E-9,4.2888951299220345E-9,2.6335057834918174E-9],[3.3102591774909083E-9,5.2112484174971307E-9,5.2502771244751606E-9,6.1768860019068239E-9,5.2502771244751615E-9,5.2112484174971307E-9,3.3102591774909083E-9],[2.6335057834918174E-9,4.2888951299220345E-9,4.7690291531647795E-9,5.2502771244751615E-9,4.7690291531647795E-9,4.2888951299220345E-9,2.6335057834918174E-9],[2.7909153935622848E-9,4.4666261977046734E-9,4.2888951299220345E-9,5.2112484174971307E-9,4.2888951299220345E-9,4.4666261977046734E-9,2.7909153935622848E-9],[1.5600596380723779E-9,2.7909153935622848E-9,2.6335057834918174E-9,3.3102591774909083E-9,2.6335057834918174E-9,2.7909153935622848E-9,1.5600596380723779E-9]],[[2.3837820448355521E-9,3.8954588329204551E-9,3.7042625625985441E-9,4.5477843842668613E-9,3.7042625625985445E-9,3.8954588329204559E-9,2.3837820448355525E-9],[3.8954588329204551E-9,5.814418629593658E-9,5.613839610947134E-9,6.6838282077071473E-9,5.613839610947134E-9,5.814418629593658E-9,3.8954588329204559E-9],[3.7042625625985441E-9,5.613839610947134E-9,6.1667983293801626E-9,6.7209708957073173E-9,6.1667983293801626E-9,5.6138396109471349E-9,3.7042625625985445E-9],[4.5477843842668613E-9,6.6838282077071473E-9,6.7209708957073173E-9,7.7806389223059668E-9,6.7209708957073173E-9,6.6838282077071481E-9,4.5477843842668613E-9],[3.7042625625985445E-9,5.613839610947134E-9,6.1667983293801626E-9,6.7209708957073173E-9,6.1667983293801626E-9,5.6138396109471349E-9,3.7042625625985445E-9],[3.8954588329204559E-9,5.814418629593658E-9,5.6138396109471349E-9,6.6838282077071481E-9,5.6138396109471349E-9,5.814418629593658E-9,3.8954588329204559E-9],[2.3837820448355525E-9,3.8954588329204559E-9,3.7042625625985445E-9,4.5477843842668613E-9,3.7042625625985445E-9,3.8954588329204559E-9,2.3837820448355525E-9]],[[3.3699146466888579E-9,5.14173635686212E-9,4.9200931021665319E-9,5.9207699686170232E-9,4.9200931021665319E-9,5.1417363568621209E-9,3.3699146466888587E-9],[5.14173635686212E-9,7.2797738015092377E-9,7.0593535135704926E-9,8.2636026787622018E-9,7.0593535135704926E-9,7.2797738015092377E-9,5.1417363568621209E-9],[4.9200931021665319E-9,7.0593535135704926E-9,7.678125272922861E-9,8.2982004342211355E-9,7.678125272922861E-9,7.0593535135704926E-9,4.9200931021665319E-9],[5.9207699686170232E-9,8.2636026787622018E-9,8.2982004342211355E-9,9.47733775432785E-9,8.2982004342211355E-9,8.2636026787622018E-9,5.9207699686170232E-9],[4.9200931021665319E-9,7.0593535135704926E-9,7.678125272922861E-9,8.2982004342211355E-9,7.678125272922861E-9,7.0593535135704926E-9,4.9200931021665319E-9],[5.1417363568621209E-9,7.2797738015092377E-9,7.0593535135704926E-9,8.2636026787622018E-9,7.0593535135704926E-9,7.2797738015092377E-9,5.1417363568621209E-9],[3.3699146466888587E-9,5.1417363568621209E-9,4.9200931021665319E-9,5.9207699686170232E-9,4.9200931021665319E-9,5.1417363568621209E-9,3.3699146466888587E-9]],[[4.5055712550597138E-9,6.5156161129318847E-9,6.26684230165183E-9,7.4132972092372669E-9,6.26684230165183E-9,6.5156161129318847E-9,4.5055712550597138E-9],[6.5156161129318847E-9,8.8508417371334663E-9,8.61313613869974E-9,9.9390097376887015E-9,8.61313613869974E-9,8.8508417371334663E-9,6.5156161129318847E-9],[6.26684230165183E-9,8.61313613869974E-9,9.2912626072984689E-9,9.97077278186602E-9,9.2912626072984689E-9,8.61313613869974E-9,6.26684230165183E-9],[7.4132972092372669E-9,9.9390097376887015E-9,9.97077278186602E-9,1.1257155842486457E-8,9.97077278186602E-9,9.9390097376887015E-9,7.4132972092372669E-9],[6.26684230165183E-9,8.61313613869974E-9,9.2912626072984689E-9,9.97077278186602E-9,9.2912626072984689E-9,8.61313613869974E-9,6.26684230165183E-9],[6.5156161129318847E-9,8.8508417371334663E-9,8.61313613869974E-9,9.9390097376887015E-9,8.61313613869974E-9,8.8508417371334663E-9,6.5156161129318847E-9],[4.5055712550597138E-9,6.5156161129318847E-9,6.26684230165183E-9,7.4132972092372669E-9,6.26684230165183E-9,6.5156161129318847E-9,4.5055712550597138E-9]],[[5.77764241886244E-9,8.0043164448877815E-9,7.7315041785131416E-9,9.0117948772358149E-9,7.7315041785131416E-9,8.0043164448877815E-9,5.77764241886244E-9],[8.0043164448877815E-9,1.0516953381211991E-8,1.0264132874366192E-8,1.1699896069732703E-8,1.0264132874366192E-8,1.0516953381211991E-8,8.0043164448877815E-9],[7.7315041785131416E-9,1.0264132874366192E-8,1.0995718108264936E-8,1.1728759099121138E-8,1.0995718108264936E-8,1.0264132874366192E-8,7.7315041785131416E-9],[9.0117948772358149E-9,1.1699896069732703E-8,1.1728759099121138E-8,1.3111413449908379E-8,1.1728759099121138E-8,1.1699896069732703E-8,9.0117948772358149E-9],[7.7315041785131416E-9,1.0264132874366192E-8,1.0995718108264936E-8,1.1728759099121138E-8,1.0995718108264936E-8,1.0264132874366192E-8,7.7315041785131416E-9],[8.0043164448877815E-9,1.0516953381211991E-8,1.0264132874366192E-8,1.1699896069732703E-8,1.0264132874366192E-8,1.051695338121199E-8,8.00431644488778E-9],[5.77764241886244E-9,8.0043164448877815E-9,7.7315041785131416E-9,9.0117948772358149E-9,7.7315041785131416E-9,8.00431644488778E-9,5.7776424188624392E-9]],[[7.1734801926475629E-9,9.5963055586296239E-9,9.3022426700227967E-9,1.0704564614737165E-8,9.3022426700227967E-9,9.5963055586296239E-9,7.1734801926475629E-9],[9.5963055586296239E-9,1.2268532412095763E-8,1.2002441908902716E-8,1.353732606159908E-8,1.2002441908902716E-8,1.2268532412095763E-8,9.5963055586296239E-9],[9.3022426700227967E-9,1.2002441908902716E-8,1.2782139291875443E-8,1.3563357133252808E-8,1.2782139291875443E-8,1.2002441908902716E-8,9.3022426700227967E-9],[1.0704564614737165E-8,1.353732606159908E-8,1.3563357133252808E-8,1.5032448842596912E-8,1.3563357133252808E-8,1.353732606159908E-8,1.0704564614737165E-8],[9.3022426700227967E-9,1.2002441908902716E-8,1.2782139291875443E-8,1.3563357133252808E-8,1.2782139291875443E-8,1.2002441908902716E-8,9.3022426700227967E-9],[9.5963055586296239E-9,1.2268532412095763E-8,1.2002441908902716E-8,1.353732606159908E-8,1.2002441908902716E-8,1.2268532412095765E-8,9.5963055586296239E-9],[7.1734801926475629E-9,9.5963055586296239E-9,9.3022426700227967E-9,1.0704564614737165E-8,9.3022426700227967E-9,9.5963055586296239E-9,7.1734801926475621E-9]],[[8.6812301833234638E-9,1.128120677789648E-8,1.0968360154545817E-8,1.2481443697346539E-8,1.0968360154545817E-8,1.128120677789648E-8,8.6812301833234638E-9],[1.128120677789648E-8,1.4097007143223151E-8,1.3819218412255997E-8,1.5443426308140311E-8,1.3819218412255997E-8,1.4097007143223151E-8,1.128120677789648E-8],[1.0968360154545817E-8,1.3819218412255997E-8,1.464220461110644E-8,1.5466769435983248E-8,1.464220461110644E-8,1.3819218412255997E-8,1.0968360154545817E-8],[1.2481443697346539E-8,1.5443426308140311E-8,1.5466769435983248E-8,1.7013503685010615E-8,1.5466769435983248E-8,1.5443426308140311E-8,1.2481443697346539E-8],[1.0968360154545817E-8,1.3819218412255997E-8,1.464220461110644E-8,1.5466769435983248E-8,1.464220461110644E-8,1.3819218412255997E-8,1.0968360154545817E-8],[1.128120677789648E-8,1.4097007143223151E-8,1.3819218412255997E-8,1.5443426308140311E-8,1.3819218412255997E-8,1.4097007143223151E-8,1.128120677789648E-8],[8.6812301833234638E-9,1.128120677789648E-8,1.0968360154545817E-8,1.2481443697346539E-8,1.0968360154545817E-8,1.128120677789648E-8,8.6812301833234638E-9]],[[1.0289971934702544E-8,1.3049707268883468E-8,1.2720237145232524E-8,1.4333556488260503E-8,1.2720237145232524E-8,1.3049707268883469E-8,1.0289971934702544E-8],[1.3049707268883468E-8,1.5994724027398416E-8,1.5706579970842212E-8,1.7411255375983339E-8,1.5706579970842212E-8,1.5994724027398419E-8,1.3049707268883469E-8],[1.2720237145232524E-8,1.5706579970842212E-8,1.6568521702564097E-8,1.7432094428043657E-8,1.6568521702564097E-8,1.5706579970842212E-8,1.2720237145232524E-8],[1.4333556488260503E-8,1.7411255375983339E-8,1.7432094428043657E-8,1.9048620525420687E-8,1.7432094428043657E-8,1.7411255375983339E-8,1.4333556488260503E-8],[1.2720237145232524E-8,1.5706579970842212E-8,1.6568521702564097E-8,1.7432094428043657E-8,1.6568521702564097E-8,1.5706579970842212E-8,1.2720237145232524E-8],[1.3049707268883469E-8,1.5994724027398419E-8,1.5706579970842212E-8,1.7411255375983339E-8,1.5706579970842212E-8,1.5994724027398416E-8,1.3049707268883469E-8],[1.0289971934702544E-8,1.3049707268883469E-8,1.2720237145232524E-8,1.4333556488260503E-8,1.2720237145232524E-8,1.3049707268883469E-8,1.0289971934702544E-8]],[[1.1989755522004728E-8,1.4893469716331669E-8,1.4549257346265129E-8,1.6253124234253963E-8,1.4549257346265129E-8,1.4893469716331669E-8,1.1989755522004728E-8],[1.4893469716331669E-8,1.7954864071921615E-8,1.7657515594073724E-8,1.9434692335847875E-8,1.7657515594073724E-8,1.7954864071921615E-8,1.4893469716331669E-8],[1.4549257346265129E-8,1.7657515594073724E-8,1.8554532909934692E-8,1.9453228445656627E-8,1.8554532909934692E-8,1.7657515594073724E-8,1.4549257346265129E-8],[1.6253124234253963E-8,1.9434692335847875E-8,1.9453228445656627E-8,2.1132550913471912E-8,1.9453228445656627E-8,1.9434692335847875E-8,1.6253124234253963E-8],[1.4549257346265129E-8,1.7657515594073724E-8,1.8554532909934692E-8,1.9453228445656627E-8,1.8554532909934692E-8,1.7657515594073724E-8,1.4549257346265129E-8],[1.4893469716331669E-8,1.7954864071921615E-8,1.7657515594073724E-8,1.9434692335847875E-8,1.7657515594073724E-8,1.7954864071921615E-8,1.4893469716331669E-8],[1.1989755522004728E-8,1.4893469716331669E-8,1.4549257346265129E-8,1.6253124234253963E-8,1.4549257346265129E-8,1.4893469716331669E-8,1.1989755522004728E-8]],[[1.3771582559820494E-8,1.6805047193689352E-8,1.6447726657943557E-8,1.8233314247160207E-8,1.6447726657943557E-8,1.6805047193689352E-8,1.3771582559820494E-8],[1.6805047193689352E-8,1.9971363188297122E-8,1.966579967450271E-8,2.1508339907821443E-8,1.966579967450271E-8,1.9971363188297122E-8,1.6805047193689352E-8],[1.6447726657943557E-8,1.966579967450271E-8,2.0594428138826973E-8,2.1524777496168204E-8,2.0594428138826973E-8,1.966579967450271E-8,1.6447726657943557E-8],[1.8233314247160207E-8,2.1508339907821443E-8,2.1524777496168204E-8,2.3260673088383286E-8,2.1524777496168204E-8,2.1508339907821443E-8,1.8233314247160207E-8],[1.6447726657943557E-8,1.966579967450271E-8,2.0594428138826973E-8,2.1524777496168204E-8,2.0594428138826973E-8,1.966579967450271E-8,1.6447726657943557E-8],[1.6805047193689352E-8,1.9971363188297122E-8,1.966579967450271E-8,2.1508339907821443E-8,1.966579967450271E-8,1.9971363188297122E-8,1.6805047193689352E-8],[1.3771582559820494E-8,1.6805047193689352E-8,1.6447726657943557E-8,1.8233314247160207E-8,1.6447726657943557E-8,1.6805047193689352E-8,1.3771582559820494E-8]],[[1.5627358270214889E-8,1.8777801751175235E-8,1.8408791305095705E-8,2.0268116571095547E-8,1.8408791305095705E-8,1.8777801751175235E-8,1.5627358270214889E-8],[1.8777801751175235E-8,2.2038837204684331E-8,2.1725911671028445E-8,2.3627439474333939E-8,2.1725911671028445E-8,2.2038837204684331E-8,1.8777801751175235E-8],[1.8408791305095705E-8,2.1725911671028445E-8,2.2683064955790521E-8,2.364197777884394E-8,2.2683064955790521E-8,2.1725911671028445E-8,1.8408791305095705E-8],[2.0268116571095547E-8,2.3627439474333939E-8,2.364197777884394E-8,2.5428918375150485E-8,2.364197777884394E-8,2.3627439474333939E-8,2.0268116571095547E-8],[1.8408791305095705E-8,2.1725911671028445E-8,2.2683064955790521E-8,2.364197777884394E-8,2.2683064955790521E-8,2.1725911671028445E-8,1.8408791305095705E-8],[1.8777801751175235E-8,2.2038837204684331E-8,2.1725911671028445E-8,2.3627439474333939E-8,2.1725911671028445E-8,2.2038837204684331E-8,1.8777801751175235E-8],[1.5627358270214889E-8,1.8777801751175235E-8,1.8408791305095705E-8,2.0268116571095547E-8,1.8408791305095705E-8,1.8777801751175235E-8,1.5627358270214889E-8]],[[1.7549829483921556E-8,2.080582726990355E-8,2.0426358168305121E-8,2.2352240593776724E-8,2.0426358168305121E-8,2.080582726990355E-8,1.7549829483921556E-8],[2.080582726990355E-8,2.4152511998338675E-8,2.3832961875442214E-8,2.5787796066875475E-8,2.3832961875442214E-8,2.4152511998338675E-8,2.080582726990355E-8],[2.0426358168305121E-8,2.3832961875442214E-8,2.4815895729021668E-8,2.5800624205492979E-8,2.4815895729021668E-8,2.3832961875442214E-8,2.0426358168305121E-8],[2.2352240593776724E-8,2.5787796066875475E-8,2.5800624205492979E-8,2.7633705526310658E-8,2.5800624205492979E-8,2.5787796066875475E-8,2.2352240593776724E-8],[2.0426358168305121E-8,2.3832961875442214E-8,2.4815895729021668E-8,2.5800624205492979E-8,2.4815895729021668E-8,2.3832961875442214E-8,2.0426358168305121E-8],[2.080582726990355E-8,2.4152511998338675E-8,2.3832961875442214E-8,2.5787796066875475E-8,2.3832961875442214E-8,2.4152511998338675E-8,2.080582726990355E-8],[1.7549829483921556E-8,2.080582726990355E-8,2.0426358168305121E-8,2.2352240593776724E-8,2.0426358168305121E-8,2.080582726990355E-8,1.7549829483921556E-8]],[[1.9532516962423642E-8,2.2883877030051113E-8,2.2495019097915166E-8,2.4481026745433216E-8,2.2495019097915166E-8,2.2883877030051113E-8,1.9532516962423642E-8],[2.2883877030051113E-8,2.6308158975249959E-8,2.5982623345721481E-8,2.7985711948209941E-8,2.5982623345721481E-8,2.6308158975249959E-8,2.2883877030051113E-8],[2.2495019097915166E-8,2.5982623345721481E-8,2.6988901518321052E-8,2.7997006252571409E-8,2.6988901518321052E-8,2.5982623345721481E-8,2.2495019097915166E-8],[2.4481026745433216E-8,2.7985711948209941E-8,2.7997006252571409E-8,2.9871882302327274E-8,2.7997006252571412E-8,2.7985711948209941E-8,2.4481026745433216E-8],[2.2495019097915166E-8,2.5982623345721481E-8,2.6988901518321052E-8,2.7997006252571412E-8,2.6988901518321052E-8,2.5982623345721481E-8,2.2495019097915166E-8],[2.2883877030051113E-8,2.6308158975249959E-8,2.5982623345721481E-8,2.7985711948209941E-8,2.5982623345721481E-8,2.6308158975249963E-8,2.2883877030051113E-8],[1.9532516962423642E-8,2.2883877030051113E-8,2.2495019097915166E-8,2.4481026745433216E-8,2.2495019097915166E-8,2.2883877030051113E-8,1.9532516962423642E-8]],[[2.1569646810454438E-8,2.5007296293055978E-8,2.460998017604077E-8,2.6650370081331206E-8,2.460998017604077E-8,2.5007296293055978E-8,2.1569646810454435E-8],[2.5007296293055978E-8,2.8502035939659372E-8,2.817106990190708E-8,3.0217927728376886E-8,2.817106990190708E-8,2.8502035939659369E-8,2.5007296293055978E-8],[2.460998017604077E-8,2.817106990190708E-8,2.9198532355786745E-8,3.0227850531853936E-8,2.9198532355786745E-8,2.8171069901907077E-8,2.460998017604077E-8],[2.6650370081331206E-8,3.0217927728376886E-8,3.0227850531853936E-8,3.2140673622371217E-8,3.0227850531853936E-8,3.0217927728376886E-8,2.6650370081331206E-8],[2.460998017604077E-8,2.817106990190708E-8,2.9198532355786745E-8,3.0227850531853936E-8,2.9198532355786745E-8,2.817106990190708E-8,2.460998017604077E-8],[2.5007296293055978E-8,2.8502035939659369E-8,2.8171069901907077E-8,3.0217927728376886E-8,2.817106990190708E-8,2.8502035939659372E-8,2.5007296293055981E-8],[2.1569646810454435E-8,2.5007296293055978E-8,2.460998017604077E-8,2.6650370081331206E-8,2.460998017604077E-8,2.5007296293055981E-8,2.1569646810454435E-8]],[[2.3656083693421759E-8,2.7171960044178202E-8,2.6766996376286495E-8,2.8856653562216733E-8,2.6766996376286495E-8,2.7171960044178202E-8,2.3656083693421756E-8],[2.7171960044178202E-8,3.0730833255262327E-8,3.0394919955054357E-8,3.2481570152466309E-8,3.0394919955054357E-8,3.0730833255262327E-8,2.7171960044178202E-8],[2.6766996376286495E-8,3.0394919955054357E-8,3.1441653514268778E-8,3.2490269503205345E-8,3.1441653514268778E-8,3.0394919955054357E-8,2.6766996376286495E-8],[2.8856653562216733E-8,3.2481570152466309E-8,3.2490269503205345E-8,3.4437635652361244E-8,3.2490269503205345E-8,3.2481570152466309E-8,2.8856653562216736E-8],[2.6766996376286495E-8,3.0394919955054357E-8,3.1441653514268778E-8,3.2490269503205345E-8,3.1441653514268778E-8,3.0394919955054357E-8,2.6766996376286495E-8],[2.7171960044178202E-8,3.0730833255262327E-8,3.0394919955054357E-8,3.2481570152466309E-8,3.0394919955054357E-8,3.0730833255262334E-8,2.7171960044178205E-8],[2.3656083693421756E-8,2.7171960044178202E-8,2.6766996376286495E-8,2.8856653562216736E-8,2.6766996376286495E-8,2.7171960044178205E-8,2.3656083693421756E-8]],[[2.5787267380479997E-8,2.9374215903746417E-8,2.8962311742972436E-8,3.1096689477812993E-8,2.8962311742972436E-8,2.9374215903746417E-8,2.5787267380479997E-8],[2.9374215903746417E-8,3.29916250977063E-8,3.2651185858913413E-8,3.4774105830063127E-8,3.2651185858913413E-8,3.29916250977063E-8,2.9374215903746417E-8],[2.8962311742972436E-8,3.2651185858913413E-8,3.3715497334912166E-8,3.4781715782436446E-8,3.3715497334912166E-8,3.2651185858913407E-8,2.8962311742972436E-8],[3.1096689477812993E-8,3.4774105830063127E-8,3.4781715782436446E-8,3.6760615233816841E-8,3.4781715782436446E-8,3.4774105830063127E-8,3.1096689477812993E-8],[2.8962311742972436E-8,3.2651185858913413E-8,3.3715497334912166E-8,3.4781715782436446E-8,3.3715497334912166E-8,3.2651185858913413E-8,2.8962311742972436E-8],[2.9374215903746417E-8,3.29916250977063E-8,3.2651185858913407E-8,3.4774105830063127E-8,3.2651185858913413E-8,3.2991625097706314E-8,2.9374215903746423E-8],[2.5787267380479997E-8,2.9374215903746417E-8,2.8962311742972436E-8,3.1096689477812993E-8,2.8962311742972436E-8,2.9374215903746423E-8,2.5787267380479997E-8]],[[2.7959153422489881E-8,3.1610832102050057E-8,3.1192605003625754E-8,3.33676678539282E-8,3.1192605003625754E-8,3.1610832102050057E-8,2.7959153422489881E-8],[3.1610832102050057E-8,3.5281825528272636E-8,3.4937228425469987E-8,3.7093300269166811E-8,3.4937228425469987E-8,3.5281825528272636E-8,3.1610832102050057E-8],[3.1192605003625754E-8,3.4937228425469987E-8,3.6017620174983815E-8,3.7099941525501119E-8,3.6017620174983815E-8,3.4937228425469987E-8,3.1192605003625754E-8],[3.33676678539282E-8,3.7093300269166811E-8,3.7099941525501119E-8,3.9107714096583187E-8,3.7099941525501119E-8,3.7093300269166811E-8,3.33676678539282E-8],[3.1192605003625754E-8,3.4937228425469987E-8,3.6017620174983815E-8,3.7099941525501119E-8,3.6017620174983815E-8,3.4937228425469987E-8,3.1192605003625754E-8],[3.1610832102050057E-8,3.5281825528272636E-8,3.4937228425469987E-8,3.7093300269166811E-8,3.4937228425469987E-8,3.5281825528272636E-8,3.1610832102050057E-8],[2.7959153422489881E-8,3.1610832102050057E-8,3.1192605003625754E-8,3.33676678539282E-8,3.1192605003625754E-8,3.1610832102050057E-8,2.7959153422489881E-8]],[[3.0168158339089325E-8,3.387895032610544E-8,3.3454940398573879E-8,3.56671109368987E-8,3.3454940398573879E-8,3.387895032610544E-8,3.0168158339089325E-8],[3.387895032610544E-8,3.7599149075116234E-8,3.7250716220569003E-8,3.9437181647921064E-8,3.7250716220569003E-8,3.7599149075116234E-8,3.387895032610544E-8],[3.3454940398573879E-8,3.7250716220569003E-8,3.834586403945729E-8,3.9442962399766E-8,3.834586403945729E-8,3.7250716220569003E-8,3.3454940398573879E-8],[3.56671109368987E-8,3.9437181647921064E-8,3.9442962399766E-8,4.1477257340277481E-8,3.9442962399766E-8,3.9437181647921064E-8,3.56671109368987E-8],[3.3454940398573879E-8,3.7250716220569003E-8,3.834586403945729E-8,3.9442962399766E-8,3.834586403945729E-8,3.7250716220569003E-8,3.3454940398573879E-8],[3.387895032610544E-8,3.7599149075116234E-8,3.7250716220569003E-8,3.9437181647921064E-8,3.7250716220569003E-8,3.7599149075116234E-8,3.387895032610544E-8],[3.0168158339089325E-8,3.387895032610544E-8,3.3454940398573879E-8,3.56671109368987E-8,3.3454940398573879E-8,3.387895032610544E-8,3.0168158339089325E-8]],[[3.2411109417548858E-8,3.6176043184793111E-8,3.574672343336886E-8,3.7992833016567082E-8,3.574672343336886E-8,3.6176043184793111E-8,3.2411109417548858E-8],[3.6176043184793111E-8,3.9941575485358549E-8,3.9589589248071754E-8,4.180400881494557E-8,3.9589589248071754E-8,3.9941575485358549E-8,3.6176043184793111E-8],[3.574672343336886E-8,3.9589589248071754E-8,4.0698322471521955E-8,4.1809025684248705E-8,4.0698322471521955E-8,3.9589589248071754E-8,3.574672343336886E-8],[3.7992833016567082E-8,4.180400881494557E-8,4.1809025684248705E-8,4.3867765712149707E-8,4.1809025684248705E-8,4.180400881494557E-8,3.7992833016567082E-8],[3.574672343336886E-8,3.9589589248071754E-8,4.0698322471521955E-8,4.1809025684248705E-8,4.0698322471521955E-8,3.9589589248071754E-8,3.574672343336886E-8],[3.6176043184793111E-8,3.9941575485358549E-8,3.9589589248071754E-8,4.180400881494557E-8,3.9589589248071754E-8,3.9941575485358549E-8,3.6176043184793111E-8],[3.2411109417548858E-8,3.6176043184793111E-8,3.574672343336886E-8,3.7992833016567082E-8,3.574672343336886E-8,3.6176043184793111E-8,3.2411109417548858E-8]],[[3.46851990547101E-8,3.8499875998794739E-8,3.8065661216643115E-8,4.0342904964952958E-8,3.8065661216643115E-8,3.8499875998794739E-8,3.46851990547101E-8],[3.8499875998794739E-8,4.230731830371775E-8,4.1952026635545839E-8,4.41922430586204E-8,4.1952026635545839E-8,4.230731830371775E-8,3.8499875998794739E-8],[3.8065661216643115E-8,4.1952026635545839E-8,4.30733102957307E-8,4.4196582073270727E-8,4.30733102957307E-8,4.1952026635545839E-8,3.8065661216643115E-8],[4.0342904964952958E-8,4.41922430586204E-8,4.4196582073270727E-8,4.6277931251756212E-8,4.4196582073270727E-8,4.41922430586204E-8,4.0342904964952958E-8],[3.8065661216643115E-8,4.1952026635545839E-8,4.30733102957307E-8,4.4196582073270727E-8,4.30733102957307E-8,4.1952026635545839E-8,3.8065661216643115E-8],[3.8499875998794739E-8,4.230731830371775E-8,4.1952026635545839E-8,4.41922430586204E-8,4.1952026635545839E-8,4.230731830371775E-8,3.8499875998794739E-8],[3.46851990547101E-8,3.8499875998794739E-8,3.8065661216643115E-8,4.0342904964952958E-8,3.8065661216643115E-8,3.8499875998794739E-8,3.46851990547101E-8]],[[3.6987943465697409E-8,4.0848472599411376E-8,4.0409727026590566E-8,4.2715622952570661E-8,4.0409727026590566E-8,4.0848472599411376E-8,3.6987943465697409E-8],[4.0848472599411376E-8,4.4694796937001708E-8,4.4336417947579105E-8,4.66005232299904E-8,4.4336417947579105E-8,4.4694796937001708E-8,4.0848472599411376E-8],[4.0409727026590566E-8,4.4336417947579105E-8,4.5469336830637139E-8,4.6604260791156369E-8,4.5469336830637139E-8,4.4336417947579105E-8,4.0409727026590566E-8],[4.2715622952570661E-8,4.66005232299904E-8,4.6604260791156369E-8,4.8706595914302108E-8,4.6604260791156369E-8,4.66005232299904E-8,4.2715622952570661E-8],[4.0409727026590566E-8,4.4336417947579105E-8,4.5469336830637139E-8,4.6604260791156369E-8,4.5469336830637139E-8,4.4336417947579105E-8,4.0409727026590566E-8],[4.0848472599411376E-8,4.4694796937001708E-8,4.4336417947579105E-8,4.66005232299904E-8,4.4336417947579105E-8,4.4694796937001708E-8,4.0848472599411376E-8],[3.6987943465697409E-8,4.0848472599411376E-8,4.0409727026590566E-8,4.2715622952570661E-8,4.0409727026590566E-8,4.0848472599411376E-8,3.6987943465697409E-8]],[[3.931714551760585E-8,4.3220084811970316E-8,4.2777128746061267E-8,4.510948087003609E-8,4.2777128746061267E-8,4.3220084811970316E-8,3.931714551760585E-8],[4.3220084811970316E-8,4.710261187538318E-8,4.674133777165035E-8,4.902764384444046E-8,4.674133777165035E-8,4.710261187538318E-8,4.3220084811970316E-8],[4.2777128746061267E-8,4.674133777165035E-8,4.7885082213747118E-8,4.9030847658717537E-8,4.7885082213747118E-8,4.674133777165035E-8,4.2777128746061267E-8],[4.510948087003609E-8,4.902764384444046E-8,4.9030847658717537E-8,5.1152732823983356E-8,4.9030847658717537E-8,4.902764384444046E-8,4.510948087003609E-8],[4.2777128746061267E-8,4.674133777165035E-8,4.7885082213747118E-8,4.9030847658717537E-8,4.7885082213747118E-8,4.674133777165035E-8,4.2777128746061267E-8],[4.3220084811970316E-8,4.710261187538318E-8,4.674133777165035E-8,4.902764384444046E-8,4.674133777165035E-8,4.710261187538318E-8,4.3220084811970316E-8],[3.931714551760585E-8,4.3220084811970316E-8,4.2777128746061267E-8,4.510948087003609E-8,4.2777128746061267E-8,4.3220084811970316E-8,3.931714551760585E-8]],[[4.1670861409300781E-8,4.5613165301635575E-8,4.5166280813949791E-8,4.7523146036205214E-8,4.5166280813949791E-8,4.5613165301635575E-8,4.1670861409300781E-8],[4.5613165301635575E-8,4.95295227582321E-8,4.9165523243886384E-8,5.1472535824582327E-8,4.9165523243886384E-8,4.95295227582321E-8,4.5613165301635575E-8],[4.5166280813949791E-8,4.9165523243886384E-8,5.0319376508977217E-8,5.1475265784602746E-8,5.0319376508977217E-8,4.9165523243886384E-8,4.5166280813949791E-8],[4.7523146036205214E-8,5.1472535824582327E-8,5.1475265784602746E-8,5.3615429845601351E-8,5.1475265784602746E-8,5.1472535824582327E-8,4.7523146036205214E-8],[4.5166280813949791E-8,4.9165523243886384E-8,5.0319376508977217E-8,5.1475265784602746E-8,5.0319376508977217E-8,4.9165523243886384E-8,4.5166280813949791E-8],[4.5613165301635575E-8,4.95295227582321E-8,4.9165523243886384E-8,5.1472535824582327E-8,4.9165523243886384E-8,4.95295227582321E-8,4.5613165301635575E-8],[4.1670861409300781E-8,4.5613165301635575E-8,4.5166280813949791E-8,4.7523146036205214E-8,4.5166280813949791E-8,4.5613165301635575E-8,4.1670861409300781E-8]],[[4.4047370901118254E-8,4.80263434691453E-8,4.7575779355384817E-8,4.9955437819676519E-8,4.7575779355384817E-8,4.80263434691453E-8,4.4047370901118254E-8],[4.80263434691453E-8,5.1974428992372614E-8,5.1607854206343017E-8,5.3934249581187853E-8,5.1607854206343017E-8,5.1974428992372614E-8,4.80263434691453E-8],[4.7575779355384817E-8,5.1607854206343017E-8,5.2771181294479307E-8,5.3936558585613916E-8,5.2771181294479307E-8,5.1607854206343017E-8,4.7575779355384817E-8],[4.9955437819676519E-8,5.3934249581187853E-8,5.3936558585613916E-8,5.6093875196836126E-8,5.3936558585613916E-8,5.3934249581187853E-8,4.9955437819676519E-8],[4.7575779355384817E-8,5.1607854206343017E-8,5.2771181294479307E-8,5.3936558585613916E-8,5.2771181294479307E-8,5.1607854206343017E-8,4.7575779355384817E-8],[4.80263434691453E-8,5.1974428992372614E-8,5.1607854206343017E-8,5.3934249581187853E-8,5.1607854206343017E-8,5.1974428992372614E-8,4.80263434691453E-8],[4.4047370901118254E-8,4.80263434691453E-8,4.7575779355384817E-8,4.9955437819676519E-8,4.7575779355384817E-8,4.80263434691453E-8,4.4047370901118254E-8]],[[4.6445150794448478E-8,5.0458404098925015E-8,5.0004380172611455E-8,5.2405308840400405E-8,5.0004380172611455E-8,5.0458404098925015E-8,4.6445150794448478E-8],[5.0458404098925015E-8,5.4436352652460253E-8,5.4067335712516427E-8,5.6411940160690862E-8,5.4067335712516427E-8,5.4436352652460253E-8,5.0458404098925015E-8],[5.0004380172611455E-8,5.4067335712516427E-8,5.5239573455910676E-8,5.64138748694658E-8,5.5239573455910676E-8,5.4067335712516427E-8,5.0004380172611455E-8],[5.2405308840400405E-8,5.6411940160690862E-8,5.64138748694658E-8,5.8587344854768308E-8,5.64138748694658E-8,5.6411940160690862E-8,5.2405308840400405E-8],[5.0004380172611455E-8,5.4067335712516427E-8,5.5239573455910676E-8,5.64138748694658E-8,5.5239573455910676E-8,5.4067335712516427E-8,5.0004380172611455E-8],[5.0458404098925015E-8,5.4436352652460253E-8,5.4067335712516427E-8,5.6411940160690862E-8,5.4067335712516427E-8,5.4436352652460253E-8,5.0458404098925015E-8],[4.6445150794448478E-8,5.0458404098925015E-8,5.0004380172611455E-8,5.2405308840400405E-8,5.0004380172611455E-8,5.0458404098925015E-8,4.6445150794448478E-8]],[[4.8862851366735178E-8,5.2908268480245631E-8,5.2450979300320773E-8,5.4871828453697715E-8,5.2450979300320773E-8,5.2908268480245631E-8,4.8862851366735178E-8],[5.2908268480245631E-8,5.6914423415560639E-8,5.6543082622658669E-8,5.8904854216796875E-8,5.6543082622658669E-8,5.6914423415560639E-8,5.2908268480245631E-8],[5.2450979300320773E-8,5.6543082622658669E-8,5.7723730936364438E-8,5.8906455740865408E-8,5.7723730936364438E-8,5.6543082622658669E-8,5.2450979300320773E-8],[5.4871828453697715E-8,5.8904854216796875E-8,5.8906455740865408E-8,6.1095191538484358E-8,5.8906455740865408E-8,5.8904854216796875E-8,5.4871828453697715E-8],[5.2450979300320773E-8,5.6543082622658669E-8,5.7723730936364438E-8,5.8906455740865408E-8,5.7723730936364438E-8,5.6543082622658669E-8,5.2450979300320773E-8],[5.2908268480245631E-8,5.6914423415560639E-8,5.6543082622658669E-8,5.8904854216796875E-8,5.6543082622658669E-8,5.6914423415560639E-8,5.2908268480245631E-8],[4.8862851366735178E-8,5.2908268480245631E-8,5.2450979300320773E-8,5.4871828453697715E-8,5.2450979300320773E-8,5.2908268480245631E-8,4.8862851366735178E-8]],[[5.1299275479172977E-8,5.5374977742187157E-8,5.4914595852296912E-8,5.735416825096311E-8,5.4914595852296912E-8,5.5374977742187157E-8,5.1299275479172977E-8],[5.5374977742187157E-8,5.940786530420621E-8,5.9034306054609348E-8,6.1412318590223248E-8,5.9034306054609348E-8,5.9407865304206204E-8,5.5374977742187157E-8],[5.4914595852296912E-8,5.9034306054609348E-8,6.0222920218923272E-8,6.1413623117144609E-8,6.0222920218923272E-8,5.9034306054609348E-8,5.4914595852296912E-8],[5.735416825096311E-8,6.1412318590223248E-8,6.1413623117144609E-8,6.36168350750383E-8,6.1413623117144609E-8,6.1412318590223248E-8,5.735416825096311E-8],[5.4914595852296912E-8,5.9034306054609348E-8,6.0222920218923272E-8,6.1413623117144609E-8,6.0222920218923259E-8,5.9034306054609348E-8,5.4914595852296912E-8],[5.5374977742187157E-8,5.9407865304206204E-8,5.9034306054609348E-8,6.1412318590223248E-8,5.9034306054609348E-8,5.9407865304206204E-8,5.5374977742187157E-8],[5.1299275479172977E-8,5.5374977742187157E-8,5.4914595852296912E-8,5.735416825096311E-8,5.4914595852296912E-8,5.5374977742187157E-8,5.1299275479172977E-8]],[[5.3753360090157175E-8,5.785767816404651E-8,5.7394356909486293E-8,5.9851589340216359E-8,5.7394356909486293E-8,5.785767816404651E-8,5.3753360090157175E-8],[5.785767816404651E-8,6.1915985033640623E-8,6.1540301478787677E-8,6.3933730304613862E-8,6.1540301478787677E-8,6.1915985033640623E-8,5.785767816404651E-8],[5.7394356909486293E-8,6.1540301478787677E-8,6.2736485340877887E-8,6.3934769662903885E-8,6.2736485340877887E-8,6.1540301478787677E-8,5.7394356909486293E-8],[5.9851589340216359E-8,6.3933730304613862E-8,6.3934769662903885E-8,6.6151753978795844E-8,6.3934769662903885E-8,6.3933730304613862E-8,5.9851589340216359E-8],[5.7394356909486293E-8,6.1540301478787677E-8,6.2736485340877887E-8,6.3934769662903885E-8,6.2736485340877887E-8,6.1540301478787677E-8,5.7394356909486293E-8],[5.785767816404651E-8,6.1915985033640623E-8,6.1540301478787677E-8,6.3933730304613862E-8,6.1540301478787677E-8,6.1915985033640623E-8,5.785767816404651E-8],[5.3753360090157175E-8,5.785767816404651E-8,5.7394356909486293E-8,5.9851589340216359E-8,5.7394356909486293E-8,5.785767816404651E-8,5.3753360090157175E-8]],[[5.6224159925616292E-8,6.03556082436542E-8,5.9889484222408548E-8,6.236343119576807E-8,5.9889484222408548E-8,6.03556082436542E-8,5.6224159925616292E-8],[6.03556082436542E-8,6.4438161779273765E-8,6.4060438267519666E-8,6.6468547808389751E-8,6.4060438267519666E-8,6.4438161779273765E-8,6.03556082436542E-8],[5.9889484222408548E-8,6.4060438267519666E-8,6.5263838259997547E-8,6.64693499742834E-8,6.5263838259997547E-8,6.4060438267519666E-8,5.9889484222408548E-8],[6.236343119576807E-8,6.6468547808389751E-8,6.64693499742834E-8,6.8699478094479867E-8,6.64693499742834E-8,6.6468547808389751E-8,6.236343119576807E-8],[5.9889484222408548E-8,6.4060438267519666E-8,6.5263838259997547E-8,6.64693499742834E-8,6.5263838259997547E-8,6.4060438267519666E-8,5.9889484222408548E-8],[6.03556082436542E-8,6.4438161779273765E-8,6.4060438267519666E-8,6.6468547808389751E-8,6.4060438267519666E-8,6.4438161779273765E-8,6.03556082436542E-8],[5.6224159925616292E-8,6.03556082436542E-8,5.9889484222408548E-8,6.236343119576807E-8,5.9889484222408548E-8,6.03556082436542E-8,5.6224159925616292E-8]],[[5.8710833076537393E-8,6.2868087326319723E-8,6.2399282522611327E-8,6.4889101889796149E-8,6.2399282522611327E-8,6.2868087326319723E-8,5.8710833076537393E-8],[6.2868087326319723E-8,6.6973838199337778E-8,6.6594150528792315E-8,6.9016283311794146E-8,6.6594150528792315E-8,6.6973838199337778E-8,6.2868087326319723E-8],[6.2399282522611327E-8,6.6594150528792315E-8,6.780445041274962E-8,6.90168728625799E-8,6.780445041274962E-8,6.6594150528792315E-8,6.2399282522611327E-8],[6.4889101889796149E-8,6.9016283311794146E-8,6.90168728625799E-8,7.1259582172221184E-8,6.90168728625799E-8,6.9016283311794146E-8,6.4889101889796149E-8],[6.2399282522611327E-8,6.6594150528792315E-8,6.780445041274962E-8,6.90168728625799E-8,6.780445041274962E-8,6.6594150528792315E-8,6.2399282522611327E-8],[6.2868087326319723E-8,6.6973838199337778E-8,6.6594150528792315E-8,6.9016283311794146E-8,6.6594150528792315E-8,6.6973838199337778E-8,6.2868087326319723E-8],[5.8710833076537393E-8,6.2868087326319723E-8,6.2399282522611327E-8,6.4889101889796149E-8,6.2399282522611327E-8,6.2868087326319723E-8,5.8710833076537393E-8]],[[6.1212628313460259E-8,6.53945056164408E-8,6.492312925847132E-8,6.74280695398612E-8,6.492312925847132E-8,6.53945056164408E-8,6.1212628313460259E-8],[6.53945056164408E-8,6.9522512565288173E-8,6.9140929072864941E-8,7.1576496085906933E-8,6.9140929072864941E-8,6.9522512565288173E-8,6.53945056164408E-8],[6.492312925847132E-8,6.9140929072864941E-8,7.0357845322157369E-8,7.15768946041705E-8,7.0357845322157369E-8,6.9140929072864941E-8,6.492312925847132E-8],[6.74280695398612E-8,7.1576496085906933E-8,7.15768946041705E-8,7.383168025888887E-8,7.15768946041705E-8,7.1576496085906933E-8,6.74280695398612E-8],[6.492312925847132E-8,6.9140929072864941E-8,7.0357845322157369E-8,7.15768946041705E-8,7.0357845322157369E-8,6.9140929072864941E-8,6.492312925847132E-8],[6.53945056164408E-8,6.9522512565288173E-8,6.9140929072864941E-8,7.1576496085906933E-8,6.9140929072864941E-8,6.9522512565288173E-8,6.53945056164408E-8],[6.1212628313460259E-8,6.53945056164408E-8,6.492312925847132E-8,6.74280695398612E-8,6.492312925847132E-8,6.53945056164408E-8,6.1212628313460259E-8]],[[6.3728873926805336E-8,6.7934315411914911E-8,6.7460465589758961E-8,6.9979854825373807E-8,6.7460465589758961E-8,6.7934315411914911E-8,6.3728873926805336E-8],[6.7934315411914911E-8,7.2083731868532737E-8,7.1700314376833233E-8,7.4148786605983083E-8,7.1700314376833233E-8,7.2083731868532737E-8,6.7934315411914911E-8],[6.7460465589758961E-8,7.1700314376833233E-8,7.2923592129013892E-8,7.41490130390979E-8,7.2923592129013892E-8,7.1700314376833233E-8,6.7460465589758961E-8],[6.9979854825373807E-8,7.4148786605983083E-8,7.41490130390979E-8,7.641542080401912E-8,7.41490130390979E-8,7.4148786605983083E-8,6.9979854825373807E-8],[6.7460465589758961E-8,7.1700314376833233E-8,7.2923592129013892E-8,7.41490130390979E-8,7.2923592129013892E-8,7.1700314376833233E-8,6.7460465589758961E-8],[6.7934315411914911E-8,7.2083731868532737E-8,7.1700314376833233E-8,7.4148786605983083E-8,7.1700314376833233E-8,7.2083731868532737E-8,6.7934315411914911E-8],[6.3728873926805336E-8,6.7934315411914911E-8,6.7460465589758961E-8,6.9979854825373807E-8,6.7460465589758961E-8,6.7934315411914911E-8,6.3728873926805336E-8]],[[6.6258967920223884E-8,7.0487023418283972E-8,7.0010788493066007E-8,7.2544024443094871E-8,7.0010788493066007E-8,7.0487023418283972E-8,6.6258967920223884E-8],[7.0487023418283972E-8,7.4657085786680416E-8,7.4271890427387047E-8,7.6732791435402727E-8,7.4271890427387047E-8,7.4657085786680416E-8,7.0487023418283972E-8],[7.0010788493066007E-8,7.4271890427387047E-8,7.550129993464778E-8,7.6732862414476626E-8,7.550129993464778E-8,7.4271890427387047E-8,7.0010788493066007E-8],[7.2544024443094871E-8,7.6732791435402727E-8,7.6732862414476626E-8,7.9010482391111871E-8,7.6732862414476626E-8,7.6732791435402727E-8,7.2544024443094871E-8],[7.0010788493066007E-8,7.4271890427387047E-8,7.550129993464778E-8,7.6732862414476626E-8,7.550129993464778E-8,7.4271890427387047E-8,7.0010788493066007E-8],[7.0487023418283972E-8,7.4657085786680416E