{"M_cells":[[[0,0,0,0,0,0,0],[0,0,0,0,0,0,0],[0,0,0,0,0,0,0],[0,0,0,0,0,0,0],[0,0,0,0,0,0,0],[0,0,0,0,0,0,0],[0,0,0,0,0,0,0]],[[9.1706669367427715E-7,2.567725727306489E-6,2.3510575260572481E-6,3.2104537032889097E-6,2.3510575260572481E-6,2.567725727306489E-6,9.1706669367427715E-7],[2.567725727306489E-6,5.9141053429731476E-6,5.5453331998102378E-6,7.2869094607048395E-6,5.5453331998102378E-6,5.9141053429731476E-6,2.567725727306489E-6],[2.3510575260572481E-6,5.5453331998102378E-6,6.4797601890748494E-6,7.4172162773022556E-6,6.4797601890748494E-6,5.5453331998102378E-6,2.3510575260572481E-6],[3.2104537032889097E-6,7.2869094607048395E-6,7.4172162773022556E-6,9.2742215598865513E-6,7.4172162773022556E-6,7.2869094607048395E-6,3.2104537032889097E-6],[2.3510575260572481E-6,5.5453331998102378E-6,6.4797601890748494E-6,7.4172162773022556E-6,6.4797601890748494E-6,5.5453331998102378E-6,2.3510575260572481E-6],[2.567725727306489E-6,5.9141053429731476E-6,5.5453331998102378E-6,7.2869094607048395E-6,5.5453331998102378E-6,5.9141053429731485E-6,2.567725727306489E-6],[9.1706669367427715E-7,2.567725727306489E-6,2.3510575260572481E-6,3.2104537032889097E-6,2.3510575260572481E-6,2.567725727306489E-6,9.1706669367427715E-7]],[[5.59159185623711E-6,1.0268313614302243E-5,9.6686156133056254E-6,1.2226819690860021E-5,9.6686156133056271E-6,1.0268313614302243E-5,5.59159185623711E-6],[1.0268313614302243E-5,1.6956594567466087E-5,1.6243193789473994E-5,1.9895448494807449E-5,1.6243193789473994E-5,1.6956594567466087E-5,1.0268313614302243E-5],[9.6686156133056254E-6,1.6243193789473994E-5,1.8152370132160193E-5,2.0066296429917075E-5,1.8152370132160193E-5,1.6243193789473994E-5,9.6686156133056271E-6],[1.2226819690860021E-5,1.9895448494807449E-5,2.0066296429917075E-5,2.3766559618762164E-5,2.0066296429917075E-5,1.9895448494807449E-5,1.2226819690860023E-5],[9.6686156133056271E-6,1.6243193789473994E-5,1.8152370132160193E-5,2.0066296429917075E-5,1.8152370132160193E-5,1.6243193789473994E-5,9.6686156133056254E-6],[1.0268313614302243E-5,1.6956594567466087E-5,1.6243193789473994E-5,1.9895448494807449E-5,1.6243193789473994E-5,1.6956594567466087E-5,1.0268313614302243E-5],[5.59159185623711E-6,1.0268313614302243E-5,9.6686156133056271E-6,1.2226819690860023E-5,9.6686156133056254E-6,1.0268313614302243E-5,5.59159185623711E-6]],[[1.5086959586325558E-5,2.3090468107282487E-5,2.2088182068383054E-5,2.6594240113544837E-5,2.2088182068383054E-5,2.3090468107282487E-5,1.5086959586325558E-5],[2.3090468107282487E-5,3.3111303931599034E-5,3.2072981207337352E-5,3.7679695570644373E-5,3.2072981207337352E-5,3.3111303931599034E-5,2.3090468107282487E-5],[2.2088182068383054E-5,3.2072981207337352E-5,3.4963941674514614E-5,3.7861357443556784E-5,3.4963941674514614E-5,3.2072981207337346E-5,2.2088182068383054E-5],[2.6594240113544837E-5,3.7679695570644373E-5,3.7861357443556784E-5,4.3390358719863705E-5,3.7861357443556784E-5,3.7679695570644373E-5,2.6594240113544837E-5],[2.2088182068383054E-5,3.2072981207337352E-5,3.4963941674514614E-5,3.7861357443556784E-5,3.4963941674514614E-5,3.2072981207337346E-5,2.2088182068383054E-5],[2.3090468107282487E-5,3.3111303931599034E-5,3.2072981207337346E-5,3.7679695570644373E-5,3.2072981207337346E-5,3.3111303931599034E-5,2.3090468107282487E-5],[1.5086959586325558E-5,2.3090468107282487E-5,2.2088182068383054E-5,2.6594240113544837E-5,2.2088182068383054E-5,2.3090468107282487E-5,1.5086959586325558E-5]],[[2.9627668305095267E-5,4.1013923984631674E-5,3.961668066793576E-5,4.6137972089564662E-5,3.961668066793576E-5,4.1013923984631674E-5,2.9627668305095267E-5],[4.1013923984631674E-5,5.4351109331133023E-5,5.299995934625E-5,6.0565390169006973E-5,5.299995934625E-5,5.4351109331133023E-5,4.1013923984631674E-5],[3.961668066793576E-5,5.299995934625E-5,5.6869955044147912E-5,6.0748097184724612E-5,5.6869955044147912E-5,5.299995934625E-5,3.961668066793576E-5],[4.6137972089564662E-5,6.0565390169006973E-5,6.0748097184724612E-5,6.8091689280778256E-5,6.0748097184724612E-5,6.0565390169006967E-5,4.6137972089564662E-5],[3.961668066793576E-5,5.299995934625E-5,5.6869955044147912E-5,6.0748097184724612E-5,5.6869955044147912E-5,5.2999959346249995E-5,3.961668066793576E-5],[4.1013923984631674E-5,5.4351109331133023E-5,5.299995934625E-5,6.0565390169006967E-5,5.2999959346249995E-5,5.4351109331133023E-5,4.1013923984631674E-5],[2.9627668305095267E-5,4.1013923984631674E-5,3.961668066793576E-5,4.6137972089564662E-5,3.961668066793576E-5,4.1013923984631674E-5,2.9627668305095267E-5]],[[4.9243728524044533E-5,6.4009943659645965E-5,6.222669453118694E-5,7.0774174100678925E-5,6.222669453118694E-5,6.4009943659645965E-5,4.9243728524044533E-5],[6.4009943659645965E-5,8.06430058567627E-5,7.8986103742373354E-5,8.8501901000015941E-5,7.8986103742373354E-5,8.06430058567627E-5,6.4009943659645965E-5],[6.222669453118694E-5,7.8986103742373354E-5,8.3829333696876717E-5,8.8682387993915481E-5,8.3829333696876717E-5,7.8986103742373354E-5,6.222669453118694E-5],[7.0774174100678925E-5,8.8501901000015941E-5,8.8682387993915481E-5,9.7826798083108858E-5,8.8682387993915481E-5,8.8501901000015941E-5,7.0774174100678925E-5],[6.222669453118694E-5,7.8986103742373354E-5,8.3829333696876717E-5,8.8682387993915481E-5,8.3829333696876717E-5,7.8986103742373354E-5,6.222669453118694E-5],[6.4009943659645965E-5,8.06430058567627E-5,7.8986103742373354E-5,8.8501901000015941E-5,7.8986103742373354E-5,8.06430058567627E-5,6.4009943659645965E-5],[4.9243728524044533E-5,6.4009943659645965E-5,6.222669453118694E-5,7.0774174100678925E-5,6.222669453118694E-5,6.4009943659645965E-5,4.9243728524044533E-5]],[[7.3917129794927468E-5,9.2045301539257855E-5,8.98825902393252E-5,0.00010044959388885154,8.98825902393252E-5,9.2045301539257855E-5,7.3917129794927468E-5],[9.2045301539257855E-5,0.00011195184545177949,0.00010999361940735675,0.00012144748501841145,0.00010999361940735675,0.00011195184545177949,9.2045301539257855E-5],[8.98825902393252E-5,0.00010999361940735675,0.00011580339254992193,0.00012162465534452345,0.00011580339254992193,0.00010999361940735675,8.98825902393252E-5],[0.00010044959388885154,0.00012144748501841145,0.00012162465534452345,0.00013255647214066154,0.00012162465534452345,0.00012144748501841145,0.00010044959388885154],[8.98825902393252E-5,0.00010999361940735675,0.00011580339254992193,0.00012162465534452345,0.00011580339254992193,0.00010999361940735675,8.98825902393252E-5],[9.2045301539257855E-5,0.00011195184545177949,0.00010999361940735675,0.00012144748501841145,0.00010999361940735675,0.00011195184545177949,9.2045301539257855E-5],[7.3917129794927468E-5,9.2045301539257855E-5,8.98825902393252E-5,0.00010044959388885154,8.98825902393252E-5,9.2045301539257855E-5,7.3917129794927468E-5]],[[0.00010361707379350675,0.00012508501692192468,0.00012254749435022859,0.00013512192560486739,0.00012254749435022859,0.00012508501692192468,0.00010361707379350675],[0.00012508501692192468,0.00014824205220867047,0.00014598564755752784,0.00015936417255003473,0.00014598564755752784,0.00014824205220867047,0.00012508501692192468],[0.00012254749435022859,0.00014598564755752784,0.00015275508750687354,0.00015953767028929462,0.00015275508750687354,0.00014598564755752784,0.00012254749435022859],[0.00013512192560486739,0.00015936417255003473,0.00015953767028929462,0.00017224382605726739,0.00015953767028929462,0.00015936417255003473,0.00013512192560486739],[0.00012254749435022859,0.00014598564755752784,0.00015275508750687354,0.00015953767028929462,0.00015275508750687354,0.00014598564755752784,0.00012254749435022859],[0.00012508501692192468,0.00014824205220867047,0.00014598564755752784,0.00015936417255003473,0.00014598564755752784,0.00014824205220867047,0.00012508501692192468],[0.00010361707379350675,0.00012508501692192468,0.00012254749435022859,0.00013512192560486739,0.00012254749435022859,0.00012508501692192468,0.00010361707379350675]],[[0.00013830929568007429,0.00016309377878188035,0.00016018502332165708,0.0001747532379095927,0.00016018502332165708,0.00016309377878188035,0.00013830929568007429],[0.00016309377878188035,0.00018947835878770718,0.00018692631520115166,0.00020221592343394606,0.00018692631520115166,0.00018947835878770718,0.00016309377878188035],[0.00016018502332165708,0.00018692631520115166,0.000194648591217511,0.00020238565147938446,0.000194648591217511,0.00018692631520115166,0.00016018502332165708],[0.0001747532379095927,0.00020221592343394606,0.00020238565147938446,0.00021685340303908085,0.00020238565147938446,0.00020221592343394606,0.0001747532379095927],[0.00016018502332165708,0.00018692631520115166,0.000194648591217511,0.00020238565147938446,0.000194648591217511,0.00018692631520115166,0.00016018502332165708],[0.00016309377878188035,0.00018947835878770718,0.00018692631520115166,0.00020221592343394606,0.00018692631520115166,0.00018947835878770718,0.00016309377878188035],[0.00013830929568007429,0.00016309377878188035,0.00016018502332165708,0.0001747532379095927,0.00016018502332165708,0.00016309377878188035,0.00013830929568007429]],[[0.00017795884880871681,0.00020603659964557947,0.00020275963621231428,0.0002193076969991952,0.00020275963621231428,0.00020603659964557947,0.00017795884880871681],[0.00020603659964557947,0.00023562609848784576,0.00023278066407597491,0.00024996792633054225,0.00023278066407597491,0.00023562609848784576,0.00020603659964557947],[0.00020275963621231428,0.00023278066407597491,0.00024144906467506592,0.00025013387946785985,0.00024144906467506595,0.00023278066407597491,0.00020275963621231428],[0.0002193076969991952,0.00024996792633054225,0.00025013387946785985,0.00026635078976217248,0.00025013387946785985,0.00024996792633054225,0.0002193076969991952],[0.00020275963621231428,0.00023278066407597491,0.00024144906467506595,0.00025013387946785985,0.00024144906467506595,0.00023278066407597491,0.00020275963621231428],[0.00020603659964557947,0.00023562609848784576,0.00023278066407597491,0.00024996792633054225,0.00023278066407597491,0.00023562609848784576,0.00020603659964557947],[0.00017795884880871681,0.00020603659964557947,0.00020275963621231428,0.0002193076969991952,0.00020275963621231428,0.00020603659964557947,0.00017795884880871681]],[[0.00022253103127093112,0.00025387908512799215,0.0002502366538721612,0.00026875073742305469,0.0002502366538721612,0.00025387908512799215,0.00022253103127093112],[0.00025387908512799215,0.00028665130367014645,0.00028351457576137137,0.00030258630965702293,0.00028351457576137137,0.00028665130367014645,0.00025387908512799215],[0.0002502366538721612,0.00028351457576137137,0.00029312252903310491,0.000302748515254105,0.00029312252903310491,0.00028351457576137137,0.0002502366538721612],[0.00026875073742305469,0.00030258630965702293,0.000302748515254105,0.00032070243597473875,0.000302748515254105,0.00030258630965702293,0.00026875073742305469],[0.0002502366538721612,0.00028351457576137137,0.00029312252903310491,0.000302748515254105,0.00029312252903310491,0.00028351457576137137,0.0002502366538721612],[0.00025387908512799215,0.00028665130367014645,0.00028351457576137137,0.00030258630965702293,0.00028351457576137137,0.0002866513036701465,0.00025387908512799221],[0.00022253103127093112,0.00025387908512799215,0.0002502366538721612,0.00026875073742305469,0.0002502366538721612,0.00025387908512799221,0.00022253103127093112]],[[0.00027199170822618242,0.00030658752685707612,0.00030258221135294846,0.00032304873523738577,0.00030258221135294846,0.00030658752685707612,0.00027199170822618242],[0.00030658752685707612,0.00034252072251806092,0.0003390947099989468,0.00036003800558634841,0.0003390947099989468,0.00034252072251806092,0.00030658752685707612],[0.00030258221135294846,0.0003390947099989468,0.0003496357856326568,0.00036019650202827243,0.0003496357856326568,0.0003390947099989468,0.00030258221135294846],[0.00032304873523738577,0.00036003800558634841,0.00036019650202827243,0.00037987555736220614,0.00036019650202827249,0.00036003800558634841,0.00032304873523738577],[0.00030258221135294846,0.0003390947099989468,0.0003496357856326568,0.00036019650202827249,0.0003496357856326568,0.0003390947099989468,0.00030258221135294846],[0.00030658752685707612,0.00034252072251806092,0.0003390947099989468,0.00036003800558634841,0.0003390947099989468,0.00034252072251806097,0.00030658752685707618],[0.00027199170822618242,0.00030658752685707612,0.00030258221135294846,0.00032304873523738577,0.00030258221135294846,0.00030658752685707618,0.00027199170822618242]],[[0.00032630741491916464,0.00036412891841745783,0.00035976320486126259,0.00038216886123410655,0.00035976320486126259,0.00036412891841745783,0.00032630741491916464],[0.00036412891841745783,0.00040320180262596678,0.00039948845384519377,0.00042229067312851373,0.00039948845384519377,0.00040320180262596678,0.00036412891841745783],[0.00035976320486126259,0.00039948845384519377,0.00041095635890936168,0.00042244550183809904,0.00041095635890936168,0.00039948845384519377,0.00035976320486126259],[0.00038216886123410655,0.00042229067312851373,0.00042244550183809904,0.00044383807324737762,0.00042244550183809904,0.00042229067312851373,0.00038216886123410655],[0.00035976320486126259,0.00039948845384519377,0.00041095635890936168,0.00042244550183809904,0.00041095635890936168,0.00039948845384519377,0.00035976320486126259],[0.00036412891841745783,0.00040320180262596678,0.00039948845384519377,0.00042229067312851373,0.00039948845384519377,0.00040320180262596678,0.00036412891841745783],[0.00032630741491916464,0.00036412891841745783,0.00035976320486126259,0.00038216886123410655,0.00035976320486126259,0.00036412891841745783,0.00032630741491916469]],[[0.0003854453748825852,0.00042647093931603438,0.00042174724396534374,0.00044607900127402125,0.00042174724396534374,0.00042647093931603438,0.0003854453748825852],[0.00042647093931603438,0.00046866266193685803,0.00046466387775452562,0.00048931264517852692,0.00046466387775452562,0.00046866266193685803,0.00042647093931603438],[0.00042174724396534374,0.00046466387775452562,0.00047705245046071089,0.00048946384764295668,0.00047705245046071094,0.00046466387775452567,0.00042174724396534374],[0.00044607900127402125,0.00048931264517852692,0.00048946384764295668,0.00051255855955498132,0.00048946384764295668,0.00048931264517852692,0.00044607900127402125],[0.00042174724396534374,0.00046466387775452562,0.00047705245046071094,0.00048946384764295668,0.00047705245046071094,0.00046466387775452567,0.00042174724396534374],[0.00042647093931603438,0.00046866266193685803,0.00046466387775452567,0.00048931264517852692,0.00046466387775452567,0.00046866266193685803,0.00042647093931603438],[0.0003854453748825852,0.00042647093931603438,0.00042174724396534374,0.00044607900127402125,0.00042174724396534374,0.00042647093931603438,0.0003854453748825852]],[[0.0004493734848112173,0.00049358192653727723,0.00048850260902744309,0.000514747702942088,0.00048850260902744309,0.00049358192653727723,0.0004493734848112173],[0.00049358192653727723,0.00053887205553109917,0.00053458969601136727,0.00056107288604136812,0.00053458969601136727,0.00053887205553109917,0.00049358192653727723],[0.00048850260902744309,0.00053458969601136727,0.00054789289896443329,0.00056122050271998041,0.00054789289896443329,0.00053458969601136727,0.00048850260902744309],[0.000514747702942088,0.00056107288604136812,0.00056122050271998041,0.0005860062090116857,0.00056122050271998041,0.00056107288604136812,0.000514747702942088],[0.00048850260902744309,0.00053458969601136727,0.00054789289896443329,0.00056122050271998041,0.00054789289896443329,0.00053458969601136727,0.00048850260902744309],[0.00049358192653727723,0.00053887205553109917,0.00053458969601136727,0.00056107288604136812,0.00053458969601136727,0.00053887205553109917,0.00049358192653727723],[0.0004493734848112173,0.00049358192653727723,0.00048850260902744309,0.000514747702942088,0.00048850260902744309,0.00049358192653727723,0.0004493734848112173]],[[0.0005180602867780285,0.00056543084194820106,0.00055999821243401171,0.00058814413334515542,0.00055999821243401171,0.00056543084194820106,0.0005180602867780285],[0.00056543084194820106,0.00061379934169668033,0.00060923523007481734,0.00063754095409306565,0.00060923523007481734,0.00061379934169668033,0.00056543084194820106],[0.00055999821243401171,0.00060923523007481734,0.00062344714353930139,0.00063768502404193254,0.00062344714353930139,0.00060923523007481734,0.00055999821243401171],[0.00058814413334515542,0.00063754095409306565,0.00063768502404193254,0.0006641507952189371,0.00063768502404193254,0.00063754095409306565,0.00058814413334515542],[0.00055999821243401171,0.00060923523007481734,0.00062344714353930139,0.00063768502404193254,0.00062344714353930139,0.00060923523007481734,0.00055999821243401171],[0.00056543084194820106,0.00061379934169668033,0.00060923523007481734,0.00063754095409306565,0.00060923523007481734,0.00061379934169668033,0.00056543084194820106],[0.0005180602867780285,0.00056543084194820106,0.00055999821243401171,0.00058814413334515542,0.00055999821243401171,0.00056543084194820106,0.0005180602867780285]],[[0.00059147493621731215,0.000641987238932395,0.00063620356253473657,0.00066623804220925908,0.00063620356253473657,0.000641987238932395,0.00059147493621731215],[0.000641987238932395,0.00069341444860278822,0.000688570374063792,0.00071868696737972912,0.000688570374063792,0.00069341444860278822,0.000641987238932395],[0.00063620356253473657,0.000688570374063792,0.0007036851894241463,0.00071882752815075675,0.0007036851894241463,0.000688570374063792,0.00063620356253473657],[0.00066623804220925908,0.00071868696737972912,0.00071882752815075675,0.0007469626391403189,0.00071882752815075675,0.00071868696737972912,0.00066623804220925908],[0.00063620356253473657,0.000688570374063792,0.0007036851894241463,0.00071882752815075675,0.0007036851894241463,0.000688570374063792,0.00063620356253473657],[0.000641987238932395,0.00069341444860278822,0.000688570374063792,0.00071868696737972912,0.000688570374063792,0.00069341444860278822,0.000641987238932395],[0.00059147493621731215,0.000641987238932395,0.00063620356253473657,0.00066623804220925908,0.00063620356253473657,0.000641987238932395,0.00059147493621731215]],[[0.00066958716907753477,0.00072322122957145388,0.00071708872962722957,0.00074899972793178416,0.00071708872962722957,0.00072322122957145388,0.00066958716907753477],[0.00072322122957145388,0.00077768784203524166,0.00077256556195240433,0.00080448157119579163,0.00077256556195240433,0.00077768784203524166,0.00072322122957145388],[0.00071708872962722957,0.00077256556195240433,0.0007885775754164462,0.00080461865883988347,0.0007885775754164462,0.00077256556195240433,0.00071708872962722957],[0.00074899972793178416,0.00080448157119579163,0.00080461865883988347,0.00083441257733082158,0.00080461865883988347,0.00080448157119579163,0.00074899972793178416],[0.00071708872962722957,0.00077256556195240433,0.0007885775754164462,0.00080461865883988347,0.0007885775754164462,0.00077256556195240433,0.00071708872962722957],[0.00072322122957145388,0.00077768784203524166,0.00077256556195240433,0.00080448157119579163,0.00077256556195240433,0.00077768784203524166,0.00072322122957145388],[0.00066958716907753477,0.00072322122957145388,0.00071708872962722957,0.00074899972793178416,0.00071708872962722957,0.00072322122957145388,0.00066958716907753477]],[[0.00075236726946991512,0.00080910345283767516,0.00080262431359308134,0.00083640000558811943,0.00080262431359308134,0.00080910345283767516,0.00075236726946991512],[0.00080910345283767516,0.000866590494304924,0.0008611917362126557,0.00089489590718153859,0.0008611917362126557,0.000866590494304924,0.00080910345283767516],[0.00080262431359308134,0.0008611917362126557,0.00087809534276106493,0.00089502955628948332,0.00087809534276106493,0.0008611917362126557,0.00080262431359308134],[0.00083640000558811943,0.00089489590718153859,0.00089502955628948332,0.00092647193156281408,0.00089502955628948332,0.00089489590718153859,0.00083640000558811943],[0.00080262431359308134,0.0008611917362126557,0.00087809534276106493,0.00089502955628948332,0.00087809534276106493,0.0008611917362126557,0.00080262431359308134],[0.00080910345283767516,0.000866590494304924,0.0008611917362126557,0.00089489590718153859,0.0008611917362126557,0.000866590494304924,0.00080910345283767516],[0.00075236726946991512,0.00080910345283767516,0.00080262431359308134,0.00083640000558811943,0.00080262431359308134,0.00080910345283767516,0.00075236726946991512]],[[0.0008397860382823155,0.00089960504391534016,0.000892781412936175,0.0009284101764230261,0.000892781412936175,0.00089960504391534016,0.0008397860382823155],[0.00089960504391534016,0.00096009385430484071,0.00095442031772345691,0.00098990158368605918,0.00095442031772345691,0.00096009385430484071,0.00089960504391534016],[0.000892781412936175,0.00095442031772345691,0.00097221000529196559,0.00099003182744125066,0.00097221000529196559,0.0009544203177234568,0.000892781412936175],[0.0009284101764230261,0.00098990158368605918,0.00099003182744125066,0.0010231124796427427,0.00099003182744125066,0.000989901583686059,0.000928410176423026],[0.000892781412936175,0.00095442031772345691,0.00097221000529196559,0.00099003182744125066,0.00097221000529196559,0.0009544203177234568,0.000892781412936175],[0.00089960504391534016,0.00096009385430484071,0.0009544203177234568,0.000989901583686059,0.0009544203177234568,0.00096009385430484071,0.00089960504391534016],[0.0008397860382823155,0.00089960504391534016,0.000892781412936175,0.000928410176423026,0.000892781412936175,0.00089960504391534016,0.0008397860382823155]],[[0.0009318147628801359,0.000994697604629426,0.00098753159504764315,0.0010250019985705385,0.00098753159504764315,0.000994697604629426,0.0009318147628801359],[0.000994697604629426,0.0010581698186396579,0.0010522231768045919,0.0010894706472280313,0.0010522231768045919,0.0010581698186396579,0.000994697604629426],[0.00098753159504764315,0.0010522231768045919,0.0010708935206802962,0.0010895975174609628,0.0010708935206802962,0.0010522231768045919,0.00098753159504764315],[0.0010250019985705385,0.0010894706472280313,0.0010895975174609628,0.0011243064272718889,0.0010895975174609628,0.0010894706472280313,0.0010250019985705383],[0.00098753159504764315,0.0010522231768045919,0.0010708935206802962,0.0010895975174609628,0.0010708935206802962,0.0010522231768045919,0.00098753159504764315],[0.000994697604629426,0.0010581698186396579,0.0010522231768045919,0.0010894706472280313,0.0010522231768045919,0.0010581698186396579,0.000994697604629426],[0.0009318147628801359,0.000994697604629426,0.00098753159504764315,0.0010250019985705383,0.00098753159504764315,0.000994697604629426,0.0009318147628801359]],[[0.0010284251878769934,0.0010943531749093543,0.0010868468675598374,0.0011261476588361791,0.0010868468675598374,0.0010943531749093543,0.0010284251878769934],[0.0010943531749093543,0.0011607907037349417,0.0011545726052555913,0.0011935755549256121,0.0011545726052555913,0.0011607907037349417,0.0010943531749093543],[0.0010868468675598374,0.0011545726052555913,0.001174118262667577,0.0011936990821662932,0.001174118262667577,0.0011545726052555913,0.0010868468675598374],[0.0011261476588361791,0.0011935755549256121,0.0011936990821662932,0.0012300263808321242,0.0011936990821662932,0.0011935755549256119,0.0011261476588361788],[0.0010868468675598374,0.0011545726052555913,0.001174118262667577,0.0011936990821662932,0.001174118262667577,0.0011545726052555911,0.0010868468675598372],[0.0010943531749093543,0.0011607907037349417,0.0011545726052555913,0.0011935755549256119,0.0011545726052555911,0.0011607907037349415,0.0010943531749093543],[0.0010284251878769934,0.0010943531749093543,0.0010868468675598374,0.0011261476588361788,0.0010868468675598372,0.0010943531749093543,0.0010284251878769934]],[[0.0011295894869044925,0.0011985442051958214,0.0011906996506703942,0.0012318197454126753,0.0011906996506703942,0.0011985442051958214,0.0011295894869044925],[0.0011985442051958214,0.0012679292188274877,0.0012614412892896153,0.0013021891477830623,0.0012614412892896153,0.0012679292188274877,0.0011985442051958214],[0.0011906996506703942,0.0012614412892896153,0.0012818569941740966,0.0013023093613099925,0.0012818569941740966,0.0012614412892896153,0.0011906996506703942],[0.0012318197454126753,0.0013021891477830623,0.0013023093613099925,0.0013402453209890781,0.0013023093613099925,0.0013021891477830621,0.001231819745412675],[0.0011906996506703942,0.0012614412892896153,0.0012818569941740966,0.0013023093613099925,0.0012818569941740964,0.0012614412892896151,0.001190699650670394],[0.0011985442051958214,0.0012679292188274877,0.0012614412892896153,0.0013021891477830621,0.0012614412892896151,0.0012679292188274875,0.0011985442051958214],[0.0011295894869044925,0.0011985442051958214,0.0011906996506703942,0.001231819745412675,0.001190699650670394,0.0011985442051958214,0.0011295894869044925]],[[0.00123528023529105,0.0013072435296940909,0.0012990627503281966,0.0013419912214185437,0.0012990627503281966,0.0013072435296940909,0.00123528023529105],[0.0013072435296940909,0.0013795584397383249,0.0013728022832591952,0.0014152846247308044,0.0013728022832591952,0.0013795584397383249,0.0013072435296940909],[0.0012990627503281966,0.0013728022832591952,0.0013940828411797179,0.0014154015526159987,0.0013940828411797179,0.0013728022832591952,0.0012990627503281966],[0.0013419912214185437,0.0014152846247308044,0.0014154015526159987,0.0014549365770117433,0.0014154015526159987,0.0014152846247308044,0.0013419912214185435],[0.0012990627503281966,0.0013728022832591952,0.0013940828411797179,0.0014154015526159987,0.0013940828411797177,0.001372802283259195,0.0012990627503281964],[0.0013072435296940909,0.0013795584397383249,0.0013728022832591952,0.0014152846247308044,0.001372802283259195,0.0013795584397383247,0.0013072435296940909],[0.00123528023529105,0.0013072435296940909,0.0012990627503281966,0.0013419912214185435,0.0012990627503281964,0.0013072435296940909,0.00123528023529105]],[[0.0013454703835537674,0.0014204243403754678,0.0014119093321782084,0.0014566353991555415,0.0014119093321782084,0.0014204243403754678,0.0013454703835537674],[0.0014204243403754678,0.0014956517833299937,0.001488628984073388,0.0015328355173186133,0.001488628984073388,0.0014956517833299937,0.0014204243403754678],[0.0014119093321782084,0.001488628984073388,0.0015107692672769457,0.0015329491864686266,0.0015107692672769457,0.001488628984073388,0.0014119093321782084],[0.0014566353991555415,0.0015328355173186133,0.0015329491864686266,0.0015740738017096371,0.0015329491864686266,0.0015328355173186133,0.0014566353991555413],[0.0014119093321782084,0.001488628984073388,0.0015107692672769457,0.0015329491864686266,0.0015107692672769457,0.001488628984073388,0.0014119093321782084],[0.0014204243403754678,0.0014956517833299937,0.001488628984073388,0.0015328355173186133,0.001488628984073388,0.0014956517833299937,0.0014204243403754678],[0.0013454703835537674,0.0014204243403754678,0.0014119093321782084,0.0014566353991555413,0.0014119093321782084,0.0014204243403754678,0.0013454703835537674]],[[0.0014601332316059653,0.0015380601616292564,0.0015292128961651443,0.0015757259149860054,0.0015292128961651443,0.0015380601616292564,0.0014601332316059653],[0.0015380601616292564,0.0016161829825505976,0.0016088951062080063,0.0016548156649641526,0.0016088951062080063,0.0016161829825505976,0.0015380601616292564],[0.0015292128961651443,0.0016088951062080063,0.0016318900487981992,0.0016549261011570577,0.0016318900487981992,0.0016088951062080063,0.0015292128961651443],[0.0015757259149860054,0.0016548156649641526,0.0016549261011570577,0.0016976309468902627,0.0016549261011570577,0.0016548156649641526,0.0015757259149860054],[0.0015292128961651443,0.0016088951062080063,0.0016318900487981992,0.0016549261011570577,0.0016318900487981992,0.0016088951062080063,0.0015292128961651443],[0.0015380601616292564,0.0016161829825505976,0.0016088951062080063,0.0016548156649641526,0.0016088951062080063,0.0016161829825505976,0.0015380601616292564],[0.0014601332316059653,0.0015380601616292564,0.0015292128961651443,0.0015757259149860054,0.0015292128961651443,0.0015380601616292564,0.0014601332316059653]],[[0.0015792424035824507,0.0016601248254671543,0.0016509472516978169,0.0016992367047311227,0.0016509472516978169,0.0016601248254671543,0.0015792424035824507],[0.0016601248254671543,0.0017411260619667821,0.0017335746572109218,0.0017811991906588,0.0017335746572109218,0.0017411260619667821,0.0016601248254671543],[0.0016509472516978169,0.0017335746572109218,0.0017574192504193164,0.0017813064185771927,0.0017574192504193164,0.0017335746572109218,0.0016509472516978169],[0.0016992367047311227,0.0017811991906588,0.0017813064185771927,0.0018255822392391082,0.0017813064185771927,0.0017811991906588,0.0016992367047311227],[0.0016509472516978169,0.0017335746572109218,0.0017574192504193164,0.0017813064185771927,0.0017574192504193164,0.0017335746572109218,0.0016509472516978169],[0.0016601248254671543,0.0017411260619667821,0.0017335746572109218,0.0017811991906588,0.0017335746572109218,0.0017411260619667821,0.0016601248254671543],[0.0015792424035824507,0.0016601248254671543,0.0016509472516978169,0.0016992367047311227,0.0016509472516978169,0.0016601248254671543,0.0015792424035824507]],[[0.0017027718231847518,0.0017865924471829203,0.0017770864932760469,0.0018271419794929629,0.0017770864932760469,0.0017865924471829203,0.0017027718231847518],[0.0017865924471829203,0.0018704553136881833,0.0018626419136047196,0.0019119604770331542,0.0018626419136047196,0.0018704553136881833,0.0017865924471829203],[0.0017770864932760469,0.0018626419136047196,0.001887331201141602,0.0019120645202931926,0.001887331201141602,0.0018626419136047196,0.0017770864932760469],[0.0018271419794929629,0.0019119604770331542,0.0019120645202931926,0.0019579021565244688,0.0019120645202931926,0.0019119604770331542,0.0018271419794929629],[0.0017770864932760469,0.0018626419136047196,0.001887331201141602,0.0019120645202931926,0.001887331201141602,0.0018626419136047196,0.0017770864932760469],[0.0017865924471829203,0.0018704553136881833,0.0018626419136047196,0.0019119604770331542,0.0018626419136047196,0.0018704553136881831,0.0017865924471829203],[0.0017027718231847518,0.0017865924471829203,0.0017770864932760469,0.0018271419794929629,0.0017770864932760469,0.0017865924471829203,0.0017027718231847518]],[[0.0018306956894489246,0.001917437401369049,0.0019076049764820656,0.0019594162018009274,0.0019076049764820656,0.001917437401369049,0.0018306956894489246],[0.001917437401369049,0.002004145273584417,0.0019960713970878083,0.0020470741426827791,0.0019960713970878083,0.002004145273584417,0.001917437401369049],[0.0019076049764820656,0.0019960713970878083,0.0020216004705532805,0.0020471750238593611,0.0020216004705532805,0.0019960713970878083,0.0019076049764820658],[0.0019594162018009274,0.0020470741426827791,0.0020471750238593611,0.0020945654040274608,0.0020471750238593611,0.0020470741426827795,0.0019594162018009274],[0.0019076049764820656,0.0019960713970878083,0.0020216004705532805,0.0020471750238593611,0.0020216004705532805,0.0019960713970878083,0.0019076049764820658],[0.001917437401369049,0.002004145273584417,0.0019960713970878083,0.0020470741426827795,0.0019960713970878083,0.002004145273584417,0.0019174374013690492],[0.0018306956894489246,0.001917437401369049,0.0019076049764820658,0.0019594162018009274,0.0019076049764820658,0.0019174374013690492,0.0018306956894489246]],[[0.001962988452836842,0.00205263429819026,0.0020424772942360964,0.0020960340619839129,0.0020424772942360964,0.00205263429819026,0.001962988452836842],[0.00205263429819026,0.0021421706976937206,0.0021338378509332865,0.0021865150186534577,0.0021338378509332865,0.0021421706976937206,0.00205263429819026],[0.0020424772942360964,0.0021338378509332865,0.0021602018452695423,0.0021866127593014066,0.0021602018452695423,0.0021338378509332865,0.0020424772942360964],[0.0020960340619839129,0.0021865150186534577,0.0021866127593014066,0.0022355468910957381,0.0021866127593014066,0.0021865150186534577,0.0020960340619839129],[0.0020424772942360964,0.0021338378509332865,0.0021602018452695423,0.0021866127593014066,0.0021602018452695423,0.0021338378509332865,0.0020424772942360964],[0.00205263429819026,0.0021421706976937206,0.0021338378509332865,0.0021865150186534577,0.0021338378509332865,0.0021421706976937206,0.00205263429819026],[0.001962988452836842,0.00205263429819026,0.0020424772942360964,0.0020960340619839129,0.0020424772942360964,0.00205263429819026,0.001962988452836842]],[[0.0020996247915512937,0.0021921579598141133,0.0021816782532166424,0.0022369704546657092,0.0021816782532166424,0.0021921579598141133,0.0020996247915512937],[0.0021921579598141133,0.0022845065387219823,0.0022759162164842483,0.0023302581249833388,0.0022759162164842483,0.0022845065387219823,0.0021921579598141133],[0.0021816782532166424,0.0022759162164842483,0.0023031103054493196,0.0023303527456547003,0.0023031103054493196,0.0022759162164842483,0.0021816782532166424],[0.0022369704546657092,0.0023302581249833388,0.0023303527456547003,0.0023808217077178426,0.0023303527456547003,0.0023302581249833388,0.0022369704546657092],[0.0021816782532166424,0.0022759162164842483,0.0023031103054493196,0.0023303527456547003,0.0023031103054493196,0.0022759162164842483,0.0021816782532166424],[0.0021921579598141133,0.0022845065387219823,0.0022759162164842483,0.0023302581249833388,0.0022759162164842483,0.0022845065387219823,0.0021921579598141133],[0.0020996247915512937,0.0021921579598141133,0.0021816782532166424,0.0022369704546657092,0.0021816782532166424,0.0021921579598141133,0.0020996247915512937]],[[0.0022405795879718881,0.0023359833968932989,0.0023251828503406775,0.0023822004552799675,0.0023251828503406775,0.0023359833968932989,0.0022405795879718881],[0.0023359833968932989,0.0024311279225254726,0.0024222816096393521,0.0024782786471953624,0.0024222816096393521,0.0024311279225254726,0.0023359833968932989],[0.0023251828503406775,0.0024222816096393521,0.0024503010012822874,0.0024783701674526782,0.0024503010012822874,0.0024222816096393521,0.0023251828503406775],[0.0023822004552799675,0.0024782786471953624,0.0024783701674526782,0.0025303651010104133,0.0024783701674526782,0.0024782786471953624,0.0023822004552799675],[0.0023251828503406775,0.0024222816096393521,0.0024503010012822874,0.0024783701674526782,0.0024503010012822874,0.0024222816096393521,0.0023251828503406775],[0.0023359833968932989,0.0024311279225254726,0.0024222816096393521,0.0024782786471953624,0.0024222816096393521,0.0024311279225254726,0.0023359833968932989],[0.0022405795879718881,0.0023359833968932989,0.0023251828503406775,0.0023822004552799675,0.0023251828503406775,0.0023359833968932989,0.0022405795879718881]],[[0.00238582790510899,0.0024840857849960768,0.0024729662491987017,0.0025316992964971707,0.0024729662491987017,0.0024840857849960768,0.00238582790510899],[0.0024840857849960768,0.0025820101244709336,0.0025729092972217619,0.0026305519126314466,0.0025729092972217619,0.0025820101244709336,0.0024840857849960768],[0.0024729662491987017,0.0025729092972217619,0.0026017492293384792,0.0026306403510570706,0.0026017492293384792,0.0025729092972217619,0.0024729662491987017],[0.0025316992964971707,0.0026305519126314466,0.0026306403510570706,0.002684152451508832,0.0026306403510570706,0.0026305519126314466,0.0025316992964971707],[0.0024729662491987017,0.0025729092972217619,0.0026017492293384792,0.0026306403510570706,0.0026017492293384792,0.0025729092972217619,0.0024729662491987017],[0.0024840857849960768,0.0025820101244709336,0.0025729092972217619,0.0026305519126314466,0.0025729092972217619,0.0025820101244709336,0.0024840857849960768],[0.00238582790510899,0.0024840857849960768,0.0024729662491987017,0.0025316992964971707,0.0024729662491987017,0.0024840857849960768,0.00238582790510899]],[[0.0025353449629672686,0.0026364404408725528,0.0026250037563355,0.0026854423444544156,0.0026250037563355,0.0026364404408725528,0.0025353449629672686],[0.0026364404408725528,0.0027371285455595135,0.0027277746731193347,0.0027870533665154229,0.0027277746731193347,0.0027371285455595135,0.0026364404408725528],[0.0026250037563355,0.0027277746731193347,0.0027574304086678135,0.002787138740716667,0.0027574304086678135,0.0027277746731193347,0.0026250037563355],[0.0026854423444544156,0.0027870533665154229,0.002787138740716667,0.0028421592491466958,0.002787138740716667,0.0027870533665154229,0.0026854423444544156],[0.0026250037563355,0.0027277746731193347,0.0027574304086678135,0.002787138740716667,0.0027574304086678135,0.0027277746731193347,0.0026250037563355],[0.0026364404408725528,0.0027371285455595135,0.0027277746731193347,0.0027870533665154229,0.0027277746731193347,0.0027371285455595135,0.0026364404408725528],[0.0025353449629672686,0.0026364404408725528,0.0026250037563355,0.0026854423444544156,0.0026250037563355,0.0026364404408725528,0.0025353449629672686]],[[0.0026891061147079421,0.0027930227984451278,0.0027812707972626285,0.0028434050746715504,0.0027812707972626285,0.0027930227984451278,0.0026891061147079421],[0.0027930227984451278,0.0028964586881989945,0.0028868532340797304,0.0029477585476263626,0.0028868532340797304,0.0028964586881989945,0.0027930227984451278],[0.0027812707972626285,0.0028868532340797304,0.0029173200565323,0.0029478408742364655,0.0029173200565323,0.0028868532340797304,0.0027812707972626285],[0.0028434050746715504,0.0029477585476263626,0.0029478408742364655,0.0030043610688044379,0.0029478408742364655,0.0029477585476263626,0.0028434050746715504],[0.0027812707972626285,0.0028868532340797304,0.0029173200565323,0.0029478408742364655,0.0029173200565323,0.0028868532340797304,0.0027812707972626285],[0.0027930227984451278,0.0028964586881989945,0.0028868532340797304,0.0029477585476263626,0.0028868532340797304,0.0028964586881989945,0.0027930227984451278],[0.0026891061147079421,0.0027930227984451278,0.0027812707972626285,0.0028434050746715504,0.0027812707972626285,0.0027930227984451278,0.0026891061147079421]],[[0.0028470868224946405,0.0029538083844043669,0.0029417428920847808,0.0030055630475349284,0.0029417428920847808,0.0029538083844043669,0.0028470868224946405],[0.0029538083844043669,0.003059976131502727,0.0030501205550394605,0.0031126430634597223,0.0030501205550394605,0.003059976131502727,0.0029538083844043669],[0.0029417428920847808,0.0030501205550394605,0.003081393763649055,0.0031127223581344809,0.003081393763649055,0.0030501205550394605,0.0029417428920847808],[0.0030055630475349284,0.0031126430634597223,0.0031127223581344809,0.0031707335453026119,0.0031127223581344809,0.0031126430634597223,0.0030055630475349284],[0.0029417428920847808,0.0030501205550394605,0.003081393763649055,0.0031127223581344809,0.003081393763649055,0.0030501205550394605,0.0029417428920847808],[0.0029538083844043669,0.003059976131502727,0.0030501205550394605,0.0031126430634597223,0.0030501205550394605,0.003059976131502727,0.0029538083844043669],[0.0028470868224946405,0.0029538083844043669,0.0029417428920847808,0.0030055630475349284,0.0029417428920847808,0.0029538083844043669,0.0028470868224946405]],[[0.003009262632903075,0.003118772793286251,0.0031063956306180878,0.0031718918832233881,0.0031063956306180878,0.003118772793286251,0.003009262632903075],[0.003118772793286251,0.0032276565059880529,0.0032175522638604823,0.0032816825647476139,0.0032175522638604823,0.0032276565059880529,0.003118772793286251],[0.0031063956306180878,0.0032175522638604823,0.0032496271688166349,0.0032817588421575877,0.0032496271688166349,0.0032175522638604823,0.0031063956306180878],[0.0031718918832233881,0.0032816825647476139,0.0032817588421575877,0.003341252347709261,0.0032817588421575877,0.0032816825647476139,0.0031718918832233881],[0.0031063956306180878,0.0032175522638604823,0.0032496271688166349,0.0032817588421575877,0.0032496271688166349,0.0032175522638604823,0.0031063956306180878],[0.003118772793286251,0.0032276565059880529,0.0032175522638604823,0.0032816825647476139,0.0032175522638604823,0.0032276565059880529,0.003118772793286251],[0.003009262632903075,0.003118772793286251,0.0031063956306180878,0.0031718918832233881,0.0031063956306180878,0.003118772793286251,0.003009262632903075]],[[0.0031756091517694419,0.0032878916619032889,0.00327520464687066,0.0033423672359466036,0.00327520464687066,0.0032878916619032889,0.0031756091517694419],[0.0032878916619032889,0.0033994754675419707,0.00338