{"M_cells":[[[0,0,0,0,0],[0,0,0,0,0],[0,0,0,0,0],[0,0,0,0,0],[0,0,0,0,0]],[[4.6825914385665858E-5,0.00011596567080917368,0.00013643823166175649,0.00011596567080917368,4.6825914385665858E-5],[0.00011596567080917368,0.00024396905630503238,0.00028283492457364652,0.00024396905630503238,0.00011596567080917368],[0.00013643823166175649,0.00028283492457364652,0.00032783141181961758,0.00028283492457364652,0.00013643823166175649],[0.00011596567080917368,0.00024396905630503238,0.00028283492457364652,0.00024396905630503238,0.00011596567080917368],[4.6825914385665858E-5,0.00011596567080917368,0.00013643823166175649,0.00011596567080917368,4.6825914385665858E-5]],[[0.0002750068213742381,0.00046156146650494826,0.00051937481537938572,0.00046156146650494826,0.0002750068213742381],[0.00046156146650494826,0.00071385924209766338,0.000793643112527572,0.00071385924209766338,0.00046156146650494826],[0.00051937481537938572,0.000793643112527572,0.00088075043649008477,0.000793643112527572,0.00051937481537938583],[0.00046156146650494826,0.00071385924209766338,0.000793643112527572,0.00071385924209766349,0.00046156146650494826],[0.0002750068213742381,0.00046156146650494826,0.00051937481537938583,0.00046156146650494826,0.0002750068213742381]],[[0.00071954672873349287,0.0010262857118439738,0.0011237216968339328,0.0010262857118439738,0.00071954672873349287],[0.0010262857118439738,0.0013959460201353156,0.0015151576391489675,0.0013959460201353156,0.0010262857118439738],[0.0011237216968339328,0.0015151576391489675,0.001641627855840125,0.0015151576391489675,0.0011237216968339331],[0.0010262857118439738,0.0013959460201353156,0.0015151576391489675,0.0013959460201353156,0.001026285711843974],[0.00071954672873349287,0.0010262857118439738,0.0011237216968339331,0.001026285711843974,0.00071954672873349287]],[[0.0013757599782673905,0.0017970143949992813,0.0019327126668209297,0.0017970143949992813,0.0013757599782673905],[0.0017970143949992813,0.0022766963190022256,0.002433072334178386,0.0022766963190022256,0.0017970143949992813],[0.0019327126668209297,0.002433072334178386,0.0025963410066587615,0.002433072334178386,0.00193271266682093],[0.0017970143949992813,0.0022766963190022256,0.002433072334178386,0.0022766963190022256,0.0017970143949992813],[0.0013757599782673905,0.0017970143949992813,0.00193271266682093,0.0017970143949992813,0.0013757599782673905]],[[0.0022318510850809544,0.0027606385546285056,0.0029324248049723768,0.0027606385546285056,0.0022318510850809544],[0.0027606385546285056,0.0033432649602903983,0.0035344668214393627,0.0033432649602903983,0.0027606385546285056],[0.0029324248049723768,0.0035344668214393627,0.0037321406308924812,0.0035344668214393627,0.0029324248049723768],[0.0027606385546285056,0.0033432649602903983,0.0035344668214393627,0.0033432649602903983,0.0027606385546285056],[0.0022318510850809544,0.0027606385546285056,0.0029324248049723768,0.0027606385546285056,0.0022318510850809544]],[[0.0032752607987258505,0.0039046996371838766,0.00411030989617079,0.0039046996371838766,0.0032752607987258505],[0.0039046996371838766,0.0045836058136115646,0.0048073919990990937,0.0045836058136115646,0.0039046996371838766],[0.00411030989617079,0.0048073919990990937,0.0050372369013974806,0.0048073919990990937,0.00411030989617079],[0.0039046996371838766,0.0045836058136115646,0.0048073919990990937,0.0045836058136115654,0.003904699637183877],[0.0032752607987258505,0.0039046996371838766,0.00411030989617079,0.003904699637183877,0.0032752607987258505]],[[0.0044939255348995207,0.00521750912143359,0.005454769105533378,0.00521750912143359,0.0044939255348995207],[0.00521750912143359,0.0059864573370409973,0.0062407198878014873,0.0059864573370409973,0.00521750912143359],[0.005454769105533378,0.0062407198878014873,0.0065006500309447695,0.0062407198878014873,0.005454769105533378],[0.00521750912143359,0.0059864573370409973,0.0062407198878014873,0.0059864573370409973,0.00521750912143359],[0.0044939255348995207,0.00521750912143359,0.005454769105533378,0.00521750912143359,0.0044939255348995207]],[[0.0058765042193584457,0.00668813767261133,0.0069550014273773043,0.00668813767261133,0.0058765042193584457],[0.00668813767261133,0.00754129870834607,0.0078240651651464137,0.00754129870834607,0.00668813767261133],[0.0069550014273773043,0.0078240651651464137,0.0081121325882735264,0.0078240651651464137,0.0069550014273773043],[0.00668813767261133,0.00754129870834607,0.0078240651651464137,0.00754129870834607,0.00668813767261133],[0.0058765042193584457,0.00668813767261133,0.0069550014273773043,0.00668813767261133,0.0058765042193584457]],[[0.0074123873287452371,0.0083063735115765126,0.0086009261378880049,0.0083063735115765126,0.0074123873287452371],[0.0083063735115765126,0.00923830124623413,0.0095477281627352351,0.00923830124623413,0.0083063735115765126],[0.0086009261378880049,0.0095477281627352351,0.0098621132373244453,0.0095477281627352351,0.0086009261378880049],[0.0083063735115765126,0.00923830124623413,0.0095477281627352351,0.00923830124623413,0.0083063735115765126],[0.0074123873287452371,0.0083063735115765126,0.0086009261378880049,0.0083063735115765126,0.0074123873287452371]],[[0.0090916601252140454,0.010062675607830239,0.010383127201836947,0.010062675607830239,0.0090916601252140454],[0.010062675607830239,0.011068281285417557,0.011402646059978577,0.011068281285417557,0.010062675607830239],[0.010383127201836947,0.011402646059978577,0.011741648618732109,0.011402646059978577,0.010383127201836947],[0.010062675607830239,0.011068281285417557,0.011402646059978577,0.011068281285417557,0.010062675607830239],[0.0090916601252140454,0.010062675607830239,0.010383127201836947,0.010062675607830239,0.0090916601252140454]],[[0.010905057995144112,0.011948128106492144,0.012292805906029247,0.011948128106492144,0.010905057995144112],[0.011948128106492144,0.013022655882711322,0.013380348616211377,0.013022655882711322,0.011948128106492144],[0.012292805906029247,0.013380348616211377,0.013742379714627271,0.013380348616211377,0.012292805906029247],[0.011948128106492144,0.013022655882711322,0.013380348616211377,0.013022655882711322,0.011948128106492144],[0.010905057995144112,0.011948128106492144,0.012292805906029247,0.011948128106492144,0.010905057995144112]],[[0.012843922434377044,0.01395439744033913,0.014321737951606565,0.01395439744033913,0.012843922434377044],[0.01395439744033913,0.015093401511470454,0.015472917296241964,0.015093401511470454,0.01395439744033913],[0.014321737951606565,0.015472917296241964,0.015856491555619776,0.015472917296241964,0.014321737951606565],[0.01395439744033913,0.015093401511470454,0.015472917296241964,0.015093401511470454,0.013954397440339132],[0.012843922434377044,0.01395439744033913,0.014321737951606565,0.013954397440339132,0.012843922434377045]],[[0.014900159516804509,0.016073692312059934,0.016462233840517534,0.016073692312059934,0.014900159516804509],[0.016073692312059934,0.017273015604579903,0.017672947315411035,0.017273015604579903,0.016073692312059934],[0.016462233840517534,0.017672947315411035,0.018076675800554626,0.017672947315411035,0.016462233840517534],[0.016073692312059934,0.017273015604579903,0.017672947315411035,0.017273015604579903,0.016073692312059934],[0.014900159516804509,0.016073692312059934,0.016462233840517534,0.016073692312059934,0.014900159516804509]],[[0.017066201110299144,0.018298726421516719,0.018707102084228905,0.018298726421516719,0.017066201110299144],[0.018298726421516719,0.019554480745726927,0.01997351232037322,0.019554480745726927,0.018298726421516719],[0.018707102084228905,0.01997351232037322,0.020396095909491853,0.01997351232037322,0.018707102084228905],[0.018298726421516719,0.019554480745726927,0.01997351232037322,0.019554480745726927,0.018298726421516719],[0.017066201110299144,0.018298726421516719,0.018707102084228905,0.018298726421516719,0.017066201110299144]],[[0.019334968737232273,0.020622683747809477,0.02104961495749522,0.020622683747809477,0.019334968737232273],[0.020622683747809477,0.021931231307182303,0.022368131484871039,0.021931231307182303,0.020622683747809477],[0.02104961495749522,0.022368131484871039,0.022808354692902912,0.022368131484871039,0.02104961495749522],[0.020622683747809477,0.021931231307182303,0.022368131484871039,0.021931231307182303,0.020622683747809477],[0.019334968737232273,0.020622683747809477,0.02104961495749522,0.020622683747809477,0.019334968737232273]],[[0.021699839900199233,0.0230391861923278,0.023483476583350371,0.0230391861923278,0.021699839900199233],[0.0230391861923278,0.024397122344074065,0.024850738827896193,0.024397122344074065,0.0230391861923278],[0.023483476583350371,0.024850738827896193,0.025307464047702368,0.024850738827896193,0.023483476583350371],[0.0230391861923278,0.024397122344074065,0.024850738827896193,0.024397122344074065,0.0230391861923278],[0.021699839900199233,0.0230391861923278,0.023483476583350371,0.0230391861923278,0.021699839900199233]],[[0.024154616686855441,0.025542263399553653,0.026002793163080094,0.025542263399553653,0.024154616686855441],[0.025542263399553653,0.026946400568803642,0.027415654579235428,0.026946400568803642,0.025542263399553653],[0.026002793163080094,0.027415654579235428,0.027887816707909796,0.027415654579235428,0.026002793163080094],[0.025542263399553653,0.026946400568803642,0.027415654579235428,0.026946400568803642,0.025542263399553653],[0.024154616686855441,0.025542263399553653,0.026002793163080094,0.025542263399553653,0.024154616686855441]],[[0.026693496476988453,0.028126324585109951,0.028602045181809237,0.028126324585109951,0.026693496476988453],[0.028126324585109951,0.029573677242054463,0.030057558430967531,0.029573677242054463,0.028126324585109951],[0.028602045181809237,0.030057558430967531,0.030544159850951866,0.030057558430967531,0.028602045181809237],[0.028126324585109951,0.029573677242054463,0.030057558430967531,0.029573677242054466,0.028126324585109951],[0.026693496476988453,0.028126324585109951,0.028602045181809237,0.028126324585109951,0.026693496476988453]],[[0.029311044586823095,0.030786132212624429,0.03127606143323225,0.030786132212624429,0.029311044586823095],[0.030786132212624429,0.032273902828304668,0.032771464524921169,0.032273902828304668,0.030786132212624429],[0.03127606143323225,0.032771464524921169,0.033271570411758114,0.032771464524921169,0.03127606143323225],[0.030786132212624429,0.032273902828304668,0.032771464524921169,0.032273902828304668,0.030786132212624429],[0.029311044586823095,0.030786132212624429,0.03127606143323225,0.030786132212624429,0.029311044586823095]],[[0.0320021686969606,0.033516777371877055,0.034019994717935348,0.033516777371877055,0.0320021686969606],[0.033516777371877055,0.035042343273951428,0.035552698036109547,0.035042343273951428,0.033516777371877055],[0.034019994717935348,0.035552698036109547,0.036065431966550925,0.035552698036109547,0.034019994717935348],[0.033516777371877055,0.035042343273951428,0.035552698036109547,0.035042343273951428,0.033516777371877055],[0.0320021686969606,0.033516777371877055,0.034019994717935348,0.033516777371877055,0.0320021686969606]],[[0.034762094920617992,0.036313656720227794,0.036829299079109812,0.036313656720227794,0.034762094920617992],[0.036313656720227794,0.037874557775002975,0.03839687322078697,0.037874557775002975,0.036313656720227794],[0.036829299079109812,0.03839687322078697,0.038921413056626344,0.03839687322078697,0.036829299079109812],[0.036313656720227794,0.037874557775002975,0.03839687322078697,0.037874557775002975,0.036313656720227794],[0.034762094920617992,0.036313656720227794,0.036829299079109812,0.036313656720227794,0.034762094920617992]],[[0.037586345377904638,0.03917245085780504,0.039699708447729451,0.03917245085780504,0.037586345377904638],[0.03917245085780504,0.0407663779091393,0.041299872805404307,0.0407663779091393,0.03917245085780504],[0.039699708447729451,0.041299872805404307,0.041835446829839446,0.041299872805404307,0.039699708447729451],[0.03917245085780504,0.0407663779091393,0.041299872805404307,0.0407663779091393,0.03917245085780504],[0.037586345377904638,0.03917245085780504,0.039699708447729451,0.03917245085780504,0.037586345377904638]],[[0.040470717149763469,0.042089104014133433,0.042627216576251965,0.042089104014133433,0.040470717149763469],[0.042089104014133433,0.043713888013530246,0.044257828599122057,0.043713888013530246,0.042089104014133433],[0.042627216576251965,0.044257828599122057,0.044803711883686238,0.044257828599122057,0.042627216576251965],[0.042089104014133433,0.043713888013530246,0.044257828599122057,0.043713888013530246,0.042089104014133433],[0.040470717149763469,0.042089104014133433,0.042627216576251965,0.042089104014133433,0.040470717149763469]],[[0.043411262492006178,0.045059804930098937,0.0456080581459428,0.045059804930098937,0.043411262492006178],[0.045059804930098937,0.0467134066954291,0.047267103217973762,0.0467134066954291,0.045059804930098937],[0.0456080581459428,0.047267103217973762,0.047822614199107,0.047267103217973762,0.0456080581459428],[0.045059804930098937,0.0467134066954291,0.047267103217973762,0.0467134066954291,0.045059804930098937],[0.043411262492006178,0.045059804930098937,0.0456080581459428,0.045059804930098937,0.043411262492006178]],[[0.046404270195561009,0.048080968824280965,0.048638690937792876,0.048080968824280965,0.046404270195561009],[0.048080968824280965,0.049761469367083366,0.050324272813082029,0.049761469367083366,0.048080968824280965],[0.048638690937792876,0.050324272813082029,0.05088877005824767,0.050324272813082029,0.048638690937792876],[0.048080968824280965,0.049761469367083366,0.050324272813082029,0.049761469367083366,0.048080968824280965],[0.046404270195561009,0.048080968824280965,0.048638690937792876,0.048080968824280965,0.046404270195561009]],[[0.049446247983709016,0.051149220336632883,0.051715778960846108,0.051149220336632883,0.049446247983709016],[0.051149220336632883,0.052854811699867089,0.053426110698512247,0.052854811699867089,0.051149220336632883],[0.051715778960846108,0.053426110698512247,0.053998989842393055,0.053426110698512247,0.051715778960846108],[0.051149220336632883,0.052854811699867089,0.053426110698512247,0.052854811699867089,0.051149220336632883],[0.049446247983709016,0.051149220336632883,0.051715778960846108,0.051149220336632883,0.049446247983709016]],[[0.052533905840563354,0.054261377345451056,0.054836176434392488,0.054261377345451056,0.052533905840563354],[0.054261377345451056,0.055990353894832354,0.056569571776399825,0.055990353894832354,0.054261377345451056],[0.054836176434392488,0.056569571776399825,0.057150262608119874,0.056569571776399825,0.054836176434392488],[0.054261377345451056,0.055990353894832354,0.056569571776399825,0.055990353894832354,0.054261377345451056],[0.052533905840563354,0.054261377345451056,0.054836176434392488,0.054261377345451056,0.052533905840563354]],[[0.055664140167434754,0.057414435555214027,0.057996912522002356,0.057414435555214027,0.055664140167434754],[0.057414435555214027,0.059165185667850811,0.059751777657754995,0.059165185667850811,0.057414435555214027],[0.057996912522002356,0.059751777657754995,0.060339741340254952,0.059751777657754995,0.057996912522002356],[0.057414435555214027,0.059165185667850811,0.059751777657754995,0.059165185667850811,0.057414435555214027],[0.055664140167434754,0.057414435555214027,0.057996912522002356,0.057414435555214027,0.055664140167434754]],[[0.058834018664773176,0.060605553753249247,0.061195176715445242,0.060605553753249247,0.058834018664773176],[0.060605553753249247,0.062376551847116948,0.0629700023766826,0.062376551847116955,0.060605553753249247],[0.061195176715445242,0.0629700023766826,0.063564728779299112,0.062970002376682613,0.061195176715445242],[0.060605553753249247,0.062376551847116955,0.062970002376682613,0.062376551847116955,0.060605553753249247],[0.058834018664773176,0.060605553753249247,0.061195176715445242,0.060605553753249247,0.058834018664773176]],[[0.062040765837180038,0.063832039632122889,0.064428304765240932,0.063832039632122889,0.062040765837180038],[0.063832039632122889,0.065621838478872777,0.066221658593563978,0.065621838478872777,0.063832039632122889],[0.064428304765240932,0.066221658593563978,0.0668226637184987,0.066221658593563978,0.064428304765240932],[0.063832039632122889,0.065621838478872777,0.066221658593563978,0.065621838478872777,0.063832039632122889],[0.062040765837180038,0.063832039632122889,0.064428304765240932,0.063832039632122889,0.062040765837180038]],[[0.065281749017055857,0.067091336071864,0.0676937650515057,0.067091336071864,0.065281749017055857],[0.067091336071864,0.068898559333449877,0.06950428417866307,0.068898559333449877,0.067091336071864],[0.0676937650515057,0.06950428417866307,0.070111107661329233,0.06950428417866307,0.0676937650515057],[0.067091336071864,0.068898559333449877,0.06950428417866307,0.068898559333449877,0.067091336071864],[0.065281749017055857,0.067091336071864,0.0676937650515057,0.067091336071864,0.065281749017055857]],[[0.0685544647989422,0.070381007771514,0.070989145283733512,0.070381007771514,0.0685544647989422],[0.070381007771514,0.072204342697940044,0.072815529061439621,0.072204342697940044,0.070381007771514],[0.070989145283733512,0.072815529061439621,0.073427731723588685,0.072815529061439621,0.070989145283733512],[0.070381007771514,0.072204342697940044,0.072815529061439621,0.072204342697940044,0.070381007771514],[0.0685544647989422,0.070381007771514,0.070989145283733512,0.070381007771514,0.0685544647989422]],[[0.07185652577083243,0.0736987281124723,0.074312139410846009,0.0736987281124723,0.07185652577083243],[0.0736987281124723,0.075536918333462308,0.076153142222094544,0.075536918333462308,0.0736987281124723],[0.074312139410846009,0.076153142222094544,0.076770303655078712,0.076153142222094544,0.074312139410846009],[0.0736987281124723,0.075536918333462308,0.076153142222094544,0.075536918333462308,0.0736987281124723],[0.07185652577083243,0.0736987281124723,0.074312139410846009,0.0736987281124723,0.07185652577083243]],[[0.075185647420694834,0.0770422661266102,0.07766053461269537,0.0770422661266102,0.075185647420694834],[0.0770422661266102,0.0788941044638197,0.079514958690118029,0.0788941044638197,0.0770422661266102],[0.07766053461269537,0.079514958690118029,0.080136674843545655,0.079514958690118029,0.07766053461269537],[0.0770422661266102,0.0788941044638197,0.079514958690118029,0.0788941044638197,0.0770422661266102],[0.075185647420694834,0.0770422661266102,0.07766053461269537,0.0770422661266102,0.075185647420694834]],[[0.078539635085252829,0.080409473429070649,0.081032198230708688,0.080409473429070649,0.078539635085252829],[0.080409473429070649,0.0822737946473489,0.082898886399013119,0.0822737946473489,0.080409473429070649],[0.081032198230708688,0.082898886399013119,0.08352476714728739,0.082898886399013119,0.081032198230708688],[0.080409473429070649,0.0822737946473489,0.082898886399013119,0.0822737946473489,0.080409473429070649],[0.078539635085252829,0.080409473429070649,0.081032198230708688,0.080409473429070649,0.078539635085252829]],[[0.081916370793451487,0.083798270958989,0.084425064477875386,0.083798270958989,0.081916370793451487],[0.083798270958989,0.085673944364650784,0.0863028927264321,0.085673944364650784,0.083798270958989],[0.084425064477875386,0.0863028927264321,0.086932559382075364,0.0863028927264321,0.084425064477875386],[0.083798270958989,0.085673944364650784,0.0863028927264321,0.085673944364650784,0.083798270958989],[0.081916370793451487,0.083798270958989,0.084425064477875386,0.083798270958989,0.081916370793451487]],[[0.085313799838110355,0.08720663534956237,0.087837120745629244,0.08720663534956237,0.085313799838110355],[0.08720663534956237,0.089092557130128827,0.089724990523243314,0.089092557130128827,0.08720663534956237],[0.087837120745629244,0.089724990523243314,0.0903580732613224,0.089724990523243314,0.087837120745629244],[0.08720663534956237,0.089092557130128827,0.089724990523243314,0.089092557130128827,0.08720663534956237],[0.085313799838110355,0.08720663534956237,0.087837120745629244,0.08720663534956237,0.085313799838110355]],[[0.088729916884697779,0.090632584721302048,0.091266393296541876,0.090632584721302048,0.088729916884697779],[0.090632584721302048,0.09252766990403237,0.0931632234026253,0.09252766990403237,0.090632584721302048],[0.091266393296541876,0.0931632234026253,0.093799358554764081,0.0931632234026253,0.091266393296541876],[0.090632584721302048,0.09252766990403237,0.0931632234026253,0.09252766990403237,0.090632584721302048],[0.088729916884697779,0.090632584721302048,0.091266393296541876,0.090632584721302048,0.088729916884697779]],[[0.09216275139543452,0.094074163657290669,0.094710932095326189,0.094074163657290669,0.09216275139543452],[0.094074163657290669,0.095977337542168487,0.096615650019256261,0.095977337542168487,0.094074163657290669],[0.094710932095326189,0.096615650019256261,0.097254477188369687,0.096615650019256261,0.094710932095326189],[0.094074163657290669,0.095977337542168487,0.096615650019256261,0.095977337542168487,0.094074163657290669],[0.09216275139543452,0.094074163657290669,0.094710932095326189,0.094074163657290669,0.09216275139543452]],[[0.095610352107709851,0.097529427075143019,0.09816879448501499,0.097529427075143019,0.095610352107709851],[0.097529427075143019,0.099439615970807957,0.1000803270172384,0.099439615970807957,0.097529427075143019],[0.09816879448501499,0.1000803270172384,0.10072148595488646,0.1000803270172384,0.09816879448501499],[0.097529427075143019,0.099439615970807957,0.1000803270172384,0.099439615970807957,0.097529427075143019],[0.095610352107709851,0.097529427075143019,0.09816879448501499,0.097529427075143019,0.095610352107709851]],[[0.0990707702567442,0.10099642265522325,0.10163802735792762,0.10099642265522325,0.0990707702567442],[0.10099642265522325,0.1029125437123304,0.10355529026115892,0.1029125437123304,0.10099642265522325],[0.10163802735792762,0.10355529026115892,0.10419841743787123,0.10355529026115892,0.10163802735792762],[0.10099642265522325,0.1029125437123304,0.10355529026115892,0.1029125437123304,0.10099642265522325],[0.0990707702567442,0.10099642265522325,0.10163802735792762,0.10099642265522325,0.0990707702567442]],[[0.10254204117116598,0.10447317141570504,0.10511664739963754,0.10447317141570504,0.10254204117116598],[0.10447317141570504,0.10639412130990038,0.10703853388471696,0.10639412130990038,0.10447317141570504],[0.10511664739963754,0.10703853388471696,0.10768325866928333,0.10703853388471696,0.10511664739963754],[0.10447317141570504,0.10639412130990038,0.10703853388471696,0.10639412130990038,0.10447317141570504],[0.10254204117116598,0.10447317141570504,0.10511664739963754,0.10447317141570504,0.10254204117116598]],[[0.10602216379369291,0.10795764593968113,0.10860261889586408,0.10795764593968113,0.10602216379369291],[0.10795764593968113,0.10988228810414746,0.11052798659276787,0.10988228810414746,0.10795764593968113],[0.10860261889586408,0.11052798659276787,0.11117392693875526,0.11052798659276787,0.10860261889586408],[0.10795764593968113,0.10988228810414746,0.11052798659276787,0.10988228810414746,0.10795764593968113],[0.10602216379369291,0.10795764593968113,0.10860261889586408,0.10795764593968113,0.10602216379369291]],[[0.10950907758508698,0.11144774565454173,0.11209382848361818,0.11144774565454173,0.10950907758508698],[0.11144774565454173,0.11337489569813933,0.11402148453208961,0.11337489569813933,0.11144774565454173],[0.11209382848361818,0.11402148453208961,0.11466824204816074,0.11402148453208961,0.11209382848361818],[0.11144774565454173,0.11337489569813933,0.11402148453208961,0.11337489569813933,0.11144774565454173],[0.10950907758508698,0.11144774565454173,0.11209382848361818,0.11144774565454173,0.10950907758508698]],[[0.11300063615425335,0.11494126843624115,0.11558805609629325,0.11494126843624115,0.11300063615425335],[0.11494126843624115,0.11686967730618848,0.11751673990107719,0.11686967730618848,0.11494126843624115],[0.11558805609629325,0.11751673990107719,0.11816389415555291,0.11751673990107719,0.11558805609629325],[0.11494126843624115,0.11686967730618848,0.11751673990107719,0.11686967730618848,0.11494126843624115],[0.11300063615425335,0.11494126843624115,0.11558805609629325,0.11494126843624115,0.11300063615425335]],[[0.11649457681882844,0.11843587765886537,0.11908294119570896,0.11843587765886537,0.11649457681882844],[0.11843587765886537,0.12036421201601276,0.12101130429794833,0.12036421201601276,0.11843587765886537],[0.11908294119570896,0.12101130429794833,0.12165840617727264,0.12101130429794833,0.11908294119570896],[0.11843587765886537,0.12036421201601276,0.12101130429794833,0.12036421201601276,0.11843587765886537],[0.11649457681882844,0.11843587765886537,0.11908294119570896,0.11843587765886537,0.11649457681882844]],[[0.11998848513732159,0.12192906363346008,0.12257594320319953,0.12192906363346008,0.11998848513732159],[0.12192906363346008,0.12385588280483792,0.12450252561387298,0.12385588280483792,0.12192906363346008],[0.12257594320319953,0.12450252561387298,0.12514908951969456,0.12450252561387298,0.12257594320319953],[0.12192906363346008,0.12385588280483792,0.12450252561387298,0.12385588280483792,0.12192906363346008],[0.11998848513732159,0.12192906363346008,0.12257594320319953,0.12192906363346008,0.11998848513732159]],[[0.12347975326915156,0.12541809818509164,0.12606429484343296,0.12541809818509164,0.12347975326915156],[0.12541809818509164,0.12734182694803059,0.12798749707289012,0.12734182694803059,0.12541809818509164],[0.12606429484343296,0.12798749707289012,0.12863299170527143,0.12798749707289012,0.12606429484343298],[0.12541809818509164,0.12734182694803059,0.12798749707289012,0.12734182694803062,0.12541809818509167],[0.12347975326915156,0.12541809818509164,0.12606429484343298,0.12541809818509167,0.12347975326915157]],[[0.12696553082271844,0.12889998091991248,0.12954494691657825,0.12889998091991248,0.12696553082271844],[0.12889998091991248,0.13081887726785676,0.13146299683103138,0.13081887726785676,0.12889998091991248],[0.12954494691657825,0.13146299683103138,0.13210683427044451,0.13146299683103138,0.12954494691657828],[0.12889998091991248,0.13081887726785676,0.13146299683103138,0.13081887726785676,0.1288999809199125],[0.12696553082271844,0.12889998091991248,0.12954494691657828,0.1288999809199125,0.12696553082271847]],[[0.13044266666919083,0.13237137557012943,0.13301450285622959,0.13237137557012943,0.13044266666919083],[0.13237137557012943,0.134283492539891,0.13492541642730863,0.134283492539891,0.13237137557012943],[0.13301450285622959,0.13492541642730863,0.13556693920508495,0.13492541642730863,0.13301450285622959],[0.13237137557012943,0.134283492539891,0.13492541642730863,0.134283492539891,0.13237137557012943],[0.13044266666919083,0.13237137557012943,0.13301450285622959,0.13237137557012943,0.13044266666919085]],[[0.13390764008209438,0.13582853474468179,0.13646914138786048,0.13582853474468179,0.13390764008209438],[0.13582853474468179,0.13773167540029704,0.1383706764316468,0.13773167540029704,0.13582853474468179],[0.13646914138786048,0.1383706764316468,0.13900914228536945,0.1383706764316468,0.13646914138786048],[0.13582853474468179,0.13773167540029704,0.1383706764316468,0.13773167540029704,0.13582853474468179],[0.13390764008209438,0.13582853474468179,0.13646914138786048,0.13582853474468179,0.13390764008209438]],[[0.1373564796062415,0.13926721158509237,0.13990452581437809,0.13926721158509237,0.1373564796062415],[0.13926721158509237,0.14115887644725181,0.1417941280411707,0.14115887644725181,0.13926721158509237],[0.13990452581437809,0.1417941280411707,0.14242869211997922,0.1417941280411707,0.13990452581437809],[0.13926721158509237,0.14115887644725181,0.1417941280411707,0.14115887644725181,0.13926721158509237],[0.1373564796062415,0.13926721158509237,0.13990452581437809,0.13926721158509237,0.1373564796062415]],[[0.140784668433746,0.14268255744983785,0.143315699157557,0.14268255744983785,0.140784668433746],[0.14268255744983785,0.14455988418669694,0.14519044043884041,0.14455988418669694,0.14268255744983785],[0.143315699157557,0.14519044043884041,0.14582013490688683,0.14519044043884041,0.143315699157557],[0.14268255744983785,0.14455988418669694,0.14519044043884041,0.14455988418669694,0.14268255744983785],[0.140784668433746,0.14268255744983785,0.143315699157557,0.14268255744983785,0.140784668433746]],[[0.14418703605138486,0.146069006181759,0.14669696595615961,0.146069006181759,0.14418703605138486],[0.146069006181759,0.14792870247782555,0.14855347591687978,0.14792870247782555,0.146069006181759],[0.14669696595615961,0.14855347591687978,0.14917718728378365,0.14855347591687978,0.14669696595615961],[0.146069006181759,0.14792870247782555,0.14855347591687978,0.14792870247782555,0.146069006181759],[0.14418703605138486,0.146069006181759,0.14669696595615961,0.146069006181759,0.14418703605138486]],[[0.14755763795527896,0.14942014827789796,0.15004176451922557,0.14942014827789796,0.14755763795527896],[0.14942014827789796,0.15125842081157445,0.15187615873829294,0.15125842081157445,0.14942014827789796],[0.15004176451922557,0.15187615873829294,0.1524926039391214,0.15187615873829294,0.15004176451922557],[0.14942014827789796,0.15125842081157445,0.15187615873829294,0.15125842081157445,0.14942014827789796],[0.14755763795527896,0.14942014827789796,0.15004176451922557,0.14942014827789796,0.14755763795527896]],[[0.15088962890504967,0.15272860306077274,0.15334253856600469,0.15272860306077274,0.15088962890504967],[0.15272860306077274,0.15454108884768494,0.15515035022673523,0.15454108884768494,0.15272860306077274],[0.15334253856600469,0.15515035022673523,0.15575805361612877,0.15515035022673523,0.15334253856600469],[0.15272860306077274,0.15454108884768494,0.15515035022673523,0.15454108884768494,0.15272860306077274],[0.15088962890504967,0.15272860306077274,0.15334253856600469,0.15272860306077274,0.15088962890504967]],[[0.15417514119214781,0.15598590441755825,0.15659062512550259,0.15598590441755825,0.15417514119214781],[0.15598590441755825,0.15776761571704498,0.15836675218539581,0.15776761571704498,0.15598590441755825],[0.15659062512550259,0.15836675218539581,0.15896402730023151,0.15836675218539581,0.15659062512550259],[0.15598590441755825,0.15776761571704498,0.15836675218539581,0.15776761571704498,0.15598590441755825],[0.15417514119214781,0.15598590441755825,0.15659062512550259,0.15598590441755825,0.15417514119214781]],[[0.1574051881883656,0.1591824260187793,0.15977618642698746,0.1591824260187793,0.1574051881883656],[0.1591824260187793,0.16092772637689667,0.16151487301398765,0.16092772637689667,0.1591824260187793],[0.15977618642698746,0.16151487301398765,0.16209981512774183,0.16151487301398765,0.15977618642698746],[0.1591824260187793,0.16092772637689667,0.16151487301398765,0.16092772637689667,0.1591824260187793],[0.1574051881883656,0.1591824260187793,0.15977618642698746,0.1591824260187793,0.1574051881883656]],[[0.16056962457355992,0.16230738392463437,0.16288822582294679,0.16230738392463437,0.16056962457355992],[0.16230738392463437,0.16401001944211593,0.16458310312383453,0.16401001944211593,0.16230738392463437],[0.16288822582294679,0.16458310312383453,0.16515360080707461,0.16458310312383453,0.16288822582294679],[0.16230738392463437,0.16401001944211593,0.16458310312383453,0.16401001944211593,0.16230738392463437],[0.16056962457355992,0.16230738392463437,0.16288822582294679,0.16230738392463437,0.16056962457355992]],[[0.16365720567082023,0.16534896424720474,0.16591473720293451,0.16534896424720474,0.16365720567082023],[0.16534896424720474,0.16700217774258672,0.16755895221014788,0.16700217774258672,0.16534896424720474],[0.16591473720293451,0.16755895221014788,0.16811272726034077,0.16755895221014788,0.16591473720293451],[0.16534896424720474,0.16700217774258672,0.16755895221014788,0.16700217774258672,0.16534896424720474],[0.16365720567082023,0.16534896424720474,0.16591473720293451,0.16534896424720474,0.16365720567082023]],[[0.16665579380047904,0.16829462386209582,0.16884303611124141,0.16829462386209582,0.16665579380047904],[0.16829462386209582,0.16989137552851949,0.1704294912254819,0.16989137552851949,0.16829462386209582],[0.16884303611124141,0.1704294912254819,0.17096417481906584,0.1704294912254819,0.16884303611124141],[0.16829462386209582,0.16989137552851949,0.1704294912254819,0.16989137552851949,0.16829462386209582],[0.16665579380047904,0.16829462386209582,0.16884303611124141,0.16829462386209582,0.16665579380047904]],[[0.16955275154645016,0.17113159437635789,0.17166029991666998,0.17113159437635789,0.16955275154645016],[0.17113159437635789,0.1726648964926015,0.17318200830012279,0.1726648964926015,0.17113159437635789],[0.17166029991666998,0.17318200830012279,0.1736952556085157,0.17318200830012279,0.17166029991666998],[0.17113159437635789,0.1726648964926015,0.17318200830012279,0.1726648964926015,0.17113159437635789],[0.16955275154645016,0.17113159437635789,0.17166029991666998,0.17113159437635789,0.16955275154645016]],[[0.17233553353122608,0.17384757923273186,0.1743543001418203,0.17384757923273186,0.17233553353122608],[0.17384757923273186,0.17531092466252957,0.17580483179118206,0.17531092466252957,0.17384757923273186],[0.1743543001418203,0.17580483179118206,0.17629446773086144,0.17580483179118206,0.1743543001418203],[0.17384757923273186,0.17531092466252957,0.17580483179118206,0.17531092466252957,0.17384757923273186],[0.17233553353122608,0.17384757923273186,0.1743543001418203,0.17384757923273186,0.17233553353122608]],[[0.1749924407373657,0.17643157815525456,0.17691425154735271,0.17643157815525456,0.1749924407373657],[0.17643157815525456,0.1778194107421473,0.17828821260728617,0.1778194107421473,0.17643157815525456],[0.17691425154735271,0.17828821260728617,0.1787523906887121,0.17828821260728617,0.17691425154735271],[0.17643157815525456,0.1778194107421473,0.17828821260728617,0.1778194107421473,0.17643157815525456],[0.1749924407373657,0.17643157815525456,0.17691425154735271,0.17643157815525456,0.1749924407373657]],[[0.17751344820388826,0.1788747226822241,0.17933165262843814,0.1788747226822241,0.17751344820388826],[0.1788747226822241,0.18018287597549093,0.18062512027983713,0.18018287597549093,0.1788747226822241],[0.17933165262843814,0.18062512027983713,0.18106246941165779,0.18062512027983713,0.17933165262843814],[0.1788747226822241,0.18018287597549093,0.18062512027983713,0.18018287597549093,0.1788747226822241],[0.17751344820388826,0.1788747226822241,0.17933165262843814,0.1788747226822241,0.17751344820388826]],[[0.17989098042898163,0.18117098545972884,0.18160097576484191,0.18117098545972884,0.17989098042898163],[0.18117098545972884,0.18239701577310921,0.18281181409517588,0.18239701577310921,0.18117098545972884],[0.18160097576484191,0.18281181409517588,0.1832215484439508,0.18281181409517588,0.18160097576484191],[0.18117098545972884,0.18239701577310921,0.18281181409517588,0.18239701577310921,0.18117098545972884],[0.17989098042898163,0.18117098545972884,0.18160097576484191,0.18117098545972884,0.17989098042898163]],[[0.18212050717282305,0.18331764599228459,0.18372009223888974,0.18331764599228459,0.18212050717282305],[0.18331764599228459,0.18446100742097049,0.18484810000325672,0.18446100742097049,0.18331764599228459],[0.18372009223888974,0.18484810000325672,0.18523007469679612,0.18484810000325672,0.18372009223888974],[0.18331764599228459,0.18446100742097049,0.18484810000325672,0.18446100742097049,0.18331764599228459],[0.18212050717282305,0.18331764599228459,0.18372009223888974,0.18331764599228459,0.18212050717282305]],[[0.18420086731769972,0.18531544783822509,0.18569037551584475,0.18531544783822509,0.18420086731769972],[0.18531544783822509,0.18637749075067495,0.18673725301605207,0.18637749075067495,0.18531544783822509],[0.18569037551584475,0.18673725301605207,0.187091960122304,0.18673725301605207,0.18569037551584475],[0.18531544783822509,0.18637749075067495,0.18673725301605207,0.18637749075067495,0.18531544783822509],[0.18420086731769972,0.18531544783822509,0.18569037551584475,0.18531544783822509,0.18420086731769972]],[[0.18613428491831091,0.18716844473172664,0.18751649107962198,0.18716844473172664,0.18613428491831091],[0.18716844473172664,0.18815225233770291,0.18848564671251489,0.18815225233770291,0.18716844473172664],[0.18751649107962198,0.18848564671251489,0.18881415705583982,0.18848564671251489,0.18751649107962198],[0.18716844473172664,0.18815225233770291,0.18848564671251489,0.18815225233770291,0.18716844473172664],[0.18613428491831091,0.18716844473172664,0.18751649107962198,0.18716844473172664,0.18613428491831091]],[[0.1879260984906464,0.1888835851056784,0.1892059318928177,0.1888835851056784,0.1879260984906464],[0.1888835851056784,0.18979368607085453,0.19010217085419381,0.18979368607085453,0.1888835851056784],[0.1892059318928177,0.19010217085419381,0.19040603491393826,0.19010217085419381,0.1892059318928177],[0.1888835851056784,0.18979368607085453,0.19010217085419381,0.18979368607085453,0.1888835851056784],[0.1879260984906464,0.1888835851056784,0.1892059318928177,0.1888835851056784,0.1879260984906464]],[[0.18958426652689978,0.19047011569820144,0.19076838644148586,0.19047011569820144,0.18958426652689978],[0.19047011569820144,0.19131212188518842,0.1915975330953168,0.19131212188518842,0.19047011569820144],[0.19076838644148586,0.1915975330953168,0.19187865772774335,0.1915975330953168,0.19076838644148586],[0.19047011569820144,0.19131212188518842,0.1915975330953168,0.19131212188518842,0.19047011569820144],[0.18958426652689978,0.19047011569820144,0.19076838644148586,0.19047011569820144,0.18958426652689978]],[[0.1911187336772901,0.19193889503888045,0.19221503272169779,0.19193889503888045,0.1911187336772901],[0.19193889503888045,0.19271911398171654,0.19298353672071264,0.19271911398171654,0.19193889503888045],[0.19221503272169779,0.19298353672071264,0.19324405440514239,0.19298353672071264,0.19221503272169779],[0.19193889503888045,0.19271911398171654,0.19298353672071264,0.19271911398171654,0.19193889503888045],[0.1911187336772901,0.19193889503888045,0.19221503272169779,0.19193889503888045,0.1911187336772901]],[[0.19254074483680017,0.19330170128261015,0.19355784209304841,0.19330170128261015,0.19254074483680017],[0.19330170128261015,0.1940267660303544,0.19427240989503439,0.1940267660303544,0.19330170128261015],[0.19355784209304841,0.19427240989503439,0.19451455470189508,0.19427240989503439,0.19355784209304841],[0.19330170128261015,0.1940267660303544,0.19427240989503439,0.1940267660303544,0.19330170128261015],[0.19254074483680017,0.19330170128261015,0.19355784209304841,0.19330170128261015,0.19254074483680017]],[[0.19386218341669786,0.1945706017699039,0.19480895768193215,0.1945706017699039,0.19386218341669786],[0.1945706017699039,0.195247149340337,0.19547623878855472,0.195247149340337,0.1945706017699039],[0.19480895768193215,0.19547623878855472,0.19570223934041381,0.19547623878855472,0.19480895768193215],[0.1945706017699039,0.195247149340337,0.19547623878855472,0.195247149340337,0.1945706017699039],[0.19386218341669786,0.1945706017699039,0.19480895768193215,0.1945706017699039,0.19386218341669786]],[[0.19509499075449321,0.19575742916248562,0.19598018830169145,0.19575742916248562,0.19509499075449321],[0.19575742916248562,0.19639184581686997,0.19660653211481563,0.19639184581686997,0.19575742916248562],[0.19598018830169145,0.19660653211481563,0.1968185273940383,0.19660653211481563,0.19598018830169145],[0.19575742916248562,0.19639184581686997,0.19660653211481563,0.19639184581686997,0.19575742916248562],[0.19509499075449321,0.19575742916248562,0.19598018830169145,0.19575742916248562,0.19509499075449321]],[[0.19625070095023375,0.19687338576883379,0.19708263532397186,0.19687338576883379,0.19625070095023375],[0.19687338576883379,0.19747162506413213,0.1976739223154502,0.19747162506413213,0.19687338576883379],[0.19708263532397186,0.1976739223154502,0.19787390206580666,0.1976739223154502,0.19708263532397186],[0.19687338576883379,0.19747162506413213,0.1976739223154502,0.19747162506413213,0.19687338576883379],[0.19625070095023375,0.19687338576883379,0.19708263532397186,0.19687338576883379,0.19625070095023375]],[[0.1973401037444043,0.1979287775651839,0.19812645025699738,0.1979287775651839,0.1973401037444043],[0.1979287775651839,0.19849624742172089,0.19868799182914304,0.19849624742172089,0.1979287775651839],[0.19812645025699738,0.19868799182914304,0.19887776008177702,0