{"M_cells":[[[0,0,0,0,0,0,0],[0,0,0,0,0,0,0],[0,0,0,0,0,0,0],[0,0,0,0,0,0,0],[0,0,0,0,0,0,0],[0,0,0,0,0,0,0],[0,0,0,0,0,0,0]],[[5.5344482618185869E-9,3.1735158069000968E-8,2.8241048450400039E-8,4.129506646480059E-8,2.8241048450400039E-8,3.1735158069000968E-8,5.5344482618185869E-9],[3.1735158069000968E-8,1.3350894294361126E-7,1.2208969130646027E-7,1.7235335235928558E-7,1.2208969130646027E-7,1.3350894294361126E-7,3.1735158069000968E-8],[2.8241048450400039E-8,1.2208969130646027E-7,1.4978100551789569E-7,1.7761857621342146E-7,1.4978100551789572E-7,1.220896913064603E-7,2.8241048450400039E-8],[4.129506646480059E-8,1.7235335235928558E-7,1.7761857621342146E-7,2.3417464429094975E-7,1.7761857621342149E-7,1.7235335235928564E-7,4.129506646480059E-8],[2.8241048450400039E-8,1.2208969130646027E-7,1.4978100551789572E-7,1.7761857621342149E-7,1.4978100551789572E-7,1.220896913064603E-7,2.8241048450400039E-8],[3.1735158069000968E-8,1.3350894294361126E-7,1.220896913064603E-7,1.7235335235928564E-7,1.220896913064603E-7,1.3350894294361126E-7,3.1735158069000968E-8],[5.5344482618185869E-9,3.1735158069000968E-8,2.8241048450400039E-8,4.129506646480059E-8,2.8241048450400039E-8,3.1735158069000968E-8,5.5344482618185869E-9]],[[3.7860302793224795E-8,1.2289652370400927E-7,1.1169005462699926E-7,1.5542493476655286E-7,1.1169005462699926E-7,1.2289652370400927E-7,3.7860302793224795E-8],[1.2289652370400927E-7,3.1653823751668677E-7,2.9508775331618907E-7,3.946299546256526E-7,2.9508775331618907E-7,3.1653823751668677E-7,1.2289652370400927E-7],[1.1169005462699926E-7,2.9508775331618907E-7,3.48851319273696E-7,4.0279974745254876E-7,3.48851319273696E-7,2.9508775331618907E-7,1.1169005462699926E-7],[1.5542493476655286E-7,3.946299546256526E-7,4.0279974745254876E-7,5.1030869015003609E-7,4.027997474525487E-7,3.9462995462565255E-7,1.5542493476655286E-7],[1.1169005462699926E-7,2.9508775331618907E-7,3.48851319273696E-7,4.027997474525487E-7,3.48851319273696E-7,2.9508775331618907E-7,1.1169005462699928E-7],[1.2289652370400927E-7,3.1653823751668677E-7,2.9508775331618907E-7,3.9462995462565255E-7,2.9508775331618907E-7,3.1653823751668677E-7,1.2289652370400927E-7],[3.7860302793224795E-8,1.2289652370400927E-7,1.1169005462699926E-7,1.5542493476655286E-7,1.1169005462699928E-7,1.2289652370400927E-7,3.7860302793224795E-8]],[[1.1023215443723963E-7,2.67669098429583E-7,2.4711354996692295E-7,3.3027317058265275E-7,2.4711354996692295E-7,2.6766909842958295E-7,1.1023215443723963E-7],[2.67669098429583E-7,5.4429968130769714E-7,5.1407133123460849E-7,6.605295063514479E-7,5.1407133123460849E-7,5.4429968130769714E-7,2.6766909842958295E-7],[2.4711354996692295E-7,5.1407133123460849E-7,5.91949050163442E-7,6.7004648408450043E-7,5.91949050163442E-7,5.1407133123460849E-7,2.4711354996692295E-7],[3.3027317058265275E-7,6.605295063514479E-7,6.7004648408450043E-7,8.234419319268678E-7,6.7004648408450043E-7,6.605295063514479E-7,3.3027317058265275E-7],[2.4711354996692295E-7,5.1407133123460849E-7,5.91949050163442E-7,6.7004648408450043E-7,5.91949050163442E-7,5.1407133123460849E-7,2.4711354996692295E-7],[2.6766909842958295E-7,5.4429968130769714E-7,5.1407133123460849E-7,6.605295063514479E-7,5.1407133123460849E-7,5.4429968130769714E-7,2.6766909842958295E-7],[1.1023215443723963E-7,2.6766909842958295E-7,2.4711354996692295E-7,3.3027317058265275E-7,2.4711354996692295E-7,2.6766909842958295E-7,1.1023215443723963E-7]],[[2.2747451687697382E-7,4.60922526166283E-7,4.3074556249052293E-7,5.5679776787596088E-7,4.3074556249052293E-7,4.60922526166283E-7,2.274745168769738E-7],[4.60922526166283E-7,8.1269189909544009E-7,7.7481521262546988E-7,9.6519807014690947E-7,7.7481521262546988E-7,8.1269189909544009E-7,4.60922526166283E-7],[4.3074556249052293E-7,7.7481521262546988E-7,8.7484728951189831E-7,9.7513063414574043E-7,8.7484728951189831E-7,7.7481521262546988E-7,4.3074556249052293E-7],[5.5679776787596088E-7,9.6519807014690947E-7,9.7513063414574043E-7,1.169922570532448E-6,9.7513063414574043E-7,9.6519807014690947E-7,5.5679776787596088E-7],[4.3074556249052293E-7,7.7481521262546988E-7,8.7484728951189831E-7,9.7513063414574043E-7,8.7484728951189831E-7,7.7481521262546988E-7,4.3074556249052293E-7],[4.60922526166283E-7,8.1269189909544009E-7,7.7481521262546988E-7,9.6519807014690947E-7,7.7481521262546988E-7,8.1269189909544009E-7,4.60922526166283E-7],[2.274745168769738E-7,4.60922526166283E-7,4.3074556249052293E-7,5.5679776787596088E-7,4.3074556249052293E-7,4.60922526166283E-7,2.274745168769738E-7]],[[3.900694323839153E-7,6.9811511050835117E-7,6.5871846994558842E-7,8.2807301975694456E-7,6.5871846994558842E-7,6.9811511050835117E-7,3.900694323839153E-7],[6.9811511050835117E-7,1.1180668397862056E-6,1.0735192512541984E-6,1.3046206350237599E-6,1.0735192512541984E-6,1.1180668397862056E-6,6.9811511050835117E-7],[6.5871846994558842E-7,1.0735192512541984E-6,1.1938332514189757E-6,1.3144271760276933E-6,1.1938332514189757E-6,1.0735192512541984E-6,6.5871846994558842E-7],[8.2807301975694456E-7,1.3046206350237599E-6,1.3144271760276933E-6,1.5466484283894252E-6,1.3144271760276933E-6,1.3046206350237599E-6,8.2807301975694456E-7],[6.5871846994558842E-7,1.0735192512541984E-6,1.1938332514189757E-6,1.3144271760276933E-6,1.1938332514189757E-6,1.0735192512541984E-6,6.5871846994558842E-7],[6.9811511050835117E-7,1.1180668397862056E-6,1.0735192512541984E-6,1.3046206350237599E-6,1.0735192512541984E-6,1.1180668397862056E-6,6.9811511050835117E-7],[3.900694323839153E-7,6.9811511050835117E-7,6.5871846994558842E-7,8.2807301975694456E-7,6.5871846994558842E-7,6.9811511050835117E-7,3.900694323839153E-7]],[[5.9636259230144109E-7,9.752208010708242E-7,9.272978906920873E-7,1.138662760352273E-6,9.272978906920873E-7,9.752208010708242E-7,5.9636259230144109E-7],[9.752208010708242E-7,1.4571859806118402E-6,1.406794263793801E-6,1.675431623439365E-6,1.406794263793801E-6,1.45718598061184E-6,9.752208010708242E-7],[9.272978906920873E-7,1.406794263793801E-6,1.5456502437582373E-6,1.6848122654981128E-6,1.5456502437582373E-6,1.406794263793801E-6,9.272978906920873E-7],[1.138662760352273E-6,1.675431623439365E-6,1.6848122654981128E-6,1.9509647485157046E-6,1.6848122654981126E-6,1.6754316234393648E-6,1.138662760352273E-6],[9.272978906920873E-7,1.406794263793801E-6,1.5456502437582373E-6,1.6848122654981126E-6,1.5456502437582371E-6,1.406794263793801E-6,9.272978906920873E-7],[9.752208010708242E-7,1.45718598061184E-6,1.406794263793801E-6,1.6754316234393648E-6,1.406794263793801E-6,1.45718598061184E-6,9.752208010708242E-7],[5.9636259230144109E-7,9.752208010708242E-7,9.272978906920873E-7,1.138662760352273E-6,9.272978906920873E-7,9.752208010708242E-7,5.9636259230144109E-7]],[[8.4374479716483266E-7,1.2886699304272087E-6,1.2330013064768007E-6,1.4842049768229789E-6,1.2330013064768007E-6,1.2886699304272087E-6,8.4374479716483266E-7],[1.2886699304272087E-6,1.8271788028292258E-6,1.7716336955329498E-6,2.0747788960622803E-6,1.7716336955329498E-6,1.8271788028292258E-6,1.2886699304272087E-6],[1.2330013064768007E-6,1.7716336955329498E-6,1.9274430225283732E-6,2.0835822823489616E-6,1.9274430225283732E-6,1.7716336955329498E-6,1.2330013064768007E-6],[1.4842049768229789E-6,2.0747788960622803E-6,2.0835822823489616E-6,2.3805855082650392E-6,2.0835822823489616E-6,2.0747788960622803E-6,1.4842049768229789E-6],[1.2330013064768007E-6,1.7716336955329498E-6,1.9274430225283732E-6,2.0835822823489616E-6,1.9274430225283732E-6,1.7716336955329498E-6,1.2330013064768007E-6],[1.2886699304272087E-6,1.8271788028292258E-6,1.7716336955329498E-6,2.0747788960622803E-6,1.7716336955329498E-6,1.8271788028292258E-6,1.2886699304272087E-6],[8.4374479716483266E-7,1.2886699304272087E-6,1.2330013064768007E-6,1.4842049768229789E-6,1.2330013064768007E-6,1.2886699304272087E-6,8.4374479716483266E-7]],[[1.1292759098024016E-6,1.6352986735539638E-6,1.5726486612194828E-6,1.8611320381232334E-6,1.572648661219483E-6,1.6352986735539638E-6,1.1292759098024016E-6],[1.6352986735539638E-6,2.2255039869261017E-6,2.1653792737480933E-6,2.500223988177843E-6,2.1653792737480933E-6,2.2255039869261017E-6,1.6352986735539638E-6],[1.5726486612194828E-6,2.1653792737480933E-6,2.3367080662287093E-6,2.5083887301797272E-6,2.3367080662287093E-6,2.1653792737480933E-6,1.572648661219483E-6],[1.8611320381232334E-6,2.500223988177843E-6,2.5083887301797272E-6,2.833531952970216E-6,2.5083887301797272E-6,2.500223988177843E-6,1.8611320381232334E-6],[1.572648661219483E-6,2.1653792737480933E-6,2.3367080662287093E-6,2.5083887301797272E-6,2.3367080662287093E-6,2.1653792737480933E-6,1.572648661219483E-6],[1.6352986735539638E-6,2.2255039869261017E-6,2.1653792737480933E-6,2.500223988177843E-6,2.1653792737480933E-6,2.2255039869261017E-6,1.6352986735539638E-6],[1.1292759098024016E-6,1.6352986735539638E-6,1.572648661219483E-6,1.8611320381232334E-6,1.572648661219483E-6,1.6352986735539638E-6,1.1292759098024016E-6]],[[1.45000606680487E-6,2.0123046162703179E-6,1.9433741727411896E-6,2.2664787414887678E-6,1.9433741727411896E-6,2.0123046162703179E-6,1.45000606680487E-6],[2.0123046162703179E-6,2.6499136143544658E-6,2.5856853131445255E-6,2.9496672917656161E-6,2.5856853131445255E-6,2.6499136143544658E-6,2.0123046162703179E-6],[1.9433741727411896E-6,2.5856853131445255E-6,2.7712492468885439E-6,2.9571852775290035E-6,2.7712492468885439E-6,2.5856853131445255E-6,1.9433741727411896E-6],[2.2664787414887678E-6,2.9496672917656161E-6,2.9571852775290035E-6,3.3080838985711179E-6,2.9571852775290035E-6,2.9496672917656161E-6,2.2664787414887678E-6],[1.9433741727411896E-6,2.5856853131445255E-6,2.7712492468885439E-6,2.9571852775290035E-6,2.7712492468885439E-6,2.5856853131445255E-6,1.9433741727411896E-6],[2.0123046162703179E-6,2.6499136143544658E-6,2.5856853131445255E-6,2.9496672917656161E-6,2.5856853131445255E-6,2.6499136143544658E-6,2.0123046162703179E-6],[1.45000606680487E-6,2.0123046162703179E-6,1.9433741727411896E-6,2.2664787414887678E-6,1.9433741727411896E-6,2.0123046162703179E-6,1.45000606680487E-6]],[[1.8031331299582648E-6,2.4172070764485164E-6,2.3426169376212904E-6,2.69774785388781E-6,2.3426169376212904E-6,2.4172070764485164E-6,1.8031331299582648E-6],[2.4172070764485164E-6,3.098420502169528E-6,3.0304842044664195E-6,3.4212907275041694E-6,3.0304842044664195E-6,3.098420502169528E-6,2.4172070764485164E-6],[2.3426169376212904E-6,3.0304842044664195E-6,3.2291388070438238E-6,3.4281842275097052E-6,3.2291388070438238E-6,3.0304842044664195E-6,2.3426169376212904E-6],[2.69774785388781E-6,3.4212907275041694E-6,3.4281842275097052E-6,3.8027406288203383E-6,3.4281842275097052E-6,3.4212907275041694E-6,2.69774785388781E-6],[2.3426169376212904E-6,3.0304842044664195E-6,3.2291388070438238E-6,3.4281842275097052E-6,3.2291388070438238E-6,3.0304842044664195E-6,2.3426169376212904E-6],[2.4172070764485164E-6,3.098420502169528E-6,3.0304842044664195E-6,3.4212907275041694E-6,3.0304842044664195E-6,3.098420502169528E-6,2.4172070764485164E-6],[1.8031331299582648E-6,2.4172070764485164E-6,2.3426169376212904E-6,2.69774785388781E-6,2.3426169376212904E-6,2.4172070764485164E-6,1.8031331299582648E-6]],[[2.18607221265458E-6,2.8478114497714857E-6,2.7681007808491786E-6,3.152813788785478E-6,2.7681007808491786E-6,2.8478114497714857E-6,2.1860722126545804E-6],[2.8478114497714857E-6,3.569268663712745E-6,3.4979543527185569E-6,3.9135129207066747E-6,3.4979543527185569E-6,3.569268663712745E-6,2.8478114497714857E-6],[2.7681007808491786E-6,3.4979543527185569E-6,3.7086832710312811E-6,3.9198204060921951E-6,3.7086832710312815E-6,3.4979543527185573E-6,2.7681007808491786E-6],[3.152813788785478E-6,3.9135129207066747E-6,3.9198204060921951E-6,4.316189100883309E-6,3.9198204060921951E-6,3.9135129207066747E-6,3.152813788785478E-6],[2.7681007808491786E-6,3.4979543527185569E-6,3.7086832710312815E-6,3.9198204060921951E-6,3.7086832710312815E-6,3.4979543527185573E-6,2.7681007808491786E-6],[2.8478114497714857E-6,3.569268663712745E-6,3.4979543527185573E-6,3.9135129207066747E-6,3.4979543527185573E-6,3.569268663712745E-6,2.8478114497714857E-6],[2.1860722126545804E-6,2.8478114497714857E-6,2.7681007808491786E-6,3.152813788785478E-6,2.7681007808491786E-6,2.8478114497714857E-6,2.1860722126545804E-6]],[[2.5964786537181205E-6,3.3021771476635615E-6,3.21780946002521E-6,3.6298519634220783E-6,3.21780946002521E-6,3.3021771476635615E-6,2.5964786537181209E-6],[3.3021771476635615E-6,4.0609067897733719E-6,3.9864910954231474E-6,4.4249535001666286E-6,3.9864910954231474E-6,4.0609067897733719E-6,3.3021771476635615E-6],[3.21780946002521E-6,3.9864910954231474E-6,4.20839380109506E-6,4.4307209595488232E-6,4.20839380109506E-6,3.9864910954231474E-6,3.21780946002521E-6],[3.6298519634220783E-6,4.4249535001666286E-6,4.4307209595488232E-6,4.8472777950060048E-6,4.4307209595488232E-6,4.4249535001666286E-6,3.6298519634220783E-6],[3.21780946002521E-6,3.9864910954231474E-6,4.20839380109506E-6,4.4307209595488232E-6,4.20839380109506E-6,3.9864910954231474E-6,3.21780946002521E-6],[3.3021771476635615E-6,4.0609067897733719E-6,3.9864910954231474E-6,4.4249535001666286E-6,3.9864910954231474E-6,4.0609067897733727E-6,3.3021771476635615E-6],[2.5964786537181209E-6,3.3021771476635615E-6,3.21780946002521E-6,3.6298519634220783E-6,3.21780946002521E-6,3.3021771476635615E-6,2.5964786537181209E-6]],[[3.032246985097535E-6,3.7785888228802227E-6,3.6899607041866979E-6,4.1272857510644354E-6,3.6899607041866979E-6,3.7785888228802227E-6,3.0322469850975355E-6],[3.7785888228802227E-6,4.5719645784303305E-6,4.4946807149967753E-6,4.9544041913449931E-6,4.4946807149967753E-6,4.5719645784303305E-6,3.7785888228802227E-6],[3.6899607041866979E-6,4.4946807149967753E-6,4.7269604808139017E-6,4.9596799119917263E-6,4.7269604808139017E-6,4.4946807149967753E-6,3.6899607041866979E-6],[4.1272857510644354E-6,4.9544041913449931E-6,4.9596799119917263E-6,5.3949949824238068E-6,4.9596799119917263E-6,4.9544041913449931E-6,4.1272857510644354E-6],[3.6899607041866979E-6,4.4946807149967753E-6,4.7269604808139017E-6,4.9596799119917263E-6,4.7269604808139017E-6,4.4946807149967753E-6,3.6899607041866979E-6],[3.7785888228802227E-6,4.5719645784303305E-6,4.4946807149967753E-6,4.9544041913449931E-6,4.4946807149967753E-6,4.5719645784303305E-6,3.7785888228802227E-6],[3.0322469850975355E-6,3.7785888228802227E-6,3.6899607041866979E-6,4.1272857510644354E-6,3.6899607041866979E-6,3.7785888228802227E-6,3.0322469850975355E-6]],[[3.4914981436215639E-6,4.2755306265815922E-6,4.1829809874836136E-6,4.643745722725486E-6,4.1829809874836136E-6,4.2755306265815922E-6,3.4914981436215643E-6],[4.2755306265815922E-6,5.1012317024207606E-6,5.0212774345719994E-6,5.5008050726478257E-6,5.0212774345719994E-6,5.1012317024207606E-6,4.2755306265815922E-6],[4.1829809874836136E-6,5.0212774345719994E-6,5.2632300273750218E-6,5.5056365967592884E-6,5.2632300273750218E-6,5.0212774345719994E-6,4.1829809874836136E-6],[4.643745722725486E-6,5.5008050726478257E-6,5.5056365967592884E-6,5.9584504974176272E-6,5.5056365967592884E-6,5.5008050726478257E-6,4.643745722725486E-6],[4.1829809874836136E-6,5.0212774345719994E-6,5.2632300273750218E-6,5.5056365967592884E-6,5.2632300273750218E-6,5.0212774345719994E-6,4.1829809874836136E-6],[4.2755306265815922E-6,5.1012317024207606E-6,5.0212774345719994E-6,5.5008050726478257E-6,5.0212774345719994E-6,5.1012317024207606E-6,4.2755306265815922E-6],[3.4914981436215643E-6,4.2755306265815922E-6,4.1829809874836136E-6,4.643745722725486E-6,4.1829809874836136E-6,4.2755306265815922E-6,3.4914981436215643E-6]],[[3.9725615386458879E-6,4.7916632555173555E-6,4.6954819998189934E-6,5.1780376532066272E-6,4.6954819998189934E-6,4.7916632555173555E-6,3.9725615386458879E-6],[4.7916632555173555E-6,5.6476391840647681E-6,5.5651831751248062E-6,6.0632248310115906E-6,5.5651831751248062E-6,5.6476391840647681E-6,4.7916632555173555E-6],[4.6954819998189934E-6,5.5651831751248062E-6,5.816186475508515E-6,6.0676572694569508E-6,5.816186475508515E-6,5.5651831751248062E-6,4.6954819998189934E-6],[5.1780376532066272E-6,6.0632248310115906E-6,6.0676572694569508E-6,6.5368603230247937E-6,6.0676572694569508E-6,6.0632248310115906E-6,5.1780376532066272E-6],[4.6954819998189934E-6,5.5651831751248062E-6,5.816186475508515E-6,6.0676572694569508E-6,5.816186475508515E-6,5.5651831751248062E-6,4.6954819998189934E-6],[4.7916632555173555E-6,5.6476391840647681E-6,5.5651831751248062E-6,6.0632248310115906E-6,5.5651831751248062E-6,5.6476391840647681E-6,4.7916632555173555E-6],[3.9725615386458879E-6,4.7916632555173555E-6,4.6954819998189934E-6,5.1780376532066272E-6,4.6954819998189934E-6,4.7916632555173555E-6,3.9725615386458879E-6]],[[4.4739554964439971E-6,5.3258035518559215E-6,5.2262392290872985E-6,5.72911691519217E-6,5.2262392290872985E-6,5.3258035518559215E-6,4.4739554964439971E-6],[5.3258035518559215E-6,6.2102429437105157E-6,6.1254298060051836E-6,6.6408441705343134E-6,6.1254298060051836E-6,6.2102429437105157E-6,5.3258035518559215E-6],[5.2262392290872985E-6,6.1254298060051836E-6,6.3849344255422183E-6,6.644919355517475E-6,6.3849344255422183E-6,6.1254298060051836E-6,5.2262392290872985E-6],[5.72911691519217E-6,6.6408441705343134E-6,6.644919355517475E-6,7.129533461862262E-6,6.644919355517475E-6,6.6408441705343134E-6,5.72911691519217E-6],[5.2262392290872985E-6,6.1254298060051836E-6,6.3849344255422183E-6,6.644919355517475E-6,6.3849344255422183E-6,6.1254298060051836E-6,5.2262392290872985E-6],[5.3258035518559215E-6,6.2102429437105157E-6,6.1254298060051836E-6,6.6408441705343134E-6,6.1254298060051836E-6,6.2102429437105157E-6,5.3258035518559215E-6],[4.4739554964439971E-6,5.3258035518559215E-6,5.2262392290872985E-6,5.72911691519217E-6,5.2262392290872985E-6,5.3258035518559215E-6,4.4739554964439971E-6]],[[4.9943679071954568E-6,5.8769064213610655E-6,5.77417275850844E-6,6.2960676331226059E-6,5.77417275850844E-6,5.8769064213610655E-6,4.9943679071954568E-6],[5.8769064213610655E-6,6.78820929356295E-6,6.7011636121402992E-6,7.232941746675742E-6,6.7011636121402992E-6,6.78820929356295E-6,5.8769064213610655E-6],[5.77417275850844E-6,6.7011636121402992E-6,6.9686844984943981E-6,7.236697894887045E-6,6.9686844984943981E-6,6.7011636121402992E-6,5.77417275850844E-6],[6.2960676331226059E-6,7.232941746675742E-6,7.236697894887045E-6,7.7358606820072178E-6,7.236697894887045E-6,7.2329417466757428E-6,6.2960676331226059E-6],[5.77417275850844E-6,6.7011636121402992E-6,6.9686844984943981E-6,7.236697894887045E-6,6.9686844984943981E-6,6.7011636121402983E-6,5.77417275850844E-6],[5.8769064213610655E-6,6.78820929356295E-6,6.7011636121402992E-6,7.2329417466757428E-6,6.7011636121402983E-6,6.7882092935629493E-6,5.8769064213610646E-6],[4.9943679071954568E-6,5.8769064213610655E-6,5.77417275850844E-6,6.2960676331226059E-6,5.77417275850844E-6,5.8769064213610646E-6,4.9943679071954568E-6]],[[5.53263797229309E-6,6.44404884179064E-6,6.3383302131968371E-6,6.8780854606359291E-6,6.3383302131968371E-6,6.44404884179064E-6,5.53263797229309E-6],[6.44404884179064E-6,7.3808021608969434E-6,7.2916317120730621E-6,7.8388821516335287E-6,7.2916317120730621E-6,7.3808021608969434E-6,6.44404884179064E-6],[6.3383302131968371E-6,7.2916317120730621E-6,7.5667406885540088E-6,7.8423538304115565E-6,7.5667406885540088E-6,7.2916317120730621E-6,6.3383302131968371E-6],[6.8780854606359291E-6,7.8388821516335287E-6,7.8423538304115565E-6,8.3553048154660236E-6,7.8423538304115582E-6,7.8388821516335287E-6,6.87808546063593E-6],[6.3383302131968371E-6,7.2916317120730621E-6,7.5667406885540088E-6,7.8423538304115582E-6,7.56674068855401E-6,7.291631712073063E-6,6.3383302131968371E-6],[6.44404884179064E-6,7.3808021608969434E-6,7.2916317120730621E-6,7.8388821516335287E-6,7.291631712073063E-6,7.3808021608969443E-6,6.44404884179064E-6],[5.53263797229309E-6,6.44404884179064E-6,6.3383302131968371E-6,6.87808546063593E-6,6.3383302131968371E-6,6.44404884179064E-6,5.5326379722930889E-6]],[[6.0877394440358622E-6,7.0264157432394446E-6,6.91787170472284E-6,7.4744631728966894E-6,6.91787170472284E-6,7.0264157432394446E-6,6.0877394440358622E-6],[7.0264157432394446E-6,7.9873718402691111E-6,7.8961701814349387E-6,8.4581055853159685E-6,7.8961701814349387E-6,7.9873718402691111E-6,7.0264157432394446E-6],[6.91787170472284E-6,7.8961701814349387E-6,8.1784893459686418E-6,8.46132385139789E-6,8.1784893459686418E-6,7.8961701814349387E-6,6.91787170472284E-6],[7.4744631728966894E-6,8.4581055853159685E-6,8.46132385139789E-6,8.9873923521435881E-6,8.46132385139789E-6,8.4581055853159685E-6,7.47446317289669E-6],[6.91787170472284E-6,7.8961701814349387E-6,8.1784893459686418E-6,8.46132385139789E-6,8.1784893459686418E-6,7.8961701814349387E-6,6.91787170472284E-6],[7.0264157432394446E-6,7.9873718402691111E-6,7.8961701814349387E-6,8.4581055853159685E-6,7.8961701814349387E-6,7.9873718402691111E-6,7.0264157432394446E-6],[6.0877394440358622E-6,7.0264157432394446E-6,6.91787170472284E-6,7.47446317289669E-6,6.91787170472284E-6,7.0264157432394446E-6,6.0877394440358614E-6]],[[6.6587654774894628E-6,7.6232875550168892E-6,7.512056585851213E-6,8.08457848604535E-6,7.512056585851213E-6,7.6232875550168892E-6,6.6587654774894628E-6],[7.6232875550168892E-6,8.6073450914394152E-6,8.5141936605224364E-6,9.0901189248784638E-6,8.5141936605224364E-6,8.6073450914394152E-6,7.6232875550168892E-6],[7.512056585851213E-6,8.5141936605224364E-6,8.8033895606883512E-6,9.0931115544059232E-6,8.8033895606883529E-6,8.5141936605224364E-6,7.512056585851213E-6],[8.08457848604535E-6,9.0901189248784638E-6,9.0931115544059232E-6,9.63170612143933E-6,9.0931115544059232E-6,9.0901189248784655E-6,8.08457848604535E-6],[7.512056585851213E-6,8.5141936605224364E-6,8.8033895606883529E-6,9.0931115544059232E-6,8.8033895606883529E-6,8.5141936605224364E-6,7.512056585851213E-6],[7.6232875550168892E-6,8.6073450914394152E-6,8.5141936605224364E-6,9.0901189248784655E-6,8.5141936605224364E-6,8.6073450914394152E-6,7.6232875550168892E-6],[6.6587654774894628E-6,7.6232875550168892E-6,7.512056585851213E-6,8.08457848604535E-6,7.512056585851213E-6,7.6232875550168892E-6,6.6587654774894619E-6]],[[7.2449150711942111E-6,8.2340292284504326E-6,8.1202318185941638E-6,8.70788366714391E-6,8.1202318185941638E-6,8.2340292284504326E-6,7.2449150711942111E-6],[8.2340292284504326E-6,9.2402164168980839E-6,9.1451862490026416E-6,9.7344879632774831E-6,9.1451862490026416E-6,9.2402164168980839E-6,8.2340292284504326E-6],[8.1202318185941638E-6,9.1451862490026416E-6,9.4409647491119488E-6,9.7372797229636286E-6,9.4409647491119488E-6,9.1451862490026416E-6,8.1202318185941638E-6],[8.70788366714391E-6,9.7344879632774831E-6,9.7372797229636286E-6,1.0287878890843091E-5,9.7372797229636286E-6,9.7344879632774831E-6,8.70788366714391E-6],[8.1202318185941638E-6,9.1451862490026416E-6,9.4409647491119488E-6,9.7372797229636286E-6,9.4409647491119488E-6,9.1451862490026416E-6,8.1202318185941638E-6],[8.2340292284504326E-6,9.2402164168980839E-6,9.1451862490026416E-6,9.7344879632774831E-6,9.1451862490026416E-6,9.2402164168980839E-6,8.2340292284504326E-6],[7.2449150711942111E-6,8.2340292284504326E-6,8.1202318185941638E-6,8.70788366714391E-6,8.1202318185941638E-6,8.2340292284504326E-6,7.24491507119421E-6]],[[7.84548100178769E-6,8.8580805606443428E-6,8.741821764397862E-6,9.3438966029239789E-6,8.741821764397862E-6,8.8580805606443428E-6,7.84548100178769E-6],[8.8580805606443428E-6,9.8855403691908923E-6,9.78869351356067E-6,1.0390830629777534E-5,9.78869351356067E-6,9.8855403691908923E-6,8.8580805606443428E-6],[8.741821764397862E-6,9.78869351356067E-6,1.0090795273210931E-5,1.0393443558963144E-5,1.0090795273210931E-5,9.78869351356067E-6,8.741821764397862E-6],[9.3438966029239789E-6,1.0390830629777534E-5,1.0393443558963144E-5,1.0955587739057014E-5,1.0393443558963144E-5,1.0390830629777534E-5,9.3438966029239789E-6],[8.741821764397862E-6,9.78869351356067E-6,1.0090795273210931E-5,1.0393443558963144E-5,1.0090795273210931E-5,9.78869351356067E-6,8.741821764397862E-6],[8.8580805606443428E-6,9.8855403691908923E-6,9.78869351356067E-6,1.0390830629777534E-5,9.78869351356067E-6,9.8855403691908923E-6,8.8580805606443428E-6],[7.84548100178769E-6,8.8580805606443428E-6,8.741821764397862E-6,9.3438966029239789E-6,8.741821764397862E-6,8.8580805606443428E-6,7.84548100178769E-6]],[[8.4598391253628937E-6,9.4949476597305283E-6,9.3763192180739709E-6,9.992193069493234E-6,9.3763192180739709E-6,9.4949476597305283E-6,8.4598391253628937E-6],[9.4949476597305283E-6,1.0542924752954198E-5,1.0444315454529891E-5,1.1058811036814544E-5,1.0444315454529891E-5,1.0542924752954198E-5,9.4949476597305283E-6],[9.3763192180739709E-6,1.0444315454529891E-5,1.0752511943497009E-5,1.1061264722645483E-5,1.0752511943497009E-5,1.0444315454529891E-5,9.3763192180739709E-6],[9.992193069493234E-6,1.1058811036814544E-5,1.1061264722645483E-5,1.1634549082171907E-5,1.1061264722645483E-5,1.1058811036814544E-5,9.992193069493234E-6],[9.3763192180739709E-6,1.0444315454529891E-5,1.0752511943497009E-5,1.1061264722645483E-5,1.0752511943497009E-5,1.0444315454529891E-5,9.3763192180739709E-6],[9.4949476597305283E-6,1.0542924752954198E-5,1.0444315454529891E-5,1.1058811036814544E-5,1.0444315454529891E-5,1.0542924752954198E-5,9.4949476597305283E-6],[8.4598391253628937E-6,9.4949476597305283E-6,9.3763192180739709E-6,9.992193069493234E-6,9.3763192180739709E-6,9.4949476597305283E-6,8.4598391253628937E-6]],[[9.087438907485046E-6,1.0144195406727845E-5,1.0023277522476535E-5,1.0652399997648509E-5,1.0023277522476535E-5,1.0144195406727845E-5,9.087438907485046E-6],[1.0144195406727845E-5,1.1212024599154758E-5,1.1111700294644209E-5,1.1738134220610529E-5,1.1111700294644209E-5,1.1212024599154758E-5,1.0144195406727845E-5],[1.0023277522476535E-5,1.1111700294644209E-5,1.1425790274994755E-5,1.1740446056370511E-5,1.1425790274994755E-5,1.1111700294644209E-5,1.0023277522476535E-5],[1.0652399997648509E-5,1.1738134220610529E-5,1.1740446056370511E-5,1.2324514246461495E-5,1.1740446056370511E-5,1.1738134220610529E-5,1.0652399997648509E-5],[1.0023277522476535E-5,1.1111700294644209E-5,1.1425790274994755E-5,1.1740446056370511E-5,1.1425790274994755E-5,1.1111700294644209E-5,1.0023277522476535E-5],[1.0144195406727845E-5,1.1212024599154758E-5,1.1111700294644209E-5,1.1738134220610529E-5,1.1111700294644209E-5,1.1212024599154758E-5,1.0144195406727845E-5],[9.087438907485046E-6,1.0144195406727845E-5,1.0023277522476535E-5,1.0652399997648509E-5,1.0023277522476535E-5,1.0144195406727845E-5,9.087438907485046E-6]],[[9.72779504400443E-6,1.0805440782111291E-5,1.0682303616223436E-5,1.1324189565785902E-5,1.0682303616223436E-5,1.0805440782111291E-5,9.72779504400443E-6],[1.0805440782111291E-5,1.1892536798962533E-5,1.1790538966618072E-5,1.2428541458959543E-5,1.1790538966618072E-5,1.1892536798962533E-5,1.0805440782111291E-5],[1.0682303616223436E-5,1.1790538966618072E-5,1.2110345378661733E-5,1.2430726880360513E-5,1.2110345378661733E-5,1.1790538966618072E-5,1.0682303616223436E-5],[1.1324189565785902E-5,1.2428541458959543E-5,1.2430726880360513E-5,1.3025265491008059E-5,1.2430726880360513E-5,1.2428541458959543E-5,1.1324189565785902E-5],[1.0682303616223436E-5,1.1790538966618072E-5,1.2110345378661733E-5,1.2430726880360513E-5,1.2110345378661733E-5,1.1790538966618072E-5,1.0682303616223436E-5],[1.0805440782111291E-5,1.1892536798962533E-5,1.1790538966618072E-5,1.2428541458959543E-5,1.1790538966618072E-5,1.1892536798962533E-5,1.0805440782111291E-5],[9.72779504400443E-6,1.0805440782111291E-5,1.0682303616223436E-5,1.1324189565785902E-5,1.0682303616223436E-5,1.0805440782111291E-5,9.72779504400443E-6]],[[1.0380480040261648E-5,1.1478346935938824E-5,1.1353051880304529E-5,1.2007273978509136E-5,1.1353051880304529E-5,1.1478346935938824E-5,1.0380480040261648E-5],[1.1478346935938824E-5,1.2584195291325827E-5,1.2480560185835425E-5,1.3129806059341487E-5,1.2480560185835425E-5,1.2584195291325827E-5,1.1478346935938824E-5],[1.1353051880304529E-5,1.2480560185835425E-5,1.280592737936647E-5,1.313187875636198E-5,1.280592737936647E-5,1.2480560185835425E-5,1.1353051880304529E-5],[1.2007273978509136E-5,1.3129806059341487E-5,1.313187875636198E-5,1.3736612387610406E-5,1.313187875636198E-5,1.3129806059341487E-5,1.2007273978509136E-5],[1.1353051880304529E-5,1.2480560185835425E-5,1.280592737936647E-5,1.313187875636198E-5,1.280592737936647E-5,1.2480560185835425E-5,1.1353051880304529E-5],[1.1478346935938824E-5,1.2584195291325827E-5,1.2480560185835425E-5,1.3129806059341487E-5,1.2480560185835425E-5,1.2584195291325827E-5,1.1478346935938824E-5],[1.0380480040261648E-5,1.1478346935938824E-5,1.1353051880304529E-5,1.2007273978509136E-5,1.1353051880304529E-5,1.1478346935938824E-5,1.0380480040261648E-5]],[[1.1045117623421448E-5,1.2162617888226402E-5,1.2035218660053919E-5,1.2701400806094842E-5,1.2035218660053919E-5,1.2162617888226402E-5,1.1045117623421448E-5],[1.2162617888226402E-5,1.328676670080741E-5,1.3181525999332537E-5,1.3841729513858708E-5,1.3181525999332537E-5,1.328676670080741E-5,1.2162617888226402E-5],[1.2035218660053919E-5,1.3181525999332537E-5,1.35123172550014E-5,1.3843701617195375E-5,1.35123172550014E-5,1.3181525999332537E-5,1.2035218660053919E-5],[1.2701400806094842E-5,1.3841729513858708E-5,1.3843701617195375E-5,1.4458388463566683E-5,1.3843701617195375E-5,1.3841729513858708E-5,1.2701400806094842E-5],[1.2035218660053919E-5,1.3181525999332537E-5,1.35123172550014E-5,1.3843701617195375E-5,1.35123172550014E-5,1.3181525999332537E-5,1.2035218660053919E-5],[1.2162617888226402E-5,1.328676670080741E-5,1.3181525999332537E-5,1.3841729513858708E-5,1.3181525999332537E-5,1.328676670080741E-5,1.2162617888226402E-5],[1.1045117623421448E-5,1.2162617888226402E-5,1.2035218660053919E-5,1.2701400806094842E-5,1.2035218660053919E-5,1.2162617888226402E-5,1.1045117623421448E-5]],[[1.1721376869233127E-5,1.285799375030613E-5,1.2728537345622073E-5,1.3406348769027886E-5,1.2728537345622073E-5,1.285799375030613E-5,1.1721376869233127E-5],[1.285799375030613E-5,1.4000046319250056E-5,1.3893227701368937E-5,1.4564137913519544E-5,1.3893227701368937E-5,1.4000046319250056E-5,1.285799375030613E-5],[1.2728537345622073E-5,1.3893227701368937E-5,1.4229322988418133E-5,1.4566020155267892E-5,1.4229322988418133E-5,1.3893227701368937E-5,1.2728537345622073E-5],[1.3406348769027886E-5,1.4564137913519544E-5,1.4566020155267892E-5,1.5190448003464328E-5,1.4566020155267892E-5,1.4564137913519544E-5,1.3406348769027886E-5],[1.2728537345622073E-5,1.3893227701368937E-5,1.4229322988418133E-5,1.4566020155267892E-5,1.4229322988418133E-5,1.3893227701368937E-5,1.2728537345622073E-5],[1.285799375030613E-5,1.4000046319250056E-5,1.3893227701368937E-5,1.4564137913519544E-5,1.3893227701368937E-5,1.4000046319250056E-5,1.285799375030613E-5],[1.1721376869233127E-5,1.285799375030613E-5,1.2728537345622073E-5,1.3406348769027886E-5,1.2728537345622073E-5,1.285799375030613E-5,1.1721376869233127E-5]],[[1.2408966928745487E-5,1.3564246356910691E-5,1.3432773895534759E-5,1.4121923852675006E-5,1.3432773895534759E-5,1.3564246356910691E-5,1.2408966928745487E-5],[1.3564246356910691E-5,1.4723854314373577E-5,1.46154819973961E-5,1.5296878501147859E-5,1.46154819973961E-5,1.4723854314373577E-5,1.3564246356910691E-5],[1.3432773895534759E-5,1.46154819973961E-5,1.4956775912657091E-5,1.5298680349169958E-5,1.4956775912657091E-5,1.46154819973961E-5,1.3432773895534759E-5],[1.4121923852675006E-5,1.5296878501147859E-5,1.5298680349169958E-5,1.5932662886427633E-5,1.5298680349169958E-5,1.5296878501147859E-5,1.4121923852675004E-5],[1.3432773895534759E-5,1.46154819973961E-5,1.4956775912657091E-5,1.5298680349169958E-5,1.4956775912657091E-5,1.46154819973961E-5,1.3432773895534759E-5],[1.3564246356910691E-5,1.4723854314373577E-5,1.46154819973961E-5,1.5296878501147859E-5,1.46154819973961E-5,1.4723854314373577E-5,1.3564246356910691E-5],[1.2408966928745487E-5,1.3564246356910691E-5,1.3432773895534759E-5,1.4121923852675004E-5,1.3432773895534759E-5,1.3564246356910691E-5,1.2408966928745487E-5]],[[1.3107632240760517E-5,1.428117519088605E-5,1.4147722682461847E-5,1.4847955628595372E-5,1.4147722682461847E-5,1.428117519088605E-5,1.3107632240760517E-5],[1.428117519088605E-5,1.5458032027484875E-5,1.5348127279401482E-5,1.6039816216462816E-5,1.5348127279401482E-5,1.5458032027484875E-5,1.428117519088605E-5],[1.4147722682461847E-5,1.5348127279401482E-5,1.5694527107346343E-5,1.6041545981102971E-5,1.5694527107346343E-5,1.5348127279401482E-5,1.4147722682461847E-5],[1.4847955628595372E-5,1.6039816216462816E-5,1.6041545981102971E-5,1.6684919301318417E-5,1.6041545981102971E-5,1.6039816216462816E-5,1.4847955628595372E-5],[1.4147722682461847E-5,1.5348127279401482E-5,1.5694527107346343E-5,1.6041545981102971E-5,1.5694527107346343E-5,1.5348127279401482E-5,1.4147722682461847E-5],[1.428117519088605E-5,1.5458032027484875E-5,1.5348127279401482E-5,1.6039816216462816E-5,1.5348127279401482E-5,1.5458032027484875E-5,1.428117519088605E-5],[1.3107632240760517E-5,1.428117519088605E-5,1.4147722682461847E-5,1.4847955628595372E-5,1.4147722682461847E-5,1.428117519088605E-5,1.3107632240760517E-5]],[[1.3817148110165095E-5,1.500860346502942E-5,1.4873202525413213E-5,1.5584293638408424E-5,1.4873202525413213E-5,1.500860346502942E-5,1.3817148110165095E-5],[1.500860346502942E-5,1.6202438186759248E-5,1.6091019842329063E-5,1.6792830043761647E-5,1.6091019842329063E-5,1.6202438186759248E-5,1.500860346502942E-5],[1.4873202525413213E-5,1.6091019842329063E-5,1.6442443665618522E-5,1.6794494954094371E-5,1.6442443665618522E-5,1.6091019842329063E-5,1.4873202525413213E-5],[1.5584293638408424E-5,1.6792830043761647E-5,1.6794494954094371E-5,1.744711412821372E-5,1.6794494954094371E-5,1.6792830043761647E-5,1.5584293638408424E-5],[1.4873202525413213E-5,1.6091019842329063E-5,1.6442443665618522E-5,1.6794494954094371E-5,1.6442443665618522E-5,1.6091019842329063E-5,1.4873202525413213E-5],[1.500860346502942E-5,1.6202438186759248E-5,1.6091019842329063E-5,1.6792830043761647E-5,1.6091019842329063E-5,1.6202438186759248E-5,1.5008603465029422E-5],[1.3817148110165095E-5,1.500860346502942E-5,1.4873202525413213E-5,1.5584293638408424E-5,1.4873202525413213E-5,1.5008603465029422E-5,1.3817148110165095E-5]],[[1.4537316518178668E-5,1.5746374194792368E-5,1.5609052744669911E-5,1.6330803659487951E-5,1.5609052744669911E-5,1.5746374194792368E-5,1.4537316518178668E-5],[1.5746374194792368E-5,1.6956944806244364E-5,1.6844029818035949E-5,1.7555808905581719E-5,1.6844029818035949E-5,1.6956944806244364E-5,1.5746374194792368E-5],[1.5609052744669911E-5,1.6844029818035949E-5,1.7200404590352087E-5,1.7557415150091619E-5,1.7200404590352087E-5,1.6844029818035949E-5,1.5609052744669911E-5],[1.6330803659487951E-5,1.7555808905581719E-5,1.7557415150091619E-5,1.8219150692315908E-5,1.7557415150091619E-5,1.7555808905581719E-5,1.6330803659487951E-5],[1.5609052744669911E-5,1.6844029818035949E-5,1.7200404590352087E-5,1.7557415150091619E-5,1.7200404590352087E-5,1.6844029818035949E-5,1.5609052744669911E-5],[1.5746374194792368E-5,1.6956944806244364E-5,1.6844029818035949E-5,1.7555808905581719E-5,1.6844029818035949E-5,1.6956944806244364E-5,1.5746374194792368E-5],[1.4537316518178668E-5,1.5746374194792368E-5,1.5609052744669911E-5,1.6330803659487951E-5,1.5609052744669911E-5,1.5746374194792368E-5,1.4537316518178668E-5]],[[1.5267962004593286E-5,1.6494346046465308E-5,1.6355129030102909E-5,1.7087363613567154E-5,1.6355129030102909E-5,1.6494346046465308E-5,1.5267962004593286E-5],[1.6494346046465308E-5,1.7721432457191516E-5,1.760703652359422E-5,1.8328646747354139E-5,1.760703652359422E-5,1.7721432457191516E-5,1.6494346046465308E-5],[1.6355129030102909E-5,1.760703652359422E-5,1.7968295989060832E-5,1.8330199470685346E-5,1.7968295989060832E-5,1.760703652359422E-5,1.6355129030102909E-5],[1.7087363613567154E-5,1.8328646747354139E-5,1.8330199470685346E-5,1.9000933477953438E-5,1.8330199470685346E-5,1.8328646747354139E-5,1.7087363613567154E-5],[1.6355129030102909E-5,1.760703652359422E-5,1.7968295989060832E-5,1.8330199470685346E-5,1.7968295989060832E-5,1.760703652359422E-5,1.6355129030102909E-5],[1.6494346046465308E-5,1.7721432457191516E-5,1.760703652359422E-5,1.8328646747354139E-5,1.760703652359422E-5,1.7721432457191516E-5,1.6494346046465308E-5],[1.5267962004593286E-5,1.6494346046465308E-5,1.6355129030102909E-5,1.7087363613567154E-5,1.6355129030102909E-5,1.6494346046465308E-5,1.5267962004593286E-5]],[[1.600892741996343E-5,1.7252388672596027E-5,1.7111298844940553E-5,1.7853858793806671E-5,1.7111298844940553E-5,1.7252388672596027E-5,1.600892741996343E-5],[1.7252388672596027E-5,1.8495784483170883E-5,1.83799228102202E-5,1.9111236324256771E-5,1.83799228102202E-5,1.8495784483170883E-5,1.7252388672596027E-5],[1.7111298844940553E-5,1.83799228102202E-5,1.8746005114092489E-5,1.9112739567385691E-5,1.8746005114092489E-5,1.83799228102202E-5,1.7111298844940553E-5],[1.7853858793806671E-5,1.9111236324256771E-5,1.9112739567385691E-5,1.9792361232054427E-5,1.9112739567385691E-5,1.9111236324256771E-5,1.7853858793806671E-5],[1.7111298844940553E-5,1.83799228102202E-5,1.8746005114092489E-5,1.9112739567385691E-5,1.8746005114092489E-5,1.83799228102202E-5,1.7111298844940553E-5],[1.7252388672596027E-5,1.8495784483170883E-5,1.83799228102202E-5,1.9111236324256771E-5,1.83799228102202E-5,1.8495784483170883E-5,1.7252388672596027E-5],[1.600892741996343E-5,1.7252388672596027E-5,1.7111298844940553E-5,1.7853858793806671E-5,1.7111298844940553E-5,1.7252388672596027E-5,1.600892741996343E-5]],[[1.6760069283154923E-5,1.8020377147284621E-5,1.7877435992776585E-5,1.8630175971103973E-5,1.7877435992776585E-5,1.8020377147284621E-5,1.6760069283154923E-5],[1.8020377147284621E-5,1.9279879591013648E-5,1.9162567863929362E-5,1.9903461043227984E-5,1.9162567863929362E-5,1.9279879591013648E-5,1.8020377147284621E-5],[1.7877435992776585E-5,1.9162567863929362E-5,1.9533412647824142E-5,1.990491760960602E-5,1.9533412647824142E-5,1.9162567863929362E-5,1.7877435992776585E-5],[1.8630175971103973E-5,1.9903461043227984E-5,1.990491760960602E-5,2.0593317705434414E-5,1.990491760960602E-5,1.9903461043227984E-5,1.8630175971103973E-5],[1.7877435992776585E-5,1.9162567863929362E-5,1.9533412647824142E-5,1.990491760960602E-5,1.9533412647824142E-5,1.9162567863929362E-5,1.7877435992776585E-5],[1.8020377147284621E-5,1.9279879591013648E-5,1.9162567863929362E-5,1.9903461043227984E-5,1.9162567863929362E-5,1.9279879591013648E-5,1.8020377147284621E-5],[1.6760069283154923E-5,1.8020377147284621E-5,1.7877435992776585E-5,1.8630175971103973E-5,1.7877435992776585E-5,1.8020377147284621E-5,1.6760069283154923E-5]],[[1.7521252395700894E-5,1.8798184998197119E-5,1.8653413863854726E-5,1.9416195809887813E-5,1.8653413863854726E-5,1.8798184998197119E-5,1.7521252395700894E-5],[1.8798184998197119E-5,2.0073582128362535E-5,1.9954837787923456E-5,2.0705184085617859E-5,1.9954837787923456E-5,2.0073582128362535E-5,1.8798184998197119E-5],[1.8653413863854726E-5,1.9954837787923456E-5,2.0330382509004041E-5,2.0706595312581513E-5,2.0330382509004041E-5,1.9954837787923456E-5,1.8653413863854726E-5],[1.9416195809887813E-5,2.0705184085617859E-5,2.0706595312581513E-5,2.1403659151473385E-5,2.0706595312581513E-5,2.0705184085617859E-5,1.9416195809887813E-5],[1.8653413863854726E-5,1.9954837787923456E-5,2.0330382509004041E-5,2.0706595312581513E-5,2.0330382509004041E-5,1.9954837787923456E-5,1.8653413863854726E-5],[1.8798184998197119E-5,2.0073582128362535E-5,1.9954837787923456E-5,2.0705184085617859E-5,1.9954837787923456E-5,2.0073582128362535E-5,1.8798184998197119E-5],[1.7521252395700894E-5,1.8798184998197119E-5,1.8653413863854726E-5,1.9416195809887813E-5,1.8653413863854726E-5,1.8798184998197119E-5,1.7521252395700894E-5]],[[1.8292343269973875E-5,1.958567524288793E-5,1.943909678640709E-5,2.0211782932946309E-5,1.943909678640709E-5,1.958567524288793E-5,1.8292343269973875E-5],[1.958567524288793E-5,2.0876729380782542E-5,2.075657330587225E-5,2.1516234097161756E-5,2.075657330587225E-5,2.0876729380782542E-5,1.958567524288793E-5],[1.943909678640709E-5,2.075657330587225E-5,2.1136748495077935E-5,2.1517599515907388E-5,2.1136748495077935E-5,2.075657330587225E-5,1.943909678640709E-5],[2.0211782932946309E-5,2.1516234097161756E-5,2.1517599515907388E-5,2.2223197832361072E-5,2.1517599515907388E-5,2.1516234097161756E-5,2.0211782932946309E-5],[1.943909678640709E-5,2.075657330587225E-5,2.1136748495077935E-5,2.1517599515907388E-5,2.1136748495077935E-5,2.075657330587225E-5,1.943909678640709E-5],[1.958567524288793E-5,2.0876729380782542E-5,2.075657330587225E-5,2.1516234097161756E-5,2.075657330587225E-5,2.0876729380782542E-5,1.958567524288793E-5],[1.82923432