{"M_cells":[[[0,0,0,0,0,0],[0,0,0,0,0,0],[0,0,0,0,0,0],[0,0,0,0,0,0],[0,0,0,0,0,0],[0,0,0,0,0,0]],[[0.00072512624229366352,0.0017727967287563897,0.0022332588805243523,0.0022332588805243528,0.0017727967287563897,0.00072512624229366352],[0.0017727967287563897,0.0033537790338252441,0.0041146890239830885,0.0041146890239830885,0.0033537790338252441,0.0017727967287563897],[0.0022332588805243523,0.0041146890239830885,0.005025859905249396,0.005025859905249396,0.0041146890239830885,0.0022332588805243523],[0.0022332588805243528,0.0041146890239830885,0.005025859905249396,0.005025859905249396,0.0041146890239830885,0.0022332588805243528],[0.0017727967287563897,0.0033537790338252441,0.0041146890239830885,0.0041146890239830885,0.0033537790338252441,0.0017727967287563897],[0.00072512624229366352,0.0017727967287563897,0.0022332588805243523,0.0022332588805243528,0.0017727967287563897,0.00072512624229366352]],[[0.0028072998197443259,0.004431461154931377,0.0051943415916293817,0.0051943415916293817,0.004431461154931377,0.0028072998197443259],[0.004431461154931377,0.0061673440918654614,0.0070521559180565284,0.0070521559180565284,0.0061673440918654622,0.004431461154931377],[0.0051943415916293817,0.0070521559180565284,0.0079979532683481583,0.0079979532683481583,0.0070521559180565284,0.0051943415916293817],[0.0051943415916293817,0.0070521559180565284,0.0079979532683481583,0.0079979532683481583,0.0070521559180565284,0.0051943415916293817],[0.004431461154931377,0.0061673440918654622,0.0070521559180565284,0.0070521559180565284,0.0061673440918654622,0.004431461154931377],[0.0028072998197443259,0.004431461154931377,0.0051943415916293817,0.0051943415916293817,0.004431461154931377,0.0028072998197443263]],[[0.0054066495873072206,0.0072136163201648616,0.0080927798171642751,0.0080927798171642751,0.0072136163201648616,0.0054066495873072206],[0.0072136163201648616,0.0089902911847569312,0.0099147450218696129,0.0099147450218696129,0.0089902911847569312,0.0072136163201648616],[0.0080927798171642751,0.0099147450218696129,0.010861851558479629,0.010861851558479629,0.0099147450218696129,0.0080927798171642751],[0.0080927798171642751,0.0099147450218696129,0.010861851558479629,0.010861851558479629,0.0099147450218696129,0.0080927798171642751],[0.0072136163201648616,0.0089902911847569312,0.0099147450218696129,0.0099147450218696129,0.0089902911847569329,0.0072136163201648616],[0.0054066495873072206,0.0072136163201648616,0.0080927798171642751,0.0080927798171642751,0.0072136163201648616,0.0054066495873072206]],[[0.0081685925877440068,0.010033563601169214,0.010955697509525056,0.010955697509525056,0.010033563601169214,0.0081685925877440068],[0.010033563601169214,0.011824629003219844,0.01276344058353604,0.01276344058353604,0.011824629003219844,0.010033563601169214],[0.010955697509525056,0.01276344058353604,0.013710593777140859,0.013710593777140859,0.01276344058353604,0.010955697509525056],[0.010955697509525056,0.01276344058353604,0.013710593777140859,0.013710593777140859,0.01276344058353604,0.010955697509525056],[0.010033563601169214,0.011824629003219844,0.01276344058353604,0.01276344058353604,0.011824629003219844,0.010033563601169214],[0.0081685925877440068,0.010033563601169214,0.010955697509525056,0.010955697509525056,0.010033563601169214,0.0081685925877440068]],[[0.010982976997369829,0.012867116301698714,0.013805063926579297,0.013805063926579297,0.012867116301698714,0.010982976997369829],[0.012867116301698714,0.014663446208801082,0.015607528250007665,0.015607528250007665,0.014663446208801082,0.012867116301698714],[0.013805063926579297,0.015607528250007665,0.016554678519151024,0.016554678519151024,0.015607528250007665,0.013805063926579299],[0.013805063926579297,0.015607528250007665,0.016554678519151024,0.016554678519151024,0.015607528250007665,0.013805063926579299],[0.012867116301698714,0.014663446208801082,0.015607528250007665,0.015607528250007665,0.014663446208801082,0.012867116301698714],[0.010982976997369829,0.012867116301698714,0.013805063926579299,0.013805063926579299,0.012867116301698714,0.010982976997369829]],[[0.013814955511637597,0.015705653076784024,0.016649415724102754,0.016649415724102754,0.015705653076784024,0.013814955511637597],[0.015705653076784024,0.017503912455807638,0.0184499298256036,0.0184499298256036,0.017503912455807638,0.015705653076784024],[0.016649415724102754,0.0184499298256036,0.019397074928974439,0.019397074928974439,0.0184499298256036,0.016649415724102754],[0.016649415724102754,0.0184499298256036,0.019397074928974439,0.019397074928974439,0.0184499298256036,0.016649415724102754],[0.015705653076784024,0.017503912455807638,0.0184499298256036,0.0184499298256036,0.017503912455807638,0.015705653076784024],[0.013814955511637597,0.015705653076784024,0.016649415724102754,0.016649415724102754,0.015705653076784024,0.013814955511637597]],[[0.016653018241399139,0.018546013220793987,0.019491912001521911,0.019491912001521911,0.018546013220793987,0.016653018241399139],[0.018546013220793987,0.020344976411511048,0.021291702597154717,0.021291702597154717,0.020344976411511048,0.018546013220793987],[0.019491912001521911,0.021291702597154717,0.022238842618951336,0.022238842618951336,0.021291702597154717,0.019491912001521911],[0.019491912001521911,0.021291702597154717,0.022238842618951336,0.022238842618951336,0.021291702597154717,0.019491912001521911],[0.018546013220793987,0.020344976411511048,0.021291702597154717,0.021291702597154717,0.020344976411511048,0.018546013220793987],[0.016653018241399139,0.018546013220793987,0.019491912001521911,0.019491912001521911,0.018546013220793987,0.016653018241399139]],[[0.019493225277787626,0.021387035059453895,0.022333716643188117,0.022333716643188117,0.021387035059453895,0.019493225277787626],[0.021387035059453895,0.023186251643032122,0.024133235649438992,0.024133235649438992,0.023186251643032122,0.021387035059453895],[0.022333716643188117,0.024133235649438992,0.025080370912678424,0.025080370912678424,0.024133235649438992,0.022333716643188117],[0.022333716643188117,0.024133235649438992,0.025080370912678424,0.025080370912678424,0.024133235649438992,0.022333716643188117],[0.021387035059453895,0.023186251643032122,0.024133235649438992,0.024133235649438992,0.023186251643032122,0.021387035059453895],[0.019493225277787626,0.021387035059453895,0.022333716643188117,0.022333716643188117,0.021387035059453895,0.019493225277787626]],[[0.022334193484099644,0.024228291936845822,0.025175258639292663,0.025175258639292663,0.024228291936845822,0.022334193484099644],[0.024228291936845822,0.02602759662679429,0.02697467275217541,0.02697467275217541,0.02602759662679429,0.024228291936845822],[0.025175258639292663,0.02697467275217541,0.027921803601682175,0.027921803601682175,0.02697467275217541,0.025175258639292663],[0.025175258639292663,0.02697467275217541,0.027921803601682175,0.027921803601682175,0.02697467275217541,0.025175258639292663],[0.024228291936845822,0.02602759662679429,0.02697467275217541,0.02697467275217541,0.02602759662679429,0.024228291936845822],[0.022334193484099644,0.024228291936845822,0.025175258639292663,0.025175258639292663,0.024228291936845822,0.022334193484099644]],[[0.025175429318740512,0.027069627502602868,0.028016696428958925,0.028016696428958925,0.027069627502602868,0.025175429318740512],[0.027069627502602868,0.028868959847785772,0.029816067321617835,0.029816067321617835,0.028868959847785772,0.027069627502602868],[0.028016696428958925,0.029816067321617835,0.030763194069378906,0.030763194069378906,0.029816067321617835,0.028016696428958925],[0.028016696428958925,0.029816067321617835,0.030763194069378906,0.030763194069378906,0.029816067321617835,0.028016696428958925],[0.027069627502602868,0.028868959847785772,0.029816067321617835,0.029816067321617835,0.028868959847785772,0.027069627502602868],[0.025175429318740512,0.027069627502602868,0.028016696428958925,0.028016696428958925,0.027069627502602868,0.025175429318740512]],[[0.0280167550534938,0.029910984748300454,0.030858088789888466,0.030858088789888466,0.029910984748300454,0.0280167550534938],[0.029910984748300454,0.031710322801770524,0.0326574394253916,0.0326574394253916,0.031710322801770524,0.029910984748300454],[0.030858088789888466,0.0326574394253916,0.033604562335244684,0.033604562335244684,0.0326574394253916,0.030858088789888466],[0.030858088789888466,0.0326574394253916,0.033604562335244684,0.033604562335244684,0.0326574394253916,0.030858088789888466],[0.029910984748300454,0.031710322801770524,0.0326574394253916,0.0326574394253916,0.031710322801770524,0.029910984748300454],[0.0280167550534938,0.029910984748300454,0.030858088789888466,0.030858088789888466,0.029910984748300454,0.0280167550534938]],[[0.030858106510124737,0.0327523431135722,0.033699457728775375,0.033699457728775375,0.0327523431135722,0.030858106510124737],[0.0327523431135722,0.034551679032887826,0.035498796766289316,0.035498796766289316,0.034551679032887826,0.0327523431135722],[0.033699457728775375,0.035498796766289316,0.036445916051780852,0.036445916051780852,0.035498796766289309,0.033699457728775375],[0.033699457728775375,0.035498796766289316,0.036445916051780852,0.036445916051780852,0.035498796766289309,0.033699457728775375],[0.0327523431135722,0.034551679032887826,0.035498796766289309,0.035498796766289309,0.034551679032887819,0.032752343113572197],[0.030858106510124737,0.0327523431135722,0.033699457728775375,0.033699457728775375,0.032752343113572197,0.03085810651012473]],[[0.033699460622558131,0.035593695354287913,0.036540811631158111,0.036540811631158111,0.035593695354287913,0.033699460622558131],[0.035593695354287913,0.037393026429491889,0.038340142411649326,0.038340142411649326,0.037393026429491889,0.035593695354287913],[0.036540811631158111,0.038340142411649326,0.039287258238221268,0.039287258238221268,0.038340142411649326,0.036540811631158111],[0.036540811631158111,0.038340142411649326,0.039287258238221268,0.039287258238221268,0.038340142411649326,0.036540811631158104],[0.035593695354287913,0.037393026429491889,0.038340142411649326,0.038340142411649326,0.037393026429491882,0.035593695354287906],[0.033699460622558131,0.035593695354287913,0.036540811631158111,0.036540811631158104,0.035593695354287906,0.033699460622558117]],[[0.036540809233298811,0.038435039039729141,0.039382153787402528,0.039382153787402521,0.038435039039729141,0.036540809233298811],[0.038435039039729141,0.040234364397090577,0.041181477644602872,0.041181477644602872,0.04023436439709057,0.038435039039729141],[0.039382153787402528,0.041181477644602872,0.042128590132945877,0.04212859013294587,0.041181477644602865,0.039382153787402521],[0.039382153787402521,0.041181477644602872,0.04212859013294587,0.04212859013294587,0.041181477644602865,0.039382153787402521],[0.038435039039729141,0.04023436439709057,0.041181477644602865,0.041181477644602865,0.040234364397090563,0.038435039039729134],[0.036540809233298811,0.038435039039729141,0.039382153787402521,0.039382153787402521,0.038435039039729134,0.036540809233298804]],[[0.039382149558224146,0.041276373431263419,0.042223485536685645,0.042223485536685632,0.041276373431263412,0.039382149558224146],[0.041276373431263419,0.043075692824691314,0.044022803019360131,0.044022803019360124,0.043075692824691307,0.041276373431263412],[0.042223485536685645,0.044022803019360131,0.044969912248825725,0.044969912248825725,0.044022803019360124,0.042223485536685632],[0.042223485536685632,0.044022803019360124,0.044969912248825725,0.044969912248825725,0.044022803019360124,0.042223485536685632],[0.041276373431263412,0.043075692824691307,0.044022803019360124,0.044022803019360124,0.043075692824691307,0.041276373431263412],[0.039382149558224146,0.041276373431263412,0.042223485536685632,0.042223485536685632,0.041276373431263412,0.039382149558224139]],[[0.04222348070698391,0.044117698340078379,0.045064807429668875,0.045064807429668868,0.044117698340078365,0.042223480706983896],[0.044117698340078379,0.045917011710062218,0.046864118754754533,0.046864118754754533,0.045917011710062211,0.044117698340078365],[0.045064807429668875,0.046864118754754533,0.047811224766466182,0.047811224766466182,0.046864118754754533,0.045064807429668868],[0.045064807429668868,0.046864118754754533,0.047811224766466182,0.047811224766466182,0.046864118754754533,0.045064807429668868],[0.044117698340078365,0.045917011710062211,0.046864118754754533,0.046864118754754533,0.045917011710062211,0.044117698340078365],[0.042223480706983896,0.044117698340078365,0.045064807429668868,0.045064807429668868,0.044117698340078365,0.042223480706983896]],[[0.045064802413506008,0.046959013712180815,0.047906119661271486,0.047906119661271486,0.046959013712180808,0.045064802413506],[0.046959013712180815,0.048758321026590681,0.049705424883493221,0.049705424883493221,0.048758321026590681,0.046959013712180808],[0.047906119661271486,0.049705424883493221,0.0506525276830636,0.0506525276830636,0.049705424883493221,0.047906119661271486],[0.047906119661271486,0.049705424883493221,0.0506525276830636,0.0506525276830636,0.049705424883493221,0.047906119661271486],[0.046959013712180808,0.048758321026590681,0.049705424883493221,0.049705424883493221,0.048758321026590681,0.046959013712180808],[0.045064802413506,0.046959013712180808,0.047906119661271486,0.047906119661271486,0.046959013712180808,0.045064802413506]],[[0.047906114575012378,0.049800319480171815,0.050747422234096874,0.050747422234096874,0.049800319480171808,0.047906114575012378],[0.049800319480171815,0.0515996206782825,0.052546721310799918,0.052546721310799918,0.051599620678282491,0.049800319480171808],[0.050747422234096874,0.052546721310799918,0.053493820870653574,0.053493820870653574,0.052546721310799918,0.050747422234096874],[0.050747422234096874,0.052546721310799918,0.053493820870653574,0.053493820870653574,0.052546721310799918,0.050747422234096874],[0.049800319480171808,0.051599620678282491,0.052546721310799918,0.052546721310799918,0.051599620678282491,0.049800319480171808],[0.047906114575012378,0.049800319480171808,0.050747422234096874,0.050747422234096874,0.049800319480171808,0.047906114575012378]],[[0.050747417086891941,0.052641615512462464,0.053588715022067891,0.053588715022067891,0.052641615512462464,0.050747417086891941],[0.052641615512462464,0.054440910486527966,0.0553880078390849,0.0553880078390849,0.054440910486527966,0.052641615512462464],[0.053588715022067891,0.0553880078390849,0.056335104100414091,0.056335104100414091,0.0553880078390849,0.053588715022067891],[0.053588715022067891,0.0553880078390849,0.056335104100414091,0.056335104100414091,0.0553880078390849,0.053588715022067891],[0.052641615512462464,0.054440910486527966,0.0553880078390849,0.0553880078390849,0.054440910486527966,0.052641615512462464],[0.050747417086891941,0.052641615512462464,0.053588715022067891,0.053588715022067891,0.052641615512462464,0.050747417086891941]],[[0.053588709785546335,0.055482901597700938,0.056429997796729435,0.056429997796729435,0.055482901597700938,0.053588709785546335],[0.055482901597700938,0.0572821901879608,0.058229284179543567,0.058229284179543567,0.0572821901879608,0.055482901597700938],[0.056429997796729435,0.058229284179543567,0.059176377053931,0.059176377053931,0.058229284179543567,0.056429997796729435],[0.056429997796729435,0.058229284179543567,0.059176377053931,0.059176377053931,0.058229284179543567,0.056429997796729435],[0.055482901597700938,0.0572821901879608,0.058229284179543567,0.058229284179543567,0.0572821901879608,0.055482901597700938],[0.053588709785546335,0.055482901597700938,0.056429997796729435,0.056429997796729435,0.055482901597700938,0.053588709785546335]],[[0.05642999243030198,0.0583241774415792,0.059271270239263443,0.059271270239263443,0.0583241774415792,0.05642999243030198],[0.0583241774415792,0.0601234594358618,0.061070549958430219,0.061070549958430219,0.0601234594358618,0.0583241774415792],[0.059271270239263443,0.061070549958430219,0.062017639329171245,0.062017639329171245,0.061070549958430219,0.059271270239263443],[0.059271270239263443,0.061070549958430219,0.062017639329171245,0.062017639329171245,0.061070549958430219,0.059271270239263443],[0.0583241774415792,0.0601234594358618,0.061070549958430219,0.061070549958430219,0.0601234594358618,0.0583241774415792],[0.05642999243030198,0.0583241774415792,0.059271270239263443,0.059271270239263443,0.0583241774415792,0.05642999243030198]],[[0.059271264699129154,0.061165442667678656,0.062112531946751252,0.062112531946751252,0.061165442667678649,0.059271264699129154],[0.061165442667678656,0.0629647178023841,0.063911804720908127,0.063911804720908127,0.0629647178023841,0.061165442667678649],[0.062112531946751252,0.063911804720908127,0.064858890444061013,0.064858890444061013,0.063911804720908127,0.062112531946751245],[0.062112531946751252,0.063911804720908127,0.064858890444061013,0.064858890444061013,0.063911804720908127,0.062112531946751245],[0.061165442667678649,0.0629647178023841,0.063911804720908127,0.063911804720908127,0.0629647178023841,0.061165442667678649],[0.059271264699129154,0.061165442667678649,0.062112531946751245,0.062112531946751245,0.061165442667678649,0.059271264699129154]],[[0.062112526188937305,0.064006696819332659,0.064953782435864443,0.064953782435864443,0.064006696819332659,0.062112526188937305],[0.064006696819332659,0.065805964780638812,0.066753047933580362,0.066753047933580362,0.065805964780638812,0.064006696819332659],[0.064953782435864443,0.066753047933580362,0.067700129838769912,0.067700129838769912,0.066753047933580348,0.064953782435864416],[0.064953782435864443,0.066753047933580362,0.067700129838769912,0.067700129838769912,0.066753047933580334,0.064953782435864416],[0.064006696819332659,0.065805964780638812,0.066753047933580348,0.066753047933580334,0.0658059647806388,0.064006696819332659],[0.062112526188937305,0.064006696819332659,0.064953782435864416,0.064953782435864416,0.064006696819332659,0.062112526188937305]],[[0.064953776417097125,0.066847939361432157,0.067795021145198517,0.067795021145198517,0.066847939361432157,0.064953776417097125],[0.066847939361432157,0.068647199786324081,0.069594278986144564,0.069594278986144564,0.068647199786324081,0.066847939361432157],[0.067795021145198517,0.069594278986144564,0.070541356877140415,0.070541356877140415,0.069594278986144564,0.067795021145198489],[0.067795021145198517,0.069594278986144564,0.070541356877140415,0.070541356877140415,0.069594278986144564,0.067795021145198489],[0.066847939361432157,0.068647199786324081,0.069594278986144564,0.069594278986144564,0.068647199786324081,0.066847939361432157],[0.064953776417097125,0.066847939361432157,0.067795021145198489,0.067795021145198489,0.066847939361432157,0.064953776417097125]],[[0.06779501482299459,0.069689169681819332,0.070636247436723212,0.070636247436723212,0.069689169681819332,0.06779501482299459],[0.069689169681819332,0.0714884221588139,0.07243549719236296,0.07243549719236296,0.0714884221588139,0.069689169681819332],[0.070636247436723212,0.07243549719236296,0.073382570847450965,0.073382570847450965,0.07243549719236296,0.070636247436723212],[0.070636247436723212,0.07243549719236296,0.073382570847450965,0.073382570847450965,0.07243549719236296,0.070636247436723212],[0.069689169681819332,0.0714884221588139,0.07243549719236296,0.07243549719236296,0.0714884221588139,0.069689169681819332],[0.06779501482299459,0.069689169681819332,0.070636247436723212,0.070636247436723212,0.069689169681819332,0.06779501482299459]],[[0.07063624076921729,0.0725303870921703,0.073477460596558214,0.073477460596558214,0.0725303870921703,0.07063624076921729],[0.0725303870921703,0.074329631161705725,0.075276701790446668,0.075276701790446668,0.074329631161705725,0.0725303870921703],[0.073477460596558214,0.075276701790446668,0.076223770962609128,0.076223770962609128,0.075276701790446668,0.073477460596558214],[0.073477460596558214,0.075276701790446668,0.076223770962609128,0.076223770962609128,0.075276701790446668,0.073477460596558214],[0.0725303870921703,0.074329631161705725,0.075276701790446668,0.075276701790446668,0.074329631161705725,0.0725303870921703],[0.07063624076921729,0.0725303870921703,0.073477460596558214,0.073477460596558214,0.0725303870921703,0.07063624076921729]],[[0.073477453542242527,0.075371590828340815,0.076318659835171762,0.076318659835171762,0.075371590828340815,0.073477453542242527],[0.075371590828340815,0.077170825982838878,0.078117891942906525,0.078117891942906525,0.077170825982838878,0.075371590828340815],[0.076318659835171762,0.078117891942906525,0.079064956359824273,0.079064956359824273,0.078117891942906525,0.076318659835171762],[0.076318659835171762,0.078117891942906525,0.079064956359824273,0.079064956359824273,0.078117891942906525,0.076318659835171762],[0.075371590828340815,0.077170825982838878,0.078117891942906525,0.078117891942906525,0.077170825982838878,0.075371590828340815],[0.073477453542242527,0.075371590828340815,0.076318659835171762,0.076318659835171762,0.075371590828340815,0.073477453542242527]],[[0.076318652352621807,0.078212780050209679,0.079159844287053846,0.079159844287053846,0.078212780050209679,0.076318652352621807],[0.078212780050209679,0.080012005733820252,0.080959066735910828,0.080959066735910828,0.080012005733820252,0.078212780050209679],[0.079159844287053846,0.080959066735910828,0.0819061260997987,0.0819061260997987,0.080959066735910828,0.079159844287053846],[0.079159844287053846,0.080959066735910828,0.0819061260997987,0.0819061260997987,0.080959066735910828,0.079159844287053846],[0.078212780050209679,0.080012005733820252,0.080959066735910828,0.080959066735910828,0.080012005733820252,0.078212780050209679],[0.076318652352621807,0.078212780050209679,0.079159844287053846,0.079159844287053846,0.078212780050209679,0.076318652352621807]],[[0.0791598363346561,0.081053953841033144,0.08200101300990735,0.08200101300990735,0.081053953841033144,0.0791598363346561],[0.081053953841033144,0.08285316944907789,0.083800225178179574,0.083800225178179574,0.08285316944907789,0.081053953841033144],[0.08200101300990735,0.083800225178179574,0.084747279165464609,0.084747279165464609,0.083800225178179574,0.08200101300990735],[0.08200101300990735,0.083800225178179574,0.084747279165464609,0.084747279165464609,0.083800225178179574,0.08200101300990735],[0.081053953841033144,0.08285316944907789,0.083800225178179574,0.083800225178179574,0.08285316944907789,0.081053953841033144],[0.0791598363346561,0.081053953841033144,0.08200101300990735,0.08200101300990735,0.081053953841033144,0.0791598363346561]],[[0.082001004545602718,0.083895111206334166,0.084842164983387328,0.084842164983387328,0.083895111206334166,0.082001004545602718],[0.083895111206334166,0.08569431608446651,0.086641366199440434,0.086641366199440434,0.08569431608446651,0.083895111206334166],[0.084842164983387328,0.086641366199440434,0.0875884144602901,0.0875884144602901,0.086641366199440434,0.084842164983387328],[0.084842164983387328,0.086641366199440434,0.0875884144602901,0.0875884144602901,0.086641366199440434,0.084842164983387328],[0.083895111206334166,0.08569431608446651,0.086641366199440434,0.086641366199440434,0.08569431608446651,0.083895111206334166],[0.082001004545602718,0.083895111206334166,0.084842164983387328,0.084842164983387328,0.083895111206334166,0.082001004545602718]],[[0.084842155964417562,0.08673625107235497,0.0876832991073971,0.0876832991073971,0.08673625107235497,0.084842155964417562],[0.08673625107235497,0.08853544451544329,0.089482488648456565,0.089482488648456565,0.08853544451544329,0.08673625107235497],[0.0876832991073971,0.089482488648456565,0.090429530806164046,0.090429530806164046,0.089482488648456565,0.0876832991073971],[0.0876832991073971,0.089482488648456565,0.090429530806164046,0.090429530806164046,0.089482488648456565,0.0876832991073971],[0.08673625107235497,0.08853544451544329,0.089482488648456565,0.089482488648456565,0.08853544451544329,0.08673625107235497],[0.084842155964417562,0.08673625107235497,0.0876832991073971,0.0876832991073971,0.08673625107235497,0.084842155964417562]],[[0.087683289490069,0.08957737228407979,0.090524414199967859,0.090524414199967859,0.08957737228407979,0.087683289490069],[0.08957737228407979,0.091376553534826668,0.092323591290645643,0.092323591290645643,0.091376553534826668,0.08957737228407979],[0.090524414199967859,0.092323591290645643,0.09327062694087658,0.09327062694087658,0.092323591290645643,0.090524414199967859],[0.090524414199967859,0.092323591290645643,0.09327062694087658,0.09327062694087658,0.092323591290645643,0.090524414199967859],[0.08957737228407979,0.091376553534826668,0.092323591290645643,0.092323591290645643,0.091376553534826668,0.08957737228407979],[0.087683289490069,0.08957737228407979,0.090524414199967859,0.090524414199967859,0.08957737228407979,0.087683289490069]],[[0.09052440393942289,0.092418473602846191,0.093365508994737709,0.093365508994737709,0.092418473602846191,0.09052440393942289],[0.092418473602846191,0.094217641850152925,0.095164672805302553,0.095164672805302553,0.094217641850152925,0.092418473602846191],[0.093365508994737709,0.095164672805302553,0.096111701515207162,0.096111701515207162,0.095164672805302553,0.093365508994737709],[0.093365508994737709,0.095164672805302553,0.096111701515207162,0.096111701515207162,0.095164672805302553,0.093365508994737709],[0.092418473602846191,0.094217641850152925,0.095164672805302553,0.095164672805302553,0.094217641850152925,0.092418473602846191],[0.09052440393942289,0.092418473602846191,0.093365508994737709,0.093365508994737709,0.092418473602846191,0.09052440393942289]],[[0.0933654980447294,0.095259553703563524,0.096206582138026339,0.096206582138026339,0.095259553703563524,0.0933654980447294],[0.095259553703563524,0.097058708080640252,0.098005731782427649,0.098005731782427649,0.097058708080640252,0.095259553703563524],[0.096206582138026339,0.098005731782427649,0.098952753089620982,0.098952753089620982,0.098005731782427649,0.096206582138026339],[0.096206582138026339,0.098005731782427649,0.098952753089620982,0.098952753089620982,0.098005731782427649,0.096206582138026339],[0.095259553703563524,0.097058708080640252,0.098005731782427649,0.098005731782427649,0.097058708080640252,0.095259553703563524],[0.0933654980447294,0.095259553703563524,0.096206582138026339,0.096206582138026339,0.095259553703563524,0.0933654980447294]],[[0.096206570450701856,0.098100611171527186,0.099047632185520082,0.099047632185520082,0.098100611171527186,0.096206570450701856],[0.098100611171527186,0.099899750753756372,0.10084676671916436,0.10084676671916436,0.099899750753756372,0.098100611171527186],[0.099047632185520082,0.10084676671916436,0.10179378013057624,0.10179378013057624,0.10084676671916436,0.099047632185520082],[0.099047632185520082,0.10084676671916436,0.10179378013057624,0.10179378013057624,0.10084676671916436,0.099047632185520082],[0.098100611171527186,0.099899750753756372,0.10084676671916436,0.10084676671916436,0.099899750753756372,0.098100611171527186],[0.096206570450701856,0.098100611171527186,0.099047632185520082,0.099047632185520082,0.098100611171527186,0.096206570450701856]],[[0.099047619711205445,0.10094164449884721,0.10188865759857323,0.10188865759857323,0.10094164449884721,0.099047619711205445],[0.10094164449884721,0.10274076830140166,0.10368777601585356,0.10368777601585356,0.10274076830140166,0.10094164449884721],[0.10188865759857323,0.10368777601585356,0.10463478100644889,0.10463478100644889,0.10368777601585356,0.10188865759857323],[0.10188865759857323,0.10368777601585356,0.10463478100644889,0.10463478100644889,0.10368777601585356,0.10188865759857323],[0.10094164449884721,0.10274076830140166,0.10368777601585356,0.10368777601585356,0.10274076830140166,0.10094164449884721],[0.099047619711205445,0.10094164449884721,0.10188865759857323,0.10188865759857323,0.10094164449884721,0.099047619711205445]],[[0.10188864428555808,0.10378265208048912,0.10472965674011391,0.10472965674011391,0.10378265208048912,0.10188864428555808],[0.10378265208048912,0.10558175905570215,0.10652875797169502,0.10652875797169502,0.10558175905570215,0.10378265208048912],[0.10472965674011391,0.10652875797169502,0.10747575398306429,0.10747575398306429,0.10652875797169502,0.10472965674011391],[0.10472965674011391,0.10652875797169502,0.10747575398306429,0.10747575398306429,0.10652875797169502,0.10472965674011391],[0.10378265208048912,0.10558175905570215,0.10652875797169502,0.10652875797169502,0.10558175905570215,0.10378265208048912],[0.10188864428555808,0.10378265208048912,0.10472965674011391,0.10472965674011391,0.10378265208048912,0.10188864428555808]],[[0.10472964253443823,0.10662363220992237,0.10757062787016509,0.10757062787016509,0.10662363220992237,0.10472964253443823],[0.10662363220992237,0.10842272124441089,0.10936971078001904,0.10936971078001904,0.10842272124441089,0.10662363220992237],[0.10757062787016509,0.10936971078001904,0.11031669721883815,0.11031669721883815,0.10936971078001904,0.10757062787016509],[0.10757062787016509,0.10936971078001904,0.11031669721883815,0.11031669721883815,0.10936971078001904,0.10757062787016509],[0.10662363220992237,0.10842272124441089,0.10936971078001904,0.10936971078001904,0.10842272124441089,0.10662363220992237],[0.10472964253443823,0.10662363220992237,0.10757062787016509,0.10757062787016509,0.10662363220992237,0.10472964253443823]],[[0.10757061271540665,0.10946458307438012,0.11041156914097139,0.11041156914097139,0.10946458307438012,0.10757061271540665],[0.10946458307438012,0.11126365298591599,0.11221063252316184,0.11221063252316184,0.11126365298591599,0.10946458307438012],[0.11041156914097139,0.11221063252316184,0.11315760875951904,0.11315760875951904,0.11221063252316184,0.11041156914097139],[0.11041156914097139,0.11221063252316184,0.11315760875951904,0.11315760875951904,0.11221063252316184,0.11041156914097139],[0.10946458307438012,0.11126365298591599,0.11221063252316184,0.11221063252316184,0.11126365298591599,0.10946458307438012],[0.10757061271540665,0.10946458307438012,0.11041156914097139,0.11041156914097139,0.10946458307438012,0.10757061271540665]],[[0.11041155297802557,0.11230550274971106,0.11325247859171833,0.11325247859171833,0.11230550274971106,0.11041155297802557],[0.11230550274971106,0.11410455228383659,0.11505152116692724,0.11505152116692724,0.11410455228383659,0.11230550274971106],[0.11325247859171833,0.11505152116692724,0.11599848653251506,0.11599848653251506,0.11505152116692724,0.11325247859171833],[0.11325247859171833,0.11505152116692724,0.11599848653251506,0.11599848653251506,0.11505152116692724,0.11325247859171833],[0.11230550274971106,0.11410455228383659,0.11505152116692724,0.11505152116692724,0.11410455228383659,0.11230550274971106],[0.11041155297802557,0.11230550274971106,0.11325247859171833,0.11325247859171833,0.11230550274971106,0.11041155297802557]],[[0.11325246135857836,0.11514638919482553,0.11609335414284501,0.11609335414284501,0.11514638919482553,0.11325246135857836],[0.11514638919482553,0.11694541702120803,0.11789237455463472,0.11789237455463472,0.11694541702120803,0.11514638919482553],[0.11609335414284501,0.11789237455463472,0.11883932834080325,0.11883932834080325,0.11789237455463472,0.11609335414284501],[0.11609335414284501,0.11789237455463472,0.11883932834080325,0.11883932834080325,0.11789237455463472,0.11609335414284501],[0.11514638919482553,0.11694541702120803,0.11789237455463472,0.11789237455463472,0.11694541702120803,0.11514638919482553],[0.11325246135857836,0.11514638919482553,0.11609335414284501,0.11609335414284501,0.11514638919482553,0.11325246135857836]],[[0.11609333577437446,0.11798724024572715,0.1189341935899319,0.1189341935899319,0.11798724024572715,0.11609333577437446],[0.11798724024572715,0.1197862449542425,0.12073319040073739,0.12073319040073739,0.1197862449542425,0.11798724024572715],[0.1189341935899319,0.12073319040073739,0.121680131856405,0.121680131856405,0.12073319040073739,0.1189341935899319],[0.1189341935899319,0.12073319040073739,0.121680131856405,0.121680131856405,0.12073319040073739,0.1189341935899319],[0.11798724024572715,0.1197862449542425,0.12073319040073739,0.12073319040073739,0.1197862449542425,0.11798724024572715],[0.11609333577437446,0.11798724024572715,0.1189341935899319,0.1189341935899319,0.11798724024572715,0.11609333577437446]],[[0.1189341740176313,0.12082805360910452,0.12177499459715664,0.12177499459715664,0.12082805360910452,0.1189341740176313],[0.12082805360910452,0.12262703370564491,0.12357396628399425,0.12357396628399425,0.12262703370564491,0.12082805360910452],[0.12177499459715664,0.12357396628399425,0.124520894613411,0.124520894613411,0.12357396628399425,0.12177499459715664],[0.12177499459715664,0.12357396628399425,0.124520894613411,0.12452089461341098,0.12357396628399425,0.12177499459715664],[0.12082805360910452,0.12262703370564491,0.12357396628399425,0.12357396628399425,0.12262703370564491,0.12082805360910452],[0.1189341740176313,0.12082805360910452,0.12177499459715664,0.12177499459715664,0.12082805360910452,0.1189341740176313]],[[0.12177497374892446,0.12366882685548498,0.12461575469029175,0.12461575469029175,0.12366882685548498,0.12177497374892446],[0.12366882685548498,0.125467780757476,0.12641469964017943,0.12641469964017943,0.125467780757476,0.12366882685548498],[0.12461575469029175,0.12641469964017943,0.12736161400053769,0.12736161400053769,0.12641469964017943,0.12461575469029175],[0.12461575469029175,0.12641469964017943,0.12736161400053769,0.12736161400053769,0.12641469964017943,0.12461575469029175],[0.12366882685548498,0.125467780757476,0.12641469964017943,0.12641469964017943,0.125467780757476,0.12366882685548498],[0.12177497374892446,0.12366882685548498,0.12461575469029175,0.12461575469029175,0.12366882685548498,0.12177497374892446]],[[0.12461573249017531,0.12650955741191272,0.12745647124923604,0.12745647124923604,0.12650955741191272,0.12461573249017531],[0.12650955741191272,0.12830848344353327,0.12925538775430817,0.12925538775430817,0.12830848344353327,0.12650955741191272],[0.12745647124923604,0.12925538775430817,0.13020228725319452,0.13020228725319452,0.12925538775430817,0.12745647124923604],[0.12745647124923604,0.12925538775430817,0.13020228725319452,0.13020228725319452,0.12925538775430817,0.12745647124923604],[0.12650955741191272,0.12830848344353327,0.12925538775430817,0.12925538775430817,0.12830848344353327,0.12650955741191272],[0.12461573249017531,0.12650955741191272,0.12745647124923604,0.12745647124923604,0.12650955741191272,0.12461573249017531]],[[0.12745644761717226,0.12935024255415919,0.1302971415000653,0.1302971415000653,0.12935024255415919,0.12745644761717226],[0.12935024255415919,0.13114913894124844,0.13209602775237114,0.13209602775237114,0.13114913894124844,0.12935024255415919],[0.1302971415000653,0.13209602775237114,0.13304291144505248,0.13304291144505248,0.13209602775237114,0.1302971415000653],[0.1302971415000653,0.13209602775237114,0.13304291144505248,0.13304291144505248,0.13209602775237114,0.1302971415000653],[0.12935024255415919,0.13114913894124844,0.13209602775237114,0.13209602775237114,0.13114913894124844,0.12935024255415919],[0.12745644761717226,0.12935024255415919,0.1302971415000653,0.1302971415000653,0.12935024255415919,0.12745644761717226]],[[0.13029711635160837,0.13219087939841187,0.13313776250655282,0.13313776250655282,0.13219087939841187,0.13029711635160837],[0.13219087939841187,0.13398974426305021,0.13493661659252498,0.13493661659252498,0.13398974426305021,0.13219087939841187],[0.13313776250655282,0.13493661659252498,0.13588348347906148,0.13588348347906148,0.13493661659252498,0.13313776250655282],[0.13313776250655282,0.13493661659252498,0.13588348347906148,0.13588348347906148,0.13493661659252498,0.13313776250655282],[0.13219087939841187,0.13398974426305021,0.13493661659252498,0.13493661659252498,0.13398974426305021,0.13219087939841187],[0.13029711635160837,0.13219087939841187,0.13313776250655282,0.13313776250655282,0.13219087939841187,0.13029711635160837]],[[0.133137735752597,0.13503146489245774,0.135978331161173,0.135978331161173,0.13503146489245774,0.133137735752597],[0.13503146489245774,0.13683029624720347,0.13777715105575117,0.13777715105575117,0.13683029624720347,0.13503146489245774],[0.135978331161173,0.13777715105575117,0.1387240000779279,0.1387240000779279,0.13777715105575117,0.135978331161173],[0.135978331161173,0.13777715105575117,0.1387240000779279,0.1387240000779279,0.13777715105575117,0.135978331161173],[0.13503146489245774,0.13683029624720347,0.13777715105575117,0.13777715105575117,0.13683029624720347,0.13503146489245774],[0.133137735752597,0.13503146489245774,0.135978331161173,0.135978331161173,0.13503146489245774,0.133137735752597]],[[0.135978302707656,0.13787199580628726,0.13881884417554033,0.13881884417554033,0.13787199580628726,0.135978302707656],[0.13787199580628726,0.13967079154806089,0.14061762773592545,0.14061762773592545,0.13967079154806089,0.13787199580628726],[0.13881884417554033,0.14061762773592545,0.1415644577739934,0.1415644577739934,0.14061762773592545,0.13881884417554033],[0.13881884417554033,0.14061762773592545,0.1415644577739934,0.1415644577739934,0.14061762773592545,0.13881884417554033],[0.13787199580628726,0.13967079154806089,0.14061762773592545,0.14061762773592545,0.13967079154806089,0.13787199580628726],[0.135978302707656,0.13787199580628726,0.13881884417554033,0.13881884417554033,0.13787199580628726,0.135978302707656]],[[0.13881881392313172,0.14071246872214435,0.14165929807025734,0.14165929807025734,0.14071246872214435,0.13881881392313172],[0.14071246872214435,0.14251122662573262,0.14345804302928686,0.14345804302928686,0.14251122662573262,0.14071246872214435],[0.14165929807025734,0.14345804302928686,0.14440485289850444,0.14440485289850444,0.14345804302928686,0.14165929807025734],[0.14165929807025734,0.14345804302928686,0.14440485289850444,0.14440485289850444,0.14345804302928686,0.14165929807025734],[0.14071246872214435,0.14251122662573262,0.14345804302928686,0.14345804302928686,0.14251122662573262,0.14071246872214435],[0.13881881392313172,0.14071246872214435,0.14165929807025734,0.14165929807025734,0.14071246872214435,0.13881881392313172]],[[0.14165926591402794,0.14355288002394911,0.14449968916413225,0.14449968916413225,0.14355288002394911,0.14165926591402794],[0.14355288002394911,0.14535159773511172,0.14629839312325446,0.14629839312325446,0.14535159773511172,0.14355288002394911],[0.14449968916413225,0.14629839312325446,0.14724518157021774,0.14724518157021774,0.14629839312325446,0.14449968916413225],[0.14449968916413225,0.14629839312325446,0.14724518157021774,0.14724518157021774,0.14629839312325446,0.14449968916413225],[0.14355288002394911,0.14535159773511172,0.14629839312325446,0.14629839312325446,0.14535159773511172,0.14355288002394911],[0.14165926591402794,0.14355288002394911,0.14449968916413225,0.14449968916413225,0.14355288002394911,0.14165926591402794]],[[0.14449965499323211,0.14639322588609252,0.14734001356277104,0.14734001356277104,0.14639322588609252,0.14449965499323211],[0.14639322588609252,0.14819190091425385,0.14913867398459177,0.14913867398459177,0.14819190091425385,0.14639322588609252],[0.14734001356277104,0.14913867398459177,0.15008543968334359,0.15008543968334359,0.14913867398459177,0.14734001356277104],[0.14734001356277104,0.14913867398459177,0.15008543968334359,0.15008543968334359,0.14913867398459177,0.14734001356277104],[0.14639322588609252,0.14819190091425385,0.14913867398459177,0.14913867398459177,0.14819190091425385,0.14639322588609252],[0.14449965499323211,0.14639322588609252,0.14734001356277104,0.14734001356277104,0.14639322588609252,0.14449965499323211]],[[0.14733997726004622,0.14923350226153034,0.15018026714645019,0.15018026714645019,0.14923350226153034,0.14733997726004622],[0.14923350226153034,0.15103213197203219,0.15197888134683182,0.15197888134683182,0.15103213197203219,0.14923350226153034],[0.15018026714645019,0.15197888134683182,0.15292562289473624,0.15292562289473624,0.15197888134683182,0.15018026714645019],[0.15018026714645019,0.15197888134683182,0.15292562289473624,0.15292562289473624,0.15197888134683182,0.15018026714645019],[0.14923350226153034,0.15103213197203219,0.15197888134683182,0.15197888134683182,0.15103213197203219,0.14923350226153034],[0.14733997726004622,0.14923350226153034,0.15018026714645019,0.15018026714645019,0.14923350226153034,0.14733997726004622]],[[0.150180228588074,0.15207370486919772,0.15302044