{"M_cells":[[[0,0,0,0,0,0,0],[0,0,0,0,0,0,0],[0,0,0,0,0,0,0],[0,0,0,0,0,0,0],[0,0,0,0,0,0,0],[0,0,0,0,0,0,0],[0,0,0,0,0,0,0]],[[1.3667995100513684E-14,7.8378342500365976E-14,6.974859261777185E-14,1.019892508052409E-13,6.974859261777185E-14,7.8378342500365963E-14,1.3667995100513684E-14],[7.8378342500365976E-14,3.2976713151029363E-13,3.0156062177068344E-13,4.2571483624303305E-13,3.0156062177068344E-13,3.2976713151029358E-13,7.8378342500365963E-14],[6.974859261777185E-14,3.0156062177068344E-13,3.6995991663821443E-13,4.3872056469448512E-13,3.6995991663821443E-13,3.0156062177068344E-13,6.974859261777185E-14],[1.019892508052409E-13,4.2571483624303305E-13,4.3872056469448512E-13,5.7841826150956863E-13,4.3872056469448512E-13,4.2571483624303305E-13,1.019892508052409E-13],[6.974859261777185E-14,3.0156062177068344E-13,3.6995991663821443E-13,4.3872056469448512E-13,3.6995991663821443E-13,3.0156062177068344E-13,6.9748592617771863E-14],[7.8378342500365963E-14,3.2976713151029358E-13,3.0156062177068344E-13,4.2571483624303305E-13,3.0156062177068344E-13,3.2976713151029358E-13,7.8378342500365963E-14],[1.3667995100513684E-14,7.8378342500365963E-14,6.974859261777185E-14,1.019892508052409E-13,6.9748592617771863E-14,7.8378342500365963E-14,1.3667995100513684E-14]],[[9.35190620577058E-14,3.0359837081874267E-13,2.759130473517763E-13,3.8395777869951414E-13,2.7591304735177635E-13,3.0359837081874267E-13,9.35190620577058E-14],[3.0359837081874267E-13,7.8207820826763842E-13,7.2907466114122761E-13,9.7503433284939169E-13,7.2907466114122761E-13,7.8207820826763832E-13,3.0359837081874267E-13],[2.759130473517763E-13,7.2907466114122761E-13,8.6192065656754E-13,9.95223596958589E-13,8.6192065656754012E-13,7.2907466114122761E-13,2.7591304735177635E-13],[3.8395777869951414E-13,9.7503433284939169E-13,9.95223596958589E-13,1.2608734101806958E-12,9.95223596958589E-13,9.7503433284939169E-13,3.8395777869951414E-13],[2.7591304735177635E-13,7.2907466114122761E-13,8.6192065656754012E-13,9.95223596958589E-13,8.6192065656754012E-13,7.2907466114122761E-13,2.7591304735177635E-13],[3.0359837081874267E-13,7.8207820826763832E-13,7.2907466114122761E-13,9.7503433284939169E-13,7.2907466114122761E-13,7.8207820826763832E-13,3.0359837081874267E-13],[9.35190620577058E-14,3.0359837081874267E-13,2.7591304735177635E-13,3.8395777869951414E-13,2.7591304735177635E-13,3.0359837081874267E-13,9.35190620577058E-14]],[[2.7233852728590578E-13,6.6138865400923518E-13,6.1059251510860732E-13,8.1608887490819615E-13,6.1059251510860743E-13,6.6138865400923518E-13,2.7233852728590578E-13],[6.6138865400923518E-13,1.3451583705070015E-12,1.2704394798792439E-12,1.6324402550686498E-12,1.2704394798792441E-12,1.3451583705070015E-12,6.6138865400923518E-13],[6.1059251510860732E-13,1.2704394798792439E-12,1.4629329651814592E-12,1.655969750780155E-12,1.4629329651814592E-12,1.2704394798792439E-12,6.1059251510860743E-13],[8.1608887490819615E-13,1.6324402550686498E-12,1.655969750780155E-12,2.0351298767478213E-12,1.655969750780155E-12,1.6324402550686498E-12,8.1608887490819615E-13],[6.1059251510860743E-13,1.2704394798792441E-12,1.4629329651814592E-12,1.655969750780155E-12,1.4629329651814592E-12,1.2704394798792441E-12,6.1059251510860743E-13],[6.6138865400923518E-13,1.3451583705070015E-12,1.2704394798792439E-12,1.6324402550686498E-12,1.2704394798792441E-12,1.3451583705070017E-12,6.6138865400923518E-13],[2.7233852728590578E-13,6.6138865400923518E-13,6.1059251510860743E-13,8.1608887490819615E-13,6.1059251510860743E-13,6.6138865400923518E-13,2.7233852728590583E-13]],[[5.6210418915426156E-13,1.1391470091367678E-12,1.0645539672975127E-12,1.3761250286738652E-12,1.0645539672975127E-12,1.1391470091367678E-12,5.6210418915426156E-13],[1.1391470091367678E-12,2.0089154373801619E-12,1.9152609409899071E-12,2.3859722291338451E-12,1.9152609409899071E-12,2.0089154373801619E-12,1.1391470091367678E-12],[1.0645539672975127E-12,1.9152609409899071E-12,2.1625903974384868E-12,2.41054138220566E-12,2.1625903974384868E-12,1.9152609409899071E-12,1.0645539672975127E-12],[1.3761250286738652E-12,2.3859722291338451E-12,2.41054138220566E-12,2.8921758552198727E-12,2.41054138220566E-12,2.3859722291338451E-12,1.3761250286738652E-12],[1.0645539672975127E-12,1.9152609409899071E-12,2.1625903974384868E-12,2.41054138220566E-12,2.1625903974384868E-12,1.9152609409899071E-12,1.0645539672975127E-12],[1.1391470091367678E-12,2.0089154373801619E-12,1.9152609409899071E-12,2.3859722291338451E-12,1.9152609409899071E-12,2.0089154373801619E-12,1.1391470091367678E-12],[5.6210418915426156E-13,1.1391470091367678E-12,1.0645539672975127E-12,1.3761250286738652E-12,1.0645539672975127E-12,1.1391470091367678E-12,5.6210418915426156E-13]],[[9.6406735862116072E-13,1.7257079532175385E-12,1.6282982639069547E-12,2.0470116166813753E-12,1.6282982639069547E-12,1.7257079532175385E-12,9.6406735862116072E-13],[1.7257079532175385E-12,2.7643662598375594E-12,2.6541833281130686E-12,3.2257316730112441E-12,2.6541833281130686E-12,2.7643662598375594E-12,1.7257079532175385E-12],[1.6282982639069547E-12,2.6541833281130686E-12,2.9517461855507683E-12,3.2500016623503383E-12,2.9517461855507683E-12,2.6541833281130686E-12,1.6282982639069547E-12],[2.0470116166813753E-12,3.2257316730112441E-12,3.2500016623503383E-12,3.8243519005084077E-12,3.2500016623503383E-12,3.2257316730112441E-12,2.0470116166813753E-12],[1.6282982639069547E-12,2.6541833281130686E-12,2.9517461855507683E-12,3.2500016623503383E-12,2.9517461855507683E-12,2.6541833281130686E-12,1.6282982639069547E-12],[1.7257079532175385E-12,2.7643662598375594E-12,2.6541833281130686E-12,3.2257316730112441E-12,2.6541833281130686E-12,2.7643662598375594E-12,1.7257079532175385E-12],[9.6406735862116072E-13,1.7257079532175385E-12,1.6282982639069547E-12,2.0470116166813753E-12,1.6282982639069547E-12,1.7257079532175385E-12,9.6406735862116072E-13]],[[1.4741953734015574E-12,2.41116600705837E-12,2.2926425547988779E-12,2.8153559456303388E-12,2.2926425547988779E-12,2.41116600705837E-12,1.4741953734015574E-12],[2.41116600705837E-12,3.6035308942631234E-12,3.4788569492879969E-12,4.143416629397546E-12,3.4788569492879969E-12,3.6035308942631234E-12,2.41116600705837E-12],[2.2926425547988779E-12,3.4788569492879969E-12,3.8223722693442161E-12,4.1666450381603375E-12,3.8223722693442161E-12,3.4788569492879964E-12,2.2926425547988775E-12],[2.8153559456303388E-12,4.143416629397546E-12,4.1666450381603375E-12,4.8251000828235992E-12,4.1666450381603375E-12,4.1434166293975452E-12,2.8153559456303388E-12],[2.2926425547988779E-12,3.4788569492879969E-12,3.8223722693442161E-12,4.1666450381603375E-12,3.8223722693442161E-12,3.4788569492879964E-12,2.2926425547988775E-12],[2.41116600705837E-12,3.6035308942631234E-12,3.4788569492879964E-12,4.1434166293975452E-12,3.4788569492879964E-12,3.6035308942631234E-12,2.41116600705837E-12],[1.4741953734015574E-12,2.41116600705837E-12,2.2926425547988775E-12,2.8153559456303388E-12,2.2926425547988775E-12,2.41116600705837E-12,1.4741953734015574E-12]],[[2.0860876421177647E-12,3.1867322432917431E-12,3.0490154849352967E-12,3.6704062410948172E-12,3.0490154849352967E-12,3.1867322432917431E-12,2.0860876421177647E-12],[3.1867322432917431E-12,4.5193319105142441E-12,4.3818701465701593E-12,5.1319879471134675E-12,4.3818701465701593E-12,4.5193319105142441E-12,3.1867322432917431E-12],[3.0490154849352967E-12,4.3818701465701593E-12,4.7674261814872074E-12,5.1537990019037888E-12,4.7674261814872074E-12,4.3818701465701593E-12,3.0490154849352963E-12],[3.6704062410948172E-12,5.1319879471134675E-12,5.1537990019037888E-12,5.8887707683675421E-12,5.1537990019037888E-12,5.1319879471134667E-12,3.6704062410948164E-12],[3.0490154849352967E-12,4.3818701465701593E-12,4.7674261814872074E-12,5.1537990019037888E-12,4.7674261814872066E-12,4.3818701465701585E-12,3.0490154849352959E-12],[3.1867322432917431E-12,4.5193319105142441E-12,4.3818701465701593E-12,5.1319879471134667E-12,4.3818701465701585E-12,4.5193319105142441E-12,3.1867322432917431E-12],[2.0860876421177647E-12,3.1867322432917431E-12,3.0490154849352963E-12,3.6704062410948164E-12,3.0490154849352959E-12,3.1867322432917431E-12,2.0860876421177647E-12]],[[2.7925167933582705E-12,4.0446117953391348E-12,3.8895841879057822E-12,4.6033641417161471E-12,3.8895841879057822E-12,4.0446117953391348E-12,2.7925167933582705E-12],[4.0446117953391348E-12,5.5055000357282562E-12,5.3566660738855391E-12,6.1854243939137741E-12,5.3566660738855391E-12,5.5055000357282562E-12,4.0446117953391348E-12],[3.8895841879057822E-12,5.3566660738855391E-12,5.7807296862856253E-12,6.2056646014904214E-12,5.7807296862856253E-12,5.3566660738855391E-12,3.8895841879057822E-12],[4.6033641417161471E-12,6.1854243939137741E-12,6.2056646014904214E-12,7.0104716178229442E-12,6.2056646014904214E-12,6.1854243939137741E-12,4.6033641417161471E-12],[3.8895841879057822E-12,5.3566660738855391E-12,5.7807296862856253E-12,6.2056646014904214E-12,5.7807296862856245E-12,5.3566660738855383E-12,3.8895841879057814E-12],[4.0446117953391348E-12,5.5055000357282562E-12,5.3566660738855391E-12,6.1854243939137741E-12,5.3566660738855383E-12,5.5055000357282562E-12,4.0446117953391348E-12],[2.7925167933582705E-12,4.0446117953391348E-12,3.8895841879057822E-12,4.6033641417161471E-12,3.8895841879057814E-12,4.0446117953391348E-12,2.7925167933582705E-12]],[[3.5862229967505536E-12,4.9778959845822659E-12,4.807285213380988E-12,5.6069130880987295E-12,4.807285213380988E-12,4.9778959845822659E-12,3.5862229967505536E-12],[4.9778959845822659E-12,6.5564869194136049E-12,6.3974558266283552E-12,7.2985389841741624E-12,6.3974558266283544E-12,6.5564869194136041E-12,4.9778959845822659E-12],[4.807285213380988E-12,6.3974558266283552E-12,6.8568604331470293E-12,7.31718662871933E-12,6.8568604331470293E-12,6.3974558266283544E-12,4.807285213380988E-12],[5.6069130880987295E-12,7.2985389841741624E-12,7.31718662871933E-12,8.1859479031290981E-12,7.31718662871933E-12,7.2985389841741624E-12,5.6069130880987295E-12],[4.807285213380988E-12,6.3974558266283544E-12,6.8568604331470293E-12,7.31718662871933E-12,6.8568604331470293E-12,6.3974558266283544E-12,4.807285213380988E-12],[4.9778959845822659E-12,6.5564869194136041E-12,6.3974558266283544E-12,7.2985389841741624E-12,6.3974558266283544E-12,6.5564869194136041E-12,4.9778959845822659E-12],[3.5862229967505536E-12,4.9778959845822659E-12,4.807285213380988E-12,5.6069130880987295E-12,4.807285213380988E-12,4.9778959845822659E-12,3.5862229967505536E-12]],[[4.460304125816913E-12,5.9804658081910678E-12,5.7958028003320508E-12,6.6748880170313916E-12,5.7958028003320508E-12,5.980465808191067E-12,4.4603041258169122E-12],[5.9804658081910678E-12,7.6673853936203379E-12,7.4991342319196261E-12,8.4668382175698668E-12,7.4991342319196261E-12,7.6673853936203379E-12,5.980465808191067E-12],[5.7958028003320508E-12,7.4991342319196261E-12,7.9910564679253145E-12,8.4839468621282124E-12,7.9910564679253145E-12,7.4991342319196261E-12,5.7958028003320516E-12],[6.6748880170313916E-12,8.4668382175698668E-12,8.4839468621282124E-12,9.4114863660917824E-12,8.4839468621282124E-12,8.4668382175698668E-12,6.6748880170313916E-12],[5.7958028003320508E-12,7.4991342319196261E-12,7.9910564679253145E-12,8.4839468621282124E-12,7.9910564679253145E-12,7.4991342319196261E-12,5.7958028003320516E-12],[5.980465808191067E-12,7.6673853936203379E-12,7.4991342319196261E-12,8.4668382175698668E-12,7.4991342319196261E-12,7.6673853936203379E-12,5.980465808191067E-12],[4.4603041258169122E-12,5.980465808191067E-12,5.7958028003320516E-12,6.6748880170313916E-12,5.7958028003320516E-12,5.980465808191067E-12,4.4603041258169122E-12]],[[5.4083887749836408E-12,7.0469050640355161E-12,6.8495203294322133E-12,7.8020387532449946E-12,6.8495203294322133E-12,7.0469050640355153E-12,5.40838877498364E-12],[7.0469050640355161E-12,8.83385726078781E-12,8.6572014773389549E-12,9.6864119922988056E-12,8.6572014773389549E-12,8.83385726078781E-12,7.0469050640355153E-12],[6.8495203294322133E-12,8.6572014773389549E-12,9.1791327377641047E-12,9.7020754574794774E-12,9.1791327377641047E-12,8.6572014773389549E-12,6.8495203294322141E-12],[7.8020387532449946E-12,9.6864119922988056E-12,9.7020754574794774E-12,1.0683837016463407E-11,9.7020754574794774E-12,9.6864119922988056E-12,7.8020387532449946E-12],[6.8495203294322133E-12,8.6572014773389549E-12,9.1791327377641047E-12,9.7020754574794774E-12,9.1791327377641047E-12,8.6572014773389549E-12,6.8495203294322141E-12],[7.0469050640355153E-12,8.83385726078781E-12,8.6572014773389549E-12,9.6864119922988056E-12,8.6572014773389549E-12,8.83385726078781E-12,7.0469050640355153E-12],[5.40838877498364E-12,7.0469050640355153E-12,6.8495203294322141E-12,7.8020387532449946E-12,6.8495203294322141E-12,7.0469050640355153E-12,5.40838877498364E-12]],[[6.4246941862216519E-12,8.1724221055867908E-12,7.9634600760137087E-12,8.9838564803975555E-12,7.9634600760137087E-12,8.17242210558679E-12,6.42469418622165E-12],[8.1724221055867908E-12,1.0052068388361714E-11,9.86769193028707E-12,1.0953845898132453E-11,9.8676919302870689E-12,1.0052068388361713E-11,8.17242210558679E-12],[7.9634600760137087E-12,9.86769193028707E-12,1.0417408422840668E-11,1.0968176800389834E-11,1.0417408422840668E-11,9.8676919302870689E-12,7.9634600760137087E-12],[8.9838564803975555E-12,1.0953845898132453E-11,1.0968176800389834E-11,1.200014878994325E-11,1.0968176800389834E-11,1.0953845898132453E-11,8.9838564803975555E-12],[7.9634600760137087E-12,9.8676919302870689E-12,1.0417408422840668E-11,1.0968176800389834E-11,1.0417408422840668E-11,9.8676919302870689E-12,7.9634600760137087E-12],[8.17242210558679E-12,1.0052068388361713E-11,9.8676919302870689E-12,1.0953845898132453E-11,9.8676919302870689E-12,1.0052068388361713E-11,8.17242210558679E-12],[6.42469418622165E-12,8.17242210558679E-12,7.9634600760137087E-12,8.9838564803975555E-12,7.9634600760137087E-12,8.17242210558679E-12,6.42469418622165E-12]],[[7.504024725741893E-12,9.3527795238578928E-12,9.1332198931442343E-12,1.0216443420766078E-11,9.1332198931442343E-12,9.3527795238578912E-12,7.5040247257418914E-12],[9.3527795238578928E-12,1.1318630717950738E-11,1.1127110464668976E-11,1.2266150178558384E-11,1.1127110464668976E-11,1.1318630717950738E-11,9.3527795238578912E-12],[9.1332198931442343E-12,1.1127110464668976E-11,1.1702643850504288E-11,1.2279267015396614E-11,1.1702643850504288E-11,1.1127110464668976E-11,9.1332198931442343E-12],[1.0216443420766078E-11,1.2266150178558384E-11,1.2279267015396614E-11,1.3357916060860145E-11,1.2279267015396614E-11,1.2266150178558384E-11,1.0216443420766078E-11],[9.1332198931442343E-12,1.1127110464668976E-11,1.1702643850504288E-11,1.2279267015396614E-11,1.1702643850504288E-11,1.1127110464668976E-11,9.1332198931442343E-12],[9.3527795238578912E-12,1.1318630717950738E-11,1.1127110464668976E-11,1.2266150178558384E-11,1.1127110464668976E-11,1.1318630717950738E-11,9.3527795238578912E-12],[7.5040247257418914E-12,9.3527795238578912E-12,9.1332198931442343E-12,1.0216443420766078E-11,9.1332198931442343E-12,9.3527795238578912E-12,7.5040247257418914E-12]],[[8.6417411614540125E-12,1.0584231163376894E-11,1.0354911551092723E-11,1.1496412689787786E-11,1.0354911551092723E-11,1.0584231163376892E-11,8.6417411614540109E-12],[1.0584231163376894E-11,1.2630550693474949E-11,1.2432376050260338E-11,1.3620701362873517E-11,1.2432376050260337E-11,1.2630550693474948E-11,1.0584231163376892E-11],[1.0354911551092723E-11,1.2432376050260338E-11,1.3031985787414688E-11,1.3632720967372704E-11,1.3031985787414688E-11,1.2432376050260338E-11,1.0354911551092723E-11],[1.1496412689787786E-11,1.3620701362873517E-11,1.3632720967372704E-11,1.4754933768424496E-11,1.3632720967372704E-11,1.3620701362873518E-11,1.1496412689787786E-11],[1.0354911551092723E-11,1.2432376050260337E-11,1.3031985787414688E-11,1.3632720967372704E-11,1.3031985787414688E-11,1.2432376050260338E-11,1.0354911551092723E-11],[1.0584231163376892E-11,1.2630550693474948E-11,1.2432376050260338E-11,1.3620701362873518E-11,1.2432376050260338E-11,1.2630550693474948E-11,1.0584231163376892E-11],[8.6417411614540109E-12,1.0584231163376892E-11,1.0354911551092723E-11,1.1496412689787786E-11,1.0354911551092723E-11,1.0584231163376892E-11,8.6417411614540109E-12]],[[9.8337170843992155E-12,1.1863465908189707E-11,1.1625103139218783E-11,1.2820809668633298E-11,1.1625103139218783E-11,1.1863465908189706E-11,9.8337170843992139E-12],[1.1863465908189707E-11,1.398518356152608E-11,1.3780772079695651E-11,1.5015193716290774E-11,1.3780772079695651E-11,1.3985183561526078E-11,1.1863465908189706E-11],[1.1625103139218783E-11,1.3780772079695651E-11,1.4402920001999786E-11,1.5026227065083383E-11,1.4402920001999787E-11,1.3780772079695651E-11,1.1625103139218783E-11],[1.2820809668633298E-11,1.5015193716290774E-11,1.5026227065083383E-11,1.6189259463889327E-11,1.5026227065083383E-11,1.5015193716290774E-11,1.2820809668633298E-11],[1.1625103139218783E-11,1.3780772079695651E-11,1.4402920001999787E-11,1.5026227065083383E-11,1.4402920001999787E-11,1.3780772079695651E-11,1.1625103139218783E-11],[1.1863465908189706E-11,1.3985183561526078E-11,1.3780772079695651E-11,1.5015193716290774E-11,1.3780772079695651E-11,1.3985183561526078E-11,1.1863465908189706E-11],[9.8337170843992139E-12,1.1863465908189706E-11,1.1625103139218783E-11,1.2820809668633298E-11,1.1625103139218783E-11,1.1863465908189706E-11,9.8337170843992139E-12]],[[1.1076291190231855E-11,1.3187557677545357E-11,1.2940766580287515E-11,1.4187049061769623E-11,1.2940766580287515E-11,1.3187557677545356E-11,1.1076291190231853E-11],[1.3187557677545357E-11,1.5380192983475992E-11,1.51699027908967E-11,1.6447598435305276E-11,1.51699027908967E-11,1.5380192983475992E-11,1.3187557677545356E-11],[1.2940766580287515E-11,1.51699027908967E-11,1.5813230108218981E-11,1.6457748531140765E-11,1.5813230108218981E-11,1.51699027908967E-11,1.2940766580287515E-11],[1.4187049061769623E-11,1.6447598435305276E-11,1.6457748531140765E-11,1.7659180983536094E-11,1.6457748531140765E-11,1.6447598435305276E-11,1.4187049061769623E-11],[1.2940766580287515E-11,1.51699027908967E-11,1.5813230108218981E-11,1.6457748531140765E-11,1.5813230108218981E-11,1.51699027908967E-11,1.2940766580287515E-11],[1.3187557677545356E-11,1.5380192983475992E-11,1.51699027908967E-11,1.6447598435305276E-11,1.51699027908967E-11,1.5380192983475992E-11,1.3187557677545356E-11],[1.1076291190231853E-11,1.3187557677545356E-11,1.2940766580287515E-11,1.4187049061769623E-11,1.2940766580287515E-11,1.3187557677545356E-11,1.1076291190231853E-11]],[[1.2366219951961923E-11,1.4553921074084166E-11,1.4299230535054436E-11,1.5592863644562388E-11,1.4299230535054436E-11,1.4553921074084162E-11,1.2366219951961921E-11],[1.4553921074084166E-11,1.6813515410767224E-11,1.6597655117851204E-11,1.791612905261512E-11,1.6597655117851204E-11,1.6813515410767221E-11,1.4553921074084162E-11],[1.4299230535054436E-11,1.6597655117851204E-11,1.7260961823408688E-11,1.7925490071099428E-11,1.7260961823408688E-11,1.6597655117851204E-11,1.4299230535054436E-11],[1.5592863644562388E-11,1.791612905261512E-11,1.7925490071099428E-11,1.9163188743702424E-11,1.7925490071099428E-11,1.791612905261512E-11,1.5592863644562388E-11],[1.4299230535054436E-11,1.6597655117851204E-11,1.7260961823408688E-11,1.7925490071099428E-11,1.7260961823408688E-11,1.6597655117851204E-11,1.4299230535054438E-11],[1.4553921074084162E-11,1.6813515410767221E-11,1.6597655117851204E-11,1.791612905261512E-11,1.6597655117851204E-11,1.6813515410767221E-11,1.4553921074084162E-11],[1.2366219951961921E-11,1.4553921074084162E-11,1.4299230535054436E-11,1.5592863644562388E-11,1.4299230535054438E-11,1.4553921074084162E-11,1.2366219951961921E-11]],[[1.3700632921856434E-11,1.5960272139074611E-11,1.5698138553460731E-11,1.7036261915005878E-11,1.5698138553460731E-11,1.5960272139074611E-11,1.3700632921856432E-11],[1.5960272139074611E-11,1.8283328702995392E-11,1.8062165327359519E-11,1.9419211891990397E-11,1.8062165327359519E-11,1.8283328702995392E-11,1.5960272139074611E-11],[1.5698138553460731E-11,1.8062165327359519E-11,1.8744391888276266E-11,1.94278690802991E-11,1.8744391888276266E-11,1.8062165327359519E-11,1.5698138553460731E-11],[1.7036261915005878E-11,1.9419211891990397E-11,1.94278690802991E-11,2.0699951869922545E-11,1.94278690802991E-11,1.9419211891990397E-11,1.7036261915005878E-11],[1.5698138553460731E-11,1.8062165327359519E-11,1.8744391888276266E-11,1.94278690802991E-11,1.8744391888276266E-11,1.8062165327359519E-11,1.5698138553460731E-11],[1.5960272139074611E-11,1.8283328702995392E-11,1.8062165327359519E-11,1.9419211891990397E-11,1.8062165327359519E-11,1.8283328702995392E-11,1.5960272139074611E-11],[1.3700632921856432E-11,1.5960272139074611E-11,1.5698138553460731E-11,1.7036261915005878E-11,1.5698138553460731E-11,1.5960272139074611E-11,1.3700632921856432E-11]],[[1.5076991649636207E-11,1.7404593691043067E-11,1.7135412115375516E-11,1.8515492668576527E-11,1.7135412115375516E-11,1.7404593691043067E-11,1.5076991649636207E-11],[1.7404593691043067E-11,1.9788024505977502E-11,1.9561789848529291E-11,2.0955460681362026E-11,1.9561789848529291E-11,1.9788024505977502E-11,1.7404593691043067E-11],[1.7135412115375516E-11,1.9561789848529291E-11,2.0262001001548419E-11,2.0963490686769211E-11,2.0262001001548419E-11,1.9561789848529291E-11,1.7135412115375516E-11],[1.8515492668576527E-11,2.0955460681362026E-11,2.0963490686769211E-11,2.226829753408529E-11,2.0963490686769211E-11,2.0955460681362026E-11,1.8515492668576527E-11],[1.7135412115375516E-11,1.9561789848529291E-11,2.0262001001548419E-11,2.0963490686769211E-11,2.0262001001548419E-11,1.9561789848529291E-11,1.7135412115375516E-11],[1.7404593691043067E-11,1.9788024505977502E-11,1.9561789848529291E-11,2.0955460681362026E-11,1.9561789848529291E-11,1.9788024505977502E-11,1.7404593691043067E-11],[1.5076991649636207E-11,1.7404593691043067E-11,1.7135412115375516E-11,1.8515492668576527E-11,1.7135412115375516E-11,1.7404593691043067E-11,1.5076991649636207E-11]],[[1.6493052529663014E-11,1.8885104754316172E-11,1.860921811173206E-11,2.002901505850752E-11,1.860921811173206E-11,1.8885104754316172E-11,1.6493052529663014E-11],[1.8885104754316172E-11,2.132618394910778E-11,2.1095079760842637E-11,2.2523654626600529E-11,2.1095079760842637E-11,2.132618394910778E-11,1.8885104754316172E-11],[1.860921811173206E-11,2.1095079760842637E-11,2.1812450213959832E-11,2.2531126053813271E-11,2.1812450213959832E-11,2.1095079760842637E-11,1.860921811173206E-11],[2.002901505850752E-11,2.2523654626600529E-11,2.2531126053813271E-11,2.3867192996330829E-11,2.2531126053813271E-11,2.2523654626600529E-11,2.002901505850752E-11],[1.860921811173206E-11,2.1095079760842637E-11,2.1812450213959832E-11,2.2531126053813271E-11,2.1812450213959832E-11,2.1095079760842637E-11,1.860921811173206E-11],[1.8885104754316172E-11,2.132618394910778E-11,2.1095079760842637E-11,2.2523654626600529E-11,2.1095079760842637E-11,2.132618394910778E-11,1.8885104754316172E-11],[1.6493052529663014E-11,1.8885104754316172E-11,1.860921811173206E-11,2.002901505850752E-11,1.860921811173206E-11,1.8885104754316172E-11,1.6493052529663014E-11]],[[1.7946833534818544E-11,2.04002336198848E-11,2.0117940293647755E-11,2.1575473076168218E-11,2.0117940293647755E-11,2.04002336198848E-11,1.7946833534818544E-11],[2.04002336198848E-11,2.2896556264605241E-11,2.2660758467365742E-11,2.4122719391760666E-11,2.2660758467365742E-11,2.2896556264605241E-11,2.04002336198848E-11],[2.0117940293647755E-11,2.2660758467365742E-11,2.3394560306313875E-11,2.4129693465229259E-11,2.3394560306313875E-11,2.2660758467365742E-11,2.0117940293647755E-11],[2.1575473076168218E-11,2.4122719391760666E-11,2.4129693465229259E-11,2.5495729942740183E-11,2.4129693465229259E-11,2.4122719391760666E-11,2.1575473076168218E-11],[2.0117940293647755E-11,2.2660758467365742E-11,2.3394560306313875E-11,2.4129693465229259E-11,2.3394560306313875E-11,2.2660758467365742E-11,2.0117940293647755E-11],[2.04002336198848E-11,2.2896556264605241E-11,2.2660758467365742E-11,2.4122719391760666E-11,2.2660758467365742E-11,2.2896556264605241E-11,2.04002336198848E-11],[1.7946833534818544E-11,2.04002336198848E-11,2.0117940293647755E-11,2.1575473076168218E-11,2.0117940293647755E-11,2.04002336198848E-11,1.7946833534818544E-11]],[[1.9436584616984505E-11,2.1948594119934754E-11,2.166015423122279E-11,2.3153673645870115E-11,2.166015423122279E-11,2.1948594119934754E-11,1.9436584616984505E-11],[2.1948594119934754E-11,2.4498039973574729E-11,2.4257702137769435E-11,2.5751710539224246E-11,2.4257702137769435E-11,2.4498039973574729E-11,2.1948594119934754E-11],[2.166015423122279E-11,2.4257702137769435E-11,2.50072937451721E-11,2.5758241795663709E-11,2.50072937451721E-11,2.4257702137769435E-11,2.166015423122279E-11],[2.3153673645870115E-11,2.5751710539224246E-11,2.5758241795663709E-11,2.7153110783220729E-11,2.5758241795663709E-11,2.5751710539224246E-11,2.3153673645870115E-11],[2.166015423122279E-11,2.4257702137769435E-11,2.50072937451721E-11,2.5758241795663709E-11,2.50072937451721E-11,2.4257702137769435E-11,2.166015423122279E-11],[2.1948594119934754E-11,2.4498039973574729E-11,2.4257702137769435E-11,2.5751710539224246E-11,2.4257702137769435E-11,2.4498039973574729E-11,2.1948594119934754E-11],[1.9436584616984505E-11,2.1948594119934754E-11,2.166015423122279E-11,2.3153673645870115E-11,2.166015423122279E-11,2.1948594119934754E-11,1.9436584616984505E-11]],[[2.0960761474328855E-11,2.3528964737199852E-11,2.3234605356520168E-11,2.4762567712734025E-11,2.3234605356520168E-11,2.3528964737199852E-11,2.0960761474328855E-11],[2.3528964737199852E-11,2.612966632380933E-11,2.5884922559158749E-11,2.7409799065423174E-11,2.5884922559158749E-11,2.612966632380933E-11,2.3528964737199852E-11],[2.3234605356520168E-11,2.5884922559158749E-11,2.664973886852342E-11,2.7415936032848496E-11,2.664973886852342E-11,2.5884922559158749E-11,2.3234605356520168E-11],[2.4762567712734025E-11,2.7409799065423174E-11,2.7415936032848496E-11,2.8838636631682034E-11,2.7415936032848496E-11,2.7409799065423174E-11,2.4762567712734025E-11],[2.3234605356520168E-11,2.5884922559158749E-11,2.664973886852342E-11,2.7415936032848496E-11,2.664973886852342E-11,2.5884922559158749E-11,2.3234605356520168E-11],[2.3528964737199852E-11,2.612966632380933E-11,2.5884922559158749E-11,2.7409799065423174E-11,2.5884922559158749E-11,2.612966632380933E-11,2.3528964737199852E-11],[2.0960761474328855E-11,2.3528964737199852E-11,2.3234605356520168E-11,2.4762567712734025E-11,2.3234605356520168E-11,2.3528964737199852E-11,2.0960761474328855E-11]],[[2.251800235965511E-11,2.5140270209323971E-11,2.4840189705946923E-11,2.6401233835637647E-11,2.4840189705946923E-11,2.5140270209323971E-11,2.251800235965511E-11],[2.5140270209323971E-11,2.7790584701221891E-11,2.7541552080485165E-11,2.9096258731708631E-11,2.7541552080485165E-11,2.7790584701221891E-11,2.5140270209323971E-11],[2.4840189705946923E-11,2.7541552080485165E-11,2.8321096003851884E-11,2.9102044570822609E-11,2.8321096003851884E-11,2.7541552080485162E-11,2.4840189705946923E-11],[2.6401233835637647E-11,2.9096258731708631E-11,2.9102044570822609E-11,3.0551696736509821E-11,2.9102044570822609E-11,2.9096258731708631E-11,2.6401233835637647E-11],[2.4840189705946923E-11,2.7541552080485165E-11,2.8321096003851884E-11,2.9102044570822609E-11,2.8321096003851884E-11,2.7541552080485162E-11,2.4840189705946923E-11],[2.5140270209323971E-11,2.7790584701221891E-11,2.7541552080485162E-11,2.9096258731708631E-11,2.7541552080485162E-11,2.7790584701221891E-11,2.5140270209323971E-11],[2.251800235965511E-11,2.5140270209323971E-11,2.4840189705946923E-11,2.6401233835637647E-11,2.4840189705946923E-11,2.5140270209323971E-11,2.251800235965511E-11]],[[2.4107107607043384E-11,2.6781565325580689E-11,2.6475937019741152E-11,2.8068863895651647E-11,2.6475937019741152E-11,2.6781565325580689E-11,2.4107107607043384E-11],[2.6781565325580689E-11,2.9480049770382314E-11,2.9226830378434081E-11,3.0810454940283207E-11,2.9226830378434081E-11,2.9480049770382314E-11,2.6781565325580689E-11],[2.6475937019741152E-11,2.9226830378434081E-11,3.0020665263567712E-11,3.0815928036208873E-11,3.0020665263567712E-11,2.9226830378434081E-11,2.6475937019741152E-11],[2.8068863895651647E-11,3.0810454940283207E-11,3.0815928036208873E-11,3.2291759166263574E-11,3.0815928036208873E-11,3.0810454940283207E-11,2.8068863895651647E-11],[2.6475937019741152E-11,2.9226830378434081E-11,3.0020665263567712E-11,3.0815928036208873E-11,3.0020665263567712E-11,2.9226830378434081E-11,2.6475937019741156E-11],[2.6781565325580689E-11,2.9480049770382314E-11,2.9226830378434081E-11,3.0810454940283207E-11,2.9226830378434081E-11,2.9480049770382314E-11,2.6781565325580689E-11],[2.4107107607043384E-11,2.6781565325580689E-11,2.6475937019741152E-11,2.8068863895651647E-11,2.6475937019741156E-11,2.6781565325580689E-11,2.4107107607043384E-11]],[[2.5727021571752449E-11,2.8452020647869613E-11,2.8140995897242421E-11,2.9764750604378873E-11,2.8140995897242421E-11,2.8452020647869617E-11,2.5727021571752449E-11],[2.8452020647869613E-11,3.1197410129778218E-11,3.094009280943945E-11,3.2551834945349831E-11,3.094009280943945E-11,3.1197410129778218E-11,2.8452020647869617E-11],[2.8140995897242421E-11,3.094009280943945E-11,3.1747835798906039E-11,3.2557029445129804E-11,3.1747835798906039E-11,3.094009280943945E-11,2.8140995897242421E-11],[2.9764750604378873E-11,3.2551834945349831E-11,3.2557029445129804E-11,3.4058362585514524E-11,3.2557029445129804E-11,3.2551834945349831E-11,2.9764750604378873E-11],[2.8140995897242421E-11,3.094009280943945E-11,3.1747835798906039E-11,3.2557029445129804E-11,3.1747835798906039E-11,3.094009280943945E-11,2.8140995897242421E-11],[2.8452020647869617E-11,3.1197410129778218E-11,3.094009280943945E-11,3.2551834945349831E-11,3.094009280943945E-11,3.1197410129778218E-11,2.8452020647869617E-11],[2.5727021571752449E-11,2.8452020647869617E-11,2.8140995897242421E-11,2.9764750604378873E-11,2.8140995897242421E-11,2.8452020647869617E-11,2.5727021571752449E-11]],[[2.7376816703004243E-11,3.0150909919567125E-11,2.9834620744481686E-11,3.1488276553284315E-11,2.9834620744481686E-11,3.0150909919567125E-11,2.7376816703004243E-11],[3.0150909919567125E-11,3.2942098294237438E-11,3.2680760144362116E-11,3.4319919222179849E-11,3.2680760144362116E-11,3.2942098294237438E-11,3.0150909919567125E-11],[2.9834620744481686E-11,3.2680760144362116E-11,3.3502076324112942E-11,3.4324865517889039E-11,3.3502076324112942E-11,3.2680760144362116E-11,2.9834620744481686E-11],[3.1488276553284315E-11,3.4319919222179849E-11,3.4324865517889039E-11,3.5851108980332771E-11,3.4324865517889039E-11,3.4319919222179849E-11,3.1488276553284315E-11],[2.9834620744481686E-11,3.2680760144362116E-11,3.3502076324112942E-11,3.4324865517889039E-11,3.3502076324112942E-11,3.2680760144362116E-11,2.9834620744481686E-11],[3.0150909919567125E-11,3.2942098294237438E-11,3.2680760144362116E-11,3.4319919222179849E-11,3.2680760144362116E-11,3.2942098294237438E-11,3.0150909919567125E-11],[2.7376816703004243E-11,3.0150909919567125E-11,2.9834620744481686E-11,3.1488276553284315E-11,2.9834620744481686E-11,3.0150909919567125E-11,2.7376816703004243E-11]],[[2.9055679496294478E-11,3.1877598954396816E-11,3.1556160284655789E-11,3.3238904589288988E-11,3.1556160284655789E-11,3.1877598954396816E-11,2.9055679496294478E-11],[3.1877598954396816E-11,3.4713621840629023E-11,3.4448329509884023E-11,3.6114293843406609E-11,3.4448329509884023E-11,3.4713621840629023E-11,3.1877598954396816E-11],[3.1556160284655789E-11,3.4448329509884023E-11,3.5282926748845894E-11,3.6119019003240412E-11,3.5282926748845894E-11,3.4448329509884023E-11,3.1556160284655789E-11],[3.3238904589288988E-11,3.6114293843406609E-11,3.6119019003240412E-11,3.766965721325577E-11,3.6119019003240412E-11,3.6114293843406609E-11,3.3238904589288988E-11],[3.1556160284655789E-11,3.4448329509884023E-11,3.5282926748845894E-11,3.6119019003240412E-11,3.5282926748845894E-11,3.4448329509884023E-11,3.1556160284655789E-11],[3.1877598954396816E-11,3.4713621840629023E-11,3.4448329509884023E-11,3.6114293843406609E-11,3.4448329509884023E-11,3.4713621840629023E-11,3.1877598954396816E-11],[2.9055679496294478E-11,3.1877598954396816E-11,3.1556160284655789E-11,3.3238904589288988E-11,3.1556160284655789E-11,3.1877598954396816E-11,2.9055679496294478E-11]],[[3.07628980988793E-11,3.3631535823063959E-11,3.3305047432231671E-11,3.5016169336883758E-11,3.3305047432231671E-11,3.3631535823063959E-11,3.07628980988793E-11],[3.3631535823063959E-11,3.6511555573783594E-11,3.6242366384402009E-11,3.7934603733828912E-11,3.6242366384402009E-11,3.6511555573783594E-11,3.3631535823063959E-11],[3.3305047432231671E-11,3.6242366384402009E-11,3.7089990778975621E-11,3.7939131884852055E-11,3.7089990778975621E-11,3.6242366384402009E-11,3.3305047432231671E-11],[3.5016169336883758E-11,3.7934603733828912E-11,3.7939131884852055E-11,3.9513717304523254E-11,3.7939131884852055E-11,3.7934603733828912E-11,3.5016169336883758E-11],[3.3305047432231671E-11,3.6242366384402009E-11,3.7089990778975621E-11,3.7939131884852055E-11,3.7089990778975621E-11,3.6242366384402009E-11,3.3305047432231671E-11],[3.3631535823063959E-11,3.6511555573783594E-11,3.6242366384402009E-11,3.7934603733828912E-11,3.6242366384402009E-11,3.6511555573783594E-11,3.3631535823063959E-11],[3.07628980988793E-11,3.3631535823063959E-11,3.3305047432231671E-11,3.5016169336883758E-11,3.3305047432231671E-11,3.3631535823063959E-11,3.07628980988793E-11]],[[3.2497851367714997E-11,3.5412242178134345E-11,3.5080790357779778E-11,3.6819669715106394E-11,3.5080790357779778E-11,3.5412242178134345E-11,3.2497851367714997E-11],[3.5412242178134345E-11,3.83355345877988E-11,3.8062497516583665E-11,3.9780546693267092E-11,3.8062497516583665E-11,3.83355345877988E-11,3.5412242178134345E-11],[3.5080790357779778E-11,3.8062497516583665E-11,3.8922929364924464E-11,3.9784899360088085E-11,3.8922929364924464E-11,3.8062497516583665E-11,3.5080790357779778E-11],[3.6819669715106394E-11,3.9780546693267092E-11,3.9784899360088085E-11,4.1383045350547709E-11,3.9784899360088085E-11,3.9780546693267092E-11,3.6819669715106394E-11],[3.5080790357779778E-11,3.8062497516583665E-11,3.8922929364924464E-11,3.9784899360088085E-11,3.8922929364924464E-11,3.8062497516583665E-11,3.5080790357779778E-11],[3.5412242178134345E-11,3.83355345877988E-11,3.8062497516583665E-11,3.9780546693267092E-11,3.8062497516583665E-11,3.83355345877988E-11,3.5412242178134345E-11],[3.2497851367714997E-11,3.5412242178134345E-11,3.5080790357779778E-11,3.6819669715106394E-11,3.5080790357779778E-11,3.5412242178134345E-11,3.2497851367714997E-11]],[[3.4259999202781065E-11,3.721930557764931E-11,3.6882964593662037E-11,3.8649062320580087E-11,3.6882964593662037E-11,3.721930557764931E-11,3.4259999202781065E-11],[3.721930557764931E-11,4.0185248113805566E-11,3.9908404652317091E-11,4.165186809235631E-11,3.9908404652317091E-11,4.0185248113805566E-11,3.721930557764931E-11],[3.6882964593662037E-11,3.9908404652317091E-11,4.0781454892912875E-11,4.1656064496130967E-11,4.0781454892912875E-11,3.9908404652317091E-11,3.6882964593662037E-11],[3.8649062320580087E-11,4.165186809235631E-11,4.1656064496130967E-11,4.3277439002608727E-11,4.1656064496130967E-11,4.165186809235631E-11,3.8649062320580087E-11],[3.6882964593662037E-11,3.9908404652317091E-11,4.0781454892912875E-11,4.1656064496130967E-11,4.0781454892912875E-11,3.9908404652317091E-11,3.6882964593662037E-11],[3.721930557764931E-11,4.0185248113805566E-11,3.9908404652317091E-11,4.165186809235631E-11,3.9908404652317091E-11,4.0185248113805566E-11,3.721930557764931E-11],[3.4259999202781065E-11,3.721930557764931E-11,3.6882964593662037E-11,3.8649062320580087E-11,3.6882964593662037E-11,3.721930557764931E-11,3.4259999202781065E-11]],[[3.6048874000136404E-11,3.9052372685608821E-11,3.8711206050545963E-11,4.0504055566615906E-11,3.8711206050545963E-11,3.9052372685608821E-11,3.6048874000136404E-11],[3.9052372685608821E-11,4.2060434059134328E-11,4.1779818970852568E-11,4.3548356159067551E-11,4.1779818970852568E-11,4.2060434059134328E-11,3.9052372685608821E-11],[3.8711206050545963E-11,4.1779818970852568E-11,4.2665326028337776E-11,4.3552413481105923E-11,4.2665326028337776E-11,4.1779818970852568E-11,3.8711206050545963E-11],[4.0504055566615906E-11,4.3548356159067551E-11,4.3552413481105923E-11,4.5196733438908461E-11,4.3552413481105923E-11,4.3548356159067551E-11,4.0504055566615906E-11],[3.8711206050545963E-11,4.1779818970852568E-11,4.2665326028337776E-11,4.3552413481105923E-11,4.2665326028337776E-11,4.1779818970852568E-11,3.8711206050545963E-11],[3.9052372685608821E-11,4.2060434059134328E-11,4.1779818970852568E-11,4.3548356159067551E-11,4.1779818970852568E-11,4.2060434059134328E-11,3.9052372685608821E-11],[3.6048874000136404E-11,3.9052372685608821E-11,3.8711206050545963E-11,4.0504055566615906E-11,3.8711206050545963E-11,3.9052372685608821E-11,3.6048874000136404E-11]],[[3.7864073088171176E-11,4.0911143242868091E-11,4.0565204831959441E-11,4.2384404483956521E-11,4.0565204831959441E-11,4.0911143242868091E-11,3.7864073088171176E-11],[4.0911143242868091E-11,4.3960874154894426E-11,4.3676516143942089E-11,4.54698377847146E-11,4.3676516143942089E-11,4.3960874154894426E-11,4.0911143242868091E-11],[4.0565204831959441E-11,4.3676516143942089E-11,4.457434313242918E-11,4.5473771398702281E-11,4.457434313242918E-11,4.3676516143942089E-11,4.0565204831959441E-11],[4.2384404483956521E-11,4.54698377847146E-11,4.5473771398702281E-11,4.714079777182164E-11,4.5473771398702281E-11,4.54698377847146E-11,4.2384404483956521E-11],[4.0565204831959441E-11,4.3676516143942089E-11,4.457434313242918E-11,4.5473771398702281E-11,4.457434313242918E-11,4.3676516143942089E-11,4.0565204831959441E-11],[4.0911143242868091E-11,4.3960874154894426E-11,4.3676516143942089E-11,4.54698377847146E-11,4.3676516143942089E-11,4.3960874154894426E-11,4.0911143242868091E-11],[3.7864073088171176E-11,4.0911143242868091E-11,4.0565204831959441E-11,4.2384404483956521E-11,4.0565204831959441E-11,4.0911143242868091E-11,3.7864073088171176E-11]],[[3.9705252027535935E-11,4.2795364715469789E-11,4.2444699748899874E-11,4.4289906101811594E-11,4.2444699748899874E-11,4.2795364715469789E-11,3.9705252027535935E-11],[4.2795364715469789E-11,4.5886389639460935E-11,4.5598311942948162E-11,4.7416174787530063E-11,4.5598311942948162E-11,4.5886389639460935E-11,4.2795364715469789E-11],[4.2444699748899874E-11,4.5598311942948162E-11,4.6508344183538573E-11,4.741999846403606E-11,4.6508344183538573E-11,4.5598311942948162E-11,4.2444699748899874E-11],[4.4289906101811594E-11,4.7416174787530063E-11,4.741999846403606E-11,4.9109531839583539E-11,4.741999846403606E-11,4.7416174787530063E-11,4.4289906101811594E-11],[4.2444699748899874E-11,4.5598311942948162E-11,4.6508344183538573E-11,4.741999846403606E-11,4.6508344183538573E-11,4.5598311942948162E-11,4.2444699748899874E-11],[4.2795364715469789E-11,4.5886389639460935E-11,4.5598311942948162E-11,4.7416174787530063E-11,4.5598311942948162E-11,4.5886389639460935E-11,4.2795364715469789E-11],[3.9705252027535935E-11,4.2795364715469789E-11,4.2444699748899874E-11,4.4289906101811594E-11,4.2444699748899874E-11,4.2795364715469789E-11,3.9705252027535935E-11]],[[4.1572118670159191E-11,4.4704827539178824E-11,4.4349473449340574E-11,4.6220395338816512E-11,4.4349473449340574E-11,4.4704827539178824E-11,4.1572118670159191E-11],[4.4704827539178824E-11,4.7836837414488886E-11,4.7545058328551748E-11,4.9387260579883787E-11,4.7545058328551748E-11,4.7836837414488886E-11,4.4704827539178824E-11],[4.4349473449340574E-11,4.7545058328551748E-11,4.84672011432297E-11,4.9390986666471282E-11,4.84672011432297E-11,4.7545058328551748E-11,4.4349473449340574E-11],[4.6220395338816512E-11,4.9387260579883787E-11,4.9390986666471282E-11,5.1102863338055638E-11,4.9390986666471282E-11,4.9387260579883787E-11,4.6220395338816512E-11],[4.4349473449340574E-11,4.7545058328551748E-11,4.84672011432297E-11,4.9390986666471282E-11,4.84672011432297E-11,4.7545058328551748E-11,4.4349473449340574E-11],[4.4704827539178824E-11,4.7836837414488886E-11,4.7545058328551748E-11,4.9387260579883787E-11,4.7545058328551748E-11,4.7836837414488886E-11,4.4704827539178824E-11],[4.1572118670159191E-11,4.4704827539178824E-11,4.4349473449340574E-11,4.6220395338816512E-11,4.4349473449340574E-11,4.4704827539178824E-11,4.1572118670159191E-11]],[[4.3464427885884167E-11,4.6639360889220637E-11,4.6279348088499426E-11,4.8175741342893757E-11,4.6279348088499426E-11,4.6639360889220637E-11,4.3