{"M_cells":[[[0,0,0,0,0],[0,0,0,0,0],[0,0,0,0,0],[0,0,0,0,0],[0,0,0,0,0]],[[0.000403420108130779,0.0009655944480168522,0.0011326989470960317,0.0009655944480168522,0.000403420108130779],[0.0009655944480168522,0.001604395102710718,0.0019022491838614039,0.001604395102710718,0.0009655944480168522],[0.0011326989470960317,0.0019022491838614039,0.0022436861547887586,0.0019022491838614039,0.0011326989470960315],[0.0009655944480168522,0.001604395102710718,0.0019022491838614039,0.001604395102710718,0.0009655944480168522],[0.000403420108130779,0.0009655944480168522,0.0011326989470960315,0.0009655944480168522,0.000403420108130779]],[[0.0020446863103590084,0.0032685001774993608,0.0036516206872375984,0.0032685001774993608,0.0020446863103590084],[0.0032685001774993608,0.00427143990943167,0.00475632784335022,0.00427143990943167,0.0032685001774993608],[0.0036516206872375984,0.00475632784335022,0.0052751409178487269,0.00475632784335022,0.0036516206872375984],[0.0032685001774993608,0.00427143990943167,0.00475632784335022,0.004271439909431669,0.0032685001774993604],[0.0020446863103590084,0.0032685001774993608,0.0036516206872375984,0.0032685001774993604,0.0020446863103590084]],[[0.0046567803406496874,0.0062971296330814469,0.0068258400775885941,0.0062971296330814469,0.0046567803406496874],[0.0062971296330814469,0.0074973637098369791,0.0080876671878120521,0.0074973637098369791,0.0062971296330814469],[0.0068258400775885941,0.0080876671878120521,0.008698503785577948,0.0080876671878120521,0.0068258400775885941],[0.0062971296330814469,0.0074973637098369791,0.0080876671878120521,0.0074973637098369791,0.0062971296330814469],[0.0046567803406496874,0.0062971296330814469,0.0068258400775885941,0.0062971296330814469,0.0046567803406496874]],[[0.0078388384721154933,0.0097105447686606141,0.010323476844654537,0.0097105447686606141,0.0078388384721154933],[0.0097105447686606141,0.011015310321632483,0.011662477667201495,0.011015310321632483,0.0097105447686606141],[0.010323476844654537,0.011662477667201495,0.012321058044334941,0.011662477667201495,0.010323476844654537],[0.0097105447686606141,0.011015310321632483,0.011662477667201495,0.011015310321632483,0.0097105447686606141],[0.0078388384721154933,0.0097105447686606141,0.010323476844654537,0.0097105447686606141,0.0078388384721154933]],[[0.011330666531257092,0.013325744072605766,0.013984624527588831,0.013325744072605766,0.011330666531257092],[0.013325744072605766,0.014685308855569876,0.015362542943915196,0.014685308855569876,0.013325744072605766],[0.013984624527588831,0.015362542943915196,0.016045895611244108,0.015362542943915196,0.013984624527588831],[0.013325744072605766,0.014685308855569876,0.015362542943915196,0.014685308855569876,0.013325744072605766],[0.011330666531257092,0.013325744072605766,0.013984624527588831,0.013325744072605766,0.011330666531257092]],[[0.014986346745457653,0.017046200403534,0.01772950532455379,0.017046200403534,0.014986346745457653],[0.017046200403534,0.018434346685062795,0.019127328222912118,0.018434346685062795,0.017046200403534],[0.01772950532455379,0.019127328222912118,0.0198235356663843,0.019127328222912118,0.01772950532455379],[0.017046200403534,0.018434346685062795,0.019127328222912118,0.018434346685062795,0.017046200403533995],[0.014986346745457653,0.017046200403534,0.01772950532455379,0.017046200403533995,0.01498634674545765]],[[0.018727774495534904,0.02082142294203557,0.021517553274087508,0.02082142294203557,0.018727774495534904],[0.02082142294203557,0.022224440164671053,0.022925631861365474,0.022224440164671053,0.02082142294203557],[0.021517553274087508,0.022925631861365474,0.023628510862994334,0.022925631861365474,0.021517553274087508],[0.02082142294203557,0.022224440164671053,0.022925631861365474,0.022224440164671053,0.02082142294203557],[0.018727774495534904,0.02082142294203557,0.021517553274087508,0.02082142294203557,0.018727774495534904]],[[0.02251387553004312,0.024625107394722914,0.025327933014826377,0.024625107394722914,0.02251387553004312],[0.024625107394722914,0.026035853177767732,0.026741316025540876,0.026035853177767732,0.024625107394722914],[0.025327933014826377,0.026741316025540876,0.027447658034696839,0.026741316025540876,0.025327933014826377],[0.024625107394722914,0.026035853177767732,0.026741316025540876,0.026035853177767732,0.024625107394722914],[0.02251387553004312,0.024625107394722914,0.025327933014826377,0.024625107394722914,0.02251387553004312]],[[0.026323205810814567,0.0284435752865006,0.029149886125501973,0.0284435752865006,0.026323205810814567],[0.0284435752865006,0.029858335229631727,0.030566017588271946,0.029858335229631727,0.0284435752865006],[0.029149886125501973,0.030566017588271946,0.03127415715375844,0.030566017588271946,0.029149886125501973],[0.0284435752865006,0.029858335229631727,0.030566017588271946,0.029858335229631727,0.0284435752865006],[0.026323205810814567,0.0284435752865006,0.029149886125501973,0.0284435752865006,0.026323205810814567]],[[0.030144603659514879,0.032269718212786458,0.032977840493807267,0.032269718212786458,0.030144603659514879],[0.032269718212786458,0.033686561526148559,0.034395396193553536,0.033686561526148559,0.032269718212786458],[0.032977840493807267,0.034395396193553536,0.035104468329127267,0.034395396193553536,0.032977840493807267],[0.032269718212786458,0.033686561526148559,0.034395396193553536,0.033686561526148559,0.032269718212786458],[0.030144603659514879,0.032269718212786458,0.032977840493807267,0.032269718212786458,0.030144603659514879]],[[0.033972265379052728,0.036099841187405855,0.036808903644228,0.036099841187405855,0.033972265379052728],[0.036099841187405855,0.037517763670998253,0.03822719549202365,0.037517763670998253,0.036099841187405855],[0.036808903644228,0.03822719549202365,0.038936750425529056,0.03822719549202365,0.036808903644228],[0.036099841187405855,0.037517763670998253,0.03822719549202365,0.037517763670998253,0.036099841187405855],[0.033972265379052728,0.036099841187405855,0.036808903644228,0.036099841187405855,0.033972265379052728]],[[0.037803172562948656,0.039932021144509409,0.040641570230108337,0.039932021144509409,0.037803172562948656],[0.039932021144509409,0.041350499558109939,0.042060239329300066,0.041350499558109939,0.039932021144509409],[0.040641570230108337,0.042060239329300066,0.04277004264497955,0.042060239329300066,0.040641570230108337],[0.039932021144509409,0.041350499558109939,0.042060239329300066,0.041350499558109939,0.039932021144509409],[0.037803172562948656,0.039932021144509409,0.040641570230108337,0.039932021144509409,0.037803172562948656]],[[0.041635752991815038,0.043765254345944228,0.044475053542128558,0.043765254345944228,0.041635752991815038],[0.043765254345944228,0.045184014954798096,0.045893911486529715,0.045184014954798096,0.043765254345944228],[0.044475053542128558,0.045893911486529715,0.046603840440927212,0.045893911486529715,0.044475053542128558],[0.043765254345944228,0.045184014954798096,0.045893911486529715,0.045184014954798096,0.043765254345944228],[0.041635752991815038,0.043765254345944228,0.044475053542128558,0.043765254345944228,0.041635752991815038]],[[0.045469184807773053,0.0475990137936001,0.048308939217500582,0.0475990137936001,0.045469184807773053],[0.0475990137936001,0.0490179122176682,0.049727885889666021,0.0490179122176682,0.0475990137936001],[0.048308939217500582,0.049727885889666021,0.0504378756183504,0.049727885889666021,0.048308939217500582],[0.0475990137936001,0.0490179122176682,0.049727885889666021,0.0490179122176682,0.0475990137936001],[0.045469184807773053,0.0475990137936001,0.048308939217500582,0.0475990137936001,0.045469184807773053]],[[0.049303035230818019,0.051433019531092555,0.052143005701981882,0.051433019531092555,0.049303035230818019],[0.051433019531092555,0.052851978385388243,0.053561986653863684,0.052851978385388243,0.051433019531092555],[0.052143005701981882,0.053561986653863684,0.054272002259471479,0.053561986653863684,0.052143005701981882],[0.051433019531092555,0.052851978385388243,0.053561986653863684,0.052851978385388243,0.051433019531092555],[0.049303035230818019,0.051433019531092555,0.052143005701981882,0.051433019531092555,0.049303035230818019]],[[0.053137073033394128,0.055267119434259396,0.055977131114722127,0.055267119434259396,0.053137073033394128],[0.055267119434259396,0.056686095961988647,0.057396115455217091,0.056686095961988647,0.055267119434259396],[0.055977131114722127,0.057396115455217091,0.058106137521578984,0.057396115455217091,0.055977131114722127],[0.055267119434259396,0.056686095961988647,0.057396115455217091,0.056686095961988647,0.055267119434259396],[0.053137073033394128,0.055267119434259396,0.055977131114722127,0.055267119434259396,0.053137073033394128]],[[0.056971171207173141,0.059101227331102964,0.059811244908187372,0.059101227331102964,0.056971171207173141],[0.059101227331102964,0.060520196598889908,0.061230213821451121,0.060520196598889908,0.059101227331102964],[0.059811244908187372,0.061230213821451121,0.061940230892408826,0.061230213821451121,0.059811244908187372],[0.059101227331102964,0.060520196598889908,0.061230213821451121,0.060520196598889908,0.059101227331102964],[0.056971171207173141,0.059101227331102964,0.059811244908187372,0.059101227331102964,0.056971171207173141]],[[0.060805256430645181,0.06293529086388272,0.0636453027575751,0.06293529086388272,0.060805256430645181],[0.06293529086388272,0.064354237030231617,0.065064243533661428,0.064354237030231617,0.06293529086388272],[0.0636453027575751,0.065064243533661428,0.065774248204555227,0.065064243533661428,0.0636453027575751],[0.06293529086388272,0.064354237030231617,0.065064243533661428,0.064354237030231617,0.06293529086388272],[0.060805256430645181,0.06293529086388272,0.0636453027575751,0.06293529086388272,0.060805256430645181]],[[0.064639282816954857,0.066769274779120841,0.067479273496890951,0.066769274779120841,0.064639282816954857],[0.066769274779120841,0.068188186550359464,0.068898176420626123,0.068188186550359464,0.066769274779120841],[0.067479273496890951,0.068898176420626123,0.069608163303471082,0.068898176420626123,0.067479273496890951],[0.066769274779120841,0.068188186550359464,0.068898176420626123,0.068188186550359464,0.066769274779120841],[0.064639282816954857,0.066769274779120841,0.067479273496890951,0.066769274779120841,0.064639282816954857]],[[0.06847321825607687,0.070603152218777054,0.071313132301360063,0.070603152218777054,0.06847321825607687],[0.070603152218777054,0.072022020476387311,0.072731989022824475,0.072022020476387311,0.070603152218777054],[0.071313132301360063,0.072731989022824475,0.073441953682989239,0.072731989022824475,0.071313132301360063],[0.070603152218777054,0.072022020476387311,0.072731989022824475,0.072022020476387311,0.070603152218777054],[0.06847321825607687,0.070603152218777054,0.071313132301360063,0.070603152218777054,0.06847321825607687]],[[0.072307037288074721,0.074436900159365632,0.075146857107201467,0.074436900159365632,0.072307037288074721],[0.074436900159365632,0.075855716712663307,0.076565659779645245,0.075855716712663307,0.074436900159365632],[0.075146857107201467,0.076565659779645245,0.077275598175952767,0.076565659779645245,0.075146857107201467],[0.074436900159365632,0.075855716712663307,0.076565659779645245,0.075855716712663307,0.074436900159365632],[0.072307037288074721,0.074436900159365632,0.075146857107201467,0.074436900159365632,0.072307037288074721]],[[0.076140717361529983,0.078270496999741493,0.078980426707586579,0.078270496999741493,0.076140717361529983],[0.078270496999741493,0.079689253921134739,0.080399167522207465,0.079689253921134739,0.078270496999741493],[0.078980426707586579,0.080399167522207465,0.081109075707579872,0.080399167522207465,0.078980426707586579],[0.078270496999741493,0.079689253921134739,0.080399167522207465,0.079689253921134739,0.078270496999741493],[0.076140717361529983,0.078270496999741493,0.078980426707586579,0.078270496999741493,0.076140717361529983]],[[0.079974236844826116,0.082103921260102714,0.0828138197146401,0.082103921260102714,0.079974236844826116],[0.082103921260102714,0.083522610521245558,0.08423249063987992,0.083522610521245558,0.082103921260102714],[0.0828138197146401,0.08423249063987992,0.0849423645964747,0.08423249063987992,0.0828138197146401],[0.082103921260102714,0.083522610521245558,0.08423249063987992,0.083522610521245558,0.082103921260102714],[0.079974236844826116,0.082103921260102714,0.0828138197146401,0.082103921260102714,0.079974236844826116]],[[0.0838075739431654,0.085937150853704181,0.086647013966904107,0.085937150853704181,0.0838075739431654],[0.085937150853704181,0.087355764116303455,0.088065606592369422,0.087355764116303455,0.085937150853704181],[0.086647013966904107,0.088065606592369422,0.0887754421357593,0.088065606592369422,0.086647013966904107],[0.085937150853704181,0.087355764116303455,0.088065606592369422,0.087355764116303455,0.085937150853704181],[0.0838075739431654,0.085937150853704181,0.086647013966904107,0.085937150853704181,0.0838075739431654]],[[0.08764070608157,0.089770162651611918,0.0904799861637755,0.089770162651611918,0.08764070608157],[0.089770162651611918,0.091188691136902783,0.091898491596838758,0.091188691136902783,0.089770162651611918],[0.0904799861637755,0.091898491596838758,0.092608284315222278,0.091898491596838758,0.0904799861637755],[0.089770162651611918,0.091188691136902783,0.091898491596838758,0.091188691136902783,0.089770162651611918],[0.08764070608157,0.089770162651611918,0.0904799861637755,0.089770162651611918,0.08764070608157]],[[0.091473609525402649,0.0936029321950786,0.094312711613222619,0.0936029321950786,0.091473609525402649],[0.0936029321950786,0.0950213665924208,0.095731120401230066,0.0950213665924208,0.0936029321950786],[0.094312711613222619,0.095731120401230066,0.096440865611964008,0.095731120401230066,0.094312711613222619],[0.0936029321950786,0.0950213665924208,0.095731120401230066,0.0950213665924208,0.0936029321950786],[0.091473609525402649,0.0936029321950786,0.094312711613222619,0.0936029321950786,0.091473609525402649]],[[0.095306259119548362,0.09743543347974154,0.098145164033450874,0.09743543347974154,0.095306259119548362],[0.09743543347974154,0.098853763873685371,0.099563466097349215,0.098853763873685371,0.09743543347974154],[0.098145164033450874,0.099563466097349215,0.10027315881154715,0.099563466097349215,0.098145164033450874],[0.09743543347974154,0.098853763873685371,0.099563466097349215,0.098853763873685371,0.09743543347974154],[0.095306259119548362,0.09743543347974154,0.098145164033450874,0.09743543347974154,0.095306259119548362]],[[0.09913862808422251,0.10126763877194005,0.10197731537733917,0.10126763877194005,0.09913862808422251],[0.10126763877194005,0.10268585457689949,0.10339549994921295,0.10268585457689949,0.10126763877194005],[0.10197731537733917,0.10339549994921295,0.10410513483953386,0.10339549994921295,0.10197731537733917],[0.10126763877194005,0.10268585457689949,0.10339549994921295,0.10268585457689949,0.10126763877194005],[0.09913862808422251,0.10126763877194005,0.10197731537733917,0.10126763877194005,0.09913862808422251]],[[0.1029706878348306,0.10509951843613849,0.10580913566306042,0.10509951843613849,0.1029706878348306],[0.10509951843613849,0.10651760833287904,0.10722719122352178,0.10651760833287904,0.10509951843613849],[0.10580913566306042,0.10722719122352178,0.10793676259253944,0.10722719122352178,0.10580913566306042],[0.10509951843613849,0.10651760833287904,0.10722719122352178,0.10651760833287904,0.10509951843613849],[0.1029706878348306,0.10509951843613849,0.10580913566306042,0.10509951843613849,0.1029706878348306]],[[0.10680240780854791,0.1089310407621045,0.10964059280181909,0.1089310407621045,0.10680240780854791],[0.1089310407621045,0.11034899263286915,0.11105850701497215,0.11034899263286915,0.1089310407621045],[0.10964059280181909,0.11105850701497215,0.11176800876268571,0.11105850701497215,0.10964059280181909],[0.1089310407621045,0.11034899263286915,0.11105850701497215,0.11034899263286915,0.1089310407621045],[0.10680240780854791,0.1089310407621045,0.10964059280181909,0.1089310407621045,0.10680240780854791]],[[0.1106337552881691,0.11276217178548571,0.11347165241753214,0.11276217178548571,0.1106337552881691],[0.11276217178548571,0.11417997264592827,0.11488941206214343,0.11417997264592827,0.11276217178548571],[0.11347165241753214,0.11488941206214343,0.11559883765178998,0.11488941206214343,0.11347165241753214],[0.11276217178548571,0.11417997264592827,0.11488941206214343,0.11417997264592827,0.11276217178548571],[0.1106337552881691,0.11276217178548571,0.11347165241753214,0.11276217178548571,0.1106337552881691]],[[0.11446469521783155,0.1165928750979596,0.11730227765523846,0.1165928750979596,0.11446469521783155],[0.1165928750979596,0.11801051102474006,0.11871986855120054,0.11801051102474006,0.1165928750979596],[0.11730227765523846,0.11871986855120054,0.11942921097283571,0.11871986855120054,0.11730227765523846],[0.1165928750979596,0.11801051102474006,0.11871986855120054,0.11801051102474006,0.1165928750979596],[0.11446469521783155,0.1165928750979596,0.11730227765523846,0.1165928750979596,0.11446469521783155]],[[0.11829519000728128,0.12042311164443328,0.12113242897601151,0.12042311164443328,0.11829519000728128],[0.12042311164443328,0.12184056769766874,0.12254983590541642,0.12184056769766874,0.12042311164443328],[0.12113242897601151,0.12254983590541642,0.12325908763687947,0.12254983590541642,0.12113242897601151],[0.12042311164443328,0.12184056769766874,0.12254983590541642,0.12184056769766874,0.12042311164443328],[0.11829519000728128,0.12042311164443328,0.12113242897601151,0.12042311164443328,0.11829519000728128]],[[0.12212519932238845,0.12425283950538928,0.12496206393663015,0.12425283950538928,0.12212519932238845],[0.12425283950538928,0.12567009964531781,0.12637927055886672,0.12567009964531781,0.12425283950538928],[0.12496206393663015,0.12637927055886672,0.12708842352381844,0.12637927055886672,0.12496206393663016],[0.12425283950538928,0.12567009964531781,0.12637927055886672,0.12567009964531781,0.12425283950538928],[0.12212519932238845,0.12425283950538928,0.12496206393663016,0.12425283950538928,0.12212519932238845]],[[0.12595467986011,0.12808201366275698,0.12879113695246341,0.12808201366275698,0.12595467986011],[0.12808201366275698,0.12949906066004291,0.13020812571278867,0.12949906066004291,0.12808201366275698],[0.12879113695246341,0.13020812571278867,0.13091717123553959,0.13020812571278867,0.12879113695246341],[0.12808201366275698,0.12949906066004291,0.13020812571278867,0.12949906066004291,0.12808201366275698],[0.12595467986011,0.12808201366275698,0.12879113695246341,0.12808201366275698,0.12595467986011]],[[0.12978358510632412,0.13191058574781139,0.13261959904208642,0.13191058574781139,0.12978358510632412],[0.13191058574781139,0.13332740108693694,0.13403635107313253,0.13332740108693694,0.13191058574781139],[0.13261959904208642,0.13403635107313253,0.13474527982998624,0.13403635107313253,0.13261959904208642],[0.13191058574781139,0.13332740108693694,0.13403635107313253,0.13332740108693694,0.13191058574781139],[0.12978358510632412,0.13191058574781139,0.13261959904208642,0.13191058574781139,0.12978358510632412]],[[0.13361186507502351,0.13573850376959326,0.13644739755214852,0.13573850376959326,0.13361186507502351],[0.13573850376959326,0.13715506754478302,0.13786389256780435,0.13715506754478302,0.13573850376959326],[0.13644739755214852,0.13786389256780435,0.13857269453463805,0.13786389256780435,0.13644739755214852],[0.13573850376959326,0.13715506754478302,0.13786389256780435,0.13715506754478302,0.13573850376959326],[0.13361186507502351,0.13573850376959326,0.13644739755214852,0.13573850376959326,0.13361186507502351]],[[0.13743946602736698,0.1395657118223422,0.14027447586096509,0.1395657118223422,0.13743946602736698],[0.1395657118223422,0.14098200262544469,0.14169069204205814,0.14098200262544469,0.1395657118223422],[0.14027447586096509,0.14169069204205814,0.14239935643785243,0.14169069204205814,0.14027447586096509],[0.1395657118223422,0.14098200262544469,0.14169069204205814,0.14098200262544469,0.1395657118223422],[0.13743946602736698,0.1395657118223422,0.14027447586096509,0.1395657118223422,0.13743946602736698]],[[0.14126633016902446,0.14339214977034279,0.14410077305922922,0.14339214977034279,0.14126633016902446],[0.14339214977034279,0.14480814457007254,0.14551668693040665,0.14480814457007254,0.14339214977034279],[0.14410077305922922,0.14551668693040665,0.146225202156425,0.14551668693040665,0.14410077305922922],[0.14339214977034279,0.14480814457007254,0.14551668693040665,0.14480814457007254,0.14339214977034279],[0.14126633016902446,0.14339214977034279,0.14410077305922922,0.14339214977034279,0.14126633016902446]],[[0.14509239532421281,0.14721775290855144,0.14792622360621122,0.14721775290855144,0.14509239532421281],[0.14721775290855144,0.14863342692047249,0.14934180990338625,0.14863342692047249,0.14721775290855144],[0.14792622360621122,0.14934180990338625,0.1500501634776924,0.14934180990338625,0.14792622360621122],[0.14721775290855144,0.14863342692047249,0.14934180990338625,0.14863342692047249,0.14721775290855144],[0.14509239532421281,0.14721775290855144,0.14792622360621122,0.14721775290855144,0.14509239532421281]],[[0.14891759458474563,0.15104245159728413,0.1517507569596874,0.15104245159728413,0.14891759458474563],[0.15104245159728413,0.15245777814388556,0.15316598848740773,0.15245777814388556,0.15104245159728413],[0.1517507569596874,0.15316598848740773,0.15387416697439679,0.15316598848740773,0.1517507569596874],[0.15104245159728413,0.15245777814388556,0.15316598848740773,0.15245777814388556,0.15104245159728413],[0.14891759458474563,0.15104245159728413,0.1517507569596874,0.15104245159728413,0.14891759458474563]],[[0.15274185593234829,0.15486617086918703,0.1555742971778446,0.15486617086918703,0.15274185593234829],[0.15486617086918703,0.15628112122938942,0.15698914465590141,0.15628112122938942,0.15486617086918703],[0.1555742971778446,0.15698914465590141,0.15769713359051019,0.15698914465590141,0.1555742971778446],[0.15486617086918703,0.15628112122938942,0.15698914465590141,0.15628112122938942,0.15486617086918703],[0.15274185593234829,0.15486617086918703,0.1555742971778446,0.15486617086918703,0.15274185593234829]],[[0.15656510183245084,0.15868883000667722,0.15939676249129869,0.15868883000667722,0.15656510183245084],[0.15868883000667722,0.16010337325408375,0.16081119438990044,0.16010337325408375,0.15868883000667722],[0.15939676249129869,0.16081119438990044,0.16151897819615593,0.16081119438990044,0.15939676249129869],[0.15868883000667722,0.16010337325408375,0.16081119438990044,0.16010337325408375,0.15868883000667722],[0.15656510183245084,0.15868883000667722,0.15939676249129869,0.15868883000667722,0.15656510183245084]],[[0.1603872487976182,0.16251034208798523,0.16321806484338949,0.16251034208798523,0.1603872487976182],[0.16251034208798523,0.16392444491719271,0.16463204720620167,0.16392444491719271,0.16251034208798523],[0.16321806484338949,0.16463204720620167,0.16533960910976248,0.16463204720620167,0.16321806484338949],[0.16251034208798523,0.16392444491719271,0.16463204720620167,0.16392444491719271,0.16251034208798523],[0.1603872487976182,0.16251034208798523,0.16321806484338949,0.16251034208798523,0.1603872487976182]],[[0.16420820691876092,0.16633061349995468,0.16703810939688335,0.16633061349995468,0.16420820691876092],[0.16633061349995468,0.16774424004023852,0.16845160565125339,0.16774424004023852,0.16633061349995468],[0.16703810939688335,0.16845160565125339,0.169158927585601,0.16845160565125339,0.16703810939688335],[0.16633061349995468,0.16774424004023852,0.16845160565125339,0.16774424004023852,0.16633061349995468],[0.16420820691876092,0.16633061349995468,0.16703810939688335,0.16633061349995468,0.16420820691876092]],[[0.1680278793622873,0.1701495434157663,0.17085679400525247,0.1701495434157663,0.1680278793622873],[0.1701495434157663,0.17156265503147017,0.17226976475896089,0.17156265503147017,0.1701495434157663],[0.17085679400525247,0.17226976475896089,0.17297682726490909,0.17226976475896089,0.17085679400525247],[0.1701495434157663,0.17156265503147017,0.17226976475896089,0.17156265503147017,0.1701495434157663],[0.1680278793622873,0.1701495434157663,0.17085679400525247,0.1701495434157663,0.1680278793622873]],[[0.17184616183139204,0.17396702323582025,0.17467400864680477,0.17396702323582025,0.17184616183139204],[0.17396702323582025,0.17537957831282514,0.17608641147071388,0.17537957831282514,0.17396702323582025],[0.17467400864680477,0.17608641147071388,0.17679319358892123,0.17608641147071388,0.17467400864680477],[0.17396702323582025,0.17537957831282514,0.17608641147071388,0.17537957831282514,0.17396702323582025],[0.17184616183139204,0.17396702323582025,0.17467400864680477,0.17396702323582025,0.17184616183139204]],[[0.17566294198980043,0.17778293599017983,0.17848963482004854,0.17778293599017983,0.17566294198980043],[0.17778293599017983,0.17919488970787681,0.1799014240161054,0.17919488970787681,0.17778293599017983],[0.17848963482004854,0.1799014240161054,0.18060790317230929,0.1799014240161054,0.17848963482004854],[0.17778293599017983,0.17919488970787681,0.1799014240161054,0.17919488970787681,0.17778293599017983],[0.17566294198980043,0.17778293599017983,0.17848963482004854,0.17778293599017983,0.17566294198980043]],[[0.17947809884642596,0.18159715570112231,0.182303544898918,0.18159715570112231,0.17947809884642596],[0.18159715570112231,0.18300845978941591,0.18371467125304666,0.18300845978941591,0.18159715570112231],[0.182303544898918,0.18371467125304666,0.18442082313578292,0.18371467125304666,0.182303544898918],[0.18159715570112231,0.18300845978941591,0.18371467125304666,0.18300845978941591,0.18159715570112231],[0.17947809884642596,0.18159715570112231,0.182303544898918,0.18159715570112231,0.17947809884642596]],[[0.18329150209965464,0.18540954670470866,0.18611560144678577,0.18540954670470866,0.18329150209965464],[0.18540954670470866,0.18682014918569462,0.18752601196635896,0.18682014918569462,0.18540954670470866],[0.18611560144678577,0.18752601196635896,0.18823181039699685,0.18752601196635896,0.18611560144678577],[0.18540954670470866,0.18682014918569462,0.18752601196635896,0.18682014918569462,0.18540954670470866],[0.18329150209965464,0.18540954670470866,0.18611560144678577,0.18540954670470866,0.18329150209965464]],[[0.18710301144033539,0.18921996293063792,0.18992565648862547,0.18921996293063792,0.18710301144033539],[0.18921996293063792,0.19062980784477973,0.19133529412438019,0.19062980784477973,0.18921996293063792],[0.18992565648862547,0.19133529412438019,0.19204071091939109,0.19133529412438019,0.18992565648862547],[0.18921996293063792,0.19062980784477973,0.19133529412438019,0.19062980784477973,0.18921996293063792],[0.18710301144033539,0.18921996293063792,0.18992565648862547,0.18921996293063792,0.18710301144033539]],[[0.19091247581297713,0.19302824714021816,0.19373355074124046,0.19302824714021816,0.19091247581297713],[0.19302824714021816,0.19443727425707255,0.19514235409375186,0.19443727425707255,0.19302824714021816],[0.19373355074124046,0.19514235409375186,0.1958473589192482,0.19514235409375186,0.19373355074124046],[0.19302824714021816,0.19443727425707255,0.19514235409375186,0.19443727425707255,0.19302824714021816],[0.19091247581297713,0.19302824714021816,0.19373355074124046,0.19302824714021816,0.19091247581297713]],[[0.19471973263533873,0.19683423012300569,0.19753911280224212,0.19683423012300569,0.19471973263533873],[0.19683423012300569,0.19824237463684408,0.19894701581338242,0.19824237463684408,0.19683423012300569],[0.19753911280224212,0.19894701581338242,0.19965157603211309,0.19894701581338242,0.19753911280224212],[0.19683423012300569,0.19824237463684408,0.19894701581338242,0.19824237463684408,0.19683423012300569],[0.19471973263533873,0.19683423012300569,0.19753911280224212,0.19683423012300569,0.19471973263533873]],[[0.19852460697733124,0.20063772985355824,0.20134215829938831,0.20063772985355824,0.19852460697733124],[0.20063772985355824,0.20204492206460797,0.20274908992959381,0.20204492206460797,0.20063772985355824],[0.20134215829938831,0.20274908992959381,0.20345317044077507,0.20274908992959381,0.20134215829938831],[0.20063772985355824,0.20204492206460797,0.20274908992959381,0.20204492206460797,0.20063772985355824],[0.19852460697733124,0.20063772985355824,0.20134215829938831,0.20063772985355824,0.19852460697733124]],[[0.20232691070122158,0.2044385506109046,0.20514248900307586,0.2044385506109046,0.20232691070122158],[0.2044385506109046,0.2058447155933997,0.20654837289574651,0.2058447155933997,0.2044385506109046],[0.20514248900307586,0.20654837289574651,0.20725193596834643,0.20654837289574651,0.20514248900307586],[0.2044385506109046,0.2058447155933997,0.20654837289574651,0.2058447155933997,0.2044385506109046],[0.20232691070122158,0.2044385506109046,0.20514248900307586,0.2044385506109046,0.20232691070122158]],[[0.20612644156636972,0.2082364820647464,0.20893989190628906,0.2082364820647464,0.20612644156636972],[0.2082364820647464,0.20964153932356289,0.21034464604123732,0.20964153932356289,0.2082364820647464],[0.20893989190628906,0.21034464604123732,0.21104765114162513,0.21034464604123732,0.20893989190628906],[0.2082364820647464,0.20964153932356289,0.21034464604123732,0.20964153932356289,0.2082364820647464],[0.20612644156636972,0.2082364820647464,0.20893989190628906,0.2082364820647464,0.20612644156636972]],[[0.20992298230328965,0.2120312983341523,0.21273413827803289,0.2120312983341523,0.20992298230328965],[0.2120312983341523,0.21343516145249464,0.21413767461665495,0.21343516145249464,0.2120312983341523],[0.21273413827803289,0.21413767461665495,0.21484007823188425,0.21413767461665495,0.21273413827803289],[0.2120312983341523,0.21343516145249464,0.21413767461665495,0.21343516145249464,0.2120312983341523],[0.20992298230328965,0.2120312983341523,0.21273413827803289,0.2120312983341523,0.20992298230328965]],[[0.213716299663734,0.21582275702657697,0.21652498269849946,0.21582275702657697,0.213716299663734],[0.21582275702657697,0.21722533330803123,0.21792720682419986,0.21722533330803123,0.21582275702657697],[0.21652498269849946,0.21792720682419986,0.21862896228262071,0.21792720682419986,0.21652498269849946],[0.21582275702657697,0.21722533330803123,0.21792720682419986,0.21722533330803123,0.21582275702657697],[0.213716299663734,0.21582275702657697,0.21652498269849946,0.21582275702657697,0.213716299663734]],[[0.21750614345575625,0.21961059826754792,0.22031216208672721,0.21961059826754792,0.21750614345575625],[0.21961059826754792,0.22101178837680163,0.22171297284517577,0.22101178837680163,0.21961059826754792],[0.22031216208672721,0.22171297284517577,0.222414030136574,0.22171297284517577,0.22031216208672721],[0.21961059826754792,0.22101178837680163,0.22171297284517577,0.22101178837680163,0.21961059826754792],[0.21750614345575625,0.21961059826754792,0.22031216208672721,0.21961059826754792,0.21750614345575625]],[[0.22129224557538024,0.22339454373422996,0.22409539473451792,0.22339454373422996,0.22129224557538024],[0.22339454373422996,0.22479424134191675,0.22549468387949895,0.22479424134191675,0.22339454373422996],[0.22409539473451792,0.22549468387949895,0.22619498947754382,0.22549468387949895,0.22409539473451792],[0.22339454373422996,0.22479424134191675,0.22549468387949895,0.22479424134191675,0.22339454373422996],[0.22129224557538024,0.22339454373422996,0.22409539473451792,0.22339454373422996,0.22129224557538024]],[[0.22507431904961459,0.22717429570947539,0.22787437936379198,0.22717429570947539,0.22507431904961459],[0.22717429570947539,0.22857238714791062,0.22927203121578246,0.22857238714791062,0.22717429570947539],[0.22787437936379198,0.22927203121578246,0.22997152790623063,0.22927203121578246,0.22787437936379198],[0.22717429570947539,0.22857238714791062,0.22927203121578246,0.22857238714791062,0.22717429570947539],[0.22507431904961459,0.22717429570947539,0.22787437936379198,0.22717429570947539,0.22507431904961459]],[[0.22885205710907761,0.23094953617669303,0.2316487942284309,0.23094953617669303,0.22885205710907761],[0.23094953617669303,0.232345900114748,0.233044685354548,0.232345900114748,0.23094953617669303],[0.2316487942284309,0.233044685354548,0.23374331207339619,0.233044685354548,0.2316487942284309],[0.23094953617669303,0.232345900114748,0.233044685354548,0.232345900114748,0.23094953617669303],[0.22885205710907761,0.23094953617669303,0.2316487942284309,0.23094953617669303,0.22885205710907761]],[[0.23262513231248674,0.2347199259801224,0.23541829628593758,0.2347199259801224,0.23262513231248674],[0.2347199259801224,0.2361144331270949,0.23681229521155889,0.2361144331270949,0.2347199259801224],[0.23541829628593758,0.23681229521155889,0.23750998689815228,0.23681229521155889,0.23541829628593758],[0.2347199259801224,0.2361144331270949,0.23681229521155889,0.2361144331270949,0.2347199259801224],[0.23262513231248674,0.2347199259801224,0.23541829628593758,0.2347199259801224,0.23262513231248674]],[[0.23639319574958845,0.23848510407956583,0.23918252046879948,0.23848510407956583,0.23639319574958845],[0.23848510407956583,0.2398776169296255,0.24057448743290472,0.2398776169296255,0.23848510407956583],[0.23918252046879948,0.24057448743290472,0.24127117490387351,0.24057448743290472,0.23918252046879948],[0.23848510407956583,0.2398776169296255,0.24057448743290472,0.2398776169296255,0.23848510407956583],[0.23639319574958845,0.23848510407956583,0.23918252046879948,0.23848510407956583,0.23639319574958845]],[[0.2401558763537209,0.24224468693341814,0.24294107909026036,0.24224468693341814,0.2401558763537209],[0.24224468693341814,0.24363505956397496,0.24433086585832964,0.24363505956397496,0.24224468693341814],[0.24294107909026036,0.24433086585832964,0.24502647570911376,0.24433086585832964,0.24294107909026036],[0.24224468693341814,0.24363505956397496,0.24433086585832964,0.24363505956397496,0.24224468693341814],[0.2401558763537209,0.24224468693341814,0.24294107909026036,0.24224468693341814,0.2401558763537209]],[[0.24391278035996861,0.24599826804855049,0.24669356142393381,0.24599826804855049,0.24391278035996861],[0.24599826804855049,0.24738634598762924,0.24808101117396406,0.24738634598762924,0.24599826804855049],[0.24669356142393381,0.24808101117396406,0.24877546571555437,0.24808101117396406,0.24669356142393381],[0.24599826804855049,0.24738634598762924,0.24808101117396406,0.24738634598762924,0.24599826804855049],[0.24391278035996861,0.24599826804855049,0.24669356142393381,0.24599826804855049,0.24391278035996861]],[[0.24766349094947188,0.24974541774014425,0.25043953350119136,0.24974541774014428,0.24766349094947188],[0.24974541774014425,0.25113103791943692,0.25182448079994718,0.251131037919437,0.24974541774014428],[0.25043953350119136,0.25182448079994718,0.25251769803925828,0.25182448079994718,0.25043953350119136],[0.24974541774014428,0.251131037919437,0.25182448079994718,0.251131037919437,0.24974541774014428],[0.24766349094947188,0.24974541774014428,0.25043953350119136,0.24974541774014428,0.24766349094947188]],[[0.25140756812474596,0.25348568314848358,0.25417853817407771,0.25348568314848363,0.251407568124746],[0.25348568314848358,0.25486867396005181,0.25556080906191164,0.25486867396005186,0.25348568314848363],[0.25417853817407771,0.25556080906191164,0.25625270273484085,0.25556080906191164,0.25417853817407771],[0.25348568314848363,0.25486867396005186,0.25556080906191164,0.25486867396005186,0.25348568314848363],[0.251407568124746,0.25348568314848363,0.25417853817407771,0.25348568314848363,0.251407568124746]],[[0.25514454886427052,0.25721858856259505,0.25791009549418492,0.25721858856259505,0.25514454886427057],[0.25721858856259505,0.25859877003802156,0.25928950769747872,0.25859877003802156,0.25721858856259505],[0.25791009549418492,0.25928950769747872,0.25997998736410033,0.25928950769747872,0.25791009549418492],[0.25721858856259505,0.25859877003802156,0.25928950769747872,0.25859877003802156,0.25721858856259505],[0.25514454886427057,0.25721858856259505,0.25791009549418492,0.25721858856259505,0.25514454886427057]],[[0.2588739476068414,0.26094363610199822,0.261633703459067,0.26094363610199822,0.2588739476068414],[0.26094363610199822,0.26232082023295333,0.26301006674931171,0.26232082023295333,0.26094363610199822],[0.261633703459067,0.26301006674931171,0.26369903796070454,0.26301006674931171,0.261633703459067],[0.26094363610199822,0.26232082023295333,0.26301006674931171,0.26232082023295333,0.26094363610199822],[0.2588739476068414,0.26094363610199822,0.261633703459067,0.26094363610199822,0.2588739476068414]],[[0.262595257116532,0.26466030680699404,0.2653488391765057,0.26466030680699404,0.262595257116532],[0.26466030680699404,0.26603429802544609,0.266721955894085,0.26603429802544609,0.26466030680699404],[0.2653488391765057,0.266721955894085,0.26740932043988774,0.266721955894085,0.2653488391765057],[0.26466030680699404,0.26603429802544609,0.266721955894085,0.26603429802544609,0.26466030680699404],[0.262595257116532,0.26466030680699404,0.2653488391765057,0.26466030680699404,0.262595257116532]],[[0.26630794977710659,0.26836806218446885,0.26905496049304273,0.26836806218446885,0.26630794977710659],[0.26836806218446885,0.26973865801892727,0.27042462625163532,0.26973865801892727,0.26836806218446885],[0.26905496049304273,0.27042462625163532,0.27111028249645214,0.27042462625163532,0.26905496049304273],[0.26836806218446885,0.26973865801892727,0.27042462625163532,0.26973865801892727,0.26836806218446885],[0.26630794977710659,0.26836806218446885,0.26905496049304273,0.26836806218446885,0.26630794977710659]],[[0.27001147935973629,0.27206634624933951,0.27275150812576104,0.27206634624933951,0.27001147935973629],[0.27206634624933951,0.27343333817037985,0.27411751270977436,0.27343333817037985,0.27206634624933951],[0.27275150812576104,0.27411751270977436,0.27480135602491934,0.27411751270977436,0.27275150812576104],[0.27206634624933951,0.27343333817037985,0.27411751270977436,0.27343333817037985,0.27206634624933951],[0.27001147935973629,0.27206634624933951,0.27275150812576104,0.27206634624933951,0.27001147935973629]],[[0.273705283299403,0.27575458809129533,0.27643790832508924,0.27575458809129533,0.273705283299403],[0.27575458809129533,0.27711776255501525,0.27780003678757381,0.27711776255501525,0.27575458809129533],[0.27643790832508924,0.27780003678757381,0.27848196008228371,0.27780003678757381,0.27643790832508924],[0.27575458809129533,0.27711776255501525,0.27780003678757381,0.27711776255501525,0.27575458809129533],[0.273705283299403,0.27575458809129533,0.27643790832508924,0.27575458809129533,0.273705283299403]],[[0.27738878550301216,0.27943220498186094,0.28011357608115256,0.27943220498186094,0.27738878550301216],[0.27943220498186094,0.28079134467386313,0.2814716100431417,0.28079134467386313,0.27943220498186094],[0.28011357608115256,0.2814716100431417,0.28215150439627829,0.2814716100431417,0.28011357608115256],[0.27943220498186094,0.28079134467386313,0.2814716100431417,0.28079134467386313,0.27943220498186094],[0.27738878550301216,0.27943220498186094,0.28011357608115256,0.27943220498186094,0.27738878550301216]],[[0.28106139969599575,0.28309860601850179,0.28377791886703763,0.28309860601850179,0.28106139969599575],[0.28309860601850179,0.28445349129350683,0.28513163801142638,0.28445349129350683,0.28309860601850179],[0.28377791886703763,0.28513163801142638,0.285809393400888,0.28513163801142638,0.28377791886703763],[0.28309860601850179,0.28445349129350683,0.28513163801142638,0.28445349129350683,0.28309860601850179],[0.28106139969599575,0.28309860601850179,0.28377791886703763,0.28309860601850179,0.28106139969599575]],[[0.28472253329413916,0.2867531962803947,0.28743034088971303,0.2867531962803947,0.28472253329413916],[0.2867531962803947,0.288103606783973,0.28877952463380713,0.288103606783973,0.2867531962803947],[0.28743034088971303,0.28877952463380713,0.28945503075649459,0.28877952463380713,0.28743034088971303],[0.2867531962803947,0.288103606783973,0.28877952463380713,0.288103606783973,0.2867531962803947],[0.28472253329413916,0.2867531962803947,0.28743034088971303,0.2867531962803947,0.28472253329413916]],[[0.28837159176431554,0.29039538144609056,0.29107024779437196,0.29039538144609056,0.28837159176431554],[0.29039538144609056,0.29174109789562686,0.292414677115665,0.29174109789562686,0.2903953814460905