{"M_cells":[[[0,0,0,0,0,0,0],[0,0,0,0,0,0,0],[0,0,0,0,0,0,0],[0,0,0,0,0,0,0],[0,0,0,0,0,0,0],[0,0,0,0,0,0,0],[0,0,0,0,0,0,0]],[[1.8002432278187414E-7,9.7343120115754481E-7,8.6786571506794848E-7,1.2641226575601205E-6,8.6786571506794848E-7,9.7343120115754481E-7,1.8002432278187414E-7],[9.7343120115754481E-7,3.7113458269743555E-6,3.4053588495118207E-6,4.7666779031677646E-6,3.4053588495118207E-6,3.7113458269743555E-6,9.7343120115754481E-7],[8.6786571506794848E-7,3.4053588495118207E-6,4.1538081445322271E-6,4.9052481971733295E-6,4.1538081445322271E-6,3.4053588495118207E-6,8.6786571506794858E-7],[1.2641226575601205E-6,4.7666779031677646E-6,4.9052481971733295E-6,6.4265106833613495E-6,4.9052481971733295E-6,4.7666779031677646E-6,1.2641226575601205E-6],[8.6786571506794848E-7,3.4053588495118207E-6,4.1538081445322271E-6,4.9052481971733295E-6,4.1538081445322279E-6,3.4053588495118207E-6,8.6786571506794858E-7],[9.7343120115754481E-7,3.7113458269743555E-6,3.4053588495118207E-6,4.7666779031677646E-6,3.4053588495118207E-6,3.7113458269743555E-6,9.7343120115754481E-7],[1.8002432278187414E-7,9.7343120115754481E-7,8.6786571506794858E-7,1.2641226575601205E-6,8.6786571506794858E-7,9.7343120115754481E-7,1.8002432278187414E-7]],[[1.0230866389780452E-6,3.0227073246845205E-6,2.7600265744488977E-6,3.7972491415316734E-6,2.7600265744488977E-6,3.0227073246845205E-6,1.0230866389780452E-6],[3.0227073246845205E-6,6.7964015692285531E-6,6.3813621779973787E-6,8.3593984656463435E-6,6.3813621779973787E-6,6.7964015692285531E-6,3.0227073246845205E-6],[2.7600265744488977E-6,6.3813621779973787E-6,7.4397753881803566E-6,8.5007443391269743E-6,7.4397753881803566E-6,6.3813621779973787E-6,2.7600265744488977E-6],[3.7972491415316734E-6,8.3593984656463435E-6,8.5007443391269743E-6,1.0594832661037912E-5,8.5007443391269743E-6,8.3593984656463435E-6,3.7972491415316734E-6],[2.7600265744488977E-6,6.3813621779973787E-6,7.4397753881803566E-6,8.5007443391269743E-6,7.4397753881803566E-6,6.3813621779973787E-6,2.7600265744488977E-6],[3.0227073246845205E-6,6.7964015692285531E-6,6.3813621779973787E-6,8.3593984656463435E-6,6.3813621779973787E-6,6.7964015692285531E-6,3.0227073246845205E-6],[1.0230866389780452E-6,3.0227073246845205E-6,2.7600265744488977E-6,3.7972491415316734E-6,2.7600265744488977E-6,3.0227073246845205E-6,1.0230866389780452E-6]],[[2.5258529887578933E-6,5.4799388987190345E-6,5.0964951374770192E-6,6.6816493389089161E-6,5.0964951374770192E-6,5.4799388987190345E-6,2.5258529887578933E-6],[5.4799388987190345E-6,9.65037639610061E-6,9.201274614359717E-6,1.1477441769899662E-5,9.201274614359717E-6,9.65037639610061E-6,5.4799388987190345E-6],[5.0964951374770192E-6,9.201274614359717E-6,1.0392847133336107E-5,1.1586811926100118E-5,1.0392847133336107E-5,9.201274614359717E-6,5.0964951374770192E-6],[6.6816493389089161E-6,1.1477441769899662E-5,1.1586811926100118E-5,1.3896462624417956E-5,1.1586811926100118E-5,1.1477441769899662E-5,6.6816493389089161E-6],[5.0964951374770192E-6,9.201274614359717E-6,1.0392847133336107E-5,1.1586811926100118E-5,1.0392847133336107E-5,9.201274614359717E-6,5.0964951374770192E-6],[5.4799388987190345E-6,9.65037639610061E-6,9.201274614359717E-6,1.1477441769899662E-5,9.201274614359717E-6,9.65037639610061E-6,5.4799388987190345E-6],[2.5258529887578933E-6,5.4799388987190345E-6,5.0964951374770192E-6,6.6816493389089161E-6,5.0964951374770192E-6,5.4799388987190345E-6,2.5258529887578933E-6]],[[4.5038404448362161E-6,8.0953106219423128E-6,7.6358423238533884E-6,9.61903694451431E-6,7.6358423238533884E-6,8.0953106219423145E-6,4.5038404448362161E-6],[8.0953106219423128E-6,1.2423114446774431E-5,1.1968383055995524E-5,1.4399038868046669E-5,1.1968383055995524E-5,1.2423114446774431E-5,8.0953106219423145E-6],[7.6358423238533884E-6,1.1968383055995524E-5,1.3220761512243081E-5,1.4475470747700538E-5,1.3220761512243081E-5,1.1968383055995524E-5,7.6358423238533884E-6],[9.61903694451431E-6,1.4399038868046669E-5,1.4475470747700538E-5,1.6866683337757385E-5,1.447547074770054E-5,1.439903886804667E-5,9.61903694451431E-6],[7.6358423238533884E-6,1.1968383055995524E-5,1.3220761512243081E-5,1.447547074770054E-5,1.3220761512243081E-5,1.1968383055995524E-5,7.6358423238533884E-6],[8.0953106219423145E-6,1.2423114446774431E-5,1.1968383055995524E-5,1.439903886804667E-5,1.1968383055995524E-5,1.2423114446774431E-5,8.0953106219423145E-6],[4.5038404448362161E-6,8.0953106219423145E-6,7.6358423238533884E-6,9.61903694451431E-6,7.6358423238533884E-6,8.0953106219423145E-6,4.5038404448362161E-6]],[[6.7873819524737889E-6,1.0774993159783164E-5,1.0273200931911307E-5,1.2526587551716271E-5,1.0273200931911307E-5,1.0774993159783165E-5,6.7873819524737889E-6],[1.0774993159783164E-5,1.5169761958611113E-5,1.4719349818778034E-5,1.7235427873250072E-5,1.4719349818778036E-5,1.5169761958611117E-5,1.0774993159783165E-5],[1.0273200931911307E-5,1.4719349818778034E-5,1.6001610903812032E-5,1.7286179687743929E-5,1.6001610903812032E-5,1.4719349818778034E-5,1.0273200931911307E-5],[1.2526587551716271E-5,1.7235427873250072E-5,1.7286179687743929E-5,1.9708741975124948E-5,1.7286179687743929E-5,1.7235427873250072E-5,1.2526587551716271E-5],[1.0273200931911307E-5,1.4719349818778036E-5,1.6001610903812032E-5,1.7286179687743929E-5,1.6001610903812032E-5,1.4719349818778034E-5,1.0273200931911307E-5],[1.0774993159783165E-5,1.5169761958611117E-5,1.4719349818778034E-5,1.7235427873250072E-5,1.4719349818778034E-5,1.5169761958611117E-5,1.0774993159783165E-5],[6.7873819524737889E-6,1.0774993159783165E-5,1.0273200931911307E-5,1.2526587551716271E-5,1.0273200931911307E-5,1.0774993159783165E-5,6.7873819524737889E-6]],[[9.2575380269144445E-6,1.3483300718604926E-5,1.2960681744231461E-5,1.5391632380232668E-5,1.2960681744231461E-5,1.3483300718604929E-5,9.2575380269144461E-6],[1.3483300718604926E-5,1.7910166861311368E-5,1.7466734323293126E-5,2.0032745627900315E-5,1.7466734323293126E-5,1.7910166861311368E-5,1.3483300718604929E-5],[1.2960681744231461E-5,1.7466734323293126E-5,1.8764897611781075E-5,2.0065360107454698E-5,1.8764897611781075E-5,1.7466734323293126E-5,1.2960681744231461E-5],[1.5391632380232668E-5,2.0032745627900315E-5,2.0065360107454698E-5,2.2500493338795845E-5,2.0065360107454698E-5,2.0032745627900315E-5,1.5391632380232668E-5],[1.2960681744231461E-5,1.7466734323293126E-5,1.8764897611781075E-5,2.0065360107454698E-5,1.8764897611781075E-5,1.7466734323293126E-5,1.2960681744231461E-5],[1.3483300718604929E-5,1.7910166861311368E-5,1.7466734323293126E-5,2.0032745627900315E-5,1.7466734323293126E-5,1.7910166861311368E-5,1.3483300718604929E-5],[9.2575380269144461E-6,1.3483300718604929E-5,1.2960681744231461E-5,1.5391632380232668E-5,1.2960681744231461E-5,1.3483300718604929E-5,9.2575380269144461E-6]],[[1.1839092411833441E-5,1.6206251024026554E-5,1.5675229691056683E-5,1.8221093835987965E-5,1.5675229691056687E-5,1.6206251024026557E-5,1.1839092411833443E-5],[1.6206251024026554E-5,2.0651134702805272E-5,2.0214579395801705E-5,2.281114801136538E-5,2.0214579395801709E-5,2.0651134702805275E-5,1.6206251024026557E-5],[1.5675229691056683E-5,2.0214579395801705E-5,2.1521897623994386E-5,2.2831512206658007E-5,2.1521897623994386E-5,2.0214579395801709E-5,1.5675229691056687E-5],[1.8221093835987965E-5,2.281114801136538E-5,2.2831512206658007E-5,2.5272221528634068E-5,2.2831512206658007E-5,2.281114801136538E-5,1.8221093835987965E-5],[1.5675229691056687E-5,2.0214579395801709E-5,2.1521897623994386E-5,2.2831512206658007E-5,2.1521897623994386E-5,2.0214579395801709E-5,1.5675229691056687E-5],[1.6206251024026557E-5,2.0651134702805275E-5,2.0214579395801709E-5,2.281114801136538E-5,2.0214579395801709E-5,2.0651134702805275E-5,1.6206251024026557E-5],[1.1839092411833443E-5,1.6206251024026557E-5,1.5675229691056687E-5,1.8221093835987965E-5,1.5675229691056687E-5,1.6206251024026557E-5,1.1839092411833443E-5]],[[1.4486769904276222E-5,1.893802420084051E-5,1.8405182258874511E-5,2.1024996631939795E-5,1.8405182258874514E-5,1.8938024200840514E-5,1.4486769904276223E-5],[1.893802420084051E-5,2.3394737997295355E-5,2.2964036147353691E-5,2.5580044404324712E-5,2.2964036147353694E-5,2.3394737997295355E-5,1.8938024200840514E-5],[1.8405182258874511E-5,2.2964036147353691E-5,2.4277026249716398E-5,2.5592312110550317E-5,2.42770262497164E-5,2.2964036147353694E-5,1.8405182258874514E-5],[2.1024996631939795E-5,2.5580044404324712E-5,2.5592312110550317E-5,2.803601298063973E-5,2.5592312110550317E-5,2.5580044404324712E-5,2.1024996631939795E-5],[1.8405182258874514E-5,2.2964036147353694E-5,2.42770262497164E-5,2.5592312110550317E-5,2.42770262497164E-5,2.2964036147353694E-5,1.8405182258874514E-5],[1.8938024200840514E-5,2.3394737997295355E-5,2.2964036147353694E-5,2.5580044404324712E-5,2.2964036147353694E-5,2.3394737997295355E-5,1.8938024200840514E-5],[1.4486769904276223E-5,1.8938024200840514E-5,1.8405182258874514E-5,2.1024996631939795E-5,1.8405182258874514E-5,1.8938024200840514E-5,1.4486769904276223E-5]],[[1.7173982096700794E-5,2.1675936433988886E-5,2.1144391787203038E-5,2.3811841094516039E-5,2.1144391787203042E-5,2.167593643398889E-5,1.7173982096700797E-5],[2.1675936433988886E-5,2.6141396799698292E-5,2.5715342502218519E-5,2.8344167452151265E-5,2.5715342502218519E-5,2.6141396799698296E-5,2.167593643398889E-5],[2.1144391787203038E-5,2.5715342502218519E-5,2.7032092493917884E-5,2.8351138607769515E-5,2.7032092493917884E-5,2.5715342502218519E-5,2.1144391787203042E-5],[2.3811841094516039E-5,2.8344167452151265E-5,2.8351138607769515E-5,3.0796890889695804E-5,2.8351138607769515E-5,2.8344167452151265E-5,2.3811841094516039E-5],[2.1144391787203042E-5,2.5715342502218519E-5,2.7032092493917884E-5,2.8351138607769515E-5,2.7032092493917884E-5,2.5715342502218519E-5,2.1144391787203042E-5],[2.167593643398889E-5,2.6141396799698296E-5,2.5715342502218519E-5,2.8344167452151265E-5,2.5715342502218519E-5,2.6141396799698296E-5,2.167593643398889E-5],[1.7173982096700797E-5,2.167593643398889E-5,2.1144391787203042E-5,2.3811841094516039E-5,2.1144391787203042E-5,2.167593643398889E-5,1.7173982096700797E-5]],[[1.9885279920125968E-5,2.4418568797825591E-5,2.388951740496082E-5,2.6587849277589353E-5,2.3889517404960823E-5,2.4418568797825594E-5,1.9885279920125972E-5],[2.4418568797825591E-5,2.8891004113775298E-5,2.84684886913758E-5,3.1106077030338735E-5,2.8468488691375804E-5,2.8891004113775298E-5,2.4418568797825594E-5],[2.388951740496082E-5,2.84684886913758E-5,2.9787894495570531E-5,3.1109597232213841E-5,2.9787894495570534E-5,2.84684886913758E-5,2.3889517404960823E-5],[2.6587849277589353E-5,3.1106077030338735E-5,3.1109597232213841E-5,3.35570687560767E-5,3.1109597232213848E-5,3.1106077030338735E-5,2.6587849277589353E-5],[2.3889517404960823E-5,2.8468488691375804E-5,2.9787894495570534E-5,3.1109597232213848E-5,2.9787894495570538E-5,2.8468488691375804E-5,2.3889517404960823E-5],[2.4418568797825594E-5,2.8891004113775298E-5,2.84684886913758E-5,3.1106077030338735E-5,2.8468488691375804E-5,2.8891004113775298E-5,2.4418568797825594E-5],[1.9885279920125972E-5,2.4418568797825594E-5,2.3889517404960823E-5,2.6587849277589353E-5,2.3889517404960823E-5,2.4418568797825594E-5,1.9885279920125972E-5]],[[2.26116985586538E-5,2.716506118241324E-5,2.663870712182478E-5,2.9357301912315481E-5,2.6638707121824783E-5,2.7165061182413243E-5,2.2611698558653804E-5],[2.716506118241324E-5,3.1643324207968179E-5,3.1223422779946457E-5,3.3867245508397811E-5,3.1223422779946464E-5,3.1643324207968186E-5,2.7165061182413243E-5],[2.663870712182478E-5,3.1223422779946457E-5,3.2544821506128245E-5,3.3868518206414942E-5,3.2544821506128245E-5,3.1223422779946464E-5,2.6638707121824783E-5],[2.9357301912315481E-5,3.3867245508397811E-5,3.3868518206414942E-5,3.6317597385689024E-5,3.3868518206414942E-5,3.3867245508397811E-5,2.9357301912315481E-5],[2.6638707121824783E-5,3.1223422779946464E-5,3.2544821506128245E-5,3.3868518206414942E-5,3.2544821506128245E-5,3.1223422779946464E-5,2.6638707121824783E-5],[2.7165061182413243E-5,3.1643324207968186E-5,3.1223422779946464E-5,3.3867245508397811E-5,3.1223422779946464E-5,3.1643324207968186E-5,2.7165061182413243E-5],[2.2611698558653804E-5,2.7165061182413243E-5,2.6638707121824783E-5,2.9357301912315481E-5,2.6638707121824783E-5,2.7165061182413243E-5,2.2611698558653804E-5]],[[2.5348006249979506E-5,2.9914835795542989E-5,2.9390922909982488E-5,3.2123057104010523E-5,2.9390922909982491E-5,2.9914835795542993E-5,2.5348006249979509E-5],[2.9914835795542989E-5,3.4398123704445848E-5,3.39801028129923E-5,3.66285590998741E-5,3.39801028129923E-5,3.4398123704445848E-5,2.9914835795542993E-5],[2.9390922909982488E-5,3.39801028129923E-5,3.5303084549554841E-5,3.662836543387398E-5,3.5303084549554848E-5,3.3980102812992308E-5,2.9390922909982491E-5],[3.2123057104010523E-5,3.66285590998741E-5,3.662836543387398E-5,3.9079017330822463E-5,3.6628365433873987E-5,3.6628559099874107E-5,3.212305710401053E-5],[2.9390922909982491E-5,3.39801028129923E-5,3.5303084549554848E-5,3.6628365433873987E-5,3.5303084549554848E-5,3.3980102812992308E-5,2.9390922909982491E-5],[2.9914835795542993E-5,3.4398123704445848E-5,3.3980102812992308E-5,3.6628559099874107E-5,3.3980102812992308E-5,3.4398123704445855E-5,2.9914835795542993E-5],[2.5348006249979509E-5,2.9914835795542993E-5,2.9390922909982491E-5,3.212305710401053E-5,2.9390922909982491E-5,2.9914835795542993E-5,2.5348006249979509E-5]],[[2.8091114857498437E-5,3.2667479944188617E-5,3.2145580179137376E-5,3.488699396232904E-5,3.2145580179137376E-5,3.2667479944188624E-5,2.8091114857498444E-5],[3.2667479944188617E-5,3.7155206945239014E-5,3.6738502582271305E-5,3.9390567042576414E-5,3.6738502582271305E-5,3.7155206945239021E-5,3.2667479944188624E-5],[3.2145580179137376E-5,3.6738502582271305E-5,3.8062807841931109E-5,3.9389413503009846E-5,3.8062807841931109E-5,3.6738502582271305E-5,3.2145580179137376E-5],[3.488699396232904E-5,3.9390567042576414E-5,3.9389413503009846E-5,4.1841627060344121E-5,3.9389413503009846E-5,3.9390567042576414E-5,3.488699396232904E-5],[3.2145580179137376E-5,3.6738502582271305E-5,3.8062807841931109E-5,3.9389413503009846E-5,3.8062807841931109E-5,3.6738502582271305E-5,3.2145580179137376E-5],[3.2667479944188624E-5,3.7155206945239021E-5,3.6738502582271305E-5,3.9390567042576414E-5,3.6738502582271305E-5,3.7155206945239021E-5,3.2667479944188624E-5],[2.8091114857498444E-5,3.2667479944188624E-5,3.2145580179137376E-5,3.488699396232904E-5,3.2145580179137376E-5,3.2667479944188624E-5,2.8091114857498444E-5]],[[3.0839171778824645E-5,3.5422689339132177E-5,3.4902349123314492E-5,3.7650337640556878E-5,3.4902349123314492E-5,3.5422689339132177E-5,3.0839171778824652E-5],[3.5422689339132177E-5,3.9914419014077536E-5,3.9498606415389482E-5,4.2153614883210735E-5,3.9498606415389482E-5,3.9914419014077536E-5,3.5422689339132177E-5],[3.4902349123314492E-5,3.9498606415389482E-5,4.0824067458255088E-5,4.2151830205359242E-5,4.0824067458255088E-5,3.9498606415389482E-5,3.4902349123314492E-5],[3.7650337640556878E-5,4.2153614883210735E-5,4.2151830205359242E-5,4.4605599484534012E-5,4.2151830205359242E-5,4.2153614883210735E-5,3.7650337640556878E-5],[3.4902349123314492E-5,3.9498606415389482E-5,4.0824067458255088E-5,4.2151830205359242E-5,4.0824067458255088E-5,3.9498606415389482E-5,3.4902349123314492E-5],[3.5422689339132177E-5,3.9914419014077536E-5,3.9498606415389482E-5,4.2153614883210735E-5,3.9498606415389482E-5,3.9914419014077536E-5,3.5422689339132177E-5],[3.0839171778824652E-5,3.5422689339132177E-5,3.4902349123314492E-5,3.7650337640556878E-5,3.4902349123314492E-5,3.5422689339132177E-5,3.0839171778824652E-5]],[[3.3591042838613771E-5,3.8180235925020341E-5,3.7661043052779817E-5,4.0413882645640483E-5,3.7661043052779817E-5,3.8180235925020341E-5,3.3591042838613778E-5],[3.8180235925020341E-5,4.2675639362012546E-5,4.2260403482705E-5,4.4917920535381256E-5,4.2260403482705E-5,4.2675639362012546E-5,3.8180235925020341E-5],[3.7661043052779817E-5,4.2260403482705E-5,4.3586909500486323E-5,4.4915718554304883E-5,4.3586909500486323E-5,4.2260403482705E-5,3.7661043052779817E-5],[4.0413882645640483E-5,4.4917920535381256E-5,4.4915718554304883E-5,4.7371036545549482E-5,4.4915718554304883E-5,4.4917920535381256E-5,4.0413882645640483E-5],[3.7661043052779817E-5,4.2260403482705E-5,4.3586909500486323E-5,4.4915718554304883E-5,4.3586909500486323E-5,4.2260403482705E-5,3.7661043052779817E-5],[3.8180235925020341E-5,4.2675639362012546E-5,4.2260403482705E-5,4.4917920535381256E-5,4.2260403482705E-5,4.2675639362012546E-5,3.8180235925020341E-5],[3.3591042838613778E-5,3.8180235925020341E-5,3.7661043052779817E-5,4.0413882645640483E-5,3.7661043052779817E-5,3.8180235925020341E-5,3.3591042838613778E-5]],[[3.6346017058817589E-5,4.0939946972259887E-5,4.0421554974873279E-5,4.3178141646045173E-5,4.0421554974873279E-5,4.0939946972259887E-5,3.6346017058817596E-5],[4.0939946972259887E-5,4.5438773969422617E-5,4.5023883936604236E-5,4.7683619953481289E-5,4.5023883936604236E-5,4.5438773969422617E-5,4.0939946972259887E-5],[4.0421554974873279E-5,4.5023883936604236E-5,4.6351359862323829E-5,4.7681140170863584E-5,4.6351359862323829E-5,4.5023883936604236E-5,4.0421554974873279E-5],[4.3178141646045173E-5,4.7683619953481289E-5,4.7681140170863584E-5,5.013799715701308E-5,4.7681140170863584E-5,4.7683619953481289E-5,4.3178141646045173E-5],[4.0421554974873279E-5,4.5023883936604236E-5,4.6351359862323829E-5,4.7681140170863584E-5,4.6351359862323829E-5,4.5023883936604236E-5,4.0421554974873279E-5],[4.0939946972259887E-5,4.5438773969422617E-5,4.5023883936604236E-5,4.7683619953481289E-5,4.5023883936604236E-5,4.5438773969422617E-5,4.0939946972259887E-5],[3.6346017058817596E-5,4.0939946972259887E-5,4.0421554974873279E-5,4.3178141646045173E-5,4.0421554974873279E-5,4.0939946972259887E-5,3.6346017058817596E-5]],[[3.91036368413866E-5,4.3701690318386337E-5,4.3183821503159589E-5,4.5943443186348694E-5,4.3183821503159589E-5,4.3701690318386337E-5,3.9103636841386607E-5],[4.3701690318386337E-5,4.8203748487714292E-5,4.7789036816969821E-5,5.0450795599470886E-5,4.7789036816969821E-5,4.8203748487714292E-5,4.3701690318386337E-5],[4.3183821503159589E-5,4.7789036816969821E-5,4.9117430205211886E-5,5.0448129328057028E-5,4.9117430205211886E-5,4.7789036816969821E-5,4.3183821503159589E-5],[4.5943443186348694E-5,5.0450795599470886E-5,5.0448129328057028E-5,5.2906512820773468E-5,5.0448129328057028E-5,5.0450795599470886E-5,4.5943443186348694E-5],[4.3183821503159589E-5,4.7789036816969821E-5,4.9117430205211886E-5,5.0448129328057028E-5,4.9117430205211886E-5,4.7789036816969821E-5,4.3183821503159589E-5],[4.3701690318386337E-5,4.8203748487714292E-5,4.7789036816969821E-5,5.0450795599470886E-5,4.7789036816969821E-5,4.8203748487714292E-5,4.3701690318386337E-5],[3.9103636841386607E-5,4.3701690318386337E-5,4.3183821503159589E-5,4.5943443186348694E-5,4.3183821503159589E-5,4.3701690318386337E-5,3.9103636841386607E-5]],[[4.1863599146307446E-5,4.6465363557354208E-5,4.5947802427097634E-5,4.8709995442313652E-5,4.5947802427097634E-5,4.6465363557354208E-5,4.1863599146307453E-5],[4.6465363557354208E-5,5.0970502868684886E-5,5.05558491682474E-5,5.3219494651794656E-5,5.05558491682474E-5,5.0970502868684886E-5,4.6465363557354208E-5],[4.5947802427097634E-5,5.05558491682474E-5,5.1885121980485712E-5,5.3216701876921126E-5,5.1885121980485712E-5,5.05558491682474E-5,4.5947802427097634E-5],[4.8709995442313652E-5,5.3219494651794656E-5,5.3216701876921126E-5,5.56765970315819E-5,5.3216701876921126E-5,5.3219494651794656E-5,4.8709995442313652E-5],[4.5947802427097634E-5,5.05558491682474E-5,5.1885121980485712E-5,5.3216701876921126E-5,5.1885121980485712E-5,5.05558491682474E-5,4.5947802427097634E-5],[4.6465363557354208E-5,5.0970502868684886E-5,5.05558491682474E-5,5.3219494651794656E-5,5.05558491682474E-5,5.0970502868684886E-5,4.6465363557354208E-5],[4.1863599146307453E-5,4.6465363557354208E-5,4.5947802427097634E-5,4.8709995442313652E-5,4.5947802427097634E-5,4.6465363557354208E-5,4.1863599146307453E-5]],[[4.4625697108081669E-5,4.9230886036660363E-5,4.8713469293169164E-5,5.1477927746235692E-5,4.8713469293169164E-5,4.9230886036660363E-5,4.4625697108081676E-5],[4.9230886036660363E-5,5.373898736458E-5,5.332430586625571E-5,5.598974086424774E-5,5.332430586625571E-5,5.373898736458E-5,4.9230886036660363E-5],[4.8713469293169164E-5,5.332430586625571E-5,5.4654429290025791E-5,5.598686114023278E-5,5.4654429290025791E-5,5.332430586625571E-5,4.8713469293169164E-5],[5.1477927746235692E-5,5.598974086424774E-5,5.598686114023278E-5,5.8448251260501859E-5,5.598686114023278E-5,5.598974086424774E-5,5.1477927746235692E-5],[4.8713469293169164E-5,5.332430586625571E-5,5.4654429290025791E-5,5.598686114023278E-5,5.4654429290025791E-5,5.332430586625571E-5,4.8713469293169164E-5],[4.9230886036660363E-5,5.373898736458E-5,5.332430586625571E-5,5.598974086424774E-5,5.332430586625571E-5,5.373898736458E-5,4.9230886036660363E-5],[4.4625697108081676E-5,4.9230886036660363E-5,4.8713469293169164E-5,5.1477927746235692E-5,4.8713469293169164E-5,4.9230886036660363E-5,4.4625697108081676E-5]],[[4.7389784923835709E-5,5.1998192943824789E-5,5.1480799160201944E-5,5.4247317659868839E-5,5.1480799160201944E-5,5.1998192943824789E-5,4.7389784923835716E-5],[5.1998192943824789E-5,5.6509159626943828E-5,5.6094389808649459E-5,5.8761542388311404E-5,5.6094389808649459E-5,5.6509159626943828E-5,5.1998192943824789E-5],[5.1480799160201944E-5,5.6094389808649459E-5,5.7425340975268386E-5,5.8758601899532632E-5,5.7425340975268386E-5,5.6094389808649459E-5,5.1480799160201944E-5],[5.4247317659868839E-5,5.8761542388311404E-5,5.8758601899532632E-5,6.1221468903371767E-5,5.8758601899532632E-5,5.8761542388311404E-5,5.4247317659868839E-5],[5.1480799160201944E-5,5.6094389808649459E-5,5.7425340975268386E-5,5.8758601899532632E-5,5.7425340975268386E-5,5.6094389808649459E-5,5.1480799160201944E-5],[5.1998192943824789E-5,5.6509159626943828E-5,5.6094389808649459E-5,5.8761542388311404E-5,5.6094389808649459E-5,5.6509159626943828E-5,5.1998192943824789E-5],[4.7389784923835716E-5,5.1998192943824789E-5,5.1480799160201944E-5,5.4247317659868839E-5,5.1480799160201944E-5,5.1998192943824789E-5,4.7389784923835716E-5]],[[5.0155756322216725E-5,5.4767230965906996E-5,5.4249771301962751E-5,5.701820867087036E-5,5.4249771301962751E-5,5.4767230965906996E-5,5.0155756322216725E-5],[5.4767230965906996E-5,5.9280982635178157E-5,5.8866082258549177E-5,6.1534896981726E-5,5.8866082258549177E-5,5.928098263517815E-5,5.4767230965906996E-5],[5.4249771301962751E-5,5.8866082258549177E-5,6.0197842158196952E-5,6.1531913133089911E-5,6.0197842158196952E-5,5.8866082258549177E-5,5.4249771301962751E-5],[5.701820867087036E-5,6.1534896981726E-5,6.1531913133089911E-5,6.399623794647863E-5,6.1531913133089911E-5,6.1534896981726E-5,5.701820867087036E-5],[5.4249771301962751E-5,5.8866082258549177E-5,6.0197842158196952E-5,6.1531913133089911E-5,6.0197842158196952E-5,5.8866082258549177E-5,5.4249771301962751E-5],[5.4767230965906996E-5,5.928098263517815E-5,5.8866082258549177E-5,6.1534896981726E-5,5.8866082258549177E-5,5.928098263517815E-5,5.4767230965906996E-5],[5.0155756322216725E-5,5.4767230965906996E-5,5.4249771301962751E-5,5.701820867087036E-5,5.4249771301962751E-5,5.4767230965906996E-5,5.0155756322216725E-5]],[[5.2923531094061634E-5,5.7537955129351737E-5,5.7020365564608186E-5,5.9790621801625937E-5,5.7020365564608186E-5,5.7537955129351737E-5,5.2923531094061634E-5],[5.7537955129351737E-5,6.2054423232590832E-5,6.1639363224521258E-5,6.4309795502047668E-5,6.1639363224521258E-5,6.2054423232590832E-5,5.7537955129351737E-5],[5.7020365564608186E-5,6.1639363224521258E-5,6.2971915380343618E-5,6.4306779913637853E-5,6.2971915380343618E-5,6.1639363224521258E-5,5.7020365564608186E-5],[5.9790621801625937E-5,6.4309795502047668E-5,6.4306779913637853E-5,6.6772542790928175E-5,6.4306779913637853E-5,6.4309795502047668E-5,5.9790621801625937E-5],[5.7020365564608186E-5,6.1639363224521258E-5,6.2971915380343618E-5,6.4306779913637853E-5,6.2971915380343618E-5,6.1639363224521258E-5,5.7020365564608186E-5],[5.7537955129351737E-5,6.2054423232590832E-5,6.1639363224521258E-5,6.4309795502047668E-5,6.1639363224521258E-5,6.2054423232590832E-5,5.7537955129351737E-5],[5.2923531094061634E-5,5.7537955129351737E-5,5.7020365564608186E-5,5.9790621801625937E-5,5.7020365564608186E-5,5.7537955129351737E-5,5.2923531094061634E-5]],[[5.5693046502025229E-5,6.0310326517652688E-5,5.9792561632583139E-5,6.2564563256203173E-5,5.9792561632583139E-5,6.0310326517652688E-5,5.5693046502025229E-5],[6.0310326517652688E-5,6.4829451099257529E-5,6.4414211818309E-5,6.7086224263690817E-5,6.4414211818309E-5,6.4829451099257529E-5,6.0310326517652688E-5],[5.9792561632583139E-5,6.4414211818309E-5,6.5747541443236226E-5,6.7083184731322735E-5,6.5747541443236226E-5,6.4414211818309E-5,5.9792561632583139E-5],[6.2564563256203173E-5,6.7086224263690817E-5,6.7083184731322735E-5,6.9550365511104371E-5,6.7083184731322735E-5,6.7086224263690817E-5,6.2564563256203173E-5],[5.9792561632583139E-5,6.4414211818309E-5,6.5747541443236226E-5,6.7083184731322735E-5,6.5747541443236226E-5,6.4414211818309E-5,5.9792561632583139E-5],[6.0310326517652688E-5,6.4829451099257529E-5,6.4414211818309E-5,6.7086224263690817E-5,6.4414211818309E-5,6.4829451099257529E-5,6.0310326517652688E-5],[5.5693046502025229E-5,6.0310326517652688E-5,5.9792561632583139E-5,6.2564563256203173E-5,5.9792561632583139E-5,6.0310326517652688E-5,5.5693046502025229E-5]],[[5.8464251704089979E-5,6.308431063522385E-5,6.25663387759412E-5,6.5340029479895922E-5,6.25663387759412E-5,6.308431063522385E-5,5.8464251704089979E-5],[6.308431063522385E-5,6.7606038035240677E-5,6.7190606565358825E-5,6.9864166635826022E-5,6.7190606565358825E-5,6.7606038035240677E-5,6.308431063522385E-5],[6.25663387759412E-5,6.7190606565358825E-5,6.8524700026467169E-5,6.9861108419156385E-5,6.8524700026467169E-5,6.7190606565358825E-5,6.25663387759412E-5],[6.5340029479895922E-5,6.9864166635826022E-5,6.9861108419156385E-5,7.2329686726383121E-5,6.9861108419156385E-5,6.9864166635826022E-5,6.5340029479895922E-5],[6.25663387759412E-5,6.7190606565358825E-5,6.8524700026467169E-5,6.9861108419156385E-5,6.8524700026467169E-5,6.7190606565358825E-5,6.25663387759412E-5],[6.308431063522385E-5,6.7606038035240677E-5,6.7190606565358825E-5,6.9864166635826022E-5,6.7190606565358825E-5,6.7606038035240677E-5,6.308431063522385E-5],[5.8464251704089979E-5,6.308431063522385E-5,6.25663387759412E-5,6.5340029479895922E-5,6.25663387759412E-5,6.308431063522385E-5,5.8464251704089979E-5]],[[6.1237104077369441E-5,6.5859876242237956E-5,6.5341675838427035E-5,6.8117010521928582E-5,6.5341675838427035E-5,6.5859876242237956E-5,6.1237104077369441E-5],[6.5859876242237956E-5,7.03841574623505E-5,6.9968525661390086E-5,7.2643604129777646E-5,6.9968525661390086E-5,7.03841574623505E-5,6.5859876242237956E-5],[6.5341675838427035E-5,6.9968525661390086E-5,7.1303370140297649E-5,7.2640530801535967E-5,7.1303370140297649E-5,6.9968525661390086E-5,6.5341675838427035E-5],[6.8117010521928582E-5,7.2643604129777646E-5,7.2640530801535967E-5,7.51104862058771E-5,7.2640530801535967E-5,7.2643604129777646E-5,6.8117010521928582E-5],[6.5341675838427035E-5,6.9968525661390086E-5,7.1303370140297649E-5,7.2640530801535967E-5,7.1303370140297649E-5,6.9968525661390086E-5,6.5341675838427035E-5],[6.5859876242237956E-5,7.03841574623505E-5,6.9968525661390086E-5,7.2643604129777646E-5,6.9968525661390086E-5,7.03841574623505E-5,6.5859876242237956E-5],[6.1237104077369441E-5,6.5859876242237956E-5,6.5341675838427035E-5,6.8117010521928582E-5,6.5341675838427035E-5,6.5859876242237956E-5,6.1237104077369441E-5]],[[6.4011566763395256E-5,6.8636994529603227E-5,6.8118551333710471E-5,7.0895492280208423E-5,6.8118551333710471E-5,6.8636994529603227E-5,6.4011566763395256E-5],[6.8636994529603227E-5,7.31637840786902E-5,7.2747947177334286E-5,7.54245171410772E-5,7.2747947177334286E-5,7.31637840786902E-5,6.8636994529603227E-5],[6.8118551333710471E-5,7.2747947177334286E-5,7.40835304554476E-5,7.5421431148797228E-5,7.40835304554476E-5,7.2747947177334286E-5,6.8118551333710471E-5],[7.0895492280208423E-5,7.54245171410772E-5,7.5421431148797228E-5,7.7892743287693078E-5,7.5421431148797228E-5,7.54245171410772E-5,7.0895492280208423E-5],[6.8118551333710471E-5,7.2747947177334286E-5,7.40835304554476E-5,7.5421431148797228E-5,7.40835304554476E-5,7.2747947177334286E-5,6.8118551333710471E-5],[6.8636994529603227E-5,7.31637840786902E-5,7.2747947177334286E-5,7.54245171410772E-5,7.2747947177334286E-5,7.31637840786902E-5,6.8636994529603227E-5],[6.4011566763395256E-5,6.8636994529603227E-5,6.8118551333710471E-5,7.0895492280208423E-5,6.8118551333710471E-5,6.8636994529603227E-5,6.4011566763395256E-5]],[[6.6787607012166493E-5,7.1415638537455827E-5,7.089694357912474E-5,7.367545800587471E-5,7.089694357912474E-5,7.1415638537455827E-5,6.6787607012166493E-5],[7.1415638537455827E-5,7.5944893619245485E-5,7.5528849218830415E-5,7.8206885456584346E-5,7.5528849218830415E-5,7.5944893619245485E-5,7.1415638537455827E-5],[7.089694357912474E-5,7.5528849218830415E-5,7.6865159541922171E-5,7.8203788495307062E-5,7.6865159541922171E-5,7.5528849218830415E-5,7.089694357912474E-5],[7.367545800587471E-5,7.8206885456584346E-5,7.8203788495307062E-5,8.0676437168701316E-5,7.8203788495307062E-5,7.8206885456584346E-5,7.367545800587471E-5],[7.089694357912474E-5,7.5528849218830415E-5,7.6865159541922171E-5,7.8203788495307062E-5,7.6865159541922171E-5,7.5528849218830415E-5,7.089694357912474E-5],[7.1415638537455827E-5,7.5944893619245485E-5,7.5528849218830415E-5,7.8206885456584346E-5,7.5528849218830415E-5,7.5944893619245485E-5,7.1415638537455827E-5],[6.6787607012166493E-5,7.1415638537455827E-5,7.089694357912474E-5,7.367545800587471E-5,7.089694357912474E-5,7.1415638537455827E-5,6.6787607012166493E-5]],[[6.9565195056118381E-5,7.4195782746715145E-5,7.36768308313087E-5,7.645688931525909E-5,7.36768308313087E-5,7.4195782746715145E-5,6.9565195056118381E-5],[7.4195782746715145E-5,7.8727462689644242E-5,7.8311210047644591E-5,8.099068860098081E-5,7.8311210047644591E-5,7.8727462689644242E-5,7.4195782746715145E-5],[7.36768308313087E-5,7.8311210047644591E-5,7.9648236040628646E-5,8.0987581861229814E-5,7.9648236040628646E-5,7.8311210047644591E-5,7.36768308313087E-5],[7.645688931525909E-5,8.099068860098081E-5,8.0987581861229814E-5,8.3461547103631E-5,8.0987581861229814E-5,8.099068860098081E-5,7.645688931525909E-5],[7.36768308313087E-5,7.8311210047644591E-5,7.9648236040628646E-5,8.0987581861229814E-5,7.9648236040628646E-5,7.8311210047644591E-5,7.36768308313087E-5],[7.4195782746715145E-5,7.8727462689644242E-5,7.8311210047644591E-5,8.099068860098081E-5,7.8311210047644591E-5,7.8727462689644242E-5,7.4195782746715145E-5],[6.9565195056118381E-5,7.4195782746715145E-5,7.36768308313087E-5,7.645688931525909E-5,7.36768308313087E-5,7.4195782746715145E-5,6.9565195056118381E-5]],[[7.2344303339729173E-5,7.6977402792674653E-5,7.645819140750205E-5,7.9239766872309488E-5,7.645819140750205E-5,7.6977402792674653E-5,7.2344303339729173E-5],[7.6977402792674653E-5,8.1511468650023437E-5,8.1095008172126965E-5,8.3775906072887024E-5,8.1095008172126965E-5,8.1511468650023437E-5,7.6977402792674653E-5],[7.645819140750205E-5,8.1095008172126965E-5,8.2432738785391261E-5,8.3772790406064259E-5,8.2432738785391261E-5,8.1095008172126965E-5,7.645819140750205E-5],[7.9239766872309488E-5,8.3775906072887024E-5,8.3772790406064259E-5,8.624805254048961E-5,8.3772790406064259E-5,8.3775906072887024E-5,7.9239766872309488E-5],[7.645819140750205E-5,8.1095008172126965E-5,8.2432738785391261E-5,8.3772790406064259E-5,8.2432738785391261E-5,8.1095008172126965E-5,7.645819140750205E-5],[7.6977402792674653E-5,8.1511468650023437E-5,8.1095008172126965E-5,8.3775906072887024E-5,8.1095008172126965E-5,8.1511468650023437E-5,7.6977402792674653E-5],[7.2344303339729173E-5,7.6977402792674653E-5,7.645819140750205E-5,7.9239766872309488E-5,7.645819140750205E-5,7.6977402792674653E-5,7.2344303339729173E-5]],[[7.5124905989838931E-5,7.9760475264058843E-5,7.9241003786587684E-5,8.2024070849406392E-5,7.9241003786587684E-5,7.9760475264058843E-5,7.5124905989838931E-5],[7.9760475264058843E-5,8.4296889532971636E-5,8.3880222413009169E-5,8.6562517504787682E-5,8.3880222413009169E-5,8.4296889532971636E-5,7.9760475264058843E-5],[7.9241003786587684E-5,8.3880222413009169E-5,8.5218646888401511E-5,8.6559393533721434E-5,8.5218646888401511E-5,8.3880222413009169E-5,7.9241003786587684E-5],[8.2024070849406392E-5,8.6562517504787682E-5,8.6559393533721434E-5,8.9035933211182718E-5,8.6559393533721434E-5,8.6562517504787682E-5,8.2024070849406392E-5],[7.9241003786587684E-5,8.3880222413009169E-5,8.5218646888401511E-5,8.6559393533721434E-5,8.5218646888401511E-5,8.3880222413009169E-5,7.9241003786587684E-5],[7.9760475264058843E-5,8.4296889532971636E-5,8.3880222413009169E-5,8.6562517504787682E-5,8.3880222413009169E-5,8.4296889532971636E-5,7.9760475264058843E-5],[7.5124905989838931E-5,7.9760475264058843E-5,7.9241003786587684E-5,8.2024070849406392E-5,7.9241003786587684E-5,7.9760475264058843E-5,7.5124905989838931E-5]],[[7.7906978449836529E-5,8.25449775615293E-5,8.202524668926098E-5,8.4809781238358992E-5,8.202524668926098E-5,8.25449775615293E-5,7.7906978449836529E-5],[8.25449775615293E-5,8.708370398447398E-5,8.6666831949859887E-5,8.9350502770142891E-5,8.6666831949859887E-5,8.708370398447398E-5,8.25449775615293E-5],[8.202524668926098E-5,8.6666831949859887E-5,8.8005939798744125E-5,8.9347370963101366E-5,8.8005939798744125E-5,8.6666831949859887E-5,8.202524668926098E-5],[8.4809781238358992E-5,8.9350502770142891E-5,8.9347370963101366E-5,9.1825169190574158E-5,8.9347370963101366E-5,8.9350502770142891E-5,8.4809781238358992E-5],[8.202524668926098E-5,8.6666831949859887E-5,8.8005939798744125E-5,8.9347370963101366E-5,8.8005939798744125E-5,8.6666831949859887E-5,8.202524668926098E-5],[8.25449775615293E-5,8.708370398447398E-5,8.6666831949859887E-5,8.9350502770142891E-5,8.6666831949859887E-5,8.708370398447398E-5,8.25449775615293E-5],[7.7906978449836529E-5,8.25449775615293E-5,8.202524668926098E-5,8.4809781238358992E-5,8.202524668926098E-5,8.25449775615293E-5,7.7906978449836529E-5]],[[8.06904972258245E-5,8.5330887797233039E-5,8.4810899139122758E-5,8.7596878059621166E-5,8.4810899139122758E-5,8.5330887797233039E-5,8.06904972258245E-5],[8.5330887797233039E-5,8.987189122023904E-5,8.94548163525231E-5,9.2139842053755154E-5,8.94548163525231E-5,8.987189122023904E-5,8.5330887797233039E-5],[8.4810899139122758E-5,8.94548163525231E-5,9.0794597341108081E-5,9.2136702774062726E-5,9.0794597341108081E-5,8.94548163525231E-5,8.4810899139122758E-5],[8.7596878059621166E-5,9.2139842053755154E-5,9.2136702774062726E-5,9.4615740933301924E-5,9.2136702774062726E-5,9.2139842053755154E-5,8.7596878059621166E-5],[8.4810899139122758E-5,8.94548163525231E-5,9.0794597341108081E-5,9.2136702774062726E-5,9.0794597341108081E-5,8.94548163525231E-5,8.4810899139122758E-5],[8.5330887797233039E-5,8.987189122023904E-5,8.94548163525231E-5,9.2139842053755154E-5,8.94548163525231E-5,8.987189122023904E-5,8.5330887797233039E-5],[8.06904972258245E-5,8.5330887797233039E-5,8.4810899139122758E-5,8.7596878059621166E-5,8.4810899139122758E-5,8.5330887797233039E-5,8.06904972258245E-5]],[[8.3475439709352082E-5,8.8118184722520292E-5,8.7597940507393626E-5,9.0385341501998537E-5,8.7597940507393626E-5,8.8118184722520292E-5,8.3475439709352082E-5],[8.8118184722520292E-5,9.2661430992234861E-5,9.22441556009959E-5,9.493051589648127E-5,9.22441556009959E-5,9.2661430992234861E-5,8.8118184722520292E-5],[8.7597940507393626E-5,9.22441556009959E-5,9.3584599739921886E-5,9.4927369435805509E-5,9.3584599739921886E-5,9.22441556009959E-5,8.7597940507393626E-5],[9.0385341501998537E-5,9.493051589648127E-5,9.4927369435805509E-5,9.7407629294908241E-5,9.4927369435805509E-5,9.493051589648127E-5,9.0385341501998537E-5],[8.7597940507393626E-5,9.22441556009959E-5,9.3584599739921886E-5,9.4927369435805509E-5,9.3584599739921886E-5,9.22441556009959E-5,8.7597940507393626E-5],[8.8118184722520292E-5,9.2661430992234861E-5,9.22441556009959E-5,9.493051589648127E-5,9.22441556009959E-5,9.2661430992234861E-5,8.8118184722520292E-5],[8.3475439709352082E-5,8.8118184722520292E-5,8.7597940507393626E-5,9.0385341501998537E-5,8.7597940507393626E-5,8.8118184722520292E-5,8.3475439709352082E-5]],[[8.626178405255272E-5,9.090684767480833E-5,9.0386350544167368E-5,9.31751520146952E-5,9.0386350544167368E-5,9.090684767480833E-5,8.626178405255272E-5],[9.090684767480833E-5,9.5452303561925739E-5,9.5034830096495324E-5,9.7722505222017349E-5,9.5034830096495324E-5,9.5452303561925739E-5,9.090684767480833E-5],[9.0386350544167368E-5,9.5034830096495324E-5,9.6375927632810665E-5,9.7719351822710441E-5,9.6375927632810665E-5,9.5034830096495324E-5,9.0386350544167368E-5],[9.31751520146952E-5,9.7722505222017349E-5,9.7719351822710441E-5,0.00010020081554195608,9.7719351822710441E-5,9.7722505222017349E-5,9.31751520146952E-5],[9.0386350544167368E-5,9.5034830096495324E-5,9.6375927632810665E-5,9.7719351822710441E-5,9.6375927632810665E-5,9.5034830096495324E-5,9.0386350544167368E-5],[9.090684767480833E-5,9.5452303561925739E-5,9.5034830096495324E-5,9.7722505222017349E-5,9.5034830096495324E-5,9.5452303561925739E-5,9.090684767480833E-5],[8.626178405255272E-5,9.090684767480833E-5,9.0386350544167368E-5,9.31751520146952E-5,9.0386350544167368E-5,9.090684767480833E-5,8.626178405255272E-5]],[[8.9049509079057888E-5,9.3696856537419217E-5,9.3176109398811343E-5,9.596629036652894E-5,9.3176109398811343E-5,9.3696856537419217E-5,8.9049509079057888E-5],[9.3696856537419217E-5,9.8244489677881688E-5,9.782682066583E-5,0.00010051579135111639,9.782682066583E-5,9.8244489677881688E-5,9.3696856537419217E-5],[9.3176109398811343E-5,9.782682066583E-5,9.9168562076219562E-5,0.00010051263122120892,9.9168562076219562E-5,9.782682066583E-5,9.3176109398811343E-5],[9.596629036652894E-5,0.00010051579135111639,0.00010051263122120892,0.00010299528135440828,0.00010051263122120892,0.00010051579135111639,9.596629036652894E-5],[9.3176109398811343E-5,9.782682066583E-5,9.9168562076219562E-5,0.00010051263122120892,9.9168562076219562E-5,9.782682066583E-5,9.3176109398811343E-5],[9.3696856537419217E-5,9.8244489677881688E-5,9.782682066583E-5,0.00010051579135111639,9.782682066583E-5,9.8244489677881688E-5,9.3696856537419217E-5],[8.9049509079057888E-5,9.3696856537419217E-5,9.3176109398811343E-5,9.596629036652894E-5,9.3176109398811343E-5,9.3696856537419217E-5,8.9049509079057888E-5]],[[9.1838594219253471E-5,9.6488191708098969E-5,9.5967197631844156E-5,9.8758737682484412E-5,9.5967197631844156E-5,9.6488191708098969E-5,9.1838594219253471E-5],[9.6488191708098969E-5,0.00010103797055621365,0.00010062010856075183,0.00010331035600703386,0.00010062010856075183,0.00010103797055621365,9.6488191708098969E-5],[9.5967197631844156E-5,0.00010062010856075183,0.00010196248454534757,0.0001033071893302946,0.00010196248454534757,0.00010062010856075183,9.5967197631844156E-5],[9.8758737682484412E-5,0.00010331035600703386,0.0001033071893302946,0.00010579100882264157,0.0001033071893302946,0.00010331035600703386,9.8758737682484412E-5],[9.5967197631844156E-5,0.00010062010856075183,0.00010196248454534757,0.0001033071893302946,0.00010196248454534757,0.00010062010856075183,9.5967197631844156E-5],[9.6488191708098969E-5,0.00010103797055621365,0.00010062010856075183,0.00010331035600703386,0.00010062010856075183,0.00010103797055621365,9.6488191708098969E-5],[9.1838594219253471E-5,9.6488191708098969E-5,9.5967197631844156E-5,9.8758737682484412E-5,9.5967197631844156E-5,9.6488191708098969E-5,9.1838594219253471E-5]],[[9.4629019462083276E-5,9.9280834073344122E-5,9.8759596220196241E-5,0.00010155247546457444,9.8759596220196241E-5,9.9280834073344122E-5,9.4629019462083276E-5],[9.9280834073344122E-5,0.00010383272786284532,0.00010341467545357139,0.00010610618131485863,0.00010341467545357139,0.00010383272786284532,9.9280834073344122E-5],[9.8759596220196241E-5,0.00010341467545357139,0.00010475767692996429,0.00010610300825753921,0.00010475767692996429,0.00010341467545357139,9.8759596220196241E-5],[0.00010155247546457444,0.00010610618131485863,0.00010610300825753921,0.00010858798044076545,0.00010610300825753921,0.00010610618131485863,0.00010155247546457444],[9.8759596220196241E-5,0.00010341467545357139,0.00010475767692996429,0.00010610300825753921,0.00010475767692996429,0.00010341467545357139,9.8759596220196241E-5],[9.9280834073344122E-5,0.00010383272786284532,0.00010341467545357139,0.00010610618131485863,0.00010