{"M_cells":[[[0,0,0,0,0,0,0],[0,0,0,0,0,0,0],[0,0,0,0,0,0,0],[0,0,0,0,0,0,0],[0,0,0,0,0,0,0],[0,0,0,0,0,0,0],[0,0,0,0,0,0,0]],[[9.1706500257259128E-7,2.5677176204597186E-6,2.3510502745466675E-6,3.2104432321982865E-6,2.3510502745466675E-6,2.5677176204597186E-6,9.1706500257259128E-7],[2.5677176204597186E-6,5.9140715663530173E-6,5.5453023172448018E-6,7.28686591132818E-6,5.5453023172448018E-6,5.9140715663530173E-6,2.5677176204597186E-6],[2.3510502745466675E-6,5.5453023172448018E-6,6.4797223438906274E-6,7.4171714182898837E-6,6.4797223438906274E-6,5.5453023172448018E-6,2.3510502745466675E-6],[3.2104432321982865E-6,7.28686591132818E-6,7.4171714182898837E-6,9.274162435216219E-6,7.4171714182898837E-6,7.28686591132818E-6,3.2104432321982865E-6],[2.3510502745466675E-6,5.5453023172448018E-6,6.4797223438906274E-6,7.4171714182898837E-6,6.4797223438906274E-6,5.5453023172448018E-6,2.3510502745466675E-6],[2.5677176204597186E-6,5.9140715663530173E-6,5.5453023172448018E-6,7.28686591132818E-6,5.5453023172448018E-6,5.9140715663530173E-6,2.5677176204597186E-6],[9.1706500257259128E-7,2.5677176204597186E-6,2.3510502745466675E-6,3.2104432321982865E-6,2.3510502745466675E-6,2.5677176204597186E-6,9.1706500257259128E-7]],[[5.5915112748593452E-6,1.0268086933167195E-5,9.668408132053435E-6,1.2226536378036145E-5,9.6684081320534367E-6,1.0268086933167195E-5,5.5915112748593452E-6],[1.0268086933167195E-5,1.6956017705983765E-5,1.6242655746881137E-5,1.9894731111699898E-5,1.6242655746881137E-5,1.6956017705983765E-5,1.0268086933167195E-5],[9.668408132053435E-6,1.6242655746881137E-5,1.8151735169959004E-5,2.0065564116663316E-5,1.8151735169959004E-5,1.6242655746881137E-5,9.6684081320534367E-6],[1.2226536378036145E-5,1.9894731111699898E-5,2.0065564116663316E-5,2.3765632914223533E-5,2.0065564116663316E-5,1.9894731111699898E-5,1.2226536378036145E-5],[9.6684081320534367E-6,1.6242655746881137E-5,1.8151735169959004E-5,2.0065564116663316E-5,1.8151735169959004E-5,1.6242655746881137E-5,9.668408132053435E-6],[1.0268086933167195E-5,1.6956017705983765E-5,1.6242655746881137E-5,1.9894731111699898E-5,1.6242655746881137E-5,1.6956017705983765E-5,1.0268086933167195E-5],[5.5915112748593452E-6,1.0268086933167195E-5,9.6684081320534367E-6,1.2226536378036145E-5,9.668408132053435E-6,1.0268086933167195E-5,5.5915112748593452E-6]],[[1.5086256531604516E-5,2.3088946410971158E-5,2.2086766697792044E-5,2.65923888061839E-5,2.2086766697792044E-5,2.3088946410971158E-5,1.5086256531604516E-5],[2.3088946410971158E-5,3.3108246294119E-5,3.2070091325954777E-5,3.767599793079006E-5,3.2070091325954777E-5,3.3108246294119E-5,2.3088946410971158E-5],[2.2086766697792044E-5,3.2070091325954777E-5,3.4960621177164574E-5,3.785760482410905E-5,3.4960621177164574E-5,3.2070091325954777E-5,2.2086766697792048E-5],[2.65923888061839E-5,3.767599793079006E-5,3.785760482410905E-5,4.3385754562162778E-5,3.785760482410905E-5,3.7675997930790067E-5,2.65923888061839E-5],[2.2086766697792044E-5,3.2070091325954777E-5,3.4960621177164574E-5,3.785760482410905E-5,3.4960621177164574E-5,3.2070091325954784E-5,2.2086766697792048E-5],[2.3088946410971158E-5,3.3108246294119E-5,3.2070091325954777E-5,3.7675997930790067E-5,3.2070091325954784E-5,3.3108246294119006E-5,2.3088946410971158E-5],[1.5086256531604516E-5,2.3088946410971158E-5,2.2086766697792048E-5,2.65923888061839E-5,2.2086766697792048E-5,2.3088946410971158E-5,1.5086256531604516E-5]],[[2.9624564989484667E-5,4.1008192652142135E-5,3.9611286767203554E-5,4.6131151289195123E-5,3.9611286767203554E-5,4.1008192652142135E-5,2.9624564989484667E-5],[4.1008192652142135E-5,5.4341109808185928E-5,5.29904194019702E-5,6.055356175550362E-5,5.29904194019702E-5,5.4341109808185928E-5,4.1008192652142135E-5],[3.9611286767203554E-5,5.29904194019702E-5,5.6859207636919918E-5,6.0736138657681449E-5,5.6859207636919918E-5,5.29904194019702E-5,3.9611286767203554E-5],[4.6131151289195123E-5,6.055356175550362E-5,6.0736138657681449E-5,6.8077367505334262E-5,6.0736138657681449E-5,6.055356175550362E-5,4.6131151289195123E-5],[3.9611286767203554E-5,5.29904194019702E-5,5.6859207636919918E-5,6.0736138657681449E-5,5.6859207636919918E-5,5.29904194019702E-5,3.9611286767203554E-5],[4.1008192652142135E-5,5.4341109808185928E-5,5.29904194019702E-5,6.055356175550362E-5,5.29904194019702E-5,5.4341109808185928E-5,4.1008192652142135E-5],[2.9624564989484667E-5,4.1008192652142135E-5,3.9611286767203554E-5,4.6131151289195123E-5,3.9611286767203554E-5,4.1008192652142135E-5,2.9624564989484667E-5]],[[4.9234220370724161E-5,6.3994154303832919E-5,6.2211702892912566E-5,7.0755721045971231E-5,6.2211702892912566E-5,6.3994154303832919E-5,4.9234220370724161E-5],[6.3994154303832919E-5,8.0617932560175421E-5,7.8962016984229568E-5,8.8472764245210847E-5,7.8962016984229568E-5,8.0617932560175421E-5,6.3994154303832919E-5],[6.2211702892912566E-5,7.8962016984229568E-5,8.3802603250753639E-5,8.8653006582831671E-5,8.3802603250753639E-5,7.8962016984229568E-5,6.2211702892912566E-5],[7.0755721045971231E-5,8.8472764245210847E-5,8.8653006582831671E-5,9.7792282525253817E-5,8.8653006582831671E-5,8.8472764245210847E-5,7.0755721045971231E-5],[6.2211702892912566E-5,7.8962016984229568E-5,8.3802603250753639E-5,8.8653006582831671E-5,8.3802603250753639E-5,7.8962016984229568E-5,6.2211702892912566E-5],[6.3994154303832919E-5,8.0617932560175421E-5,7.8962016984229568E-5,8.8472764245210847E-5,7.8962016984229568E-5,8.0617932560175421E-5,6.3994154303832919E-5],[4.9234220370724161E-5,6.3994154303832919E-5,6.2211702892912566E-5,7.0755721045971231E-5,6.2211702892912566E-5,6.3994154303832919E-5,4.9234220370724161E-5]],[[7.3893881097474446E-5,9.2009513417585823E-5,8.984837866955712E-5,0.00010040839243162891,8.984837866955712E-5,9.2009513417585823E-5,7.3893881097474446E-5],[9.2009513417585823E-5,0.00011189870092895788,0.00010994229745050586,0.00012138661791034663,0.00010994229745050586,0.00011189870092895789,9.2009513417585823E-5],[8.984837866955712E-5,0.00010994229745050586,0.00011574710389565368,0.00012156338721535917,0.00011574710389565368,0.00010994229745050586,8.984837866955712E-5],[0.00010040839243162891,0.00012138661791034663,0.00012156338721535917,0.00013248561621505853,0.00012156338721535917,0.00012138661791034663,0.00010040839243162892],[8.984837866955712E-5,0.00010994229745050586,0.00011574710389565368,0.00012156338721535917,0.00011574710389565368,0.00010994229745050586,8.984837866955712E-5],[9.2009513417585823E-5,0.00011189870092895789,0.00010994229745050586,0.00012138661791034663,0.00010994229745050586,0.00011189870092895789,9.2009513417585823E-5],[7.3893881097474446E-5,9.2009513417585823E-5,8.984837866955712E-5,0.00010040839243162892,8.984837866955712E-5,9.2009513417585823E-5,7.3893881097474446E-5]],[[0.00010356824323430628,0.00012501397852340978,0.00012247922293356513,0.00013504116318153992,0.00012247922293356513,0.00012501397852340978,0.00010356824323430628],[0.00012501397852340978,0.00014814171060976034,0.00014588835095410391,0.00015925062287444925,0.00014588835095410391,0.00014814171060976034,0.00012501397852340978],[0.00012247922293356513,0.00014588835095410391,0.00015264937398394706,0.00015942351924915925,0.00015264937398394706,0.00014588835095410391,0.00012247922293356513],[0.00013504116318153992,0.00015925062287444925,0.00015942351924915925,0.00017211350334734123,0.00015942351924915925,0.00015925062287444925,0.00013504116318153992],[0.00012247922293356513,0.00014588835095410391,0.00015264937398394706,0.00015942351924915925,0.00015264937398394706,0.00014588835095410391,0.00012247922293356513],[0.00012501397852340978,0.00014814171060976034,0.00014588835095410391,0.00015925062287444925,0.00014588835095410391,0.00014814171060976034,0.00012501397852340981],[0.00010356824323430628,0.00012501397852340978,0.00012247922293356513,0.00013504116318153992,0.00012247922293356513,0.00012501397852340981,0.00010356824323430628]],[[0.00013821729000890214,0.00016296562719672153,0.00016006133945363349,0.00017460907829014387,0.00016006133945363349,0.00016296562719672153,0.00013821729000890214],[0.00016296562719672153,0.00018930420100031934,0.00018675689455959258,0.00020202081339256689,0.00018675689455959258,0.00018930420100031934,0.00016296562719672153],[0.00016006133945363349,0.00018675689455959258,0.00019446591721378567,0.00020218969289429887,0.00019446591721378567,0.00018675689455959258,0.00016006133945363349],[0.00017460907829014387,0.00020202081339256689,0.00020218969289429887,0.00021663207610907406,0.00020218969289429887,0.00020202081339256689,0.00017460907829014387],[0.00016006133945363349,0.00018675689455959258,0.00019446591721378567,0.00020218969289429887,0.00019446591721378567,0.00018675689455959258,0.00016006133945363349],[0.00016296562719672153,0.00018930420100031934,0.00018675689455959258,0.00020202081339256689,0.00018675689455959258,0.00018930420100031934,0.00016296562719672156],[0.00013821729000890214,0.00016296562719672153,0.00016006133945363349,0.00017460907829014387,0.00016006133945363349,0.00016296562719672156,0.00013821729000890214]],[[0.00017779897970090944,0.00020582144106530965,0.00020255126390519577,0.00021906782545054535,0.00020255126390519577,0.00020582144106530965,0.00017779897970090944],[0.00020582144106530965,0.00023534250065401156,0.000232504057652282,0.0002496528981868746,0.000232504057652282,0.00023534250065401156,0.00020582144106530965],[0.00020255126390519577,0.000232504057652282,0.00024115269662347861,0.00024981770460538987,0.00024115269662347861,0.000232504057652282,0.00020255126390519577],[0.00021906782545054535,0.0002496528981868746,0.00024981770460538987,0.00026599690397643912,0.00024981770460538987,0.00024965289818687465,0.00021906782545054535],[0.00020255126390519577,0.000232504057652282,0.00024115269662347861,0.00024981770460538987,0.00024115269662347861,0.000232504057652282,0.00020255126390519577],[0.00020582144106530965,0.00023534250065401156,0.000232504057652282,0.00024965289818687465,0.000232504057652282,0.00023534250065401159,0.00020582144106530968],[0.00017779897970090944,0.00020582144106530965,0.00020255126390519577,0.00021906782545054535,0.00020255126390519577,0.00020582144106530968,0.00017779897970090946]],[[0.00022227003553582404,0.00025353740773882336,0.00024990481943758377,0.0002683727246396081,0.00024990481943758377,0.00025353740773882341,0.00022227003553582406],[0.00025353740773882336,0.00028621192204568159,0.00028308510713097719,0.00030210175099705863,0.00028308510713097724,0.00028621192204568164,0.00025353740773882341],[0.00024990481943758377,0.00028308510713097719,0.00029266479601284563,0.00030226245473213359,0.00029266479601284563,0.00028308510713097724,0.00024990481943758377],[0.0002683727246396081,0.00030210175099705863,0.00030226245473213359,0.00032016257253030407,0.00030226245473213359,0.00030210175099705863,0.0002683727246396081],[0.00024990481943758377,0.00028308510713097724,0.00029266479601284563,0.00030226245473213359,0.00029266479601284563,0.00028308510713097724,0.00024990481943758377],[0.00025353740773882341,0.00028621192204568164,0.00028308510713097724,0.00030210175099705863,0.00028308510713097724,0.00028621192204568164,0.00025353740773882341],[0.00022227003553582406,0.00025353740773882341,0.00024990481943758377,0.0002683727246396081,0.00024990481943758377,0.00025353740773882341,0.00022227003553582409]],[[0.00027158607786432305,0.000306068382835409,0.00030207684319738011,0.0003224781518682471,0.00030207684319738011,0.000306068382835409,0.0002715860778643231],[0.000306068382835409,0.00034186650037713488,0.00033845411252018541,0.00035932097457602616,0.00033845411252018541,0.00034186650037713488,0.000306068382835409],[0.00030207684319738011,0.00033845411252018541,0.00034895605308564773,0.00035947754867353041,0.00034895605308564773,0.00033845411252018541,0.00030207684319738011],[0.0003224781518682471,0.00035932097457602616,0.00035947754867353041,0.00037908225983164008,0.00035947754867353041,0.00035932097457602616,0.0003224781518682471],[0.00030207684319738011,0.00033845411252018541,0.00034895605308564773,0.00035947754867353041,0.00034895605308564773,0.00033845411252018541,0.00030207684319738011],[0.000306068382835409,0.00034186650037713488,0.00033845411252018541,0.00035932097457602616,0.00033845411252018541,0.00034186650037713488,0.000306068382835409],[0.0002715860778643231,0.000306068382835409,0.00030207684319738011,0.0003224781518682471,0.00030207684319738011,0.000306068382835409,0.0002715860778643231]],[[0.00032570146662128557,0.00036336779149429238,0.00035902082536343817,0.00038133705333618447,0.00035902082536343817,0.00036336779149429238,0.00032570146662128557],[0.00036336779149429238,0.00040225859993348051,0.000398563524179422,0.00042126241712652873,0.000398563524179422,0.00040225859993348051,0.00036336779149429238],[0.00035902082536343817,0.000398563524179422,0.00040997861318297268,0.0004214148261009028,0.00040997861318297268,0.000398563524179422,0.00035902082536343817],[0.00038133705333618447,0.00042126241712652873,0.0004214148261009028,0.00044270723213615055,0.0004214148261009028,0.00042126241712652873,0.00038133705333618447],[0.00035902082536343817,0.000398563524179422,0.00040997861318297268,0.0004214148261009028,0.00040997861318297268,0.000398563524179422,0.00035902082536343817],[0.00036336779149429238,0.00040225859993348051,0.000398563524179422,0.00042126241712652873,0.000398563524179422,0.00040225859993348051,0.00036336779149429238],[0.00032570146662128557,0.00036336779149429238,0.00035902082536343817,0.00038133705333618447,0.00035902082536343817,0.00036336779149429238,0.00032570146662128557]],[[0.00038456896490573253,0.00042538718498529043,0.00042068844275600412,0.00044490040517059014,0.00042068844275600412,0.00042538718498529043,0.00038456896490573253],[0.00042538718498529043,0.00046733837177264357,0.00046336362474517785,0.00048787556600796161,0.00046336362474517785,0.00046733837177264352,0.00042538718498529043],[0.00042068844275600412,0.00046336362474517785,0.00047568235380834141,0.00048802375851375292,0.00047568235380834146,0.00046336362474517785,0.00042068844275600412],[0.00044490040517059014,0.00048787556600796161,0.00048802375851375292,0.00051098619511579847,0.00048802375851375292,0.00048787556600796161,0.00044490040517059014],[0.00042068844275600412,0.00046336362474517785,0.00047568235380834146,0.00048802375851375292,0.00047568235380834146,0.0004633636247451779,0.00042068844275600412],[0.00042538718498529043,0.00046733837177264352,0.00046336362474517785,0.00048787556600796161,0.0004633636247451779,0.00046733837177264363,0.00042538718498529043],[0.00038456896490573253,0.00042538718498529043,0.00042068844275600412,0.00044490040517059014,0.00042068844275600412,0.00042538718498529043,0.00038456896490573253]],[[0.00044813924063683241,0.000492075628470905,0.00048702894460083573,0.00051311653048115389,0.00048702894460083573,0.000492075628470905,0.00044813924063683241],[0.000492075628470905,0.00053705301635919407,0.00053280179750862843,0.00055910674514716042,0.00053280179750862843,0.00053705301635919407,0.000492075628470905],[0.00048702894460083573,0.00053280179750862843,0.00054601411763997474,0.00055925064680982278,0.00054601411763997474,0.00053280179750862843,0.00048702894460083573],[0.00051311653048115389,0.00055910674514716042,0.00055925064680982278,0.0005838644259988251,0.00055925064680982278,0.00055910674514716042,0.00051311653048115389],[0.00048702894460083573,0.00053280179750862843,0.00054601411763997474,0.00055925064680982278,0.00054601411763997474,0.00053280179750862843,0.00048702894460083573],[0.000492075628470905,0.00053705301635919407,0.00053280179750862843,0.00055910674514716042,0.00053280179750862843,0.00053705301635919407,0.000492075628470905],[0.00044813924063683241,0.000492075628470905,0.00048702894460083573,0.00051311653048115389,0.00048702894460083573,0.000492075628470905,0.00044813924063683241]],[[0.00051636017541896743,0.000563378862524752,0.00055798832510471044,0.00058593018661368557,0.00055798832510471044,0.000563378862524752,0.00051636017541896743],[0.000563378862524752,0.00061134577085006294,0.00060682152842666582,0.00063489801886276178,0.00060682152842666582,0.00061134577085006294,0.000563378862524752],[0.00055798832510471044,0.00060682152842666582,0.00062091666455312109,0.000635037523205557,0.00062091666455312109,0.00060682152842666582,0.00055798832510471044],[0.00058593018661368557,0.00063489801886276178,0.000635037523205557,0.00066128258102180642,0.000635037523205557,0.00063489801886276178,0.00058593018661368557],[0.00055798832510471044,0.00060682152842666582,0.00062091666455312109,0.000635037523205557,0.00062091666455312109,0.00060682152842666582,0.00055798832510471044],[0.000563378862524752,0.00061134577085006294,0.00060682152842666582,0.00063489801886276178,0.00060682152842666582,0.00061134577085006294,0.000563378862524752],[0.00051636017541896743,0.000563378862524752,0.00055798832510471044,0.00058593018661368557,0.00055798832510471044,0.000563378862524752,0.00051636017541896743]],[[0.00058917591041527328,0.000639238140381677,0.00063350818315290741,0.00066328130523689386,0.00063350818315290741,0.000639238140381677,0.00058917591041527328],[0.000639238140381677,0.00069015449134962516,0.00068536101303703716,0.00071518565547248165,0.00068536101303703716,0.00069015449134962516,0.000639238140381677],[0.00063350818315290741,0.00068536101303703716,0.00070032720505880147,0.0007153206110280749,0.00070032720505880147,0.00068536101303703716,0.00063350818315290741],[0.00066328130523689386,0.00071518565547248165,0.0007153206110280749,0.00074317501541144274,0.0007153206110280749,0.00071518565547248165,0.00066328130523689386],[0.00063350818315290741,0.00068536101303703716,0.00070032720505880147,0.0007153206110280749,0.00070032720505880147,0.00068536101303703716,0.00063350818315290741],[0.000639238140381677,0.00069015449134962516,0.00068536101303703716,0.00071518565547248165,0.00068536101303703716,0.00069015449134962516,0.000639238140381677],[0.00058917591041527328,0.000639238140381677,0.00063350818315290741,0.00066328130523689386,0.00063350818315290741,0.000639238140381677,0.00058917591041527328]],[[0.0006665255095350608,0.00071958858116131369,0.00071352411207122111,0.0007451032050395036,0.00071352411207122111,0.00071958858116131369,0.0006665255095350608],[0.00071958858116131369,0.0007734096192953359,0.00076835116173755566,0.00079989791575067141,0.00076835116173755566,0.0007734096192953359,0.00071958858116131369],[0.00071352411207122111,0.00076835116173755566,0.00078417529406905233,0.0008000281067024361,0.00078417529406905233,0.00076835116173755566,0.00071352411207122111],[0.0007451032050395036,0.00079989791575067141,0.0008000281067024361,0.00082946735253467362,0.0008000281067024361,0.00079989791575067141,0.0007451032050395036],[0.00071352411207122111,0.00076835116173755566,0.00078417529406905233,0.0008000281067024361,0.00078417529406905233,0.00076835116173755566,0.00071352411207122111],[0.00071958858116131369,0.0007734096192953359,0.00076835116173755566,0.00079989791575067141,0.00076835116173755566,0.0007734096192953359,0.00071958858116131369],[0.0006665255095350608,0.00071958858116131369,0.00071352411207122111,0.0007451032050395036,0.00071352411207122111,0.00071958858116131369,0.0006665255095350608]],[[0.00074834104252555613,0.000804356775065248,0.00079796336272344259,0.00083131998263898392,0.00079796336272344259,0.000804356775065248,0.00074834104252555613],[0.000804356775065248,0.00086103117900999959,0.0008557126592824959,0.00088895177289656751,0.0008557126592824959,0.00086103117900999959,0.000804356775065248],[0.00079796336272344259,0.0008557126592824959,0.00087237971538873258,0.00088907688881540695,0.00087237971538873258,0.0008557126592824959,0.00079796336272344259],[0.00083131998263898392,0.00088895177289656751,0.00088907688881540695,0.0009200728582165824,0.00088907688881540695,0.00088895177289656751,0.00083131998263898392],[0.00079796336272344259,0.0008557126592824959,0.00087237971538873258,0.00088907688881540695,0.00087237971538873258,0.0008557126592824959,0.00079796336272344259],[0.000804356775065248,0.00086103117900999959,0.0008557126592824959,0.00088895177289656751,0.0008557126592824959,0.00086103117900999959,0.000804356775065248],[0.00074834104252555613,0.000804356775065248,0.00079796336272344259,0.00083131998263898392,0.00079796336272344259,0.000804356775065248,0.00074834104252555613]],[[0.00083454475578558244,0.00089345718932226919,0.00088674134308539584,0.00092184257792770534,0.00088674134308539584,0.00089345718932226919,0.00083454475578558244],[0.00089345718932226919,0.00095292419151471745,0.00094735148047305742,0.00098224787583401935,0.00094735148047305742,0.00095292419151471745,0.00089345718932226919],[0.00088674134308539584,0.00094735148047305742,0.00096484371208446263,0.00098236746245529481,0.00096484371208446263,0.00094735148047305742,0.00088674134308539584],[0.00092184257792770534,0.00098224787583401935,0.00098236746245529481,0.0010148868381616818,0.00098236746245529481,0.00098224787583401935,0.00092184257792770545],[0.00088674134308539584,0.00094735148047305742,0.00096484371208446263,0.00098236746245529481,0.00096484371208446274,0.00094735148047305742,0.00088674134308539584],[0.00089345718932226919,0.00095292419151471745,0.00094735148047305742,0.00098224787583401935,0.00094735148047305742,0.00095292419151471745,0.00089345718932226919],[0.00083454475578558244,0.00089345718932226919,0.00088674134308539584,0.00092184257792770545,0.00088674134308539584,0.00089345718932226919,0.00083454475578558244]],[[0.0009250447500392194,0.00098678656869943576,0.00097975617601885751,0.0010165626094578958,0.00097975617601885751,0.00098678656869943576,0.0009250447500392194],[0.00098678656869943576,0.0010489713802509907,0.0010431517709298494,0.0010796624902154057,0.0010431517709298492,0.0010489713802509905,0.00098678656869943576],[0.00097975617601885751,0.0010431517709298494,0.0010614473807326345,0.0010797758656942076,0.0010614473807326345,0.0010431517709298492,0.00097975617601885729],[0.0010165626094578958,0.0010796624902154057,0.0010797758656942076,0.0011137776096779911,0.0010797758656942076,0.0010796624902154055,0.0010165626094578958],[0.00097975617601885751,0.0010431517709298492,0.0010614473807326345,0.0010797758656942076,0.0010614473807326345,0.0010431517709298492,0.00097975617601885729],[0.00098678656869943576,0.0010489713802509905,0.0010431517709298492,0.0010796624902154055,0.0010431517709298492,0.0010489713802509905,0.00098678656869943576],[0.0009250447500392194,0.00098678656869943576,0.00097975617601885729,0.0010165626094578958,0.00097975617601885729,0.00098678656869943576,0.0009250447500392194]],[[0.0010197280976043663,0.001084214810335144,0.0010768798516178936,0.0011153422638008456,0.0010768798516178936,0.0010842148103351438,0.0010197280976043661],[0.001084214810335144,0.0011490209897500906,0.0011429639832797962,0.0011810339478723045,0.0011429639832797962,0.0011490209897500906,0.0010842148103351438],[0.0010768798516178936,0.0011429639832797962,0.0011620349321042665,0.0011811400524615126,0.0011620349321042665,0.0011429639832797962,0.0010768798516178936],[0.0011153422638008456,0.0011810339478723045,0.0011811400524615126,0.0012165711980315535,0.0011811400524615126,0.0011810339478723045,0.0011153422638008456],[0.0010768798516178936,0.0011429639832797962,0.0011620349321042665,0.0011811400524615126,0.0011620349321042665,0.0011429639832797962,0.0010768798516178936],[0.0010842148103351438,0.0011490209897500906,0.0011429639832797962,0.0011810339478723045,0.0011429639832797962,0.0011490209897500906,0.0010842148103351438],[0.0010197280976043661,0.0010842148103351438,0.0010768798516178936,0.0011153422638008456,0.0010768798516178936,0.0010842148103351438,0.0010197280976043661]],[[0.0011184493156173143,0.001185569251725885,0.0011779430358252495,0.0012179967585235648,0.0011779430358252495,0.001185569251725885,0.0011184493156173141],[0.001185569251725885,0.0012528651849535736,0.001246583892140991,0.00128613842937378,0.001246583892140991,0.0012528651849535736,0.001185569251725885],[0.0011779430358252495,0.001246583892140991,0.00126639202334372,0.0012862355372977681,0.00126639202334372,0.001246583892140991,0.0011779430358252495],[0.0012179967585235648,0.00128613842937378,0.0012862355372977681,0.0013230237297272769,0.0012862355372977681,0.00128613842937378,0.0012179967585235648],[0.0011779430358252495,0.001246583892140991,0.00126639202334372,0.0012862355372977681,0.00126639202334372,0.001246583892140991,0.0011779430358252495],[0.001185569251725885,0.0012528651849535736,0.001246583892140991,0.00128613842937378,0.001246583892140991,0.0012528651849535736,0.001185569251725885],[0.0011184493156173141,0.001185569251725885,0.0011779430358252495,0.0012179967585235648,0.0011779430358252495,0.001185569251725885,0.0011184493156173141]],[[0.0012210098111226206,0.0012906056869194532,0.0012827071410757682,0.0013242617159917925,0.0012827071410757682,0.0012906056869194532,0.0012210098111226204],[0.0012906056869194532,0.0013601987384488806,0.0013537125793122895,0.0013946432245582462,0.0013537125793122895,0.0013601987384488806,0.0012906056869194532],[0.0012827071410757682,0.0013537125793122895,0.001374202230102524,0.0013947283443144045,0.001374202230102524,0.0013537125793122895,0.0012827071410757682],[0.0013242617159917925,0.0013946432245582462,0.0013947283443144045,0.0014327675696541057,0.0013947283443144045,0.0013946432245582462,0.0013242617159917925],[0.0012827071410757682,0.0013537125793122895,0.001374202230102524,0.0013947283443144045,0.001374202230102524,0.0013537125793122895,0.0012827071410757682],[0.0012906056869194532,0.0013601987384488806,0.0013537125793122895,0.0013946432245582462,0.0013537125793122895,0.0013601987384488806,0.0012906056869194532],[0.0012210098111226204,0.0012906056869194532,0.0012827071410757682,0.0013242617159917925,0.0012827071410757682,0.0012906056869194532,0.0012210098111226204]],[[0.0013271181600370897,0.0013989499303835428,0.0013908082460881023,0.0014337267258697558,0.0013908082460881023,0.0013989499303835428,0.0013271181600370897],[0.0013989499303835428,0.0014705318624848801,0.0014638723138569235,0.0015060070596457594,0.0014638723138569235,0.0014705318624848801,0.0013989499303835428],[0.0013908082460881023,0.0014638723138569235,0.0014849547681286324,0.0015060745453411295,0.0014849547681286324,0.0014638723138569235,0.0013908082460881023],[0.0014337267258697558,0.0015060070596457594,0.0015060745453411295,0.0015451949736816851,0.0015060745453411295,0.0015060070596457594,0.0014337267258697558],[0.0013908082460881023,0.0014638723138569235,0.0014849547681286324,0.0015060745453411295,0.0014849547681286324,0.0014638723138569235,0.0013908082460881023],[0.0013989499303835428,0.0014705318624848801,0.0014638723138569235,0.0015060070596457594,0.0014638723138569235,0.0014705318624848801,0.0013989499303835428],[0.0013271181600370897,0.0013989499303835428,0.0013908082460881023,0.0014337267258697558,0.0013908082460881023,0.0013989499303835428,0.0013271181600370897]],[[0.0014363047101547078,0.0015099651189196487,0.0015016303939448378,0.0015456826822465833,0.0015016303939448378,0.0015099651189196487,0.0014363047101547078],[0.0015099651189196487,0.0015829802524927647,0.0015762048617706257,0.001619236967044234,0.0015762048617706257,0.0015829802524927647,0.0015099651189196487],[0.0015016303939448378,0.0015762048617706257,0.0015977209583269572,0.0016192748083057832,0.0015977209583269572,0.0015762048617706257,0.0015016303939448378],[0.0015456826822465833,0.001619236967044234,0.0016192748083057832,0.0016591698887603158,0.0016192748083057832,0.001619236967044234,0.0015456826822465833],[0.0015016303939448378,0.0015762048617706257,0.0015977209583269572,0.0016192748083057832,0.0015977209583269572,0.0015762048617706257,0.0015016303939448378],[0.0015099651189196487,0.0015829802524927647,0.0015762048617706257,0.001619236967044234,0.0015762048617706257,0.0015829802524927647,0.0015099651189196487],[0.0014363047101547078,0.0015099651189196487,0.0015016303939448378,0.0015456826822465833,0.0015016303939448378,0.0015099651189196487,0.0014363047101547078]],[[0.0015477086744424902,0.0016223958387470844,0.0016139679843390103,0.001658706502381151,0.0016139679843390103,0.0016223958387470844,0.0015477086744424902],[0.0016223958387470844,0.0016956560243329404,0.0016888897679342586,0.0017321722598626194,0.0016888897679342586,0.0016956560243329404,0.0016223958387470844],[0.0016139679843390103,0.0016888897679342586,0.0017105012934538609,0.0017321499896911902,0.0017105012934538609,0.0016888897679342586,0.0016139679843390103],[0.001658706502381151,0.0017321722598626194,0.0017321499896911902,0.0017721633336809728,0.0017321499896911902,0.0017321722598626194,0.001658706502381151],[0.0016139679843390103,0.0016888897679342586,0.0017105012934538609,0.0017321499896911902,0.0017105012934538609,0.0016888897679342586,0.0016139679843390103],[0.0016223958387470844,0.0016956560243329404,0.0016888897679342586,0.0017321722598626194,0.0016888897679342586,0.0016956560243329404,0.0016223958387470844],[0.0015477086744424902,0.0016223958387470844,0.0016139679843390103,0.001658706502381151,0.0016139679843390103,0.0016223958387470844,0.0015477086744424902]],[[0.0016594204840985453,0.0017331569597106261,0.001724885910743006,0.0017692240755758485,0.001724885910743006,0.0017331569597106261,0.0016594204840985453],[0.0017331569597106261,0.0018033766459693435,0.0017969710131971665,0.0018387452612060658,0.0017969710131971665,0.0018033766459693435,0.0017331569597106261],[0.001724885910743006,0.0017969710131971665,0.0018177500969629961,0.0018385625767172098,0.0018177500969629961,0.0017969710131971665,0.001724885910743006],[0.0017692240755758485,0.0018387452612060658,0.0018385625767172098,0.001876876312967173,0.0018385625767172098,0.0018387452612060658,0.0017692240755758485],[0.001724885910743006,0.0017969710131971665,0.0018177500969629961,0.0018385625767172098,0.0018177500969629961,0.0017969710131971665,0.001724885910743006],[0.0017331569597106261,0.0018033766459693435,0.0017969710131971665,0.0018387452612060658,0.0017969710131971665,0.0018033766459693435,0.0017331569597106261],[0.0016594204840985453,0.0017331569597106261,0.001724885910743006,0.0017692240755758485,0.001724885910743006,0.0017331569597106261,0.0016594204840985453]],[[0.0017658457403104824,0.0018321490496019715,0.0018248644186299094,0.0018652925233021219,0.0018248644186299094,0.0018321490496019715,0.0017658457403104824],[0.0018321490496019715,0.001887731772054787,0.0018829408033015206,0.0019170650886224138,0.0018829408033015206,0.0018877317720547868,0.0018321490496019715],[0.0018248644186299094,0.0018829408033015206,0.0018996270536871212,0.0019163316453999451,0.0018996270536871212,0.0018829408033015204,0.0018248644186299094],[0.0018652925233021219,0.0019170650886224138,0.0019163316453999451,0.0019465228232923915,0.0019163316453999449,0.0019170650886224136,0.0018652925233021216],[0.0018248644186299094,0.0018829408033015206,0.0018996270536871212,0.0019163316453999449,0.001899627053687121,0.0018829408033015204,0.0018248644186299094],[0.0018321490496019715,0.0018877317720547868,0.0018829408033015204,0.0019170650886224136,0.0018829408033015204,0.0018877317720547868,0.0018321490496019715],[0.0017658457403104824,0.0018321490496019715,0.0018248644186299094,0.0018652925233021216,0.0018248644186299094,0.0018321490496019715,0.0017658457403104824]],[[0.0018498884485619385,0.0018928129609142117,0.0018885345196228873,0.0019162181664837824,0.0018885345196228873,0.0018928129609142117,0.0018498884485619385],[0.0018928129609142117,0.0019151300386199366,0.0019138901155167152,0.0019298444619318914,0.0019138901155167152,0.0019151300386199366,0.0018928129609142117],[0.0018885345196228873,0.0019138901155167152,0.0019210734053047612,0.0019282553163459256,0.0019210734053047612,0.0019138901155167152,0.0018885345196228873],[0.0019162181664837824,0.0019298444619318914,0.0019282553163459256,0.0019400393704569216,0.0019282553163459256,0.0019298444619318914,0.0019162181664837824],[0.0018885345196228873,0.0019138901155167152,0.0019210734053047612,0.0019282553163459256,0.0019210734053047612,0.0019138901155167152,0.0018885345196228873],[0.0018928129609142117,0.0019151300386199366,0.0019138901155167152,0.0019298444619318914,0.0019138901155167152,0.0019151300386199366,0.0018928129609142117],[0.0018498884485619385,0.0018928129609142117,0.0018885345196228873,0.0019162181664837824,0.0018885345196228873,0.0018928129609142117,0.0018498884485619385]],[[0.0018928306976005382,0.0019091528812669493,0.0019081251087557057,0.0019202093966867054,0.0019081251087557057,0.0019091528812669493,0.0018928306976005382],[0.0019091528812669493,0.0019127029072495338,0.0019131858887404102,0.0019171843681847858,0.0019131858887404102,0.0019127029072495338,0.0019091528812669493],[0.0019081251087557057,0.0019131858887404102,0.0019146028454381089,0.0019160187581828427,0.0019146028454381089,0.0019131858887404102,0.0019081251087557057],[0.0019202093966867054,0.0019171843681847858,0.0019160187581828427,0.0019175535698440801,0.0019160187581828427,0.0019171843681847858,0.0019202093966867054],[0.0019081251087557057,0.0019131858887404102,0.0019146028454381089,0.0019160187581828427,0.0019146028454381089,0.0019131858887404102,0.0019081251087557057],[0.0019091528812669493,0.0019127029072495338,0.0019131858887404102,0.0019171843681847858,0.0019131858887404102,0.0019127029072495338,0.0019091528812669493],[0.0018928306976005382,0.0019091528812669493,0.0019081251087557057,0.0019202093966867054,0.0019081251087557057,0.0019091528812669493,0.0018928306976005382]],[[0.0019071050929397502,0.0019120565453461444,0.00191215748637499,0.0019164480245845725,0.00191215748637499,0.0019120565453461444,0.0019071050929397502],[0.0019120565453461444,0.0019132094228225104,0.0019135811594376156,0.0019149073371622809,0.0019135811594376156,0.0019132094228225104,0.0019120565453461444],[0.00191215748637499,0.0019135811594376156,0.001914018389345185,0.0019144557826854703,0.001914018389345185,0.0019135811594376156,0.00191215748637499],[0.0019164480245845725,0.0019149073371622809,0.0019144557826854703,0.0019148465456245301,0.0019144557826854703,0.0019149073371622809,0.0019164480245845725],[0.00191215748637499,0.0019135811594376156,0.001914018389345185,0.0019144557826854703,0.001914018389345185,0.0019135811594376156,0.00191215748637499],[0.0019120565453461444,0.0019132094228225104,0.0019135811594376156,0.0019149073371622809,0.0019135811594376156,0.0019132094228225104,0.0019120565453461444],[0.0019071050929397502,0.0019120565453461444,0.00191215748637499,0.0019164480245845725,0.00191215748637499,0.0019120565453461444,0.0019071050929397502]],[[0.0019116594334042383,0.0019134454460940076,0.0019136441175590787,0.0019152576263033085,0.0019136441175590787,0.0019134454460940076,0.0019116594334042383],[0.0019134454460940076,0.0019141775052741305,0.0019143494286490024,0.0019149723803613633,0.0019143494286490024,0.0019141775052741305,0.0019134454460940076],[0.0019136441175590787,0.0019143494286490024,0.0019145808203571554,0.0019148124030680159,0.0019145808203571554,0.0019143494286490024,0.0019136441175590787],[0.0019152576263033085,0.0019149723803613633,0.0019148124030680159,0.0019150925449914137,0.0019148124030680159,0.0019149723803613633,0.0019152576263033085],[0.0019136441175590787,0.0019143494286490024,0.0019145808203571554,0.0019148124030680159,0.0019145808203571554,0.0019143494286490024,0.0019136441175590787],[0.0019134454460940076,0.0019141775052741305,0.0019143494286490024,0.0019149723803613633,0.0019143494286490024,0.0019141775052741305,0.0019134454460940076],[0.0019116594334042383,0.0019134454460940076,0.0019136441175590787,0.0019152576263033085,0.0019136441175590787,0.0019134454460940076,0.0019116594334042383]],[[0.0019135219306291756,0.0019143924752378332,0.0019145052936182785,0.0019152210460789932,0.0019145052936182785,0.0019143924752378332,0.0019135219306291756],[0.0019143924752378332,0.0019149245434779457,0.0019149878405235838,0.0019153585879959161,0.0019149878405235838,0.0019149245434779457,0.0019143924752378332],[0.0019145052936182785,0.0019149878405235838,0.001915143794864305,0.0019152999334260605,0.001915143794864305,0.0019149878405235838,0.0019145052936182785],[0.0019152210460789932,0.0019153585879959161,0.0019152999334260605,0.0019155343520495165,0.0019152999334260605,0.0019153585879959161,0.0019152210460789932],[0.0019145052936182785,0.0019149878405235838,0.001915143794864305,0.0019152999334260605,0.001915143794864305,0.0019149878405235838,0.0019145052936182785],[0.0019143924752378332,0.0019149245434779457,0.0019149878405235838,0.0019153585879959161,0.0019149878405235838,0.0019149245434779457,0.0019143924752378332],[0.0019135219306291756,0.0019143924752378332,0.0019145052936182785,0.0019152210460789932,0.0019145052936182785,0.0019143924752378332,0.0019135219306291756]],[[0.0019145583233259741,0.001915120065322941,0.0019151598376395073,0.001915561741074015,0.0019151598376395073,0.001915120065322941,0.0019145583233259741],[0.001915120065322941,0.0019155510663827905,0.0019155623697268904,0.0019158344410035804,0.0019155623697268904,0.0019155510663827905,0.001915120065322941],[0.0019151598376395073,0.0019155623697268904,0.0019156870081548673,0.0019158118247459357,0.0019156870081548673,0.0019155623697268904,0.0019151598376395073],[0.001915561741074015,0.0019158344410035804,0.0019158118247459357,0.0019160216888940444,0.0019158118247459357,0.0019158344410035804,0.001915561741074015],[0.0019151598376395073,0.0019155623697268904,0.0019156870081548673,0.0019158118247459357,0.0019156870081548673,0.0019155623697268904,0.0019151598376395073],[0.001915120065322941,0.0019155510663827905,0.0019155623697268904,0.0019158344410035804,0.0019155623697268904,0.0019155510663827905,0.001915120065322941],[0.0019145583233259741,0.001915120065322941,0.0019151598376395073,0.001915561741074015,0.0019151598376395073,0.001915120065322941,0.0019145583233259741]],[[0.0019152966116485152,0.0019157364379704578,0.0019157351303382344,0.0019160204682596024,0.0019157351303382344,0.0019157364379704578,0.0019152966116485152],[0.0019157364379704578,0.0019161161423162187,0.0019161039952720422,0.001916334303823982,0.0019161039952720422,0.0019161161423162187,0.0019157364379704578],[0.0019157351303382344,0.0019161039952720422,0.0019162144237579327,0.0019163250259770161,0.0019162144237579327,0.0019161039952720422,0.0019157351303382344],[0.0019160204682596024,0.001916334303823982,0.0019163250259770161,0.0019165209589213285,0.0019163250259770161,0.001916334303823982,0.0019160204682596024],[0.0019157351303382344,0.0019161039952720422,0.0019162144237579327,0.0019163250259770161,0.0019162144237579327,0.0019161039952720422,0.0019157351303382344],[0.0019157364379704578,0.0019161161423162187,0.0019161039952720422,0.001916334303823982,0.0019161039952720422,0.0019161161423162187,0.0019157364379704578],[0.0019152966116485152,0.0019157364379704578,0.0019157351303382344,0.0019160204682596024,0.0019157351303382344,0.0019157364379704578,0.0019152966116485152]],[[0.001915910580591015,0.0019162962311195504,0.001916274876488881,0.001916513631636786,0.001916274876488881,0.0019162962311195504,0.001915910580591015],[0.0019162962311195504,0.0019166498809616078,0.0019166275035168727,0.0019168388710373583,0.0019166275035168727,0.0019166498809616078,0.0019162962311195504],[0.001916274876488881,0.0019166275035168727,0.0019167310555466082,0.0019168347785186723,0.0019167310555466082,0.0019166275035168727,0.001916274876488881],[0.001916513631636786,0.0019168388710373583,0.0019168347785186723,0.0019170227955967818,0.0019168347785186723,0.0019168388710373583,0.001916513631636786],[0.001916274876488881,0.0019166275035168727,0.0019167310555466082,0.0019168347785186723,0.0019167310555466082,0.0019166275035168727,0.001916274876488881],[0.0019162962311195504,0.0019166498809616078,0.0019166275035168727,0.0019168388710373583,0.0019166275035168727,0.0019166498809616078,0.0019162962311195504],[0.001915910580591015,0.0019162962311195504,0.001916274876488881,0.001916513631636786,0.001916274876488881,0.0019162962311195504,0.001915910580591015]],[[0.0019164674579836031,0.0019168274086494798,0.0019167969160012229,0.0019170156803609906,0.0019167969160012229,0.0019168274086494798,0.0019164674579836031