{"M_cells":[[[0,0,0,0,0,0,0],[0,0,0,0,0,0,0],[0,0,0,0,0,0,0],[0,0,0,0,0,0,0],[0,0,0,0,0,0,0],[0,0,0,0,0,0,0],[0,0,0,0,0,0,0]],[[5.5235592891084884E-7,3.1654528915969358E-6,2.8169800812970586E-6,4.1189367091813732E-6,2.8169800812970586E-6,3.1654528915969358E-6,5.5235592891084884E-7],[3.1654528915969358E-6,1.330420564063884E-5,1.216665968097126E-5,1.7174253566028273E-5,1.216665968097126E-5,1.330420564063884E-5,3.1654528915969358E-6],[2.8169800812970586E-6,1.216665968097126E-5,1.492540394398469E-5,1.7698682457734739E-5,1.4925403943984688E-5,1.216665968097126E-5,2.8169800812970586E-6],[4.1189367091813732E-6,1.7174253566028273E-5,1.7698682457734739E-5,2.3332817335595996E-5,1.7698682457734739E-5,1.7174253566028273E-5,4.118936709181374E-6],[2.8169800812970586E-6,1.216665968097126E-5,1.4925403943984688E-5,1.7698682457734739E-5,1.4925403943984688E-5,1.216665968097126E-5,2.8169800812970586E-6],[3.1654528915969358E-6,1.330420564063884E-5,1.216665968097126E-5,1.7174253566028273E-5,1.216665968097126E-5,1.330420564063884E-5,3.1654528915969358E-6],[5.5235592891084884E-7,3.1654528915969358E-6,2.8169800812970586E-6,4.118936709181374E-6,2.8169800812970586E-6,3.1654528915969358E-6,5.5235592891084884E-7]],[[3.7711356678697365E-6,1.2228946296592351E-5,1.1114374627151292E-5,1.5464670557000795E-5,1.1114374627151292E-5,1.2228946296592351E-5,3.7711356678697365E-6],[1.2228946296592351E-5,3.1450836758235494E-5,2.9321702494969144E-5,3.9204624641730721E-5,2.9321702494969144E-5,3.1450836758235494E-5,1.2228946296592351E-5],[1.1114374627151292E-5,2.9321702494969144E-5,3.4659089090334077E-5,4.0014762039211769E-5,3.4659089090334077E-5,2.9321702494969144E-5,1.1114374627151292E-5],[1.5464670557000795E-5,3.9204624641730721E-5,4.0014762039211769E-5,5.068661322298477E-5,4.0014762039211769E-5,3.9204624641730721E-5,1.5464670557000795E-5],[1.1114374627151292E-5,2.9321702494969144E-5,3.4659089090334077E-5,4.0014762039211769E-5,3.4659089090334077E-5,2.9321702494969144E-5,1.1114374627151292E-5],[1.2228946296592351E-5,3.1450836758235494E-5,2.9321702494969144E-5,3.9204624641730721E-5,2.9321702494969144E-5,3.1450836758235494E-5,1.2228946296592351E-5],[3.7711356678697365E-6,1.2228946296592351E-5,1.1114374627151292E-5,1.5464670557000795E-5,1.1114374627151292E-5,1.2228946296592351E-5,3.7711356678697365E-6]],[[1.0958410152810594E-5,2.657410383112646E-5,2.4535389609834356E-5,3.2785128796914749E-5,2.4535389609834356E-5,2.6574103831126456E-5,1.0958410152810592E-5],[2.657410383112646E-5,5.3942008355963903E-5,5.0951862524820176E-5,6.5446045533741745E-5,5.0951862524820176E-5,5.3942008355963903E-5,2.6574103831126456E-5],[2.4535389609834356E-5,5.0951862524820176E-5,5.8657766270592386E-5,6.638532123988072E-5,5.8657766270592393E-5,5.0951862524820176E-5,2.4535389609834356E-5],[3.2785128796914749E-5,6.5446045533741745E-5,6.638532123988072E-5,8.1561017277526036E-5,6.638532123988072E-5,6.5446045533741745E-5,3.2785128796914749E-5],[2.4535389609834356E-5,5.0951862524820176E-5,5.8657766270592393E-5,6.638532123988072E-5,5.8657766270592393E-5,5.0951862524820176E-5,2.4535389609834356E-5],[2.6574103831126456E-5,5.3942008355963903E-5,5.0951862524820176E-5,6.5446045533741745E-5,5.0951862524820176E-5,5.3942008355963903E-5,2.6574103831126456E-5],[1.0958410152810592E-5,2.6574103831126456E-5,2.4535389609834356E-5,3.2785128796914749E-5,2.4535389609834356E-5,2.6574103831126456E-5,1.0958410152810592E-5]],[[2.2570280523401684E-5,4.5661662555928079E-5,4.267706434353742E-5,5.5148685323104243E-5,4.2677064343537414E-5,4.5661662555928079E-5,2.257028052340168E-5],[4.5661662555928079E-5,8.0353836195868117E-5,7.6619322169042047E-5,9.5403462410486036E-5,7.6619322169042047E-5,8.0353836195868117E-5,4.5661662555928079E-5],[4.267706434353742E-5,7.6619322169042047E-5,8.6486753137600921E-5,9.6378861984750387E-5,8.6486753137600921E-5,7.6619322169042047E-5,4.2677064343537414E-5],[5.5148685323104243E-5,9.5403462410486036E-5,9.6378861984750387E-5,0.00011558918284980086,9.6378861984750387E-5,9.5403462410486022E-5,5.5148685323104243E-5],[4.2677064343537414E-5,7.6619322169042047E-5,8.6486753137600921E-5,9.6378861984750387E-5,8.6486753137600921E-5,7.6619322169042047E-5,4.267706434353742E-5],[4.5661662555928079E-5,8.0353836195868117E-5,7.6619322169042047E-5,9.5403462410486022E-5,7.6619322169042047E-5,8.0353836195868117E-5,4.5661662555928079E-5],[2.257028052340168E-5,4.5661662555928079E-5,4.2677064343537414E-5,5.5148685323104243E-5,4.267706434353742E-5,4.5661662555928079E-5,2.257028052340168E-5]],[[3.863040714037247E-5,6.9018038671482312E-5,6.51324196501677E-5,8.18444799070181E-5,6.51324196501677E-5,6.9018038671482312E-5,3.8630407140372463E-5],[6.9018038671482312E-5,0.00011031191030862546,0.00010593325671506394,0.00012866957265123856,0.00010593325671506394,0.00011031191030862547,6.9018038671482312E-5],[6.51324196501677E-5,0.00010593325671506394,0.00011776670161708322,0.00012962755608261387,0.00011776670161708322,0.00010593325671506394,6.51324196501677E-5],[8.18444799070181E-5,0.00012866957265123856,0.00012962755608261387,0.00015246107428009895,0.00012962755608261387,0.00012866957265123856,8.18444799070181E-5],[6.51324196501677E-5,0.00010593325671506394,0.00011776670161708322,0.00012962755608261387,0.00011776670161708322,0.00010593325671506394,6.51324196501677E-5],[6.9018038671482312E-5,0.00011031191030862547,0.00010593325671506394,0.00012866957265123856,0.00010593325671506394,0.00011031191030862547,6.9018038671482312E-5],[3.8630407140372463E-5,6.9018038671482312E-5,6.51324196501677E-5,8.18444799070181E-5,6.51324196501677E-5,6.9018038671482312E-5,3.8630407140372463E-5]],[[5.8952503769461111E-5,9.62265560195812E-5,9.1512946559464017E-5,0.00011231705224760421,9.1512946559464017E-5,9.62265560195812E-5,5.8952503769461104E-5],[9.62265560195812E-5,0.00014348598169358089,0.00013854744105477811,0.00016490478464565987,0.00013854744105477811,0.00014348598169358089,9.62265560195812E-5],[9.1512946559464017E-5,0.00013854744105477811,0.00015216686412597883,0.00016581617130877904,0.00015216686412597883,0.00013854744105477811,9.1512946559464017E-5],[0.00011231705224760421,0.00016490478464565987,0.00016581617130877904,0.00019191266100746572,0.00016581617130877904,0.00016490478464565987,0.00011231705224760421],[9.1512946559464017E-5,0.00013854744105477811,0.00015216686412597883,0.00016581617130877904,0.00015216686412597883,0.00013854744105477811,9.1512946559464017E-5],[9.62265560195812E-5,0.00014348598169358089,0.00013854744105477811,0.00016490478464565987,0.00013854744105477811,0.00014348598169358089,9.62265560195812E-5],[5.8952503769461104E-5,9.62265560195812E-5,9.1512946559464017E-5,0.00011231705224760421,9.1512946559464017E-5,9.62265560195812E-5,5.8952503769461104E-5]],[[8.3258929111812966E-5,0.00012692034609089876,0.00012145952337381259,0.00014612291785497548,0.00012145952337381259,0.00012692034609089876,8.3258929111812953E-5],[0.00012692034609089876,0.00017958506877556292,0.00017415661956332319,0.00020382282715047763,0.00017415661956332319,0.00017958506877556292,0.00012692034609089876],[0.00012145952337381259,0.00017415661956332319,0.0001893988996252517,0.00020467331414578542,0.0001893988996252517,0.00017415661956332322,0.00012145952337381259],[0.00014612291785497548,0.00020382282715047763,0.00020467331414578542,0.00023371763109605084,0.00020467331414578542,0.00020382282715047766,0.00014612291785497548],[0.00012145952337381259,0.00017415661956332319,0.0001893988996252517,0.00020467331414578542,0.0001893988996252517,0.00017415661956332322,0.00012145952337381259],[0.00012692034609089876,0.00017958506877556292,0.00017415661956332322,0.00020382282715047766,0.00017415661956332322,0.00017958506877556292,0.00012692034609089876],[8.3258929111812953E-5,0.00012692034609089876,0.00012145952337381259,0.00014612291785497548,0.00012145952337381259,0.00012692034609089876,8.3258929111812953E-5]],[[0.00011124285817257109,0.00016077635875624317,0.00015464663722532745,0.00018290125860371956,0.00015464663722532745,0.00016077635875624317,0.00011124285817257109],[0.00016077635875624317,0.00021835298837103668,0.0002124924310631549,0.00024518019331077094,0.0002124924310631549,0.00021835298837103668,0.00016077635875624317],[0.00015464663722532745,0.0002124924310631549,0.00022921132968862744,0.00024596441751309408,0.00022921132968862744,0.0002124924310631549,0.00015464663722532745],[0.00018290125860371956,0.00024518019331077094,0.00024596441751309408,0.00027768094158268377,0.00024596441751309408,0.00024518019331077094,0.00018290125860371956],[0.00015464663722532745,0.0002124924310631549,0.00022921132968862744,0.00024596441751309408,0.00022921132968862744,0.0002124924310631549,0.00015464663722532745],[0.00016077635875624317,0.00021835298837103668,0.0002124924310631549,0.00024518019331077094,0.0002124924310631549,0.00021835298837103668,0.00016077635875624317],[0.00011124285817257109,0.00016077635875624317,0.00015464663722532745,0.00018290125860371956,0.00015464663722532745,0.00016077635875624317,0.00011124285817257109]],[[0.00014259990742560447,0.00019751017442906659,0.0001907828488826573,0.00022235377693869031,0.0001907828488826573,0.00019751017442906657,0.00014259990742560447],[0.00019751017442906659,0.0002595643069112803,0.00025331932637732816,0.00028876822828500181,0.00025331932637732816,0.0002595643069112803,0.00019751017442906657],[0.0001907828488826573,0.00025331932637732816,0.00027138465640371,0.00028948605955588679,0.00027138465640371,0.00025331932637732811,0.0001907828488826573],[0.00022235377693869031,0.00028876822828500181,0.00028948605955588679,0.00032363372326886611,0.00028948605955588679,0.00028876822828500175,0.00022235377693869031],[0.0001907828488826573,0.00025331932637732816,0.00027138465640371,0.00028948605955588679,0.00027138465640371,0.00025331932637732811,0.0001907828488826573],[0.00019751017442906657,0.0002595643069112803,0.00025331932637732811,0.00028876822828500175,0.00025331932637732811,0.0002595643069112803,0.00019751017442906657],[0.00014259990742560447,0.00019751017442906657,0.0001907828488826573,0.00022235377693869031,0.0001907828488826573,0.00019751017442906657,0.00014259990742560447]],[[0.00017704331049106482,0.00023687144213602537,0.00022960925438873678,0.00026423056368363672,0.00022960925438873678,0.0002368714421360254,0.00017704331049106482],[0.00023687144213602537,0.00030302069582547876,0.0002964307038853275,0.00033440706800394785,0.0002964307038853275,0.00030302069582547882,0.0002368714421360254],[0.00022960925438873678,0.0002964307038853275,0.000315727101895325,0.00033506130762835589,0.00031572710189532504,0.0002964307038853275,0.00022960925438873678],[0.00026423056368363672,0.00033440706800394785,0.00033506130762835589,0.00037142919295876653,0.00033506130762835594,0.00033440706800394785,0.00026423056368363672],[0.00022960925438873678,0.0002964307038853275,0.00031572710189532504,0.00033506130762835594,0.00031572710189532504,0.0002964307038853275,0.00022960925438873678],[0.0002368714421360254,0.00030302069582547882,0.0002964307038853275,0.00033440706800394785,0.0002964307038853275,0.00030302069582547882,0.0002368714421360254],[0.00017704331049106482,0.0002368714421360254,0.00022960925438873678,0.00026423056368363672,0.00022960925438873678,0.0002368714421360254,0.00017704331049106482]],[[0.00021431032021562637,0.00027863983595469361,0.000270896973510692,0.0003083199594871785,0.000270896973510692,0.00027863983595469366,0.00021431032021562642],[0.00027863983595469361,0.00034854766085724577,0.00034164536015782426,0.00038194088864436306,0.00034164536015782426,0.00034854766085724577,0.00027863983595469366],[0.000270896973510692,0.00034164536015782426,0.0003620709003584604,0.00038253585214998147,0.0003620709003584604,0.00034164536015782426,0.000270896973510692],[0.0003083199594871785,0.00038194088864436306,0.00038253585214998147,0.00042093931268074192,0.00038253585214998147,0.00038194088864436306,0.0003083199594871785],[0.000270896973510692,0.00034164536015782426,0.0003620709003584604,0.00038253585214998147,0.0003620709003584604,0.00034164536015782426,0.000270896973510692],[0.00027863983595469366,0.00034854766085724577,0.00034164536015782426,0.00038194088864436306,0.00034164536015782426,0.00034854766085724577,0.00027863983595469366],[0.00021431032021562642,0.00027863983595469366,0.000270896973510692,0.0003083199594871785,0.000270896973510692,0.00027863983595469366,0.00021431032021562642]],[[0.00025416400968071036,0.000322621451647415,0.00031444425183594493,0.00035444109718034005,0.000314444251835945,0.00032262145164741504,0.00025416400968071042],[0.000322621451647415,0.00039599159196765333,0.00038880426647687971,0.00043123407365899509,0.00038880426647687971,0.00039599159196765339,0.00032262145164741504],[0.00031444425183594493,0.00038880426647687971,0.00041026904701378842,0.00043177472832559417,0.00041026904701378842,0.00038880426647687971,0.000314444251835945],[0.00035444109718034005,0.00043123407365899509,0.00043177472832559417,0.00047205197386461712,0.00043177472832559417,0.00043123407365899509,0.00035444109718034005],[0.000314444251835945,0.00038880426647687971,0.00041026904701378842,0.00043177472832559417,0.00041026904701378842,0.00038880426647687971,0.000314444251835945],[0.00032262145164741504,0.00039599159196765339,0.00038880426647687971,0.00043123407365899509,0.00038880426647687971,0.00039599159196765339,0.00032262145164741504],[0.00025416400968071042,0.00032262145164741504,0.000314444251835945,0.00035444109718034005,0.000314444251835945,0.00032262145164741504,0.00025416400968071042]],[[0.00029639272772402457,0.00036864556397264465,0.00036007348259199196,0.00040243824191755752,0.000360073482591992,0.0003686455639726447,0.00029639272772402463],[0.00036864556397264465,0.00044521702244999925,0.00043776759257781894,0.00048216794723253154,0.00043776759257781894,0.00044521702244999925,0.0003686455639726447],[0.00036007348259199196,0.00043776759257781894,0.00046019234828161752,0.00048265939290044929,0.00046019234828161752,0.000437767592577819,0.000360073482591992],[0.00040243824191755752,0.00048216794723253154,0.00048265939290044929,0.00052466844031090509,0.00048265939290044935,0.00048216794723253154,0.00040243824191755752],[0.000360073482591992,0.00043776759257781894,0.00046019234828161752,0.00048265939290044935,0.00046019234828161758,0.000437767592577819,0.000360073482591992],[0.0003686455639726447,0.00044521702244999925,0.000437767592577819,0.00048216794723253154,0.000437767592577819,0.0004452170224499993,0.0003686455639726447],[0.00029639272772402463,0.0003686455639726447,0.000360073482591992,0.00040243824191755752,0.000360073482591992,0.0003686455639726447,0.00029639272772402463]],[[0.00034080840078730531,0.00041656161201847764,0.00040762824056533788,0.00045217625703758028,0.00040762824056533794,0.00041656161201847764,0.00034080840078730537],[0.00041656161201847764,0.00049610380057302553,0.00048841170787802574,0.000534637563397206,0.00048841170787802574,0.00049610380057302553,0.00041656161201847764],[0.00040762824056533788,0.00048841170787802574,0.00051172641682406355,0.000535084712690785,0.00051172641682406355,0.00048841170787802574,0.00040762824056533794],[0.00045217625703758028,0.000534637563397206,0.000535084712690785,0.00057870050790036274,0.000535084712690785,0.000534637563397206,0.00045217625703758028],[0.00040762824056533794,0.00048841170787802574,0.00051172641682406355,0.000535084712690785,0.00051172641682406355,0.00048841170787802574,0.00040762824056533794],[0.00041656161201847764,0.00049610380057302553,0.00048841170787802574,0.000534637563397206,0.00048841170787802574,0.00049610380057302553,0.00041656161201847764],[0.00034080840078730537,0.00041656161201847764,0.00040762824056533794,0.00045217625703758028,0.00040762824056533794,0.00041656161201847764,0.00034080840078730537]],[[0.00038724423385176322,0.00046623607366762796,0.00045697013516304461,0.00050353644253239,0.00045697013516304467,0.00046623607366762796,0.00038724423385176328],[0.00046623607366762796,0.00054854324396379846,0.00054062529298064548,0.00058854728648096593,0.00054062529298064548,0.00054854324396379846,0.00046623607366762796],[0.00045697013516304461,0.00054062529298064548,0.00056476755542869618,0.00058895461904170747,0.00056476755542869618,0.00054062529298064548,0.00045697013516304467],[0.00050353644253239,0.00058854728648096593,0.00058895461904170747,0.000634065799532843,0.00058895461904170747,0.00058854728648096593,0.00050353644253239],[0.00045697013516304467,0.00054062529298064548,0.00056476755542869618,0.00058895461904170747,0.00056476755542869618,0.00054062529298064548,0.00045697013516304467],[0.00046623607366762796,0.00054854324396379846,0.00054062529298064548,0.00058854728648096593,0.00054062529298064548,0.00054854324396379846,0.00046623607366762796],[0.00038724423385176328,0.00046623607366762796,0.00045697013516304467,0.00050353644253239,0.00045697013516304467,0.00046623607366762796,0.00038724423385176328]],[[0.0004355518183978901,0.0005175481963397029,0.000507974599275092,0.000556411235819455,0.000507974599275092,0.0005175481963397029,0.0004355518183978901],[0.0005175481963397029,0.00060243036145771818,0.0005943018482390686,0.000643801437441888,0.0005943018482390686,0.00060243036145771818,0.0005175481963397029],[0.000507974599275092,0.0005943018482390686,0.00061921428317733139,0.00064417264543016118,0.00061921428317733139,0.0005943018482390686,0.000507974599275092],[0.000556411235819455,0.000643801437441888,0.00064417264543016118,0.00069067636349177085,0.00064417264543016118,0.000643801437441888,0.000556411235819455],[0.000507974599275092,0.0005943018482390686,0.00061921428317733139,0.00064417264543016118,0.00061921428317733139,0.0005943018482390686,0.000507974599275092],[0.0005175481963397029,0.00060243036145771818,0.0005943018482390686,0.000643801437441888,0.0005943018482390686,0.00060243036145771818,0.0005175481963397029],[0.0004355518183978901,0.0005175481963397029,0.000507974599275092,0.000556411235819455,0.000507974599275092,0.0005175481963397029,0.00043555181839789004]],[[0.00048559677125573813,0.00057038162738609188,0.00056052293884017751,0.00061069395562747607,0.00056052293884017751,0.00057038162738609188,0.00048559677125573813],[0.00057038162738609188,0.00065764463978289917,0.00064932161890758427,0.00070028068963741506,0.00064932161890758427,0.00065764463978289917,0.00057038162738609188],[0.00056052293884017751,0.00064932161890758427,0.00067494627762193255,0.00070061787121521266,0.00067494627762193255,0.00064932161890758427,0.00056052293884017751],[0.00061069395562747607,0.00070028068963741506,0.00070061787121521266,0.00074840863245315028,0.00070061787121521266,0.00070028068963741506,0.00061069395562747607],[0.00056052293884017751,0.00064932161890758427,0.00067494627762193255,0.00070061787121521266,0.00067494627762193255,0.00064932161890758427,0.00056052293884017751],[0.00057038162738609188,0.00065764463978289917,0.00064932161890758427,0.00070028068963741506,0.00064932161890758427,0.00065764463978289917,0.00057038162738609188],[0.00048559677125573813,0.00057038162738609188,0.00056052293884017751,0.00061069395562747607,0.00056052293884017751,0.00057038162738609188,0.00048559677125573813]],[[0.00053725036740434183,0.00062460640618063556,0.00061448551459094094,0.00066625681865621351,0.00061448551459094094,0.00062460640618063556,0.00053725036740434183],[0.00062460640618063556,0.00071401351119081472,0.00070551709708244236,0.00075779791510490184,0.00070551709708244236,0.00071401351119081472,0.00062460640618063556],[0.00061448551459094094,0.00070551709708244236,0.00073178472679056943,0.00075810011731013561,0.00073178472679056943,0.00070551709708244236,0.00061448551459094094],[0.00066625681865621351,0.00075779791510490184,0.00075810011731013561,0.00080704849187132448,0.00075810011731013561,0.00075779791510490184,0.00066625681865621351],[0.00061448551459094094,0.00070551709708244236,0.00073178472679056943,0.00075810011731013561,0.00073178472679056943,0.00070551709708244236,0.00061448551459094094],[0.00062460640618063556,0.00071401351119081472,0.00070551709708244236,0.00075779791510490184,0.00070551709708244236,0.00071401351119081472,0.00062460640618063556],[0.00053725036740434183,0.00062460640618063556,0.00061448551459094094,0.00066625681865621351,0.00061448551459094094,0.00062460640618063556,0.00053725036740434183]],[[0.00059037499102084856,0.00068005684669547953,0.00066970054306704941,0.00072292532643250551,0.00066970054306704941,0.00068005684669547953,0.00059037499102084856],[0.00068005684669547953,0.00077130635538086062,0.000762665101816079,0.00081609693883972633,0.000762665101816079,0.00077130635538086062,0.00068005684669547953],[0.00066970054306704941,0.000762665101816079,0.00078948844776888607,0.00081636017362915958,0.00078948844776888607,0.000762665101816079,0.00066970054306704941],[0.00072292532643250551,0.00081609693883972633,0.00081636017362915958,0.00086630060749962707,0.00081636017362915958,0.00081609693883972633,0.00072292532643250551],[0.00066970054306704941,0.000762665101816079,0.00078948844776888607,0.00081636017362915958,0.00078948844776888607,0.000762665101816079,0.00066970054306704941],[0.00068005684669547953,0.00077130635538086062,0.000762665101816079,0.00081609693883972633,0.000762665101816079,0.00077130635538086062,0.00068005684669547953],[0.00059037499102084856,0.00068005684669547953,0.00066970054306704941,0.00072292532643250551,0.00066970054306704941,0.00068005684669547953,0.00059037499102084856]],[[0.00064481186408640791,0.00073653665459763606,0.00072597682168016068,0.00078048907072775177,0.00072597682168016068,0.00073653665459763606,0.00064481186408640791],[0.00073653665459763606,0.00082929957875175662,0.00082054508058418722,0.00087494050549873884,0.00082054508058418722,0.00082929957875175662,0.00073653665459763606],[0.00072597682168016068,0.00082054508058418722,0.00084782859150441859,0.00087516093130958407,0.00084782859150441859,0.00082054508058418722,0.00072597682168016068],[0.00078048907072775177,0.00087494050549873884,0.00087516093130958407,0.00092591284707499747,0.00087516093130958407,0.00087494050549873884,0.00078048907072775177],[0.00072597682168016068,0.00082054508058418722,0.00084782859150441859,0.00087516093130958407,0.00084782859150441859,0.00082054508058418722,0.00072597682168016068],[0.00073653665459763606,0.00082929957875175662,0.00082054508058418722,0.00087494050549873884,0.00082054508058418722,0.00082929957875175662,0.00073653665459763606],[0.00064481186408640791,0.00073653665459763606,0.00072597682168016068,0.00078048907072775177,0.00072597682168016068,0.00073653665459763606,0.00064481186408640791]],[[0.00070038375040381239,0.00079384740382350716,0.00078311875808662653,0.00083874013753035812,0.00078311875808662653,0.00079384740382350716,0.00070038375040381239],[0.00079384740382350716,0.0008878109152851278,0.00087897282632394156,0.00093414945416204814,0.00087897282632394156,0.0008878109152851278,0.00079384740382350716],[0.00078311875808662653,0.00087897282632394156,0.00090662465025195935,0.00093432561873897646,0.00090662465025195935,0.00087897282632394156,0.00078311875808662653],[0.00083874013753035812,0.00093414945416204814,0.00093432561873897646,0.00098571762360267676,0.00093432561873897646,0.00093414945416204814,0.00083874013753035812],[0.00078311875808662653,0.00087897282632394156,0.00090662465025195935,0.00093432561873897646,0.00090662465025195935,0.00087897282632394156,0.00078311875808662653],[0.00079384740382350716,0.0008878109152851278,0.00087897282632394156,0.00093414945416204814,0.00087897282632394156,0.00088781091528512791,0.00079384740382350716],[0.00070038375040381239,0.00079384740382350716,0.00078311875808662653,0.00083874013753035812,0.00078311875808662653,0.00079384740382350716,0.00070038375040381239]],[[0.0007569074782826764,0.00085180671562521358,0.00084094381775913669,0.000897494625151243,0.00084094381775913669,0.00085180671562521358,0.0007569074782826764],[0.00085180671562521358,0.00094669011884646092,0.00093779434027725791,0.00099358456638135029,0.00093779434027725791,0.00094669011884646092,0.00085180671562521358],[0.00084094381775913669,0.00093779434027725791,0.0009657311713671755,0.00099371735146605664,0.0009657311713671755,0.00093779434027725791,0.00084094381775913669],[0.000897494625151243,0.00099358456638135029,0.00099371735146605664,0.0010455960696019652,0.00099371735146605664,0.00099358456638135029,0.00089749462515124315],[0.00084094381775913669,0.00093779434027725791,0.0009657311713671755,0.00099371735146605664,0.0009657311713671755,0.00093779434027725791,0.00084094381775913669],[0.00085180671562521358,0.00094669011884646092,0.00093779434027725791,0.00099358456638135029,0.00093779434027725791,0.00094669011884646092,0.00085180671562521358],[0.0007569074782826764,0.00085180671562521358,0.00084094381775913669,0.00089749462515124315,0.00084094381775913669,0.00085180671562521358,0.0007569074782826764]],[[0.00081420523091805684,0.000910252283655423,0.00089928756033918458,0.00095659491484918963,0.00089928756033918458,0.000910252283655423,0.00081420523091805684],[0.000910252283655423,0.0010058064670965339,0.00099687527397364448,0.0010531277034345483,0.00099687527397364448,0.0010058064670965339,0.000910252283655423],[0.00089928756033918458,0.00099687527397364448,0.0010250226197057179,0.0010532194195789215,0.0010250226197057179,0.00099687527397364448,0.00089928756033918458],[0.00095659491484918963,0.0010531277034345483,0.0010532194195789215,0.0011054491074344057,0.0010532194195789215,0.0010531277034345483,0.00095659491484918974],[0.00089928756033918458,0.00099687527397364448,0.0010250226197057179,0.0010532194195789215,0.0010250226197057179,0.00099687527397364448,0.00089928756033918458],[0.000910252283655423,0.0010058064670965339,0.00099687527397364448,0.0010531277034345483,0.00099687527397364448,0.0010058064670965339,0.000910252283655423],[0.00081420523091805684,0.000910252283655423,0.00089928756033918458,0.00095659491484918974,0.00089928756033918458,0.000910252283655423,0.00081420523091805684]],[[0.000872110688714022,0.00096903933345929814,0.00095800230443267471,0.0010159042054655434,0.00095800230443267471,0.00096903933345929814,0.000872110688714022],[0.00096903933345929814,0.0010650403147008318,0.0010560931875348008,0.0011126704427318857,0.0010560931875348008,0.0010650403147008318,0.00096903933345929814],[0.00095800230443267471,0.0010560931875348008,0.0010843838364034853,0.0011127239513138386,0.0010843838364034853,0.0010560931875348008,0.00095800230443267471],[0.0010159042054655434,0.0011126704427318857,0.0011127239513138386,0.0011651828353627278,0.0011127239513138386,0.0011126704427318859,0.0010159042054655434],[0.00095800230443267471,0.0010560931875348008,0.0010843838364034853,0.0011127239513138386,0.0010843838364034853,0.001056093187534801,0.00095800230443267471],[0.00096903933345929814,0.0010650403147008318,0.0010560931875348008,0.0011126704427318859,0.001056093187534801,0.001065040314700832,0.00096903933345929814],[0.000872110688714022,0.00096903933345929814,0.00095800230443267471,0.0010159042054655434,0.00095800230443267471,0.00096903933345929814,0.000872110688714022]],[[0.00093047070823815419,0.0010280364161058767,0.0010169537385665943,0.0010752999746938721,0.0010169537385665943,0.0010280364161058767,0.00093047070823815419],[0.0010280364161058767,0.001124278829123645,0.0011153332899483572,0.0011721091388050876,0.0011153332899483572,0.001124278829123645,0.0010280364161058767],[0.0010169537385665943,0.0011153332899483572,0.0011437056006221023,0.0011721273005122089,0.0011437056006221023,0.0011153332899483572,0.0010169537385665943],[0.0010752999746938721,0.0011721091388050876,0.0011721273005122089,0.0012247039045354647,0.0011721273005122089,0.0011721091388050876,0.0010752999746938721],[0.0010169537385665943,0.0011153332899483572,0.0011437056006221023,0.0011721273005122089,0.0011437056006221023,0.0011153332899483572,0.0010169537385665943],[0.0010280364161058767,0.001124278829123645,0.0011153332899483572,0.0011721091388050876,0.0011153332899483572,0.001124278829123645,0.0010280364161058767],[0.00093047070823815419,0.0010280364161058767,0.0010169537385665943,0.0010752999746938721,0.0010169537385665943,0.0010280364161058767,0.00093047070823815419]],[[0.00098914453764647071,0.0010871222668033635,0.001076018105061867,0.0011346696423111707,0.001076018105061867,0.0010871222668033635,0.00098914453764647071],[0.0010871222668033635,0.0011834159586518464,0.0011744880327031627,0.0012313456581653612,0.0011744880327031627,0.0011834159586518464,0.0010871222668033635],[0.001076018105061867,0.0011744880327031627,0.0012028849778116838,0.0012313311529703256,0.0012028849778116838,0.0011744880327031627,0.001076018105061867],[0.0011346696423111707,0.0012313456581653612,0.0012313311529703256,0.0012839223750742634,0.0012313311529703256,0.0012313456581653612,0.0011346696423111707],[0.001076018105061867,0.0011744880327031627,0.0012028849778116838,0.0012313311529703256,0.0012028849778116838,0.0011744880327031627,0.001076018105061867],[0.0010871222668033635,0.0011834159586518464,0.0011744880327031627,0.0012313456581653612,0.0011744880327031627,0.0011834159586518464,0.0010871222668033635],[0.00098914453764647071,0.0010871222668033635,0.001076018105061867,0.0011346696423111707,0.001076018105061867,0.0010871222668033635,0.00098914453764647071]],[[0.0010480025040128769,0.0011461848645559023,0.0011350812047403185,0.0011939094755995955,0.0011350812047403185,0.0011461848645559023,0.0010480025040128769],[0.0011461848645559023,0.001242355098890911,0.0012334593433474417,0.0012902912808663812,0.0012334593433474417,0.001242355098890911,0.0011461848645559023],[0.0011350812047403185,0.0012334593433474417,0.0012618285153578495,0.0012902466852954461,0.0012618285153578495,0.0012334593433474417,0.0011350812047403185],[0.0011939094755995955,0.0012902912808663812,0.0012902466852954461,0.0013427578924035356,0.0012902466852954461,0.0012902912808663812,0.0011939094755995955],[0.0011350812047403185,0.0012334593433474417,0.0012618285153578495,0.0012902466852954461,0.0012618285153578495,0.0012334593433474417,0.0011350812047403185],[0.0011461848645559023,0.001242355098890911,0.0012334593433474417,0.0012902912808663812,0.0012334593433474417,0.001242355098890911,0.0011461848645559023],[0.0010480025040128769,0.0011461848645559023,0.0011350812047403185,0.0011939094755995955,0.0011350812047403185,0.0011461848645559023,0.0010480025040128769]],[[0.0011069253485201406,0.0012051222699882647,0.0011940390217975154,0.0012529258165016597,0.0011940390217975154,0.0012051222699882647,0.0011069253485201406],[0.0012051222699882647,0.001301011892176812,0.0012921611851644025,0.0013488703037533079,0.0012921611851644025,0.001301011892176812,0.0012051222699882647],[0.0011940390217975154,0.0012921611851644025,0.0013204553610615811,0.001348798241155203,0.0013204553610615811,0.0012921611851644025,0.0011940390217975154],[0.0012529258165016597,0.0013488703037533079,0.001348798241155203,0.0014011444577920089,0.001348798241155203,0.0013488703037533079,0.0012529258165016597],[0.0011940390217975154,0.0012921611851644025,0.0013204553610615811,0.001348798241155203,0.0013204553610615811,0.0012921611851644025,0.0011940390217975154],[0.0012051222699882647,0.001301011892176812,0.0012921611851644025,0.0013488703037533079,0.0012921611851644025,0.001301011892176812,0.0012051222699882647],[0.0011069253485201406,0.0012051222699882647,0.0011940390217975154,0.0012529258165016597,0.0011940390217975154,0.0012051222699882647,0.0011069253485201406]],[[0.0011658044258965872,0.0012638440286108581,0.0012527989536634343,0.0013116368837195983,0.0012527989536634343,0.0012638440286108581,0.0011658044258965872],[0.0012638440286108581,0.0013593156036161705,0.0013505209267799401,0.0014070215172776548,0.0013505209267799401,0.0013593156036161705,0.0012638440286108581],[0.0012527989536634343,0.0013505209267799401,0.0013786986574980283,0.0014069247488189293,0.0013786986574980283,0.0013505209267799401,0.0012527989536634343],[0.0013116368837195983,0.0014070215172776548,0.0014069247488189293,0.0014590318303844463,0.0014069247488189293,0.0014070215172776548,0.0013116368837195983],[0.0012527989536634343,0.0013505209267799401,0.0013786986574980283,0.0014069247488189293,0.0013786986574980283,0.0013505209267799401,0.0012527989536634343],[0.0012638440286108581,0.0013593156036161705,0.0013505209267799401,0.0014070215172776548,0.0013505209267799401,0.0013593156036161705,0.0012638440286108581],[0.0011658044258965872,0.0012638440286108581,0.0012527989536634343,0.0013116368837195983,0.0012527989536634343,0.0012638440286108581,0.0011658044258965872]],[[0.001224542372898807,0.0013222721805513397,0.0013112807652715271,0.0013699739234891825,0.0013112807652715271,0.0013222721805513397,0.001224542372898807],[0.0013222721805513397,0.0014172090663996057,0.0014084794037655683,0.0014646978112585081,0.0014084794037655683,0.0014172090663996057,0.0013222721805513397],[0.0013112807652715271,0.0014084794037655683,0.0014365053305686781,0.0014645792356344032,0.0014365053305686781,0.0014084794037655683,0.0013112807652715271],[0.0013699739234891825,0.0014646978112585081,0.0014645792356344032,0.0015163844493172197,0.0014645792356344032,0.0014646978112585081,0.0013699739234891825],[0.0013112807652715271,0.0014084794037655683,0.0014365053305686781,0.0014645792356344032,0.0014365053305686781,0.0014084794037655683,0.0013112807652715271],[0.0013222721805513397,0.0014172090663996057,0.0014084794037655683,0.0014646978112585081,0.0014084794037655683,0.0014172090663996057,0.0013222721805513397],[0.001224542372898807,0.0013222721805513397,0.0013112807652715271,0.0013699739234891825,0.0013112807652715271,0.0013222721805513397,0.001224542372898807]],[[0.0012830537549994381,0.0013803415554766976,0.0013694169240049891,0.0014278813936703749,0.0013694169240049891,0.0013803415554766976,0.0012830537549994381],[0.0013803415554766976,0.0014746478289554869,0.0014659901931218685,0.0015218648823648938,0.0014659901931218685,0.0014746478289554869,0.0013803415554766976],[0.0013694169240049891,0.0014659901931218685,0.0014938350501368888,0.00152172747442474,0.0014938350501368888,0.0014659901931218685,0.0013694169240049891],[0.0014278813936703749,0.0015218648823648938,0.00152172747442474,0.0015731794429638887,0.00152172747442474,0.0015218648823648938,0.0014278813936703749],[0.0013694169240049891,0.0014659901931218685,0.0014938350501368888,0.00152172747442474,0.0014938350501368888,0.0014659901931218685,0.0013694169240049891],[0.0013803415554766976,0.0014746478289554869,0.0014659901931218685,0.0015218648823648938,0.0014659901931218685,0.0014746478289554869,0.0013803415554766976],[0.0012830537549994381,0.0013803415554766976,0.0013694169240049891,0.0014278813936703749,0.0013694169240049891,0.0013803415554766976,0.0012830537549994381]],[[0.0013412653952367666,0.001437999458030892,0.0014271523657685761,0.0014853164070876225,0.0014271523657685761,0.001437999458030892,0.0013412653952367666],[0.001437999458030892,0.0015315990312201968,0.0015230185776200634,0.0015784997541197061,0.0015230185776200634,0.0015315990312201968,0.001437999458030892],[0.0014271523657685761,0.0015230185776200634,0.0015506589621590734,0.0015783464833691429,0.0015506589621590734,0.0015230185776200634,0.0014271523657685761],[0.0014853164070876225,0.0015784997541197061,0.0015783464833691429,0.0016294046815760357,0.0015783464833691429,0.0015784997541197061,0.0014853164070876225],[0.0014271523657685761,0.0015230185776200634,0.0015506589621590734,0.0015783464833691429,0.0015506589621590734,0.0015230185776200634,0.0014271523657685761],[0.001437999458030892,0.0015315990312201968,0.0015230185776200634,0.0015784997541197061,0.0015230185776200634,0.0015315990312201968,0.001437999458030892],[0.0013412653952367666,0.001437999458030892,0.0014271523657685761,0.0014853164070876225,0.0014271523657685761,0.001437999458030892,0.0013412653952367666]],[[0.0013991163099402082,0.001495204972346722,0.0014844438787728631,0.001542247773201164,0.0014844438787728631,0.001495204972346722,0.0013991163099402082],[0.001495204972346722,0.0015880402624233248,0.0015795404489198557,0.0016345894012401653,0.0015795404489198557,0.0015880402624233248,0.001495204972346722],[0.0014844438787728631,0.0015795404489198557,0.001606958455715451,0.0016344231570152952,0.001606958455715451,0.0015795404489198557,0.0014844438787728631],[0.001542247773201164,0.0016345894012401653,0.0016344231570152952,0.0016850571636200708,0.0016344231570152952,0.0016345894012401653,0.001542247773201164],[0.0014844438787728631,0.0015795404489198557,0.001606958455715451,0.0016344231570152952,0.001606958455715451,0.0015795404489198557,0.0014844438787728631],[0.001495204972346722,0.0015880402624233248,0.0015795404489198557,0.0016345894012401653,0.0015795404489198557,0.0015880402624233248,0.001495204972346722],[0.0013991163099402082,0.001495204972346722,0.0014844438787728631,0.001542247773201164,0.0014844438787728631,0.001495204972346722,0.0013991163099402082]],[[0.0014565573061732931,0.0015519280728919138,0.0015412592738150406,0.0015986548846108294,0.0015412592738150406,0.0015519280728919138,0.0014565573061732931],[0.0015519280728919138,0.001643958464425448,0.0016355412278867487,0.001690129515261855,0.0016355412278867487,0.001643958464425448,0.0015519280728919138],[0.0015412592738150406,0.0016355412278867487,0.0016627240144091594,0.0016899530488220034,0.0016627240144091594,0.0016355412278867487,0.0015412592738150406],[0.0015986548846108294,0.001690129515261855,0.0016899530488220034,0.0017401416870218198,0.0016899530488220034,0.001690129515261855,0.0015986548846108294],[0.0015412592738150406,0.0016355412278867487,0.0016627240144091594,0.0016899530488220034,0.0016627240144091594,0.0016355412278867487,0.0015412592738150406],[0.0015519280728919138,0.001643958464425448,0.0016355412278867487,0.001690129515261855,0.0016355412278867487,0.001643958464425448,0.0015519280728919138],[0.0014565573061732931,0.0015519280728919138,0.0015412592738150406,0.0015986548846108294,0.0015412592738150406,0.0015519280728919138,0.0014565573061732931]],[[0.0015135503356332363,0.0016081486493414057,0.0015975764469023034,0.0016545265721959969,0.0015975764469023034,0.0016081486493414057,0.0015135503356332363],[0.0016081486493414057,0.0016993488674783338,0.0016910148035123693,0.0017451233600205734,0.0016910148035123693,0.0016993488674783338,0.0016081486493414057],[0.0015975764469023034,0.0016910148035123693,0.0017179541220332919,0.0017449392436021073,0.0017179541220332919,0.0016910148035123693,0.0015975764469023034],[0.0016545265721959969,0.0017451233600205734,0.0017449392436021073,0.0017946696760278299,0.0017449392436021073,0.0017451233600205734,0.0016545265721959969],[0.0015975764469023034,0.0016910148035123693,0.0017179541220332919,0.0017449392436021073,0.0017179541220332919,0.0016910148035123693,0.0015975764469023034],[0.0016081486493414057,0.0016993488674783338,0.0016910148035123693,0.0017451233600205734,0.0016910148035123693,0.0016993488674783338,0.0016081486493414057],[0.0015135503356332363,0.0016081486493414057,0.0015975764469023034,0.0016545265721959969,0.0015975764469023034,0.0016081486493414057,0.0015135503356332363]],[[0.0015700676897087409,0.0016638554939374267,0.0016533823878252033,0.0017098599714903729,0.0016533823878252033,0.0016638554939374267,0.0015700676897087409],[0.0016638554939374267,0.0017542139369475349,0.0017459624776458111,0.0017995806691368142,0.0017459624776458111,0.0017542139369475349,0.0016638554939374267],[0.0016533823878252033,0.0017459624776458111,0.0017726541903237446,0.0017993912683082105,0.0017726541903237446,0.0017459624776458111,0.0016533823878252033],[0.0017098599714903729,0.0017995806691368142,0.0017993912683082105,0.0018486580729884911,0.0017993912683082105,0.0017995806691368142,0.0017098599714903729],[0.0016533823878252033,0.0017459624776458111,0.0017726541903237446,0.0017993912683082105,0.0017726541903237446,0.0017459624776458111,0.0016533823878252033],[0.0016638554939374267,0.0017542139369475349,0.0017459624776458111,0.0017995806691368142,0.0017459624776458111,0.0017542139369475349,0.0016638554939374267],[0.0015700676897087409,0.0016638554939374267,0.0016533823878252033,0.0017098599714903729,0.0016533823878252033,0.0016638554939374267,0.00157006768970