{"M_cells":[[[0,0,0,0,0,0,0],[0,0,0,0,0,0,0],[0,0,0,0,0,0,0],[0,0,0,0,0,0,0],[0,0,0,0,0,0,0],[0,0,0,0,0,0,0],[0,0,0,0,0,0,0]],[[1.4204185685787418E-7,8.208185342283236E-7,7.302687003570952E-7,1.0683539180446881E-6,7.302687003570952E-7,8.208185342283236E-7,1.4204185685787418E-7],[8.208185342283236E-7,3.4982359080486015E-6,3.1976601838438837E-6,4.5188993486319965E-6,3.1976601838438837E-6,3.4982359080486015E-6,8.208185342283236E-7],[7.302687003570952E-7,3.1976601838438837E-6,3.9257141826988415E-6,4.6577456077946044E-6,3.9257141826988415E-6,3.1976601838438837E-6,7.302687003570952E-7],[1.0683539180446881E-6,4.5188993486319965E-6,4.6577456077946044E-6,6.1456230553141158E-6,4.6577456077946044E-6,4.5188993486319965E-6,1.0683539180446881E-6],[7.302687003570952E-7,3.1976601838438837E-6,3.9257141826988415E-6,4.6577456077946044E-6,3.9257141826988415E-6,3.1976601838438837E-6,7.302687003570952E-7],[8.208185342283236E-7,3.4982359080486015E-6,3.1976601838438837E-6,4.5188993486319965E-6,3.1976601838438837E-6,3.4982359080486015E-6,8.208185342283236E-7],[1.4204185685787418E-7,8.208185342283236E-7,7.302687003570952E-7,1.0683539180446881E-6,7.302687003570952E-7,8.208185342283236E-7,1.4204185685787418E-7]],[[9.9839260735528227E-7,3.2864696154498217E-6,2.9847933278363788E-6,4.1602052437437636E-6,2.9847933278363788E-6,3.2864696154498217E-6,9.9839260735528227E-7],[3.2864696154498217E-6,8.6413030748998265E-6,8.0475365004250143E-6,1.0793206236524249E-5,8.0475365004250143E-6,8.6413030748998265E-6,3.2864696154498217E-6],[2.9847933278363788E-6,8.0475365004250143E-6,9.5322346571433779E-6,1.1022298747110199E-5,9.5322346571433779E-6,8.0475365004250126E-6,2.9847933278363788E-6],[4.1602052437437636E-6,1.0793206236524249E-5,1.1022298747110199E-5,1.3995463378845451E-5,1.1022298747110199E-5,1.0793206236524249E-5,4.1602052437437636E-6],[2.9847933278363788E-6,8.0475365004250143E-6,9.5322346571433779E-6,1.1022298747110199E-5,9.5322346571433779E-6,8.0475365004250126E-6,2.9847933278363788E-6],[3.2864696154498217E-6,8.6413030748998265E-6,8.0475365004250126E-6,1.0793206236524249E-5,8.0475365004250126E-6,8.6413030748998265E-6,3.2864696154498217E-6],[9.9839260735528227E-7,3.2864696154498217E-6,2.9847933278363788E-6,4.1602052437437636E-6,2.9847933278363788E-6,3.2864696154498217E-6,9.9839260735528227E-7]],[[2.9883579134268065E-6,7.3950301132821253E-6,6.8191708245903277E-6,9.1413541519792333E-6,6.8191708245903277E-6,7.3950301132821253E-6,2.9883579134268065E-6],[7.3950301132821253E-6,1.5425402090324658E-5,1.454611672425036E-5,1.8778781232876657E-5,1.454611672425036E-5,1.5425402090324658E-5,7.3950301132821253E-6],[6.8191708245903277E-6,1.454611672425036E-5,1.6801818173874307E-5,1.9064268802929587E-5,1.6801818173874307E-5,1.454611672425036E-5,6.8191708245903277E-6],[9.1413541519792333E-6,1.8778781232876657E-5,1.9064268802929587E-5,2.3517951686161845E-5,1.9064268802929587E-5,1.8778781232876657E-5,9.1413541519792333E-6],[6.8191708245903277E-6,1.454611672425036E-5,1.6801818173874307E-5,1.9064268802929587E-5,1.6801818173874307E-5,1.454611672425036E-5,6.8191708245903277E-6],[7.3950301132821253E-6,1.5425402090324658E-5,1.454611672425036E-5,1.8778781232876657E-5,1.454611672425036E-5,1.5425402090324658E-5,7.3950301132821253E-6],[2.9883579134268065E-6,7.3950301132821253E-6,6.8191708245903277E-6,9.1413541519792333E-6,6.8191708245903277E-6,7.3950301132821253E-6,2.9883579134268065E-6]],[[6.3414624580937718E-6,1.3145475140658464E-5,1.2264532593304413E-5,1.5924893130930997E-5,1.2264532593304413E-5,1.3145475140658464E-5,6.3414624580937718E-6],[1.3145475140658464E-5,2.3849983197800595E-5,2.2693241094729936E-5,2.8450729102521854E-5,2.2693241094729936E-5,2.3849983197800591E-5,1.3145475140658464E-5],[1.2264532593304413E-5,2.2693241094729936E-5,2.5728130995795003E-5,2.8771148059931326E-5,2.5728130995795003E-5,2.2693241094729936E-5,1.2264532593304413E-5],[1.5924893130930997E-5,2.8450729102521854E-5,2.8771148059931326E-5,3.4700621097316518E-5,2.8771148059931326E-5,2.8450729102521854E-5,1.5924893130930997E-5],[1.2264532593304413E-5,2.2693241094729936E-5,2.5728130995795003E-5,2.8771148059931326E-5,2.5728130995795003E-5,2.2693241094729932E-5,1.2264532593304413E-5],[1.3145475140658464E-5,2.3849983197800591E-5,2.2693241094729936E-5,2.8450729102521854E-5,2.2693241094729932E-5,2.3849983197800591E-5,1.3145475140658464E-5],[6.3414624580937718E-6,1.3145475140658464E-5,1.2264532593304413E-5,1.5924893130930997E-5,1.2264532593304413E-5,1.3145475140658464E-5,6.3414624580937718E-6]],[[1.1183213373211604E-5,2.0536702509160109E-5,1.9337300535877893E-5,2.445373259949693E-5,1.9337300535877893E-5,2.0536702509160109E-5,1.1183213373211604E-5],[2.0536702509160109E-5,3.3913361788181531E-5,3.2486549498831359E-5,3.9791109356796336E-5,3.2486549498831359E-5,3.3913361788181531E-5,2.0536702509160109E-5],[1.9337300535877893E-5,3.2486549498831359E-5,3.6304929290905386E-5,4.0132809099257178E-5,3.6304929290905386E-5,3.2486549498831359E-5,1.9337300535877893E-5],[2.445373259949693E-5,3.9791109356796336E-5,4.0132809099257178E-5,4.7533389505753532E-5,4.0132809099257178E-5,3.9791109356796336E-5,2.445373259949693E-5],[1.9337300535877893E-5,3.2486549498831359E-5,3.6304929290905386E-5,4.0132809099257178E-5,3.6304929290905386E-5,3.2486549498831359E-5,1.9337300535877893E-5],[2.0536702509160109E-5,3.3913361788181531E-5,3.2486549498831359E-5,3.9791109356796336E-5,3.2486549498831359E-5,3.3913361788181531E-5,2.0536702509160109E-5],[1.1183213373211604E-5,2.0536702509160109E-5,1.9337300535877893E-5,2.445373259949693E-5,1.9337300535877893E-5,2.0536702509160109E-5,1.1183213373211604E-5]],[[1.75818808701772E-5,2.95671250243928E-5,2.804508682066667E-5,3.4689636268443863E-5,2.804508682066667E-5,2.95671250243928E-5,1.75818808701772E-5],[2.95671250243928E-5,4.5612990961421038E-5,4.3922437406583159E-5,5.2786483668584817E-5,4.3922437406583159E-5,4.5612990961421038E-5,2.95671250243928E-5],[2.804508682066667E-5,4.3922437406583159E-5,4.8526162420718648E-5,5.3140755353834761E-5,4.8526162420718648E-5,4.3922437406583159E-5,2.804508682066667E-5],[3.4689636268443863E-5,5.2786483668584817E-5,5.3140755353834761E-5,6.2007808435633437E-5,5.3140755353834761E-5,5.2786483668584817E-5,3.4689636268443863E-5],[2.804508682066667E-5,4.3922437406583159E-5,4.8526162420718648E-5,5.3140755353834761E-5,4.8526162420718648E-5,4.3922437406583166E-5,2.804508682066667E-5],[2.95671250243928E-5,4.5612990961421038E-5,4.3922437406583159E-5,5.2786483668584817E-5,4.3922437406583166E-5,4.5612990961421045E-5,2.95671250243928E-5],[1.75818808701772E-5,2.95671250243928E-5,2.804508682066667E-5,3.4689636268443863E-5,2.804508682066667E-5,2.95671250243928E-5,1.75818808701772E-5]],[[2.5574068690862537E-5,4.0234557513361751E-5,3.8390257742512151E-5,4.66063310236358E-5,3.8390257742512151E-5,4.0234557513361751E-5,2.5574068690862537E-5],[4.0234557513361751E-5,5.8945684792614181E-5,5.6996617601540718E-5,6.7426346647531658E-5,5.6996617601540718E-5,5.8945684792614181E-5,4.0234557513361751E-5],[3.8390257742512151E-5,5.6996617601540718E-5,6.2386001553495039E-5,6.7787616561668115E-5,6.2386001553495039E-5,5.6996617601540718E-5,3.8390257742512151E-5],[4.66063310236358E-5,6.7426346647531658E-5,6.7787616561668115E-5,7.8116557278777035E-5,6.7787616561668115E-5,6.7426346647531658E-5,4.66063310236358E-5],[3.8390257742512151E-5,5.6996617601540718E-5,6.2386001553495039E-5,6.7787616561668115E-5,6.2386001553495039E-5,5.6996617601540718E-5,3.8390257742512151E-5],[4.0234557513361751E-5,5.8945684792614181E-5,5.6996617601540718E-5,6.7426346647531658E-5,5.6996617601540718E-5,5.8945684792614181E-5,4.0234557513361751E-5],[2.5574068690862537E-5,4.0234557513361751E-5,3.8390257742512151E-5,4.66063310236358E-5,3.8390257742512151E-5,4.0234557513361751E-5,2.5574068690862537E-5]],[[3.5178735270387423E-5,5.2536243658226238E-5,5.03720803016927E-5,6.0185166129322945E-5,5.03720803016927E-5,5.2536243658226238E-5,3.5178735270387423E-5],[5.2536243658226238E-5,7.3907794450380545E-5,7.1704447164423223E-5,8.3702117874341031E-5,7.1704447164423223E-5,7.3907794450380545E-5,5.2536243658226238E-5],[5.03720803016927E-5,7.1704447164423223E-5,7.7878832636610432E-5,8.4066807707808424E-5,7.7878832636610432E-5,7.1704447164423223E-5,5.0372080301692709E-5],[6.0185166129322945E-5,8.3702117874341031E-5,8.4066807707808424E-5,9.58531013723622E-5,8.4066807707808424E-5,8.3702117874341031E-5,6.0185166129322945E-5],[5.03720803016927E-5,7.1704447164423223E-5,7.7878832636610432E-5,8.4066807707808424E-5,7.7878832636610432E-5,7.1704447164423223E-5,5.0372080301692709E-5],[5.2536243658226238E-5,7.3907794450380545E-5,7.1704447164423223E-5,8.3702117874341031E-5,7.1704447164423223E-5,7.3907794450380531E-5,5.2536243658226238E-5],[3.5178735270387423E-5,5.2536243658226238E-5,5.0372080301692709E-5,6.0185166129322945E-5,5.0372080301692709E-5,5.2536243658226238E-5,3.5178735270387423E-5]],[[4.640491708711782E-5,6.6468939786019107E-5,6.3988010614383814E-5,7.54123708508697E-5,6.3988010614383814E-5,6.6468939786019107E-5,4.640491708711782E-5],[6.6468939786019107E-5,9.0495343534958015E-5,8.80411154695008E-5,0.00010160649174668903,8.80411154695008E-5,9.0495343534958015E-5,6.6468939786019107E-5],[6.3988010614383814E-5,8.80411154695008E-5,9.49992346594049E-5,0.0001019722975469038,9.49992346594049E-5,8.80411154695008E-5,6.3988010614383814E-5],[7.54123708508697E-5,0.00010160649174668903,0.0001019722975469038,0.00011521145991379138,0.0001019722975469038,0.00010160649174668903,7.54123708508697E-5],[6.3988010614383814E-5,8.80411154695008E-5,9.49992346594049E-5,0.0001019722975469038,9.49992346594049E-5,8.80411154695008E-5,6.3988010614383814E-5],[6.6468939786019107E-5,9.0495343534958015E-5,8.80411154695008E-5,0.00010160649174668903,8.80411154695008E-5,9.0495343534958015E-5,6.6468939786019107E-5],[4.640491708711782E-5,6.6468939786019107E-5,6.3988010614383814E-5,7.54123708508697E-5,6.3988010614383814E-5,6.6468939786019107E-5,4.640491708711782E-5]],[[5.92560098274519E-5,8.2029013364120666E-5,7.9234463943237527E-5,9.2277316612357437E-5,7.9234463943237527E-5,8.2029013364120666E-5,5.92560098274519E-5],[8.2029013364120666E-5,0.00010870413008679701,0.00010600175047410395,0.00012113301625528747,0.00010600175047410395,0.00010870413008679701,8.2029013364120666E-5],[7.9234463943237527E-5,0.00010600175047410395,0.00011374195392614,0.00012149845085895836,0.00011374195392614,0.00010600175047410395,7.9234463943237527E-5],[9.2277316612357437E-5,0.00012113301625528747,0.00012149845085895836,0.00013618604779505486,0.00012149845085895836,0.00012113301625528747,9.2277316612357437E-5],[7.9234463943237527E-5,0.00010600175047410395,0.00011374195392614,0.00012149845085895836,0.00011374195392614,0.00010600175047410395,7.9234463943237527E-5],[8.2029013364120666E-5,0.00010870413008679701,0.00010600175047410395,0.00012113301625528747,0.00010600175047410395,0.00010870413008679701,8.2029013364120666E-5],[5.92560098274519E-5,8.2029013364120666E-5,7.9234463943237527E-5,9.2277316612357437E-5,7.9234463943237527E-5,8.2029013364120666E-5,5.92560098274519E-5]],[[7.3732161550186685E-5,9.9212536311942608E-5,9.6107272486449372E-5,0.00011077141206179149,9.6107272486449372E-5,9.9212536311942608E-5,7.3732161550186685E-5],[9.9212536311942608E-5,0.00012852980232397782,0.0001255814774021288,0.00014227581878679219,0.0001255814774021288,0.00012852980232397782,9.9212536311942608E-5],[9.6107272486449372E-5,0.0001255814774021288,0.00013410187942352011,0.00014263992050293658,0.00013410187942352011,0.0001255814774021288,9.6107272486449372E-5],[0.00011077141206179149,0.00014227581878679219,0.00014263992050293658,0.00015877156736954134,0.00014263992050293658,0.00014227581878679219,0.00011077141206179149],[9.6107272486449372E-5,0.0001255814774021288,0.00013410187942352011,0.00014263992050293658,0.00013410187942352011,0.0001255814774021288,9.6107272486449372E-5],[9.9212536311942608E-5,0.00012852980232397782,0.0001255814774021288,0.00014227581878679219,0.0001255814774021288,0.00012852980232397782,9.9212536311942608E-5],[7.3732161550186685E-5,9.9212536311942608E-5,9.6107272486449372E-5,0.00011077141206179149,9.6107272486449372E-5,9.9212536311942608E-5,7.3732161550186685E-5]],[[8.98316250726351E-5,0.00011801536516459618,0.00011460195572659066,0.00013088739800078377,0.00011460195572659066,0.00011801536516459618,8.98316250726351E-5],[0.00011801536516459618,0.00014996791418358491,0.00014677545000563766,0.00016502942672846696,0.00014677545000563766,0.00014996791418358491,0.00011801536516459618],[0.00011460195572659066,0.00014677545000563766,0.0001560740213530365,0.00016539157322285406,0.0001560740213530365,0.00014677545000563766,0.00011460195572659066],[0.00013088739800078377,0.00016502942672846696,0.00016539157322285406,0.00018296293406800936,0.00016539157322285406,0.00016502942672846696,0.00013088739800078377],[0.00011460195572659066,0.00014677545000563766,0.0001560740213530365,0.00016539157322285406,0.0001560740213530365,0.00014677545000563766,0.00011460195572659066],[0.00011801536516459618,0.00014996791418358491,0.00014677545000563766,0.00016502942672846696,0.00014677545000563766,0.00014996791418358491,0.00011801536516459618],[8.98316250726351E-5,0.00011801536516459618,0.00011460195572659066,0.00013088739800078377,0.00011460195572659066,0.00011801536516459618,8.98316250726351E-5]],[[0.00010755153261004954,0.00013843320617950203,0.00013471387871503992,0.00015261889569919302,0.00013471387871503992,0.00013843320617950203,0.00010755153261004954],[0.00013843320617950203,0.00017301396561792158,0.00016957886626638665,0.00018938864945412725,0.00016957886626638665,0.00017301396561792158,0.00013843320617950203],[0.00013471387871503992,0.00016957886626638665,0.00017965349336079208,0.00018974843840896294,0.00017965349336079208,0.00016957886626638665,0.00013471387871503992],[0.00015261889569919302,0.00018938864945412725,0.00018974843840896294,0.00020875522503857331,0.00018974843840896294,0.00018938864945412725,0.00015261889569919302],[0.00013471387871503992,0.00016957886626638665,0.00017965349336079208,0.00018974843840896294,0.00017965349336079208,0.00016957886626638665,0.00013471387871503992],[0.00013843320617950203,0.00017301396561792158,0.00016957886626638665,0.00018938864945412725,0.00016957886626638665,0.00017301396561792158,0.00013843320617950203],[0.00010755153261004954,0.00013843320617950203,0.00013471387871503992,0.00015261889569919302,0.00013471387871503992,0.00013843320617950203,0.00010755153261004954]],[[0.00012688834671079814,0.0001604616663050076,0.0001564383436868875,0.00017596011629044533,0.0001564383436868875,0.0001604616663050076,0.00012688834671079814],[0.0001604616663050076,0.00019766343154088684,0.00019398697544614589,0.0002153485002235925,0.00019398697544614589,0.00019766343154088684,0.0001604616663050076],[0.0001564383436868875,0.00019398697544614589,0.00020483549827315415,0.00021570567252148019,0.00020483549827315415,0.00019398697544614589,0.0001564383436868875],[0.00017596011629044533,0.0002153485002235925,0.00021570567252148019,0.00023614364349791052,0.00021570567252148019,0.0002153485002235925,0.00017596011629044533],[0.0001564383436868875,0.00019398697544614589,0.00020483549827315415,0.00021570567252148019,0.00020483549827315415,0.00019398697544614589,0.0001564383436868875],[0.0001604616663050076,0.00019766343154088684,0.00019398697544614589,0.0002153485002235925,0.00019398697544614589,0.00019766343154088684,0.0001604616663050076],[0.00012688834671079814,0.0001604616663050076,0.0001564383436868875,0.00017596011629044533,0.0001564383436868875,0.0001604616663050076,0.00012688834671079814]],[[0.00014783812764342002,0.00018409629204214887,0.00017977064225255417,0.00020090567292096664,0.00017977064225255417,0.00018409629204214887,0.00014783812764342002],[0.00018409629204214887,0.00022391178241566815,0.00021999508046414195,0.00024290414415108138,0.00021999508046414195,0.00022391178241566815,0.00018409629204214887],[0.00017977064225255417,0.00021999508046414195,0.00023161531685617388,0.00024325853423427118,0.00023161531685617388,0.00021999508046414195,0.00017977064225255417],[0.00020090567292096664,0.00024290414415108138,0.00024325853423427118,0.00026512349383637704,0.00024325853423427118,0.00024290414415108138,0.00020090567292096664],[0.00017977064225255417,0.00021999508046414195,0.00023161531685617388,0.00024325853423427118,0.00023161531685617388,0.00021999508046414195,0.00017977064225255417],[0.00018409629204214887,0.00022391178241566815,0.00021999508046414195,0.00024290414415108138,0.00021999508046414195,0.00022391178241566815,0.00018409629204214887],[0.00014783812764342002,0.00018409629204214887,0.00017977064225255417,0.00020090567292096664,0.00017977064225255417,0.00018409629204214887,0.00014783812764342002]],[[0.00017039669515330402,0.00020933259847511515,0.00020470608445296979,0.00022745045868735118,0.00020470608445296979,0.00020933259847511515,0.00017039669515330402],[0.00020933259847511515,0.00025175449874013819,0.00024759853785847626,0.0002720508632774489,0.00024759853785847626,0.00025175449874013819,0.00020933259847511515],[0.00020470608445296979,0.00024759853785847626,0.00025998829904672939,0.00027240236693755465,0.00025998829904672939,0.00024759853785847626,0.00020470608445296979],[0.00022745045868735118,0.0002720508632774489,0.00027240236693755465,0.000295690164105477,0.00027240236693755465,0.0002720508632774489,0.00022745045868735118],[0.00020470608445296979,0.00024759853785847626,0.00025998829904672939,0.00027240236693755465,0.00025998829904672939,0.00024759853785847626,0.00020470608445296979],[0.00020933259847511515,0.00025175449874013819,0.00024759853785847626,0.0002720508632774489,0.00024759853785847626,0.00025175449874013819,0.00020933259847511515],[0.00017039669515330402,0.00020933259847511515,0.00020470608445296979,0.00022745045868735118,0.00020470608445296979,0.00020933259847511515,0.00017039669515330402]],[[0.00019455972834792794,0.0002361660905886139,0.00023124001436622559,0.00025558956685742181,0.00023124001436622559,0.0002361660905886139,0.00019455972834792794],[0.0002361660905886139,0.00028118708110934024,0.00027679275658625284,0.00030278403291619511,0.00027679275658625284,0.00028118708110934024,0.0002361660905886139],[0.00023124001436622559,0.00027679275658625284,0.00028994985713646051,0.000303132586307076,0.00028994985713646051,0.00027679275658625284,0.00023124001436622559],[0.00025558956685742181,0.00030278403291619511,0.000303132586307076,0.000327839113587465,0.000303132586307076,0.00030278403291619511,0.00025558956685742181],[0.00023124001436622559,0.00027679275658625284,0.00028994985713646051,0.000303132586307076,0.00028994985713646051,0.00027679275658625284,0.00023124001436622559],[0.0002361660905886139,0.00028118708110934024,0.00027679275658625284,0.00030278403291619511,0.00027679275658625284,0.00028118708110934024,0.0002361660905886139],[0.00019455972834792794,0.0002361660905886139,0.00023124001436622559,0.00025558956685742181,0.00023124001436622559,0.0002361660905886139,0.00019455972834792794]],[[0.00022032282860702334,0.00026459227867782947,0.00025936781799354062,0.00028531823837956588,0.00025936781799354062,0.00026459227867782947,0.00022032282860702334],[0.00026459227867782947,0.00031220505709179421,0.0003075731963403,0.00033509910546526705,0.0003075731963403,0.00031220505709179421,0.00026459227867782947],[0.00025936781799354062,0.0003075731963403,0.00032149546046314275,0.00033544467137122338,0.00032149546046314275,0.0003075731963403,0.00025936781799354062],[0.00028531823837956588,0.00033509910546526705,0.00033544467137122338,0.00036156586387310087,0.00033544467137122338,0.00033509910546526705,0.00028531823837956588],[0.00025936781799354062,0.0003075731963403,0.00032149546046314275,0.00033544467137122338,0.00032149546046314275,0.0003075731963403,0.00025936781799354062],[0.00026459227867782947,0.00031220505709179421,0.0003075731963403,0.00033509910546526705,0.0003075731963403,0.00031220505709179421,0.00026459227867782947],[0.00022032282860702334,0.00026459227867782947,0.00025936781799354062,0.00028531823837956588,0.00025936781799354062,0.00026459227867782947,0.00022032282860702334]],[[0.00024768155991042735,0.00029460668931368419,0.00028908492678592475,0.00031663182707846875,0.00028908492678592475,0.00029460668931368419,0.00024768155991042735],[0.00029460668931368419,0.00034480398582292245,0.00033993536573353333,0.00036899159918658283,0.00033993536573353333,0.00034480398582292245,0.00029460668931368419],[0.00028908492678592475,0.00033993536573353333,0.00035462063124700052,0.00036933415800011931,0.00035462063124700052,0.00033993536573353333,0.00028908492678592475],[0.00031663182707846875,0.00036899159918658283,0.00036933415800011931,0.00039686599236771805,0.00036933415800011931,0.00036899159918658283,0.00031663182707846875],[0.00028908492678592475,0.00033993536573353333,0.00035462063124700052,0.00036933415800011931,0.00035462063124700052,0.00033993536573353333,0.00028908492678592475],[0.00029460668931368419,0.00034480398582292245,0.00033993536573353333,0.00036899159918658283,0.00033993536573353333,0.00034480398582292245,0.00029460668931368419],[0.00024768155991042735,0.00029460668931368419,0.00028908492678592475,0.00031663182707846875,0.00028908492678592475,0.00029460668931368419,0.00024768155991042735]],[[0.00027663147506230146,0.00032620487300921404,0.00032038681876563275,0.00034952577636501893,0.00032038681876563275,0.00032620487300921404,0.00027663147506230146],[0.00032620487300921404,0.00037897946097065205,0.0003738748205202925,0.00040445709030692952,0.0003738748205202925,0.00037897946097065205,0.00032620487300921404],[0.00032038681876563275,0.0003738748205202925,0.00038932094128647831,0.00040479663407644263,0.00038932094128647831,0.0003738748205202925,0.00032038681876563275],[0.00034952577636501893,0.00040445709030692952,0.00040479663407644263,0.0004337351274826382,0.00040479663407644263,0.00040445709030692952,0.00034952577636501893],[0.00032038681876563275,0.0003738748205202925,0.00038932094128647831,0.00040479663407644263,0.00038932094128647831,0.0003738748205202925,0.00032038681876563275],[0.00032620487300921404,0.00037897946097065205,0.0003738748205202925,0.00040445709030692952,0.0003738748205202925,0.00037897946097065205,0.00032620487300921404],[0.00027663147506230146,0.00032620487300921404,0.00032038681876563275,0.00034952577636501893,0.00032038681876563275,0.00032620487300921404,0.00027663147506230146]],[[0.00030716813291327893,0.00035938240946404453,0.00035326901836439721,0.00038399560347711885,0.00035326901836439721,0.00035938240946404453,0.00030716813291327893],[0.00035938240946404453,0.00041472711254554904,0.00040938716192586089,0.00044149120735041794,0.00040938716192586089,0.00041472711254554904,0.00035938240946404453],[0.00035326901836439721,0.00040938716192586089,0.00042559200929380393,0.00044182773583749125,0.00042559200929380393,0.00040938716192586089,0.00035326901836439721],[0.00038399560347711885,0.00044149120735041794,0.00044182773583749125,0.00047216894499956246,0.00044182773583749125,0.00044149120735041794,0.00038399560347711885],[0.00035326901836439721,0.00040938716192586089,0.00042559200929380393,0.00044182773583749125,0.00042559200929380393,0.00040938716192586089,0.00035326901836439721],[0.00035938240946404453,0.00041472711254554904,0.00040938716192586089,0.00044149120735041794,0.00040938716192586089,0.00041472711254554904,0.00035938240946404453],[0.00030716813291327893,0.00035938240946404453,0.00035326901836439721,0.00038399560347711885,0.00035326901836439721,0.00035938240946404453,0.00030716813291327893]],[[0.000339287109720204,0.00039413491104655729,0.00038772709561277869,0.00042003688866969424,0.00038772709561277869,0.00039413491104655729,0.000339287109720204],[0.00039413491104655729,0.00045204260789435675,0.0004464680351047063,0.00048008962697773064,0.0004464680351047063,0.00045204260789435675,0.00039413491104655729],[0.00038772709561277869,0.0004464680351047063,0.00046342949870411415,0.00048042314503553128,0.00046342949870411415,0.0004464680351047063,0.00038772709561277869],[0.00042003688866969424,0.00048008962697773064,0.00048042314503553128,0.00051216316525368828,0.00048042314503553128,0.00048008962697773064,0.00042003688866969424],[0.00038772709561277869,0.0004464680351047063,0.00046342949870411415,0.00048042314503553128,0.00046342949870411415,0.0004464680351047063,0.00038772709561277869],[0.00039413491104655729,0.00045204260789435675,0.0004464680351047063,0.00048008962697773064,0.0004464680351047063,0.0004520426078943567,0.00039413491104655724],[0.000339287109720204,0.00039413491104655729,0.00038772709561277869,0.00042003688866969424,0.00038772709561277869,0.00039413491104655724,0.000339287109720204]],[[0.00037298400662044218,0.00043045802500371507,0.00042375666503096846,0.00045764526767351591,0.00042375666503096846,0.00043045802500371507,0.00037298400662044218],[0.00043045802500371507,0.00049092165211914477,0.00048511312772345927,0.00052024807084802055,0.00048511312772345927,0.00049092165211914477,0.00043045802500371507],[0.00042375666503096846,0.00048511312772345927,0.00050282911583383525,0.00052057858667182825,0.00050282911583383525,0.00048511312772345927,0.00042375666503096846],[0.00045764526767351591,0.00052024807084802055,0.00052057858667182825,0.00055371355089008794,0.00052057858667182825,0.00052024807084802055,0.00045764526767351591],[0.00042375666503096846,0.00048511312772345927,0.00050282911583383525,0.00052057858667182825,0.00050282911583383514,0.00048511312772345927,0.00042375666503096846],[0.00043045802500371507,0.00049092165211914477,0.00048511312772345927,0.00052024807084802055,0.00048511312772345927,0.00049092165211914477,0.00043045802500371507],[0.00037298400662044218,0.00043045802500371507,0.00042375666503096846,0.00045764526767351591,0.00042375666503096846,0.00043045802500371507,0.00037298400662044218]],[[0.00040825445449313712,0.00046834743475810927,0.00046135338440867136,0.00049681642632377833,0.00046135338440867136,0.00046834743475810927,0.00040825445449313712],[0.00046834743475810927,0.000531359988094065,0.00052531816865413719,0.0005619623031782819,0.00052531816865413719,0.000531359988094065,0.00046834743475810927],[0.00046135338440867136,0.00052531816865413719,0.0005437866082959468,0.00056228982713413408,0.0005437866082959468,0.00052531816865413719,0.00046135338440867136],[0.00049681642632377833,0.0005619623031782819,0.00056228982713413408,0.00059681590502253749,0.00056228982713413408,0.0005619623031782819,0.00049681642632377833],[0.00046135338440867136,0.00052531816865413719,0.0005437866082959468,0.00056228982713413408,0.0005437866082959468,0.00052531816865413719,0.00046135338440867136],[0.00046834743475810927,0.000531359988094065,0.00052531816865413719,0.0005619623031782819,0.00052531816865413719,0.000531359988094065,0.00046834743475810927],[0.00040825445449313712,0.00046834743475810927,0.00046135338440867136,0.00049681642632377833,0.00046135338440867136,0.00046834743475810927,0.00040825445449313712]],[[0.00044509411704274143,0.000507798860554533,0.00050051295356959465,0.00053754609663680421,0.00050051295356959465,0.000507798860554533,0.00044509411704274143],[0.000507798860554533,0.00057335339620188074,0.00056707892676029941,0.00060522812878114414,0.00056707892676029941,0.00057335339620188074,0.000507798860554533],[0.00050051295356959465,0.00056707892676029941,0.00058629776360426007,0.00060555267261922267,0.00058629776360426007,0.00056707892676029941,0.00050051295356959465],[0.00053754609663680421,0.00060522812878114414,0.00060555267261922267,0.00064146606967602075,0.00060555267261922267,0.00060522812878114414,0.00053754609663680421],[0.00050051295356959465,0.00056707892676029941,0.00058629776360426007,0.00060555267261922267,0.00058629776360426007,0.00056707892676029941,0.00050051295356959465],[0.000507798860554533,0.00057335339620188074,0.00056707892676029941,0.00060522812878114414,0.00056707892676029941,0.00057335339620188074,0.000507798860554533],[0.00044509411704274143,0.000507798860554533,0.00050051295356959465,0.00053754609663680421,0.00050051295356959465,0.000507798860554533,0.00044509411704274143]],[[0.00048349869266270672,0.00054880805964535183,0.00054123111316515475,0.00057983005385825958,0.00054123111316515475,0.00054880805964535183,0.00048349869266270672],[0.00054880805964535183,0.00061689769387615135,0.00061039120975904927,0.00065004139143236619,0.00061039120975904927,0.00061689769387615135,0.00054880805964535183],[0.00054123111316515475,0.00061039120975904927,0.00063035840791662054,0.00065036296775739075,0.00063035840791662054,0.00061039120975904927,0.00054123111316515475],[0.00057983005385825958,0.00065004139143236619,0.00065036296775739075,0.00068765992442959382,0.00065036296775739075,0.00065004139143236619,0.00057983005385825958],[0.00054123111316515475,0.00061039120975904927,0.00063035840791662054,0.00065036296775739075,0.00063035840791662054,0.00061039120975904927,0.00054123111316515475],[0.00054880805964535183,0.00061689769387615135,0.00061039120975904927,0.00065004139143236619,0.00061039120975904927,0.00061689769387615135,0.00054880805964535183],[0.00048349869266270672,0.00054880805964535183,0.00054123111316515475,0.00057983005385825958,0.00054123111316515475,0.00054880805964535183,0.00048349869266270672]],[[0.000523463915457029,0.0005913708261510507,0.00058350364351454067,0.00062366411416655654,0.00058350364351454067,0.0005913708261510507,0.000523463915457029],[0.0005913708261510507,0.0006619887350095701,0.00065525086314376687,0.00069639797246666315,0.00065525086314376687,0.0006619887350095701,0.0005913708261510507],[0.00058350364351454067,0.00065525086314376687,0.00067596440488030521,0.00069671659438059639,0.00067596440488030521,0.00065525086314376687,0.00058350364351454067],[0.00062366411416655654,0.00069639797246666315,0.00069671659438059639,0.00073539338520112239,0.00069671659438059639,0.00069639797246666315,0.00062366411416655654],[0.00058350364351454067,0.00065525086314376687,0.00067596440488030521,0.00069671659438059639,0.00067596440488030521,0.00065525086314376687,0.00058350364351454067],[0.0005913708261510507,0.0006619887350095701,0.00065525086314376687,0.00069639797246666315,0.00065525086314376687,0.0006619887350095701,0.0005913708261510507],[0.000523463915457029,0.0005913708261510507,0.00058350364351454067,0.00062366411416655654,0.00058350364351454067,0.0005913708261510507,0.000523463915457029]],[[0.00056498555567850652,0.00063548299069286828,0.0006273263634944214,0.00066904413282079433,0.0006273263634944214,0.00063548299069286828,0.00056498555567850652],[0.00063548299069286828,0.00070862240927039145,0.00070165376915472548,0.00074429378953234308,0.00070165376915472548,0.00070862240927039145,0.00063548299069286828],[0.0006273263634944214,0.00070165376915472548,0.00072311165455256387,0.00074460947039297319,0.00072311165455256387,0.00070165376915472548,0.0006273263634944214],[0.00066904413282079433,0.00074429378953234308,0.00074460947039297319,0.0007846624031325357,0.00074460947039297319,0.00074429378953234308,0.00066904413282079433],[0.0006273263634944214,0.00070165376915472548,0.00072311165455256387,0.00074460947039297319,0.00072311165455256387,0.00070165376915472548,0.0006273263634944214],[0.00063548299069286828,0.00070862240927039145,0.00070165376915472548,0.00074429378953234308,0.00070165376915472548,0.00070862240927039145,0.00063548299069286828],[0.00056498555567850652,0.00063548299069286828,0.0006273263634944214,0.00066904413282079433,0.0006273263634944214,0.00063548299069286828,0.00056498555567850652]],[[0.0006080594197618855,0.00068114041986657846,0.0006726951294747732,0.00071596600261167136,0.0006726951294747732,0.00068114041986657846,0.0006080594197618855],[0.00068114041986657846,0.00075679464135613354,0.00074959584578698584,0.0007937247954566619,0.00074959584578698584,0.00075679464135613354,0.00068114041986657846],[0.0006726951294747732,0.00074959584578698584,0.00077179609237629308,0.0007940375487143251,0.00077179609237629308,0.00074959584578698584,0.0006726951294747732],[0.00071596600261167136,0.0007937247954566619,0.0007940375487143251,0.0008354629635461369,0.0007940375487143251,0.0007937247954566619,0.00071596600261167136],[0.0006726951294747732,0.00074959584578698584,0.00077179609237629308,0.0007940375487143251,0.00077179609237629308,0.00074959584578698584,0.0006726951294747732],[0.00068114041986657846,0.00075679464135613354,0.00074959584578698584,0.0007937247954566619,0.00074959584578698584,0.00075679464135613354,0.00068114041986657846],[0.0006080594197618855,0.00068114041986657846,0.0006726951294747732,0.00071596600261167136,0.0006726951294747732,0.00068114041986657846,0.0006080594197618855]],[[0.0006526813500758546,0.00072833901560603116,0.00071960583429451531,0.00076442565251967024,0.00071960583429451531,0.00072833901560603116,0.0006526813500758546],[0.00072833901560603116,0.00080650139020435466,0.0007990730458267098,0.00084468697718811036,0.0007990730458267098,0.00080650139020435466,0.00072833901560603116],[0.00071960583429451531,0.0007990730458267098,0.00082201368819573154,0.00084499681627523955,0.00082201368819573154,0.0007990730458267098,0.00071960583429451531],[0.00076442565251967024,0.00084468697718811036,0.00084499681627523955,0.0008877910849505302,0.00084499681627523955,0.00084468697718811036,0.00076442565251967024],[0.00071960583429451531,0.0007990730458267098,0.00082201368819573154,0.00084499681627523955,0.00082201368819573154,0.0007990730458267098,0.00071960583429451531],[0.00072833901560603116,0.00080650139020435466,0.0007990730458267098,0.00084468697718811036,0.0007990730458267098,0.00080650139020435466,0.00072833901560603116],[0.0006526813500758546,0.00072833901560603116,0.00071960583429451531,0.00076442565251967024,0.00071960583429451531,0.00072833901560603116,0.0006526813500758546]],[[0.00069884722447967156,0.00077707471447007891,0.00076805440627010892,0.00081441904651556824,0.00076805440627010892,0.00077707471447007891,0.00069884722447967156],[0.00077707471447007891,0.00085773864817367124,0.00085008135590869957,0.000897176354791872,0.00085008135590869957,0.00085773864817367124,0.00077707471447007891],[0.00076805440627010892,0.00085008135590869957,0.00087376044530083409,0.00089748329304829779,0.00087376044530083409,0.00085008135590869957,0.00076805440627010892],[0.00081441904651556824,0.000897176354791872,0.00089748329304829779,0.000941642818080604,0.00089748329304829779,0.000897176354791872,0.00081441904651556824],[0.00076805440627010892,0.00085008135590869957,0.00087376044530083409,0.00089748329304829779,0.00087376044530083409,0.00085008135590869957,0.00076805440627010892],[0.00077707471447007891,0.00085773864817367124,0.00085008135590869957,0.000897176354791872,0.00085008135590869957,0.00085773864817367124,0.00077707471447007891],[0.00069884722447967156,0.00077707471447007891,0.00076805440627010892,0.00081441904651556824,0.00076805440627010892,0.00077707471447007891,0.00069884722447967156]],[[0.00074655295574423272,0.00082734348687634861,0.00081803680823011051,0.00086594218245850357,0.00081803680823011051,0.00082734348687634861,0.00074655295574423272],[0.00082734348687634861,0.0009105024402035418,0.0009026167955889224,0.00095118898048108494,0.0009026167955889224,0.0009105024402035418,0.00082734348687634861],[0.00081803680823011051,0.0009026167955889224,0.00092703239949124688,0.00095149303110353173,0.00092703239949124688,0.0009026167955889224,0.00081803680823011051],[0.00086594218245850357,0.00095118898048108494,0.00095149303110353173,0.00099701424495960127,0.00095149303110353173,0.00095118898048108494,0.00086594218245850357],[0.00081803680823011051,0.0009026167955889224,0.00092703239949124688,0.00095149303110353173,0.00092703239949124688,0.0009026167955889224,0.00081803680823011051],[0.00082734348687634861,0.0009105024402035418,0.0009026167955889224,0.00095118898048108494,0.0009026167955889224,0.0009105024402035418,0.00082734348687634861],[0.00074655295574423272,0.00082734348687634861,0.00081803680823011051,0.00086594218245850357,0.00081803680823011051,0.00082734348687634861,0.00074655295574423272]],[[0.00079579449087894855,0.00087914133629775283,0.00086954903656948383,0.00091899109106032646,0.00086954903656948383,0.00087914133629775283,0.00079579449087894855],[0.00087914133629775283,0.00096478882295807924,0.00095667541642682709,0.0010067209376711356,0.00095667541642682709,0.00096478882295807935,0.00087914133629775283],[0.00086954903656948383,0.00095667541642682709,0.0009818256181528004,0.0010070221136790935,0.0009818256181528004,0.0009566754164268272,0.00086954903656948383],[0.00091899109106032646,0.0010067209376711356,0.0010070221136790935,0.0010539014779741777,0.0010070221136790935,0.0010067209376711356,0.00091899109106032646],[0.00086954903656948383,0.00095667541642682709,0.0009818256181528004,0.0010070221136790935,0.0009818256181528004,0.0009566754164268272,0.00086954903656948383],[0.00087914133629775283,0.00096478882295807935,0.0009566754164268272,0.0010067209376711356,0.0009566754164268272,0.00096478882295807935,0.00087914133629775283],[0.00079579449087894855,0.00087914133629775283,0.00086954903656948383,0.00091899109106032646,0.00086954903656948383,0.00087914133629775283,0.00079579449087894855]],[[0.00084656781039268384,0.00093246429843171026,0.00092258712031793,0.00097356183489420245,0.00092258712031793,0.00093246429843171026,0.00084656781039268384],[0.00093246429843171026,0.0010205938839562769,0.001012253301072558,0.0010637683400470065,0.001012253301072558,0.0010205938839562769,0.00093246429843171026],[0.00092258712031793,0.001012253301072558,0.0010381361993402948,0.0010640666542596137,0.0010381361993402948,0.0010122533010725582,0.00092258712031793009],[0.00097356183489420245,0.0010637683400470065,0.0010640666542596137,0.0011123006589547652,0.0010640666542596137,0.0010637683400470067,0.00097356183489420256],[0.00092258712031793,0.001012253301072558,0.0010381361993402948,0.0010640666542596137,0.0010381361993402948,0.0010122533010725582,0.00092258712031793009],[0.00093246429843171026,0.0010205938839562769,0.0010122533010725582,0.0010637683400470067,0.0010122533010725582,0.0010205938839562769,0.00093246429843171026],[0.00084656781039268384,0.00093246429843171026,0.00092258712031793009,0.00097356183489420256,0.00092258712031793009,0.00093246429843171026,0.00084656781039268384]],[[0.00089886892750803645,0.00098730844034874954,0.00097714712021706334,0.0010296505074311995,0.00097714712021706334,0.00098730844034874954,0.00089886892750803645],[0.00098730844034874954,0.0010779137406896455,0.0010693465623546963,0.0011223273306357068,0.0010693465623546963,0.0010779137406896455,0.00098730844034874954],[0.00097714712021706334,0.0010693465623546963,0.0010959602708612694,0.001122622795656002,0.0010959602708612694,0.0010693465623546963,0.00097714712021706334],[0.0010296505074311995,0.0011223273306357068,0.001122622795656002,0.0011722079582548333,0.001122622795656002,0.0011223273306357068,0.0010296505074311995],[0.00097714712021706334,0.0010693465623546963,0.0010959602708612694,0.001122622795656002,0.0010959602708612694,0.0010693465623546963,0.00097714712021706334],[0.00098730844034874954,0.0010779137406896455,0.0010693465623546963,0.0011223273306357068,0.0010693465623546963,0.0010779137406896455,0.00098730844034874954],[0.00089886892750803645,0.00098730844034874954,0.00097714712021706334,0.0010296505074311995,0.00097714712021706334,0.00098730844034874954,0.00089886892750803645]],[[0.00095269388734162857,0.0010436698596238254,0.0010332251278015435,0.001087253232092886,0.0010332251278015435,0.0010436698596238254,0.00095269388734162857],[0.0010436698596238254,0.0011367445397265558,0.0011279513423641749,0.0011823940808769824,0.0011279513423641749,0.0011367445397265558,0.0010436698596238254],[0.0010332251278015435,0.0011279513423641749,0.0011552939893557364,0.0011826867090809908,0.0011552939893557364,0.0011279513423641749,0.0010332251278015435],[0.001087253232092886,0.0011823940808769824,0.0011826867090809908,0.0012336195738231535,0.0011826867090809908,0.0011823940808769824,0.001087253232092886],[0.0010332251278015435,0.0011279513423641749,0.0011552939893557364,0.0011826867090809908,0.0011552939893557364,0.0011279513423641749,0.0010332251278015435],[0.0010436698596238254,0.001136744539