{"M_cells":[[[0,0,0,0,0,0,0],[0,0,0,0,0,0,0],[0,0,0,0,0,0,0],[0,0,0,0,0,0,0],[0,0,0,0,0,0,0],[0,0,0,0,0,0,0],[0,0,0,0,0,0,0]],[[1.5844379605425446E-6,4.2886825525534491E-6,3.9341863393473369E-6,5.34715705897522E-6,3.9341863393473369E-6,4.2886825525534491E-6,1.5844379605425446E-6],[4.2886825525534491E-6,9.4196033030636861E-6,8.8558679263424064E-6,1.154581296198172E-5,8.8558679263424064E-6,9.4196033030636861E-6,4.2886825525534491E-6],[3.9341863393473369E-6,8.8558679263424064E-6,1.0293989581425677E-5,1.1736271039512773E-5,1.0293989581425677E-5,8.8558679263424064E-6,3.9341863393473369E-6],[5.34715705897522E-6,1.154581296198172E-5,1.1736271039512773E-5,1.4582930609197464E-5,1.1736271039512773E-5,1.1545812961981722E-5,5.34715705897522E-6],[3.9341863393473369E-6,8.8558679263424064E-6,1.0293989581425677E-5,1.1736271039512773E-5,1.0293989581425677E-5,8.8558679263424064E-6,3.9341863393473369E-6],[4.2886825525534491E-6,9.4196033030636861E-6,8.8558679263424064E-6,1.1545812961981722E-5,8.8558679263424064E-6,9.4196033030636861E-6,4.2886825525534491E-6],[1.5844379605425446E-6,4.2886825525534491E-6,3.9341863393473369E-6,5.34715705897522E-6,3.9341863393473369E-6,4.2886825525534491E-6,1.5844379605425446E-6]],[[8.4064318360575224E-6,1.4666908714561762E-5,1.3868523886929504E-5,1.7328639425071208E-5,1.3868523886929504E-5,1.4666908714561762E-5,8.4064318360575224E-6],[1.4666908714561762E-5,2.2795483023565333E-5,2.1938524553331712E-5,2.6448808011517461E-5,2.1938524553331712E-5,2.279548302356533E-5,1.4666908714561762E-5],[1.3868523886929504E-5,2.1938524553331712E-5,2.4276374200801743E-5,2.6619301317406207E-5,2.4276374200801743E-5,2.1938524553331712E-5,1.3868523886929504E-5],[1.7328639425071208E-5,2.6448808011517461E-5,2.6619301317406207E-5,3.1111664392523217E-5,2.6619301317406207E-5,2.6448808011517461E-5,1.7328639425071208E-5],[1.3868523886929504E-5,2.1938524553331712E-5,2.4276374200801743E-5,2.6619301317406207E-5,2.4276374200801743E-5,2.1938524553331712E-5,1.3868523886929504E-5],[1.4666908714561762E-5,2.279548302356533E-5,2.1938524553331712E-5,2.6448808011517461E-5,2.1938524553331712E-5,2.2795483023565333E-5,1.4666908714561763E-5],[8.4064318360575224E-6,1.4666908714561762E-5,1.3868523886929504E-5,1.7328639425071208E-5,1.3868523886929504E-5,1.4666908714561763E-5,8.4064318360575241E-6]],[[1.982545202400092E-5,2.8607912921108259E-5,2.7522314298624133E-5,3.2547157813794956E-5,2.7522314298624136E-5,2.8607912921108259E-5,1.982545202400092E-5],[2.8607912921108259E-5,3.8493939938586124E-5,3.7493065865469744E-5,4.3140883009181531E-5,3.7493065865469744E-5,3.8493939938586124E-5,2.8607912921108259E-5],[2.7522314298624133E-5,3.7493065865469744E-5,4.0372210675126777E-5,4.3256960132825723E-5,4.0372210675126777E-5,3.7493065865469744E-5,2.7522314298624136E-5],[3.2547157813794956E-5,4.3140883009181531E-5,4.3256960132825723E-5,4.8700170495996408E-5,4.3256960132825723E-5,4.3140883009181531E-5,3.2547157813794956E-5],[2.7522314298624136E-5,3.7493065865469744E-5,4.0372210675126777E-5,4.3256960132825723E-5,4.0372210675126777E-5,3.7493065865469744E-5,2.7522314298624136E-5],[2.8607912921108259E-5,3.8493939938586124E-5,3.7493065865469744E-5,4.3140883009181531E-5,3.7493065865469744E-5,3.8493939938586124E-5,2.8607912921108259E-5],[1.982545202400092E-5,2.8607912921108259E-5,2.7522314298624136E-5,3.2547157813794956E-5,2.7522314298624136E-5,2.8607912921108259E-5,1.9825452024000923E-5]],[[3.4278898550060556E-5,4.4637139817188866E-5,4.3392928622467971E-5,4.9442231268938494E-5,4.3392928622467971E-5,4.4637139817188866E-5,3.4278898550060556E-5],[4.4637139817188866E-5,5.5553153983768954E-5,5.448335412028606E-5,6.0816912439048371E-5,5.448335412028606E-5,5.5553153983768954E-5,4.4637139817188866E-5],[4.3392928622467971E-5,5.448335412028606E-5,5.7682423046301956E-5,6.0887399686288394E-5,5.7682423046301956E-5,5.448335412028606E-5,4.3392928622467971E-5],[4.9442231268938494E-5,6.0816912439048371E-5,6.0887399686288394E-5,6.688016490085863E-5,6.0887399686288394E-5,6.0816912439048371E-5,4.9442231268938494E-5],[4.3392928622467971E-5,5.448335412028606E-5,5.7682423046301956E-5,6.0887399686288394E-5,5.7682423046301956E-5,5.4483354120286066E-5,4.3392928622467971E-5],[4.4637139817188866E-5,5.5553153983768954E-5,5.448335412028606E-5,6.0816912439048371E-5,5.4483354120286066E-5,5.5553153983768961E-5,4.4637139817188866E-5],[3.4278898550060556E-5,4.4637139817188866E-5,4.3392928622467971E-5,4.9442231268938494E-5,4.3392928622467971E-5,4.4637139817188866E-5,3.4278898550060556E-5]],[[5.0586111667757486E-5,6.1888920600945954E-5,6.0561964075438274E-5,6.7241973183302867E-5,6.0561964075438274E-5,6.1888920600945954E-5,5.0586111667757486E-5],[6.1888920600945954E-5,7.3407506051879963E-5,7.2304811945806153E-5,7.9044442509491937E-5,7.2304811945806153E-5,7.3407506051879963E-5,6.1888920600945954E-5],[6.0561964075438274E-5,7.2304811945806153E-5,7.5691266924163386E-5,7.9083804147166514E-5,7.5691266924163386E-5,7.2304811945806153E-5,6.0561964075438274E-5],[6.7241973183302867E-5,7.9044442509491937E-5,7.9083804147166514E-5,8.53943606789441E-5,7.9083804147166514E-5,7.9044442509491937E-5,6.724197318330288E-5],[6.0561964075438274E-5,7.2304811945806153E-5,7.5691266924163386E-5,7.9083804147166514E-5,7.56912669241634E-5,7.2304811945806153E-5,6.0561964075438274E-5],[6.1888920600945954E-5,7.3407506051879963E-5,7.2304811945806153E-5,7.9044442509491937E-5,7.2304811945806153E-5,7.3407506051879976E-5,6.1888920600945967E-5],[5.0586111667757486E-5,6.1888920600945954E-5,6.0561964075438274E-5,6.724197318330288E-5,6.0561964075438274E-5,6.1888920600945967E-5,5.0586111667757486E-5]],[[6.79951463526636E-5,7.9855185573490426E-5,7.848578879307722E-5,8.5543145350807864E-5,7.848578879307722E-5,7.9855185573490426E-5,6.79951463526636E-5],[7.9855185573490426E-5,9.1725693691708669E-5,9.0607137860037047E-5,9.7585051021479435E-5,9.0607137860037061E-5,9.1725693691708683E-5,7.9855185573490426E-5],[7.848578879307722E-5,9.0607137860037047E-5,9.4102861387229748E-5,9.7604767911821028E-5,9.4102861387229762E-5,9.0607137860037061E-5,7.848578879307722E-5],[8.5543145350807864E-5,9.7585051021479435E-5,9.7604767911821028E-5,0.00010409925117929392,9.7604767911821028E-5,9.7585051021479449E-5,8.5543145350807878E-5],[7.848578879307722E-5,9.0607137860037061E-5,9.4102861387229762E-5,9.7604767911821028E-5,9.4102861387229762E-5,9.0607137860037061E-5,7.848578879307722E-5],[7.9855185573490426E-5,9.1725693691708683E-5,9.0607137860037061E-5,9.7585051021479449E-5,9.0607137860037061E-5,9.1725693691708683E-5,7.985518557349044E-5],[6.79951463526636E-5,7.9855185573490426E-5,7.848578879307722E-5,8.5543145350807878E-5,7.848578879307722E-5,7.985518557349044E-5,6.7995146352663619E-5]],[[8.6051887645386427E-5,9.8238454208713857E-5,9.6847219145809331E-5,0.00010412718561719616,9.6847219145809331E-5,9.8238454208713857E-5,8.6051887645386427E-5],[9.8238454208713857E-5,0.00011031430969220751,0.00010918794520810854,0.00011630507453301151,0.00010918794520810854,0.00011031430969220751,9.8238454208713857E-5],[9.6847219145809331E-5,0.00010918794520810854,0.00011274727623056255,0.00011631284860003816,0.00011274727623056255,0.00010918794520810854,9.6847219145809331E-5],[0.00010412718561719616,0.00011630507453301151,0.00011631284860003816,0.00012291393012609417,0.00011631284860003816,0.00011630507453301151,0.00010412718561719617],[9.6847219145809331E-5,0.00010918794520810854,0.00011274727623056255,0.00011631284860003816,0.00011274727623056255,0.00010918794520810854,9.6847219145809345E-5],[9.8238454208713857E-5,0.00011031430969220751,0.00010918794520810854,0.00011630507453301151,0.00010918794520810854,0.00011031430969220752,9.8238454208713884E-5],[8.6051887645386427E-5,9.8238454208713857E-5,9.6847219145809331E-5,0.00010412718561719617,9.6847219145809345E-5,9.8238454208713884E-5,8.6051887645386454E-5]],[[0.00010448762340993743,0.00011686502180620798,0.00011546238353193591,0.00012287279410890239,0.00011546238353193591,0.00011686502180620798,0.00010448762340993743],[0.00011686502180620798,0.00012906073718542944,0.00012793041438507254,0.00013512877221030236,0.00012793041438507254,0.00012906073718542944,0.00011686502180620798],[0.00011546238353193591,0.00012793041438507254,0.00013152678385709273,0.0001351294286210014,0.00013152678385709273,0.00012793041438507254,0.00011546238353193591],[0.00012287279410890239,0.00013512877221030236,0.0001351294286210014,0.0001417924310757503,0.0001351294286210014,0.00013512877221030236,0.00012287279410890239],[0.00011546238353193591,0.00012793041438507254,0.00013152678385709273,0.0001351294286210014,0.00013152678385709276,0.00012793041438507256,0.00011546238353193592],[0.00011686502180620798,0.00012906073718542944,0.00012793041438507254,0.00013512877221030236,0.00012793041438507256,0.00012906073718542947,0.000116865021806208],[0.00010448762340993743,0.00011686502180620798,0.00011546238353193591,0.00012287279410890239,0.00011546238353193592,0.000116865021806208,0.00010448762340993746]],[[0.00012314479470638205,0.00013563369959046528,0.00013422497693786213,0.000141711639461343,0.00013422497693786213,0.00013563369959046528,0.00012314479470638205],[0.00013563369959046528,0.00014789952228016706,0.00014676711680118029,0.000154012922754116,0.00014676711680118029,0.00014789952228016706,0.00013563369959046528],[0.00013422497693786213,0.00014676711680118029,0.00015038510308169138,0.00015400938453390912,0.00015038510308169138,0.00014676711680118029,0.00013422497693786213],[0.000141711639461343,0.000154012922754116,0.00015400938453390912,0.00016070848886662477,0.00015400938453390912,0.000154012922754116,0.00014171163946134302],[0.00013422497693786213,0.00014676711680118029,0.00015038510308169138,0.00015400938453390912,0.00015038510308169138,0.00014676711680118029,0.00013422497693786213],[0.00013563369959046528,0.00014789952228016706,0.00014676711680118029,0.000154012922754116,0.00014676711680118029,0.00014789952228016706,0.00013563369959046528],[0.00012314479470638205,0.00013563369959046528,0.00013422497693786213,0.00014171163946134302,0.00013422497693786213,0.00013563369959046528,0.00012314479470638205]],[[0.00014193145192257692,0.0001544856485628994,0.00015307359210500995,0.00016060486157755497,0.00015307359210500995,0.0001544856485628994,0.00014193145192257692],[0.0001544856485628994,0.00016679266729892057,0.00016565911454941113,0.00017293274201059833,0.00016565911454941113,0.00016679266729892057,0.0001544856485628994],[0.00015307359210500995,0.00016565911454941113,0.00016928977775939536,0.0001729267479038189,0.00016928977775939536,0.00016565911454941113,0.00015307359210500995],[0.00016060486157755497,0.00017293274201059833,0.0001729267479038189,0.00017964702789559248,0.0001729267479038189,0.00017293274201059833,0.00016060486157755497],[0.00015307359210500995,0.00016565911454941113,0.00016928977775939536,0.0001729267479038189,0.00016928977775939536,0.00016565911454941113,0.00015307359210500995],[0.0001544856485628994,0.00016679266729892057,0.00016565911454941113,0.00017293274201059833,0.00016565911454941113,0.00016679266729892057,0.0001544856485628994],[0.00014193145192257692,0.0001544856485628994,0.00015307359210500995,0.00016060486157755497,0.00015307359210500995,0.0001544856485628994,0.00014193145192257692]],[[0.0001607940788305907,0.0001733866962333863,0.00017197275455566339,0.0001795302206049425,0.00017197275455566339,0.0001733866962333863,0.0001607940788305907],[0.0001733866962333863,0.00018571812561815935,0.00018458390442875147,0.00019187396534385648,0.00018458390442875147,0.00018571812561815935,0.0001733866962333863],[0.00017197275455566339,0.00018458390442875147,0.00018822206460627399,0.00019186653878941007,0.00018822206460627399,0.00018458390442875147,0.00017197275455566339],[0.0001795302206049425,0.00019187396534385648,0.00019186653878941007,0.00019859936064857978,0.00019186653878941007,0.00019187396534385648,0.0001795302206049425],[0.00017197275455566339,0.00018458390442875147,0.00018822206460627399,0.00019186653878941007,0.00018822206460627399,0.00018458390442875147,0.00017197275455566339],[0.0001733866962333863,0.00018571812561815935,0.00018458390442875147,0.00019187396534385648,0.00018458390442875147,0.00018571812561815935,0.0001733866962333863],[0.0001607940788305907,0.0001733866962333863,0.00017197275455566339,0.0001795302206049425,0.00017197275455566339,0.0001733866962333863,0.0001607940788305907]],[[0.00017970157619258311,0.00019231700708029193,0.00019090195787803296,0.0001984749296667147,0.00019090195787803296,0.00019231700708029193,0.00017970157619258311],[0.00019231700708029193,0.000204663103897085,0.00020352846611215348,0.00021082835527975303,0.00020352846611215348,0.000204663103897085,0.00019231700708029193],[0.00019090195787803296,0.00020352846611215348,0.00020717112130507682,0.00021082009485790689,0.00020717112130507682,0.00020352846611215348,0.00019090195787803296],[0.0001984749296667147,0.00021082835527975303,0.00021082009485790689,0.00021756046007967704,0.00021082009485790689,0.00021082835527975303,0.0001984749296667147],[0.00019090195787803296,0.00020352846611215348,0.00020717112130507682,0.00021082009485790689,0.00020717112130507682,0.00020352846611215348,0.00019090195787803296],[0.00019231700708029193,0.000204663103897085,0.00020352846611215348,0.00021082835527975303,0.00020352846611215348,0.000204663103897085,0.00019231700708029193],[0.00017970157619258311,0.00019231700708029193,0.00019090195787803296,0.0001984749296667147,0.00019090195787803296,0.00019231700708029193,0.00017970157619258311]],[[0.00019863588414914104,0.00021126506573006761,0.00020984933442891269,0.00021743160771137363,0.00020984933442891269,0.00021126506573006761,0.00019863588414914104],[0.00021126506573006761,0.00022362017111720559,0.00022248525288671986,0.00022979113738697576,0.00022248525288671986,0.00022362017111720559,0.00021126506573006761],[0.00020984933442891269,0.00022248525288671986,0.00022613066177735189,0.00022978239180450241,0.00022613066177735189,0.00022248525288671986,0.00020984933442891269],[0.00021743160771137363,0.00022979113738697576,0.00022978239180450241,0.00023652740231804324,0.00022978239180450241,0.00022979113738697576,0.00021743160771137363],[0.00020984933442891269,0.00022248525288671986,0.00022613066177735189,0.00022978239180450241,0.00022613066177735189,0.00022248525288671986,0.00020984933442891269],[0.00021126506573006761,0.00022362017111720559,0.00022248525288671986,0.00022979113738697576,0.00022248525288671986,0.00022362017111720559,0.00021126506573006761],[0.00019863588414914104,0.00021126506573006761,0.00020984933442891269,0.00021743160771137363,0.00020984933442891269,0.00021126506573006761,0.00019863588414914104]],[[0.00021758651353621868,0.0002302241798523219,0.00022880800340758861,0.00023639597614323246,0.00022880800340758861,0.0002302241798523219,0.00021758651353621868],[0.0002302241798523219,0.00024258500161263781,0.00024144987866401191,0.000248759530961097,0.00024144987866401194,0.00024258500161263783,0.0002302241798523219],[0.00022880800340758861,0.00024144987866401191,0.00024509702926076054,0.00024875050285059856,0.00024509702926076059,0.00024144987866401194,0.00022880800340758863],[0.00023639597614323246,0.000248759530961097,0.00024875050285059856,0.00025549847436624225,0.00024875050285059862,0.000248759530961097,0.00023639597614323246],[0.00022880800340758861,0.00024144987866401194,0.00024509702926076059,0.00024875050285059862,0.00024509702926076059,0.00024144987866401194,0.00022880800340758861],[0.0002302241798523219,0.00024258500161263783,0.00024144987866401194,0.000248759530961097,0.00024144987866401194,0.00024258500161263783,0.0002302241798523219],[0.00021758651353621868,0.0002302241798523219,0.00022880800340758863,0.00023639597614323246,0.00022880800340758861,0.0002302241798523219,0.00021758651353621868]],[[0.00023654736521557267,0.00024919045084217614,0.00024777396363631578,0.00025536554123529271,0.00024777396363631578,0.00024919045084217614,0.00023654736521557267],[0.00024919045084217614,0.00026155506731060545,0.00026041978310261792,0.00026773190481846852,0.00026041978310261792,0.00026155506731060545,0.00024919045084217614],[0.00024777396363631578,0.00026041978310261792,0.00026406808526875734,0.0002677227117443886,0.00026406808526875734,0.00026041978310261792,0.00024777396363631578],[0.00025536554123529271,0.00026773190481846852,0.0002677227117443886,0.00027447266151062573,0.0002677227117443886,0.00026773190481846852,0.00025536554123529271],[0.00024777396363631578,0.00026041978310261792,0.00026406808526875734,0.0002677227117443886,0.00026406808526875734,0.00026041978310261792,0.00024777396363631578],[0.00024919045084217614,0.00026155506731060545,0.00026041978310261792,0.00026773190481846852,0.00026041978310261792,0.00026155506731060545,0.00024919045084217614],[0.00023654736521557267,0.00024919045084217614,0.00024777396363631578,0.00025536554123529271,0.00024777396363631578,0.00024919045084217614,0.00023654736521557267]],[[0.0002555148835600117,0.0002681615976099092,0.00026674487737508466,0.0002743388379231303,0.00026674487737508466,0.0002681615976099092,0.0002555148835600117],[0.0002681615976099092,0.00028052888054058684,0.000279393460958691,0.00028670729136036338,0.000279393460958691,0.00028052888054058684,0.0002681615976099092],[0.00026674487737508466,0.000279393460958691,0.00028304256856117666,0.00028669800146895186,0.00028304256856117666,0.000279393460958691,0.00026674487737508466],[0.0002743388379231303,0.00028670729136036338,0.00028669800146895186,0.00029344935231035444,0.00028669800146895186,0.00028670729136036338,0.0002743388379231303],[0.00026674487737508466,0.000279393460958691,0.00028304256856117666,0.00028669800146895186,0.00028304256856117666,0.000279393460958691,0.00026674487737508466],[0.0002681615976099092,0.00028052888054058684,0.000279393460958691,0.00028670729136036338,0.000279393460958691,0.00028052888054058684,0.0002681615976099092],[0.0002555148835600117,0.0002681615976099092,0.00026674487737508466,0.0002743388379231303,0.00026674487737508466,0.0002681615976099092,0.0002555148835600117]],[[0.00027448698586385973,0.00028713627539974582,0.00028571936819680614,0.0002933149948217819,0.00028571936819680614,0.00028713627539974582,0.00027448698586385973],[0.00028713627539974582,0.00029950555584233254,0.00029837001704039574,0.00030568510649793123,0.00029837001704039574,0.00029950555584233254,0.00028713627539974582],[0.00028571936819680614,0.00029837001704039574,0.00030201972510327386,0.00030567575927363468,0.00030201972510327386,0.00029837001704039574,0.00028571936819680614],[0.0002933149948217819,0.00030568510649793123,0.00030567575927363468,0.00031242816857453797,0.00030567575927363468,0.00030568510649793123,0.0002933149948217819],[0.00028571936819680614,0.00029837001704039574,0.00030201972510327386,0.00030567575927363468,0.00030201972510327386,0.00029837001704039574,0.00028571936819680614],[0.00028713627539974582,0.00029950555584233254,0.00029837001704039574,0.00030568510649793123,0.00029837001704039574,0.00029950555584233254,0.00028713627539974582],[0.00027448698586385973,0.00028713627539974582,0.00028571936819680614,0.0002933149948217819,0.00028571936819680614,0.00028713627539974582,0.00027448698586385973]],[[0.00029346244219000865,0.00030611368151662016,0.00030469661552213242,0.00031229348362753678,0.00030469661552213242,0.00030611368151662016,0.00029346244219000865],[0.00030611368151662016,0.00031848455646046284,0.00031734890912553637,0.00032466498807204503,0.00031734890912553637,0.00031848455646046284,0.00030611368151662016],[0.00030469661552213242,0.00031734890912553637,0.00032099909436471248,0.00032465560639349317,0.00032099909436471248,0.00031734890912553637,0.00030469661552213242],[0.00031229348362753678,0.00032466498807204503,0.00032465560639349317,0.0003314088672682217,0.00032465560639349317,0.00032466498807204503,0.00031229348362753678],[0.00030469661552213242,0.00031734890912553637,0.00032099909436471248,0.00032465560639349317,0.00032099909436471248,0.00031734890912553637,0.00030469661552213242],[0.00030611368151662016,0.00031848455646046284,0.00031734890912553637,0.00032466498807204503,0.00031734890912553637,0.00031848455646046284,0.00030611368151662016],[0.00029346244219000865,0.00030611368151662016,0.00030469661552213242,0.00031229348362753678,0.00030469661552213242,0.00030611368151662016,0.00029346244219000865]],[[0.00031244051636017509,0.00032509332719852325,0.00032367612040530032,0.00033127397458336023,0.00032367612040530032,0.00032509332719852325,0.00031244051636017509],[0.00032509332719852325,0.00033746554770821749,0.00033632979941671377,0.00034364670256346338,0.00033632979941671377,0.00033746554770821749,0.00032509332719852325],[0.00032367612040530032,0.00033632979941671377,0.00033998038585862579,0.00034363729969483084,0.00033998038585862579,0.00033632979941671377,0.00032367612040530032],[0.00033127397458336023,0.00034364670256346338,0.00034363729969483084,0.00035039128386612188,0.00034363729969483084,0.00034364670256346338,0.00033127397458336023],[0.00032367612040530032,0.00033632979941671377,0.00033998038585862579,0.00034363729969483084,0.00033998038585862579,0.00033632979941671377,0.00032367612040530032],[0.00032509332719852325,0.00033746554770821749,0.00033632979941671377,0.00034364670256346338,0.00033632979941671377,0.00033746554770821749,0.00032509332719852325],[0.00031244051636017509,0.00032509332719852325,0.00032367612040530032,0.00033127397458336023,0.00032367612040530032,0.00032509332719852325,0.00031244051636017509]],[[0.00033142075820416652,0.00034407490564514925,0.00034265757020390987,0.00035025625304391933,0.00034265757020390987,0.00034407490564514925,0.00033142075820416652],[0.00034407490564514925,0.00035644831214875193,0.00035531246868490338,0.00036263009119377721,0.00035531246868490338,0.00035644831214875193,0.00034407490564514925],[0.00034265757020390987,0.00035531246868490338,0.00035896340778669955,0.00036262067483482064,0.00035896340778669955,0.00035531246868490338,0.00034265757020390987],[0.00035025625304391933,0.00036263009119377721,0.00036262067483482064,0.00036937529961217965,0.00036262067483482064,0.00036263009119377721,0.00035025625304391933],[0.00034265757020390987,0.00035531246868490338,0.00035896340778669955,0.00036262067483482064,0.00035896340778669955,0.00035531246868490338,0.00034265757020390987],[0.00034407490564514925,0.00035644831214875193,0.00035531246868490338,0.00036263009119377721,0.00035531246868490338,0.00035644831214875193,0.00034407490564514925],[0.00033142075820416652,0.00034407490564514925,0.00034265757020390987,0.00035025625304391933,0.00034265757020390987,0.00034407490564514925,0.00033142075820416652]],[[0.00035040288336395657,0.00036305821567410247,0.00036164076035939349,0.0003692401712735997,0.00036164076035939349,0.00036305821567410247,0.00035040288336395657],[0.00036305821567410247,0.00037543270052559422,0.0003742967666269184,0.00038161503876153817,0.0003742967666269184,0.00037543270052559422,0.00036305821567410247],[0.00036164076035939349,0.0003742967666269184,0.00037794802577941508,0.00038160561339205826,0.00037794802577941508,0.0003742967666269184,0.00036164076035939349],[0.0003692401712735997,0.00038161503876153817,0.00038160561339205826,0.00038836082257648693,0.00038160561339205826,0.00038161503876153817,0.0003692401712735997],[0.00036164076035939349,0.0003742967666269184,0.00037794802577941508,0.00038160561339205826,0.00037794802577941508,0.0003742967666269184,0.00036164076035939349],[0.00036305821567410247,0.00037543270052559422,0.0003742967666269184,0.00038161503876153817,0.0003742967666269184,0.00037543270052559422,0.00036305821567410247],[0.00035040288336395657,0.00036305821567410247,0.00036164076035939349,0.0003692401712735997,0.00036164076035939349,0.00036305821567410247,0.00035040288336395657]],[[0.00036938670375499707,0.00038204311754931738,0.00038062554916848656,0.00038822562057599052,0.00038062554916848656,0.00038204311754931738,0.00036938670375499707],[0.00038204311754931738,0.00039441860336361618,0.0003932825831461928,0.00040060145560637803,0.0003932825831461928,0.00039441860336361618,0.00038204311754931738],[0.00038062554916848656,0.0003932825831461928,0.00039693413902234961,0.00040059202384272962,0.00039693413902234961,0.0003932825831461928,0.00038062554916848656],[0.00038822562057599052,0.00040060145560637803,0.00040059202384272962,0.00040734777667941334,0.00040059202384272962,0.00040060145560637803,0.00038822562057599052],[0.00038062554916848656,0.0003932825831461928,0.00039693413902234961,0.00040059202384272962,0.00039693413902234961,0.0003932825831461928,0.00038062554916848656],[0.00038204311754931738,0.00039441860336361618,0.0003932825831461928,0.00040060145560637803,0.0003932825831461928,0.00039441860336361618,0.00038204311754931738],[0.00036938670375499707,0.00038204311754931738,0.00038062554916848656,0.00038822562057599052,0.00038062554916848656,0.00038204311754931738,0.00036938670375499707]],[[0.00038837208732762739,0.00040102950741284428,0.00039961183161509956,0.00040721251516171678,0.00039961183161509956,0.00040102950741284428,0.00038837208732762739],[0.00040102950741284428,0.00041340593452055788,0.00041226983172367186,0.00041958926715589392,0.00041226983172367186,0.00041340593452055788,0.00040102950741284428],[0.00039961183161509956,0.00041226983172367186,0.00041592166642786486,0.00041957983053561142,0.00041592166642786486,0.00041226983172367186,0.00039961183161509956],[0.00040721251516171678,0.00041958926715589392,0.00041957983053561142,0.00042633609531771231,0.00041957983053561142,0.00041958926715589392,0.00040721251516171678],[0.00039961183161509956,0.00041226983172367186,0.00041592166642786486,0.00041957983053561142,0.00041592166642786486,0.00041226983172367186,0.00039961183161509956],[0.00040102950741284428,0.00041340593452055788,0.00041226983172367186,0.00041958926715589392,0.00041226983172367186,0.00041340593452055788,0.00040102950741284428],[0.00038837208732762739,0.00040102950741284428,0.00039961183161509956,0.00040721251516171678,0.00039961183161509956,0.00040102950741284428,0.00038837208732762739]],[[0.00040735893477200863,0.00042001730247256627,0.00041859952421587055,0.00042620078279583787,0.00041859952421587055,0.00042001730247256627,0.00040735893477200863],[0.00042001730247256627,0.00043239462164727631,0.00043125843977548411,0.00043857840785343274,0.00043125843977548411,0.00043239462164727631,0.00042001730247256627],[0.00041859952421587055,0.00043125843977548411,0.00043491053861167029,0.00043856896728897881,0.00043491053861167029,0.00043125843977548411,0.00041859952421587055],[0.00042620078279583787,0.00043857840785343274,0.00043856896728897881,0.00044532571764951522,0.00043856896728897881,0.00043857840785343274,0.00042620078279583787],[0.00041859952421587055,0.00043125843977548411,0.00043491053861167029,0.00043856896728897881,0.00043491053861167029,0.00043125843977548411,0.00041859952421587055],[0.00042001730247256627,0.00043239462164727631,0.00043125843977548411,0.00043857840785343274,0.00043125843977548411,0.00043239462164727631,0.00042001730247256627],[0.00040735893477200863,0.00042001730247256627,0.00041859952421587055,0.00042620078279583787,0.00041859952421587055,0.00042001730247256627,0.00040735893477200863]],[[0.00042634716601964127,0.00043900643240806728,0.000437588556230141,0.00044519035936168937,0.000437588556230141,0.00043900643240806728,0.00042634716601964127],[0.00043900643240806728,0.00045138460064164562,0.00045024834304829961,0.00045756881761711051,0.00045024834304829961,0.00045138460064164562,0.00043900643240806728],[0.000437588556230141,0.00045024834304829961,0.00045390069322390138,0.000457559373658242,0.00045390069322390138,0.00045024834304829961,0.000437588556230141],[0.00044519035936168937,0.00045756881761711051,0.000457559373658242,0.00046431658641556383,0.000457559373658242,0.00045756881761711051,0.00044519035936168937],[0.000437588556230141,0.00045024834304829961,0.00045390069322390138,0.000457559373658242,0.00045390069322390138,0.00045024834304829961,0.000437588556230141],[0.00043900643240806728,0.00045138460064164562,0.00045024834304829961,0.00045756881761711051,0.00045024834304829961,0.00045138460064164562,0.00043900643240806728],[0.00042634716601964127,0.00043900643240806728,0.000437588556230141,0.00044519035936168937,0.000437588556230141,0.00043900643240806728,0.00042634716601964127]],[[0.00044533671240857631,0.00045799683437110255,0.00045657886454789044,0.0004641811856875023,0.00045657886454789044,0.00045799683437110255,0.00044533671240857631],[0.00045799683437110255,0.0004703758124108944,0.00046923948234811559,0.00047656043976140611,0.00046923948234811559,0.0004703758124108944,0.00045799683437110255],[0.00045657886454789044,0.00046923948234811559,0.00047289207221873271,0.0004765509927468737,0.00047289207221873271,0.00046923948234811559,0.00045657886454789044],[0.0004641811856875023,0.00047656043976140611,0.0004765509927468737,0.00048330864664802294,0.0004765509927468737,0.00047656043976140611,0.0004641811856875023],[0.00045657886454789044,0.00046923948234811559,0.00047289207221873271,0.0004765509927468737,0.00047289207221873271,0.00046923948234811559,0.00045657886454789044],[0.00045799683437110255,0.0004703758124108944,0.00046923948234811559,0.00047656043976140611,0.00046923948234811559,0.0004703758124108944,0.00045799683437110255],[0.00044533671240857631,0.00045799683437110255,0.00045657886454789044,0.0004641811856875023,0.00045657886454789044,0.00045799683437110255,0.00044533671240857631]],[[0.00046432751212268053,0.00047698845006359335,0.0004755703907030878,0.0004831732056803247,0.0004755703907030878,0.00047698845006359335,0.00046432751212268053],[0.00047698845006359335,0.00048936820096791755,0.00048823180161734455,0.00049555321976363375,0.00048823180161734455,0.00048936820096791755,0.00047698845006359335],[0.0004755703907030878,0.00048823180161734455,0.00049188462024401657,0.00049554376990887524,0.00049188462024401646,0.00048823180161734449,0.0004755703907030878],[0.0004831732056803247,0.00049555321976363375,0.00049554376990887524,0.00050230184489182146,0.00049554376990887513,0.00049555321976363365,0.0004831732056803247],[0.0004755703907030878,0.00048823180161734455,0.00049188462024401646,0.00049554376990887513,0.00049188462024401646,0.00048823180161734449,0.0004755703907030878],[0.00047698845006359335,0.00048936820096791755,0.00048823180161734449,0.00049555321976363365,0.00048823180161734449,0.00048936820096791755,0.00047698845006359335],[0.00046432751212268053,0.00047698845006359335,0.0004755703907030878,0.0004831732056803247,0.0004755703907030878,0.00047698845006359335,0.00046432751212268053]],[[0.0004833195075232384,0.00049598122401654733,0.00049456307911529467,0.00050216636521515116,0.00049456307911529467,0.00049598122401654733,0.0004833195075232384],[0.00049598122401654733,0.00050836171229853453,0.00050722524679098862,0.00051454710451843738,0.00050722524679098862,0.00050836171229853453,0.00049598122401654733],[0.00049456307911529467,0.00050722524679098862,0.00051087828367804209,0.00051453765196628708,0.00051087828367804209,0.00050722524679098862,0.00049456307911529467],[0.00050216636521515116,0.00051454710451843738,0.00051453765196628708,0.00052129612872193207,0.00051453765196628708,0.00051454710451843738,0.00050216636521515116],[0.00049456307911529467,0.00050722524679098862,0.00051087828367804209,0.00051453765196628708,0.00051087828367804209,0.00050722524679098862,0.00049456307911529467],[0.00049598122401654733,0.00050836171229853453,0.00050722524679098862,0.00051454710451843738,0.00050722524679098862,0.00050836171229853453,0.00049598122401654733],[0.0004833195075232384,0.00049598122401654733,0.00049456307911529467,0.00050216636521515116,0.00049456307911529467,0.00049598122401654733,0.0004833195075232384]],[[0.00050231264357409558,0.0005149751025623271,0.00051355687604053772,0.00052116061146002086,0.00051355687604053772,0.0005149751025623271,0.00050231264357409558],[0.0005149751025623271,0.00052735629367357817,0.00052621976510241672,0.00053354204187365474,0.00052621976510241672,0.00052735629367357817,0.0005149751025623271],[0.00051355687604053772,0.00052621976510241672,0.00052987301003960883,0.00053353258672364772,0.00052987301003960883,0.00052621976510241672,0.00051355687604053772],[0.00052116061146002086,0.00053354204187365474,0.00053353258672364772,0.00054029144643093154,0.00053353258672364772,0.00053354204187365474,0.00052116061146002086],[0.00051355687604053772,0.00052621976510241672,0.00052987301003960883,0.00053353258672364772,0.00052987301003960883,0.00052621976510241672,0.00051355687604053772],[0.0005149751025623271,0.00052735629367357817,0.00052621976510241672,0.00053354204187365474,0.00052621976510241672,0.00052735629367357817,0.0005149751025623271],[0.00050231264357409558,0.0005149751025623271,0.00051355687604053772,0.00052116061146002086,0.00051355687604053772,0.0005149751025623271,0.00050231264357409558]],[[0.00052130686689848271,0.00053397003320743857,0.00053255172893175906,0.00054015589245252091,0.00053255172893175906,0.00053397003320743857,0.00052130686689848271],[0.00053397003320743857,0.00054635189321772053,0.00054521530464856716,0.0005525379803282864,0.00054521530464856716,0.00054635189321772053,0.00053397003320743857],[0.00053255172893175906,0.00054521530464856716,0.000548868747613402,0.00055252852265359786,0.000548868747613402,0.00054521530464856716,0.00053255172893175906],[0.00054015589245252091,0.0005525379803282864,0.00055252852265359786,0.00055928774681445338,0.00055252852265359786,0.0005525379803282864,0.00054015589245252091],[0.00053255172893175906,0.00054521530464856716,0.000548868747613402,0.00055252852265359786,0.000548868747613402,0.00054521530464856716,0.00053255172893175906],[0.00053397003320743857,0.00054635189321772053,0.00054521530464856716,0.0005525379803282864,0.00054521530464856716,0.00054635189321772053,0.00053397003320743857],[0.00052130686689848271,0.00053397003320743857,0.00053255172893175906,0.00054015589245252091,0.00053255172893175906,0.00053397003320743857,0.00052130686689848271]],[[0.00054030212520035626,0.00055296596423618774,0.00055154758603534893,0.0005591521568210306,0.00055154758603534893,0.00055296596423618774,0.00054030212520035626],[0.00055296596423618774,0.00056534845962600807,0.000564211814104424,0.00057153486882347893,0.000564211814104424,0.00056534845962600807,0.00055296596423618774],[0.00055154758603534893,0.000564211814104424,0.00056786544519912764,0.00057152540868070432,0.00056786544519912764,0.000564211814104424,0.00055154758603534893],[0.0005591521568210306,0.00057153486882347893,0.00057152540868070432,0.00057828497901249475,0.00057152540868070432,0.00057153486882347893,0.0005591521568210306],[0.00055154758603534893,0.000564211814104424,0.00056786544519912764,0.00057152540868070432,0.00056786544519912764,0.000564211814104424,0.00055154758603534893],[0.00055296596423618774,0.00056534845962600807,0.000564211814104424,0.00057153486882347893,0.000564211814104424,0.00056534845962600807,0.00055296596423618774],[0.00054030212520035626,0.00055296596423618774,0.00055154758603534893,0.0005591521568210306,0.00055154758603534893,0.00055296596423618774,0.00054030212520035626]],[[0.00055929836689587648,0.00057196284444700394,0.0005705443961235003,0.00057814935358878664,0.0005705443961235003,0.00057196284444700394,0.00055929836689587648],[0.00057196284444700394,0.000584345941964981,0.00058320924252301285,0.000590532656586449,0.00058320924252301285,0.000584345941964981,0.00057196284444700394],[0.0005705443961235003,0.00058320924252301285,0.00058686305193139925,0.00059052319402125514,0.00058686305193139925,0.00058320924252301285,0.0005705443961235003],[0.00057814935358878664,0.000590532656586449,0.00059052319402125514,0.00059728309238217287,0.00059052319402125514,0.000590532656586449,0.00057814935358878664],[0.0005705443961235003,0.00058320924252301285,0.00058686305193139925,0.00059052319402125514,0.00058686305193139925,0.00058320924252301285,0.0005705443961235003],[0.00057196284444700394,0.000584345941964981,0.00058320924252301285,0.000590532656586449,0.00058320924252301285,0.000584345941964981,0.00057196284444700394],[0.00055929836689587648,0.00057196284444700394,0.0005705443961235003,0.00057814935358878664,0.0005705443961235003,0.00057196284444700394,0.00055929836689587648]],[[0.00057829554086559476,0.00059096062296477446,0.00058954210830423339,0.0005971474320251854,0.00058954210830423339,0.00059096062296477446,0.00057829554086559476],[0.00059096062296477446,0.00060334428952192414,0.000602207539184041,0.00060953129300423314,0.000602207539184041,0.00060334428952192414,0.00059096062296477446],[0.00058954210830423339,0.000602207539184041,0.00060586151713972673,0.000609521828054607,0.00060586151713972673,0.000602207539184041,0.00058954210830423339],[0.0005971474320251854,0.00060953129300423314,0.000609521828054607,0.00061628203638784793,0.000609521828054607,0.00060953129300423314,0.0005971474320251854],[0.00058954210830423339,0.000602207539184041,0.00060586151713972673,0.000609521828054607,0.00060586151713972673,0.000602207539184041,0.00058954210830423339],[0.00059096062296477446,0.00060334428952192414,0.000602207539184041,0.00060953129300423314,0.000602207539184041,0.00060334428952192414,0.00059096062296477446],[0.00057829554086559476,0.00059096062296477446,0.00058954210830423339,0.0005971474320251854,0.00058954210830423339,0.00059096062296477446,0.00057829554086559476]],[[0.00059729359627563015,0.00060995924909625662,0.00060854067187552958,0.00061614634152337786,0.00060854067187552958,0.00060995924909625662,0.00059729359627563015],[0.00060995924909625662,0.00062234345168103744,0.00062120665346975727,0.00062853072751371385,0.00062120665346975727,0.00062234345168103744,0.00060995924909625662],[0.00060854067187552958,0.00062120665346975727,0.00062486079023076622,0.00062852126021183141,0.00062486079023076622,0.00062120665346975727,0.00060854067187552958],[0.00061614634152337786,0.00062853072751371385,0.00062852126021183141,0.000635281760500297,0.00062852126021183141,0.00062853072751371385,0.00061614634152337786],[0.00060854067187552958,0.00062120665346975727,0.00062486079023076622,0.00062852126021183141,0.00062486079023076622,0.00062120665346975727,0.00060854067187552958],[0.00060995924909625662,0.00062234345168103744,0.00062120665346975727,0.00062853072751371385,0.00062120665346975727,0.00062234345168103744,0.00060995924909625662],[0.00059729359627563015,0.00060995924909625662,0.00060854067187552958,0.00061614634152337786,0.00060854067187552958,0.00060995924909625662,0.00059729359627563015]],[[0.00061629248243788158,0.00062895867220939393,0.00062754003620413333,0.00063514603149229906,0.00062754003620413333,0.00062895867220939393,0.00061629248243788158],[0.00062895867220939393,0.00064134337781419719,0.00064020653475565321,0.00064753090950016344,0.00064020653475565321,0.00064134337781419719,0.00062895867220939393],[0.00062754003620413333,0.00064020653475565321,0.00064386082058253563,0.0006475214398734458,0.00064386082058253563,0.00064020653475565321,0.00062754003620413333],[0.00063514603149229906,0.00064753090950016344,0.0006475214398734458,0.00065428221410020648,0.0006475214398734458,0.00064753090950016344,0.00063514603149229906],[0.00062754003620413333,0.00064020653475565321,0.00064386082058253563,0.0006475214398734458,0.00064386082058253563,0.00064020653475565321,0.00062754003620413333],[0.00062895867220939393,0.00064134337781419719,0.00064020653475565321,0.00064753090950016344,0.00064020653475565321,0.00064134337781419719,0.00062895867220939393],[0.00061629248243788158,0.00062895867220939393,0.00062754003620413333,0.00063514603149229906,0.00062754003620413333,0.00062895867220939393,0.00061629248243788158]],[[0.00063529214869184755,0.00064795884162569255,0.00064654015061738751,0.00065414645125575486,0.00064654015061738751,0.00064795884162569255,0.00063529214869184755],[0.00064795884162569255,0.0006603440171791794,0.00065920713230859147,0.00066653178819950224,0.00065920713230859147,0.0006603440171791794,0.00064795884162569255],[0.00064654015061738751,0.00065920713230859147,0.00066286155744437966,0.000666522316271218,0.00066286155744437966,0.00065920713230859147,0.00064654015061738751],[0.00065414645125575486,0.00