{"M_cells":[[[0,0,0,0,0,0,0],[0,0,0,0,0,0,0],[0,0,0,0,0,0,0],[0,0,0,0,0,0,0],[0,0,0,0,0,0,0],[0,0,0,0,0,0,0],[0,0,0,0,0,0,0]],[[1.4002237204133174E-12,8.0869413756832583E-12,7.1949436692441531E-12,1.0525538225674886E-11,7.1949436692441531E-12,8.0869413756832583E-12,1.4002237204133174E-12],[8.0869413756832583E-12,3.4433259703574178E-11,3.1475651877376854E-11,4.4477665786533455E-11,3.1475651877376854E-11,3.4433259703574185E-11,8.0869413756832583E-12],[7.1949436692441531E-12,3.1475651877376854E-11,3.8640157641908455E-11,4.5843708987424453E-11,3.8640157641908462E-11,3.147565187737686E-11,7.1949436692441539E-12],[1.0525538225674886E-11,4.4477665786533455E-11,4.5843708987424453E-11,6.0484699299223758E-11,4.5843708987424459E-11,4.4477665786533468E-11,1.0525538225674886E-11],[7.1949436692441531E-12,3.1475651877376854E-11,3.8640157641908462E-11,4.5843708987424459E-11,3.8640157641908462E-11,3.147565187737686E-11,7.1949436692441547E-12],[8.0869413756832583E-12,3.4433259703574185E-11,3.147565187737686E-11,4.4477665786533468E-11,3.147565187737686E-11,3.4433259703574185E-11,8.0869413756832583E-12],[1.4002237204133174E-12,8.0869413756832583E-12,7.1949436692441539E-12,1.0525538225674886E-11,7.1949436692441547E-12,8.0869413756832583E-12,1.4002237204133176E-12]],[[9.8224452133417585E-12,3.2300017756620973E-11,2.9336518146705657E-11,4.0884483336613326E-11,2.9336518146705657E-11,3.2300017756620973E-11,9.8224452133417585E-12],[3.2300017756620973E-11,8.4799857524007049E-11,7.8978873298356819E-11,1.0590289856059064E-10,7.8978873298356819E-11,8.4799857524007049E-11,3.2300017756620973E-11],[2.9336518146705657E-11,7.8978873298356819E-11,9.3536593648184362E-11,1.0814673839531344E-10,9.3536593648184362E-11,7.8978873298356819E-11,2.9336518146705663E-11],[4.0884483336613326E-11,1.0590289856059064E-10,1.0814673839531344E-10,1.3729609714695528E-10,1.0814673839531344E-10,1.0590289856059064E-10,4.0884483336613326E-11],[2.9336518146705657E-11,7.8978873298356819E-11,9.3536593648184362E-11,1.0814673839531344E-10,9.3536593648184362E-11,7.8978873298356819E-11,2.9336518146705663E-11],[3.2300017756620973E-11,8.4799857524007049E-11,7.8978873298356819E-11,1.0590289856059064E-10,7.8978873298356819E-11,8.4799857524007049E-11,3.2300017756620973E-11],[9.8224452133417585E-12,3.2300017756620973E-11,2.9336518146705663E-11,4.0884483336613326E-11,2.9336518146705663E-11,3.2300017756620973E-11,9.8224452133417585E-12]],[[2.9339933183239827E-11,7.2503250818790814E-11,6.6863077883909177E-11,8.9612741843687829E-11,6.6863077883909177E-11,7.2503250818790814E-11,2.9339933183239827E-11],[7.2503250818790814E-11,1.5094988626818519E-10,1.4236162918202331E-10,1.8372278109865753E-10,1.4236162918202331E-10,1.5094988626818519E-10,7.2503250818790814E-11],[6.6863077883909177E-11,1.4236162918202331E-10,1.6440056048897253E-10,1.8650515039428346E-10,1.6440056048897253E-10,1.4236162918202333E-10,6.686307788390919E-11],[8.9612741843687829E-11,1.8372278109865753E-10,1.8650515039428346E-10,2.3001151989959456E-10,1.8650515039428346E-10,1.8372278109865753E-10,8.9612741843687829E-11],[6.6863077883909177E-11,1.4236162918202331E-10,1.6440056048897253E-10,1.8650515039428346E-10,1.6440056048897253E-10,1.4236162918202333E-10,6.686307788390919E-11],[7.2503250818790814E-11,1.5094988626818519E-10,1.4236162918202333E-10,1.8372278109865753E-10,1.4236162918202333E-10,1.5094988626818519E-10,7.2503250818790814E-11],[2.9339933183239827E-11,7.2503250818790814E-11,6.686307788390919E-11,8.9612741843687829E-11,6.686307788390919E-11,7.2503250818790814E-11,2.9339933183239827E-11]],[[6.2130237517504067E-11,1.2857265015883291E-10,1.1997109436038357E-10,1.5572484425486842E-10,1.1997109436038357E-10,1.2857265015883291E-10,6.2130237517504067E-11],[1.2857265015883291E-10,2.3276953376556858E-10,2.2151279173054654E-10,2.7758117709325209E-10,2.2151279173054654E-10,2.3276953376556858E-10,1.2857265015883291E-10],[1.1997109436038357E-10,2.2151279173054654E-10,2.5106067151528734E-10,2.8068730340363518E-10,2.5106067151528734E-10,2.2151279173054654E-10,1.1997109436038359E-10],[1.5572484425486842E-10,2.7758117709325209E-10,2.8068730340363518E-10,3.3840305508421536E-10,2.8068730340363518E-10,2.7758117709325209E-10,1.5572484425486842E-10],[1.1997109436038357E-10,2.2151279173054654E-10,2.5106067151528734E-10,2.8068730340363518E-10,2.5106067151528734E-10,2.2151279173054654E-10,1.1997109436038359E-10],[1.2857265015883291E-10,2.3276953376556858E-10,2.2151279173054654E-10,2.7758117709325209E-10,2.2151279173054654E-10,2.3276953376556858E-10,1.2857265015883291E-10],[6.2130237517504067E-11,1.2857265015883291E-10,1.1997109436038359E-10,1.5572484425486842E-10,1.1997109436038359E-10,1.2857265015883291E-10,6.2130237517504067E-11]],[[1.0933339052798569E-10,2.0038704362909135E-10,1.8871344039659628E-10,2.3853901748057418E-10,1.8871344039659628E-10,2.0038704362909135E-10,1.0933339052798569E-10],[2.0038704362909135E-10,3.3013799778602032E-10,3.1630368072788755E-10,3.8719669124173325E-10,3.1630368072788755E-10,3.3013799778602032E-10,2.0038704362909135E-10],[1.8871344039659628E-10,3.1630368072788755E-10,3.5335116729073422E-10,3.9049036402163371E-10,3.5335116729073422E-10,3.1630368072788755E-10,1.8871344039659628E-10],[2.3853901748057418E-10,3.8719669124173325E-10,3.9049036402163371E-10,4.6227198063151779E-10,3.9049036402163366E-10,3.8719669124173319E-10,2.3853901748057418E-10],[1.8871344039659628E-10,3.1630368072788755E-10,3.5335116729073422E-10,3.9049036402163366E-10,3.5335116729073422E-10,3.1630368072788755E-10,1.8871344039659628E-10],[2.0038704362909135E-10,3.3013799778602032E-10,3.1630368072788755E-10,3.8719669124173319E-10,3.1630368072788755E-10,3.3013799778602032E-10,2.0038704362909135E-10],[1.0933339052798569E-10,2.0038704362909135E-10,1.8871344039659628E-10,2.3853901748057418E-10,1.8871344039659628E-10,2.0038704362909135E-10,1.0933339052798569E-10]],[[1.7152023362944047E-10,2.8782437319371867E-10,2.7305883994665253E-10,3.3756734941857556E-10,2.7305883994665253E-10,2.8782437319371867E-10,1.7152023362944047E-10],[2.8782437319371867E-10,4.4293028717395924E-10,4.265976949499025E-10,5.1233795012135037E-10,4.265976949499025E-10,4.4293028717395919E-10,2.8782437319371867E-10],[2.7305883994665253E-10,4.265976949499025E-10,4.7111291442829257E-10,5.1573267238084E-10,4.7111291442829257E-10,4.265976949499025E-10,2.7305883994665253E-10],[3.3756734941857556E-10,5.1233795012135037E-10,5.1573267238084E-10,6.0144096624109993E-10,5.1573267238084E-10,5.1233795012135037E-10,3.3756734941857556E-10],[2.7305883994665253E-10,4.265976949499025E-10,4.7111291442829257E-10,5.1573267238084E-10,4.7111291442829257E-10,4.265976949499025E-10,2.7305883994665253E-10],[2.8782437319371867E-10,4.4293028717395919E-10,4.265976949499025E-10,5.1233795012135037E-10,4.265976949499025E-10,4.4293028717395919E-10,2.8782437319371867E-10],[1.7152023362944047E-10,2.8782437319371867E-10,2.7305883994665253E-10,3.3756734941857556E-10,2.7305883994665253E-10,2.8782437319371867E-10,1.7152023362944047E-10]],[[2.4894853516707176E-10,3.9076078226914146E-10,3.7292776695476173E-10,4.5244669400827645E-10,3.7292776695476173E-10,3.9076078226914146E-10,2.4894853516707176E-10],[3.9076078226914146E-10,5.7101945599309E-10,5.5225592381102057E-10,6.5280771526901071E-10,5.5225592381102057E-10,5.7101945599309E-10,3.9076078226914146E-10],[3.7292776695476173E-10,5.5225592381102057E-10,6.0419361060365357E-10,6.5624854006964229E-10,6.0419361060365357E-10,5.5225592381102057E-10,3.7292776695476168E-10],[4.5244669400827645E-10,6.5280771526901071E-10,6.5624854006964229E-10,7.5574875488354562E-10,6.5624854006964229E-10,6.5280771526901071E-10,4.5244669400827645E-10],[3.7292776695476173E-10,5.5225592381102057E-10,6.0419361060365357E-10,6.5624854006964229E-10,6.0419361060365357E-10,5.5225592381102057E-10,3.7292776695476168E-10],[3.9076078226914146E-10,5.7101945599309E-10,5.5225592381102057E-10,6.5280771526901071E-10,5.5225592381102057E-10,5.7101945599309E-10,3.9076078226914146E-10],[2.4894853516707176E-10,3.9076078226914146E-10,3.7292776695476168E-10,4.5244669400827645E-10,3.7292776695476168E-10,3.9076078226914146E-10,2.4894853516707176E-10]],[[3.4170349757261853E-10,5.0907098885075439E-10,4.8821403763486845E-10,5.8289506802127622E-10,4.8821403763486845E-10,5.0907098885075439E-10,3.4170349757261853E-10],[5.0907098885075439E-10,7.1427831514803594E-10,6.9314035913709511E-10,8.0843261161586746E-10,6.9314035913709511E-10,7.1427831514803594E-10,5.0907098885075439E-10],[4.8821403763486845E-10,6.9314035913709511E-10,7.5244760301323832E-10,8.1188467506456448E-10,7.5244760301323832E-10,6.9314035913709511E-10,4.8821403763486845E-10],[5.8289506802127622E-10,8.0843261161586746E-10,8.1188467506456448E-10,9.2504650613840656E-10,8.1188467506456448E-10,8.0843261161586746E-10,5.8289506802127622E-10],[4.8821403763486845E-10,6.9314035913709511E-10,7.5244760301323832E-10,8.1188467506456448E-10,7.5244760301323832E-10,6.9314035913709511E-10,4.8821403763486834E-10],[5.0907098885075439E-10,7.1427831514803594E-10,6.9314035913709511E-10,8.0843261161586746E-10,6.9314035913709511E-10,7.1427831514803594E-10,5.0907098885075439E-10],[3.4170349757261853E-10,5.0907098885075439E-10,4.8821403763486845E-10,5.8289506802127622E-10,4.8821403763486834E-10,5.0907098885075439E-10,3.4170349757261853E-10]],[[4.497751795037102E-10,6.4262914839671058E-10,6.1879772870612718E-10,7.2868403370776531E-10,6.1879772870612718E-10,6.4262914839671058E-10,4.497751795037102E-10],[6.4262914839671058E-10,8.7258070189629379E-10,8.4911568267592757E-10,9.7905643952503412E-10,8.4911568267592757E-10,8.7258070189629368E-10,6.4262914839671058E-10],[6.1879772870612718E-10,8.4911568267592757E-10,9.1573554148227226E-10,9.8249770035695E-10,9.1573554148227226E-10,8.4911568267592757E-10,6.1879772870612718E-10],[7.2868403370776531E-10,9.7905643952503412E-10,9.8249770035695E-10,1.1091952585888624E-9,9.8249770035695E-10,9.7905643952503412E-10,7.2868403370776531E-10],[6.1879772870612718E-10,8.4911568267592757E-10,9.1573554148227226E-10,9.8249770035695E-10,9.1573554148227226E-10,8.4911568267592757E-10,6.1879772870612708E-10],[6.4262914839671058E-10,8.7258070189629368E-10,8.4911568267592757E-10,9.7905643952503412E-10,8.4911568267592757E-10,8.7258070189629368E-10,6.4262914839671058E-10],[4.497751795037102E-10,6.4262914839671058E-10,6.1879772870612718E-10,7.2868403370776531E-10,6.1879772870612708E-10,6.4262914839671058E-10,4.497751795037102E-10]],[[5.7310140769714374E-10,7.9130980800271132E-10,7.645528489529588E-10,8.8962113098472165E-10,7.645528489529588E-10,7.9130980800271132E-10,5.7310140769714374E-10],[7.9130980800271132E-10,1.045802393854395E-9,1.0200502148971842E-9,1.164535783276078E-9,1.0200502148971842E-9,1.045802393854395E-9,7.9130980800271132E-10],[7.645528489529588E-10,1.0200502148971842E-9,1.0939239816917254E-9,1.1679524115948115E-9,1.0939239816917254E-9,1.0200502148971842E-9,7.645528489529587E-10],[8.8962113098472165E-10,1.164535783276078E-9,1.1679524115948115E-9,1.3080641495930677E-9,1.1679524115948115E-9,1.164535783276078E-9,8.8962113098472165E-10],[7.645528489529588E-10,1.0200502148971842E-9,1.0939239816917254E-9,1.1679524115948115E-9,1.0939239816917254E-9,1.0200502148971842E-9,7.645528489529587E-10],[7.9130980800271132E-10,1.045802393854395E-9,1.0200502148971842E-9,1.164535783276078E-9,1.0200502148971842E-9,1.045802393854395E-9,7.9130980800271132E-10],[5.7310140769714374E-10,7.9130980800271132E-10,7.645528489529587E-10,8.8962113098472165E-10,7.645528489529587E-10,7.9130980800271132E-10,5.7310140769714374E-10]],[[7.1159173970768452E-10,9.54988770629467E-10,9.2535184643667455E-10,1.0655386447299622E-9,9.2535184643667455E-10,9.54988770629467E-10,7.1159173970768452E-10],[9.54988770629467E-10,1.2338217467420537E-9,1.2058163750385677E-9,1.3647370978550887E-9,1.2058163750385677E-9,1.2338217467420535E-9,9.54988770629467E-10],[9.2535184643667455E-10,1.2058163750385677E-9,1.2868849950469891E-9,1.3681205367929078E-9,1.2868849950469891E-9,1.2058163750385677E-9,9.2535184643667444E-10],[1.0655386447299622E-9,1.3647370978550887E-9,1.3681205367929078E-9,1.5215291503249626E-9,1.3681205367929076E-9,1.3647370978550885E-9,1.0655386447299622E-9],[9.2535184643667455E-10,1.2058163750385677E-9,1.2868849950469891E-9,1.3681205367929076E-9,1.2868849950469888E-9,1.2058163750385677E-9,9.2535184643667444E-10],[9.54988770629467E-10,1.2338217467420535E-9,1.2058163750385677E-9,1.3647370978550885E-9,1.2058163750385677E-9,1.2338217467420535E-9,9.54988770629467E-10],[7.1159173970768452E-10,9.54988770629467E-10,9.2535184643667444E-10,1.0655386447299622E-9,9.2535184643667444E-10,9.54988770629467E-10,7.1159173970768452E-10]],[[8.6514096708653273E-10,1.1335438026089669E-9,1.1010682141913077E-9,1.2562863779475867E-9,1.1010682141913077E-9,1.1335438026089669E-9,8.6514096708653273E-10],[1.1335438026089669E-9,1.4365201227488378E-9,1.4062908604539561E-9,1.5795347521571604E-9,1.4062908604539561E-9,1.4365201227488378E-9,1.1335438026089669E-9],[1.1010682141913077E-9,1.4062908604539561E-9,1.4944958097192792E-9,1.5828798390982411E-9,1.4944958097192792E-9,1.4062908604539561E-9,1.1010682141913077E-9],[1.2562863779475867E-9,1.5795347521571604E-9,1.5828798390982411E-9,1.7494721532831047E-9,1.5828798390982411E-9,1.5795347521571604E-9,1.2562863779475867E-9],[1.1010682141913077E-9,1.4062908604539561E-9,1.4944958097192792E-9,1.5828798390982411E-9,1.4944958097192792E-9,1.4062908604539561E-9,1.1010682141913077E-9],[1.1335438026089669E-9,1.4365201227488378E-9,1.4062908604539561E-9,1.5795347521571604E-9,1.4062908604539561E-9,1.4365201227488378E-9,1.1335438026089669E-9],[8.6514096708653273E-10,1.1335438026089669E-9,1.1010682141913077E-9,1.2562863779475867E-9,1.1010682141913077E-9,1.1335438026089669E-9,8.6514096708653273E-10]],[[1.0336368037074349E-9,1.3268551746333024E-9,1.2915779585883005E-9,1.4617269666784689E-9,1.2915779585883003E-9,1.3268551746333024E-9,1.0336368037074349E-9],[1.3268551746333024E-9,1.6537821633151641E-9,1.6213546681360305E-9,1.8088096943931622E-9,1.6213546681360305E-9,1.6537821633151639E-9,1.3268551746333024E-9],[1.2915779585883005E-9,1.6213546681360305E-9,1.7166384907021482E-9,1.8121134554135728E-9,1.7166384907021482E-9,1.6213546681360305E-9,1.2915779585883003E-9],[1.4617269666784689E-9,1.8088096943931622E-9,1.8121134554135728E-9,1.9917803023005903E-9,1.8121134554135728E-9,1.8088096943931622E-9,1.4617269666784689E-9],[1.2915779585883003E-9,1.6213546681360305E-9,1.7166384907021482E-9,1.8121134554135728E-9,1.7166384907021482E-9,1.6213546681360305E-9,1.2915779585883003E-9],[1.3268551746333024E-9,1.6537821633151639E-9,1.6213546681360305E-9,1.8088096943931622E-9,1.6213546681360305E-9,1.6537821633151639E-9,1.3268551746333024E-9],[1.0336368037074349E-9,1.3268551746333024E-9,1.2915779585883003E-9,1.4617269666784689E-9,1.2915779585883003E-9,1.3268551746333024E-9,1.0336368037074349E-9]],[[1.2169643110704076E-9,1.5348060520616447E-9,1.4967603915963051E-9,1.6817328138772272E-9,1.4967603915963049E-9,1.5348060520616445E-9,1.2169643110704076E-9],[1.5348060520616447E-9,1.8854959482197044E-9,1.8508930303582826E-9,2.05244852478752E-9,1.8508930303582826E-9,1.8854959482197044E-9,1.5348060520616445E-9],[1.4967603915963051E-9,1.8508930303582826E-9,1.9531996585597139E-9,2.0557093982827742E-9,1.9531996585597139E-9,1.8508930303582826E-9,1.4967603915963049E-9],[1.6817328138772272E-9,2.05244852478752E-9,2.0557093982827742E-9,2.2483454904452138E-9,2.0557093982827742E-9,2.05244852478752E-9,1.681732813877227E-9],[1.4967603915963049E-9,1.8508930303582826E-9,1.9531996585597139E-9,2.0557093982827742E-9,1.9531996585597139E-9,1.8508930303582824E-9,1.4967603915963049E-9],[1.5348060520616445E-9,1.8854959482197044E-9,1.8508930303582826E-9,2.05244852478752E-9,1.8508930303582824E-9,1.8854959482197044E-9,1.5348060520616443E-9],[1.2169643110704076E-9,1.5348060520616445E-9,1.4967603915963049E-9,1.681732813877227E-9,1.4967603915963049E-9,1.5348060520616443E-9,1.2169643110704074E-9]],[[1.4150084708943494E-9,1.75728275954743E-9,1.7164985244217472E-9,1.9161840589626863E-9,1.7164985244217469E-9,1.7572827595474299E-9,1.4150084708943494E-9],[1.75728275954743E-9,2.1315530728524748E-9,2.094795306083882E-9,2.3103428367453027E-9,2.094795306083882E-9,2.1315530728524748E-9,1.7572827595474299E-9],[1.7164985244217472E-9,2.094795306083882E-9,2.204070242995645E-9,2.3135601716469213E-9,2.204070242995645E-9,2.094795306083882E-9,1.7164985244217469E-9],[1.9161840589626863E-9,2.3103428367453027E-9,2.3135601716469213E-9,2.5190639749613709E-9,2.3135601716469209E-9,2.3103428367453027E-9,1.9161840589626863E-9],[1.7164985244217469E-9,2.094795306083882E-9,2.204070242995645E-9,2.3135601716469209E-9,2.204070242995645E-9,2.094795306083882E-9,1.7164985244217469E-9],[1.7572827595474299E-9,2.1315530728524748E-9,2.094795306083882E-9,2.3103428367453027E-9,2.094795306083882E-9,2.1315530728524748E-9,1.7572827595474297E-9],[1.4150084708943494E-9,1.7572827595474299E-9,1.7164985244217469E-9,1.9161840589626863E-9,1.7164985244217469E-9,1.7572827595474297E-9,1.4150084708943492E-9]],[[1.6276556907237592E-9,1.9941749460023526E-9,1.9506792288152087E-9,2.1649672131519837E-9,1.9506792288152087E-9,1.9941749460023526E-9,1.6276556907237592E-9],[1.9941749460023526E-9,2.391848667510692E-9,2.352954851876925E-9,2.5823887363855024E-9,2.352954851876925E-9,2.391848667510692E-9,1.9941749460023526E-9],[1.9506792288152087E-9,2.352954851876925E-9,2.4691452662301795E-9,2.5855624667097873E-9,2.4691452662301795E-9,2.352954851876925E-9,1.9506792288152087E-9],[2.1649672131519837E-9,2.5823887363855024E-9,2.5855624667097873E-9,2.803836074445007E-9,2.5855624667097869E-9,2.5823887363855019E-9,2.1649672131519837E-9],[1.9506792288152087E-9,2.352954851876925E-9,2.4691452662301795E-9,2.5855624667097869E-9,2.4691452662301791E-9,2.3529548518769246E-9,1.9506792288152083E-9],[1.9941749460023526E-9,2.391848667510692E-9,2.352954851876925E-9,2.5823887363855019E-9,2.3529548518769246E-9,2.3918486675106916E-9,1.9941749460023522E-9],[1.6276556907237592E-9,1.9941749460023526E-9,1.9506792288152087E-9,2.1649672131519837E-9,1.9506792288152083E-9,1.9941749460023522E-9,1.627655690723759E-9]],[[1.8547946849324045E-9,2.2453756732988611E-9,2.1991932651960142E-9,2.4279742251867236E-9,2.1991932651960142E-9,2.2453756732988611E-9,1.8547946849324045E-9],[2.2453756732988611E-9,2.6662813762912559E-9,2.6252688855437942E-9,2.8684864816553757E-9,2.6252688855437942E-9,2.6662813762912559E-9,2.2453756732988611E-9],[2.1991932651960142E-9,2.6252688855437942E-9,2.7483236512036597E-9,2.8716169147222878E-9,2.7483236512036597E-9,2.6252688855437942E-9,2.1991932651960142E-9],[2.4279742251867236E-9,2.8684864816553757E-9,2.8716169147222878E-9,3.1025659243143255E-9,2.8716169147222878E-9,2.8684864816553757E-9,2.4279742251867236E-9],[2.1991932651960142E-9,2.6252688855437942E-9,2.7483236512036597E-9,2.8716169147222878E-9,2.7483236512036597E-9,2.6252688855437942E-9,2.1991932651960142E-9],[2.2453756732988611E-9,2.6662813762912559E-9,2.6252688855437942E-9,2.8684864816553757E-9,2.6252688855437942E-9,2.6662813762912559E-9,2.2453756732988607E-9],[1.8547946849324045E-9,2.2453756732988611E-9,2.1991932651960142E-9,2.4279742251867236E-9,2.1991932651960142E-9,2.2453756732988607E-9,1.8547946849324041E-9]],[[2.0963169835256219E-9,2.5107814482400317E-9,2.4619352363413448E-9,2.7051018270732205E-9,2.4619352363413448E-9,2.5107814482400317E-9,2.0963169835256219E-9],[2.5107814482400317E-9,2.954753308384307E-9,2.9116383496313628E-9,3.1685402024602977E-9,2.9116383496313628E-9,2.954753308384307E-9,2.5107814482400317E-9],[2.4619352363413448E-9,2.9116383496313628E-9,3.0415080501644919E-9,3.1716278806755648E-9,3.0415080501644919E-9,2.9116383496313628E-9,2.4619352363413448E-9],[2.7051018270732205E-9,3.1685402024602977E-9,3.1716278806755648E-9,3.4151612740382963E-9,3.1716278806755648E-9,3.1685402024602977E-9,2.7051018270732205E-9],[2.4619352363413448E-9,2.9116383496313628E-9,3.0415080501644919E-9,3.1716278806755648E-9,3.0415080501644919E-9,2.9116383496313624E-9,2.4619352363413448E-9],[2.5107814482400317E-9,2.954753308384307E-9,2.9116383496313628E-9,3.1685402024602977E-9,2.9116383496313624E-9,2.9547533083843066E-9,2.5107814482400313E-9],[2.0963169835256219E-9,2.5107814482400317E-9,2.4619352363413448E-9,2.7051018270732205E-9,2.4619352363413448E-9,2.5107814482400313E-9,2.0963169835256215E-9]],[[2.3521172150786306E-9,2.7902922133558883E-9,2.7388035011574362E-9,2.996251063359458E-9,2.7388035011574362E-9,2.7902922133558883E-9,2.3521172150786306E-9],[2.7902922133558883E-9,3.2571699709981323E-9,3.2119677784141095E-9,3.4824576763565709E-9,3.2119677784141095E-9,3.2571699709981323E-9,2.7902922133558883E-9],[2.7388035011574362E-9,3.2119677784141095E-9,3.3486046899007038E-9,3.4855032867894457E-9,3.3486046899007038E-9,3.2119677784141095E-9,2.7388035011574362E-9],[2.996251063359458E-9,3.4824576763565709E-9,3.4855032867894457E-9,3.7415333146414217E-9,3.4855032867894457E-9,3.4824576763565709E-9,2.996251063359458E-9],[2.7388035011574362E-9,3.2119677784141095E-9,3.3486046899007038E-9,3.4855032867894457E-9,3.3486046899007038E-9,3.2119677784141095E-9,2.7388035011574362E-9],[2.7902922133558883E-9,3.2571699709981323E-9,3.2119677784141095E-9,3.4824576763565709E-9,3.2119677784141095E-9,3.2571699709981319E-9,2.7902922133558879E-9],[2.3521172150786306E-9,2.7902922133558883E-9,2.7388035011574362E-9,2.996251063359458E-9,2.7388035011574362E-9,2.7902922133558879E-9,2.35211721507863E-9]],[[2.6220932502428828E-9,3.0838113085407775E-9,3.0297000685832312E-9,3.3013269417679445E-9,3.0297000685832312E-9,3.0838113085407775E-9,2.6220932502428828E-9],[3.0838113085407775E-9,3.573440190505025E-9,3.5261651700371886E-9,3.8101501429006254E-9,3.5261651700371886E-9,3.573440190505025E-9,3.0838113085407775E-9],[3.0297000685832312E-9,3.5261651700371886E-9,3.6695232305684783E-9,3.8131544580367036E-9,3.6695232305684787E-9,3.5261651700371886E-9,3.0297000685832312E-9],[3.3013269417679445E-9,3.8101501429006254E-9,3.8131544580367036E-9,4.0815965284718538E-9,3.8131544580367036E-9,3.8101501429006254E-9,3.3013269417679445E-9],[3.0297000685832312E-9,3.5261651700371886E-9,3.6695232305684787E-9,3.8131544580367036E-9,3.6695232305684787E-9,3.5261651700371886E-9,3.0297000685832312E-9],[3.0838113085407775E-9,3.573440190505025E-9,3.5261651700371886E-9,3.8101501429006254E-9,3.5261651700371886E-9,3.573440190505025E-9,3.0838113085407771E-9],[2.6220932502428828E-9,3.0838113085407775E-9,3.0297000685832312E-9,3.3013269417679445E-9,3.0297000685832312E-9,3.0838113085407771E-9,2.6220932502428823E-9]],[[2.9061462579202907E-9,3.3912454125910786E-9,3.3345304830931663E-9,3.6202381649006691E-9,3.3345304830931663E-9,3.3912454125910786E-9,2.9061462579202907E-9],[3.3912454125910786E-9,3.9034760264646277E-9,3.8541418644079269E-9,4.1515321453446965E-9,3.8541418644079269E-9,3.9034760264646277E-9,3.3912454125910786E-9],[3.3345304830931663E-9,3.8541418644079269E-9,4.0041766356871994E-9,4.1544959842501036E-9,4.0041766356871994E-9,3.8541418644079269E-9,3.3345304830931663E-9],[3.6202381649006691E-9,4.1515321453446965E-9,4.1544959842501036E-9,4.4352685556089671E-9,4.1544959842501036E-9,4.1515321453446965E-9,3.6202381649006691E-9],[3.3345304830931663E-9,3.8541418644079269E-9,4.0041766356871994E-9,4.1544959842501036E-9,4.0041766356871994E-9,3.8541418644079269E-9,3.3345304830931663E-9],[3.3912454125910786E-9,3.9034760264646277E-9,3.8541418644079269E-9,4.1515321453446965E-9,3.8541418644079269E-9,3.9034760264646277E-9,3.3912454125910782E-9],[2.9061462579202907E-9,3.3912454125910786E-9,3.3345304830931663E-9,3.6202381649006691E-9,3.3345304830931663E-9,3.3912454125910782E-9,2.9061462579202903E-9]],[[3.2041807061798943E-9,3.7125044713503906E-9,3.6532037082037508E-9,3.9528969167745322E-9,3.6532037082037508E-9,3.7125044713503906E-9,3.2041807061798943E-9],[3.7125044713503906E-9,4.2471926817813744E-9,4.1958124268638937E-9,4.5065213920549119E-9,4.1958124268638937E-9,4.2471926817813744E-9,3.7125044713503906E-9],[3.6532037082037508E-9,4.1958124268638937E-9,4.3524810513849024E-9,4.5094455949522517E-9,4.3524810513849024E-9,4.1958124268638937E-9,3.6532037082037508E-9],[3.9528969167745322E-9,4.5065213920549119E-9,4.5094455949522517E-9,4.8024700729383039E-9,4.5094455949522517E-9,4.5065213920549119E-9,3.9528969167745322E-9],[3.6532037082037508E-9,4.1958124268638937E-9,4.3524810513849024E-9,4.5094455949522517E-9,4.3524810513849024E-9,4.1958124268638937E-9,3.6532037082037508E-9],[3.7125044713503906E-9,4.2471926817813744E-9,4.1958124268638937E-9,4.5065213920549119E-9,4.1958124268638937E-9,4.2471926817813744E-9,3.71250447135039E-9],[3.2041807061798943E-9,3.7125044713503906E-9,3.6532037082037508E-9,3.9528969167745322E-9,3.6532037082037508E-9,3.71250447135039E-9,3.2041807061798939E-9]],[[3.5161043280779837E-9,4.0475016173474763E-9,3.9856320114369609E-9,4.2992186869857122E-9,3.9856320114369609E-9,4.0475016173474763E-9,3.5161043280779837E-9],[4.0475016173474763E-9,4.604508411244954E-9,4.5510945373702806E-9,4.8750386324677677E-9,4.5510945373702806E-9,4.604508411244954E-9,4.0475016173474763E-9],[3.9856320114369609E-9,4.5510945373702806E-9,4.7143556933929E-9,4.8779240441533771E-9,4.7143556933929E-9,4.5510945373702806E-9,3.9856320114369609E-9],[4.2992186869857122E-9,4.8750386324677677E-9,4.8779240441533771E-9,5.1831246830681985E-9,4.8779240441533771E-9,4.8750386324677677E-9,4.2992186869857122E-9],[3.9856320114369609E-9,4.5510945373702806E-9,4.7143556933929E-9,4.8779240441533771E-9,4.7143556933929E-9,4.5510945373702806E-9,3.9856320114369609E-9],[4.0475016173474763E-9,4.604508411244954E-9,4.5510945373702806E-9,4.8750386324677677E-9,4.5510945373702806E-9,4.604508411244954E-9,4.0475016173474763E-9],[3.5161043280779837E-9,4.0475016173474763E-9,3.9856320114369609E-9,4.2992186869857122E-9,3.9856320114369609E-9,4.0475016173474763E-9,3.5161043280779837E-9]],[[3.8418280652914614E-9,4.3961530844359815E-9,4.3317308524893328E-9,4.659122121150783E-9,4.3317308524893328E-9,4.3961530844359815E-9,3.8418280652914614E-9],[4.3961530844359815E-9,4.9753444299849982E-9,4.9199088848826865E-9,5.2570075440267851E-9,4.9199088848826865E-9,4.9753444299849982E-9,4.3961530844359815E-9],[4.3317308524893328E-9,4.9199088848826865E-9,5.0897227406152634E-9,5.2598550031326237E-9,5.0897227406152634E-9,4.9199088848826865E-9,4.3317308524893328E-9],[4.659122121150783E-9,5.2570075440267851E-9,5.2598550031326237E-9,5.5771588110618262E-9,5.2598550031326237E-9,5.2570075440267851E-9,4.659122121150783E-9],[4.3317308524893328E-9,4.9199088848826865E-9,5.0897227406152634E-9,5.2598550031326237E-9,5.0897227406152634E-9,4.9199088848826865E-9,4.3317308524893328E-9],[4.3961530844359815E-9,4.9753444299849982E-9,4.9199088848826865E-9,5.2570075440267851E-9,4.9199088848826865E-9,4.9753444299849982E-9,4.3961530844359815E-9],[3.8418280652914614E-9,4.3961530844359815E-9,4.3317308524893328E-9,4.659122121150783E-9,4.3317308524893328E-9,4.3961530844359815E-9,3.8418280652914614E-9]],[[4.1812659979686611E-9,4.7583781199161592E-9,4.6914187753935869E-9,5.03252889007307E-9,4.6914187753935869E-9,4.7583781199161592E-9,4.1812659979686611E-9],[4.7583781199161592E-9,5.3596248228600933E-9,5.3021790664788036E-9,5.6523546276294244E-9,5.3021790664788036E-9,5.3596248228600933E-9,4.7583781199161592E-9],[4.6914187753935869E-9,5.3021790664788036E-9,5.4785072343520662E-9,5.6551649597571988E-9,5.4785072343520662E-9,5.3021790664788036E-9,4.6914187753935869E-9],[5.03252889007307E-9,5.6523546276294244E-9,5.6551649597571988E-9,5.9845016075167783E-9,5.6551649597571988E-9,5.6523546276294244E-9,5.03252889007307E-9],[4.6914187753935869E-9,5.3021790664788036E-9,5.4785072343520662E-9,5.6551649597571988E-9,5.4785072343520662E-9,5.3021790664788036E-9,4.6914187753935869E-9],[4.7583781199161592E-9,5.3596248228600933E-9,5.3021790664788036E-9,5.6523546276294244E-9,5.3021790664788036E-9,5.3596248228600933E-9,4.7583781199161592E-9],[4.1812659979686611E-9,4.7583781199161592E-9,4.6914187753935869E-9,5.03252889007307E-9,4.6914187753935869E-9,4.7583781199161592E-9,4.1812659979686611E-9]],[[4.5343352663327222E-9,5.1340988958704248E-9,5.064617304925819E-9,5.4193635725706931E-9,5.064617304925819E-9,5.1340988958704248E-9,4.5343352663327222E-9],[5.1340988958704248E-9,5.7572764554453485E-9,5.6978314908731778E-9,6.0610091098500891E-9,5.6978314908731778E-9,5.7572764554453485E-9,5.1340988958704248E-9],[5.064617304925819E-9,5.6978314908731778E-9,5.8806369824507511E-9,6.0637831232742089E-9,5.8806369824507511E-9,5.6978314908731778E-9,5.064617304925819E-9],[5.4193635725706931E-9,6.0610091098500891E-9,6.0637831232742089E-9,6.4050848569180769E-9,6.0637831232742089E-9,6.0610091098500891E-9,5.4193635725706931E-9],[5.064617304925819E-9,5.6978314908731778E-9,5.8806369824507511E-9,6.0637831232742089E-9,5.8806369824507511E-9,5.6978314908731778E-9,5.064617304925819E-9],[5.1340988958704248E-9,5.7572764554453485E-9,5.6978314908731778E-9,6.0610091098500891E-9,5.6978314908731778E-9,5.7572764554453485E-9,5.1340988958704248E-9],[4.5343352663327222E-9,5.1340988958704248E-9,5.064617304925819E-9,5.4193635725706931E-9,5.064617304925819E-9,5.1340988958704248E-9,4.5343352663327222E-9]],[[4.9009559877147611E-9,5.5232404208931212E-9,5.4512508472304265E-9,5.8195535485320788E-9,5.4512508472304265E-9,5.5232404208931212E-9,4.9009559877147611E-9],[5.5232404208931212E-9,6.1682288870302517E-9,6.1067952859574914E-9,6.4829028507025482E-9,6.1067952859574914E-9,6.1682288870302517E-9,5.5232404208931212E-9],[5.4512508472304265E-9,6.1067952859574914E-9,6.296042467808144E-9,6.4856413337778061E-9,6.296042467808144E-9,6.1067952859574914E-9,5.4512508472304265E-9],[5.8195535485320788E-9,6.4829028507025482E-9,6.4856413337778061E-9,6.8388428904673171E-9,6.4856413337778061E-9,6.4829028507025482E-9,5.8195535485320788E-9],[5.4512508472304265E-9,6.1067952859574914E-9,6.296042467808144E-9,6.4856413337778061E-9,6.296042467808144E-9,6.1067952859574914E-9,5.4512508472304265E-9],[5.5232404208931212E-9,6.1682288870302517E-9,6.1067952859574914E-9,6.4829028507025482E-9,6.1067952859574914E-9,6.1682288870302517E-9,5.5232404208931212E-9],[4.9009559877147611E-9,5.5232404208931212E-9,5.4512508472304265E-9,5.8195535485320788E-9,5.4512508472304265E-9,5.5232404208931212E-9,4.9009559877147611E-9]],[[5.2810511714635833E-9,5.9257304530052685E-9,5.8512465944958482E-9,6.2330288998498191E-9,5.8512465944958482E-9,5.9257304530052685E-9,5.2810511714635833E-9],[5.9257304530052685E-9,6.5924142858668782E-9,6.5290022100455088E-9,6.9179702560478474E-9,6.5290022100455088E-9,6.5924142858668782E-9,5.9257304530052685E-9],[5.8512465944958482E-9,6.5290022100455088E-9,6.7246567607602214E-9,6.920673975746884E-9,6.7246567607602214E-9,6.5290022100455088E-9,5.8512465944958482E-9],[6.2330288998498191E-9,6.9179702560478474E-9,6.920673975746884E-9,7.2857125027881719E-9,6.920673975746884E-9,6.9179702560478483E-9,6.2330288998498191E-9],[5.8512465944958482E-9,6.5290022100455088E-9,6.7246567607602214E-9,6.920673975746884E-9,6.7246567607602214E-9,6.5290022100455088E-9,5.8512465944958482E-9],[5.9257304530052685E-9,6.5924142858668782E-9,6.5290022100455088E-9,6.9179702560478483E-9,6.5290022100455088E-9,6.5924142858668782E-9,5.9257304530052685E-9],[5.2810511714635833E-9,5.9257304530052685E-9,5.8512465944958482E-9,6.2330288998498191E-9,5.8512465944958482E-9,5.9257304530052685E-9,5.2810511714635833E-9]],[[5.6745466333621659E-9,6.3414994142660373E-9,6.2645344334517777E-9,6.6597223175977544E-9,6.2645344334517777E-9,6.3414994142660373E-9,5.6745466333621659E-9],[6.3414994142660373E-9,7.0297673467899538E-9,6.9643865665364012E-9,7.36614819398719E-9,6.9643865665364012E-9,7.0297673467899538E-9,6.3414994142660373E-9],[6.2645344334517777E-9,6.9643865665364012E-9,7.16641543498209E-9,7.3688178951844328E-9,7.16641543498209E-9,6.9643865665364012E-9,6.2645344334517777E-9],[6.6597223175977544E-9,7.36614819398719E-9,7.3688178951844328E-9,7.7456328720480839E-9,7.3688178951844328E-9,7.36614819398719E-9,6.6597223175977544E-9],[6.2645344334517777E-9,6.9643865665364012E-9,7.16641543498209E-9,7.3688178951844328E-9,7.16641543498209E-9,6.9643865665364012E-9,6.2645344334517777E-9],[6.3414994142660373E-9,7.0297673467899538E-9,6.9643865665364012E-9,7.36614819398719E-9,6.9643865665364012E-9,7.0297673467899538E-9,6.3414994142660373E-9],[5.6745466333621659E-9,6.3414994142660373E-9,6.2645344334517777E-9,6.6597223175977544E-9,6.2645344334517777E-9,6.3414994142660373E-9,5.6745466333621659E-9]],[[6.0813709106209171E-9,6.7704803073926575E-9,6.6910468574424568E-9,7.0995690143022496E-9,6.6910468574424568E-9,6.7704803073926575E-9,6.0813709106209171E-9],[6.7704803073926575E-9,7.4802252112486642E-9,7.4128851217437317E-9,7.8273759147443888E-9,7.4128851217437317E-9,7.4802252112486642E-9,6.7704803073926575E-9],[6.6910468574424568E-9,7.4128851217437317E-9,7.6212564865873722E-9,7.8300123199899977E-9,7.6212564865873722E-9,7.4128851217437317E-9,6.6910468574424568E-9],[7.0995690143022496E-9,7.8273759147443888E-9,7.8300123199899977E-9,8.21854548313788E-9,7.8300123199899977E-9,7.8273759147443888E-9,7.0995690143022496E-9],[6.6910468574424568E-9,7.4128851217437317E-9,7.6212564865873722E-9,7.8300123199899977E-9,7.6212564865873738E-9,7.4128851217437317E-9,6.6910468574424568E-9],[6.7704803073926575E-9,7.4802252112486642E-9,7.4128851217437317E-9,7.8273759147443888E-9,7.4128851217437317E-9,7.4802252112486642E-9,6.7704803073926575E-9],[6.0813709106209171E-9,6.7704803073926575E-9,6.6910468574424568E-9,7.0995690143022496E-9,6.6910468574424568E-9,6.7704803073926575E-9,6.0813709106209171E-9]],[[6.501455178143262E-9,7.2126086345686081E-9,7.1307188818347573E-9,7.5525066404825663E-9,7.1307188818347573E-9,7.2126086345686081E-9,6.501455178143262E-9],[7.2126086345686081E-9,7.9437273897392884E-9,7.8744370256669514E-9,8.3015949736564833E-9,7.8744370256669514E-9,7.9437273897392884E-9,7.2126086345686081E-9],[7.1307188818347573E-9,7.8744370256669514E-9,8.0891202561673643E-9,8.30419878326872E-9,8.0891202561673643E-9,7.8744370256669514E-9,7.1307188818347573E-9],[7.5525066404825663E-9,8.3015949736564833E-9,8.30419878326872E-9,8.7043940536234717E-9,8.30419878326872E-9,8.3015949736564833E-9,7.5525066404825663E-9],[7.1307188818347573E-9,7.8744370256669514E-9,8.0891202561673643E-9,8.30419878326872E-9,8.0891202561673643E-9,7.8744370256669514E-9,7.1307188818347573E-9],[7.2126086345686081E-9,7.9437273897392884E-9,7.8744370256669514E-9,8.3015949736564833E-9,7.8744370256669514E-9,7.9437273897392884E-9,7.2126086345686081E-9],[6.501455178143262E-9,7.2126086345686081E-9,7.1307188818347573E-9,7.5525066404825663E-9,7.1307188818347573E-9,7.2126086345686081E-9,6.501455178143262E-9]],[[6.9347331664991478E-9,7.6678223185198237E-9,7.5834879625328451E-9,8.0184752048542618E-9,7.5834879625328451E-9,7.6678223185198237E-9,6.9347331664991478E-9],[7.6678223185198237E-9,8.420215686589458E-9,8.3489837355051981E-9,8.7887491569707821E-9,8.3489837355051981E-9,8.420215686589458E-9,7.6678223185198237E-9],[7.5834879625328451E-9,8.3489837355051981E-9,8.569949353547089E-9,8.7913210493318942E-9,8.569949353547089E-9,8.3489837355051981E-9,7.5834879625328451E-9],[8.0184752048542618E-9,8.7887491569707821E-9,8.7913210493318942E-9,9.2031244622356727E-9,8.7913210493318942E-9,8.7887491569707821E-9,8.0184752048542618E-9],[7.5834879625328451E-9,8.3489837355051981E-9,8.569949353547089E-9,8.7913210493318942E-9,8.569949353547089E-9,8.3489837355051981E-9,7.5834879625328451E-9],[7.6678223185198237E-9,8.420215686589458E-9,8.3489837355051981E-9,8.7887491569707821E-9,8.3489837355051981E-9,8.420215686589458E-9,7.6678223185198237E-9],[6.9347331664991478E-9,7.6678223185198237E-9,7.5834879625328451E-9,8.0184752048542618E-9,7.5834879625328451E-9,7.6678223185198237E-9,6.9347331664991478E-9]],[[7.38114108186619E-9,8.1360616258788209E-9,8.0492939173922276E-9,8.49741699774916E-9,8.0492939173922276E-9,8.1360616258788209E-9,7.38114108186619E-9],[8.1360616258788209E-9,8.9096341270269214E-9,8.8364689417380376E-9,9.28878441020901E-9,8.8364689417380376E-9,8.9096341270269214E-9,8.1360616258788209E-9],[8.0492939173922276E-9,8.8364689417380376E-9,9.0636885850698525E-9,9.2913250421873656E-9,9.0636885850698525E-9,8.8364689417380376E-9,8.0492939173922276E-9],[8.49741699774916E-9,9.28878441020901E-9,9.2913250421873656E-9,9.7146846797068277E-9,9.2913250421873656E-9,9.28878441020901E-9,8.49741699774916E-9],[8.0492939173922276E-9,8.8364689417380376E-9,9.0636885850698525E-9,9.2913250421873656E-9,9.0636885850698525E-9,8.8364689417380376E-9,8.0492939173922276E-9],[8.1360616258788209E-9,8.9096341270269214E-9,8.8364689417380376E-9,9.28878441020901E-9,8.8364689417380376E-9,8.9096341270269214E-9,8.1360616258788209E-9],[7.38114108186619E-9,8.1360616258788209E-9,8.0492939173922276E-9,8.49741699774916E-9,8.0492939173922276E-9,8.1360616258788209E-9,7.38114108186619E-9]],[[7.840617528078192E-9,8.61726909281299E-9,8.5280788503398569E-9,8.9892765173979036E-9,8.5280788503398569E-9,8.61726909281299E-9,7.840617528078192E-9],[8.61726909281299E-9,9.4119288864492023E-9,9.3368384966102363E-9,9.801648768893866E-9,9.3368384966102363E-9,9.4119288864492023E-9,8.61726909281299E-9],[8.5280788503398569E-9,9.3368384966102363E-9,9.5702848832394916E-9,9.80415877634115E-9,9.5702848832394916E-9,9.3368384966102363E-9,8.5280788503398569E-9],[8.9892765173979036E-9,9.801648768893866E-9,9.80415877634115E-9,1.0239024701785676E-8,9.80415877634115E-9,9.801648768893866E-9,8.9892765173979036E-9],[8.5280788503398569E-9,9.3368384966102363E-9,9.5702848832394916E-9,9.80415877634115E-9,9.5702848832394916E-9,9.3368384966102363E-9,8.5280788503398569E-9],[8.61726909281299E-9,9.4119288864492023E-9,9.3368384966102363E-9,9.801648768893866E-9,9.3368384966102363E-9,9.4119288864492023E-9,8.61726909281299E-9],[7.840617528078192E-9,8.61726909281299E-9,8.5280788503398569E-9,8.9892765173979036E-9,8.5280788503398569E-9,8.61726909281299E-9,7.840617528078192E-9]],[[8.3131034308395659E-9,9.111389452862641E-9,9.01978707803168E-9,9.4940003988120948E-9,9.01978707803168E-9,9.111389452862641E-9,8.3131034308395659E-9],[9.111389452862641E-9,9.92704822180544E-9,9.8500403448793E-9,1.0327292291473617E-8,9.8500403448793E-9,9.92704822180544E-9,9.111389452862641E-9],[9.01978707803168E-9,9.8500403448793E-9,1.0089687238575814E-8,1.0329772289762579E-8,1.0089687238575814E-8,9.8500403448793E-9,9.01978707803168E-9],[9.4940003988120948E-9,1.0327292291473617E-8,1.0329772289762579E-8,1.0776096484291545E-8,1.0329772289762579E-8,1.0327292291473617E-8,9.4940003988120948E-9],[9.01978707803168E-9,9.8500403448793E-9,1.0089687238575814E-8,1.0329772289762579E-8,1.0089687238575814E-8,9.8500403448793E-9,9.01978707803168E-9],[9.111389452862641E-9,9.92704822180544E-9,9.8500403448793E-9,1.0327292291473617E-8,9.8500403448793E-9,9.92704822180544E-9,9.111389452862641E-9],[8.3131034308395659E-9,9.111389452862641E-9,9.01978707803168E-9,9.4940003988120948E-9,9.01978707803168E-9,9.111389452862641E-9,8.3131034308395659E-9]],[[8.79854196410819E-9,9.6183695669201449E-9,9.5243650588857523E-9,1.0011537345040087E-8,9.5243650588857523E-9,9.6183695669201449E-9,8.79854196410819E-9],[9.6183695669201449E-9,1.0454942404996387E-8,1.037602445668961E-8,1.0865666994293803E-8,1.037602445668961E-8,1.0454942404996387E-8,9.6183695669201449E-9],[9.5243650588857523E-9,1.037602445668961E-8,1.0621846633545525E-8,1.086811757887363E-8,1.0621846633545525E-8,1.037602445668961E-8,9.5243650588857523E-9],[1.0011537345040087E-8,1.0865666994293803E-8,1.086811757887363E-8,1.1325853880077054E-8,1.086811757887363E-8,1.0865666994293803E-8,1.0011537345040087E-8],[9.5243650588857523E-9,1.037602445668961E-8,1.0621846633545525E-8,1.086811757887363E-8,1.0621846633545525E-8,1.037602445668961E-8,9.5243650588857523E-9],[9.6183695669201449E-9,1.0454942404996387E-8,1.037602445668961E-8,1.0865666994293803E-8,1.037602445668961E-8,1.0454942404996387E-8,9.6183695669201449E-9],[8.79854196410819E-9,9.6183695669201449E-9,9.5243650588857523E-9,1.0011537345040087E-8,9.5243650588857523E-9,9.6183695669201449E-9,8.79854196410819E-9]],[[9.2968784786149672E-9,1.0138158355270179E-8,1.0041761324352584E-8,1.0541838060615733E-8,1.0041761324352584E-8,1.0138158355270179E-8,9.2968784786149672E-9],[1.0138158355270179E-8,1.0995563658200495E-8,1.0914742762454526E-8,1.1416726788489126E-8,1.0914742762454526E-8,1.0995563658200495E-8,1.0138158355270179E-8],[1.0041761324352584E-8,1.0914742762454526E-8,