{"M_cells":[[[0,0,0,0,0,0,0],[0,0,0,0,0,0,0],[0,0,0,0,0,0,0],[0,0,0,0,0,0,0],[0,0,0,0,0,0,0],[0,0,0,0,0,0,0],[0,0,0,0,0,0,0]],[[1.3371764137074119E-10,7.6188580439641186E-10,6.7813529851626644E-10,9.9118737797181567E-10,6.7813529851626644E-10,7.6188580439641186E-10,1.3371764137074119E-10],[7.6188580439641186E-10,3.1711979244472632E-9,2.9009876859566264E-9,4.0917004743874988E-9,2.9009876859566264E-9,3.1711979244472632E-9,7.6188580439641186E-10],[6.7813529851626644E-10,2.9009876859566264E-9,3.5568554178483055E-9,4.2160904612307017E-9,3.5568554178483055E-9,2.9009876859566268E-9,6.7813529851626654E-10],[9.9118737797181567E-10,4.0917004743874988E-9,4.2160904612307017E-9,5.5549343087897243E-9,4.2160904612307017E-9,4.0917004743874988E-9,9.9118737797181567E-10],[6.7813529851626644E-10,2.9009876859566264E-9,3.5568554178483055E-9,4.2160904612307017E-9,3.5568554178483059E-9,2.9009876859566268E-9,6.7813529851626654E-10],[7.6188580439641186E-10,3.1711979244472632E-9,2.9009876859566268E-9,4.0917004743874988E-9,2.9009876859566268E-9,3.1711979244472636E-9,7.6188580439641186E-10],[1.3371764137074119E-10,7.6188580439641186E-10,6.7813529851626654E-10,9.9118737797181567E-10,6.7813529851626654E-10,7.6188580439641186E-10,1.3371764137074119E-10]],[[8.9497913184618368E-10,2.8726125193225694E-9,2.6120903215496654E-9,3.6301760380194212E-9,2.6120903215496654E-9,2.87261251932257E-9,8.9497913184618368E-10],[2.8726125193225694E-9,7.2769305778510469E-9,6.789444625078441E-9,9.0583099782735209E-9,6.789444625078441E-9,7.2769305778510478E-9,2.87261251932257E-9],[2.6120903215496654E-9,6.789444625078441E-9,8.0136699219376641E-9,9.24193472309573E-9,8.0136699219376641E-9,6.789444625078441E-9,2.6120903215496654E-9],[3.6301760380194212E-9,9.0583099782735209E-9,9.24193472309573E-9,1.1687061814360053E-8,9.24193472309573E-9,9.0583099782735209E-9,3.6301760380194212E-9],[2.6120903215496654E-9,6.789444625078441E-9,8.0136699219376641E-9,9.24193472309573E-9,8.0136699219376641E-9,6.789444625078441E-9,2.6120903215496654E-9],[2.87261251932257E-9,7.2769305778510478E-9,6.789444625078441E-9,9.0583099782735209E-9,6.789444625078441E-9,7.2769305778510469E-9,2.8726125193225694E-9],[8.9497913184618368E-10,2.87261251932257E-9,2.6120903215496654E-9,3.6301760380194212E-9,2.6120903215496654E-9,2.8726125193225694E-9,8.9497913184618368E-10]],[[2.5497922158963513E-9,6.09970610905021E-9,5.6365475900322023E-9,7.5152327368261267E-9,5.6365475900322023E-9,6.09970610905021E-9,2.5497922158963513E-9],[6.09970610905021E-9,1.2157876846978134E-8,1.1496997038950345E-8,1.4716241864373659E-8,1.1496997038950345E-8,1.2157876846978134E-8,6.09970610905021E-9],[5.6365475900322023E-9,1.1496997038950345E-8,1.320563023051799E-8,1.4918859906833315E-8,1.3205630230517992E-8,1.1496997038950345E-8,5.6365475900322031E-9],[7.5152327368261267E-9,1.4716241864373659E-8,1.4918859906833315E-8,1.8277732045394637E-8,1.4918859906833315E-8,1.4716241864373659E-8,7.5152327368261267E-9],[5.6365475900322023E-9,1.1496997038950345E-8,1.3205630230517992E-8,1.4918859906833315E-8,1.3205630230517992E-8,1.1496997038950345E-8,5.6365475900322031E-9],[6.09970610905021E-9,1.2157876846978134E-8,1.1496997038950345E-8,1.4716241864373659E-8,1.1496997038950345E-8,1.2157876846978134E-8,6.09970610905021E-9],[2.5497922158963513E-9,6.09970610905021E-9,5.6365475900322031E-9,7.5152327368261267E-9,5.6365475900322031E-9,6.09970610905021E-9,2.5497922158963513E-9]],[[5.1502216469894184E-9,1.0253503432260609E-8,9.5946837758533582E-9,1.2358449912190245E-8,9.5946837758533582E-9,1.0253503432260609E-8,5.1502216469894184E-9],[1.0253503432260609E-8,1.7686772179709897E-8,1.6888799425805033E-8,2.0932307808685933E-8,1.6888799425805033E-8,1.7686772179709897E-8,1.0253503432260609E-8],[9.5946837758533582E-9,1.6888799425805033E-8,1.9007755094205233E-8,2.1131770427547013E-8,1.9007755094205233E-8,1.6888799425805033E-8,9.59468377585336E-9],[1.2358449912190245E-8,2.0932307808685933E-8,2.1131770427547013E-8,2.5246841219394758E-8,2.1131770427547013E-8,2.0932307808685933E-8,1.2358449912190245E-8],[9.5946837758533582E-9,1.6888799425805033E-8,1.9007755094205233E-8,2.1131770427547013E-8,1.9007755094205233E-8,1.6888799425805033E-8,9.59468377585336E-9],[1.0253503432260609E-8,1.7686772179709897E-8,1.6888799425805033E-8,2.0932307808685933E-8,1.6888799425805033E-8,1.7686772179709897E-8,1.0253503432260609E-8],[5.1502216469894184E-9,1.0253503432260609E-8,9.59468377585336E-9,1.2358449912190245E-8,9.59468377585336E-9,1.0253503432260609E-8,5.1502216469894184E-9]],[[8.6480984314096053E-9,1.5178852119369887E-8,1.4345422421653973E-8,1.795031291883489E-8,1.4345422421653973E-8,1.5178852119369887E-8,8.6480984314096053E-9],[1.5178852119369887E-8,2.3758935610092626E-8,2.2852986408069235E-8,2.7604140432614377E-8,2.2852986408069235E-8,2.3758935610092626E-8,1.5178852119369887E-8],[1.4345422421653973E-8,2.2852986408069235E-8,2.5318340154675331E-8,2.7789140444700566E-8,2.5318340154675335E-8,2.2852986408069238E-8,1.4345422421653975E-8],[1.795031291883489E-8,2.7604140432614377E-8,2.7789140444700566E-8,3.2531693635313774E-8,2.7789140444700566E-8,2.7604140432614377E-8,1.795031291883489E-8],[1.4345422421653973E-8,2.2852986408069235E-8,2.5318340154675335E-8,2.7789140444700566E-8,2.5318340154675335E-8,2.2852986408069238E-8,1.4345422421653975E-8],[1.5178852119369887E-8,2.3758935610092626E-8,2.2852986408069238E-8,2.7604140432614377E-8,2.2852986408069238E-8,2.375893561009263E-8,1.5178852119369891E-8],[8.6480984314096053E-9,1.5178852119369887E-8,1.4345422421653975E-8,1.795031291883489E-8,1.4345422421653975E-8,1.5178852119369891E-8,8.6480984314096053E-9]],[[1.2954144922637412E-8,2.0748606097008049E-8,1.9765839084002684E-8,2.4136062134819662E-8,1.9765839084002684E-8,2.0748606097008049E-8,1.2954144922637412E-8],[2.0748606097008049E-8,3.0288282136102554E-8,2.9297240695583547E-8,3.4652259273602976E-8,2.9297240695583547E-8,3.0288282136102548E-8,2.0748606097008049E-8],[1.9765839084002684E-8,2.9297240695583547E-8,3.2054664873095579E-8,3.4817860415369561E-8,3.2054664873095579E-8,2.9297240695583547E-8,1.9765839084002687E-8],[2.4136062134819662E-8,3.4652259273602976E-8,3.4817860415369561E-8,4.0082828638234562E-8,3.4817860415369561E-8,3.4652259273602976E-8,2.4136062134819662E-8],[1.9765839084002684E-8,2.9297240695583547E-8,3.2054664873095579E-8,3.4817860415369561E-8,3.2054664873095579E-8,2.9297240695583547E-8,1.9765839084002687E-8],[2.0748606097008049E-8,3.0288282136102548E-8,2.9297240695583547E-8,3.4652259273602976E-8,2.9297240695583547E-8,3.0288282136102548E-8,2.0748606097008049E-8],[1.2954144922637412E-8,2.0748606097008049E-8,1.9765839084002687E-8,2.4136062134819662E-8,1.9765839084002687E-8,2.0748606097008049E-8,1.2954144922637412E-8]],[[1.7967832680645149E-8,2.6858451373770956E-8,2.5750996127736789E-8,3.0799748705762414E-8,2.5750996127736789E-8,2.6858451373770956E-8,1.7967832680645149E-8],[2.6858451373770956E-8,3.7204030238132166E-8,3.6145639759206052E-8,4.201439257803104E-8,3.6145639759206052E-8,3.7204030238132166E-8,2.6858451373770956E-8],[2.5750996127736789E-8,3.6145639759206052E-8,3.91494430658097E-8,4.2159292069685852E-8,3.91494430658097E-8,3.6145639759206052E-8,2.5750996127736789E-8],[3.0799748705762414E-8,4.201439257803104E-8,4.2159292069685852E-8,4.7860946761819934E-8,4.2159292069685852E-8,4.201439257803104E-8,3.0799748705762414E-8],[2.5750996127736789E-8,3.6145639759206052E-8,3.91494430658097E-8,4.2159292069685852E-8,3.91494430658097E-8,3.6145639759206052E-8,2.5750996127736789E-8],[2.6858451373770956E-8,3.7204030238132166E-8,3.6145639759206052E-8,4.201439257803104E-8,3.6145639759206052E-8,3.7204030238132166E-8,2.6858451373770956E-8],[1.7967832680645149E-8,2.6858451373770956E-8,2.5750996127736789E-8,3.0799748705762414E-8,2.5750996127736789E-8,2.6858451373770956E-8,1.7967832680645149E-8]],[[2.3591694746325937E-8,3.3422742716909653E-8,3.2212521094579595E-8,3.7853345275048964E-8,3.2212521094579595E-8,3.3422742716909653E-8,2.3591694746325937E-8],[3.3422742716909653E-8,4.4447984661425486E-8,4.3335879948435982E-8,4.9641358987540118E-8,4.3335879948435982E-8,4.4447984661425486E-8,3.3422742716909653E-8],[3.2212521094579595E-8,4.3335879948435982E-8,4.6547914480991729E-8,4.9766227937492486E-8,4.6547914480991729E-8,4.3335879948435982E-8,3.2212521094579595E-8],[3.7853345275048964E-8,4.9641358987540118E-8,4.9766227937492486E-8,5.583462158164724E-8,4.9766227937492486E-8,4.9641358987540118E-8,3.7853345275048964E-8],[3.2212521094579595E-8,4.3335879948435982E-8,4.6547914480991729E-8,4.9766227937492486E-8,4.6547914480991729E-8,4.3335879948435982E-8,3.2212521094579595E-8],[3.3422742716909653E-8,4.4447984661425486E-8,4.3335879948435982E-8,4.9641358987540118E-8,4.3335879948435982E-8,4.4447984661425486E-8,3.3422742716909653E-8],[2.3591694746325937E-8,3.3422742716909653E-8,3.2212521094579595E-8,3.7853345275048964E-8,3.2212521094579595E-8,3.3422742716909653E-8,2.3591694746325937E-8]],[[2.9737504121191914E-8,4.0371127299189741E-8,3.9076672646986206E-8,4.5229209701089466E-8,3.9076672646986206E-8,4.0371127299189741E-8,2.9737504121191914E-8],[4.0371127299189741E-8,5.1972295842578595E-8,5.0816897131049359E-8,5.7494041294507223E-8,5.0816897131049359E-8,5.1972295842578595E-8,4.0371127299189741E-8],[3.9076672646986206E-8,5.0816897131049359E-8,5.4205475759882737E-8,5.7600533040499167E-8,5.4205475759882737E-8,5.0816897131049359E-8,3.9076672646986206E-8],[4.5229209701089466E-8,5.7494041294507223E-8,5.7600533040499167E-8,6.3978578670548337E-8,5.7600533040499167E-8,5.7494041294507223E-8,4.5229209701089466E-8],[3.9076672646986206E-8,5.0816897131049359E-8,5.4205475759882737E-8,5.7600533040499167E-8,5.4205475759882737E-8,5.0816897131049365E-8,3.9076672646986206E-8],[4.0371127299189741E-8,5.1972295842578595E-8,5.0816897131049359E-8,5.7494041294507223E-8,5.0816897131049365E-8,5.1972295842578595E-8,4.0371127299189741E-8],[2.9737504121191914E-8,4.0371127299189741E-8,3.9076672646986206E-8,4.5229209701089466E-8,3.9076672646986206E-8,4.0371127299189741E-8,2.9737504121191914E-8]],[[3.6328301188873504E-8,4.7645792393209193E-8,4.6282299896875658E-8,5.2874796298427267E-8,4.6282299896875658E-8,4.7645792393209193E-8,3.6328301188873504E-8],[4.7645792393209193E-8,5.9737614214207609E-8,5.8546862500731068E-8,6.5541134560863886E-8,5.8546862500731061E-8,5.9737614214207609E-8,4.7645792393209193E-8],[4.6282299896875658E-8,5.8546862500731068E-8,6.2085758118477966E-8,6.56313047849463E-8,6.2085758118477952E-8,5.8546862500731061E-8,4.6282299896875658E-8],[5.2874796298427267E-8,6.5541134560863886E-8,6.56313047849463E-8,7.2272388047406149E-8,6.56313047849463E-8,6.5541134560863886E-8,5.2874796298427267E-8],[4.6282299896875658E-8,5.8546862500731061E-8,6.2085758118477952E-8,6.56313047849463E-8,6.2085758118477952E-8,5.8546862500731061E-8,4.6282299896875658E-8],[4.7645792393209193E-8,5.9737614214207609E-8,5.8546862500731061E-8,6.5541134560863886E-8,5.8546862500731061E-8,5.9737614214207609E-8,4.7645792393209193E-8],[3.6328301188873504E-8,4.7645792393209193E-8,4.6282299896875658E-8,5.2874796298427267E-8,4.6282299896875658E-8,4.7645792393209193E-8,3.6328301188873504E-8]],[[4.3298392930621713E-8,5.5199214536577305E-8,5.3778903104112E-8,6.0748890988907917E-8,5.3778903104112E-8,5.5199214536577305E-8,4.3298392930621713E-8],[5.5199214536577305E-8,6.77115713410779E-8,6.6491514119588169E-8,7.3757450457753355E-8,6.6491514119588169E-8,6.77115713410779E-8,5.5199214536577305E-8],[5.3778903104112E-8,6.6491514119588169E-8,7.0159071123518837E-8,7.3833429246055572E-8,7.0159071123518837E-8,6.6491514119588169E-8,5.3778903104112E-8],[6.0748890988907917E-8,7.3757450457753355E-8,7.3833429246055572E-8,8.0699461258611128E-8,7.3833429246055572E-8,7.3757450457753355E-8,6.0748890988907917E-8],[5.3778903104112E-8,6.6491514119588169E-8,7.0159071123518837E-8,7.3833429246055572E-8,7.0159071123518837E-8,6.6491514119588169E-8,5.3778903104112E-8],[5.5199214536577305E-8,6.77115713410779E-8,6.6491514119588169E-8,7.3757450457753355E-8,6.6491514119588169E-8,6.77115713410779E-8,5.5199214536577305E-8],[4.3298392930621713E-8,5.5199214536577305E-8,5.3778903104112E-8,6.0748890988907917E-8,5.3778903104112E-8,5.5199214536577305E-8,4.3298392930621713E-8]],[[5.0592440917794624E-8,6.29923153387916E-8,6.1524890345806681E-8,6.88188925641755E-8,6.1524890345806681E-8,6.29923153387916E-8,5.0592440917794624E-8],[6.29923153387916E-8,7.58675311985123E-8,7.4622779023172173E-8,8.2122626290049419E-8,7.4622779023172173E-8,7.58675311985123E-8,6.29923153387916E-8],[6.1524890345806681E-8,7.4622779023172173E-8,7.8401144384770164E-8,8.2186442670723364E-8,7.8401144384770164E-8,7.4622779023172173E-8,6.1524890345806681E-8],[6.88188925641755E-8,8.2122626290049419E-8,8.2186442670723364E-8,8.9246275223815654E-8,8.2186442670723364E-8,8.2122626290049419E-8,6.88188925641755E-8],[6.1524890345806681E-8,7.4622779023172173E-8,7.8401144384770164E-8,8.2186442670723364E-8,7.8401144384770164E-8,7.4622779023172173E-8,6.1524890345806681E-8],[6.29923153387916E-8,7.58675311985123E-8,7.4622779023172173E-8,8.2122626290049419E-8,7.4622779023172173E-8,7.58675311985123E-8,6.29923153387916E-8],[5.0592440917794624E-8,6.29923153387916E-8,6.1524890345806681E-8,6.88188925641755E-8,6.1524890345806681E-8,6.29923153387916E-8,5.0592440917794624E-8]],[[5.8164213465983988E-8,7.0992948968729E-8,6.94860617103413E-8,7.7058821514071364E-8,6.94860617103413E-8,7.0992948968729E-8,5.8164213465983988E-8],[7.0992948968729E-8,8.4183564395133288E-8,8.2917641449209481E-8,9.0620132153785782E-8,8.2917641449209481E-8,8.4183564395133288E-8,7.0992948968729E-8],[6.94860617103413E-8,8.2917641449209481E-8,8.67921105667376E-8,9.0673629452678692E-8,8.67921105667376E-8,8.2917641449209481E-8,6.94860617103413E-8],[7.7058821514071364E-8,9.0620132153785782E-8,9.0673629452678692E-8,9.790176659831825E-8,9.0673629452678692E-8,9.0620132153785782E-8,7.7058821514071364E-8],[6.94860617103413E-8,8.2917641449209481E-8,8.67921105667376E-8,9.0673629452678692E-8,8.67921105667376E-8,8.2917641449209481E-8,6.94860617103413E-8],[7.0992948968729E-8,8.4183564395133288E-8,8.2917641449209481E-8,9.0620132153785782E-8,8.2917641449209481E-8,8.4183564395133288E-8,7.0992948968729E-8],[5.8164213465983988E-8,7.0992948968729E-8,6.94860617103413E-8,7.7058821514071364E-8,6.94860617103413E-8,7.0992948968729E-8,5.8164213465983988E-8]],[[6.5975287723308369E-8,7.9174661136912732E-8,7.7634319160887064E-8,8.5447841788770108E-8,7.7634319160887064E-8,7.9174661136912732E-8,6.5975287723308369E-8],[7.9174661136912732E-8,9.26416061061795E-8,9.1357216581902335E-8,9.9236500369461508E-8,9.1357216581902335E-8,9.26416061061795E-8,7.9174661136912732E-8],[7.7634319160887064E-8,9.1357216581902335E-8,9.53156833105315E-8,9.9281304377508852E-8,9.53156833105315E-8,9.1357216581902335E-8,7.7634319160887064E-8],[8.5447841788770108E-8,9.9236500369461508E-8,9.9281304377508852E-8,1.066568556104468E-7,9.9281304377508852E-8,9.9236500369461508E-8,8.5447841788770108E-8],[7.7634319160887064E-8,9.1357216581902335E-8,9.53156833105315E-8,9.9281304377508852E-8,9.53156833105315E-8,9.1357216581902335E-8,7.7634319160887064E-8],[7.9174661136912732E-8,9.26416061061795E-8,9.1357216581902335E-8,9.9236500369461508E-8,9.1357216581902335E-8,9.26416061061795E-8,7.9174661136912732E-8],[6.5975287723308369E-8,7.9174661136912732E-8,7.7634319160887064E-8,8.5447841788770108E-8,7.7634319160887064E-8,7.9174661136912732E-8,6.5975287723308369E-8]],[[7.399383429278934E-8,8.75156707368123E-8,8.5946583956085532E-8,9.3969149210146674E-8,8.5946583956085532E-8,8.75156707368123E-8,7.399383429278934E-8],[8.75156707368123E-8,1.0122676517096977E-7,9.9925994239957561E-8,1.0796072250971451E-7,9.9925994239957561E-8,1.0122676517096977E-7,8.75156707368123E-8],[8.5946583956085532E-8,9.9925994239957561E-8,1.039584923225377E-7,1.0799823922931721E-7,1.039584923225377E-7,9.9925994239957561E-8,8.5946583956085532E-8],[9.3969149210146674E-8,1.0796072250971451E-7,1.0799823922931721E-7,1.1550406912183421E-7,1.0799823922931721E-7,1.0796072250971451E-7,9.3969149210146674E-8],[8.5946583956085532E-8,9.9925994239957561E-8,1.039584923225377E-7,1.0799823922931721E-7,1.039584923225377E-7,9.9925994239957561E-8,8.5946583956085532E-8],[8.75156707368123E-8,1.0122676517096977E-7,9.9925994239957561E-8,1.0796072250971451E-7,9.9925994239957561E-8,1.0122676517096977E-7,8.75156707368123E-8],[7.399383429278934E-8,8.75156707368123E-8,8.5946583956085532E-8,9.3969149210146674E-8,8.5946583956085532E-8,8.75156707368123E-8,7.399383429278934E-8]],[[8.2193537420665562E-8,9.5998034252948061E-8,9.4403896939187733E-8,1.0260912560362623E-7,9.4403896939187733E-8,9.5998034252948061E-8,8.2193537420665562E-8],[9.5998034252948061E-8,1.0992675741539889E-7,1.086112221616632E-7,1.1678377411717417E-7,1.086112221616632E-7,1.0992675741539889E-7,9.5998034252948061E-8],[9.4403896939187733E-8,1.086112221616632E-7,1.127095451018427E-7,1.1681520305503611E-7,1.127095451018427E-7,1.086112221616632E-7,9.4403896939187733E-8],[1.0260912560362623E-7,1.1678377411717417E-7,1.1681520305503611E-7,1.2443724038636351E-7,1.1681520305503611E-7,1.1678377411717418E-7,1.0260912560362623E-7],[9.4403896939187733E-8,1.086112221616632E-7,1.127095451018427E-7,1.1681520305503611E-7,1.127095451018427E-7,1.086112221616632E-7,9.4403896939187733E-8],[9.5998034252948061E-8,1.0992675741539889E-7,1.086112221616632E-7,1.1678377411717418E-7,1.086112221616632E-7,1.0992675741539889E-7,9.5998034252948061E-8],[8.2193537420665562E-8,9.5998034252948061E-8,9.4403896939187733E-8,1.0260912560362623E-7,9.4403896939187733E-8,9.5998034252948061E-8,8.2193537420665562E-8]],[[9.0552663693366518E-8,1.0460696022220618E-7,1.0299067568808001E-7,1.1135668811564716E-7,1.0299067568808001E-7,1.0460696022220618E-7,9.0552663693366518E-8],[1.0460696022220618E-7,1.1873144095029303E-7,1.1740240344459613E-7,1.2569823764353567E-7,1.1740240344459613E-7,1.1873144095029304E-7,1.0460696022220618E-7],[1.0299067568808001E-7,1.1740240344459613E-7,1.2155979070097968E-7,1.257245923223935E-7,1.2155979070097968E-7,1.1740240344459615E-7,1.0299067568808003E-7],[1.1135668811564716E-7,1.2569823764353567E-7,1.257245923223935E-7,1.3345126857241916E-7,1.257245923223935E-7,1.2569823764353567E-7,1.1135668811564716E-7],[1.0299067568808001E-7,1.1740240344459613E-7,1.2155979070097968E-7,1.257245923223935E-7,1.2155979070097968E-7,1.1740240344459615E-7,1.0299067568808003E-7],[1.0460696022220618E-7,1.1873144095029304E-7,1.1740240344459615E-7,1.2569823764353567E-7,1.1740240344459615E-7,1.1873144095029304E-7,1.0460696022220618E-7],[9.0552663693366518E-8,1.0460696022220618E-7,1.0299067568808003E-7,1.1135668811564716E-7,1.0299067568808003E-7,1.0460696022220618E-7,9.0552663693366518E-8]],[[9.9053273077153867E-8,1.1333024686880512E-7,1.1169410387759196E-7,1.2020278376747492E-7,1.1169410387759196E-7,1.1333024686880512E-7,9.9053273077153867E-8],[1.1333024686880512E-7,1.2763243510733869E-7,1.2629088705891028E-7,1.3469800159904405E-7,1.2629088705891028E-7,1.2763243510733869E-7,1.1333024686880512E-7],[1.1169410387759196E-7,1.2629088705891028E-7,1.3050176572997769E-7,1.3472013247615092E-7,1.3050176572997769E-7,1.2629088705891028E-7,1.1169410387759197E-7],[1.2020278376747492E-7,1.3469800159904405E-7,1.3472013247615092E-7,1.4254192519511134E-7,1.3472013247615092E-7,1.3469800159904405E-7,1.2020278376747492E-7],[1.1169410387759196E-7,1.2629088705891028E-7,1.3050176572997769E-7,1.3472013247615092E-7,1.3050176572997769E-7,1.2629088705891028E-7,1.1169410387759197E-7],[1.1333024686880512E-7,1.2763243510733869E-7,1.2629088705891028E-7,1.3469800159904405E-7,1.2629088705891028E-7,1.2763243510733869E-7,1.1333024686880512E-7],[9.9053273077153867E-8,1.1333024686880512E-7,1.1169410387759197E-7,1.2020278376747492E-7,1.1169410387759197E-7,1.1333024686880512E-7,9.9053273077153867E-8]],[[1.0768055800880494E-7,1.2215782081127493E-7,1.2050363076892186E-7,1.2913999339860175E-7,1.2050363076892186E-7,1.2215782081127493E-7,1.0768055800880494E-7],[1.2215782081127493E-7,1.36622807925253E-7,1.3526953410702404E-7,1.4377801929608933E-7,1.3526953410702404E-7,1.36622807925253E-7,1.2215782081127493E-7],[1.2050363076892186E-7,1.3526953410702404E-7,1.3952930670383989E-7,1.4379663642294987E-7,1.3952930670383989E-7,1.3526953410702404E-7,1.2050363076892186E-7],[1.2913999339860175E-7,1.4377801929608933E-7,1.4379663642294987E-7,1.5170569761604064E-7,1.4379663642294987E-7,1.4377801929608933E-7,1.2913999339860175E-7],[1.2050363076892186E-7,1.3526953410702404E-7,1.3952930670383989E-7,1.4379663642294987E-7,1.3952930670383989E-7,1.3526953410702404E-7,1.2050363076892186E-7],[1.2215782081127493E-7,1.36622807925253E-7,1.3526953410702404E-7,1.4377801929608933E-7,1.3526953410702404E-7,1.36622807925253E-7,1.2215782081127493E-7],[1.0768055800880494E-7,1.2215782081127493E-7,1.2050363076892186E-7,1.2913999339860175E-7,1.2050363076892186E-7,1.2215782081127493E-7,1.0768055800880494E-7]],[[1.1642229372502165E-7,1.3108135866983472E-7,1.2941056169353288E-7,1.3816221893171275E-7,1.2941056169353288E-7,1.3108135866983472E-7,1.1642229372502165E-7],[1.3108135866983472E-7,1.4569681979314131E-7,1.4433244566608056E-7,1.5293411451860371E-7,1.4433244566608056E-7,1.4569681979314131E-7,1.3108135866983472E-7],[1.2941056169353288E-7,1.4433244566608056E-7,1.486373159631318E-7,1.529498085700857E-7,1.486373159631318E-7,1.4433244566608056E-7,1.2941056169353288E-7],[1.3816221893171275E-7,1.5293411451860371E-7,1.529498085700857E-7,1.6093966201071E-7,1.529498085700857E-7,1.5293411451860371E-7,1.3816221893171275E-7],[1.2941056169353288E-7,1.4433244566608056E-7,1.486373159631318E-7,1.529498085700857E-7,1.486373159631318E-7,1.4433244566608056E-7,1.2941056169353288E-7],[1.3108135866983472E-7,1.4569681979314131E-7,1.4433244566608056E-7,1.5293411451860371E-7,1.4433244566608056E-7,1.4569681979314131E-7,1.3108135866983472E-7],[1.1642229372502165E-7,1.3108135866983472E-7,1.2941056169353288E-7,1.3816221893171275E-7,1.2941056169353288E-7,1.3108135866983472E-7,1.1642229372502165E-7]],[[1.2526838323155598E-7,1.4009397664142258E-7,1.3840772331148512E-7,1.4726443475726498E-7,1.3840772331148512E-7,1.4009397664142258E-7,1.2526838323155598E-7],[1.4009397664142258E-7,1.5484971308462108E-7,1.5347474067814988E-7,1.6216282437111988E-7,1.5347474067814988E-7,1.5484971308462108E-7,1.4009397664142258E-7],[1.3840772331148512E-7,1.5347474067814988E-7,1.5782157090843516E-7,1.6217608543662336E-7,1.5782157090843516E-7,1.5347474067814988E-7,1.3840772331148512E-7],[1.4726443475726498E-7,1.6216282437111988E-7,1.6217608543662336E-7,1.7024137988968574E-7,1.6217608543662336E-7,1.6216282437111988E-7,1.4726443475726498E-7],[1.3840772331148512E-7,1.5347474067814988E-7,1.5782157090843516E-7,1.6217608543662336E-7,1.5782157090843516E-7,1.5347474067814988E-7,1.3840772331148512E-7],[1.4009397664142258E-7,1.5484971308462108E-7,1.5347474067814988E-7,1.6216282437111988E-7,1.5347474067814988E-7,1.5484971308462108E-7,1.4009397664142258E-7],[1.2526838323155598E-7,1.4009397664142258E-7,1.3840772331148512E-7,1.4726443475726498E-7,1.3840772331148512E-7,1.4009397664142258E-7,1.2526838323155598E-7]],[[1.3421048174639242E-7,1.4918997578013271E-7,1.4748919009055103E-7,1.5644248891904916E-7,1.4748919009055103E-7,1.4918997578013271E-7,1.3421048174639242E-7],[1.4918997578013271E-7,1.6407753945181107E-7,1.626923745162567E-7,1.7146127174767474E-7,1.626923745162567E-7,1.6407753945181107E-7,1.4918997578013271E-7],[1.4748919009055103E-7,1.626923745162567E-7,1.6707856830138777E-7,1.7147250571570633E-7,1.6707856830138777E-7,1.626923745162567E-7,1.4748919009055103E-7],[1.5644248891904916E-7,1.7146127174767474E-7,1.7147250571570633E-7,1.7960881353877898E-7,1.7147250571570633E-7,1.7146127174767474E-7,1.5644248891904916E-7],[1.4748919009055103E-7,1.626923745162567E-7,1.6707856830138777E-7,1.7147250571570633E-7,1.6707856830138777E-7,1.626923745162567E-7,1.4748919009055103E-7],[1.4918997578013271E-7,1.6407753945181107E-7,1.626923745162567E-7,1.7146127174767474E-7,1.626923745162567E-7,1.6407753945181107E-7,1.4918997578013271E-7],[1.3421048174639242E-7,1.4918997578013271E-7,1.4748919009055103E-7,1.5644248891904916E-7,1.4748919009055103E-7,1.4918997578013271E-7,1.3421048174639242E-7]],[[1.4324168732309268E-7,1.5836463292191134E-7,1.5665006079116201E-7,1.6569294329991915E-7,1.5665006079116201E-7,1.5836463292191134E-7,1.4324168732309268E-7],[1.5836463292191134E-7,1.7337701795819171E-7,1.7198199062253909E-7,1.8082706151298797E-7,1.7198199062253909E-7,1.7337701795819171E-7,1.5836463292191134E-7],[1.5665006079116201E-7,1.7198199062253909E-7,1.7640539699603515E-7,1.8083660412040596E-7,1.7640539699603515E-7,1.7198199062253909E-7,1.5665006079116201E-7],[1.6569294329991915E-7,1.8082706151298797E-7,1.8083660412040596E-7,1.890402567222262E-7,1.8083660412040596E-7,1.8082706151298797E-7,1.6569294329991915E-7],[1.5665006079116201E-7,1.7198199062253909E-7,1.7640539699603515E-7,1.8083660412040596E-7,1.7640539699603515E-7,1.7198199062253909E-7,1.5665006079116201E-7],[1.5836463292191134E-7,1.7337701795819171E-7,1.7198199062253909E-7,1.8082706151298797E-7,1.7198199062253909E-7,1.7337701795819171E-7,1.5836463292191134E-7],[1.4324168732309268E-7,1.5836463292191134E-7,1.5665006079116201E-7,1.6569294329991915E-7,1.5665006079116201E-7,1.5836463292191134E-7,1.4324168732309268E-7]],[[1.5235628628169001E-7,1.6761402900449534E-7,1.6588627573974519E-7,1.7501294457363789E-7,1.6588627573974519E-7,1.6761402900449534E-7,1.5235628628169001E-7],[1.6761402900449534E-7,1.8274541846896132E-7,1.8134079905389117E-7,1.9025819574890532E-7,1.8134079905389117E-7,1.8274541846896132E-7,1.6761402900449534E-7],[1.6588627573974519E-7,1.8134079905389117E-7,1.8579963375440111E-7,1.9026632448653176E-7,1.8579963375440111E-7,1.8134079905389117E-7,1.6588627573974519E-7],[1.7501294457363789E-7,1.9025819574890532E-7,1.9026632448653176E-7,1.9853427774794282E-7,1.9026632448653176E-7,1.9025819574890532E-7,1.7501294457363789E-7],[1.6588627573974519E-7,1.8134079905389117E-7,1.8579963375440111E-7,1.9026632448653176E-7,1.8579963375440111E-7,1.8134079905389117E-7,1.6588627573974519E-7],[1.6761402900449534E-7,1.8274541846896132E-7,1.8134079905389117E-7,1.9025819574890532E-7,1.8134079905389117E-7,1.8274541846896132E-7,1.6761402900449534E-7],[1.5235628628169001E-7,1.6761402900449534E-7,1.6588627573974519E-7,1.7501294457363789E-7,1.6588627573974519E-7,1.6761402900449534E-7,1.5235628628169001E-7]],[[1.6154954386430686E-7,1.7693490802409578E-7,1.7519446734898372E-7,1.8440011958408546E-7,1.7519446734898372E-7,1.7693490802409578E-7,1.6154954386430686E-7],[1.7693490802409578E-7,1.9218046573374738E-7,1.9076647693787494E-7,1.9975300438875325E-7,1.9076647693787494E-7,1.9218046573374738E-7,1.7693490802409578E-7],[1.7519446734898372E-7,1.9076647693787494E-7,1.952592578336954E-7,1.9975994850522355E-7,1.952592578336954E-7,1.9076647693787494E-7,1.7519446734898372E-7],[1.8440011958408546E-7,1.9975300438875325E-7,1.9975994850522355E-7,2.0808967258054869E-7,1.9975994850522355E-7,1.9975300438875325E-7,1.8440011958408546E-7],[1.7519446734898372E-7,1.9076647693787494E-7,1.952592578336954E-7,1.9975994850522355E-7,1.952592578336954E-7,1.9076647693787494E-7,1.7519446734898372E-7],[1.7693490802409578E-7,1.9218046573374738E-7,1.9076647693787494E-7,1.9975300438875325E-7,1.9076647693787494E-7,1.9218046573374738E-7,1.7693490802409578E-7],[1.6154954386430686E-7,1.7693490802409578E-7,1.7519446734898372E-7,1.8440011958408546E-7,1.7519446734898372E-7,1.7693490802409578E-7,1.6154954386430686E-7]],[[1.7081753211970567E-7,1.8632456109452167E-7,1.8457183773354494E-7,1.9385249022958861E-7,1.8457183773354494E-7,1.8632456109452167E-7,1.7081753211970567E-7],[1.8632456109452167E-7,2.0168026042860667E-7,2.0025708678729503E-7,2.0931008831440832E-7,2.0025708678729503E-7,2.0168026042860667E-7,1.8632456109452167E-7],[1.8457183773354494E-7,2.0025708678729503E-7,2.047825808615229E-7,2.0931603717027845E-7,2.047825808615229E-7,2.0025708678729503E-7,1.8457183773354494E-7],[1.9385249022958861E-7,2.0931008831440832E-7,2.0931603717027845E-7,2.1770542614715261E-7,2.0931603717027845E-7,2.0931008831440832E-7,1.9385249022958861E-7],[1.8457183773354494E-7,2.0025708678729503E-7,2.047825808615229E-7,2.0931603717027845E-7,2.047825808615229E-7,2.0025708678729503E-7,1.8457183773354494E-7],[1.8632456109452167E-7,2.0168026042860667E-7,2.0025708678729503E-7,2.0931008831440832E-7,2.0025708678729503E-7,2.0168026042860667E-7,1.8632456109452167E-7],[1.7081753211970567E-7,1.8632456109452167E-7,1.8457183773354494E-7,1.9385249022958861E-7,1.8457183773354494E-7,1.8632456109452167E-7,1.7081753211970567E-7]],[[1.8015698838804885E-7,1.9578073107870254E-7,1.9401605841294411E-7,2.0336840399977676E-7,1.9401605841294411E-7,1.9578073107870254E-7,1.8015698838804885E-7],[1.9578073107870254E-7,2.1124321410470507E-7,2.0981100938664254E-7,2.1892827257802224E-7,2.0981100938664254E-7,2.1124321410470507E-7,1.9578073107870254E-7],[1.9401605841294411E-7,2.0981100938664254E-7,2.1436818918072007E-7,2.1893338259075294E-7,2.1436818918072007E-7,2.0981100938664254E-7,1.9401605841294411E-7],[2.0336840399977676E-7,2.1892827257802224E-7,2.1893338259075294E-7,2.2738068034236941E-7,2.1893338259075294E-7,2.1892827257802224E-7,2.0336840399977676E-7],[1.9401605841294411E-7,2.0981100938664254E-7,2.1436818918072007E-7,2.1893338259075294E-7,2.1436818918072007E-7,2.0981100938664254E-7,1.9401605841294411E-7],[1.9578073107870254E-7,2.1124321410470507E-7,2.0981100938664254E-7,2.1892827257802224E-7,2.0981100938664254E-7,2.1124321410470507E-7,1.9578073107870254E-7],[1.8015698838804885E-7,1.9578073107870254E-7,1.9401605841294411E-7,2.0336840399977676E-7,1.9401605841294411E-7,1.9578073107870254E-7,1.8015698838804885E-7]],[[1.8956519891432463E-7,2.0530153408572995E-7,2.0352518802827678E-7,2.1294647712866138E-7,2.0352518802827678E-7,2.0530153408572995E-7,1.8956519891432463E-7],[2.0530153408572995E-7,2.2086799554737394E-7,2.1942688858218056E-7,2.2860656787189256E-7,2.1942688858218056E-7,2.2086799554737394E-7,2.0530153408572995E-7],[2.0352518802827678E-7,2.1942688858218056E-7,2.240148963802972E-7,2.2861096827042583E-7,2.240148963802972E-7,2.1942688858218056E-7,2.0352518802827678E-7],[2.1294647712866138E-7,2.2860656787189256E-7,2.2861096827042583E-7,2.3711470752550547E-7,2.2861096827042583E-7,2.2860656787189256E-7,2.1294647712866136E-7],[2.0352518802827678E-7,2.1942688858218056E-7,2.240148963802972E-7,2.2861096827042583E-7,2.240148963802972E-7,2.1942688858218056E-7,2.0352518802827678E-7],[2.0530153408572995E-7,2.2086799554737394E-7,2.1942688858218056E-7,2.2860656787189256E-7,2.1942688858218056E-7,2.2086799554737394E-7,2.0530153408572995E-7],[1.8956519891432463E-7,2.0530153408572995E-7,2.0352518802827678E-7,2.1294647712866136E-7,2.0352518802827678E-7,2.0530153408572995E-7,1.8956519891432463E-7]],[[1.9903990308727169E-7,2.1488539480045297E-7,2.1309760476151744E-7,2.2258554795609297E-7,2.1309760476151744E-7,2.1488539480045297E-7,1.9903990308727169E-7],[2.1488539480045297E-7,2.3055348650363912E-7,2.2910358580762258E-7,2.3834413873471E-7,2.2910358580762258E-7,2.3055348650363912E-7,2.1488539480045297E-7],[2.1309760476151744E-7,2.2910358580762258E-7,2.3372170415944778E-7,2.3834793631641013E-7,2.3372170415944778E-7,2.2910358580762258E-7,2.1309760476151744E-7],[2.2258554795609297E-7,2.3834413873471E-7,2.3834793631641013E-7,2.4690688853089068E-7,2.3834793631641013E-7,2.3834413873471E-7,2.2258554795609294E-7],[2.1309760476151744E-7,2.2910358580762258E-7,2.3372170415944778E-7,2.3834793631641013E-7,2.3372170415944778E-7,2.2910358580762261E-7,2.1309760476151744E-7],[2.1488539480045297E-7,2.3055348650363912E-7,2.2910358580762258E-7,2.3834413873471E-7,2.2910358580762261E-7,2.3055348650363915E-7,2.1488539480045297E-7],[1.9903990308727169E-7,2.1488539480045297E-7,2.1309760476151744E-7,2.2258554795609294E-7,2.1309760476151744E-7,2.1488539480045297E-7,1.9903990308727169E-7]],[[2.0857921460486812E-7,2.2453099316398753E-7,2.2273195076537065E-7,2.3228463857779077E-7,2.2273195076537062E-7,2.2453099316398753E-7,2.0857921460486812E-7],[2.2453099316398753E-7,2.402987451073745E-7,2.3884014258192061E-7,2.4814027727213289E-7,2.3884014258192061E-7,2.402987451073745E-7,2.2453099316398753E-7],[2.2273195076537065E-7,2.3884014258192061E-7,2.4348777001855323E-7,2.4814356032851976E-7,2.4348777001855323E-7,2.3884014258192061E-7,2.2273195076537062E-7],[2.3228463857779077E-7,2.4814027727213289E-7,2.4814356032851976E-7,2.5675669439475182E-7,2.4814356032851976E-7,2.4814027727213289E-7,2.3228463857779074E-7],[2.2273195076537062E-7,2.3884014258192061E-7,2.4348777001855323E-7,2.4814356032851976E-7,2.4348777001855323E-7,2.3884014258192061E-7,2.227319507653706E-7],[2.2453099316398753E-7,2.402987451073745E-7,2.3884014258192061E-7,2.4814027727213289E-7,2.3884014258192061E-7,2.402987451073745E-7,2.2453099316398753E-7],[2.0857921460486812E-7,2.2453099316398753E-7,2.2273195076537062E-7,2.3228463857779074E-7,2.227319507653706E-7,2.2453099316398753E-7,2.0857921460486812E-7]],[[2.1818155653183702E-7,2.3423722037429048E-7,2.3242708641455242E-7,2.4204292324572863E-7,2.3242708641455239E-7,2.3423722037429045E-7,2.1818155653183702E-7],[2.3423722037429048E-7,2.5010297563426096E-7,2.4863574954325445E-7,2.5799438140087095E-7,2.4863574954325445E-7,2.5010297563426091E-7,2.3423722037429045E-7],[2.3242708641455242E-7,2.4863574954325445E-7,2.533123805513304E-7,2.5799722295379794E-7,2.533123805513304E-7,2.4863574954325445E-7,2.3242708641455239E-7],[2.4204292324572863E-7,2.5799438140087095E-7,2.5799722295379794E-7,2.6666367114864476E-7,2.5799722295379794E-7,2.5799438140087095E-7,2.4204292324572863E-7],[2.3242708641455239E-7,2.4863574954325445E-7,2.533123805513304E-7,2.5799722295379794E-7,2.533123805513304E-7,2.4863574954325445E-7,2.3242708641455237E-7],[2.3423722037429045E-7,2.5010297563426091E-7,2.4863574954325445E-7,2.5799438140087095E-7,2.4863574954325445E-7,2.5010297563426091E-7,2.3423722037429048E-7],[2.1818155653183702E-7,2.3423722037429045E-7,2.3242708641455239E-7,2.4204292324572863E-7,2.3242708641455237E-7,2.3423722037429048E-7,2.1818155653183702E-7]],[[2.2784560776172158E-7,2.4400314254465704E-7,2.4218205259695763E-7,2.5185970228129955E-7,2.4218205259695758E-7,2.44003142544657E-7,2.2784560776172155E-7],[2.4400314254465704E-7,2.5996550346626417E-7,2.5848972084861025E-7,2.6790593681071461E-7,2.584897208486102E-7,2.5996550346626412E-7,2.44003142544657E-7],[2.4218205259695763E-7,2.5848972084861025E-7,2.6319492933877941E-7,2.6790839727830425E-7,2.6319492933877941E-7,2.584897208486102E-7,2.4218205259695763E-7],[2.5185970228129955E-7,2.6790593681071461E-7,2.6790839727830425E-7,2.7662742714769062E-7,2.6790839727830425E-7,2.6790593681071461E-7,2.5185970228129955E-7],[2.4218205259695758E-7,2.584897208486102E-7,2.6319492933877941E-7,2.6790839727830425E-7,2.6319492933877941E-7,2.584897208486102E-7,2.4218205259695758E-7],[2.44003142544657E-7,2.5996550346626412E-7,2.584897208486102E-7,2.6790593681071461E-7,2.584897208486102E-7,2.5996550346626412E-7,2.4400314254465704E-7],[2.2784560776172155E-7,2.44003142544657E-7,2.4218205259695763E-7,2.5185970228129955E-7,2.4218205259695758E-7,2.4400314254465704E-7,2.2784560776172158E-7]],[[2.3757025884535065E-7,2.5382797065888108E-7,2.5199603959394941E-7,2.6173438050171467E-7,2.5199603959394936E-7,2.5382797065888103E-7,2.3757025884535062E-7],[2.5382797065888108E-7,2.6988575434732712E-7,2.6840147298348989E-7,2.7787450198793646E-7,2.6840147298348989E-7,2.6988575434732707E-7,2.5382797065888103E-7],[2.5199603959394941E-7,2.6840147298348989E-7,2.7313489862905541E-7,2.7787663138001149E-7,2.7313489862905536E-7,2.6840147298348989E-7,2.5199603959394941E-7],[2.6173438050171467E-7,2.7787450198793646E-7,2.7787663138001149E-7,2.8664762249755276E-7,2.7787663138001144E-7,2.7787450198793646E-7,2.6173438050171467E-7],[2.5199603959394936E-7,2.6840147298348989E-7,2.7313489862905536E-7,2.7787663138001144E-7,2.7313489862905536E-7,2.6840147298348989E-7,2.5199603959394936E-7],[2.5382797065888103E-7,2.6988575434732707E-7,2.6840147298348989E-7,2.7787450198793646E-7,2.6840147298348989E-7,2.6988575434732712E-7,2.5382797065888108E-7],[2.3757025884535062E-7,2.5382797065888103E-7,2.5199603959394941E-7,2.6173438050171467E-7,2.5199603959394936E-7,2.5382797065888108E-7,2.3757025884535065E-7]],[[2.4735457551578115E-7,2.637110357080076E-7,2.6186836136710962E-7,2.7166644934956757E-7,2.6186836136710957E-7,2.637110357080076E-7,2.4735457551578115E-7],[2.637110357080076E-7,2.7986323717714266E-7,2.7837050720093253E-7,2.878996957636626E-7,2.7837050720093253E-7,2.798632371771426E-7,2.637110357080076E-7],[2.6186836136710962E-7,2.7837050720093253E-7,2.8313184413620289E-7,2.8790153548960504E-7,2.8313184413620289E-7,2.7837050720093253E-7,2.6186836136710962E-7],[2.7166644934956757E-7,2.878996957636626E-7,2.8790153548960504E-7,2.9672396022180303E-7,2.8790153548960504E-7,2.878996957636626E-7,2.7166644934956757E-7],[2.6186836136710957E-7,2.7837050720093253E-7,2.8313184413620289E-7,2.8790153548960504E-7,2.8313184413620289E-7,2.7837050720093253E-7,2.6186836136710957E-7],[2.637110357080076E-7,2.798632371771426E-7,2.7837050720093253E-7,2.878996957636626E-7,2.7837050720093253E-7,2.798632371771426E-7,2.637110357080076E-7],[2.4735457551578115E-7,2.637110357080076E-7,2.6186836136710962E-7,2.7166644934956757E-7,2.6186836136710957E-7,2.637110357080076E-7,2.4735457551578115E-7]],[[2.5719776854166466E-7,2.7365176809469831E-7,2.7179843428640129E-7,2.8165547206725821E-7,2.7179843428640124E-7,2.7365176809469831E-7,2.5719776854166466E-7],[2.7365176809469831E-7,2.8989752972485946E-7,2.8839639495098725E-7,2.9798118694815242E-7,2.8839639495098725E-7,2.8989752972485946E-7,2.7365176809469831E-7],[2.7179843428640129E-7,2.8839639495098725E-7,2.9318538241159615E-7,2.9798277130583757E-7,2.9318538241159615E-7,2.8839639495098725E-7,2.7179843428640129E-7],[2.8165547206725821E-7,2.9798118694815242E-7,2.9798277130583757E-7,3.0685617887461762E-7,2.9798277130583752E-7,2.9798118694815242E-7,2.8165547206725821E-7],[2.7179843428640124E-7,2.8839639495098725E-7,2.9318538241159615E-7,2.9798277130583752E-7,2.931853824115961E-7,2.8839639495098719E-7,2.7179843428640124E-7],[2.7365176809469831E-7,2.8989752972485946E-7,2.8839639495098725E-7,2.9798118694815242E-7,2.8839639495098719E-7,2.8989752972485941E-7,2.7365176809469826E-7],[2.5719776854166466E-7,2.7365176809469831E-7,2.7179843428640129E-7,2.8165547206725821E-7,2.7179843428640124E-7,2.7365176809469826E-7,2.5719776854166466E-7]],[[2.6709916878765652E-7,2.8364968055553379E-7,2.8178575951144115E-7,2.9170107137961446E-7,2.8178575951144109E-7,2.8364968055553379E-7,2.6709916878765652E-7],[2.8364968055553379E-7,2.9998826675490317E-7,2.984787657772625E-7,3.0811868569082994E-7,2.9847876577726245E-7,2.9998826675490312E-7,2.8364968055553379E-7],[2.8178575951144115E-7,2.984787657772625E-7,3.0329518034030063E-7,3.0812004309331082E-7,3.0329518034030063E-7,2.984787657772625E-7,2.8178575951144115E-7],[2.9170107137961446E-7,3.0811868569082994E-7,3.0812004309331082E-7,3.1704404635540846E-7,3.0812004309331082E-7,3.0811868569082994E-7,2.9170107137961446E-7],[2.8178575951144109E-7,2.9847876577726245E-7,3.0329518034030063E-7,3.0812004309331082E-7,3.0329518034030063E-7,2.9847876577726245E-7,2.8178575951144109E-7],[2.8364968055553379E-7,2.9998826675490312E-7,2.984787657772625E-7,3.0811868569082994E-7,2.9847876577726245E-7,2.9998826675490312E-7,2.8364968055553374E-7],[2.6709916878765652E-7,2.8364968055553379E-7,2.8178575951144115E-7,2.9170107137961446E-7,2.8178575951144109E-7,2.8364968055553374E-7,2.6709916878765647E-7]],[[2.7705820656269709E-7,2.9370435398581427E-7,2.9182990838101837E-7,3.0180291924636363E-7,2.9182990838101837E-7,2.9370435398581427E-7,2.7705820656269709E-7],[2.9370435398581427E-7,3.1013513014729565E-7,3.0861729725115835E-7,3.1831193627009073E-7,3.0861729725115835E-7,3.1013513014729565E-7,2.9370435398581427E-7],[2.9182990838101837E-7,3.0861729725115835E-7,3.1346094639463831E-7,3.1831309025670311E-7,3.1346094639463831E-7,3.0861729725115835E-7,2.9182990838101837E-7],[3.0180291924636363E-7,3.1831193627009073E-7,3.1831309025670311E-7,3.2728735472423032E-7,3.1831309025670311E-7,3.1831193627009073E-7,3.0180291924636363E-7],[2.9182990838101837E-7,3.0861729725115835E-7,3.1346094639463831E-7,3.1831309025670311E-7,3.1346094639463831E-7,3.0861729725115835E-7,2.9182990838101837E-7],[2.9370435398581427E-7