{"M_cells":[[[0,0,0,0,0,0],[0,0,0,0,0,0],[0,0,0,0,0,0],[0,0,0,0,0,0],[0,0,0,0,0,0],[0,0,0,0,0,0]],[[0.00021942240790603305,0.00050865569977682,0.00020941021164193246,9.4364023662703327E-5,4.321207556664389E-5,1.6306265735094143E-5],[0.00050865569977682,0.00081920829282270638,0.00039945597190284559,0.00019077518926934243,9.3814959618709453E-5,4.321207556664389E-5],[0.00020941021164193246,0.00039945597190284559,0.00028750343088148445,0.00017570586672667455,9.8208066497657877E-5,4.5972952901788E-5],[9.4364023662703327E-5,0.00019077518926934243,0.00017570586672667455,0.00012655367694731023,7.7486345094739036E-5,3.568520474288183E-5],[4.321207556664389E-5,9.3814959618709453E-5,9.8208066497657877E-5,7.7486345094739036E-5,4.9620982601351836E-5,2.1800160468510893E-5],[1.6306265735094143E-5,4.321207556664389E-5,4.5972952901788E-5,3.568520474288183E-5,2.1800160468510893E-5,7.9429370162728389E-6]],[[0.00070593008405099328,0.0010307337295646173,0.00049272157257631926,0.00025694629309122634,0.00014142741502524669,8.2014929090229479E-5],[0.0010307337295646173,0.0012319203727372415,0.000675165904655463,0.00037326950595043803,0.00021959375741504303,0.00014142741502524669],[0.00049272157257631926,0.000675165904655463,0.000508321189510637,0.00034161816697993348,0.00022243568655758408,0.000144889841514082],[0.00025694629309122634,0.00037326950595043803,0.00034161816697993348,0.00026267208137769585,0.00018382222696703283,0.00011771883421516518],[0.00014142741502524669,0.00021959375741504303,0.00022243568655758408,0.00018382222696703283,0.00013262144796492858,8.1486016116295742E-5],[8.2014929090229479E-5,0.00014142741502524669,0.000144889841514082,0.00011771883421516518,8.1486016116295742E-5,4.530433344927466E-5]],[[0.0011507345578816016,0.0014163498904639998,0.00075251393088509341,0.00043655799672033454,0.0002724356689884101,0.00018976735901295611],[0.0014163498904639998,0.0015459976298925844,0.00091662546606298574,0.00055846057743834366,0.00036752933327737793,0.0002724356689884101],[0.00075251393088509341,0.00091662546606298574,0.00071493389893019586,0.000513376526139831,0.00036699289218121629,0.00027384014853597055],[0.00043655799672033454,0.00055846057743834366,0.000513376526139831,0.00041335026423502665,0.00031342809410981443,0.00023036342585296937],[0.0002724356689884101,0.00036752933327737793,0.00036699289218121629,0.00031342809410981443,0.00024319064137351569,0.0001730344739821394],[0.00018976735901295611,0.0002724356689884101,0.00027384014853597055,0.00023036342585296937,0.0001730344739821394,0.00011577567827870167]],[[0.0015068899576235555,0.0017191358601281229,0.00098683837808542329,0.00062038307674674976,0.00042328434401382855,0.00032578703249964964],[0.0017191358601281229,0.0018070670117898255,0.0011359154482963177,0.00074315947064892334,0.00052842621384047714,0.00042328434401382855],[0.00098683837808542329,0.0011359154482963177,0.00091197253659330694,0.000688158470887758,0.00052419707169204857,0.00042139051804892234],[0.00062038307674674976,0.00074315947064892334,0.000688158470887758,0.0005735390249289263,0.00045902870213835359,0.00036427934960574958],[0.00042328434401382855,0.00052842621384047714,0.00052419707169204857,0.00045902870213835359,0.00037430164002371692,0.00028966746117661937],[0.00032578703249964964,0.00042328434401382855,0.00042139051804892234,0.00036427934960574958,0.00028966746117661937,0.00021514020692633385]],[[0.0017965555209796288,0.0019732295675251644,0.0012019715255294733,0.00080417955159465713,0.00058575400232333636,0.00047932044831871704],[0.0019732295675251644,0.002036372658330858,0.0013404159510598682,0.00092635341793526635,0.00069670039230021658,0.00058575400232333636],[0.0012019715255294733,0.0013404159510598682,0.0011023258646855633,0.00086436098077677045,0.00068916780620738641,0.00058041745384120969],[0.00080417955159465713,0.00092635341793526635,0.00086436098077677045,0.00073983233377178978,0.00061541605388631688,0.0005127385230569917],[0.00058575400232333636,0.00069670039230021658,0.00068916780620738641,0.00061541605388631688,0.00052013952494889271,0.00042496407457973134],[0.00047932044831871704,0.00058575400232333636,0.00058041745384120969,0.0005127385230569917,0.00042496407457973134,0.000337284801552839]],[[0.002043609307812686,0.0021981212775310861,0.0014039344017268023,0.00098676762525531643,0.00075487949097241872,0.00064323581503607967],[0.0021981212775310861,0.0022462508455728344,0.0015352684764234927,0.001108040946038045,0.00086912100776117152,0.00075487949097241872],[0.0014039344017268023,0.0015352684764234927,0.0012881968606218103,0.001041248040016941,0.0008589158372605567,0.00074650719159577515],[0.00098676762525531643,0.001108040946038045,0.001041248040016941,0.00091007464341694188,0.00077901571908786866,0.00067101447429191818],[0.00075487949097241872,0.00086912100776117152,0.0008589158372605567,0.00077901571908786866,0.000676279685442899,0.00057365040589624488],[0.00064323581503607967,0.00075487949097241872,0.00074650719159577515,0.00067101447429191818,0.00057365040589624488,0.00047638896678012612]],[[0.0022643288151034382,0.002405208002272096,0.0015972076955143384,0.0011680488663749,0.00092776279652748573,0.00081314325516626648],[0.002405208002272096,0.002444118877505628,0.0017239066484429518,0.0012885113709743231,0.0010438541394637362,0.00092776279652748573],[0.0015972076955143384,0.0017239066484429518,0.0014711306046177204,0.0012184757904084593,0.0010316135935958071,0.00091694799208837184],[0.0011680488663749,0.0012885113709743231,0.0012184757904084593,0.0010828840375713918,0.000947408127555829,0.00083585836991550771],[0.00092776279652748573,0.0010438541394637362,0.0010316135935958071,0.000947408127555829,0.00083950343676530189,0.00073170937385654477],[0.00081314325516626648,0.00092776279652748573,0.00091694799208837184,0.00083585836991550771,0.00073170937385654477,0.00062766817186049335]],[[0.0024688393947366332,0.0026013108761870295,0.0017848523637431727,0.0013482475468953781,0.0011027483483474598,0.00098645124984211743],[0.0026013108761870295,0.0026345059469247505,0.0019085661632139521,0.0014680809767955627,0.0012198708204218462,0.0011027483483474598],[0.0017848523637431727,0.0019085661632139521,0.0016521621351815242,0.0013958783268529079,0.0012061408632776502,0.0010900775917543754],[0.0013482475468953781,0.0014680809767955627,0.0013958783268529079,0.0012573659430408638,0.0011189702955413973,0.0010050683140629241],[0.0011027483483474598,0.0012198708204218462,0.0012061408632776502,0.0011189702955413973,0.0010075363971052871,0.00089621574211741321],[0.00098645124984211743,0.0011027483483474598,0.0010900775917543754,0.0010050683140629241,0.00089621574211741321,0.00078747449082689413]],[[0.0026633263590432367,0.0027905810767008543,0.0019688828780107005,0.0015276361229411655,0.00127890327817878,0.0011616683659771356],[0.0027905810767008543,0.002820207078464608,0.0020906850394843647,0.0016470135780846358,0.0013965981286174942,0.00127890327817878],[0.0019688828780107005,0.0020906850394843647,0.0018319693684742233,0.0015733732685816108,0.001381808329707703,0.001264875647520561],[0.0015276361229411655,0.0016470135780846358,0.0015733732685816108,0.0014329384981489723,0.0012926210468220446,0.0011771664320023496],[0.00127890327817878,0.0013965981286174942,0.001381808329707703,0.0012926210468220446,0.0011788035043858117,0.0010651009569889946],[0.0011616683659771356,0.00127890327817878,0.001264875647520561,0.0011771664320023496,0.0010651009569889946,0.00095314918452303393]],[[0.0028515764864731606,0.0029755750853617353,0.0021506020909587194,0.001706448775709764,0.001455706703581893,0.0013379501041207548],[0.0029755750853617353,0.0030029607062929792,0.0022711832040005413,0.0018255079389377707,0.0015737187497328442,0.001455706703581893],[0.0021506020909587194,0.0022711832040005413,0.0020109914217608894,0.0017509187952864343,0.0015581899872761167,0.0014407138544685802],[0.001706448775709764,0.0018255079389377707,0.0017509187952864343,0.0016092225832431799,0.0014676440706155479,0.001351167927585831],[0.001455706703581893,0.0015737187497328442,0.0015581899872761167,0.0014676440706155479,0.0013522298323539789,0.0012369317548161934],[0.0013379501041207548,0.001455706703581893,0.0014407138544685802,0.001351167927585831,0.0012369317548161934,0.0011228108801240903]],[[0.0030359246717486217,0.0031578810039265661,0.00233084588907243,0.001884864202122308,0.001632869598177935,0.0015148233843377086],[0.0031578810039265661,0.0031838546684408672,0.0024506480056618765,0.0020037064416457751,0.001751057630081396,0.001632869598177935],[0.00233084588907243,0.0024506480056618765,0.0021895112463336886,0.0019284933774803741,0.0017350214309316428,0.0016172037979778255],[0.001884864202122308,0.0020037064416457751,0.0019284933774803741,0.0017859711707888806,0.0016435669119380723,0.0015264202544946067],[0.001632869598177935,0.001751057630081396,0.0017350214309316428,0.0016435669119380723,0.001527089803387277,0.0014107296276791555],[0.0015148233843377086,0.001632869598177935,0.0016172037979778255,0.0015264202544946067,0.0014107296276791555,0.0012951553610394118]],[[0.0032178211462316184,0.0033384918586923996,0.0025101488036703146,0.0020630112158758832,0.0018102323271255824,0.0016920251379883035],[0.0033384918586923996,0.0033635729991004226,0.002629454400070807,0.0021817081958335214,0.0019285185217436248,0.0018102323271255824],[0.0025101488036703146,0.002629454400070807,0.0023677107807507981,0.002106085883065701,0.0019121379060296436,0.0017941043890390717],[0.0020630112158758832,0.0021817081958335214,0.002106085883065701,0.0019630234486717043,0.0018200791247488671,0.001702492988908601],[0.0018102323271255824,0.0019285185217436248,0.0019121379060296436,0.0018200791247488671,0.0017028977984216637,0.0015858339146584352],[0.0016920251379883035,0.0018102323271255824,0.0017941043890390717,0.001702492988908601,0.0015858339146584352,0.0014692919042920381]],[[0.0033981723547885688,0.0035180317835562321,0.0026888523684401307,0.0022409797855031648,0.0019877070621865953,0.001869409866417327],[0.0035180317835562321,0.0035425475477109925,0.0028078419456708257,0.0023595809820229942,0.0021060486920228575,0.0019877070621865953],[0.0026888523684401307,0.0028078419456708257,0.0025457069678975004,0.0022836906049273184,0.0020894364001847522,0.0019712654136682154],[0.0022409797855031648,0.0023595809820229942,0.0022836906049273184,0.0021402748825704965,0.0019969773775972764,0.0018791032998085415],[0.0019877070621865953,0.0021060486920228575,0.0020894364001847522,0.0019969773775972764,0.0018793309845082529,0.0017618023698071394],[0.001869409866417327,0.0019877070621865953,0.0019712654136682154,0.0018791032998085415,0.0017618023698071394,0.0016446189684204563]],[[0.0035775478082935987,0.0036968947025565386,0.0028671748974564331,0.002418831561675671,0.0021652456733047918,0.0020468974551587642],[0.0036968947025565386,0.0037210518838397774,0.0029859638945131189,0.0025373706320153365,0.0022836193821245254,0.0021652456733047918],[0.0028671748974564331,0.0029859638945131189,0.0027235750244032119,0.0024613047021737285,0.0022668523298915687,0.0021485929686436314],[0.002418831561675671,0.0025373706320153365,0.0024613047021737285,0.0023176576467344311,0.0021741288794802859,0.0020560659480039346],[0.0021652456733047918,0.0022836193821245254,0.0022668523298915687,0.0021741288794802859,0.0020561759217587678,0.0019383409635738242],[0.0020468974551587642,0.0021652456733047918,0.0021485929686436314,0.0020560659480039346,0.0019383409635738242,0.0018207338141018937]],[[0.0037563068650287635,0.0038753301192662047,0.0030452560965385472,0.0025966082853146224,0.0023428219187729,0.0022244439885521043],[0.0038753301192662047,0.0038992598283929549,0.00316391844283943,0.0027151079120331083,0.0024612150184265742,0.0023428219187729],[0.0030452560965385472,0.00316391844283943,0.0029013633979244921,0.0026389268596993254,0.0024443451306916312,0.0023260281988720893],[0.0025966082853146224,0.0027151079120331083,0.0026389268596993254,0.002495127832782643,0.0023514471415083571,0.0022332599672182283],[0.0023428219187729,0.0024612150184265742,0.0024443451306916312,0.0023514471415083571,0.0022332921433277217,0.0021152552905309378],[0.0022244439885521043,0.0023428219187729,0.0023260281988720893,0.0022332599672182283,0.0021152552905309378,0.0019973686506964262]],[[0.003934677101307002,0.0040534965502739715,0.0032231855045587775,0.0027743380048236596,0.0025204216011924518,0.0024020255286318413],[0.0040534965502739715,0.0040772821251971077,0.0033417686270914328,0.0028928133877549364,0.002638827268175519,0.0025204216011924518],[0.0032231855045587775,0.0033417686270914328,0.003079103361003335,0.0028165565770483653,0.00262188930773383,0.0025035341540163803],[0.0027743380048236596,0.0028928133877549364,0.0028165565770483653,0.0026726570963033166,0.0025288759836157408,0.0024106065810358],[0.0025204216011924518,0.002638827268175519,0.00262188930773383,0.0025288759836157408,0.0024105875770537833,0.0022924174124639802],[0.0024020255286318413,0.0025204216011924518,0.0025035341540163803,0.0024106065810358,0.0022924174124639802,0.0021743464140567864]],[[0.0041128030938708112,0.0042314949875870127,0.0034010206154728262,0.0029520394875545393,0.0026980371395630863,0.0025796291371145649],[0.0042314949875870127,0.0042551895156354921,0.0035195550026181125,0.0030705007846348518,0.0028164517692179864,0.0026980371395630863],[0.0034010206154728262,0.0035195550026181125,0.0032568151611705094,0.0029941937880912763,0.0027994688528109081,0.0026810876257279612],[0.0029520394875545393,0.0030705007846348518,0.0029941937880912763,0.0028502272084157511,0.0027063790195629577,0.0025880546308427394],[0.0026980371395630863,0.0028164517692179864,0.0027994688528109081,0.0027063790195629577,0.0025880020948320774,0.0024697434765552266],[0.0025796291371145649,0.0026980371395630863,0.0026810876257279612,0.0025880546308427394,0.0024697434765552266,0.0023515505808860194]],[[0.0042907769558404429,0.0044093899478418993,0.0035787984315654433,0.0031297252732272697,0.0028756645816534546,0.0027572479205635395],[0.0044093899478418993,0.0044330273105067019,0.003697303733471369,0.003248179273720132,0.0029940863330501243,0.0028756645816534546],[0.0035787984315654433,0.003697303733471369,0.0034345119643340869,0.0031718386568384536,0.00297707374743348,0.0028586740557623078],[0.0031297252732272697,0.003248179273720132,0.0031718386568384536,0.0030278265069143542,0.002883932764426876,0.0027655709948079333],[0.0028756645816534546,0.0029940863330501243,0.00297707374743348,0.002883932764426876,0.0027654965732691406,0.002647178732199319],[0.0027572479205635395,0.0028756645816534546,0.0028586740557623078,0.0027655709948079333,0.002647178732199319,0.0025289047874317862]],[[0.0044686575391729424,0.0045872227625305684,0.0037565428368364143,0.003307403753453527,0.0030533019618779857,0.0029348783015603788],[0.0045872227625305684,0.0046108246208854831,0.0038750317613380132,0.0034258550100243765,0.0031717299586025358,0.0030533019618779857],[0.0037565428368364143,0.0038750317613380132,0.0036122023848348559,0.0033494914678712166,0.0031546977646329092,0.0030362843469311273],[0.003307403753453527,0.0034258550100243765,0.0033494914678712166,0.0032054475878523169,0.0030615221279999575,0.0029431343073872689],[0.0030533019618779857,0.0031717299586025358,0.0031546977646329092,0.0030615221279999575,0.0029430456569490052,0.0028246875661404806],[0.0029348783015603788,0.0030533019618779857,0.0030362843469311273,0.0029431343073872689,0.0028246875661404806,0.0027063591829844676]],[[0.0046464825563673024,0.0047650199958652849,0.0039342693087643169,0.0034850805722720724,0.0032309483999345238,0.0031125185182982852],[0.0047650199958652849,0.0047886002212734818,0.0040527501127297682,0.0036035321598634103,0.0033493822917529158,0.0032309483999345238],[0.0039342693087643169,0.0040527501127297682,0.003789892110055054,0.0035271525678899807,0.0033323370828347116,0.0032139128586530308],[0.0034850805722720724,0.0036035321598634103,0.0035271525678899807,0.0033830858059656363,0.0032391374745220293,0.003120730852797864],[0.0032309483999345238,0.0033493822917529158,0.0033323370828347116,0.0032391374745220293,0.003120632991266574,0.0030022469097399475],[0.0031125185182982852,0.0032309483999345238,0.0032139128586530308,0.003120730852797864,0.0030022469097399475,0.0028838813527635536]],[[0.0048242762571307617,0.0049427987910283938,0.0041119879331933031,0.003662759561870814,0.0034086036068275874,0.0032901678008661721],[0.0049427987910283938,0.0049663662823396992,0.0042304660177570688,0.0037812135829839509,0.0035270433297191059,0.0034086036068275874],[0.0041119879331933031,0.0042304660177570688,0.00396758494458454,0.00370482233496544,0.0035099894094939676,0.003391556143152937],[0.003662759561870814,0.0037812135829839509,0.00370482233496544,0.0035607383017743862,0.0034167727079126697,0.0032983518857519225],[0.0034086036068275874,0.0035270433297191059,0.0035099894094939676,0.0034167727079126697,0.00329824809298379,0.0031798418957372345],[0.0032901678008661721,0.0034086036068275874,0.003391556143152937,0.0032983518857519225,0.0031798418957372345,0.0030614503119197715]],[[0.0050020543034218845,0.0051205702735868811,0.0042897053359233746,0.0038404433640970305,0.0035862676147507926,0.0034678259198227248],[0.0051205702735868811,0.0051441307521695821,0.0044081842692096666,0.003958901283554,0.0037047132599023437,0.0035862676147507926],[0.0042897053359233746,0.0044081842692096666,0.0041452834819985561,0.0038825011628162071,0.0036876534258438853,0.0035692121465509146],[0.0038404433640970305,0.003958901283554,0.0038825011628162071,0.0037384033711910774,0.0035944240268929303,0.003475991886673828],[0.0035862676147507926,0.0037047132599023437,0.0036876534258438853,0.0035944240268929303,0.0034758843018584547,0.0033574630069665729],[0.0034678259198227248,0.0035862676147507926,0.0035692121465509146,0.003475991886673828,0.0033574630069665729,0.0032390525485542047]],[[0.0051798268726959938,0.00529834172253585,0.0044674259217703551,0.0040181338414891432,0.0037639406298913586,0.0036454929393941972],[0.00529834172253585,0.0053218988780697907,0.0045859080953629559,0.0041365967074207576,0.0038823923724988951,0.0037639406298913586],[0.0044674259217703551,0.0045859080953629559,0.0043229895375323851,0.004060189453225063,0.0038653284345471824,0.0037468797027730852],[0.0040181338414891432,0.0041365967074207576,0.004060189453225063,0.0039160800576095662,0.0037720891168654706,0.0036536474273688264],[0.0037639406298913586,0.0038823923724988951,0.0038653284345471824,0.0037720891168654706,0.0036535374432221505,0.0035351042100137207],[0.0036454929393941972,0.0037639406298913586,0.0037468797027730852,0.0036536474273688264,0.0035351042100137207,0.0034166794258918185]],[[0.0053576006373911855,0.0054761179577144893,0.0046451526703353858,0.0041958323482779248,0.0039416229526812278,0.0038231690830472613],[0.0054761179577144893,0.0054996741806888853,0.0047636397211553664,0.0043143009376472646,0.0040600810135516616,0.0039416229526812278],[0.0046451526703353858,0.0047636397211553664,0.0045007044271142705,0.0042378876128459537,0.0040430141359029175,0.0039245582124742108],[0.0041958323482779248,0.0043143009376472646,0.0042378876128459537,0.0040937678883608605,0.0039497666260960764,0.0038313164347078803],[0.0039416229526812278,0.0040600810135516616,0.0040430141359029175,0.0039497666260960764,0.0038312049566621418,0.0037127617366477421],[0.0038231690830472613,0.0039416229526812278,0.0039245582124742108,0.0038313164347078803,0.0037127617366477421,0.0035943254818076318]],[[0.0055353800299087806,0.0056539022278879955,0.0048228876476919241,0.0043735399087150269,0.0041193149350217066,0.004000854660725351],[0.0056539022278879955,0.0056774590784979444,0.0049413807294506921,0.0044920148230164908,0.0042377795601450143,0.0041193149350217066],[0.0048228876476919241,0.0049413807294506921,0.004678429147602141,0.0044155960523627044,0.0042207104856939771,0.004102247439171443],[0.0043735399087150269,0.0044920148230164908,0.0044155960523627044,0.0042714667047619162,0.0041274558267023745,0.0040089977133995931],[0.0041193149350217066,0.0042377795601450143,0.0042207104856939771,0.0041274558267023745,0.0040088853295050892,0.0038904332899626815],[0.004000854660725351,0.0041193149350217066,0.004102247439171443,0.0040089977133995931,0.0038904332899626815,0.0037719873185653174]],[[0.0057131680523360845,0.0058316967800801575,0.0050006323358316651,0.0045512573343239543,0.0042970169577523087,0.0041785500298882573],[0.0058316967800801575,0.0058552552887236962,0.0051191322939378066,0.004669739062506814,0.0044154884077046838,0.0042970169577523087],[0.0050006323358316651,0.0051191322939378066,0.0048561644934524114,0.00459331518689319,0.0043984176049852216,0.0042799473798086759],[0.0045512573343239543,0.004669739062506814,0.00459331518689319,0.0044491765527910976,0.0043051563956328373,0.00418669063718114],[0.0042970169577523087,0.0044154884077046838,0.0043984176049852216,0.0043051563956328373,0.0041865777291963955,0.0040681175282634638],[0.0041785500298882573,0.0042970169577523087,0.0042799473798086759,0.00418669063718114,0.0040681175282634638,0.0039496628795467024]],[[0.0058909667955726027,0.0060095032251236639,0.0051783878450991387,0.0047289853010304989,0.0044747294191854678,0.0043562555750597774],[0.0060095032251236639,0.0060330640851728613,0.0052968953295502667,0.00484747426092627,0.0045932079639003738,0.0044747294191854678],[0.0051783878450991387,0.0052968953295502667,0.0050339111324673846,0.0047710454370428,0.0045761357230366291,0.0044576581826812779],[0.0047289853010304989,0.00484747426092627,0.0047710454370428,0.0046268976130078307,0.0044828682734735122,0.0043643949493606567],[0.0044747294191854678,0.0045932079639003738,0.0045761357230366291,0.0044828682734735122,0.00436428176523482,0.0042458137301975563],[0.0043562555750597774,0.0044747294191854678,0.0044576581826812779,0.0043643949493606567,0.0042458137301975563,0.004127350979069481]],[[0.0060687777726844564,0.0061873227727675516,0.0053561550514430794,0.0049067244000112207,0.0046524527296768264,0.0045339716974906784],[0.0061873227727675516,0.0062108864643509419,0.0054746705898582543,0.0050252209656973176,0.0047709386461393657,0.0046524527296768264],[0.0053561550514430794,0.0054746705898582543,0.00521166965519065,0.0049487872302893254,0.0047538651413559117,0.0046353800955475748],[0.0049067244000112207,0.0050252209656973176,0.0049487872302893254,0.0048046301558597052,0.0046605915736908417,0.0045421106342870736],[0.0046524527296768264,0.0047709386461393657,0.0047538651413559117,0.0046605915736908417,0.0045419973353679165,0.0044235215779479314],[0.0045339716974906784,0.0046524527296768264,0.0046353800955475748,0.0045421106342870736,0.0044235215779479314,0.0043050509973661839]],[[0.0062466021333526557,0.0063651563832058155,0.0055339346853340975,0.0050844751713646618,0.0048301873094779308,0.0047116988103394711],[0.0063651563832058155,0.0063887232527727539,0.0056524587303562008,0.0052029796913475243,0.004948680881006526,0.0048301873094779308],[0.0055339346853340975,0.0056524587303562008,0.0053894406073307973,0.0051265410025337519,0.0049316062112642464,0.0048131134330110766],[0.0050844751713646618,0.0052029796913475243,0.0051265410025337519,0.0049823745134056248,0.0048383265245358978,0.0047198378347851717],[0.0048301873094779308,0.004948680881006526,0.0049316062112642464,0.0048383265245358978,0.0047197245265197954,0.00460124101721353],[0.0047116988103394711,0.0048301873094779308,0.0048131134330110766,0.0047198378347851717,0.00460124101721353,0.0044827626831512139]],[[0.006424440802141473,0.0065430048650185228,0.0057117273895999137,0.0052622381265807231,0.0050079335883686342,0.0048894373368530792],[0.0065430048650185228,0.0065665751765459487,0.0058302603498148779,0.0053807509359984291,0.00512643510475612,0.0050079335883686342],[0.0057117273895999137,0.0058302603498148779,0.0055672245112571676,0.005304307199733873,0.00510935932011097,0.0049908585562203657],[0.0052622381265807231,0.0053807509359984291,0.005304307199733873,0.0051601310616510758,0.0050160734320869524,0.0048975767993571142],[0.0050079335883686342,0.00512643510475612,0.00510935932011097,0.0050160734320869524,0.0048974635512323977,0.0047789721670681668],[0.0048894373368530792,0.0050079335883686342,0.0049908585562203657,0.0048975767993571142,0.0047789721670681668,0.0046604860261633728]],[[0.0066022945679285721,0.0067208689387435972,0.0058895337572725734,0.0054400137637205448,0.0051856920062533307,0.0050671877101768686],[0.0067208689387435972,0.006744442906752743,0.0060080760175301095,0.0055585351926592946,0.00530420176437329,0.0051856920062533307],[0.0058895337572725734,0.0060080760175301095,0.0057450218804657779,0.0054820862795836875,0.0052871248830337709,0.0051686158604551816],[0.0054400137637205448,0.0055585351926592946,0.0054820862795836875,0.005337900209745854,0.0051938326569691846,0.005075327848651414],[0.0051856920062533307,0.00530420176437329,0.0052871248830337709,0.0051938326569691846,0.0050752147071319881,0.004956715262186065],[0.0050671877101768686,0.0051856920062533307,0.0051686158604551816,0.005075327848651414,0.004956715262186065,0.00483822117516568]],[[0.0067801641420189573,0.0068987492784105429,0.0060673543565870781,0.005617802577866351,0.0053634630142796865,0.0052449503740460823],[0.0068987492784105429,0.0069223270893171559,0.0061859062915125976,0.0057363329571589418,0.0054819813189470133,0.0053634630142796865],[0.0060673543565870781,0.0061859062915125976,0.0059228332295309981,0.0056598787132245672,0.00546490333828155,0.0053463857677695566],[0.005617802577866351,0.0057363329571589418,0.0056598787132245672,0.0055156823936224524,0.0053716045999226431,0.00525309135439769],[0.0053634630142796865,0.0054819813189470133,0.00546490333828155,0.0053716045999226431,0.005252978351314423,0.0051344706160523562],[0.0052449503740460823,0.0053634630142796865,0.0053463857677695566,0.00525309135439769,0.0051344706160523562,0.0050159683854423169]],[[0.0069580501961834145,0.0070766465389542161,0.0062451897477320759,0.0057956050685122988,0.0055412470762465846,0.0054227257839590814],[0.0070766465389542161,0.0071002283649425138,0.0063637517308717225,0.0059141447339134687,0.0056597742412211162,0.0055412470762465846],[0.0062451897477320759,0.0063637517308717225,0.0061006590811696739,0.0058376849869881528,0.00564269514483504,0.0055241687228859164],[0.0057956050685122988,0.0059141447339134687,0.0058376849869881528,0.0056934780725151832,0.0055493896930991493,0.0054308677264098852],[0.0055412470762465846,0.0056597742412211162,0.00564269514483504,0.0055493896930991493,0.0054307548843959014,0.0053122385977728585],[0.0054227257839590814,0.0055412470762465846,0.0055241687228859164,0.0054308677264098852,0.0053122385977728585,0.0051937279854224836]],[[0.0071359533878419309,0.0072545613746022881,0.0064230404943178779,0.0059734217449899617,0.0057190446701794974,0.0056005144086187257],[0.0072545613746022881,0.0072781473827153347,0.0065416129044930712,0.00609197104031327,0.0058375810192566715,0.0057190446701794974],[0.0064230404943178779,0.0065416129044930712,0.0062784999714709808,0.0060155056041775821,0.0058205007815187631,0.0057019651911887938],[0.0059734217449899617,0.00609197104031327,0.0060155056041775821,0.0058712877273563429,0.00572718839507439,0.0056086574048147663],[0.0057190446701794974,0.0058375810192566715,0.0058205007815187631,0.00572718839507439,0.005608544740828671,0.005490019617696699],[0.0056005144086187257,0.0057190446701794974,0.0057019651911887938,0.0056086574048147663,0.005490019617696699,0.0053715003557017393]],[[0.00731387437703494,0.0074324944515136507,0.006600907171478051,0.0061512531306440708,0.0058968562900141852,0.0057783167315324695],[0.0074324944515136507,0.0074560848096929,0.0067194903973678477,0.00626981241024326,0.0060154021581765825,0.0058968562900141852],[0.006600907171478051,0.0067194903973678477,0.0064563564539765585,0.0061933410868977475,0.0059983207470918447,0.00587977565808403],[0.0061512531306440708,0.00626981241024326,0.0061933410868977475,0.0060491118604061433,0.0059050011882781916,0.0057864608556724914],[0.0058968562900141852,0.0060154021581765825,0.0059983207470918447,0.0059050011882781916,0.00578634838328341,0.0056678141187530041],[0.0057783167315324695,0.0058968562900141852,0.00587977565808403,0.0057864608556724914,0.0056678141187530041,0.0055492859160980387]],[[0.0074918138381733857,0.0076104464567831615,0.0067787903718430909,0.0063290997662265817,0.0060746824473627324,0.0059561332527179574],[0.0076104464567831615,0.0076340413379723257,0.006897384815454358,0.0064476693970740556,0.0061932381819827268,0.0060746824473627324],[0.0067787903718430909,0.006897384815454358,0.00663422910305719,0.006371191977946819,0.0061761555609934193,0.0060576006292577369],[0.0063290997662265817,0.0064476693970740556,0.006371191977946819,0.0062269509957056024,0.0060828285780092249,0.005964278568807364],[0.0060746824473627324,0.0061932381819827268,0.0061761555609934193,0.0060828285780092249,0.0059641662996806951,0.0058456225715005153],[0.0059561332527179574,0.0060746824473627324,0.0060576006292577369,0.005964278568807364,0.0058456225715005153,0.0057270851179218605]],[[0.0076697724684949972,0.0077884181051782082,0.0069566907101906708,0.0065069622128205579,0.0062525236733552451,0.0061339644904921014],[0.0077884181051782082,0.0078120176902111123,0.0070752967896451739,0.0066255425763496077,0.0063710896354479823,0.0062525236733552451],[0.0069566907101906708,0.0070752967896451739,0.0068121185168800282,0.0065490588427833266,0.0063540057645398423,0.0062354406315404745],[0.0065069622128205579,0.0066255425763496077,0.0065490588427833266,0.0064048056800929528,0.0062606710925010595,0.0061421110570914882],[0.0062525236733552451,0.0063710896354479823,0.0063540057645398423,0.0062606710925010595,0.0061419990019590791,0.0060234454715986574],[0.0061339644904921014,0.0062525236733552451,0.0062354406315404745,0.0061421110570914882,0.0060234454715986574,0.005904898439636215]],[[0.0078477509944754366,0.0079664101444946473,0.0071346088272961359,0.0066848410544989535,0.0064303805205593971,0.0063118109833380613],[0.0079664101444946473,0.007990014624231526,0.0072532269792154377,0.0068034325483218323,0.0065489570860905863,0.0064303805205593971],[0.0071346088272961359,0.0072532269792154377,0.0069900253201613267,0.0067269422715832312,0.0065318719224484543,0.0064132962141936244],[0.0066848410544989535,0.0068034325483218323,0.0067269422715832312,0.00658267648462089,0.0064385292836998155,0.00631995885669552],[0.0064303805205593971,0.0065489570860905863,0.0065318719224484543,0.0064385292836998155,0.0063198470259947254,0.006201283338869751],[0.0063118109833380613,0.0064303805205593971,0.0064132962141936244,0.00631995885669552,0.006201283338869751,0.0060827263847311385]],[[0.0080257501770037258,0.0081444233601096309,0.0073125453933286788,0.0068627369008584273,0.006608253564987788,0.0064896732918549947],[0.0081444233601096309,0.00816803293712383,0.0074311760750020205,0.0069813399404370325,0.0067268411262433941,0.006608253564987788],[0.0073125453933286788,0.0074311760750020205,0.0071679501668377044,0.0069048428814032685,0.0067097546246137176,0.006591167950505291],[0.0068627369008584273,0.0069813399404370325,0.0069048428814032685,0.0067605640062763268,0.0066164037285404952,0.0064978225279995376],[0.006608253564987788,0.0067268411262433941,0.0067097546246137176,0.0066164037285404952,0.0064977109323005322,0.0063791367174213841],[0.0064896732918549947,0.006608253564987788,0.006591167950505291,0.0064978225279995376,0.0063791367174213841,0.00626056948105811]],[[0.0082037708158524923,0.008322458579114211,0.007490501111021162,0.0070406503895242669,0.0067861434082043832,0.0066675520007990537],[0.008322458579114211,0.0083460734691254979,0.0076091448024812533,0.0071592654098474266,0.0069047423752315335,0.0067861434082043832],[0.007490501111021162,0.0076091448024812533,0.0073458937427479647,0.0070827613184668856,0.006887654488093471,0.0067690564396292365],[0.0070406503895242669,0.0071592654098474266,0.0070827613184668856,0.0069384688699446577,0.006794295030589744,0.006675702656970782],[0.0067861434082043832,0.0069047423752315335,0.006887654488093471,0.006794295030589744,0.0066755913072693469,0.0065570061764903638],[0.0066675520007990537,0.0067861434082043832,0.0067690564396292365,0.006675702656970782,0.0065570061764903638,0.0064384282811406962]],[[0.0083818137537925858,0.00850051667427974,0.0076684767187701229,0.0072185821886966532,0.0069640506795456822,0.0068454477212298208],[0.00850051667427974,0.0085241371074644828,0.0077871339248623975,0.00733720964600342,0.00708266148167509,0.0069640506795456822],[0.0076684767187701229,0.0077871339248623975,0.0075238567683931761,0.0072606982605910152,0.0070655721592853124,0.0069469623086306645],[0.0072185821886966532,0.00733720964600342,0.0072606982605910152,0.0071163917305883465,0.0069722038219763877,0.0068535998568894528],[0.0069640506795456822,0.00708266148167509,0.0070655721592853124,0.0069722038219763877,0.0068534887648156887,0.006734892311795874],[0.0068454477212298208,0.0069640506795456822,0.0069469623086306645,0.0068535998568894528,0.006734892311795874,0.0066163033631552529]],[[0.0085598798805887246,0.0086785985680343063,0.0078464729937741621,0.0073965329997899548,0.0071419760384728243,0.0070233610927769481],[0.0086785985680343063,0.00870222479029978,0.007965144246281133,0.0075151733733697604,0.0072605991259343163,0.0071419760384728243],[0.0078464729937741621,0.007965144246281133,0.0077018400018267876,0.0074386544197729138,0.0072435083162872534,0.007124886214722439],[0.0073965329997899548,0.0075151733733697604,0.0074386544197729138,0.0072943332756275859,0.007150130765566024,0.0070315147703532144],[0.0071419760384728243,0.0072605991259343163,0.0072435083162872534,0.007150130765566024,0.0070314039483286173,0.0069127957472707941],[0.0070233610927769481,0.0071419760384728243,0.007124886214722439,0.0070315147703532144,0.0069127957472707941,0.006794195332389447]],[[0.00873797013703874,0.00885670523657523,0.0080244907552915641,0.0075745035602068087,0.0073199201770725447,0.0072012927860432754],[0.00885670523657523,0.0088803375108584964,0.0081431766151582562,0.0076931573543023235,0.0074385560227164423,0.0073199201770725447],[0.0080244907552915641,0.0081431766151582562,0.0078798442417178059,0.0076166305449579426,0.0074214636714464684,0.0073028288476880074],[0.0075745035602068087,0.0076931573543023235,0.0076166305449579426,0.0074722942275229735,0.0073280765573587557,0.0072094480715221374],[0.0073199201770725447,0.0074385560227164423,0.0074214636714464684,0.0073280765573587557,0.0072093375328865705,0.00709071713709382],[0.0072012927860432754,0.0073199201770725447,0.0073028288476880074,0.0072094480715221374,0.00709071713709382,0.00697210482306128]],[[0.00891608551917648,0.00903483771421332,0.0082025308680778921,0.007752494646283685,0.0074978838227269728,0.0073792435051646052],[0.00903483771421332,0.0090584763218480926,0.008321231927776505,0.0078711623921188939,0.0076165329238651906,0.0074978838227269728],[0.0082025308680778921,0.008321231927776505,0.0080578703306248851,0.0077946274250110621,0.0075994389741072766,0.00748079093249722],[0.007752494646283685,0.0078711623921188939,0.0077946274250110621,0.0076502753465688914,0.0075060419291045925,0.0073874004685871618],[0.0074978838227269728,0.0076165329238651906,0.0075994389741072766,0.0075060419291045925,0.007387290227709461,0.00726865716797839],[0.0073792435051646052,0.0074978838227269728,0.00748079093249722,0.0073874004685871618,0.00726865716797839,0.0071500325004294]],[[0.0090942270827277811,0.0092129970980238257,0.0083805942460579014,0.00793050707644065,0.0076758677409747315,0.0075572139905455207],[0.0092129970980238257,0.0092366423402101324,0.0084993111321232558,0.008049189334396311,0.0077945306213566207,0.0076758677409747315],[0.0083805942460579014,0.0084993111321232558,0.00823591915851788,0.0079726458919174622,0.0077774350135754369,0.0076587732321280319],[0.00793050707644065,0.008049189334396311,0.0079726458919174622,0.00782827743391338,0.00768402765114272,0.007565372706459998],[0.0076758677409747315,0.0077945306213566207,0.0077774350135754369,0.00768402765114272,0.0075652627788419654,0.0074466165617001713],[0.0075572139905455207,0.0076758677409747315,0.0076587732321280319,0.007565372706459998,0.0074466165617001713,0.0073279790631574759]],[[0.0092723959478966077,0.0093911845528763128,0.0085586818562763383,0.0081085417145685887,0.0078538727385860183,0.0077352050217939271],[0.0093911845528763128,0.0094148367522799616,0.0086774152320438537,0.0082272390765265185,0.00797254995052591,0.0078538727385860183],[0.0085586818562763383,0.0086774152320438537,0.008413991666583031,0.0081506868242397553,0.00795545262231939,0.007836776550611527],[0.0081085417145685887,0.0082272390765265185,0.0081506868242397553,0.0080063013348248158,0.0078620345354778343,0.0077433655696922529],[0.0078538727385860183,0.00797254995052591,0.00795545262231939,0.0078620345354778343,0.0077432559720721564,0.007624596077858134],[0.0077352050217939271,0.0078538727385860183,0.007836776550611527,0.0077433655696922529,0.007624596077858134,0.0075059452459181495]],[[0.00945059330454759,0.00956940131690266,0.0087367947231752081,0.00828659947368658,0.0080318996668791252,0.0079132174208798121],[0.00956940131690266,0.0095930608194112858,0.0088555452917507445,0.0084053125655659186,0.0081505917935538932,0.0080318996668791252],[0.0087367947231752081,0.0088555452917507445,0.0085920888513498078,0.0083287511508627864,0.0081334926794344019,0.00801480173632359],[0.00828659947368658,0.0084053125655659186,0.0083287511508627864,0.00818434794223115,0.00804006343911402,0.0079213798856395973],[0.0080318996668791252,0.0081505917935538932,0.0081334926794344019,0.00804006343911402,0.00792127063609984,0.0078025965168775349],[0.0079132174208798121,0.0080318996668791252,0.00801480173632359,0.0079213798856395973,0.0078025965168775349,0.00768393182223467]],[[0.0096288204178510764,0.0097476487074719658,0.0089149339332426046,0.0084646813199051926,0.0082099494253068811,0.0080912520555444546],[0.0097476487074719658,0.00977131588413185,0.0090337024407362975,0.0085834108044151574,0.0083286570832440832,0.0082099494253068811],[0.0089149339332426046,0.0090337024407362975,0.0087702117691804242,0.0085068398550600874,0.0083115561143983913,0.0081928496855490657],[0.0084646813199051926,0.0085834108044151574,0.0085068398550600874,0.00836241820056112,0.0082181152676708991,0.0080994165278917875],[0.0082099494253068811,0.0083286570832440832,0.0083115561143983913,0.0082181152676708991,0.00809930764597445,0.00798061872326972],[0.0080912520555444546,0.0082099494253068811,0.0081928496855490657,0.0080994165278917875,0.00798061872326972,0.00786193960757055]],[[0.0098070786344555787,0.0099259281277385043,0.0090931006400818918,0.0086427882767349858,0.0083880229653460221,0.0082693098429913962],[0.0099259281277385043,0.0099496033768979083,0.00921188787914047,0.0087615348563704516,0.0085067468071254888,0.0083880229653460221],[0.0090931006400818918,0.00921188787914047,0.0089483615411669586,0.00868495397892074,0.00848964391115354,0.0083709213463497318],[0.0086427882767349858,0.0087615348563704516,0.00868495397892074,0.0085405131099221387,0.00839619097931282,0.0082774764199962381],[0.0083880229653460221,0.0085067468071254888,0.00848964391115354,0.00839619097931282,0.0082773679268292027,0.0081586635891714859],[0.0082693098429913962,0.0083880229653460221,0.0083709213463497318,0.0082774764199962381,0.0081586635891714859,0.0080399694626843918]],[[0.0099853693892591883,0.010104241073835632,0.0092712960699572449,0.00882092142978023,0.00856612129472529,0.008447391753892414],[0.010104241073835632,0.010127924823522962,0.0093901028836305,0.0089396858500910541,0.0086848620119196335,0.00856612129472529],[0.0092712960699572449,0.0093901028836305,0.009126539358486058,0.0088630946281794114,0.0086677571125512946,0.0085490177227706549],[0.00882092142978023,0.0089396858500910541,0.0088630946281794114,0.0087186337306537874,0.0085742915890260254,0.0084555605395072869],[0.00856612129472529,0.0086848620119196335,0.0086677571125512946,0.0085742915890260254,0.0084554524579424934,0.0083367320581909047],[0.008447391753892414,0.00856612129472529,0.00854901