{"M_cells":[[[0.0045,0.0045,0.0045,0.0045,0.0045,0.0045,0.0045],[0.0045,0.0045,0.0045,0.0045,0.0045,0.0045,0.0045],[0.0045,0.0045,0.0045,0.0045,0.0045,0.0045,0.0045],[0.0045,0.0045,0.0045,0.0045,0.0045,0.0045,0.0045],[0.0045,0.0045,0.0045,0.0045,0.0045,0.0045,0.0045],[0.0045,0.0045,0.0045,0.0045,0.0045,0.0045,0.0045],[0.0045,0.0045,0.0045,0.0045,0.0045,0.0045,0.0045]],[[0.0045055578283445408,0.0045319086364683635,0.0045283943336666323,0.0045415224962122519,0.0045283943336666323,0.0045319086364683635,0.0045055578283445408],[0.0045319086364683635,0.0046345163620780932,0.0046230025507225285,0.0046736714626946368,0.0046230025507225285,0.0046345163620780932,0.0045319086364683635],[0.0045283943336666323,0.0046230025507225285,0.0046509181025126854,0.0046789818936137087,0.0046509181025126854,0.0046230025507225285,0.0045283943336666323],[0.0045415224962122519,0.0046736714626946368,0.0046789818936137087,0.0047360015481864278,0.0046789818936137087,0.0046736714626946368,0.0045415224962122519],[0.0045283943336666323,0.0046230025507225285,0.0046509181025126854,0.0046789818936137087,0.0046509181025126854,0.0046230025507225285,0.0045283943336666323],[0.0045319086364683635,0.0046345163620780932,0.0046230025507225285,0.0046736714626946368,0.0046230025507225285,0.0046345163620780932,0.0045319086364683635],[0.0045055578283445408,0.0045319086364683635,0.0045283943336666323,0.0045415224962122519,0.0045283943336666323,0.0045319086364683635,0.0045055578283445408]],[[0.0045381824819744716,0.0046242126579411581,0.0046128743685539446,0.0046571123704027282,0.0046128743685539446,0.0046242126579411581,0.0045381824819744716],[0.0046242126579411581,0.0048209501268910845,0.0047991533569180615,0.0049002465547282421,0.0047991533569180615,0.0048209501268910845,0.0046242126579411581],[0.0046128743685539446,0.0047991533569180615,0.0048537647435014288,0.0049085653521116455,0.0048537647435014288,0.0047991533569180615,0.0046128743685539446],[0.0046571123704027282,0.0049002465547282421,0.0049085653521116455,0.0050177941236085287,0.0049085653521116455,0.0049002465547282421,0.0046571123704027282],[0.0046128743685539446,0.0047991533569180615,0.0048537647435014288,0.0049085653521116455,0.0048537647435014288,0.0047991533569180615,0.0046128743685539446],[0.0046242126579411581,0.0048209501268910845,0.0047991533569180615,0.0049002465547282421,0.0047991533569180615,0.0048209501268910845,0.0046242126579411581],[0.0045381824819744716,0.0046242126579411581,0.0046128743685539446,0.0046571123704027282,0.0046128743685539446,0.0046242126579411581,0.0045381824819744716]],[[0.0046116394255214946,0.0047718611246266663,0.0047509391851541689,0.0048355393927656306,0.0047509391851541689,0.0047718611246266663,0.0046116394255214946],[0.0047718611246266663,0.0050549132073732222,0.0050239736616095911,0.0051737308206750926,0.0050239736616095911,0.0050549132073732222,0.0047718611246266663],[0.0047509391851541689,0.0050239736616095911,0.00510363256106371,0.0051835181206373437,0.00510363256106371,0.0050239736616095911,0.0047509391851541689],[0.0048355393927656306,0.0051737308206750926,0.0051835181206373437,0.0053404783372047859,0.0051835181206373437,0.0051737308206750926,0.0048355393927656306],[0.0047509391851541689,0.0050239736616095911,0.00510363256106371,0.0051835181206373437,0.00510363256106371,0.0050239736616095911,0.0047509391851541689],[0.0047718611246266663,0.0050549132073732222,0.0050239736616095911,0.0051737308206750926,0.0050239736616095911,0.0050549132073732222,0.0047718611246266663],[0.0046116394255214946,0.0047718611246266663,0.0047509391851541689,0.0048355393927656306,0.0047509391851541689,0.0047718611246266663,0.0046116394255214946]],[[0.004731323904501445,0.0049702707344564173,0.0049393756273824006,0.005068327123457398,0.0049393756273824006,0.0049702707344564173,0.004731323904501445],[0.0049702707344564173,0.0053325112020972667,0.00529348661055149,0.0054893618810140073,0.00529348661055149,0.0053325112020972667,0.0049702707344564173],[0.0049393756273824006,0.00529348661055149,0.0053964523294284241,0.0054996789058374684,0.0053964523294284241,0.00529348661055149,0.0049393756273824006],[0.005068327123457398,0.0054893618810140073,0.0054996789058374684,0.00570027850801947,0.0054996789058374684,0.0054893618810140073,0.005068327123457398],[0.0049393756273824006,0.00529348661055149,0.0053964523294284241,0.0054996789058374684,0.0053964523294284241,0.00529348661055149,0.0049393756273824006],[0.0049702707344564173,0.0053325112020972667,0.00529348661055149,0.0054893618810140073,0.00529348661055149,0.0053325112020972667,0.0049702707344564173],[0.004731323904501445,0.0049702707344564173,0.0049393756273824006,0.005068327123457398,0.0049393756273824006,0.0049702707344564173,0.004731323904501445]],[[0.0048982280281620171,0.0052152486677956187,0.0051746889367762236,0.0053488550967254926,0.0051746889367762236,0.0052152486677956187,0.0048982280281620171],[0.0052152486677956187,0.0056501408279533549,0.0056039730220514552,0.0058430490220496888,0.0056039730220514552,0.0056501408279533549,0.0052152486677956187],[0.0051746889367762236,0.0056039730220514552,0.0057285071210286522,0.0058533333170331008,0.0057285071210286522,0.0056039730220514552,0.0051746889367762236],[0.0053488550967254926,0.0058430490220496888,0.0058533333170331008,0.0060938329232817336,0.0058533333170331008,0.0058430490220496888,0.0053488550967254926],[0.0051746889367762236,0.0056039730220514552,0.0057285071210286522,0.0058533333170331008,0.0057285071210286522,0.0056039730220514552,0.0051746889367762236],[0.0052152486677956187,0.0056501408279533549,0.0056039730220514552,0.0058430490220496888,0.0056039730220514552,0.0056501408279533549,0.0052152486677956187],[0.0048982280281620171,0.0052152486677956187,0.0051746889367762236,0.0053488550967254926,0.0051746889367762236,0.0052152486677956187,0.0048982280281620171]],[[0.0051110906650680644,0.0055029434895538807,0.005453350308249433,0.0056717843770348756,0.005453350308249433,0.0055029434895538807,0.0051110906650680644],[0.0055029434895538807,0.006004475023222244,0.0059519853055382882,0.00623122247240377,0.0059519853055382882,0.006004475023222244,0.0055029434895538807],[0.005453350308249433,0.0059519853055382882,0.0060964057855536977,0.0062411469043167165,0.0060964057855536977,0.0059519853055382882,0.005453350308249433],[0.0056717843770348756,0.00623122247240377,0.0062411469043167165,0.006518129561597568,0.0062411469043167165,0.00623122247240377,0.0056717843770348756],[0.005453350308249433,0.0059519853055382882,0.0060964057855536977,0.0062411469043167165,0.0060964057855536977,0.0059519853055382882,0.005453350308249433],[0.0055029434895538807,0.006004475023222244,0.0059519853055382882,0.00623122247240377,0.0059519853055382882,0.006004475023222244,0.0055029434895538807],[0.0051110906650680644,0.0055029434895538807,0.005453350308249433,0.0056717843770348756,0.005453350308249433,0.0055029434895538807,0.0051110906650680644]],[[0.0053675593316488239,0.0058298113887768881,0.0057719346769045726,0.00603268659539736,0.0057719346769045726,0.0058298113887768881,0.0053675593316488239],[0.0058298113887768881,0.0063924474764266905,0.0063343452490894712,0.0066507290751899621,0.0063343452490894712,0.0063924474764266905,0.0058298113887768881],[0.0057719346769045726,0.0063343452490894712,0.0064970558830163951,0.0066601132374920326,0.0064970558830163951,0.0063343452490894712,0.0057719346769045726],[0.00603268659539736,0.0066507290751899621,0.0066601132374920326,0.006970456681761686,0.0066601132374920326,0.0066507290751899621,0.00603268659539736],[0.0057719346769045726,0.0063343452490894712,0.0064970558830163951,0.0066601132374920326,0.0064970558830163951,0.0063343452490894712,0.0057719346769045726],[0.0058298113887768881,0.0063924474764266905,0.0063343452490894712,0.0066507290751899621,0.0063343452490894712,0.0063924474764266905,0.0058298113887768881],[0.0053675593316488239,0.0058298113887768881,0.0057719346769045726,0.00603268659539736,0.0057719346769045726,0.0058298113887768881,0.0053675593316488239]],[[0.0056648148356411568,0.0061925905979227959,0.0061271929727705968,0.0064278013049026087,0.0061271929727705968,0.0061925905979227959,0.0056648148356411568],[0.0061925905979227959,0.0068112367174261012,0.0067481331115624285,0.0070987581855370225,0.0067481331115624285,0.0068112367174261012,0.0061925905979227959],[0.0061271929727705968,0.0067481331115624285,0.0069276376041218215,0.0071075126558823734,0.0069276376041218215,0.0067481331115624285,0.0061271929727705968],[0.0064278013049026087,0.0070987581855370225,0.0071075126558823734,0.0074483639041325895,0.0071075126558823734,0.0070987581855370225,0.0064278013049026087],[0.0061271929727705968,0.0067481331115624285,0.0069276376041218215,0.0071075126558823734,0.0069276376041218215,0.0067481331115624285,0.0061271929727705968],[0.0061925905979227959,0.0068112367174261012,0.0067481331115624285,0.0070987581855370225,0.0067481331115624285,0.0068112367174261012,0.0061925905979227959],[0.0056648148356411568,0.0061925905979227959,0.0061271929727705968,0.0064278013049026087,0.0061271929727705968,0.0061925905979227959,0.0056648148356411568]],[[0.0059999037251939379,0.00658828016786058,0.0065160856607899683,0.0068538746686010307,0.0065160856607899683,0.00658828016786058,0.0059999037251939379],[0.00658828016786058,0.0072582500520400571,0.0071906723994540822,0.0075727874990286163,0.0071906723994540822,0.0072582500520400571,0.00658828016786058],[0.0065160856607899683,0.0071906723994540822,0.0073855793900790565,0.007580878732664398,0.0073855793900790565,0.0071906723994540822,0.0065160856607899683],[0.0068538746686010307,0.0075727874990286163,0.007580878732664398,0.0079496308309783409,0.007580878732664398,0.0075727874990286163,0.0068538746686010307],[0.0065160856607899683,0.0071906723994540822,0.0073855793900790565,0.007580878732664398,0.0073855793900790565,0.0071906723994540822,0.0065160856607899683],[0.00658828016786058,0.0072582500520400571,0.0071906723994540822,0.0075727874990286163,0.0071906723994540822,0.007258250052040058,0.00658828016786058],[0.0059999037251939379,0.00658828016786058,0.0065160856607899683,0.0068538746686010307,0.0065160856607899683,0.00658828016786058,0.0059999037251939379]],[[0.0063699118066417636,0.0070141211337988243,0.0069357937696639133,0.0073080500300881455,0.0069357937696639133,0.0070141211337988243,0.0063699118066417636],[0.0070141211337988243,0.0077311076363318389,0.0076595128720384409,0.0080705422208666514,0.0076595128720384409,0.0077311076363318389,0.0070141211337988243],[0.0069357937696639133,0.0076595128720384409,0.0078685355136030276,0.0080779704334013758,0.0078685355136030276,0.0076595128720384409,0.0069357937696639133],[0.0073080500300881455,0.0080705422208666514,0.0080779704334013758,0.00847224119189067,0.0080779704334013758,0.0080705422208666514,0.0073080500300881463],[0.0069357937696639133,0.0076595128720384409,0.0078685355136030276,0.0080779704334013758,0.0078685355136030276,0.0076595128720384409,0.0069357937696639133],[0.0070141211337988243,0.0077311076363318389,0.0076595128720384409,0.0080705422208666514,0.0076595128720384409,0.0077311076363318389,0.0070141211337988243],[0.0063699118066417636,0.0070141211337988243,0.0069357937696639133,0.0073080500300881463,0.0069357937696639133,0.0070141211337988243,0.0063699118066417636]],[[0.0067720512546599445,0.0074675791185127467,0.0073837171564258572,0.0077877918519558588,0.0073837171564258572,0.0074675791185127467,0.0067720512546599445],[0.0074675791185127467,0.0082276269451570325,0.008152413219936901,0.008589963328492092,0.008152413219936901,0.0082276269451570325,0.0074675791185127467],[0.0073837171564258572,0.008152413219936901,0.008374365645384128,0.0085967485720384578,0.008374365645384128,0.008152413219936901,0.0073837171564258572],[0.0077877918519558588,0.008589963328492092,0.0085967485720384578,0.009014361126137474,0.0085967485720384578,0.008589963328492092,0.00778779185195586],[0.0073837171564258572,0.008152413219936901,0.008374365645384128,0.0085967485720384578,0.008374365645384128,0.008152413219936901,0.0073837171564258572],[0.0074675791185127467,0.0082276269451570325,0.008152413219936901,0.008589963328492092,0.008152413219936901,0.0082276269451570325,0.0074675791185127467],[0.0067720512546599445,0.0074675791185127467,0.0073837171564258572,0.00778779185195586,0.0073837171564258572,0.0074675791185127467,0.0067720512546599445]],[[0.0072037008309943805,0.0079463279499667281,0.0078574658334461742,0.0082908313387140171,0.0078574658334461742,0.0079463279499667281,0.0072037008309943805],[0.0079463279499667281,0.008745807829790472,0.00866732420975813,0.0091291821679381421,0.00866732420975813,0.008745807829790472,0.0079463279499667281],[0.0078574658334461742,0.00866732420975813,0.0089011163131288516,0.0091353555858654,0.0089011163131288516,0.00866732420975813,0.0078574658334461742],[0.0082908313387140171,0.0091291821679381421,0.0091353555858654,0.0095743206332358517,0.0091353555858654,0.0091291821679381421,0.0082908313387140171],[0.0078574658334461742,0.00866732420975813,0.0089011163131288516,0.0091353555858654,0.0089011163131288516,0.00866732420975813,0.0078574658334461742],[0.0079463279499667281,0.008745807829790472,0.00866732420975813,0.0091291821679381421,0.00866732420975813,0.008745807829790472,0.0079463279499667281],[0.0072037008309943805,0.0079463279499667281,0.0078574658334461742,0.0082908313387140171,0.0078574658334461742,0.0079463279499667281,0.0072037008309943805]],[[0.0076624207804572445,0.0084482341343281031,0.0083548478103695565,0.00881512633824779,0.0083548478103695565,0.0084482341343281031,0.0076624207804572445],[0.0084482341343281031,0.00928381829978576,0.0092023727033540142,0.0096864995727722215,0.0092023727033540142,0.00928381829978576,0.0084482341343281031],[0.0083548478103695565,0.0092023727033540142,0.0094470041094988546,0.0096920979335303348,0.0094470041094988546,0.0092023727033540142,0.0083548478103695565],[0.00881512633824779,0.0096864995727722215,0.0096920979335303348,0.010150597506091784,0.0096920979335303348,0.0096864995727722215,0.00881512633824779],[0.0083548478103695565,0.0092023727033540142,0.0094470041094988546,0.0096920979335303348,0.0094470041094988546,0.0092023727033540142,0.0083548478103695565],[0.0084482341343281031,0.00928381829978576,0.0092023727033540142,0.0096864995727722215,0.0092023727033540142,0.00928381829978576,0.0084482341343281031],[0.0076624207804572445,0.0084482341343281031,0.0083548478103695565,0.00881512633824779,0.0083548478103695565,0.0084482341343281031,0.0076624207804572445]],[[0.00814595420305228,0.00897134214509358,0.008873855470188494,0.00935883080113902,0.008873855470188494,0.00897134214509358,0.00814595420305228],[0.00897134214509358,0.0098399811125140114,0.0097558467370971857,0.010260368302466464,0.0097558467370971857,0.0098399811125140114,0.00897134214509358],[0.008873855470188494,0.0097558467370971857,0.010010400489939161,0.010265430612677331,0.010010400489939161,0.0097558467370971857,0.008873855470188494],[0.00935883080113902,0.010260368302466464,0.010265430612677331,0.010741803253576283,0.010265430612677331,0.010260368302466464,0.00935883080113902],[0.008873855470188494,0.0097558467370971857,0.010010400489939161,0.010265430612677331,0.010010400489939161,0.0097558467370971857,0.008873855470188494],[0.00897134214509358,0.0098399811125140114,0.0097558467370971857,0.010260368302466464,0.0097558467370971857,0.0098399811125140114,0.00897134214509358],[0.00814595420305228,0.00897134214509358,0.008873855470188494,0.00935883080113902,0.008873855470188494,0.00897134214509358,0.00814595420305228]],[[0.0086522213728842286,0.0095138605339527178,0.0094126516370203247,0.0099202707679949924,0.0094126516370203247,0.0095138605339527178,0.0086522213728842286],[0.0095138605339527178,0.010412761212425015,0.010326181719437198,0.010849377989042402,0.010326181719437198,0.010412761212425015,0.0095138605339527178],[0.0094126516370203247,0.010326181719437198,0.010589818003969962,0.010853943426105852,0.010589818003969962,0.010326181719437198,0.0094126516370203247],[0.0099202707679949924,0.010849377989042402,0.010853943426105852,0.011346670651477646,0.010853943426105852,0.010849377989042402,0.0099202707679949924],[0.0094126516370203247,0.010326181719437198,0.010589818003969962,0.010853943426105852,0.010589818003969962,0.010326181719437198,0.0094126516370203247],[0.0095138605339527178,0.010412761212425015,0.010326181719437198,0.010849377989042402,0.010326181719437198,0.010412761212425015,0.0095138605339527178],[0.0086522213728842286,0.0095138605339527178,0.0094126516370203247,0.0099202707679949924,0.0094126516370203247,0.0095138605339527178,0.0086522213728842286]],[[0.00917931056053523,0.010074148877502987,0.0099695559781310845,0.010497924923335462,0.0099695559781310845,0.010074148877502987,0.00917931056053523],[0.010074148877502987,0.011000754030726497,0.010911947734710161,0.01145224203537361,0.010911947734710161,0.011000754030726497,0.010074148877502987],[0.0099695559781310845,0.010911947734710161,0.011183897814331724,0.01145634871726765,0.011183897814331724,0.010911947734710161,0.0099695559781310845],[0.010497924923335462,0.01145224203537361,0.01145634871726765,0.011964042652253636,0.01145634871726765,0.01145224203537361,0.010497924923335462],[0.0099695559781310845,0.010911947734710161,0.011183897814331724,0.01145634871726765,0.011183897814331724,0.010911947734710161,0.0099695559781310845],[0.010074148877502987,0.011000754030726497,0.010911947734710161,0.01145224203537361,0.010911947734710161,0.011000754030726497,0.010074148877502987],[0.00917931056053523,0.010074148877502987,0.0099695559781310845,0.010497924923335462,0.0099695559781310845,0.010074148877502987,0.00917931056053523]],[[0.0097254673157514682,0.010650705566651077,0.010543032077331992,0.011090408432538,0.010543032077331992,0.010650705566651077,0.0097254673157514682],[0.010650705566651077,0.0116026746335353,0.011511837904270735,0.01206778607519996,0.011511837904270735,0.0116026746335353,0.010650705566651077],[0.010543032077331992,0.011511837904270735,0.011791398372224678,0.012071470360526278,0.011791398372224678,0.011511837904270735,0.010543032077331992],[0.011090408432538,0.01206778607519996,0.012071470360526278,0.012592862448080009,0.012071470360526278,0.01206778607519996,0.011090408432538],[0.010543032077331992,0.011511837904270735,0.011791398372224678,0.012071470360526278,0.011791398372224678,0.011511837904270735,0.010543032077331992],[0.010650705566651077,0.0116026746335353,0.011511837904270735,0.01206778607519996,0.011511837904270735,0.0116026746335353,0.010650705566651077],[0.0097254673157514682,0.010650705566651077,0.010543032077331992,0.011090408432538,0.010543032077331992,0.010650705566651077,0.0097254673157514682]],[[0.010289083284448181,0.011242156433133782,0.011131675337793578,0.011696459210675528,0.011131675337793578,0.011242156433133782,0.010289083284448181],[0.011242156433133782,0.012217347690972718,0.012124657738445501,0.012694937715137817,0.012124657738445501,0.012217347690972718,0.011242156433133782],[0.011131675337793578,0.012124657738445501,0.012411185131111387,0.012698233837629113,0.012411185131111387,0.012124657738445501,0.011131675337793578],[0.011696459210675528,0.012694937715137817,0.012698233837629113,0.013232164527130502,0.012698233837629113,0.012694937715137817,0.011696459210675528],[0.011131675337793578,0.012124657738445501,0.012411185131111387,0.012698233837629113,0.012411185131111387,0.012124657738445501,0.011131675337793578],[0.011242156433133782,0.012217347690972718,0.012124657738445501,0.012694937715137817,0.012124657738445501,0.012217347690972718,0.011242156433133782],[0.010289083284448181,0.011242156433133782,0.011131675337793578,0.011696459210675528,0.011131675337793578,0.011242156433133782,0.010289083284448181]],[[0.010868685143811162,0.011847244195146553,0.011734201769085609,0.012314926049445136,0.011734201769085609,0.011847244195146553,0.010868685143811162],[0.011847244195146553,0.012843698229561325,0.012749315406240533,0.013332717352756134,0.012749315406240533,0.012843698229561325,0.011847244195146553],[0.011734201769085609,0.012749315406240533,0.013042221194914713,0.013335657265134429,0.013042221194914713,0.012749315406240533,0.011734201769085609],[0.012314926049445136,0.013332717352756134,0.013335657265134429,0.013881066595712517,0.013335657265134429,0.013332717352756134,0.012314926049445136],[0.011734201769085609,0.012749315406240533,0.013042221194914713,0.013335657265134429,0.013042221194914713,0.012749315406240533,0.011734201769085609],[0.011847244195146553,0.012843698229561325,0.012749315406240533,0.013332717352756134,0.012749315406240533,0.012843698229561325,0.011847244195146553],[0.010868685143811162,0.011847244195146553,0.011734201769085609,0.012314926049445136,0.011734201769085609,0.011847244195146553,0.010868685143811162]],[[0.011462923965090452,0.012464818693736448,0.012349437655269805,0.012944758207639887,0.012349437655269805,0.012464818693736448,0.011462923965090452],[0.012464818693736448,0.013480743124269751,0.013384812849248763,0.013980229914888526,0.013384812849248763,0.013480743124269751,0.012464818693736448],[0.012349437655269805,0.013384812849248763,0.013683558808445177,0.01398284326202527,0.013683558808445177,0.013384812849248763,0.012349437655269805],[0.012944758207639887,0.013980229914888526,0.01398284326202527,0.014538762262775347,0.01398284326202527,0.013980229914888526,0.012944758207639887],[0.012349437655269805,0.013384812849248763,0.013683558808445177,0.01398284326202527,0.013683558808445177,0.013384812849248763,0.012349437655269805],[0.012464818693736448,0.013480743124269751,0.013384812849248763,0.013980229914888526,0.013384812849248763,0.013480743124269751,0.012464818693736448],[0.011462923965090452,0.012464818693736448,0.012349437655269805,0.012944758207639887,0.012349437655269805,0.012464818693736448,0.011462923965090452]],[[0.012070565159208776,0.01309382788399039,0.012976310069710135,0.013584996187500604,0.012976310069710135,0.01309382788399039,0.012070565159208776],[0.01309382788399039,0.014127583283521228,0.014030237668925877,0.014636657394949355,0.014030237668925877,0.014127583283521228,0.01309382788399039],[0.012976310069710135,0.014030237668925877,0.014334331608430688,0.0146389715650954,0.014334331608430688,0.014030237668925877,0.012976310069710135],[0.013584996187500604,0.014636657394949355,0.0146389715650954,0.015204514401084775,0.0146389715650954,0.014636657394949355,0.013584996187500604],[0.012976310069710135,0.014030237668925877,0.014334331608430688,0.0146389715650954,0.014334331608430688,0.014030237668925877,0.012976310069710135],[0.01309382788399039,0.014127583283521228,0.014030237668925877,0.014636657394949355,0.014030237668925877,0.014127583283521228,0.01309382788399039],[0.012070565159208776,0.01309382788399039,0.012976310069710135,0.013584996187500604,0.012976310069710135,0.01309382788399039,0.012070565159208776]],[[0.0126904790727665,0.013733309540047173,0.013613838186824517,0.01423476349633045,0.013613838186824517,0.013733309540047173,0.0126904790727665],[0.013733309540047173,0.014783396479568863,0.014684755720681649,0.015301252092382752,0.014684755720681647,0.014783396479568863,0.013733309540047173],[0.013613838186824517,0.014684755720681649,0.014993747562674091,0.015303292313718641,0.01499374756267409,0.014684755720681647,0.013613838186824517],[0.01423476349633045,0.015301252092382752,0.015303292313718641,0.015877649112836026,0.015303292313718641,0.015301252092382752,0.01423476349633045],[0.013613838186824517,0.014684755720681647,0.01499374756267409,0.015303292313718641,0.01499374756267409,0.014684755720681647,0.013613838186824517],[0.013733309540047173,0.014783396479568863,0.014684755720681647,0.015301252092382752,0.014684755720681647,0.014783396479568863,0.013733309540047173],[0.0126904790727665,0.013733309540047173,0.013613838186824517,0.01423476349633045,0.013613838186824517,0.013733309540047173,0.0126904790727665]],[[0.013321632252268773,0.014382383630169067,0.014261125334632771,0.014893259244234607,0.014261125334632771,0.014382383630169067,0.013321632252268773],[0.014382383630169067,0.015447430777176826,0.015347604353129141,0.015973330474913602,0.015347604353129141,0.015447430777176826,0.014382383630169067],[0.014261125334632771,0.015347604353129141,0.015661082532783265,0.015975119936554545,0.015661082532783265,0.015347604353129141,0.014261125334632769],[0.014893259244234607,0.015973330474913602,0.015975119936554545,0.016557550237904464,0.015975119936554545,0.015973330474913602,0.014893259244234607],[0.014261125334632771,0.015347604353129141,0.015661082532783265,0.015975119936554545,0.015661082532783265,0.015347604353129141,0.014261125334632769],[0.014382383630169067,0.015447430777176826,0.015347604353129141,0.015973330474913602,0.015347604353129141,0.015447430777176826,0.014382383630169067],[0.013321632252268773,0.014382383630169067,0.014261125334632769,0.014893259244234607,0.014261125334632769,0.014382383630169067,0.013321632252268773]],[[0.013963079366308237,0.015040245317070756,0.014917351730716424,0.01555975146379223,0.014917351730716424,0.015040245317070756,0.013963079366308237],[0.015040245317070756,0.016118998515050036,0.016018086235840882,0.01665226759720945,0.016018086235840882,0.016118998515050036,0.015040245317070756],[0.014917351730716424,0.016018086235840882,0.016335674402780127,0.016653827581459505,0.016335674402780127,0.016018086235840882,0.014917351730716422],[0.01555975146379223,0.01665226759720945,0.016653827581459505,0.017243654351169653,0.016653827581459505,0.01665226759720945,0.01555975146379223],[0.014917351730716424,0.016018086235840882,0.016335674402780127,0.016653827581459505,0.016335674402780127,0.016018086235840882,0.014917351730716422],[0.015040245317070756,0.016118998515050036,0.016018086235840882,0.01665226759720945,0.016018086235840882,0.016118998515050036,0.015040245317070756],[0.013963079366308237,0.015040245317070756,0.014917351730716422,0.01555975146379223,0.014917351730716422,0.015040245317070756,0.013963079366308237]],[[0.014613955759867308,0.015706158538955659,0.01558176784574242,0.016233571061654278,0.01558176784574242,0.015706158538955659,0.014613955759867308],[0.015706158538955659,0.016797470796554685,0.016695563723797286,0.017337492019352238,0.016695563723797286,0.016797470796554685,0.015706158538955659],[0.01558176784574242,0.016695563723797286,0.017016917721850305,0.017338842036946044,0.017016917721850305,0.016695563723797286,0.01558176784574242],[0.016233571061654278,0.017337492019352238,0.017338842036946044,0.017935446201979406,0.017338842036946044,0.017337492019352238,0.016233571061654278],[0.01558176784574242,0.016695563723797286,0.017016917721850305,0.017338842036946044,0.017016917721850305,0.016695563723797286,0.01558176784574242],[0.015706158538955659,0.016797470796554685,0.016695563723797286,0.017337492019352238,0.016695563723797286,0.016797470796554685,0.015706158538955659],[0.014613955759867308,0.015706158538955659,0.01558176784574242,0.016233571061654278,0.01558176784574242,0.015706158538955659,0.014613955759867308]],[[0.015273470606733012,0.016379450127888474,0.016253688341662097,0.016914106329172379,0.016253688341662097,0.016379450127888474,0.015273470606733012],[0.016379450127888474,0.017482272448725789,0.017379453711259655,0.018028481176125946,0.017379453711259655,0.017482272448725789,0.016379450127888474],[0.016253688341662097,0.017379453711259655,0.017704258814697428,0.018029639099389934,0.017704258814697428,0.017379453711259655,0.016253688341662097],[0.016914106329172379,0.018028481176125946,0.018029639099389934,0.018632454554267382,0.018029639099389934,0.018028481176125946,0.016914106329172379],[0.016253688341662097,0.017379453711259655,0.017704258814697428,0.018029639099389934,0.017704258814697428,0.017379453711259655,0.016253688341662097],[0.016379450127888474,0.017482272448725789,0.017379453711259655,0.018028481176125946,0.017379453711259655,0.017482272448725789,0.016379450127888474],[0.015273470606733012,0.016379450127888474,0.016253688341662097,0.016914106329172379,0.016253688341662097,0.016379450127888474,0.015273470606733012]],[[0.015940900622209479,0.017059504423919184,0.016932486535293667,0.017600797951568495,0.016932486535293667,0.017059504423919184,0.015940900622209479],[0.017059504423919184,0.018172877411174869,0.018069222932001746,0.018724757154183515,0.018069222932001746,0.018172877411174869,0.017059504423919184],[0.016932486535293667,0.018069222932001746,0.018397191317530443,0.01872573934511175,0.018397191317530443,0.018069222932001746,0.016932486535293667],[0.017600797951568495,0.018724757154183515,0.01872573934511175,0.019334248390388987,0.01872573934511175,0.018724757154183515,0.017600797951568495],[0.016932486535293667,0.018069222932001746,0.018397191317530443,0.01872573934511175,0.018397191317530443,0.018069222932001746,0.016932486535293667],[0.017059504423919184,0.018172877411174869,0.018069222932001746,0.018724757154183515,0.018069222932001746,0.018172877411174869,0.017059504423919184],[0.015940900622209479,0.017059504423919184,0.016932486535293667,0.017600797951568495,0.016932486535293667,0.017059504423919184,0.015940900622209479]],[[0.016615584297152933,0.017745758345562985,0.017617589341766177,0.018293134464426177,0.017617589341766177,0.017745758345562985,0.016615584297152933],[0.017745758345562985,0.018868804519186638,0.018764383666684405,0.019425882839109915,0.018764383666684405,0.018868804519186638,0.017745758345562985],[0.017617589341766177,0.018764383666684405,0.01909525210174599,0.019426704270675131,0.01909525210174599,0.018764383666684405,0.017617589341766177],[0.018293134464426177,0.019425882839109915,0.019426704270675131,0.020040433445611634,0.019426704270675131,0.019425882839109915,0.018293134464426177],[0.017617589341766177,0.018764383666684405,0.01909525210174599,0.019426704270675131,0.01909525210174599,0.018764383666684405,0.017617589341766177],[0.017745758345562985,0.018868804519186638,0.018764383666684405,0.019425882839109915,0.018764383666684405,0.018868804519186638,0.017745758345562985],[0.016615584297152933,0.017745758345562985,0.017617589341766177,0.018293134464426177,0.017617589341766177,0.017745758345562985,0.016615584297152933]],[[0.01729691661473531,0.018437696879598453,0.018308472656031156,0.018990648113342355,0.018308472656031156,0.018437696879598453,0.01729691661473531],[0.018437696879598453,0.019569613647903716,0.019464489821652348,0.020131458398500768,0.019464489821652348,0.019569613647903716,0.018437696879598453],[0.018308472656031156,0.019464489821652348,0.019798017550929116,0.02013213276837254,0.019798017550929116,0.019464489821652348,0.018308472656031156],[0.018990648113342355,0.020131458398500768,0.02013213276837254,0.020750649043508304,0.02013213276837254,0.020131458398500768,0.018990648113342355],[0.018308472656031156,0.019464489821652348,0.019798017550929116,0.02013213276837254,0.019798017550929116,0.019464489821652348,0.018308472656031156],[0.018437696879598453,0.019569613647903716,0.019464489821652348,0.020131458398500768,0.019464489821652348,0.019569613647903716,0.018437696879598453],[0.01729691661473531,0.018437696879598453,0.018308472656031156,0.018990648113342355,0.018308472656031156,0.018437696879598453,0.01729691661473531]],[[0.017984344212667768,0.019134848955637183,0.019004657134197318,0.019692911078189504,0.019004657134197318,0.019134848955637183,0.017984344212667768],[0.019134848955637183,0.020274902187055133,0.020169133346631642,0.020841118070691157,0.020169133346631642,0.020274902187055133,0.019134848955637183],[0.019004657134197318,0.020169133346631642,0.020505100159996782,0.020841657907070998,0.020505100159996782,0.020169133346631642,0.019004657134197318],[0.019692911078189504,0.020841118070691157,0.020841657907070998,0.021464565205416682,0.020841657907070998,0.020841118070691157,0.019692911078189504],[0.019004657134197318,0.020169133346631642,0.020505100159996782,0.020841657907070998,0.020505100159996782,0.020169133346631642,0.019004657134197318],[0.019134848955637183,0.020274902187055133,0.020169133346631642,0.020841118070691157,0.020169133346631642,0.020274902187055133,0.019134848955637183],[0.017984344212667768,0.019134848955637183,0.019004657134197318,0.019692911078189504,0.019004657134197318,0.019134848955637183,0.017984344212667768]],[[0.018677360955449966,0.019836783673362657,0.019705704339737173,0.020399532027922621,0.019705704339737173,0.019836783673362657,0.018677360955449966],[0.019836783673362657,0.020984301818078911,0.020877940961678228,0.021554527231759667,0.020877940961678228,0.020984301818078911,0.019836783673362657],[0.019705704339737173,0.020877940961678228,0.021216145428138416,0.021554943991378559,0.021216145428138416,0.020877940961678228,0.019705704339737173],[0.020399532027922621,0.021554527231759667,0.021554943991378559,0.022181880009650462,0.021554943991378559,0.021554527231759667,0.020399532027922621],[0.019705704339737173,0.020877940961678228,0.021216145428138416,0.021554943991378559,0.021216145428138416,0.020877940961678228,0.019705704339737173],[0.019836783673362657,0.020984301818078911,0.020877940961678228,0.021554527231759667,0.020877940961678228,0.020984301818078911,0.019836783673362657],[0.018677360955449966,0.019836783673362657,0.019705704339737173,0.020399532027922621,0.019705704339737173,0.019836783673362657,0.018677360955449966]],[[0.019375503883313286,0.020543106852755354,0.020411213222687141,0.021110152975621604,0.020411213222687141,0.020543106852755354,0.019375503883313286],[0.020543106852755354,0.021697475567780376,0.021590571166371489,0.022271379716082482,0.021590571166371489,0.021697475567780376,0.020543106852755354],[0.020411213222687141,0.021590571166371489,0.021930829019788965,0.022271683874609909,0.021930829019788965,0.021590571166371489,0.020411213222687141],[0.021110152975621604,0.022271379716082482,0.022271683874609909,0.022902317178427726,0.022271683874609909,0.022271379716082482,0.021110152975621604],[0.020411213222687141,0.021590571166371489,0.021930829019788965,0.022271683874609909,0.021930829019788965,0.021590571166371489,0.020411213222687141],[0.020543106852755354,0.021697475567780376,0.021590571166371489,0.022271379716082482,0.021590571166371489,0.021697475567780376,0.020543106852755354],[0.019375503883313286,0.020543106852755354,0.020411213222687141,0.021110152975621604,0.020411213222687141,0.020543106852755354,0.019375503883313286]],[[0.020078349506749794,0.021253457879904118,0.021120816902738423,0.021824446406584413,0.021120816902738423,0.021253457879904118,0.020078349506749794],[0.021253457879904118,0.022414115114767715,0.022306711506604748,0.022991395368004205,0.022306711506604748,0.022414115114767715,0.021253457879904118],[0.021120816902738423,0.022306711506604748,0.02264885417015091,0.02299159650323469,0.02264885417015091,0.022306711506604748,0.021120816902738423],[0.021824446406584413,0.022991395368004205,0.02299159650323469,0.023625623872464967,0.02299159650323469,0.022991395368004205,0.021824446406584413],[0.021120816902738423,0.022306711506604748,0.02264885417015091,0.02299159650323469,0.02264885417015091,0.022306711506604748,0.021120816902738423],[0.021253457879904118,0.022414115114767715,0.022306711506604748,0.022991395368004205,0.022306711506604748,0.022414115114767715,0.021253457879904118],[0.020078349506749794,0.021253457879904118,0.021120816902738423,0.021824446406584413,0.021120816902738423,0.021253457879904118,0.020078349506749794]],[[0.020785510417732689,0.0219675068231939,0.021834179729686796,0.022542112655010355,0.021834179729686796,0.0219675068231939,0.020785510417732689],[0.0219675068231939,0.023133938326890664,0.023026076076502592,0.023714317804266173,0.023026076076502592,0.023133938326890664,0.0219675068231939],[0.021834179729686796,0.023026076076502592,0.023369949313880742,0.023714424672510653,0.023369949313880742,0.023026076076502592,0.021834179729686796],[0.022542112655010355,0.023714317804266173,0.023714424672510653,0.024351568675005337,0.023714424672510653,0.023714317804266173,0.022542112655010355],[0.021834179729686796,0.023026076076502592,0.023369949313880742,0.023714424672510653,0.023369949313880742,0.023026076076502592,0.021834179729686796],[0.0219675068231939,0.023133938326890664,0.023026076076502592,0.023714317804266173,0.023026076076502592,0.023133938326890664,0.0219675068231939],[0.020785510417732689,0.0219675068231939,0.021834179729686796,0.022542112655010355,0.021834179729686796,0.0219675068231939,0.020785510417732689]],[[0.021496632190916288,0.022684951796701762,0.0225509945970269,0.023262877507144,0.0225509945970269,0.022684951796701762,0.021496632190916288],[0.022684951796701762,0.023856687009721468,0.023748403234945942,0.024439912368655409,0.023748403234945942,0.023856687009721468,0.022684951796701762],[0.0225509945970269,0.023748403234945942,0.024093865917424292,0.024439932974791242,0.024093865917424292,0.023748403234945942,0.0225509945970269],[0.023262877507144,0.024439912368655409,0.024439932974791242,0.025079939748652635,0.024439932974791242,0.024439912368655409,0.023262877507144],[0.0225509945970269,0.023748403234945942,0.024093865917424292,0.024439932974791242,0.024093865917424292,0.023748403234945942,0.0225509945970269],[0.022684951796701762,0.023856687009721468,0.023748403234945942,0.024439912368655409,0.023748403234945942,0.023856687009721468,0.022684951796701762],[0.021496632190916288,0.022684951796701762,0.0225509945970269,0.023262877507144,0.0225509945970269,0.022684951796701762,0.021496632190916288]],[[0.022211390550168186,0.023405516549527744,0.023270980486591788,0.023986490010841188,0.023270980486591788,0.023405516549527744,0.022211390550168186],[0.023405516549527744,0.024582124847790484,0.024473453517972536,0.025167964261994007,0.024473453517972536,0.024582124847790484,0.023405516549527744],[0.023270980486591788,0.024473453517972536,0.024820376497194284,0.025167905923628234,0.024820376497194284,0.024473453517972536,0.023270980486591788],[0.023986490010841188,0.025167964261994007,0.025167905923628234,0.025810543149847508,0.025167905923628234,0.025167964261994007,0.023986490010841188],[0.023270980486591788,0.024473453517972536,0.024820376497194284,0.025167905923628234,0.024820376497194284,0.024473453517972536,0.023270980486591788],[0.023405516549527744,0.024582124847790484,0.024473453517972536,0.025167964261994007,0.024473453517972536,0.024582124847790484,0.023405516549527744],[0.022211390550168186,0.023405516549527744,0.023270980486591788,0.023986490010841188,0.023270980486591788,0.023405516549527744,0.022211390550168186]],[[0.0229294887777597,0.024128948261561849,0.023993880224068617,0.024712720473323756,0.023993880224068617,0.024128948261561849,0.0229294887777597],[0.024128948261561849,0.025310035521831881,0.025201007729936407,0.025898276832060765,0.025201007729936407,0.025310035521831881,0.024128948261561849],[0.023993880224068617,0.025201007729936407,0.025549272807323036,0.025898146238252491,0.025549272807323036,0.025201007729936407,0.023993880224068617],[0.024712720473323756,0.025898276832060765,0.025898146238252491,0.026543201287131425,0.025898146238252491,0.025898276832060765,0.024712720473323756],[0.023993880224068617,0.025201007729936407,0.025549272807323036,0.025898146238252491,0.025549272807323036,0.025201007729936407,0.023993880224068617],[0.024128948261561849,0.025310035521831881,0.025201007729936407,0.025898276832060765,0.025201007729936407,0.025310035521831881,0.024128948261561849],[0.0229294887777597,0.024128948261561849,0.023993880224068617,0.024712720473323756,0.023993880224068617,0.024128948261561849,0.0229294887777597]],[[0.0236506553453833,0.024855015527806636,0.024719458426968932,0.025441358630548212,0.024719458426968932,0.024855015527806636,0.0236506553453833],[0.024855015527806636,0.026040220986702323,0.025930865197785927,0.026630670009384488,0.025930865197785927,0.026040220986702323,0.024855015527806636],[0.024719458426968932,0.025930865197785927,0.026280364182128497,0.026630473274351151,0.026280364182128497,0.025930865197785927,0.024719458426968932],[0.025441358630548212,0.026630670009384488,0.026630473274351151,0.027277751510540234,0.026630473274351151,0.026630670009384488,0.025441358630548212],[0.024719458426968932,