{"M_cells":[[[0,0,0,0,0],[0,0,0,0,0],[0,0,0,0,0],[0,0,0,0,0],[0,0,0,0,0]],[[0.0004033460939124869,0.00096534693339284344,0.0011324001237790979,0.00096534693339284344,0.0004033460939124869],[0.00096534693339284344,0.0018776981488289363,0.0021754858503875022,0.0018776981488289363,0.00096534693339284344],[0.0011324001237790979,0.0021754858503875022,0.002516851415255325,0.0021754858503875022,0.0011324001237790976],[0.00096534693339284344,0.0018776981488289363,0.0021754858503875022,0.0018776981488289363,0.00096534693339284333],[0.0004033460939124869,0.00096534693339284344,0.0011324001237790976,0.00096534693339284333,0.00040334609391248685]],[[0.0020444120411780582,0.003268047475731378,0.0036511099601879184,0.003268047475731378,0.0020444120411780582],[0.003268047475731378,0.0046866267736963858,0.0051714655321362856,0.0046866267736963858,0.003268047475731378],[0.0036511099601879184,0.0051714655321362856,0.0056902323840948574,0.0051714655321362856,0.0036511099601879184],[0.003268047475731378,0.0046866267736963858,0.0051714655321362856,0.0046866267736963858,0.003268047475731378],[0.0020444120411780582,0.003268047475731378,0.0036511099601879184,0.003268047475731378,0.0020444120411780582]],[[0.0046563096428252322,0.0062965287485065909,0.0068251939372821228,0.00629652874850659,0.0046563096428252322],[0.0062965287485065909,0.0079861324121828173,0.0085764029965671538,0.0079861324121828173,0.00629652874850659],[0.0068251939372821228,0.0085764029965671538,0.0091872108294442974,0.0085764029965671538,0.0068251939372821228],[0.00629652874850659,0.0079861324121828173,0.0085764029965671538,0.0079861324121828173,0.00629652874850659],[0.0046563096428252322,0.00629652874850659,0.0068251939372821228,0.00629652874850659,0.0046563096428252322]],[[0.0078382230694240482,0.0097098453722861081,0.010322747012494384,0.0097098453722861064,0.0078382230694240464],[0.0097098453722861081,0.011542240663517053,0.012189387319702403,0.011542240663517053,0.0097098453722861064],[0.010322747012494384,0.012189387319702403,0.012847950267846908,0.012189387319702403,0.010322747012494384],[0.0097098453722861064,0.011542240663517053,0.012189387319702403,0.011542240663517053,0.0097098453722861081],[0.0078382230694240464,0.0097098453722861064,0.010322747012494384,0.0097098453722861081,0.0078382230694240482]],[[0.011329956136242554,0.01332498245360483,0.013983843894486755,0.013324982453604828,0.011329956136242552],[0.01332498245360483,0.015232032438168589,0.015909253988369326,0.015232032438168588,0.013324982453604828],[0.013983843894486755,0.015909253988369326,0.016592596290092104,0.015909253988369326,0.013983843894486755],[0.013324982453604828,0.015232032438168588,0.015909253988369326,0.015232032438168589,0.01332498245360483],[0.011329956136242552,0.013324982453604828,0.013983843894486755,0.01332498245360483,0.011329956136242554]],[[0.014985577419366432,0.017045400757082871,0.017728694273324141,0.017045400757082867,0.01498557741936643],[0.017045400757082871,0.018991337544911398,0.019684311654022357,0.018991337544911398,0.017045400757082867],[0.017728694273324141,0.019684311654022357,0.020380513009380687,0.019684311654022357,0.017728694273324141],[0.017045400757082867,0.018991337544911398,0.019684311654022357,0.018991337544911398,0.017045400757082871],[0.01498557741936643,0.017045400757082867,0.017728694273324141,0.017045400757082871,0.014985577419366432]],[[0.018726969744076734,0.020820600551776345,0.021516724203789212,0.020820600551776342,0.01872696974407673],[0.020820600551776345,0.022786757673984828,0.023487945024787633,0.022786757673984824,0.020820600551776342],[0.021516724203789212,0.023487945024787633,0.024190820474758581,0.023487945024787633,0.021516724203789212],[0.020820600551776342,0.022786757673984824,0.023487945024787633,0.022786757673984828,0.020820600551776345],[0.01872696974407673,0.020820600551776342,0.021516724203789212,0.020820600551776345,0.018726969744076734]],[[0.022513049878074374,0.024624271583153754,0.025327093344236027,0.024624271583153754,0.022513049878074374],[0.024624271583153754,0.026600934486001995,0.027306394802243471,0.026600934486001995,0.024624271583153754],[0.025327093344236027,0.027306394802243471,0.028012734739264161,0.027306394802243471,0.025327093344236027],[0.024624271583153754,0.026600934486001995,0.027306394802243471,0.026600934486001995,0.024624271583153754],[0.022513049878074374,0.024624271583153754,0.025327093344236027,0.024624271583153754,0.022513049878074374]],[[0.026322367955111548,0.028442731602482518,0.029149040226780883,0.028442731602482518,0.026322367955111548],[0.028442731602482518,0.030424850508108711,0.031132531384213288,0.030424850508108708,0.028442731602482518],[0.029149040226780883,0.031132531384213288,0.031840669728815316,0.031132531384213291,0.029149040226780887],[0.028442731602482518,0.030424850508108708,0.031132531384213291,0.030424850508108708,0.028442731602482518],[0.026322367955111548,0.028442731602482518,0.029149040226780887,0.028442731602482518,0.026322367955111548]],[[0.030143758698380225,0.032268869898627241,0.032976990907932595,0.032268869898627241,0.030143758698380225],[0.032268869898627241,0.034253820334141011,0.034962654116932251,0.034253820334141011,0.032268869898627241],[0.032976990907932595,0.034962654116932251,0.035671725515284365,0.034962654116932251,0.032976990907932595],[0.032268869898627241,0.034253820334141011,0.034962654116932251,0.034253820334141011,0.032268869898627241],[0.030143758698380225,0.032268869898627241,0.032976990907932595,0.032268869898627241,0.030143758698380225]],[[0.033971416254313776,0.036098990109059731,0.0368080518283783,0.036098990109059731,0.033971416254313776],[0.036098990109059731,0.038085407110626447,0.038794838383339157,0.038085407110626447,0.036098990109059731],[0.0368080518283783,0.038794838383339157,0.039504392850822481,0.038794838383339157,0.0368080518283783],[0.036098990109059731,0.038085407110626447,0.038794838383339157,0.038085407110626447,0.036098990109059731],[0.033971416254313776,0.036098990109059731,0.0368080518283783,0.036098990109059731,0.033971416254313776]],[[0.037802320949587465,0.039931168360762923,0.040640717008310151,0.039931168360762923,0.037802320949587465],[0.039931168360762923,0.041918340629178319,0.04262808003832682,0.041918340629178319,0.039931168360762923],[0.040640717008310151,0.04262808003832682,0.043337883037517289,0.04262808003832682,0.040640717008310151],[0.039931168360762923,0.041918340629178319,0.04262808003832682,0.041918340629178319,0.039931168360762923],[0.037802320949587465,0.039931168360762923,0.040640717008310151,0.039931168360762923,0.037802320949587465]],[[0.041634899831085329,0.043764400448266218,0.04447419937242042,0.043764400448266218,0.041634899831085329],[0.043764400448266218,0.045751955761703857,0.046461852032305871,0.045751955761703857,0.043764400448266218],[0.04447419937242042,0.046461852032305871,0.047171780750536282,0.046461852032305871,0.04447419937242042],[0.043764400448266218,0.045751955761703857,0.046461852032305871,0.045751955761703857,0.043764400448266218],[0.041634899831085329,0.043764400448266218,0.04447419937242042,0.043764400448266218,0.041634899831085329]],[[0.045468330620378632,0.047598159105444883,0.04830808434806115,0.047598159105444883,0.045468330620378632],[0.047598159105444883,0.049585901029838148,0.050295874493283883,0.049585901029838148,0.047598159105444883],[0.04830808434806115,0.050295874493283883,0.051005864026894304,0.050295874493283883,0.04830808434806115],[0.047598159105444883,0.049585901029838148,0.050295874493283883,0.049585901029838148,0.047598159105444883],[0.045468330620378632,0.047598159105444883,0.04830808434806115,0.047598159105444883,0.045468330620378632]],[[0.049302180298209243,0.051432164223169527,0.052142150261264265,0.051432164223169527,0.049302180298209243],[0.051432164223169527,0.053419987364806028,0.054129995449962151,0.053419987364806028,0.051432164223169527],[0.052142150261264265,0.054129995449962151,0.054840010879341657,0.054129995449962151,0.052142150261264265],[0.051432164223169527,0.053419987364806028,0.054129995449962151,0.053419987364806028,0.051432164223169527],[0.049302180298209243,0.051432164223169527,0.052142150261264265,0.051432164223169527,0.049302180298209243]],[[0.053136217501517743,0.05526626359045031,0.055976275162946065,0.05526626359045031,0.053136217501517743],[0.05526626359045031,0.057254109608109838,0.057964128927707,0.057254109608109838,0.05526626359045031],[0.055976275162946065,0.057964128927707,0.058674150823977249,0.057964128927707,0.055976275162946065],[0.05526626359045031,0.057254109608109838,0.057964128927707,0.057254109608109838,0.05526626359045031],[0.053136217501517743,0.05526626359045031,0.055976275162946065,0.05526626359045031,0.053136217501517743]],[[0.056970315145283536,0.059100370985801461,0.059810388466478251,0.059100370985801461,0.056970315145283536],[0.059100370985801461,0.061088205751170507,0.061798222800823359,0.061088205751170507,0.059100370985801461],[0.059810388466478251,0.061798222800823359,0.062508239700430457,0.061798222800823359,0.059810388466478251],[0.059100370985801461,0.061088205751170507,0.061798222800823359,0.061088205751170507,0.059100370985801461],[0.056970315145283536,0.059100370985801461,0.059810388466478251,0.059100370985801461,0.056970315145283536]],[[0.060804399864365657,0.062934434022953373,0.063644445824305243,0.062934434022953373,0.060804399864365657],[0.062934434022953373,0.064922235752432417,0.065632242078349043,0.064922235752432417,0.062934434022953373],[0.063644445824305243,0.065632242078349043,0.066342246572168986,0.065632242078349043,0.063644445824305243],[0.062934434022953373,0.064922235752432417,0.065632242078349043,0.064922235752432417,0.062934434022953373],[0.060804399864365657,0.062934434022953373,0.063644445824305243,0.062934434022953373,0.060804399864365657]],[[0.064638425746709721,0.06676841743155848,0.067478416056747,0.06676841743155848,0.064638425746709721],[0.06676841743155848,0.06875617050893218,0.069466160193739315,0.06875617050893218,0.06676841743155848],[0.067478416056747,0.069466160193739315,0.0701761468909186,0.069466160193739315,0.067478416056747],[0.06676841743155848,0.06875617050893218,0.069466160193739315,0.06875617050893218,0.06676841743155848],[0.064638425746709721,0.06676841743155848,0.067478416056747,0.06676841743155848,0.064638425746709721]],[[0.068472360667278451,0.070602294343117752,0.071312274330315062,0.070602294343117752,0.068472360667278451],[0.070602294343117752,0.072589986093256439,0.0732999544440122,0.072589986093256439,0.070602294343117752],[0.071312274330315062,0.0732999544440122,0.074009918907900221,0.0732999544440122,0.071312274330315062],[0.070602294343117752,0.072589986093256439,0.0732999544440122,0.072589986093256439,0.070602294343117752],[0.068472360667278451,0.070602294343117752,0.071312274330315062,0.070602294343117752,0.068472360667278451]],[[0.07230617915668458,0.074436041727151292,0.075145998575178022,0.074436041727151292,0.07230617915668458],[0.074436041727151292,0.076423660719137268,0.0771336035784925,0.076423660719137268,0.074436041727151292],[0.075145998575178022,0.0771336035784925,0.077843541766326324,0.0771336035784925,0.075145998575178022],[0.074436041727151292,0.076423660719137268,0.0771336035784925,0.076423660719137268,0.074436041727151292],[0.07230617915668458,0.074436041727151292,0.075145998575178022,0.074436041727151292,0.07230617915668458]],[[0.076139858657038331,0.078269637977338546,0.078979567579832155,0.078269637977338546,0.076139858657038331],[0.078269637977338546,0.080257173119337555,0.0809670864993812,0.080257173119337555,0.078269637977338546],[0.078979567579832155,0.0809670864993812,0.0816769944626977,0.0809670864993812,0.078979567579832155],[0.078269637977338546,0.080257173119337555,0.0809670864993812,0.080257173119337555,0.078269637977338546],[0.076139858657038331,0.078269637977338546,0.078979567579832155,0.078269637977338546,0.076139858657038331]],[[0.079973377531789958,0.082103061609598016,0.082812959952378071,0.082103061609598016,0.079973377531789958],[0.082103061609598016,0.084090501652618152,0.084800381535469635,0.084090501652618152,0.082103061609598016],[0.082812959952378071,0.084800381535469635,0.0855102552551109,0.084800381535469635,0.082812959952378071],[0.082103061609598016,0.084090501652618152,0.084800381535469635,0.084090501652618152,0.082103061609598016],[0.079973377531789958,0.082103061609598016,0.082812959952378071,0.082103061609598016,0.079973377531789958]],[[0.083806713981945377,0.0859362905332879,0.086646153527581982,0.0859362905332879,0.083806713981945377],[0.0859362905332879,0.087923623785042232,0.08863346600923501,0.087923623785042232,0.0859362905332879],[0.086646153527581982,0.08863346600923501,0.0893433012994531,0.08863346600923501,0.086646153527581982],[0.0859362905332879,0.087923623785042232,0.08863346600923501,0.087923623785042232,0.0859362905332879],[0.083806713981945377,0.0859362905332879,0.086646153527581982,0.0859362905332879,0.083806713981945377]],[[0.087639845428618718,0.089769301615663627,0.090479125001073316,0.089769301615663627,0.087639845428618718],[0.089769301615663627,0.091756515761241664,0.092466315951838712,0.091756515761241664,0.089769301615663627],[0.090479125001073316,0.092466315951838712,0.093176108399461582,0.092466315951838712,0.090479125001073316],[0.089769301615663627,0.091756515761241664,0.092466315951838712,0.091756515761241664,0.089769301615663627],[0.087639845428618718,0.089769301615663627,0.090479125001073316,0.089769301615663627,0.087639845428618718]],[[0.091472748133295978,0.093602070394084871,0.094311849676930209,0.093602070394084871,0.091472748133295978],[0.093602070394084871,0.095589152369665073,0.096298905890222927,0.095589152369665073,0.093602070394084871],[0.094311849676930209,0.096298905890222927,0.09700865081115885,0.096298905890222927,0.094311849676930209],[0.093602070394084871,0.095589152369665073,0.096298905890222927,0.095589152369665073,0.093602070394084871],[0.091472748133295978,0.093602070394084871,0.094311849676930209,0.093602070394084871,0.091472748133295978]],[[0.09530539693686417,0.097434570860108871,0.098144301269251541,0.097434570860108871,0.09530539693686417],[0.097434570860108871,0.099421506751623853,0.10013120866658276,0.099421506751623853,0.097434570860108871],[0.098144301269251541,0.10013120866658276,0.10084090107039922,0.10013120866658276,0.098144301269251541],[0.097434570860108871,0.099421506751623853,0.10013120866658276,0.099421506751623853,0.097434570860108871],[0.09530539693686417,0.097434570860108871,0.098144301269251541,0.097434570860108871,0.09530539693686417]],[[0.099137765055329632,0.10126677527573814,0.10197645172654154,0.10126677527573814,0.099137765055329632],[0.10126677527573814,0.10325355022771726,0.10396319526922143,0.10325355022771726,0.10126677527573814],[0.10197645172654154,0.10396319526922143,0.10467282982691868,0.10396319526922143,0.10197645172654154],[0.10126677527573814,0.10325355022771726,0.10396319526922143,0.10325355022771726,0.10126677527573814],[0.099137765055329632,0.10126677527573814,0.10197645172654154,0.10126677527573814,0.099137765055329632]],[[0.10296982389961344,0.10509865400079728,0.10580827106228009,0.10509865400079728,0.10296982389961344],[0.10509865400079728,0.10708525212749298,0.10779483466344643,0.10708525212749298,0.10509865400079728],[0.10580827106228009,0.10779483466344643,0.10850440567581363,0.10779483466344643,0.10580827106228009],[0.10509865400079728,0.10708525212749298,0.10779483466344643,0.10708525212749298,0.10509865400079728],[0.10296982389961344,0.10509865400079728,0.10580827106228009,0.10509865400079728,0.10296982389961344]],[[0.1068015429020837,0.10893017532006465,0.10963972718262663,0.10893017532006465,0.1068015429020837],[0.10893017532006465,0.11091657961453462,0.11162609361615651,0.11091657961453462,0.10893017532006465],[0.10963972718262663,0.11162609361615651,0.1123355949812698,0.11162609361615651,0.10963972718262663],[0.10893017532006465,0.11091657961453462,0.11162609361615651,0.11091657961453462,0.10893017532006465],[0.1068015429020837,0.10893017532006465,0.10963972718262663,0.10893017532006465,0.1068015429020837]],[[0.11063288934036401,0.11276130526381936,0.11347078570606196,0.11276130526381936,0.11063288934036401],[0.11276130526381936,0.114747497502454,0.11545693651033409,0.114747497502454,0.11276130526381936],[0.11347078570606196,0.11545693651033409,0.11616636168935661,0.11545693651033409,0.11347078570606196],[0.11276130526381936,0.114747497502454,0.11545693651033409,0.114747497502454,0.11276130526381936],[0.11063288934036401,0.11276130526381936,0.11347078570606196,0.11276130526381936,0.11063288934036401]],[[0.11446382815302207,0.11659200741794629,0.11730140977176132,0.11659200741794629,0.11446382815302207],[0.11659200741794629,0.11857796805887227,0.11928732514691898,0.11857796805887227,0.11659200741794629],[0.11730140977176132,0.11928732514691898,0.11999666712766811,0.11928732514691898,0.11730140977176132],[0.11659200741794629,0.11857796805887227,0.11928732514691898,0.11857796805887227,0.11659200741794629],[0.11446382815302207,0.11659200741794629,0.11730140977176132,0.11659200741794629,0.11446382815302207]],[[0.11829432174379879,0.12042224272110989,0.12113155983447239,0.12042224272110989,0.11829432174379879],[0.12042224272110989,0.12240795079535115,0.12311721853220352,0.12240795079535115,0.12042224272110989],[0.12113155983447239,0.12311721853220352,0.12382646979010206,0.12311721853220352,0.12113155983447239],[0.12042224272110989,0.12240795079535115,0.12311721853220352,0.12240795079535115,0.12042224272110989],[0.11829432174379879,0.12042224272110989,0.12113155983447239,0.12042224272110989,0.11829432174379879]],[[0.12212432977208149,0.12425196924704601,0.12496119344414484,0.12425196924704601,0.12212432977208149],[0.12425196924704601,0.12623740224155477,0.12694657264913267,0.12623740224155477,0.12425196924704601],[0.12496119344414484,0.12694657264913267,0.12765572510523149,0.12694657264913267,0.12496119344414484],[0.12425196924704601,0.12623740224155477,0.12694657264913267,0.12623740224155477,0.12425196924704601],[0.12212432977208149,0.12425196924704601,0.12496119344414484,0.12425196924704601,0.12212432977208149]],[[0.12595380892782981,0.12808114197040421,0.12879026500877247,0.12808114197040421,0.12595380892782981],[0.12808114197040421,0.13006627570215745,0.13077534021105358,0.13006627570215745,0.12808114197040421],[0.12879026500877247,0.13077534021105358,0.13148438518684347,0.13077534021105358,0.12879026500877247],[0.12808114197040421,0.13006627570215745,0.13077534021105358,0.13006627570215745,0.12808114197040421],[0.12595380892782981,0.12808114197040421,0.12879026500877247,0.12808114197040421,0.12595380892782981]],[[0.1297827126893627,0.1319097125145913,0.13261872553895973,0.1319097125145913,0.1297827126893627],[0.1319097125145913,0.13389452099498217,0.13460347039642012,0.13389452099498217,0.1319097125145913],[0.13261872553895973,0.13460347039642012,0.13531239856515734,0.13460347039642012,0.13261872553895973],[0.1319097125145913,0.13389452099498217,0.13460347039642012,0.13389452099498217,0.1319097125145913],[0.1297827126893627,0.1319097125145913,0.13261872553895973,0.1319097125145913,0.1297827126893627]],[[0.13361099106250504,0.13573762888014571,0.13644652237274674,0.13573762888014571,0.13361099106250504],[0.13573762888014571,0.13772208416889198,0.13843090856297388,0.13772208416889198,0.13573762888014571],[0.13644652237274674,0.13843090856297388,0.13913970989724148,0.13843090856297388,0.13644652237274674],[0.13573762888014571,0.13772208416889198,0.13843090856297388,0.13772208416889198,0.13573762888014571],[0.13361099106250504,0.13573762888014571,0.13644652237274674,0.13573762888014571,0.13361099106250504]],[[0.13743859029959027,0.1395648351521207,0.14027359887913982,0.1395648351521207,0.13743859029959027],[0.1395648351521207,0.14154890719988103,0.1422575959398325,0.14154890719988103,0.1395648351521207],[0.14027359887913982,0.1422575959398325,0.142966259655049,0.1422575959398325,0.14027359887913982],[0.1395648351521207,0.14154890719988103,0.1422575959398325,0.14154890719988103,0.1395648351521207],[0.13743859029959027,0.1395648351521207,0.14027359887913982,0.1395648351521207,0.13743859029959027]],[[0.14126545259674994,0.14339127118486666,0.14409989413876875,0.14339127118486666,0.14126545259674994],[0.14339127118486666,0.14537492766373245,0.14608346929585272,0.14537492766373245,0.14339127118486666],[0.14409989413876875,0.14608346929585272,0.14679198378942898,0.14608346929585272,0.14409989413876875],[0.14339127118486666,0.14537492766373245,0.14608346929585272,0.14537492766373245,0.14339127118486666],[0.14126545259674994,0.14339127118486666,0.14409989413876875,0.14339127118486666,0.14126545259674994]],[[0.14509151576787921,0.14721687226259392,0.14792534260001486,0.14721687226259392,0.14509151576787921],[0.14721687226259392,0.149200078383584,0.14990846058258891,0.149200078383584,0.14721687226259392],[0.14792534260001486,0.14990846058258891,0.15061681336842062,0.14990846058258891,0.14792534260001486],[0.14721687226259392,0.149200078383584,0.14990846058258891,0.149200078383584,0.14721687226259392],[0.14509151576787921,0.14721687226259392,0.14792534260001486,0.14721687226259392,0.14509151576787921]],[[0.14891671289363631,0.15104156873399505,0.15174987370888166,0.15104156873399505,0.14891671289363631],[0.15104156873399505,0.15302428705064752,0.15373249655008339,0.15302428705064752,0.15104156873399505],[0.15174987370888166,0.15373249655008339,0.15444067418805527,0.15373249655008339,0.15174987370888166],[0.15104156873399505,0.15302428705064752,0.15373249655008339,0.15302428705064752,0.15104156873399505],[0.14891671289363631,0.15104156873399505,0.15174987370888166,0.15104156873399505,0.14891671289363631]],[[0.15274097194367095,0.15486528561914212,0.15557341151081125,0.15486528561914212,0.15274097194367095],[0.15486528561914212,0.15684747581626848,0.157555498333664,0.15684747581626848,0.15486528561914212],[0.15557341151081125,0.157555498333664,0.15826348635383103,0.157555498333664,0.15557341151081125],[0.15486528561914212,0.15684747581626848,0.157555498333664,0.15684747581626848,0.15486528561914212],[0.15274097194367095,0.15486528561914212,0.15557341151081125,0.15486528561914212,0.15274097194367095]],[[0.15656421537034815,0.15868794218683605,0.15939587422262644,0.15868794218683605,0.15656421537034815],[0.15868794218683605,0.16066956085348522,0.16137738100990273,0.16066956085348522,0.15868794218683605],[0.15939587422262644,0.16137738100990273,0.16208516383100688,0.16137738100990273,0.15939587422262644],[0.15868794218683605,0.16066956085348522,0.16137738100990273,0.16066956085348522,0.15868794218683605],[0.15656421537034815,0.15868794218683605,0.15939587422262644,0.15868794218683605,0.15656421537034815]],[[0.1603863596720958,0.16250945150057633,0.16321717377273814,0.16250945150057633,0.1603863596720958],[0.16250945150057633,0.16449045188623995,0.16519805311987934,0.16449045188623995,0.16250945150057633],[0.16321717377273814,0.16519805311987934,0.16590561396185638,0.16519805311987934,0.16321717377273814],[0.16250945150057633,0.16449045188623995,0.16519805311987934,0.16449045188623995,0.16250945150057633],[0.1603863596720958,0.16250945150057633,0.16321717377273814,0.16250945150057633,0.1603863596720958]],[[0.16420731492450916,0.16632971993124887,0.1670372153077409,0.16632971993124887,0.16420731492450916],[0.16632971993124887,0.16831005168435206,0.16901741615786678,0.16831005168435206,0.16632971993124887],[0.1670372153077409,0.16901741615786678,0.16972473694800086,0.16901741615786678,0.1670372153077409],[0.16632971993124887,0.16831005168435206,0.16901741615786678,0.16831005168435206,0.16632971993124887],[0.16420731492450916,0.16632971993124887,0.1670372153077409,0.16632971993124887,0.16420731492450916]],[[0.16802698427742424,0.17014864663476117,0.17085589666360318,0.17014864663476117,0.16802698427742424],[0.17014864663476117,0.17212825552250124,0.17283536402368943,0.17212825552250124,0.17014864663476117],[0.17085589666360318,0.17283536402368943,0.17354242529608149,0.17283536402368943,0.17085589666360318],[0.17014864663476117,0.17212825552250124,0.17283536402368943,0.17212825552250124,0.17014864663476117],[0.16802698427742424,0.17014864663476117,0.17085589666360318,0.17014864663476117,0.16802698427742424]],[[0.17184526341608156,0.17396612299279973,0.17467310779966849,0.17396612299279973,0.17184526341608156],[0.17396612299279973,0.17594495060145546,0.17665178243701218,0.17594495060145546,0.17396612299279973],[0.17467310779966849,0.17665178243701218,0.17735856322504948,0.17665178243701218,0.17467310779966849],[0.17396612299279973,0.17594495060145546,0.17665178243701218,0.17594495060145546,0.17396612299279973],[0.17184526341608156,0.17396612299279973,0.17467310779966849,0.17396612299279973,0.17184526341608156]],[[0.17566203998476546,0.17778203201516013,0.17848873019390774,0.17778203201516013,0.17566203998476546],[0.17778203201516013,0.17976001543007067,0.18046654831210926,0.17976001543007067,0.17778203201516013],[0.17848873019390774,0.18046654831210926,0.18117302603365226,0.18046654831210926,0.17848873019390774],[0.17778203201516013,0.17976001543007067,0.18046654831210926,0.17976001543007067,0.17778203201516013],[0.17566203998476546,0.17778203201516013,0.17848873019390774,0.17778203201516013,0.17566203998476546]],[[0.17947719297132522,0.18159624770216659,0.1823026361980026,0.18159624770216659,0.17947719297132522],[0.18159624770216659,0.18357331916671454,0.18427952909181566,0.18357331916671454,0.18159624770216659],[0.1823026361980026,0.18427952909181566,0.18498567942686706,0.18427952909181566,0.1823026361980026],[0.18159624770216659,0.18357331916671454,0.18427952909181566,0.18357331916671454,0.18159624770216659],[0.17947719297132522,0.18159624770216659,0.1823026361980026,0.18159624770216659,0.17947719297132522]],[[0.18329059205134116,0.18540863436610139,0.18611468835123096,0.18540863436610139,0.18329059205134116],[0.18540863436610139,0.18738472091921413,0.18809058203982237,0.18738472091921413,0.18540863436610139],[0.18611468835123096,0.18809058203982237,0.18879637880050795,0.18809058203982237,0.18611468835123096],[0.18540863436610139,0.18738472091921413,0.18809058203982237,0.18738472091921413,0.18540863436610139],[0.18329059205134116,0.18540863436610139,0.18611468835123096,0.18540863436610139,0.18329059205134116]],[[0.18710209689095519,0.18921904591090805,0.18992473865246162,0.18921904591090805,0.18710209689095519],[0.18921904591090805,0.1911940690028284,0.19189955349089488,0.1911940690028284,0.18921904591090805],[0.18992473865246162,0.19189955349089488,0.19260496848367414,0.19189955349089488,0.18992473865246162],[0.18921904591090805,0.1911940690028284,0.19189955349089488,0.1911940690028284,0.18921904591090805],[0.18710209689095519,0.18921904591090805,0.18992473865246162,0.18921904591090805,0.18710209689095519]],[[0.19091155640791979,0.19302732506999945,0.19373262779022726,0.19302732506999945,0.19091155640791979],[0.19302732506999945,0.19500120015641118,0.19570627805930182,0.19500120015641118,0.19302732506999945],[0.19373262779022726,0.19570627805930182,0.1964112809394451,0.19570627805930182,0.19373262779022726],[0.19302732506999945,0.19500120015641118,0.19570627805930182,0.19500120015641118,0.19302732506999945],[0.19091155640791979,0.19302732506999945,0.19373262779022726,0.19302732506999945,0.19091155640791979]],[[0.19471880799101793,0.19683330260273296,0.19753818433153664,0.19683330260273296,0.19471880799101793],[0.19683330260273296,0.19880593871773444,0.19951057780656206,0.19880593871773444,0.19683330260273296],[0.19753818433153664,0.19951057780656206,0.20021513592508008,0.19951057780656206,0.19753818433153664],[0.19683330260273296,0.19880593871773444,0.19951057780656206,0.19880593871773444,0.19683330260273296],[0.19471880799101793,0.19683330260273296,0.19753818433153664,0.19683330260273296,0.19471880799101793]],[[0.19852367667879925,0.20063679645097671,0.20134122387101883,0.20063679645097671,0.19852367667879925],[0.20063679645097671,0.2026080957599308,0.203312261370656,0.2026080957599308,0.20063679645097671],[0.20134122387101883,0.203312261370656,0.2040163396140616,0.203312261370656,0.20134122387101883],[0.20063679645097671,0.2026080957599308,0.203312261370656,0.2026080957599308,0.20063679645097671],[0.19852367667879925,0.20063679645097671,0.20134122387101883,0.20063679645097671,0.19852367667879925]],[[0.20232597429959384,0.20443761085839257,0.20514154814323127,0.20443761085839257,0.20232597429959384],[0.20443761085839257,0.20640746819233796,0.20711112306021359,0.20640746819233796,0.20443761085839257],[0.20514154814323127,0.20711112306021359,0.20781468368373279,0.20711112306021359,0.20514154814323127],[0.20443761085839257,0.20640746819233796,0.20711112306021359,0.20640746819233796,0.20443761085839257],[0.20232597429959384,0.20443761085839257,0.20514154814323127,0.20443761085839257,0.20232597429959384]],[[0.2061254985760485,0.20823553545643264,0.20893894410240274,0.20823553545643264,0.2061254985760485],[0.20823553545643264,0.21020383783056387,0.2109069419187875,0.21020383783056387,0.20823553545643264],[0.20893894410240274,0.2109069419187875,0.21160994437393282,0.2109069419187875,0.20893894410240274],[0.20823553545643264,0.21020383783056387,0.2109069419187875,0.21020383783056387,0.20823553545643264],[0.2061254985760485,0.20823553545643264,0.20893894410240274,0.20823553545643264,0.2061254985760485]],[[0.20992203219899225,0.2120303443228311,0.2127331829756581,0.2120303443228311,0.20992203219899225],[0.2120303443228311,0.21399697044252819,0.21469948076630133,0.21399697044252819,0.2120303443228311],[0.2127331829756581,0.21469948076630133,0.21540188152407588,0.21469948076630133,0.2127331829756581],[0.2120303443228311,0.21399697044252819,0.21469948076630133,0.21399697044252819,0.2120303443228311],[0.20992203219899225,0.2120303443228311,0.2127331829756581,0.2120303443228311,0.20992203219899225]],[[0.2137153418773183,0.21582179502041304,0.21652401929797002,0.21582179502041304,0.2137153418773183],[0.21582179502041304,0.21778661477949621,0.21848848522711445,0.21778661477949621,0.21582179502041304],[0.21652401929797002,0.21848848522711445,0.21919023759854328,0.21848848522711445,0.21652401929797002],[0.21582179502041304,0.21778661477949621,0.21848848522711445,0.21778661477949621,0.21582179502041304],[0.2137153418773183,0.21582179502041304,0.21652401929797002,0.21582179502041304,0.2137153418773183]],[[0.21750517737281211,0.21960962762655167,0.22031118993960433,0.21960962762655167,0.21750517737281211],[0.21960962762655167,0.22157250160382772,0.22227368275691214,0.22157250160382772,0.21960962762655167],[0.22031118993960433,0.22227368275691214,0.22297473671309878,0.22227368275691214,0.22031118993960433],[0.21960962762655167,0.22157250160382772,0.22227368275691214,0.22157250160382772,0.21960962762655167],[0.21750517737281211,0.21960962762655167,0.22031118993960433,0.21960962762655167,0.21750517737281211]],[[0.22129127053161968,0.22339356376652234,0.22409441313980391,0.22339356376652234,0.22129127053161968],[0.22339356376652234,0.22535434272830132,0.22605478168384388,0.22535434272830132,0.22339356376652234],[0.22409441313980391,0.22605478168384388,0.22675508367833563,0.22605478168384388,0.22409441313980391],[0.22339356376652234,0.22535434272830132,0.22605478168384388,0.22535434272830132,0.22339356376652234],[0.22129127053161968,0.22339356376652234,0.22409441313980391,0.22339356376652234,0.22129127053161968]],[[0.22507333432703622,0.22717330566733093,0.22787338756393882,0.22717330566733093,0.22507333432703622],[0.22717330566733093,0.22913183008545274,0.22983147028300985,0.22913183008545274,0.22717330566733093],[0.22787338756393882,0.22983147028300985,0.2305309630799206,0.22983147028300985,0.22787338756393882],[0.22717330566733093,0.22913183008545274,0.22983147028300985,0.22913183008545274,0.22717330566733093],[0.22507333432703622,0.22717330566733093,0.22787338756393882,0.22717330566733093,0.22507333432703622]],[[0.22885106193191856,0.23094853525237075,0.23164779140513014,0.23094853525237075,0.22885106193191856],[0.23094853525237075,0.23290463484934371,0.23360341590743525,0.23290463484934371,0.23094853525237075],[0.23164779140513014,0.23360341590743525,0.23430203841951946,0.23360341590743525,0.23164779140513014],[0.23094853525237075,0.23290463484934371,0.23360341590743525,0.23290463484934371,0.23094853525237075],[0.22885106193191856,0.23094853525237075,0.23164779140513014,0.23094853525237075,0.22885106193191856]],[[0.23262412584296552,0.23471891330149311,0.23541728155570546,0.23471891330149311,0.23262412584296552],[0.23471891330149311,0.23667240663661726,0.23737026420319182,0.23667240663661726,0.23471891330149311],[0.23541728155570546,0.23737026420319182,0.23806795134487896,0.23737026420319182,0.23541728155570546],[0.23471891330149311,0.23667240663661726,0.23737026420319182,0.23667240663661726,0.23471891330149311],[0.23262412584296552,0.23471891330149311,0.23541728155570546,0.23471891330149311,0.23262412584296552]],[[0.23639217708345714,0.23848407870556049,0.23918149287839377,0.23848407870556049,0.23639217708345714],[0.23848407870556049,0.24043477281832415,0.24113163844101065,0.24043477281832415,0.23848407870556049],[0.23918149287839377,0.24113163844101065,0.2418283210022745,0.24113163844101065,0.23918149287839377],[0.23848407870556049,0.24043477281832415,0.24113163844101065,0.24043477281832415,0.23848407870556049],[0.23639217708345714,0.23848407870556049,0.23918149287839377,0.23848407870556049,0.23639217708345714]],[[0.24015484451565233,0.24224364784930572,0.24294003761192068,0.24224364784930572,0.24015484451565233],[0.24224364784930572,0.24419133797881812,0.24488713900155937,0.24419133797881812,0.24224364784930572],[0.24294003761192068,0.24488713900155937,0.24558274354938484,0.24488713900155937,0.24294003761192068],[0.24224364784930572,0.24419133797881812,0.24488713900155937,0.24419133797881812,0.24224364784930572],[0.24015484451565233,0.24224364784930572,0.24294003761192068,0.24224364784930572,0.24015484451565233]],[[0.24391173429877688,0.24599721416108103,0.24669250495049783,0.24599721416108103,0.24391173429877688],[0.24599721416108103,0.2479416835627411,0.24863634305628246,0.2479416835627411,0.24599721416108103],[0.24669250495049783,0.24863634305628246,0.24933079187135976,0.24863634305628246,0.24669250495049783],[0.24599721416108103,0.2479416835627411,0.24863634305628246,0.2479416835627411,0.24599721416108103],[0.24391173429877688,0.24599721416108103,0.24669250495049783,0.24599721416108103,0.24391173429877688]],[[0.2476624295332325,0.24974434787259298,0.25043846084111077,0.24974434787259298,0.2476624295332325],[0.24974434787259298,0.25168536775540878,0.25237880448990946,0.25168536775540878,0.24974434787259298],[0.25043846084111077,0.25237880448990946,0.25307201554697478,0.25237880448990946,0.25043846084111077],[0.24974434787259298,0.25168536775540878,0.25237880448990946,0.25168536775540878,0.24974434787259298],[0.2476624295332325,0.24974434787259298,0.25043846084111077,0.24974434787259298,0.2476624295332325]],[[0.25140649013582039,0.25348459603563084,0.25417744804639392,0.25348459603563084,0.25140649013582039],[0.25348459603563084,0.25542192564542415,0.25611405411413168,0.25542192564542415,0.25348459603563084],[0.25417744804639392,0.25611405411413168,0.25680594111501015,0.25611405411413168,0.25417744804639392],[0.25348459603563084,0.25542192564542415,0.25611405411413168,0.25542192564542415,0.25348459603563084],[0.25140649013582039,0.25348459603563084,0.25417744804639392,0.25348459603563084,0.25140649013582039]],[[0.25514345299432445,0.25721748284572826,0.25790898652349992,0.25721748284572826,0.25514345299432445],[0.25721748284572826,0.25915086972058277,0.25984160022392377,0.25915086972058277,0.25721748284572826],[0.25790898652349992,0.25984160022392377,0.26053207269272638,0.25984160022392377,0.25790898652349992],[0.25721748284572826,0.25915086972058277,0.25984160022392377,0.25915086972058277,0.25721748284572826],[0.25514345299432445,0.25721748284572826,0.25790898652349992,0.25721748284572826,0.25514345299432445]],[[0.25887283245185649,0.26094251032390603,0.26163257417056435,0.26094251032390603,0.25887283245185649],[0.26094251032390603,0.26287169074845784,0.26356092954804977,0.26287169074845784,0.26094251032390603],[0.26163257417056435,0.26356092954804977,0.264249892998025,0.26356092954804977,0.26163257417056435],[0.26094251032390603,0.26287169074845784,0.26356092954804977,0.26287169074845784,0.26094251032390603],[0.25887283245185649,0.26094251032390603,0.26163257417056435,0.26094251032390603,0.25887283245185649]],[[0.26259412117190262,0.26465915940710993,0.26534768799108183,0.26465915940710993,0.26259412117190262],[0.26465915940710993,0.26658385909117266,0.26727150864288191,0.26658385909117266,0.26465915940710993],[0.26534768799108183,0.26727150864288191,0.2679588648240171,0.26727150864288191,0.26534768799108183],[0.26465915940710993,0.26658385909117266,0.26727150864288191,0.26658385909117266,0.26465915940710993],[0.26259412117190262,0.26465915940710993,0.26534768799108183,0.26465915940710993,0.26259412117190262]],[[0.26630679143286828,0.26836689149415183,0.26905378572261512,0.26836689149415183,0.26630679143286828],[0.26836689149415183,0.27028682649859004,0.27097278577293615,0.27028682649859004,0.26836689149415183],[0.26905378572261512,0.27097278577293615,0.27165843300843184,0.27097278577293615,0.26905378572261512],[0.26836689149415183,0.27028682649859004,0.27097278577293615,0.27028682649859004,0.26836689149415183],[0.26630679143286828,0.26836689149415183,0.26905378572261512,0.26836689149415183,0.26630679143286828]],[[0.27001029689599121,0.272065150487407,0.27275030796882643,0.272065150487407,0.27001029689599121],[0.272065150487407,0.27398002841569674,0.27466419331236,0.27398002841569674,0.272065150487407],[0.27275030796882643,0.27466419331236,0.27534802693046617,0.27466419331236,0.27275030796882643],[0.272065150487407,0.27398002841569674,0.27466419331236,0.27398002841569674,0.272065150487407],[0.27001029689599121,0.272065150487407,0.27275030796882643,0.272065150487407,0.27001029689599121]],[[0.2737040748819965,0.27575336535980627,0.2764366808625629,0.27575336535980627,0.2737040748819965],[0.27575336535980627,0.27766288682724427,0.27834515068821397,0.27766288682724427,0.27575336535980627],[0.2764366808625629,0.27834515068821397,0.27902706355355594,0.27834515068821397,0.2764366808625629],[0.27575336535980627,0.27766288682724427,0.27834515068821397,0.27766288682724427,0.27575336535980627],[0.2737040748819965,0.27575336535980627,0.2764366808625629,0.27575336535980627,0.2737040748819965]],[[0.27738754917952435,0.27943095326227568,0.28011231927255525,0.27943095326227568,0.27738754917952435],[0.27943095326227568,0.28133481364623314,0.2820150678691517,0.28133481364623314,0.27943095326227568],[0.28011231927255525,0.2820150678691517,0.28269495101456549,0.2820150678691517,0.28011231927255525],[0.27943095326227568,0.28133481364623314,0.2820150678691517,0.28133481364623314,0.27943095326227568],[0.27738754917952435,0.27943095326227568,0.28011231927255525,0.27943095326227568,0.27738754917952435]],[[0.2810601333920843,0.28309732316818803,0.28377663054707825,0.28309732316818803,0.2810601333920843],[0.28309732316818803,0.28499521463230038,0.28567334938190303,0.28499521463230038,0.28309732316818803],[0.28377663054707825,0.28567334938190303,0.28635109273799614,0.28567334938190303,0.28377663054707825],[0.28309732316818803,0.28499521463230038,0.28567334938190303,0.28499521463230038,0.28309732316818803],[0.2810601333920843,0.28309732316818803,0.28377663054707825,0.28309732316818803,0.2810601333920843]],[[0.28472123481028511,0.28675188002959057,0.28742901876530691,0.28675188002959057,0.28472123481028511],[0.28675188002959057,0.28864349380261661,0.28931939881387908,0.28864349380261661,0.28675188002959057],[0.28742901876530691,0.28931939881387908,0.28999489202915912,0.28931939881387908,0.28742901876530691],[0.28675188002959057,0.28864349380261661,0.28931939881387908,0.28864349380261661,0.28675188002959057],[0.28472123481028511,0.28675188002959057,0.28742901876530691,0.28675188002959057,0.28472123481028511]],[[0.28837025877299588,0.2903940293952888,0.291068889