{"M_cells":[[[0,0,0,0,0],[0,0,0,0,0],[0,0,0,0,0],[0,0,0,0,0],[0,0,0,0,0]],[[0.000403327970953458,0.00096528590373973113,0.0011323264382973831,0.00096528590373973113,0.000403327970953458],[0.00096528590373973113,0.0019391703820609383,0.0022369397300405483,0.0019391703820609385,0.00096528590373973113],[0.0011323264382973831,0.0022369397300405483,0.0025782850418162293,0.0022369397300405483,0.0011323264382973831],[0.00096528590373973113,0.0019391703820609385,0.0022369397300405483,0.0019391703820609383,0.00096528590373973113],[0.000403327970953458,0.00096528590373973113,0.0011323264382973831,0.00096528590373973113,0.000403327970953458]],[[0.0020443144469654345,0.0032678654981359015,0.0036509017362608594,0.0032678654981359015,0.0020443144469654345],[0.0032678654981359015,0.0047798754717697615,0.0052646776568573061,0.0047798754717697615,0.0032678654981359015],[0.0036509017362608594,0.0052646776568573061,0.0057834044946140275,0.0052646776568573061,0.0036509017362608594],[0.0032678654981359015,0.0047798754717697615,0.0052646776568573061,0.0047798754717697615,0.0032678654981359015],[0.0020443144469654345,0.0032678654981359015,0.0036509017362608594,0.0032678654981359015,0.0020443144469654345]],[[0.0046559986795263021,0.0062960310732966939,0.0068246378771171087,0.0062960310732966939,0.0046559986795263021],[0.0062960310732966939,0.00809549810650345,0.0086856861840079649,0.00809549810650345,0.0062960310732966939],[0.0068246378771171087,0.0086856861840079649,0.0092964034720970472,0.0086856861840079649,0.0068246378771171087],[0.0062960310732966939,0.00809549810650345,0.0086856861840079649,0.00809549810650345,0.0062960310732966939],[0.0046559986795263021,0.0062960310732966939,0.0068246378771171087,0.0062960310732966939,0.0046559986795263021]],[[0.0078374325657942587,0.0097086835355820675,0.01032146833371639,0.0097086835355820675,0.0078374325657942587],[0.0097086835355820675,0.011659314379372752,0.012306304880115844,0.011659314379372752,0.0097086835355820675],[0.01032146833371639,0.012306304880115844,0.01296469857181794,0.012306304880115844,0.01032146833371639],[0.0097086835355820675,0.011659314379372752,0.012306304880115844,0.011659314379372752,0.0097086835355820675],[0.0078374325657942587,0.0097086835355820675,0.01032146833371639,0.0097086835355820675,0.0078374325657942587]],[[0.011328278545984555,0.013322672759216546,0.013981333561307476,0.013322672759216546,0.011328278545984555],[0.013322672759216546,0.0153521234271447,0.016029091728881874,0.0153521234271447,0.013322672759216546],[0.013981333561307476,0.016029091728881874,0.016712163249412527,0.016029091728881874,0.013981333561307476],[0.013322672759216546,0.0153521234271447,0.016029091728881874,0.015352123427144702,0.013322672759216546],[0.011328278545984555,0.013322672759216546,0.013981333561307476,0.013322672759216546,0.011328278545984555]],[[0.014982482000763436,0.017041349339333167,0.017724336965401141,0.017041349339333167,0.014982482000763436],[0.017041349339333167,0.01911164941346644,0.019804254060209962,0.01911164941346644,0.017041349339333167],[0.017724336965401141,0.019804254060209962,0.020500064766495484,0.019804254060209962,0.017724336965401141],[0.017041349339333167,0.01911164941346644,0.019804254060209962,0.01911164941346644,0.017041349339333167],[0.014982482000763436,0.017041349339333167,0.017724336965401141,0.017041349339333167,0.014982482000763436]],[[0.018721823645187725,0.020814122145955932,0.021509816752427493,0.020814122145955932,0.018721823645187725],[0.020814122145955932,0.022905443921963826,0.023606129382077439,0.022905443921963826,0.020814122145955932],[0.021509816752427493,0.023606129382077439,0.024308478663805397,0.023606129382077439,0.021509816752427493],[0.020814122145955932,0.022905443921963826,0.023606129382077439,0.022905443921963826,0.020814122145955932],[0.018721823645187725,0.020814122145955932,0.021509816752427493,0.020814122145955932,0.018721823645187725]],[[0.022505132842301646,0.024614599752270736,0.025316853628252672,0.024614599752270736,0.022505132842301646],[0.024614599752270736,0.026716607041375653,0.027421418237808928,0.026716607041375653,0.024614599752270736],[0.025316853628252672,0.027421418237808928,0.028127081981083355,0.027421418237808928,0.025316853628252672],[0.024614599752270736,0.026716607041375653,0.027421418237808928,0.026716607041375653,0.024614599752270736],[0.022505132842301646,0.024614599752270736,0.025316853628252672,0.024614599752270736,0.022505132842301646]],[[0.026310879543108623,0.028429022053855807,0.029134609201577524,0.028429022053855807,0.026310879543108623],[0.028429022053855807,0.030536321898981977,0.031243191914410853,0.030536321898981977,0.028429022053855807],[0.029134609201577524,0.031243191914410853,0.0319504896080969,0.031243191914410853,0.029134609201577524],[0.028429022053855807,0.030536321898981977,0.031243191914410853,0.030536321898981981,0.028429022053855807],[0.026310879543108623,0.028429022053855807,0.029134609201577524,0.028429022053855807,0.026310879543108623]],[[0.030127819684686721,0.0322501991580365,0.032957430336302794,0.0322501991580365,0.030127819684686721],[0.0322501991580365,0.034359966525165014,0.035067812750998871,0.034359966525165014,0.0322501991580365],[0.032957430336302794,0.035067812750998871,0.035775864021742543,0.035067812750998871,0.032957430336302794],[0.0322501991580365,0.034359966525165014,0.035067812750998871,0.034359966525165014,0.0322501991580365],[0.030127819684686721,0.0322501991580365,0.032957430336302794,0.0322501991580365,0.030127819684686721]],[[0.033950066164882442,0.0360743513522051,0.036782339502815488,0.0360743513522051,0.033950066164882442],[0.0360743513522051,0.03818509271039644,0.038893343886810816,0.03818509271039644,0.0360743513522051],[0.036782339502815488,0.038893343886810816,0.039601682753685058,0.038893343886810816,0.036782339502815488],[0.0360743513522051,0.03818509271039644,0.038893343886810816,0.03818509271039644,0.0360743513522051],[0.033950066164882442,0.0360743513522051,0.036782339502815488,0.0360743513522051,0.033950066164882442]],[[0.037774513234721113,0.039899465563899,0.040607740530382019,0.039899465563899,0.037774513234721113],[0.039899465563899,0.042010376311655447,0.042718726089473504,0.042010376311655447,0.039899465563899],[0.040607740530382019,0.042718726089473504,0.043427100812395661,0.042718726089473504,0.040607740530382019],[0.039899465563899,0.042010376311655447,0.042718726089473504,0.042010376311655447,0.039899465563899],[0.037774513234721113,0.039899465563899,0.040607740530382019,0.039899465563899,0.037774513234721113]],[[0.041599495614223186,0.043724441512414204,0.044432749049666029,0.043724441512414204,0.041599495614223186],[0.043724441512414204,0.0458350722479776,0.046543351036271649,0.0458350722479776,0.043724441512414204],[0.044432749049666029,0.046543351036271649,0.0472516202458404,0.046543351036271649,0.044432749049666029],[0.043724441512414204,0.0458350722479776,0.046543351036271649,0.0458350722479776,0.043724441512414204],[0.041599495614223186,0.043724441512414204,0.044432749049666029,0.043724441512414204,0.041599495614223186]],[[0.045424091538918847,0.047548648274863776,0.048256845461216349,0.047548648274863776,0.045424091538918847],[0.047548648274863776,0.049658731468366836,0.050366839840116827,0.049658731468366836,0.047548648274863776],[0.048256845461216349,0.050366839840116827,0.0510749186093313,0.050366839840116827,0.048256845461216349],[0.047548648274863776,0.049658731468366836,0.050366839840116827,0.049658731468366836,0.047548648274863776],[0.045424091538918847,0.047548648274863776,0.048256845461216349,0.047548648274863776,0.045424091538918847]],[[0.049247760678683312,0.051371693922080658,0.052079694783319766,0.051371693922080658,0.049247760678683312],[0.051371693922080658,0.053481053827355685,0.054188927903781853,0.053481053827355685,0.051371693922080658],[0.052079694783319766,0.054188927903781853,0.054896759719944482,0.054188927903781853,0.052079694783319766],[0.051371693922080658,0.053481053827355685,0.054188927903781853,0.053481053827355685,0.051371693922080658],[0.049247760678683312,0.051371693922080658,0.052079694783319766,0.051371693922080658,0.049247760678683312]],[[0.053070155951934345,0.055193305695021518,0.055901052922768,0.055193305695021518,0.053070155951934345],[0.055193305695021518,0.057301811431825327,0.058009404861379378,0.057301811431825327,0.055193305695021518],[0.055901052922768,0.058009404861379378,0.058716947025706304,0.058009404861379378,0.055901052922768],[0.055193305695021518,0.057301811431825327,0.058009404861379378,0.057301811431825327,0.055193305695021518],[0.053070155951934345,0.055193305695021518,0.055901052922768,0.055193305695021518,0.053070155951934345]],[[0.056891025561383875,0.059013267493844113,0.059720717706529182,0.059013267493844113,0.056891025561383875],[0.059013267493844113,0.061120808503998321,0.061828083045252218,0.061120808503998321,0.059013267493844113],[0.059720717706529182,0.061828083045252218,0.062535299029949545,0.061828083045252225,0.059720717706529182],[0.059013267493844113,0.061120808503998321,0.061828083045252225,0.061120808503998328,0.059013267493844113],[0.056891025561383875,0.059013267493844113,0.059720717706529182,0.059013267493844113,0.056891025561383875]],[[0.060710161802743037,0.062831387057268942,0.063538503081859751,0.062831387057268956,0.060710161802743044],[0.062831387057268942,0.064937860143685952,0.065644780704203751,0.064937860143685966,0.062831387057268956],[0.063538503081859751,0.065644780704203751,0.066351636110500239,0.065644780704203751,0.063538503081859751],[0.062831387057268956,0.064937860143685966,0.065644780704203751,0.064937860143685966,0.062831387057268956],[0.060710161802743044,0.062831387057268956,0.063538503081859751,0.062831387057268956,0.060710161802743044]],[[0.064527374096133377,0.066647478499779714,0.067354225288169159,0.066647478499779714,0.064527374096133377],[0.066647478499779714,0.068752780849195311,0.0694593128277684,0.068752780849195311,0.066647478499779714],[0.067354225288169159,0.0694593128277684,0.070165773203491225,0.0694593128277684,0.067354225288169159],[0.066647478499779714,0.068752780849195311,0.0694593128277684,0.068752780849195311,0.066647478499779714],[0.064527374096133377,0.066647478499779714,0.067354225288169159,0.066647478499779714,0.064527374096133377]],[[0.0683424745382946,0.070461352769295535,0.071167695191826641,0.070461352769295535,0.0683424745382946],[0.070461352769295535,0.0725653780526715,0.073271485867663175,0.0725653780526715,0.070461352769295535],[0.071167695191826641,0.073271485867663175,0.073977515480552439,0.073271485867663175,0.071167695191826641],[0.070461352769295535,0.0725653780526715,0.073271485867663175,0.0725653780526715,0.070461352769295535],[0.0683424745382946,0.070461352769295535,0.071167695191826641,0.070461352769295535,0.0683424745382946]],[[0.072155269902203348,0.0742728121640564,0.074978713767751351,0.0742728121640564,0.072155269902203348],[0.0742728121640564,0.076375448205136226,0.077081094428678679,0.076375448205136226,0.0742728121640564],[0.074978713767751351,0.077081094428678679,0.077786655525923232,0.077081094428678679,0.074978713767751351],[0.0742728121640564,0.076375448205136226,0.077081094428678679,0.076375448205136226,0.0742728121640564],[0.072155269902203348,0.0742728121640564,0.074978713767751351,0.0742728121640564,0.072155269902203348]],[[0.075965556929896413,0.078081646901489526,0.078787069158920531,0.078081646901489526,0.075965556929896413],[0.078081646901489526,0.080182774127828135,0.080887918924009677,0.080182774127828135,0.078081646901489526],[0.078787069158920531,0.080887918924009677,0.081592971233547557,0.080887918924009677,0.078787069158920531],[0.078081646901489526,0.080182774127828135,0.080887918924009677,0.080182774127828135,0.078081646901489526],[0.075965556929896413,0.078081646901489526,0.078787069158920531,0.078081646901489526,0.075965556929896413]],[[0.079773119277503246,0.081887632692520862,0.08259253449438346,0.081887632692520862,0.079773119277503246],[0.081887632692520862,0.08398712295813944,0.084691723667506186,0.08398712295813944,0.081887632692520862],[0.08259253449438346,0.084691723667506186,0.085396224013173858,0.084691723667506186,0.08259253449438346],[0.081887632692520862,0.08398712295813944,0.084691723667506186,0.08398712295813944,0.081887632692520862],[0.079773119277503246,0.081887632692520862,0.08259253449438346,0.081887632692520862,0.079773119277503246]],[[0.083577725255387772,0.085690528771846977,0.086394866034041146,0.085690528771846977,0.083577725255387772],[0.085690528771846977,0.087788244334482679,0.088492255121789362,0.087788244334482679,0.085690528771846977],[0.086394866034041146,0.088492255121789362,0.089196157084630676,0.088492255121789362,0.086394866034041146],[0.085690528771846977,0.087788244334482679,0.088492255121789362,0.087788244334482679,0.085690528771846977],[0.083577725255387772,0.085690528771846977,0.086394866034041146,0.085690528771846977,0.083577725255387772]],[[0.087379125911735536,0.089490076091497284,0.090193801408235,0.089490076091497284,0.087379125911735536],[0.089490076091497284,0.091585868627220013,0.092289240147798546,0.091585868627220013,0.089490076091497284],[0.090193801408235,0.092289240147798546,0.092992493736855142,0.092289240147798546,0.090193801408235],[0.089490076091497284,0.091585868627220013,0.092289240147798546,0.091585868627220013,0.089490076091497284],[0.087379125911735536,0.089490076091497284,0.090193801408235,0.089490076091497284,0.087379125911735536]],[[0.091177053216880591,0.093285995516670883,0.093989057822496169,0.093285995516670883,0.091177053216880591],[0.093285995516670883,0.095379705105657367,0.096082384165479484,0.095379705105657367,0.093285995516670883],[0.093989057822496169,0.096082384165479484,0.0967849354772019,0.096082384165479484,0.093989057822496169],[0.093285995516670883,0.095379705105657367,0.096082384165479484,0.095379705105657367,0.093285995516670883],[0.091177053216880591,0.093285995516670883,0.093989057822496169,0.093285995516670883,0.091177053216880591]],[[0.094971218212850012,0.0970779859298197,0.097780330149331934,0.0970779859298197,0.094971218212850012],[0.0970779859298197,0.099169439972622161,0.099871369167037635,0.099169439972622161,0.0970779859298197],[0.097780330149331934,0.099871369167037635,0.10057316002036132,0.099871369167037635,0.097780330149331934],[0.0970779859298197,0.099169439972622161,0.099871369167037635,0.099169439972622161,0.0970779859298197],[0.094971218212850012,0.0970779859298197,0.097780330149331934,0.0970779859298197,0.094971218212850012]],[[0.098761309046285967,0.10086572218180424,0.10156728885388555,0.10086572218180424,0.098761309046285967],[0.10086572218180424,0.10295473421769098,0.10365585153863668,0.10295473421769098,0.10086572218180424],[0.10156728885388555,0.10365585153863668,0.10435681907651913,0.10365585153863668,0.10156728885388555],[0.10086572218180424,0.10295473421769098,0.10365585153863668,0.10295473421769098,0.10086572218180424],[0.098761309046285967,0.10086572218180424,0.10156728885388555,0.10086572218180424,0.098761309046285967]],[[0.10254698882917805,0.10464885284402366,0.10534957771110427,0.10464885284402366,0.10254698882917805],[0.10464885284402366,0.1067352212480901,0.10743545965165147,0.1067352212480901,0.10464885284402366],[0.10534957771110427,0.10743545965165147,0.10813553590139879,0.10743545965165147,0.10534957771110427],[0.10464885284402366,0.1067352212480901,0.10743545965165147,0.1067352212480901,0.10464885284402366],[0.10254698882917805,0.10464885284402366,0.10534957771110427,0.10464885284402366,0.10254698882917805]],[[0.10632789328305116,0.10842699772090744,0.10912681127530693,0.10842699772090744,0.10632789328305116],[0.10842699772090744,0.11051050425788402,0.11120979118469945,0.11051050425788402,0.10842699772090744],[0.10912681127530693,0.11120979118469945,0.11190890256972542,0.11120979118469945,0.10912681127530693],[0.10842699772090744,0.11051050425788402,0.11120979118469945,0.11051050425788402,0.10842699772090744],[0.10632789328305116,0.10842699772090744,0.10912681127530693,0.10842699772090744,0.10632789328305116]],[[0.11010362812563539,0.11219974508200034,0.11289857206174268,0.11219974508200034,0.11010362812563539],[0.11219974508200034,0.11428015329364764,0.11497841013442821,0.11428015329364764,0.11219974508200034],[0.11289857206174268,0.11497841013442821,0.11567647692967528,0.11497841013442821,0.11289857206174268],[0.11219974508200034,0.11428015329364764,0.11497841013442821,0.11428015329364764,0.11219974508200034],[0.11010362812563539,0.11219974508200034,0.11289857206174268,0.11219974508200034,0.11010362812563539]],[[0.11387376615765241,0.11596664856971702,0.11666440739561305,0.11596664856971702,0.11387376615765241],[0.11596664856971702,0.118043701970108,0.11874084346772106,0.118043701970108,0.11596664856971702],[0.11666440739561305,0.11874084346772106,0.11943777919007785,0.11874084346772106,0.11666440739561305],[0.11596664856971702,0.118043701970108,0.11874084346772106,0.118043701970108,0.11596664856971702],[0.11387376615765241,0.11596664856971702,0.11666440739561305,0.11596664856971702,0.11387376615765241]],[[0.11763784400304134,0.11972722373292623,0.12042382587793059,0.11972722373292623,0.11763784400304134],[0.11972722373292623,0.12180064378221898,0.12249657736062852,0.12180064378221898,0.11972722373292623],[0.12042382587793059,0.12249657736062852,0.12319228808439835,0.12249657736062852,0.12042382587793059],[0.11972722373292623,0.12180064378221898,0.12249657736062852,0.12180064378221898,0.11972722373292623],[0.11763784400304134,0.11972722373292623,0.12042382587793059,0.11972722373292623,0.11763784400304134]],[[0.12139535844935595,0.12348094412893634,0.12417629340926821,0.12348094412893634,0.12139535844935595],[0.12348094412893634,0.12555042795140398,0.12624505296015573,0.125550427951404,0.12348094412893634],[0.12417629340926821,0.12624505296015573,0.12693943654599532,0.12624505296015576,0.12417629340926822],[0.12348094412893634,0.125550427951404,0.12624505296015576,0.125550427951404,0.12348094412893636],[0.12139535844935595,0.12348094412893634,0.12417629340926822,0.12348094412893636,0.12139535844935596]],[[0.12514576232645355,0.12722723692660837,0.12792122870252548,0.12722723692660837,0.12514576232645355],[0.12722723692660837,0.12929245473279433,0.12998566159381866,0.12929245473279433,0.12722723692660837],[0.12792122870252548,0.12998566159381866,0.13067860681755292,0.12998566159381866,0.12792122870252548],[0.12722723692660837,0.12929245473279433,0.12998566159381866,0.12929245473279433,0.12722723692660837],[0.12514576232645355,0.12722723692660837,0.12792122870252548,0.12722723692660837,0.12514576232645355]],[[0.12888845985096856,0.13096547793160804,0.13165799820348947,0.13096547793160804,0.12888845985096856],[0.13096547793160804,0.13302607009724488,0.13371773933836728,0.13302607009724488,0.13096547793160804],[0.13165799820348947,0.13371773933836728,0.13440912490363965,0.13371773933836728,0.13165799820348947],[0.13096547793160804,0.13302607009724488,0.13371773933836728,0.13302607009724488,0.13096547793160804],[0.12888845985096856,0.13096547793160804,0.13165799820348947,0.13096547793160804,0.12888845985096856]],[[0.13262280135098203,0.13469498594025997,0.13538591032314448,0.13469498594025997,0.13262280135098203],[0.13469498594025997,0.13675055968593455,0.13744056084263853,0.13675055968593455,0.13469498594025997],[0.13538591032314448,0.13744056084263853,0.13813025425841727,0.13744056084263853,0.13538591032314448],[0.13469498594025997,0.13675055968593455,0.13744056084263853,0.13675055968593455,0.13469498594025997],[0.13262280135098203,0.13469498594025997,0.13538591032314448,0.13469498594025997,0.13262280135098203]],[[0.13634807726988796,0.13841501631144754,0.139104208867979,0.13841501631144754,0.13634807726988796],[0.13841501631144754,0.14046514191650777,0.14115333228004351,0.14046514191650777,0.13841501631144754],[0.139104208867979,0.14115333228004351,0.14184118858045106,0.14115333228004351,0.139104208867979],[0.13841501631144754,0.14046514191650777,0.14115333228004351,0.14046514191650777,0.13841501631144754],[0.13634807726988796,0.13841501631144754,0.139104208867979,0.13841501631144754,0.13634807726988796]],[[0.1400635113291272,0.14212475362479485,0.14281206553292133,0.14212475362479485,0.1400635113291272],[0.14212475362479485,0.14416896009647148,0.1448551832823029,0.14416896009647148,0.14212475362479485],[0.14281206553292133,0.1448551832823029,0.14554104356197867,0.1448551832823029,0.14281206553292133],[0.14212475362479485,0.14416896009647148,0.1448551832823029,0.14416896009647148,0.14212475362479485],[0.1400635113291272,0.14212475362479485,0.14281206553292133,0.14212475362479485,0.1400635113291272]],[[0.14376825270734131,0.1458233032688632,0.146508571295922,0.1458233032688632,0.14376825270734131],[0.1458233032688632,0.14786107337242088,0.14854515767798443,0.14786107337242088,0.1458233032688632],[0.146508571295922,0.14854515767798443,0.14922884741106851,0.14854515767798443,0.146508571295922],[0.1458233032688632,0.14786107337242088,0.14854515767798443,0.14786107337242088,0.1458233032688632],[0.14376825270734131,0.1458233032688632,0.146508571295922,0.1458233032688632,0.14376825270734131]],[[0.14746136706576915,0.14950968177261492,0.15019272652219143,0.14950968177261492,0.14746136706576915],[0.14950968177261492,0.15154044631029531,0.15222220282513049,0.15154044631029531,0.14950968177261492],[0.15019272652219143,0.15222220282513049,0.15290352992981857,0.15222220282513049,0.15019272652219143],[0.14950968177261492,0.15154044631029531,0.15222220282513049,0.15154044631029531,0.14950968177261492],[0.14746136706576915,0.14950968177261492,0.15019272652219143,0.14950968177261492,0.14746136706576915]],[[0.15114182621734323,0.15318280565779374,0.15386342954921747,0.15318280565779374,0.15114182621734323],[0.15318280565779374,0.15520593686266551,0.15588515728684765,0.15520593686266551,0.15318280565779374],[0.15386342954921747,0.15588515728684765,0.15656390989013561,0.15588515728684765,0.15386342954921747],[0.15318280565779374,0.15520593686266551,0.15588515728684765,0.15520593686266551,0.15318280565779374],[0.15114182621734323,0.15318280565779374,0.15386342954921747,0.15318280565779374,0.15114182621734323]],[[0.15480849619780682,0.15684147854695504,0.15751946347952242,0.15684147854695504,0.15480849619780682],[0.15684147854695504,0.15885628243207739,0.15953273655040162,0.15885628243207739,0.15684147854695504],[0.15751946347952242,0.15953273655040162,0.1602086803989238,0.15953273655040162,0.15751946347952242],[0.15684147854695504,0.15885628243207739,0.15953273655040162,0.15885628243207739,0.15684147854695504],[0.15480849619780682,0.15684147854695504,0.15751946347952242,0.15684147854695504,0.15480849619780682]],[[0.15846012345087762,0.16048437621118317,0.16115948085614587,0.16048437621118317,0.15846012345087762],[0.16048437621118317,0.16249008368421883,0.16316351643362828,0.16249008368421883,0.16048437621118317],[0.16115948085614587,0.16316351643362828,0.1638363918862332,0.16316351643362828,0.16115948085614587],[0.16048437621118317,0.16249008368421883,0.16316351643362828,0.16249008368421883,0.16048437621118317],[0.15846012345087762,0.16048437621118317,0.16115948085614587,0.16048437621118317,0.15846012345087762]],[[0.16209531878495489,0.1641100291822753,0.16478198583480183,0.1641100291822753,0.16209531878495489],[0.1641100291822753,0.16610578570044315,0.16677591375653994,0.16610578570044315,0.1641100291822753],[0.16478198583480183,0.16677591375653994,0.16744543228231787,0.16677591375653994,0.16478198583480183],[0.1641100291822753,0.16610578570044315,0.16677591375653994,0.16610578570044315,0.1641100291822753],[0.16209531878495489,0.1641100291822753,0.16478198583480183,0.1641100291822753,0.16209531878495489]],[[0.16571253869542255,0.16771680248583812,0.16838531339689253,0.16771680248583812,0.16571253869542255],[0.16771680248583812,0.16970165598600584,0.17036816378123856,0.16970165598600584,0.16771680248583812],[0.16838531339689253,0.17036816378123856,0.17103400387314727,0.17036816378123856,0.16838531339689253],[0.16771680248583812,0.16970165598600584,0.17036816378123856,0.16970165598600584,0.16771680248583812],[0.16571253869542255,0.16771680248583812,0.16838531339689253,0.16771680248583812,0.16571253869542255]],[[0.16931006357472628,0.17130287197507912,0.17196760506920594,0.17130287197507912,0.16931006357472628],[0.17130287197507912,0.17327575876956197,0.17393829384099635,0.17327575876956197,0.17130287197507912],[0.17196760506920594,0.17393829384099635,0.17460009624029374,0.17393829384099635,0.17196760506920594],[0.17130287197507912,0.17327575876956197,0.17393829384099635,0.17327575876956197,0.17130287197507912],[0.16931006357472628,0.17130287197507912,0.17196760506920594,0.17130287197507912,0.16931006357472628]],[[0.17288597225293537,0.17486619666282538,0.17552678053278842,0.17486619666282538,0.17288597225293537],[0.17486619666282538,0.1768259249453776,0.1774840924945561,0.1768259249453776,0.17486619666282538],[0.17552678053278842,0.1774840924945561,0.17814145460573777,0.1774840924945561,0.17552678053278842],[0.17486619666282538,0.1768259249453776,0.1774840924945561,0.1768259249453776,0.17486619666282538],[0.17288597225293537,0.17486619666282538,0.17552678053278842,0.17486619666282538,0.17288597225293537]],[[0.17643811222974534,0.17840448636748571,0.17906050442182869,0.17840448636748571,0.17643811222974534],[0.17840448636748571,0.18034971693083943,0.1810030734636853,0.18034971693083943,0.17840448636748571],[0.17906050442182869,0.1810030734636853,0.18165554282517121,0.1810030734636853,0.17906050442182869],[0.17840448636748571,0.18034971693083943,0.1810030734636853,0.18034971693083943,0.17840448636748571],[0.17643811222974534,0.17840448636748571,0.17906050442182869,0.17840448636748571,0.17643811222974534]],[[0.17996406488231964,0.18191516391939103,0.18256614754584077,0.18191516391939103,0.17996406488231964],[0.18191516391939103,0.18384438765453742,0.18449243355829709,0.18384438765453742,0.18191516391939103],[0.18256614754584077,0.18449243355829709,0.18513950022389244,0.18449243355829709,0.18256614754584077],[0.18191516391939103,0.18384438765453742,0.18449243355829709,0.18384438765453742,0.18191516391939103],[0.17996406488231964,0.18191516391939103,0.18256614754584077,0.18191516391939103,0.17996406488231964]],[[0.18346110488033868,0.18539532114037888,0.18604074174120344,0.18539532114037888,0.18346110488033868],[0.18539532114037888,0.18730683288508154,0.18794900379732024,0.18730683288508154,0.18539532114037888],[0.18604074174120344,0.18794900379732024,0.18859009148309785,0.18794900379732024,0.18604074174120344],[0.18539532114037888,0.18730683288508154,0.18794900379732024,0.18730683288508154,0.18539532114037888],[0.18346110488033868,0.18539532114037888,0.18604074174120344,0.18539532114037888,0.18346110488033868]],[[0.18692615303900609,0.18884166784994874,0.18948092761135832,0.18884166784994874,0.18692615303900609],[0.18884166784994874,0.19073353620759559,0.19136919304807051,0.19073353620759559,0.18884166784994874],[0.18948092761135832,0.19136919304807051,0.19200364891841029,0.19136919304807051,0.18948092761135832],[0.18884166784994874,0.19073353620759559,0.19136919304807051,0.19073353620759559,0.18884166784994874],[0.18692615303900609,0.18884166784994874,0.18948092761135832,0.18884166784994874,0.18692615303900609]],[[0.19035572194444342,0.1922504733326327,0.1928828946206135,0.1922504733326327,0.19035572194444342],[0.1922504733326327,0.19412050623831698,0.19474892382285763,0.19412050623831698,0.1922504733326327],[0.1928828946206135,0.19474892382285763,0.19537600684368997,0.19474892382285763,0.1928828946206135],[0.1922504733326327,0.19412050623831698,0.19474892382285763,0.19412050623831698,0.1922504733326327],[0.19035572194444342,0.1922504733326327,0.1928828946206135,0.1922504733326327,0.19035572194444342]],[[0.19374585397746311,0.19561750012823911,0.19624231347667234,0.19561750012823911,0.19374585397746311],[0.19561750012823911,0.19746320626905872,0.19808356052862808,0.19746320626905872,0.19561750012823911],[0.19624231347667234,0.19808356052862808,0.19870242843016159,0.19808356052862808,0.19624231347667234],[0.19561750012823911,0.19746320626905872,0.19808356052862808,0.19746320626905872,0.19561750012823911],[0.19374585397746311,0.19561750012823911,0.19624231347667234,0.19561750012823911,0.19374585397746311]],[[0.1970920519716351,0.1989379308407212,0.19955426164210166,0.1989379308407212,0.1970920519716351],[0.1989379308407212,0.20075647764883292,0.20136783167122474,0.20075647764883292,0.1989379308407212],[0.19955426164210166,0.20136783167122474,0.20197752677332878,0.20136783167122474,0.19955426164210166],[0.1989379308407212,0.20075647764883292,0.20136783167122474,0.20075647764883292,0.1989379308407212],[0.1970920519716351,0.1989379308407212,0.19955426164210166,0.1989379308407212,0.1970920519716351]],[[0.20038920386291276,0.20220629013346383,0.20281314439930448,0.20220629013346383,0.20038920386291276],[0.20220629013346383,0.20399446011117447,0.20459574955542464,0.20399446011117447,0.20220629013346383],[0.20281314439930448,0.20459574955542464,0.20519518406674422,0.20459574955542464,0.20281314439930448],[0.20220629013346383,0.20399446011117447,0.20459574955542464,0.20399446011117447,0.20220629013346383],[0.20038920386291276,0.20220629013346383,0.20281314439930448,0.20220629013346383,0.20038920386291276]],[[0.20363150458306692,0.20541636648761252,0.20601261646714425,0.20541636648761252,0.20363150458306692],[0.20541636648761252,0.20717051527168551,0.20776053423465979,0.20717051527168551,0.20541636648761252],[0.20601261646714425,0.20776053423465979,0.20834847620187394,0.20776053423465979,0.20601261646714425],[0.20541636648761252,0.20717051527168551,0.20776053423465979,0.20717051527168551,0.20541636648761252],[0.20363150458306692,0.20541636648761252,0.20601261646714425,0.20541636648761252,0.20363150458306692]],[[0.20681238142688782,0.20856114196408396,0.20914551305343496,0.20856114196408396,0.20681238142688782],[0.20856114196408396,0.21027716395271082,0.21085455314817,0.21027716395271082,0.20856114196408396],[0.20914551305343496,0.21085455314817,0.21142961505840338,0.21085455314817,0.20914551305343496],[0.20856114196408396,0.21027716395271082,0.21085455314817,0.21027716395271082,0.20856114196408396],[0.20681238142688782,0.20856114196408396,0.20914551305343496,0.20856114196408396,0.20681238142688782]],[[0.20992443344835773,0.21163274332334492,0.21220380459951782,0.21163274332334492,0.20992443344835773],[0.21163274332334492,0.21330605389820828,0.21386929405424634,0.21330605389820828,0.21163274332334492],[0.21220380459951782,0.21386929405424634,0.21442992718704651,0.21386929405424634,0.21220380459951782],[0.21163274332334492,0.21330605389820828,0.21386929405424634,0.21330605389820828,0.21163274332334492],[0.20992443344835773,0.21163274332334492,0.21220380459951782,0.21163274332334492,0.20992443344835773]],[[0.21295940111265008,0.2146224341759321,0.21517859601294684,0.2146224341759321,0.21295940111265008],[0.2146224341759321,0.21624798121348179,0.2167953958042424,0.21624798121348179,0.2146224341759321],[0.21517859601294684,0.2167953958042424,0.21733989466853473,0.2167953958042424,0.21517859601294684],[0.2146224341759321,0.21624798121348179,0.2167953958042424,0.21624798121348179,0.2146224341759321],[0.21295940111265008,0.2146224341759321,0.21517859601294684,0.2146224341759321,0.21295940111265008]],[[0.215908188778524,0.21752067417566048,0.21806019754422942,0.21752067417566048,0.215908188778524],[0.21752067417566048,0.21909299463045354,0.21962276711426848,0.21909299463045354,0.21752067417566048],[0.21806019754422942,0.21962276711426848,0.22014928933268049,0.21962276711426848,0.21806019754422942],[0.21752067417566048,0.21909299463045354,0.21962276711426848,0.21909299463045354,0.21752067417566048],[0.215908188778524,0.21752067417566048,0.21806019754422942,0.21752067417566048,0.215908188778524]],[[0.21876096773124518,0.22031727493274142,0.22083829769168389,0.22031727493274142,0.21876096773124518],[0.22031727493274142,0.22183061282788816,0.22234082384369155,0.22183061282788816,0.22031727493274142],[0.22083829769168389,0.22234082384369155,0.2228474309839692,0.22234082384369155,0.22083829769168389],[0.22031727493274142,0.22183061282788816,0.22234082384369155,0.22183061282788816,0.22031727493274142],[0.21876096773124518,0.22031727493274142,0.22083829769168389,0.22031727493274142,0.21876096773124518]],[[0.22150738797828967,0.22300167900960313,0.2235022640227376,0.22300167900960313,0.22150738797828967],[0.22300167900960313,0.22445017649811819,0.22493886510189628,0.22445017649811819,0.22300167900960313],[0.2235022640227376,0.22493886510189628,0.22542358828651171,0.22493886510189628,0.2235022640227376],[0.22300167900960313,0.22445017649811819,0.22493886510189628,0.22445017649811819,0.22300167900960313],[0.22150738797828967,0.22300167900960313,0.2235022640227376,0.22300167900960313,0.22150738797828967]],[[0.22413691832991067,0.22556337335797438,0.2260415807893387,0.22556337335797438,0.22413691832991067],[0.22556337335797438,0.22694133441462266,0.22740658366120045,0.22694133441462266,0.22556337335797438],[0.2260415807893387,0.22740658366120045,0.22786751357794971,0.22740658366120045,0.2260415807893387],[0.22556337335797438,0.22694133441462266,0.22740658366120045,0.22694133441462266,0.22556337335797438],[0.22413691832991067,0.22556337335797438,0.2260415807893387,0.22556337335797438,0.22413691832991067]],[[0.22663931295226028,0.22799241992669622,0.22844640119668416,0.22799241992669622,0.22663931295226028],[0.22799241992669622,0.22929462717453605,0.22973466823040029,0.22929462717453605,0.22799241992669622],[0.22844640119668416,0.22973466823040029,0.2301700626307536,0.22973466823040029,0.22844640119668416],[0.22799241992669622,0.22929462717453605,0.22973466823040029,0.22929462717453605,0.22799241992669622],[0.22663931295226028,0.22799241992669622,0.22844640119668416,0.22799241992669622,0.22663931295226028]],[[0.22900516985771205,0.23028004883913863,0.23070815322596483,0.23028004883913863,0.22900516985771205],[0.23028004883913863,0.23150209314006717,0.23191541519840625,0.23150209314006717,0.23028004883913863],[0.23070815322596483,0.23191541519840625,0.23232380991706664,0.23191541519840625,0.23070815322596483],[0.23028004883913863,0.23150209314006717,0.23191541519840625,0.23150209314006717,0.23028004883913863],[0.22900516985771205,0.23028004883913863,0.23070815322596483,0.23028004883913863,0.22900516985771205]],[[0.23122651158331553,0.23241922679622282,0.23282010573293918,0.23241922679622282,0.23122651158331553],[0.23241922679622282,0.23355779562038217,0.23394324407207667,0.23355779562038217,0.23241922679622282],[0.23282010573293918,0.23394324407207667,0.23432354915596976,0.23394324407207667,0.23282010573293918],[0.23241922679622282,0.23355779562038217,0.23394324407207667,0.23355779562038217,0.23241922679622282],[0.23122651158331553,0.23241922679622282,0.23282010573293918,0.23241922679622282,0.23122651158331553]],[[0.23329729561315965,0.23440510199502096,0.23477779361730722,0.23440510199502096,0.23329729561315965],[0.23440510199502096,0.23545817465302579,0.23581502008226876,0.23545817465302579,0.23440510199502096],[0.23477779361730722,0.23581502008226876,0.2361665836020683,0.23581502008226876,0.23477779361730722],[0.23440510199502096,0.23545817465302579,0.23581502008226876,0.23545817465302579,0.23440510199502096],[0.23329729561315965,0.23440510199502096,0.23477779361730722,0.23440510199502096,0.23329729561315965]],[[0.23521376549897852,0.23623524685366012,0.23657922617249194,0.23623524685366012,0.23521376549897852],[0.23623524685366012,0.23720216418654433,0.23753013063051029,0.23720216418654433,0.23623524685366012],[0.23657922617249194,0.23753013063051029,0.23785275963581431,0.23753013063051029,0.23657922617249194],[0.23623524685366012,0.23720216418654433,0.23753013063051029,0.23720216418654433,0.23623524685366012],[0.23521376549897852,0.23623524685366012,0.23657922617249194,0.23623524685366012,0.23521376549897852]],[[0.23697458588939777,0.23790966612577,0.23822485376107769,0.23790966612577,0.23697458588939777],[0.23790966612577,0.23879107199621433,0.23909032245315057,0.23879107199621433,0.23790966612577],[0.23822485376107769,0.23909032245315057,0.23938426073841826,0.23909032245315057,0.23822485376107769],[0.23790966612577,0.23879107199621433,0.23909032245315057,0.23879107199621433,0.23790966612577],[0.23697458588939777,0.23790966612577,0.23822485376107769,0.23790966612577,0.23697458588939777]],[[0.23858075427583791,0.23943059201507177,0.23971732380407884,0.23943059201507177,0.23858075427583791],[0.23943059201507177,0.24022827176479489,0.24049935828185512,0.24022827176479489,0.23943059201507177],[0.23971732380407884,0.24049935828185512,0.2407652299670264,0.24049935828185512,0.23971732380407884],[0.23943059201507177,0.24022827176479489,0.24049935828185512,0.24022827176479489,0.23943059201507177],[0.23858075427583791,0.23943059201507177,0.23971732380407884,0.23943059201507177,0.23858075427583791]],[[0.24003532959717994,0.24080212862177239,0.2410610960104308,0.24080212862177239,0.24003532959717994],[0.24080212862177239,0.24151878565828566,0.24176257710737253,0.24151878565828566,0.24080212862177239],[0.2410610960104308,0.24176257710737253,0.24200131020817875,0.24176257710737253,0.2410610960104308],[0.24080212862177239,0.24151878565828566,0.24176257710737253,0.24151878565828566,0.24080212862177239],[0.24003532959717994,0.24080212862177239,0.2410610960104308,0.24080212862177239,0.24003532959717994]],[[0.24134304647379173,0.24202982361092867,0.24226199825163894,0.24202982361092867,0.24134304647379173],[0.24202982361092867,0.24266883664496094,0.24288643830916645,0.24266883664496094,0.24202982361092867],[0.24226199825163894,0.24288643830916645,0.24309918265296673,0.24288643830916645,0.24226199825163894],[0.24202982361092867,0.24266883664496094,0.24288643830916645,0.24266883664496094,0.24202982361092867],[0.24134304647379173,0.24202982361092867,0.24226199825163894,0.24202982361092867,0.24134304647379173]],[[0.24250988831047193,0.24312023675411581,0.24332679203792104,0.24312023675411581,0.24250988831047193],[0.24312023675411581,0.24368543078082996,0.2438781071592275,0.24368543078082996,0.24312023675411581],[0.24332679203792104,0.2438781071592275,0.24406615761401917,0.2438781071592275,0.24332679203792104],[0.24312023675411581,0.24368543078082996,0.2438781071592275,0.24368543078082996,0.24312023675411581],[0.24250988831047193,0.24312023675411581,0.24332679203792104,0.24312023675411581,0.24250988831047193]],[[0.24354267825882989,0.24408055312806276,0.24426279197650871,0.24408055312806276,0.24354267825882989],[0.24408055312806276,0.24457600364448689,0.244745111528155,0.24457600364448689,0.24408055312806276],[0.24426279197650871,0.244745111528155,0.24490984284016507,0.244745111528155,0.24426279197650871],[0.24408055312806276,0.24457600364448689,0.244745111528155,0.24457600364448689,0.24408055312806276],[0.24354267825882989,0.24408055312806276,0.24426279197650871,0.24408055312806276,0.24354267825882989]],[[0.24444872458051384,0.24491826466673292,0.24507755873301049,0.24491826466673292,0.24444872458051384],[0.24491826466673292,0.24534814232543264,0.24549507706055779,0.24534814232543264,0.24491826466673292],[0.24507755873301049,0.24549507706055779,0.24563789247159992,0.24549507706055779,0.24507755873301049],[0.24491826466673292,0.24534814232543264,0.24549507706055779,0.24534814232543264,0.24491826466673292],[0.24444872458051384,0.24491826466673292,0.24507755873301049,0.24491826466673292,0.24444872458051384]],[[0.24523553562167225,0.24564092487613337,0.24577866677200161,0.24564092487613337,0.24523553562167225],[0.24564092487613337,0.24600937941785886,0.24613553433229438,0.24600937941785886,0.24564092487613337],[0.24577866677200161,0.24613553433229438,0.24625782740648178,0.24613553433229438,0.24577866677200161],[0.24564092487613337,0.24600937941785886,0.24613553433229438,0.24600937941785886,0.24564092487613337],[0.24523553562167225,0.24564092487613337,0.24577866677200161,0.24564092487613337,0.24523553562167225]],[[0.24591060435832318,0.24625597018161752,0.24637353804078557,0.24625597018161752,0.2459106043583231