{"M_cells":[[[0,0,0,0,0,0],[0,0,0,0,0,0],[0,0,0,0,0,0],[0,0,0,0,0,0],[0,0,0,0,0,0],[0,0,0,0,0,0]],[[0.00021942240752478525,0.00050865569767002267,0.0002094102108730436,9.4364023354528414E-5,4.3212075445884653E-5,1.630626571390151E-5],[0.00050865569767002267,0.00081920828396618833,0.00039945596808957514,0.00019077518772393803,9.3814959003786776E-5,4.3212075445884653E-5],[0.0002094102108730436,0.00039945596808957514,0.00028750342825137744,0.00017570586527085113,9.8208065820578838E-5,4.59729527683235E-5],[9.4364023354528414E-5,0.00019077518772393803,0.00017570586527085113,0.00012655367596667188,7.7486344585915055E-5,3.5685204642947229E-5],[4.3212075445884653E-5,9.3814959003786776E-5,9.8208065820578838E-5,7.7486344585915055E-5,4.9620982320141742E-5,2.1800160413911251E-5],[1.630626571390151E-5,4.3212075445884653E-5,4.59729527683235E-5,3.5685204642947229E-5,2.1800160413911251E-5,7.9429370067815281E-6]],[[0.00070593005107224042,0.0010307336300464085,0.000492721533447133,0.00025694627617158617,0.00014142740765429792,8.2014926762132468E-5],[0.0010307336300464085,0.0012319201328275244,0.00067516579520986381,0.00037326945783675258,0.00021959373597996685,0.00014142740765429792],[0.000492721533447133,0.00067516579520986381,0.00050832111244390841,0.000341618122171633,0.00022243566360143234,0.00014488983357799191],[0.00025694627617158617,0.00037326945783675258,0.000341618122171633,0.00026267205013830056,0.00018382220924611633,0.00011771882812154127],[0.00014142740765429792,0.00021959373597996685,0.00022243566360143234,0.00018382220924611633,0.00013262143731136125,8.1486012511797464E-5],[8.2014926762132468E-5,0.00014142740765429792,0.00014488983357799191,0.00011771882812154127,8.1486012511797464E-5,4.5304332326853209E-5]],[[0.0011507342105465327,0.0014163491143996444,0.00075251360581731039,0.00043655784673005962,0.00027243559760577554,0.00018976732881756297],[0.0014163491143996444,0.0015459961899964088,0.00091662477617532713,0.00055846025308547737,0.00036752917506506581,0.00027243559760577554],[0.00075251360581731039,0.00091662477617532713,0.00071493340423947941,0.000513376226153196,0.00036699272610830696,0.00027384007321284],[0.00043655784673005962,0.00055846025308547737,0.000513376226153196,0.00041335004879154615,0.00031342796298522815,0.00023036336674541066],[0.00027243559760577554,0.00036752917506506581,0.00036699272610830696,0.00031342796298522815,0.0002431905572151509,0.00017303443669560995],[0.00018976732881756297,0.00027243559760577554,0.00027384007321284,0.00023036336674541066,0.00017303443669560995,0.00011577566276632938]],[[0.0015068883306413906,0.0017191328288963662,0.00098683703758627238,0.00062038242239196586,0.0004232840085544801,0.00032578686279820604],[0.0017191328288963662,0.001807062185227019,0.0011359130359040982,0.00074315827010418083,0.00052842558308318808,0.0004232840085544801],[0.00098683703758627238,0.0011359130359040982,0.000911970777798522,0.00068815736441995537,0.0005241964191273666,0.00042139016937859947],[0.00062038242239196586,0.00074315827010418083,0.00068815736441995537,0.00057353820931258794,0.00045902817675227525,0.00036427907068751976],[0.0004232840085544801,0.00052842558308318808,0.0005241964191273666,0.00045902817675227525,0.00037430128474245439,0.00028966727570631272],[0.00032578686279820604,0.0004232840085544801,0.00042139016937859947,0.00036427907068751976,0.00028966727570631272,0.00021514011473414417]],[[0.0017965505241455046,0.0019732213209625181,0.001201967702708674,0.000804177591027346,0.00058575293166326545,0.00047931983667578906],[0.0019732213209625181,0.0020363607733620728,0.0013404097866563072,0.00092635019584154138,0.00069669859105479846,0.00058575293166326545],[0.001201967702708674,0.0013404097866563072,0.0011023213008099755,0.00086435801486642772,0.00068916596240547188,0.0005804163535929165],[0.000804177591027346,0.00092635019584154138,0.00086435801486642772,0.00073983009644977863,0.00061541454381823827,0.00051273762771864473],[0.00058575293166326545,0.00069669859105479846,0.00068916596240547188,0.00061541454381823827,0.00052013845925192237,0.00042496345256047362],[0.00047931983667578906,0.00058575293166326545,0.0005804163535929165,0.00051273762771864473,0.00042496345256047362,0.00033728445240899235]],[[0.002043597420814584,0.00219810327640737,0.0014039257043828965,0.000986762965376671,0.000754876804538363,0.0006432341391430762],[0.00219810327640737,0.0022462266446772374,0.0015352555047558286,0.0011080338679729598,0.00086911683721213476,0.000754876804538363],[0.0014039257043828965,0.0015352555047558286,0.0012881871185732544,0.0010412415231429526,0.00085891160177442572,0.0007465044545559525],[0.000986762965376671,0.0011080338679729598,0.0010412415231429526,0.00091006962533677932,0.00077901219735569628,0.00067101221261847655],[0.000754876804538363,0.00086911683721213476,0.00085891160177442572,0.00077901219735569628,0.00067627711015280363,0.00057364877567568824],[0.0006432341391430762,0.000754876804538363,0.0007465044545559525,0.00067101221261847655,0.00057364877567568824,0.00047638796706737436]],[[0.0022643049385766114,0.0024051740739897834,0.0015971906893350847,0.0011680393924138267,0.00092775707296956992,0.00081313943909304637],[0.0024051740739897834,0.0024440755221443351,0.0017238827149896922,0.0012884978049057666,0.0010438457774118667,0.00092775707296956992],[0.0015971906893350847,0.0017238827149896922,0.0014711123885748681,0.0012184632848127679,0.0010316051514568199,0.0009169421986872404],[0.0011680393924138267,0.0012884978049057666,0.0012184632848127679,0.001082874229468501,0.00094740101292210984,0.000835853516440794],[0.00092775707296956992,0.0010438457774118667,0.0010316051514568199,0.00094740101292210984,0.00083949807582057881,0.000731705764193979],[0.00081313943909304637,0.00092775707296956992,0.0009169421986872404,0.000835853516440794,0.000731705764193979,0.0006276658042588]],[[0.00246879682004946,0.0026012532474449946,0.0017848225113110858,0.0013482303242438628,0.0011027375111128737,0.00098644363993683685],[0.0026012532474449946,0.0026344350768142968,0.0019085259840395995,0.0014680574153739954,0.0012198557198639399,0.0011027375111128737],[0.0017848225113110858,0.0019085259840395995,0.0016521311709796751,0.0013958565674766111,0.0012061256859037185,0.0010900666767514333],[0.0013482303242438628,0.0014680574153739954,0.0013958565674766111,0.0012573485936290421,0.0011189573499717728,0.0010050590561508439],[0.0011027375111128737,0.0012198557198639399,0.0012061256859037185,0.0011189573499717728,0.0010075263899363266,0.000896208669485337],[0.00098644363993683685,0.0011027375111128737,0.0010900666767514333,0.0010050590561508439,0.000896208669485337,0.00078746960054028412]],[[0.0026632568092598433,0.0027904904476355784,0.0019688345148846697,0.0015276073268662589,0.0012788845014629858,0.0011616546240471974],[0.0027904904476355784,0.002820098890557809,0.0020906221962662406,0.0016469755848598721,0.0013965729374127002,0.0012788845014629858],[0.0019688345148846697,0.0020906221962662406,0.0018319203713571728,0.001573338103554053,0.0013817830954762004,0.0012648568077632111],[0.0015276073268662589,0.0016469755848598721,0.001573338103554053,0.001432910041560271,0.0012925992898878153,0.0011771502734358385],[0.0012788845014629858,0.0013965729374127002,0.0013817830954762004,0.0012925992898878153,0.001178786311945917,0.0010650883232423958],[0.0011616546240471974,0.0012788845014629858,0.0012648568077632111,0.0011771502734358385,0.0010650883232423958,0.00095314007103765124]],[[0.00285147018992165,0.0029754407148903906,0.0021505284229117751,0.0017064036424890273,0.0014556763380490975,0.00133792712019188],[0.0029754407148903906,0.003002804032626827,0.0022710901510364164,0.0018254501115808276,0.0015736792487365246,0.0014556763380490975],[0.0021505284229117751,0.0022710901510364164,0.0020109180781957827,0.0017508651425541496,0.0015581505194188234,0.0014406834751449736],[0.0017064036424890273,0.0018254501115808276,0.0017508651425541496,0.0016091785826301381,0.001467609710078814,0.0013511416084616484],[0.0014556763380490975,0.0015736792487365246,0.0015581505194188234,0.001467609710078814,0.0013522021580883146,0.0012369107585551993],[0.00133792712019188,0.0014556763380490975,0.0014406834751449736,0.0013511416084616484,0.0012369107585551993,0.0011227952000482481]],[[0.0030357704424474438,0.0031576907887652106,0.0023307389989569542,0.001884796995265642,0.0016328231137053594,0.0015147872078984611],[0.0031576907887652106,0.0031836370419935389,0.0024505160802546205,0.002003622386318734,0.0017509986860924523,0.0016328231137053594],[0.0023307389989569542,0.0024505160802546205,0.0021894062031703543,0.0019284151927442745,0.001734962649482841,0.0016171573949036386],[0.001884796995265642,0.002003622386318734,0.0019284151927442745,0.0017859062746082336,0.0016435152883892766,0.0015263796863560744],[0.0016328231137053594,0.0017509986860924523,0.001734962649482841,0.0016435152883892766,0.0015270475284354975,0.0014106966900257077],[0.0015147872078984611,0.0016328231137053594,0.0016171573949036386,0.0015263796863560744,0.0014106966900257077,0.0012951300445337511]],[[0.0032176064563425679,0.0033382323974348567,0.0025099996604108217,0.0020629152021074655,0.0018101642690330905,0.001691970924896856],[0.0033382323974348567,0.0033632807031783317,0.0026292738311789994,0.0021815905081754797,0.0019284340515160132,0.0018101642690330905],[0.0025099996604108217,0.0026292738311789994,0.0023675656371997234,0.0021059761350871839,0.0019120537904393736,0.0017940365637961338],[0.0020629152021074655,0.0021815905081754797,0.0021059761350871839,0.0019629313563392405,0.0018200046676156323,0.00170243320291734],[0.0018101642690330905,0.0019284340515160132,0.0019120537904393736,0.0018200046676156323,0.001702835929226732,0.0015857846184726178],[0.001691970924896856,0.0018101642690330905,0.0017940365637961338,0.00170243320291734,0.0015857846184726178,0.0014692530853386745]],[[0.0033978833919589757,0.00351768842276782,0.0026886508337264242,0.0022408472163971687,0.001987611017415319,0.0018693318380576687],[0.00351768842276782,0.0035421656480915946,0.0028076018581099367,0.0023594212314450871,0.002105931633974727,0.001987611017415319],[0.0026886508337264242,0.0028076018581099367,0.002545512267449149,0.0022835412551650051,0.0020893199595113494,0.0019711698183819083],[0.0022408472163971687,0.0023594212314450871,0.0022835412551650051,0.0021401483166052504,0.0019968735697995258,0.0018790184053375932],[0.001987611017415319,0.002105931633974727,0.0020893199595113494,0.0019968735697995258,0.0018792436105168648,0.0017617314104388306],[0.0018693318380576687,0.001987611017415319,0.0019711698183819083,0.0018790184053375932,0.0017617314104388306,0.0016445619277401472]],[[0.0035771695155626423,0.0036964515649726567,0.0028669097278184712,0.0024186536579564053,0.0021651142434094941,0.0020467888665156434],[0.0036964515649726567,0.0037205642448126107,0.0029856523075096866,0.0025371593469946871,0.0022834616729474409,0.0021651142434094941],[0.0028669097278184712,0.0029856523075096866,0.0027233202449621057,0.0024611066864958682,0.0022666955779648171,0.0021484622775093608],[0.0024186536579564053,0.0025371593469946871,0.0024611066864958682,0.0023174883290186673,0.0021739882282398849,0.0020559490990518887],[0.0021651142434094941,0.0022834616729474409,0.0022666955779648171,0.0021739882282398849,0.0020560561808293542,0.0019382421088734332],[0.0020467888665156434,0.0021651142434094941,0.0021484622775093608,0.0020559490990518887,0.0019382421088734332,0.0018206529327669232]],[[0.0037558229636687345,0.0038747701157260195,0.003044914939814989,0.0025963752217371761,0.0023426466971419287,0.0022242971022871042],[0.0038747701157260195,0.0038986491146530342,0.0031635222626294093,0.0027148345648491915,0.0024610075723879936,0.0023426466971419287],[0.003044914939814989,0.0031635222626294093,0.002901036939190639,0.0026386700705462638,0.0024441390641487724,0.0023258540840068735],[0.0025963752217371761,0.0027148345648491915,0.0026386700705462638,0.0024949064630576862,0.0023512611531792552,0.0022331033342968837],[0.0023426466971419287,0.0024610075723879936,0.0024441390641487724,0.0023512611531792552,0.0022331321926356198,0.0021151213478325919],[0.0022242971022871042,0.0023426466971419287,0.0023258540840068735,0.0022331033342968837,0.0021151213478325919,0.001997257372213099]],[[0.0039340700982696958,0.0040528013775947835,0.0032227548905472141,0.0027740388942341923,0.0025201931524655254,0.0024018315927709973],[0.0040528013775947835,0.004076529791725245,0.0033412736337263852,0.0028924663776539595,0.0026385599574392038,0.0025201931524655254],[0.0032227548905472141,0.0033412736337263852,0.0030786925286104662,0.0028162298449005796,0.0026216238853016822,0.0025033072636958097],[0.0027740388942341923,0.0028924663776539595,0.0028162298449005796,0.0026723733314554204,0.0025286351407878085,0.0024104013265365248],[0.0025201931524655254,0.0026385599574392038,0.0026216238853016822,0.0025286351407878085,0.0024103785675742826,0.002292240200449601],[0.0024018315927709973,0.0025201931524655254,0.0025033072636958097,0.0024104013265365248,0.002292240200449601,0.0021741972127297688]],[[0.0041120542759665616,0.0042306451146218059,0.0034004859409554962,0.0029516623632182461,0.002697744979710062,0.0025793783644805111],[0.0042306451146218059,0.0042542757875514391,0.0035189458313542271,0.0030700674187812281,0.0028161134039467878,0.002697744979710062],[0.0034004859409554962,0.0035189458313542271,0.0032563061473731966,0.0029937848614522487,0.0027991329746070753,0.002680797563509447],[0.0029516623632182461,0.0030700674187812281,0.0029937848614522487,0.0028498696414654251,0.0027060727590572783,0.0025877908862577794],[0.002697744979710062,0.0028161134039467878,0.0027991329746070753,0.0027060727590572783,0.0025877341478101434,0.0024695138001995507],[0.0025793783644805111,0.002697744979710062,0.002680797563509447,0.0025877908862577794,0.0024695138001995507,0.0023513549344889272]],[[0.004289866372766498,0.0044083645917333,0.00357814394008076,0.0031292570688499959,0.0028752971575844006,0.0027569294685430355],[0.0044083645917333,0.0044319311545890378,0.00369656385117604,0.0032476457455435843,0.0029936646404021511,0.0028752971575844006],[0.00357814394008076,0.00369656385117604,0.0034338898251923913,0.0031713341801950694,0.0029766552333818056,0.0028583093593671977],[0.0031292570688499959,0.0032476457455435843,0.0031713341801950694,0.003027382644907769,0.0028835494551172048,0.0027652378385264122],[0.0028752971575844006,0.0029936646404021511,0.0029766552333818056,0.0028835494551172048,0.0027651587574015787,0.0026468863593128813],[0.0027569294685430355,0.0028752971575844006,0.0028583093593671977,0.0027652378385264122,0.0026468863593128813,0.002528653152497441]],[[0.0044675639772676964,0.004585999856837609,0.0037557515936085611,0.0033068302805454837,0.003052846629772071,0.0029344802511740956],[0.004585999856837609,0.0046095237101188673,0.0038741434383248586,0.0034252063747297347,0.0031712115599919844,0.003052846629772071],[0.0037557515936085611,0.0038741434383248586,0.0036114510139208592,0.0033488769572694978,0.0031541833313366015,0.0030358324660550275],[0.0033068302805454837,0.0034252063747297347,0.0033488769572694978,0.0032049038280714155,0.0030610490476559375,0.0029427197420824262],[0.003052846629772071,0.0031712115599919844,0.0031541833313366015,0.0030610490476559375,0.0029426259652851096,0.0028243212043272295],[0.0029344802511740956,0.003052846629772071,0.0030358324660550275,0.0029427197420824262,0.0028243212043272295,0.0027060409713329865]],[[0.0046451835046415922,0.0047635761518867508,0.0039333231711734641,0.00348438649464403,0.0032303914017134221,0.0031120278518300803],[0.0047635761518867508,0.0047870708934659063,0.0040516943903702455,0.0036027523069668758,0.0033487526779365255,0.0032303914017134221],[0.0039333231711734641,0.0040516943903702455,0.0037889942087331791,0.0035264123838818517,0.0033317123184359526,0.0032133601311018565],[0.00348438649464403,0.0036027523069668758,0.0035264123838818517,0.00338242741003539,0.0032385607850754219,0.0031202217816629538],[0.0032303914017134221,0.0033487526779365255,0.0033317123184359526,0.0032385607850754219,0.0031201183170678493,0.0030017941828495614],[0.0031120278518300803,0.0032303914017134221,0.0032133601311018565,0.0031202217816629538,0.0030017941828495614,0.0028834849081703596]],[[0.0048227478667903206,0.0049411092533206205,0.0041108675171053193,0.0036619283671389569,0.0034079300443714956,0.00328957037752662],[0.0049411092533206205,0.004964583493572497,0.0042292226721396221,0.00378028520579421,0.003526286833402606,0.0034079300443714956],[0.0041108675171053193,0.0042292226721396221,0.003966521988917191,0.0037039396527586239,0.0035092387461830824,0.0033908877688718455],[0.0036619283671389569,0.00378028520579421,0.0037039396527586239,0.0035599493673626262,0.0034160774287054327,0.0032977340870334144],[0.0034079300443714956,0.003526286833402606,0.0035092387461830824,0.0034160774287054327,0.0032976242039711428,0.0031792893191101893],[0.00328957037752662,0.0034079300443714956,0.0033908877688718455,0.0032977340870334144,0.0031792893191101893,0.0030609628860717606]],[[0.0050002713417891739,0.005118608870393497,0.0042883899781227209,0.0038394573321188907,0.0035854614215759181,0.0034671064490790441],[0.005118608870393497,0.0051420680256091837,0.0044067317710391653,0.0039578058455426394,0.0037038130256514886,0.0035854614215759181],[0.0042883899781227209,0.0044067317710391653,0.0041440356863124816,0.0038814579395052866,0.0036867601097743917,0.0035684121592347868],[0.0038394573321188907,0.0039578058455426394,0.0038814579395052866,0.0037374668010769527,0.0035935940055812619,0.0034752499860933746],[0.0035854614215759181,0.0037038130256514886,0.0036867601097743917,0.0035935940055812619,0.0034751358124195837,0.0033567959609434061],[0.0034671064490790441,0.0035854614215759181,0.0035684121592347868,0.0034752499860933746,0.0033567959609434061,0.003238460275644854]],[[0.005177762672177148,0.0052960808116170859,0.0044658936386653995,0.004016974009675758,0.0037629845400882402,0.0036446349517063438],[0.0052960808116170859,0.00531952824848187,0.0045842235662216348,0.0041353144054352255,0.00388133032379789,0.0037629845400882402],[0.0044658936386653995,0.0045842235662216348,0.004321535814658304,0.0040589663920075816,0.0038642744929759895,0.0037459309388319264],[0.004016974009675758,0.0041353144054352255,0.0040589663920075816,0.0039149775259510822,0.0037711069977368673,0.0036527648681320144],[0.0037629845400882402,0.00388133032379789,0.0038642744929759895,0.0037711069977368673,0.0036526477842597103,0.0035343069113126357],[0.0036446349517063438,0.0037629845400882402,0.0037459309388319264,0.0036527648681320144,0.0035343069113126357,0.0034159672953661961]],[[0.0053552270399195535,0.0054735283678777153,0.0046433801130366659,0.0041944784737322893,0.0039404984669656048,0.0038221548978235758],[0.0054735283678777153,0.0054969661348452771,0.0047616988861827409,0.0043128106619164828,0.0040588378168870416,0.0039404984669656048],[0.0046433801130366659,0.0047616988861827409,0.0044990223452858842,0.0042364641241382844,0.0040417803414144653,0.0039234422771828028],[0.0041944784737322893,0.0043128106619164828,0.0042364641241382844,0.0040924798040254074,0.0039486138156125221,0.0038302754448717338],[0.0039404984669656048,0.0040588378168870416,0.0040417803414144653,0.0039486138156125221,0.0038301563428405215,0.00371181720731318],[0.0038221548978235758,0.0039404984669656048,0.0039234422771828028,0.0038302754448717338,0.00371181720731318,0.003593477308890139]],[[0.0055326673271239987,0.0056509531963787381,0.0048208500535039493,0.0043719704271427432,0.0041180022837792726,0.0039996653513558276],[0.0056509531963787381,0.0056743824915514345,0.0049391578664460378,0.0044902941138895112,0.0042363345860110691,0.0041180022837792726],[0.0048208500535039493,0.0049391578664460378,0.0046764948839743484,0.0044139502117317309,0.0042192763173896017,0.0041009446698669705],[0.0043719704271427432,0.0044902941138895112,0.0044139502117317309,0.004269972171602454,0.0041261124561189546,0.0040077792704214738],[0.0041180022837792726,0.0042363345860110691,0.0042192763173896017,0.0041261124561189546,0.0040076587237064332,0.0038893233236568258],[0.0039996653513558276,0.0041180022837792726,0.0041009446698669705,0.0040077792704214738,0.0038893233236568258,0.0037709857122921976]],[[0.0057100849216225125,0.0058283558858767447,0.004998303476147015,0.0045494493156514873,0.0042954950609744276,0.0041771653857406235],[0.0058283558858767447,0.0058517773565331006,0.0051166001788420156,0.0046677640638510872,0.0044138196884336168,0.0042954950609744276],[0.004998303476147015,0.0051166001788420156,0.0048539527841725454,0.0045914236897145865,0.0043967612065297758,0.0042784368060198039],[0.0045494493156514873,0.0046677640638510872,0.0045914236897145865,0.0044474533267587144,0.004303601280562435,0.004185274429503563],[0.0042954950609744276,0.0044138196884336168,0.0043967612065297758,0.004303601280562435,0.00418515280403123,0.0040668226537207983],[0.0041771653857406235,0.0042954950609744276,0.0042784368060198039,0.004185274429503563,0.0040668226537207983,0.0039484892080883021]],[[0.0058874802319769807,0.0060057363180947131,0.0051757399696400874,0.0047269144016510462,0.0044729758431974178,0.0043546540603344843],[0.0060057363180947131,0.0060291502524918994,0.0052940251782250935,0.0048452196700956591,0.0045912921482188515,0.0044729758431974178],[0.0051757399696400874,0.0052940251782250935,0.0050313952192089116,0.0047688835497868018,0.0045742338574557822,0.00445591748307959],[0.0047269144016510462,0.0048452196700956591,0.0047688835497868018,0.0046249220559912542,0.0044810788702778388,0.0043627593349040168],[0.0044729758431974178,0.0045912921482188515,0.0045742338574557822,0.0044810788702778388,0.0043626368614723453,0.00424431317169231],[0.0043546540603344843,0.0044729758431974178,0.00445591748307959,0.0043627593349040168,0.00424431317169231,0.0041259853321703359]],[[0.0060648530166497105,0.0061830938985806792,0.00535315882875722,0.0049043648115629753,0.004650443640556696,0.0045321304068351963],[0.0061830938985806792,0.0062065003487368105,0.0054714319960463692,0.005022659979962661,0.0047687509503460662,0.004650443640556696],[0.00535315882875722,0.0054714319960463692,0.0052088212280352285,0.0049463287383223111,0.0047516931424733443,0.0046333855516130593],[0.0049043648115629753,0.005022659979962661,0.0049463287383223111,0.0048023771861370641,0.0046585439325800785,0.0045402325957303695],[0.004650443640556696,0.0047687509503460662,0.0047516931424733443,0.0046585439325800785,0.0045401094171604066,0.0044217932126410673],[0.0045321304068351963,0.004650443640556696,0.0046333855516130593,0.0045402325957303695,0.0044217932126410673,0.0043034721457562673]],[[0.0062422025941411352,0.0063604277038226886,0.0055305591394185808,0.0050817995659277635,0.0048278974230571373,0.0047095934211158624],[0.0063604277038226886,0.0063838265640253659,0.00564881959967581,0.0052000839506640929,0.0049461950366546919,0.0048278974230571373],[0.0055305591394185808,0.00564881959967581,0.0053862297438622359,0.0051237581543089631,0.0049291379316587008,0.0048108398792962859],[0.0050817995659277635,0.0052000839506640929,0.0051237581543089631,0.0049798175525839952,0.0048359952392546847,0.0047176929315143707],[0.0048278974230571373,0.0049461950366546919,0.0049291379316587008,0.0048359952392546847,0.0047175691332969677,0.0045992613292532292],[0.0047095934211158624,0.0048278974230571373,0.0048108398792962859,0.0047176929315143707,0.0045992613292532292,0.0044809480347961263]],[[0.0064195279767691339,0.0065377365745673812,0.0057079398324994387,0.0052592175981610763,0.0050053361166931872,0.0048870420579465923],[0.0065377365745673812,0.0065611276314509271,0.0058261868296158393,0.0053774904619662243,0.0051236233027119587,0.0050053361166931872],[0.0057079398324994387,0.0058261868296158393,0.0055636196117096678,0.005301170647229095,0.0051065670754620379,0.0049882793270902923],[0.0052592175981610763,0.0053774904619662243,0.005301170647229095,0.0051572419779577277,0.0050134315860567184,0.0048951391159563753],[0.0050053361166931872,0.0051236233027119587,0.0051065670754620379,0.0050134315860567184,0.0048950147461376461,0.0047767161983176222],[0.0048870420579465923,0.0050053361166931872,0.0049882793270902923,0.0048951391159563753,0.0047767161983176222,0.0046584115792267181]],[[0.0065968279553896636,0.0067150191745220045,0.0058852997174691822,0.0054366177658696918,0.0051827586003704643,0.005064475227218132],[0.0067150191745220045,0.0067384021388669189,0.00600353242241239,0.0055548783235122188,0.0053010345951048426,0.0051827586003704643],[0.0058852997174691822,0.00600353242241239,0.0057409895987466028,0.0054785650148253227,0.00528397939270986,0.0051657027331653048],[0.0054366177658696918,0.0055548783235122188,0.0054785650148253227,0.0053346492575194523,0.0051908517657438874,0.0050725699398012471],[0.0051827586003704643,0.0053010345951048426,0.00528397939270986,0.0051908517657438874,0.0050724450218630228,0.0049541565594465545],[0.005064475227218132,0.0051827586003704643,0.0051657027331653048,0.0050725699398012471,0.0049541565594465545,0.004835861467554243]],[[0.006774101152543237,0.0068922740267377686,0.0060626375029757505,0.005613998857266855,0.0053601637032000471,0.005241891790907293],[0.0068922740267377686,0.00691564855350484,0.0061808550242843157,0.0057322462785997742,0.005478427708882452,0.0053601637032000471],[0.0060626375029757505,0.0061808550242843157,0.0059183383999172326,0.0056559400007201435,0.0054613736620083113,0.0053431089017301472],[0.005613998857266855,0.0057322462785997742,0.0056559400007201435,0.0055120381488372927,0.0053682545498020314,0.0052499841860338074],[0.0053601637032000471,0.005478427708882452,0.0054613736620083113,0.0053682545498020314,0.0052498587272195455,0.0051315811746400174],[0.005241891790907293,0.0053601637032000471,0.0053431089017301472,0.0052499841860338074,0.0051315811746400174,0.0050132964407987816]],[[0.0069513460552360525,0.007069499535562242,0.0062399518089502493,0.005791359594339021,0.0055375502019137345,0.0054192905603681263],[0.007069499535562242,0.0070928652363412515,0.0063581531986992949,0.00590959300559099,0.0056558013849965939,0.0055375502019137345],[0.0062399518089502493,0.0063581531986992949,0.0060956646404564854,0.0058332942918695972,0.0056387486152650627,0.0055204965949458276],[0.005791359594339021,0.00590959300559099,0.0058332942918695972,0.0056894073641533885,0.0055456386757270475,0.0054273806129800416],[0.0055375502019137345,0.0056558013849965939,0.0056387486152650627,0.0055456386757270475,0.00542725460966295,0.005308988801295593],[0.0054192905603681263,0.0055375502019137345,0.0055204965949458276,0.0054273806129800416,0.005308988801295593,0.0051907152554195278]],[[0.0071285610345436781,0.0072466939992226111,0.0064172411731741978,0.0059686986338365446,0.005714916818260707,0.0055966702937163383],[0.0072466939992226111,0.0072700504497793077,0.0065354254299716417,0.0060869171177167728,0.0058331543076550075,0.005714916818260707],[0.0064172411731741978,0.0065354254299716417,0.006272966876326563,0.00601062651583739,0.0058161029325043195,0.0056978645267522525],[0.0059686986338365446,0.0060869171177167728,0.00601062651583739,0.005866755564424158,0.00572300283783214,0.0056047579424557143],[0.005714916818260707,0.0058331543076550075,0.0058161029325043195,0.00572300283783214,0.0056046313835870524,0.0054863781738620377],[0.0055966702937163383,0.005714916818260707,0.0056978645267522525,0.0056047579424557143,0.0054863781738620377,0.0053681166584780525]],[[0.0073057443566509625,0.0074238556162868454,0.0065945040541988522,0.0061460145667809659,0.0058922622163065791,0.0057740296931801443],[0.0074238556162868454,0.0074472023609312215,0.0067126701242137777,0.006264217161766567,0.0060104851015372095,0.0058922622163065791],[0.0065945040541988522,0.0067126701242137777,0.0064502435932346034,0.0061879352378779806,0.0059934352374421832,0.0058752113578554293],[0.0061460145667809659,0.006264217161766567,0.0061879352378779806,0.0060440813543696358,0.0059003456802639246,0.0057821148511102349],[0.0058922622163065791,0.0060104851015372095,0.0059934352374421832,0.0059003456802639246,0.0057819877204218972,0.0056637479910214812],[0.0057740296931801443,0.0058922622163065791,0.0058752113578554293,0.0057821148511102349,0.0056637479910214812,0.0055454993706621058]],[[0.0074828941882854362,0.00760098248808457,0.006771738831829955,0.0063233059169369209,0.0060695849995885823,0.0059513674023435378],[0.00760098248808457,0.00762431904196612,0.0068898856084949342,0.0064414916159787061,0.0061877923288423519,0.0060695849995885823],[0.006771738831829955,0.0068898856084949342,0.0066274932046533255,0.0063652189578185785,0.006170744093477099,0.0060525356913889048],[0.0063233059169369209,0.0064414916159787061,0.0063652189578185785,0.00622138327809976,0.00607766579137328,0.00595944996376442],[0.0060695849995885823,0.0061877923288423519,0.006170744093477099,0.00607766579137328,0.0059593222411640535,0.0058410969063804382],[0.0059513674023435378,0.0060695849995885823,0.0060525356913889048,0.00595944996376442,0.0058410969063804382,0.0057228620743311372]],[[0.0076600085984393574,0.0077780726184194576,0.00694894380595367,0.0065005711385327713,0.0062468837080967635,0.006128682003238772],[0.0077780726184194576,0.00780139846845782,0.0070670701287508407,0.0066187388873300513,0.0063650744861470793,0.0062468837080967635],[0.00694894380595367,0.0070670701287508407,0.0068047140491109314,0.0065424761067288629,0.0063480279998690131,0.0062298360689328211],[0.0065005711385327713,0.0066187388873300513,0.0065424761067288629,0.006398659815034239,0.0062549616988854893,0.0061367618479640585],[0.0062468837080967635,0.0063650744861470793,0.0063480279998690131,0.0062549616988854893,0.0061366335104053836,0.0060184235213579847],[0.006128682003238772,0.0062468837080967635,0.0062298360689328211,0.0061367618479640585,0.0060184235213579847,0.0059002034047409158]],[[0.00783708555759268,0.007955123911421124,0.0071261171941978466,0.0066778086134107991,0.006424156815060594,0.0063059720132598576],[0.007955123911421124,0.0079784385163250687,0.0072442218467884539,0.0067959573083491024,0.0065423300010567353,0.006424156815060594],[0.0071261171941978466,0.0072442218467884539,0.0069819043869164925,0.006719705043366676,0.0065252853879575684,0.0064071109666838863],[0.0066778086134107991,0.0067959573083491024,0.006719705043366676,0.0065759093759283332,0.0064322318655061312,0.0063140490092402123],[0.006424156815060594,0.0065423300010567353,0.0065252853879575684,0.0064322318655061312,0.0063139200312527293,0.0061957263794196679],[0.0063059720132598576,0.006424156815060594,0.0064071109666838863,0.0063140490092402123,0.0061957263794196679,0.006077521943250978]],[[0.008014122935206763,0.0081321341680736809,0.0073032571287403,0.00685501664771862,0.0066014027235248738,0.006483235881876652],[0.0081321341680736809,0.0081554369577365518,0.0074213388366004126,0.0069731451335272214,0.006719557228635176,0.0066014027235248738],[0.0073032571287403,0.0074213388366004126,0.007159062396421681,0.0068969040503867448,0.0067025146173180193,0.0065843587916377113],[0.00685501664771862,0.0069731451335272214,0.0068969040503867448,0.0067531302988785655,0.0066094746847237314,0.0064913098867449472],[0.0066014027235248738,0.006719557228635176,0.0067025146173180193,0.0066094746847237314,0.006491180240741275,0.0063730039611018183],[0.006483235881876652,0.0066014027235248738,0.0065843587916377113,0.0064913098867449472,0.0063730039611018183,0.006254816211738355]],[[0.0081911184959759069,0.0083091010817562,0.0074803616524571495,0.0070321934682066774,0.0067786197626985021,0.0066604719871332851],[0.0083091010817562,0.0083323914562093721,0.0075984190801190758,0.0071503005353689775,0.0068967544475974692,0.0067786197626985021],[0.0074803616524571495,0.0075984190801190758,0.0073361861698762656,0.0070740713302973809,0.00687971397178382,0.0067615778776903513],[0.0070321934682066774,0.0071503005353689775,0.0070740713302973809,0.0069303208452207036,0.0067866884766489407,0.00666854284904237],[0.0067786197626985021,0.0068967544475974692,0.00687971397178382,0.0067866884766489407,0.006668412505479674,0.0065502546794627033],[0.0066604719871332851,0.0067786197626985021,0.0067615778776903513,0.00666854284904237,0.0065502546794627033,0.0064320846677091426]],[[0.0083680698951393521,0.0084860222329986561,0.0076574287145276488,0.007209337218169614,0.0069558061840616324,0.006837678631914694],[0.0084860222329986561,0.0085092995610362033,0.0077754604624852459,0.0073274216001020511,0.0070739198562503915,0.0069558061840616324],[0.0076574287145276488,0.0077754604624852459,0.0075132737089068742,0.0072512050011490333,0.0070568816552840554,0.0069387664815918574],[0.007209337218169614,0.0073274216001020511,0.0072512050011490333,0.00710747919525755,0.0069638714837814229,0.0068457461899078947],[0.0069558061840616324,0.0070739198562503915,0.0070568816552840554,0.0069638714837814229,0.0068456151173529149,0.0067274768757213882],[0.006837678631914694,0.0069558061840616324,0.0069387664815918574,0.0068457461899078947,0.0067274768757213882,0.0066093256997765476]],[[0.0085449746730343213,0.0086628950835735616,0.0078344561655606642,0.0073864459530448455,0.0071329601572143108,0.0070148540399656758],[0.0086628950835735616,0.0086861587011157586,0.0079524607668695554,0.00750450632305032,0.0072510515681629686,0.0071329601572143108],[0.0078344561655606642,0.0079524607668695554,0.0076903229196285143,0.0074283030919356985,0.0072340157874548564,0.0071159227787028489],[0.0073864459530448455,0.00750450632305032,0.0074283030919356985,0.0072846034437681166,0.0071410218666266333,0.0070229181240339528],[0.0071329601572143108,0.0072510515681629686,0.0072340157874548564,0.0071410218666266333,0.0070227862891629042,0.0069046688149220223],[0.0070148540399656758,0.0071329601572143108,0.0071159227787028489,0.0070229181240339528,0.0069046688149220223,0.00678653762328434]],[[0.0087218302489989619,0.0088397169699847462,0.0080114417522749864,0.0075635176356722419,0.0073100797654488412,0.0071919963516458322],[0.0088397169699847462,0.00886296617821939,0.0081294176688604253,0.00768155260366493,0.0074281476075484937,0.0073100797654488412],[0.0080114417522749864,0.0081294176688604253,0.0078673316073857545,0.0076053635376890777,0.0074111143989913034,0.0072930448585156842],[0.0075635176356722419,0.00768155260366493,0.0076053635376890777,0.0074616915952597377,0.0073181376991057175,0.0072000567825700815],[0.0073100797654488412,0.0074281476075484937,0.0074111143989913034,0.0073181376991057175,0.0071999241501236747,0.0070818286815142557],[0.0071919963516458322,0.0073100797654488412,0.0072930448585156842,0.0072000567825700815,0.0070818286815142557,0.0069637186759270546]],[[0.00889863391467332,0.009016485096377605,0.0081883831117425,0.0077405501312052738,0.0074871630010263255,0.007369103619400956],[0.009016485096377605,0.0090397191596985841,0.0083063287304144928,0.0078585582401986629,0.00760520590433671,0.0074871630010263255],[0.0081883831117425,0.0083063287304144928,0.0080442974711096935,0.0077823841742418118,0.0075881754267082234,0.0074701307199047731],[0.0077405501312052738,0.0078585582401986629,0.0077823841742418118,0.0076387415589283386,0.0074952169637125888,0.0073771602084424922],[0.0074871630010263255,0.00760520590433671,0.0075881754267082234,0.0074952169637125888,0.0073770267411486417,0.0072589545747705122],[0.007369103619400956,0.0074871630010263255,0.0074701307199047731,0.0073771602084424922,0.0072589545747705122,0.0071408670132649035]],[[0.009075382826718199,0.0091931965268697881,0.0083652777651863509,0.00791754120165769,0.0076642077601355371,0.0075461738029318735],[0.0091931965268697881,0.0092164146706189866,0.00848319139335351,0.0080355209240035169,0.0077822242889130271,0.0076642077601355371],[0.0083652777651863509,0.00848319139335351,0.0082212180972700138,0.0079593627326344386,0.0077651967082813314,0.007647178266078419],[0.00791754120165769,0.0080355209240035169,0.0079593627326344386,0.00781575114329506,0.0076722575463800211,0.0075542263514094933],[0.0076642077601355371,0.0077822242889130271,0.0077651967082813314,0.0076722575463800211,0.0075540920098814334,0.0074360445039813759],[0.0075461738029318735,0.0076642077601355371,0.007647178266078419,0.0075542263514094933,0.0074360445039813759,0.0073179807040591512]],[[0.0092520739989450391,0.0093698481772816616,0.008542123111316,0.0080944885000648545,0.0078412118375095936,0.0077232047640362752],[0.0093698481772816616,0.0093930495852912813,0.00866000297238203,0.008212438233425965,0.0079592004864984054,0.0078412118375095936],[0.008542123111316,0.00866000297238203,0.008398090953394827,0.0081362968331370675,0.0079421759766376242,0.0078241852991989824],[0.0080944885000648545,0.008212438233425965,0.0081362968331370675,0.0079927180504869126,0.0078492572310189836,0.0077312530628142959],[0.0078412118375095936,0.0079592004864984054,0.0079421759766376242,0.0078492572310189836,0.0077311178054288773,0.0076130963833820073],[0.0077232047640362752,0.0078412118375095936,0.0078241852991989824,0.0077312530628142959,0.0076130963833820073,0.0074950577253716988]],[[0.009428704293831594,0.00954643680623112,0.008718916419170995,0.0082713895642316185,0.0080181729206732361,0.0079001942610996655],[0.00954643680623112,0.0095696206181571045,0.0088367606475922,0.0083893076272693445,0.0081361321111409462,0.0080181729206732361],[0.008718916419170995,0.0088367606475922,0.0085749133811255287,0.0083131839788539909,0.0081191108539642662,0.0080011495146431952],[0.0082713895642316185,0.0083893076272693445,0.0083131839788539909,0.0081696398701284565,0.00802621369369719,0.0079082380900004252],[0.0080181729206732361,0.0081361321111409462,0.0081191108539642662,0.00802621369369719,0.0079081018727587358,0.0077901080267688506],[0.0079001942610996655,0.0080181729206732361,0.0080011495146431952,0.0079082380900004252,0.0077901080267688506,0.0076720959573832008]],[[0.009605270413385979,0.009722959005547923,0.0088956548204367266,0.0084482418100351644,0.008195088583791494,0.0080771399432066435],[0.009722959005547923,0.0097461243139791154,0.00901346145641483,0.0085661264377882625,0.00831301665928726,0.008195088583791494],[0.0088956548204367266,0.00901346145641483,0.0087516825887683676,0.0084900215488754038,0.0082959988453017441,0.00817806849486867],[0.0084482418100351644,0.0085661264377882625,0.0084900215488754038,0.0083465140728090359,0.0082031244964215,0.0080851790703541076],[0.008195088583791494,0.00831301665928726,0.0082959988453017441,0.0082031244964215,0.00808504184672597,0.0079670771417694845],[0.0080771399432066435,0.008195088583791494,0.00817806849486867,0.0080851790703541076,0.0079670771417694845,0.007849093177889805]],[[0.0097817688893083732,0.0098994111899487966,0.0090723353011912949,0.0086250425242459135,0.0083719562810843379,0.0082540393438413],[0.0098994111899487966,0.0099225570372732455,0.0091901022849697044,0.008742891863174956,0.00848985150289667,0.0083719562810843379],[0.0090723353011912949,0.0091901022849697044,0.0089283956432994541,0.0086668067909367354,0.00847283733168438,0.0083549397028522664],[0.0086250425242459135,0.008742891863174956,0.0086668067909367354,0.0085233380030873829,0.0083799870804874763,0.0082620735249387036],[0.0083719562810843379,0.00848985150289667,0.00847283733168438,0.0083799870804874763,0.0082619352456908459,0.0081440013237289686],[0.0082540393438413,0.0083719562810843379,0.0083549397028522664,0.0082620735249387036,0.0081440013237289686,0.0080260470564411587]],[[0.0099581960723917444,0.010075789585907931,0.0092489546930306157,0.0088017888568247913,0.0085487733397714427,0.008430889874141782],[0.010075789585907931,0.010098914960912512,0.00936667985875965,0.0089196009594922285,0.0086666338820587784,0.0085487733397714427],[0.0092489546930306157,0.00936667985875965,0.00910504946177303,0.0088435368135406887,0.0086496235627874455,0.008531760475062029],[0.0088017888568247913,0.0089196009594922285,0.0088435368135406887,0.0087001088719908821,0.0085567987593555533,0.0084389188516819959],[0.0085487733397714427,0.0086666338820587784,0.0086496235627874455,0.0085567987593555533,0.0084387794646892215,0.00832087804917401],[0.008430889874141782,0.0085487733397714427,0.0