{"M_cells":[[[0,0,0,0,0,0,0],[0,0,0,0,0,0,0],[0,0,0,0,0,0,0],[0,0,0,0,0,0,0],[0,0,0,0,0,0,0],[0,0,0,0,0,0,0],[0,0,0,0,0,0,0]],[[5.535584138575355E-9,3.1743558553560993E-8,2.8248471939706339E-8,4.1306078759872977E-8,2.8248471939706339E-8,3.1743558553560993E-8,5.535584138575355E-9],[3.1743558553560993E-8,1.3355721015580388E-7,1.2213344220419726E-7,1.7241648442606888E-7,1.2213344220419726E-7,1.3355721015580388E-7,3.1743558553560993E-8],[2.8248471939706339E-8,1.2213344220419726E-7,1.4983548281124863E-7,1.7768387112960126E-7,1.4983548281124863E-7,1.2213344220419726E-7,2.8248471939706339E-8],[4.1306078759872977E-8,1.7241648442606888E-7,1.7768387112960126E-7,2.3426210050730783E-7,1.7768387112960126E-7,1.7241648442606888E-7,4.1306078759872977E-8],[2.8248471939706339E-8,1.2213344220419726E-7,1.4983548281124863E-7,1.7768387112960126E-7,1.4983548281124863E-7,1.2213344220419726E-7,2.8248471939706339E-8],[3.1743558553560993E-8,1.3355721015580388E-7,1.2213344220419726E-7,1.7241648442606888E-7,1.2213344220419726E-7,1.3355721015580388E-7,3.1743558553560993E-8],[5.535584138575355E-9,3.1743558553560993E-8,2.8248471939706339E-8,4.1306078759872977E-8,2.8248471939706339E-8,3.1743558553560993E-8,5.535584138575355E-9]],[[3.7875042812589014E-8,1.2295409989599033E-7,1.1174196048736871E-7,1.5549858515565407E-7,1.1174196048736871E-7,1.2295409989599028E-7,3.7875042812589008E-8],[1.2295409989599033E-7,3.1671539080335178E-7,2.9525158989949218E-7,3.9485416960083483E-7,2.9525158989949218E-7,3.1671539080335178E-7,1.2295409989599028E-7],[1.1174196048736871E-7,2.9525158989949218E-7,3.490480726120792E-7,4.0302954539091091E-7,3.490480726120792E-7,2.9525158989949213E-7,1.1174196048736871E-7],[1.5549858515565407E-7,3.9485416960083483E-7,4.0302954539091091E-7,5.1060490616451279E-7,4.0302954539091091E-7,3.9485416960083483E-7,1.5549858515565407E-7],[1.1174196048736871E-7,2.9525158989949218E-7,3.490480726120792E-7,4.0302954539091091E-7,3.4904807261207915E-7,2.9525158989949213E-7,1.1174196048736871E-7],[1.2295409989599028E-7,3.1671539080335178E-7,2.9525158989949213E-7,3.9485416960083483E-7,2.9525158989949213E-7,3.1671539080335178E-7,1.2295409989599028E-7],[3.7875042812589008E-8,1.2295409989599028E-7,1.1174196048736871E-7,1.5549858515565407E-7,1.1174196048736871E-7,1.2295409989599028E-7,3.7875042812589008E-8]],[[1.1028680076789511E-7,2.6781101832125832E-7,2.4724406009562482E-7,3.3044949734534912E-7,2.4724406009562482E-7,2.6781101832125826E-7,1.1028680076789509E-7],[2.6781101832125832E-7,5.4457500040664134E-7,5.1433218863106588E-7,6.6086215812672878E-7,5.1433218863106588E-7,5.4457500040664124E-7,2.6781101832125826E-7],[2.4724406009562482E-7,5.1433218863106588E-7,5.9224788103391654E-7,6.703832972027954E-7,5.9224788103391654E-7,5.1433218863106588E-7,2.4724406009562482E-7],[3.3044949734534912E-7,6.6086215812672878E-7,6.703832972027954E-7,8.2385270027393735E-7,6.703832972027954E-7,6.6086215812672878E-7,3.3044949734534912E-7],[2.4724406009562482E-7,5.1433218863106588E-7,5.9224788103391654E-7,6.703832972027954E-7,5.9224788103391654E-7,5.1433218863106588E-7,2.4724406009562482E-7],[2.6781101832125826E-7,5.4457500040664124E-7,5.1433218863106588E-7,6.6086215812672878E-7,5.1433218863106588E-7,5.4457500040664124E-7,2.6781101832125826E-7],[1.1028680076789509E-7,2.6781101832125826E-7,2.4724406009562482E-7,3.3044949734534912E-7,2.4724406009562482E-7,2.6781101832125826E-7,1.1028680076789509E-7]],[[2.275823378721311E-7,4.6110267935857578E-7,4.3091658556741747E-7,5.5701007895321853E-7,4.3091658556741747E-7,4.6110267935857572E-7,2.2758233787213107E-7],[4.6110267935857578E-7,8.1281771258159977E-7,7.7494813249553353E-7,9.65314057439067E-7,7.7494813249553343E-7,8.1281771258159967E-7,4.6110267935857572E-7],[4.3091658556741747E-7,7.7494813249553353E-7,8.7496816545733111E-7,9.7523911378686767E-7,8.7496816545733111E-7,7.7494813249553343E-7,4.3091658556741747E-7],[5.5701007895321853E-7,9.65314057439067E-7,9.7523911378686767E-7,1.1700004654164269E-6,9.7523911378686767E-7,9.65314057439067E-7,5.5701007895321853E-7],[4.3091658556741747E-7,7.7494813249553343E-7,8.7496816545733111E-7,9.7523911378686767E-7,8.7496816545733111E-7,7.7494813249553343E-7,4.3091658556741747E-7],[4.6110267935857572E-7,8.1281771258159967E-7,7.7494813249553343E-7,9.65314057439067E-7,7.7494813249553343E-7,8.1281771258159967E-7,4.6110267935857572E-7],[2.2758233787213107E-7,4.6110267935857572E-7,4.3091658556741747E-7,5.5701007895321853E-7,4.3091658556741747E-7,4.6110267935857572E-7,2.2758233787213107E-7]],[[3.9017857929458255E-7,6.9811947480940293E-7,6.587374534812413E-7,8.2804558652148953E-7,6.587374534812413E-7,6.9811947480940293E-7,3.9017857929458255E-7],[6.9811947480940293E-7,1.1174830235894943E-6,1.073002487233607E-6,1.303819234145721E-6,1.073002487233607E-6,1.1174830235894943E-6,6.9811947480940293E-7],[6.587374534812413E-7,1.073002487233607E-6,1.1931580479922502E-6,1.3135924987404655E-6,1.1931580479922502E-6,1.073002487233607E-6,6.587374534812414E-7],[8.2804558652148953E-7,1.303819234145721E-6,1.3135924987404655E-6,1.5454864488785231E-6,1.3135924987404655E-6,1.303819234145721E-6,8.2804558652148953E-7],[6.587374534812413E-7,1.073002487233607E-6,1.1931580479922502E-6,1.3135924987404655E-6,1.1931580479922502E-6,1.073002487233607E-6,6.587374534812414E-7],[6.9811947480940293E-7,1.1174830235894943E-6,1.073002487233607E-6,1.303819234145721E-6,1.073002487233607E-6,1.1174830235894943E-6,6.9811947480940293E-7],[3.9017857929458255E-7,6.9811947480940293E-7,6.587374534812414E-7,8.2804558652148953E-7,6.587374534812414E-7,6.9811947480940293E-7,3.9017857929458255E-7]],[[5.9628752874528257E-7,9.7457764018476727E-7,9.2673053198551442E-7,1.1378099234662292E-6,9.2673053198551442E-7,9.7457764018476727E-7,5.9628752874528257E-7],[9.7457764018476727E-7,1.4549263918321217E-6,1.4047157010362617E-6,1.6725383865469626E-6,1.4047157010362617E-6,1.4549263918321217E-6,9.7457764018476727E-7],[9.2673053198551442E-7,1.4047157010362617E-6,1.5431275299741265E-6,1.681843281286588E-6,1.5431275299741265E-6,1.4047157010362617E-6,9.2673053198551442E-7],[1.1378099234662292E-6,1.6725383865469626E-6,1.681843281286588E-6,1.9470975923508933E-6,1.681843281286588E-6,1.6725383865469626E-6,1.1378099234662292E-6],[9.2673053198551442E-7,1.4047157010362617E-6,1.5431275299741265E-6,1.681843281286588E-6,1.5431275299741263E-6,1.4047157010362617E-6,9.2673053198551442E-7],[9.7457764018476727E-7,1.4549263918321217E-6,1.4047157010362617E-6,1.6725383865469626E-6,1.4047157010362617E-6,1.4549263918321217E-6,9.7457764018476727E-7],[5.9628752874528257E-7,9.7457764018476727E-7,9.2673053198551442E-7,1.1378099234662292E-6,9.2673053198551442E-7,9.7457764018476727E-7,5.9628752874528257E-7]],[[8.4308733564771713E-7,1.2865560205318177E-6,1.2310793786159521E-6,1.481528966069109E-6,1.2310793786159521E-6,1.2865560205318179E-6,8.4308733564771713E-7],[1.2865560205318177E-6,1.8217663968010345E-6,1.7665867946797906E-6,2.0680343978939612E-6,1.7665867946797906E-6,1.8217663968010345E-6,1.2865560205318179E-6],[1.2310793786159521E-6,1.7665867946797906E-6,1.9214806143600575E-6,2.0767006595619237E-6,1.9214806143600575E-6,1.7665867946797906E-6,1.2310793786159521E-6],[1.481528966069109E-6,2.0680343978939612E-6,2.0767006595619237E-6,2.3718727537783295E-6,2.0767006595619237E-6,2.0680343978939612E-6,1.481528966069109E-6],[1.2310793786159521E-6,1.7665867946797906E-6,1.9214806143600575E-6,2.0767006595619237E-6,1.9214806143600571E-6,1.7665867946797906E-6,1.2310793786159521E-6],[1.2865560205318179E-6,1.8217663968010345E-6,1.7665867946797906E-6,2.0680343978939612E-6,1.7665867946797906E-6,1.8217663968010345E-6,1.2865560205318179E-6],[8.4308733564771713E-7,1.2865560205318179E-6,1.2310793786159521E-6,1.481528966069109E-6,1.2310793786159521E-6,1.2865560205318179E-6,8.4308733564771713E-7]],[[1.1273370238298974E-6,1.630433520779471E-6,1.5681661764045194E-6,1.8551081947662727E-6,1.5681661764045194E-6,1.630433520779471E-6,1.1273370238298974E-6],[1.630433520779471E-6,2.2148150084880974E-6,2.1553302413064157E-6,2.4871347644389721E-6,2.1553302413064157E-6,2.2148150084880974E-6,1.630433520779471E-6],[1.5681661764045194E-6,2.1553302413064157E-6,2.3250317241004938E-6,2.4950791405152694E-6,2.3250317241004938E-6,2.1553302413064161E-6,1.5681661764045194E-6],[1.8551081947662727E-6,2.4871347644389721E-6,2.4950791405152694E-6,2.8169917517862885E-6,2.495079140515269E-6,2.4871347644389725E-6,1.8551081947662727E-6],[1.5681661764045194E-6,2.1553302413064157E-6,2.3250317241004938E-6,2.495079140515269E-6,2.3250317241004938E-6,2.1553302413064161E-6,1.5681661764045194E-6],[1.630433520779471E-6,2.2148150084880974E-6,2.1553302413064161E-6,2.4871347644389725E-6,2.1553302413064161E-6,2.2148150084880974E-6,1.630433520779471E-6],[1.1273370238298974E-6,1.630433520779471E-6,1.5681661764045194E-6,1.8551081947662727E-6,1.5681661764045194E-6,1.630433520779471E-6,1.1273370238298974E-6]],[[1.4456836746126223E-6,2.0028171458005545E-6,1.9345577969184034E-6,2.254908367363797E-6,1.9345577969184034E-6,2.0028171458005545E-6,1.4456836746126223E-6],[2.0028171458005545E-6,2.6309822127466245E-6,2.5677842806369065E-6,2.9267844330357518E-6,2.5677842806369065E-6,2.6309822127466245E-6,2.0028171458005545E-6],[1.9345577969184034E-6,2.5677842806369065E-6,2.7506965094860742E-6,2.9339718143389642E-6,2.7506965094860742E-6,2.5677842806369065E-6,1.9345577969184034E-6],[2.254908367363797E-6,2.9267844330357518E-6,2.9339718143389642E-6,3.2796350911812073E-6,2.9339718143389642E-6,2.9267844330357518E-6,2.254908367363797E-6],[1.9345577969184034E-6,2.5677842806369065E-6,2.7506965094860742E-6,2.9339718143389642E-6,2.7506965094860742E-6,2.5677842806369065E-6,1.9345577969184034E-6],[2.0028171458005545E-6,2.6309822127466245E-6,2.5677842806369065E-6,2.9267844330357518E-6,2.5677842806369065E-6,2.6309822127466245E-6,2.0028171458005545E-6],[1.4456836746126223E-6,2.0028171458005545E-6,1.9345577969184034E-6,2.254908367363797E-6,1.9345577969184034E-6,2.0028171458005545E-6,1.4456836746126223E-6]],[[1.794794086993952E-6,2.4004505214986234E-6,2.3269480165168297E-6,2.6775491548515696E-6,2.3269480165168297E-6,2.4004505214986234E-6,1.794794086993952E-6],[2.4004505214986234E-6,3.0671444369436736E-6,3.0007826804903194E-6,3.383869932696938E-6,3.0007826804903194E-6,3.0671444369436736E-6,2.4004505214986234E-6],[2.3269480165168297E-6,3.0007826804903194E-6,3.1953458649533009E-6,3.3902865922062877E-6,3.1953458649533009E-6,3.0007826804903194E-6,2.3269480165168297E-6],[2.6775491548515696E-6,3.383869932696938E-6,3.3902865922062877E-6,3.7567984891993904E-6,3.3902865922062877E-6,3.383869932696938E-6,2.6775491548515696E-6],[2.3269480165168297E-6,3.0007826804903194E-6,3.1953458649533009E-6,3.3902865922062877E-6,3.1953458649533009E-6,3.0007826804903194E-6,2.3269480165168297E-6],[2.4004505214986234E-6,3.0671444369436736E-6,3.0007826804903194E-6,3.383869932696938E-6,3.0007826804903194E-6,3.0671444369436736E-6,2.4004505214986234E-6],[1.794794086993952E-6,2.4004505214986234E-6,2.3269480165168297E-6,2.6775491548515696E-6,2.3269480165168297E-6,2.4004505214986234E-6,1.794794086993952E-6]],[[2.1713789240938456E-6,2.8200938564952056E-6,2.7420580432884278E-6,3.1197125783500313E-6,2.7420580432884278E-6,2.8200938564952056E-6,2.1713789240938456E-6],[2.8200938564952056E-6,3.5199738614243467E-6,3.4509876420781374E-6,3.8550086741596355E-6,3.450987642078137E-6,3.5199738614243463E-6,2.8200938564952056E-6],[2.7420580432884278E-6,3.4509876420781374E-6,3.6556206190097609E-6,3.8606426546856121E-6,3.6556206190097605E-6,3.450987642078137E-6,2.7420580432884278E-6],[3.1197125783500313E-6,3.8550086741596355E-6,3.8606426546856121E-6,4.2450622010916784E-6,3.8606426546856112E-6,3.8550086741596346E-6,3.1197125783500313E-6],[2.7420580432884278E-6,3.450987642078137E-6,3.6556206190097605E-6,3.8606426546856112E-6,3.65562061900976E-6,3.450987642078137E-6,2.7420580432884278E-6],[2.8200938564952056E-6,3.5199738614243463E-6,3.450987642078137E-6,3.8550086741596346E-6,3.450987642078137E-6,3.5199738614243463E-6,2.8200938564952056E-6],[2.1713789240938456E-6,2.8200938564952056E-6,2.7420580432884278E-6,3.1197125783500313E-6,2.7420580432884278E-6,2.8200938564952056E-6,2.1713789240938456E-6]],[[2.5721445264506667E-6,3.2583763359817805E-6,3.17650183149328E-6,3.5779377889497949E-6,3.17650183149328E-6,3.2583763359817805E-6,2.5721445264506667E-6],[3.2583763359817805E-6,3.98575957586665E-6,3.9147120778349615E-6,4.3363423471441505E-6,3.9147120778349615E-6,3.98575957586665E-6,3.2583763359817805E-6],[3.17650183149328E-6,3.9147120778349615E-6,4.1277421619769291E-6,4.3411694593794787E-6,4.1277421619769291E-6,3.9147120778349615E-6,3.17650183149328E-6],[3.5779377889497949E-6,4.3363423471441505E-6,4.3411694593794787E-6,4.7403738282068394E-6,4.3411694593794787E-6,4.3363423471441505E-6,3.5779377889497949E-6],[3.17650183149328E-6,3.9147120778349615E-6,4.1277421619769291E-6,4.3411694593794787E-6,4.1277421619769291E-6,3.9147120778349615E-6,3.17650183149328E-6],[3.2583763359817805E-6,3.98575957586665E-6,3.9147120778349615E-6,4.3363423471441505E-6,3.9147120778349615E-6,3.98575957586665E-6,3.25837633598178E-6],[2.5721445264506667E-6,3.2583763359817805E-6,3.17650183149328E-6,3.5779377889497949E-6,3.17650183149328E-6,3.25837633598178E-6,2.5721445264506667E-6]],[[2.993698584527811E-6,3.7116510702012734E-6,3.626646522770643E-6,4.0484396056352405E-6,3.626646522770643E-6,3.7116510702012734E-6,2.993698584527811E-6],[3.7116510702012734E-6,4.4603139746707039E-6,4.3878179233937861E-6,4.8234509658392423E-6,4.3878179233937861E-6,4.4603139746707039E-6,3.7116510702012734E-6],[3.626646522770643E-6,4.3878179233937861E-6,4.6074225523586047E-6,4.8274287821841748E-6,4.6074225523586047E-6,4.3878179233937861E-6,3.626646522770643E-6],[4.0484396056352405E-6,4.8234509658392423E-6,4.8274287821841748E-6,5.2380000752646589E-6,4.8274287821841748E-6,4.8234509658392415E-6,4.0484396056352405E-6],[3.626646522770643E-6,4.3878179233937861E-6,4.6074225523586047E-6,4.8274287821841748E-6,4.6074225523586039E-6,4.3878179233937852E-6,3.626646522770643E-6],[3.7116510702012734E-6,4.4603139746707039E-6,4.3878179233937861E-6,4.8234509658392415E-6,4.3878179233937852E-6,4.4603139746707039E-6,3.711651070201273E-6],[2.993698584527811E-6,3.7116510702012734E-6,3.626646522770643E-6,4.0484396056352405E-6,3.626646522770643E-6,3.711651070201273E-6,2.993698584527811E-6]],[[3.4324474798736111E-6,4.1759207058570044E-6,4.08853268877623E-6,4.5270310559697178E-6,4.08853268877623E-6,4.1759207058570044E-6,3.4324474798736111E-6],[4.1759207058570044E-6,4.9390770677844734E-6,4.8657985662665809E-6,5.3115196276242083E-6,4.8657985662665809E-6,4.9390770677844734E-6,4.1759207058570044E-6],[4.08853268877623E-6,4.8657985662665809E-6,5.0899949089992059E-6,5.3145932783387948E-6,5.0899949089992059E-6,4.8657985662665809E-6,4.08853268877623E-6],[4.5270310559697178E-6,5.3115196276242083E-6,5.3145932783387948E-6,5.7328055527539671E-6,5.3145932783387948E-6,5.3115196276242083E-6,4.5270310559697178E-6],[4.08853268877623E-6,4.8657985662665809E-6,5.0899949089992059E-6,5.3145932783387948E-6,5.0899949089992059E-6,4.8657985662665809E-6,4.08853268877623E-6],[4.1759207058570044E-6,4.9390770677844734E-6,4.8657985662665809E-6,5.3115196276242083E-6,4.8657985662665809E-6,4.9390770677844734E-6,4.1759207058570044E-6],[3.4324474798736111E-6,4.1759207058570044E-6,4.08853268877623E-6,4.5270310559697178E-6,4.08853268877623E-6,4.1759207058570044E-6,3.4324474798736111E-6]],[[3.8845383227761623E-6,4.6468970249822005E-6,4.5579168573217968E-6,5.0092191202587755E-6,4.5579168573217968E-6,4.6468970249822005E-6,3.8845383227761623E-6],[4.6468970249822005E-6,5.4174107219509921E-6,5.3440458409077994E-6,5.7957264516959728E-6,5.3440458409077994E-6,5.4174107219509921E-6,4.6468970249822005E-6],[4.5579168573217968E-6,5.3440458409077994E-6,5.5707459808499614E-6,5.7978447302682579E-6,5.5707459808499614E-6,5.3440458409077994E-6,4.5579168573217968E-6],[5.0092191202587755E-6,5.7957264516959728E-6,5.7978447302682579E-6,6.219781975181241E-6,5.7978447302682579E-6,5.7957264516959728E-6,5.0092191202587755E-6],[4.5579168573217968E-6,5.3440458409077994E-6,5.5707459808499614E-6,5.7978447302682579E-6,5.5707459808499614E-6,5.3440458409077994E-6,4.5579168573217968E-6],[4.6468970249822005E-6,5.4174107219509921E-6,5.3440458409077994E-6,5.7957264516959728E-6,5.3440458409077994E-6,5.4174107219509921E-6,4.6468970249822005E-6],[3.8845383227761623E-6,4.6468970249822005E-6,4.5579168573217968E-6,5.0092191202587755E-6,4.5579168573217968E-6,4.6468970249822005E-6,3.8845383227761623E-6]],[[4.34588648253913E-6,5.1201822904799962E-6,5.030431513587123E-6,5.4904434447486852E-6,5.030431513587123E-6,5.1201822904799962E-6,4.34588648253913E-6],[5.1201822904799962E-6,5.8909195695946806E-6,5.8181553734704568E-6,6.2716296091616693E-6,5.8181553734704568E-6,5.8909195695946806E-6,5.1201822904799962E-6],[5.030431513587123E-6,5.8181553734704568E-6,6.0452630439864311E-6,6.2727624229701074E-6,6.0452630439864311E-6,5.8181553734704568E-6,5.030431513587123E-6],[5.4904434447486852E-6,6.2716296091616693E-6,6.2727624229701074E-6,6.6945141618075392E-6,6.2727624229701074E-6,6.2716296091616693E-6,5.4904434447486852E-6],[5.030431513587123E-6,5.8181553734704568E-6,6.0452630439864311E-6,6.2727624229701074E-6,6.0452630439864311E-6,5.8181553734704568E-6,5.030431513587123E-6],[5.1201822904799962E-6,5.8909195695946806E-6,5.8181553734704568E-6,6.2716296091616693E-6,5.8181553734704568E-6,5.8909195695946806E-6,5.1201822904799962E-6],[4.34588648253913E-6,5.1201822904799962E-6,5.030431513587123E-6,5.4904434447486852E-6,5.030431513587123E-6,5.1201822904799962E-6,4.34588648253913E-6]],[[4.8122852460017861E-6,5.5914870714056694E-6,5.5017882994215111E-6,5.9663409292821226E-6,5.5017882994215111E-6,5.5914870714056694E-6,4.8122852460017861E-6],[5.5914870714056694E-6,6.3556502437938579E-6,6.284128657598343E-6,6.7353734614959404E-6,6.284128657598343E-6,6.3556502437938579E-6,5.5914870714056694E-6],[5.5017882994215111E-6,6.284128657598343E-6,6.5096343036497767E-6,6.7355217260371377E-6,6.5096343036497767E-6,6.284128657598343E-6,5.5017882994215111E-6],[5.9663409292821226E-6,6.7353734614959404E-6,6.7355217260371377E-6,7.1533679620150124E-6,6.7355217260371377E-6,6.7353734614959404E-6,5.9663409292821226E-6],[5.5017882994215111E-6,6.284128657598343E-6,6.5096343036497767E-6,6.7355217260371377E-6,6.5096343036497767E-6,6.284128657598343E-6,5.5017882994215111E-6],[5.5914870714056694E-6,6.3556502437938579E-6,6.284128657598343E-6,6.7353734614959404E-6,6.284128657598343E-6,6.3556502437938579E-6,5.5914870714056694E-6],[4.8122852460017861E-6,5.5914870714056694E-6,5.5017882994215111E-6,5.9663409292821226E-6,5.5017882994215111E-6,5.5914870714056694E-6,4.8122852460017861E-6]],[[5.2795551350876321E-6,6.0568024154831749E-6,5.9679473900356485E-6,6.4329349380443949E-6,5.9679473900356485E-6,6.0568024154831749E-6,5.2795551350876321E-6],[6.0568024154831749E-6,6.8081494288717522E-6,6.73844479882535E-6,7.1837110020423807E-6,6.73844479882535E-6,6.8081494288717522E-6,6.0568024154831749E-6],[5.9679473900356485E-6,6.73844479882535E-6,6.9604911466905847E-6,7.182906748740886E-6,6.9604911466905847E-6,6.73844479882535E-6,5.9679473900356485E-6],[6.4329349380443949E-6,7.1837110020423807E-6,7.182906748740886E-6,7.593439023537521E-6,7.182906748740886E-6,7.18371100204238E-6,6.4329349380443949E-6],[5.9679473900356485E-6,6.73844479882535E-6,6.9604911466905847E-6,7.182906748740886E-6,6.9604911466905847E-6,6.73844479882535E-6,5.9679473900356485E-6],[6.0568024154831749E-6,6.8081494288717522E-6,6.73844479882535E-6,7.18371100204238E-6,6.73844479882535E-6,6.8081494288717522E-6,6.0568024154831749E-6],[5.2795551350876321E-6,6.0568024154831749E-6,5.9679473900356485E-6,6.4329349380443949E-6,5.9679473900356485E-6,6.0568024154831749E-6,5.2795551350876321E-6]],[[5.7436849034904293E-6,6.5124966391592093E-6,6.4252206088382188E-6,6.88672189714204E-6,6.4252206088382188E-6,6.5124966391592093E-6,5.7436849034904293E-6],[6.5124966391592093E-6,7.24544228069015E-6,7.1780528311411534E-6,7.6139373023291181E-6,7.1780528311411534E-6,7.24544228069015E-6,6.5124966391592093E-6],[6.4252206088382188E-6,7.1780528311411534E-6,7.3949678633982456E-6,7.6122374351313436E-6,7.3949678633982456E-6,7.1780528311411534E-6,6.4252206088382188E-6],[6.88672189714204E-6,7.6139373023291181E-6,7.6122374351313436E-6,8.0124137430611915E-6,7.6122374351313436E-6,7.6139373023291181E-6,6.88672189714204E-6],[6.4252206088382188E-6,7.1780528311411534E-6,7.3949678633982456E-6,7.6122374351313436E-6,7.3949678633982456E-6,7.1780528311411534E-6,6.4252206088382188E-6],[6.5124966391592093E-6,7.24544228069015E-6,7.1780528311411534E-6,7.6139373023291181E-6,7.1780528311411534E-6,7.24544228069015E-6,6.5124966391592093E-6],[5.7436849034904293E-6,6.5124966391592093E-6,6.4252206088382188E-6,6.88672189714204E-6,6.4252206088382188E-6,6.5124966391592093E-6,5.7436849034904293E-6]],[[6.200936857974987E-6,6.9553535449069889E-6,6.8703189587186724E-6,7.3246866391219794E-6,6.8703189587186724E-6,6.9553535449069889E-6,6.200936857974987E-6],[6.9553535449069889E-6,7.6650035904409653E-6,7.60035058860466E-6,8.02383026962539E-6,7.60035058860466E-6,7.6650035904409653E-6,6.9553535449069889E-6],[6.8703189587186724E-6,7.60035058860466E-6,7.8106608204199126E-6,8.0213090646667526E-6,7.8106608204199126E-6,7.60035058860466E-6,6.8703189587186724E-6],[7.3246866391219794E-6,8.02383026962539E-6,8.0213090646667526E-6,8.4084713604975577E-6,8.0213090646667526E-6,8.02383026962539E-6,7.3246866391219794E-6],[6.8703189587186724E-6,7.60035058860466E-6,7.8106608204199126E-6,8.0213090646667526E-6,7.8106608204199126E-6,7.60035058860466E-6,6.8703189587186724E-6],[6.9553535449069889E-6,7.6650035904409653E-6,7.60035058860466E-6,8.02383026962539E-6,7.60035058860466E-6,7.6650035904409653E-6,6.9553535449069889E-6],[6.200936857974987E-6,6.9553535449069889E-6,6.8703189587186724E-6,7.3246866391219794E-6,6.8703189587186724E-6,6.9553535449069889E-6,6.200936857974987E-6]],[[6.6479150848179429E-6,7.3825888622177881E-6,7.3003761446570861E-6,7.744298149777188E-6,7.3003761446570861E-6,7.3825888622177881E-6,6.6479150848179429E-6],[7.3825888622177881E-6,8.06476837930014E-6,8.0031957972252767E-6,8.4116532022183851E-6,8.0031957972252767E-6,8.06476837930014E-6,7.3825888622177881E-6],[7.3003761446570861E-6,8.0031957972252767E-6,8.2056364890347889E-6,8.4083972643580214E-6,8.2056364890347889E-6,8.0031957972252767E-6,7.3003761446570861E-6],[7.744298149777188E-6,8.4116532022183851E-6,8.4083972643580214E-6,8.78028577761422E-6,8.4083972643580214E-6,8.4116532022183851E-6,7.744298149777188E-6],[7.3003761446570861E-6,8.0031957972252767E-6,8.2056364890347889E-6,8.4083972643580214E-6,8.2056364890347889E-6,8.0031957972252767E-6,7.3003761446570861E-6],[7.3825888622177881E-6,8.06476837930014E-6,8.0031957972252767E-6,8.4116532022183851E-6,8.0031957972252767E-6,8.06476837930014E-6,7.3825888622177881E-6],[6.6479150848179429E-6,7.3825888622177881E-6,7.3003761446570861E-6,7.744298149777188E-6,7.3003761446570861E-6,7.3825888622177881E-6,6.6479150848179429E-6]],[[7.0816116937913211E-6,7.7918752566139141E-6,7.7129764027403884E-6,8.1435236977620916E-6,7.7129764027403884E-6,7.7918752566139141E-6,7.0816116937913211E-6],[7.7918752566139141E-6,8.4431835520217471E-6,8.38495444312732E-6,8.7762127792532525E-6,8.38495444312732E-6,8.4431835520217471E-6,7.7918752566139141E-6],[7.7129764027403884E-6,8.38495444312732E-6,8.5784862394172584E-6,8.7723192530804132E-6,8.5784862394172584E-6,8.38495444312732E-6,7.7129764027403884E-6],[8.1435236977620916E-6,8.7762127792532525E-6,8.7723192530804132E-6,9.12710176259055E-6,8.7723192530804132E-6,8.7762127792532525E-6,8.1435236977620916E-6],[7.7129764027403884E-6,8.38495444312732E-6,8.5784862394172584E-6,8.7723192530804132E-6,8.5784862394172584E-6,8.384954443127322E-6,7.7129764027403884E-6],[7.7918752566139141E-6,8.4431835520217471E-6,8.38495444312732E-6,8.7762127792532525E-6,8.384954443127322E-6,8.4431835520217488E-6,7.7918752566139158E-6],[7.0816116937913211E-6,7.7918752566139141E-6,7.7129764027403884E-6,8.1435236977620916E-6,7.7129764027403884E-6,7.7918752566139158E-6,7.0816116937913211E-6]],[[7.4994474482983994E-6,8.1813821827924934E-6,8.1061943280826782E-6,8.5208657128075419E-6,8.1061943280826782E-6,8.1813821827924934E-6,7.4994474482983994E-6],[8.1813821827924934E-6,8.7992627159497553E-6,8.7445536395052579E-6,9.1169183527010786E-6,8.7445536395052579E-6,8.7992627159497553E-6,8.1813821827924934E-6],[8.1061943280826782E-6,8.7445536395052579E-6,8.9283831366623719E-6,9.112494545972811E-6,8.9283831366623719E-6,8.7445536395052579E-6,8.1061943280826782E-6],[8.5208657128075419E-6,9.1169183527010786E-6,9.112494545972811E-6,9.4488041252411542E-6,9.112494545972811E-6,9.1169183527010786E-6,8.5208657128075419E-6],[8.1061943280826782E-6,8.7445536395052579E-6,8.9283831366623719E-6,9.112494545972811E-6,8.9283831366623719E-6,8.7445536395052579E-6,8.1061943280826782E-6],[8.1813821827924934E-6,8.7992627159497553E-6,8.7445536395052579E-6,9.1169183527010786E-6,8.7445536395052579E-6,8.799262715949757E-6,8.1813821827924951E-6],[7.4994474482983994E-6,8.1813821827924934E-6,8.1061943280826782E-6,8.5208657128075419E-6,8.1061943280826782E-6,8.1813821827924951E-6,7.4994474482984E-6]],[[7.8993124798440429E-6,8.54981401811036E-6,8.4786331688134689E-6,8.875397267603207E-6,8.4786331688134689E-6,8.54981401811036E-6,7.8993124798440429E-6],[8.54981401811036E-6,9.1326024364385576E-6,9.0815001153583E-6,9.4337896793285155E-6,9.0815001153583E-6,9.1326024364385576E-6,8.54981401811036E-6],[8.4786331688134689E-6,9.0815001153583E-6,9.25509454262362E-6,9.42895162169115E-6,9.25509454262362E-6,9.0815001153583E-6,8.4786331688134689E-6],[8.875397267603207E-6,9.4337896793285155E-6,9.42895162169115E-6,9.7459123441732479E-6,9.42895162169115E-6,9.4337896793285155E-6,8.875397267603207E-6],[8.4786331688134689E-6,9.0815001153583E-6,9.25509454262362E-6,9.42895162169115E-6,9.25509454262362E-6,9.0815001153583E-6,8.4786331688134689E-6],[8.54981401811036E-6,9.1326024364385576E-6,9.0815001153583E-6,9.4337896793285155E-6,9.0815001153583E-6,9.13260243643856E-6,8.5498140181103613E-6],[7.8993124798440429E-6,8.54981401811036E-6,8.4786331688134689E-6,8.875397267603207E-6,8.4786331688134689E-6,8.5498140181103613E-6,7.8993124798440446E-6]],[[8.2796007074844228E-6,8.896424830575911E-6,8.82944199262576E-6,9.2067683382309154E-6,8.82944199262576E-6,8.896424830575911E-6,8.2796007074844228E-6],[8.896424830575911E-6,9.4433462269266969E-6,9.39584966522463E-6,9.7274004247913118E-6,9.39584966522463E-6,9.4433462269266969E-6,8.896424830575911E-6],[8.82944199262576E-6,9.39584966522463E-6,9.5589375213094433E-6,9.72226924029034E-6,9.5589375213094433E-6,9.39584966522463E-6,8.82944199262576E-6],[9.2067683382309154E-6,9.7274004247913118E-6,9.72226924029034E-6,1.0019493773406625E-5,9.72226924029034E-6,9.7274004247913118E-6,9.2067683382309154E-6],[8.82944199262576E-6,9.39584966522463E-6,9.5589375213094433E-6,9.72226924029034E-6,9.5589375213094433E-6,9.3958496652246314E-6,8.82944199262576E-6],[8.896424830575911E-6,9.4433462269266969E-6,9.39584966522463E-6,9.7274004247913118E-6,9.3958496652246314E-6,9.4433462269266986E-6,8.8964248305759127E-6],[8.2796007074844228E-6,8.896424830575911E-6,8.82944199262576E-6,9.2067683382309154E-6,8.82944199262576E-6,8.8964248305759127E-6,8.2796007074844245E-6]],[[8.6392270872600865E-6,9.2209992440021816E-6,9.158301125050577E-6,9.5151715093059278E-6,9.158301125050577E-6,9.2209992440021816E-6,8.6392270872600865E-6],[9.2209992440021816E-6,9.7321096775750776E-6,9.6881382009424039E-6,9.998779119884831E-6,9.6881382009424039E-6,9.7321096775750776E-6,9.2209992440021816E-6],[9.158301125050577E-6,9.6881382009424039E-6,9.8406940446093551E-6,9.99347577980561E-6,9.8406940446093551E-6,9.6881382009424039E-6,9.158301125050577E-6],[9.5151715093059278E-6,9.998779119884831E-6,9.99347577980561E-6,1.0271032147006059E-5,9.99347577980561E-6,9.998779119884831E-6,9.5151715093059278E-6],[9.158301125050577E-6,9.6881382009424039E-6,9.8406940446093551E-6,9.99347577980561E-6,9.8406940446093551E-6,9.6881382009424039E-6,9.158301125050577E-6],[9.2209992440021816E-6,9.7321096775750776E-6,9.6881382009424039E-6,9.998779119884831E-6,9.6881382009424039E-6,9.73210967757508E-6,9.2209992440021833E-6],[8.6392270872600865E-6,9.2209992440021816E-6,9.158301125050577E-6,9.5151715093059278E-6,9.158301125050577E-6,9.2209992440021833E-6,8.6392270872600882E-6]],[[8.9776204853145727E-6,9.523802400188262E-6,9.4653774744391945E-6,9.8012733881849286E-6,9.4653774744391945E-6,9.523802400188262E-6,8.9776204853145727E-6],[9.523802400188262E-6,9.9998872145118664E-6,9.9592929063029371E-6,1.024929521938567E-5,9.9592929063029371E-6,9.9998872145118664E-6,9.523802400188262E-6],[9.4653774744391945E-6,9.9592929063029371E-6,1.0101509431625807E-5,1.0243934953999363E-5,1.0101509431625807E-5,9.9592929063029371E-6,9.4653774744391945E-6],[9.8012733881849286E-6,1.024929521938567E-5,1.0243934953999363E-5,1.0502289490958114E-5,1.0243934953999363E-5,1.024929521938567E-5,9.8012733881849286E-6],[9.4653774744391945E-6,9.9592929063029371E-6,1.0101509431625807E-5,1.0243934953999363E-5,1.0101509431625807E-5,9.9592929063029371E-6,9.4653774744391945E-6],[9.523802400188262E-6,9.9998872145118664E-6,9.9592929063029371E-6,1.024929521938567E-5,9.9592929063029371E-6,9.9998872145118664E-6,9.523802400188262E-6],[8.9776204853145727E-6,9.523802400188262E-6,9.4653774744391945E-6,9.8012733881849286E-6,9.4653774744391945E-6,9.523802400188262E-6,8.9776204853145744E-6]],[[9.2946915176597419E-6,9.8055086177977591E-6,9.7512579684117928E-6,1.0066125241371031E-5,9.7512579684117928E-6,9.8055086177977591E-6,9.2946915176597419E-6],[9.8055086177977591E-6,1.0247954387604321E-5,1.0210536935346678E-5,1.0480546817397822E-5,1.0210536935346678E-5,1.0247954387604321E-5,9.8055086177977591E-6],[9.7512579684117928E-6,1.0210536935346678E-5,1.0342788897904617E-5,1.0475234214385285E-5,1.0342788897904617E-5,1.0210536935346678E-5,9.7512579684117928E-6],[1.0066125241371031E-5,1.0480546817397822E-5,1.0475234214385285E-5,1.0715180127784509E-5,1.0475234214385285E-5,1.0480546817397822E-5,1.0066125241371031E-5],[9.7512579684117928E-6,1.0210536935346678E-5,1.0342788897904617E-5,1.0475234214385285E-5,1.0342788897904617E-5,1.0210536935346678E-5,9.7512579684117928E-6],[9.8055086177977591E-6,1.0247954387604321E-5,1.0210536935346678E-5,1.0480546817397822E-5,1.0210536935346678E-5,1.0247954387604321E-5,9.8055086177977591E-6],[9.2946915176597419E-6,9.8055086177977591E-6,9.7512579684117928E-6,1.0066125241371031E-5,9.7512579684117928E-6,9.8055086177977591E-6,9.2946915176597435E-6]],[[9.5907794878904768E-6,1.0067118331051186E-5,1.0016869973903398E-5,1.0311064940522312E-5,1.0016869973903398E-5,1.0067118331051186E-5,9.5907794878904768E-6],[1.0067118331051186E-5,1.0477772308366043E-5,1.044329466284039E-5,1.069425630952495E-5,1.044329466284039E-5,1.0477772308366043E-5,1.0067118331051186E-5],[1.0016869973903398E-5,1.044329466284039E-5,1.0566098596658834E-5,1.0689081587516703E-5,1.0566098596658834E-5,1.044329466284039E-5,1.0016869973903398E-5],[1.0311064940522312E-5,1.069425630952495E-5,1.0689081587516703E-5,1.0911660852060755E-5,1.0689081587516703E-5,1.069425630952495E-5,1.0311064940522312E-5],[1.0016869973903398E-5,1.044329466284039E-5,1.0566098596658834E-5,1.0689081587516703E-5,1.0566098596658834E-5,1.044329466284039E-5,1.0016869973903398E-5],[1.0067118331051186E-5,1.0477772308366043E-5,1.044329466284039E-5,1.069425630952495E-5,1.044329466284039E-5,1.0477772308366043E-5,1.0067118331051186E-5],[9.5907794878904768E-6,1.0067118331051186E-5,1.0016869973903398E-5,1.0311064940522312E-5,1.0016869973903398E-5,1.0067118331051186E-5,9.5907794878904785E-6]],[[9.86658448239553E-6,1.0309870732464037E-5,1.0263395977101277E-5,1.0537618664679545E-5,1.0263395977101277E-5,1.0309870732464037E-5,9.86658448239553E-6],[1.0309870732464037E-5,1.0690898388400821E-5,1.0659102063654778E-5,1.0892177283393534E-5,1.0659102063654778E-5,1.0690898388400821E-5,1.0309870732464037E-5],[1.0263395977101277E-5,1.0659102063654778E-5,1.0773074903824969E-5,1.0887213874280154E-5,1.0773074903824969E-5,1.0659102063654778E-5,1.0263395977101277E-5],[1.0537618664679545E-5,1.0892177283393534E-5,1.0887213874280154E-5,1.1093638352927911E-5,1.0887213874280154E-5,1.0892177283393534E-5,1.0537618664679545E-5],[1.0263395977101277E-5,1.0659102063654778E-5,1.0773074903824969E-5,1.0887213874280154E-5,1.0773074903824969E-5,1.0659102063654778E-5,1.0263395977101277E-5],[1.0309870732464037E-5,1.0690898388400821E-5,1.0659102063654778E-5,1.0892177283393534E-5,1.0659102063654778E-5,1.0690898388400821E-5,1.0309870732464037E-5],[9.86658448239553E-6,1.0309870732464037E-5,1.0263395977101277E-5,1.0537618664679545E-5,1.0263395977101277E-5,1.0309870732464037E-5,9.8665844823955321E-6]],[[1.0123090896350452E-5,1.0535158091703155E-5,1.0492188578213329E-5,1.0747408599113634E-5,1.0492188578213329E-5,1.0535158091703155E-5,1.0123090896350452E-5],[1.0535158091703155E-5,1.0888907842760677E-5,1.0859526904585706E-5,1.1076016644952837E-5,1.0859526904585706E-5,1.0888907842760677E-5,1.0535158091703155E-5],[1.0492188578213329E-5,1.0859526904585706E-5,1.0965346226741624E-5,1.1071320087720604E-5,1.0965346226741624E-5,1.0859526904585706E-5,1.0492188578213329E-5],[1.0747408599113634E-5,1.1076016644952837E-5,1.1071320087720604E-5,1.1262896896169531E-5,1.1071320087720604E-5,1.1076016644952837E-5,1.0747408599113634E-5],[1.0492188578213329E-5,1.0859526904585706E-5,1.0965346226741624E-5,1.1071320087720604E-5,1.0965346226741624E-5,1.0859526904585706E-5,1.0492188578213329E-5],[1.0535158091703155E-5,1.0888907842760677E-5,1.0859526904585706E-5,1.1076016644952837E-5,1.0859526904585706E-5,1.0888907842760677E-5,1.0535158091703155E-5],[1.0123090896350452E-5,1.0535158091703155E-5,1.0492188578213329E-5,1.0747408599113634E-5,1.0492188578213329E-5,1.0535158091703155E-5,1.0123090896350454E-5]],[[1.0361488344228292E-5,1.0744447018022049E-5,1.0704691202679956E-5,1.0942071877778018E-5,1.0704691202679956E-5,1.0744447018022049E-5,1.0361488344228292E-5],[1.0744447018022049E-5,1.1073330129328062E-5,1.1046103079776715E-5,1.1247375758819623E-5,1.1046103079776715E-5,1.1073330129328062E-5,1.0744447018022049E-5],[1.0704691202679956E-5,1.1046103079776715E-5,1.1144471360637602E-5,1.124298384558135E-5,1.1144471360637602E-5,1.1046103079776715E-5,1.0704691202679956E-5],[1.0942071877778018E-5,1.1247375758819623E-5,1.124298384558135E-5,1.1421049354040077E-5,1.124298384558135E-5,1.1247375758819623E-5,1.0942071877778018E-5],[1.0704691202679956E-5,1.1046103079776715E-5,1.1144471360637602E-5,1.124298384558135E-5,1.1144471360637602E-5,1.1046103079776715E-5,1.0704691202679956E-5],[1.0744447018022049E-5,1.1073330129328062E-5,1.1046103079776715E-5,1.1247375758819623E-5,1.1046103079776715E-5,1.1073330129328062E-5,1.0744447018022049E-5],[1.0361488344228292E-5,1.0744447018022049E-5,1.0704691202679956E-5,1.0942071877778018E-5,1.0704691202679956E-5,1.0744447018022049E-5,1.0361488344228294E-5]],[[1.0583095391229295E-5,1.0939211006577303E-5,1.0902369051516411E-5,1.1123194829743428E-5,1.0902369051516411E-5,1.0939211006577303E-5,1.0583095391229295E-5],[1.0939211006577303E-5,1.124560263145992E-5,1.1220281648369169E-5,1.1407712109483822E-5,1.1220281648369169E-5,1.124560263145992E-5,1.0939211006577303E-5],[1.0902369051516411E-5,1.1220281648369169E-5,1.1311896382180444E-5,1.1403646135276357E-5,1.1311896382180444E-5,1.1220281648369169E-5,1.0902369051516411E-5],[1.1123194829743428E-5,1.1407712109483822E-5,1.1403646135276357E-5,1.1569511858815731E-5,1.1403646135276357E-5,1.1407712109483822E-5,1.1123194829743428E-5],[1.0902369051516411E-5,1.1220281648369169E-5,1.1311896382180444E-5,1.1403646135276357E-5,1.1311896382180444E-5,1.1220281648369169E-5,1.0902369051516411E-5],[1.0939211006577303E-5,1.124560263145992E-5,1.1220281648369169E-5,1.1407712109483822E-5,1.1220281648369169E-5,1.124560263145992E-5,1.0939211006577303E-5],[1.0583095391229295E-5,1.0939211006577303E-5,1.0902369051516411E-5,1.1123194829743428E-5,1.0902369051516411E-5,1.0939211006577303E-5,1.0583095391229297E-5]],[[1.0789290682343057E-5,1.1120877052981102E-5,1.108665333991018E-5,1.1292264687175094E-5,1.108665333991018E-5,1.1120877052981102E-5,1.0789290682343057E-5],[1.1120877052981102E-5,1.1407041436639906E-5,1.1383398765084798E-5,1.1558320115787571E-5,1.1383398765084798E-5,1.1407041436639906E-5,1.1120877052981102E-5],[1.108665333991018E-5,1.1383398765084798E-5,1.1468929441122537E-5,1.1554586980622579E-5,1.1468929441122537E-5,1.1383398765084798E-5,1.108665333991018E-5],[1.1292264687175094E-5,1.1558320115787571E-5,1.1554586980622579E-5,1.1709498974849024E-5,1.1554586980622579E-5,1.1558320115787571E-5,1.1292264687175094E-5],[1.108665333991018E-5,1.1383398765084798E-5,1.1468929441122537E-5,1.1554586980622579E-5,1.1468929441122537E-5,1.1383398765084798E-5,1.108665333991018E-5],[1.1120877052981102E-5,1.1407041436639906E-5,1.1383398765084798E-5,1.1558320115787571E-5,1.1383398765084798E-5,1.1407041436639906E-5,1.1120877052981102E-5],[1.0789290682343057E-5,1.1120877052981102E-5,1.108665333991018E-5,1.1292264687175094E-5,1.108665333991018E-5,1.1120877052981102E-5,1.0789290682343059E-5]],[[1.0981454774844834E-5,1.1290787250198113E-5,1.1258900070358832E-5,1.1450638731751406E-5,1.1258900070358832E-5,1.1290787250198113E-5,1.0981454774844834E-5],[1.1290787250198113E-5,1.1558827110436355E-5,1.1536658736253348E-5,1.1700327657821011E-5,1.1536658736253348E-5,1.1558827110436355E-5,1.1290787250198113E-5],[1.1258900070358832E-5,1.1536658736253348E-5,1.1616730812312706E-5,1.1696922501113972E-5,1.1616730812312706E-5,1.1536658736253348E-5,1.1258900070358832E-5],[1.1450638731751406E-5,1.1700327657821011E-5,1.1696922501113972E-5,1.1842034205773384E-5,1.1696922501113972E-5,1.1700327657821011E-5,1.1450638731751406E-5],[1.1258900070358832E-5,1.1536658736253348E-5,1.1616730812312706E-5,1.1696922501113972E-5,1.1616730812312706E-5,1.1536658736253348E-5,1.1258900070358832E-5],[1.1290787250198113E-5,1.1558827110436355E-5,1.1536658736253348E-5,1.1700327657821011E-5,1.1536658736253348E-5,1.1558827110436355E-5,1.1290787250198113E-5],[1.0981454774844834E-5,1.1290787250198113E-5,1.1258900070358832E-5,1.1450638731751406E-5,1.1258900070358832E-5,1.1290787250198113E-5,1.0981454774844836E-5]],[[1.1160924468523025E-5,1.1450174597589716E-5,1.1420362912556403E-5,1.1599529026094133E-5,1.1420362912556403E-5,1.1450174597589716E-5,1.1160924468523025E-5],[1.1450174597589716E-5,1.1702002306459693E-5,1.1681129292694798E-5,1.1834703996316621E-5,1.1681129292694798E-5,1.1702002306459693E-5,1.1450174597589716E-5],[1.1420362912556403E-5,1.1681129292694798E-5,1.1756314589520992E-5,1.1831613034798566E-5,1.1756314589520992E-5,1.1681129292694798E-5,1.1420362912556403E-5],[1.1599529026094133E-5,1.1834703996316621E-5,1.1831613034798566E-5,1.196797018766643E-5,1.1831613034798566E-5,1.1834703996316621E-5,1.1599529026094133E-5],[1.1420362912556403E-5,1.1681129292694798E-5,1.1756314589520992E-5,1.1831613034798566E-5,1.1756314589520992E-5,1.1681129292694798E-5,1.1420362912556403E-5],[1.1450174597589716E-5,1.1702002306459693E-5,1.1681129292694798E-5,1.1834703996316621E-5,1.1681129292694798E-5,1.1702002306459693E-5,1.1450174597589716E-5],[1.1160924468523025E-5,1.1450174597589716E-5,1.1420362912556403E-5,1.1599529026094133E-5,1.1420362912556403E-5,1.1450174597589716E-5,1.1160924468523026E-5]],[[1.1328959954406022E-5,1.1600151061006002E-5,1.1572178522214903E-5,1.1739999731464097E-5,1.1572178522214903E-5,1.1600151061006002E-5,1.1328959954406022E-5],[1.1600151061006002E-5,1.183747777494797E-5,1.1817745781632273E-5,1.1962274823454086E-5,1.1817745781632273E-5,1.183747777494797E-5,1.1600151061006002E-5],[1.1572178522214903E-5,1.1817745781632273E-5,1.1888558263237848E-5,1.1959478107052477E-5,1.1888558263237848E-5,1.1817745781632273E-5,1.1572178522214903E-5],[1.1739999731464097E-5,1.1962274823454086E-5,1.1959478107052477E-5,1.208801354216794E-5,1.1959478107052477E-5,1.1962274823454086E-5,1.1739999731464097E-5],[1.1572178522214903E-5,1.1817745781632273E-5,1.1888558263237848E-5,1.1959478107052477E-5,1.1888558263237848E-5,1.1817745781632273E-5,1.1572178522214903E-5],[1.1600151061006002E-5,1.183747777494797E-5,1.1817745781632273E-5,1.1962274823454086E-5,1.1817745781632273E-5,1.183747777494797E-5,1.1600151061006002