{"M_cells":[[[0,0,0,0,0],[0,0,0,0,0],[0,0,0,0,0],[0,0,0,0,0],[0,0,0,0,0]],[[4.68259143740504E-5,0.00011596567076560401,0.00013643823160692327,0.00011596567076560401,4.68259143740504E-5],[0.00011596567076560401,0.00024396905616050945,0.00028283492439360266,0.00024396905616050945,0.00011596567076560401],[0.00013643823160692327,0.00028283492439360266,0.00032783141159539942,0.00028283492439360266,0.00013643823160692327],[0.00011596567076560401,0.00024396905616050945,0.00028283492439360266,0.00024396905616050945,0.00011596567076560401],[4.68259143740504E-5,0.00011596567076560401,0.00013643823160692327,0.00011596567076560401,4.68259143740504E-5]],[[0.00027500682103079565,0.00046156146570363997,0.00051937481442000351,0.00046156146570363997,0.00027500682103079565],[0.00046156146570363997,0.00071385924036964678,0.00079364311047942847,0.00071385924036964678,0.00046156146570363997],[0.00051937481442000351,0.00079364311047942847,0.00088075043406557019,0.00079364311047942847,0.00051937481442000351],[0.00046156146570363997,0.00071385924036964678,0.00079364311047942847,0.00071385924036964678,0.00046156146570363997],[0.00027500682103079565,0.00046156146570363997,0.00051937481442000351,0.00046156146570363997,0.00027500682103079565]],[[0.000719546726397353,0.0010262857074960173,0.0011237216917984673,0.0010262857074960173,0.000719546726397353],[0.0010262857074960173,0.0013959460124711139,0.0015151576303486466,0.0013959460124711139,0.0010262857074960173],[0.0011237216917984673,0.0015151576303486466,0.0016416278457499405,0.0015151576303486466,0.0011237216917984673],[0.0010262857074960173,0.0013959460124711139,0.0015151576303486466,0.0013959460124711139,0.0010262857074960173],[0.000719546726397353,0.0010262857074960173,0.0011237216917984673,0.0010262857074960173,0.000719546726397353]],[[0.0013757599695239154,0.0017970143807630168,0.0019327126507183469,0.0017970143807630168,0.0013757599695239154],[0.0017970143807630168,0.0022766962967164877,0.0024330723091477405,0.0022766962967164877,0.0017970143807630168],[0.0019327126507183469,0.0024330723091477405,0.0025963409785841407,0.0024330723091477405,0.0019327126507183469],[0.0017970143807630168,0.0022766962967164877,0.0024330723091477405,0.0022766962967164881,0.0017970143807630168],[0.0013757599695239154,0.0017970143807630168,0.0019327126507183469,0.0017970143807630168,0.0013757599695239154]],[[0.0022318510613652987,0.0027606385192650404,0.00293242476566607,0.0027606385192650404,0.0022318510613652987],[0.0027606385192650404,0.0033432649090921365,0.0035344667648579313,0.0033432649090921365,0.0027606385192650404],[0.00293242476566607,0.0035344667648579313,0.0037321405684395932,0.0035344667648579313,0.00293242476566607],[0.0027606385192650404,0.0033432649090921365,0.0035344667648579313,0.0033432649090921365,0.0027606385192650404],[0.0022318510613652987,0.0027606385192650404,0.00293242476566607,0.0027606385192650404,0.0022318510613652987]],[[0.0032752607460279914,0.0039046995633133449,0.0041103098151525925,0.0039046995633133449,0.0032752607460279914],[0.0039046995633133449,0.0045836057123986506,0.0048073918886120158,0.0045836057123986506,0.0039046995633133449],[0.0041103098151525925,0.0048073918886120158,0.0050372367809173348,0.0048073918886120158,0.0041103098151525925],[0.0039046995633133449,0.0045836057123986506,0.0048073918886120158,0.00458360571239865,0.0039046995633133445],[0.0032752607460279914,0.0039046995633133449,0.0041103098151525925,0.0039046995633133445,0.0032752607460279914]],[[0.0044939254325372449,0.0052175089843318687,0.005454768956728505,0.0052175089843318687,0.0044939254325372449],[0.0052175089843318687,0.0059864571567048641,0.0062407196928272448,0.0059864571567048641,0.0052175089843318687],[0.005454768956728505,0.0062407196928272448,0.006500649820342182,0.0062407196928272448,0.005454768956728505],[0.0052175089843318687,0.0059864571567048641,0.0062407196928272448,0.0059864571567048641,0.0052175089843318687],[0.0044939254325372449,0.0052175089843318687,0.005454768956728505,0.0052175089843318687,0.0044939254325372449]],[[0.0058765040387693439,0.0066881374389999972,0.0069550011759345193,0.0066881374389999972,0.0058765040387693439],[0.0066881374389999972,0.0075412984105480826,0.0078240648456489124,0.0075412984105480826,0.0066881374389999972],[0.0069550011759345193,0.0078240648456489124,0.0081121322457733767,0.0078240648456489124,0.0069550011759345193],[0.0066881374389999972,0.0075412984105480826,0.0078240648456489124,0.0075412984105480826,0.0066881374389999972],[0.0058765040387693439,0.0066881374389999972,0.0069550011759345193,0.0066881374389999972,0.0058765040387693439]],[[0.0074123870322577272,0.0083063731383736829,0.0086009257389227066,0.0083063731383736829,0.0074123870322577272],[0.0083063731383736829,0.0092383007821259175,0.0095477276679337281,0.0092383007821259175,0.0083063731383736829],[0.0086009257389227066,0.0095477276679337281,0.0098621127101703957,0.0095477276679337281,0.0086009257389227066],[0.0083063731383736829,0.0092383007821259175,0.0095477276679337281,0.0092383007821259175,0.0083063731383736829],[0.0074123870322577272,0.0083063731383736829,0.0086009257389227066,0.0083063731383736829,0.0074123870322577272]],[[0.0090916596647658346,0.010062675040831612,0.010383126599101424,0.010062675040831612,0.0090916596647658346],[0.010062675040831612,0.011068280594277178,0.011402645326969081,0.011068280594277178,0.010062675040831612],[0.010383126599101424,0.011402645326969081,0.011741647841791946,0.011402645326969081,0.010383126599101424],[0.010062675040831612,0.011068280594277178,0.011402645326969081,0.011068280594277178,0.010062675040831612],[0.0090916596647658346,0.010062675040831612,0.010383126599101424,0.010062675040831612,0.0090916596647658346]],[[0.010905057310920941,0.011948127278957431,0.012292805030479942,0.011948127278957431,0.010905057310920941],[0.011948127278957431,0.013022654890468803,0.013380347568471613,0.013022654890468803,0.011948127278957431],[0.012292805030479942,0.013380347568471613,0.013742378608876685,0.013380347568471613,0.012292805030479942],[0.011948127278957431,0.013022654890468803,0.013380347568471613,0.013022654890468803,0.011948127278957431],[0.010905057310920941,0.011948127278957431,0.012292805030479942,0.011948127278957431,0.010905057310920941]],[[0.012843921453342642,0.013954396271454143,0.014321736719844724,0.013954396271454143,0.012843921453342642],[0.013954396271454143,0.015093400129093319,0.01547291584199157,0.015093400129093318,0.013954396271454143],[0.014321736719844724,0.01547291584199157,0.015856490026476031,0.01547291584199157,0.014321736719844724],[0.013954396271454143,0.015093400129093318,0.01547291584199157,0.015093400129093318,0.013954396271454143],[0.012843921453342642,0.013954396271454143,0.014321736719844724,0.013954396271454143,0.012843921453342642]],[[0.014900158151091723,0.016073690705240978,0.01646223215306486,0.016073690705240978,0.014900158151091723],[0.016073690705240978,0.017273013726282711,0.01767294534578942,0.017273013726282711,0.016073690705240978],[0.01646223215306486,0.01767294534578942,0.018076673736021683,0.01767294534578942,0.01646223215306486],[0.016073690705240978,0.017273013726282711,0.01767294534578942,0.017273013726282711,0.016073690705240978],[0.014900158151091723,0.016073690705240978,0.01646223215306486,0.016073690705240978,0.014900158151091723]],[[0.017066199255431593,0.018298724262530788,0.018707099823614549,0.018298724262530788,0.017066199255431593],[0.018298724262530788,0.019554478246976991,0.019973509707407432,0.019554478246976991,0.018298724262530788],[0.018707099823614549,0.019973509707407432,0.020396093178088937,0.019973509707407432,0.018707099823614549],[0.018298724262530788,0.019554478246976991,0.019973509707407432,0.019554478246976991,0.018298724262530788],[0.017066199255431593,0.018298724262530788,0.018707099823614549,0.018298724262530788,0.017066199255431593]],[[0.01933496627014104,0.020622680902662421,0.02104961198609874,0.020622680902662421,0.01933496627014104],[0.020622680902662421,0.021931228042450235,0.022368128079179803,0.021931228042450235,0.020622680902662421],[0.02104961198609874,0.022368128079179803,0.022808351141321643,0.022368128079179803,0.02104961198609874],[0.020622680902662421,0.021931228042450235,0.022368128079179803,0.021931228042450235,0.020622680902662421],[0.01933496627014104,0.020622680902662421,0.02104961198609874,0.020622680902662421,0.01933496627014104]],[[0.02169983667698969,0.023039182504882075,0.023483472740976109,0.023039182504882075,0.02169983667698969],[0.023039182504882075,0.024397118144290925,0.024850734456094876,0.024397118144290925,0.023039182504882075],[0.023483472740976109,0.024850734456094876,0.025307459498156302,0.024850734456094876,0.023483472740976109],[0.023039182504882075,0.024397118144290925,0.024850734456094876,0.024397118144290925,0.023039182504882075],[0.02169983667698969,0.023039182504882075,0.023483472740976109,0.023039182504882075,0.02169983667698969]],[[0.024154612540283105,0.025542258688834165,0.026002788264199349,0.025542258688834165,0.024154612540283105],[0.025542258688834165,0.02694639523847589,0.02741564904098636,0.02694639523847589,0.025542258688834165],[0.026002788264199349,0.02741564904098636,0.027887810955120183,0.02741564904098636,0.026002788264199349],[0.025542258688834165,0.02694639523847589,0.02741564904098636,0.02694639523847589,0.025542258688834165],[0.024154612540283105,0.025542258688834165,0.026002788264199349,0.025542258688834165,0.024154612540283105]],[[0.026693491213595641,0.028126318642227439,0.028602039012419155,0.028126318642227439,0.026693491213595641],[0.028126318642227439,0.029573670555966772,0.030057551495610103,0.029573670555966772,0.028126318642227439],[0.028602039012419155,0.030057551495610103,0.030544152658702087,0.030057551495610103,0.028602039012419155],[0.028126318642227439,0.029573670555966772,0.030057551495610103,0.029573670555966772,0.028126318642227439],[0.026693491213595641,0.028126318642227439,0.028602039012419155,0.028126318642227439,0.026693491213595641]],[[0.029311037983674446,0.030786124797277159,0.031276053747279348,0.030786124797277159,0.029311037983674446],[0.030786124797277159,0.032273894527764545,0.032771455927631227,0.032273894527764545,0.030786124797277159],[0.031276053747279348,0.032771455927631227,0.033271561508965548,0.032771455927631227,0.031276053747279348],[0.030786124797277159,0.032273894527764545,0.032771455927631227,0.032273894527764552,0.030786124797277166],[0.029311037983674446,0.030786124797277159,0.031276053747279348,0.030786124797277166,0.029311037983674446]],[[0.032002160497912331,0.033516768208340528,0.034019985233210356,0.033516768208340528,0.032002160497912331],[0.033516768208340528,0.035042333062479405,0.035552687473489587,0.035042333062479405,0.033516768208340528],[0.034019985233210356,0.035552687473489587,0.036065421042755237,0.035552687473489587,0.034019985233210356],[0.033516768208340528,0.035042333062479405,0.035552687473489587,0.035042333062479412,0.033516768208340542],[0.032002160497912331,0.033516768208340528,0.034019985233210356,0.033516768208340542,0.032002160497912338]],[[0.034762084832051281,0.036313645492768748,0.036829287472556871,0.036313645492768748,0.034762084832051281],[0.036313645492768748,0.037874545313400933,0.038396860345819656,0.037874545313400933,0.036313645492768748],[0.036829287472556871,0.038396860345819656,0.038921399756825258,0.038396860345819656,0.036829287472556871],[0.036313645492768748,0.037874545313400933,0.038396860345819656,0.037874545313400933,0.036313645492768748],[0.034762084832051281,0.036313645492768748,0.036829287472556871,0.036313645492768748,0.034762084832051281]],[[0.037586333063838614,0.039172437205418874,0.039699694350060044,0.039172437205418874,0.037586333063838614],[0.039172437205418874,0.040766362809826547,0.041299857221655495,0.040766362809826547,0.039172437205418874],[0.039699694350060044,0.041299857221655495,0.0418354307485552,0.041299857221655495,0.039699694350060044],[0.039172437205418874,0.040766362809826547,0.041299857221655495,0.040766362809826547,0.039172437205418874],[0.037586333063838614,0.039172437205418874,0.039699694350060044,0.039172437205418874,0.037586333063838614]],[[0.040470702226234688,0.042089087524487187,0.04262719956574778,0.042089087524487187,0.040470702226234688],[0.042089087524487187,0.043713869834021889,0.044257809854065272,0.043713869834021889,0.042089087524487187],[0.04262719956574778,0.044257809854065272,0.044803692558131644,0.044257809854065272,0.04262719956574778],[0.042089087524487187,0.043713869834021889,0.044257809854065272,0.043713869834021889,0.042089087524487187],[0.040470702226234688,0.042089087524487187,0.04262719956574778,0.042089087524487187,0.040470702226234688]],[[0.04341124452060998,0.045059785132579945,0.045608037741336482,0.045059785132579945,0.04341124452060998],[0.045059785132579945,0.046713384930844315,0.047267080795318522,0.046713384930844315,0.045059785132579945],[0.045608037741336482,0.047267080795318522,0.047822591101329977,0.047267080795318522,0.045608037741336482],[0.045059785132579945,0.046713384930844315,0.047267080795318522,0.046713384930844315,0.045059785132579945],[0.04341124452060998,0.045059785132579945,0.045608037741336482,0.045059785132579945,0.04341124452060998]],[[0.046404248676023892,0.048080945181977447,0.048638666590057583,0.048080945181977447,0.046404248676023892],[0.048080945181977447,0.049761443441498229,0.050324246123918989,0.049761443441498229,0.048080945181977447],[0.048638666590057583,0.050324246123918989,0.050888742586062817,0.050324246123918989,0.048638666590057583],[0.048080945181977447,0.049761443441498229,0.050324246123918989,0.049761443441498229,0.048080945181977447],[0.046404248676023892,0.048080945181977447,0.048638666590057583,0.048080945181977447,0.046404248676023892]],[[0.049446222345326918,0.051149192237097879,0.051715750043731565,0.051149192237097879,0.049446222345326918],[0.051149192237097879,0.052854780956346457,0.053426079071101439,0.052854780956346457,0.051149192237097879],[0.051715750043731565,0.053426079071101439,0.053998957308921063,0.053426079071101439,0.051715750043731565],[0.051149192237097879,0.052854780956346457,0.053426079071101439,0.052854780956346457,0.051149192237097879],[0.049446222345326918,0.051149192237097879,0.051715750043731565,0.051149192237097879,0.049446222345326918]],[[0.052533875432316177,0.054261344090025317,0.054836142233492674,0.054261344090025317,0.052533875432316177],[0.054261344090025317,0.055990317583901,0.056569534444359984,0.055990317583901,0.054261344090025317],[0.054836142233492674,0.056569534444359984,0.057150224229686776,0.056569534444359984,0.054836142233492674],[0.054261344090025317,0.055990317583901,0.056569534444359984,0.055990317583901,0.054261344090025317],[0.052533875432316177,0.054261344090025317,0.054836142233492674,0.054261344090025317,0.052533875432316177]],[[0.055664104246559681,0.057414396346674466,0.057996872222096721,0.057414396346674466,0.055664104246559681],[0.057414396346674466,0.059165142934142767,0.059751733746381749,0.059165142934142767,0.057414396346674466],[0.057996872222096721,0.059751733746381749,0.060339696222370176,0.059751733746381749,0.057996872222096721],[0.057414396346674466,0.059165142934142767,0.059751733746381749,0.059165142934142767,0.057414396346674466],[0.055664104246559681,0.057414396346674466,0.057996872222096721,0.057414396346674466,0.055664104246559681]],[[0.058833976383542493,0.060605507681502295,0.061195129385839687,0.060605507681502295,0.058833976383542493],[0.060605507681502295,0.0623765017138987,0.062969950887084375,0.0623765017138987,0.060605507681502295],[0.061195129385839687,0.062969950887084375,0.063564675900393233,0.062969950887084375,0.061195129385839687],[0.060605507681502295,0.0623765017138987,0.062969950887084375,0.062376501713898705,0.060605507681502295],[0.058833976383542493,0.060605507681502295,0.061195129385839687,0.060605507681502295,0.058833976383542493]],[[0.062040716227555,0.063831985657590587,0.064428249342731655,0.063831985657590587,0.062040716227555],[0.063831985657590587,0.065621779830051158,0.066221598384212862,0.065621779830051158,0.063831985657590587],[0.064428249342731655,0.066221598384212862,0.0668226019110051,0.066221598384212862,0.064428249342731655],[0.063831985657590587,0.065621779830051158,0.066221598384212862,0.065621779830051172,0.0638319856575906],[0.062040716227555,0.063831985657590587,0.064428249342731655,0.0638319856575906,0.062040716227555012]],[[0.06528169097286135,0.067091273006152655,0.0676937003205501,0.067091273006152655,0.06528169097286135],[0.067091273006152655,0.0688984908926125,0.06950421394389536,0.0688984908926125,0.067091273006152655],[0.0676937003205501,0.06950421394389536,0.0701110355896315,0.06950421394389536,0.0676937003205501],[0.067091273006152655,0.0688984908926125,0.06950421394389536,0.0688984908926125,0.067091273006152655],[0.06528169097286135,0.067091273006152655,0.0676937003205501,0.067091273006152655,0.06528169097286135]],[[0.068554397055095931,0.070380934254876057,0.070989069853337639,0.070380934254876057,0.068554397055095931],[0.070380934254876057,0.072204263003893765,0.0728154473063594,0.072204263003893765,0.070380934254876057],[0.070989069853337639,0.0728154473063594,0.073427647858267955,0.0728154473063594,0.070989069853337639],[0.070380934254876057,0.072204263003893765,0.0728154473063594,0.072204263003893765,0.070380934254876057],[0.068554397055095931,0.070380934254876057,0.070989069853337639,0.070380934254876057,0.068554397055095931]],[[0.071856446879106445,0.0736986425874635,0.074312051687524888,0.0736986425874635,0.071856446879106445],[0.0736986425874635,0.075536825711599268,0.076153047233180365,0.075536825711599268,0.0736986425874635],[0.074312051687524888,0.076153047233180365,0.076770206242741612,0.076153047233180365,0.074312051687524888],[0.0736986425874635,0.075536825711599268,0.076153047233180365,0.075536825711599268,0.0736986425874635],[0.071856446879106445,0.0736986425874635,0.074312051687524888,0.0736986425874635,0.071856446879106445]],[[0.075185555721332939,0.077042166807198248,0.077660432768765192,0.077042166807198248,0.075185555721332939],[0.077042166807198248,0.07889399699249619,0.079514848500700869,0.07889399699249619,0.077042166807198248],[0.077660432768765192,0.079514848500700869,0.080136561871371692,0.079514848500700869,0.077660432768765192],[0.077042166807198248,0.07889399699249619,0.079514848500700869,0.07889399699249619,0.077042166807198248],[0.075185555721332939,0.077042166807198248,0.077660432768765192,0.077042166807198248,0.075185555721332939]],[[0.078539528673644,0.0804093582643342,0.081032080166996215,0.0804093582643342,0.078539528673644],[0.0804093582643342,0.08227367011831134,0.082898758748619045,0.08227367011831134,0.0804093582643342],[0.081032080166996215,0.082898758748619045,0.083524636301258,0.082898758748619045,0.081032080166996215],[0.0804093582643342,0.08227367011831134,0.082898758748619045,0.08227367011831134,0.0804093582643342],[0.078539528673644,0.0804093582643342,0.081032080166996215,0.0804093582643342,0.078539528673644]],[[0.081916247480937357,0.083798137590296848,0.084424927779720341,0.083798137590296848,0.081916247480937357],[0.083798137590296848,0.085673800236280781,0.08630274501272811,0.085673800236280781,0.083798137590296848],[0.084424927779720341,0.08630274501272811,0.0869324079975795,0.08630274501272811,0.084424927779720341],[0.083798137590296848,0.085673800236280781,0.08630274501272811,0.085673800236280781,0.083798137590296848],[0.081916247480937357,0.083798137590296848,0.084424927779720341,0.083798137590296848,0.081916247480937357]],[[0.085313657105623844,0.087206481059920751,0.0878369626308104,0.087206481059920751,0.085313657105623844],[0.087206481059920751,0.089092390472037986,0.089724819745062884,0.089092390472037986,0.087206481059920751],[0.0878369626308104,0.089724819745062884,0.090357898264563391,0.089724819745062884,0.0878369626308104],[0.087206481059920751,0.089092390472037986,0.089724819745062884,0.089092390472037986,0.087206481059920751],[0.085313657105623844,0.087206481059920751,0.0878369626308104,0.087206481059920751,0.085313657105623844]],[[0.0887297518278701,0.090632406375192015,0.091266210553393928,0.090632406375192015,0.0887297518278701],[0.090632406375192015,0.092527477331134325,0.093163026092137585,0.092527477331134325,0.090632406375192015],[0.091266210553393928,0.093163026092137585,0.09379915639296485,0.093163026092137585,0.091266210553393928],[0.090632406375192015,0.092527477331134325,0.093163026092137585,0.092527477331134325,0.090632406375192015],[0.0887297518278701,0.090632406375192015,0.091266210553393928,0.090632406375192015,0.0887297518278701]],[[0.092162560659251672,0.094073957628957317,0.094710721008948257,0.094073957628957317,0.092162560659251672],[0.094073957628957317,0.095977115135946686,0.096615422160918549,0.095977115135946686,0.094073957628957317],[0.094710721008948257,0.096615422160918549,0.0972542437463327,0.096615422160918549,0.094710721008948257],[0.094073957628957317,0.095977115135946686,0.096615422160918549,0.095977115135946686,0.094073957628957317],[0.092162560659251672,0.094073957628957317,0.094710721008948257,0.094073957628957317,0.092162560659251672]],[[0.095610131808489485,0.09752918916280863,0.098168550748925,0.09752918916280863,0.095610131808489485],[0.09752918916280863,0.099439359184931062,0.10008006395057556,0.099439359184931062,0.09752918916280863],[0.098168550748925,0.10008006395057556,0.10072121645484319,0.10008006395057556,0.098168550748925],[0.09752918916280863,0.099439359184931062,0.10008006395057556,0.099439359184931062,0.09752918916280863],[0.095610131808489485,0.09752918916280863,0.098168550748925,0.09752918916280863,0.095610131808489485]],[[0.099070515888597555,0.10099614797798505,0.10163774596783641,0.10099614797798505,0.099070515888597555],[0.10099614797798505,0.10291224725898405,0.10355498656361342,0.10291224725898405,0.10099614797798505],[0.10163774596783641,0.10355498656361342,0.10419810631873239,0.10355498656361342,0.10163774596783641],[0.10099614797798505,0.10291224725898405,0.10355498656361342,0.10291224725898405,0.10099614797798505],[0.099070515888597555,0.10099614797798505,0.10163774596783641,0.10099614797798505,0.099070515888597555]],[[0.10254174749332946,0.10447285428912655,0.10511632252520468,0.10447285428912655,0.10254174749332946],[0.10447285428912655,0.1063937790223389,0.10703818322990734,0.1063937790223389,0.10447285428912655],[0.10511632252520468,0.10703818322990734,0.10768289944045094,0.10703818322990734,0.10511632252520468],[0.10447285428912655,0.1063937790223389,0.10703818322990734,0.1063937790223389,0.10447285428912655],[0.10254174749332946,0.10447285428912655,0.10511632252520468,0.10447285428912655,0.10254174749332946]],[[0.10602182469433295,0.10795727972504132,0.10860224372517473,0.10795727972504132,0.10602182469433295],[0.10795727972504132,0.10988189276977127,0.11052758157824029,0.10988189276977127,0.10795727972504132],[0.10860224372517473,0.11052758157824029,0.11117351200236354,0.11052758157824029,0.10860224372517473],[0.10795727972504132,0.10988189276977127,0.11052758157824029,0.10988189276977127,0.10795727972504132],[0.10602182469433295,0.10795727972504132,0.10860224372517473,0.10795727972504132,0.10602182469433295]],[[0.10950868591584142,0.11144732257532941,0.11209339503378495,0.11144732257532941,0.10950868591584142],[0.11144732257532941,0.11337443885487707,0.11402101646908334,0.11337443885487707,0.11144732257532941],[0.11209339503378495,0.11402101646908334,0.11466776248198404,0.11402101646908334,0.11209339503378495],[0.11144732257532941,0.11337443885487707,0.11402101646908334,0.11337443885487707,0.11144732257532941],[0.10950868591584142,0.11144732257532941,0.11209339503378495,0.11144732257532941,0.10950868591584142]],[[0.11300018352845759,0.11494077935386185,0.11558755498180143,0.11494077935386185,0.11300018352845759],[0.11494077935386185,0.11686914899309386,0.11751619855686145,0.11686914899309386,0.11494077935386185],[0.11558755498180143,0.11751619855686145,0.11816333944678289,0.11751619855686145,0.11558755498180143],[0.11494077935386185,0.11686914899309386,0.11751619855686145,0.11686914899309386,0.11494077935386185],[0.11300018352845759,0.11494077935386185,0.11558755498180143,0.11494077935386185,0.11300018352845759]],[[0.11649405336433559,0.1184353117973423,0.11908236134393745,0.1184353117973423,0.11649405336433559],[0.1184353117973423,0.12036360046655069,0.12101067757878109,0.12036360046655069,0.1184353117973423],[0.11908236134393745,0.12101067757878109,0.12165776389476675,0.12101067757878109,0.11908236134393745],[0.1184353117973423,0.12036360046655069,0.12101067757878109,0.12036360046655069,0.1184353117973423],[0.11649405336433559,0.1184353117973423,0.11908236134393745,0.1184353117973423,0.11649405336433559]],[[0.11998787919258055,0.12192840824028811,0.12257527150376168,0.12192840824028811,0.11998787919258055],[0.12192840824028811,0.12385517406837293,0.12450179917354723,0.12385517406837293,0.12192840824028811],[0.12257527150376168,0.12450179917354723,0.12514834490910451,0.12450179917354723,0.12257527150376168],[0.12192840824028811,0.12385517406837293,0.12450179917354723,0.12385517406837293,0.12192840824028811],[0.11998787919258055,0.12192840824028811,0.12257527150376168,0.12192840824028811,0.11998787919258055]],[[0.12347905100816112,0.12541733811206843,0.12606351571460156,0.12541733811206843,0.12347905100816112],[0.12541733811206843,0.1273410044213506,0.12798665382805285,0.1273410044213506,0.12541733811206843],[0.12606351571460156,0.12798665382805285,0.12863212718755768,0.12798665382805285,0.12606351571460156],[0.12541733811206843,0.1273410044213506,0.12798665382805285,0.1273410044213506,0.12541733811206843],[0.12347905100816112,0.12541733811206843,0.12606351571460156,0.12541733811206843,0.12347905100816112]],[[0.12696471579092955,0.12889909810383479,0.12954404176797729,0.12889909810383479,0.12696471579092955],[0.12889909810383479,0.13081792111426316,0.13146201636002969,0.13081792111426316,0.12889909810383479],[0.12954404176797729,0.13146201636002969,0.13210582881973107,0.13146201636002969,0.12954404176797729],[0.12889909810383479,0.13081792111426316,0.13146201636002969,0.13081792111426316,0.12889909810383479],[0.12696471579092955,0.12889909810383479,0.12954404176797729,0.12889909810383479,0.12696471579092955]],[[0.13044171920822215,0.13237034838872511,0.13301344942229373,0.13237034838872511,0.13044171920822215],[0.13237034838872511,0.13428237896858142,0.13492427422440251,0.13428237896858142,0.13237034838872511],[0.13301344942229373,0.13492427422440251,0.13556576757680464,0.13492427422440251,0.13301344942229373],[0.13237034838872511,0.13428237896858142,0.13492427422440251,0.13428237896858142,0.13237034838872511],[0.13044171920822215,0.13237034838872511,0.13301344942229373,0.13237034838872511,0.13044171920822215]],[[0.13390653661643187,0.13582733721827508,0.13646791290172722,0.13582733721827508,0.13390653661643187],[0.13582733721827508,0.13773037577388828,0.13836934298356335,0.13773037577388828,0.13582733721827508],[0.13646791290172722,0.13836934298356335,0.13900777406078371,0.13836934298356335,0.13646791290172722],[0.13582733721827508,0.13773037577388828,0.13836934298356335,0.13773037577388828,0.13582733721827508],[0.13390653661643187,0.13582733721827508,0.13646791290172722,0.13582733721827508,0.13390653661643187]],[[0.137355191760354,0.13926581239002811,0.13990308998740209,0.13926581239002811,0.137355191760354],[0.13926581239002811,0.14115735618136185,0.14179256768918735,0.14115735618136185,0.13926581239002811],[0.13990308998740209,0.14179256768918735,0.14242709052956712,0.14179256768918735,0.13990308998740209],[0.13926581239002811,0.14115735618136185,0.14179256768918735,0.14115735618136185,0.13926581239002811],[0.137355191760354,0.13926581239002811,0.13990308998740209,0.13926581239002811,0.137355191760354]],[[0.14078316194457344,0.1426809187071707,0.14331401692746837,0.1426809187071707,0.14078316194457344],[0.1426809187071707,0.14455810140460931,0.1451886099892116,0.14455810140460931,0.1426809187071707],[0.14331401692746837,0.1451886099892116,0.14581825539529877,0.1451886099892116,0.14331401692746837],[0.1426809187071707,0.14455810140460931,0.1451886099892116,0.14455810140460931,0.1426809187071707],[0.14078316194457344,0.1426809187071707,0.14331401692746837,0.1426809187071707,0.14078316194457344]],[[0.14418526944049076,0.14606708198670459,0.14669498996961797,0.14606708198670459,0.14418526944049076],[0.14606708198670459,0.1479266063887279,0.14855132296897947,0.1479266063887279,0.14606708198670459],[0.14669498996961797,0.14855132296897947,0.14917497578682493,0.14855132296897947,0.14669498996961797],[0.14606708198670459,0.1479266063887279,0.14855132296897947,0.1479266063887279,0.14606708198670459],[0.14418526944049076,0.14606708198670459,0.14669498996961797,0.14606708198670459,0.14418526944049076]],[[0.14755556093093314,0.14941788294601191,0.15003943732656985,0.14941788294601191,0.14755556093093314],[0.14941788294601191,0.151255949797609,0.15187361971861907,0.151255949797609,0.14941788294601191],[0.15003943732656985,0.15187361971861907,0.15248999486417208,0.15187361971861907,0.15003943732656985],[0.14941788294601191,0.151255949797609,0.15187361971861907,0.151255949797609,0.14941788294601191],[0.14755556093093314,0.14941788294601191,0.15003943732656985,0.14941788294601191,0.14755556093093314]],[[0.1508871804814963,0.15272592909209254,0.15333979053377644,0.15272592909209254,0.1508871804814963],[0.15272592909209254,0.15453816828014719,0.15514734815517942,0.15453816828014719,0.15272592909209254],[0.15333979053377644,0.15514734815517942,0.15575496755905258,0.15514734815517942,0.15333979053377644],[0.15272592909209254,0.15453816828014719,0.15514734815517942,0.15453816828014719,0.15272592909209254],[0.1508871804814963,0.15272592909209254,0.15333979053377644,0.15272592909209254,0.1508871804814963]],[[0.15417224754823819,0.1559827402260483,0.15658737212198762,0.1559827402260483,0.15417224754823819],[0.1559827402260483,0.15776415558121057,0.15836319426357254,0.15776415558121057,0.1559827402260483],[0.15658737212198762,0.15836319426357254,0.15896036859968113,0.15836319426357254,0.15658737212198762],[0.1559827402260483,0.15776415558121057,0.15836319426357254,0.15776415558121057,0.1559827402260483],[0.15417224754823819,0.1559827402260483,0.15658737212198762,0.1559827402260483,0.15417224754823819]],[[0.15740176034494974,0.1591786735450563,0.15977232741132788,0.1591786735450563,0.15740176034494974],[0.1591786735450563,0.16092361886904072,0.16151064821404079,0.16092361886904072,0.1591786735450563],[0.15977232741132788,0.16151064821404079,0.16209546945088812,0.16151064821404079,0.15977232741132788],[0.1591786735450563,0.16092361886904072,0.16151064821404079,0.16092361886904072,0.1591786735450563],[0.15740176034494974,0.1591786735450563,0.15977232741132788,0.1591786735450563,0.15740176034494974]],[[0.16056555604899397,0.1623029263403741,0.16288364056203122,0.1623029263403741,0.16056555604899397],[0.1623029263403741,0.16400513679920084,0.16457808005539443,0.16400513679920084,0.1623029263403741],[0.16288364056203122,0.16457808005539443,0.16514843306210533,0.16457808005539443,0.16288364056203122],[0.1623029263403741,0.16400513679920084,0.16457808005539443,0.16400513679920084,0.1623029263403741],[0.16056555604899397,0.1623029263403741,0.16288364056203122,0.1623029263403741,0.16056555604899397]],[[0.16365237036339286,0.16534366404761039,0.16590928442847247,0.16534366404761039,0.16365237036339286],[0.16534366404761039,0.16699637064232925,0.16755297761740043,0.16699637064232925,0.16534366404761039],[0.16590928442847247,0.16755297761740043,0.16810658020132777,0.16755297761740043,0.16590928442847247],[0.16534366404761039,0.16699637064232925,0.16755297761740043,0.16699637064232925,0.16534366404761039],[0.16365237036339286,0.16534366404761039,0.16590928442847247,0.16534366404761039,0.16365237036339286]],[[0.16665004441537434,0.16828832168872815,0.1688365524681735,0.16828832168872815,0.16665004441537434],[0.16828832168872815,0.1698844724069925,0.17042238946432953,0.1698844724069925,0.16828832168872815],[0.1688365524681735,0.17042238946432953,0.17095686869401344,0.17042238946432953,0.1688365524681735],[0.16828832168872815,0.1698844724069925,0.17042238946432953,0.1698844724069925,0.16828832168872815],[0.16665004441537434,0.16828832168872815,0.1688365524681735,0.16828832168872815,0.16665004441537434]],[[0.16954591889029844,0.17112410887132548,0.17165259999827337,0.17112410887132548,0.16954591889029844],[0.17112410887132548,0.17265670402806818,0.17317358202855754,0.17265670402806818,0.17112410887132548],[0.17165259999827337,0.17317358202855754,0.17368658906480183,0.17317358202855754,0.17165259999827337],[0.17112410887132548,0.17265670402806818,0.17317358202855754,0.17265670402806818,0.17112410887132548],[0.16954591889029844,0.17112410887132548,0.17165259999827337,0.17112410887132548,0.16954591889029844]],[[0.17232742690669303,0.173838708078846,0.174345177741879,0.173838708078846,0.17232742690669303],[0.173838708078846,0.17530122947412638,0.17579486388773952,0.17530122947412638,0.173838708078846],[0.174345177741879,0.17579486388773952,0.17628421995603169,0.17579486388773952,0.174345177741879],[0.173838708078846,0.17530122947412638,0.17579486388773952,0.17530122947412638,0.173838708078846],[0.17232742690669303,0.173838708078846,0.174345177741879,0.173838708078846,0.17232742690669303]],[[0.17498284949194318,0.17642110024173374,0.176903482032353,0.17642110024173374,0.17498284949194318],[0.17642110024173374,0.17780798212046856,0.17827646909415779,0.17780798212046856,0.17642110024173374],[0.176903482032353,0.17827646909415779,0.17874032452143943,0.17827646909415779,0.176903482032353],[0.17642110024173374,0.17780798212046856,0.17827646909415779,0.17780798212046856,0.17642110024173374],[0.17498284949194318,0.17642110024173374,0.176903482032353,0.17642110024173374,0.17498284949194318]],[[0.177502144281294,0.17886240113895588,0.17931899613700533,0.17886240113895588,0.177502144281294],[0.17886240113895588,0.18016946930156283,0.18061135387683841,0.18016946930156283,0.17886240113895588],[0.17931899613700533,0.18061135387683841,0.18104833502061934,0.18061135387683841,0.17931899613700533],[0.17886240113895588,0.18016946930156283,0.18061135387683841,0.18016946930156283,0.17886240113895588],[0.177502144281294,0.17886240113895588,0.17931899613700533,0.17886240113895588,0.177502144281294]],[[0.17987772162371093,0.18115657120699297,0.18158618086203127,0.18115657120699297,0.17987772162371093],[0.18115657120699297,0.18238137625560502,0.18279576802638284,0.18238137625560502,0.18115657120699297],[0.18158618086203127,0.18279576802638284,0.18320508719215395,0.18279576802638284,0.18158618086203127],[0.18115657120699297,0.18238137625560502,0.18279576802638284,0.18238137625560502,0.18115657120699297],[0.17987772162371093,0.18115657120699297,0.18158618086203127,0.18115657120699297,0.17987772162371093]],[[0.182105040751722,0.18330088148151666,0.18370289970239206,0.18330088148151666,0.182105040751722],[0.18330088148151666,0.18444287387094827,0.18482951178811755,0.18444287387094827,0.18330088148151666],[0.18370289970239206,0.18482951178811755,0.18521102293936728,0.18482951178811755,0.18370289970239206],[0.18330088148151666,0.18444287387094827,0.18482951178811755,0.18444287387094827,0.18330088148151666],[0.182105040751722,0.18330088148151666,0.18370289970239206,0.18330088148151666,0.182105040751722]],[[0.18418293373652306,0.18529607076518662,0.18567052205186046,0.18529607076518662,0.18418293373652306],[0.18529607076518662,0.18635659924078077,0.18671585811314881,0.18635659924078077,0.18529607076518662],[0.18567052205186046,0.18671585811314881,0.18707005282876973,0.18671585811314881,0.18567052205186046],[0.18529607076518662,0.18635659924078077,0.18671585811314881,0.18635659924078077,0.18529607076518662],[0.18418293373652306,0.18529607076518662,0.18567052205186046,0.18529607076518662,0.18418293373652306]],[[0.18611362146571239,0.18714619161122661,0.18749371287639155,0.18714619161122661,0.18611362146571239],[0.18714619161122661,0.1881283396835382,0.18846118197060743,0.1881283396835382,0.18714619161122661],[0.18749371287639155,0.18846118197060743,0.18878913122782251,0.18846118197060743,0.18749371287639155],[0.18714619161122661,0.1881283396835382,0.18846118197060743,0.1881283396835382,0.18714619161122661],[0.18611362146571239,0.18714619161122661,0.18749371287639155,0.18714619161122661,0.18611362146571239]],[[0.18790244277486212,0.18885819465555853,0.18917996797120618,0.18885819465555853,0.18790244277486212],[0.18885819465555853,0.18976649309782048,0.19007437774033431,0.18976649309782048,0.18885819465555853],[0.18917996797120618,0.19007437774033431,0.19037763277279085,0.19007437774033431,0.18917996797120618],[0.18885819465555853,0.18976649309782048,0.19007437774033431,0.18976649309782048,0.18885819465555853],[0.18790244277486212,0.18885819465555853,0.18917996797120618,0.18885819465555853,0.18790244277486212]],[[0.189557359752153,0.19044133198365115,0.19073898175614107,0.19044133198365115,0.189557359752153],[0.19044133198365115,0.1912813964229054,0.19156616064010318,0.1912813964229054,0.19044133198365115],[0.19073898175614107,0.19156616064010318,0.19184662960866006,0.19156616064010318,0.19073898175614107],[0.19044133198365115,0.1912813964229054,0.19156616064010318,0.1912813964229054,0.19044133198365115],[0.189557359752153,0.19044133198365115,0.19073898175614107,0.19044133198365115,0.189557359752153]],[[0.19108832364796491,0.1919064703040822,0.19218194093672286,0.1919064703040822,0.19108832364796491],[0.1919064703040822,0.19268461349855664,0.1929483440886258,0.19268461349855664,0.1919064703040822],[0.19218194093672286,0.1929483440886258,0.1932081612605826,0.1929483440886258,0.19218194093672286],[0.1919064703040822,0.19268461349855664,0.1929483440886258,0.19268461349855664,0.1919064703040822],[0.19108832364796491,0.1919064703040822,0.19218194093672286,0.1919064703040822,0.19108832364796491]],[[0.19250658860687347,0.19326539837777679,0.19352082793708078,0.19326539837777679,0.19250658860687347],[0.19326539837777679,0.19398825981160228,0.19423316848146749,0.19398825981160228,0.19326539837777679],[0.19352082793708078,0.19423316848146749,0.19447457011443861,0.19423316848146749,0.19352082793708078],[0.19326539837777679,0.19398825981160228,0.19423316848146749,0.19398825981160228,0.19326539837777679],[0.19250658860687347,0.19326539837777679,0.19352082793708078,0.19326539837777679,0.19250658860687347]],[[0.19382404949507703,0.19453019608728703,0.19476779879665962,0.19453019608728703,0.19382404949507703],[0.19453019608728703,0.19520442013409231,0.19543273377053666,0.19520442013409231,0.19453019608728703],[0.19476779879665962,0.19543273377053666,0.19565795097575003,0.19543273377053666,0.19476779879665962],[0.19453019608728703,0.19520442013409231,0.19543273377053666,0.19520442013409231,0.19453019608728703],[0.19382404949507703,0.19453019608728703,0.19476779879665962,0.19453019608728703,0.19382404949507703]],[[0.1950526607943989,0.19571271002527924,0.19593467653244812,0.19571271002527924,0.1950526607943989],[0.19571271002527924,0.19634469091344703,0.19655856342796335,0.19634469091344703,0.19571271002527924],[0.19593467653244812,0.19655856342796335,0.19676973787409063,0.19655856342796335,0.19593467653244812],[0.19571271002527924,0.19634469091344703,0.19655856342796335,0.19634469091344703,0.19571271002527924],[0.1950526607943989,0.19571271002527924,0.19593467653244812,0.19571271002527924,0.1950526607943989]],[[0.19620397088714461,0.1968241572610476,0.19703257744780717,0.1968241572610476,0.19620397088714461],[0.1968241572610476,0.19741985682258234,0.19762130507907019,0.19741985682258234,0.1968241572610476],[0.19703257744780717,0.19762130507907019,0.19782042929253466,0.19762130507907019,0.19703257744780717],[0.1968241572610476,0.19741985682258234,0.19762130507907019,0.19741985682258234,0.1968241572610476],[0.19620397088714461,0.1968241572610476,0.19703257744780717,0.1968241572610476,0.19620397088714461]],[[0.19728878439086109,0.19787485883479414,0.19807166818858954,0.19787485883479414,0.19728878439086109],[0.19787485883479414,0.19843969329831587,0.198