{"M_cells":[[[0,0,0,0,0,0,0],[0,0,0,0,0,0,0],[0,0,0,0,0,0,0],[0,0,0,0,0,0,0],[0,0,0,0,0,0,0],[0,0,0,0,0,0,0],[0,0,0,0,0,0,0]],[[1.4204183044171856E-9,8.2081829155702161E-9,7.3026848704014922E-9,1.0683535984473831E-8,7.3026848704014922E-9,8.2081829155702161E-9,1.4204183044171856E-9],[8.2081829155702161E-9,3.498234083337655E-8,3.1976585404305613E-8,4.5188969430835667E-8,3.1976585404305613E-8,3.4982340833376557E-8,8.2081829155702161E-9],[7.3026848704014922E-9,3.1976585404305613E-8,3.9257121176616905E-8,4.6577431157552558E-8,3.9257121176616905E-8,3.1976585404305613E-8,7.3026848704014914E-9],[1.0683535984473831E-8,4.5188969430835667E-8,4.6577431157552558E-8,6.14561968354865E-8,4.6577431157552558E-8,4.5188969430835661E-8,1.0683535984473831E-8],[7.3026848704014922E-9,3.1976585404305613E-8,3.9257121176616905E-8,4.6577431157552558E-8,3.9257121176616905E-8,3.1976585404305613E-8,7.3026848704014914E-9],[8.2081829155702161E-9,3.4982340833376557E-8,3.1976585404305613E-8,4.5188969430835661E-8,3.1976585404305613E-8,3.4982340833376557E-8,8.2081829155702161E-9],[1.4204183044171856E-9,8.2081829155702161E-9,7.3026848704014914E-9,1.0683535984473831E-8,7.3026848704014914E-9,8.2081829155702161E-9,1.4204183044171856E-9]],[[9.9839183451154818E-9,3.2864657369637988E-8,2.9847898636259371E-8,4.160200224085471E-8,2.9847898636259371E-8,3.2864657369637988E-8,9.9839183451154818E-9],[3.2864657369637988E-8,8.6412865803801452E-8,8.0475214281287538E-8,1.0793184944549676E-7,8.0475214281287538E-8,8.6412865803801465E-8,3.2864657369637988E-8],[2.9847898636259371E-8,8.0475214281287538E-8,9.532216163686029E-8,1.1022276807777733E-7,9.532216163686029E-8,8.0475214281287538E-8,2.9847898636259371E-8],[4.160200224085471E-8,1.0793184944549676E-7,1.1022276807777733E-7,1.3995434428181963E-7,1.1022276807777733E-7,1.0793184944549678E-7,4.160200224085471E-8],[2.9847898636259371E-8,8.0475214281287538E-8,9.532216163686029E-8,1.1022276807777733E-7,9.532216163686029E-8,8.0475214281287538E-8,2.9847898636259371E-8],[3.2864657369637988E-8,8.6412865803801465E-8,8.0475214281287538E-8,1.0793184944549678E-7,8.0475214281287538E-8,8.6412865803801465E-8,3.2864657369637988E-8],[9.9839183451154818E-9,3.2864657369637988E-8,2.9847898636259371E-8,4.160200224085471E-8,2.9847898636259371E-8,3.2864657369637988E-8,9.9839183451154818E-9]],[[2.9883525339008058E-8,7.3950105524098441E-8,6.819153140928882E-8,9.1413292428051845E-8,6.8191531409288834E-8,7.3950105524098441E-8,2.9883525339008058E-8],[7.3950105524098441E-8,1.5425340183763551E-7,1.4546059551166023E-7,1.8778702772432456E-7,1.4546059551166025E-7,1.5425340183763554E-7,7.3950105524098441E-8],[6.819153140928882E-8,1.4546059551166023E-7,1.6801749390504243E-7,1.9064188346717554E-7,1.6801749390504245E-7,1.4546059551166025E-7,6.8191531409288834E-8],[9.1413292428051845E-8,1.8778702772432456E-7,1.9064188346717554E-7,2.35178477078839E-7,1.9064188346717554E-7,1.8778702772432456E-7,9.1413292428051845E-8],[6.8191531409288834E-8,1.4546059551166025E-7,1.6801749390504245E-7,1.9064188346717554E-7,1.6801749390504243E-7,1.4546059551166025E-7,6.819153140928882E-8],[7.3950105524098441E-8,1.5425340183763554E-7,1.4546059551166025E-7,1.8778702772432456E-7,1.4546059551166025E-7,1.5425340183763554E-7,7.3950105524098441E-8],[2.9883525339008058E-8,7.3950105524098441E-8,6.8191531409288834E-8,9.1413292428051845E-8,6.819153140928882E-8,7.3950105524098441E-8,2.9883525339008058E-8]],[[6.3414415910627319E-8,1.3145413607553472E-7,1.226447641188736E-7,1.5924815915879736E-7,1.226447641188736E-7,1.3145413607553472E-7,6.3414415910627319E-8],[1.3145413607553472E-7,2.384982193024334E-7,2.2693090896469704E-7,2.8450527942125381E-7,2.2693090896469704E-7,2.384982193024334E-7,1.3145413607553472E-7],[1.226447641188736E-7,2.2693090896469704E-7,2.5727953221635544E-7,2.8770942586613656E-7,2.5727953221635544E-7,2.2693090896469704E-7,1.226447641188736E-7],[1.5924815915879736E-7,2.8450527942125381E-7,2.8770942586613656E-7,3.4700360253138349E-7,2.8770942586613656E-7,2.8450527942125381E-7,1.5924815915879736E-7],[1.226447641188736E-7,2.2693090896469704E-7,2.5727953221635544E-7,2.8770942586613656E-7,2.5727953221635544E-7,2.2693090896469704E-7,1.226447641188736E-7],[1.3145413607553472E-7,2.384982193024334E-7,2.2693090896469704E-7,2.8450527942125381E-7,2.2693090896469704E-7,2.384982193024334E-7,1.3145413607553472E-7],[6.3414415910627319E-8,1.3145413607553472E-7,1.226447641188736E-7,1.5924815915879736E-7,1.226447641188736E-7,1.3145413607553472E-7,6.3414415910627319E-8]],[[1.1183154509794644E-7,2.0536553060956798E-7,1.9337162944714038E-7,2.4453547536190572E-7,1.9337162944714038E-7,2.0536553060956798E-7,1.1183154509794644E-7],[2.0536553060956798E-7,3.391301889704315E-7,3.2486227931392107E-7,3.9790687574686176E-7,3.2486227931392107E-7,3.391301889704315E-7,2.0536553060956798E-7],[1.9337162944714038E-7,3.2486227931392107E-7,3.6304553874053631E-7,4.013237962200355E-7,3.6304553874053637E-7,3.2486227931392107E-7,1.9337162944714038E-7],[2.4453547536190572E-7,3.9790687574686176E-7,4.013237962200355E-7,4.7532852693363022E-7,4.013237962200355E-7,3.9790687574686176E-7,2.4453547536190572E-7],[1.9337162944714038E-7,3.2486227931392107E-7,3.6304553874053637E-7,4.013237962200355E-7,3.6304553874053637E-7,3.2486227931392107E-7,1.9337162944714038E-7],[2.0536553060956798E-7,3.391301889704315E-7,3.2486227931392107E-7,3.9790687574686176E-7,3.2486227931392107E-7,3.391301889704315E-7,2.0536553060956798E-7],[1.1183154509794644E-7,2.0536553060956798E-7,1.9337162944714038E-7,2.4453547536190572E-7,1.9337162944714038E-7,2.0536553060956798E-7,1.1183154509794644E-7]],[[1.7581744950793724E-7,2.9566816845024219E-7,2.8044801070766784E-7,3.4689259202239363E-7,2.8044801070766784E-7,2.9566816845024219E-7,1.7581744950793724E-7],[2.9566816845024219E-7,4.5612350962030521E-7,4.3921833739934738E-7,5.2785706077533218E-7,4.3921833739934738E-7,4.5612350962030521E-7,2.9566816845024219E-7],[2.8044801070766784E-7,4.3921833739934738E-7,4.8525465864474771E-7,5.3139965578256879E-7,4.8525465864474771E-7,4.3921833739934738E-7,2.8044801070766784E-7],[3.4689259202239363E-7,5.2785706077533218E-7,5.3139965578256879E-7,6.20068346525676E-7,5.3139965578256879E-7,5.2785706077533218E-7,3.4689259202239368E-7],[2.8044801070766784E-7,4.3921833739934738E-7,4.8525465864474771E-7,5.3139965578256879E-7,4.8525465864474771E-7,4.3921833739934738E-7,2.8044801070766784E-7],[2.9566816845024219E-7,4.5612350962030521E-7,4.3921833739934738E-7,5.2785706077533218E-7,4.3921833739934738E-7,4.5612350962030521E-7,2.9566816845024219E-7],[1.7581744950793724E-7,2.9566816845024219E-7,2.8044801070766784E-7,3.4689259202239368E-7,2.8044801070766784E-7,2.9566816845024219E-7,1.7581744950793724E-7]],[[2.557379509591319E-7,4.0233989885036421E-7,3.8389728200200856E-7,4.6605644039189338E-7,3.8389728200200856E-7,4.0233989885036421E-7,2.557379509591319E-7],[4.0233989885036421E-7,5.8944594260065978E-7,5.699558394851874E-7,6.74250361515771E-7,5.699558394851874E-7,5.8944594260065978E-7,4.0233989885036421E-7],[3.8389728200200856E-7,5.699558394851874E-7,6.2384820826210569E-7,6.77862882767868E-7,6.2384820826210569E-7,5.699558394851874E-7,3.8389728200200856E-7],[4.6605644039189338E-7,6.74250361515771E-7,6.77862882767868E-7,7.8114939195051236E-7,6.77862882767868E-7,6.74250361515771E-7,4.6605644039189343E-7],[3.8389728200200856E-7,5.699558394851874E-7,6.2384820826210569E-7,6.77862882767868E-7,6.2384820826210569E-7,5.699558394851874E-7,3.8389728200200856E-7],[4.0233989885036421E-7,5.8944594260065978E-7,5.699558394851874E-7,6.74250361515771E-7,5.699558394851874E-7,5.8944594260065978E-7,4.0233989885036421E-7],[2.557379509591319E-7,4.0233989885036421E-7,3.8389728200200856E-7,4.6605644039189343E-7,3.8389728200200856E-7,4.0233989885036421E-7,2.557379509591319E-7]],[[3.5178236849199046E-7,5.2535281121295733E-7,5.0371177572176491E-7,6.0184012684976132E-7,5.0371177572176491E-7,5.2535281121295733E-7,3.5178236849199046E-7],[5.2535281121295733E-7,7.39060574811311E-7,7.1702793895296828E-7,8.3700051029509573E-7,7.1702793895296828E-7,7.39060574811311E-7,5.2535281121295733E-7],[5.0371177572176491E-7,7.1702793895296828E-7,7.7876960669835487E-7,8.4064716367930648E-7,7.7876960669835487E-7,7.1702793895296828E-7,5.0371177572176491E-7],[6.0184012684976132E-7,8.3700051029509573E-7,8.4064716367930648E-7,9.5850581086726975E-7,8.4064716367930648E-7,8.3700051029509573E-7,6.0184012684976132E-7],[5.0371177572176491E-7,7.1702793895296828E-7,7.7876960669835487E-7,8.4064716367930648E-7,7.7876960669835487E-7,7.1702793895296828E-7,5.0371177572176491E-7],[5.2535281121295733E-7,7.39060574811311E-7,7.1702793895296828E-7,8.3700051029509573E-7,7.1702793895296828E-7,7.39060574811311E-7,5.2535281121295733E-7],[3.5178236849199046E-7,5.2535281121295733E-7,5.0371177572176491E-7,6.0184012684976132E-7,5.0371177572176491E-7,5.2535281121295733E-7,3.5178236849199046E-7]],[[4.6404075291259403E-7,6.6467407480239626E-7,6.3986566840172981E-7,7.541055115410533E-7,6.3986566840172981E-7,6.6467407480239626E-7,4.6404075291259403E-7],[6.6467407480239626E-7,9.0492717376209005E-7,8.8038606800259726E-7,1.0160339450201089E-6,8.8038606800259726E-7,9.0492717376209005E-7,6.6467407480239626E-7],[6.3986566840172981E-7,8.8038606800259726E-7,9.4996416018770665E-7,1.0196916802523822E-6,9.4996416018770665E-7,8.8038606800259726E-7,6.3986566840172981E-7],[7.541055115410533E-7,1.0160339450201089E-6,1.0196916802523822E-6,1.1520772487196017E-6,1.0196916802523822E-6,1.0160339450201089E-6,7.541055115410533E-7],[6.3986566840172981E-7,8.8038606800259726E-7,9.4996416018770665E-7,1.0196916802523822E-6,9.4996416018770665E-7,8.8038606800259726E-7,6.3986566840172981E-7],[6.6467407480239626E-7,9.0492717376209005E-7,8.8038606800259726E-7,1.0160339450201089E-6,8.8038606800259726E-7,9.0492717376209005E-7,6.6467407480239626E-7],[4.6404075291259403E-7,6.6467407480239626E-7,6.3986566840172981E-7,7.541055115410533E-7,6.3986566840172981E-7,6.6467407480239626E-7,4.6404075291259403E-7]],[[5.9254669980911661E-7,8.2026692541855465E-7,7.9232268273699323E-7,9.2274583203530888E-7,7.9232268273699323E-7,8.2026692541855475E-7,5.9254669980911661E-7],[8.2026692541855465E-7,1.08700320921019E-6,1.0599810021539147E-6,1.211285598536049E-6,1.0599810021539147E-6,1.08700320921019E-6,8.2026692541855475E-7],[7.9232268273699323E-7,1.0599810021539147E-6,1.1373788063966942E-6,1.214939533554285E-6,1.1373788063966942E-6,1.0599810021539147E-6,7.9232268273699323E-7],[9.2274583203530888E-7,1.211285598536049E-6,1.214939533554285E-6,1.3618072685097916E-6,1.214939533554285E-6,1.211285598536049E-6,9.2274583203530888E-7],[7.9232268273699323E-7,1.0599810021539147E-6,1.1373788063966942E-6,1.214939533554285E-6,1.1373788063966942E-6,1.0599810021539147E-6,7.9232268273699323E-7],[8.2026692541855475E-7,1.08700320921019E-6,1.0599810021539147E-6,1.211285598536049E-6,1.0599810021539147E-6,1.08700320921019E-6,8.2026692541855465E-7],[5.9254669980911661E-7,8.2026692541855475E-7,7.9232268273699323E-7,9.2274583203530888E-7,7.9232268273699323E-7,8.2026692541855465E-7,5.9254669980911661E-7]],[[7.3730128269544508E-7,9.9209160012300466E-7,9.6104066710416347E-7,1.1076746557945869E-6,9.6104066710416347E-7,9.9209160012300487E-7,7.3730128269544508E-7],[9.9209160012300466E-7,1.2852446119567586E-6,1.2557634485533275E-6,1.4226961580725471E-6,1.2557634485533275E-6,1.2852446119567588E-6,9.9209160012300487E-7],[9.6104066710416347E-7,1.2557634485533275E-6,1.3409618695254783E-6,1.4263366659004307E-6,1.3409618695254783E-6,1.2557634485533275E-6,9.6104066710416347E-7],[1.1076746557945869E-6,1.4226961580725471E-6,1.4263366659004307E-6,1.5876422697293108E-6,1.4263366659004307E-6,1.4226961580725471E-6,1.1076746557945869E-6],[9.6104066710416347E-7,1.2557634485533275E-6,1.3409618695254783E-6,1.4263366659004307E-6,1.3409618695254783E-6,1.2557634485533275E-6,9.6104066710416347E-7],[9.9209160012300487E-7,1.2852446119567588E-6,1.2557634485533275E-6,1.4226961580725471E-6,1.2557634485533275E-6,1.2852446119567586E-6,9.9209160012300466E-7],[7.3730128269544508E-7,9.9209160012300487E-7,9.6104066710416347E-7,1.1076746557945869E-6,9.6104066710416347E-7,9.9209160012300466E-7,7.3730128269544508E-7]],[[8.9828657839254541E-7,1.1801061403668226E-6,1.1459743005751009E-6,1.3088188310632059E-6,1.1459743005751009E-6,1.1801061403668228E-6,8.9828657839254551E-7],[1.1801061403668226E-6,1.4996063305548721E-6,1.4676843599270158E-6,1.650210272544954E-6,1.4676843599270158E-6,1.4996063305548723E-6,1.1801061403668228E-6],[1.1459743005751009E-6,1.4676843599270158E-6,1.5606628469155281E-6,1.6538311201465193E-6,1.5606628469155281E-6,1.4676843599270158E-6,1.1459743005751009E-6],[1.3088188310632059E-6,1.650210272544954E-6,1.6538311201465193E-6,1.8295307456297559E-6,1.6538311201465193E-6,1.650210272544954E-6,1.3088188310632059E-6],[1.1459743005751009E-6,1.4676843599270158E-6,1.5606628469155281E-6,1.6538311201465193E-6,1.5606628469155281E-6,1.4676843599270158E-6,1.1459743005751009E-6],[1.1801061403668228E-6,1.4996063305548723E-6,1.4676843599270158E-6,1.650210272544954E-6,1.4676843599270158E-6,1.4996063305548721E-6,1.1801061403668226E-6],[8.9828657839254551E-7,1.1801061403668228E-6,1.1459743005751009E-6,1.3088188310632059E-6,1.1459743005751009E-6,1.1801061403668226E-6,8.9828657839254541E-7]],[[1.0754734148993714E-6,1.3842670444248646E-6,1.3470766771689005E-6,1.5261139714151421E-6,1.3470766771689005E-6,1.3842670444248649E-6,1.0754734148993716E-6],[1.3842670444248646E-6,1.7300427354393857E-6,1.6956950928014551E-6,1.8937753735205906E-6,1.6956950928014551E-6,1.7300427354393857E-6,1.3842670444248649E-6],[1.3470766771689005E-6,1.6956950928014551E-6,1.7964322324964082E-6,1.8973725283921243E-6,1.796432232496408E-6,1.6956950928014551E-6,1.3470766771689005E-6],[1.5261139714151421E-6,1.8937753735205906E-6,1.8973725283921243E-6,2.0874227705954395E-6,1.8973725283921241E-6,1.8937753735205906E-6,1.5261139714151421E-6],[1.3470766771689005E-6,1.6956950928014551E-6,1.796432232496408E-6,1.8973725283921241E-6,1.7964322324964078E-6,1.6956950928014549E-6,1.3470766771689005E-6],[1.3842670444248649E-6,1.7300427354393857E-6,1.6956950928014551E-6,1.8937753735205906E-6,1.6956950928014549E-6,1.7300427354393857E-6,1.3842670444248646E-6],[1.0754734148993716E-6,1.3842670444248649E-6,1.3470766771689005E-6,1.5261139714151421E-6,1.3470766771689005E-6,1.3842670444248646E-6,1.0754734148993714E-6]],[[1.2688258821419918E-6,1.6045297783273834E-6,1.5643002232854555E-6,1.7595015509387215E-6,1.5643002232854555E-6,1.6045297783273836E-6,1.2688258821419921E-6],[1.6045297783273834E-6,1.9765079094355298E-6,1.9397474790839005E-6,2.1533408951834356E-6,1.9397474790839005E-6,1.9765079094355298E-6,1.6045297783273836E-6],[1.5643002232854555E-6,1.9397474790839005E-6,2.0482213751613863E-6,2.1569117571787365E-6,2.0482213751613863E-6,1.9397474790839005E-6,1.5643002232854555E-6],[1.7595015509387215E-6,2.1533408951834356E-6,2.1569117571787365E-6,2.3612696444996882E-6,2.1569117571787365E-6,2.1533408951834356E-6,1.7595015509387215E-6],[1.5643002232854555E-6,1.9397474790839005E-6,2.0482213751613863E-6,2.1569117571787365E-6,2.0482213751613863E-6,1.9397474790839005E-6,1.5643002232854555E-6],[1.6045297783273836E-6,1.9765079094355298E-6,1.9397474790839005E-6,2.1533408951834356E-6,1.9397474790839005E-6,1.9765079094355298E-6,1.6045297783273834E-6],[1.2688258821419921E-6,1.6045297783273836E-6,1.5643002232854555E-6,1.7595015509387215E-6,1.5643002232854555E-6,1.6045297783273834E-6,1.2688258821419918E-6]],[[1.4783040071422657E-6,1.8408491655999938E-6,1.7975972207816253E-6,2.0089270268107718E-6,1.7975972207816253E-6,1.8408491655999941E-6,1.4783040071422659E-6],[1.8408491655999938E-6,2.2389558545605256E-6,2.1997938507901272E-6,2.4288577548607841E-6,2.1997938507901272E-6,2.2389558545605256E-6,1.8408491655999941E-6],[1.7975972207816253E-6,2.1997938507901272E-6,2.3159823672567654E-6,2.4324006597634754E-6,2.3159823672567654E-6,2.1997938507901272E-6,1.7975972207816253E-6],[2.0089270268107718E-6,2.4288577548607841E-6,2.4324006597634754E-6,2.651023644479745E-6,2.4324006597634754E-6,2.4288577548607841E-6,2.0089270268107718E-6],[1.7975972207816253E-6,2.1997938507901272E-6,2.3159823672567654E-6,2.4324006597634754E-6,2.3159823672567654E-6,2.1997938507901272E-6,1.7975972207816253E-6],[1.8408491655999941E-6,2.2389558545605256E-6,2.1997938507901272E-6,2.4288577548607841E-6,2.1997938507901272E-6,2.2389558545605256E-6,1.8408491655999938E-6],[1.4783040071422659E-6,1.8408491655999941E-6,1.7975972207816253E-6,2.0089270268107718E-6,1.7975972207816253E-6,1.8408491655999938E-6,1.4783040071422657E-6]],[[1.7038653727736514E-6,2.093179678570707E-6,2.0469200985600291E-6,2.2743386196089824E-6,2.0469200985600291E-6,2.093179678570707E-6,1.7038653727736514E-6],[2.093179678570707E-6,2.5173406376859514E-6,2.475787040492266E-6,2.7202780044676154E-6,2.475787040492266E-6,2.5173406376859514E-6,2.093179678570707E-6],[2.0469200985600291E-6,2.475787040492266E-6,2.5996679576694834E-6,2.7237919018647129E-6,2.5996679576694834E-6,2.475787040492266E-6,2.0469200985600291E-6],[2.2743386196089824E-6,2.7202780044676154E-6,2.7237919018647129E-6,2.9566378504203821E-6,2.7237919018647129E-6,2.7202780044676154E-6,2.2743386196089824E-6],[2.0469200985600291E-6,2.475787040492266E-6,2.5996679576694834E-6,2.7237919018647129E-6,2.5996679576694834E-6,2.475787040492266E-6,2.0469200985600291E-6],[2.093179678570707E-6,2.5173406376859514E-6,2.475787040492266E-6,2.7202780044676154E-6,2.475787040492266E-6,2.5173406376859514E-6,2.093179678570707E-6],[1.7038653727736514E-6,2.093179678570707E-6,2.0469200985600291E-6,2.2743386196089824E-6,2.0469200985600291E-6,2.093179678570707E-6,1.7038653727736514E-6]],[[1.9454661176889932E-6,2.3614756524281031E-6,2.3122215895518512E-6,2.5556865163330374E-6,2.3122215895518512E-6,2.3614756524281031E-6,1.9454661176889932E-6],[2.3614756524281031E-6,2.8116164918576307E-6,2.7676803700377522E-6,3.0275545945733255E-6,2.7676803700377522E-6,2.8116164918576307E-6,2.3614756524281031E-6],[2.3122215895518512E-6,2.7676803700377522E-6,2.8992314843277831E-6,3.0310388379586762E-6,2.8992314843277831E-6,2.7676803700377522E-6,2.3122215895518512E-6],[2.5556865163330374E-6,3.0275545945733255E-6,3.0310388379586762E-6,3.278066021148766E-6,3.0310388379586762E-6,3.0275545945733255E-6,2.5556865163330374E-6],[2.3122215895518512E-6,2.7676803700377522E-6,2.8992314843277831E-6,3.0310388379586762E-6,2.8992314843277831E-6,2.7676803700377522E-6,2.3122215895518512E-6],[2.3614756524281031E-6,2.8116164918576307E-6,2.7676803700377522E-6,3.0275545945733255E-6,2.7676803700377522E-6,2.8116164918576307E-6,2.3614756524281031E-6],[1.9454661176889932E-6,2.3614756524281031E-6,2.3122215895518512E-6,2.5556865163330374E-6,2.3122215895518512E-6,2.3614756524281031E-6,1.9454661176889932E-6]],[[2.2030615663829748E-6,2.6456914400906454E-6,2.5934548103753156E-6,2.8529223461881258E-6,2.5934548103753156E-6,2.6456914400906454E-6,2.2030615663829748E-6],[2.6456914400906454E-6,3.1217378856437495E-6,3.0754276343222455E-6,3.3506412130163965E-6,3.0754276343222455E-6,3.1217378856437495E-6,2.6456914400906454E-6],[2.5934548103753156E-6,3.0754276343222455E-6,3.2146268216656788E-6,3.3540954224462978E-6,3.2146268216656788E-6,3.0754276343222455E-6,2.5934548103753156E-6],[2.8529223461881258E-6,3.3506412130163965E-6,3.3540954224462978E-6,3.6152625056050252E-6,3.3540954224462978E-6,3.3506412130163965E-6,2.8529223461881258E-6],[2.5934548103753156E-6,3.0754276343222455E-6,3.2146268216656788E-6,3.3540954224462978E-6,3.2146268216656788E-6,3.0754276343222455E-6,2.5934548103753156E-6],[2.6456914400906454E-6,3.1217378856437495E-6,3.0754276343222455E-6,3.3506412130163965E-6,3.0754276343222455E-6,3.1217378856437495E-6,2.6456914400906454E-6],[2.2030615663829748E-6,2.6456914400906454E-6,2.5934548103753156E-6,2.8529223461881258E-6,2.5934548103753156E-6,2.6456914400906454E-6,2.2030615663829748E-6]],[[2.4766066333174425E-6,2.94578152251691E-6,2.8905732972868027E-6,3.1659988331152996E-6,2.8905732972868027E-6,2.94578152251691E-6,2.4766066333174425E-6],[2.94578152251691E-6,3.4476595695462831E-6,3.3989830836294269E-6,3.6894921730883535E-6,3.3989830836294269E-6,3.4476595695462831E-6,2.94578152251691E-6],[2.8905732972868027E-6,3.3989830836294269E-6,3.5458083394284935E-6,3.6929161449326641E-6,3.5458083394284935E-6,3.3989830836294274E-6,2.8905732972868027E-6],[3.1659988331152996E-6,3.6894921730883535E-6,3.6929161449326641E-6,3.9681821781917106E-6,3.6929161449326641E-6,3.6894921730883535E-6,3.1659988331152996E-6],[2.8905732972868027E-6,3.3989830836294269E-6,3.5458083394284935E-6,3.6929161449326641E-6,3.5458083394284935E-6,3.3989830836294274E-6,2.8905732972868027E-6],[2.94578152251691E-6,3.4476595695462831E-6,3.3989830836294274E-6,3.6894921730883535E-6,3.3989830836294274E-6,3.4476595695462835E-6,2.94578152251691E-6],[2.4766066333174425E-6,2.94578152251691E-6,2.8905732972868027E-6,3.1659988331152996E-6,2.8905732972868027E-6,2.94578152251691E-6,2.4766066333174425E-6]],[[2.7660560858973813E-6,3.2617005859176187E-6,3.2035310179681198E-6,3.4948695633534605E-6,3.20353101796812E-6,3.2617005859176187E-6,2.7660560858973813E-6],[3.2617005859176187E-6,3.7893366060292678E-6,3.7383014062343741E-6,4.0440623348279695E-6,3.7383014062343745E-6,3.7893366060292678E-6,3.2617005859176187E-6],[3.2035310179681198E-6,3.7383014062343741E-6,3.8927308699682705E-6,4.0474559822205432E-6,3.8927308699682714E-6,3.7383014062343741E-6,3.20353101796812E-6],[3.4948695633534605E-6,4.0440623348279695E-6,4.0474559822205432E-6,4.33678039087641E-6,4.0474559822205432E-6,4.0440623348279687E-6,3.4948695633534605E-6],[3.20353101796812E-6,3.7383014062343745E-6,3.8927308699682714E-6,4.0474559822205432E-6,3.8927308699682705E-6,3.7383014062343741E-6,3.20353101796812E-6],[3.2617005859176187E-6,3.7893366060292678E-6,3.7383014062343741E-6,4.0440623348279687E-6,3.7383014062343741E-6,3.7893366060292674E-6,3.2617005859176187E-6],[2.7660560858973813E-6,3.2617005859176187E-6,3.20353101796812E-6,3.4948695633534605E-6,3.20353101796812E-6,3.2617005859176187E-6,2.7660560858973813E-6]],[[3.0713647173161637E-6,3.5934035746415244E-6,3.5322823703738988E-6,3.8394888282031388E-6,3.5322823703738992E-6,3.5934035746415244E-6,3.0713647173161637E-6],[3.5934035746415244E-6,4.1467243878894E-6,4.0933377119850506E-6,4.4143070485293248E-6,4.0933377119850506E-6,4.1467243878894E-6,3.5934035746415244E-6],[3.5322823703738988E-6,4.0933377119850506E-6,4.2553496818344992E-6,4.4176703619148265E-6,4.2553496818344992E-6,4.0933377119850506E-6,3.5322823703738992E-6],[3.8394888282031388E-6,4.4143070485293248E-6,4.4176703619148265E-6,4.7210129369249664E-6,4.4176703619148265E-6,4.4143070485293248E-6,3.8394888282031388E-6],[3.5322823703738992E-6,4.0933377119850506E-6,4.2553496818344992E-6,4.4176703619148265E-6,4.2553496818344992E-6,4.0933377119850506E-6,3.5322823703738992E-6],[3.5934035746415244E-6,4.1467243878894E-6,4.0933377119850506E-6,4.4143070485293248E-6,4.0933377119850506E-6,4.1467243878894E-6,3.5934035746415244E-6],[3.0713647173161637E-6,3.5934035746415244E-6,3.5322823703738992E-6,3.8394888282031388E-6,3.5322823703738992E-6,3.5934035746415244E-6,3.0713647173161637E-6]],[[3.3924874606686397E-6,3.9408457263347005E-6,3.8767821749838862E-6,4.19981151617756E-6,3.876782174983887E-6,3.9408457263347005E-6,3.3924874606686397E-6],[3.9408457263347005E-6,4.5197786483605277E-6,4.4640475170696128E-6,4.8001821132185693E-6,4.4640475170696128E-6,4.5197786483605277E-6,3.9408457263347005E-6],[3.8767821749838862E-6,4.4640475170696128E-6,4.6336204580002832E-6,4.8035151341108519E-6,4.6336204580002832E-6,4.4640475170696128E-6,3.876782174983887E-6],[4.19981151617756E-6,4.8001821132185693E-6,4.8035151341108519E-6,5.120836022725364E-6,4.8035151341108519E-6,4.8001821132185693E-6,4.19981151617756E-6],[3.876782174983887E-6,4.4640475170696128E-6,4.6336204580002832E-6,4.8035151341108519E-6,4.6336204580002832E-6,4.4640475170696128E-6,3.876782174983887E-6],[3.9408457263347005E-6,4.5197786483605277E-6,4.4640475170696128E-6,4.8001821132185693E-6,4.4640475170696128E-6,4.5197786483605277E-6,3.9408457263347005E-6],[3.3924874606686397E-6,3.9408457263347005E-6,3.876782174983887E-6,4.19981151617756E-6,3.876782174983887E-6,3.9408457263347005E-6,3.3924874606686397E-6]],[[3.7293794641035268E-6,4.3039825942731825E-6,4.2369856639662787E-6,4.5757930377410331E-6,4.2369856639662795E-6,4.3039825942731825E-6,3.7293794641035268E-6],[4.3039825942731825E-6,4.9084554653748606E-6,4.8503867299314209E-6,5.2016437452597978E-6,4.8503867299314218E-6,4.9084554653748606E-6,4.3039825942731825E-6],[4.2369856639662787E-6,4.8503867299314209E-6,5.0274992774824551E-6,5.2049465487220564E-6,5.0274992774824551E-6,4.8503867299314218E-6,4.2369856639662795E-6],[4.5757930377410331E-6,5.2016437452597978E-6,5.2049465487220564E-6,5.5362062452487314E-6,5.2049465487220564E-6,5.2016437452597978E-6,4.5757930377410331E-6],[4.2369856639662795E-6,4.8503867299314218E-6,5.0274992774824551E-6,5.2049465487220564E-6,5.0274992774824551E-6,4.8503867299314218E-6,4.2369856639662795E-6],[4.3039825942731825E-6,4.9084554653748606E-6,4.8503867299314218E-6,5.2016437452597978E-6,4.8503867299314218E-6,4.9084554653748606E-6,4.3039825942731825E-6],[3.7293794641035268E-6,4.3039825942731825E-6,4.2369856639662795E-6,4.5757930377410331E-6,4.2369856639662795E-6,4.3039825942731825E-6,3.7293794641035268E-6]],[[4.0819961397422166E-6,4.682770060468846E-6,4.6128484691320546E-6,4.9673892716467679E-6,4.6128484691320555E-6,4.682770060468846E-6,4.0819961397422166E-6],[4.682770060468846E-6,5.3127112617049043E-6,5.2523116381906127E-6,5.6186485538418772E-6,5.2523116381906127E-6,5.3127112617049043E-6,4.682770060468846E-6],[4.6128484691320546E-6,5.2523116381906127E-6,5.4369425994358142E-6,5.6219212367485813E-6,5.4369425994358142E-6,5.2523116381906127E-6,4.6128484691320555E-6],[4.9673892716467679E-6,5.6186485538418772E-6,5.6219212367485813E-6,5.9670805734433969E-6,5.6219212367485813E-6,5.6186485538418772E-6,4.9673892716467679E-6],[4.6128484691320555E-6,5.2523116381906127E-6,5.4369425994358142E-6,5.6219212367485813E-6,5.4369425994358142E-6,5.2523116381906127E-6,4.6128484691320555E-6],[4.682770060468846E-6,5.3127112617049043E-6,5.2523116381906127E-6,5.6186485538418772E-6,5.2523116381906127E-6,5.3127112617049043E-6,4.682770060468846E-6],[4.0819961397422166E-6,4.682770060468846E-6,4.6128484691320555E-6,4.9673892716467679E-6,4.6128484691320555E-6,4.682770060468846E-6,4.0819961397422166E-6]],[[4.450293194718096E-6,5.0771643421712522E-6,5.0043266096355449E-6,5.3745565256582656E-6,5.0043266096355449E-6,5.0771643421712522E-6,4.450293194718096E-6],[5.0771643421712522E-6,5.732502802207681E-6,5.6697788963991406E-6,6.0511535211558194E-6,5.6697788963991406E-6,5.732502802207681E-6,5.0771643421712522E-6],[5.0043266096355449E-6,5.6697788963991406E-6,5.861907249042655E-6,6.0543961943026046E-6,5.861907249042655E-6,5.6697788963991406E-6,5.0043266096355449E-6],[5.3745565256582656E-6,6.0511535211558194E-6,6.0543961943026046E-6,6.4134163323740225E-6,6.0543961943026046E-6,6.0511535211558194E-6,5.3745565256582656E-6],[5.0043266096355449E-6,5.6697788963991406E-6,5.861907249042655E-6,6.0543961943026046E-6,5.861907249042655E-6,5.6697788963991406E-6,5.0043266096355449E-6],[5.0771643421712522E-6,5.732502802207681E-6,5.6697788963991406E-6,6.0511535211558194E-6,5.6697788963991406E-6,5.732502802207681E-6,5.0771643421712522E-6],[4.450293194718096E-6,5.0771643421712522E-6,5.0043266096355449E-6,5.3745565256582656E-6,5.0043266096355449E-6,5.0771643421712522E-6,4.450293194718096E-6]],[[4.8342266499183817E-6,5.4871219936647235E-6,5.4113764798718606E-6,5.797251506892093E-6,5.4113764798718606E-6,5.4871219936647235E-6,4.8342266499183817E-6],[5.4871219936647235E-6,6.1677871890359409E-6,6.1027455144634445E-6,6.4991159857804714E-6,6.1027455144634445E-6,6.1677871890359409E-6,5.4871219936647235E-6],[5.4113764798718606E-6,6.1027455144634445E-6,6.3023504047019481E-6,6.5023287685649148E-6,6.3023504047019481E-6,6.1027455144634445E-6,5.4113764798718606E-6],[5.797251506892093E-6,6.4991159857804714E-6,6.5023287685649148E-6,6.8751711892781337E-6,6.5023287685649148E-6,6.4991159857804714E-6,5.797251506892093E-6],[5.4113764798718606E-6,6.1027455144634445E-6,6.3023504047019481E-6,6.5023287685649148E-6,6.3023504047019481E-6,6.1027455144634445E-6,5.4113764798718606E-6],[5.4871219936647235E-6,6.1677871890359409E-6,6.1027455144634445E-6,6.4991159857804714E-6,6.1027455144634445E-6,6.1677871890359409E-6,5.4871219936647235E-6],[4.8342266499183817E-6,5.4871219936647235E-6,5.4113764798718606E-6,5.797251506892093E-6,5.4113764798718606E-6,5.4871219936647235E-6,4.8342266499183817E-6]],[[5.2337528502086391E-6,5.9125999047213024E-6,5.8339548377446689E-6,6.2354312986238511E-6,5.8339548377446689E-6,5.9125999047213024E-6,5.2337528502086391E-6],[5.9125999047213024E-6,6.6185218554208564E-6,6.5511688465853717E-6,6.962493628265671E-6,6.5511688465853717E-6,6.6185218554208564E-6,5.9125999047213024E-6],[5.8339548377446689E-6,6.5511688465853717E-6,6.7582295861528279E-6,6.9656766450916337E-6,6.7582295861528271E-6,6.5511688465853717E-6,5.8339548377446689E-6],[6.2354312986238511E-6,6.962493628265671E-6,6.9656766450916337E-6,7.3523031409576824E-6,6.9656766450916328E-6,6.962493628265671E-6,6.2354312986238511E-6],[5.8339548377446689E-6,6.5511688465853717E-6,6.7582295861528271E-6,6.9656766450916328E-6,6.7582295861528271E-6,6.5511688465853717E-6,5.8339548377446689E-6],[5.9125999047213024E-6,6.6185218554208564E-6,6.5511688465853717E-6,6.962493628265671E-6,6.5511688465853717E-6,6.6185218554208564E-6,5.9125999047213024E-6],[5.2337528502086391E-6,5.9125999047213024E-6,5.8339548377446689E-6,6.2354312986238511E-6,5.8339548377446689E-6,5.9125999047213024E-6,5.2337528502086391E-6]],[[5.6488284687294033E-6,6.3535552966872106E-6,6.2720187933400441E-6,6.6890533414487937E-6,6.2720187933400441E-6,6.3535552966872106E-6,5.6488284687294033E-6],[6.3535552966872106E-6,7.0846645584525143E-6,7.0150065805970239E-6,7.4412444582208648E-6,7.0150065805970239E-6,7.0846645584525143E-6,6.3535552966872106E-6],[6.2720187933400441E-6,7.0150065805970239E-6,7.229502643265945E-6,7.4443978360625394E-6,7.2295026432659458E-6,7.0150065805970239E-6,6.2720187933400441E-6],[6.6890533414487937E-6,7.4412444582208648E-6,7.4443978360625394E-6,7.8447705020964955E-6,7.4443978360625394E-6,7.4412444582208648E-6,6.6890533414487937E-6],[6.2720187933400441E-6,7.0150065805970239E-6,7.2295026432659458E-6,7.4443978360625394E-6,7.2295026432659458E-6,7.0150065805970239E-6,6.2720187933400441E-6],[6.3535552966872106E-6,7.0846645584525143E-6,7.0150065805970239E-6,7.4412444582208648E-6,7.0150065805970239E-6,7.0846645584525135E-6,6.3535552966872106E-6],[5.6488284687294033E-6,6.3535552966872106E-6,6.2720187933400441E-6,6.6890533414487937E-6,6.2720187933400441E-6,6.3535552966872106E-6,5.6488284687294033E-6]],[[6.0794105070494979E-6,6.8099457168937638E-6,6.7255257979731533E-6,7.158075417389549E-6,6.7255257979731533E-6,6.8099457168937638E-6,6.0794105070494979E-6],[6.8099457168937638E-6,7.56617337115208E-6,7.4942167275867994E-6,7.93532680243324E-6,7.4942167275867994E-6,7.56617337115208E-6,6.8099457168937638E-6],[6.7255257979731533E-6,7.4942167275867994E-6,7.71612774530648E-6,7.9384506691813921E-6,7.71612774530648E-6,7.4942167275867994E-6,6.7255257979731533E-6],[7.158075417389549E-6,7.93532680243324E-6,7.9384506691813921E-6,8.3525318942138461E-6,7.9384506691813921E-6,7.93532680243324E-6,7.158075417389549E-6],[6.7255257979731533E-6,7.4942167275867994E-6,7.71612774530648E-6,7.9384506691813921E-6,7.7161277453064818E-6,7.4942167275868E-6,6.7255257979731533E-6],[6.8099457168937638E-6,7.56617337115208E-6,7.4942167275867994E-6,7.93532680243324E-6,7.4942167275868E-6,7.56617337115208E-6,6.8099457168937638E-6],[6.0794105070494979E-6,6.8099457168937638E-6,6.7255257979731533E-6,7.158075417389549E-6,6.7255257979731533E-6,6.8099457168937638E-6,6.0794105070494979E-6]],[[6.5254562924214886E-6,7.2817290318822763E-6,7.1944336335521694E-6,7.64245563599718E-6,7.1944336335521694E-6,7.2817290318822763E-6,6.5254562924214886E-6],[7.2817290318822763E-6,8.0630066740395971E-6,7.9887576117347987E-6,8.4446992936843557E-6,7.9887576117348E-6,8.0630066740395988E-6,7.2817290318822763E-6],[7.1944336335521694E-6,7.9887576117347987E-6,8.2180633705246582E-6,8.4477937770217472E-6,8.2180633705246582E-6,7.9887576117348E-6,7.1944336335521694E-6],[7.64245563599718E-6,8.4446992936843557E-6,8.4477937770217472E-6,8.87554623504759E-6,8.4477937770217472E-6,8.4446992936843557E-6,7.64245563599718E-6],[7.1944336335521694E-6,7.9887576117348E-6,8.2180633705246582E-6,8.4477937770217472E-6,8.2180633705246582E-6,7.9887576117348E-6,7.1944336335521694E-6],[7.2817290318822763E-6,8.0630066740395988E-6,7.9887576117348E-6,8.4446992936843557E-6,7.9887576117348E-6,8.0630066740395988E-6,7.2817290318822763E-6],[6.5254562924214886E-6,7.2817290318822763E-6,7.1944336335521694E-6,7.64245563599718E-6,7.1944336335521694E-6,7.2817290318822763E-6,6.5254562924214886E-6]],[[6.9869234729972275E-6,7.7688634197875651E-6,7.6787004021914975E-6,8.1421524218008627E-6,7.6787004021914975E-6,7.7688634197875651E-6,6.9869234729972275E-6],[7.7688634197875651E-6,8.5751231463362782E-6,8.4985878602902137E-6,8.9693208600332686E-6,8.4985878602902137E-6,8.5751231463362782E-6,7.7688634197875651E-6],[7.6787004021914975E-6,8.4985878602902137E-6,8.7352682959652244E-6,8.9723860866686745E-6,8.7352682959652244E-6,8.4985878602902137E-6,7.6787004021914975E-6],[8.1421524218008627E-6,8.9693208600332686E-6,8.9723860866686745E-6,9.4137727282174822E-6,8.9723860866686745E-6,8.9693208600332686E-6,8.1421524218008627E-6],[7.6787004021914975E-6,8.4985878602902137E-6,8.7352682959652244E-6,8.9723860866686745E-6,8.7352682959652244E-6,8.4985878602902137E-6,7.6787004021914975E-6],[7.7688634197875651E-6,8.5751231463362782E-6,8.4985878602902137E-6,8.9693208600332686E-6,8.4985878602902137E-6,8.5751231463362782E-6,7.7688634197875651E-6],[6.9869234729972275E-6,7.7688634197875651E-6,7.6787004021914975E-6,8.1421524218008627E-6,7.6787004021914975E-6,7.7688634197875651E-6,6.9869234729972275E-6]],[[7.4637700116098088E-6,8.2713073621181646E-6,8.1782845160141627E-6,8.6571245026645344E-6,8.1782845160141627E-6,8.2713073621181646E-6,7.4637700116098088E-6],[8.2713073621181646E-6,9.1024817568941076E-6,9.0236663936379709E-6,9.5091507144023467E-6,9.0236663936379709E-6,9.1024817568941076E-6,8.2713073621181646E-6],[8.1782845160141627E-6,9.0236663936379709E-6,9.2677015874153233E-6,9.5121868095480668E-6,9.2677015874153233E-6,9.0236663936379709E-6,8.1782845160141627E-6],[8.6571245026645344E-6,9.5091507144023467E-6,9.5121868095480668E-6,9.9671708530605655E-6,9.5121868095480668E-6,9.5091507144023467E-6,8.6571245026645344E-6],[8.1782845160141627E-6,9.0236663936379709E-6,9.2677015874153233E-6,9.5121868095480668E-6,9.2677015874153233E-6,9.0236663936379709E-6,8.1782845160141627E-6],[8.2713073621181646E-6,9.1024817568941076E-6,9.0236663936379709E-6,9.5091507144023467E-6,9.0236663936379709E-6,9.1024817568941076E-6,8.2713073621181646E-6],[7.4637700116098088E-6,8.2713073621181646E-6,8.1782845160141627E-6,8.6571245026645344E-6,8.1782845160141627E-6,8.2713073621181646E-6,7.4637700116098088E-6]],[[7.9559541785382218E-6,8.7890196350979367E-6,8.693144687084255E-6,9.1873308987491246E-6,8.693144687084255E-6,8.7890196350979367E-6,7.9559541785382218E-6],[8.7890196350979367E-6,9.6450417549126547E-6,9.5639524154089036E-6,1.0064148344347333E-5,9.5639524154089036E-6,9.6450417549126547E-6,8.7890196350979367E-6],[8.693144687084255E-6,9.5639524154089036E-6,9.81532258942723E-6,1.0067155431361728E-5,9.81532258942723E-6,9.5639524154089036E-6,8.693144687084255E-6],[9.1873308987491246E-6,1.0064148344347333E-5,1.0067155431361728E-5,1.0535700354557021E-5,1.0067155431361728E-5,1.0064148344347333E-5,9.1873308987491246E-6],[8.693144687084255E-6,9.5639524154089036E-6,9.81532258942723E-6,1.0067155431361728E-5,9.81532258942723E-6,9.5639524154089036E-6,8.693144687084255E-6],[8.7890196350979367E-6,9.6450417549126547E-6,9.5639524154089036E-6,1.0064148344347333E-5,9.5639524154089036E-6,9.6450417549126547E-6,8.7890196350979367E-6],[7.9559541785382218E-6,8.7890196350979367E-6,8.693144687084255E-6,9.1873308987491246E-6,8.693144687084255E-6,8.7890196350979367E-6,7.9559541785382218E-6]],[[8.46343454354616E-6,9.3219593006815863E-6,9.2232399174254849E-6,9.73273091186474E-6,9.2232399174254849E-6,9.3219593006815863E-6,8.46343454354616E-6],[9.3219593006815863E-6,1.0202762660482163E-5,1.0119405402599458E-5,1.0634273501926021E-5,1.0119405402599458E-5,1.0202762660482163E-5,9.3219593006815863E-6],[9.2232399174254849E-6,1.0119405402599458E-5,1.0378090915368495E-5,1.06372517020682E-5,1.0378090915368495E-5,1.0119405402599458E-5,9.2232399174254849E-6],[9.73273091186474E-6,1.0634273501926021E-5,1.06372517020682E-5,1.1119321233286344E-5,1.06372517020682E-5,1.0634273501926021E-5,9.73273091186474E-6],[9.2232399174254849E-6,1.0119405402599458E-5,1.0378090915368495E-5,1.06372517020682E-5,1.0378090915368495E-5,1.0119405402599458E-5,9.2232399174254849E-6],[9.3219593006815863E-6,1.0202762660482163E-5,1.0119405402599458E-5,1.0634273501926021E-5,1.0119405402599458E-5,1.0202762660482163E-5,9.3219593006815863E-6],[8.46343454354616E-6,9.3219593006815863E-6,9.2232399174254849E-6,9.73273091186474E-6,9.2232399174254849E-6,9.3219593006815863E-6,8.46343454354616E-6]],[[8.9861699673926841E-6,9.8700856973170612E-6,9.768529489077104E-6,1.0293284115066271E-5,9.768529489077104E-6,9.8700856973170612E-6,8.9861699673926841E-6],[9.8700856973170612E-6,1.07756042549722E-5,1.0689985095665722E-5,1.1219486193598372E-5,1.0689985095665722E-5,1.07756042549722E-5,9.8700856973170612E-6],[9.768529489077104E-6,1.0689985095665722E-5,1.0955966437456876E-5,1.1222435625858452E-5,1.0955966437456876E-5,1.0689985095665722E-5,9.768529489077104E-6],[1.0293284115066271E-5,1.1219486193598372E-5,1.1222435625858452E-5,1.1717993735363636E-5,1.1222435625858452E-5,1.1219486193598372E-5,1.0293284115066271E-5],[9.768529489077104E-6,1.0689985095665722E-5,1.0955966437456876E-5,1.1222435625858452E-5,1.0955966437456876E-5,1.0689985095665722E-5,9.768529489077104E-6],[9.8700856973170612E-6,1.07756042549722E-5,1.0689985095665722E-5,1.1219486193598372E-5,1.0689985095665722E-5,1.07756042549722E-5,9.8700856973170612E-6],[8.9861699673926841E-6,9.8700856973170612E-6,9.768529489077104E-6,1.0293284115066271E-5,9.768529489077104E-6,9.8700856973170612E-6,8.9861699673926841E-6]],[[9.5241195929552447E-6,1.043335843050359E-5,1.0328972954159019E-5,1.0868950342381978E-5,1.0328972954159019E-5,1.043335843050359E-5,9.5241195929552447E-6],[1.043335843050359E-5,1.1363526571278735E-5,1.1275651488568969E-5,1.1819746670110418E-5,1.1275651488568969E-5,1.1363526571278735E-5,1.043335843050359E-5],[1.0328972954159019E-5,1.1275651488568969E-5,1.1548909276750653E-5,1.1822667451090951E-5,1.1548909276750653E-5,1.1275651488568969E-5,1.0328972954159019E-5],[1.0868950342381978E-5,1.1819746670110418E-5,1.1822667451090951E-5,1.2331678342319672E-5,1.1822667451090951E-5,1.1819746670110418E-5,1.0868950342381978E-5],[1.0328972954159019E-5,1.1275651488568969E-5,1.1548909276750653E-5,1.1822667451090951E-5,1.1548909276750653E-5,1.1275651488568969E-5,1.0328972954159019E-5],[1.043335843050359E-5,1.1363526571278735E-5,1.1275651488568969E-5,1.1819746670110418E-5,1.1275651488568969E-5,1.1363526571278735E-5,1.043335843050359E-5],[9.5241195929552447E-6,1.043335843050359E-5,1.0328972954159019E-5,1.0868950342381978E-5,1.0328972954159019E-5,1.043335843050359E-5,9.5241195929552447E-6]],[[1.007724283605213E-5,1.1011737363173294E-5,1.0904530124906772E-5,1.1459689678598526E-5,1.0904530124906772E-5,1.1011737363173294E-5,1.007724283605213E-5],[1.1011737363173294E-5,1.1966489883929019E-5,1.1876364818743822E-5,1.243501541631935E-5,1.1876364818743822E-5,1.1966489883929019E-5,1.1011737363173294E-5],[1.0904530124906772E-5,1.1876364818743822E-5,1.215687979306221E-5,1.2437907660150581E-5,1.215687979306221E-5,1.1876364818743822E-5,1.0904530124906772E-5],[1.1459689678598526E-5,1.243501541631935E-5,1.2437907660150581E-5,1.2960335760889992E-5,1.2437907660150581E-5,1.243501541631935E-5,1.1459689678598526E-5],[1.0904530124906772E-5,1.1876364818743822E-5,1.215687979306221E-5,1.2437907660150581E-5,1.215687979306221E-5,1.1876364818743822E-5,1.0904530124906772E-5],[1.1011737363173294E-5,1.1966489883929019E-5,1.