{"M_cells":[[[0,0,0,0,0,0,0],[0,0,0,0,0,0,0],[0,0,0,0,0,0,0],[0,0,0,0,0,0,0],[0,0,0,0,0,0,0],[0,0,0,0,0,0,0],[0,0,0,0,0,0,0]],[[1.4036374324308149E-12,8.11250493717184E-12,7.2175260321697362E-12,1.0559059291648478E-11,7.2175260321697362E-12,8.11250493717184E-12,1.4036374324308149E-12],[8.11250493717184E-12,3.4583801616071262E-11,3.1612012972755088E-11,4.4674726271074234E-11,3.1612012972755088E-11,3.4583801616071262E-11,8.11250493717184E-12],[7.2175260321697362E-12,3.1612012972755088E-11,3.8810105059960619E-11,4.6047548046364486E-11,3.8810105059960619E-11,3.1612012972755088E-11,7.2175260321697362E-12],[1.0559059291648478E-11,4.4674726271074234E-11,4.6047548046364486E-11,6.0758015035649549E-11,4.6047548046364486E-11,4.4674726271074234E-11,1.0559059291648478E-11],[7.2175260321697362E-12,3.1612012972755088E-11,3.8810105059960619E-11,4.6047548046364486E-11,3.8810105059960619E-11,3.1612012972755088E-11,7.2175260321697362E-12],[8.11250493717184E-12,3.4583801616071262E-11,3.1612012972755088E-11,4.4674726271074234E-11,3.1612012972755088E-11,3.4583801616071269E-11,8.11250493717184E-12],[1.4036374324308149E-12,8.11250493717184E-12,7.2175260321697362E-12,1.0559059291648478E-11,7.2175260321697362E-12,8.11250493717184E-12,1.4036374324308149E-12]],[[9.8715481216291954E-12,3.2504256810362207E-11,2.9520170599419481E-11,4.1146579018119983E-11,2.9520170599419481E-11,3.2504256810362207E-11,9.8715481216291954E-12],[3.2504256810362207E-11,8.5502182225901689E-11,7.9625427303368662E-11,1.0679848563990595E-10,7.9625427303368662E-11,8.5502182225901689E-11,3.2504256810362207E-11],[2.9520170599419481E-11,7.9625427303368662E-11,9.4319384388777638E-11,1.0906650248142258E-10,9.4319384388777638E-11,7.9625427303368662E-11,2.9520170599419481E-11],[4.1146579018119983E-11,1.0679848563990595E-10,1.0906650248142258E-10,1.3849258288684581E-10,1.0906650248142258E-10,1.0679848563990595E-10,4.1146579018119983E-11],[2.9520170599419481E-11,7.9625427303368662E-11,9.4319384388777638E-11,1.0906650248142258E-10,9.4319384388777638E-11,7.9625427303368662E-11,2.9520170599419481E-11],[3.2504256810362207E-11,8.5502182225901689E-11,7.9625427303368662E-11,1.0679848563990595E-10,7.9625427303368662E-11,8.5502182225901689E-11,3.2504256810362214E-11],[9.8715481216291954E-12,3.2504256810362207E-11,2.9520170599419481E-11,4.1146579018119983E-11,2.9520170599419481E-11,3.2504256810362214E-11,9.8715481216291954E-12]],[[2.9564543343978022E-11,7.3190166769662169E-11,6.7489110944239744E-11,9.0477373055936844E-11,6.7489110944239744E-11,7.3190166769662169E-11,2.9564543343978022E-11],[7.3190166769662169E-11,1.5275130475495957E-10,1.4403939549761541E-10,1.8597076415016816E-10,1.4403939549761541E-10,1.5275130475495957E-10,7.3190166769662169E-11],[6.7489110944239744E-11,1.4403939549761541E-10,1.6638678514022689E-10,1.8880112233762449E-10,1.6638678514022692E-10,1.4403939549761541E-10,6.7489110944239744E-11],[9.0477373055936844E-11,1.8597076415016816E-10,1.8880112233762449E-10,2.3292625997588389E-10,1.8880112233762449E-10,1.8597076415016818E-10,9.0477373055936844E-11],[6.7489110944239744E-11,1.4403939549761541E-10,1.6638678514022692E-10,1.8880112233762449E-10,1.6638678514022692E-10,1.4403939549761541E-10,6.7489110944239744E-11],[7.3190166769662169E-11,1.5275130475495957E-10,1.4403939549761541E-10,1.8597076415016818E-10,1.4403939549761541E-10,1.5275130475495957E-10,7.3190166769662169E-11],[2.9564543343978022E-11,7.3190166769662169E-11,6.7489110944239744E-11,9.0477373055936844E-11,6.7489110944239744E-11,7.3190166769662169E-11,2.9564543343978028E-11]],[[6.2775513328487771E-11,1.3019389547238429E-10,1.2146467594675131E-10,1.5773097946847186E-10,1.2146467594675131E-10,1.3019389547238429E-10,6.2775513328487771E-11],[1.3019389547238429E-10,2.3635934041196904E-10,2.2488612231027228E-10,2.8198040165805951E-10,2.248861223102723E-10,2.3635934041196909E-10,1.3019389547238429E-10],[1.2146467594675131E-10,2.2488612231027228E-10,2.5498371958251735E-10,2.8516202719642312E-10,2.5498371958251735E-10,2.2488612231027233E-10,1.2146467594675131E-10],[1.5773097946847186E-10,2.8198040165805951E-10,2.8516202719642312E-10,3.4396988738308585E-10,2.8516202719642318E-10,2.8198040165805951E-10,1.5773097946847186E-10],[1.2146467594675131E-10,2.248861223102723E-10,2.5498371958251735E-10,2.8516202719642318E-10,2.549837195825174E-10,2.2488612231027233E-10,1.2146467594675131E-10],[1.3019389547238429E-10,2.3635934041196909E-10,2.2488612231027233E-10,2.8198040165805951E-10,2.2488612231027233E-10,2.3635934041196909E-10,1.3019389547238429E-10],[6.2775513328487771E-11,1.3019389547238429E-10,1.2146467594675131E-10,1.5773097946847186E-10,1.2146467594675131E-10,1.3019389547238429E-10,6.2775513328487771E-11]],[[1.1077350735237696E-10,2.0353822795474266E-10,1.9164230538430762E-10,2.423798669851778E-10,1.9164230538430762E-10,2.0353822795474266E-10,1.1077350735237696E-10],[2.0353822795474266E-10,3.3634314165088203E-10,3.2217596477824087E-10,3.9468440095141309E-10,3.2217596477824087E-10,3.3634314165088203E-10,2.0353822795474266E-10],[1.9164230538430762E-10,3.2217596477824087E-10,3.6008227053179037E-10,3.9808302677930382E-10,3.6008227053179037E-10,3.2217596477824082E-10,1.9164230538430762E-10],[2.423798669851778E-10,3.9468440095141309E-10,3.9808302677930382E-10,4.7155754417719372E-10,3.9808302677930382E-10,3.9468440095141309E-10,2.423798669851778E-10],[1.9164230538430762E-10,3.2217596477824087E-10,3.6008227053179037E-10,3.9808302677930382E-10,3.6008227053179037E-10,3.2217596477824087E-10,1.9164230538430762E-10],[2.0353822795474266E-10,3.3634314165088203E-10,3.2217596477824082E-10,3.9468440095141309E-10,3.2217596477824087E-10,3.3634314165088208E-10,2.0353822795474269E-10],[1.1077350735237696E-10,2.0353822795474266E-10,1.9164230538430762E-10,2.423798669851778E-10,1.9164230538430762E-10,2.0353822795474269E-10,1.1077350735237697E-10]],[[1.7426413750359622E-10,2.9324104327597927E-10,2.7813058246596861E-10,3.4408164419387413E-10,2.7813058246596861E-10,2.9324104327597927E-10,1.7426413750359622E-10],[2.9324104327597927E-10,4.5271091669864576E-10,4.3590684193081789E-10,5.239838257893505E-10,4.3590684193081789E-10,4.5271091669864576E-10,2.9324104327597927E-10],[2.7813058246596861E-10,4.3590684193081789E-10,4.8165621809957941E-10,5.2751376388462614E-10,4.8165621809957941E-10,4.3590684193081789E-10,2.7813058246596861E-10],[3.4408164419387413E-10,5.239838257893505E-10,5.2751376388462614E-10,6.1563917378680935E-10,5.2751376388462614E-10,5.239838257893505E-10,3.4408164419387413E-10],[2.7813058246596861E-10,4.3590684193081789E-10,4.8165621809957941E-10,5.2751376388462614E-10,4.8165621809957941E-10,4.3590684193081789E-10,2.7813058246596861E-10],[2.9324104327597927E-10,4.5271091669864576E-10,4.3590684193081789E-10,5.239838257893505E-10,4.3590684193081789E-10,4.5271091669864581E-10,2.9324104327597927E-10],[1.7426413750359622E-10,2.9324104327597927E-10,2.7813058246596861E-10,3.4408164419387413E-10,2.7813058246596861E-10,2.9324104327597927E-10,1.7426413750359622E-10]],[[2.5364123025728379E-10,3.9931419016963137E-10,3.8098629234857556E-10,4.6261132814018991E-10,3.8098629234857556E-10,3.9931419016963137E-10,2.5364123025728379E-10],[3.9931419016963137E-10,5.8546442227656887E-10,5.6606976646062185E-10,6.6980838202411572E-10,5.6606976646062185E-10,5.8546442227656887E-10,3.9931419016963137E-10],[3.8098629234857556E-10,5.6606976646062185E-10,6.196813300088649E-10,6.7341476292730612E-10,6.196813300088649E-10,5.6606976646062185E-10,3.8098629234857556E-10],[4.6261132814018991E-10,6.6980838202411572E-10,6.7341476292730612E-10,7.7617562058485571E-10,6.7341476292730612E-10,6.6980838202411572E-10,4.6261132814018991E-10],[3.8098629234857556E-10,5.6606976646062185E-10,6.196813300088649E-10,6.7341476292730612E-10,6.196813300088649E-10,5.6606976646062185E-10,3.8098629234857556E-10],[3.9931419016963137E-10,5.8546442227656887E-10,5.6606976646062185E-10,6.6980838202411572E-10,5.6606976646062185E-10,5.8546442227656887E-10,3.9931419016963137E-10],[2.5364123025728379E-10,3.9931419016963137E-10,3.8098629234857556E-10,4.6261132814018991E-10,3.8098629234857556E-10,3.9931419016963137E-10,2.5364123025728379E-10]],[[3.4912481117434217E-10,5.2176374281377095E-10,5.0023554106803762E-10,5.9781867629073356E-10,5.0023554106803762E-10,5.2176374281377095E-10,3.4912481117434217E-10],[5.2176374281377095E-10,7.3460069467560522E-10,7.1265206680122271E-10,8.3210651535790556E-10,7.1265206680122271E-10,7.3460069467560522E-10,5.2176374281377095E-10],[5.0023554106803762E-10,7.1265206680122271E-10,7.7413529987875789E-10,8.3575408424133035E-10,7.7413529987875789E-10,7.1265206680122271E-10,5.0023554106803762E-10],[5.9781867629073356E-10,8.3210651535790556E-10,8.3575408424133035E-10,9.5313527561652565E-10,8.3575408424133035E-10,8.3210651535790556E-10,5.9781867629073356E-10],[5.0023554106803762E-10,7.1265206680122271E-10,7.7413529987875789E-10,8.3575408424133035E-10,7.7413529987875789E-10,7.1265206680122271E-10,5.0023554106803762E-10],[5.2176374281377095E-10,7.3460069467560522E-10,7.1265206680122271E-10,8.3210651535790556E-10,7.1265206680122271E-10,7.3460069467560532E-10,5.2176374281377095E-10],[3.4912481117434217E-10,5.2176374281377095E-10,5.0023554106803762E-10,5.9781867629073356E-10,5.0023554106803762E-10,5.2176374281377095E-10,3.4912481117434217E-10]],[[4.6083710881403758E-10,6.6059082032215544E-10,6.358864336909901E-10,7.49601232645877E-10,6.358864336909901E-10,6.6059082032215544E-10,4.6083710881403758E-10],[6.6059082032215544E-10,9.0011338113173649E-10,8.7563924155581053E-10,1.0108390258021155E-9,8.7563924155581053E-10,9.0011338113173649E-10,6.6059082032215544E-10],[6.358864336909901E-10,8.7563924155581053E-10,9.44997539701132E-10,1.014505054537037E-9,9.44997539701132E-10,8.7563924155581053E-10,6.358864336909901E-10],[7.49601232645877E-10,1.0108390258021155E-9,1.014505054537037E-9,1.1464918009545329E-9,1.014505054537037E-9,1.0108390258021155E-9,7.49601232645877E-10],[6.358864336909901E-10,8.7563924155581053E-10,9.44997539701132E-10,1.014505054537037E-9,9.44997539701132E-10,8.7563924155581053E-10,6.358864336909901E-10],[6.6059082032215544E-10,9.0011338113173649E-10,8.7563924155581053E-10,1.0108390258021155E-9,8.7563924155581053E-10,9.0011338113173649E-10,6.6059082032215544E-10],[4.6083710881403758E-10,6.6059082032215544E-10,6.358864336909901E-10,7.49601232645877E-10,6.358864336909901E-10,6.6059082032215544E-10,4.6083710881403758E-10]],[[5.8884468313259571E-10,8.1579255331549625E-10,7.8793665353156577E-10,9.1788724909621623E-10,7.8793665353156577E-10,8.1579255331549625E-10,5.8884468313259571E-10],[8.1579255331549625E-10,1.0819937443071367E-9,1.0550160097518638E-9,1.2059749319615473E-9,1.0550160097518638E-9,1.0819937443071367E-9,8.1579255331549625E-10],[7.8793665353156577E-10,1.0550160097518638E-9,1.1322489322023573E-9,1.2096447213629191E-9,1.1322489322023573E-9,1.0550160097518638E-9,7.8793665353156577E-10],[9.1788724909621623E-10,1.2059749319615473E-9,1.2096447213629191E-9,1.356222579861049E-9,1.2096447213629191E-9,1.2059749319615473E-9,9.1788724909621623E-10],[7.8793665353156577E-10,1.0550160097518638E-9,1.1322489322023573E-9,1.2096447213629191E-9,1.1322489322023573E-9,1.0550160097518638E-9,7.8793665353156577E-10],[8.1579255331549625E-10,1.0819937443071367E-9,1.0550160097518638E-9,1.2059749319615473E-9,1.0550160097518638E-9,1.0819937443071367E-9,8.1579255331549635E-10],[5.8884468313259571E-10,8.1579255331549625E-10,7.8793665353156577E-10,9.1788724909621623E-10,7.8793665353156577E-10,8.1579255331549635E-10,5.8884468313259571E-10]],[[7.3318197443100412E-10,9.8736300117427854E-10,9.5637796986628523E-10,1.1026248283869838E-9,9.5637796986628523E-10,9.8736300117427854E-10,7.3318197443100412E-10],[9.8736300117427854E-10,1.2802314089663335E-9,1.25076689240215E-9,1.4174887800896724E-9,1.25076689240215E-9,1.2802314089663335E-9,9.8736300117427854E-10],[9.5637796986628523E-10,1.25076689240215E-9,1.3358715932895971E-9,1.421152796457049E-9,1.3358715932895971E-9,1.25076689240215E-9,9.5637796986628523E-10],[1.1026248283869838E-9,1.4174887800896724E-9,1.421152796457049E-9,1.5823076571471112E-9,1.421152796457049E-9,1.4174887800896724E-9,1.1026248283869838E-9],[9.5637796986628523E-10,1.25076689240215E-9,1.3358715932895971E-9,1.421152796457049E-9,1.3358715932895971E-9,1.25076689240215E-9,9.5637796986628523E-10],[9.8736300117427854E-10,1.2802314089663335E-9,1.25076689240215E-9,1.4174887800896724E-9,1.25076689240215E-9,1.2802314089663335E-9,9.8736300117427854E-10],[7.3318197443100412E-10,9.8736300117427854E-10,9.5637796986628523E-10,1.1026248283869838E-9,9.5637796986628523E-10,9.8736300117427854E-10,7.3318197443100412E-10]],[[8.9386461083672309E-10,1.1752939410923157E-9,1.1411989016406906E-9,1.3037749976079298E-9,1.1411989016406906E-9,1.1752939410923157E-9,8.9386461083672309E-10],[1.1752939410923157E-9,1.4948149103678452E-9,1.4628765239603067E-9,1.6453588846047329E-9,1.4628765239603067E-9,1.4948149103678452E-9,1.1752939410923157E-9],[1.1411989016406906E-9,1.4628765239603067E-9,1.5558486650842925E-9,1.6490109303875929E-9,1.5558486650842925E-9,1.4628765239603067E-9,1.1411989016406906E-9],[1.3037749976079298E-9,1.6453588846047329E-9,1.6490109303875929E-9,1.8247290117650683E-9,1.6490109303875929E-9,1.6453588846047327E-9,1.3037749976079298E-9],[1.1411989016406906E-9,1.4628765239603067E-9,1.5558486650842925E-9,1.6490109303875929E-9,1.5558486650842925E-9,1.4628765239603065E-9,1.1411989016406906E-9],[1.1752939410923157E-9,1.4948149103678452E-9,1.4628765239603067E-9,1.6453588846047327E-9,1.4628765239603065E-9,1.4948149103678452E-9,1.1752939410923157E-9],[8.9386461083672309E-10,1.1752939410923157E-9,1.1411989016406906E-9,1.3037749976079298E-9,1.1411989016406906E-9,1.1752939410923157E-9,8.9386461083672309E-10]],[[1.0708970310768712E-9,1.3795755097677279E-9,1.3423862785604114E-9,1.5213072721955014E-9,1.3423862785604112E-9,1.3795755097677279E-9,1.0708970310768712E-9],[1.3795755097677279E-9,1.7257320929055033E-9,1.6913298103931831E-9,1.8895661716024952E-9,1.6913298103931829E-9,1.7257320929055031E-9,1.3795755097677279E-9],[1.3423862785604114E-9,1.6913298103931831E-9,1.7921641448854559E-9,1.8932022124368759E-9,1.7921641448854556E-9,1.6913298103931831E-9,1.3423862785604114E-9],[1.5213072721955014E-9,1.8895661716024952E-9,1.8932022124368759E-9,2.0834700553213108E-9,1.8932022124368759E-9,1.8895661716024952E-9,1.5213072721955014E-9],[1.3423862785604112E-9,1.6913298103931829E-9,1.7921641448854556E-9,1.8932022124368759E-9,1.7921641448854556E-9,1.6913298103931831E-9,1.3423862785604114E-9],[1.3795755097677279E-9,1.7257320929055031E-9,1.6913298103931831E-9,1.8895661716024952E-9,1.6913298103931831E-9,1.7257320929055033E-9,1.3795755097677279E-9],[1.0708970310768712E-9,1.3795755097677279E-9,1.3423862785604114E-9,1.5213072721955014E-9,1.3423862785604114E-9,1.3795755097677279E-9,1.0708970310768712E-9]],[[1.2642769224649724E-9,1.6001967064991555E-9,1.559926146087439E-9,1.7551968030550211E-9,1.5599261460874388E-9,1.6001967064991555E-9,1.2642769224649724E-9],[1.6001967064991555E-9,1.9729703972010191E-9,1.9361120018653337E-9,2.1500934143879074E-9,1.9361120018653337E-9,1.9729703972010191E-9,1.6001967064991555E-9],[1.559926146087439E-9,1.9361120018653337E-9,2.044802748253305E-9,2.1537108241108254E-9,2.044802748253305E-9,1.9361120018653337E-9,1.559926146087439E-9],[1.7551968030550211E-9,2.1500934143879074E-9,2.1537108241108254E-9,2.3585152846953488E-9,2.1537108241108254E-9,2.1500934143879074E-9,1.7551968030550211E-9],[1.5599261460874388E-9,1.9361120018653337E-9,2.044802748253305E-9,2.1537108241108254E-9,2.044802748253305E-9,1.9361120018653337E-9,1.559926146087439E-9],[1.6001967064991555E-9,1.9729703972010191E-9,1.9361120018653337E-9,2.1500934143879074E-9,1.9361120018653337E-9,1.9729703972010191E-9,1.6001967064991555E-9],[1.2642769224649724E-9,1.6001967064991555E-9,1.559926146087439E-9,1.7551968030550211E-9,1.559926146087439E-9,1.6001967064991555E-9,1.2642769224649724E-9]],[[1.473997853213041E-9,1.837145777474695E-9,1.7938042823619083E-9,2.0054225334512707E-9,1.7938042823619083E-9,1.837145777474695E-9,1.473997853213041E-9],[1.837145777474695E-9,2.23651706499183E-9,2.1972087191994767E-9,2.4269247249762413E-9,2.1972087191994767E-9,2.23651706499183E-9,1.837145777474695E-9],[1.7938042823619083E-9,2.1972087191994767E-9,2.3137498015283268E-9,2.4305217977389487E-9,2.3137498015283268E-9,2.1972087191994767E-9,1.7938042823619083E-9],[2.0054225334512707E-9,2.4269247249762413E-9,2.4305217977389487E-9,2.6498500400875873E-9,2.4305217977389487E-9,2.4269247249762413E-9,2.0054225334512707E-9],[1.7938042823619083E-9,2.1972087191994767E-9,2.3137498015283268E-9,2.4305217977389487E-9,2.3137498015283268E-9,2.1972087191994767E-9,1.7938042823619083E-9],[1.837145777474695E-9,2.23651706499183E-9,2.1972087191994767E-9,2.4269247249762413E-9,2.1972087191994767E-9,2.23651706499183E-9,1.837145777474695E-9],[1.473997853213041E-9,1.837145777474695E-9,1.7938042823619083E-9,2.0054225334512707E-9,1.7938042823619083E-9,1.837145777474695E-9,1.473997853213041E-9]],[[1.7000508656908471E-9,2.0904105035032069E-9,2.0440064872741331E-9,2.271966002304217E-9,2.0440064872741331E-9,2.0904105035032069E-9,1.7000508656908471E-9],[2.0904105035032069E-9,2.5163592839554506E-9,2.4746059563373594E-9,2.7200452134705722E-9,2.4746059563373594E-9,2.5163592839554506E-9,2.0904105035032069E-9],[2.0440064872741331E-9,2.4746059563373594E-9,2.5989911583976156E-9,2.7236208471639728E-9,2.5989911583976156E-9,2.4746059563373594E-9,2.0440064872741331E-9],[2.271966002304217E-9,2.7200452134705722E-9,2.7236208471639728E-9,2.9574603353911495E-9,2.7236208471639728E-9,2.7200452134705722E-9,2.271966002304217E-9],[2.0440064872741331E-9,2.4746059563373594E-9,2.5989911583976156E-9,2.7236208471639728E-9,2.5989911583976156E-9,2.4746059563373594E-9,2.0440064872741331E-9],[2.0904105035032069E-9,2.5163592839554506E-9,2.4746059563373594E-9,2.7200452134705722E-9,2.4746059563373594E-9,2.5163592839554506E-9,2.0904105035032069E-9],[1.7000508656908471E-9,2.0904105035032069E-9,2.0440064872741331E-9,2.271966002304217E-9,2.0440064872741331E-9,2.0904105035032069E-9,1.7000508656908471E-9]],[[1.9424254611178679E-9,2.3599784119293191E-9,2.3105187390015316E-9,2.5548105628686675E-9,2.3105187390015316E-9,2.3599784119293191E-9,1.9424254611178679E-9],[2.3599784119293191E-9,2.8124842889522455E-9,2.7682900711622937E-9,3.0294407580319433E-9,2.7682900711622937E-9,2.8124842889522455E-9,2.3599784119293191E-9],[2.3105187390015316E-9,2.7682900711622937E-9,2.9005131354342805E-9,3.0329942480120128E-9,2.9005131354342805E-9,2.7682900711622937E-9,2.3105187390015316E-9],[2.5548105628686675E-9,3.0294407580319433E-9,3.0329942480120128E-9,3.2813327383035821E-9,3.0329942480120128E-9,3.0294407580319433E-9,2.5548105628686675E-9],[2.3105187390015316E-9,2.7682900711622937E-9,2.9005131354342805E-9,3.0329942480120128E-9,2.9005131354342805E-9,2.7682900711622937E-9,2.3105187390015316E-9],[2.3599784119293191E-9,2.8124842889522455E-9,2.7682900711622937E-9,3.0294407580319433E-9,2.7682900711622937E-9,2.8124842889522455E-9,2.3599784119293191E-9],[1.9424254611178679E-9,2.3599784119293191E-9,2.3105187390015316E-9,2.5548105628686675E-9,2.3105187390015316E-9,2.3599784119293191E-9,1.9424254611178679E-9]],[[2.2011102205748709E-9,2.6458369304300787E-9,2.59332727437252E-9,2.8539408694146449E-9,2.59332727437252E-9,2.6458369304300787E-9,2.2011102205748709E-9],[2.6458369304300787E-9,3.1248794318281844E-9,3.0782477713681906E-9,3.3550978480315474E-9,3.0782477713681906E-9,3.1248794318281844E-9,2.6458369304300787E-9],[2.59332727437252E-9,3.0782477713681906E-9,3.218302462253466E-9,3.3586287521461664E-9,3.218302462253466E-9,3.0782477713681906E-9,2.59332727437252E-9],[2.8539408694146449E-9,3.3550978480315474E-9,3.3586287521461664E-9,3.621454284727485E-9,3.3586287521461664E-9,3.3550978480315474E-9,2.8539408694146449E-9],[2.59332727437252E-9,3.0782477713681906E-9,3.218302462253466E-9,3.3586287521461664E-9,3.218302462253466E-9,3.0782477713681906E-9,2.59332727437252E-9],[2.6458369304300787E-9,3.1248794318281844E-9,3.0782477713681906E-9,3.3550978480315474E-9,3.0782477713681906E-9,3.1248794318281844E-9,2.6458369304300787E-9],[2.2011102205748709E-9,2.6458369304300787E-9,2.59332727437252E-9,2.8539408694146449E-9,2.59332727437252E-9,2.6458369304300787E-9,2.2011102205748709E-9]],[[2.4760932038813772E-9,2.9479734970363206E-9,2.8924186261375894E-9,3.1693425375417717E-9,2.8924186261375894E-9,2.9479734970363206E-9,2.4760932038813772E-9],[2.9479734970363206E-9,3.4535322286458371E-9,3.404466098839868E-9,3.6970034758439126E-9,3.404466098839868E-9,3.4535322286458371E-9,2.9479734970363206E-9],[2.8924186261375894E-9,3.404466098839868E-9,3.5523462427357512E-9,3.7005115257409691E-9,3.5523462427357512E-9,3.404466098839868E-9,2.8924186261375894E-9],[3.1693425375417717E-9,3.6970034758439126E-9,3.7005115257409691E-9,3.9778124168590616E-9,3.7005115257409691E-9,3.6970034758439126E-9,3.1693425375417717E-9],[2.8924186261375894E-9,3.404466098839868E-9,3.5523462427357512E-9,3.7005115257409691E-9,3.5523462427357512E-9,3.404466098839868E-9,2.8924186261375894E-9],[2.9479734970363206E-9,3.4535322286458371E-9,3.404466098839868E-9,3.6970034758439126E-9,3.404466098839868E-9,3.4535322286458371E-9,2.9479734970363206E-9],[2.4760932038813772E-9,2.9479734970363206E-9,2.8924186261375894E-9,3.1693425375417717E-9,2.8924186261375894E-9,2.9479734970363206E-9,2.4760932038813772E-9]],[[2.7673622097088473E-9,3.2663756376189507E-9,3.2077796363833595E-9,3.501001917472328E-9,3.2077796363833595E-9,3.2663756376189507E-9,2.7673622097088473E-9],[3.2663756376189507E-9,3.798430390776479E-9,3.746932414220341E-9,4.0551450611100808E-9,3.746932414220341E-9,3.798430390776479E-9,3.2663756376189507E-9],[3.2077796363833595E-9,3.746932414220341E-9,3.9026319245230708E-9,4.0586301037128578E-9,3.9026319245230708E-9,3.746932414220341E-9,3.2077796363833595E-9],[3.501001917472328E-9,4.0551450611100808E-9,4.0586301037128578E-9,4.3503949376725681E-9,4.0586301037128578E-9,4.0551450611100808E-9,3.501001917472328E-9],[3.2077796363833595E-9,3.746932414220341E-9,3.9026319245230708E-9,4.0586301037128578E-9,3.9026319245230708E-9,3.7469324142203419E-9,3.2077796363833595E-9],[3.2663756376189507E-9,3.798430390776479E-9,3.746932414220341E-9,4.0551450611100808E-9,3.7469324142203419E-9,3.79843039077648E-9,3.2663756376189512E-9],[2.7673622097088473E-9,3.2663756376189507E-9,3.2077796363833595E-9,3.501001917472328E-9,3.2077796363833595E-9,3.2663756376189512E-9,2.7673622097088477E-9]],[[3.0749049470817355E-9,3.60103101944701E-9,3.5393974571385588E-9,3.8489059411826145E-9,3.5393974571385588E-9,3.6010310194470102E-9,3.0749049470817355E-9],[3.60103101944701E-9,4.1595618444936653E-9,4.1056343823740622E-9,4.4295103967679837E-9,4.1056343823740622E-9,4.1595618444936653E-9,3.6010310194470102E-9],[3.5393974571385588E-9,4.1056343823740622E-9,4.2691472746369441E-9,4.4329723554977552E-9,4.2691472746369441E-9,4.1056343823740622E-9,3.5393974571385588E-9],[3.8489059411826145E-9,4.4295103967679837E-9,4.4329723554977552E-9,4.7391899767728987E-9,4.4329723554977552E-9,4.4295103967679837E-9,3.8489059411826145E-9],[3.5393974571385588E-9,4.1056343823740622E-9,4.2691472746369441E-9,4.4329723554977552E-9,4.2691472746369441E-9,4.1056343823740622E-9,3.5393974571385588E-9],[3.6010310194470102E-9,4.1595618444936653E-9,4.1056343823740622E-9,4.4295103967679837E-9,4.1056343823740622E-9,4.1595618444936661E-9,3.6010310194470106E-9],[3.0749049470817355E-9,3.6010310194470102E-9,3.5393974571385588E-9,3.8489059411826145E-9,3.5393974571385588E-9,3.6010310194470106E-9,3.0749049470817359E-9]],[[3.3987091491279675E-9,3.9519274872918229E-9,3.8872595444194594E-9,4.2130420180051672E-9,3.8872595444194594E-9,3.9519274872918229E-9,3.3987091491279675E-9],[3.9519274872918229E-9,4.5369147423969914E-9,4.4805599589535089E-9,4.8200876097321175E-9,4.4805599589535089E-9,4.5369147423969914E-9,3.9519274872918229E-9],[3.8872595444194594E-9,4.4805599589535089E-9,4.6518803595907059E-9,4.8235264587121205E-9,4.6518803595907059E-9,4.4805599589535089E-9,3.8872595444194594E-9],[4.2130420180051672E-9,4.8200876097321175E-9,4.8235264587121205E-9,5.1441859641394459E-9,4.8235264587121205E-9,4.8200876097321175E-9,4.2130420180051672E-9],[3.8872595444194594E-9,4.4805599589535089E-9,4.6518803595907059E-9,4.8235264587121205E-9,4.6518803595907059E-9,4.4805599589535089E-9,3.8872595444194594E-9],[3.9519274872918229E-9,4.5369147423969914E-9,4.4805599589535089E-9,4.8200876097321175E-9,4.4805599589535089E-9,4.5369147423969914E-9,3.9519274872918237E-9],[3.3987091491279675E-9,3.9519274872918229E-9,3.8872595444194594E-9,4.2130420180051672E-9,3.8872595444194594E-9,3.9519274872918237E-9,3.3987091491279679E-9]],[[3.738762648507475E-9,4.3190530868877795E-9,4.2513536491703012E-9,4.5933979621934318E-9,4.2513536491703012E-9,4.3190530868877795E-9,3.738762648507475E-9],[4.3190530868877795E-9,4.930477469046646E-9,4.8716973780359452E-9,5.2268651314700064E-9,4.8716973780359452E-9,4.930477469046646E-9,4.3190530868877795E-9],[4.2513536491703012E-9,4.8716973780359452E-9,5.0508195287797671E-9,5.23028087829904E-9,5.0508195287797671E-9,4.8716973780359452E-9,4.2513536491703012E-9],[4.5933979621934318E-9,5.2268651314700064E-9,5.23028087829904E-9,5.5653716093540411E-9,5.23028087829904E-9,5.2268651314700064E-9,4.5933979621934318E-9],[4.2513536491703012E-9,4.8716973780359452E-9,5.0508195287797671E-9,5.23028087829904E-9,5.0508195287797671E-9,4.8716973780359452E-9,4.2513536491703012E-9],[4.3190530868877795E-9,4.930477469046646E-9,4.8716973780359452E-9,5.2268651314700064E-9,4.8716973780359452E-9,4.9304774690466469E-9,4.31905308688778E-9],[3.738762648507475E-9,4.3190530868877795E-9,4.2513536491703012E-9,4.5933979621934318E-9,4.2513536491703012E-9,4.31905308688778E-9,3.7387626485074759E-9]],[[4.09505342702141E-9,4.7023960792819077E-9,4.6316678069506578E-9,4.9899619416540957E-9,4.6316678069506578E-9,4.7023960792819077E-9,4.09505342702141E-9],[4.7023960792819077E-9,5.3402386425006633E-9,5.2790351406928319E-9,5.6498316752848171E-9,5.2790351406928319E-9,5.3402386425006633E-9,4.7023960792819077E-9],[4.6316678069506578E-9,5.2790351406928319E-9,5.465953400247097E-9,5.6532243494914458E-9,5.465953400247097E-9,5.2790351406928319E-9,4.6316678069506578E-9],[4.9899619416540957E-9,5.6498316752848171E-9,5.6532243494914458E-9,6.0027358846392132E-9,5.6532243494914458E-9,5.6498316752848171E-9,4.9899619416540957E-9],[4.6316678069506578E-9,5.2790351406928319E-9,5.465953400247097E-9,5.6532243494914458E-9,5.465953400247097E-9,5.2790351406928319E-9,4.6316678069506578E-9],[4.7023960792819077E-9,5.3402386425006633E-9,5.2790351406928319E-9,5.6498316752848171E-9,5.2790351406928319E-9,5.3402386425006633E-9,4.7023960792819085E-9],[4.09505342702141E-9,4.7023960792819077E-9,4.6316678069506578E-9,4.9899619416540957E-9,4.6316678069506578E-9,4.7023960792819085E-9,4.0950534270214107E-9]],[[4.4675696476108336E-9,5.1019449486489847E-9,5.0281903273144616E-9,5.4027224407569611E-9,5.0281903273144616E-9,5.1019449486489847E-9,4.4675696476108336E-9],[5.1019449486489847E-9,5.7661871129561624E-9,5.7025620043246334E-9,6.08897621815374E-9,5.7025620043246334E-9,5.7661871129561624E-9,5.1019449486489847E-9],[5.0281903273144616E-9,5.7025620043246334E-9,5.8972708481595621E-9,6.092345863431185E-9,5.8972708481595621E-9,5.7025620043246334E-9,5.0281903273144616E-9],[5.4027224407569611E-9,6.08897621815374E-9,6.092345863431185E-9,6.4562680105415966E-9,6.092345863431185E-9,6.08897621815374E-9,5.4027224407569611E-9],[5.0281903273144616E-9,5.7025620043246334E-9,5.8972708481595621E-9,6.092345863431185E-9,5.8972708481595621E-9,5.7025620043246334E-9,5.0281903273144616E-9],[5.1019449486489847E-9,5.7661871129561624E-9,5.7025620043246334E-9,6.08897621815374E-9,5.7025620043246334E-9,5.7661871129561624E-9,5.1019449486489855E-9],[4.4675696476108336E-9,5.1019449486489847E-9,5.0281903273144616E-9,5.4027224407569611E-9,5.0281903273144616E-9,5.1019449486489855E-9,4.4675696476108344E-9]],[[4.8562996742267885E-9,5.5176884054333823E-9,5.4409097833237517E-9,5.83166823254524E-9,5.4409097833237517E-9,5.5176884054333823E-9,4.8562996742267885E-9],[5.5176884054333823E-9,6.2083119593414617E-9,6.1422669725975581E-9,6.5442879856658407E-9,6.1422669725975581E-9,6.2083119593414617E-9,5.5176884054333823E-9],[5.4409097833237517E-9,6.1422669725975581E-9,6.3447609915075929E-9,6.5476346546324979E-9,6.3447609915075929E-9,6.1422669725975581E-9,5.4409097833237517E-9],[5.83166823254524E-9,6.5442879856658407E-9,6.5476346546324979E-9,6.9259574434469E-9,6.5476346546324979E-9,6.5442879856658407E-9,5.83166823254524E-9],[5.4409097833237517E-9,6.1422669725975581E-9,6.3447609915075929E-9,6.5476346546324979E-9,6.3447609915075929E-9,6.1422669725975581E-9,5.4409097833237517E-9],[5.5176884054333823E-9,6.2083119593414617E-9,6.1422669725975581E-9,6.5442879856658407E-9,6.1422669725975581E-9,6.2083119593414626E-9,5.5176884054333831E-9],[4.8562996742267885E-9,5.5176884054333823E-9,5.4409097833237517E-9,5.83166823254524E-9,5.4409097833237517E-9,5.5176884054333831E-9,4.8562996742267894E-9]],[[5.2612320832840508E-9,5.9496153861587316E-9,5.8698150013728026E-9,6.2767883572417877E-9,5.8698150013728026E-9,5.9496153861587316E-9,5.2612320832840508E-9],[5.9496153861587316E-9,6.6666024844563921E-9,6.5981392858383407E-9,7.0157564390676633E-9,6.5981392858383407E-9,6.6666024844563921E-9,5.9496153861587316E-9],[5.8698150013728026E-9,6.5981392858383407E-9,6.808413183671893E-9,7.019080189721207E-9,6.808413183671893E-9,6.5981392858383407E-9,5.8698150013728026E-9],[6.2767883572417877E-9,7.0157564390676633E-9,7.019080189721207E-9,7.41179386435623E-9,7.019080189721207E-9,7.0157564390676633E-9,6.2767883572417877E-9],[5.8698150013728026E-9,6.5981392858383407E-9,6.808413183671893E-9,7.019080189721207E-9,6.808413183671893E-9,6.5981392858383407E-9,5.8698150013728034E-9],[5.9496153861587316E-9,6.6666024844563921E-9,6.5981392858383407E-9,7.0157564390676633E-9,6.5981392858383407E-9,6.6666024844563921E-9,5.9496153861587324E-9],[5.2612320832840508E-9,5.9496153861587316E-9,5.8698150013728026E-9,6.2767883572417877E-9,5.8698150013728034E-9,5.9496153861587324E-9,5.2612320832840516E-9]],[[5.6823556692416389E-9,6.3977150508612718E-9,6.3148950513557493E-9,6.7380721049838065E-9,6.3148950513557493E-9,6.3977150508612718E-9,5.6823556692416389E-9],[6.3977150508612718E-9,7.1410482090765119E-9,7.0701684117636528E-9,7.5033712637367613E-9,7.0701684117636528E-9,7.1410482090765111E-9,6.3977150508612718E-9],[6.3148950513557493E-9,7.0701684117636528E-9,7.2882170025942495E-9,7.5066721570473815E-9,7.2882170025942495E-9,7.0701684117636528E-9,6.3148950513557493E-9],[6.7380721049838065E-9,7.5033712637367613E-9,7.5066721570473815E-9,7.9137671685209478E-9,7.5066721570473815E-9,7.5033712637367613E-9,6.7380721049838065E-9],[6.3148950513557493E-9,7.0701684117636528E-9,7.2882170025942495E-9,7.5066721570473815E-9,7.2882170025942495E-9,7.0701684117636528E-9,6.31489505135575E-9],[6.3977150508612718E-9,7.1410482090765111E-9,7.0701684117636528E-9,7.5033712637367613E-9,7.0701684117636528E-9,7.1410482090765111E-9,6.3977150508612718E-9],[5.6823556692416389E-9,6.3977150508612718E-9,6.3148950513557493E-9,6.7380721049838065E-9,6.31489505135575E-9,6.3977150508612718E-9,5.68235566924164E-9]],[[6.1196594460664065E-9,6.8619767788276179E-9,6.7761392371503624E-9,7.2155090013997672E-9,6.7761392371503624E-9,6.8619767788276179E-9,6.1196594460664065E-9],[6.8619767788276179E-9,7.6316388653119866E-9,7.558344036445468E-9,8.0071223586161534E-9,7.558344036445468E-9,7.6316388653119866E-9,6.8619767788276179E-9],[6.7761392371503624E-9,7.558344036445468E-9,7.7841622413616437E-9,8.0104004568884554E-9,7.7841622413616437E-9,7.558344036445468E-9,6.7761392371503624E-9],[7.2155090013997672E-9,8.0071223586161534E-9,8.0104004568884554E-9,8.43186745565265E-9,8.0104004568884554E-9,8.0071223586161534E-9,7.2155090013997672E-9],[6.7761392371503624E-9,7.558344036445468E-9,7.7841622413616437E-9,8.0104004568884554E-9,7.7841622413616437E-9,7.55834403644547E-9,6.7761392371503633E-9],[6.8619767788276179E-9,7.6316388653119866E-9,7.558344036445468E-9,8.0071223586161534E-9,7.55834403644547E-9,7.6316388653119883E-9,6.8619767788276188E-9],[6.1196594460664065E-9,6.8619767788276179E-9,6.7761392371503624E-9,7.2155090013997672E-9,6.7761392371503633E-9,6.8619767788276188E-9,6.1196594460664065E-9]],[[6.5731326457964721E-9,7.3423901631173309E-9,7.2535370873594416E-9,7.7090887950946386E-9,7.2535370873594416E-9,7.3423901631173309E-9,6.5731326457964721E-9],[7.3423901631173309E-9,8.138364389420428E-9,8.0626560554304617E-9,8.5269998262841263E-9,8.0626560554304617E-9,8.138364389420428E-9,7.3423901631173309E-9],[7.2535370873594416E-9,8.0626560554304617E-9,8.29623889906069E-9,8.5302551920389023E-9,8.29623889906069E-9,8.0626560554304617E-9,7.2535370873594416E-9],[7.7090887950946386E-9,8.5269998262841263E-9,8.5302551920389023E-9,8.9660850205043578E-9,8.5302551920389023E-9,8.5269998262841263E-9,7.7090887950946386E-9],[7.2535370873594416E-9,8.0626560554304617E-9,8.29623889906069E-9,8.5302551920389023E-9,8.29623889906069E-9,8.0626560554304617E-9,7.2535370873594424E-9],[7.3423901631173309E-9,8.138364389420428E-9,8.0626560554304617E-9,8.5269998262841263E-9,8.0626560554304617E-9,8.138364389420428E-9,7.3423901631173317E-9],[6.5731326457964721E-9,7.3423901631173309E-9,7.2535370873594416E-9,7.7090887950946386E-9,7.2535370873594424E-9,7.3423901631173317E-9,6.5731326457964721E-9]],[[7.0427647150535837E-9,7.8389450042092729E-9,7.74707834624788E-9,8.21880144640896E-9,7.74707834624788E-9,7.8389450042092729E-9,7.0427647150535837E-9],[7.8389450042092729E-9,8.6612149142114291E-9,8.5830945649496379E-9,9.0629939634329056E-9,8.5830945649496379E-9,8.6612149142114291E-9,7.8389450042092729E-9],[7.74707834624788E-9,8.5830945649496379E-9,8.82443717179797E-9,9.0662266586413344E-9,8.82443717179797E-9,8.58309456494964E-9,7.74707834624788E-9],[8.21880144640896E-9,9.0629939634329056E-9,9.0662266586413344E-9,9.5164103436779578E-9,9.0662266586413344E-9,9.0629939634329073E-9,8.2188014464089619E-9],[7.74707834624788E-9,8.5830945649496379E-9,8.82443717179797E-9,9.0662266586413344E-9,8.82443717179797E-9,8.58309456494964E-9,7.7470783462478814E-9],[7.8389450042092729E-9,8.6612149142114291E-9,8.58309456494964E-9,9.0629939634329073E-9,8.58309456494964E-9,8.66121491421143E-9,7.8389450042092746E-9],[7.0427647150535837E-9,7.8389450042092729E-9,7.74707834624788E-9,8.2188014464089619E-9,7.7470783462478814E-9,7.8389450042092746E-9,7.0427647150535846E-9]],[[7.5285453100958549E-9,8.3516313030037981E-9,8.2567529648134E-9,8.7446371170200518E-9,8.2567529648134E-9,8.3516313030037981E-9,7.5285453100958549E-9],[8.3516313030037981E-9,9.2001807611317949E-9,9.1196498531641131E-9,9.6150952515939971E-9,9.1196498531641131E-9,9.2001807611317949E-9,8.3516313030037981E-9],[8.2567529648134E-9,9.1196498531641131E-9,9.3687474438050847E-9,9.6183053371509149E-9,9.3687474438050847E-9,9.1196498531641131E-9,8.2567529648134E-9],[8.7446371170200518E-9,9.6150952515939971E-9,9.6183053371509149E-9,1.0082834082549695E-8,9.6183053371509166E-9,9.6150952515939971E-9,8.7446371170200534E-9],[8.2567529648134E-9,9.1196498531641131E-9,9.3687474438050847E-9,9.6183053371509166E-9,9.3687474438050847E-9,9.1196498531641147E-9,8.2567529648134041E-9],[8.3516313030037981E-9,9.2001807611317949E-9,9.1196498531641131E-9,9.6150952515939971E-9,9.1196498531641147E-9,9.2001807611317965E-9,8.3516313030037981E-9],[7.5285453100958549E-9,8.3516313030037981E-9,8.2567529648134E-9,8.7446371170200534E-9,8.2567529648134041E-9,8.3516313030037981E-9,7.5285453100958566E-9]],[[8.03046429082113E-9,8.880439253345715E-9,8.7825510919351718E-9,9.28658616008452E-9,8.7825510919351718E-9,8.880439253345715E-9,8.03046429082113E-9],[8.880439253345715E-9,9.7552524320926851E-9,9.6723123914039747E-9,1.0183294347993858E-8,9.6723123914039747E-9,9.7552524320926851E-9,8.880439253345715E-9],[8.7825510919351718E-9,9.6723123914039747E-9,9.9291602785671471E-9,1.0186481883353472E-8,9.9291602785671471E-9,9.6723123914039747E-9,8.7825510919351718E-9],[9.28658616008452E-9,1.0183294347993858E-8,1.0186481883353472E-8,1.0665347062234453E-8,1.0186481883353472E-8,1.018329434799386E-8,9.2865861600845215E-9],[8.7825510919351718E-9,9.6723123914039747E-9,9.9291602785671471E-9,1.0186481883353472E-8,9.9291602785671487E-9,9.6723123914039763E-9,8.7825510919351751E-9],[8.880439253345715E-9,9.7552524320926851E-9,9.6723123914039747E-9,1.018329434799386E-8,9.6723123914039763E-9,9.7552524320926868E-9,8.880439253345715E-9],[8.03046429082113E-9,8.880439253345715E-9,8.7825510919351718E-9,9.2865861600845215E-9,8.7825510919351751E-9,8.880439253345715E-9,8.0304642908211313E-9]],[[8.5485117140072226E-9,9.42535923417585E-9,9.3244630655547865E-9,9.8446391107169939E-9,9.3244630655547865E-9,9.42535923417585E-9,8.5485117140072226E-9],[9.42535923417585E-9,1.0326420601075116E-8,1.0241072825365271E-8,1.0767582076456276E-8,1.0241072825365271E-8,1.0326420601075116E-8,9.42535923417585E-9],[9.3244630655547865E-9,1.0241072825365271E-8,1.0505666409927475E-8,1.0770747119377829E-8,1.0505666409927475E-8,1.0241072825365271E-8,9.3244630655547865E-9],[9.8446391107169939E-9,1.0767582076456276E-8,1.0770747119377829E-8,1.1263940266529169E-8,1.0770747119377829E-8,1.0767582076456276E-8,9.8446391107169939E-9],[9.3244630655547865E-9,1.0241072825365271E-8,1.0505666409927475E-8,1.0770747119377829E-8,1.0505666409927475E-8,1.0241072825365271E-8,9.3244630655547882E-9],[9.42535923417585E-9,1.0326420601075116E-8,1.0241072825365271E-8,1.0767582076456276E-8,1.0241072825365271E-8,1.0326420601075116E-8,9.42535923417585E-9],[8.5485117140072226E-9,9.42535923417585E-9,9.3244630655547865E-9,9.8446391107169939E-9,9.3244630655547882E-9,9.42535923417585E-9,8.5485117140072242E-9]],[[9.0826778259840749E-9,9.9863818013840669E-9,9.8824794038472908E-9,1.0418786676654857E-8,9.8824794038472908E-9,9.9863818013840669E-9,9.0826778259840749E-9],[9.9863818013840669E-9,1.0913676105534394E-8,1.0825921966233283E-8,1.136794941828604E-8,1.0825921966233283E-8,1.0913676105534394E-8,9.9863818013840669E-9],[9.8824794038472908E-9,1.0825921966233283E-8,1.1098256733128405E-8,1.1371092024654114E-8,1.1098256733128405E-8,1.0825921966233283E-8,9.8824794038472908E-9],[1.0418786676654857E-8,1.136794941828604E-8,1.1371092024654114E-8,1.1878604828787482E-8,1.1371092024654114E-8,1.136794941828604E-8,1.0418786676654857E-8],[9.8824794038472908E-9,1.0825921966233283E-8,1.1098256733128405E-8,1.1371092024654114E-8,1.1098256733128405E-8,1.0825921966233283E-8,9.8824794038472908E-9],[9.9863818013840669E-9,1.0913676105534394E-8,1.0825921966233283E-8,1.136794941828604E-8,1.0825921966233283E-8,1.0913676105534394E-8,9.9863818013840669E-9],[9.0826778259840749E-9,9.9863818013840669E-9,9.8824794038472908E-9,1.0418786676654857E-8,9.8824794038472908E-9,9.9863818013840669E-9,9.0826778259840749E-9]],[[9.63295305487411E-9,1.0563497679410528E-8,1.0456590796346137E-8,1.1009019729005385E-8,1.0456590796346137E-8,1.0563497679410528E-8,9.63295305487411E-9],[1.0563497679410528E-8,1.1517009937613292E-8,1.1426850781704964E-8,1.1984387503084564E-8,1.1426850781704964E-8,1.1517009937613292E-8,1.0563497679410528E-8],[1.0456590796346137E-8,1.1426850781704964E-8,1.1706922295755366E-8,1.1987507726779388E-8,1.1706922295755366E-8,1.1426850781704964E-8,1.0456590796346137E-8],[1.1009019729005385E-8,1.1984387503084564E-8,1.1987507726779388E-8,1.2509332022686573E-8,1.1987507726779388E-8,1.1984387503084564E-8,1.1009019729005385E-8],[1.0456590796346137E-8,1.1426850781704964E-8,1.1706922295755366E-8,1.1987507726779388E-8,1.1706922295755366E-8,1.1426850781704964E-8,1.0456590796346137E-8],[1.0563497679410528E-8,1.1517009937613292E-8,1.1426850781704964E-8,1.1984387503084564E-8,1.1426850781704964E-8,1.1517009937613292E-8,1.0563497679410528E-8],[9.63295305487411E-9,1.0563497679410528E-8,1.0456590796346137E-8,1.1009019729005385E-8,1.0456590796346137E-8,1.0563497679410528E-8,9.63295305487411E-9]],[[1.0199328002486291E-8,1.1156697752623465E-8,1.1046788094992904E-8,1.1615329292996615E-8,1.1046788094992904E-8,1.1156697752623465E-8,1.0199328002486291E-8],[1.1156697752623465E-8,1.2136413235166331E-8,1.2043850386887409E-8,1.2616887599458604E-8,1.2043850386887409E-8,1.2136413235166331E-8,1.1156697752623465E-8],[1.1046788094992904E-8,1.2043850386887409E-8,1.233