{"M_cells":[[[0,0,0,0,0],[0,0,0,0,0],[0,0,0,0,0],[0,0,0,0,0],[0,0,0,0,0]],[[0.00040332809566952157,0.00096528636182866543,0.00113232699209057,0.00096528636182866543,0.00040332809566952157],[0.00096528636182866543,0.0019391718637073523,0.0022369415099569852,0.0019391718637073523,0.00096528636182866543],[0.00113232699209057,0.0022369415099569852,0.0025782871874902745,0.0022369415099569852,0.00113232699209057],[0.00096528636182866543,0.0019391718637073523,0.0022369415099569852,0.0019391718637073523,0.00096528636182866543],[0.00040332809566952157,0.00096528636182866543,0.00113232699209057,0.00096528636182866543,0.00040332809566952151]],[[0.0020443177225757249,0.0032678729544961971,0.0036509104365797791,0.0032678729544961971,0.0020443177225757249],[0.0032678729544961971,0.0047798911186596659,0.005264695778341601,0.0047798911186596659,0.0032678729544961971],[0.0036509104365797791,0.005264695778341601,0.0057834255008126015,0.0052646957783416,0.0036509104365797791],[0.0032678729544961971,0.0047798911186596659,0.0052646957783416,0.0047798911186596659,0.0032678729544961967],[0.0020443177225757249,0.0032678729544961971,0.0036509104365797791,0.0032678729544961967,0.0020443177225757244]],[[0.0046560189820539178,0.0062960678954812454,0.006824679737898777,0.0062960678954812454,0.0046560189820539178],[0.0062960678954812454,0.008095561252985323,0.0086857574737495575,0.008095561252985323,0.0062960678954812454],[0.006824679737898777,0.0086857574737495575,0.0092964839398497409,0.0086857574737495575,0.006824679737898777],[0.0062960678954812454,0.008095561252985323,0.0086857574737495575,0.008095561252985323,0.0062960678954812454],[0.0046560189820539178,0.0062960678954812454,0.006824679737898777,0.0062960678954812454,0.0046560189820539178]],[[0.0078375026866071423,0.0097087947513573251,0.010321592306798886,0.0097087947513573251,0.0078375026866071423],[0.0097087947513573251,0.011659483799239034,0.012306492599621504,0.011659483799239034,0.0097087947513573251],[0.010321592306798886,0.012306492599621504,0.012964906438244599,0.012306492599621506,0.010321592306798888],[0.0097087947513573251,0.011659483799239034,0.012306492599621506,0.011659483799239036,0.0097087947513573268],[0.0078375026866071423,0.0097087947513573251,0.010321592306798888,0.0097087947513573268,0.0078375026866071441]],[[0.011328455464818914,0.013322929776908956,0.013981615764087714,0.013322929776908956,0.011328455464818914],[0.013322929776908956,0.015352485755467772,0.016029487550160103,0.015352485755467772,0.013322929776908956],[0.013981615764087714,0.016029487550160103,0.016712595332756992,0.016029487550160103,0.013981615764087714],[0.013322929776908956,0.015352485755467772,0.016029487550160103,0.015352485755467772,0.013322929776908956],[0.011328455464818914,0.013322929776908956,0.013981615764087714,0.013322929776908956,0.011328455464818914]],[[0.014982849914367224,0.017041852075693854,0.017724882492573629,0.017041852075693854,0.014982849914367224],[0.017041852075693854,0.019112320767770929,0.019804979490357807,0.019112320767770929,0.017041852075693854],[0.017724882492573629,0.019804979490357807,0.02050084803397428,0.019804979490357807,0.017724882492573629],[0.017041852075693854,0.019112320767770929,0.019804979490357807,0.019112320767770929,0.017041852075693854],[0.014982849914367224,0.017041852075693854,0.017724882492573629,0.017041852075693854,0.014982849914367224]],[[0.018722495948809707,0.02081500070379266,0.021510761230660945,0.02081500070379266,0.018722495948809707],[0.02081500070379266,0.022906571534070604,0.023607337360218951,0.022906571534070604,0.02081500070379266],[0.021510761230660945,0.023607337360218951,0.02430977182299305,0.023607337360218951,0.021510761230660945],[0.02081500070379266,0.022906571534070604,0.023607337360218951,0.022906571534070604,0.02081500070379266],[0.018722495948809707,0.02081500070379266,0.021510761230660945,0.02081500070379266,0.018722495948809707]],[[0.022506253900693492,0.024616016219315254,0.025318365009777469,0.024616016219315254,0.022506253900693492],[0.024616016219315254,0.026718371201407579,0.02742329511800529,0.026718371201407579,0.024616016219315254],[0.025318365009777469,0.02742329511800529,0.028129077516457671,0.02742329511800529,0.025318365009777469],[0.024616016219315254,0.026718371201407579,0.02742329511800529,0.026718371201407579,0.024616016219315254],[0.022506253900693492,0.024616016219315254,0.025318365009777469,0.024616016219315254,0.022506253900693492]],[[0.026312626650299639,0.028431172619266955,0.029136889926059853,0.028431172619266955,0.026312626650299639],[0.028431172619266955,0.030538938261550845,0.031245959832184405,0.030538938261550845,0.028431172619266955],[0.029136889926059853,0.031245959832184405,0.031953416212889676,0.031245959832184405,0.029136889926059853],[0.028431172619266955,0.030538938261550845,0.031245959832184405,0.030538938261550845,0.028431172619266951],[0.026312626650299639,0.028431172619266955,0.029136889926059853,0.028431172619266951,0.026312626650299639]],[[0.030130405336380776,0.032253316564452648,0.032960719840722887,0.032253316564452648,0.030130405336380776],[0.032253316564452648,0.034363688737240466,0.035071732309990812,0.034363688737240466,0.032253316564452648],[0.032960719840722887,0.035071732309990812,0.035779989343708046,0.035071732309990812,0.032960719840722887],[0.032253316564452648,0.034363688737240466,0.035071732309990812,0.034363688737240473,0.032253316564452655],[0.030130405336380776,0.032253316564452648,0.032960719840722887,0.032253316564452655,0.030130405336380783]],[[0.033953740642032944,0.036078707642494941,0.036786917022722548,0.036078707642494941,0.033953740642032944],[0.036078707642494941,0.038190215307562128,0.0388987171059962,0.038190215307562128,0.036078707642494941],[0.036786917022722548,0.0388987171059962,0.0396073163920918,0.0388987171059962,0.036786917022722548],[0.036078707642494941,0.038190215307562128,0.0388987171059962,0.038190215307562128,0.036078707642494941],[0.033953740642032944,0.036078707642494941,0.036786917022722548,0.036078707642494941,0.033953740642032951]],[[0.037779567460331231,0.03990537507894127,0.040613928145394614,0.03990537507894127,0.037779567460331231],[0.03990537507894127,0.042017237845122353,0.042725899574333516,0.042017237845122353,0.03990537507894127],[0.040613928145394614,0.042725899574333516,0.043434597532170272,0.042725899574333516,0.040613928145394614],[0.03990537507894127,0.042017237845122353,0.042725899574333516,0.042017237845122353,0.03990537507894127],[0.037779567460331231,0.03990537507894127,0.040613928145394614,0.03990537507894127,0.037779567460331231]],[[0.04160626424894906,0.043732264112650819,0.044440914947603494,0.043732264112650819,0.04160626424894906],[0.043732264112650819,0.045844058625629409,0.046552719360387948,0.045844058625629409,0.043732264112650819],[0.044440914947603494,0.046552719360387948,0.047261383399034719,0.046552719360387948,0.044440914947603494],[0.043732264112650819,0.045844058625629409,0.046552719360387948,0.045844058625629409,0.043732264112650819],[0.04160626424894906,0.043732264112650819,0.044440914947603494,0.043732264112650819,0.04160626424894906]],[[0.045432956297110756,0.047558792776843509,0.048267407415097663,0.047558792776843509,0.045432956297110756],[0.047558792776843509,0.049670279510467992,0.050378849140953405,0.049670279510467992,0.047558792776843509],[0.048267407415097663,0.050378849140953405,0.051087403770850644,0.050378849140953405,0.048267407415097663],[0.047558792776843509,0.049670279510467992,0.050378849140953405,0.049670279510467992,0.047558792776843509],[0.045432956297110756,0.047558792776843509,0.048267407415097663,0.047558792776843509,0.045432956297110756]],[[0.049259153862709432,0.051384621755991129,0.052093123849911278,0.051384621755991129,0.049259153862709432],[0.051384621755991129,0.053495655049742283,0.054204079707834724,0.053495655049742283,0.051384621755991129],[0.052093123849911278,0.054204079707834724,0.0549124785549704,0.054204079707834724,0.052093123849911278],[0.051384621755991129,0.053495655049742283,0.054204079707834724,0.053495655049742283,0.051384621755991129],[0.049259153862709432,0.051384621755991129,0.052093123849911278,0.051384621755991129,0.049259153862709432]],[[0.0530845642151942,0.055209534799365224,0.0559178773808522,0.055209534799365224,0.0530845642151942],[0.055209534799365224,0.057320016077245677,0.058028260160966787,0.057320016077245677,0.055209534799365224],[0.0559178773808522,0.058028260160966787,0.05873647141255553,0.058028260160966787,0.0559178773808522],[0.055209534799365224,0.057320016077245677,0.058028260160966787,0.057320016077245677,0.055209534799365224],[0.0530845642151942,0.055209534799365224,0.0559178773808522,0.055209534799365224,0.0530845642151942]],[[0.056908993918925947,0.059033376470027613,0.05974152725901704,0.059033376470027613,0.056908993918925947],[0.059033376470027613,0.061143229847285131,0.06185126665367302,0.061143229847285124,0.059033376470027613],[0.05974152725901704,0.06185126665367302,0.062559265466039321,0.06185126665367302,0.059741527259017033],[0.059033376470027613,0.061143229847285124,0.06185126665367302,0.061143229847285124,0.059033376470027613],[0.056908993918925947,0.059033376470027613,0.059741527259017033,0.059033376470027613,0.056908993918925947]],[[0.060732297914086665,0.062856019611247163,0.0635639533497884,0.062856019611247163,0.060732297914086665],[0.062856019611247163,0.0649651790999192,0.065672985919140073,0.0649651790999192,0.062856019611247163],[0.0635639533497884,0.065672985919140073,0.066380750431953059,0.065672985919140073,0.0635639533497884],[0.062856019611247163,0.0649651790999192,0.065672985919140073,0.0649651790999192,0.062856019611247163],[0.060732297914086665,0.062856019611247163,0.0635639533497884,0.062856019611247163,0.060732297914086665]],[[0.064554352848793836,0.066677348201159434,0.067385042627655212,0.066677348201159434,0.064554352848793836],[0.066677348201159434,0.068785750916904656,0.069493306435554472,0.068785750916904656,0.066677348201159434],[0.067385042627655212,0.069493306435554472,0.0702008156515421,0.069493306435554472,0.067385042627655212],[0.066677348201159434,0.068785750916904656,0.069493306435554472,0.068785750916904656,0.066677348201159434],[0.064554352848793836,0.066677348201159434,0.067385042627655212,0.066677348201159434,0.064554352848793836]],[[0.068375042963642482,0.070497248161179984,0.0712046818678296,0.070497248161179984,0.068375042963642482],[0.070497248161179984,0.072604830626979,0.073312113523869821,0.072604830626979,0.070497248161179984],[0.0712046818678296,0.073312113523869821,0.074019346150749718,0.073312113523869821,0.0712046818678296],[0.070497248161179984,0.072604830626979,0.073312113523869821,0.072604830626979,0.070497248161179984],[0.068375042963642482,0.070497248161179984,0.0712046818678296,0.070497248161179984,0.068375042963642482]],[[0.072194252458373367,0.074315602260054625,0.075022753521642851,0.074315602260054625,0.072194252458373367],[0.074315602260054625,0.076422298299067715,0.077129286453841067,0.076422298299067715,0.074315602260054625],[0.075022753521642851,0.077129286453841067,0.077836220239557941,0.077129286453841067,0.075022753521642851],[0.074315602260054625,0.076422298299067715,0.077129286453841067,0.076422298299067715,0.074315602260054625],[0.072194252458373367,0.074315602260054625,0.075022753521642851,0.074315602260054625,0.072194252458373367]],[[0.076011861189641788,0.078132287109806284,0.078839133210408058,0.078132287109806284,0.076011861189641788],[0.078132287109806284,0.080238026543835148,0.080944696557239251,0.080238026543835148,0.078132287109806284],[0.078839133210408058,0.080944696557239251,0.081651307874774551,0.080944696557239251,0.078839133210408058],[0.078132287109806284,0.080238026543835148,0.080944696557239251,0.080238026543835148,0.078132287109806284],[0.076011861189641788,0.078132287109806284,0.078839133210408058,0.078132287109806284,0.076011861189641788]],[[0.079827742062873075,0.0819471712112729,0.0826536880227355,0.0819471712112729,0.079827742062873075],[0.0819471712112729,0.084051878956533391,0.084758205825536892,0.084051878956533391,0.0819471712112729],[0.0826536880227355,0.084758205825536892,0.085464469380236829,0.084758205825536892,0.0826536880227355],[0.0819471712112729,0.084051878956533391,0.084758205825536892,0.084051878956533391,0.0819471712112729],[0.079827742062873075,0.0819471712112729,0.0826536880227355,0.0819471712112729,0.079827742062873075]],[[0.083641759265625712,0.085760113504856669,0.086466275188731789,0.085760113504856669,0.083641759265625712],[0.085760113504856669,0.087863708851066577,0.088569665716731971,0.087863708851066577,0.085760113504856669],[0.086466275188731789,0.088569665716731971,0.089275554309497546,0.088569665716731971,0.086466275188731789],[0.085760113504856669,0.087863708851066577,0.088569665716731971,0.087863708851066577,0.085760113504856669],[0.083641759265625712,0.085760113504856669,0.086466275188731789,0.085760113504856669,0.083641759265625712]],[[0.08745376689631261,0.0895709621397639,0.090276740905336661,0.0895709621397639,0.08745376689631261],[0.0895709621397639,0.091673358098944738,0.092378916023634183,0.091673358098944738,0.0895709621397639],[0.090276740905336661,0.092378916023634183,0.09308440033451984,0.092378916023634183,0.090276740905336661],[0.0895709621397639,0.091673358098944738,0.092378916023634183,0.091673358098944738,0.0895709621397639],[0.08745376689631261,0.0895709621397639,0.090276740905336661,0.0895709621397639,0.08745376689631261]],[[0.091263607752146841,0.093379553307943827,0.094084919190492278,0.093379553307943827,0.091263607752146841],[0.093379553307943827,0.095480655971003719,0.096185783721393026,0.095480655971003719,0.093379553307943827],[0.094084919190492278,0.096185783721393026,0.096890832094206472,0.096185783721393026,0.094084919190492278],[0.093379553307943827,0.095480655971003719,0.096185783721393026,0.095480655971003719,0.093379553307943827],[0.091263607752146841,0.093379553307943827,0.094084919190492278,0.093379553307943827,0.091263607752146841]],[[0.095071112148421927,0.09718571005708547,0.097890630696741032,0.09718571005708547,0.095071112148421927],[0.09718571005708547,0.0992854179226028,0.099990081745168033,0.0992854179226028,0.09718571005708547],[0.097890630696741032,0.099990081745168033,0.10069465996183227,0.099990081745168033,0.097890630696741032],[0.09718571005708547,0.0992854179226028,0.099990081745168033,0.0992854179226028,0.09718571005708547],[0.095071112148421927,0.09718571005708547,0.097890630696741032,0.09718571005708547,0.095071112148421927]],[[0.098876096696533758,0.10098924103154594,0.10169368144131065,0.10098924103154594,0.098876096696533758],[0.10098924103154594,0.10308744428430505,0.10379160766503749,0.10308744428430505,0.10098924103154594],[0.10169368144131065,0.10379160766503749,0.10449567870253856,0.10379160766503749,0.10169368144131065],[0.10098924103154594,0.10308744428430505,0.10379160766503749,0.10308744428430505,0.10098924103154594],[0.098876096696533758,0.10098924103154594,0.10169368144131065,0.10098924103154594,0.098876096696533758]],[[0.10267836299591697,0.1047899391069075,0.10549386142252253,0.1047899391069075,0.10267836299591697],[0.1047899391069075,0.1068865188299747,0.10759014223254518,0.1068865188299747,0.1047899391069075],[0.10549386142252253,0.10759014223254518,0.10829366599719518,0.10759014223254518,0.10549386142252253],[0.1047899391069075,0.1068865188299747,0.10759014223254518,0.1068865188299747,0.1047899391069075],[0.10267836299591697,0.1047899391069075,0.10549386142252253,0.1047899391069075,0.10267836299591697]],[[0.10647769620838854,0.10858757989151011,0.10929094309774422,0.10858757989151011,0.10647769620838854],[0.10858757989151011,0.11068240719816713,0.11138544777579447,0.11068240719816713,0.10858757989151011],[0.10929094309774422,0.11138544777579447,0.1120883808102934,0.11138544777579447,0.10929094309774422],[0.10858757989151011,0.11068240719816713,0.11138544777579447,0.11068240719816713,0.10858757989151011],[0.10647769620838854,0.10858757989151011,0.10929094309774422,0.10858757989151011,0.10647769620838854]],[[0.11027386348899906,0.11238192007083719,0.11308467969954185,0.11238192007083719,0.11027386348899906],[0.11238192007083719,0.11447485514321129,0.11517726641977591,0.11447485514321129,0.11238192007083719],[0.11308467969954185,0.11517726641977591,0.11587956157867767,0.11517726641977591,0.11308467969954185],[0.11238192007083719,0.11447485514321129,0.11517726641977591,0.11447485514321129,0.11238192007083719],[0.11027386348899906,0.11238192007083719,0.11308467969954185,0.11238192007083719,0.11027386348899906]],[[0.11406661224908014,0.11617269557045198,0.11687480336581954,0.11617269557045198,0.11406661224908014],[0.11617269557045198,0.11826358659101277,0.11896531810678584,0.11826358659101277,0.11617269557045198],[0.11687480336581954,0.11896531810678584,0.11966692419571834,0.11896531810678584,0.11687480336581954],[0.11617269557045198,0.11826358659101277,0.11896531810678584,0.11826358659101277,0.11617269557045198],[0.11406661224908014,0.11617269557045198,0.11687480336581954,0.11617269557045198,0.11406661224908014]],[[0.11785566822615934,0.11995961951122765,0.12066102305740466,0.11995961951122765,0.11785566822615934],[0.11995961951122765,0.12204830147187265,0.1227492983887859,0.12204830147187265,0.11995961951122765],[0.12066102305740466,0.1227492983887859,0.12345015976227257,0.1227492983887859,0.12066102305740466],[0.11995961951122765,0.12204830147187265,0.1227492983887859,0.12204830147187265,0.11995961951122765],[0.11785566822615934,0.11995961951122765,0.12066102305740466,0.11995961951122765,0.11785566822615934]],[[0.12164073333303779,0.1237423799273859,0.12444302223307963,0.1237423799273859,0.12164073333303778],[0.1237423799273859,0.12582867329881478,0.12652887595954349,0.12582867329881478,0.1237423799273859],[0.12444302223307963,0.12652887595954349,0.12722893207157832,0.12652887595954349,0.12444302223307963],[0.1237423799273859,0.12582867329881478,0.12652887595954349,0.12582867329881481,0.12374237992738592],[0.12164073333303778,0.1237423799273859,0.12444302223307963,0.12374237992738592,0.12164073333303778]],[[0.12542148325468269,0.12752063721380122,0.128220456247741,0.12752063721380122,0.12542148325468269],[0.12752063721380122,0.12960434645530616,0.13030368988959165,0.12960434645530616,0.12752063721380122],[0.128220456247741,0.13030368988959165,0.13100287479024889,0.13030368988959165,0.128220456247741],[0.12752063721380122,0.12960434645530616,0.13030368988959165,0.12960434645530616,0.12752063721380122],[0.12542148325468269,0.12752063721380122,0.128220456247741,0.12752063721380122,0.12542148325468269]],[[0.12919756475704045,0.13129402126380468,0.13199294943407711,0.13129402126380468,0.12919756475704045],[0.13129402126380468,0.13337493315052371,0.13407334652116285,0.13337493315052371,0.13129402126380468],[0.13199294943407711,0.13407334652116285,0.1347715882914714,0.13407334652116285,0.13199294943407711],[0.13129402126380468,0.13337493315052371,0.13407334652116285,0.13337493315052371,0.13129402126380468],[0.12919756475704045,0.13129402126380468,0.13199294943407711,0.13129402126380468,0.12919756475704045]],[[0.13296859266628697,0.13506212825265948,0.13576009182175219,0.13506212825265948,0.13296859266628697],[0.13506212825265948,0.13714000999364026,0.13783741597333715,0.13714000999364026,0.13506212825265948],[0.13576009182175219,0.13783741597333715,0.13853463608940061,0.13783741597333715,0.13576009182175219],[0.13506212825265948,0.13714000999364026,0.13783741597333715,0.13714000999364026,0.13506212825265948],[0.13296859266628697,0.13506212825265948,0.13576009182175219,0.13506212825265948,0.13296859266628697]],[[0.13673414647042442,0.1388245170145514,0.13952143544069118,0.1388245170145514,0.13673414647042442],[0.1388245170145514,0.14089911413062245,0.14159542819947579,0.14089911413062245,0.1388245170145514],[0.13952143544069118,0.14159542819947579,0.14229154081534368,0.14159542819947579,0.13952143544069118],[0.1388245170145514,0.14089911413062245,0.14159542819947579,0.14089911413062245,0.1388245170145514],[0.13673414647042442,0.1388245170145514,0.13952143544069118,0.1388245170145514,0.13673414647042442]],[[0.14049376648719833,0.14258070495242942,0.14327649014621582,0.14258070495242942,0.14049376648719833],[0.14258070495242942,0.14465173887774846,0.14534686852945081,0.14465173887774846,0.14258070495242942],[0.14327649014621582,0.14534686852945081,0.14604177966650628,0.14534686852945081,0.14327649014621582],[0.14258070495242942,0.14465173887774846,0.14534686852945081,0.14465173887774846,0.14258070495242942],[0.14049376648719833,0.14258070495242942,0.14327649014621582,0.14258070495242942,0.14049376648719833]],[[0.1442469495331519,0.14633016340983868,0.14702471889335431,0.14633016340983868,0.1442469495331519],[0.14633016340983868,0.14839732877494621,0.14909117261778404,0.14839732877494621,0.14633016340983868],[0.14702471889335431,0.14909117261778404,0.1497847792463729,0.14909117261778404,0.14702471889335431],[0.14633016340983868,0.14839732877494621,0.14909117261778404,0.14839732877494621,0.14633016340983868],[0.1442469495331519,0.14633016340983868,0.14702471889335431,0.14633016340983868,0.1442469495331519]],[[0.1479931440177146,0.15007231242217134,0.15076553237560675,0.15007231242217134,0.1479931440177146],[0.15007231242217134,0.15213527396930826,0.15282772070571507,0.15213527396930826,0.15007231242217134],[0.15076553237560675,0.15282772070571507,0.1535199097023428,0.15282772070571507,0.15076553237560675],[0.15007231242217134,0.15213527396930826,0.15282772070571507,0.15213527396930826,0.15007231242217134],[0.1479931440177146,0.15007231242217134,0.15076553237560675,0.15007231242217134,0.1479931440177146]],[[0.1517317443733803,0.15380651475065202,0.1544982829290385,0.15380651475065202,0.1517317443733803],[0.15380651475065202,0.15586490382383802,0.15655583108954474,0.15586490382383802,0.15380651475065202],[0.1544982829290385,0.15655583108954474,0.15724647805016412,0.15655583108954474,0.1544982829290385],[0.15380651475065202,0.15586490382383802,0.15655583108954474,0.15586490382383802,0.15380651475065202],[0.1517317443733803,0.15380651475065202,0.1544982829290385,0.15380651475065202,0.1517317443733803]],[[0.15546208471825135,0.15753206908651418,0.15822225758605971,0.15753206908651418,0.15546208471825135],[0.15753206908651418,0.1595854796291975,0.16027475266979396,0.1595854796291975,0.15753206908651418],[0.15822225758605971,0.16027475266979396,0.16096372055644348,0.16027475266979396,0.15822225758605971],[0.15753206908651418,0.1595854796291975,0.16027475266979396,0.1595854796291975,0.15753206908651418],[0.15546208471825135,0.15753206908651418,0.15822225758605971,0.15753206908651418,0.15546208471825135]],[[0.1591834316296987,0.16124820229354925,0.161936670143869,0.16124820229354925,0.1591834316296987],[0.16124820229354925,0.16329618627551329,0.163983656434603,0.16329618627551329,0.16124820229354925],[0.161936670143869,0.163983656434603,0.16467079402886828,0.163983656434603,0.161936670143869],[0.16124820229354925,0.16329618627551329,0.163983656434603,0.16329618627551329,0.16124820229354925],[0.1591834316296987,0.16124820229354925,0.161936670143869,0.16124820229354925,0.1591834316296987]],[[0.16289497588782309,0.16495406053584252,0.16564065209024989,0.16495406053584252,0.16289497588782309],[0.16495406053584252,0.16699612271817163,0.16768162570700629,0.16699612271817163,0.16495406053584252],[0.16564065209024989,0.16768162570700629,0.16836676583943624,0.16768162570700629,0.16564065209024989],[0.16495406053584252,0.16699612271817163,0.16768162570700629,0.16699612271817163,0.16495406053584252],[0.16289497588782309,0.16495406053584252,0.16564065209024989,0.16495406053584252,0.16289497588782309]],[[0.1665958230242415,0.16864869911246014,0.169333242204151,0.16864869911246014,0.1665958230242415],[0.16864869911246014,0.17068429104482932,0.17136764495853332,0.17068429104482932,0.16864869911246014],[0.169333242204151,0.17136764495853332,0.17205060247821116,0.17136764495853332,0.169333242204151],[0.16864869911246014,0.17068429104482932,0.17136764495853332,0.17068429104482932,0.16864869911246014],[0.1665958230242415,0.16864869911246014,0.169333242204151,0.16864869911246014,0.1665958230242415]],[[0.17028498248551982,0.1723310707929564,0.17301337461968005,0.1723310707929564,0.17028498248551982],[0.1723310707929564,0.17435958392121148,0.17504058696127248,0.17435958392121148,0.1723310707929564],[0.17301337461968005,0.17504058696127248,0.17572115640424543,0.17504058696127248,0.17301337461968005],[0.1723310707929564,0.17435958392121148,0.17504058696127248,0.17435958392121148,0.1723310707929564],[0.17028498248551982,0.1723310707929564,0.17301337461968005,0.1723310707929564,0.17028498248551982]],[[0.17396135519122849,0.17600001241671168,0.17667986511108694,0.17600001241671168,0.17396135519122849],[0.17600001241671168,0.17802077016107584,0.17869919801794851,0.17802077016107584,0.17600001241671168],[0.17667986511108694,0.17869919801794851,0.17937715092726123,0.17869919801794851,0.17667986511108694],[0.17600001241671168,0.17802077016107584,0.17869919801794851,0.17802077016107584,0.17600001241671168],[0.17396135519122849,0.17600001241671168,0.17667986511108694,0.17600001241671168,0.17396135519122849]],[[0.1776237192350921,0.17965422948640264,0.18033139532282114,0.17965422948640264,0.1776237192350921],[0.17965422948640264,0.18166647813217326,0.18234208097563542,0.18166647813217326,0.17965422948640264],[0.18033139532282114,0.18234208097563542,0.18301716281950411,0.18234208097563542,0.18033139532282114],[0.17965422948640264,0.18166647813217326,0.18234208097563542,0.18166647813217326,0.17965422948640264],[0.1776237192350921,0.17965422948640264,0.18033139532282114,0.17965422948640264,0.1776237192350921]],[[0.18127071344443194,0.18329227845257451,0.18396649463577264,0.18329227845257451,0.18127071344443194],[0.18329227845257451,0.18529517667733403,0.18596767569627007,0.18529517667733403,0.18329227845257451],[0.18396649463577264,0.18596767569627007,0.18663960232493562,0.18596767569627007,0.18396649463577264],[0.18329227845257451,0.18529517667733403,0.18596767569627007,0.18529517667733403,0.18329227845257451],[0.18127071344443194,0.18329227845257451,0.18396649463577264,0.18329227845257451,0.18127071344443194]],[[0.18490081848153783,0.18691254635604557,0.18758351933065404,0.18691254635604557,0.18490081848153783],[0.18691254635604557,0.18890515320228435,0.18957423663036008,0.18890515320228435,0.18691254635604557],[0.18758351933065404,0.18957423663036008,0.1902426902071393,0.18957423663036008,0.18758351933065404],[0.18691254635604557,0.18890515320228435,0.18957423663036008,0.18890515320228435,0.18691254635604557],[0.18490081848153783,0.18691254635604557,0.18758351933065404,0.18691254635604557,0.18490081848153783]],[[0.18851233514363036,0.19051322747280586,0.19118062868888602,0.19051322747280586,0.18851233514363036],[0.19051322747280586,0.19249448856633491,0.19315980712690906,0.19249448856633491,0.19051322747280586],[0.19118062868888602,0.19315980712690906,0.19382443146623149,0.19315980712690906,0.19118062868888602],[0.19051322747280586,0.19249448856633491,0.19315980712690906,0.19249448856633491,0.19051322747280586],[0.18851233514363036,0.19051322747280586,0.19118062868888602,0.19051322747280586,0.18851233514363036]],[[0.19210335950394261,0.19409229660097504,0.19475575766938652,0.19409229660097504,0.19210335950394261],[0.19409229660097504,0.19606102841977868,0.19672219012434972,0.19606102841977868,0.19409229660097504],[0.19475575766938652,0.19672219012434972,0.19738258537123174,0.19672219012434972,0.19475575766938652],[0.19409229660097504,0.19606102841977868,0.19672219012434972,0.19606102841977868,0.19409229660097504],[0.19210335950394261,0.19409229660097504,0.19475575766938652,0.19409229660097504,0.19210335950394261]],[[0.19567175454528032,0.19764747865550225,0.19830658583106231,0.19764747865550225,0.19567175454528032],[0.19764747865550225,0.19960235068019735,0.20025891492271888,0.19960235068019735,0.19764747865550225],[0.19830658583106231,0.20025891492271888,0.20091463151746775,0.20025891492271888,0.19830658583106231],[0.19764747865550225,0.19960235068019735,0.20025891492271888,0.19960235068019735,0.19764747865550225],[0.19567175454528032,0.19764747865550225,0.19830658583106231,0.19764747865550225,0.19567175454528032]],[[0.19921511798705721,0.20117621431515359,0.20183050225863058,0.20117621431515359,0.19921511798705721],[0.20117621431515359,0.2031157289554105,0.20376719986454153,0.2031157289554105,0.20117621431515359],[0.20183050225863058,0.20376719986454153,0.20441773175842587,0.20376719986454153,0.20183050225863058],[0.20117621431515359,0.2031157289554105,0.20376719986454153,0.2031157289554105,0.20117621431515359],[0.19921511798705721,0.20117621431515359,0.20183050225863058,0.20117621431515359,0.19921511798705721]],[[0.20273074612379907,0.20467562162937442,0.20532456642781452,0.20467562162937442,0.20273074612379907],[0.20467562162937442,0.20659809194177259,0.20724391099156919,0.20659809194177259,0.20467562162937442],[0.20532456642781452,0.20724391099156919,0.20788868812097033,0.20724391099156919,0.20532456642781452],[0.20467562162937442,0.20659809194177259,0.20724391099156919,0.20659809194177259,0.20467562162937442],[0.20273074612379907,0.20467562162937442,0.20532456642781452,0.20467562162937442,0.20273074612379907]],[[0.20621559371453635,0.2081424537859233,0.20878546526166136,0.2081424537859233,0.20621559371453635],[0.2081424537859233,0.21004597920691426,0.21068551715291076,0.21004597920691426,0.2081424537859233],[0.20878546526166136,0.21068551715291076,0.21132389725110082,0.21068551715291076,0.20878546526166136],[0.2081424537859233,0.21004597920691426,0.21068551715291076,0.21004597920691426,0.2081424537859233],[0.20621559371453635,0.2081424537859233,0.20878546526166136,0.2081424537859233,0.20621559371453635]],[[0.20966623034230208,0.2115730537253748,0.21220946714890748,0.2115730537253748,0.20966623034230208],[0.2115730537253748,0.21345549437724404,0.21408804269210757,0.21345549437724404,0.2115730537253748],[0.21220946714890748,0.21408804269210757,0.21471930263250513,0.21408804269210757,0.21220946714890748],[0.2115730537253748,0.21345549437724404,0.21408804269210757,0.21345549437724404,0.2115730537253748],[0.20966623034230208,0.2115730537253748,0.21220946714890748,0.2115730537253748,0.20966623034230208]],[[0.21307879426941975,0.21496330704303127,0.21559237449747806,0.21496330704303127,0.21307879426941975],[0.21496330704303127,0.21682225767756072,0.21744701982382925,0.21682225767756072,0.21496330704303127],[0.21559237449747806,0.21744701982382925,0.21807034686217291,0.21744701982382925,0.21559237449747806],[0.21496330704303127,0.21682225767756072,0.21744701982382925,0.21682225767756072,0.21496330704303127],[0.21307879426941975,0.21496330704303127,0.21559237449747806,0.21496330704303127,0.21307879426941975]],[[0.216448945730195,0.21830859573030587,0.21892947757119052,0.21830859573030587,0.216448945730195],[0.21830859573030587,0.22014136110178292,0.22075744421453314,0.22014136110178292,0.21830859573030587],[0.21892947757119052,0.22075744421453314,0.22137192774585931,0.22075744421453314,0.21892947757119052],[0.21830859573030587,0.22014136110178292,0.22075744421453314,0.22014136110178292,0.21830859573030587],[0.216448945730195,0.21830859573030587,0.21892947757119052,0.21830859573030587,0.216448945730195]],[[0.21977182290929906,0.2216037568505772,0.22221551397738495,0.2216037568505772,0.21977182290929906],[0.2216037568505772,0.22340733128795337,0.22401373915854891,0.22340733128795337,0.2216037568505772],[0.22221551397738495,0.22401373915854891,0.22461836393835077,0.22401373915854891,0.22221551397738495],[0.2216037568505772,0.22340733128795337,0.22401373915854891,0.22340733128795337,0.2216037568505772],[0.21977182290929906,0.2216037568505772,0.22221551397738495,0.2216037568505772,0.21977182290929906]],[[0.22304200560155316,0.22484305223708198,0.22544464024755029,0.22484305223708198,0.22304200560155316],[0.22484305223708198,0.22661410739643198,0.22720973604571068,0.22661410739643198,0.22484305223708198],[0.22544464024755029,0.22720973604571068,0.22780337823610794,0.22720973604571068,0.22544464024755029],[0.22484305223708198,0.22661410739643198,0.22720973604571068,0.22661410739643198,0.22484305223708198],[0.22304200560155316,0.22484305223708198,0.22544464024755029,0.22484305223708198,0.22304200560155316]],[[0.22625349369473785,0.228020157626905,0.22861042434165474,0.228020157626905,0.22625349369473785],[0.228020157626905,0.22975504372930308,0.23033868129800056,0.22975504372930308,0.228020157626905],[0.22861042434165474,0.23033868129800056,0.230920109146775,0.23033868129800056,0.22861042434165474],[0.228020157626905,0.22975504372930308,0.23033868129800056,0.22975504372930308,0.228020157626905],[0.22625349369473785,0.228020157626905,0.22861042434165474,0.228020157626905,0.22625349369473785]],[[0.22939970993408312,0.23112818194434367,0.23170587020783298,0.23112818194434367,0.22939970993408312],[0.23112818194434367,0.23282294895292829,0.23339328202869072,0.23282294895292829,0.23112818194434367],[0.23170587020783298,0.23339328202869072,0.23396116337166611,0.23339328202869072,0.23170587020783298],[0.23112818194434367,0.23282294895292829,0.23339328202869072,0.23282294895292829,0.23112818194434367],[0.22939970993408312,0.23112818194434367,0.23170587020783298,0.23112818194434367,0.22939970993408312]],[[0.2324735383930279,0.23415972900468915,0.23472348696560896,0.23415972900468915,0.2324735383930279],[0.23415972900468915,0.23581017466267859,0.23636580334551394,0.23581017466267859,0.23415972900468915],[0.23472348696560896,0.23636580334551394,0.23691872226703337,0.23636580334551394,0.23472348696560896],[0.23415972900468915,0.23581017466267859,0.23636580334551394,0.23581017466267859,0.23415972900468915],[0.2324735383930279,0.23415972900468915,0.23472348696560896,0.23415972900468915,0.2324735383930279]],[[0.23546741079540476,0.2371070136238444,0.23765541468267171,0.2371070136238444,0.23546741079540476],[0.2371070136238444,0.23870876436823713,0.23924822812419541,0.23870876436823713,0.2371070136238444],[0.23765541468267171,0.23924822812419541,0.23978471277951335,0.23924822812419541,0.23765541468267171],[0.2371070136238444,0.23870876436823713,0.23924822812419541,0.23870876436823713,0.2371070136238444],[0.23546741079540476,0.2371070136238444,0.23765541468267171,0.2371070136238444,0.23546741079540476]],[[0.23837345111129135,0.239962040687362,0.24049361474116873,0.239962040687362,0.23837345111129135],[0.239962040687362,0.24151066847533273,0.24203248390878362,0.24151066847533273,0.239962040687362],[0.24049361474116873,0.24203248390878362,0.24255104647216855,0.24203248390878362,0.24049361474116873],[0.239962040687362,0.24151066847533273,0.24203248390878362,0.24151066847533273,0.239962040687362],[0.23837345111129135,0.239962040687362,0.24049361474116873,0.239962040687362,0.23837345111129135]],[[0.24118368352114564,0.24271684817237521,0.24323012450651171,0.24271684817237521,0.24118368352114564],[0.24271684817237521,0.24420802089977228,0.24471073087019377,0.24420802089977228,0.24271684817237521],[0.24323012450651171,0.24471073087019377,0.24520991872676029,0.24471073087019377,0.24323012450651171],[0.24271684817237521,0.24420802089977228,0.24471073087019377,0.24420802089977228,0.24271684817237521],[0.24118368352114564,0.24271684817237521,0.24323012450651171,0.24271684817237521,0.24118368352114564]],[[0.24389029945379712,0.24536380358793422,0.24585736376917447,0.24536380358793422,0.24389029945379712],[0.24536380358793422,0.2467934596024331,0.24727569077769981,0.2467934596024331,0.24536380358793422],[0.24585736376917447,0.24727569077769981,0.24775414563010187,0.24727569077769981,0.24585736376917447],[0.24536380358793422,0.2467934596024331,0.24727569077769981,0.2467934596024331,0.24536380358793422],[0.24389029945379712,0.24536380358793422,0.24585736376917447,0.24536380358793422,0.24389029945379712]],[[0.24648596698912142,0.24789592984712466,0.24836846659267103,0.24789592984712466,0.24648596698912142],[0.24789592984712466,0.24926045976184377,0.24972098326324416,0.24926045976184377,0.24789592984712466],[0.24836846659267103,0.24972098326324416,0.25017750236873931,0.24972098326324416,0.24836846659267106],[0.24789592984712466,0.24926045976184377,0.24972098326324416,0.24926045976184377,0.24789592984712466],[0.24648596698912142,0.24789592984712466,0.24836846659267106,0.24789592984712466,0.24648596698912142]],[[0.2489641534026778,0.25030722512828596,0.25075760101883426,0.25030722512828596,0.2489641534026778],[0.25030722512828596,0.25160363923308587,0.25204142729626072,0.25160363923308587,0.25030722512828596],[0.25075760101883426,0.25204142729626072,0.25247501944365863,0.25204142729626072,0.25075760101883426],[0.25030722512828596,0.25160363923308587,0.25204142729626072,0.25160363923308587,0.25030722512828596],[0.2489641534026778,0.25030722512828596,0.25075760101883426,0.25030722512828596,0.2489641534026778]],[[0.25131942322930967,0.25259293636139274,0.25302023522592276,0.25259293636139274,0.25131942322930967],[0.25259293636139274,0.25381899569579414,0.2542332670184001,0.25381899569579414,0.25259293636139274],[0.25302023522592276,0.2542332670184001,0.25464319586339029,0.2542332670184001,0.25302023522592276],[0.25259293636139274,0.25381899569579414,0.2542332670184001,0.25381899569579414,0.25259293636139274],[0.25131942322930967,0.25259293636139274,0.25302023522592276,0.25259293636139274,0.25131942322930967]],[[0.25354767373251191,0.25474975055751,0.25515331494122534,0.25474975055751,0.25354767373251191],[0.25474975055751,0.25590404495476865,0.25629429294815304,0.25590404495476865,0.25474975055751],[0.25515331494122534,0.25629429294815304,0.25668010219288623,0.25629429294815304,0.25515331494122534],[0.25474975055751,0.25590404495476865,0.25629429294815304,0.25590404495476865,0.25474975055751],[0.25354767373251191,0.25474975055751,0.25515331494122534,0.25474975055751,0.25354767373251191]],[[0.25564627842540849,0.25677588182084005,0.25715533215168168,0.25677588182084005,0.25564627842540849],[0.25677588182084005,0.25785784762593067,0.258223848768288,0.25785784762593067,0.25677588182084005],[0.25715533215168168,0.258223848768288,0.25858536691000611,0.258223848768288,0.25715533215168168],[0.25677588182084005,0.25785784762593067,0.258223848768288,0.25785784762593067,0.25677588182084005],[0.25564627842540849,0.25677588182084005,0.25715533215168168,0.25677588182084005,0.25564627842540849]],[[0.25761412514273152,0.25867105049249717,0.25902628475742695,0.25867105049249717,0.25761412514273152],[0.25867105049249717,0.25968093123951214,0.26002273421553695,0.25968093123951214,0.25867105049249717],[0.25902628475742695,0.26002273421553695,0.26036006017387242,0.26002273421553695,0.25902628475742695],[0.25867105049249717,0.25968093123951214,0.26002273421553695,0.25968093123951214,0.25867105049249717],[0.25761412514273152,0.25867105049249717,0.25902628475742695,0.25867105049249717,0.25761412514273152]],[[0.25945155326081459,0.26043636866527553,0.26076754461644475,0.26043636866527553,0.25945155326081459],[0.26043636866527553,0.26137513058267559,0.26169302983595072,0.26137513058267559,0.26043636866527553],[0.26076754461644475,0.26169302983595072,0.26200650362054162,0.26169302983595072,0.26076754461644475],[0.26043636866527553,0.26137513058267559,0.26169302983595072,0.26137513058267559,0.26043636866527553],[0.25945155326081459,0.26043636866527553,0.26076754461644475,0.26043636866527553,0.25945155326081459]],[[0.2611602096767055,0.26207415838349163,0.26238166262985269,0.26207415838349163,0.2611602096767055],[0.26207415838349163,0.26294337714748683,0.26323787614754485,0.26294337714748683,0.26207415838349163],[0.26238166262985269,0.26323787614754485,0.26352804018339676,0.26323787614754485,0.26238166262985269],[0.26207415838349163,0.26294337714748683,0.26323787614754485,0.26294337714748683,0.26207415838349163],[0.2611602096767055,0.26207415838349163,0.26238166262985269,0.26207415838349163,0.2611602096767055]],[[0.2627428515527967,0.26358773309990957,0.2638721424519761,0.26358773309990957,0.2627428515527967],[0.26358773309990957,0.26438946850045275,0.264