{"M_cells":[[[0,0,0,0,0,0,0],[0,0,0,0,0,0,0],[0,0,0,0,0,0,0],[0,0,0,0,0,0,0],[0,0,0,0,0,0,0],[0,0,0,0,0,0,0],[0,0,0,0,0,0,0]],[[1.4204182497023268E-8,8.2081822858349714E-8,7.3026843195435166E-8,1.0683535152123183E-7,7.3026843195435166E-8,8.2081822858349714E-8,1.4204182497023268E-8],[8.2081822858349714E-8,3.4982334783420427E-7,3.1976579982626033E-7,4.5188961413208016E-7,3.1976579982626033E-7,3.4982334783420427E-7,8.2081822858349714E-8],[7.3026843195435166E-8,3.1976579982626033E-7,3.925711432221995E-7,4.6577422845878375E-7,3.925711432221995E-7,3.1976579982626033E-7,7.3026843195435166E-8],[1.0683535152123183E-7,4.5188961413208016E-7,4.6577422845878375E-7,6.1456185508809336E-7,4.6577422845878375E-7,4.5188961413208016E-7,1.0683535152123183E-7],[7.3026843195435166E-8,3.1976579982626033E-7,3.925711432221995E-7,4.6577422845878375E-7,3.925711432221995E-7,3.1976579982626033E-7,7.3026843195435166E-8],[8.2081822858349714E-8,3.4982334783420427E-7,3.1976579982626033E-7,4.5188961413208016E-7,3.1976579982626033E-7,3.4982334783420427E-7,8.2081822858349727E-8],[1.4204182497023268E-8,8.2081822858349714E-8,7.3026843195435166E-8,1.0683535152123183E-7,7.3026843195435166E-8,8.2081822858349727E-8,1.4204182497023269E-8]],[[9.9839145892803214E-8,3.2864635054687286E-7,2.9847878809125457E-7,4.1601973181279759E-7,2.9847878809125457E-7,3.2864635054687281E-7,9.9839145892803214E-8],[3.2864635054687286E-7,8.64127519704264E-7,8.0475110824330958E-7,1.0793170128442431E-6,8.0475110824330958E-7,8.6412751970426385E-7,3.2864635054687281E-7],[2.9847878809125457E-7,8.0475110824330958E-7,9.5322033521428928E-7,1.102226150811473E-6,9.5322033521428939E-7,8.0475110824330968E-7,2.9847878809125457E-7],[4.1601973181279759E-7,1.0793170128442431E-6,1.102226150811473E-6,1.3995414041273213E-6,1.1022261508114732E-6,1.0793170128442431E-6,4.1601973181279759E-7],[2.9847878809125457E-7,8.0475110824330958E-7,9.5322033521428939E-7,1.1022261508114732E-6,9.5322033521428939E-7,8.0475110824330968E-7,2.9847878809125457E-7],[3.2864635054687281E-7,8.6412751970426385E-7,8.0475110824330968E-7,1.0793170128442431E-6,8.0475110824330968E-7,8.6412751970426385E-7,3.2864635054687281E-7],[9.9839145892803214E-8,3.2864635054687281E-7,2.9847878809125457E-7,4.1601973181279759E-7,2.9847878809125457E-7,3.2864635054687281E-7,9.9839145892803214E-8]],[[2.9883485233105722E-7,7.3949937266967359E-7,6.8191380181564558E-7,9.1413076463104914E-7,6.8191380181564547E-7,7.3949937266967359E-7,2.9883485233105722E-7],[7.3949937266967359E-7,1.5425278314074242E-6,1.454600274175966E-6,1.8778623567515095E-6,1.454600274175966E-6,1.542527831407424E-6,7.3949937266967359E-7],[6.8191380181564558E-7,1.454600274175966E-6,1.6801680308599384E-6,1.9064106912834E-6,1.6801680308599384E-6,1.454600274175966E-6,6.8191380181564547E-7],[9.1413076463104914E-7,1.8778623567515095E-6,1.9064106912834E-6,2.3517741245996187E-6,1.9064106912834E-6,1.8778623567515095E-6,9.1413076463104914E-7],[6.8191380181564547E-7,1.454600274175966E-6,1.6801680308599384E-6,1.9064106912834E-6,1.6801680308599384E-6,1.454600274175966E-6,6.8191380181564547E-7],[7.3949937266967359E-7,1.542527831407424E-6,1.454600274175966E-6,1.8778623567515095E-6,1.454600274175966E-6,1.542527831407424E-6,7.3949937266967359E-7],[2.9883485233105722E-7,7.3949937266967359E-7,6.8191380181564547E-7,9.1413076463104914E-7,6.8191380181564547E-7,7.3949937266967359E-7,2.9883485233105722E-7]],[[6.3414210066315441E-7,1.3145344842933959E-6,1.2264414012420924E-6,1.5924728835980053E-6,1.2264414012420924E-6,1.3145344842933959E-6,6.3414210066315441E-7],[1.3145344842933959E-6,2.3849617187400238E-6,2.2692901325804393E-6,2.8450269710251103E-6,2.2692901325804393E-6,2.3849617187400238E-6,1.3145344842933959E-6],[1.2264414012420924E-6,2.2692901325804393E-6,2.5727726287869855E-6,2.8770678094622923E-6,2.5727726287869855E-6,2.2692901325804393E-6,1.2264414012420924E-6],[1.5924728835980053E-6,2.8450269710251103E-6,2.8770678094622923E-6,3.4700020239753653E-6,2.8770678094622923E-6,2.8450269710251103E-6,1.5924728835980053E-6],[1.2264414012420924E-6,2.2692901325804393E-6,2.5727726287869855E-6,2.8770678094622923E-6,2.5727726287869855E-6,2.2692901325804393E-6,1.2264414012420924E-6],[1.3145344842933959E-6,2.3849617187400238E-6,2.2692901325804393E-6,2.8450269710251103E-6,2.2692901325804393E-6,2.3849617187400238E-6,1.3145344842933959E-6],[6.3414210066315441E-7,1.3145344842933959E-6,1.2264414012420924E-6,1.5924728835980053E-6,1.2264414012420924E-6,1.3145344842933959E-6,6.3414210066315441E-7]],[[1.1183083308055433E-6,2.0536351235558168E-6,1.9336978289804389E-6,2.4453295125264653E-6,1.9336978289804389E-6,2.0536351235558164E-6,1.1183083308055433E-6],[2.0536351235558168E-6,3.391250187443677E-6,3.2485745860394883E-6,3.9790044181964253E-6,3.2485745860394883E-6,3.3912501874436766E-6,2.0536351235558164E-6],[1.9336978289804389E-6,3.2485745860394883E-6,3.630398459313719E-6,4.0131722740650775E-6,3.630398459313719E-6,3.2485745860394879E-6,1.9336978289804389E-6],[2.4453295125264653E-6,3.9790044181964253E-6,4.0131722740650775E-6,4.7532020836047651E-6,4.0131722740650775E-6,3.9790044181964245E-6,2.4453295125264653E-6],[1.9336978289804389E-6,3.2485745860394883E-6,3.630398459313719E-6,4.0131722740650775E-6,3.630398459313719E-6,3.2485745860394879E-6,1.9336978289804389E-6],[2.0536351235558164E-6,3.3912501874436766E-6,3.2485745860394879E-6,3.9790044181964245E-6,3.2485745860394879E-6,3.3912501874436766E-6,2.0536351235558164E-6],[1.1183083308055433E-6,2.0536351235558164E-6,1.9336978289804389E-6,2.4453295125264653E-6,1.9336978289804389E-6,2.0536351235558164E-6,1.1183083308055433E-6]],[[1.7581552497121088E-6,2.9566335570127943E-6,2.8044357580511846E-6,3.4688664203473395E-6,2.8044357580511846E-6,2.9566335570127939E-6,1.7581552497121086E-6],[2.9566335570127943E-6,4.5611250535279975E-6,4.392080155615388E-6,5.2784353229596588E-6,4.392080155615388E-6,4.5611250535279975E-6,2.9566335570127939E-6],[2.8044357580511846E-6,4.392080155615388E-6,4.8524261365995048E-6,5.3138588078368417E-6,4.8524261365995048E-6,4.392080155615388E-6,2.8044357580511846E-6],[3.4688664203473395E-6,5.2784353229596588E-6,5.3138588078368417E-6,6.200511361438964E-6,5.3138588078368417E-6,5.2784353229596588E-6,3.4688664203473395E-6],[2.8044357580511846E-6,4.392080155615388E-6,4.8524261365995048E-6,5.3138588078368417E-6,4.8524261365995048E-6,4.392080155615388E-6,2.8044357580511846E-6],[2.9566335570127939E-6,4.5611250535279975E-6,4.392080155615388E-6,5.2784353229596588E-6,4.392080155615388E-6,4.5611250535279975E-6,2.9566335570127939E-6],[1.7581552497121086E-6,2.9566335570127939E-6,2.8044357580511846E-6,3.4688664203473395E-6,2.8044357580511846E-6,2.9566335570127939E-6,1.7581552497121086E-6]],[[2.5573355576875356E-6,4.02329945862547E-6,3.8388805268314379E-6,4.6604426603853166E-6,3.8388805268314379E-6,4.02329945862547E-6,2.5573355576875351E-6],[4.02329945862547E-6,5.8942513128386787E-6,5.6993621782448576E-6,6.7422505733156392E-6,5.6993621782448576E-6,5.8942513128386787E-6,4.02329945862547E-6],[3.8388805268314379E-6,5.6993621782448576E-6,6.23825549420093E-6,6.77837175703135E-6,6.23825549420093E-6,5.6993621782448576E-6,3.8388805268314379E-6],[4.6604426603853166E-6,6.7422505733156392E-6,6.77837175703135E-6,7.81117663256263E-6,6.77837175703135E-6,6.7422505733156392E-6,4.6604426603853166E-6],[3.8388805268314379E-6,5.6993621782448576E-6,6.23825549420093E-6,6.77837175703135E-6,6.23825549420093E-6,5.6993621782448576E-6,3.8388805268314379E-6],[4.02329945862547E-6,5.8942513128386787E-6,5.6993621782448576E-6,6.7422505733156392E-6,5.6993621782448576E-6,5.8942513128386787E-6,4.02329945862547E-6],[2.5573355576875351E-6,4.02329945862547E-6,3.8388805268314379E-6,4.6604426603853166E-6,3.8388805268314379E-6,4.02329945862547E-6,2.5573355576875351E-6]],[[3.517734856584003E-6,5.2533425565664583E-6,5.0369447371648377E-6,6.0181765271677984E-6,5.0369447371648377E-6,5.2533425565664583E-6,3.5177348565840026E-6],[5.2533425565664583E-6,7.3902448357563031E-6,7.1699375756245693E-6,8.3695706702940661E-6,7.1699375756245693E-6,7.3902448357563031E-6,5.2533425565664583E-6],[5.0369447371648377E-6,7.1699375756245693E-6,7.7873049895994056E-6,8.4060311296892453E-6,7.7873049895994056E-6,7.1699375756245693E-6,5.0369447371648377E-6],[6.0181765271677984E-6,8.3695706702940661E-6,8.4060311296892453E-6,9.58452040694635E-6,8.4060311296892453E-6,8.3695706702940661E-6,6.0181765271677984E-6],[5.0369447371648377E-6,7.1699375756245693E-6,7.7873049895994056E-6,8.4060311296892453E-6,7.7873049895994056E-6,7.1699375756245693E-6,5.0369447371648377E-6],[5.2533425565664583E-6,7.3902448357563031E-6,7.1699375756245693E-6,8.3695706702940661E-6,7.1699375756245693E-6,7.3902448357563031E-6,5.2533425565664583E-6],[3.5177348565840026E-6,5.2533425565664583E-6,5.0369447371648377E-6,6.0181765271677984E-6,5.0369447371648377E-6,5.2533425565664583E-6,3.5177348565840026E-6]],[[4.6402438702360818E-6,6.6464210373386857E-6,6.3983571024328754E-6,7.5406714087142725E-6,6.3983571024328754E-6,6.6464210373386865E-6,4.6402438702360818E-6],[6.6464210373386857E-6,9.0486860094863E-6,8.8033037546337034E-6,1.0159640869319241E-5,8.8033037546337034E-6,9.0486860094863E-6,6.6464210373386865E-6],[6.3983571024328754E-6,8.8033037546337034E-6,9.4990096575868454E-6,1.0196209601322925E-5,9.4990096575868454E-6,8.8033037546337034E-6,6.3983571024328754E-6],[7.5406714087142725E-6,1.0159640869319241E-5,1.0196209601322925E-5,1.1519917919891675E-5,1.0196209601322925E-5,1.0159640869319241E-5,7.5406714087142725E-6],[6.3983571024328754E-6,8.8033037546337034E-6,9.4990096575868454E-6,1.0196209601322925E-5,9.4990096575868454E-6,8.8033037546337034E-6,6.3983571024328754E-6],[6.6464210373386865E-6,9.0486860094863E-6,8.8033037546337034E-6,1.0159640869319241E-5,8.8033037546337034E-6,9.0486860094863E-6,6.6464210373386865E-6],[4.6402438702360818E-6,6.6464210373386865E-6,6.3983571024328754E-6,7.5406714087142725E-6,6.3983571024328754E-6,6.6464210373386865E-6,4.6402438702360818E-6]],[[5.9251865205404772E-6,8.2021514628203221E-6,7.9227395048723733E-6,9.2268421239276518E-6,7.9227395048723733E-6,8.2021514628203238E-6,5.925186520540478E-6],[8.2021514628203221E-6,1.0869130062410202E-5,1.0598949355417063E-5,1.2111789216827361E-5,1.0598949355417063E-5,1.0869130062410203E-5,8.2021514628203238E-6],[7.9227395048723733E-6,1.0598949355417063E-5,1.1372818674835262E-5,1.2148316895913241E-5,1.1372818674835262E-5,1.0598949355417063E-5,7.9227395048723733E-6],[9.2268421239276518E-6,1.2111789216827361E-5,1.2148316895913241E-5,1.361678150107577E-5,1.2148316895913241E-5,1.2111789216827361E-5,9.2268421239276518E-6],[7.9227395048723733E-6,1.0598949355417063E-5,1.1372818674835262E-5,1.2148316895913241E-5,1.1372818674835262E-5,1.0598949355417063E-5,7.9227395048723733E-6],[8.2021514628203238E-6,1.0869130062410203E-5,1.0598949355417063E-5,1.2111789216827361E-5,1.0598949355417063E-5,1.0869130062410203E-5,8.2021514628203238E-6],[5.925186520540478E-6,8.2021514628203238E-6,7.9227395048723733E-6,9.2268421239276518E-6,7.9227395048723733E-6,8.2021514628203238E-6,5.925186520540478E-6]],[[7.3725592595259415E-6,9.920118196682925E-6,9.6096528606664516E-6,1.1075804567424909E-5,9.6096528606664516E-6,9.9201181966829267E-6,7.3725592595259423E-6],[9.920118196682925E-6,1.2851114768585099E-5,1.2556360248463826E-5,1.422539928638444E-5,1.2556360248463828E-5,1.28511147685851E-5,9.9201181966829267E-6],[9.6096528606664516E-6,1.2556360248463826E-5,1.3408193037238639E-5,1.4261789143721755E-5,1.3408193037238639E-5,1.2556360248463828E-5,9.6096528606664516E-6],[1.1075804567424909E-5,1.422539928638444E-5,1.4261789143721755E-5,1.5874549922460678E-5,1.4261789143721755E-5,1.422539928638444E-5,1.1075804567424909E-5],[9.6096528606664516E-6,1.2556360248463828E-5,1.3408193037238639E-5,1.4261789143721755E-5,1.3408193037238639E-5,1.2556360248463828E-5,9.6096528606664516E-6],[9.9201181966829267E-6,1.28511147685851E-5,1.2556360248463828E-5,1.422539928638444E-5,1.2556360248463828E-5,1.28511147685851E-5,9.9201181966829267E-6],[7.3725592595259423E-6,9.9201181966829267E-6,9.6096528606664516E-6,1.1075804567424909E-5,9.6096528606664516E-6,9.9201181966829267E-6,7.3725592595259423E-6]],[[8.98216636405498E-6,1.1799881532897197E-5,1.1458624261225779E-5,1.308680534744415E-5,1.1458624261225779E-5,1.1799881532897197E-5,8.98216636405498E-6],[1.1799881532897197E-5,1.499416613438653E-5,1.4675022792815813E-5,1.649989238840114E-5,1.4675022792815813E-5,1.4994166134386532E-5,1.1799881532897197E-5],[1.1458624261225779E-5,1.4675022792815813E-5,1.5604603552321949E-5,1.6536081608198164E-5,1.5604603552321949E-5,1.4675022792815814E-5,1.1458624261225779E-5],[1.308680534744415E-5,1.649989238840114E-5,1.6536081608198164E-5,1.8292681116606581E-5,1.6536081608198164E-5,1.649989238840114E-5,1.308680534744415E-5],[1.1458624261225779E-5,1.4675022792815813E-5,1.5604603552321949E-5,1.6536081608198164E-5,1.5604603552321949E-5,1.4675022792815813E-5,1.1458624261225779E-5],[1.1799881532897197E-5,1.4994166134386532E-5,1.4675022792815814E-5,1.649989238840114E-5,1.4675022792815813E-5,1.499416613438653E-5,1.1799881532897199E-5],[8.98216636405498E-6,1.1799881532897197E-5,1.1458624261225779E-5,1.308680534744415E-5,1.1458624261225779E-5,1.1799881532897199E-5,8.9821663640549815E-6]],[[1.0753697483608657E-5,1.3840984327450887E-5,1.3469162919475226E-5,1.5259176762257782E-5,1.3469162919475226E-5,1.3840984327450887E-5,1.0753697483608657E-5],[1.3840984327450887E-5,1.7297802558558975E-5,1.6954425537211466E-5,1.8934715909428268E-5,1.6954425537211466E-5,1.7297802558558975E-5,1.3840984327450887E-5],[1.3469162919475226E-5,1.6954425537211466E-5,1.7961529196843593E-5,1.8970663700342755E-5,1.7961529196843593E-5,1.6954425537211466E-5,1.3469162919475226E-5],[1.5259176762257782E-5,1.8934715909428268E-5,1.8970663700342755E-5,2.0870647183323519E-5,1.8970663700342755E-5,1.8934715909428268E-5,1.5259176762257782E-5],[1.3469162919475226E-5,1.6954425537211466E-5,1.7961529196843593E-5,1.8970663700342755E-5,1.7961529196843593E-5,1.6954425537211466E-5,1.3469162919475226E-5],[1.3840984327450887E-5,1.7297802558558975E-5,1.6954425537211466E-5,1.8934715909428268E-5,1.6954425537211466E-5,1.7297802558558975E-5,1.3840984327450889E-5],[1.0753697483608657E-5,1.3840984327450887E-5,1.3469162919475226E-5,1.5259176762257782E-5,1.3469162919475226E-5,1.3840984327450889E-5,1.075369748360866E-5]],[[1.2686772835407634E-5,1.6042957219466763E-5,1.5640769454214018E-5,1.7592307880429966E-5,1.5640769454214018E-5,1.6042957219466763E-5,1.2686772835407634E-5],[1.6042957219466763E-5,1.9761537852674456E-5,1.9394060052117255E-5,2.1529335633279145E-5,1.9394060052117255E-5,1.9761537852674456E-5,1.6042957219466763E-5],[1.5640769454214018E-5,1.9394060052117255E-5,2.0478455818465834E-5,2.1565015550284162E-5,2.0478455818465834E-5,1.9394060052117255E-5,1.5640769454214018E-5],[1.7592307880429966E-5,2.1529335633279145E-5,2.1565015550284162E-5,2.3607930954193017E-5,2.1565015550284162E-5,2.1529335633279145E-5,1.7592307880429966E-5],[1.5640769454214018E-5,1.9394060052117255E-5,2.0478455818465834E-5,2.1565015550284162E-5,2.0478455818465834E-5,1.9394060052117255E-5,1.5640769454214018E-5],[1.6042957219466763E-5,1.9761537852674456E-5,1.9394060052117255E-5,2.1529335633279145E-5,1.9394060052117255E-5,1.9761537852674459E-5,1.6042957219466766E-5],[1.2686772835407634E-5,1.6042957219466763E-5,1.5640769454214018E-5,1.7592307880429966E-5,1.5640769454214018E-5,1.6042957219466766E-5,1.2686772835407637E-5]],[[1.478097005486471E-5,1.8405322640822354E-5,1.7972941232617671E-5,2.0085625889719255E-5,1.7972941232617671E-5,1.8405322640822354E-5,1.478097005486471E-5],[1.8405322640822354E-5,2.2384883419542066E-5,2.1993421288631297E-5,2.4283230659237435E-5,2.1993421288631297E-5,2.2384883419542066E-5,1.8405322640822354E-5],[1.7972941232617671E-5,2.1993421288631297E-5,2.3154875132196912E-5,2.4318625641482208E-5,2.3154875132196916E-5,2.1993421288631297E-5,1.7972941232617671E-5],[2.0085625889719255E-5,2.4283230659237435E-5,2.4318625641482208E-5,2.6504023620255287E-5,2.4318625641482211E-5,2.4283230659237435E-5,2.0085625889719255E-5],[1.7972941232617671E-5,2.1993421288631297E-5,2.3154875132196916E-5,2.4318625641482211E-5,2.3154875132196916E-5,2.1993421288631297E-5,1.7972941232617671E-5],[1.8405322640822354E-5,2.2384883419542066E-5,2.1993421288631297E-5,2.4283230659237435E-5,2.1993421288631297E-5,2.238488341954207E-5,1.8405322640822358E-5],[1.478097005486471E-5,1.8405322640822354E-5,1.7972941232617671E-5,2.0085625889719255E-5,1.7972941232617671E-5,1.8405322640822358E-5,1.4780970054864714E-5]],[[1.7035840487483605E-5,2.0927597839129206E-5,2.0465175396426537E-5,2.2738584016601177E-5,2.0465175396426537E-5,2.0927597839129206E-5,1.7035840487483605E-5],[2.0927597839129206E-5,2.5167349814341527E-5,2.4752007688884027E-5,2.71958900210011E-5,2.4752007688884027E-5,2.5167349814341527E-5,2.0927597839129206E-5],[2.0465175396426537E-5,2.4752007688884027E-5,2.5990283955919413E-5,2.7230989171560829E-5,2.5990283955919413E-5,2.4752007688884027E-5,2.0465175396426537E-5],[2.2738584016601177E-5,2.71958900210011E-5,2.7230989171560829E-5,2.9558423086817554E-5,2.7230989171560829E-5,2.7195890021001095E-5,2.2738584016601177E-5],[2.0465175396426537E-5,2.4752007688884027E-5,2.5990283955919413E-5,2.7230989171560829E-5,2.5990283955919413E-5,2.4752007688884027E-5,2.0465175396426537E-5],[2.0927597839129206E-5,2.5167349814341527E-5,2.4752007688884027E-5,2.7195890021001095E-5,2.4752007688884027E-5,2.5167349814341531E-5,2.0927597839129209E-5],[1.7035840487483605E-5,2.0927597839129206E-5,2.0465175396426537E-5,2.2738584016601177E-5,2.0465175396426537E-5,2.0927597839129209E-5,1.7035840487483609E-5]],[[1.9450919294036967E-5,2.3609297124158645E-5,2.3116970538563426E-5,2.5550653665415525E-5,2.3116970538563426E-5,2.3609297124158645E-5,1.9450919294036967E-5],[2.3609297124158645E-5,2.8108447856053515E-5,2.7669321172918283E-5,3.0266810423799349E-5,2.7669321172918283E-5,2.8108447856053515E-5,2.3609297124158645E-5],[2.3116970538563426E-5,2.7669321172918283E-5,2.8984183633056514E-5,3.0301606910896614E-5,2.8984183633056514E-5,2.7669321172918287E-5,2.3116970538563426E-5],[2.5550653665415525E-5,3.0266810423799349E-5,3.0301606910896614E-5,3.2770632826490347E-5,3.0301606910896614E-5,3.0266810423799349E-5,2.5550653665415525E-5],[2.3116970538563426E-5,2.7669321172918283E-5,2.8984183633056514E-5,3.0301606910896614E-5,2.8984183633056514E-5,2.7669321172918287E-5,2.3116970538563426E-5],[2.3609297124158645E-5,2.8108447856053515E-5,2.7669321172918287E-5,3.0266810423799349E-5,2.7669321172918287E-5,2.8108447856053518E-5,2.3609297124158648E-5],[1.9450919294036967E-5,2.3609297124158645E-5,2.3116970538563426E-5,2.5550653665415525E-5,2.3116970538563426E-5,2.3609297124158648E-5,1.945091929403697E-5]],[[2.2025731855824817E-5,2.6449933517288777E-5,2.5927827601733232E-5,2.8521319277537883E-5,2.5927827601733232E-5,2.6449933517288777E-5,2.2025731855824817E-5],[2.6449933517288777E-5,3.1207689412871336E-5,3.0744867069767855E-5,3.3495494719528429E-5,3.0744867069767855E-5,3.1207689412871336E-5,2.6449933517288777E-5],[2.5927827601733232E-5,3.0744867069767855E-5,3.2136079598095888E-5,3.3529984402691249E-5,3.2136079598095888E-5,3.0744867069767855E-5,2.5927827601733232E-5],[2.8521319277537883E-5,3.3495494719528429E-5,3.3529984402691249E-5,3.6140161074176196E-5,3.3529984402691249E-5,3.3495494719528429E-5,2.8521319277537883E-5],[2.5927827601733232E-5,3.0744867069767855E-5,3.2136079598095888E-5,3.3529984402691249E-5,3.2136079598095888E-5,3.0744867069767855E-5,2.5927827601733232E-5],[2.6449933517288777E-5,3.1207689412871336E-5,3.0744867069767855E-5,3.3495494719528429E-5,3.0744867069767855E-5,3.1207689412871336E-5,2.6449933517288777E-5],[2.2025731855824817E-5,2.6449933517288777E-5,2.5927827601733232E-5,2.8521319277537883E-5,2.5927827601733232E-5,2.6449933517288777E-5,2.2025731855824817E-5]],[[2.4759797917435552E-5,2.9449019949754151E-5,2.8897250334492594E-5,3.1650074950640926E-5,2.8897250334492594E-5,2.9449019949754151E-5,2.4759797917435552E-5],[2.9449019949754151E-5,3.4464587952153524E-5,3.3978154028021429E-5,3.6881450870798915E-5,3.3978154028021429E-5,3.4464587952153524E-5,2.9449019949754151E-5],[2.8897250334492594E-5,3.3978154028021429E-5,3.5445481049137824E-5,3.6915631397580055E-5,3.5445481049137824E-5,3.3978154028021429E-5,2.8897250334492594E-5],[3.1650074950640926E-5,3.6881450870798915E-5,3.6915631397580055E-5,3.9666520257060424E-5,3.6915631397580055E-5,3.6881450870798915E-5,3.1650074950640926E-5],[2.8897250334492594E-5,3.3978154028021429E-5,3.5445481049137824E-5,3.6915631397580055E-5,3.5445481049137824E-5,3.3978154028021429E-5,2.8897250334492594E-5],[2.9449019949754151E-5,3.4464587952153524E-5,3.3978154028021429E-5,3.6881450870798915E-5,3.3978154028021429E-5,3.446458795215353E-5,2.9449019949754151E-5],[2.4759797917435552E-5,2.9449019949754151E-5,2.8897250334492594E-5,3.1650074950640926E-5,2.8897250334492594E-5,2.9449019949754151E-5,2.4759797917435552E-5]],[[2.765263431372143E-5,3.26060701241841E-5,3.2024745499983615E-5,3.4936422201344807E-5,3.2024745499983615E-5,3.26060701241841E-5,2.765263431372143E-5],[3.26060701241841E-5,3.7878658920836241E-5,3.7368693923192228E-5,4.0424191240033661E-5,3.7368693923192228E-5,3.7878658920836241E-5,3.26060701241841E-5],[3.2024745499983615E-5,3.7368693923192228E-5,3.8911900699474532E-5,4.0458061449477395E-5,3.8911900699474532E-5,3.7368693923192228E-5,3.2024745499983615E-5],[3.4936422201344807E-5,4.0424191240033661E-5,4.0458061449477395E-5,4.3349226586299773E-5,4.0458061449477395E-5,4.0424191240033661E-5,3.4936422201344807E-5],[3.2024745499983615E-5,3.7368693923192228E-5,3.8911900699474532E-5,4.0458061449477395E-5,3.8911900699474532E-5,3.7368693923192228E-5,3.2024745499983615E-5],[3.26060701241841E-5,3.7878658920836241E-5,3.7368693923192228E-5,4.0424191240033661E-5,3.7368693923192228E-5,3.7878658920836241E-5,3.2606070124184108E-5],[2.765263431372143E-5,3.26060701241841E-5,3.2024745499983615E-5,3.4936422201344807E-5,3.2024745499983615E-5,3.2606070124184108E-5,2.7652634313721434E-5]],[[3.0703756790549289E-5,3.5920599127277482E-5,3.5309822949620623E-5,3.8379868473529474E-5,3.5309822949620623E-5,3.5920599127277482E-5,3.0703756790549289E-5],[3.5920599127277482E-5,4.144942000403796E-5,4.0916001769502485E-5,4.4123232095383986E-5,4.0916001769502485E-5,4.144942000403796E-5,3.5920599127277482E-5],[3.5309822949620623E-5,4.0916001769502485E-5,4.253485458683625E-5,4.4156791622324782E-5,4.253485458683625E-5,4.0916001769502485E-5,3.5309822949620623E-5],[3.8379868473529474E-5,4.4123232095383986E-5,4.4156791622324782E-5,4.7187799760064517E-5,4.4156791622324782E-5,4.4123232095383986E-5,3.8379868473529474E-5],[3.5309822949620623E-5,4.0916001769502485E-5,4.253485458683625E-5,4.4156791622324782E-5,4.253485458683625E-5,4.0916001769502492E-5,3.5309822949620623E-5],[3.5920599127277482E-5,4.144942000403796E-5,4.0916001769502485E-5,4.4123232095383986E-5,4.0916001769502492E-5,4.1449420004037967E-5,3.5920599127277488E-5],[3.0703756790549289E-5,3.5920599127277482E-5,3.5309822949620623E-5,3.8379868473529474E-5,3.5309822949620623E-5,3.5920599127277488E-5,3.0703756790549296E-5]],[[3.3912681233071571E-5,3.9392123859903235E-5,3.87519956254322E-5,4.1979926134832357E-5,3.87519956254322E-5,3.9392123859903235E-5,3.3912681233071571E-5],[3.9392123859903235E-5,4.5176391296297409E-5,4.4619595638686629E-5,4.79780932617274E-5,4.4619595638686629E-5,4.5176391296297409E-5,3.9392123859903235E-5],[3.87519956254322E-5,4.4619595638686629E-5,4.6313861924309224E-5,4.8011342273153388E-5,4.6313861924309224E-5,4.4619595638686629E-5,3.87519956254322E-5],[4.1979926134832357E-5,4.79780932617274E-5,4.8011342273153388E-5,5.1181762743329817E-5,4.8011342273153388E-5,4.79780932617274E-5,4.1979926134832357E-5],[3.87519956254322E-5,4.4619595638686629E-5,4.6313861924309224E-5,4.8011342273153388E-5,4.6313861924309224E-5,4.4619595638686629E-5,3.87519956254322E-5],[3.9392123859903235E-5,4.5176391296297409E-5,4.4619595638686629E-5,4.79780932617274E-5,4.4619595638686629E-5,4.5176391296297416E-5,3.9392123859903242E-5],[3.3912681233071571E-5,3.9392123859903235E-5,3.87519956254322E-5,4.1979926134832357E-5,3.87519956254322E-5,3.9392123859903242E-5,3.3912681233071577E-5]],[[3.7278924499273771E-5,4.3020163334061254E-5,4.2350779526520529E-5,4.5736111793976017E-5,4.2350779526520529E-5,4.3020163334061254E-5,3.7278924499273771E-5],[4.3020163334061254E-5,4.9059095410242673E-5,4.8478996586000294E-5,5.198829786903186E-5,4.8478996586000294E-5,4.9059095410242673E-5,4.3020163334061254E-5],[4.2350779526520529E-5,4.8478996586000294E-5,5.0248444981126935E-5,5.2021236887677973E-5,5.0248444981126935E-5,4.8478996586000294E-5,4.2350779526520529E-5],[4.5736111793976017E-5,5.198829786903186E-5,5.2021236887677973E-5,5.5330641600613669E-5,5.2021236887677973E-5,5.198829786903186E-5,4.5736111793976017E-5],[4.2350779526520529E-5,4.8478996586000294E-5,5.0248444981126935E-5,5.2021236887677973E-5,5.0248444981126942E-5,4.84789965860003E-5,4.2350779526520529E-5],[4.3020163334061254E-5,4.9059095410242673E-5,4.8478996586000294E-5,5.198829786903186E-5,4.84789965860003E-5,4.905909541024268E-5,4.302016333406126E-5],[3.7278924499273771E-5,4.3020163334061254E-5,4.2350779526520529E-5,4.5736111793976017E-5,4.2350779526520529E-5,4.302016333406126E-5,3.7278924499273778E-5]],[[4.0802004986284036E-5,4.6804238873170411E-5,4.610569365887984E-5,4.964794582973736E-5,4.610569365887984E-5,4.6804238873170411E-5,4.0802004986284036E-5],[4.6804238873170411E-5,5.3097057540473806E-5,5.2493728582572983E-5,5.6153372166235976E-5,5.2493728582572983E-5,5.3097057540473806E-5,4.6804238873170411E-5],[4.610569365887984E-5,5.2493728582572983E-5,5.4338128984713319E-5,5.6186001952045832E-5,5.4338128984713319E-5,5.2493728582572983E-5,4.610569365887984E-5],[4.964794582973736E-5,5.6153372166235976E-5,5.6186001952045832E-5,5.9633965365260214E-5,5.6186001952045832E-5,5.6153372166235976E-5,4.964794582973736E-5],[4.610569365887984E-5,5.2493728582572983E-5,5.4338128984713319E-5,5.6186001952045832E-5,5.4338128984713319E-5,5.2493728582572983E-5,4.610569365887984E-5],[4.6804238873170411E-5,5.3097057540473806E-5,5.2493728582572983E-5,5.6153372166235976E-5,5.2493728582572983E-5,5.3097057540473806E-5,4.6804238873170411E-5],[4.0802004986284036E-5,4.6804238873170411E-5,4.610569365887984E-5,4.964794582973736E-5,4.610569365887984E-5,4.6804238873170411E-5,4.0802004986284043E-5]],[[4.44814430133435E-5,5.074387424241861E-5,5.0016259978665952E-5,5.3714952060031243E-5,5.0016259978665952E-5,5.074387424241861E-5,4.44814430133435E-5],[5.074387424241861E-5,5.7289805495421665E-5,5.6663318452938515E-5,6.0472845379339719E-5,5.6663318452938515E-5,5.7289805495421665E-5,5.074387424241861E-5],[5.0016259978665952E-5,5.6663318452938515E-5,5.8582442037768025E-5,6.0505166849487071E-5,5.8582442037768025E-5,5.6663318452938521E-5,5.0016259978665952E-5],[5.3714952060031243E-5,6.0472845379339719E-5,6.0505166849487071E-5,6.4091265933988135E-5,6.0505166849487071E-5,6.0472845379339726E-5,5.3714952060031243E-5],[5.0016259978665952E-5,5.6663318452938515E-5,5.8582442037768025E-5,6.0505166849487071E-5,5.8582442037768032E-5,5.6663318452938521E-5,5.0016259978665952E-5],[5.074387424241861E-5,5.7289805495421665E-5,5.6663318452938521E-5,6.0472845379339726E-5,5.6663318452938521E-5,5.7289805495421665E-5,5.074387424241861E-5],[4.44814430133435E-5,5.074387424241861E-5,5.0016259978665952E-5,5.3714952060031243E-5,5.0016259978665952E-5,5.074387424241861E-5,4.4481443013343508E-5]],[[4.8316761077680021E-5,5.4838595728692592E-5,5.4082003333918111E-5,5.7936657504087013E-5,5.4082003333918111E-5,5.4838595728692592E-5,4.8316761077680021E-5],[5.4838595728692592E-5,6.1636869706343012E-5,6.098729581660063E-5,6.4946249599414811E-5,6.098729581660063E-5,6.1636869706343012E-5,5.4838595728692592E-5],[5.4082003333918111E-5,6.098729581660063E-5,6.29809150459533E-5,6.4978263774130414E-5,6.29809150459533E-5,6.098729581660063E-5,5.4082003333918111E-5],[5.7936657504087013E-5,6.4946249599414811E-5,6.4978263774130414E-5,6.8702077978940044E-5,6.4978263774130414E-5,6.4946249599414811E-5,5.7936657504087013E-5],[5.4082003333918111E-5,6.098729581660063E-5,6.29809150459533E-5,6.4978263774130414E-5,6.29809150459533E-5,6.0987295816600637E-5,5.4082003333918111E-5],[5.4838595728692592E-5,6.1636869706343012E-5,6.098729581660063E-5,6.4946249599414811E-5,6.0987295816600637E-5,6.1636869706343026E-5,5.4838595728692592E-5],[4.8316761077680021E-5,5.4838595728692592E-5,5.4082003333918111E-5,5.7936657504087013E-5,5.4082003333918111E-5,5.4838595728692592E-5,4.8316761077680021E-5]],[[5.2307484021548711E-5,5.9087932184215586E-5,5.830245140699498E-5,6.2312592206698281E-5,5.830245140699498E-5,5.9087932184215586E-5,5.2307484021548711E-5],[5.9087932184215586E-5,6.6137783219996909E-5,6.5465193032644771E-5,6.9573119690928751E-5,6.5465193032644771E-5,6.6137783219996909E-5,5.9087932184215586E-5],[5.830245140699498E-5,6.5465193032644771E-5,6.7533081653031049E-5,6.9604827656670555E-5,6.7533081653031049E-5,6.5465193032644771E-5,5.830245140699498E-5],[6.2312592206698281E-5,6.9573119690928751E-5,6.9604827656670555E-5,7.3465938871891529E-5,6.9604827656670555E-5,6.9573119690928751E-5,6.2312592206698281E-5],[5.830245140699498E-5,6.5465193032644771E-5,6.7533081653031049E-5,6.9604827656670555E-5,6.7533081653031049E-5,6.5465193032644771E-5,5.830245140699498E-5],[5.9087932184215586E-5,6.6137783219996909E-5,6.5465193032644771E-5,6.9573119690928751E-5,6.5465193032644771E-5,6.6137783219996909E-5,5.90879321842156E-5],[5.2307484021548711E-5,5.9087932184215586E-5,5.830245140699498E-5,6.2312592206698281E-5,5.830245140699498E-5,5.90879321842156E-5,5.2307484021548711E-5]],[[5.6453139136810922E-5,6.3491415044138143E-5,6.267713465858586E-5,6.6842289104022455E-5,6.267713465858586E-5,6.3491415044138143E-5,5.6453139136810922E-5],[6.3491415044138143E-5,7.0792081679707576E-5,7.0096545146621964E-5,7.435299321392462E-5,7.0096545146621964E-5,7.0792081679707576E-5,6.3491415044138143E-5],[6.267713465858586E-5,7.0096545146621964E-5,7.2238478181245409E-5,7.4384396098252964E-5,7.2238478181245409E-5,7.0096545146621964E-5,6.267713465858586E-5],[6.6842289104022455E-5,7.435299321392462E-5,7.4384396098252964E-5,7.8382388616954869E-5,7.4384396098252964E-5,7.435299321392462E-5,6.6842289104022455E-5],[6.267713465858586E-5,7.0096545146621964E-5,7.2238478181245409E-5,7.4384396098252964E-5,7.2238478181245409E-5,7.0096545146621964E-5,6.267713465858586E-5],[6.3491415044138143E-5,7.0792081679707576E-5,7.0096545146621964E-5,7.435299321392462E-5,7.0096545146621964E-5,7.079208167970759E-5,6.3491415044138156E-5],[5.6453139136810922E-5,6.3491415044138143E-5,6.267713465858586E-5,6.6842289104022455E-5,6.267713465858586E-5,6.3491415044138156E-5,5.6453139136810922E-5]],[[6.0753256225411161E-5,6.8048578325484666E-5,6.7205586273453956E-5,7.1525283917274975E-5,6.7205586273453956E-5,6.8048578325484666E-5,6.0753256225411161E-5],[6.8048578325484666E-5,7.5599303298200187E-5,7.4880889839117932E-5,7.9285410355705563E-5,7.4880889839117932E-5,7.5599303298200187E-5,6.8048578325484666E-5],[6.7205586273453956E-5,7.4880889839117932E-5,7.7096643575415313E-5,7.9316509310092931E-5,7.7096643575415313E-5,7.4880889839117932E-5,6.7205586273453956E-5],[7.1525283917274975E-5,7.9285410355705563E-5,7.9316509310092931E-5,8.34509697892701E-5,7.9316509310092931E-5,7.9285410355705563E-5,7.1525283917274975E-5],[6.7205586273453956E-5,7.4880889839117932E-5,7.7096643575415313E-5,7.9316509310092931E-5,7.7096643575415313E-5,7.4880889839117932E-5,6.7205586273453956E-5],[6.8048578325484666E-5,7.5599303298200187E-5,7.4880889839117932E-5,7.9285410355705563E-5,7.4880889839117932E-5,7.5599303298200214E-5,6.8048578325484693E-5],[6.0753256225411161E-5,6.8048578325484666E-5,6.7205586273453956E-5,7.1525283917274975E-5,6.7205586273453956E-5,6.8048578325484693E-5,6.0753256225411181E-5]],[[6.5207367628617246E-5,7.2758958612778685E-5,7.1887342107774738E-5,7.6361115065273413E-5,7.1887342107774738E-5,7.2758958612778685E-5,6.5207367628617246E-5],[7.2758958612778685E-5,8.0558988824623565E-5,7.98177673755767E-5,8.4369913869090677E-5,7.9817767375576709E-5,8.0558988824623565E-5,7.2758958612778685E-5],[7.1887342107774738E-5,7.98177673755767E-5,8.2107119349672918E-5,8.4400710057130028E-5,8.2107119349672931E-5,7.9817767375576709E-5,7.1887342107774738E-5],[7.6361115065273413E-5,8.4369913869090677E-5,8.4400710057130028E-5,8.8671227477955369E-5,8.4400710057130028E-5,8.436991386909069E-5,7.6361115065273413E-5],[7.1887342107774738E-5,7.9817767375576709E-5,8.2107119349672931E-5,8.4400710057130028E-5,8.2107119349672931E-5,7.9817767375576709E-5,7.1887342107774751E-5],[7.2758958612778685E-5,8.0558988824623565E-5,7.9817767375576709E-5,8.436991386909069E-5,7.9817767375576709E-5,8.0558988824623579E-5,7.27589586127787E-5],[6.5207367628617246E-5,7.2758958612778685E-5,7.1887342107774738E-5,7.6361115065273413E-5,7.1887342107774751E-5,7.27589586127787E-5,6.520736762861726E-5]],[[6.98150082341227E-5,7.7622095034226592E-5,7.6721940637850366E-5,8.1349323589782434E-5,7.6721940637850366E-5,7.7622095034226592E-5,6.98150082341227E-5],[7.7622095034226592E-5,8.5670681507548309E-5,8.49067205571114E-5,8.9606049015296781E-5,8.49067205571114E-5,8.5670681507548309E-5,7.7622095034226592E-5],[7.6721940637850366E-5,8.49067205571114E-5,8.7269449536153549E-5,8.9636543604599411E-5,8.7269449536153549E-5,8.49067205571114E-5,7.6721940637850366E-5],[8.1349323589782434E-5,8.9606049015296781E-5,8.9636543604599411E-5,9.40427092321758E-5,8.9636543604599411E-5,8.9606049015296781E-5,8.1349323589782434E-5],[7.6721940637850366E-5,8.49067205571114E-5,8.7269449536153549E-5,8.9636543604599411E-5,8.7269449536153549E-5,8.4906720557111418E-5,7.6721940637850379E-5],[7.7622095034226592E-5,8.5670681507548309E-5,8.49067205571114E-5,8.9606049015296781E-5,8.4906720557111418E-5,8.5670681507548323E-5,7.76220950342266E-5],[6.98150082341227E-5,7.7622095034226592E-5,7.6721940637850366E-5,8.1349323589782434E-5,7.6721940637850379E-5,7.76220950342266E-5,6.9815008234122715E-5]],[[7.4575715467443181E-5,8.2637529231193186E-5,8.1708922909976779E-5,8.6489453089611218E-5,8.1708922909976779E-5,8.2637529231193186E-5,7.4575715467443181E-5],[8.2637529231193186E-5,9.09339270551776E-5,9.0147294672095565E-5,9.4993363510110091E-5,9.0147294672095565E-5,9.09339270551776E-5,8.2637529231193186E-5],[8.1708922909976779E-5,9.0147294672095565E-5,9.2583180635143431E-5,9.5023557666736223E-5,9.2583180635143431E-5,9.0147294672095565E-5,8.1708922909976779E-5],[8.6489453089611218E-5,9.4993363510110091E-5,9.5023557666736223E-5,9.9564965009523785E-5,9.5023557666736223E-5,9.4993363510110091E-5,8.6489453089611218E-5],[8.1708922909976779E-5,9.0147294672095565E-5,9.2583180635143431E-5,9.5023557666736223E-5,9.2583180635143431E-5,9.0147294672095565E-5,8.1708922909976792E-5],[8.2637529231193186E-5,9.09339270551776E-5,9.0147294672095565E-5,9.4993363510110091E-5,9.0147294672095565E-5,9.0933927055177611E-5,8.26375292311932E-5],[7.4575715467443181E-5,8.2637529231193186E-5,8.1708922909976779E-5,8.6489453089611218E-5,8.1708922909976792E-5,8.26375292311932E-5,7.45757154674432E-5]],[[7.94890292722055E-5,8.7804805323019142E-5,8.684783249124249E-5,9.1781049660790014E-5,8.684783249124249E-5,8.7804805323019142E-5,7.94890292722055E-5],[8.7804805323019142E-5,9.6348273593720846E-5,9.5539037448425662E-5,0.00010053140747247742,9.5539037448425662E-5,9.6348273593720846E-5,8.7804805323019142E-5],[8.684783249124249E-5,9.5539037448425662E-5,9.8047861566377315E-5,0.00010056130235710959,9.8047861566377315E-5,9.5539037448425662E-5,8.684783249124249E-5],[9.1781049660790014E-5,0.00010053140747247742,0.00010056130235710959,0.00010523754712618548,0.00010056130235710959,0.00010053140747247742,9.1781049660790014E-5],[8.684783249124249E-5,9.5539037448425662E-5,9.8047861566377315E-5,0.00010056130235710959,9.8047861566377315E-5,9.5539037448425662E-5,8.68478324912425E-5],[8.7804805323019142E-5,9.6348273593720846E-5,9.5539037448425662E-5,0.00010053140747247742,9.5539037448425662E-5,9.6348273593720846E-5,8.7804805323019156E-5],[7.94890292722055E-5,8.7804805323019142E-5,8.684783249124249E-5,9.1781049660790014E-5,8.68478324912425E-5,8.7804805323019156E-5,7.948902927220552E-5]],[[8.4554492082617916E-5,9.3123469868620136E-5,9.2138215421162412E-5,9.722366184100343E-5,9.2138215421162412E-5,9.3123469868620136E-5,8.4554492082617916E-5],[9.3123469868620136E-5,0.00010191327162460918,0.00010108149900640662,0.00010621973337493989,0.00010108149900640662,0.00010191327162460918,9.3123469868620136E-5],[9.2138215421162412E-5,0.00010108149900640662,0.00010366304362130241,0.00010624933014026595,0.00010366304362130241,0.00010108149900640662,9.2138215421162412E-5],[9.722366184100343E-5,0.00010621973337493989,0.00010624933014026595,0.00011106001020855619,0.00010624933014026595,0.00010621973337493989,9.722366184100343E-5],[9.2138215421162412E-5,0.00010108149900640662,0.00010366304362130241,0.00010624933014026595,0.00010366304362130243,0.00010108149900640663,9.2138215421162426E-5],[9.3123469868620136E-5,0.00010191327162460918,0.00010108149900640662,0.00010621973337493989,0.00010108149900640663,0.00010191327162460918,9.312346986862015E-5],[8.4554492082617916E-5,9.3123469868620136E-5,9.2138215421162412E-5,9.722366184100343E-5,9.2138215421162426E-5,9.312346986862015E-5,8.455449208261793E-5]],[[8.9771648790454227E-5,9.85930718259199E-5,9.7579620164002328E-5,0.00010281684055711726,9.7579620164002328E-5,9.85930718259199E-5,8.9771648790454227E-5],[9.85930718259199E-5,0.00010762847398103626,0.00010677423181221435,0.00011205789599551918,0.00010677423181221435,0.00010762847398103626,9.85930718259199E-5],[9.7579620164002328E-5,0.00010677423181221435,0.00010942828041617132,0.00011208719578445242,0.00010942828041617132,0.00010677423181221435,9.7579620164002328E-5],[0.00010281684055711726,0.00011205789599551918,0.00011208719578445242,0.000117031911146056,0.00011208719578445242,0.00011205789599551918,0.00010281684055711726],[9.7579620164002328E-5,0.00010677423181221435,0.00010942828041617132,0.00011208719578445242,0.00010942828041617132,0.00010677423181221435,9.7579620164002328E-5],[9.85930718259199E-5,0.00010762847398103626,0.00010677423181221435,0.00011205789599551918,0.00010677423181221435,0.00010762847398103626,9.85930718259199E-5],[8.9771648790454227E-5,9.85930718259199E-5,9.7579620164002328E-5,0.00010281684055711726,9.7579620164002328E-5,9.85930718259199E-5,8.9771648790454241E-5]],[[9.5140046708274957E-5,0.00010421316250990618,0.00010317159756178072,0.00010856013907497432,0.00010317159756178072,0.00010421316250990618,9.5140046708274957E-5],[0.00010421316250990618,0.00011349343578421728,0.0001126167906319603,0.00011804545237081966,0.0001126167906319603,0.00011349343578421728,0.00010421316250990618],[0.00010317159756178072,0.0001126167906319603,0.00011534312784591846,0.00011807445631530651,0.00011534312784591846,0.0001126167906319603,0.00010317159756178072],[0.00010856013907497432,0.00011804545237081966,0.00011807445631530651,0.00012315280904501814,0.00011807445631530651,0.00011804545237081966,0.00010856013907497432],[0.00010317159756178072,0.0001126167906319603,0.00011534312784591846,0.00011807445631530651,0.00011534312784591846,0.0001126167906319603,0.00010317159756178072],[0.00010421316250990618,0.00011349343578421728,0.0001126167906319603,0.00011804545237081966,0.0001126167906319603,0.00011349343578421728,0.00010421316250990618],[9.5140046708274957E-5,0.00010421316250990618,0.00010317159756178072,0.00010856013907497432,0.00010317159756178072,0.00010421316250990618,9.5140046708274957E-5]],[[0.00010065923553008655,0.00010998329554986622,0.00010891370078788548,0.00011445311295095158,0.00010891370078788548,0.00010998329554986622,0.00010065923553008655],[0.00010998329554986622,0.00011950771439962781,0.00011860873248635002,0.00012418196175017785,0.00011860873248635002,0.00011950771439962781,0.00010998329554986622],[0.00010891370078788548,0.00011860873248635002,0.00012140714403876973,0.00012421067097041652,0.00012140714403876975,0.00011860873248635002,0.00010891370078788548],[0.00011445311295095158,0.00012418196175017785,0.00012421067097041652,0.00012942226518354057,0.00012421067097041652,0.00012418196175017785,0.00011445311295095158],[0.00010891370078788548,0.00011860873248635002,0.00012140714403876975,0.000124210670970