{"M_cells":[[[0,0,0,0,0],[0,0,0,0,0],[0,0,0,0,0],[0,0,0,0,0],[0,0,0,0,0]],[[2.9085963651033361E-6,8.179146594065399E-6,9.722627675624871E-6,8.179146594065399E-6,2.9085963651033366E-6],[8.179146594065399E-6,1.9110848487273865E-5,2.2392673249492084E-5,1.9110848487273865E-5,8.179146594065399E-6],[9.722627675624871E-6,2.2392673249492084E-5,2.6253876782380492E-5,2.2392673249492084E-5,9.722627675624871E-6],[8.179146594065399E-6,1.9110848487273865E-5,2.2392673249492084E-5,1.9110848487273865E-5,8.179146594065399E-6],[2.9085963651033366E-6,8.179146594065399E-6,9.722627675624871E-6,8.179146594065399E-6,2.9085963651033366E-6]],[[1.7990369064649524E-5,3.317145214859161E-5,3.7815186867064611E-5,3.317145214859161E-5,1.7990369064649524E-5],[3.317145214859161E-5,5.5350883887393416E-5,6.22848557751286E-5,5.5350883887393416E-5,3.317145214859161E-5],[3.7815186867064611E-5,6.22848557751286E-5,6.9982218626948653E-5,6.22848557751286E-5,3.7815186867064611E-5],[3.317145214859161E-5,5.5350883887393416E-5,6.22848557751286E-5,5.5350883887393416E-5,3.317145214859161E-5],[1.7990369064649524E-5,3.317145214859161E-5,3.7815186867064611E-5,3.317145214859161E-5,1.7990369064649524E-5]],[[4.8979667528035295E-5,7.5196666796446037E-5,8.3425522004167791E-5,7.5196666796446037E-5,4.8979667528035295E-5],[7.5196666796446037E-5,0.00010866254274931889,0.00011934725641331062,0.00010866254274931889,7.5196666796446037E-5],[8.3425522004167791E-5,0.00011934725641331062,0.00013085058359859378,0.00011934725641331062,8.3425522004167791E-5],[7.5196666796446037E-5,0.00010866254274931889,0.00011934725641331062,0.00010866254274931889,7.5196666796446037E-5],[4.8979667528035295E-5,7.5196666796446037E-5,8.3425522004167791E-5,7.5196666796446037E-5,4.8979667528035295E-5]],[[9.6749451873434278E-5,0.00013423638900741819,0.00014618769735760072,0.00013423638900741819,9.6749451873434278E-5],[0.00013423638900741819,0.00017894265894514522,0.00019339037794188142,0.00017894265894514522,0.00013423638900741819],[0.00014618769735760072,0.00019339037794188142,0.00020867023285070006,0.00019339037794188142,0.00014618769735760072],[0.00013423638900741819,0.00017894265894514522,0.00019339037794188142,0.00017894265894514522,0.00013423638900741822],[9.6749451873434278E-5,0.00013423638900741819,0.00014618769735760072,0.00013423638900741822,9.6749451873434292E-5]],[[0.00016143885314843151,0.00021019731999426581,0.00022589610048519241,0.00021019731999426581,0.00016143885314843151],[0.00021019731999426581,0.00026607198376543245,0.00028426746836508456,0.00026607198376543245,0.00021019731999426581],[0.00022589610048519241,0.00028426746836508456,0.0003032951882934959,0.00028426746836508456,0.00022589610048519241],[0.00021019731999426581,0.00026607198376543245,0.00028426746836508456,0.00026607198376543245,0.00021019731999426581],[0.00016143885314843151,0.00021019731999426581,0.00022589610048519241,0.00021019731999426581,0.00016143885314843151]],[[0.00024299413011683336,0.00030296415735325274,0.00032239947810199264,0.00030296415735325274,0.00024299413011683336],[0.00030296415735325274,0.00036992828073379526,0.00039184786456449754,0.00036992828073379526,0.00030296415735325274],[0.00032239947810199264,0.00039184786456449754,0.00041459553720884877,0.00039184786456449754,0.00032239947810199264],[0.00030296415735325274,0.00036992828073379526,0.00039184786456449754,0.00036992828073379526,0.00030296415735325274],[0.00024299413011683336,0.00030296415735325274,0.00032239947810199264,0.00030296415735325274,0.00024299413011683336]],[[0.00034131078415995929,0.00041241664210356192,0.00043556639130077615,0.00041241664210356192,0.00034131078415995929],[0.00041241664210356192,0.000490390445479497,0.00051600820179383174,0.000490390445479497,0.00041241664210356192],[0.00043556639130077615,0.00051600820179383174,0.00054244862840416178,0.00051600820179383174,0.00043556639130077615],[0.00041241664210356192,0.000490390445479497,0.00051600820179383174,0.000490390445479497,0.00041241664210356192],[0.00034131078415995929,0.00041241664210356192,0.00043556639130077615,0.00041241664210356192,0.00034131078415995929]],[[0.00045627212164682025,0.000538434965699565,0.00056527386762065634,0.000538434965699565,0.00045627212164682025],[0.000538434965699565,0.00062733971769811468,0.00065662943374003688,0.00062733971769811468,0.000538434965699565],[0.00056527386762065634,0.00065662943374003688,0.0006867360891020638,0.00065662943374003688,0.00056527386762065634],[0.000538434965699565,0.00062733971769811468,0.00065662943374003688,0.00062733971769811468,0.000538434965699565],[0.00045627212164682025,0.000538434965699565,0.00056527386762065634,0.000538434965699565,0.00045627212164682025]],[[0.00058775998619811935,0.00068090140298506939,0.00071140359366818958,0.00068090140298506939,0.00058775998619811935],[0.00068090140298506939,0.00078065995628449772,0.00081359574773040284,0.00078065995628449772,0.00068090140298506939],[0.00071140359366818958,0.00081359574773040284,0.00084734274069740473,0.00081359574773040284,0.00071140359366818958],[0.00068090140298506939,0.00078065995628449772,0.00081359574773040284,0.00078065995628449772,0.00068090140298506939],[0.00058775998619811935,0.00068090140298506939,0.00071140359366818958,0.00068090140298506939,0.00058775998619811935]],[[0.00073565775215655689,0.00083970072630363429,0.00087384056378324272,0.00083970072630363429,0.00073565775215655689],[0.00083970072630363429,0.000950237616782087,0.00098679410196140355,0.000950237616782087,0.00083970072630363429],[0.00087384056378324272,0.00098679410196140355,0.0010241561376173752,0.00098679410196140355,0.00087384056378324272],[0.00083970072630363429,0.000950237616782087,0.00098679410196140355,0.000950237616782087,0.00083970072630363429],[0.00073565775215655689,0.00083970072630363429,0.00087384056378324272,0.00083970072630363429,0.00073565775215655689]],[[0.0008998510996236287,0.0010147202296662613,0.0010524725321633325,0.0010147202296662613,0.0008998510996236287],[0.0010147202296662613,0.0011359616371827059,0.0011761139695143775,0.0011359616371827059,0.0010147202296662613],[0.0010524725321633325,0.0011761139695143775,0.0012170663130087094,0.0011761139695143775,0.0010524725321633325],[0.0010147202296662613,0.0011359616371827059,0.0011761139695143775,0.0011359616371827059,0.0010147202296662613],[0.0008998510996236287,0.0010147202296662613,0.0010524725321633325,0.0010147202296662613,0.0008998510996236287]],[[0.0010802281387031715,0.0012058496307021814,0.001247189730089433,0.0012058496307021814,0.0010802281387031715],[0.0012058496307021814,0.0013377232973422347,0.001381447152575935,0.0013377232973422347,0.0012058496307021814],[0.001247189730089433,0.001381447152575935,0.0014259655942843708,0.001381447152575935,0.001247189730089433],[0.0012058496307021814,0.0013377232973422347,0.001381447152575935,0.0013377232973422347,0.0012058496307021814],[0.0010802281387031715,0.0012058496307021814,0.001247189730089433,0.0012058496307021814,0.0010802281387031715]],[[0.0012766793405989251,0.0014129809357275034,0.0014578846717269182,0.0014129809357275034,0.0012766793405989251],[0.0014129809357275034,0.0015554160715497594,0.0016026876208218496,0.0015554160715497594,0.0014129809357275034],[0.0014578846717269182,0.0016026876208218496,0.0016507484423534684,0.0016026876208218496,0.0014578846717269182],[0.0014129809357275034,0.0015554160715497594,0.0016026876208218496,0.0015554160715497594,0.0014129809357275034],[0.0012766793405989251,0.0014129809357275034,0.0014578846717269182,0.0014129809357275034,0.0012766793405989251]],[[0.0014890974114284781,0.0016360082939720381,0.0016844519894686886,0.0016360082939720381,0.0014890974114284781],[0.0016360082939720381,0.0017889354788758536,0.0018397313572743733,0.0017889354788758536,0.0016360082939720381],[0.0016844519894686886,0.0018397313572743733,0.0018913112977863933,0.0018397313572743731,0.0016844519894686886],[0.0016360082939720381,0.0017889354788758536,0.0018397313572743731,0.0017889354788758536,0.0016360082939720381],[0.0014890974114284781,0.0016360082939720381,0.0016844519894686886,0.0016360082939720381,0.0014890974114284781]],[[0.0017173771486820456,0.0018748278476404781,0.0019267882778397939,0.0018748278476404781,0.0017173771486820456],[0.0018748278476404781,0.0020381789309158816,0.0020924762042921177,0.002038178930915882,0.0018748278476404781],[0.0019267882778397939,0.0020924762042921177,0.002147552426519411,0.0020924762042921182,0.0019267882778397939],[0.0018748278476404781,0.002038178930915882,0.0020924762042921182,0.002038178930915882,0.0018748278476404781],[0.0017173771486820456,0.0018748278476404781,0.0019267882778397939,0.0018748278476404781,0.0017173771486820456]],[[0.0019614152908745187,0.0021293375779697448,0.0021847919370979424,0.0021293375779697448,0.0019614152908745187],[0.0021293375779697448,0.0023030455746017738,0.0023608217050447786,0.0023030455746017738,0.0021293375779697448],[0.0021847919370979424,0.0023608217050447786,0.0024193717603657253,0.0023608217050447786,0.0021847919370979424],[0.0021293375779697448,0.0023030455746017738,0.0023608217050447786,0.0023030455746017738,0.0021293375779697448],[0.0019614152908745187,0.0021293375779697448,0.0021847919370979424,0.0021293375779697448,0.0019614152908745187]],[[0.002221110361545845,0.0023994371449504964,0.0024583630111909825,0.0023994371449504964,0.002221110361545845],[0.0023994371449504964,0.0025834361266321914,0.0026446689361700115,0.0025834361266321914,0.0023994371449504964],[0.0024583630111909825,0.0026446689361700115,0.0027066707278960186,0.0026446689361700115,0.0024583630111909825],[0.0023994371449504964,0.0025834361266321914,0.0026446689361700115,0.0025834361266321914,0.0023994371449504964],[0.002221110361545845,0.0023994371449504964,0.0024583630111909825,0.0023994371449504964,0.002221110361545845]],[[0.0024963625053638105,0.0026850277169980195,0.0027474030152636318,0.0026850277169980195,0.0024963625053638105],[0.0026850277169980195,0.002879252694987261,0.0029439203266553885,0.002879252694987261,0.0026850277169980195],[0.0027474030152636318,0.0029439203266553885,0.0030093520705314603,0.0029439203266553885,0.0027474030152636318],[0.0026850277169980195,0.002879252694987261,0.0029439203266553885,0.002879252694987261,0.0026850277169980195],[0.0024963625053638105,0.0026850277169980195,0.0027474030152636318,0.0026850277169980195,0.0024963625053638105]],[[0.0027870733123372192,0.0029860117855812639,0.0030518147472002304,0.0029860117855812639,0.0027870733123372192],[0.0029860117855812639,0.0031903985816240229,0.0032584794566962306,0.0031903985816240229,0.0029860117855812639],[0.0030518147472002304,0.0032584794566962306,0.0033273196373134941,0.0032584794566962306,0.0030518147472002304],[0.0029860117855812639,0.0031903985816240229,0.0032584794566962306,0.0031903985816240229,0.0029860117855812639],[0.0027870733123372192,0.0029860117855812639,0.0030518147472002304,0.0029860117855812639,0.0027870733123372192]],[[0.0030931456246382711,0.003302292958244512,0.0033715020762296946,0.003302292958244512,0.0030931456246382711],[0.003302292958244512,0.003516778058584971,0.0035882508283574203,0.003516778058584971,0.003302292958244512],[0.0033715020762296946,0.0035882508283574203,0.0036604781497756146,0.0035882508283574203,0.0033715020762296946],[0.003302292958244512,0.003516778058584971,0.0035882508283574203,0.003516778058584971,0.003302292958244512],[0.0030931456246382711,0.003302292958244512,0.0033715020762296946,0.003302292958244512,0.0030931456246382711]],[[0.0034144833187214913,0.0036337757213201634,0.0037063696994248164,0.0036337757213201634,0.0034144833187214913],[0.0036337757213201634,0.0038582961071645561,0.0039331395971453284,0.0038582961071645561,0.0036337757213201634],[0.0037063696994248164,0.0039331395971453284,0.0040087329254603508,0.0039331395971453284,0.003706369699424816],[0.0036337757213201634,0.0038582961071645561,0.0039331395971453284,0.0038582961071645561,0.0036337757213201634],[0.0034144833187214913,0.0036337757213201634,0.003706369699424816,0.0036337757213201634,0.0034144833187214913]],[[0.0037509910529813363,0.003980365160672435,0.0040563228538208918,0.003980365160672435,0.0037509910529813363],[0.003980365160672435,0.0042148581061697016,0.0042930512497814958,0.0042148581061697016,0.003980365160672435],[0.0040563228538208918,0.0042930512497814958,0.0043719895445856229,0.0042930512497814958,0.0040563228538208918],[0.003980365160672435,0.0042148581061697016,0.0042930512497814958,0.0042148581061697016,0.003980365160672435],[0.0037509910529813363,0.003980365160672435,0.0040563228538208918,0.003980365160672435,0.0037509910529813363]],[[0.0041025739678051806,0.0043419666246709149,0.0044212669674976238,0.0043419666246709149,0.0041025739678051806],[0.0043419666246709149,0.0045863694502393118,0.0046678912080998381,0.0045863694502393118,0.0043419666246709149],[0.0044212669674976238,0.0046678912080998381,0.0047501534386761128,0.0046678912080998381,0.0044212669674976238],[0.0043419666246709149,0.0045863694502393118,0.0046678912080998381,0.0045863694502393118,0.0043419666246709149],[0.0041025739678051806,0.0043419666246709149,0.0044212669674976238,0.0043419666246709149,0.0041025739678051806]],[[0.0044691373201312312,0.0047184853077641645,0.0048011072267983169,0.0047184853077641645,0.0044691373201312312],[0.0047184853077641645,0.004972735072022596,0.0050575643313947195,0.004972735072022596,0.0047184853077641645],[0.0048011072267983169,0.0050575643313947195,0.00514312937192255,0.0050575643313947195,0.0048011072267983169],[0.0047184853077641645,0.004972735072022596,0.0050575643313947195,0.004972735072022596,0.0047184853077641645],[0.0044691373201312312,0.0047184853077641645,0.0048011072267983169,0.0047184853077641645,0.0044691373201312312]],[[0.0048505860279066636,0.0051098257247409393,0.0051957480280737942,0.0051098257247409393,0.0048505860279066636],[0.0051098257247409393,0.005373858831789903,0.0054619742786961778,0.005373858831789903,0.0051098257247409393],[0.0051957480280737942,0.0054619742786961778,0.0055508207745153569,0.0054619742786961778,0.0051957480280737942],[0.0051098257247409393,0.005373858831789903,0.0054619742786961778,0.005373858831789903,0.0051098257247409393],[0.0048505860279066636,0.0051098257247409393,0.0051957480280737942,0.0051098257247409393,0.0048505860279066636]],[[0.0052468240902794555,0.0055158910339239064,0.0056050922697735072,0.0055158910339239064,0.0052468240902794555],[0.0055158910339239064,0.0057896427233618515,0.0058810226768478569,0.0057896427233618515,0.0055158910339239064],[0.0056050922697735072,0.0058810226768478569,0.0059731288706220331,0.0058810226768478569,0.0056050922697735072],[0.0055158910339239064,0.0057896427233618515,0.0058810226768478569,0.0057896427233618515,0.0055158910339239064],[0.0052468240902794555,0.0055158910339239064,0.0056050922697735072,0.0055158910339239064,0.0052468240902794555]],[[0.0056577538356098848,0.0059365821504266227,0.0060290404225128167,0.0059365821504266227,0.0056577538356098848],[0.0059365821504266227,0.0062199858239114156,0.0063146080175783773,0.0062199858239114156,0.0059365821504266227],[0.0060290404225128167,0.0063146080175783773,0.0064099515195476988,0.0063146080175783773,0.0060290404225128167],[0.0059365821504266227,0.0062199858239114156,0.0063146080175783773,0.0062199858239114156,0.0059365821504266227],[0.0056577538356098848,0.0059365821504266227,0.0060290404225128167,0.0059365821504266227,0.0056577538356098848]],[[0.0060832749294590805,0.0063717965656703932,0.0064674892882215845,0.0063717965656703932,0.0060832749294590805],[0.0063717965656703932,0.0066647828839656994,0.0067626241735116062,0.0066647828839656994,0.0063717965656703932],[0.0064674892882215845,0.0067626241735116062,0.00686118165321313,0.0067626241735116062,0.0064674892882215845],[0.0063717965656703932,0.0066647828839656994,0.0067626241735116062,0.0066647828839656994,0.0063717965656703932],[0.0060832749294590805,0.0063717965656703932,0.0064674892882215845,0.0063717965656703932,0.0060832749294590805]],[[0.0065232830455260451,0.0068214267526815449,0.0069203303204175342,0.0068214267526815449,0.0065232830455260451],[0.0068214267526815449,0.0071239224077806395,0.0072249583738720081,0.0071239224077806395,0.0068214267526815449],[0.0069203303204175342,0.0072249583738720081,0.0073267051406428587,0.0072249583738720081,0.0069203303204175342],[0.0068214267526815449,0.0071239224077806395,0.0072249583738720081,0.0071239224077806395,0.0068214267526815449],[0.0065232830455260451,0.0068214267526815449,0.0069203303204175342,0.0068214267526815449,0.0065232830455260451]],[[0.0069776680594195147,0.0072853579822727737,0.0073874473196262943,0.0072853579822727737,0.0069776680594195147],[0.0072853579822727737,0.0075972840054857084,0.0077014884072675489,0.0075972840054857084,0.0072853579822727737],[0.0073874473196262943,0.0077014884072675489,0.0078063978318534876,0.0077014884072675481,0.0073874473196262943],[0.0072853579822727737,0.0075972840054857084,0.0077014884072675481,0.0075972840054857075,0.0072853579822727737],[0.0069776680594195147,0.0072853579822727737,0.0073874473196262943,0.0072853579822727737,0.0069776680594195147]],[[0.0074463115609937061,0.007763465293883289,0.00786871323118125,0.007763465293883289,0.0074463115609937061],[0.007763465293883289,0.0080847346952590635,0.0081920787088153139,0.0080847346952590635,0.007763465293883289],[0.00786871323118125,0.0081920787088153139,0.0083001214159279975,0.0081920787088153139,0.00786871323118125],[0.007763465293883289,0.0080847346952590635,0.0081920787088153139,0.0080847346952590635,0.007763465293883289],[0.0074463115609937061,0.007763465293883289,0.00786871323118125,0.007763465293883289,0.0074463115609937061]],[[0.007929083384847959,0.0082556092426725545,0.0083639856421765611,0.0082556092426725545,0.007929083384847959],[0.0082556092426725545,0.008586123678618017,0.0086965748231353432,0.008586123678618017,0.0082556092426725545],[0.0083639856421765611,0.0086965748231353432,0.0088077175509960071,0.0086965748231353432,0.0083639856421765611],[0.0082556092426725545,0.008586123678618017,0.0086965748231353432,0.008586123678618017,0.0082556092426725545],[0.007929083384847959,0.0082556092426725545,0.0083639856421765611,0.0082556092426725545,0.007929083384847959]],[[0.008425836714197707,0.0087616298609667128,0.00887310037840388,0.0087616298609667128,0.008425836714197707],[0.0087616298609667128,0.0091012748792878052,0.0092147954863648039,0.0091012748792878052,0.0087616298609667128],[0.00887310037840388,0.0092147954863648039,0.0093289994586144981,0.0092147954863648039,0.00887310037840388],[0.0087616298609667128,0.0091012748792878052,0.0092147954863648039,0.0091012748792878052,0.0087616298609667128],[0.008425836714197707,0.0087616298609667128,0.00887310037840388,0.0087616298609667128,0.008425836714197707]],[[0.0089364010973363543,0.0092813379989976543,0.0093958623107148337,0.0092813379989976543,0.0089364010973363543],[0.0092813379989976543,0.0096299761926844536,0.00974652120431034,0.0096299761926844536,0.0092813379989976543],[0.0093958623107148337,0.00974652120431034,0.0098637397849421927,0.00974652120431034,0.0093958623107148337],[0.0092813379989976543,0.0096299761926844536,0.00974652120431034,0.0096299761926844536,0.0092813379989976543],[0.0089364010973363543,0.0092813379989976543,0.0093958623107148337,0.0092813379989976543,0.0089364010973363543]],[[0.0094605723982807421,0.00981450281382497,0.0099320320590421222,0.00981450281382497,0.0094605723982807421],[0.00981450281382497,0.010171963905473043,0.010291477686577776,0.010171963905473043,0.00981450281382497],[0.0099320320590421222,0.010291477686577776,0.010411652982603574,0.010291477686577776,0.0099320320590421222],[0.00981450281382497,0.010171963905473043,0.010291477686577776,0.010171963905473043,0.00981450281382497],[0.0094605723982807421,0.00981450281382497,0.0099320320590421222,0.00981450281382497,0.0094605723982807421]],[[0.009998098255332509,0.01036083363533453,0.010481306712308611,0.01036083363533453,0.009998098255332509],[0.01036083363533453,0.010726900112178977,0.010849311833183091,0.010726900112178977,0.01036083363533453],[0.010481306712308611,0.010849311833183091,0.010972369772669351,0.010849311833183091,0.010481306712308611],[0.01036083363533453,0.010726900112178977,0.010849311833183091,0.010726900112178977,0.01036083363533453],[0.009998098255332509,0.01036083363533453,0.010481306712308611,0.01036083363533453,0.009998098255332509]],[[0.010548657047826704,0.010919953801848594,0.011043292024040753,0.010919953801848594,0.010548657047826704],[0.010919953801848594,0.011294340306177821,0.011419557312830229,0.011294340306177821,0.010919953801848594],[0.011043292024040753,0.011419557312830229,0.01154540058598953,0.011419557312830229,0.011043292024040753],[0.010919953801848594,0.011294340306177821,0.011419557312830229,0.011294340306177821,0.010919953801848594],[0.010548657047826704,0.010919953801848594,0.011043292024040753,0.010919953801848594,0.010548657047826704]],[[0.011111827799706951,0.011491363585357944,0.011617463097286106,0.011491363585357944,0.011111827799706951],[0.011491363585357944,0.011873688132529982,0.012001586664558367,0.011873688132529982,0.011491363585357944],[0.011617463097286106,0.012001586664558367,0.012130084876693944,0.012001586664558367,0.011617463097286106],[0.011491363585357944,0.011873688132529982,0.012001586664558367,0.011873688132529982,0.011491363585357944],[0.011111827799706951,0.011491363585357944,0.011617463097286106,0.011491363585357944,0.011111827799706951]],[[0.011687048321401111,0.012074389758677466,0.01220311117171098,0.012074389758677466,0.011687048321401111],[0.012074389758677466,0.012464135722561656,0.012594548591834693,0.012464135722561656,0.012074389758677466],[0.01220311117171098,0.012594548591834693,0.012725525288963788,0.012594548591834693,0.01220311117171098],[0.012074389758677466,0.012464135722561656,0.012594548591834693,0.012464135722561656,0.012074389758677466],[0.011687048321401111,0.012074389758677466,0.01220311117171098,0.012074389758677466,0.011687048321401111]],[[0.012273560217612372,0.012668122124229776,0.012799277335678006,0.012668122124229776,0.012273560217612372],[0.012668122124229776,0.013064592912086165,0.01319729466120863,0.013064592912086165,0.012668122124229776],[0.012799277335678006,0.01319729466120863,0.01333051193510431,0.01319729466120863,0.012799277335678006],[0.012668122124229776,0.013064592912086165,0.01319729466120863,0.013064592912086165,0.012668122124229776],[0.012273560217612372,0.012668122124229776,0.012799277335678006,0.012668122124229776,0.012273560217612372]],[[0.012870343586799402,0.013271343795830151,0.013404681177932047,0.013271343795830151,0.012870343586799402],[0.013271343795830151,0.01367361758308379,0.013808309363765021,0.01367361758308379,0.013271343795830151],[0.013404681177932047,0.013808309363765021,0.013943452626641087,0.013808309363765021,0.013404681177932047],[0.013271343795830151,0.01367361758308379,0.013808309363765021,0.01367361758308379,0.013271343795830151],[0.012870343586799402,0.013271343795830151,0.013404681177932047,0.013271343795830151,0.012870343586799402]],[[0.013476051455773602,0.013882470468723526,0.014017661283177699,0.013882470468723526,0.013476051455773602],[0.013882470468723526,0.014289367169753531,0.014425665203530539,0.014289367169753531,0.013882470468723526],[0.014017661283177699,0.014425665203530539,0.014562332330642721,0.014425665203530539,0.014017661283177699],[0.013882470468723526,0.014289367169753531,0.014425665203530539,0.014289367169753531,0.013882470468723526],[0.013476051455773602,0.013882470468723526,0.014017661283177699,0.013882470468723526,0.013476051455773602]],[[0.014088959964097715,0.014499516450873565,0.014636146054391378,0.014499516450873565,0.014088959964097715],[0.014499516450873565,0.0149095865743769,0.015047017493683911,0.0149095865743769,0.014499516450873565],[0.014636146054391378,0.015047017493683911,0.015184715542809356,0.015047017493683911,0.014636146054391378],[0.014499516450873565,0.0149095865743769,0.015047017493683911,0.0149095865743769,0.014499516450873565],[0.014088959964097715,0.014499516450873565,0.014636146054391378,0.014499516450873565,0.014088959964097715]],[[0.01470694714454677,0.015120094044148767,0.015257659686651912,0.015120094044148767,0.01470694714454677],[0.015120094044148767,0.01553162760051496,0.015669630494757541,0.01553162760051496,0.015120094044148767],[0.015257659686651912,0.015669630494757541,0.015807779168308483,0.015669630494757541,0.015257659686651912],[0.015120094044148767,0.01553162760051496,0.015669630494757541,0.01553162760051496,0.015120094044148767],[0.01470694714454677,0.015120094044148767,0.015257659686651912,0.015120094044148767,0.01470694714454677]],[[0.015327499538329556,0.015741435230754403,0.015879349020533742,0.015741435230754403,0.015327499538329556],[0.015741435230754403,0.016152479619699144,0.016290411486560432,0.016152479619699144,0.015741435230754403],[0.015879349020533742,0.016290411486560432,0.016428349411753362,0.016290411486560432,0.015879349020533742],[0.015741435230754403,0.016152479619699144,0.016290411486560432,0.016152479619699144,0.015741435230754403],[0.015327499538329556,0.015741435230754403,0.015879349020533742,0.015741435230754403,0.015327499538329556]],[[0.015947734703474686,0.016360420949265524,0.016498015391823367,0.016360420949265524,0.015947734703474686],[0.016360420949265524,0.016768802117510685,0.016905944679206742,0.016768802117510685,0.016360420949265524],[0.016498015391823367,0.016905944679206742,0.017042936650124556,0.016905944679206742,0.016498015391823367],[0.016360420949265524,0.016768802117510685,0.016905944679206742,0.016768802117510685,0.016360420949265524],[0.015947734703474686,0.016360420949265524,0.016498015391823367,0.016360420949265524,0.015947734703474686]],[[0.0165644330300616,0.01697362076508328,0.017110156928133467,0.01697362076508328,0.0165644330300616],[0.01697362076508328,0.017376977300810038,0.017512547848896078,0.017376977300810038,0.01697362076508328],[0.017110156928133467,0.017512547848896078,0.017647796564368167,0.017512547848896078,0.017110156928133467],[0.01697362076508328,0.017376977300810038,0.017512547848896078,0.017376977300810038,0.01697362076508328],[0.0165644330300616,0.01697362076508328,0.017110156928133467,0.01697362076508328,0.0165644330300616]],[[0.017174089600797415,0.01757736465801393,0.017712046537130426,0.01757736465801393,0.017174089600797415],[0.01757736465801393,0.017973210874844454,0.01810638220206609,0.017973210874844454,0.01757736465801393],[0.017712046537130426,0.01810638220206609,0.018239050052734272,0.01810638220206609,0.017712046537130426],[0.01757736465801393,0.017973210874844454,0.01810638220206609,0.017973210874844454,0.01757736465801393],[0.017174089600797415,0.01757736465801393,0.017712046537130426,0.01757736465801393,0.017174089600797415]],[[0.017773004761085415,0.018167863575013165,0.018299862009302864,0.018167863575013165,0.017773004761085415],[0.018167863575013165,0.018553684965476065,0.018683615922564217,0.018553684965476065,0.018167863575013165],[0.018299862009302864,0.018683615922564217,0.018812857761426313,0.018683615922564217,0.018299862009302864],[0.018167863575013165,0.018553684965476065,0.018683615922564217,0.018553684965476065,0.018167863575013165],[0.017773004761085415,0.018167863575013165,0.018299862009302864,0.018167863575013165,0.017773004761085415]],[[0.01835741865397748,0.018741370108658881,0.018869855467868051,0.018741370108658881,0.01835741865397748],[0.018741370108658881,0.019114737649574311,0.019240610473548511,0.019114737649574311,0.018741370108658881],[0.018869855467868051,0.019240610473548511,0.019365612491548684,0.019240610473548511,0.018869855467868051],[0.018741370108658881,0.019114737649574311,0.019240610473548511,0.019114737649574311,0.018741370108658881],[0.01835741865397748,0.018741370108658881,0.018869855467868051,0.018741370108658881,0.01835741865397748]],[[0.018923674992715217,0.019294354356645744,0.01941853378116714,0.019294354356645744,0.018923674992715217],[0.019294354356645744,0.019653040666389909,0.019774099644860665,0.019653040666389909,0.019294354356645744],[0.01941853378116714,0.019774099644860665,0.019894118510183363,0.019774099644860665,0.01941853378116714],[0.019294354356645744,0.019653040666389909,0.019774099644860665,0.019653040666389909,0.019294354356645744],[0.018923674992715217,0.019294354356645744,0.01941853378116714,0.019294354356645744,0.018923674992715217]],[[0.019468392050262465,0.019823672989267561,0.019942827621777806,0.019823672989267561,0.019468392050262465],[0.019823672989267561,0.020165758458914971,0.020281345839613912,0.020165758458914971,0.019823672989267561],[0.019942827621777806,0.020281345839613912,0.02039574416668961,0.020281345839613912,0.019942827621777806],[0.019823672989267561,0.020165758458914971,0.020281345839613912,0.020165758458914971,0.019823672989267561],[0.019468392050262465,0.019823672989267561,0.019942827621777806,0.019823672989267561,0.019468392050262465]],[[0.0199886222827625,0.020326716005742915,0.020440234494741544,0.020326716005742915,0.0199886222827625],[0.020326716005742915,0.020650675492765374,0.020760261378206198,0.020650675492765374,0.020326716005742915],[0.020440234494741544,0.020760261378206198,0.02086853641957289,0.020760261378206198,0.020440234494741544],[0.020326716005742915,0.020650675492765374,0.020760261378206198,0.020650675492765374,0.020326716005742915],[0.0199886222827625,0.020326716005742915,0.020440234494741544,0.020326716005742915,0.0199886222827625]],[[0.020481985340736059,0.020801517302590184,0.020908922320913723,0.020801517302590184,0.020481985340736059],[0.020801517302590184,0.02110627860703072,0.021209481831446983,0.02110627860703072,0.020801517302590184],[0.020908922320913723,0.021209481831446983,0.021311284474294988,0.021209481831446983,0.020908922320913723],[0.020801517302590184,0.02110627860703072,0.021209481831446983,0.02110627860703072,0.020801517302590184],[0.020481985340736059,0.020801517302590184,0.020908922320913723,0.020801517302590184,0.020481985340736059]],[[0.020946761322027517,0.021246817882518372,0.021347783031298858,0.021246817882518372,0.020946761322027517],[0.021246817882518372,0.021531786528845555,0.021628384535465159,0.021531786528845555,0.021246817882518372],[0.021347783031298858,0.021628384535465159,0.021723526836750693,0.021628384535465159,0.021347783031298858],[0.021246817882518372,0.021531786528845555,0.021628384535465159,0.021531786528845555,0.021246817882518372],[0.020946761322027517,0.021246817882518372,0.021347783031298858,0.021246817882518372,0.020946761322027517]],[[0.021381935764011685,0.021662077361107191,0.021756433132180352,0.021662077361107191,0.021381935764011685],[0.021662077361107191,0.021927127489276211,0.02201705491273559,0.021927127489276211,0.021662077361107191],[0.021756433132180352,0.02201705491273559,0.022105506221584525,0.02201705491273559,0.021756433132180352],[0.021662077361107191,0.021927127489276211,0.02201705491273559,0.021927127489276211,0.021662077361107191],[0.021381935764011685,0.021662077361107191,0.021756433132180352,0.021662077361107191,0.021381935764011685]],[[0.021787194902852088,0.022047437165592997,0.022135166215564234,0.022047437165592997,0.021787194902852088],[0.022047437165592997,0.022292872971121862,0.022376210190206539,0.022292872971121862,0.022047437165592997],[0.022135166215564234,0.022376210190206539,0.022458083460135142,0.022376210190206539,0.022135166215564234],[0.022047437165592997,0.022292872971121862,0.022376210190206539,0.022292872971121862,0.022047437165592997],[0.021787194902852088,0.022047437165592997,0.022135166215564234,0.022047437165592997,0.021787194902852088]],[[0.0221628764486086,0.022403644587291983,0.022484867905568175,0.022403644587291983,0.0221628764486086],[0.022403644587291983,0.022630139711426089,0.022707093692052146,0.022630139711426089,0.022403644587291983],[0.022484867905568175,0.022707093692052146,0.022782624548811768,0.022707093692052146,0.022484867905568175],[0.022403644587291983,0.022630139711426089,0.022707093692052146,0.022630139711426089,0.022403644587291983],[0.0221628764486086,0.022403644587291983,0.022484867905568175,0.022403644587291983,0.0221628764486086]],[[0.0225098858633352,0.022731950049546985,0.022806906455974049,0.022731950049546985,0.0225098858633352],[0.022731950049546985,0.022940473626426691,0.02301135388843761,0.022940473626426691,0.022731950049546985],[0.022806906455974049,0.02301135388843761,0.023080875419727791,0.02301135388843761,0.022806906455974049],[0.022731950049546985,0.022940473626426691,0.02301135388843761,0.022940473626426691,0.022731950049546985],[0.0225098858633352,0.022731950049546985,0.022806906455974049,0.022731950049546985,0.0225098858633352]],[[0.02282959051476291,0.023033990788718723,0.023103012543368037,0.023033990788718723,0.02282959051476291],[0.023033990788718723,0.0232257286979736,0.023290921258844424,0.0232257286979736,0.023033990788718723],[0.023103012543368037,0.023290921258844424,0.023354837402524656,0.023290921258844424,0.023103012543368037],[0.023033990788718723,0.0232257286979736,0.023290921258844424,0.0232257286979736,0.023033990788718723],[0.02282959051476291,0.023033990788718723,0.023103012543368037,0.023033990788718723,0.02282959051476291]],[[0.023123704269840853,0.023311672992843421,0.023375160194378502,0.023311672992843421,0.023123704269840853],[0.023311672992843421,0.023487951569284529,0.023547893342443876,0.023487951569284529,0.023311672992843421],[0.023375160194378502,0.023547893342443876,0.02360665328473097,0.023547893342443876,0.023375160194378502],[0.023311672992843421,0.023487951569284529,0.023547893342443876,0.023487951569284529,0.023311672992843421],[0.023123704269840853,0.023311672992843421,0.023375160194378502,0.023311672992843421,0.023123704269840853]],[[0.023394173534813174,0.023567061923470644,0.02362545793048294,0.023567061923470644,0.023394173534813174],[0.023567061923470644,0.023729279423733152,0.023784434932896458,0.023729279423733152,0.023567061923470644],[0.02362545793048294,0.023784434932896458,0.023838510253618415,0.023784434932896458,0.02362545793048294],[0.023567061923470644,0.023729279423733152,0.023784434932896458,0.023729279423733152,0.023567061923470644],[0.023394173534813174,0.023567061923470644,0.02362545793048294,0.023567061923470644,0.023394173534813174]],[[0.023643073105068239,0.023802286421166215,0.023856055906929529,0.023802286421166215,0.023643073105068239],[0.023802286421166215,0.023951855435882251,0.024002697013633105,0.023951855435882251,0.023802286421166215],[0.023856055906929529,0.024002697013633105,0.024052562599372732,0.024002697013633105,0.023856055906929529],[0.023802286421166215,0.023951855435882251,0.024002697013633105,0.023951855435882251,0.023802286421166215],[0.023643073105068239,0.023802286421166215,0.023856055906929529,0.023802286421166215,0.023643073105068239]],[[0.023872517165478224,0.024019461132523526,0.02406907172491983,0.024019461132523526,0.023872517165478224],[0.024019461132523526,0.024157763236499676,0.024204755234971204,0.024157763236499676,0.024019461132523526],[0.02406907172491983,0.024204755234971204,0.024250874346648476,0.024204755234971204,0.02406907172491983],[0.024019461132523526,0.024157763236499676,0.024204755234971204,0.024157763236499676,0.024019461132523526],[0.023872517165478224,0.024019461132523526,0.02406907172491983,0.024019461132523526,0.023872517165478224]],[[0.024084587951860824,0.02422062723775701,0.024266535111224407,0.02422062723775701,0.024084587951860824],[0.02422062723775701,0.024348979699120175,0.024392566730257307,0.024348979699120175,0.02422062723775701],[0.024266535111224407,0.024392566730257307,0.024435380126167361,0.024392566730257307,0.024266535111224407],[0.02422062723775701,0.024348979699120175,0.024392566730257307,0.024348979699120175,0.02422062723775701],[0.024084587951860824,0.02422062723775701,0.024266535111224407,0.02422062723775701,0.024084587951860824]],[[0.024281282299010182,0.024407710603805279,0.02445034993901089,0.024407710603805279,0.024281282299010182],[0.024407710603805279,0.024527343988974944,0.024567942859638935,0.024527343988974944,0.024407710603805279],[0.02445034993901089,0.024567942859638935,0.024607861555719375,0.024567942859638935,0.02445034993901089],[0.024407710603805279,0.024527343988974944,0.024567942859638935,0.024527343988974944,0.024407710603805279],[0.024281282299010182,0.024407710603805279,0.02445034993901089,0.024407710603805279,0.024281282299010182]],[[0.024464474699643933,0.024582495149871732,0.024622271076347971,0.024582495149871732,0.024464474699643933],[0.024582495149871732,0.024694540125171111,0.024732534930553003,0.024694540125171111,0.024582495149871732],[0.024622271076347971,0.024732534930553003,0.024769936010750011,0.024732534930553003,0.024622271076347971],[0.024582495149871732,0.024694540125171111,0.024732534930553003,0.024694540125171111,0.024582495149871732],[0.024464474699643933,0.024582495149871732,0.024622271076347971,0.024582495149871732,0.024464474699643933]],[[0.024635894560259171,0.024746608684159992,0.024783893158423539,0.024746608684159992,0.024635894560259171],[0.024746608684159992,0.024852090133083482,0.024887829892409064,0.024852090133083482,0.024746608684159992],[0.024783893158423539,0.024887829892409064,0.02492305473027355,0.024887829892409064,0.024783893158423539],[0.024746608684159992,0.024852090133083482,0.024887829892409064,0.024852090133083482,0.024746608684159992],[0.024635894560259171,0.024746608684159992,0.024783893158423539,0.024746608684159992,0.024635894560259171]],[[0.0247971149485856,0.024901518394660729,0.024936648412413515,0.024901518394660729,0.0247971149485856],[0.024901518394660729,0.025001355032695391,0.025035153258677934,0.025001355032695391,0.024901518394660729],[0.024936648412413515,0.025035153258677934,0.0250685075392639,0.025035153258677934,0.024936648412413515],[0.024901518394660729,0.025001355032695391,0.025035153258677934,0.025001355032695391,0.024901518394660729],[0.0247971149485856,0.024901518394660729,0.024936648412413515,0.024901518394660729,0.0247971149485856]],[[0.024949550131027034,0.025048533392444623,0.025081810954892762,0.025048533392444623,0.024949550131027034],[0.025048533392444623,0.025143541268711263,0.025175676923052715,0.025143541268711263,0.025048533392444623],[0.025081810954892762,0.025175676923052715,0.0252074319281707,0.025175676923052715,0.025081810954892762],[0.025048533392444623,0.025143541268711263,0.025175676923052715,0.025143541268711263,0.025048533392444623],[0.024949550131027034,0.025048533392444623,0.025081810954892762,0.025048533392444623,0.024949550131027034]],[[0.025094459449198993,0.025188812077240271,0.025220505397673561,0.025188812077240271,0.025094459449198993],[0.025188812077240271,0.025279710625432158,0.025310429999712773,0.025279710625432158,0.025188812077240271],[0.025220505397673561,0.025310429999712773,0.025340824713610481,0.025310429999712773,0.025220505397673561],[0.025188812077240271,0.025279710625432158,0.025310429999712773,0.025279710625432158,0.025188812077240271],[0.025094459449198993,0.025188812077240271,0.025220505397673561,0.025188812077240271,0.025094459449198993]],[[0.025232955460861264,0.025323372521755587,0.025353718045185592,0.025323372521755587,0.025232955460861264],[0.025323372521755587,0.025410792107562859,0.025440311262791056,0.025410792107562859,0.025323372521755587],[0.025353718045185592,0.025440311262791056,0.025469554951689972,0.025440311262791056,0.025353718045185592],[0.025323372521755587,0.025410792107562859,0.025440311262791056,0.025410792107562859,0.025323372521755587],[0.025232955460861264,0.025323372521755587,0.025353718045185592,0.025323372521755587,0.025232955460861264]],[[0.025366014684223632,0.025453104487988473,0.025482309386977146,0.025453104487988473,0.025366014684223632],[0.025453104487988473,0.025537594663528024,0.025566102150348095,0.025537594663528024,0.025453104487988473],[0.025482309386977146,0.025566102150348095,0.025594377157456424,0.025566102150348095,0.025482309386977146],[0.025453104487988473,0.025537594663528024,0.025566102150348095,0.025537594663528024,0.025453104487988473],[0.025366014684223632,0.025453104487988473,0.025482309386977146,0.025453104487988473,0.025366014684223632]],[[0.0254944896