{"M_cells":[[[0,0,0,0,0,0,0],[0,0,0,0,0,0,0],[0,0,0,0,0,0,0],[0,0,0,0,0,0,0],[0,0,0,0,0,0,0],[0,0,0,0,0,0,0],[0,0,0,0,0,0,0]],[[9.4694553568472541E-10,5.4721219382616571E-9,4.8684565754753638E-9,7.1223573158025732E-9,4.8684565754753638E-9,5.4721219382616571E-9,9.4694553568472541E-10],[5.4721219382616571E-9,2.3321560514584639E-8,2.1317723565944432E-8,3.0125979566506274E-8,2.1317723565944432E-8,2.3321560514584639E-8,5.4721219382616571E-9],[4.8684565754753638E-9,2.1317723565944432E-8,2.6171414071344936E-8,3.1051620715707467E-8,2.6171414071344936E-8,2.1317723565944432E-8,4.8684565754753638E-9],[7.1223573158025732E-9,3.0125979566506274E-8,3.1051620715707467E-8,4.0970797814562927E-8,3.1051620715707467E-8,3.0125979566506274E-8,7.122357315802574E-9],[4.8684565754753638E-9,2.1317723565944432E-8,2.6171414071344936E-8,3.1051620715707467E-8,2.6171414071344936E-8,2.1317723565944432E-8,4.8684565754753638E-9],[5.4721219382616571E-9,2.3321560514584639E-8,2.1317723565944432E-8,3.0125979566506274E-8,2.1317723565944432E-8,2.3321560514584643E-8,5.4721219382616579E-9],[9.4694553568472541E-10,5.4721219382616571E-9,4.8684565754753638E-9,7.122357315802574E-9,4.8684565754753638E-9,5.4721219382616579E-9,9.4694553568472541E-10]],[[6.6559455460405017E-9,2.1909771492576465E-8,1.9898599012970056E-8,2.7734668047735465E-8,1.9898599012970056E-8,2.1909771492576465E-8,6.6559455460405017E-9],[2.1909771492576465E-8,5.7608576831703934E-8,5.3650142515337584E-8,7.195456581830713E-8,5.3650142515337584E-8,5.7608576831703934E-8,2.1909771492576465E-8],[1.9898599012970056E-8,5.3650142515337584E-8,6.3548107342134778E-8,7.348184489193906E-8,6.3548107342134778E-8,5.3650142515337584E-8,1.9898599012970056E-8],[2.7734668047735465E-8,7.195456581830713E-8,7.348184489193906E-8,9.3302895536997119E-8,7.348184489193906E-8,7.195456581830713E-8,2.7734668047735465E-8],[1.9898599012970056E-8,5.3650142515337584E-8,6.3548107342134778E-8,7.348184489193906E-8,6.3548107342134778E-8,5.3650142515337584E-8,1.9898599012970056E-8],[2.1909771492576465E-8,5.7608576831703934E-8,5.3650142515337584E-8,7.195456581830713E-8,5.3650142515337584E-8,5.7608576831703934E-8,2.1909771492576465E-8],[6.6559455460405017E-9,2.1909771492576465E-8,1.9898599012970056E-8,2.7734668047735465E-8,1.9898599012970056E-8,2.1909771492576465E-8,6.6559455460405017E-9]],[[1.9922350105059714E-8,4.9300069909572113E-8,4.5461020541908531E-8,6.0942194391946662E-8,4.5461020541908531E-8,4.9300069909572113E-8,1.9922350105059714E-8],[4.9300069909572113E-8,1.0283559983298944E-7,9.6973729055452575E-8,1.2519135005185361E-7,9.6973729055452575E-8,1.0283559983298944E-7,4.9300069909572113E-8],[4.5461020541908531E-8,9.6973729055452575E-8,1.1201166105661515E-7,1.2709458716887155E-7,1.1201166105661515E-7,9.6973729055452575E-8,4.5461020541908531E-8],[6.0942194391946662E-8,1.2519135005185361E-7,1.2709458716887155E-7,1.5678564904768082E-7,1.2709458716887155E-7,1.2519135005185361E-7,6.0942194391946662E-8],[4.5461020541908531E-8,9.6973729055452575E-8,1.1201166105661515E-7,1.2709458716887155E-7,1.1201166105661515E-7,9.6973729055452575E-8,4.5461020541908531E-8],[4.9300069909572113E-8,1.0283559983298944E-7,9.6973729055452575E-8,1.2519135005185361E-7,9.6973729055452575E-8,1.0283559983298944E-7,4.9300069909572113E-8],[1.9922350105059714E-8,4.9300069909572113E-8,4.5461020541908531E-8,6.0942194391946662E-8,4.5461020541908531E-8,4.9300069909572113E-8,1.9922350105059714E-8]],[[4.2276276804538392E-8,8.7636089333355213E-8,8.1763174815921319E-8,1.0616543770288957E-7,8.1763174815921319E-8,8.7636089333355213E-8,4.2276276804538392E-8],[8.7636089333355213E-8,1.5899880924201844E-7,1.5128726926576044E-7,1.8967018175753936E-7,1.5128726926576044E-7,1.5899880924201844E-7,8.7636089333355213E-8],[8.1763174815921319E-8,1.5128726926576044E-7,1.7151968414680016E-7,1.9180627929048388E-7,1.7151968414680016E-7,1.5128726926576047E-7,8.1763174815921319E-8],[1.0616543770288957E-7,1.8967018175753936E-7,1.9180627929048388E-7,2.3133572915559503E-7,1.9180627929048388E-7,1.8967018175753939E-7,1.0616543770288957E-7],[8.1763174815921319E-8,1.5128726926576044E-7,1.7151968414680016E-7,1.9180627929048388E-7,1.7151968414680016E-7,1.5128726926576047E-7,8.1763174815921319E-8],[8.7636089333355213E-8,1.5899880924201844E-7,1.5128726926576047E-7,1.8967018175753939E-7,1.5128726926576047E-7,1.5899880924201844E-7,8.76360893333552E-8],[4.2276276804538392E-8,8.7636089333355213E-8,8.1763174815921319E-8,1.0616543770288957E-7,8.1763174815921319E-8,8.76360893333552E-8,4.2276276804538392E-8]],[[7.455436207507708E-8,1.3691035037959628E-7,1.289144165378852E-7,1.6302364608043415E-7,1.2891441653788523E-7,1.3691035037959628E-7,7.455436207507708E-8],[1.3691035037959628E-7,2.2608678493886036E-7,2.1657484564713702E-7,2.6527124101653657E-7,2.1657484564713705E-7,2.2608678493886039E-7,1.3691035037959628E-7],[1.289144165378852E-7,2.1657484564713702E-7,2.420303507211683E-7,2.6754918782571546E-7,2.420303507211683E-7,2.1657484564713705E-7,1.2891441653788523E-7],[1.6302364608043415E-7,2.6527124101653657E-7,2.6754918782571546E-7,3.1688567255556372E-7,2.6754918782571546E-7,2.6527124101653657E-7,1.6302364608043415E-7],[1.2891441653788523E-7,2.1657484564713705E-7,2.420303507211683E-7,2.6754918782571546E-7,2.420303507211683E-7,2.1657484564713705E-7,1.2891441653788523E-7],[1.3691035037959628E-7,2.2608678493886039E-7,2.1657484564713705E-7,2.6527124101653657E-7,2.1657484564713705E-7,2.2608678493886036E-7,1.3691035037959628E-7],[7.455436207507708E-8,1.3691035037959628E-7,1.2891441653788523E-7,1.6302364608043415E-7,1.2891441653788523E-7,1.3691035037959628E-7,7.455436207507708E-8]],[[1.1721162994972747E-7,1.9711210537349207E-7,1.8696533404914742E-7,2.312617195401409E-7,1.8696533404914745E-7,1.9711210537349207E-7,1.1721162994972747E-7],[1.9711210537349207E-7,3.0408232536688933E-7,2.9281221136899838E-7,3.5190468971277223E-7,2.9281221136899838E-7,3.0408232536688933E-7,1.9711210537349207E-7],[1.8696533404914742E-7,2.9281221136899838E-7,3.2350309011273044E-7,3.5426641944400868E-7,3.2350309011273044E-7,2.9281221136899838E-7,1.8696533404914745E-7],[2.312617195401409E-7,3.5190468971277223E-7,3.5426641944400868E-7,4.1337887580626341E-7,3.5426641944400868E-7,3.5190468971277223E-7,2.3126171954014093E-7],[1.8696533404914745E-7,2.9281221136899838E-7,3.2350309011273044E-7,3.5426641944400868E-7,3.2350309011273044E-7,2.9281221136899838E-7,1.8696533404914745E-7],[1.9711210537349207E-7,3.0408232536688933E-7,2.9281221136899838E-7,3.5190468971277223E-7,2.9281221136899838E-7,3.0408232536688933E-7,1.9711210537349207E-7],[1.1721162994972747E-7,1.9711210537349207E-7,1.8696533404914745E-7,2.3126171954014093E-7,1.8696533404914745E-7,1.9711210537349207E-7,1.1721162994972747E-7]],[[1.7049196115768165E-7,2.6822658648192111E-7,2.5593150943831669E-7,3.107042781622958E-7,2.5593150943831674E-7,2.6822658648192111E-7,1.7049196115768165E-7],[2.6822658648192111E-7,3.9296393724737648E-7,3.79970536446794E-7,4.4950021158719846E-7,3.79970536446794E-7,3.9296393724737648E-7,2.6822658648192111E-7],[2.5593150943831669E-7,3.79970536446794E-7,4.15898778997363E-7,4.5190855868965935E-7,4.15898778997363E-7,3.79970536446794E-7,2.5593150943831674E-7],[3.107042781622958E-7,4.4950021158719846E-7,4.5190855868965935E-7,5.2076622497460345E-7,4.5190855868965935E-7,4.4950021158719846E-7,3.107042781622958E-7],[2.5593150943831674E-7,3.79970536446794E-7,4.15898778997363E-7,4.5190855868965935E-7,4.15898778997363E-7,3.79970536446794E-7,2.5593150943831674E-7],[2.6822658648192111E-7,3.9296393724737648E-7,3.79970536446794E-7,4.4950021158719846E-7,3.79970536446794E-7,3.9296393724737648E-7,2.6822658648192111E-7],[1.7049196115768165E-7,2.6822658648192111E-7,2.5593150943831674E-7,3.107042781622958E-7,2.5593150943831674E-7,2.6822658648192111E-7,1.7049196115768165E-7]],[[2.3452156779953868E-7,3.5023518586655393E-7,3.3580783021430453E-7,4.0122672534038467E-7,3.3580783021430453E-7,3.5023518586655393E-7,2.3452156779953868E-7],[3.5023518586655393E-7,4.9270701090592543E-7,4.7801858887641822E-7,5.5800029383265424E-7,4.7801858887641822E-7,4.9270701090592543E-7,3.5023518586655393E-7],[3.3580783021430453E-7,4.7801858887641822E-7,5.1917969580407723E-7,5.6043139554032669E-7,5.1917969580407723E-7,4.7801858887641822E-7,3.3580783021430453E-7],[4.0122672534038467E-7,5.5800029383265424E-7,5.6043139554032669E-7,6.390038173838708E-7,5.6043139554032669E-7,5.5800029383265424E-7,4.0122672534038467E-7],[3.3580783021430453E-7,4.7801858887641822E-7,5.1917969580407723E-7,5.6043139554032669E-7,5.1917969580407723E-7,4.7801858887641822E-7,3.3580783021430453E-7],[3.5023518586655393E-7,4.9270701090592543E-7,4.7801858887641822E-7,5.5800029383265424E-7,4.7801858887641822E-7,4.9270701090592543E-7,3.5023518586655393E-7],[2.3452156779953868E-7,3.5023518586655393E-7,3.3580783021430453E-7,4.0122672534038467E-7,3.3580783021430453E-7,3.5023518586655393E-7,2.3452156779953868E-7]],[[3.09360483046491E-7,4.4311601549668684E-7,4.265770798803694E-7,5.0273696688002935E-7,4.265770798803694E-7,4.431160154966869E-7,3.09360483046491E-7],[4.4311601549668684E-7,6.03284723650434E-7,5.8692398910714039E-7,6.7735589394113413E-7,5.8692398910714039E-7,6.03284723650434E-7,4.431160154966869E-7],[4.265770798803694E-7,5.8692398910714039E-7,6.3330937695786907E-7,6.79794383374648E-7,6.3330937695786907E-7,5.8692398910714039E-7,4.2657707988036946E-7],[5.0273696688002935E-7,6.7735589394113413E-7,6.79794383374648E-7,7.6805141546495729E-7,6.79794383374648E-7,6.7735589394113413E-7,5.0273696688002935E-7],[4.265770798803694E-7,5.8692398910714039E-7,6.3330937695786907E-7,6.79794383374648E-7,6.3330937695786907E-7,5.8692398910714039E-7,4.2657707988036946E-7],[4.431160154966869E-7,6.03284723650434E-7,5.8692398910714039E-7,6.7735589394113413E-7,5.8692398910714039E-7,6.03284723650434E-7,4.431160154966869E-7],[3.09360483046491E-7,4.431160154966869E-7,4.2657707988036946E-7,5.0273696688002935E-7,4.2657707988036946E-7,4.431160154966869E-7,3.09360483046491E-7]],[[3.9503110315560746E-7,5.46844564937495E-7,5.2821507261756232E-7,6.15163826777959E-7,5.2821507261756232E-7,5.4684456493749509E-7,3.9503110315560751E-7],[5.46844564937495E-7,7.2466872086807023E-7,7.06653919714793E-7,8.0752363261514716E-7,7.06653919714793E-7,7.2466872086807034E-7,5.4684456493749509E-7],[5.2821507261756232E-7,7.06653919714793E-7,7.5825244642112846E-7,8.0995958837747962E-7,7.5825244642112846E-7,7.0665391971479307E-7,5.2821507261756242E-7],[6.15163826777959E-7,8.0752363261514716E-7,8.0995958837747962E-7,9.0787139327788537E-7,8.0995958837747962E-7,8.0752363261514726E-7,6.15163826777959E-7],[5.2821507261756232E-7,7.06653919714793E-7,7.5825244642112846E-7,8.0995958837747962E-7,7.5825244642112856E-7,7.0665391971479307E-7,5.2821507261756242E-7],[5.4684456493749509E-7,7.2466872086807034E-7,7.0665391971479307E-7,8.0752363261514726E-7,7.0665391971479307E-7,7.2466872086807034E-7,5.4684456493749509E-7],[3.9503110315560751E-7,5.4684456493749509E-7,5.2821507261756242E-7,6.15163826777959E-7,5.2821507261756242E-7,5.4684456493749509E-7,3.9503110315560751E-7]],[[4.915341429037571E-7,6.6139432450619778E-7,6.4069370630427414E-7,7.384496822066265E-7,6.4069370630427414E-7,6.6139432450619778E-7,4.915341429037571E-7],[6.6139432450619778E-7,8.5682962189494E-7,8.371755176115467E-7,9.484639667370895E-7,8.371755176115467E-7,8.5682962189494E-7,6.6139432450619778E-7],[6.4069370630427414E-7,8.371755176115467E-7,8.9397445243318642E-7,9.5089097082291552E-7,8.9397445243318642E-7,8.371755176115468E-7,6.4069370630427424E-7],[7.384496822066265E-7,9.484639667370895E-7,9.5089097082291552E-7,1.058428015804089E-6,9.5089097082291552E-7,9.484639667370895E-7,7.384496822066265E-7],[6.4069370630427414E-7,8.371755176115467E-7,8.9397445243318642E-7,9.5089097082291552E-7,8.9397445243318642E-7,8.371755176115468E-7,6.4069370630427424E-7],[6.6139432450619778E-7,8.5682962189494E-7,8.371755176115468E-7,9.484639667370895E-7,8.371755176115468E-7,8.5682962189494E-7,6.6139432450619778E-7],[4.915341429037571E-7,6.6139432450619778E-7,6.4069370630427424E-7,7.384496822066265E-7,6.4069370630427424E-7,6.6139432450619778E-7,4.915341429037571E-7]],[[5.9885765251352655E-7,7.8673732069588657E-7,7.6398276586407468E-7,8.7254576411321347E-7,7.6398276586407479E-7,7.8673732069588657E-7,5.9885765251352655E-7],[7.8673732069588657E-7,9.9973739115996783E-7,9.7845608335336464E-7,1.1001399942421801E-6,9.7845608335336464E-7,9.9973739115996783E-7,7.8673732069588657E-7],[7.6398276586407468E-7,9.7845608335336464E-7,1.040441725254082E-6,1.102553891274308E-6,1.040441725254082E-6,9.7845608335336464E-7,7.6398276586407479E-7],[8.7254576411321347E-7,1.1001399942421801E-6,1.102553891274308E-6,1.2196869437989445E-6,1.102553891274308E-6,1.1001399942421801E-6,8.7254576411321347E-7],[7.6398276586407479E-7,9.7845608335336464E-7,1.040441725254082E-6,1.102553891274308E-6,1.040441725254082E-6,9.7845608335336464E-7,7.6398276586407479E-7],[7.8673732069588657E-7,9.9973739115996783E-7,9.7845608335336464E-7,1.1001399942421801E-6,9.7845608335336464E-7,9.99737391159968E-7,7.8673732069588657E-7],[5.9885765251352655E-7,7.8673732069588657E-7,7.6398276586407479E-7,8.7254576411321347E-7,7.6398276586407479E-7,7.8673732069588657E-7,5.9885765251352655E-7]],[[7.1698218290572749E-7,9.2284455113714915E-7,8.9805097943912218E-7,1.0174091469233406E-6,8.9805097943912218E-7,9.2284455113714915E-7,7.1698218290572749E-7],[9.2284455113714915E-7,1.153361607610107E-6,1.1304631866256671E-6,1.26251666810121E-6,1.1304631866256671E-6,1.153361607610107E-6,9.2284455113714915E-7],[8.9805097943912218E-7,1.1304631866256671E-6,1.1976212594677008E-6,1.2649147697252322E-6,1.1976212594677008E-6,1.1304631866256669E-6,8.9805097943912208E-7],[1.0174091469233406E-6,1.26251666810121E-6,1.2649147697252322E-6,1.3916148920453402E-6,1.2649147697252322E-6,1.2625166681012097E-6,1.0174091469233404E-6],[8.9805097943912218E-7,1.1304631866256671E-6,1.1976212594677008E-6,1.2649147697252322E-6,1.1976212594677006E-6,1.1304631866256669E-6,8.9805097943912208E-7],[9.2284455113714915E-7,1.153361607610107E-6,1.1304631866256669E-6,1.2625166681012097E-6,1.1304631866256669E-6,1.153361607610107E-6,9.2284455113714915E-7],[7.1698218290572749E-7,9.2284455113714915E-7,8.9805097943912208E-7,1.0174091469233404E-6,8.9805097943912208E-7,9.2284455113714915E-7,7.1698218290572749E-7]],[[8.458837928706587E-7,1.06968632522415E-6,1.0428666300176793E-6,1.17300081200294E-6,1.0428666300176793E-6,1.06968632522415E-6,8.458837928706587E-7],[1.06968632522415E-6,1.3176716583878162E-6,1.2931647139688123E-6,1.4355602763022414E-6,1.2931647139688123E-6,1.3176716583878162E-6,1.06968632522415E-6],[1.0428666300176793E-6,1.2931647139688123E-6,1.3654806195706956E-6,1.4379408490700584E-6,1.3654806195706956E-6,1.2931647139688123E-6,1.0428666300176793E-6],[1.17300081200294E-6,1.4355602763022414E-6,1.4379408490700584E-6,1.5741793922630752E-6,1.4379408490700584E-6,1.4355602763022414E-6,1.17300081200294E-6],[1.0428666300176793E-6,1.2931647139688123E-6,1.3654806195706956E-6,1.4379408490700584E-6,1.3654806195706956E-6,1.2931647139688123E-6,1.0428666300176793E-6],[1.06968632522415E-6,1.3176716583878162E-6,1.2931647139688123E-6,1.4355602763022414E-6,1.2931647139688123E-6,1.3176716583878162E-6,1.06968632522415E-6],[8.458837928706587E-7,1.06968632522415E-6,1.0428666300176793E-6,1.17300081200294E-6,1.0428666300176793E-6,1.06968632522415E-6,8.458837928706587E-7]],[[9.8553583251910085E-7,1.2272325239467603E-6,1.1983979041570025E-6,1.3392843960465114E-6,1.1983979041570025E-6,1.2272325239467603E-6,9.8553583251910085E-7],[1.2272325239467603E-6,1.49263687670426E-6,1.4665288852687063E-6,1.6192380955404954E-6,1.4665288852687063E-6,1.49263687670426E-6,1.2272325239467603E-6],[1.1983979041570025E-6,1.4665288852687063E-6,1.5439878656374813E-6,1.6216000299585244E-6,1.5439878656374813E-6,1.4665288852687063E-6,1.1983979041570025E-6],[1.3392843960465114E-6,1.6192380955404954E-6,1.6216000299585244E-6,1.7673486276308957E-6,1.6216000299585244E-6,1.6192380955404954E-6,1.3392843960465114E-6],[1.1983979041570025E-6,1.4665288852687063E-6,1.5439878656374813E-6,1.6216000299585244E-6,1.5439878656374813E-6,1.4665288852687063E-6,1.1983979041570025E-6],[1.2272325239467603E-6,1.49263687670426E-6,1.4665288852687063E-6,1.6192380955404954E-6,1.4665288852687063E-6,1.49263687670426E-6,1.2272325239467603E-6],[9.8553583251910085E-7,1.2272325239467603E-6,1.1983979041570025E-6,1.3392843960465114E-6,1.1983979041570025E-6,1.2272325239467603E-6,9.8553583251910085E-7]],[[1.1359100224580929E-6,1.3954527941004159E-6,1.3646130863811204E-6,1.5162253779571257E-6,1.3646130863811204E-6,1.3954527941004159E-6,1.1359100224580929E-6],[1.3954527941004159E-6,1.678226638952836E-6,1.6505242540606429E-6,1.8135181588532263E-6,1.6505242540606429E-6,1.678226638952836E-6,1.3954527941004159E-6],[1.3646130863811204E-6,1.6505242540606429E-6,1.7331114953839429E-6,1.8158607546314842E-6,1.7331114953839432E-6,1.6505242540606431E-6,1.3646130863811204E-6],[1.5162253779571257E-6,1.8135181588532263E-6,1.8158607546314842E-6,1.9710913164476145E-6,1.8158607546314842E-6,1.8135181588532263E-6,1.5162253779571254E-6],[1.3646130863811204E-6,1.6505242540606429E-6,1.7331114953839432E-6,1.8158607546314842E-6,1.7331114953839432E-6,1.6505242540606431E-6,1.3646130863811204E-6],[1.3954527941004159E-6,1.678226638952836E-6,1.6505242540606431E-6,1.8135181588532263E-6,1.6505242540606431E-6,1.6782266389528362E-6,1.3954527941004159E-6],[1.1359100224580929E-6,1.3954527941004159E-6,1.3646130863811204E-6,1.5162253779571254E-6,1.3646130863811204E-6,1.3954527941004159E-6,1.1359100224580929E-6]],[[1.2969771204148766E-6,1.5743166909970189E-6,1.54148066384146E-6,1.7037905475331132E-6,1.54148066384146E-6,1.5743166909970189E-6,1.2969771204148766E-6],[1.5743166909970189E-6,1.8744104322614712E-6,1.8451197000143166E-6,2.0183690983368023E-6,1.8451197000143166E-6,1.8744104322614712E-6,1.5743166909970189E-6],[1.54148066384146E-6,1.8451197000143166E-6,1.9328203991736751E-6,2.0206919244578445E-6,1.9328203991736751E-6,1.8451197000143166E-6,1.54148066384146E-6],[1.7037905475331132E-6,2.0183690983368023E-6,2.0206919244578445E-6,2.1853766296013423E-6,2.0206919244578445E-6,2.0183690983368023E-6,1.703790547533113E-6],[1.54148066384146E-6,1.8451197000143166E-6,1.9328203991736751E-6,2.0206919244578445E-6,1.9328203991736747E-6,1.8451197000143166E-6,1.54148066384146E-6],[1.5743166909970189E-6,1.8744104322614712E-6,1.8451197000143166E-6,2.0183690983368023E-6,1.8451197000143166E-6,1.8744104322614714E-6,1.5743166909970189E-6],[1.2969771204148766E-6,1.5743166909970189E-6,1.54148066384146E-6,1.703790547533113E-6,1.54148066384146E-6,1.5743166909970189E-6,1.2969771204148766E-6]],[[1.4687073412838027E-6,1.7637937817167139E-6,1.7289693794280128E-6,1.9019476559954889E-6,1.7289693794280128E-6,1.7637937817167139E-6,1.4687073412838027E-6],[1.7637937817167139E-6,2.0811579007303781E-6,2.0502844181213791E-6,2.23376003756208E-6,2.0502844181213791E-6,2.0811579007303781E-6,1.7637937817167139E-6],[1.7289693794280128E-6,2.0502844181213791E-6,2.1430838249999254E-6,2.2360628407181289E-6,2.1430838249999254E-6,2.0502844181213791E-6,1.7289693794280128E-6],[1.9019476559954889E-6,2.23376003756208E-6,2.2360628407181289E-6,2.4101741313556269E-6,2.2360628407181289E-6,2.23376003756208E-6,1.9019476559954889E-6],[1.7289693794280128E-6,2.0502844181213791E-6,2.1430838249999254E-6,2.2360628407181289E-6,2.1430838249999254E-6,2.0502844181213791E-6,1.7289693794280128E-6],[1.7637937817167139E-6,2.0811579007303781E-6,2.0502844181213791E-6,2.23376003756208E-6,2.0502844181213791E-6,2.0811579007303781E-6,1.7637937817167139E-6],[1.4687073412838027E-6,1.7637937817167139E-6,1.7289693794280128E-6,1.9019476559954889E-6,1.7289693794280128E-6,1.7637937817167139E-6,1.4687073412838027E-6]],[[1.6510706265486363E-6,1.9638537186537197E-6,1.9270482557425105E-6,2.1106651843477531E-6,1.9270482557425105E-6,1.9638537186537197E-6,1.6510706265486363E-6],[1.9638537186537197E-6,2.2984388763791941E-6,2.2659879069281808E-6,2.4596605170368982E-6,2.2659879069281808E-6,2.2984388763791941E-6,1.9638537186537197E-6],[1.9270482557425105E-6,2.2659879069281808E-6,2.3638713510289764E-6,2.461943161463941E-6,2.3638713510289764E-6,2.2659879069281808E-6,1.9270482557425105E-6],[2.1106651843477531E-6,2.4596605170368982E-6,2.461943161463941E-6,2.6454537362558385E-6,2.461943161463941E-6,2.4596605170368982E-6,2.1106651843477531E-6],[1.9270482557425105E-6,2.2659879069281808E-6,2.3638713510289764E-6,2.461943161463941E-6,2.3638713510289764E-6,2.2659879069281808E-6,1.9270482557425105E-6],[1.9638537186537197E-6,2.2984388763791941E-6,2.2659879069281808E-6,2.4596605170368982E-6,2.2659879069281808E-6,2.2984388763791941E-6,1.9638537186537197E-6],[1.6510706265486363E-6,1.9638537186537197E-6,1.9270482557425105E-6,2.1106651843477531E-6,1.9270482557425105E-6,1.9638537186537197E-6,1.6510706265486363E-6]],[[1.8440368196057383E-6,2.1744662909969879E-6,2.1356866029624891E-6,2.3299121884232658E-6,2.1356866029624891E-6,2.1744662909969879E-6,1.8440368196057383E-6],[2.1744662909969879E-6,2.5262233991721835E-6,2.4921999569443146E-6,2.6960404417420544E-6,2.4921999569443146E-6,2.5262233991721835E-6,2.1744662909969879E-6],[2.1356866029624891E-6,2.4921999569443146E-6,2.5951528638034916E-6,2.6983028695201619E-6,2.5951528638034916E-6,2.4921999569443146E-6,2.1356866029624891E-6],[2.3299121884232658E-6,2.6960404417420544E-6,2.6983028695201619E-6,2.8911856772042963E-6,2.6983028695201619E-6,2.6960404417420544E-6,2.3299121884232658E-6],[2.1356866029624891E-6,2.4921999569443146E-6,2.5951528638034916E-6,2.6983028695201619E-6,2.5951528638034916E-6,2.4921999569443146E-6,2.1356866029624891E-6],[2.1744662909969879E-6,2.5262233991721835E-6,2.4921999569443146E-6,2.6960404417420544E-6,2.4921999569443146E-6,2.5262233991721835E-6,2.1744662909969879E-6],[1.8440368196057383E-6,2.1744662909969879E-6,2.1356866029624891E-6,2.3299121884232658E-6,2.1356866029624891E-6,2.1744662909969879E-6,1.8440368196057383E-6]],[[2.047575780999996E-6,2.3956014599935932E-6,2.3548540180791196E-6,2.5596581940673E-6,2.3548540180791196E-6,2.3956014599935932E-6,2.047575780999996E-6],[2.3956014599935932E-6,2.7644817292720556E-6,2.7288906397036632E-6,2.9428700434770156E-6,2.7288906397036632E-6,2.7644817292720556E-6,2.3956014599935932E-6],[2.3548540180791196E-6,2.7288906397036632E-6,2.8368985406432052E-6,2.9451122482282846E-6,2.8368985406432052E-6,2.7288906397036632E-6,2.3548540180791196E-6],[2.5596581940673E-6,2.9428700434770156E-6,2.9451122482282846E-6,3.1473404812897959E-6,2.9451122482282846E-6,2.9428700434770156E-6,2.5596581940673E-6],[2.3548540180791196E-6,2.7288906397036632E-6,2.8368985406432052E-6,2.9451122482282846E-6,2.8368985406432052E-6,2.7288906397036632E-6,2.3548540180791196E-6],[2.3956014599935932E-6,2.7644817292720556E-6,2.7288906397036632E-6,2.9428700434770156E-6,2.7288906397036632E-6,2.7644817292720556E-6,2.3956014599935932E-6],[2.047575780999996E-6,2.3956014599935932E-6,2.3548540180791196E-6,2.5596581940673E-6,2.3548540180791196E-6,2.3956014599935932E-6,2.047575780999996E-6]],[[2.2616574645062159E-6,2.6272293823954726E-6,2.5845203797386931E-6,2.799873125245102E-6,2.5845203797386931E-6,2.6272293823954726E-6,2.2616574645062159E-6],[2.6272293823954726E-6,3.0131843537840019E-6,2.976030297616765E-6,3.2001198531856666E-6,2.976030297616765E-6,3.0131843537840019E-6,2.6272293823954726E-6],[2.5845203797386931E-6,2.976030297616765E-6,3.0890788351367359E-6,3.2023418625798617E-6,3.0890788351367359E-6,2.976030297616765E-6,2.5845203797386931E-6],[2.799873125245102E-6,3.2001198531856666E-6,3.2023418625798617E-6,3.4138889510117758E-6,3.2023418625798617E-6,3.2001198531856666E-6,2.799873125245102E-6],[2.5845203797386931E-6,2.976030297616765E-6,3.0890788351367359E-6,3.2023418625798617E-6,3.0890788351367359E-6,2.976030297616765E-6,2.5845203797386931E-6],[2.6272293823954726E-6,3.0131843537840019E-6,2.976030297616765E-6,3.2001198531856666E-6,2.976030297616765E-6,3.0131843537840019E-6,2.6272293823954726E-6],[2.2616574645062159E-6,2.6272293823954726E-6,2.5845203797386931E-6,2.799873125245102E-6,2.5845203797386931E-6,2.6272293823954726E-6,2.2616574645062159E-6]],[[2.4862519672374481E-6,2.8693204253540442E-6,2.8246558410252378E-6,3.050527253874481E-6,2.8246558410252378E-6,2.8693204253540442E-6,2.4862519672374481E-6],[2.8693204253540442E-6,3.2723019896037997E-6,3.2335895345883374E-6,3.4677606800348407E-6,3.2335895345883374E-6,3.2723019896037997E-6,2.8693204253540442E-6],[2.8246558410252378E-6,3.2335895345883374E-6,3.3516644648960794E-6,3.4699625441095784E-6,3.3516644648960794E-6,3.2335895345883374E-6,2.8246558410252378E-6],[3.050527253874481E-6,3.4677606800348407E-6,3.4699625441095784E-6,3.6908021492627585E-6,3.4699625441095784E-6,3.4677606800348407E-6,3.050527253874481E-6],[2.8246558410252378E-6,3.2335895345883374E-6,3.3516644648960794E-6,3.4699625441095784E-6,3.3516644648960794E-6,3.2335895345883374E-6,2.8246558410252378E-6],[2.8693204253540442E-6,3.2723019896037997E-6,3.2335895345883374E-6,3.4677606800348407E-6,3.2335895345883374E-6,3.2723019896037997E-6,2.8693204253540442E-6],[2.4862519672374481E-6,2.8693204253540442E-6,2.8246558410252378E-6,3.050527253874481E-6,2.8246558410252378E-6,2.8693204253540442E-6,2.4862519672374481E-6]],[[2.7213295622642582E-6,3.1218451751658329E-6,3.0752308214372444E-6,3.3115911640589513E-6,3.0752308214372444E-6,3.1218451751658329E-6,2.7213295622642582E-6],[3.1218451751658329E-6,3.5418055835214307E-6,3.501539207306857E-6,3.7457635950812681E-6,3.501539207306857E-6,3.5418055835214307E-6,3.1218451751658329E-6],[3.0752308214372444E-6,3.501539207306857E-6,3.6246264009615548E-6,3.7479453784167311E-6,3.6246264009615548E-6,3.501539207306857E-6,3.0752308214372444E-6],[3.3115911640589513E-6,3.7457635950812681E-6,3.7479453784167311E-6,3.9780513869339628E-6,3.7479453784167311E-6,3.7457635950812681E-6,3.3115911640589513E-6],[3.0752308214372444E-6,3.501539207306857E-6,3.6246264009615548E-6,3.7479453784167311E-6,3.6246264009615548E-6,3.501539207306857E-6,3.0752308214372444E-6],[3.1218451751658329E-6,3.5418055835214307E-6,3.501539207306857E-6,3.7457635950812681E-6,3.501539207306857E-6,3.5418055835214307E-6,3.1218451751658329E-6],[2.7213295622642582E-6,3.1218451751658329E-6,3.0752308214372444E-6,3.3115911640589513E-6,3.0752308214372444E-6,3.1218451751658329E-6,2.7213295622642582E-6]],[[2.9668607193148543E-6,3.3847744416151841E-6,3.3362159986969867E-6,3.5830357259109489E-6,3.3362159986969867E-6,3.3847744416151841E-6,2.9668607193148543E-6],[3.3847744416151841E-6,3.8216663103933479E-6,3.7798504170908519E-6,4.0340999180666445E-6,3.7798504170908519E-6,3.8216663103933479E-6,3.3847744416151841E-6],[3.3362159986969867E-6,3.7798504170908519E-6,3.907935858404746E-6,4.0362616945256568E-6,3.907935858404746E-6,3.7798504170908515E-6,3.3362159986969867E-6],[3.5830357259109489E-6,4.0340999180666445E-6,4.0362616945256568E-6,4.2756082123522106E-6,4.0362616945256568E-6,4.0340999180666437E-6,3.5830357259109485E-6],[3.3362159986969867E-6,3.7798504170908519E-6,3.907935858404746E-6,4.0362616945256568E-6,3.907935858404746E-6,3.7798504170908515E-6,3.3362159986969867E-6],[3.3847744416151841E-6,3.8216663103933479E-6,3.7798504170908515E-6,4.0340999180666437E-6,3.7798504170908515E-6,3.821666310393347E-6,3.3847744416151841E-6],[2.9668607193148543E-6,3.3847744416151841E-6,3.3362159986969867E-6,3.5830357259109485E-6,3.3362159986969867E-6,3.3847744416151841E-6,2.9668607193148543E-6]],[[3.2228161172782374E-6,3.6580792591810914E-6,3.6075823006904743E-6,3.8648320757899449E-6,3.6075823006904743E-6,3.6580792591810914E-6,3.2228161172782374E-6],[3.6580792591810914E-6,4.1118555699599209E-6,4.0684945021805254E-6,4.3327412063520885E-6,4.0684945021805254E-6,4.1118555699599209E-6,3.6580792591810914E-6],[3.6075823006904743E-6,4.0684945021805254E-6,4.201564287798151E-6,4.3348830555340482E-6,4.201564287798151E-6,4.0684945021805254E-6,3.6075823006904743E-6],[3.8648320757899449E-6,4.3327412063520885E-6,4.3348830555340482E-6,4.583444401995553E-6,4.3348830555340482E-6,4.3327412063520885E-6,3.864832075789944E-6],[3.6075823006904743E-6,4.0684945021805254E-6,4.201564287798151E-6,4.3348830555340482E-6,4.201564287798151E-6,4.0684945021805263E-6,3.6075823006904743E-6],[3.6580792591810914E-6,4.1118555699599209E-6,4.0684945021805254E-6,4.3327412063520885E-6,4.0684945021805263E-6,4.1118555699599209E-6,3.6580792591810914E-6],[3.2228161172782374E-6,3.6580792591810914E-6,3.6075823006904743E-6,3.864832075789944E-6,3.6075823006904743E-6,3.6580792591810914E-6,3.2228161172782374E-6]],[[3.4891666510285719E-6,3.9417308860158475E-6,3.8893008976556471E-6,4.1569516008493758E-6,3.8893008976556471E-6,3.9417308860158475E-6,3.4891666510285719E-6],[3.9417308860158475E-6,4.41234498271193E-6,4.3674430303760626E-6,4.6416592453185871E-6,4.3674430303760626E-6,4.41234498271193E-6,3.9417308860158475E-6],[3.8893008976556471E-6,4.3674430303760626E-6,4.5054833673089593E-6,4.6437812501625853E-6,4.5054833673089593E-6,4.3674430303760626E-6,3.8893008976556471E-6],[4.1569516008493758E-6,4.6416592453185871E-6,4.6437812501625853E-6,4.9015319521002585E-6,4.6437812501625853E-6,4.6416592453185871E-6,4.1569516008493758E-6],[3.8893008976556471E-6,4.3674430303760626E-6,4.5054833673089593E-6,4.6437812501625853E-6,4.5054833673089593E-6,4.3674430303760626E-6,3.8893008976556471E-6],[3.9417308860158475E-6,4.41234498271193E-6,4.3674430303760626E-6,4.6416592453185871E-6,4.3674430303760626E-6,4.41234498271193E-6,3.9417308860158475E-6],[3.4891666510285719E-6,3.9417308860158475E-6,3.8893008976556471E-6,4.1569516008493758E-6,3.8893008976556471E-6,3.9417308860158475E-6,3.4891666510285719E-6]],[[3.765883434298713E-6,4.2357008013465421E-6,4.181343194642172E-6,4.4593659264890585E-6,4.181343194642172E-6,4.2357008013465421E-6,3.765883434298713E-6],[4.2357008013465421E-6,4.7231063850897824E-6,4.6766677919397545E-6,4.9608260397727085E-6,4.6766677919397545E-6,4.7231063850897824E-6,4.2357008013465421E-6],[4.181343194642172E-6,4.6766677919397545E-6,4.8196649952393054E-6,4.9629282849336845E-6,4.8196649952393054E-6,4.6766677919397545E-6,4.181343194642172E-6],[4.4593659264890585E-6,4.9608260397727085E-6,4.9629282849336845E-6,5.2298430708865505E-6,4.9629282849336845E-6,4.9608260397727085E-6,4.4593659264890585E-6],[4.181343194642172E-6,4.6766677919397545E-6,4.8196649952393054E-6,4.9629282849336845E-6,4.8196649952393054E-6,4.6766677919397545E-6,4.181343194642172E-6],[4.2357008013465421E-6,4.7231063850897824E-6,4.6766677919397545E-6,4.9608260397727085E-6,4.6766677919397545E-6,4.7231063850897824E-6,4.2357008013465421E-6],[3.765883434298713E-6,4.2357008013465421E-6,4.181343194642172E-6,4.4593659264890585E-6,4.181343194642172E-6,4.2357008013465421E-6,3.765883434298713E-6]],[[4.0529377997936015E-6,4.5399607017607129E-6,4.4836808242208594E-6,4.7720469057726461E-6,4.4836808242208594E-6,4.5399607017607129E-6,4.0529377997936015E-6],[4.5399607017607129E-6,5.04411182421184E-6,4.9961407926934067E-6,5.2902138060396971E-6,4.9961407926934067E-6,5.04411182421184E-6,4.5399607017607129E-6],[4.4836808242208594E-6,4.9961407926934067E-6,5.1440812828822035E-6,5.2922963767861513E-6,5.1440812828822035E-6,4.9961407926934067E-6,4.4836808242208594E-6],[4.7720469057726461E-6,5.2902138060396971E-6,5.2922963767861513E-6,5.5683501712097081E-6,5.2922963767861513E-6,5.2902138060396971E-6,4.7720469057726461E-6],[4.4836808242208594E-6,4.9961407926934067E-6,5.1440812828822035E-6,5.2922963767861513E-6,5.1440812828822035E-6,4.9961407926934067E-6,4.4836808242208594E-6],[4.5399607017607129E-6,5.04411182421184E-6,4.9961407926934067E-6,5.2902138060396971E-6,4.9961407926934067E-6,5.04411182421184E-6,4.5399607017607129E-6],[4.0529377997936015E-6,4.5399607017607129E-6,4.4836808242208594E-6,4.7720469057726461E-6,4.4836808242208594E-6,4.5399607017607129E-6,4.0529377997936015E-6]],[[4.3503012973708628E-6,4.8544824967030694E-6,4.7962856394057765E-6,5.0949666101752665E-6,4.7962856394057765E-6,4.8544824967030694E-6,4.3503012973708628E-6],[4.8544824967030694E-6,5.3753335522682466E-6,5.3258342472568629E-6,5.6297949645239346E-6,5.3258342472568629E-6,5.3753335522682466E-6,4.8544824967030694E-6],[4.7962856394057765E-6,5.3258342472568629E-6,5.4787045475973626E-6,5.63185794598844E-6,5.4787045475973626E-6,5.3258342472568629E-6,4.7962856394057765E-6],[5.0949666101752665E-6,5.6297949645239346E-6,5.63185794598844E-6,5.9170258634993579E-6,5.63185794598844E-6,5.6297949645239346E-6,5.0949666101752665E-6],[4.7962856394057765E-6,5.3258342472568629E-6,5.4787045475973626E-6,5.63185794598844E-6,5.4787045475973626E-6,5.3258342472568629E-6,4.7962856394057765E-6],[4.8544824967030694E-6,5.3753335522682466E-6,5.3258342472568629E-6,5.6297949645239346E-6,5.3258342472568629E-6,5.3753335522682466E-6,4.8544824967030694E-6],[4.3503012973708628E-6,4.8544824967030694E-6,4.7962856394057765E-6,5.0949666101752665E-6,4.7962856394057765E-6,4.8544824967030694E-6,4.3503012973708628E-6]],[[4.6579456908641492E-6,5.1792383034119181E-6,5.1191297067441081E-6,5.4280973212318631E-6,5.1191297067441081E-6,5.1792383034119181E-6,4.6579456908641492E-6],[5.1792383034119181E-6,5.71674402067242E-6,5.6657205723828423E-6,5.9795421325821412E-6,5.6657205723828423E-6,5.71674402067242E-6,5.1792383034119181E-6],[5.1191297067441081E-6,5.6657205723828423E-6,5.823507306034732E-6,5.9815856092510117E-6,5.823507306034732E-6,5.6657205723828423E-6,5.1191297067441081E-6],[5.4280973212318631E-6,5.9795421325821412E-6,5.9815856092510117E-6,6.2758429488875E-6,5.9815856092510117E-6,5.9795421325821412E-6,5.4280973212318631E-6],[5.1191297067441081E-6,5.6657205723828423E-6,5.823507306034732E-6,5.9815856092510117E-6,5.823507306034732E-6,5.6657205723828423E-6,5.1191297067441081E-6],[5.1792383034119181E-6,5.71674402067242E-6,5.6657205723828423E-6,5.9795421325821412E-6,5.6657205723828423E-6,5.71674402067242E-6,5.1792383034119181E-6],[4.6579456908641492E-6,5.1792383034119181E-6,5.1191297067441081E-6,5.4280973212318631E-6,5.1191297067441081E-6,5.1792383034119181E-6,4.6579456908641492E-6]],[[4.9758429539512605E-6,5.514200441454555E-6,5.4521852995324629E-6,5.7714115227921473E-6,5.4521852995324629E-6,5.514200441454555E-6,4.9758429539512605E-6],[5.514200441454555E-6,6.0683158740318685E-6,6.0157723803521542E-6,6.3394281175998375E-6,6.0157723803521542E-6,6.0683158740318685E-6,5.514200441454555E-6],[5.4521852995324629E-6,6.0157723803521542E-6,6.1784622674514252E-6,6.3414521729650254E-6,6.1784622674514252E-6,6.0157723803521542E-6,5.4521852995324629E-6],[5.7714115227921473E-6,6.3394281175998375E-6,6.3414521729650254E-6,6.6447744124526682E-6,6.3414521729650254E-6,6.3394281175998375E-6,5.7714115227921473E-6],[5.4521852995324629E-6,6.0157723803521542E-6,6.1784622674514252E-6,6.3414521729650254E-6,6.1784622674514252E-6,6.0157723803521542E-6,5.4521852995324629E-6],[5.514200441454555E-6,6.0683158740318685E-6,6.0157723803521542E-6,6.3394281175998375E-6,6.0157723803521542E-6,6.0683158740318685E-6,5.514200441454555E-6],[4.9758429539512605E-6,5.514200441454555E-6,5.4521852995324629E-6,5.7714115227921473E-6,5.4521852995324629E-6,5.514200441454555E-6,4.9758429539512605E-6]],[[5.3039652653453074E-6,5.8593414269734874E-6,5.79542489112321E-6,6.1248818936800775E-6,5.79542489112321E-6,5.8593414269734874E-6,5.3039652653453074E-6],[5.8593414269734874E-6,6.4300219439805439E-6,6.3759624724012377E-6,6.7094259101933631E-6,6.3759624724012377E-6,6.4300219439805439E-6,5.8593414269734874E-6],[5.79542489112321E-6,6.3759624724012377E-6,6.5435423270815685E-6,6.7114306265145147E-6,6.5435423270815685E-6,6.3759624724012377E-6,5.79542489112321E-6],[6.1248818936800775E-6,6.7094259101933631E-6,6.7114306265145147E-6,7.0237934165274494E-6,6.7114306265145147E-6,6.7094259101933631E-6,6.1248818936800775E-6],[5.79542489112321E-6,6.3759624724012377E-6,6.5435423270815685E-6,6.7114306265145147E-6,6.5435423270815685E-6,6.3759624724012377E-6,5.79542489112321E-6],[5.8593414269734874E-6,6.4300219439805439E-6,6.3759624724012377E-6,6.7094259101933631E-6,6.3759624724012377E-6,6.4300219439805439E-6,5.8593414269734874E-6],[5.3039652653453074E-6,5.8593414269734874E-6,5.79542489112321E-6,6.1248818936800775E-6,5.79542489112321E-6,5.8593414269734874E-6,5.3039652653453074E-6]],[[5.6422850035036628E-6,6.214633966714587E-6,6.148821148287873E-6,6.4884813006164157E-6,6.148821148287873E-6,6.214633966714587E-6,5.6422850035036628E-6],[6.214633966714587E-6,6.8018352428954531E-6,6.7462638321563735E-6,7.0895086774789519E-6,6.7462638321563735E-6,6.8018352428954531E-6,6.214633966714587E-6],[6.148821148287873E-6,6.7462638321563735E-6,6.91872055952528E-6,7.0914941356201571E-6,6.91872055952528E-6,6.7462638321563735E-6,6.148821148287873E-6],[6.4884813006164157E-6,7.0895086774789519E-6,7.0914941356201571E-6,7.4128732940276765E-6,7.0914941356201571E-6,7.0895086774789519E-6,6.4884813006164157E-6],[6.148821148287873E-6,6.7462638321563735E-6,6.91872055952528E-6,7.0914941356201571E-6,6.91872055952528E-6,6.7462638321563735E-6,6.148821148287873E-6],[6.214633966714587E-6,6.8018352428954531E-6,6.7462638321563735E-6,7.0895086774789519E-6,6.7462638321563735E-6,6.8018352428954531E-6,6.214633966714587E-6],[5.6422850035036628E-6,6.214633966714587E-6,6.148821148287873E-6,6.4884813006164157E-6,6.148821148287873E-6,6.214633966714587E-6,5.6422850035036628E-6]],[[5.9907747409872547E-6,6.5800509518915068E-6,6.5123469246104489E-6,6.8621827913043619E-6,6.5123469246104489E-6,6.5800509518915059E-6,5.9907747409872539E-6],[6.5800509518915068E-6,7.1837289575153012E-6,7.1266496190554495E-6,7.4796497563666729E-6,7.1266496190554495E-6,7.1837289575153E-6,6.5800509518915059E-6],[6.5123469246104489E-6,7.1266496190554495E-6,7.3039702121318515E-6,7.4816160356838405E-6,7.3039702121318515E-6,7.1266496190554495E-6,6.5123469246104489E-6],[6.8621827913043619E-6,7.4796497563666729E-6,7.4816160356838405E-6,7.8119875417724851E-6,7.4816160356838405E-6,7.4796497563666729E-6,6.8621827913043619E-6],[6.5123469246104489E-6,7.1266496190554495E-6,7.3039702121318515E-6,7.4816160356838405E-6,7.3039702121318515E-6,7.1266496190554495E-6,6.5123469246104489E-6],[6.5800509518915059E-6,7.1837289575153E-6,7.1266496190554495E-6,7.4796497563666729E-6,7.1266496190554495E-6,7.1837289575153012E-6,6.5800509518915068E-6],[5.9907747409872539E-6,6.5800509518915059E-6,6.5123469246104489E-6,6.8621827913043619E-6,6.5123469246104489E-6,6.5800509518915068E-6,5.9907747409872547E-6]],[[6.3494072385621842E-6,6.9555654519140274E-6,6.88597525388555E-6,7.2459595876076832E-6,6.88597525388555E-6,6.9555654519140266E-6,6.3494072385621833E-6],[6.9555654519140274E-6,7.5756764424651185E-6,7.51709316173765E-6,7.8798226468450455E-6,7.5170931617376493E-6,7.5756764424651168E-6,6.9555654519140266E-6],[6.88597525388555E-6,7.51709316173765E-6,7.699264698353902E-6,7.8817698251072587E-6,7.699264698353902E-6,7.5170931617376493E-6,6.88597525388555E-6],[7.2459595876076832E-6,7.8798226468450455E-6,7.8817698251072587E-6,8.2211098137685518E-6,7.881769825107257E-6,7.8798226468450455E-6,7.2459595876076832E-6],[6.88597525388555E-6,7.5170931617376493E-6,7.699264698353902E-6,7.881769825107257E-6,7.699264698353902E-6,7.5170931617376493E-6,6.88597525388555E-6],[6.9555654519140266E-6,7.5756764424651168E-6,7.5170931617376493E-6,7.8798226468450455E-6,7.5170931617376493E-6,7.5756764424651177E-6,6.9555654519140274E-6],[6.3494072385621833E-6,6.9555654519140266E-6,6.88597525388555E-6,7.2459595876076832E-6,6.88597525388555E-6,6.9555654519140274E-6,6.3494072385621842E-6]],[[6.7181554391040861E-6,7.3411507080015116E-6,7.2696793435024491E-6,7.6397850787689987E-6,7.2696793435024491E-6,7.3411507080015116E-6,6.7181554391040852E-6],[7.3411507080015116E-6,7.9776512136902588E-6,7.9175679513865068E-6,8.29000100523096E-6,7.9175679513865068E-6,7.9776512136902588E-6,7.3411507080015116E-6],[7.2696793435024491E-6,7.9175679513865068E-6,8.1045775910552071E-6,8.2919291585644647E-6,8.1045775910552071E-6,7.9175679513865068E-6,7.2696793435024491E-6],[7.6397850787689987E-6,8.29000100523096E-6,8.2919291585644647E-6,8.6402139144383075E-6,8.2919291585644647E-6,8.29000100523096E-6,7.6397850787689987E-6],[7.2696793435024491E-6,7.9175679513865068E-6,8.1045775910552071E-6,8.2919291585644647E-6,8.1045775910552071E-6,7.9175679513865068E-6,7.2696793435024491E-6],[7.3411507080015116E-6,7.9776512136902588E-6,7.9175679513865068E-6,8.29000100523096E-6,7.9175679513865068E-6,7.977651213690