{"M_cells":[[[0,0,0,0,0],[0,0,0,0,0],[0,0,0,0,0],[0,0,0,0,0],[0,0,0,0,0]],[[0.0004033659484949379,0.0009653977753650661,0.0011324598516257135,0.0009653977753650661,0.0004033659484949379],[0.0009653977753650661,0.001939452465672821,0.0022372724537236153,0.001939452465672821,0.0009653977753650661],[0.0011324598516257135,0.0022372724537236153,0.0025786781027348159,0.0022372724537236153,0.0011324598516257135],[0.0009653977753650661,0.001939452465672821,0.0022372724537236153,0.001939452465672821,0.0009653977753650661],[0.0004033659484949379,0.0009653977753650661,0.0011324598516257135,0.0009653977753650661,0.0004033659484949379]],[[0.0020446941425750205,0.0032685735760967132,0.0036517099610733511,0.0032685735760967132,0.0020446941425750205],[0.0032685735760967132,0.0047810813759034251,0.0052660384412808181,0.0047810813759034251,0.0032685735760967132],[0.0036517099610733511,0.0052660384412808181,0.005784938402387715,0.0052660384412808181,0.0036517099610733511],[0.0032685735760967132,0.0047810813759034251,0.0052660384412808181,0.0047810813759034251,0.0032685735760967136],[0.0020446941425750205,0.0032685735760967132,0.0036517099610733511,0.0032685735760967136,0.0020446941425750205]],[[0.0046572637991712587,0.00629795609727014,0.00682677006896341,0.0062979560972701394,0.0046572637991712587],[0.00629795609727014,0.0080982657299918017,0.0086887227895888139,0.0080982657299918017,0.0062979560972701394],[0.00682677006896341,0.0086887227895888139,0.00929972966369608,0.0086887227895888156,0.00682677006896341],[0.0062979560972701394,0.0080982657299918017,0.0086887227895888156,0.0080982657299918034,0.00629795609727014],[0.0046572637991712587,0.0062979560972701394,0.00682677006896341,0.00629795609727014,0.00465726379917126]],[[0.0078401872696470965,0.00971243041165887,0.01032553244852027,0.00971243041165887,0.0078401872696470965],[0.00971243041165887,0.01166422426014329,0.012311591694653382,0.01166422426014329,0.00971243041165887],[0.01032553244852027,0.012311591694653382,0.012970382217895506,0.012311591694653382,0.01032553244852027],[0.00971243041165887,0.01166422426014329,0.012311591694653382,0.01166422426014329,0.00971243041165887],[0.0078401872696470965,0.00971243041165887,0.01032553244852027,0.00971243041165887,0.0078401872696470965]],[[0.011333101286155084,0.013328797089877871,0.013987878825081693,0.013328797089877871,0.011333101286155084],[0.013328797089877871,0.015359704817497514,0.01603714960208507,0.015359704817497514,0.013328797089877871],[0.013987878825081693,0.01603714960208507,0.016720716121472062,0.01603714960208507,0.013987878825081693],[0.013328797089877871,0.015359704817497514,0.01603714960208507,0.015359704817497514,0.013328797089877871],[0.011333101286155084,0.013328797089877871,0.013987878825081693,0.013328797089877871,0.011333101286155084]],[[0.014989910014347584,0.017050367918765002,0.01773387350522769,0.017050367918765002,0.014989910014347584],[0.017050367918765002,0.019122403542840456,0.019815578731047036,0.019122403542840456,0.017050367918765002],[0.01773387350522769,0.019815578731047036,0.020511977505072297,0.019815578731047036,0.01773387350522769],[0.017050367918765002,0.019122403542840456,0.019815578731047036,0.019122403542840456,0.017050367918765002],[0.014989910014347584,0.017050367918765002,0.01773387350522769,0.017050367918765002,0.014989910014347584]],[[0.018732366716603891,0.0208265352642661,0.021522841363426286,0.0208265352642661,0.018732366716603891],[0.0208265352642661,0.022919868327043888,0.023621216992652752,0.022919868327043888,0.0208265352642661],[0.021522841363426286,0.023621216992652752,0.024324246716433136,0.023621216992652752,0.021522841363426286],[0.0208265352642661,0.022919868327043888,0.023621216992652752,0.022919868327043888,0.0208265352642661],[0.018732366716603891,0.0208265352642661,0.021522841363426286,0.0208265352642661,0.018732366716603891]],[[0.022519294462867583,0.024630913239298443,0.025333872468696332,0.024630913239298443,0.022519294462867583],[0.024630913239298443,0.026735216039458318,0.027440785492732895,0.026735216039458318,0.024630913239298443],[0.025333872468696332,0.027440785492732895,0.028147225125895625,0.027440785492732895,0.025333872468696332],[0.024630913239298443,0.026735216039458318,0.027440785492732895,0.026735216039458318,0.024630913239298443],[0.022519294462867583,0.024630913239298443,0.025333872468696332,0.024630913239298443,0.022519294462867583]],[[0.02632917687746579,0.028449765580509597,0.029156155689317672,0.028449765580509594,0.02632917687746579],[0.028449765580509597,0.030559662607737143,0.03126739139994017,0.030559662607737143,0.028449765580509594],[0.029156155689317672,0.03126739139994017,0.031975566473767127,0.03126739139994017,0.029156155689317672],[0.028449765580509594,0.030559662607737143,0.03126739139994017,0.030559662607737143,0.028449765580509594],[0.02632917687746579,0.028449765580509594,0.029156155689317672,0.028449765580509594,0.02632917687746579]],[[0.030150799994127758,0.032275940593674432,0.032984078859861592,0.032275940593674432,0.030150799994127758],[0.032275940593674432,0.034388631231126246,0.035097444639744284,0.034388631231126246,0.032275940593674432],[0.032984078859861592,0.035097444639744284,0.035806483122567,0.035097444639744284,0.032984078859861592],[0.032275940593674432,0.034388631231126246,0.035097444639744284,0.034388631231126246,0.032275940593674432],[0.030150799994127758,0.032275940593674432,0.032984078859861592,0.032275940593674432,0.030150799994127758]],[[0.0339783197636782,0.036105707992530447,0.036814716070773648,0.036105707992530447,0.0339783197636782],[0.036105707992530447,0.03821972863936543,0.038929065202744348,0.03821972863936543,0.036105707992530447],[0.036814716070773648,0.038929065202744348,0.03963851127355203,0.038929065202744348,0.036814716070773648],[0.036105707992530447,0.03821972863936543,0.038929065202744348,0.03821972863936543,0.036105707992530447],[0.0339783197636782,0.036105707992530447,0.036814716070773648,0.036105707992530447,0.0339783197636782]],[[0.037808683776868551,0.0399371131814534,0.04064653139356289,0.0399371131814534,0.037808683776868551],[0.0399371131814534,0.042051693717587921,0.042761258454927849,0.042051693717587921,0.0399371131814534],[0.04064653139356289,0.042761258454927849,0.043470872038698552,0.042761258454927849,0.04064653139356289],[0.0399371131814534,0.042051693717587921,0.042761258454927849,0.042051693717587921,0.0399371131814534],[0.037808683776868551,0.0399371131814534,0.04064653139356289,0.0399371131814534,0.037808683776868551]],[[0.041640288565575084,0.043769122033252977,0.0444787080952687,0.043769122033252977,0.041640288565575084],[0.043769122033252977,0.045883851515484686,0.046593487565436624,0.045883851515484686,0.043769122033252977],[0.0444787080952687,0.046593487565436624,0.0473031402784771,0.046593487565436624,0.0444787080952687],[0.043769122033252977,0.045883851515484686,0.046593487565436624,0.045883851515484686,0.043769122033252977],[0.041640288565575084,0.043769122033252977,0.0444787080952687,0.043769122033252977,0.041640288565575084]],[[0.045472281538379608,0.04760117668356656,0.048310800951382619,0.04760117668356656,0.045472281538379608],[0.04760117668356656,0.049715829723718,0.050425451639058726,0.049715829723718,0.04760117668356656],[0.048310800951382619,0.050425451639058726,0.051135072768223835,0.050425451639058726,0.048310800951382619],[0.04760117668356656,0.049715829723718,0.050425451639058726,0.049715829723718,0.04760117668356656],[0.045472281538379608,0.04760117668356656,0.048310800951382619,0.04760117668356656,0.045472281538379608]],[[0.049304198310747539,0.051432964822249592,0.052142555834191216,0.051432964822249592,0.049304198310747539],[0.051432964822249592,0.05354741140056922,0.054256970490696131,0.05354741140056922,0.051432964822249592],[0.052142555834191216,0.054256970490696131,0.054966518936653976,0.054256970490696131,0.052142555834191216],[0.051432964822249592,0.05354741140056922,0.054256970490696131,0.05354741140056922,0.051432964822249592],[0.049304198310747539,0.051432964822249592,0.052142555834191216,0.051432964822249592,0.049304198310747539]],[[0.053135774300477383,0.055264299821746743,0.055973815995495342,0.055264299821746743,0.053135774300477383],[0.055264299821746743,0.057378458406195827,0.05808792472237076,0.057378458406195827,0.055264299821746743],[0.055973815995495342,0.05808792472237076,0.058797374414701654,0.05808792472237076,0.055973815995495342],[0.055264299821746743,0.057378458406195827,0.05808792472237076,0.057378458406195827,0.055264299821746743],[0.053135774300477383,0.055264299821746743,0.055973815995495342,0.055264299821746743,0.053135774300477383]],[[0.056966846802659128,0.059095058384624477,0.059804473298730253,0.059095058384624477,0.056966846802659128],[0.059095058384624477,0.061208871519415134,0.061918224477708228,0.061208871519415134,0.059095058384624477],[0.059804473298730253,0.061918224477708228,0.062627556778542023,0.061918224477708228,0.059804473298730253],[0.059095058384624477,0.061208871519415134,0.061918224477708228,0.061208871519415134,0.059095058384624477],[0.056966846802659128,0.059095058384624477,0.059804473298730253,0.059095058384624477,0.056966846802659128]],[[0.060797304019395051,0.062925148029211772,0.0636344427553273,0.062925148029211786,0.060797304019395065],[0.062925148029211772,0.065038569576137309,0.065747793060990767,0.065038569576137309,0.062925148029211786],[0.0636344427553273,0.065747793060990767,0.066456992792459743,0.065747793060990767,0.0636344427553273],[0.062925148029211786,0.065038569576137309,0.065747793060990767,0.065038569576137309,0.062925148029211786],[0.060797304019395065,0.062925148029211786,0.0636344427553273,0.062925148029211786,0.060797304019395065]],[[0.0646270584450397,0.066754490044700868,0.067463649136815615,0.066754490044700868,0.0646270584450397],[0.066754490044700868,0.068867478462862314,0.069576558253089782,0.068867478462862314,0.066754490044700868],[0.067463649136815615,0.069576558253089782,0.070285611602308132,0.069576558253089782,0.067463649136815615],[0.066754490044700868,0.068867478462862314,0.069576558253089782,0.068867478462862314,0.066754490044700868],[0.0646270584450397,0.066754490044700868,0.067463649136815615,0.066754490044700868,0.0646270584450397]],[[0.068456032875332529,0.070583010457444029,0.071292019836071016,0.070583010457444029,0.068456032875332529],[0.070583010457444029,0.07269552520704238,0.0734044476039117,0.07269552520704238,0.070583010457444029],[0.071292019836071016,0.0734044476039117,0.074113340999053937,0.0734044476039117,0.071292019836071016],[0.070583010457444029,0.07269552520704238,0.0734044476039117,0.07269552520704238,0.070583010457444029],[0.068456032875332529,0.070583010457444029,0.071292019836071016,0.070583010457444029,0.068456032875332529]],[[0.07228415295053757,0.074410635136665113,0.075119480953159082,0.074410635136665113,0.07228415295053757],[0.074410635136665113,0.076522634693708014,0.0772313857694169,0.076522634693708014,0.074410635136665113],[0.075119480953159082,0.0772313857694169,0.077940105256262354,0.0772313857694169,0.075119480953159082],[0.074410635136665113,0.076522634693708014,0.0772313857694169,0.076522634693708014,0.074410635136665113],[0.07228415295053757,0.074410635136665113,0.075119480953159082,0.074410635136665113,0.07228415295053757]],[[0.07611134307076127,0.078237287028836172,0.07894595503480209,0.078237287028836172,0.07611134307076127],[0.078237287028836172,0.080348727724613864,0.081057292888992966,0.080348727724613864,0.078237287028836172],[0.07894595503480209,0.081057292888992966,0.081765823763400663,0.081057292888992966,0.07894595503480209],[0.078237287028836172,0.080348727724613864,0.081057292888992966,0.080348727724613864,0.078237287028836172],[0.07611134307076127,0.078237287028836172,0.07894595503480209,0.078237287028836172,0.07611134307076127]],[[0.079937524040971986,0.082062884475457357,0.082771359650388523,0.082062884475457357,0.079937524040971986],[0.082062884475457357,0.084173719751756471,0.084882083480033538,0.084173719751756471,0.082062884475457357],[0.082771359650388523,0.084882083480033538,0.085590410049086588,0.084882083480033538,0.082771359650388523],[0.082062884475457357,0.084173719751756471,0.084882083480033538,0.084173719751756471,0.082062884475457357],[0.079937524040971986,0.082062884475457357,0.082771359650388523,0.082062884475457357,0.079937524040971986]],[[0.08376261159146535,0.085887340069726814,0.086595606378380541,0.085887340069726814,0.08376261159146535],[0.085887340069726814,0.087997519936264132,0.088705665575917622,0.087997519936264132,0.085887340069726814],[0.086595606378380541,0.088705665575917622,0.089413770981271193,0.088705665575917622,0.086595606378380541],[0.085887340069726814,0.087997519936264132,0.088705665575917622,0.087997519936264132,0.085887340069726814],[0.08376261159146535,0.085887340069726814,0.086595606378380541,0.085887340069726814,0.08376261159146535]],[[0.087586515328210116,0.089710559767093342,0.090418599979490782,0.089710559767093342,0.087586515328210116],[0.089710559767093342,0.0918200303489334,0.092527939962623248,0.0918200303489334,0.089710559767093342],[0.090418599979490782,0.092527939962623248,0.093235806031079241,0.092527939962623248,0.090418599979490782],[0.089710559767093342,0.0918200303489334,0.092527939962623248,0.0918200303489334,0.089710559767093342],[0.087586515328210116,0.089710559767093342,0.090418599979490782,0.089710559767093342,0.087586515328210116]],[[0.091409137879220184,0.0935324420989681,0.094240237637693611,0.0935324420989681,0.091409137879220184],[0.0935324420989681,0.095641145214039158,0.09634879943575031,0.095641145214039158,0.0935324420989681],[0.094240237637693611,0.09634879943575031,0.097056406538349876,0.09634879943575031,0.094240237637693611],[0.0935324420989681,0.095641145214039158,0.09634879943575031,0.095641145214039158,0.0935324420989681],[0.091409137879220184,0.0935324420989681,0.094240237637693611,0.0935324420989681,0.091409137879220184]],[[0.095230374112714,0.097352877408267979,0.098060408204124774,0.097352877408267979,0.095230374112714],[0.097352877408267979,0.099460750142015913,0.10016812803392376,0.099460750142015913,0.097352877408267979],[0.098060408204124774,0.10016812803392376,0.10087545494321516,0.10016812803392376,0.098060408204124774],[0.097352877408267979,0.099460750142015913,0.10016812803392376,0.099460750142015913,0.097352877408267979],[0.095230374112714,0.097352877408267979,0.098060408204124774,0.097352877408267979,0.095230374112714]],[[0.099050110359107643,0.10117174706088632,0.10187899140646005,0.10117174706088632,0.099050110359107643],[0.10117174706088632,0.10327872131884401,0.10398580022172162,0.10327872131884401,0.10117174706088632],[0.10187899140646005,0.10398580022172162,0.10469282396111534,0.10398580022172162,0.10187899140646005],[0.10117174706088632,0.10327872131884401,0.10398580022172162,0.10327872131884401,0.10117174706088632],[0.099050110359107643,0.10117174706088632,0.10187899140646005,0.10117174706088632,0.099050110359107643]],[[0.10286822359783743,0.10498892260520237,0.10569585700013556,0.10498892260520237,0.10286822359783743],[0.10498892260520237,0.10709492463106665,0.10780168000370061,0.10709492463106665,0.10498892260520237],[0.10569585700013556,0.10780168000370061,0.1085083756849315,0.10780168000370061,0.10569585700013556],[0.10498892260520237,0.10709492463106665,0.10780168000370061,0.10709492463106665,0.10498892260520237],[0.10286822359783743,0.10498892260520237,0.10569585700013556,0.10498892260520237,0.10286822359783743]],[[0.10668458058430712,0.10880426486042037,0.10951086384434408,0.10880426486042037,0.10668458058430712],[0.10880426486042037,0.11090921471044042,0.11161561995479095,0.11090921471044042,0.10880426486042037],[0.10951086384434408,0.11161561995479095,0.11232196060048731,0.11161561995479095,0.10951086384434408],[0.10880426486042037,0.11090921471044042,0.11161561995479095,0.11090921471044042,0.10880426486042037],[0.10668458058430712,0.10880426486042037,0.10951086384434408,0.10880426486042037,0.10668458058430712]],[[0.11049903689919927,0.11261762291848261,0.11332385888851236,0.11261762291848261,0.11049903689919927],[0.11261762291848261,0.11472143388423309,0.1154274601535978,0.11472143388423309,0.11261762291848261],[0.11332385888851236,0.1154274601535978,0.11613341650233357,0.1154274601535978,0.11332385888851236],[0.11261762291848261,0.11472143388423309,0.1154274601535978,0.11472143388423309,0.11261762291848261],[0.11049903689919927,0.11261762291848261,0.11332385888851236,0.11261762291848261,0.11049903689919927]],[[0.11431143590523948,0.11642883304547547,0.117134676055579,0.11642883304547547,0.11431143590523948],[0.11642883304547547,0.11853141101730584,0.11923702700487888,0.11853141101730584,0.11642883304547547],[0.117134676055579,0.11923702700487888,0.11994256729612914,0.11923702700487888,0.117134676055579],[0.11642883304547547,0.11853141101730584,0.11923702700487888,0.11853141101730584,0.11642883304547547],[0.11431143590523948,0.11642883304547547,0.117134676055579,0.11642883304547547,0.11431143590523948]],[[0.11812160759718991,0.12023771746824731,0.12094313500779902,0.12023771746824731,0.11812160759718991],[0.12023771746824731,0.12233896023128092,0.12304413193638519,0.12233896023128092,0.12023771746824731],[0.12094313500779902,0.12304413193638519,0.12374922167264991,0.12304413193638519,0.12094313500779902],[0.12023771746824731,0.12233896023128092,0.12304413193638519,0.12233896023128092,0.12023771746824731],[0.11812160759718991,0.12023771746824731,0.12094313500779902,0.12023771746824731,0.11812160759718991]],[[0.12192936733019567,0.12404408303086932,0.12474903977955425,0.12404408303086932,0.12192936733019567],[0.12404408303086932,0.12614387948460812,0.12684856995362545,0.12614387948460812,0.12404408303086932],[0.12474903977955425,0.12684856995362545,0.1275531716367011,0.12684856995362545,0.12474903977955425],[0.12404408303086932,0.12614387948460812,0.12684856995362545,0.12614387948460812,0.12404408303086933],[0.12192936733019567,0.12404408303086932,0.12474903977955425,0.12404408303086933,0.12192936733019569]],[[0.12573451441029906,0.12784771970368117,0.1285521772596098,0.12784771970368117,0.12573451441029906],[0.12784771970368117,0.12994594899514131,0.13065011803380092,0.12994594899514131,0.12784771970368117],[0.1285521772596098,0.13065011803380092,0.13135419087179057,0.13065011803380092,0.1285521772596098],[0.12784771970368117,0.12994594899514131,0.13065011803380092,0.12994594899514131,0.12784771970368117],[0.12573451441029906,0.12784771970368117,0.1285521772596098,0.12784771970368117,0.12573451441029906]],[[0.12953683052884324,0.13164839892549735,0.13235231550297136,0.13164839892549735,0.12953683052884324],[0.13164839892549735,0.13374492948438302,0.13444853333759879,0.13374492948438302,0.13164839892549735],[0.13235231550297136,0.13444853333759879,0.13515203291877539,0.13444853333759879,0.13235231550297136],[0.13164839892549735,0.13374492948438302,0.13444853333759879,0.13374492948438302,0.13164839892549735],[0.12953683052884324,0.13164839892549735,0.13235231550297136,0.13164839892549735,0.12953683052884324]],[[0.13333607802005754,0.13544587175661504,0.13614920184948129,0.13544587175661504,0.13333607802005754],[0.13544587175661504,0.1375405602193448,0.13824355121424109,0.1375405602193448,0.13544587175661504],[0.13614920184948129,0.13824355121424109,0.1389464291432925,0.13824355121424109,0.13614920184948129],[0.13544587175661504,0.1375405602193448,0.13824355121424109,0.1375405602193448,0.13544587175661504],[0.13333607802005754,0.13544587175661504,0.13614920184948129,0.13544587175661504,0.13333607802005754]],[[0.13713199791792854,0.13923986681693615,0.13994256082291584,0.13923986681693615,0.13713199791792854],[0.13923986681693615,0.14133255682433846,0.14203488297144751,0.14133255682433846,0.13923986681693615],[0.13994256082291584,0.14203488297144751,0.14273708646296329,0.14203488297144751,0.13994256082291584],[0.13923986681693615,0.14133255682433846,0.14203488297144751,0.14133255682433846,0.13923986681693615],[0.13713199791792854,0.13923986681693615,0.13994256082291584,0.13923986681693615,0.13713199791792854]],[[0.14092430778499385,0.14303008797965297,0.14373209178019938,0.14303008797965297,0.14092430778499385],[0.14303008797965297,0.14512060883075578,0.14582221337756573,0.14512060883075578,0.14303008797965297],[0.14373209178019938,0.14582221337756573,0.14652368480081363,0.14582221337756573,0.14373209178019938],[0.14303008797965297,0.14512060883075578,0.14582221337756573,0.14512060883075578,0.14303008797965297],[0.14092430778499385,0.14303008797965297,0.14373209178019938,0.14303008797965297,0.14092430778499385]],[[0.14471269928129002,0.1468162117862023,0.14751746627572709,0.1468162117862023,0.14471269928129002],[0.1468162117862023,0.1489043769277969,0.14960519785794324,0.1489043769277969,0.1468162117862023],[0.14751746627572709,0.14960519785794324,0.15030587422604691,0.14960519785794324,0.14751746627572709],[0.1468162117862023,0.1489043769277969,0.14960519785794324,0.1489043769277969,0.1468162117862023],[0.14471269928129002,0.1468162117862023,0.14751746627572709,0.1468162117862023,0.14471269928129002]],[[0.14849683543683104,0.15059788454272097,0.151298325099946,0.15059788454272097,0.14849683543683104],[0.15059788454272097,0.15268348987108926,0.15338345934138151,0.15268348987108926,0.15059788454272097],[0.151298325099946,0.15338345934138151,0.15408327173690339,0.15338345934138151,0.151298325099946],[0.15059788454272097,0.15268348987108926,0.15338345934138151,0.15268348987108926,0.15059788454272097],[0.14849683543683104,0.15059788454272097,0.151298325099946,0.15059788454272097,0.14849683543683104]],[[0.15227634758492892,0.15437471905189748,0.15507427494502707,0.15437471905189748,0.15227634758492892],[0.15437471905189748,0.15645754099928794,0.15715658470552191,0.15645754099928794,0.15437471905189748],[0.15507427494502707,0.15715658470552191,0.15785545763315387,0.15715658470552191,0.15507427494502707],[0.15437471905189748,0.15645754099928794,0.15715658470552191,0.15645754099928794,0.15437471905189748],[0.15227634758492892,0.15437471905189748,0.15507427494502707,0.15437471905189748,0.15227634758492892]],[[0.15605083190684182,0.158146290926547,0.15884488464245849,0.158146290926547,0.15605083190684182],[0.158146290926547,0.16022608430043439,0.16092412076142151,0.16022608430043439,0.158146290926547],[0.15884488464245849,0.16092412076142151,0.16162197141695742,0.16092412076142151,0.15884488464245849],[0.158146290926547,0.16022608430043439,0.16092412076142151,0.16022608430043439,0.158146290926547],[0.15605083190684182,0.158146290926547,0.15884488464245849,0.158146290926547,0.15605083190684182]],[[0.15981984553017256,0.16191213442229749,0.16260968090844277,0.16191213442229749,0.15981984553017256],[0.16191213442229749,0.16398862996018329,0.16468556970769921,0.16398862996018329,0.16191213442229749],[0.16260968090844277,0.16468556970769921,0.16538230715066474,0.16468556970769921,0.16260968090844277],[0.16191213442229749,0.16398862996018329,0.16468556970769921,0.16398862996018329,0.16191213442229749],[0.15981984553017256,0.16191213442229749,0.16260968090844277,0.16191213442229749,0.15981984553017256]],[[0.16358290211364562,0.16567173771637303,0.1663681435221907,0.16567173771637303,0.16358290211364562],[0.16567173771637303,0.16774463931263658,0.1684403839729334,0.16774463931263658,0.16567173771637303],[0.1663681435221907,0.1684403839729334,0.1691359081881276,0.1684403839729334,0.1663681435221907],[0.16567173771637303,0.16774463931263658,0.1684403839729334,0.16774463931263658,0.16567173771637303],[0.16358290211364562,0.16567173771637303,0.1663681435221907,0.16567173771637303,0.16358290211364562]],[[0.16733946683980183,0.16942453754721457,0.1701196998495681,0.16942453754721457,0.16733946683980183],[0.16942453754721457,0.17149351910116079,0.17218796035124256,0.17149351910116079,0.16942453754721457],[0.1701196998495681,0.17218796035124256,0.17288216118195851,0.17218796035124256,0.1701196998495681],[0.16942453754721457,0.17149351910116079,0.17218796035124256,0.17149351910116079,0.16942453754721457],[0.16733946683980183,0.16942453754721457,0.1701196998495681,0.16942453754721457,0.16733946683980183]],[[0.17108895072388644,0.17316991311516058,0.17386371860973196,0.17316991311516058,0.17108895072388644],[0.17316991311516058,0.17523461494077111,0.17592763331979486,0.17523461494077111,0.17316991311516058],[0.17386371860973196,0.17592763331979486,0.17662038925255261,0.17592763331979486,0.17386371860973196],[0.17316991311516058,0.17523461494077111,0.17592763331979486,0.17523461494077111,0.17316991311516058],[0.17108895072388644,0.17316991311516058,0.17386371860973196,0.17316991311516058,0.17108895072388644]],[[0.17483070413145124,0.1769071791273745,0.17759950276491668,0.1769071791273745,0.17483070413145124],[0.1769071791273745,0.1789672038551301,0.17965866740794825,0.1789672038551301,0.1769071791273745],[0.17759950276491668,0.17965866740794825,0.18034984418513186,0.17965866740794825,0.17759950276491668],[0.1769071791273745,0.1789672038551301,0.17965866740794825,0.1789672038551301,0.1769071791273745],[0.17483070413145124,0.1769071791273745,0.17759950276491668,0.1769071791273745,0.17483070413145124]],[[0.17856400937899697,0.18063557785039111,0.18132628139299792,0.18063557785039111,0.17856400937899697],[0.18063557785039111,0.18269048573959179,0.18338024846549544,0.18269048573959179,0.18063557785039111],[0.18132628139299792,0.18338024846549544,0.18406969749825225,0.18338024846549544,0.18132628139299792],[0.18063557785039111,0.18269048573959179,0.18338024846549544,0.18269048573959179,0.18063557785039111],[0.17856400937899697,0.18063557785039111,0.18132628139299792,0.18063557785039111,0.17856400937899697]],[[0.18228807227053898,0.18435427001007892,0.18504320037862293,0.18435427001007892,0.18228807227053898],[0.18435427001007892,0.18640357357621415,0.187091473651391,0.18640357357621415,0.18435427001007892],[0.18504320037862293,0.187091473651391,0.18777903020042905,0.187091473651391,0.18504320037862293],[0.18435427001007892,0.18640357357621415,0.187091473651391,0.18640357357621415,0.18435427001007892],[0.18228807227053898,0.18435427001007892,0.18504320037862293,0.18435427001007892,0.18228807227053898]],[[0.18600201239772773,0.18806232435183418,0.1887493117305159,0.18806232435183418,0.18600201239772773],[0.18806232435183418,0.19010548219726828,0.19079133993406863,0.19010548219726828,0.18806232435183418],[0.1887493117305159,0.19079133993406863,0.1914768210204936,0.19079133993406863,0.1887493117305159],[0.18806232435183418,0.19010548219726828,0.19079133993406863,0.19010548219726828,0.18806232435183418],[0.18600201239772773,0.18806232435183418,0.1887493117305159,0.18806232435183418,0.18600201239772773]],[[0.1897048520019507,0.19175870564174696,0.19244356130020984,0.19175870564174696,0.1897048520019507],[0.19175870564174696,0.19379511535924843,0.19447873085920364,0.19379511535924843,0.19175870564174696],[0.19244356130020984,0.19447873085920364,0.1951619328611732,0.19447873085920364,0.19244356130020984],[0.19175870564174696,0.19379511535924843,0.19447873085920364,0.19379511535924843,0.19175870564174696],[0.1897048520019507,0.19175870564174696,0.19244356130020984,0.19175870564174696,0.1897048520019507]],[[0.19339550316308782,0.19544226085329747,0.19612477463996078,0.19544226085329747,0.19339550316308782],[0.19544226085329747,0.1974712508502727,0.19815240130062178,0.1974712508502727,0.19544226085329747],[0.19612477463996078,0.19815240130062178,0.19883309718427358,0.19815240130062178,0.19612477463996078],[0.19544226085329747,0.1974712508502727,0.19815240130062178,0.1974712508502727,0.19544226085329747],[0.19339550316308782,0.19544226085329747,0.19612477463996078,0.19544226085329747,0.19339550316308782]],[[0.19707275304034891,0.19911170324191321,0.19979164069465338,0.19911170324191321,0.19707275304034891],[0.19911170324191321,0.20113252330859355,0.201810959863945,0.20113252330859355,0.19911170324191321],[0.19979164069465338,0.201810959863945,0.20248889598872513,0.201810959863945,0.19979164069465338],[0.19911170324191321,0.20113252330859355,0.201810959863945,0.20113252330859355,0.19911170324191321],[0.19707275304034891,0.19911170324191321,0.19979164069465338,0.19911170324191321,0.19707275304034891]],[[0.20073524684658434,0.20276559396250737,0.20344269297423376,0.20276559396250737,0.20073524684658434],[0.20276559396250737,0.20477740437966177,0.20545284856125751,0.20477740437966177,0.20276559396250737],[0.20344269297423376,0.20545284856125751,0.20612774099042461,0.20545284856125751,0.20344269297423376],[0.20276559396250737,0.20477740437966177,0.20545284856125751,0.20477740437966177,0.20276559396250737],[0.20073524684658434,0.20276559396250737,0.20344269297423376,0.20276559396250737,0.20073524684658434]],[[0.20438146818739436,0.206402320832261,0.20707628779929035,0.206402320832261,0.20438146818739436],[0.206402320832261,0.20840417978346035,0.20907631931836804,0.20840417978346035,0.206402320832261],[0.20707628779929035,0.20907631931836804,0.20974784955514181,0.20907631931836804,0.20707628779929035],[0.206402320832261,0.20840417978346035,0.20907631931836804,0.20840417978346035,0.206402320832261],[0.20438146818739436,0.206402320832261,0.20707628779929035,0.206402320832261,0.20438146818739436]],[[0.20800971634150936,0.21002007378333384,0.21069057915399314,0.21002007378333384,0.20800971634150936],[0.21002007378333384,0.21201092280397363,0.21267940681562586,0.21201092280397363,0.21002007378333384],[0.21069057915399314,0.21267940681562586,0.21334721687439892,0.21267940681562586,0.21069057915399314],[0.21002007378333384,0.21201092280397363,0.21267940681562586,0.21201092280397363,0.21002007378333384],[0.20800971634150936,0.21002007378333384,0.21069057915399314,0.21002007378333384,0.20800971634150936]],[[0.21161808000013893,0.21361681648959252,0.21428348961943672,0.21361681648959252,0.21161808000013893],[0.21361681648959252,0.215595463650958,0.21625989710115007,0.215595463650958,0.21361681648959252],[0.21428348961943672,0.21625989710115007,0.21692358381178317,0.21625989710115007,0.21428348961943672],[0.21361681648959252,0.215595463650958,0.21625989710115007,0.215595463650958,0.21361681648959252],[0.21161808000013893,0.21361681648959252,0.21428348961943672,0.21361681648959252,0.21161808000013893]],[[0.21520440692171455,0.21719025359020322,0.21785267679898737,0.21719025359020322,0.21520440692171455],[0.21719025359020322,0.21915535408381845,0.21981529135518221,0.21915535408381845,0.21719025359020322],[0.21785267679898737,0.21981529135518221,0.22047439978736746,0.21981529135518221,0.21785267679898737],[0.21719025359020322,0.21915535408381845,0.21981529135518221,0.21915535408381845,0.21719025359020322],[0.21520440692171455,0.21719025359020322,0.21785267679898737,0.21719025359020322,0.21520440692171455]],[[0.21876626889997985,0.22073779287643944,0.22139549459146654,0.22073779287643944,0.21876626889997985],[0.22073779287643944,0.22268782663503595,0.22334276413320486,0.22268782663503595,0.22073779287643944],[0.22139549459146654,0.22334276413320486,0.22399678001831469,0.22334276413320486,0.22139549459146654],[0.22073779287643944,0.22268782663503595,0.22334276413320486,0.22268782663503595,0.22073779287643944],[0.21876626889997985,0.22073779287643944,0.22139549459146654,0.22073779287643944,0.21876626889997985]],[[0.22230092139129018,0.22425650176277989,0.22490894862478111,0.22425650176277989,0.22230092139129018],[0.22425650176277989,0.22618974773435027,0.22683911538210283,0.22618974773435027,0.22425650176277989],[0.22490894862478111,0.22683911538210283,0.22748745640353049,0.22683911538210283,0.22490894862478111],[0.22425650176277989,0.22618974773435027,0.22683911538210283,0.22618974773435027,0.22425650176277989],[0.22230092139129018,0.22425650176277989,0.22490894862478111,0.22425650176277989,0.22230092139129018]],[[0.22580525711236868,0.22774305734068631,0.22838964514378124,0.22774305734068631,0.22580525711236868],[0.22774305734068631,0.22965756402819421,0.23030071552206274,0.22965756402819421,0.22774305734068631],[0.22838964514378124,0.23030071552206274,0.23094272134419866,0.23030071552206274,0.22838964514378124],[0.22774305734068631,0.22965756402819421,0.23030071552206274,0.22965756402819421,0.22774305734068631],[0.22580525711236868,0.22774305734068631,0.22838964514378124,0.22774305734068631,0.22580525711236868]],[[0.22927575291373195,0.23119368932796328,0.23183373266706073,0.23119368932796328,0.22927575291373195],[0.23119368932796328,0.23308724122884353,0.23372344293508315,0.23308724122884353,0.23119368932796328],[0.23183373266706073,0.23372344293508315,0.23435836384901473,0.23372344293508315,0.23183373266706073],[0.23119368932796328,0.23308724122884353,0.23372344293508315,0.23308724122884353,0.23119368932796328],[0.22927575291373195,0.23119368932796328,0.23183373266706073,0.23119368932796328,0.22927575291373195]],[[0.2327084092738208,0.23460411529753342,0.23523683580865426,0.23460411529753342,0.2327084092738208],[0.23460411529753342,0.23647419493645083,0.23710261332198052,0.23647419493645083,0.23460411529753342],[0.23523683580865426,0.23710261332198052,0.23772959740692251,0.23710261332198052,0.23523683580865426],[0.23460411529753342,0.23647419493645083,0.23710261332198052,0.23647419493645083,0.23460411529753342],[0.2327084092738208,0.23460411529753342,0.23523683580865426,0.23460411529753342,0.2327084092738208]],[[0.2360986818670526,0.23796946772246505,0.23859398082766309,0.23796946772246505,0.2360986818670526],[0.23796946772246505,0.239813213082369,0.24043290061201786,0.239813213082369,0.23796946772246505],[0.23859398082766309,0.24043290061201786,0.24105097935038042,0.24043290061201786,0.23859398082766309],[0.23796946772246505,0.239813213082369,0.24043290061201786,0.239813213082369,0.23796946772246505],[0.2360986818670526,0.23796946772246505,0.23859398082766309,0.23796946772246505,0.2360986818670526]],[[0.23944140486061555,0.24128421263531089,0.24189951275001639,0.24128421263531089,0.23944140486061555],[0.24128421263531089,0.2430983699717692,0.24370824946138328,0.2430983699717692,0.24128421263531089],[0.24189951275001639,0.24370824946138328,0.24431632180764479,0.24370824946138328,0.24189951275001639],[0.24128421263531089,0.2430983699717692,0.24370824946138328,0.2430983699717692,0.24128421263531089],[0.23944140486061555,0.24128421263531089,0.24189951275001639,0.24128421263531089,0.23944140486061555]],[[0.24273070591879348,0.24454206009944837,0.24514700433024156,0.24454206009944837,0.24273070591879348],[0.24454206009944837,0.24632293238590836,0.24692177988633893,0.24632293238590836,0.24454206009944837],[0.24514700433024156,0.24692177988633893,0.24751859488044817,0.24692177988633893,0.24514700433024156],[0.24454206009944837,0.24632293238590836,0.24692177988633893,0.24632293238590836,0.24454206009944837],[0.24273070591879348,0.24454206009944837,0.24514700433024156,0.24454206009944837,0.24273070591879348]],[[0.24595991336472356,0.24773586724865279,0.24832915770924241,0.24773586724865279,0.24595991336472356],[0.24773586724865279,0.24947925885518488,0.25006568525849637,0.24947925885518488,0.24773586724865279],[0.24832915770924241,0.25006568525849637,0.25064982339637759,0.25006568525849637,0.24832915770924241],[0.24773586724865279,0.24947925885518488,0.25006568525849637,0.2494792588551849,0.24773586724865279],[0.24595991336472356,0.24773586724865279,0.24832915770924241,0.24773586724865279,0.24595991336472356]],[[0.24912145658386814,0.25085753537720784,0.2514377003801328,0.25085753537720784,0.24912145658386814],[0.25085753537720784,0.25255869402984094,0.2531311257356435,0.25255869402984094,0.25085753537720784],[0.2514377003801328,0.2531311257356435,0.25370097946155667,0.2531311257356435,0.25143770038013291],[0.25085753537720784,0.25255869402984094,0.2531311257356435,0.25255869402984094,0.25085753537720784],[0.24912145658386814,0.25085753537720784,0.25143770038013291,0.25085753537720784,0.24912145658386814]],[[0.25220676154573435,0.25389790343615304,0.25446327797528168,0.25389790343615304,0.25220676154573435],[0.25389790343615304,0.25555146101784287,0.25610812016847817,0.25555146101784287,0.25389790343615304],[0.25446327797528168,0.25610812016847817,0.25666187402924978,0.25610812016847823,0.25446327797528173],[0.25389790343615304,0.25555146101784287,0.25610812016847823,0.25555146101784287,0.25389790343615304],[0.25220676154573435,0.25389790343615304,0.25446327797528173,0.25389790343615304,0.25220676154573435]],[[0.25520614423368626,0.25684664125384027,0.25739534736815589,0.25684664125384027,0.25520614423368626],[0.25684664125384027,0.25844655554721341,0.2589854405216398,0.25844655554721341,0.25684664125384027],[0.25739534736815589,0.2589854405216398,0.259521051705789,0.2589854405216398,0.25739534736815589],[0.25684664125384027,0.25844655554721341,0.2589854405216398,0.25844655554721341,0.25684664125384027],[0.25520614423368626,0.25684664125384027,0.25739534736815589,0.25684664125384027,0.25520614423368632]],[[0.25810870572838684,0.25969214674872487,0.26022207453340868,0.25969214674872487,0.25810870572838684],[0.25969214674872487,0.26123164671662097,0.26175051374213737,0.26123164671662097,0.25969214674872487],[0.26022207453340868,0.26175051374213737,0.26226569389416854,0.26175051374213737,0.26022207453340868],[0.25969214674872487,0.26123164671662097,0.26175051374213737,0.26123164671662097,0.25969214674872487],[0.25810870572838684,0.25969214674872487,0.26022207453340868,0.25969214674872487,0.25810870572838684]],[[0.26090223356882836,0.26242145219817858,0.26293024238009605,0.26242145219817858,0.26090223356882836],[0.26242145219817858,0.2638929897662326,0.26438933663693776,0.2638929897662326,0.26242145219817858],[0.26293024238009605,0.26438933663693776,0.2648815359596996,0.26438933663693776,0.26293024238009605],[0.26242145219817858,0.2638929897662326,0.26438933663693776,0.2638929897662326,0.26242145219817858],[0.26090223356882836,0.26242145219817858,0.26293024238009605,0.26242145219817858,0.26090223356882836]],[[0.26357311466953826,0.26502014511584643,0.26550517420941389,0.26502014511584643,0.26357311466953826],[0.26502014511584643,0.26641535658045251,0.26688640953394382,0.26641535658045251,0.26502014511584643],[0.26550517420941389,0.26688640953394382,0.26735280424248492,0.26688640953394382,0.26550517420941389],[0.26502014511584643,0.26641535658045251,0.26688640953394382,0.26641535658045251,0.26502014511584643],[0.26357311466953826,0.26502014511584643,0.26550517420941389,0.26502014511584643,0.26357311466953826]],[[0.26610626536259835,0.26747230934604393,0.26793067842884416,0.26747230934604393,0.26610626536259835],[0.26747230934604393,0.26878198942970766,0.26922469421056938,0.26878198942970766,0.26747230934604393],[0.26793067842884416,0.26922469421056938,0.2696621783625075,0.26922469421056938,0.26793067842884416],[0.26747230934604393,0.26878198942970766,0.26922469421056938,0.26878198942970766,0.26747230934604393],[0.26610626536259835,0.26747230934604393,0.26793067842884416,0.26747230934604393,0.26610626536259835]],[[0.26848508397116821,0.2697604915627082,0.27018901964810249,0.2697604915627082,0.26848508397116821],[0.2697604915627082,0.27097458278195585,0.27138560081140528,0.27097458278195585,0.2697604915627082],[0.27018901964810249,0.27138560081140528,0.27179078341395319,0.27138560081140528,0.27018901964810249],[0.2697604915627082,0.27097458278195585,0.27138560081140528,0.27097458278195585,0.2697604915627082],[0.26848508397116821,0.2697604915627082,0.27018901964810249,0.2697604915627082,0.26848508397116821]],[[0.2706914307157588,0.27186569753208667,0.27226092037764477,0.27186569753208667,0.2706914307157588],[0.27186569753208667,0.27297329700358153,0.27334900740086043,0.27297329700358153,0.27186569753208667],[0.27226092037764477,0.27334900740086043,0.27371821550904174,0.27334900740086043,0.27226092037764477],[0.27186569753208667,0.27297329700358153,0.27334900740086043,0.27297329700358153,0.27186569753208667],[0.2706914307157588,0.27186569753208667,0.27226092037764477,0.27186569753208667,0.2706914307157588]],[[0.272705638828763,0.27376742144934713,0.2741255964562288,0.27376742144934713,0.272705638828763],[0.27376742144934713,0.27475680666606622,0.275093314669543,0.27475680666606622,