{"M_cells":[[[0,0,0,0,0,0],[0,0,0,0,0,0],[0,0,0,0,0,0],[0,0,0,0,0,0],[0,0,0,0,0,0],[0,0,0,0,0,0]],[[0.00021942240731835427,0.0005086556967089748,0.00020941021051657321,9.4364023209310362E-5,4.3212075387691687E-5,1.630626570191778E-5],[0.0005086556967089748,0.000819208280626664,0.00039945596662999708,0.00019077518711982841,9.3814958756373588E-5,4.3212075387691687E-5],[0.00020941021051657321,0.00039945596662999708,0.00028750342723919394,0.00017570586470351212,9.8208065550097948E-5,4.5972952704359318E-5],[9.4364023209310362E-5,0.00019077518711982841,0.00017570586470351212,0.00012655367558118193,7.7486344381274511E-5,3.5685204594798129E-5],[4.3212075387691687E-5,9.3814958756373588E-5,9.8208065550097948E-5,7.7486344381274511E-5,4.9620982204605405E-5,2.1800160387161531E-5],[1.630626570191778E-5,4.3212075387691687E-5,4.5972952704359318E-5,3.5685204594798129E-5,2.1800160387161531E-5,7.9429370013424E-6]],[[0.00070593004401705412,0.001030733611945987,0.00049272152611415365,0.000256946272904903,0.00014142740617327168,8.2014926221035312E-5],[0.001030733611945987,0.0012319200958180554,0.00067516577787048138,0.00037326944993557043,0.00021959373228899233,0.00014142740617327168],[0.00049272152611415365,0.00067516577787048138,0.00050832110011804444,0.00034161811484508735,0.00022243565969140078,0.00014488983199834176],[0.000256946272904903,0.00037326944993557043,0.00034161811484508735,0.000262672044951797,0.000183822206193368,0.00011771882689707894],[0.00014142740617327168,0.00021959373228899233,0.00022243565969140078,0.000183822206193368,0.00013262143541360597,8.1486011766520333E-5],[8.2014926221035312E-5,0.00014142740617327168,0.00014488983199834176,0.00011771882689707894,8.1486011766520333E-5,4.5304332059607077E-5]],[[0.0011507341675854421,0.0014163490312472588,0.00075251356958841019,0.00043655782934315563,0.00027243558890099624,0.00018976732463719389],[0.0014163490312472588,0.0015459960555208477,0.000916624709488771,0.000558460220287973,0.00036752915812625407,0.00027243558890099624],[0.00075251356958841019,0.000916624709488771,0.00071493335579999207,0.00051337619592534513,0.00036699270853223566,0.00027384006412489416],[0.00043655782934315563,0.000558460220287973,0.00051337619592534513,0.00041335002664717605,0.00031342794890701082,0.00023036335952358189],[0.00027243558890099624,0.00036752915812625407,0.00036699270853223566,0.00031342794890701082,0.00024319054782125096,0.00017303443197786683],[0.00018976732463719389,0.00027243558890099624,0.00027384006412489416,0.00023036335952358189,0.00017303443197786683,0.00011577566054799444]],[[0.001506888193793608,0.0017191326044421775,0.00098683693360998278,0.00062038236921897532,0.00042328397967622328,0.00032578684645638535],[0.0017191326044421775,0.0018070618674438884,0.0011359128705285212,0.0007431581834393703,0.00052842553458886418,0.00042328397967622328],[0.00098683693360998278,0.0011359128705285212,0.00091197065528690819,0.00068815728470786579,0.00052419636951315249,0.00042139013968297819],[0.00062038236921897532,0.0007431581834393703,0.00068815728470786579,0.000573538149166875,0.000459028136138638,0.00036427904657383497],[0.00042328397967622328,0.00052842553458886418,0.00052419636951315249,0.000459028136138638,0.00037430125611227934,0.00028966725904131196],[0.00032578684645638535,0.00042328397967622328,0.00042139013968297819,0.00036427904657383497,0.00028966725904131196,0.00021514010550585731]],[[0.0017965502122531968,0.0019732208618130818,0.0012019674784943257,0.0008041774698612,0.00058575286123122852,0.00047931979217951287],[0.0019732208618130818,0.002036360176056207,0.0013404094625137017,0.00092635001650734382,0.00069669848388722818,0.00058575286123122852],[0.0012019674784943257,0.0013404094625137017,0.0011023210562813967,0.00086435784985286631,0.000689165853833429,0.0005804162819499953],[0.0008041774698612,0.00092635001650734382,0.00086435784985286631,0.000739829968689206,0.000615414453253959,0.00051273756842481436],[0.00058575286123122852,0.00069669848388722818,0.000689165853833429,0.000615414453253959,0.00052013839253558245,0.00042496340965875445],[0.00047931979217951287,0.00058575286123122852,0.0005804162819499953,0.00051273756842481436,0.00042496340965875445,0.000337284425875574]],[[0.0020435968393270124,0.0021981024821980046,0.0014039252982900527,0.00098676273503643425,0.00075487666274277377,0.00064323404221827446],[0.0021981024821980046,0.0022462256692772566,0.0015352549555089302,0.0011080335494568733,0.0008691166361482728,0.00075487666274277377],[0.0014039252982900527,0.0015352549555089302,0.0012881866972021042,0.0010412412295102804,0.00085891139947434148,0.00074650431144490193],[0.00098676273503643425,0.0011080335494568733,0.0010412412295102804,0.00091006939279028685,0.000779012025811661,0.000671012092164593],[0.00075487666274277377,0.0008691166361482728,0.00085891139947434148,0.000779012025811661,0.00067627697914531947,0.00057364868515157009],[0.00064323404221827446,0.00075487666274277377,0.00074650431144490193,0.000671012092164593,0.00057364868515157009,0.00047638790643253997]],[[0.002264303987999395,0.0024051728441057811,0.0015971900344285918,0.001168039004710813,0.00092775682237631262,0.000813139257423123],[0.0024051728441057811,0.0024440740722110115,0.0017238818712078869,0.001288497294986711,0.0010438454403034305,0.00092775682237631262],[0.0015971900344285918,0.0017238818712078869,0.0014711117310854168,0.0012184628134378119,0.001031604813916506,0.0009169419471840326],[0.001168039004710813,0.001288497294986711,0.0012184628134378119,0.0010828738486456737,0.00094740072253686339,0.00083585330157246829],[0.00092775682237631262,0.0010438454403034305,0.001031604813916506,0.00094740072253686339,0.0008394978473246496,0.00073170559750986713],[0.000813139257423123,0.00092775682237631262,0.0009169419471840326,0.00083585330157246829,0.00073170559750986713,0.000627665685697083]],[[0.0024687954014734181,0.0026012514845761012,0.0017848215380727773,0.0013482297257970252,0.0011027371078281536,0.000986443334038359],[0.0026012514845761012,0.0026344330599783038,0.0019085247751349677,0.0014680566577375195,0.0012198551989225257,0.0011027371078281536],[0.0017848215380727773,0.0019085247751349677,0.0016521302153261737,0.0013958558648543571,0.0012061251660649035,0.0010900662736210533],[0.0013482297257970252,0.0014680566577375195,0.0013958558648543571,0.0012573480159232537,0.0011189568970340345,0.0010050587071511949],[0.0011027371078281536,0.0012198551989225257,0.0012061251660649035,0.0011189568970340345,0.0010075260244814814,0.00089620839140767093],[0.000986443334038359,0.0011027371078281536,0.0010900662736210533,0.0010050587071511949,0.00089620839140767093,0.00078746939329722189]],[[0.002663254827214189,0.0027904880590853393,0.0019688331528490885,0.00152760646054997,0.0012788838963481003,0.0011616541484089095],[0.0027904880590853393,0.0028200962188494405,0.0020906205514886166,0.0016469745202753068,0.0013965721803857996,0.0012788838963481003],[0.0019688331528490885,0.0020906205514886166,0.0018319190537661682,0.0015733371128868402,0.0013817823418316715,0.0012648562045926902],[0.00152760646054997,0.0016469745202753068,0.0015733371128868402,0.001432909214288403,0.0012925986258265924,0.0011771497450827589],[0.0012788838963481003,0.0013965721803857996,0.0013817823418316715,0.0012925986258265924,0.0011787857646547656,0.0010650878925840771],[0.0011616541484089095,0.0012788838963481003,0.0012648562045926902,0.0011771497450827589,0.0010650878925840771,0.00095313973795747462]],[[0.002851467553317292,0.0029754376125099985,0.0021505266014784034,0.0017064024484770822,0.0014556754778080779,0.0013379264244186551],[0.0029754376125099985,0.0030028006219114767,0.0022710879998283709,0.0018254486786862649,0.0015736781998755061,0.0014556754778080779],[0.0021505266014784034,0.0022710879998283709,0.0020109163337299779,0.001750863804524144,0.0015581494769237774,0.0014406826193620573],[0.0017064024484770822,0.0018254486786862649,0.001750863804524144,0.0016091774498618947,0.0014676087823494121,0.0013511408509651731],[0.0014556754778080779,0.0015736781998755061,0.0015581494769237774,0.0014676087823494121,0.0013522013795423695,0.0012369101290211914],[0.0013379264244186551,0.0014556754778080779,0.0014406826193620573,0.0013511408509651731,0.0012369101290211914,0.0011227946983277343]],[[0.0030357670643506442,0.0031576868881547692,0.0023307366476427891,0.0018847954117174788,0.0016328219417669229,0.0015147862377148877],[0.0031576868881547692,0.0031836328109876321,0.0024505133522090311,0.002003620522091834,0.0017509972868864805,0.0016328219417669229],[0.0023307366476427891,0.0024505133522090311,0.0021894039659600606,0.0019284134460186221,0.0017349612602555477,0.0016171562306106417],[0.0018847954117174788,0.002003620522091834,0.0019284134460186221,0.0017859047777835067,0.0016435140412027415,0.0015263786461821879],[0.0016328219417669229,0.0017509972868864805,0.0017349612602555477,0.0016435140412027415,0.0015270464654508814,0.0014106958110349304],[0.0015147862377148877,0.0016328219417669229,0.0016171562306106417,0.0015263786461821879,0.0014106958110349304,0.0012951293265420938]],[[0.0032176022531327404,0.0033382276168310208,0.0025099967087568375,0.0020629131655688355,0.0018101627262094751,0.001691969622948497],[0.0033382276168310208,0.0033632755723324121,0.0026292704557718803,0.0021815881481685754,0.0019284322412051677,0.0018101627262094751],[0.0025099967087568375,0.0026292704557718803,0.0023675628404561007,0.0021059739166115502,0.0019120519942605963,0.0017940350324020724],[0.0020629131655688355,0.0021815881481685754,0.0021059739166115502,0.0019629294346942593,0.0018200030424973918,0.0017024318234561641],[0.0018101627262094751,0.0019284322412051677,0.0019120519942605963,0.0018200030424973918,0.0017028345254947585,0.0015857834358803679],[0.001691969622948497,0.0018101627262094751,0.0017940350324020724,0.0017024318234561641,0.0015857834358803679,0.0014692520993941738]],[[0.0033978782822330286,0.0035176826818632974,0.0026886472110095238,0.0022408446619869462,0.0019876090423543661,0.0018693301445003303],[0.0035176826818632974,0.0035421595384960512,0.0028075977643208538,0.0023594183098510665,0.0021059293498734782,0.0019876090423543661],[0.0026886472110095238,0.0028075977643208538,0.0025455088433407676,0.0022835385002962054,0.0020893176941479737,0.0019711678590448858],[0.0022408446619869462,0.0023594183098510665,0.0022835385002962054,0.0021401459074368466,0.001996871505985195,0.0018790166274069756],[0.0019876090423543661,0.0021059293498734782,0.0020893176941479737,0.001996871505985195,0.0018792418070955731,0.0017617298671239472],[0.0018693301445003303,0.0019876090423543661,0.0019711678590448858,0.0018790166274069756,0.0017617298671239472,0.0016445606187808672]],[[0.003577163418997152,0.0036964447837958248,0.0028669053626677373,0.0024186505193998413,0.0021651117728702226,0.0020467867194109029],[0.0036964447837958248,0.0037205570771985186,0.0029856474233975129,0.0025371557965949846,0.0022834588506140461,0.0021651117728702226],[0.0028669053626677373,0.0029856474233975129,0.0027233161244095555,0.0024611033290153003,0.002266692779348121,0.0021484598274147319],[0.0024186505193998413,0.0025371557965949846,0.0024611033290153003,0.0023174853678169923,0.0021739856629271821,0.0020559468612465709],[0.0021651117728702226,0.0022834588506140461,0.002266692779348121,0.0021739856629271821,0.0020560539164908406,0.0019382401451809525],[0.0020467867194109029,0.0021651117728702226,0.0021484598274147319,0.0020559468612465709,0.0019382401451809525,0.0018206512428866433]],[[0.0037558157999492722,0.0038747622136355167,0.0030449097597913962,0.0025963714312924554,0.0023426436661278778,0.0022242944378339704],[0.0038747622136355167,0.0038986408085114545,0.0031635165149007652,0.0027148303168815311,0.0024610041456737553,0.0023426436661278778],[0.0030449097597913962,0.0031635165149007652,0.0029010320516140845,0.0026386660425865424,0.0024441356664368697,0.0023258510785102529],[0.0025963714312924554,0.0027148303168815311,0.0026386660425865424,0.0024949028835349243,0.0023512580216587392,0.0022331005732021663],[0.0023426436661278778,0.0024610041456737553,0.0024441356664368697,0.0023512580216587392,0.00223312940408402,0.0021151189018788949],[0.0022242944378339704,0.0023426436661278778,0.0023258510785102529,0.0022331005732021663,0.0021151189018788949,0.0019972552410578064]],[[0.0039340617861324569,0.0040527922724013848,0.0032227488217186663,0.0027740343825453963,0.0025201894942467338,0.0024018283454057487],[0.0040527922724013848,0.00407652026454129,0.00334126694731418,0.0028924613616254421,0.0026385558584457632,0.0025201894942467338],[0.0032227488217186663,0.00334126694731418,0.0030786868016506657,0.00281622507680903,0.0026216198208515685,0.0025033036363584387],[0.0027740343825453963,0.0028924613616254421,0.00281622507680903,0.002672369065493522,0.002528631376474804,0.0024103979768286543],[0.0025201894942467338,0.0026385558584457632,0.0026216198208515685,0.002528631376474804,0.0024103751895531863,0.0022922372083052484],[0.0024018283454057487,0.0025201894942467338,0.0025033036363584387,0.0024103979768286543,0.0022922372083052484,0.0021741945777630847]],[[0.0041120447323599483,0.00423063472182779,0.0034004789074826222,0.0029516570591189379,0.0026977406257604679,0.0025793744668737174],[0.00423063472182779,0.0042542649541370573,0.00351893812901266,0.003070061562244525,0.002816108562914582,0.0026977406257604679],[0.0034004789074826222,0.00351893812901266,0.0032562995065978507,0.00299377928160859,0.0027991281738773679,0.0026807932460498288],[0.0029516570591189379,0.003070061562244525,0.00299377928160859,0.0028498646190015151,0.0027060682934449691,0.0025877868807119156],[0.0026977406257604679,0.002816108562914582,0.0027991281738773679,0.0027060682934449691,0.0025877301131187612,0.0024695101959684735],[0.0025793744668737174,0.0026977406257604679,0.0026807932460498288,0.0025877868807119156,0.0024695101959684735,0.0023513517311422208]],[[0.0042898555121215626,0.0044083528238693043,0.0035781358638172526,0.0031292508991321547,0.0028752920374551997,0.0027569248515183381],[0.0044083528238693043,0.0044319189264931409,0.0036965550530908713,0.0032476389738466736,0.0029936589855468852,0.0028752920374551997],[0.0035781358638172526,0.0036965550530908713,0.0034338821937928963,0.0031713277147946482,0.0029766496247821328,0.00285830428154813],[0.0031292508991321547,0.0032476389738466736,0.0031713277147946482,0.0030273767937711617,0.0028835442176674032,0.0027652331079510671],[0.0028752920374551997,0.0029936589855468852,0.0029766496247821328,0.0028835442176674032,0.0027651539968369023,0.0026468820751258814],[0.0027569248515183381,0.0028752920374551997,0.00285830428154813,0.0027652331079510671,0.0026468820751258814,0.0025286493142224454]],[[0.00446755171085764,0.0045859866228740156,0.0037557423937150921,0.0033068231697035363,0.0030528406709167391,0.0029344748435676236],[0.0045859866228740156,0.0046095099950935062,0.003874133461734988,0.0034251986107456753,0.0031712050173016244,0.0030528406709167391],[0.0037557423937150921,0.003874133461734988,0.0036114423124013425,0.0033488695300797726,0.0031541768410356932,0.0030358265555209276],[0.0033068231697035363,0.0034251986107456753,0.0033488695300797726,0.0032048970737826215,0.0030610429656405948,0.0029427142151954612],[0.0030528406709167391,0.0031712050173016244,0.0031541768410356932,0.0030610429656405948,0.0029426204075247934,0.0028243161702662034],[0.0029344748435676236,0.0030528406709167391,0.0030358265555209276,0.0029427142151954612,0.0028243161702662034,0.0027060364295741842]],[[0.0046451697400081158,0.0047635613566977889,0.003933312763740664,0.0034843783645999117,0.0032303845292756786,0.0031120215803045414],[0.0047635613566977889,0.004787055594969042,0.0040516831491949918,0.0036027434708070364,0.003348745170937412,0.0032303845292756786],[0.003933312763740664,0.0040516831491949918,0.0037889843545913589,0.0035264039159768256,0.0033317048701369156,0.0032133533131770559],[0.0034843783645999117,0.0036027434708070364,0.0035264039159768256,0.003382419675574449,0.0032385537833788361,0.003120215384921379],[0.0032303845292756786,0.003348745170937412,0.0033317048701369156,0.0032385537833788361,0.0031201118885056,0.0030017883268160369],[0.0031120215803045414,0.0032303845292756786,0.0032133533131770559,0.003120215384921379,0.0030017883268160369,0.0028834795922723722]],[[0.0048227325072159712,0.0049410927971805371,0.0041108558147801106,0.0036619191369502381,0.0034079221809438505,0.0032895631663507232],[0.0049410927971805371,0.0049645665102898244,0.0042292100766053164,0.0037802752145057812,0.0035262782829001316,0.0034079221809438505],[0.0041108558147801106,0.0042292100766053164,0.0039665108963149844,0.0037039300622334634,0.0035092302608714624,0.0033908799663276085],[0.0036619191369502381,0.0037802752145057812,0.0037039300622334634,0.0035599405729113795,0.0034160694295941639,0.003297726744425813],[0.0034079221809438505,0.0035262782829001316,0.0035092302608714624,0.0034160694295941639,0.0032976168285135756,0.0031792825666491042],[0.0032895631663507232,0.0034079221809438505,0.0033908799663276085,0.003297726744425813,0.0031792825666491042,0.003060956723134316]],[[0.00500025428579689,0.0051185906484885408,0.00428837688973209,0.0038394469176710171,0.0035854524869331638,0.0034670982198783036],[0.0051185906484885408,0.0051420492509809974,0.004406717727299234,0.0039577946127901829,0.0037038033494482957,0.0035854524869331638],[0.00428837688973209,0.004406717727299234,0.0041440232657338908,0.0038814471411720008,0.0036867505054424166,0.003568403292030032],[0.0038394469176710171,0.0039577946127901829,0.0038814471411720008,0.0037374568637380573,0.0035935849284464637,0.0034752416189012163],[0.0035854524869331638,0.0037038033494482957,0.0036867505054424166,0.0035935849284464637,0.0034751274112509445,0.003356788235030197],[0.0034670982198783036,0.0035854524869331638,0.003568403292030032,0.0034752416189012163,0.003356788235030197,0.0032384531903354172]],[[0.0051777438130406984,0.0052960607135584129,0.0044658790688317952,0.004016962323357927,0.0037629744508993132,0.0036446256231899327],[0.0052960607135584129,0.0053195075702226419,0.00458420797596447,0.0041353018411651793,0.003881319436391523,0.0037629744508993132],[0.0044658790688317952,0.00458420797596447,0.0043215219725516434,0.0040589542970715957,0.0038642636843249033,0.0037459209238304993],[0.004016962323357927,0.0041353018411651793,0.0040589542970715957,0.0039149663594452155,0.0037710967588121067,0.0036527553946644207],[0.0037629744508993132,0.003881319436391523,0.0038642636843249033,0.0037710967588121067,0.00365263827557881,0.0035342981321092744],[0.0036446256231899327,0.0037629744508993132,0.0037459209238304993,0.0036527553946644207,0.0035342981321092744,0.0034159592096975949]],[[0.0053552062651711571,0.0054735062772032252,0.0046433639617794176,0.004194465424095367,0.0039404871364842773,0.0038221443854892243],[0.0054735062772032252,0.0054969434344456858,0.0047616816462219339,0.0043127966720024336,0.0040588256291467732,0.0039404871364842773],[0.0046433639617794176,0.0047616816462219339,0.0044990069836869572,0.0042364506398545436,0.0040417682395351663,0.0039234310278486164],[0.004194465424095367,0.0043127966720024336,0.0042364506398545436,0.0040924673183665465,0.0039486023276682275,0.003830264780175687],[0.0039404871364842773,0.0040588256291467732,0.0040417682395351663,0.0039486023276682275,0.0038301456415723903,0.0037118072918970145],[0.0038221443854892243,0.0039404871364842773,0.0039234310278486164,0.003830264780175687,0.0037118072918970145,0.0035934681419680222]],[[0.0055326445180479715,0.0056509289900338912,0.004820832215821168,0.0043719559185371789,0.004117989621513855,0.0039996535671737244],[0.0056509289900338912,0.0056743576437541512,0.004939138868287913,0.0044902785997559215,0.0042363210048333415,0.004117989621513855],[0.004820832215821168,0.004939138868287913,0.0046764779001072093,0.0044139352410386664,0.004219262829421238,0.0041009320959373881],[0.0043719559185371789,0.0044902785997559215,0.0044139352410386664,0.004269958272750651,0.0041260996281339713,0.0040077673259687821],[0.004117989621513855,0.0042363210048333415,0.004219262829421238,0.0041260996281339713,0.0040076467411901528,0.003889312185724675],[0.0039996535671737244,0.004117989621513855,0.0041009320959373881,0.0040077673259687821,0.003889312185724675,0.0037709753800360241]],[[0.0057100599527252389,0.0058283294336657415,0.0049982838415736754,0.0045494332478424014,0.0042954809723355263,0.004177152237815702],[0.0058283294336657415,0.0058517502287748933,0.0051165793082258871,0.0046677469220726461,0.0044138046163745576,0.0042954809723355263],[0.0049982838415736754,0.0051165793082258871,0.0048539340700244011,0.0045914071308436584,0.0043967462352949155,0.0042784228131563708],[0.0045494332478424014,0.0046677469220726461,0.0045914071308436584,0.0044474379162487993,0.004303587017371888,0.0041852611128545183],[0.0042954809723355263,0.0044138046163745576,0.0043967462352949155,0.004303587017371888,0.0041851394476838423,0.0040668102032688893],[0.004177152237815702,0.0042954809723355263,0.0042784228131563708,0.0041852611128545183,0.0040668102032688893,0.0039484776229276528]],[[0.005887452970424388,0.0060057074820939983,0.0051757184217769729,0.004726896669408326,0.0044729602291216719,0.0043546394525459768],[0.0060057074820939983,0.00602912070430479,0.0052940023146314,0.0048452007919692818,0.0045912754831015741,0.0044729602291216719],[0.0051757184217769729,0.0052940023146314,0.0050313746610753914,0.0047688652958448813,0.0045742173010700988,0.0044559019724944313],[0.004726896669408326,0.0048452007919692818,0.0047688652958448813,0.0046249050305353654,0.0044810630721957784,0.0043627445493466463],[0.0044729602291216719,0.0045912754831015741,0.0045742173010700988,0.0044810630721957784,0.0043626220344279154,0.0042442993146717418],[0.0043546394525459768,0.0044729602291216719,0.0044559019724944313,0.0043627445493466463,0.0042442993146717418,0.0041259724027165896]],[[0.0060648233216653259,0.0061830625325082385,0.005353135244766374,0.0049043453042227963,0.0046504263971050069,0.0045321142384517517],[0.0061830625325082385,0.0062064682311020972,0.0054714070121682406,0.0050226392510488629,0.0047687325848406754,0.0046504263971050069],[0.005353135244766374,0.0054714070121682406,0.00520879870603239,0.0049463086768440929,0.0047516748939277695,0.0046333684196692331],[0.0049043453042227963,0.0050226392510488629,0.0049463086768440929,0.004802358437198736,0.0046585264949952319,0.0045402162398940418],[0.0046504263971050069,0.0047687325848406754,0.0047516748939277695,0.0046585264949952319,0.0045400930178831709,0.0044217778505883324],[0.0045321142384517517,0.0046504263971050069,0.0046333684196692331,0.0045402162398940418,0.0044217778505883324,0.0043034577764498923]],[[0.0062421703163576588,0.0063603936523564924,0.0055305333894805891,0.0050817781669220069,0.0048278784409839194,0.0047095755863839532],[0.0063603936523564924,0.0063837917186741512,0.0056487923608493206,0.0052000612502939676,0.0049461748578275306,0.0048278784409839194],[0.0055305333894805891,0.0056487923608493206,0.0053862051314011563,0.0051237361667758729,0.004929117878370904,0.0048108210170794584],[0.0050817781669220069,0.0052000612502939676,0.0051237361667758729,0.0049797969659206793,0.0048359760521965627,0.0047176748989554767],[0.0048278784409839194,0.0049461748578275306,0.004929117878370904,0.0048359760521965627,0.0047175510551659989,0.0045992443588934329],[0.0047095755863839532,0.0048278784409839194,0.0048108210170794584,0.0047176748989554767,0.0045992443588934329,0.0044809321255276351]],[[0.00641949295752669,0.0065376996726053474,0.00570791177922758,0.0052591941845110428,0.0050053152809839373,0.0048870224456486781],[0.0065376996726053474,0.0065610898901039966,0.00582615719320372,0.0053774656627100506,0.0051236011915409517,0.0050053152809839373],[0.00570791177922758,0.00582615719320372,0.0055635927749291174,0.0053011466085508942,0.0051065450987939996,0.0049882586199485436],[0.0052591941845110428,0.0053774656627100506,0.0053011466085508942,0.0051572194331283251,0.0050134105337290551,0.0048951192947130576],[0.0050053152809839373,0.0051236011915409517,0.0051065450987939996,0.0050134105337290551,0.00489499487700077,0.004776697511138836],[0.0048870224456486781,0.0050053152809839373,0.0049882586199485436,0.0048951192947130576,0.004776697511138836,0.0046583940249305148]],[[0.0065967900259736572,0.0067149792463781222,0.0058852692152755971,0.0054365922076402484,0.0051827357897445137,0.0050644537201982743],[0.0067149792463781222,0.0067383613224081765,0.00600350023713649,0.0055548512906057855,0.0053010104259575445,0.0051827357897445137],[0.0058852692152755971,0.00600350023713649,0.0057409603958995985,0.00547853879278072,0.0052839553674481491,0.0051656800602138042],[0.0054365922076402484,0.0055548512906057855,0.00547853879278072,0.0053346246273535134,0.0051908287260224008,0.0050725482119148482],[0.0051827357897445137,0.0053010104259575445,0.0052839553674481491,0.0051908287260224008,0.0050724232435568548,0.0049541360412421161],[0.0050644537201982743,0.0051827357897445137,0.0051656800602138042,0.0050725482119148482,0.0049541360412421161,0.0048358421577717192]],[[0.00677406013335597,0.0068922308852663533,0.0060626043973841552,0.0056139710169765163,0.00536013878957415,0.0052418682655606804],[0.0068922308852663533,0.0069156044710804885,0.0061808201295008736,0.00573221686932354,0.0054784013489523505,0.00536013878957415],[0.0060626043973841552,0.0061808201295008736,0.0059183066807061329,0.0056559114553516891,0.005461347455802958,0.00534308413531745],[0.0056139710169765163,0.00573221686932354,0.0056559114553516891,0.0055120112988614328,0.00536822939369234,0.0052499604270326988],[0.00536013878957415,0.0054784013489523505,0.005461347455802958,0.00536822939369234,0.0052498349150520048,0.0051315587050156115],[0.0052418682655606804,0.00536013878957415,0.00534308413531745,0.0052499604270326988,0.0051315587050156115,0.0050132752592085585]],[[0.0069513017548934013,0.0070694529812030211,0.0062399159358496794,0.0057913293263214876,0.0055375230498224378,0.0054192648860895655],[0.0070694529812030211,0.0070928176843772107,0.0063581154236111758,0.0059095610685972284,0.0056557726936933492,0.0055375230498224378],[0.0062399159358496794,0.0063581154236111758,0.0060956302453113878,0.0058332632748281819,0.0056387200880225292,0.0055204696000767115],[0.0057913293263214876,0.0059095610685972284,0.0058332632748281819,0.0056893781519706853,0.0055456112667789112,0.0054273546913227522],[0.0055375230498224378,0.0056557726936933492,0.0056387200880225292,0.0055456112667789112,0.0054272286318546494,0.0053089642531377662],[0.0054192648860895655,0.0055375230498224378,0.0055204696000767115,0.0054273546913227522,0.0053089642531377662,0.0051906920793314774]],[[0.007128513248890263,0.0072466438189580122,0.0064172023580070185,0.0059686657835474133,0.0057148872842291342,0.0055966423323044572],[0.0072466438189580122,0.0072699992109080029,0.0065353845927705245,0.0060868824922987686,0.0058331231359437371,0.0057148872842291342],[0.0064172023580070185,0.0065353845927705245,0.006272929635620669,0.00601059286967076,0.0058160719357298277,0.0056978351604635149],[0.0059686657835474133,0.0060868824922987686,0.00601059286967076,0.0058667238390412539,0.0057229730315051294,0.0056047297189285123],[0.0057148872842291342,0.0058331231359437371,0.0058160719357298277,0.0057229730315051294,0.0056046031006669128,0.0054863514127637195],[0.0055966423323044572,0.0057148872842291342,0.0056978351604635149,0.0056047297189285123,0.0054863514127637195,0.0053680913582868622]],[[0.0073056928676846341,0.0074238015825032026,0.0065944621110768688,0.0061459789700458551,0.0058922301481708315,0.005773999298192274],[0.0074238015825032026,0.0074471472028191524,0.0067126260311457381,0.006264179677064715,0.006010451291221873,0.0058922301481708315],[0.0065944621110768688,0.0067126260311457381,0.0064502033264306584,0.0061878987952579687,0.0059934016135262478,0.0058751794685390595],[0.0061459789700458551,0.006264179677064715,0.0061878987952579687,0.0060440469554664915,0.0059003133232396546,0.0057820841781742547],[0.0058922301481708315,0.006010451291221873,0.0059934016135262478,0.0059003133232396546,0.0057819569845725793,0.0056637188746605817],[0.005773999298192274,0.0058922301481708315,0.0058751794685390595,0.0057820841781742547,0.0056637188746605817,0.0055454718092568245]],[[0.007482838762981542,0.007600924357326469,0.0067716935625705384,0.0063232673991328887,0.0060695502357572288,0.0059513344183955213],[0.007600924357326469,0.0076242597160311263,0.006889838052840663,0.0064414510901158279,0.0061877557117864428,0.0060695502357572288],[0.0067716935625705384,0.006889838052840663,0.0066274497193731553,0.0063651795406999313,0.0061707076749199317,0.0060525011180570651],[0.0063232673991328887,0.0064414510901158279,0.0063651795406999313,0.0062213460352356234,0.00607763072080847,0.0059594166848478316],[0.0060695502357572288,0.0061877557117864428,0.0061707076749199317,0.00607763072080847,0.0059592888955115808,0.0058410652838459991],[0.0059513344183955213,0.0060695502357572288,0.0060525011180570651,0.0059594166848478316,0.0058410652838459991,0.0057228321064558578]],[[0.007659948987464864,0.0077780101300265617,0.0069488949990277925,0.0065005295136972181,0.0062468460767480813,0.0061286462652447027],[0.0077780101300265617,0.007801334708464976,0.0070670188897120215,0.0066186951264692118,0.0063650348834257747,0.0062468460767480813],[0.0069488949990277925,0.0070670188897120215,0.0068046671401205371,0.0065424335254329674,0.0063479886084367217,0.0062297986404190649],[0.0065005295136972181,0.0066186951264692118,0.0065424335254329674,0.0063986195467833169,0.0062549237415995421,0.0061367257966923492],[0.0062468460767480813,0.0063650348834257747,0.0063479886084367217,0.0062549237415995421,0.0061365973882472127,0.0060183892324186935],[0.0061286462652447027,0.0062468460767480813,0.0062297986404190649,0.0061367257966923492,0.0060183892324186935,0.0059001708763008823]],[[0.0078370214938984929,0.00795505678603519,0.0071260646235809227,0.006677763683269838,0.0064241161332689589,0.0063059333456050252],[0.00795505678603519,0.00797837003684847,0.0072441666882704769,0.0067959101056657076,0.0065422872220333396,0.0064241161332689589],[0.0071260646235809227,0.0072441666882704769,0.0069818538350178063,0.006719659095582301,0.0065252428337629446,0.0064070705007733637],[0.006677763683269838,0.0067959101056657076,0.006719659095582301,0.0065758658889380345,0.0064321908370968068,0.0063140100085994459],[0.0064241161332689589,0.0065422872220333396,0.0065252428337629446,0.0064321908370968068,0.006313880955218041,0.0061956892537287159],[0.0063059333456050252,0.0064241161332689589,0.0064070705007733637,0.0063140100085994459,0.0061956892537287159,0.0060774866905594924]],[[0.0080140541324852359,0.0081320621060017358,0.0073032005526556141,0.0068549682006263822,0.0066013587963079491,0.0064831940975166305],[0.0081320621060017358,0.0081553634524725131,0.0074212795058802928,0.0069730942680861019,0.0067195110699533305,0.0066013587963079491],[0.0073032005526556141,0.0074212795058802928,0.0071590079672409473,0.0068968545200788229,0.0067024686978177962,0.0065843150941194339],[0.0068549682006263822,0.0069730942680861019,0.0068968545200788229,0.0067530833868417305,0.006609430388602784,0.0064912677481697226],[0.0066013587963079491,0.0067195110699533305,0.0067024686978177962,0.006609430388602784,0.00649113802187599,0.0063729638173312493],[0.0064831940975166305,0.0066013587963079491,0.0065843150941194339,0.0064912677481697226,0.0063729638173312493,0.0062547780606973654]],[[0.008191044646969901,0.0083090237611749586,0.0074803008119999756,0.0070321412779869108,0.0067785723819780994,0.0066604268866114688],[0.0083090237611749586,0.0083323125961254386,0.0075983553063864737,0.0071502457708968936,0.0068967046920810123,0.0067785723819780994],[0.0074803008119999756,0.0075983553063864737,0.0073361276125382862,0.00707401798651438,0.0068796644706837738,0.0067615307413226525],[0.0070321412779869108,0.0071502457708968936,0.00707401798651438,0.0069302702877531422,0.0067866407029897368,0.00666849737142128],[0.0067785723819780994,0.0068967046920810123,0.0068796644706837738,0.0067866407029897368,0.0066683669422486847,0.0065502113243601952],[0.0066604268866114688,0.0067785723819780994,0.0067615307413226525,0.00666849737142128,0.0065502113243601952,0.0064320434329169177]],[[0.0083679906697856615,0.0084859393079831941,0.0076573633321582318,0.0072092810428478378,0.0069557551275280351,0.0068376300022900431],[0.0084859393079831941,0.0085092149923382491,0.007775391955243083,0.007327362683643931,0.0070738662717004068,0.0069557551275280351],[0.0076573633321582318,0.007775391955243083,0.0075132107545828469,0.00725114759671795,0.0070568283413421284,0.0069387156849725646],[0.0072092810428478378,0.007327362683643931,0.00725114759671795,0.0071074247566706205,0.0069638200083690449,0.0068456971584978238],[0.0069557551275280351,0.0070738662717004068,0.0070568283413421284,0.0069638200083690449,0.006845565994550367,0.0067274301030806512],[0.0068376300022900431,0.0069557551275280351,0.0069387156849725646,0.0068456971584978238,0.0067274301030806512,0.0066092811835548552]],[[0.0085448897164259446,0.0086628061819309446,0.0078343859434513337,0.0073863855334607232,0.00713290518708454,0.0070148016536407069],[0.0086628061819309446,0.0086860680430132734,0.0079523872141790321,0.0075044429834972793,0.007250993906041535,0.00713290518708454],[0.0078343859434513337,0.0079523872141790321,0.0076902552799439751,0.0074282413620328086,0.0072339584131715122,0.0071158680850337977],[0.0073863855334607232,0.0075044429834972793,0.0074282413620328086,0.00728454487172527,0.0071409664496001352,0.0070228653092729949],[0.00713290518708454,0.007250993906041535,0.0072339584131715122,0.0071409664496001352,0.0070227333767212555,0.0069046184044585868],[0.0070148016536407069,0.00713290518708454,0.0071158680850337977,0.0070228653092729949,0.0069046184044585868,0.0067864896146163948]],[[0.0087217391791444034,0.0088396216908712879,0.00801136637049611,0.0075634526939590092,0.0073100206271071938,0.0071919399650844556],[0.0088396216908712879,0.00886286902046675,0.0081293387354135754,0.0076814845501401181,0.00742808560153681,0.0073100206271071938],[0.00801136637049611,0.0081293387354135754,0.0078672589726734386,0.0076052971982730018,0.0074110526991748409,0.007292986014249765],[0.0075634526939590092,0.0076814845501401181,0.0076052971982730018,0.0074616286193045283,0.0073180780835809854,0.0071999999387788328],[0.0073100206271071938,0.00742808560153681,0.0074110526991748409,0.0073180780835809854,0.007199867201810338,0.0070817743976358252],[0.0071919399650844556,0.0073100206271071938,0.007292986014249765,0.0071999999387788328,0.0070817743976358252,0.0069636669492970111]],[[0.00889853632003055,0.0090163830076753736,0.0081883022262689009,0.00774048036912088,0.0074870994215349177,0.0073690429717244666],[0.0090163830076753736,0.00903961505988698,0.0083062440554149252,0.00785848516028515,0.0076051392687541712,0.0074870994215349177],[0.0081883022262689009,0.0083062440554149252,0.0080442195084901563,0.0077823129203338981,0.0075881091169020011,0.0074700674532643908],[0.00774048036912088,0.00785848516028515,0.0077823129203338981,0.0076386738888700465,0.0074951528742731059,0.0073770990724016374],[0.0074870994215349177,0.0076051392687541712,0.0075881091169020011,0.0074951528742731059,0.00737696549313846,0.0072588961652310527],[0.0073690429717244666,0.0074870994215349177,0.0074700674532643908,0.0073770990724016374,0.0072588961652310527,0.0071408113273884067]],[[0.009075278263480183,0.0091930871622965486,0.0083651910057050884,0.0079174662987530654,0.00766413944660014,0.0075461086143794867],[0.0091930871622965486,0.0092163031511918476,0.0084831005881845969,0.0080354424817973748,0.0077821527169818451,0.00766413944660014],[0.0083651910057050884,0.0084831005881845969,0.0082211344485413011,0.007959286236429771,0.007765125483037206,0.0076471102854293723],[0.0079174662987530654,0.0080354424817973748,0.007959286236429771,0.00781567846743627,0.0076721886874209005,0.0075541606408000665],[0.00766413944660014,0.0077821527169818451,0.007765125483037206,0.0076721886874209005,0.0075540261791912826,0.0074359816984062013],[0.0075461086143794867,0.00766413944660014,0.0076471102854293723,0.0075541606408000665,0.0074359816984062013,0.0073179208004931773]],[[0.009251961988046899,0.0093697310332025441,0.0085420300788131634,0.0080944081116699953,0.0078411384752855012,0.0077231347342762687],[0.0093697310332025441,0.00939293013025068,0.0086599056180382862,0.0082123540673947875,0.0079591236484370491,0.0078411384752855012],[0.0085420300788131634,0.0086599056180382862,0.0083980012327096749,0.0081362147419273487,0.00794209950761929,0.0078241122912658424],[0.0080944081116699953,0.0082123540673947875,0.0081362147419273487,0.0079926400336757224,0.0078491832849283977,0.0077311824745058709],[0.0078411384752855012,0.0079591236484370491,0.00794209950761929,0.0078491832849283977,0.00773104708819945,0.0076130288916498052],[0.0077231347342762687,0.0078411384752855012,0.0078241122912658424,0.0077311824745058709,0.0076130288916498052,0.0074949933269902675]],[[0.0094285843176485726,0.0095463113381398321,0.0087188166832727187,0.0082713033192397152,0.0080180941713935069,0.0079001190673741364],[0.0095463113381398321,0.0095694926694268722,0.00883665629184742,0.0083892173478946914,0.0081360496520675018,0.0080180941713935069],[0.0087188166832727187,0.00883665629184742,0.0085748171724324435,0.0083130959127413941,0.0081190287878614032,0.00800107114254746],[0.0082713033192397152,0.0083892173478946914,0.0083130959127413941,0.0081695561516159591,0.0080261343188573284,0.0079081622981706633],[0.0080180941713935069,0.0081360496520675018,0.0081190287878614032,0.0080261343188573284,0.0079080259423669249,0.0077900355372353706],[0.0079001190673741364,0.0080180941713935069,0.00800107114254746,0.0079081622981706633,0.0077900355372353706,0.0076720267667052125]],[[0.00960514191208682,0.0097228246241768609,0.0088955479164760619,0.0084481493084622439,0.0081950040831972742,0.0080770592382918161],[0.0097228246241768609,0.0097459872673831428,0.0090133496106962,0.0085660296249673133,0.00831292819691097,0.0081950040831972742],[0.0088955479164760619,0.0090133496106962,0.0087515794429892709,0.008489927098253568,0.0082959108015336729,0.0081779843959704761],[0.0084481493084622439,0.0085660296249673133,0.008489927098253568,0.0083464242638899254,0.0082030393250086264,0.00808509772442056],[0.0081950040831972742,0.00831292819691097,0.0082959108015336729,0.0082030393250086264,0.0080849603517087754,0.0079669993193151652],[0.0080770592382918161,0.0081950040831972742,0.0081779843959704761,0.00808509772442056,0.0079669993193151652,0.0078490188752421766]],[[0.0097816312568239534,0.0098992672569666786,0.0090722207269696067,0.0086249433345408789,0.0083718656366358109,0.0082539527538025778],[0.0098992672569666786,0.00992241023808502,0.0091899824209044027,0.0087427880633543648,0.0084897566249744032,0.0083718656366358109],[0.0090722207269696067,0.0091899824209044027,0.0089282850752140479,0.0086667055137126785,0.0084727428998698211,0.0083548494863739317],[0.0086249433345408789,0.0087427880633543648,0.0086667055137126785,0.0085232416844993851,0.0083798957160487412,0.0082619862472821329],[0.0083718656366358109,0.0084897566249744032,0.0084727428998698211,0.0083798957160487412,0.0082618478074597424,0.0081439178076107149],[0.0082539527538025778,0.0083718656366358109,0.0083548494863739317,0.0082619862472821329,0.0081439178076107149,0.0080259672979392238]],[[0.0099580486519533218,0.010075635409154857,0.0092488319052382983,0.0088016825128995578,0.0085486761280139552,0.008430796995859885],[0.010075635409154857,0.01009875769892404,0.0093665514043551855,0.0089194896825024721,0.0086665321435889318,0.0085486761280139552],[0.0092488319052382983,0.0093665514043551855,0.00910493094657539,0.0088434282320674247,0.0086495222999531437,0.00853166371946768],[0.0088016825128995578,0.0089194896825024721,0.0088434282320674247,0.008700005591045161,0.0085567007741369546,0.008438825235137613],[0.0085486761280139552,0.0086665321435889318,0.0086495222999531437,0.0085567007741369546,0.0084386856750114578,0.008320788