{"M_cells":[[[0,0,0,0,0],[0,0,0,0,0],[0,0,0,0,0],[0,0,0,0,0],[0,0,0,0,0]],[[3.0841648879811761E-6,7.4913060301438235E-6,8.79893578275404E-6,7.4913060301438235E-6,3.0841648879811761E-6],[7.4913060301438235E-6,1.5440418113507814E-5,1.7860643454984463E-5,1.5440418113507814E-5,7.4913060301438235E-6],[8.79893578275404E-6,1.7860643454984463E-5,2.065171030110204E-5,1.7860643454984463E-5,8.79893578275404E-6],[7.4913060301438235E-6,1.5440418113507814E-5,1.7860643454984463E-5,1.5440418113507814E-5,7.4913060301438235E-6],[3.0841648879811761E-6,7.4913060301438235E-6,8.79893578275404E-6,7.4913060301438235E-6,3.0841648879811757E-6]],[[1.7157469146806319E-5,2.8487546641939762E-5,3.2004839513385005E-5,2.8487546641939762E-5,1.7157469146806319E-5],[2.8487546641939762E-5,4.3672526225573883E-5,4.848130536043982E-5,4.3672526225573883E-5,2.8487546641939762E-5],[3.2004839513385005E-5,4.848130536043982E-5,5.3720576069881353E-5,4.848130536043982E-5,3.2004839513385005E-5],[2.8487546641939762E-5,4.3672526225573883E-5,4.848130536043982E-5,4.3672526225573883E-5,2.8487546641939762E-5],[1.7157469146806319E-5,2.8487546641939762E-5,3.2004839513385005E-5,2.8487546641939762E-5,1.7157469146806319E-5]],[[4.3986232002248171E-5,6.2469750684765639E-5,6.8343808709976474E-5,6.2469750684765639E-5,4.3986232002248171E-5],[6.2469750684765639E-5,8.4776395782822371E-5,9.1969024161698453E-5,8.4776395782822371E-5,6.2469750684765639E-5],[6.8343808709976474E-5,9.1969024161698453E-5,9.960117549323012E-5,9.1969024161698453E-5,6.8343808709976474E-5],[6.2469750684765639E-5,8.4776395782822371E-5,9.1969024161698453E-5,8.4776395782822371E-5,6.2469750684765639E-5],[4.3986232002248171E-5,6.2469750684765639E-5,6.8343808709976474E-5,6.2469750684765639E-5,4.3986232002248171E-5]],[[8.3693308408821417E-5,0.00010932590008927482,0.00011757690939818068,0.00010932590008927482,8.3693308408821417E-5],[0.00010932590008927482,0.00013872376965475642,0.00014829554428192056,0.00013872376965475642,0.00010932590008927482],[0.00011757690939818068,0.00014829554428192056,0.00015830757421657522,0.00014829554428192056,0.00011757690939818068],[0.00010932590008927482,0.00013872376965475642,0.00014829554428192056,0.00013872376965475642,0.0001093259000892748],[8.3693308408821417E-5,0.00010932590008927482,0.00011757690939818068,0.0001093259000892748,8.3693308408821417E-5]],[[0.00013623566034870642,0.00016896097160072263,0.00017957710212217966,0.00016896097160072263,0.00013623566034870642],[0.00016896097160072263,0.00020532172122185517,0.00021723526756096555,0.00020532172122185511,0.00016896097160072263],[0.00017957710212217966,0.00021723526756096555,0.00022958129001455008,0.00021723526756096555,0.00017957710212217966],[0.00016896097160072263,0.00020532172122185511,0.00021723526756096555,0.00020532172122185511,0.00016896097160072263],[0.00013623566034870642,0.00016896097160072263,0.00017957710212217966,0.00016896097160072263,0.00013623566034870642]],[[0.00020115302313327235,0.00024025312266101294,0.0002530241230144488,0.00024025312266101294,0.00020115302313327235],[0.00024025312266101294,0.00028182588794542821,0.00029556248879218628,0.00028182588794542821,0.00024025312266101294],[0.0002530241230144488,0.00029556248879218628,0.00030962101421129658,0.00029556248879218628,0.0002530241230144488],[0.00024025312266101294,0.00028182588794542821,0.00029556248879218628,0.00028182588794542821,0.00024025312266101294],[0.00020115302313327235,0.00024025312266101294,0.0002530241230144488,0.00024025312266101294,0.00020115302313327235]],[[0.00027272355556957521,0.00031025610808719091,0.00032282550601376274,0.00031025610808719091,0.00027272355556957521],[0.00031025610808719091,0.00034058427100767437,0.00035119805204242597,0.00034058427100767437,0.00031025610808719091],[0.00032282550601376274,0.00035119805204242597,0.00036116028993619437,0.00035119805204242597,0.00032282550601376274],[0.00031025610808719091,0.00034058427100767437,0.00035119805204242597,0.00034058427100767437,0.00031025610808719091],[0.00027272355556957521,0.00031025610808719091,0.00032282550601376274,0.00031025610808719091,0.00027272355556957521]],[[0.00031970244148474221,0.0003323782470283749,0.0003374409973180027,0.0003323782470283749,0.00031970244148474221],[0.0003323782470283749,0.00033385466664063719,0.00033517868929244733,0.00033385466664063719,0.0003323782470283749],[0.0003374409973180027,0.00033517868929244733,0.00033525616130146516,0.00033517868929244733,0.0003374409973180027],[0.0003323782470283749,0.00033385466664063719,0.00033517868929244733,0.00033385466664063719,0.0003323782470283749],[0.00031970244148474221,0.0003323782470283749,0.0003374409973180027,0.0003323782470283749,0.00031970244148474221]],[[0.00033121888821215664,0.00033391035484333319,0.00033526063591269033,0.00033391035484333319,0.00033121888821215664],[0.00033391035484333319,0.00033435777472350906,0.00033472563948287216,0.00033435777472350906,0.00033391035484333319],[0.00033526063591269033,0.00033472563948287216,0.00033476595119305769,0.00033472563948287216,0.00033526063591269033],[0.00033391035484333319,0.00033435777472350906,0.00033472563948287216,0.00033435777472350906,0.00033391035484333319],[0.00033121888821215664,0.00033391035484333319,0.00033526063591269033,0.00033391035484333319,0.00033121888821215664]],[[0.0003337678593384988,0.00033441676926856484,0.00033479077325302559,0.00033441676926856484,0.0003337678593384988],[0.00033441676926856484,0.00033458795352972308,0.00033470282748261003,0.00033458795352972308,0.00033441676926856484],[0.00033479077325302559,0.00033470282748261003,0.00033473130355015154,0.00033470282748261003,0.00033479077325302559],[0.00033441676926856484,0.00033458795352972308,0.00033470282748261003,0.00033458795352972308,0.00033441676926856484],[0.0003337678593384988,0.00033441676926856484,0.00033479077325302559,0.00033441676926856484,0.0003337678593384988]],[[0.0003344381949905524,0.00033464002463012621,0.00033475535249303704,0.00033464002463012621,0.0003344381949905524],[0.00033464002463012621,0.00033473135183780358,0.00033477736179106387,0.00033473135183780358,0.00033464002463012621],[0.00033475535249303704,0.00033477736179106387,0.00033480026019354863,0.00033477736179106387,0.00033475535249303704],[0.00033464002463012621,0.00033473135183780358,0.00033477736179106387,0.00033473135183780358,0.00033464002463012621],[0.0003344381949905524,0.00033464002463012621,0.00033475535249303704,0.00033464002463012621,0.0003344381949905524]],[[0.00033468357198227123,0.00033477799356571963,0.00033482338199566697,0.00033477799356571963,0.00033468357198227123],[0.00033477799356571963,0.00033484354020924483,0.00033486978014918647,0.00033484354020924483,0.00033477799356571963],[0.00033482338199566697,0.00033486978014918647,0.00033488963577260118,0.00033486978014918647,0.00033482338199566697],[0.00033477799356571963,0.00033484354020924483,0.00033486978014918647,0.00033484354020924483,0.00033477799356571963],[0.00033468357198227123,0.00033477799356571963,0.00033482338199566697,0.00033477799356571963,0.00033468357198227123]],[[0.00033482173691616336,0.00033488656591876774,0.00033491218092079823,0.00033488656591876774,0.00033482173691616336],[0.00033488656591876774,0.00033494228857603803,0.0003349622425714678,0.00033494228857603803,0.00033488656591876774],[0.00033491218092079823,0.0003349622425714678,0.00033498030915808647,0.0003349622425714678,0.00033491218092079823],[0.00033488656591876774,0.00033494228857603803,0.0003349622425714678,0.00033494228857603803,0.00033488656591876774],[0.00033482173691616336,0.00033488656591876774,0.00033491218092079823,0.00033488656591876774,0.00033482173691616336]],[[0.00033492806482777321,0.0003349829471705082,0.00033500244132928246,0.0003349829471705082,0.00033492806482777321],[0.0003349829471705082,0.00033503411858639695,0.00033505171186277272,0.00033503411858639695,0.0003349829471705082],[0.00033500244132928246,0.00033505171186277272,0.0003350686713942032,0.00033505171186277272,0.00033500244132928246],[0.0003349829471705082,0.00033503411858639695,0.00033505171186277272,0.00033503411858639695,0.0003349829471705082],[0.00033492806482777321,0.0003349829471705082,0.00033500244132928246,0.0003349829471705082,0.00033492806482777321]],[[0.00033502256922309079,0.00033507319922987719,0.00033509047501927822,0.00033507319922987719,0.00033502256922309079],[0.00033507319922987719,0.0003351218595109892,0.00033513836048007137,0.0003351218595109892,0.00033507319922987719],[0.00033509047501927822,0.00033513836048007137,0.00033515460313819184,0.00033513836048007137,0.00033509047501927822],[0.00033507319922987719,0.0003351218595109892,0.00033513836048007137,0.0003351218595109892,0.00033507319922987719],[0.00033502256922309079,0.00033507319922987719,0.00033509047501927822,0.00033507319922987719,0.00033502256922309079]],[[0.00033511148212893326,0.00033515984417455846,0.000335176124023575,0.00033515984417455846,0.00033511148212893326],[0.00033515984417455846,0.00033520692242246177,0.00033522280809579518,0.00033520692242246177,0.00033515984417455846],[0.000335176124023575,0.00033522280809579518,0.00033523856236328996,0.00033522280809579518,0.000335176124023575],[0.00033515984417455846,0.00033520692242246177,0.00033522280809579518,0.00033520692242246177,0.00033515984417455846],[0.00033511148212893326,0.00033515984417455846,0.000335176124023575,0.00033515984417455846,0.00033511148212893326]],[[0.00033519716637089744,0.00033524410350382823,0.00033525982889341861,0.00033524410350382823,0.00033519716637089744],[0.00033524410350382823,0.0003352900818918695,0.00033530556482658957,0.0003352900818918695,0.00033524410350382823],[0.00033525982889341861,0.00033530556482658957,0.00033532096693680423,0.00033530556482658957,0.00033525982889341861],[0.00033524410350382823,0.0003352900818918695,0.00033530556482658957,0.0003352900818918695,0.00033524410350382823],[0.00033519716637089744,0.00033524410350382823,0.00033525982889341861,0.00033524410350382823,0.00033519716637089744]],[[0.00033528070622147705,0.00033532664274558575,0.00033534200383377279,0.00033532664274558575,0.00033528070622147705],[0.00033532664274558575,0.00033537179909072138,0.00033538699010798634,0.00033537179909072138,0.00033532664274558575],[0.00033534200383377279,0.00033538699010798634,0.00033540212443162039,0.00033538699010798634,0.00033534200383377279],[0.00033532664274558575,0.00033537179909072138,0.00033538699010798634,0.00033537179909072138,0.00033532664274558575],[0.00033528070622147705,0.00033532664274558575,0.00033534200383377279,0.00033532664274558575,0.00033528070622147705]],[[0.00033536268306000381,0.0003354078638006537,0.00033542295856045778,0.0003354078638006537,0.00033536268306000381],[0.0003354078638006537,0.0003354523754229884,0.00033546734101035634,0.0003354523754229884,0.0003354078638006537],[0.00033542295856045778,0.00033546734101035634,0.00033548226353815312,0.00033546734101035634,0.00033542295856045778],[0.0003354078638006537,0.0003354523754229884,0.00033546734101035634,0.0003354523754229884,0.0003354078638006537],[0.00033536268306000381,0.0003354078638006537,0.00033542295856045778,0.0003354078638006537,0.00033536268306000381]],[[0.0003354434515889264,0.00033548803562488965,0.00033550292334341903,0.00033548803562488965,0.0003354434515889264],[0.00033548803562488965,0.00033553202743985316,0.00033554681266933595,0.00033553202743985316,0.00033548803562488965],[0.00033550292334341903,0.00033554681266933595,0.00033556156373430425,0.00033554681266933595,0.00033550292334341903],[0.00033548803562488965,0.00033553202743985316,0.00033554681266933595,0.00033553202743985316,0.00033548803562488965],[0.0003354434515889264,0.00033548803562488965,0.00033550292334341903,0.00033548803562488965,0.0003354434515889264]],[[0.00033552325370609488,0.0003355673551320821,0.00033558207660889903,0.0003355673551320821,0.00033552325370609488],[0.0003355673551320821,0.00033561092207630666,0.00033562556042996148,0.00033561092207630666,0.0003355673551320821],[0.00033558207660889903,0.00033562556042996148,0.00033564017107472357,0.00033562556042996148,0.00033558207660889903],[0.0003355673551320821,0.00033561092207630666,0.00033562556042996148,0.00033561092207630666,0.0003355673551320821],[0.00033552325370609488,0.0003355673551320821,0.00033558207660889903,0.0003355673551320821,0.00033552325370609488]],[[0.00033560226920220144,0.00033564597576079695,0.00033566056166995257,0.00033564597576079695,0.00033560226920220144],[0.00033564597576079695,0.00033568919351135881,0.00033570371134328979,0.00033568919351135881,0.00033564597576079695],[0.00033566056166995257,0.00033570371134328979,0.00033571820648184495,0.00033570371134328979,0.00033566056166995257],[0.00033564597576079695,0.00033568919351135881,0.00033570371134328979,0.00033568919351135881,0.00033564597576079695],[0.00033560226920220144,0.00033564597576079695,0.00033566056166995257,0.00033564597576079695,0.00033560226920220144]],[[0.00033568063951652929,0.0003357240216926599,0.00033573849638104968,0.0003357240216926599,0.00033568063951652929],[0.0003357240216926599,0.00033576695236183689,0.0003357813711518052,0.00033576695236183689,0.0003357240216926599],[0.00033573849638104968,0.0003357813711518052,0.00033579577130813971,0.0003357813711518052,0.00033573849638104968],[0.0003357240216926599,0.00033576695236183689,0.0003357813711518052,0.00033576695236183689,0.0003357240216926599],[0.00033568063951652929,0.0003357240216926599,0.00033573849638104968,0.0003357240216926599,0.00033568063951652929]],[[0.00033575847990510954,0.00033580159590788444,0.00033581597935013446,0.00033580159590788444,0.00033575847990510954],[0.00033580159590788444,0.00033584429151541475,0.00033585862917740269,0.00033584429151541475,0.00033580159590788444],[0.00033581597935013446,0.00033585862917740269,0.00033587295157857974,0.00033585862917740269,0.00033581597935013446],[0.00033580159590788444,0.00033584429151541475,0.00033585862917740269,0.00033584429151541475,0.00033580159590788444],[0.00033575847990510954,0.00033580159590788444,0.00033581597935013446,0.00033580159590788444,0.00033575847990510954]],[[0.00033583588649034834,0.00033587878532173485,0.00033589309426655607,0.00033587878532173485,0.00033583588649034834],[0.00033587878532173485,0.00033592129009774681,0.00033593556182059237,0.00033592129009774681,0.00033587878532173485],[0.00033589309426655607,0.00033593556182059237,0.00033594982113546837,0.00033593556182059237,0.00033589309426655607],[0.00033587878532173485,0.00033592129009774681,0.00033593556182059237,0.00033592129009774681,0.00033587878532173485],[0.00033583588649034834,0.00033587878532173485,0.00033589309426655607,0.00033587878532173485,0.00033583588649034834]],[[0.000335912940768968,0.00033595566425649023,0.00033596991296344186,0.00033595566425649023,0.000335912940768968],[0.00033595566425649023,0.00033599801622570465,0.0003360122350419771,0.00033599801622570465,0.00033595566425649023],[0.00033596991296344186,0.0003360122350419771,0.00033602644389410806,0.0003360122350419771,0.00033596991296344186],[0.00033595566425649023,0.00033599801622570465,0.0003360122350419771,0.00033599801622570465,0.00033595566425649023],[0.000335912940768968,0.00033595566425649023,0.00033596991296344186,0.00033595566425649023,0.000335912940768968]],[[0.000335989712663443,0.00033603229686796277,0.00033604649760901779,0.00033603229686796277,0.000335989712663443],[0.00033603229686796277,0.0003360745289795879,0.00033608870616698265,0.0003360745289795879,0.00033603229686796277],[0.00033604649760901779,0.00033608870616698265,0.0003361028755026262,0.00033608870616698265,0.00033604649760901779],[0.00033603229686796277,0.0003360745289795879,0.00033608870616698265,0.0003360745289795879,0.00033603229686796277],[0.000335989712663443,0.00033603229686796277,0.00033604649760901779,0.00033603229686796277,0.000335989712663443]],[[0.00033606626267986483,0.00033610873891592297,0.00033612290233465009,0.00033610873891592297,0.00033606626267986483],[0.00033610873891592297,0.0003361508798900108,0.00033616502526901754,0.0003361508798900108,0.00033610873891592297],[0.00033612290233465009,0.00033616502526901754,0.00033617916463429473,0.00033616502526901754,0.00033612290233465009],[0.00033610873891592297,0.0003361508798900108,0.00033616502526901754,0.0003361508798900108,0.00033610873891592297],[0.00033606626267986483,0.00033610873891592297,0.00033612290233465009,0.00033610873891592297,0.00033606626267986483]],[[0.00033614264350841604,0.00033618503911991317,0.00033619917450177053,0.00033618503911991317,0.00033614264350841604],[0.00033618503911991317,0.0003362271141094339,0.0003362412362742528,0.0003362271141094339,0.00033618503911991317],[0.00033619917450177053,0.0003362412362742528,0.00033625535403293772,0.0003362412362742528,0.00033619917450177053],[0.00033618503911991317,0.0003362271141094339,0.0003362412362742528,0.0003362271141094339,0.00033618503911991317],[0.00033614264350841604,0.00033618503911991317,0.00033619917450177053,0.00033618503911991317,0.00033614264350841604]],[[0.00033621890126279329,0.00033626124023407327,0.000336275355717832,0.00033626124023407327,0.00033621890126279329],[0.00033626124023407327,0.00033630327135565592,0.00033631737785835353,0.00033630327135565592,0.00033626124023407327],[0.000336275355717832,0.00033631737785835353,0.00033633148136693892,0.00033631737785835353,0.000336275355717832],[0.00033626124023407327,0.00033630327135565592,0.00033631737785835353,0.00033630327135565592,0.00033626124023407327],[0.00033621890126279329,0.00033626124023407327,0.000336275355717832,0.00033626124023407327,0.00033621890126279329]],[[0.00033629507646701313,0.00033633737991383339,0.00033635148266069129,0.00033633737991383339,0.00033629507646701313],[0.00033633737991383339,0.00033637938667782288,0.00033639348417715382,0.00033637938667782288,0.00033633737991383339],[0.00033635148266069129,0.00033639348417715382,0.00033640757992690906,0.00033639348417715382,0.00033635148266069129],[0.00033633737991383339,0.00033637938667782288,0.00033639348417715382,0.00033637938667782288,0.00033633737991383339],[0.00033629507646701313,0.00033633737991383339,0.00033635148266069129,0.00033633737991383339,0.00033629507646701313]],[[0.00033637120485261655,0.00033641349142088877,0.00033642758775135511,0.00033641349142088877,0.00033637120485261655],[0.00033641349142088877,0.00033645549108254197,0.00033646958546525944,0.00033645549108254197,0.00033641349142088877],[0.00033642758775135511,0.00033646958546525944,0.00033648367919834855,0.00033646958546525944,0.00033642758775135511],[0.00033641349142088877,0.00033645549108254197,0.00033646958546525944,0.00033645549108254197,0.00033641349142088877],[0.00033637120485261655,0.00033641349142088877,0.00033642758775135511,0.00033641349142088877,0.00033637120485261655]],[[0.00033644731800888856,0.00033648960420118039,0.00033650369970754379,0.00033648960420118039,0.00033644731800888856],[0.00033648960420118039,0.00033653161205048494,0.00033654570853136021,0.00033653161205048494,0.00033648960420118039],[0.00033650369970754379,0.00033654570853136021,0.00033655980533671225,0.00033654570853136021,0.00033650369970754379],[0.00033648960420118039,0.00033653161205048494,0.00033654570853136021,0.00033653161205048494,0.00033648960420118039],[0.00033644731800888856,0.00033648960420118039,0.00033650369970754379,0.00033648960420118039,0.00033644731800888856]],[[0.00033652344391848945,0.00033656574436519528,0.00033657984400373083,0.00033656574436519528,0.00033652344391848945],[0.00033656574436519528,0.00033660777396844445,0.00033662187717335712,0.00033660777396844445,0.00033656574436519528],[0.00033657984400373083,0.00033662187717335712,0.00033663598156671761,0.00033662187717335712,0.00033657984400373083],[0.00033656574436519528,0.00033660777396844445,0.00033662187717335712,0.00033660777396844445,0.00033656574436519528],[0.00033652344391848945,0.00033656574436519528,0.00033657984400373083,0.00033656574436519528,0.00033652344391848945]],[[0.00033659960740385582,0.00033664193508973036,0.00033665604325848377,0.00033664193508973036,0.00033659960740385582],[0.00033664193508973036,0.00033668399849328296,0.00033669811252930729,0.00033668399849328296,0.00033664193508973036],[0.00033665604325848377,0.00033669811252930729,0.0003367122285207579,0.00033669811252930729,0.00033665604325848377],[0.00033664193508973036,0.00033668399849328296,0.00033669811252930729,0.00033668399849328296,0.00033664193508973036],[0.00033659960740385582,0.00033664193508973036,0.00033665604325848377,0.00033664193508973036,0.00033659960740385582]],[[0.0003366758305025511,0.00033671819695842045,0.00033673231756258833,0.00033671819695842045,0.0003366758305025511],[0.00033671819695842045,0.00033676030486175305,0.000336774433376558,0.00033676030486175305,0.00033671819695842045],[0.00033673231756258833,0.000336774433376558,0.00033678856452792265,0.000336774433376558,0.00033673231756258833],[0.00033671819695842045,0.00033676030486175305,0.000336774433376558,0.00033676030486175305,0.00033671819695842045],[0.0003366758305025511,0.00033671819695842045,0.00033673231756258833,0.00033671819695842045,0.0003366758305025511]],[[0.00033675213278585404,0.00033679454825188314,0.000336808684759475,0.00033679454825188314,0.00033675213278585404],[0.00033679454825188314,0.000336836710155635,0.00033685085638824957,0.000336836710155635,0.00033679454825188314],[0.000336808684759475,0.00033685085638824957,0.0003368650058622304,0.00033685085638824957,0.000336808684759475],[0.00033679454825188314,0.000336836710155635,0.00033685085638824957,0.000336836710155635,0.00033679454825188314],[0.00033675213278585404,0.00033679454825188314,0.000336808684759475,0.00033679454825188314,0.00033675213278585404]],[[0.00033682853163102626,0.00033687100519673267,0.00033688516068622825,0.00033687100519673267,0.00033682853163102626],[0.00033687100519673267,0.0003369132295301483,0.00033692739635461888,0.0003369132295301483,0.00033687100519673267],[0.00033688516068622825,0.00033692739635461888,0.0003369415669571164,0.00033692739635461888,0.00033688516068622825],[0.00033687100519673267,0.0003369132295301483,0.00033692739635461888,0.0003369132295301483,0.00033687100519673267],[0.00033682853163102626,0.00033687100519673267,0.00033688516068622825,0.00033687100519673267,0.00033682853163102626]],[[0.0003369050424554977,0.00033694758218056703,0.00033696175938202367,0.00033694758218056703,0.0003369050424554977],[0.00033694758218056703,0.00033698987641189862,0.00033700406637507461,0.00033698987641189862,0.00033694758218056703],[0.00033696175938202367,0.00033700406637507461,0.00033701826059186641,0.00033700406637507461,0.00033696175938202367],[0.00033694758218056703,0.00033698987641189862,0.00033700406637507461,0.00033698987641189862,0.00033694758218056703],[0.0003369050424554977,0.00033694758218056703,0.00033696175938202367,0.00033694758218056703,0.0003369050424554977]],[[0.00033698167891960167,0.0003370242919387882,0.00033703849326948635,0.0003370242919387882,0.00033698167891960167],[0.0003370242919387882,0.00033706666267150915,0.00033708087802593784,0.00033706666267150915,0.0003370242919387882],[0.00033703849326948635,0.00033708087802593784,0.00033709509805466,0.00033708087802593784,0.00033703849326948635],[0.0003370242919387882,0.00033706666267150915,0.00033708087802593784,0.00033706666267150915,0.0003370242919387882],[0.00033698167891960167,0.0003370242919387882,0.00033703849326948635,0.0003370242919387882,0.00033698167891960167]],[[0.00033705845310307443,0.00033710114571783995,0.0003371153733134062,0.00033710114571783995,0.00033705845310307443],[0.00033710114571783995,0.0003371435987749627,0.0003371578415077,0.0003371435987749627,0.00033710114571783995],[0.0003371153733134062,0.0003371578415077,0.0003371720892858843,0.0003371578415077,0.0003371153733134062],[0.00033710114571783995,0.0003371435987749627,0.0003371578415077,0.0003371435987749627,0.00033710114571783995],[0.00033705845310307443,0.00033710114571783995,0.0003371153733134062,0.00033710114571783995,0.00033705845310307443]],[[0.00033713537565968285,0.00033717815341864887,0.0003371924091603549,0.00033717815341864887,0.00033713537565968285],[0.00033717815341864887,0.00033722069391700632,0.00033723496577497448,0.00033722069391700632,0.00033717815341864887],[0.0003371924091603549,0.00033723496577497448,0.00033724924300475913,0.00033723496577497448,0.0003371924091603549],[0.00033717815341864887,0.00033722069391700632,0.00033723496577497448,0.00033722069391700632,0.00033717815341864887],[0.00033713537565968285,0.00033717815341864887,0.0003371924091603549,0.00033717815341864887,0.00033713537565968285]],[[0.00033721245595330862,0.0003372553237232927,0.00033726960926212666,0.0003372553237232927,0.00033721245595330862],[0.0003372553237232927,0.00033729795613928224,0.00033731225865169656,0.00033729795613928224,0.0003372553237232927],[0.00033726960926212666,0.00033731225865169656,0.00033732656682170512,0.00033731225865169656,0.00033726960926212666],[0.0003372553237232927,0.00033729795613928224,0.00033731225865169656,0.00033729795613928224,0.0003372553237232927],[0.00033721245595330862,0.0003372553237232927,0.00033726960926212666,0.0003372553237232927,0.00033721245595330862]],[[0.000337289702178369,0.00033733266420734936,0.00033734698098535624,0.00033733266420734936,0.000337289702178369],[0.00033733266420734936,0.00033737539243539663,0.00033738972693369727,0.00033737539243539663,0.00033733266420734936],[0.00033734698098535624,0.00033738972693369727,0.00033740406733850128,0.00033738972693369727,0.00033734698098535624],[0.00033733266420734936,0.00033737539243539663,0.00033738972693369727,0.00033737539243539663,0.00033733266420734936],[0.000337289702178369,0.00033733266420734936,0.00033734698098535624,0.00033733266420734936,0.000337289702178369]],[[0.00033736712146681288,0.00033741018144001889,0.00033742453070928312,0.00033741018144001889,0.00033736712146681288],[0.00033741018144001889,0.00033745300884477684,0.00033746737648041172,0.00033745300884477684,0.00033741018144001889],[0.00033742453070928312,0.00033746737648041172,0.00033748175023791372,0.00033746737648041172,0.00033742453070928312],[0.00033741018144001889,0.00033745300884477684,0.00033746737648041172,0.00033745300884477684,0.00033741018144001889],[0.00033736712146681288,0.00033741018144001889,0.00033742453070928312,0.00033741018144001889,0.00033736712146681288]],[[0.00033744471998361548,0.000337487881073706,0.00033750226391334533,0.000337487881073706,0.00033744471998361548],[0.000337487881073706,0.00033753081053685926,0.00033754521229722577,0.00033753081053685926,0.000337487881073706],[0.00033750226391334533,0.00033754521229722577,0.00033755962036424784,0.00033754521229722577,0.00033750226391334533],[0.000337487881073706,0.00033753081053685926,0.00033754521229722577,0.00033753081053685926,0.000337487881073706],[0.00033744471998361548,0.000337487881073706,0.00033750226391334533,0.000337487881073706,0.00033744471998361548]],[[0.00033752250301237918,0.00033756576792448107,0.00033758018525586125,0.00033756576792448107,0.00033752250301237918],[0.00033756576792448107,0.00033760880188686023,0.00033762323860963216,0.00033760880188686023,0.00033756576792448107],[0.00033758018525586125,0.00033762323860963216,0.00033763768179595081,0.00033762323860963216,0.00033758018525586125],[0.00033756576792448107,0.00033760880188686023,0.00033762323860963216,0.00033760880188686023,0.00033756576792448107],[0.00033752250301237918,0.00033756576792448107,0.00033758018525586125,0.00033756576792448107,0.00033752250301237918]],[[0.00033760047503230946,0.00033764384604460953,0.00033765829864508085,0.00033764384604460953,0.00033760047503230946],[0.00033764384604460953,0.00033768698654422827,0.00033770145893029783,0.00033768698654422827,0.00033764384604460953],[0.00033765829864508085,0.00033770145893029783,0.00033771593791131929,0.00033770145893029783,0.00033765829864508085],[0.00033764384604460953,0.00033768698654422827,0.00033770145893029783,0.00033768698654422827,0.00033764384604460953],[0.00033760047503230946,0.00033764384604460953,0.00033765829864508085,0.00033764384604460953,0.00033760047503230946]],[[0.00033767863978769906,0.00033772211878816533,0.00033773660730344732,0.00033772211878816533,0.00033767863978769906],[0.00033772211878816533,0.000337765367494677,0.00033777987611986705,0.000337765367494677,0.00033772211878816533],[0.00033773660730344732,0.00033777987611986705,0.00033779439144811534,0.00033777987611986705,0.00033773660730344732],[0.00033772211878816533,0.000337765367494677,0.00033777987611986705,0.000337765367494677,0.00033772211878816533],[0.00033767863978769906,0.00033772211878816533,0.00033773660730344732,0.00033772211878816533,0.00033767863978769906]],[[0.00033775700035090631,0.00033780058887057331,0.0003378151138260104,0.00033780058887057331,0.00033775700035090631],[0.00033780058887057331,0.00033784394711659066,0.00033785849244230077,0.00033784394711659066,0.00033780058887057331],[0.0003378151138260104,0.00033785849244230077,0.00033787304455785907,0.00033785849244230077,0.0003378151138260104],[0.00033780058887057331,0.00033784394711659066,0.00033785849244230077,0.00033784394711659066,0.00033780058887057331],[0.00033775700035090631,0.00033780058887057331,0.0003378151138260104,0.00033780058887057331,0.00033775700035090631]],[[0.00033783555917949652,0.00033787925842278433,0.00033789382023357808,0.00033787925842278433,0.00033783555917949652],[0.00033787925842278433,0.00033792272723242954,0.00033793730961533344,0.00033792272723242954,0.00033787925842278433],[0.00033789382023357808,0.00033793730961533344,0.00033795189885536684,0.00033793730961533344,0.00033789382023357808],[0.00033787925842278433,0.00033792272723242954,0.00033793730961533344,0.00033792272723242954,0.00033787925842278433],[0.00033783555917949652,0.00033787925842278433,0.00033789382023357808,0.00033787925842278433,0.00033783555917949652]],[[0.00033791431816838647,0.00033795812904073461,0.00033797272802125908,0.00033795812904073461,0.00033791431816838647],[0.00033795812904073461,0.00033800170915571586,0.00033801632885661627,0.00033800170915571586,0.00033795812904073461],[0.00033797272802125908,0.00033801632885661627,0.00033803095546406975,0.00033801632885661627,0.00033797272802125908],[0.00033795812904073461,0.00033800170915571586,0.00033801632885661627,0.00033800170915571586,0.00033795812904073461],[0.00033791431816838647,0.00033795812904073461,0.00033797272802125908,0.00033795812904073461,0.00033791431816838647]],[[0.00033799327869741863,0.00033803720183057988,0.000338051838202918,0.00033803720183057988,0.00033799327869741863],[0.00033803720183057988,0.00033808089373408705,0.00033809555092602768,0.00033808089373408705,0.00033803720183057988],[0.000338051838202918,0.00033809555092602768,0.00033811021505759844,0.00033809555092602768,0.000338051838202918],[0.00033803720183057988,0.00033808089373408705,0.00033809555092602768,0.00033808089373408705,0.00033803720183057988],[0.00033799327869741863,0.00033803720183057988,0.000338051838202918,0.00033803720183057988,0.00033799327869741863]],[[0.00033807244167496421,0.000338116477450187,0.00033813115135195173,0.000338116477450187,0.00033807244167496421],[0.000338116477450187,0.000338160281388831,0.00033817497616454287,0.000338160281388831,0.000338116477450187],[0.00033813115135195173,0.00033817497616454287,0.00033818967789800094,0.00033817497616454287,0.00033813115135195173],[0.000338116477450187,0.000338160281388831,0.00033817497616454287,0.000338160281388831,0.000338116477450187],[0.00033807244167496421,0.000338116477450187,0.00033813115135195173,0.000338116477450187,0.00033807244167496421]],[[0.000338151807577932,0.0003381959561472689,0.000338210667638775,0.0003381959561472689,0.000338151807577932],[0.0003381959561472689,0.00033823987215125611,0.00033825460452999948,0.00033823987215125611,0.0003381959561472689],[0.000338210667638775,0.00033825460452999948,0.00033826934387092049,0.00033825460452999948,0.000338210667638775],[0.0003381959561472689,0.00033823987215125611,0.00033825460452999948,0.00033823987215125611,0.0003381959561472689],[0.000338151807577932,0.0003381959561472689,0.000338210667638775,0.0003381959561472689,0.000338151807577932]],[[0.00033823137648856903,0.00033827563779448993,0.00033829038686536948,0.00033827563779448993,0.00033823137648856903],[0.00033827563779448993,0.00033831966569622569,0.000338334435630102,0.00033831966569622569,0.00033827563779448993],[0.00033829038686536948,0.000338334435630102,0.00033834921251807686,0.000338334435630102,0.00033829038686536948],[0.00033827563779448993,0.00033831966569622569,0.000338334435630102,0.00033831966569622569,0.00033827563779448993],[0.00033823137648856903,0.00033827563779448993,0.00033829038686536948,0.00033827563779448993,0.00033823137648856903]],[[0.000338311148128372,0.00033835552192185126,0.0003383703084971452,0.00033835552192185126,0.000338311148128372],[0.00033835552192185126,0.00033839966137310886,0.00033841446875288112,0.00033839966137310886,0.00033835552192185126],[0.0003383703084971452,0.00033841446875288112,0.00033842928306724668,0.00033841446875288112,0.0003383703084971452],[0.00033835552192185126,0.00033839966137310886,0.00033841446875288112,0.00033839966137310886,0.00033835552192185126],[0.000338311148128372,0.00033835552192185126,0.0003383703084971452,0.00033835552192185126,0.000338311148128372]],[[0.00033839112188938395,0.00033843560774661979,0.00033845043169240851,0.00033843560774661979,0.00033839112188938395],[0.00033843560774661979,0.00033847985823441857,0.00033849470289489518,0.00033847985823441857,0.00033843560774661979],[0.00033845043169240851,0.00033849470289489518,0.00033850955446003563,0.00033849470289489518,0.00033845043169240851],[0.00033843560774661979,0.00033847985823441857,0.00033849470289489518,0.00033847985823441857,0.00033843560774661979],[0.00033839112188938395,0.00033843560774661979,0.00033845043169240851,0.00033843560774661979,0.00033839112188938395]],[[0.00033847129686314026,0.00033851589420100486,0.000338530755329616,0.00033851589420100486,0.00033847129686314026],[0.00033851589420100486,0.00033856025506230793,0.00033857513678732444,0.00033856025506230793,0.00033851589420100486],[0.000338530755329616,0.00033857513678732444,0.00033859002537757791,0.00033857513678732444,0.000338530755329616],[0.00033851589420100486,0.00033856025506230793,0.00033857513678732444,0.00033856025506230793,0.00033851589420100486],[0.00033847129686314026,0.00033851589420100486,0.000338530755329616,0.00033851589420100486,0.00033847129686314026]],[[0.00033855167186744718,0.00033859637995781639,0.00033861127803264395,0.00033859637995781639,0.00033855167186744718],[0.00033859637995781639,0.00033864085039315658,0.0003386557689201934,0.00033864085039315658,0.00033859637995781639],[0.00033861127803264395,0.0003386557689201934,0.00033867069426440238,0.0003386557689201934,0.00033861127803264395],[0.00033859637995781639,0.00033864085039315658,0.0003386557689201934,0.00033864085039315658,0.00033859637995781639],[0.00033855167186744718,0.00033859637995781639,0.00033861127803264395,0.00033859637995781639,0.00033855167186744718]],[[0.00033863224547121373,0.00033867706345424209,0.0003386919981942142,0.00033867706345424209,0.00033863224547121373],[0.00033867706345424209,0.00033872164254036309,0.00033873659756482875,0.00033872164254036309,0.00033867706345424209],[0.0003386919981942142,0.00033873659756482875,0.00033875155935056178,0.00033873659756482875,0.0003386919981942142],[0.00033867706345424209,0.00033872164254036309,0.00033873659756482875,0.00033872164254036309,0.00033867706345424209],[0.00033863224547121373,0.00033867706345424209,0.0003386919981942142,0.00033867706345424209,0.00033863224547121373]],[[0.00033871301601747503,0.00033875794291392513,0.00033877291399766145,0.00033875794291392513,0.00033871301601747503],[0.00033875794291392513,0.00033880262961552261,0.00033881762079473272,0.00033880262961552261,0.00033875794291392513],[0.00033877291399766145,0.00033881762079473272,0.00033883261867220403,0.00033881762079473272,0.00033877291399766145],[0.00033875794291392513,0.00033880262961552261,0.00033881762079473272,0.00033880262961552261,0.00033875794291392513],[0.00033871301601747503,0.00033875794291392513,0.00033877291399766145,0.00033875794291392513,0.00033871301601747503]],[[0.00033879398164480949,0.00033883901636749033,0.00033885402343713594,0.00033883901636749033,0.00033879398164480949],[0.00033883901636749033,0.00033888380954811827,0.00033889883650498748,0.00033888380954811827,0.00033883901636749033],[0.00033885402343713594,0.00033889883650498748,0.00033891387009070135,0.00033889883650498748,0.00033885402343713594],[0.00033883901636749033,0.00033888380954811827,0.00033889883650498748,0.00033888380954811827,0.00033883901636749033],[0.00033879398164480949,0.00033883901636749033,0.00033885402343713594,0.00033883901636749033,0.00033879398164480949]],[[0.00033887514030716263,0.00033892028167159012,0.00033893532433642274,0.00033892028167159012,0.00033887514030716263],[0.00033892028167159012,0.00033896518010381326,0.00033898024243029742,0.00033896518010381326,0.00033892028167159012],[0.00033893532433642274,0.00033898024243029742,0.00033899531131043682,0.00033898024243029742,0.00033893532433642274],[0.00033892028167159012,0.00033896518010381326,0.00033898024243029742,0.00033896518010381326,0.00033892028167159012],[0.00033887514030716263,0.00033892028167159012,0.00033893532433642274,0.00033892028167159012,0.00033887514030716263]],[[0.00033895648979236824,0.00033900173652665354,0.00033901681436640139,0.00033900173652665354,0.00033895648979236824],[0.00033900173652665354,0.0003390467389014812,0.000339061836161774,0.0003390467389014812,0.00033900173652665354],[0.00033901681436640139,0.000339061836161774,0.00033907693989535247,0.000339061836161774,0.00033901681436640139],[0.00033900173652665354,0.0003390467389014812,0.000339061836161774,0.0003390467389014812,0.00033900173652665354],[0.00033895648979236824,0.00033900173652665354,0.00033901681436640139,0.00033900173652665354,0.00033895648979236824]],[[0.00033903802773932251,0.00033908337849338784,0.00033909849106132515,0.00033908337849338784,0.00033903802773932251],[0.00033908337849338784,0.000339128483429058,0.00033914361516256127,0.000339128483429058,0.00033908337849338784],[0.00033909849106132515,0.00033914361516256127,0.00033915875328435665,0.00033914361516256127,0.00033909849106132515],[0.00033908337849338784,0.000339128483429058,0.00033914361516256127,0.000339128483429058,0.00033908337849338784],[0.00033903802773932251,0.00033908337849338784,0.00033909849106132515,0.00033908337849338784,0.00033903802773932251]],[[0.00033911975165398805,0.00033916520500813113,0.00033918035183397153,0.00033916520500813113,0.00033911975165398805],[0.00033916520500813113,0.00033921041105828268,0.00033922557678237861,0.00033921041105828268,0.00033916520500813113],[0.00033918035183397153,0.00033922557678237861,0.00033924074880566356,0.00033922557678237861,0.00033918035183397153],[0.00033916520500813113,0.00033921041105828268,0.00033922557678237861,0.00033921041105828268,0.00033916520500813113],[0.00033911975165398805,0.00033916520500813113,0.00033918035183397153,0.00033916520500813113,0.00033911975165398805]],[[0.00033920165892426608,0.00033924721339714635,0.00033926239398971748,0.00033924721339714635,0.00033920165892426608],[0.00033924721339714635,0.00033929251905843186,0.00033930771827105939,0.00033929251905843186,0.00033924721339714635],[0.00033926239398971748,0.00033930771827105939,0.00033932292369014263,0.00033930771827105939,0.00033926239398971748],[0.00033924721339714635,0.00033929251905843186,0.00033930771827105939,0.00033929251905843186,0.00033924721339714635],[0.00033920165892426608,0.00033924721339714635,0.00033926239398971748,0.00033924721339714635,0.00033920165892426608]],[[0.00033928374683387405,0.00033932940088992887,0.00033934461473967794,0.00033932940088992887,0.00033928374683387405],[0.00033932940088992887,0.00033937480460909504,0.00033939003679114892,0.00033937480460909504,0.00033932940088992887],[0.00033934461473967794,0.00033939003679114892,0.00033940527508374114,0.00033939003679114892,0.00033934461473967794],[0.00033932940088992887,0.00033937480460909504,0.00033939003679114892,0.00033937480460909504,0.00033932940088992887],[0.00