{"M_cells":[[[0,0,0,0,0,0],[0,0,0,0,0,0],[0,0,0,0,0,0],[0,0,0,0,0,0],[0,0,0,0,0,0],[0,0,0,0,0,0]],[[0.00072512624167140173,0.0017727967258161115,0.0022332588766174255,0.0022332588766174255,0.0017727967258161115,0.00072512624167140173],[0.0017727967258161115,0.0033537790222799347,0.0041146890085973029,0.0041146890085973029,0.0033537790222799347,0.0017727967258161115],[0.0022332588766174255,0.0041146890085973029,0.0050258598845877725,0.0050258598845877725,0.0041146890085973029,0.002233258876617425],[0.0022332588766174255,0.0041146890085973029,0.0050258598845877725,0.0050258598845877725,0.0041146890085973029,0.002233258876617425],[0.0017727967258161115,0.0033537790222799347,0.0041146890085973029,0.0041146890085973029,0.0033537790222799347,0.0017727967258161115],[0.00072512624167140173,0.0017727967258161115,0.002233258876617425,0.002233258876617425,0.0017727967258161115,0.00072512624167140173]],[[0.0028072997962195487,0.0044314610930467624,0.0051943415130928511,0.0051943415130928511,0.0044314610930467624,0.0028072997962195487],[0.0044314610930467624,0.0061673439492996984,0.0070521557379939559,0.0070521557379939559,0.0061673439492996984,0.0044314610930467624],[0.0051943415130928511,0.0070521557379939559,0.0079979530403706933,0.0079979530403706933,0.0070521557379939559,0.0051943415130928519],[0.0051943415130928511,0.0070521557379939559,0.0079979530403706933,0.0079979530403706933,0.0070521557379939559,0.0051943415130928519],[0.0044314610930467624,0.0061673439492996984,0.0070521557379939559,0.0070521557379939559,0.0061673439492996984,0.0044314610930467624],[0.0028072997962195487,0.0044314610930467624,0.0051943415130928519,0.0051943415130928519,0.0044314610930467624,0.0028072997962195487]],[[0.0054066494299135895,0.00721361600599613,0.0080927794328804949,0.0080927794328804949,0.00721361600599613,0.0054066494299135895],[0.00721361600599613,0.0089902906153447783,0.0099147443304601519,0.0099147443304601519,0.0089902906153447783,0.00721361600599613],[0.0080927794328804949,0.0099147443304601519,0.010861850719137624,0.010861850719137624,0.0099147443304601519,0.0080927794328804949],[0.0080927794328804949,0.0099147443304601519,0.010861850719137624,0.010861850719137624,0.0099147443304601519,0.0080927794328804949],[0.00721361600599613,0.0089902906153447783,0.0099147443304601519,0.0099147443304601519,0.0089902906153447783,0.00721361600599613],[0.0054066494299135895,0.00721361600599613,0.0080927794328804949,0.0080927794328804949,0.00721361600599613,0.0054066494299135895]],[[0.0081685920404772766,0.010033562672728959,0.010955696406747146,0.010955696406747146,0.010033562672728959,0.0081685920404772766],[0.010033562672728959,0.011824627538691939,0.012763438857558823,0.012763438857558823,0.011824627538691939,0.010033562672728959],[0.010955696406747146,0.012763438857558823,0.013710591746164581,0.013710591746164581,0.012763438857558823,0.010955696406747146],[0.010955696406747146,0.012763438857558823,0.013710591746164581,0.013710591746164581,0.012763438857558823,0.010955696406747146],[0.010033562672728959,0.011824627538691939,0.012763438857558823,0.012763438857558823,0.011824627538691939,0.010033562672728959],[0.0081685920404772766,0.010033562672728959,0.010955696406747146,0.010955696406747146,0.010033562672728959,0.0081685920404772766]],[[0.010982975644215773,0.012867114238858985,0.013805061533574286,0.013805061533574286,0.012867114238858985,0.010982975644215773],[0.012867114238858985,0.014663443236710819,0.015607524827842617,0.015607524827842617,0.014663443236710819,0.012867114238858985],[0.013805061533574286,0.015607524827842617,0.016554674586961991,0.016554674586961991,0.015607524827842617,0.013805061533574286],[0.013805061533574286,0.015607524827842617,0.016554674586961991,0.016554674586961991,0.015607524827842615,0.013805061533574286],[0.012867114238858985,0.014663443236710819,0.015607524827842617,0.015607524827842615,0.014663443236710818,0.012867114238858985],[0.010982975644215773,0.012867114238858985,0.013805061533574286,0.013805061533574286,0.012867114238858985,0.010982975644215773]],[[0.013814952790783323,0.015705649228698691,0.016649411344720595,0.016649411344720595,0.015705649228698691,0.013814952790783323],[0.015705649228698691,0.017503907252046657,0.018449923943285085,0.018449923943285085,0.017503907252046657,0.015705649228698691],[0.016649411344720595,0.018449923943285085,0.019397068294472908,0.019397068294472908,0.018449923943285085,0.016649411344720595],[0.016649411344720595,0.018449923943285085,0.019397068294472908,0.019397068294472908,0.018449923943285085,0.016649411344720595],[0.015705649228698691,0.017503907252046657,0.018449923943285085,0.018449923943285085,0.017503907252046657,0.015705649228698691],[0.013814952790783323,0.015705649228698691,0.016649411344720595,0.016649411344720595,0.015705649228698691,0.013814952790783323]],[[0.016653013471478798,0.018546006835805484,0.019491904847625929,0.019491904847625929,0.018546006835805484,0.016653013471478798],[0.018546006835805484,0.020344968169285133,0.021291693417435545,0.021291693417435545,0.020344968169285133,0.018546006835805484],[0.019491904847625929,0.021291693417435545,0.022238832417450363,0.022238832417450363,0.021291693417435545,0.019491904847625929],[0.019491904847625929,0.021291693417435545,0.022238832417450363,0.022238832417450363,0.021291693417435545,0.019491904847625929],[0.018546006835805484,0.020344968169285133,0.021291693417435545,0.021291693417435545,0.020344968169285133,0.018546006835805484],[0.016653013471478798,0.018546006835805484,0.019491904847625929,0.019491904847625929,0.018546006835805484,0.016653013471478798]],[[0.0194932176854147,0.02138702531133051,0.02233370586071921,0.02233370586071921,0.02138702531133051,0.0194932176854147],[0.02138702531133051,0.023186239495898858,0.0241332222834336,0.0241332222834336,0.023186239495898858,0.02138702531133051],[0.02233370586071921,0.0241332222834336,0.025080356235541629,0.025080356235541629,0.0241332222834336,0.02233370586071921],[0.02233370586071921,0.0241332222834336,0.025080356235541629,0.025080356235541629,0.0241332222834336,0.02233370586071921],[0.02138702531133051,0.023186239495898858,0.0241332222834336,0.0241332222834336,0.023186239495898858,0.02138702531133051],[0.0194932176854147,0.02138702531133051,0.02233370586071921,0.02233370586071921,0.02138702531133051,0.0194932176854147]],[[0.022334182227733358,0.024228277945423572,0.02517524332754343,0.02517524332754343,0.024228277945423572,0.022334182227733358],[0.024228277945423572,0.026027579665655852,0.026974654274537751,0.026974654274537751,0.026027579665655852,0.024228277945423572],[0.02517524332754343,0.026974654274537751,0.027921783509463234,0.027921783509463234,0.026974654274537751,0.02517524332754343],[0.02517524332754343,0.026974654274537751,0.027921783509463234,0.027921783509463234,0.026974654274537751,0.02517524332754343],[0.024228277945423572,0.026027579665655852,0.026974654274537751,0.026974654274537751,0.026027579665655852,0.024228277945423572],[0.022334182227733358,0.024228277945423572,0.02517524332754343,0.02517524332754343,0.024228277945423572,0.022334182227733358]],[[0.025175413507330182,0.027069608348865851,0.028016675653957827,0.028016675653957827,0.027069608348865851,0.025175413507330182],[0.027069608348865851,0.02886893713266175,0.029816042780581743,0.029816042780581743,0.02886893713266175,0.027069608348865851],[0.028016675653957827,0.029816042780581743,0.03076316760011116,0.03076316760011116,0.029816042780581743,0.028016675653957827],[0.028016675653957827,0.029816042780581743,0.03076316760011116,0.03076316760011116,0.029816042780581743,0.028016675653957827],[0.027069608348865851,0.02886893713266175,0.029816042780581743,0.029816042780581743,0.02886893713266175,0.027069608348865851],[0.025175413507330182,0.027069608348865851,0.028016675653957827,0.028016675653957827,0.027069608348865851,0.025175413507330182]],[[0.028016733760000724,0.02991095948470688,0.030858061593132313,0.030858061593132313,0.02991095948470688,0.028016733760000724],[0.02991095948470688,0.031710293369426712,0.032657407848946426,0.032657407848946426,0.031710293369426712,0.02991095948470688],[0.030858061593132313,0.032657407848946426,0.033604528509233796,0.033604528509233796,0.032657407848946426,0.030858061593132313],[0.030858061593132313,0.032657407848946426,0.033604528509233796,0.033604528509233796,0.032657407848946426,0.030858061593132313],[0.02991095948470688,0.031710293369426712,0.032657407848946426,0.032657407848946426,0.031710293369426712,0.029910959484706876],[0.028016733760000724,0.02991095948470688,0.030858061593132313,0.030858061593132313,0.029910959484706876,0.028016733760000724]],[[0.030858078780692695,0.032752310770632266,0.033699423132475308,0.033699423132475308,0.032752310770632266,0.030858078780692695],[0.032752310770632266,0.03455164190134441,0.035498757165552119,0.035498757165552119,0.03455164190134441,0.032752310770632266],[0.033699423132475308,0.035498757165552119,0.03644587387393898,0.03644587387393898,0.035498757165552119,0.033699423132475308],[0.033699423132475308,0.035498757165552119,0.03644587387393898,0.03644587387393898,0.035498757165552119,0.033699423132475308],[0.032752310770632266,0.03455164190134441,0.035498757165552119,0.035498757165552119,0.03455164190134441,0.032752310770632266],[0.030858078780692695,0.032752310770632266,0.033699423132475308,0.033699423132475308,0.032752310770632266,0.030858078780692695]],[[0.033699425482257947,0.035593654944326814,0.036540768640963082,0.036540768640963082,0.035593654944326814,0.033699425482257947],[0.035593654944326814,0.037392980600263588,0.038340093782257847,0.038340093782257847,0.037392980600263588,0.035593654944326814],[0.036540768640963082,0.038340093782257847,0.039287206698709047,0.039287206698709047,0.038340093782257847,0.036540768640963082],[0.036540768640963082,0.038340093782257847,0.039287206698709047,0.039287206698709047,0.038340093782257847,0.036540768640963082],[0.035593654944326814,0.037392980600263588,0.038340093782257847,0.038340093782257847,0.037392980600263588,0.035593654944326814],[0.033699425482257947,0.035593654944326814,0.036540768640963082,0.036540768640963082,0.035593654944326814,0.033699425482257947]],[[0.036540765689309418,0.038434989558612132,0.039382101393356274,0.039382101393356274,0.038434989558612132,0.036540765689309418],[0.038434989558612132,0.040234308855829265,0.041181418966750219,0.041181418966750219,0.040234308855829265,0.038434989558612132],[0.039382101393356274,0.041181418966750219,0.042128528206679332,0.042128528206679332,0.041181418966750219,0.039382101393356274],[0.039382101393356274,0.041181418966750219,0.042128528206679332,0.042128528206679332,0.041181418966750219,0.039382101393356274],[0.038434989558612132,0.040234308855829265,0.041181418966750219,0.041181418966750219,0.040234308855829265,0.038434989558612132],[0.036540765689309418,0.038434989558612132,0.039382101393356274,0.039382101393356274,0.038434989558612132,0.036540765689309418]],[[0.039382096601162611,0.0412763138586946,0.042223422712971331,0.042223422712971331,0.0412763138586946,0.039382096601162611],[0.0412763138586946,0.04307562654073506,0.044022733256918696,0.044022733256918696,0.04307562654073506,0.0412763138586946],[0.042223422712971331,0.044022733256918696,0.044969838894239458,0.044969838894239458,0.044022733256918696,0.042223422712971331],[0.042223422712971331,0.044022733256918696,0.044969838894239458,0.044969838894239458,0.044022733256918696,0.042223422712971331],[0.0412763138586946,0.04307562654073506,0.044022733256918696,0.044022733256918696,0.04307562654073506,0.0412763138586946],[0.039382096601162611,0.0412763138586946,0.042223422712971331,0.042223422712971331,0.0412763138586946,0.039382096601162611]],[[0.04222341731093858,0.044117627638925204,0.0450647331335477,0.0450647331335477,0.044117627638925204,0.04222341731093858],[0.044117627638925204,0.045916933635255695,0.046864036853807974,0.046864036853807974,0.045916933635255695,0.044117627638925204],[0.0450647331335477,0.046864036853807974,0.047811138923805709,0.047811138923805709,0.046864036853807974,0.0450647331335477],[0.0450647331335477,0.046864036853807974,0.047811138923805709,0.047811138923805709,0.046864036853807974,0.0450647331335477],[0.044117627638925204,0.045916933635255695,0.046864036853807974,0.046864036853807974,0.045916933635255695,0.044117627638925204],[0.04222341731093858,0.044117627638925204,0.0450647331335477,0.0450647331335477,0.044117627638925204,0.04222341731093858]],[[0.0450647275351917,0.046958930827151323,0.047906032831501542,0.047906032831501542,0.046958930827151323,0.0450647275351917],[0.046958930827151323,0.048758230093635092,0.04970532977049754,0.04970532977049754,0.048758230093635092,0.046958930827151323],[0.047906032831501542,0.04970532977049754,0.050652428272392434,0.050652428272392434,0.04970532977049754,0.047906032831501542],[0.047906032831501542,0.04970532977049754,0.050652428272392434,0.050652428272392434,0.04970532977049754,0.047906032831501542],[0.046958930827151323,0.048758230093635092,0.04970532977049754,0.04970532977049754,0.048758230093635092,0.046958930827151323],[0.0450647275351917,0.046958930827151323,0.047906032831501542,0.047906032831501542,0.046958930827151323,0.0450647275351917]],[[0.047906027152344571,0.049800223336081,0.050747321789028986,0.050747321789028986,0.049800223336081,0.047906027152344571],[0.049800223336081,0.051599515798797124,0.052546611890525292,0.052546611890525292,0.051599515798797124,0.049800223336081],[0.050747321789028986,0.052546611890525292,0.053493706789700668,0.053493706789700668,0.052546611890525292,0.050747321789028986],[0.050747321789028986,0.052546611890525292,0.053493706789700668,0.053493706789700668,0.052546611890525292,0.050747321789028986],[0.049800223336081,0.051599515798797124,0.052546611890525292,0.052546611890525292,0.051599515798797124,0.049800223336081],[0.047906027152344571,0.049800223336081,0.050747321789028986,0.050747321789028986,0.049800223336081,0.047906027152344571]],[[0.050747316037191577,0.052641505012248666,0.053588599857555166,0.053588599857555166,0.052641505012248666,0.050747316037191577],[0.052641505012248666,0.054440790548946412,0.055387882992440379,0.055387882992440379,0.054440790548946412,0.052641505012248666],[0.053588599857555166,0.055387882992440379,0.056334974222344583,0.056334974222344583,0.055387882992440379,0.053588599857555166],[0.053588599857555166,0.055387882992440379,0.056334974222344583,0.056334974222344583,0.055387882992440379,0.053588599857555166],[0.052641505012248666,0.054440790548946412,0.055387882992440379,0.055387882992440379,0.054440790548946412,0.052641505012248666],[0.050747316037191577,0.052641505012248666,0.053588599857555166,0.053588599857555166,0.052641505012248666,0.050747316037191577]],[[0.05358859400352492,0.055482775620299692,0.056429866783938992,0.056429866783938992,0.055482775620299692,0.05358859400352492],[0.055482775620299692,0.057282054055342077,0.058229142761349544,0.058229142761349544,0.057282054055342077,0.055482775620299692],[0.056429866783938992,0.058229142761349544,0.059176230225092011,0.059176230225092011,0.058229142761349544,0.056429866783938992],[0.056429866783938992,0.058229142761349544,0.059176230225092011,0.059176230225092011,0.058229142761349544,0.056429866783938992],[0.055482775620299692,0.057282054055342077,0.058229142761349544,0.058229142761349544,0.057282054055342077,0.055482775620299692],[0.05358859400352492,0.055482775620299692,0.056429866783938992,0.056429866783938992,0.055482775620299692,0.05358859400352492]],[[0.056429860785926184,0.058324034839734105,0.059271122222453988,0.059271122222453988,0.058324034839734105,0.056429860785926184],[0.058324034839734105,0.06012330594367616,0.061070390795187321,0.061070390795187321,0.06012330594367616,0.058324034839734105],[0.059271122222453988,0.061070390795187321,0.062017474366851837,0.062017474366851844,0.061070390795187321,0.059271122222453988],[0.059271122222453988,0.061070390795187321,0.062017474366851844,0.062017474366851844,0.061070390795187321,0.059271122222453988],[0.058324034839734105,0.06012330594367616,0.061070390795187321,0.061070390795187321,0.06012330594367616,0.058324034839734105],[0.056429860785926184,0.058324034839734105,0.059271122222453988,0.059271122222453988,0.058324034839734105,0.056429860785926184]],[[0.059271116035431434,0.061165282265731979,0.062112365741050043,0.062112365741050043,0.061165282265731979,0.059271116035431434],[0.061165282265731979,0.06296454575630335,0.063911626608584918,0.063911626608584918,0.06296454575630335,0.061165282265731979],[0.062112365741050043,0.063911626608584918,0.064858706134282851,0.064858706134282851,0.063911626608584918,0.062112365741050043],[0.062112365741050043,0.063911626608584918,0.064858706134282851,0.064858706134282851,0.063911626608584918,0.062112365741050043],[0.061165282265731979,0.06296454575630335,0.063911626608584918,0.063911626608584918,0.06296454575630335,0.061165282265731979],[0.059271116035431434,0.061165282265731979,0.062112365741050043,0.062112365741050043,0.061165282265731979,0.059271116035431434]],[[0.06211235931981629,0.06400651741102939,0.064953596825072693,0.064953596825072693,0.06400651741102939,0.06211235931981629],[0.06400651741102939,0.065805772954357189,0.0667528496354416,0.0667528496354416,0.065805772954357189,0.06400651741102939],[0.064953596825072693,0.0667528496354416,0.067699924934126035,0.067699924934126035,0.0667528496354416,0.064953596825072693],[0.064953596825072693,0.0667528496354416,0.067699924934126035,0.067699924934126035,0.0667528496354416,0.064953596825072693],[0.06400651741102939,0.065805772954357189,0.0667528496354416,0.0667528496354416,0.065805772954357189,0.06400651741102939],[0.06211235931981629,0.06400651741102939,0.064953596825072693,0.064953596825072693,0.06400651741102939,0.06211235931981629]],[[0.064953590125136365,0.066847739707760812,0.067794814879639523,0.067794814879639523,0.066847739707760812,0.064953590125136365],[0.066847739707760812,0.068646986919425876,0.069594059230631888,0.069594059230631888,0.068646986919425876,0.066847739707760812],[0.067794814879639523,0.069594059230631888,0.07054113009469172,0.07054113009469172,0.069594059230631888,0.067794814879639523],[0.067794814879639523,0.069594059230631888,0.07054113009469172,0.07054113009469172,0.069594059230631888,0.067794814879639523],[0.066847739707760812,0.068646986919425876,0.069594059230631888,0.069594059230631888,0.068646986919425876,0.066847739707760812],[0.064953590125136365,0.066847739707760812,0.067794814879639523,0.067794814879639523,0.066847739707760812,0.064953590125136365]],[[0.06779480785732285,0.069688948508903212,0.070636019231148872,0.070636019231148872,0.069688948508903212,0.06779480785732285],[0.069688948508903212,0.071488186954700383,0.072435254671039923,0.072435254671039923,0.071488186954700383,0.069688948508903212],[0.070636019231148872,0.072435254671039923,0.0733823208666908,0.0733823208666908,0.072435254671039923,0.070636019231148872],[0.070636019231148872,0.072435254671039923,0.0733823208666908,0.0733823208666908,0.072435254671039923,0.070636019231148872],[0.069688948508903212,0.071488186954700383,0.072435254671039923,0.072435254671039923,0.071488186954700383,0.069688948508903212],[0.06779480785732285,0.069688948508903212,0.070636019231148872,0.070636019231148872,0.069688948508903212,0.06779480785732285]],[[0.070636011843419791,0.0725301430892176,0.0734772091281184,0.0734772091281184,0.0725301430892176,0.070636011843419791],[0.0725301430892176,0.0743293722855874,0.075276435156012775,0.075276435156012775,0.0743293722855874,0.0725301430892176],[0.0734772091281184,0.075276435156012775,0.076223496423500445,0.076223496423500445,0.075276435156012775,0.0734772091281184],[0.0734772091281184,0.075276435156012775,0.076223496423500445,0.076223496423500445,0.075276435156012775,0.0734772091281184],[0.0725301430892176,0.0743293722855874,0.075276435156012775,0.075276435156012775,0.0743293722855874,0.0725301430892176],[0.070636011843419791,0.0725301430892176,0.0734772091281184,0.0734772091281184,0.0725301430892176,0.070636011843419791]],[[0.073477201332339273,0.075371322645666983,0.076318383741458509,0.076318383741458509,0.075371322645666983,0.073477201332339273],[0.075371322645666983,0.077170542059805919,0.078117599807292368,0.078117599807292368,0.077170542059805919,0.075371322645666983],[0.076318383741458509,0.078117599807292368,0.079064655860921013,0.079064655860921013,0.078117599807292368,0.076318383741458509],[0.076318383741458509,0.078117599807292368,0.079064655860921013,0.079064655860921013,0.078117599807292368,0.076318383741458509],[0.075371322645666983,0.077170542059805919,0.078117599807292368,0.078117599807292368,0.077170542059805919,0.075371322645666983],[0.073477201332339273,0.075371322645666983,0.076318383741458509,0.076318383741458509,0.075371322645666983,0.073477201332339273]],[[0.076318375495116345,0.078212486297346437,0.079159542164237554,0.079159542164237554,0.078212486297346437,0.076318375495116345],[0.078212486297346437,0.080011695347007125,0.080958747668471914,0.080958747668471914,0.080011695347007125,0.078212486297346437],[0.079159542164237554,0.080958747668471914,0.0819057981964695,0.0819057981964695,0.080958747668471914,0.079159542164237554],[0.079159542164237554,0.080958747668471914,0.0819057981964695,0.0819057981964695,0.080958747668471914,0.079159542164237554],[0.078212486297346437,0.080011695347007125,0.080958747668471914,0.080958747668471914,0.080011695347007125,0.078212486297346437],[0.076318375495116345,0.078212486297346437,0.079159542164237554,0.079159542164237554,0.078212486297346437,0.076318375495116345]],[[0.079159533424677186,0.08105363308492225,0.082000683410962616,0.082000683410962616,0.08105363308492225,0.079159533424677186],[0.08105363308492225,0.082852831137921371,0.083799877703987766,0.083799877703987766,0.082852831137921371,0.08105363308492225],[0.082000683410962616,0.083799877703987766,0.084746922368218652,0.084746922368218652,0.083799877703987766,0.082000683410962616],[0.082000683410962616,0.083799877703987766,0.084746922368218652,0.084746922368218652,0.083799877703987766,0.082000683410962616],[0.08105363308492225,0.082852831137921371,0.083799877703987766,0.083799877703987766,0.082852831137921371,0.08105363308492225],[0.079159533424677186,0.08105363308492225,0.082000683410962616,0.082000683410962616,0.08105363308492225,0.079159533424677186]],[[0.082000674135136259,0.083894761969639228,0.084841806416434157,0.084841806416434157,0.083894761969639228,0.082000674135136259],[0.083894761969639228,0.085693948343088688,0.086640988797703308,0.086640988797703308,0.085693948343088688,0.083894761969639228],[0.084841806416434157,0.086640988797703308,0.087588027233236221,0.087588027233236221,0.086640988797703308,0.084841806416434157],[0.084841806416434157,0.086640988797703308,0.087588027233236221,0.087588027233236221,0.086640988797703308,0.084841806416434157],[0.083894761969639228,0.085693948343088688,0.086640988797703308,0.086640988797703308,0.085693948343088688,0.083894761969639228],[0.082000674135136259,0.083894761969639228,0.084841806416434157,0.084841806416434157,0.083894761969639228,0.082000674135136259]],[[0.0848417965606588,0.086735871831886649,0.0876829100341706,0.0876829100341706,0.086735871831886649,0.0848417965606588],[0.086735871831886649,0.088535045791163683,0.089482079751074986,0.089482079751074986,0.088535045791163683,0.086735871831886649],[0.0876829100341706,0.089482079751074986,0.090429111565614367,0.090429111565614367,0.089482079751074986,0.0876829100341706],[0.0876829100341706,0.089482079751074986,0.090429111565614367,0.090429111565614367,0.089482079751074986,0.0876829100341706],[0.086735871831886649,0.088535045791163683,0.089482079751074986,0.089482079751074986,0.088535045791163683,0.086735871831886649],[0.0848417965606588,0.086735871831886649,0.0876829100341706,0.0876829100341706,0.086735871831886649,0.0848417965606588]],[[0.087682899553900864,0.089576961469375729,0.090523993034446068,0.090523993034446068,0.089576961469375729,0.087682899553900864],[0.089576961469375729,0.0913761222268416,0.092323149280945052,0.092323149280945052,0.0913761222268416,0.089576961469375729],[0.090523993034446068,0.092323149280945052,0.093270174054131613,0.093270174054131613,0.092323149280945052,0.090523993034446068],[0.090523993034446068,0.092323149280945052,0.093270174054131613,0.093270174054131613,0.092323149280945052,0.090523993034446068],[0.089576961469375729,0.0913761222268416,0.092323149280945052,0.092323149280945052,0.0913761222268416,0.089576961469375729],[0.087682899553900864,0.089576961469375729,0.090523993034446068,0.090523993034446068,0.089576961469375729,0.087682899553900864]],[[0.090523981884058816,0.092418029594920251,0.093365054101939307,0.093365054101939307,0.092418029594920251,0.090523981884058816],[0.092418029594920251,0.0942171763083992,0.095164196016954875,0.095164196016954875,0.0942171763083992,0.092418029594920251],[0.093365054101939307,0.095164196016954875,0.096111213299540768,0.096111213299540768,0.095164196016954875,0.093365054101939307],[0.093365054101939307,0.095164196016954875,0.096111213299540768,0.096111213299540768,0.095164196016954875,0.093365054101939307],[0.092418029594920251,0.0942171763083992,0.095164196016954875,0.095164196016954875,0.0942171763083992,0.092418029594920251],[0.090523981884058816,0.092418029594920251,0.093365054101939307,0.093365054101939307,0.092418029594920251,0.090523981884058816]],[[0.093365042234522216,0.095259074833846838,0.09620609183302116,0.09620609183302116,0.095259074833846838,0.093365042234522216],[0.095259074833846838,0.0970582066048742,0.098005218498602525,0.098005218498602525,0.0970582066048742,0.095259074833846838],[0.09620609183302116,0.098005218498602525,0.09895222781150545,0.09895222781150545,0.098005218498602525,0.09620609183302116],[0.09620609183302116,0.098005218498602525,0.09895222781150545,0.09895222781150545,0.098005218498602525,0.09620609183302116],[0.095259074833846838,0.0970582066048742,0.098005218498602525,0.098005218498602525,0.0970582066048742,0.095259074833846838],[0.093365042234522216,0.095259074833846838,0.09620609183302116,0.09620609183302116,0.095259074833846838,0.093365042234522216]],[[0.096206079200172767,0.098100095721049,0.09904710473268423,0.09904710473268423,0.098100095721049,0.096206079200172767],[0.098100095721049,0.099899211592894013,0.10084621517195187,0.10084621517195187,0.099899211592894013,0.098100095721049],[0.09904710473268423,0.10084621517195187,0.10179321600519145,0.10179321600519145,0.10084621517195187,0.09904710473268423],[0.09904710473268423,0.10084621517195187,0.10179321600519145,0.10179321600519145,0.10084621517195187,0.09904710473268423],[0.098100095721049,0.099899211592894013,0.10084621517195187,0.10084621517195187,0.099899211592894013,0.098100095721049],[0.096206079200172767,0.098100095721049,0.09904710473268423,0.09904710473268423,0.098100095721049,0.096206079200172767]],[[0.099047091284319239,0.10094109069768674,0.10188809121112728,0.10188809121112728,0.10094109069768674,0.099047091284319239],[0.10094109069768674,0.10274018965315716,0.10368718438599878,0.10368718438599878,0.10274018965315716,0.10094109069768674],[0.10188809121112728,0.10368718438599878,0.10463417619751807,0.10463417619751807,0.10368718438599878,0.10188809121112728],[0.10188809121112728,0.10368718438599878,0.10463417619751807,0.10463417619751807,0.10368718438599878,0.10188809121112728],[0.10094109069768674,0.10274018965315716,0.10368718438599878,0.10368718438599878,0.10274018965315716,0.10094109069768674],[0.099047091284319239,0.10094109069768674,0.10188809121112728,0.10188809121112728,0.10094109069768674,0.099047091284319239]],[[0.10188807689528723,0.10378205810755022,0.10472904957999726,0.10472904957999726,0.10378205810755022,0.10188807689528723],[0.10378205810755022,0.10558113906657951,0.1065281243887016,0.1065281243887016,0.10558113906657951,0.10378205810755022],[0.10472904957999726,0.1065281243887016,0.10747510660307573,0.10747510660307573,0.1065281243887016,0.10472904957999726],[0.10472904957999726,0.1065281243887016,0.10747510660307573,0.10747510660307573,0.1065281243887016,0.10472904957999726],[0.10378205810755022,0.10558113906657951,0.1065281243887016,0.1065281243887016,0.10558113906657951,0.10378205810755022],[0.10188807689528723,0.10378205810755022,0.10472904957999726,0.10472904957999726,0.10378205810755022,0.10188807689528723]],[[0.10472903434266222,0.10662299619307589,0.10756997804830171,0.10756997804830171,0.10662299619307589,0.10472903434266222],[0.10662299619307589,0.10842205801010173,0.10936903332267997,0.10936903332267997,0.10842205801010173,0.10662299619307589],[0.10756997804830171,0.10936903332267997,0.11031600532971322,0.11031600532971322,0.10936903332267997,0.10756997804830171],[0.10756997804830171,0.10936903332267997,0.11031600532971322,0.11031600532971322,0.10936903332267997,0.10756997804830171],[0.10662299619307589,0.10842205801010173,0.10936903332267997,0.10936903332267997,0.10842205801010173,0.10662299619307589],[0.10472903434266222,0.10662299619307589,0.10756997804830171,0.10756997804830171,0.10662299619307589,0.10472903434266222]],[[0.10756996183320849,0.10946390309103841,0.11041087471798167,0.11041087471798167,0.10946390309103841,0.10756996183320849],[0.10946390309103841,0.11126294455216883,0.11220990922058072,0.11220990922058072,0.11126294455216883,0.10946390309103841],[0.11041087471798167,0.11220990922058072,0.11315687037379339,0.11315687037379339,0.11220990922058072,0.11041087471798167],[0.11041087471798167,0.11220990922058072,0.11315687037379339,0.11315687037379339,0.11220990922058072,0.11041087471798167],[0.10946390309103841,0.11126294455216883,0.11220990922058072,0.11220990922058072,0.11126294455216883,0.10946390309103841],[0.10756996183320849,0.10946390309103841,0.11041087471798167,0.11041087471798167,0.10946390309103841,0.10756996183320849]],[[0.11041085746644244,0.11230477682791214,0.1132517375791649,0.1132517375791649,0.11230477682791214,0.11041085746644244],[0.11230477682791214,0.11410379664788349,0.11505075000012221,0.11505075000012221,0.11410379664788349,0.11230477682791214],[0.1132517375791649,0.11505075000012221,0.11599769961512765,0.11599769961512765,0.11505075000012221,0.1132517375791649],[0.1132517375791649,0.11505075000012221,0.11599769961512765,0.11599769961512765,0.11505075000012221,0.1132517375791649],[0.11230477682791214,0.11410379664788349,0.11505075000012221,0.11505075000012221,0.11410379664788349,0.11230477682791214],[0.11041085746644244,0.11230477682791214,0.1132517375791649,0.1132517375791649,0.11230477682791214,0.11041085746644244]],[[0.11325171922988483,0.11514561531489692,0.11609256450507899,0.11609256450507899,0.11514561531489692,0.11325171922988483],[0.11514561531489692,0.11694461213382269,0.11789155345880012,0.11789155345880012,0.11694461213382269,0.11514561531489692],[0.11609256450507899,0.11789155345880012,0.1188384908115717,0.1188384908115717,0.11789155345880012,0.11609256450507899],[0.11609256450507899,0.11789155345880012,0.1188384908115717,0.1188384908115717,0.11789155345880012,0.11609256450507899],[0.11514561531489692,0.11694461213382269,0.11789155345880012,0.11789155345880012,0.11694461213382269,0.11514561531489692],[0.11325171922988483,0.11514561531489692,0.11609256450507899,0.11609256450507899,0.11514561531489692,0.11325171922988483]],[[0.11609254499398079,0.11798641634261715,0.1189333532466493,0.1189333532466493,0.11798641634261715,0.11609254499398079],[0.11798641634261715,0.11978538872253117,0.12073231726827383,0.12073231726827383,0.11978538872253117,0.11798641634261715],[0.1189333532466493,0.12073231726827383,0.12167924159330246,0.12167924159330246,0.12073231726827383,0.1189333532466493],[0.1189333532466493,0.12073231726827383,0.12167924159330246,0.12167924159330246,0.12073231726827383,0.1189333532466493],[0.11798641634261715,0.11978538872253117,0.12073231726827383,0.12073231726827383,0.11978538872253117,0.11798641634261715],[0.11609254499398079,0.11798641634261715,0.1189333532466493,0.1189333532466493,0.11798641634261715,0.11609254499398079]],[[0.1189333325066862,0.12082717757549674,0.12177410142675163,0.12177410142675163,0.12082717757549674,0.1189333325066862],[0.12082717757549674,0.12262612399668317,0.12357303896841416,0.12357303896841416,0.12262612399668317,0.12082717757549674],[0.12177410142675163,0.12357303896841416,0.12451994945675535,0.12451994945675535,0.12357303896841416,0.12177410142675163],[0.12177410142675163,0.12357303896841416,0.12451994945675535,0.12451994945675535,0.12357303896841416,0.12177410142675163],[0.12082717757549674,0.12262612399668317,0.12357303896841416,0.12357303896841416,0.12262612399668317,0.12082717757549674],[0.1189333325066862,0.12082717757549674,0.12177410142675163,0.12177410142675163,0.12082717757549674,0.1189333325066862]],[[0.12177407938773163,0.12366789654579524,0.12461480653414637,0.12461480653414637,0.12366789654579526,0.12177407938773165],[0.12366789654579524,0.12546681540291121,0.12641371596102421,0.12641371596102421,0.12546681540291121,0.12366789654579526],[0.12461480653414637,0.12641371596102421,0.12736061175823424,0.12736061175823427,0.12641371596102421,0.12461480653414637],[0.12461480653414637,0.12641371596102421,0.12736061175823427,0.12736061175823424,0.12641371596102421,0.12461480653414637],[0.12366789654579526,0.12546681540291121,0.12641371596102421,0.12641371596102421,0.12546681540291121,0.12366789654579524],[0.12177407938773165,0.12366789654579526,0.12461480653414637,0.12461480653414637,0.12366789654579524,0.12177407938773163]],[[0.12461478312255188,0.12650857064731755,0.12745546591707563,0.12745546591707563,0.1265085706473176,0.12461478312255191],[0.12650857064731755,0.12830746024530371,0.12925434550322498,0.12925434550322498,0.12830746024530373,0.1265085706473176],[0.12745546591707563,0.12925434550322498,0.13020122570718587,0.13020122570718587,0.12925434550322498,0.12745546591707563],[0.12745546591707563,0.12925434550322498,0.13020122570718587,0.13020122570718587,0.12925434550322498,0.12745546591707563],[0.1265085706473176,0.12830746024530373,0.12925434550322498,0.12925434550322498,0.12830746024530371,0.12650857064731755],[0.12461478312255191,0.1265085706473176,0.12745546591707563,0.12745546591707563,0.12650857064731755,0.12461478312255188]],[[0.12745544105587775,0.12934919712878135,0.1302960767765155,0.13029607677651553,0.12934919712878137,0.12745544105587775],[0.12934919712878135,0.13114805567855847,0.13209492470049572,0.13209492470049572,0.1311480556785585,0.12934919712878137],[0.1302960767765155,0.13209492470049572,0.13304178835912761,0.13304178835912761,0.13209492470049572,0.13029607677651553],[0.13029607677651553,0.13209492470049572,0.13304178835912761,0.13304178835912761,0.13209492470049572,0.1302960767765155],[0.12934919712878137,0.1311480556785585,0.13209492470049572,0.13209492470049572,0.13114805567855847,0.12934919712878135],[0.12745544105587775,0.12934919712878137,0.13029607677651553,0.1302960767765155,0.12934919712878135,0.12745544105587775]],[[0.13029605038499448,0.13218977308685684,0.1331366361591132,0.1331366361591132,0.13218977308685687,0.13029605038499448],[0.13218977308685684,0.13398859870081123,0.13493545049939293,0.13493545049939293,0.13398859870081123,0.13218977308685687],[0.1331366361591132,0.13493545049939293,0.13588229660825366,0.13588229660825366,0.13493545049939293,0.1331366361591132],[0.1331366361591132,0.13493545049939293,0.13588229660825366,0.13588229660825366,0.13493545049939293,0.1331366361591132],[0.13218977308685687,0.13398859870081123,0.13493545049939293,0.13493545049939293,0.13398859870081123,0.13218977308685684],[0.13029605038499448,0.13218977308685687,0.1331366361591132,0.1331366361591132,0.13218977308685684,0.13029605038499448]],[[0.13313660815267034,0.13503029545885969,0.13597714094974817,0.13597714094974817,0.13503029545885969,0.13313660815267034],[0.13503029545885969,0.13682908614610673,0.13777591967990185,0.13777591967990185,0.13682908614610673,0.13503029545885969],[0.13597714094974817,0.13777591967990185,0.13872274717967262,0.13872274717967262,0.13777591967990185,0.13597714094974817],[0.13597714094974817,0.13777591967990185,0.13872274717967262,0.13872274717967262,0.13777591967990185,0.13597714094974817],[0.13503029545885969,0.13682908614610673,0.13777591967990185,0.13777591967990185,0.13682908614610673,0.13503029545885969],[0.13313660815267034,0.13503029545885969,0.13597714094974817,0.13597714094974817,0.13503029545885969,0.13313660815267034]],[[0.13597711123972486,0.13787076101510068,0.13881758786379295,0.13881758786379295,0.13787076101510068,0.13597711123972486],[0.13787076101510068,0.13966951467654026,0.14061632884747188,0.14061632884747188,0.13966951467654026,0.13787076101510068],[0.13881758786379295,0.14061632884747188,0.14156313662132888,0.14156313662132888,0.14061632884747188,0.13881758786379295],[0.13881758786379295,0.14061632884747188,0.14156313662132888,0.14156313662132888,0.14061632884747188,0.13881758786379295],[0.13787076101510068,0.13966951467654026,0.14061632884747188,0.14061632884747188,0.13966951467654026,0.13787076101510068],[0.13597711123972486,0.13787076101510068,0.13881758786379295,0.13881758786379295,0.13787076101510068,0.13597711123972486]],[[0.13881755635728144,0.14071116635090225,0.14165797343899453,0.14165797343899453,0.14071116635090225,0.13881755635728144],[0.14071116635090225,0.14250988077404908,0.14345667442468665,0.14345667442468665,0.14250988077404908,0.14071116635090225],[0.14165797343899453,0.14345667442468665,0.14440346129555773,0.14440346129555773,0.14345667442468665,0.14165797343899453],[0.14165797343899453,0.14345667442468665,0.14440346129555773,0.14440346129555773,0.14345667442468665,0.14165797343899453],[0.14071116635090225,0.14250988077404908,0.14345667442468665,0.14345667442468665,0.14250988077404908,0.14071116635090225],[0.13881755635728144,0.14071116635090225,0.14165797343899453,0.14165797343899453,0.14071116635090225,0.13881755635728144]],[[0.14165794003865134,0.14355150787826204,0.14449829402703354,0.14449829402703354,0.14355150787826204,0.14165794003865134],[0.14355150787826204,0.14535018073186196,0.14629695264260251,0.14629695264260251,0.14535018073186196,0.14355150787826204],[0.14449829402703354,0.14629695264260251,0.14724371737030936,0.14724371737030936,0.14629695264260251,0.14449829402703354],[0.14449829402703354,0.14629695264260251,0.14724371737030936,0.14724371737030936,0.14629695264260251,0.14449829402703354],[0.14355150787826204,0.14535018073186196,0.14629695264260251,0.14629695264260251,0.14535018073186196,0.14355150787826204],[0.14165794003865134,0.14355150787826204,0.14449829402703354,0.14449829402703354,0.14355150787826204,0.14165794003865134]],[[0.14449825863089344,0.14639178181717794,0.14733854578473202,0.14733854578473202,0.14639178181717794,0.14449825863089344],[0.14639178181717794,0.14819041064560573,0.14913715953173912,0.14913715953173912,0.14819041064560573,0.14639178181717794],[0.14733854578473202,0.14913715953173912,0.15008390081002462,0.15008390081002462,0.14913715953173912,0.14733854578473202],[0.14733854578473202,0.14913715953173912,0.15008390081002462,0.15008390081002462,0.14913715953173912,0.14733854578473202],[0.14639178181717794,0.14819041064560573,0.14913715953173912,0.14913715953173912,0.14819041064560573,0.14639178181717794],[0.14449825863089344,0.14639178181717794,0.14733854578473202,0.14733854578473202,0.14639178181717794,0.14449825863089344]],[[0.14733850828602377,0.14923198418662589,0.15017872466491894,0.15017872466491894,0.14923198418662589,0.14733850828602377],[0.14923198418662589,0.15103056640406756,0.15197729091272891,0.15197729091272891,0.15103056640406756,0.14923198418662589],[0.15017872466491894,0.15197729091272891,0.15292400736617073,0.15292400736617073,0.15197729091272891,0.15017872466491894],[0.15017872466491894,0.15197729091272891,0.15292400736617073,0.15292400736617073,0.15197729091272891,0.15017872466491894],[0.14923198418662589,0.15103056640406756,0.15197729091272891,0.15197729091272891,0.15103056640406756,0.14923198418662589],[0.14733850828602377,0.14923198418662589,0.15017872466491894,0.15017872466491894,0.14923198418662589,0.14733850828602377]],[[0.1501786849518762,0.1520721107952008,0.15301882640695433,