{"M_cells":[[[0,0,0,0,0,0,0],[0,0,0,0,0,0,0],[0,0,0,0,0,0,0],[0,0,0,0,0,0,0],[0,0,0,0,0,0,0],[0,0,0,0,0,0,0],[0,0,0,0,0,0,0]],[[1.5844379602168985E-6,4.2886825511980965E-6,3.9341863380184058E-6,5.3471570570230823E-6,3.9341863380184058E-6,4.2886825511980956E-6,1.5844379602168985E-6],[4.2886825511980965E-6,9.4196032982267163E-6,8.8558679215391316E-6,1.15458129551235E-5,8.8558679215391316E-6,9.4196032982267146E-6,4.2886825511980956E-6],[3.9341863380184058E-6,8.8558679215391316E-6,1.0293989575389606E-5,1.1736271032237683E-5,1.0293989575389606E-5,8.8558679215391316E-6,3.9341863380184058E-6],[5.3471570570230823E-6,1.15458129551235E-5,1.1736271032237683E-5,1.4582930599215397E-5,1.1736271032237683E-5,1.15458129551235E-5,5.3471570570230823E-6],[3.9341863380184058E-6,8.8558679215391316E-6,1.0293989575389606E-5,1.1736271032237683E-5,1.0293989575389606E-5,8.8558679215391316E-6,3.9341863380184058E-6],[4.2886825511980956E-6,9.4196032982267146E-6,8.8558679215391316E-6,1.15458129551235E-5,8.8558679215391316E-6,9.4196032982267146E-6,4.2886825511980956E-6],[1.5844379602168985E-6,4.2886825511980956E-6,3.9341863380184058E-6,5.3471570570230823E-6,3.9341863380184058E-6,4.2886825511980956E-6,1.5844379602168985E-6]],[[8.4064318281177286E-6,1.4666908694874946E-5,1.3868523867772899E-5,1.7328639398880506E-5,1.3868523867772899E-5,1.4666908694874946E-5,8.4064318281177286E-6],[1.4666908694874946E-5,2.2795482979714885E-5,2.1938524510205538E-5,2.6448807954242306E-5,2.1938524510205538E-5,2.2795482979714885E-5,1.4666908694874946E-5],[1.3868523867772899E-5,2.1938524510205538E-5,2.427637414965211E-5,2.6619301258207085E-5,2.427637414965211E-5,2.1938524510205538E-5,1.3868523867772899E-5],[1.7328639398880506E-5,2.6448807954242306E-5,2.6619301258207085E-5,3.1111664316541332E-5,2.6619301258207085E-5,2.6448807954242306E-5,1.7328639398880506E-5],[1.3868523867772899E-5,2.1938524510205538E-5,2.427637414965211E-5,2.6619301258207085E-5,2.427637414965211E-5,2.1938524510205538E-5,1.3868523867772899E-5],[1.4666908694874946E-5,2.2795482979714885E-5,2.1938524510205538E-5,2.6448807954242306E-5,2.1938524510205538E-5,2.2795482979714885E-5,1.4666908694874946E-5],[8.4064318281177286E-6,1.4666908694874946E-5,1.3868523867772899E-5,1.7328639398880506E-5,1.3868523867772899E-5,1.4666908694874946E-5,8.4064318281177286E-6]],[[1.9825451978560204E-5,2.8607912833741249E-5,2.7522314213744337E-5,3.2547157703917984E-5,2.7522314213744337E-5,2.8607912833741249E-5,1.9825451978560204E-5],[2.8607912833741249E-5,3.8493939783232278E-5,3.74930657130989E-5,4.3140882817081276E-5,3.7493065713098904E-5,3.8493939783232278E-5,2.8607912833741249E-5],[2.7522314213744337E-5,3.74930657130989E-5,4.037221050099846E-5,4.3256959936882256E-5,4.0372210500998467E-5,3.74930657130989E-5,2.7522314213744337E-5],[3.2547157703917984E-5,4.3140882817081276E-5,4.3256959936882256E-5,4.8700170255937866E-5,4.3256959936882256E-5,4.3140882817081276E-5,3.2547157703917984E-5],[2.7522314213744337E-5,3.7493065713098904E-5,4.0372210500998467E-5,4.3256959936882256E-5,4.037221050099846E-5,3.74930657130989E-5,2.7522314213744337E-5],[2.8607912833741249E-5,3.8493939783232278E-5,3.74930657130989E-5,4.3140882817081276E-5,3.74930657130989E-5,3.8493939783232278E-5,2.8607912833741249E-5],[1.9825451978560204E-5,2.8607912833741249E-5,2.7522314213744337E-5,3.2547157703917984E-5,2.7522314213744337E-5,2.8607912833741249E-5,1.9825451978560204E-5]],[[3.4278898405270126E-5,4.4637139578317294E-5,4.3392928390184019E-5,4.9442230980646067E-5,4.3392928390184019E-5,4.4637139578317294E-5,3.4278898405270126E-5],[4.4637139578317294E-5,5.5553153612061691E-5,5.4483353755749988E-5,6.0816911996885748E-5,5.4483353755749988E-5,5.5553153612061691E-5,4.4637139578317294E-5],[4.3392928390184019E-5,5.4483353755749988E-5,5.7682422640212766E-5,6.0887399238547829E-5,5.7682422640212766E-5,5.4483353755749988E-5,4.3392928390184019E-5],[4.9442230980646067E-5,6.0816911996885748E-5,6.0887399238547829E-5,6.6880164370629558E-5,6.0887399238547829E-5,6.0816911996885748E-5,4.9442230980646067E-5],[4.3392928390184019E-5,5.4483353755749988E-5,5.7682422640212766E-5,6.0887399238547829E-5,5.7682422640212759E-5,5.4483353755749981E-5,4.3392928390184019E-5],[4.4637139578317294E-5,5.5553153612061691E-5,5.4483353755749988E-5,6.0816911996885748E-5,5.4483353755749981E-5,5.5553153612061691E-5,4.4637139578317294E-5],[3.4278898405270126E-5,4.4637139578317294E-5,4.3392928390184019E-5,4.9442230980646067E-5,4.3392928390184019E-5,4.4637139578317294E-5,3.4278898405270126E-5]],[[5.0586111330335738E-5,6.1888920097848078E-5,6.0561963585301623E-5,6.7241972594566274E-5,6.0561963585301623E-5,6.1888920097848078E-5,5.0586111330335738E-5],[6.1888920097848078E-5,7.3407505334523613E-5,7.2304811241636548E-5,7.9044441680030871E-5,7.2304811241636548E-5,7.3407505334523613E-5,6.1888920097848078E-5],[6.0561963585301623E-5,7.2304811241636548E-5,7.5691266153955921E-5,7.90838033107757E-5,7.5691266153955921E-5,7.2304811241636548E-5,6.0561963585301623E-5],[6.7241972594566274E-5,7.9044441680030871E-5,7.90838033107757E-5,8.5394359713382808E-5,7.90838033107757E-5,7.9044441680030871E-5,6.7241972594566274E-5],[6.0561963585301623E-5,7.2304811241636548E-5,7.5691266153955921E-5,7.90838033107757E-5,7.5691266153955921E-5,7.2304811241636548E-5,6.0561963585301629E-5],[6.1888920097848078E-5,7.3407505334523613E-5,7.2304811241636548E-5,7.9044441680030871E-5,7.2304811241636548E-5,7.3407505334523613E-5,6.1888920097848078E-5],[5.0586111330335738E-5,6.1888920097848078E-5,6.0561963585301623E-5,6.7241972594566274E-5,6.0561963585301629E-5,6.1888920097848078E-5,5.0586111330335738E-5]],[[6.7995145703108638E-5,7.9855184671167532E-5,7.848578791213524E-5,8.55431443193989E-5,7.848578791213524E-5,7.9855184671167532E-5,6.7995145703108638E-5],[7.9855184671167532E-5,9.1725692481048544E-5,9.06071366701196E-5,9.7585049651114188E-5,9.06071366701196E-5,9.1725692481048544E-5,7.9855184671167532E-5],[7.848578791213524E-5,9.06071366701196E-5,9.4102860103222966E-5,9.7604766533527051E-5,9.4102860103222966E-5,9.06071366701196E-5,7.848578791213524E-5],[8.55431443193989E-5,9.7585049651114188E-5,9.7604766533527051E-5,0.00010409924961888593,9.7604766533527051E-5,9.7585049651114188E-5,8.55431443193989E-5],[7.848578791213524E-5,9.06071366701196E-5,9.4102860103222966E-5,9.7604766533527051E-5,9.4102860103222966E-5,9.06071366701196E-5,7.848578791213524E-5],[7.9855184671167532E-5,9.1725692481048544E-5,9.06071366701196E-5,9.7585049651114188E-5,9.06071366701196E-5,9.1725692481048544E-5,7.9855184671167532E-5],[6.7995145703108638E-5,7.9855184671167532E-5,7.848578791213524E-5,8.55431443193989E-5,7.848578791213524E-5,7.9855184671167532E-5,6.7995145703108638E-5]],[[8.6051886543596422E-5,9.823845275489971E-5,9.6847217723509241E-5,0.00010412718398527136,9.6847217723509241E-5,9.823845275489971E-5,8.6051886543596422E-5],[9.823845275489971E-5,0.0001103143078259129,0.00010918794337136648,0.00011630507245470155,0.00010918794337136648,0.0001103143078259129,9.823845275489971E-5],[9.6847217723509241E-5,0.00010918794337136648,0.00011274727426882287,0.0001163128465130462,0.00011274727426882287,0.00010918794337136649,9.6847217723509241E-5],[0.00010412718398527136,0.00011630507245470155,0.0001163128465130462,0.00012291392779899277,0.0001163128465130462,0.00011630507245470157,0.00010412718398527136],[9.6847217723509241E-5,0.00010918794337136648,0.00011274727426882287,0.0001163128465130462,0.00011274727426882287,0.00010918794337136649,9.6847217723509241E-5],[9.823845275489971E-5,0.0001103143078259129,0.00010918794337136649,0.00011630507245470157,0.00010918794337136649,0.0001103143078259129,9.823845275489971E-5],[8.6051886543596422E-5,9.823845275489971E-5,9.6847217723509241E-5,0.00010412718398527136,9.6847217723509241E-5,9.823845275489971E-5,8.6051886543596422E-5]],[[0.0001044876216993471,0.00011686501963436783,0.00011546238140315012,0.00012287279170534608,0.00011546238140315012,0.00011686501963436783,0.0001044876216993471],[0.00011686501963436783,0.00012906073448826113,0.00012793041172730004,0.0001351287692446892,0.00012793041172730004,0.00012906073448826113,0.00011686501963436783],[0.00011546238140315012,0.00012793041172730004,0.00013152678104091136,0.00013512942564609555,0.00013152678104091136,0.00012793041172730004,0.00011546238140315012],[0.00012287279170534608,0.0001351287692446892,0.00013512942564609555,0.00014179242779824235,0.00013512942564609555,0.0001351287692446892,0.00012287279170534608],[0.00011546238140315012,0.00012793041172730004,0.00013152678104091136,0.00013512942564609555,0.00013152678104091136,0.00012793041172730004,0.00011546238140315012],[0.00011686501963436783,0.00012906073448826113,0.00012793041172730004,0.0001351287692446892,0.00012793041172730004,0.00012906073448826113,0.00011686501963436782],[0.0001044876216993471,0.00011686501963436783,0.00011546238140315012,0.00012287279170534608,0.00011546238140315012,0.00011686501963436782,0.00010448762169934708]],[[0.0001231447922164192,0.00013563369652115024,0.00013422497392434962,0.00014171163610259157,0.00013422497392434962,0.00013563369652115024,0.0001231447922164192],[0.00013563369652115024,0.00014789951856444662,0.00014676711313560412,0.00015401291870956418,0.00014676711313560412,0.00014789951856444662,0.00013563369652115024],[0.00013422497392434962,0.00014676711313560412,0.00015038509922189833,0.00015400938047951837,0.00015038509922189833,0.00014676711313560412,0.00013422497392434962],[0.00014171163610259157,0.00015401291870956418,0.00015400938047951837,0.00016070848444276134,0.00015400938047951837,0.00015401291870956418,0.00014171163610259157],[0.00013422497392434962,0.00014676711313560412,0.00015038509922189833,0.00015400938047951837,0.00015038509922189833,0.00014676711313560412,0.00013422497392434962],[0.00013563369652115024,0.00014789951856444662,0.00014676711313560412,0.00015401291870956418,0.00014676711313560412,0.00014789951856444662,0.00013563369652115024],[0.0001231447922164192,0.00013563369652115024,0.00013422497392434962,0.00014171163610259157,0.00013422497392434962,0.00013563369652115024,0.00012314479221641917]],[[0.00014193144846968465,0.00015448564440401804,0.00015307358801575489,0.000160604857067479,0.00015307358801575489,0.00015448564440401804,0.00014193144846968465],[0.00015448564440401804,0.00016679266236421426,0.00016565910967643877,0.00017293273668260155,0.00016565910967643877,0.00016679266236421426,0.00015448564440401804],[0.00015307358801575489,0.00016565910967643877,0.00016928977265394932,0.00017292674256544878,0.00016928977265394932,0.00016565910967643877,0.00015307358801575489],[0.000160604857067479,0.00017293273668260155,0.00017292674256544878,0.00017964702211635463,0.00017292674256544878,0.00017293273668260155,0.000160604857067479],[0.00015307358801575489,0.00016565910967643877,0.00016928977265394932,0.00017292674256544878,0.00016928977265394932,0.00016565910967643877,0.00015307358801575489],[0.00015448564440401804,0.00016679266236421426,0.00016565910967643877,0.00017293273668260155,0.00016565910967643877,0.00016679266236421426,0.00015448564440401804],[0.00014193144846968465,0.00015448564440401804,0.00015307358801575489,0.000160604857067479,0.00015307358801575489,0.00015448564440401804,0.00014193144846968465]],[[0.00016079407421829955,0.00017338669077972602,0.00017197274918650165,0.00017953021473415023,0.00017197274918650165,0.00017338669077972602,0.00016079407421829955],[0.00017338669077972602,0.00018571811925045803,0.00018458389813521433,0.00019187395851406986,0.00018458389813521433,0.00018571811925045803,0.00017338669077972602],[0.00017197274918650165,0.00018458389813521433,0.0001882220580394108,0.00019186653194869617,0.0001882220580394108,0.00018458389813521433,0.00017197274918650165],[0.00017953021473415023,0.00019187395851406986,0.00019186653194869617,0.00019859935329077558,0.00019186653194869617,0.00019187395851406986,0.00017953021473415023],[0.00017197274918650165,0.00018458389813521433,0.0001882220580394108,0.00019186653194869617,0.0001882220580394108,0.00018458389813521433,0.00017197274918650165],[0.00017338669077972602,0.00018571811925045803,0.00018458389813521433,0.00019187395851406986,0.00018458389813521433,0.00018571811925045803,0.00017338669077972602],[0.00016079407421829955,0.00017338669077972602,0.00017197274918650165,0.00017953021473415023,0.00017197274918650165,0.00017338669077972602,0.00016079407421829955]],[[0.00017970157021095218,0.00019231700011265054,0.00019090195101081938,0.00019847492221152923,0.00019090195101081938,0.00019231700011265054,0.00017970157021095218],[0.00019231700011265054,0.00020466309586771351,0.00020352845817024726,0.00021082834671480607,0.00020352845817024726,0.00020466309586771351,0.00019231700011265054],[0.00019090195101081938,0.00020352845817024726,0.0002071711130461926,0.00021082008628144048,0.0002071711130461926,0.00020352845817024726,0.00019090195101081938],[0.00019847492221152923,0.00021082834671480607,0.00021082008628144048,0.00021756045090467376,0.00021082008628144048,0.00021082834671480607,0.00019847492221152923],[0.00019090195101081938,0.00020352845817024726,0.0002071711130461926,0.00021082008628144048,0.0002071711130461926,0.00020352845817024726,0.00019090195101081938],[0.00019231700011265054,0.00020466309586771351,0.00020352845817024726,0.00021082834671480607,0.00020352845817024726,0.00020466309586771351,0.00019231700011265054],[0.00017970157021095218,0.00019231700011265054,0.00019090195101081938,0.00019847492221152923,0.00019090195101081938,0.00019231700011265054,0.00017970157021095218]],[[0.00019863587657382049,0.00021126505701410782,0.00020984932583043391,0.00021743159843261414,0.00020984932583043391,0.00021126505701410782,0.00019863587657382049],[0.00021126505701410782,0.0002236201611815498,0.00022248524305276202,0.00022979112683714704,0.00022248524305276202,0.0002236201611815498,0.00021126505701410782],[0.00020984932583043391,0.00022248524305276202,0.000226130651579723,0.00022978238124251354,0.000226130651579723,0.00022248524305276202,0.00020984932583043391],[0.00021743159843261414,0.00022979112683714704,0.00022978238124251354,0.00023652739107039058,0.00022978238124251354,0.00022979112683714704,0.00021743159843261414],[0.00020984932583043391,0.00022248524305276202,0.000226130651579723,0.00022978238124251354,0.000226130651579723,0.00022248524305276202,0.00020984932583043391],[0.00021126505701410782,0.0002236201611815498,0.00022248524305276202,0.00022979112683714704,0.00022248524305276202,0.0002236201611815498,0.00021126505701410782],[0.00019863587657382049,0.00021126505701410782,0.00020984932583043391,0.00021743159843261414,0.00020984932583043391,0.00021126505701410782,0.00019863587657382049]],[[0.00021758650412725608,0.00023022416913725984,0.00022880799282824996,0.00023639596478485051,0.00022880799282824999,0.00023022416913725984,0.00021758650412725608],[0.00023022416913725984,0.00024258498950872974,0.00024144986667703745,0.00024875951815885841,0.00024144986667703745,0.00024258498950872974,0.00023022416913725984],[0.00022880799282824996,0.00024144986667703745,0.00024509701686011568,0.00024875049003550279,0.00024509701686011568,0.00024144986667703745,0.00022880799282824999],[0.00023639596478485051,0.00024875951815885841,0.00024875049003550279,0.00025549846077217416,0.00024875049003550279,0.00024875951815885841,0.00023639596478485054],[0.00022880799282824999,0.00024144986667703745,0.00024509701686011568,0.00024875049003550279,0.00024509701686011568,0.00024144986667703745,0.00022880799282824999],[0.00023022416913725984,0.00024258498950872974,0.00024144986667703745,0.00024875951815885841,0.00024144986667703745,0.00024258498950872974,0.00023022416913725984],[0.00021758650412725608,0.00023022416913725984,0.00022880799282824999,0.00023639596478485054,0.00022880799282824999,0.00023022416913725984,0.00021758650412725608]],[[0.00023654735371606006,0.00024919043785930555,0.00024777395080873276,0.00025536552752286693,0.00024777395080873281,0.00024919043785930555,0.00023654735371606006],[0.00024919043785930555,0.00026155505275758184,0.00026041976868286369,0.00026773188947691687,0.00026041976868286369,0.00026155505275758184,0.00024919043785930555],[0.00024777395080873276,0.00026041976868286369,0.000264068070381736,0.00026772269638922159,0.000264068070381736,0.00026041976868286369,0.00024777395080873281],[0.00025536552752286693,0.00026773188947691687,0.00026772269638922159,0.0002744726452764552,0.00026772269638922159,0.00026773188947691687,0.00025536552752286693],[0.00024777395080873281,0.00026041976868286369,0.000264068070381736,0.00026772269638922159,0.000264068070381736,0.00026041976868286369,0.00024777395080873281],[0.00024919043785930555,0.00026155505275758184,0.00026041976868286369,0.00026773188947691687,0.00026041976868286369,0.00026155505275758184,0.00024919043785930555],[0.00023654735371606006,0.00024919043785930555,0.00024777395080873281,0.00025536552752286693,0.00024777395080873281,0.00024919043785930555,0.00023654735371606006]],[[0.00025551486969459475,0.00026816158207109645,0.00026674486201252491,0.00027433882156228511,0.00026674486201252491,0.00026816158207109645,0.00025551486969459475],[0.00026816158207109645,0.00028052886323708944,0.00027939344380598351,0.0002867072731715658,0.00027939344380598351,0.00028052886323708944,0.00026816158207109645],[0.00026674486201252491,0.00027939344380598351,0.00028304255088369723,0.00028669798326571731,0.00028304255088369723,0.00027939344380598351,0.00026674486201252491],[0.00027433882156228511,0.0002867072731715658,0.00028669798326571731,0.00029344933312078203,0.00028669798326571731,0.0002867072731715658,0.00027433882156228511],[0.00026674486201252491,0.00027939344380598351,0.00028304255088369723,0.00028669798326571731,0.00028304255088369723,0.00027939344380598351,0.00026674486201252491],[0.00026816158207109645,0.00028052886323708944,0.00027939344380598351,0.0002867072731715658,0.00027939344380598351,0.00028052886323708944,0.00026816158207109645],[0.00025551486969459475,0.00026816158207109645,0.00026674486201252491,0.00027433882156228511,0.00026674486201252491,0.00026816158207109645,0.00025551486969459475]],[[0.00027448696933718203,0.00028713625699569475,0.000285719349991496,0.00029331497549646055,0.000285719349991496,0.00028713625699569475,0.00027448696933718203],[0.00028713625699569475,0.00029950553546471048,0.00029836999683237434,0.00030568508513110934,0.00029836999683237434,0.00029950553546471048,0.00028713625699569475],[0.000285719349991496,0.00029836999683237434,0.00030201970430873573,0.00030567573789148364,0.00030201970430873573,0.00029836999683237434,0.000285719349991496],[0.00029331497549646055,0.00030568508513110934,0.00030567573789148364,0.00031242814609079193,0.00030567573789148364,0.00030568508513110934,0.00029331497549646055],[0.000285719349991496,0.00029836999683237434,0.00030201970430873573,0.00030567573789148364,0.00030201970430873573,0.00029836999683237434,0.000285719349991496],[0.00028713625699569475,0.00029950553546471048,0.00029836999683237434,0.00030568508513110934,0.00029836999683237434,0.00029950553546471048,0.00028713625699569475],[0.00027448696933718203,0.00028713625699569475,0.000285719349991496,0.00029331497549646055,0.000285719349991496,0.00028713625699569475,0.00027448696933718203]],[[0.0002934624226849325,0.00030611365991510119,0.000304696594143513,0.00031229346099819448,0.000304696594143513,0.00030611365991510119,0.0002934624226849325],[0.00030611365991510119,0.00031848453266092715,0.00031734888551582019,0.00032466496317169253,0.00031734888551582019,0.00031848453266092715,0.00030611365991510119],[0.000304696594143513,0.00031734888551582019,0.00032099907010213848,0.00032465558147684392,0.00032099907010213848,0.00031734888551582019,0.000304696594143513],[0.00031229346099819448,0.00032466496317169253,0.00032465558147684392,0.00033140884112613255,0.00032465558147684392,0.00032466496317169253,0.00031229346099819448],[0.000304696594143513,0.00031734888551582019,0.00032099907010213848,0.00032465558147684392,0.00032099907010213848,0.00031734888551582019,0.000304696594143513],[0.00030611365991510119,0.00031848453266092715,0.00031734888551582019,0.00032466496317169253,0.00031734888551582019,0.00031848453266092715,0.00030611365991510119],[0.0002934624226849325,0.00030611365991510119,0.000304696594143513,0.00031229346099819448,0.000304696594143513,0.00030611365991510119,0.0002934624226849325]],[[0.00031244049353598962,0.000325093302042471,0.00032367609549811756,0.00033127394828496887,0.00032367609549811756,0.000325093302042471,0.00031244049353598962],[0.000325093302042471,0.00033746552011284516,0.00033632977203290284,0.00034364667374728791,0.00033632977203290284,0.00033746552011284516,0.000325093302042471],[0.00032367609549811756,0.00033632977203290284,0.0003399803577506365,0.00034363727086131541,0.0003399803577506365,0.00033632977203290284,0.00032367609549811756],[0.00033127394828496887,0.00034364667374728791,0.00034363727086131541,0.00035039125367402214,0.00034363727086131541,0.00034364667374728791,0.00033127394828496887],[0.00032367609549811756,0.00033632977203290284,0.0003399803577506365,0.00034363727086131541,0.0003399803577506365,0.00033632977203290284,0.00032367609549811756],[0.000325093302042471,0.00033746552011284516,0.00033632977203290284,0.00034364667374728791,0.00033632977203290284,0.00033746552011284516,0.000325093302042471],[0.00031244049353598962,0.000325093302042471,0.00032367609549811756,0.00033127394828496887,0.00032367609549811756,0.000325093302042471,0.00031244049353598962]],[[0.00033142073169461827,0.00034407487655057674,0.00034265754138613043,0.00035025622268390334,0.00034265754138613043,0.00034407487655057674,0.00033142073169461827],[0.00034407487655057674,0.00035644828035531035,0.00035531243712641725,0.00036263005805050122,0.00035531243712641725,0.00035644828035531035,0.00034407487655057674],[0.00034265754138613043,0.00035531243712641725,0.00035896337542732834,0.00036262064167307619,0.00035896337542732834,0.00035531243712641725,0.00034265754138613043],[0.00035025622268390334,0.00036263005805050122,0.00036262064167307619,0.00036937526494864632,0.00036262064167307619,0.00036263005805050122,0.00035025622268390334],[0.00034265754138613043,0.00035531243712641725,0.00035896337542732834,0.00036262064167307619,0.00035896337542732834,0.00035531243712641725,0.00034265754138613043],[0.00034407487655057674,0.00035644828035531035,0.00035531243712641725,0.00036263005805050122,0.00035531243712641725,0.00035644828035531035,0.00034407487655057674],[0.00033142073169461827,0.00034407487655057674,0.00034265754138613043,0.00035025622268390334,0.00034265754138613043,0.00034407487655057674,0.00033142073169461827]],[[0.00035040285277511217,0.00036305818222790191,0.00036164072722005846,0.0003692401364295602,0.00036164072722005846,0.00036305818222790191,0.00035040285277511217],[0.00036305818222790191,0.00037543266410125373,0.00037429673046272463,0.00038161500084855655,0.00037429673046272463,0.00037543266410125373,0.00036305818222790191],[0.00036164072722005846,0.00037429673046272463,0.00037794798873180466,0.00038160557545939192,0.00037794798873180466,0.00037429673046272463,0.00036164072722005846],[0.0003692401364295602,0.00038161500084855655,0.00038160557545939192,0.00038836078298794984,0.00038160557545939192,0.00038161500084855655,0.0003692401364295602],[0.00036164072722005846,0.00037429673046272463,0.00037794798873180466,0.00038160557545939192,0.00037794798873180466,0.00037429673046272463,0.00036164072722005846],[0.00036305818222790191,0.00037543266410125373,0.00037429673046272463,0.00038161500084855655,0.00037429673046272463,0.00037543266410125373,0.00036305818222790191],[0.00035040285277511217,0.00036305818222790191,0.00036164072722005846,0.0003692401364295602,0.00036164072722005846,0.00036305818222790191,0.00035040285277511217]],[[0.00036938666866301464,0.00038204307930692316,0.00038062551126531393,0.00038822558079329829,0.00038062551126531393,0.00038204307930692316,0.00036938666866301464],[0.00038204307930692316,0.00039441856184248779,0.00039328254191233283,0.0004006014124472286,0.00039328254191233283,0.00039441856184248779,0.00038204307930692316],[0.00038062551126531393,0.00039328254191233283,0.00039693409681624794,0.00040059198066258434,0.00039693409681624794,0.00039328254191233283,0.00038062551126531393],[0.00038822558079329829,0.0004006014124472286,0.00040059198066258434,0.00040734773167756485,0.00040059198066258434,0.0004006014124472286,0.00038822558079329829],[0.00038062551126531393,0.00039328254191233283,0.00039693409681624794,0.00040059198066258434,0.00039693409681624794,0.00039328254191233283,0.00038062551126531393],[0.00038204307930692316,0.00039441856184248779,0.00039328254191233283,0.0004006014124472286,0.00039328254191233283,0.00039441856184248779,0.00038204307930692316],[0.00036938666866301464,0.00038204307930692316,0.00038062551126531393,0.00038822558079329829,0.00038062551126531393,0.00038204307930692316,0.00036938666866301464]],[[0.00038837204727633796,0.000401029463895691,0.0003996117884720064,0.0004072124699509486,0.0003996117884720064,0.000401029463895691,0.00038837204727633796],[0.000401029463895691,0.0004134058874010527,0.00041226978492064849,0.00041958921823757704,0.00041226978492064849,0.0004134058874010527,0.000401029463895691],[0.0003996117884720064,0.00041226978492064849,0.00041592161855697932,0.00041957978159488696,0.00041592161855697932,0.00041226978492064849,0.0003996117884720064],[0.0004072124699509486,0.00041958921823757704,0.00041957978159488696,0.00042633604437676521,0.00041957978159488696,0.00041958921823757704,0.0004072124699509486],[0.0003996117884720064,0.00041226978492064849,0.00041592161855697932,0.00041957978159488696,0.00041592161855697932,0.00041226978492064849,0.0003996117884720064],[0.000401029463895691,0.0004134058874010527,0.00041226978492064849,0.00041958921823757704,0.00041226978492064849,0.0004134058874010527,0.000401029463895691],[0.00038837204727633796,0.000401029463895691,0.0003996117884720064,0.0004072124699509486,0.0003996117884720064,0.000401029463895691,0.00038837204727633796]],[[0.00040735888927032971,0.00042001725316537485,0.00041859947532027914,0.00042620073163000507,0.00041859947532027914,0.00042001725316537485,0.00040735888927032971],[0.00042001725316537485,0.00043239456838927413,0.00043125838686544258,0.00043857835262352165,0.00043125838686544258,0.00043239456838927413,0.00042001725316537485],[0.00041859947532027914,0.00043125838686544258,0.00043491048453081277,0.00043856891203513981,0.00043491048453081277,0.00043125838686544258,0.00041859947532027914],[0.00042620073163000507,0.00043857835262352165,0.00043856891203513981,0.0004453256602032432,0.00043856891203513981,0.00043857835262352165,0.00042620073163000507],[0.00041859947532027914,0.00043125838686544258,0.00043491048453081277,0.00043856891203513981,0.00043491048453081277,0.00043125838686544258,0.00041859947532027914],[0.00042001725316537485,0.00043239456838927413,0.00043125838686544258,0.00043857835262352165,0.00043125838686544258,0.00043239456838927413,0.00042001725316537485],[0.00040735888927032971,0.00042001725316537485,0.00041859947532027914,0.00042620073163000507,0.00041859947532027914,0.00042001725316537485,0.00040735888927032971]],[[0.00042634711453878697,0.00043900637675597373,0.00043758850103007825,0.00044519030167328118,0.00043758850103007825,0.00043900637675597373,0.00042634711453878697],[0.00043900637675597373,0.0004513845406634805,0.00045024828345201071,0.00045756875548065871,0.00045024828345201071,0.0004513845406634805,0.00043900637675597373],[0.00043758850103007825,0.00045024828345201071,0.00045390063234593389,0.000457559311496227,0.00045390063234593389,0.00045024828345201071,0.00043758850103007825],[0.00044519030167328118,0.00045756875548065871,0.000457559311496227,0.00046431652185414127,0.000457559311496227,0.00045756875548065871,0.00044519030167328118],[0.00043758850103007825,0.00045024828345201071,0.00045390063234593389,0.000457559311496227,0.00045390063234593389,0.00045024828345201071,0.00043758850103007825],[0.00043900637675597373,0.0004513845406634805,0.00045024828345201071,0.00045756875548065871,0.00045024828345201071,0.0004513845406634805,0.00043900637675597373],[0.00042634711453878697,0.00043900637675597373,0.00043758850103007825,0.00044519030167328118,0.00043758850103007825,0.00043900637675597373,0.00042634711453878697]],[[0.00044533665437911188,0.00045799677177650616,0.00045657880244890064,0.00046418112086532505,0.00045657880244890064,0.00045799677177650616,0.00044533665437911188],[0.00045799677177650616,0.00047037574508608325,0.00046923941544173574,0.000476560370077632,0.00046923941544173574,0.00047037574508608325,0.00045799677177650616],[0.00045657880244890064,0.00046923941544173574,0.00047289200391128686,0.00047655092303577451,0.00047289200391128686,0.00046923941544173574,0.00045657880244890064],[0.00046418112086532505,0.000476560370077632,0.00047655092303577451,0.00048330857431462787,0.00047655092303577451,0.000476560370077632,0.00046418112086532505],[0.00045657880244890064,0.00046923941544173574,0.00047289200391128686,0.00047655092303577451,0.00047289200391128686,0.00046923941544173574,0.00045657880244890064],[0.00045799677177650616,0.00047037574508608325,0.00046923941544173574,0.000476560370077632,0.00046923941544173574,0.00047037574508608325,0.00045799677177650616],[0.00044533665437911188,0.00045799677177650616,0.00045657880244890064,0.00046418112086532505,0.00045657880244890064,0.00045799677177650616,0.00044533665437911188]],[[0.00046432744693134534,0.00047698837988294972,0.00047557032106499238,0.00048317313306607421,0.00047557032106499238,0.00047698837988294972,0.00046432744693134534],[0.00047698837988294972,0.00048936812562177807,0.00048823172672901946,0.00049555314184241165,0.00048823172672901946,0.00048936812562177807,0.00047698837988294972],[0.00047557032106499238,0.00048823172672901946,0.0004918845438260488,0.00049554369195844224,0.0004918845438260488,0.00048823172672901946,0.00047557032106499244],[0.00048317313306607421,0.00049555314184241165,0.00049554369195844224,0.00050230176407905927,0.00049554369195844213,0.00049555314184241165,0.00048317313306607426],[0.00047557032106499238,0.00048823172672901946,0.0004918845438260488,0.00049554369195844213,0.0004918845438260487,0.00048823172672901946,0.00047557032106499249],[0.00047698837988294972,0.00048936812562177807,0.00048823172672901946,0.00049555314184241165,0.00048823172672901946,0.00048936812562177807,0.00047698837988294972],[0.00046432744693134534,0.00047698837988294972,0.00047557032106499244,0.00048317313306607426,0.00047557032106499249,0.00047698837988294972,0.00046432744693134534]],[[0.00048331943450954657,0.0004959811455566989,0.0004945630012485727,0.00050216628409985634,0.0004945630012485727,0.0004959811455566989,0.00048331943450954657],[0.0004959811455566989,0.00050836162820438644,0.00050722516319709585,0.00051454701761648473,0.00050722516319709585,0.00050836162820438644,0.0004959811455566989],[0.0004945630012485727,0.00050722516319709585,0.00051087819841603868,0.00051453756503309662,0.00051087819841603868,0.00050722516319709585,0.00049456300124857281],[0.00050216628409985634,0.00051454701761648473,0.00051453756503309662,0.00052129603866791759,0.00051453756503309662,0.00051454701761648484,0.00050216628409985645],[0.0004945630012485727,0.00050722516319709585,0.00051087819841603868,0.00051453756503309662,0.00051087819841603879,0.000507225163197096,0.00049456300124857281],[0.0004959811455566989,0.00050836162820438644,0.00050722516319709585,0.00051454701761648484,0.000507225163197096,0.00050836162820438655,0.000495981145556699],[0.00048331943450954657,0.0004959811455566989,0.00049456300124857281,0.00050216628409985645,0.00049456300124857281,0.000495981145556699,0.00048331943450954668]],[[0.00050231256202670543,0.00051497501507673888,0.000513556789202583,0.00052116052108012057,0.000513556789202583,0.00051497501507673888,0.00050231256202670543],[0.00051497501507673888,0.000527356200048804,0.00052621967202363517,0.00053354194519048567,0.00052621967202363517,0.000527356200048804,0.00051497501507673888],[0.000513556789202583,0.00052621967202363517,0.00052987291514360112,0.0005335324900070643,0.00052987291514360112,0.00052621967202363517,0.000513556789202583],[0.00052116052108012057,0.00053354194519048567,0.0005335324900070643,0.00054029134631515844,0.0005335324900070643,0.00053354194519048567,0.00052116052108012057],[0.000513556789202583,0.00052621967202363517,0.00052987291514360112,0.0005335324900070643,0.00052987291514360122,0.00052621967202363528,0.00051355678920258325],[0.00051497501507673888,0.000527356200048804,0.00052621967202363517,0.00053354194519048567,0.00052621967202363528,0.00052735620004880422,0.0005149750150767391],[0.00050231256202670543,0.00051497501507673888,0.000513556789202583,0.00052116052108012057,0.00051355678920258325,0.0005149750150767391,0.00050231256202670565]],[[0.00052130677605129259,0.00053396993589215286,0.00053255163232281578,0.00054015579198570961,0.00053255163232281578,0.00053396993589215286,0.00052130677605129259],[0.00053396993589215286,0.000546351789219529,0.00054521520124564367,0.000552537873001874,0.00054521520124564367,0.000546351789219529,0.00053396993589215286],[0.00053255163232281578,0.00054521520124564367,0.00054886864223268044,0.00055252841529143453,0.00054886864223268044,0.00054521520124564367,0.00053255163232281578],[0.00054015579198570961,0.000552537873001874,0.00055252841529143453,0.00055928763575335686,0.00055252841529143453,0.000552537873001874,0.00054015579198570961],[0.00053255163232281578,0.00054521520124564367,0.00054886864223268044,0.00055252841529143453,0.00054886864223268044,0.00054521520124564378,0.000532551632322816],[0.00053396993589215286,0.000546351789219529,0.00054521520124564367,0.000552537873001874,0.00054521520124564378,0.00054635178921952907,0.00053396993589215308],[0.00052130677605129259,0.00053396993589215286,0.00053255163232281578,0.00054015579198570961,0.000532551632322816,0.00053396993589215308,0.00052130677605129281]],[[0.00054030202422833244,0.0005529658562254408,0.000551547478794211,0.00055915204538181825,0.000551547478794211,0.0005529658562254408,0.00054030202422833244],[0.0005529658562254408,0.00056534834434688089,0.00056421169947365793,0.00057153474992562567,0.00056421169947365793,0.00056534834434688089,0.0005529658562254408],[0.000551547478794211,0.00056421169947365793,0.00056786532841767074,0.00057152528974459607,0.00056786532841767074,0.00056421169947365793,0.000551547478794211],[0.00055915204538181825,0.00057153474992562567,0.00057152528974459607,0.00057828485605472015,0.00057152528974459607,0.00057153474992562567,0.00055915204538181825],[0.000551547478794211,0.00056421169947365793,0.00056786532841767074,0.00057152528974459607,0.00056786532841767074,0.00056421169947365793,0.000551547478794211],[0.0005529658562254408,0.00056534834434688089,0.00056421169947365793,0.00057153474992562567,0.00056421169947365793,0.000565348344346881,0.00055296585622544091],[0.00054030202422833244,0.0005529658562254408,0.000551547478794211,0.00055915204538181825,0.000551547478794211,0.00055296585622544091,0.00054030202422833255]],[[0.00055929825491062772,0.00057196272480859592,0.00057054427732284923,0.00057814923022376109,0.00057054427732284923,0.00057196272480859592,0.00055929825491062772],[0.00057196272480859592,0.00058434581442782618,0.00058320911569141143,0.00059053252511783024,0.00058320911569141143,0.00058434581442782618,0.00057196272480859592],[0.00057054427732284923,0.00058320911569141143,0.00058686292276297015,0.00059052306251169658,0.00058686292276297015,0.00058320911569141143,0.00057054427732284923],[0.00057814923022376109,0.00059053252511783024,0.00059052306251169658,0.00059728295650350528,0.00059052306251169669,0.00059053252511783024,0.00057814923022376109],[0.00057054427732284923,0.00058320911569141143,0.00058686292276297015,0.00059052306251169669,0.00058686292276297026,0.00058320911569141143,0.00057054427732284923],[0.00057196272480859592,0.00058434581442782618,0.00058320911569141143,0.00059053252511783024,0.00058320911569141143,0.00058434581442782629,0.000571962724808596],[0.00055929825491062772,0.00057196272480859592,0.00057054427732284923,0.00057814923022376109,0.00057054427732284923,0.000571962724808596,0.00055929825491062783]],[[0.00057829541691058087,0.00059096049069510116,0.00058954197694572154,0.00059714729570794719,0.00058954197694572154,0.00059096049069510116,0.00057829541691058087],[0.00059096049069510116,0.00060334414867489912,0.00060220739910417137,0.00060953114788911986,0.00060220739910417137,0.00060334414867489912,0.00059096049069510116],[0.00058954197694572154,0.00060220739910417137,0.00060586137452266079,0.00060952168289567655,0.00060586137452266079,0.00060220739910417137,0.00058954197694572154],[0.00059714729570794719,0.00060953114788911986,0.00060952168289567655,0.000616281886485813,0.00060952168289567655,0.00060953114788911986,0.00059714729570794719],[0.00058954197694572154,0.00060220739910417137,0.00060586137452266079,0.00060952168289567655,0.00060586137452266079,0.00060220739910417137,0.00058954197694572154],[0.00059096049069510116,0.00060334414867489912,0.00060220739910417137,0.00060953114788911986,0.00060220739910417137,0.00060334414867489912,0.00059096049069510116],[0.00057829541691058087,0.00059096049069510116,0.00058954197694572154,0.00059714729570794719,0.00058954197694572154,0.00059096049069510116,0.000578295416910581]],[[0.00059729345932111558,0.0006099591031149959,0.00060854052688449835,0.000616146191149126,0.00060854052688449835,0.0006099591031149959,0.00059729345932111558],[0.0006099591031149959,0.00062234329639201111,0.00062120649901423121,0.00062853056759432319,0.00062120649901423121,0.00062234329639201111,0.0006099591031149959],[0.00060854052688449835,0.00062120649901423121,0.00062486063302239,0.0006285211002455413,0.00062486063302239,0.00062120649901423121,0.00060854052688449835],[0.000616146191149126,0.00062853056759432319,0.0006285211002455413,0.00063528159538839073,0.0006285211002455413,0.00062853056759432319,0.000616146191149126],[0.00060854052688449835,0.00062120649901423121,0.00062486063302239,0.0006285211002455413,0.00062486063302239,0.00062120649901423121,0.00060854052688449835],[0.0006099591031149959,0.00062234329639201111,0.00062120649901423121,0.00062853056759432319,0.00062120649901423121,0.00062234329639201111,0.0006099591031149959],[0.00059729345932111558,0.0006099591031149959,0.00060854052688449835,0.000616146191149126,0.00060854052688449835,0.0006099591031149959,0.00059729345932111558]],[[0.00061629233137546955,0.00062895851135383882,0.00062753987642389167,0.000635145865871977,0.00062753987642389167,0.00062895851135383882,0.00061629233137546955],[0.00062895851135383882,0.000641343206864812,0.00064020636471118274,0.00064753073353057049,0.00064020636471118274,0.000641343206864812,0.00062895851135383882],[0.00062753987642389167,0.00064020636471118274,0.0006438606475531488,0.00064752126385365374,0.0006438606475531488,0.00064020636471118274,0.00062753987642389167],[0.000635145865871977,0.00064753073353057049,0.00064752126385365374,0.000654282032501672,0.00064752126385365374,0.00064753073353057049,0.000635145865871977],[0.00062753987642389167,0.00064020636471118274,0.0006438606475531488,0.00064752126385365374,0.0006438606475531488,0.00064020636471118274,0.00062753987642389167],[0.00062895851135383882,0.000641343206864812,0.00064020636471118274,0.00064753073353057049,0.00064020636471118274,0.000641343206864812,0.00062895851135383882],[0.00061629233137546955,0.00062895851135383882,0.00062753987642389167,0.000635145865871977,0.00062753987642389167,0.00062895851135383882,0.00061629233137546955]],[[0.00063529198232871074,0.00064795866464466615,0.00064653997480329517,0.0006541462691099652,0.00064653997480329517,0.00064795866464466615,0.00063529198232871074],[0.00064795866464466615,0.00066034382925855893,0.00065920694536977,0.00066653159483927413,0.00065920694536977,0.00066034382925855893,0.00064795866464466615],[0.00064653997480329517,0.00065920694536977,0.00066286136727096271,0.00066652212285725964,0.00066286136727096271,0.00065920694536977,0.00064653997480329517],[0.0006541462691099652,0.00066653159483927413,0.00066652212285725964,0.00067328314692426117,0.00066652212