{"M_cells":[[[0,0,0,0,0,0],[0,0,0,0,0,0],[0,0,0,0,0,0],[0,0,0,0,0,0],[0,0,0,0,0,0],[0,0,0,0,0,0]],[[0.00072512624145998057,0.0017727967246488109,0.0022332588750532414,0.0022332588750532414,0.0017727967246488109,0.00072512624145998057],[0.0017727967246488109,0.0033537790168193119,0.004114689001233897,0.0041146890012338979,0.0033537790168193119,0.0017727967246488109],[0.0022332588750532414,0.004114689001233897,0.0050258598745690514,0.0050258598745690514,0.004114689001233897,0.0022332588750532414],[0.0022332588750532414,0.0041146890012338979,0.0050258598745690514,0.0050258598745690514,0.0041146890012338979,0.0022332588750532414],[0.0017727967246488109,0.0033537790168193119,0.004114689001233897,0.0041146890012338979,0.0033537790168193119,0.0017727967246488109],[0.00072512624145998057,0.0017727967246488109,0.0022332588750532414,0.0022332588750532414,0.0017727967246488109,0.00072512624145998057]],[[0.0028072997773361539,0.00443146103525512,0.00519434143861188,0.00519434143861188,0.00443146103525512,0.0028072997773361539],[0.00443146103525512,0.0061673437931336894,0.007052155536767908,0.007052155536767908,0.0061673437931336894,0.00443146103525512],[0.00519434143861188,0.007052155536767908,0.007997952779903875,0.007997952779903875,0.007052155536767908,0.0051943414386118785],[0.00519434143861188,0.007052155536767908,0.007997952779903875,0.007997952779903875,0.007052155536767908,0.00519434143861188],[0.00443146103525512,0.0061673437931336894,0.007052155536767908,0.007052155536767908,0.0061673437931336894,0.00443146103525512],[0.0028072997773361539,0.00443146103525512,0.0051943414386118785,0.00519434143861188,0.00443146103525512,0.0028072997773361539]],[[0.0054066492137329536,0.0072136155089086657,0.0080927788122400358,0.0080927788122400358,0.0072136155089086657,0.0054066492137329536],[0.0072136155089086657,0.0089902895754950148,0.009914743035969252,0.009914743035969252,0.0089902895754950148,0.0072136155089086657],[0.0080927788122400358,0.009914743035969252,0.010861849104474564,0.010861849104474564,0.009914743035969252,0.0080927788122400358],[0.0080927788122400358,0.009914743035969252,0.010861849104474564,0.010861849104474564,0.009914743035969252,0.0080927788122400358],[0.0072136155089086657,0.0089902895754950148,0.009914743035969252,0.009914743035969252,0.0089902895754950148,0.0072136155089086657],[0.0054066492137329536,0.0072136155089086657,0.0080927788122400358,0.0080927788122400358,0.0072136155089086657,0.0054066492137329536]],[[0.0081685909160962231,0.010033560495862456,0.010955693757892531,0.010955693757892531,0.010033560495862456,0.0081685909160962231],[0.010033560495862456,0.011824623625804276,0.01276343411549349,0.01276343411549349,0.011824623625804276,0.010033560495862456],[0.010955693757892531,0.01276343411549349,0.013710585996347967,0.013710585996347967,0.01276343411549349,0.010955693757892531],[0.010955693757892531,0.01276343411549349,0.013710585996347967,0.013710585996347967,0.01276343411549349,0.010955693757892531],[0.010033560495862456,0.011824623625804276,0.01276343411549349,0.01276343411549349,0.011824623625804276,0.010033560495862456],[0.0081685909160962231,0.010033560495862456,0.010955693757892531,0.010955693757892531,0.010033560495862456,0.0081685909160962231]],[[0.010982971785527691,0.012867107583573605,0.013805053604901063,0.013805053604901063,0.012867107583573605,0.010982971785527691],[0.012867107583573605,0.014663432425676675,0.015607512004405038,0.015607512004405038,0.014663432425676677,0.012867107583573605],[0.013805053604901063,0.015607512004405038,0.01655465938163771,0.01655465938163771,0.015607512004405038,0.013805053604901061],[0.013805053604901063,0.015607512004405038,0.01655465938163771,0.01655465938163771,0.015607512004405038,0.013805053604901061],[0.012867107583573605,0.014663432425676677,0.015607512004405038,0.015607512004405038,0.014663432425676675,0.012867107583573604],[0.010982971785527691,0.012867107583573605,0.013805053604901061,0.013805053604901061,0.012867107583573604,0.010982971785527691]],[[0.013814942536022164,0.015705632950663306,0.016649392290599512,0.016649392290599512,0.015705632950663306,0.013814942536022164],[0.015705632950663306,0.01750388265930352,0.01844989528044742,0.01844989528044742,0.01750388265930352,0.015705632950663306],[0.016649392290599512,0.01844989528044742,0.019397034914556514,0.019397034914556514,0.01844989528044742,0.016649392290599512],[0.016649392290599512,0.01844989528044742,0.019397034914556514,0.019397034914556514,0.01844989528044742,0.016649392290599512],[0.015705632950663306,0.01750388265930352,0.01844989528044742,0.01844989528044742,0.01750388265930352,0.015705632950663302],[0.013814942536022164,0.015705632950663306,0.016649392290599512,0.016649392290599512,0.015705632950663302,0.013814942536022163]],[[0.016652990532935039,0.018545972626340741,0.019491865392358556,0.019491865392358556,0.018545972626340741,0.016652990532935039],[0.018545972626340741,0.02034491922700904,0.02129163720075767,0.02129163720075767,0.02034491922700904,0.018545972626340741],[0.019491865392358556,0.02129163720075767,0.022238767912077684,0.022238767912077684,0.02129163720075767,0.019491865392358556],[0.019491865392358556,0.02129163720075767,0.022238767912077684,0.022238767912077684,0.02129163720075767,0.019491865392358556],[0.018545972626340741,0.02034491922700904,0.02129163720075767,0.02129163720075767,0.020344919227009036,0.018545972626340734],[0.016652990532935039,0.018545972626340741,0.019491865392358556,0.019491865392358556,0.018545972626340734,0.016652990532935036]],[[0.019493172337183173,0.0213869608822484,0.022333632479543213,0.022333632479543213,0.0213869608822484,0.019493172337183173],[0.0213869608822484,0.023186151146420132,0.024133122039818898,0.024133122039818898,0.023186151146420132,0.0213869608822484],[0.022333632479543213,0.024133122039818898,0.025080242626752472,0.025080242626752472,0.024133122039818898,0.022333632479543213],[0.022333632479543213,0.024133122039818898,0.025080242626752472,0.025080242626752468,0.024133122039818895,0.022333632479543213],[0.0213869608822484,0.023186151146420132,0.024133122039818898,0.024133122039818895,0.023186151146420128,0.021386960882248396],[0.019493172337183173,0.0213869608822484,0.022333632479543213,0.022333632479543213,0.021386960882248396,0.019493172337183166]],[[0.022334100501563689,0.024228166237147762,0.025175117459334234,0.025175117459334234,0.024228166237147762,0.022334100501563689],[0.024228166237147762,0.026027431588163605,0.02697448800772332,0.02697448800772332,0.026027431588163605,0.024228166237147762],[0.025175117459334234,0.02697448800772332,0.027921597038579854,0.027921597038579854,0.02697448800772332,0.025175117459334234],[0.025175117459334234,0.02697448800772332,0.027921597038579854,0.027921597038579854,0.026974488007723316,0.025175117459334234],[0.024228166237147762,0.026027431588163605,0.02697448800772332,0.026974488007723316,0.026027431588163598,0.024228166237147755],[0.022334100501563689,0.024228166237147762,0.025175117459334234,0.025175117459334234,0.024228166237147755,0.022334100501563682]],[[0.025175276413588368,0.027069426771629664,0.028016472951646294,0.028016472951646294,0.027069426771629664,0.025175276413588368],[0.027069426771629664,0.0288687030068782,0.02981578224614316,0.02981578224614316,0.0288687030068782,0.027069426771629664],[0.028016472951646294,0.02981578224614316,0.030762878015129197,0.030762878015129193,0.02981578224614316,0.028016472951646294],[0.028016472951646294,0.02981578224614316,0.030762878015129193,0.030762878015129193,0.02981578224614316,0.028016472951646294],[0.027069426771629664,0.0288687030068782,0.02981578224614316,0.02981578224614316,0.0288687030068782,0.027069426771629664],[0.025175276413588368,0.027069426771629664,0.028016472951646294,0.028016472951646294,0.027069426771629664,0.025175276413588368]],[[0.028016516541837677,0.029910679196122145,0.030857751212540252,0.030857751212540252,0.029910679196122145,0.028016516541837677],[0.029910679196122145,0.031709940176271136,0.032657017866947635,0.032657017866947635,0.031709940176271136,0.029910679196122145],[0.030857751212540252,0.032657017866947635,0.03360409838981776,0.03360409838981776,0.032657017866947635,0.030857751212540252],[0.030857751212540252,0.032657017866947635,0.03360409838981776,0.03360409838981776,0.032657017866947635,0.030857751212540252],[0.029910679196122145,0.031709940176271136,0.032657017866947635,0.032657017866947635,0.031709940176271136,0.029910679196122145],[0.028016516541837677,0.029910679196122145,0.030857751212540252,0.030857751212540252,0.029910679196122145,0.028016516541837677]],[[0.030857750203688691,0.0327518959888415,0.033698967057096789,0.033698967057096789,0.0327518959888415,0.030857750203688691],[0.0327518959888415,0.034551129257792954,0.03549819496687,0.03549819496687,0.034551129257792954,0.0327518959888415],[0.033698967057096789,0.03549819496687,0.03644525798912953,0.03644525798912953,0.03549819496687,0.033698967057096789],[0.033698967057096789,0.03549819496687,0.03644525798912953,0.03644525798912953,0.03549819496687,0.033698967057096789],[0.0327518959888415,0.034551129257792954,0.03549819496687,0.03549819496687,0.034551129257792954,0.0327518959888415],[0.030857750203688691,0.0327518959888415,0.033698967057096789,0.033698967057096789,0.0327518959888415,0.030857750203688691]],[[0.03369894715818747,0.035593062293517531,0.036540121038426979,0.036540121038426979,0.035593062293517531,0.03369894715818747],[0.035593062293517531,0.0373922601240262,0.038339308383510393,0.038339308383510393,0.0373922601240262,0.035593062293517531],[0.036540121038426979,0.038339308383510393,0.039286351391753863,0.039286351391753863,0.038339308383510393,0.036540121038426979],[0.036540121038426979,0.038339308383510393,0.039286351391753863,0.039286351391753863,0.038339308383510393,0.036540121038426979],[0.035593062293517531,0.0373922601240262,0.038339308383510393,0.038339308383510393,0.0373922601240262,0.035593062293517531],[0.03369894715818747,0.035593062293517531,0.036540121038426979,0.036540121038426979,0.035593062293517531,0.03369894715818747]],[[0.036540091430511422,0.038434167442321657,0.039381207998388658,0.039381207998388658,0.038434167442321657,0.036540091430511422],[0.038434167442321657,0.04023332355466986,0.041180350568281419,0.041180350568281419,0.04023332355466986,0.038434167442321657],[0.039381207998388658,0.041180350568281419,0.042127370801186149,0.042127370801186149,0.041180350568281419,0.039381207998388658],[0.039381207998388658,0.041180350568281419,0.042127370801186149,0.042127370801186149,0.041180350568281419,0.039381207998388658],[0.038434167442321657,0.04023332355466986,0.041180350568281419,0.041180350568281419,0.04023332355466986,0.038434167442321657],[0.036540091430511422,0.038434167442321657,0.039381207998388658,0.039381207998388658,0.038434167442321657,0.036540091430511422]],[[0.039381171800844175,0.04127520185570159,0.042222220231330765,0.042222220231330765,0.04127520185570159,0.039381171800844175],[0.04127520185570159,0.0430743102209839,0.044021312658221595,0.044021312658221595,0.0430743102209839,0.04127520185570159],[0.042222220231330765,0.044021312658221595,0.04496830711594331,0.04496830711594331,0.044021312658221595,0.042222220231330765],[0.042222220231330765,0.044021312658221595,0.04496830711594331,0.04496830711594331,0.044021312658221595,0.042222220231330765],[0.04127520185570159,0.0430743102209839,0.044021312658221595,0.044021312658221595,0.0430743102209839,0.04127520185570159],[0.039381171800844175,0.04127520185570159,0.042222220231330765,0.042222220231330765,0.04127520185570159,0.039381171800844175]],[[0.042222178344208418,0.044116155916316131,0.045063148661395921,0.045063148661395921,0.044116155916316131,0.042222178344208418],[0.044116155916316131,0.045915210324077506,0.046862184880915217,0.046862184880915217,0.045915210324077506,0.044116155916316131],[0.045063148661395921,0.046862184880915217,0.047809150332490849,0.047809150332490849,0.046862184880915217,0.045063148661395921],[0.045063148661395921,0.046862184880915217,0.047809150332490849,0.047809150332490849,0.046862184880915217,0.045063148661395921],[0.044116155916316131,0.045915210324077506,0.046862184880915217,0.046862184880915217,0.045915210324077506,0.044116155916316131],[0.042222178344208418,0.044116155916316131,0.045063148661395921,0.045063148661395921,0.044116155916316131,0.042222178344208418]],[[0.045063101175475531,0.046957019565228367,0.047903983284843729,0.047903983284843729,0.046957019565228367,0.045063101175475531],[0.046957019565228367,0.048756013469815312,0.049702956710136366,0.049702956710136366,0.048756013469815312,0.046957019565228367],[0.047903983284843729,0.049702956710136366,0.050649889698834077,0.050649889698834077,0.049702956710136366,0.047903983284843729],[0.047903983284843729,0.049702956710136366,0.050649889698834077,0.050649889698834077,0.049702956710136366,0.047903983284843729],[0.046957019565228367,0.048756013469815312,0.049702956710136366,0.049702956710136366,0.048756013469815312,0.046957019565228367],[0.045063101175475531,0.046957019565228367,0.047903983284843729,0.047903983284843729,0.046957019565228367,0.045063101175475531]],[[0.047903929997949922,0.049797782159995169,0.050744713338167276,0.050744713338167276,0.049797782159995169,0.047903929997949922],[0.049797782159995169,0.051596708627101383,0.05254361692617613,0.05254361692617613,0.051596708627101383,0.049797782159995169],[0.050744713338167276,0.05254361692617613,0.053490513772861938,0.053490513772861938,0.05254361692617613,0.050744713338167276],[0.050744713338167276,0.05254361692617613,0.053490513772861938,0.053490513772861938,0.05254361692617613,0.050744713338167276],[0.049797782159995169,0.051596708627101383,0.05254361692617613,0.05254361692617613,0.051596708627101383,0.049797782159995169],[0.047903929997949922,0.049797782159995169,0.050744713338167276,0.050744713338167276,0.049797782159995169,0.047903929997949922]],[[0.0507446539430181,0.052638432425530769,0.053585327361803083,0.053585327361803083,0.052638432425530769,0.0507446539430181],[0.052638432425530769,0.054437284113418194,0.055384153637760468,0.055384153637760468,0.054437284113418194,0.052638432425530769],[0.053585327361803083,0.055384153637760468,0.056331010442397231,0.056331010442397231,0.055384153637760468,0.053585327361803083],[0.053585327361803083,0.055384153637760468,0.056331010442397231,0.056331010442397231,0.055384153637760468,0.053585327361803083],[0.052638432425530769,0.054437284113418194,0.055384153637760468,0.055384153637760468,0.054437284113418194,0.052638432425530769],[0.0507446539430181,0.052638432425530769,0.053585327361803083,0.053585327361803083,0.052638432425530769,0.0507446539430181]],[[0.053585261513200345,0.055478958435779574,0.0564258132221861,0.0564258132221861,0.055478958435779574,0.053585261513200345],[0.055478958435779574,0.057277727587227253,0.058224554286753577,0.058224554286753577,0.057277727587227253,0.055478958435779574],[0.0564258132221861,0.058224554286753577,0.059171366928158296,0.059171366928158296,0.058224554286753577,0.0564258132221861],[0.0564258132221861,0.058224554286753577,0.059171366928158296,0.059171366928158296,0.058224554286753577,0.0564258132221861],[0.055478958435779574,0.057277727587227253,0.058224554286753577,0.058224554286753577,0.057277727587227253,0.055478958435779574],[0.053585261513200345,0.055478958435779574,0.0564258132221861,0.0564258132221861,0.055478958435779574,0.053585261513200345]],[[0.056425740559960538,0.058319347603634289,0.059266158115472513,0.059266158115472513,0.058319347603634289,0.056425740559960538],[0.058319347603634289,0.060118026039948251,0.061064805643658959,0.061064805643658959,0.060118026039948251,0.058319347603634289],[0.059266158115472513,0.061064805643658959,0.062011569777638685,0.062011569777638685,0.061064805643658966,0.059266158115472513],[0.059266158115472513,0.061064805643658959,0.062011569777638685,0.062011569777638692,0.061064805643658966,0.059266158115472513],[0.058319347603634289,0.060118026039948251,0.061064805643658966,0.061064805643658966,0.060118026039948251,0.058319347603634289],[0.056425740559960538,0.058319347603634289,0.059266158115472513,0.059266158115472513,0.058319347603634289,0.056425740559960538]],[[0.059266078271270756,0.061159586671011075,0.06210634856170421,0.06210634856170421,0.061159586671011075,0.059266078271270756],[0.061159586671011075,0.062958165785027248,0.063904893797042228,0.063904893797042228,0.062958165785027248,0.061159586671011075],[0.06210634856170421,0.063904893797042228,0.0648516048530168,0.0648516048530168,0.063904893797042228,0.06210634856170421],[0.06210634856170421,0.063904893797042228,0.0648516048530168,0.0648516048530168,0.063904893797042228,0.06210634856170421],[0.061159586671011075,0.062958165785027248,0.063904893797042228,0.063904893797042228,0.062958165785027248,0.061159586671011075],[0.059266078271270756,0.061159586671011075,0.06210634856170421,0.06210634856170421,0.061159586671011075,0.059266078271270756]],[[0.062106261159945789,0.063999661696285251,0.064946370392830646,0.064946370392830646,0.063999661696285251,0.062106261159945789],[0.063999661696285251,0.065798132443342927,0.066744804138185856,0.066744804138185856,0.065798132443342927,0.063999661696285251],[0.064946370392830646,0.066744804138185856,0.067691457314389913,0.067691457314389913,0.066744804138185856,0.064946370392830646],[0.064946370392830646,0.066744804138185856,0.067691457314389913,0.067691457314389913,0.066744804138185856,0.064946370392830646],[0.063999661696285251,0.065798132443342927,0.066744804138185856,0.066744804138185856,0.065798132443342927,0.063999661696285251],[0.062106261159945789,0.063999661696285251,0.064946370392830646,0.064946370392830646,0.063999661696285251,0.062106261159945789]],[[0.064946275049602,0.066839558038198466,0.067786208735963846,0.067786208735963846,0.066839558038198466,0.064946275049602],[0.066839558038198466,0.068637910924790713,0.069584521341559208,0.069584521341559208,0.068637910924790713,0.066839558038198466],[0.067786208735963846,0.069584521341559208,0.070531111598899063,0.070531111598899063,0.069584521341559208,0.067786208735963846],[0.067786208735963846,0.069584521341559208,0.070531111598899063,0.070531111598899063,0.069584521341559208,0.067786208735963846],[0.066839558038198466,0.068637910924790713,0.069584521341559208,0.069584521341559208,0.068637910924790713,0.066839558038198466],[0.064946275049602,0.066839558038198466,0.067786208735963846,0.067786208735963846,0.066839558038198466,0.064946275049602]],[[0.067786105057230345,0.069679260336038024,0.070625847992484253,0.070625847992484253,0.069679260336038024,0.067786105057230345],[0.069679260336038024,0.07147748540609114,0.072424029341412177,0.072424029341412177,0.07147748540609114,0.069679260336038024],[0.070625847992484253,0.072424029341412177,0.073370551396037181,0.073370551396037181,0.072424029341412177,0.070625847992484253],[0.070625847992484253,0.072424029341412177,0.073370551396037181,0.073370551396037181,0.072424029341412177,0.070625847992484253],[0.069679260336038024,0.07147748540609114,0.072424029341412177,0.072424029341412177,0.07147748540609114,0.069679260336038024],[0.067786105057230345,0.069679260336038024,0.070625847992484253,0.070625847992484253,0.069679260336038024,0.067786105057230345]],[[0.070625735572106954,0.0725187524860886,0.073465271813307573,0.073465271813307573,0.0725187524860886,0.070625735572106954],[0.0725187524860886,0.074316839304901336,0.075263311304662947,0.075263311304662947,0.074316839304901336,0.0725187524860886],[0.073465271813307573,0.075263311304662947,0.07620975961929391,0.07620975961929391,0.075263311304662947,0.073465271813307573],[0.073465271813307573,0.075263311304662947,0.07620975961929391,0.07620975961929391,0.075263311304662947,0.073465271813307573],[0.0725187524860886,0.074316839304901336,0.075263311304662947,0.075263311304662947,0.074316839304901336,0.0725187524860886],[0.070625735572106954,0.0725187524860886,0.073465271813307573,0.073465271813307573,0.0725187524860886,0.070625735572106954]],[[0.073465150231022638,0.0753580176144108,0.076304463070450648,0.076304463070450648,0.0753580176144108,0.073465150231022638],[0.0753580176144108,0.07715595525028722,0.078102349600156426,0.078102349600156426,0.07715595525028722,0.0753580176144108],[0.076304463070450648,0.078102349600156426,0.079048718374199287,0.079048718374199287,0.078102349600156426,0.076304463070450648],[0.076304463070450648,0.078102349600156426,0.079048718374199287,0.079048718374199287,0.078102349600156426,0.076304463070450648],[0.0753580176144108,0.07715595525028722,0.078102349600156426,0.078102349600156426,0.07715595525028722,0.0753580176144108],[0.073465150231022638,0.0753580176144108,0.076304463070450648,0.076304463070450648,0.0753580176144108,0.073465150231022638]],[[0.0763043318898607,0.078197038046004627,0.079143403824984165,0.079143403824984165,0.078197038046004627,0.0763043318898607],[0.078197038046004627,0.079994815049601931,0.080941125764337318,0.080941125764337318,0.079994815049601931,0.078197038046004627],[0.079143403824984165,0.080941125764337318,0.0818874089227947,0.0818874089227947,0.080941125764337318,0.079143403824984165],[0.079143403824984165,0.080941125764337318,0.0818874089227947,0.0818874089227947,0.080941125764337318,0.079143403824984165],[0.078197038046004627,0.079994815049601931,0.080941125764337318,0.080941125764337318,0.079994815049601931,0.078197038046004627],[0.0763043318898607,0.078197038046004627,0.079143403824984165,0.079143403824984165,0.078197038046004627,0.0763043318898607]],[[0.079143262591559668,0.081035795270363864,0.0819820752913842,0.0819820752913842,0.081035795270363864,0.079143262591559668],[0.081035795270363864,0.082833399651755915,0.08377962046331755,0.08377962046331755,0.082833399651755915,0.081035795270363864],[0.0819820752913842,0.08377962046331755,0.084725811644497037,0.084725811644497037,0.08377962046331755,0.0819820752913842],[0.0819820752913842,0.08377962046331755,0.084725811644497037,0.084725811644497037,0.08377962046331755,0.0819820752913842],[0.081035795270363864,0.082833399651755915,0.08377962046331755,0.08377962046331755,0.082833399651755915,0.081035795270363864],[0.079143262591559668,0.081035795270363864,0.0819820752913842,0.0819820752913842,0.081035795270363864,0.079143262591559668]],[[0.081981923530460313,0.0838742699034057,0.084820457798256574,0.084820457798256574,0.0838742699034057,0.081981923530460313],[0.0838742699034057,0.085671689106839144,0.086617813451284956,0.086617813451284956,0.085671689106839144,0.0838742699034057],[0.084820457798256574,0.086617813451284956,0.087563905993290142,0.087563905993290142,0.086617813451284956,0.084820457798256574],[0.084820457798256574,0.086617813451284956,0.087563905993290142,0.087563905993290142,0.086617813451284956,0.084820457798256574],[0.0838742699034057,0.085671689106839144,0.086617813451284956,0.086617813451284956,0.085671689106839144,0.0838742699034057],[0.081981923530460313,0.0838742699034057,0.084820457798256574,0.084820457798256574,0.0838742699034057,0.081981923530460313]],[[0.08482029501301129,0.086712441645727931,0.087658530745366378,0.087658530745366378,0.086712441645727931,0.08482029501301129],[0.086712441645727931,0.088509662522020527,0.089455683525163365,0.089455683525163365,0.088509662522020527,0.086712441645727931],[0.087658530745366378,0.089455683525163365,0.09040167045113949,0.09040167045113949,0.089455683525163365,0.087658530745366378],[0.087658530745366378,0.089455683525163365,0.09040167045113949,0.09040167045113949,0.089455683525163365,0.087658530745366378],[0.086712441645727931,0.088509662522020527,0.089455683525163365,0.089455683525163365,0.088509662522020527,0.086712441645727931],[0.08482029501301129,0.086712441645727931,0.087658530745366378,0.087658530745366378,0.086712441645727931,0.08482029501301129]],[[0.08765835641475149,0.089550289237082567,0.090496272556860019,0.090496272556860019,0.089550289237082567,0.08765835641475149],[0.089550289237082567,0.091347298013592107,0.09229320847538261,0.09229320847538261,0.091347298013592107,0.089550289237082567],[0.090496272556860019,0.09229320847538261,0.093239082477476823,0.093239082477476823,0.09229320847538261,0.090496272556860019],[0.090496272556860019,0.09229320847538261,0.093239082477476823,0.093239082477476823,0.09229320847538261,0.090496272556860019],[0.089550289237082567,0.091347298013592107,0.09229320847538261,0.09229320847538261,0.091347298013592107,0.089550289237082567],[0.08765835641475149,0.089550289237082567,0.090496272556860019,0.090496272556860019,0.089550289237082567,0.08765835641475149]],[[0.090496086133472819,0.092387790406943213,0.093333660630543561,0.093333660630543561,0.092387790406943213,0.090496086133472819],[0.092387790406943213,0.094184572655012261,0.095130365032599848,0.095130365032599848,0.094184572655012261,0.092387790406943213],[0.093333660630543561,0.095130365032599848,0.09607611845458279,0.09607611845458279,0.095130365032599848,0.093333660630543561],[0.093333660630543561,0.095130365032599848,0.09607611845458279,0.09607611845458279,0.095130365032599848,0.093333660630543561],[0.092387790406943213,0.094184572655012261,0.095130365032599848,0.095130365032599848,0.094184572655012261,0.092387790406943213],[0.090496086133472819,0.092387790406943213,0.093333660630543561,0.093333660630543561,0.092387790406943213,0.090496086133472819]],[[0.093333461538409448,0.095224921820988143,0.096170671283020454,0.096170671283020454,0.095224921820988143,0.093333461538409448],[0.095224921820988143,0.09702146242074125,0.097967128810149781,0.097967128810149781,0.09702146242074125,0.095224921820988143],[0.096170671283020454,0.097967128810149781,0.098912753628632111,0.098912753628632111,0.097967128810149781,0.096170671283020454],[0.096170671283020454,0.097967128810149781,0.098912753628632111,0.098912753628632111,0.097967128810149781,0.096170671283020454],[0.095224921820988143,0.09702146242074125,0.097967128810149781,0.097967128810149781,0.09702146242074125,0.095224921820988143],[0.093333461538409448,0.095224921820988143,0.096170671283020454,0.096170671283020454,0.095224921820988143,0.093333461538409448]],[[0.096170458915270318,0.098061659023293862,0.099007279690469185,0.099007279690469185,0.098061659023293862,0.096170458915270318],[0.098061659023293862,0.09985794212563999,0.10080347424198201,0.10080347424198201,0.09985794212563999,0.098061659023293862],[0.099007279690469185,0.10080347424198201,0.10174896204614638,0.10174896204614638,0.10080347424198201,0.099007279690469185],[0.099007279690469185,0.10080347424198201,0.10174896204614638,0.10174896204614638,0.10080347424198201,0.099007279690469185],[0.098061659023293862,0.09985794212563999,0.10080347424198201,0.10080347424198201,0.09985794212563999,0.098061659023293862],[0.096170458915270318,0.098061659023293862,0.099007279690469185,0.099007279690469185,0.098061659023293862,0.096170458915270318]],[[0.099007053406891574,0.10089797637397734,0.10184345982479696,0.10184345982479696,0.10089797637397734,0.099007053406891574],[0.10089797637397734,0.10269398535964647,0.10363937451578882,0.10363937451578882,0.10269398535964647,0.10089797637397734],[0.10184345982479696,0.10363937451578882,0.10458471648554352,0.10458471648554352,0.10363937451578882,0.10184345982479696],[0.10184345982479696,0.10363937451578882,0.10458471648554352,0.10458471648554352,0.10363937451578882,0.10184345982479696],[0.10089797637397734,0.10269398535964647,0.10363937451578882,0.10363937451578882,0.10269398535964647,0.10089797637397734],[0.099007053406891574,0.10089797637397734,0.10184345982479696,0.10184345982479696,0.10089797637397734,0.099007053406891574]],[[0.10184321894923308,0.10373384698199666,0.10467918438485778,0.10467918438485778,0.10373384698199666,0.10184321894923308],[0.10373384698199666,0.10552956441740902,0.10647480150098666,0.10647480150098666,0.10552956441740902,0.10373384698199666],[0.10467918438485778,0.10647480150098666,0.10741998838343211,0.10741998838343211,0.10647480150098666,0.10467918438485778],[0.10467918438485778,0.10647480150098666,0.10741998838343211,0.10741998838343211,0.10647480150098666,0.10467918438485778],[0.10373384698199666,0.10552956441740902,0.10647480150098666,0.10647480150098666,0.10552956441740902,0.10373384698199666],[0.10184321894923308,0.10373384698199666,0.10467918438485778,0.10467918438485778,0.10373384698199666,0.10184321894923308]],[[0.10467892820241974,0.10656924263277062,0.10751442472237017,0.10751442472237017,0.10656924263277062,0.10467892820241974],[0.10656924263277062,0.10836465022250409,0.10930972567115847,0.10930972567115847,0.10836465022250409,0.10656924263277062],[0.10751442472237017,0.10930972567115847,0.11025474775524219,0.11025474775524219,0.10930972567115847,0.10751442472237017],[0.10751442472237017,0.10930972567115847,0.11025474775524219,0.11025474775524219,0.10930972567115847,0.10751442472237017],[0.10656924263277062,0.10836465022250409,0.10930972567115847,0.10930972567115847,0.10836465022250409,0.10656924263277062],[0.10467892820241974,0.10656924263277062,0.10751442472237017,0.10751442472237017,0.10656924263277062,0.10467892820241974]],[[0.10751415247646071,0.10940413371022373,0.11034915076214544,0.11034915076214544,0.10940413371022373,0.10751415247646071],[0.10940413371022373,0.1111992122458189,0.11214411602052866,0.11214411602052866,0.1111992122458189,0.10940413371022373],[0.11034915076214544,0.11214411602052866,0.11308896310974614,0.11308896310974614,0.11214411602052866,0.11034915076214544],[0.11034915076214544,0.11214411602052866,0.11308896310974614,0.11308896310974614,0.11214411602052866,0.11034915076214544],[0.10940413371022373,0.1111992122458189,0.11214411602052866,0.11214411602052866,0.1111992122458189,0.10940413371022373],[0.10751415247646071,0.10940413371022373,0.11034915076214544,0.11034915076214544,0.10940413371022373,0.10751415247646071]],[[0.11034886165124141,0.11223848911280002,0.11318333091614151,0.11318333091614151,0.11223848911280002,0.11034886165124141],[0.11223848911280002,0.1140332184176024,0.11497793997395024,0.11497793997395024,0.1140332184176024,0.11223848911280002],[0.11318333091614151,0.11497793997395024,0.11592260135693078,0.11592260135693078,0.11497793997395024,0.11318333091614151],[0.11318333091614151,0.11497793997395024,0.11592260135693078,0.11592260135693078,0.11497793997395024,0.11318333091614151],[0.11223848911280002,0.1140332184176024,0.11497793997395024,0.11497793997395024,0.1140332184176024,0.11223848911280002],[0.11034886165124141,0.11223848911280002,0.11318333091614151,0.11318333091614151,0.11223848911280002,0.11034886165124141]],[[0.11318302409031518,0.11507227616296831,0.11601693199083579,0.11601693199083579,0.11507227616296831,0.11318302409031518],[0.11507227616296831,0.11686663503266537,0.11781116328986284,0.11781116328986284,0.11686663503266537,0.11507227616296831],[0.11601693199083579,0.11781116328986284,0.11875562770865745,0.11875562770865745,0.11781116328986284,0.11601693199083579],[0.11601693199083579,0.11781116328986284,0.11875562770865745,0.11875562770865745,0.11781116328986284,0.11601693199083579],[0.11507227616296831,0.11686663503266537,0.11781116328986284,0.11781116328986284,0.11686663503266537,0.11507227616296831],[0.11318302409031518,0.11507227616296831,0.11601693199083579,0.11601693199083579,0.11507227616296831,0.11318302409031518]],[[0.11601660654797585,0.1179054605096136,0.11884991908731586,0.11884991908731586,0.1179054605096136,0.11601660654797585],[0.1179054605096136,0.11969942664808805,0.12064374995556409,0.12064374995556409,0.11969942664808805,0.1179054605096136],[0.11884991908731586,0.12064374995556409,0.12158800557142987,0.12158800557142987,0.12064374995556409,0.11884991908731586],[0.11884991908731586,0.12064374995556409,0.12158800557142987,0.12158800557142987,0.12064374995556409,0.11884991908731586],[0.1179054605096136,0.11969942664808805,0.12064374995556409,0.12064374995556409,0.11969942664808805,0.1179054605096136],[0.11601660654797585,0.1179054605096136,0.11884991908731586,0.11884991908731586,0.1179054605096136,0.11601660654797585]],[[0.11884957406901675,0.12073800602270794,0.12168225549342267,0.12168225549342267,0.12073800602270794,0.11884957406901675],[0.12073800602270794,0.12253155597276819,0.12347566207409114,0.12347566207409112,0.12253155597276819,0.12073800602270794],[0.12168225549342267,0.12347566207409114,0.12441969643053934,0.12441969643053932,0.12347566207409114,0.12168225549342267],[0.12168225549342267,0.12347566207409112,0.12441969643053932,0.12441969643053932,0.12347566207409114,0.12168225549342267],[0.12073800602270794,0.12253155597276819,0.12347566207409114,0.12347566207409114,0.12253155597276819,0.12073800602270794],[0.11884957406901675,0.12073800602270794,0.12168225549342267,0.12168225549342267,0.12073800602270794,0.11884957406901675]],[[0.12168188988048753,0.12356987467949267,0.12451390256719513,0.12451390256719513,0.12356987467949267,0.12168188988048753],[0.12356987467949267,0.12536298374800031,0.12630685974188879,0.12630685974188879,0.12536298374800031,0.12356987467949267],[0.12451390256719513,0.12630685974188879,0.12725065972473446,0.12725065972473446,0.12630685974188879,0.12451390256719513],[0.12451390256719513,0.12630685974188879,0.12725065972473446,0.12725065972473446,0.12630685974188879,0.12451390256719513],[0.12356987467949267,0.12536298374800031,0.12630685974188879,0.12630685974188879,0.12536298374800028,0.12356987467949267],[0.12168188988048753,0.12356987467949267,0.12451390256719513,0.12451390256719513,0.12356987467949267,0.12168188988048753]],[[0.12451351527471306,0.12640102644139123,0.12734481961075989,0.12734481961075989,0.12640102644139123,0.12451351527471306],[0.12640102644139123,0.12819366861822859,0.1291373009163585,0.1291373009163585,0.12819366861822859,0.12640102644139123],[0.12734481961075989,0.1291373009163585,0.1300808527104764,0.1300808527104764,0.1291373009163585,0.12734481961075989],[0.12734481961075989,0.1291373009163585,0.1300808527104764,0.1300808527104764,0.1291373009163585,0.12734481961075989],[0.12640102644139123,0.12819366861822859,0.1291373009163585,0.1291373009163585,0.12819366861822859,0.12640102644139123],[0.12451351527471306,0.12640102644139123,0.12734481961075989,0.12734481961075989,0.12640102644139123,0.12451351527471306]],[[0.12734440948269726,0.129231419120707,0.13017496373371809,0.13017496373371809,0.129231419120707,0.12734440948269726],[0.129231419120707,0.13102356699096568,0.13196694127225544,0.13196694127225544,0.13102356699096568,0.129231419120707],[0.13017496373371809,0.13196694127225544,0.13291023031470731,0.13291023031470731,0.13196694127225544,0.13017496373371809],[0.13017496373371809,0.13196694127225544,0.13291023031470731,0.13291023031470731,0.13196694127225544,0.13017496373371809],[0.129231419120707,0.13102356699096568,0.13196694127225544,0.13196694127225544,0.13102356699096568,0.129231419120707],[0.12734440948269726,0.129231419120707,0.13017496373371809,0.13017496373371809,0.129231419120707,0.12734440948269726]],[[0.13017452953696421,0.13206100823605729,0.13300428970493786,0.13300428970493786,0.13206100823605729,0.13017452953696421],[0.13206100823605729,0.13385263288474891,0.13479573404576056,0.13479573404576056,0.13385263288474891,0.13206100823605729],[0.13300428970493786,0.13479573404576056,0.13573874497491803,0.13573874497491803,0.13479573404576056,0.13300428970493786],[0.13300428970493786,0.13479573404576056,0.13573874497491803,0.13573874497491803,0.13479573404576056,0.13300428970493786],[0.13206100823605729,0.13385263288474891,0.13479573404576056,0.13479573404576056,0.13385263288474891,0.13206100823605729],[0.13017452953696421,0.13206100823605729,0.13300428970493786,0.13300428970493786,0.13206100823605729,0.13017452953696421]],[[0.13300383012273223,0.13488974685538468,0.13583274979152377,0.13583274979152377,0.13488974685538468,0.13300383012273223],[0.13488974685538468,0.13668081776387192,0.1376236298649107,0.1376236298649107,0.13668081776387192,0.13488974685538468],[0.13583274979152377,0.1376236298649107,0.13856634646514585,0.13856634646514585,0.1376236298649107,0.13583274979152377],[0.13583274979152377,0.1376236298649107,0.13856634646514585,0.13856634646514585,0.1376236298649107,0.13583274979152377],[0.13488974685538468,0.13668081776387192,0.1376236298649107,0.1376236298649107,0.13668081776387192,0.13488974685538468],[0.13300383012273223,0.13488974685538468,0.13583274979152377,0.13583274979152377,0.13488974685538468,0.13300383012273223]],[[0.13583226341618779,0.13771758542518578,0.13866029358359888,0.13866029358359888,0.13771758542518578,0.13583226341618779],[0.13771758542518578,0.13950807035844293,0.14045057656489782,0.14045057656489782,0.13950807035844293,0.13771758542518578],[0.13866029358359888,0.14045057656489782,0.14139298170635792,0.14139298170635792,0.14045057656489782,0.13866029358359888],[0.13866029358359888,0.14045057656489782,0.14139298170635792,0.14139298170635792,0.14045057656489782,0.13866029358359888],[0.13771758542518578,0.13950807035844293,0.14045057656489782,0.14045057656489782,0.13950807035844293,0.13771758542518578],[0.13583226341618779,0.13771758542518578,0.13866029358359888,0.13866029358359888,0.13771758542518578,0.13583226341618779]],[[0.13865977890847009,0.14054447158444944,0.14148686780329445,0.14148686780329445,0.14054447158444944,0.13865977890847009],[0.14054447158444944,0.142334336468127,0.14327651898651877,0.14327651898651877,0.142334336468127,0.14054447158444944],[0.14148686780329445,0.14327651898651877,0.14421859455943656,0.14421859455943656,0.14327651898651877,0.14148686780329445],[0.14148686780329445,0.14327651898651877,0.14421859455943656,0.14421859455943656,0.14327651898651877,0.14148686780329445],[0.14054447158444944,0.142334336468127,0.14327651898651877,0.14327651898651877,0.142334336468127,0.14054447158444944],[0.13865977890847009,0.14054447158444944,0.14148686780329445,0.14148686780329445,0.14054447158444944,0.13865977890847009]],[[0.14148632321376053,0.14337034996160086,0.14431241609618456,0.14431241609618456,0.14337034996160086,0.14148632321376053],[0.14337034996160086,0.14515955874773034,0.14610139875586403,0.14610139875586403,0.14515955874773034,0.14337034996160086],[0.14431241609618456,0.14610139875586403,0.147043125598779,0.147043125598779,0.14610139875586403,0.14431241609618456],[0.14431241609618456,0.14610139875586403,0.147043125598779,0.147043125598779,0.14610139875586403,0.14431241609618456],[0.14337034996160086,0.14515955874773034,0.14610139875586403,0.14610139875586403,0.14515955874773034,0.14337034996160086],[0.14148632321376053,0.14337034996160086,0.14431241609618456,0.14431241609618456,0.14337034996160086,0.14148632321376053]],[[0.14431183985970647,0.14619516195245708,0.14713687880312346,0.14713687880312346,0.14619516195245708,0.14431183985970647],[0.14619516195245708,0.14798367647248134,0.14892515404302623,0.14892515404302623,0.14798367647248134,0.14619516195245708],[0.14713687880312346,0.14892515404302623,0.14986651186420519,0.14986651186420519,0.14892515404302623,0.14713687880312346],[0.14713687880312346,0.14892515404302623,0.14986651186420519,0.14986651186420519,0.14892515404302623,0.14713687880312346],[0.14619516195245708,0.14798367647248134,0.14892515404302623,0.14892515404302623,0.14798367647248134,0.14619516195245708],[0.14431183985970647,0.14619516195245708,0.14713687880312346,0.14713687880312346,0.14619516195245708,0.14431183985970647]],[[0.14713626905807742,0.14901884547699129,0.14996019271016051,0.14996019271016051,0.14901884547699129,0.14713626905807742],[0.14901884547699129,0.15080662528060576,0.15174771929731709,0.15174771929731709,0.15080662528060576,0.14901884547699129],[0.14996019271016051,0.15174771929731709,0.15268868658856161,0.15268868658856161,0.15174771929731709,0.14996019271016051],[0.14996019271016051,0.15174771929731709,0.15268868658856161,0.15268868658856161,0.15174771929731709,0.14996019271016051],[0.14901884547699129,0.15080662528060576,0.15174771929731709,0.15174771929731709,0.15080662528060576,0.14901884547699129],[0.14713626905807742,0.14901884547699129,0.14996019271016051,0.14996019271016051,0.14901884547699129,0.14713626905807742]],[[0.14995954745335438,0.1518413347123343,0.15278229077386019,0.15278229077386019,0.1518413347123343,0.1499595