{"M_cells":[[[0,0,0,0,0,0,0],[0,0,0,0,0,0,0],[0,0,0,0,0,0,0],[0,0,0,0,0,0,0],[0,0,0,0,0,0,0],[0,0,0,0,0,0,0],[0,0,0,0,0,0,0]],[[1.4204100896159175E-9,8.208094187587925E-9,7.3026071572626969E-9,1.068341881785675E-8,7.3026071572626969E-9,8.208094187587925E-9,1.4204100896159175E-9],[8.208094187587925E-9,3.4981536457729808E-8,3.1975863784447258E-8,4.5187904639599565E-8,3.1975863784447258E-8,3.4981536457729808E-8,8.208094187587925E-9],[7.3026071572626969E-9,3.1975863784447258E-8,3.9256210064123523E-8,4.657632747944E-8,3.9256210064123523E-8,3.1975863784447258E-8,7.3026071572626969E-9],[1.068341881785675E-8,4.5187904639599565E-8,4.657632747944E-8,6.14546951046997E-8,4.657632747944E-8,4.5187904639599565E-8,1.0683418817856751E-8],[7.3026071572626969E-9,3.1975863784447258E-8,3.9256210064123523E-8,4.657632747944E-8,3.9256210064123523E-8,3.1975863784447258E-8,7.3026071572626977E-9],[8.208094187587925E-9,3.4981536457729808E-8,3.1975863784447258E-8,4.5187904639599565E-8,3.1975863784447258E-8,3.4981536457729808E-8,8.208094187587925E-9],[1.4204100896159175E-9,8.208094187587925E-9,7.3026071572626969E-9,1.0683418817856751E-8,7.3026071572626977E-9,8.208094187587925E-9,1.4204100896159175E-9]],[[9.9834531051179481E-9,3.2861960796008034E-8,2.9845500976582151E-8,4.1598493582823037E-8,2.9845500976582151E-8,3.2861960796008034E-8,9.9834531051179481E-9],[3.2861960796008034E-8,8.6399421815159663E-8,8.0462988065490463E-8,1.0791436801514089E-7,8.0462988065490463E-8,8.6399421815159663E-8,3.2861960796008034E-8],[2.9845500976582151E-8,8.0462988065490463E-8,9.5307037588779586E-8,1.1020472060934964E-7,9.5307037588779586E-8,8.0462988065490463E-8,2.9845500976582151E-8],[4.1598493582823037E-8,1.0791436801514089E-7,1.1020472060934964E-7,1.3993032278244686E-7,1.1020472060934964E-7,1.0791436801514089E-7,4.1598493582823037E-8],[2.9845500976582151E-8,8.0462988065490463E-8,9.5307037588779586E-8,1.1020472060934964E-7,9.5307037588779586E-8,8.0462988065490463E-8,2.9845500976582157E-8],[3.2861960796008034E-8,8.6399421815159663E-8,8.0462988065490463E-8,1.0791436801514089E-7,8.0462988065490463E-8,8.6399421815159663E-8,3.2861960796008034E-8],[9.9834531051179481E-9,3.2861960796008034E-8,2.9845500976582151E-8,4.1598493582823037E-8,2.9845500976582157E-8,3.2861960796008034E-8,9.9834531051179481E-9]],[[2.9878829659440515E-8,7.3930690745238145E-8,6.8174071891200691E-8,9.1388391528708436E-8,6.8174071891200691E-8,7.3930690745238145E-8,2.9878829659440515E-8],[7.3930690745238145E-8,1.5418296213343389E-7,1.4539588574828989E-7,1.8769692663269201E-7,1.4539588574828989E-7,1.5418296213343389E-7,7.3930690745238145E-8],[6.8174071891200691E-8,1.4539588574828989E-7,1.6793887517683226E-7,1.9054926689602052E-7,1.6793887517683226E-7,1.4539588574828989E-7,6.8174071891200691E-8],[9.1388391528708436E-8,1.8769692663269201E-7,1.9054926689602052E-7,2.350575099123771E-7,1.9054926689602052E-7,1.8769692663269201E-7,9.1388391528708436E-8],[6.8174071891200691E-8,1.4539588574828989E-7,1.6793887517683226E-7,1.9054926689602052E-7,1.6793887517683226E-7,1.4539588574828989E-7,6.8174071891200691E-8],[7.3930690745238145E-8,1.5418296213343389E-7,1.4539588574828989E-7,1.8769692663269201E-7,1.4539588574828989E-7,1.5418296213343389E-7,7.3930690745238145E-8],[2.9878829659440515E-8,7.3930690745238145E-8,6.8174071891200691E-8,9.1388391528708436E-8,6.8174071891200691E-8,7.3930690745238145E-8,2.9878829659440515E-8]],[[6.3390954982443982E-8,1.3137653921691057E-7,1.2257431725796723E-7,1.5914996178149156E-7,1.2257431725796723E-7,1.3137653921691057E-7,6.3390954982443982E-8],[1.3137653921691057E-7,2.3826927088682685E-7,2.2671884242441172E-7,2.8421673157350847E-7,2.2671884242441172E-7,2.3826927088682685E-7,1.3137653921691057E-7],[1.2257431725796723E-7,2.2671884242441172E-7,2.5702586200532825E-7,2.8741393671027253E-7,2.5702586200532825E-7,2.2671884242441175E-7,1.2257431725796725E-7],[1.5914996178149156E-7,2.8421673157350847E-7,2.8741393671027253E-7,3.4662405573399921E-7,2.8741393671027253E-7,2.8421673157350847E-7,1.5914996178149159E-7],[1.2257431725796723E-7,2.2671884242441172E-7,2.5702586200532825E-7,2.8741393671027253E-7,2.5702586200532825E-7,2.2671884242441175E-7,1.2257431725796725E-7],[1.3137653921691057E-7,2.3826927088682685E-7,2.2671884242441175E-7,2.8421673157350847E-7,2.2671884242441175E-7,2.3826927088682685E-7,1.3137653921691057E-7],[6.3390954982443982E-8,1.3137653921691057E-7,1.2257431725796725E-7,1.5914996178149159E-7,1.2257431725796725E-7,1.3137653921691057E-7,6.3390954982443982E-8]],[[1.1175166320456992E-7,2.0514076874779208E-7,1.931659072263977E-7,2.4425455566196418E-7,1.931659072263977E-7,2.0514076874779208E-7,1.1175166320456992E-7],[2.0514076874779208E-7,3.3855827179755782E-7,3.2432884520997093E-7,3.9719564609726635E-7,3.2432884520997093E-7,3.3855827179755782E-7,2.0514076874779208E-7],[1.931659072263977E-7,3.2432884520997093E-7,3.6241602060907916E-7,4.0059776679437108E-7,3.6241602060907916E-7,3.2432884520997093E-7,1.9316590722639775E-7],[2.4425455566196418E-7,3.9719564609726635E-7,4.0059776679437108E-7,4.7440978552497629E-7,4.0059776679437108E-7,3.9719564609726635E-7,2.4425455566196418E-7],[1.931659072263977E-7,3.2432884520997093E-7,3.6241602060907916E-7,4.0059776679437108E-7,3.6241602060907916E-7,3.2432884520997093E-7,1.9316590722639772E-7],[2.0514076874779208E-7,3.3855827179755782E-7,3.2432884520997093E-7,3.9719564609726635E-7,3.2432884520997093E-7,3.3855827179755782E-7,2.0514076874779208E-7],[1.1175166320456992E-7,2.0514076874779208E-7,1.9316590722639775E-7,2.4425455566196418E-7,1.9316590722639772E-7,2.0514076874779208E-7,1.1175166320456992E-7]],[[1.7560377199144535E-7,2.951369112768235E-7,2.7995829005347331E-7,3.4623618345034606E-7,2.7995829005347331E-7,2.951369112768235E-7,1.7560377199144535E-7],[2.951369112768235E-7,4.5491521827186652E-7,4.3808464480254469E-7,5.2637251833090189E-7,4.3808464480254469E-7,4.5491521827186657E-7,2.951369112768235E-7],[2.7995829005347331E-7,4.3808464480254469E-7,4.8393248763730371E-7,5.2988825947013418E-7,4.8393248763730371E-7,4.3808464480254469E-7,2.7995829005347337E-7],[3.4623618345034606E-7,5.2637251833090189E-7,5.2988825947013418E-7,6.1818130601637518E-7,5.2988825947013428E-7,5.26372518330902E-7,3.4623618345034606E-7],[2.7995829005347331E-7,4.3808464480254469E-7,4.8393248763730371E-7,5.2988825947013428E-7,4.8393248763730382E-7,4.3808464480254469E-7,2.7995829005347337E-7],[2.951369112768235E-7,4.5491521827186657E-7,4.3808464480254469E-7,5.26372518330902E-7,4.3808464480254469E-7,4.5491521827186657E-7,2.9513691127682355E-7],[1.7560377199144535E-7,2.951369112768235E-7,2.7995829005347337E-7,3.4623618345034606E-7,2.7995829005347337E-7,2.9513691127682355E-7,1.7560377199144535E-7]],[[2.5525359766106621E-7,4.0124828783187858E-7,3.828847205655356E-7,4.647219313262491E-7,3.828847205655356E-7,4.0124828783187863E-7,2.5525359766106621E-7],[4.0124828783187858E-7,5.8717341484829278E-7,5.6781265199176243E-7,6.7148882296910188E-7,5.6781265199176243E-7,5.8717341484829278E-7,4.0124828783187863E-7],[3.828847205655356E-7,5.6781265199176243E-7,6.2137461991837179E-7,6.7505769826282286E-7,6.213746199183719E-7,5.6781265199176243E-7,3.8288472056553565E-7],[4.647219313262491E-7,6.7148882296910188E-7,6.7505769826282286E-7,7.7768933354727057E-7,6.7505769826282286E-7,6.7148882296910188E-7,4.647219313262491E-7],[3.828847205655356E-7,5.6781265199176243E-7,6.213746199183719E-7,6.7505769826282286E-7,6.213746199183719E-7,5.6781265199176243E-7,3.8288472056553565E-7],[4.0124828783187863E-7,5.8717341484829278E-7,5.6781265199176243E-7,6.7148882296910188E-7,5.6781265199176243E-7,5.8717341484829278E-7,4.0124828783187868E-7],[2.5525359766106621E-7,4.0124828783187863E-7,3.8288472056553565E-7,4.647219313262491E-7,3.8288472056553565E-7,4.0124828783187868E-7,2.5525359766106627E-7]],[[3.50809060060768E-7,5.2332790206052741E-7,5.0182311431587626E-7,5.9938888726335118E-7,5.0182311431587626E-7,5.2332790206052752E-7,3.50809060060768E-7],[5.2332790206052741E-7,7.3513696290427861E-7,7.1331104661309871E-7,8.3228025266547387E-7,7.1331104661309881E-7,7.3513696290427871E-7,5.2332790206052752E-7],[5.0182311431587626E-7,7.1331104661309871E-7,7.7451917478134453E-7,8.3586139969074771E-7,7.7451917478134453E-7,7.1331104661309881E-7,5.0182311431587637E-7],[5.9938888726335118E-7,8.3228025266547387E-7,8.3586139969074771E-7,9.5266768975338668E-7,8.3586139969074771E-7,8.3228025266547387E-7,5.9938888726335118E-7],[5.0182311431587626E-7,7.1331104661309881E-7,7.7451917478134453E-7,8.3586139969074771E-7,7.7451917478134453E-7,7.1331104661309881E-7,5.0182311431587637E-7],[5.2332790206052752E-7,7.3513696290427871E-7,7.1331104661309881E-7,8.3228025266547387E-7,7.1331104661309881E-7,7.3513696290427871E-7,5.2332790206052752E-7],[3.50809060060768E-7,5.2332790206052752E-7,5.0182311431587637E-7,5.9938888726335118E-7,5.0182311431587637E-7,5.2332790206052752E-7,3.5080906006076803E-7]],[[4.6225577653358765E-7,6.61199617784183E-7,6.3660907658347819E-7,7.4993771869476441E-7,6.3660907658347819E-7,6.61199617784183E-7,4.6225577653358776E-7],[6.61199617784183E-7,8.9858343783934127E-7,8.743528849863376E-7,1.0084720804367269E-6,8.743528849863377E-7,8.9858343783934127E-7,6.61199617784183E-7],[6.3660907658347819E-7,8.743528849863376E-7,9.4312162543847138E-7,1.0120372367077085E-6,9.4312162543847148E-7,8.743528849863377E-7,6.3660907658347829E-7],[7.4993771869476441E-7,1.0084720804367269E-6,1.0120372367077085E-6,1.1428333593088878E-6,1.0120372367077085E-6,1.0084720804367269E-6,7.4993771869476441E-7],[6.3660907658347819E-7,8.743528849863377E-7,9.4312162543847148E-7,1.0120372367077085E-6,9.4312162543847148E-7,8.743528849863377E-7,6.3660907658347829E-7],[6.61199617784183E-7,8.9858343783934127E-7,8.743528849863377E-7,1.0084720804367269E-6,8.743528849863377E-7,8.9858343783934127E-7,6.6119961778418311E-7],[4.6225577653358776E-7,6.61199617784183E-7,6.3660907658347829E-7,7.4993771869476441E-7,6.3660907658347829E-7,6.6119961778418311E-7,4.6225577653358781E-7]],[[5.8949953471556383E-7,8.1465999405366181E-7,7.8704430353428533E-7,9.1607671844100023E-7,7.8704430353428533E-7,8.1465999405366191E-7,5.8949953471556383E-7],[8.1465999405366181E-7,1.0772664509768353E-6,1.050688644910919E-6,1.1997769006074048E-6,1.050688644910919E-6,1.0772664509768353E-6,8.1465999405366191E-7],[7.8704430353428533E-7,1.050688644910919E-6,1.1269176052760935E-6,1.2033059823847604E-6,1.1269176052760935E-6,1.050688644910919E-6,7.8704430353428544E-7],[9.1607671844100023E-7,1.1997769006074048E-6,1.2033059823847604E-6,1.3478872052203475E-6,1.2033059823847604E-6,1.1997769006074048E-6,9.1607671844100023E-7],[7.8704430353428533E-7,1.050688644910919E-6,1.1269176052760935E-6,1.2033059823847604E-6,1.1269176052760935E-6,1.050688644910919E-6,7.8704430353428554E-7],[8.1465999405366191E-7,1.0772664509768353E-6,1.050688644910919E-6,1.1997769006074048E-6,1.050688644910919E-6,1.0772664509768353E-6,8.1465999405366191E-7],[5.8949953471556383E-7,8.1465999405366191E-7,7.8704430353428544E-7,9.1607671844100023E-7,7.8704430353428554E-7,8.1465999405366191E-7,5.8949953471556383E-7]],[[7.323905142255803E-7,9.83480420261107E-7,9.5290225449485448E-7,1.0975124302507841E-6,9.5290225449485448E-7,9.8348042026110712E-7,7.3239051422558041E-7],[9.83480420261107E-7,1.270918074196819E-6,1.242048446716222E-6,1.4058938560386782E-6,1.242048446716222E-6,1.2709180741968192E-6,9.8348042026110712E-7],[9.5290225449485448E-7,1.242048446716222E-6,1.3256244469665095E-6,1.40937216714549E-6,1.3256244469665095E-6,1.2420484467162222E-6,9.5290225449485458E-7],[1.0975124302507841E-6,1.4058938560386782E-6,1.40937216714549E-6,1.5675150724345479E-6,1.40937216714549E-6,1.4058938560386782E-6,1.0975124302507841E-6],[9.5290225449485448E-7,1.242048446716222E-6,1.3256244469665095E-6,1.40937216714549E-6,1.3256244469665095E-6,1.2420484467162222E-6,9.5290225449485469E-7],[9.8348042026110712E-7,1.2709180741968192E-6,1.2420484467162222E-6,1.4058938560386782E-6,1.2420484467162222E-6,1.2709180741968192E-6,9.8348042026110712E-7],[7.3239051422558041E-7,9.8348042026110712E-7,9.5290225449485458E-7,1.0975124302507841E-6,9.5290225449485469E-7,9.8348042026110712E-7,7.3239051422558041E-7]],[[8.907375729684272E-7,1.16740934945022E-6,1.1339322144493652E-6,1.2939444024137E-6,1.1339322144493652E-6,1.1674093494502202E-6,8.9073757296842741E-7],[1.16740934945022E-6,1.4792511186345849E-6,1.4481440750669843E-6,1.6265087789495621E-6,1.4481440750669845E-6,1.4792511186345851E-6,1.1674093494502202E-6],[1.1339322144493652E-6,1.4481440750669843E-6,1.5389427748148674E-6,1.6299252416816864E-6,1.5389427748148674E-6,1.4481440750669845E-6,1.1339322144493652E-6],[1.2939444024137E-6,1.6265087789495621E-6,1.6299252416816864E-6,1.8013891017734819E-6,1.6299252416816864E-6,1.6265087789495621E-6,1.2939444024137E-6],[1.1339322144493652E-6,1.4481440750669845E-6,1.5389427748148674E-6,1.6299252416816864E-6,1.5389427748148674E-6,1.4481440750669845E-6,1.1339322144493652E-6],[1.1674093494502202E-6,1.4792511186345851E-6,1.4481440750669845E-6,1.6265087789495621E-6,1.4481440750669845E-6,1.4792511186345851E-6,1.1674093494502202E-6],[8.9073757296842741E-7,1.1674093494502202E-6,1.1339322144493652E-6,1.2939444024137E-6,1.1339322144493652E-6,1.1674093494502202E-6,8.9073757296842741E-7]],[[1.0643170947859427E-6,1.3661745175822396E-6,1.3298624001828134E-6,1.5050625203192234E-6,1.3298624001828134E-6,1.3661745175822398E-6,1.0643170947859429E-6],[1.3661745175822396E-6,1.7019612659991693E-6,1.6686708633124983E-6,1.8612948776253628E-6,1.6686708633124985E-6,1.7019612659991698E-6,1.3661745175822398E-6],[1.3298624001828134E-6,1.6686708633124983E-6,1.7665581111658975E-6,1.8646409054146867E-6,1.7665581111658977E-6,1.6686708633124985E-6,1.3298624001828134E-6],[1.5050625203192234E-6,1.8612948776253628E-6,1.8646409054146867E-6,2.0491691378243134E-6,1.8646409054146867E-6,1.8612948776253628E-6,1.5050625203192234E-6],[1.3298624001828134E-6,1.6686708633124985E-6,1.7665581111658977E-6,1.8646409054146867E-6,1.7665581111658977E-6,1.6686708633124985E-6,1.3298624001828134E-6],[1.3661745175822398E-6,1.7019612659991698E-6,1.6686708633124985E-6,1.8612948776253628E-6,1.6686708633124985E-6,1.7019612659991696E-6,1.3661745175822398E-6],[1.0643170947859429E-6,1.3661745175822398E-6,1.3298624001828134E-6,1.5050625203192234E-6,1.3298624001828134E-6,1.3661745175822398E-6,1.0643170947859429E-6]],[[1.2528788294871861E-6,1.5794850879728981E-6,1.5404024874331389E-6,1.7305459371577032E-6,1.5404024874331389E-6,1.5794850879728983E-6,1.2528788294871863E-6],[1.5794850879728981E-6,1.9387290550475933E-6,1.9033094686655452E-6,2.1099137333031985E-6,1.9033094686655452E-6,1.9387290550475933E-6,1.5794850879728983E-6],[1.5404024874331389E-6,1.9033094686655452E-6,2.0081424642212465E-6,2.1131825069241212E-6,2.0081424642212465E-6,1.9033094686655452E-6,1.5404024874331389E-6],[1.7305459371577032E-6,2.1099137333031985E-6,2.1131825069241212E-6,2.3105041559782876E-6,2.1131825069241212E-6,2.1099137333031985E-6,1.7305459371577032E-6],[1.5404024874331389E-6,1.9033094686655452E-6,2.0081424642212465E-6,2.1131825069241212E-6,2.0081424642212465E-6,1.9033094686655452E-6,1.5404024874331389E-6],[1.5794850879728983E-6,1.9387290550475933E-6,1.9033094686655452E-6,2.1099137333031985E-6,1.9033094686655452E-6,1.9387290550475933E-6,1.5794850879728983E-6],[1.2528788294871863E-6,1.5794850879728983E-6,1.5404024874331389E-6,1.7305459371577032E-6,1.5404024874331389E-6,1.5794850879728983E-6,1.2528788294871863E-6]],[[1.4561500399264756E-6,1.8070336895988001E-6,1.7652457742860751E-6,1.9700629809770948E-6,1.7652457742860751E-6,1.8070336895988001E-6,1.4561500399264756E-6],[1.8070336895988001E-6,2.1892217279998511E-6,2.15172754965672E-6,2.3720164568086428E-6,2.15172754965672E-6,2.1892217279998511E-6,1.8070336895988001E-6],[1.7652457742860751E-6,2.15172754965672E-6,2.263355872212027E-6,2.3752024547939409E-6,2.263355872212027E-6,2.15172754965672E-6,1.7652457742860751E-6],[1.9700629809770948E-6,2.3720164568086428E-6,2.3752024547939409E-6,2.5850336617727031E-6,2.3752024547939409E-6,2.3720164568086428E-6,1.9700629809770948E-6],[1.7652457742860751E-6,2.15172754965672E-6,2.263355872212027E-6,2.3752024547939409E-6,2.263355872212027E-6,2.15172754965672E-6,1.7652457742860751E-6],[1.8070336895988001E-6,2.1892217279998511E-6,2.15172754965672E-6,2.3720164568086428E-6,2.15172754965672E-6,2.1892217279998511E-6,1.8070336895988001E-6],[1.4561500399264756E-6,1.8070336895988001E-6,1.7652457742860751E-6,1.9700629809770948E-6,1.7652457742860751E-6,1.8070336895988001E-6,1.4561500399264756E-6]],[[1.6738386680426916E-6,2.04849833484314E-6,2.00407110195412E-6,2.2232716438141652E-6,2.00407110195412E-6,2.04849833484314E-6,1.6738386680426916E-6],[2.04849833484314E-6,2.4530949429766594E-6,2.4135813496449191E-6,2.6472449097672386E-6,2.4135813496449191E-6,2.4530949429766594E-6,2.04849833484314E-6],[2.00407110195412E-6,2.4135813496449191E-6,2.5318478860441913E-6,2.6503435993357339E-6,2.5318478860441913E-6,2.4135813496449191E-6,2.00407110195412E-6],[2.2232716438141652E-6,2.6472449097672386E-6,2.6503435993357339E-6,2.8723890343966495E-6,2.6503435993357339E-6,2.6472449097672386E-6,2.2232716438141652E-6],[2.00407110195412E-6,2.4135813496449191E-6,2.5318478860441913E-6,2.6503435993357339E-6,2.5318478860441913E-6,2.4135813496449191E-6,2.00407110195412E-6],[2.04849833484314E-6,2.4530949429766594E-6,2.4135813496449191E-6,2.6472449097672386E-6,2.4135813496449191E-6,2.4530949429766594E-6,2.04849833484314E-6],[1.6738386680426916E-6,2.04849833484314E-6,2.00407110195412E-6,2.2232716438141652E-6,2.00407110195412E-6,2.04849833484314E-6,1.6738386680426916E-6]],[[1.9056359066455219E-6,2.3035442118913163E-6,2.2565446003042448E-6,2.489820403223243E-6,2.2565446003042448E-6,2.3035442118913163E-6,1.9056359066455219E-6],[2.3035442118913163E-6,2.7299943592840526E-6,2.6885171873427506E-6,2.935232931062345E-6,2.6885171873427506E-6,2.7299943592840526E-6,2.3035442118913163E-6],[2.2565446003042448E-6,2.6885171873427506E-6,2.8132589786610235E-6,2.9382405607237798E-6,2.8132589786610235E-6,2.6885171873427506E-6,2.2565446003042448E-6],[2.489820403223243E-6,2.935232931062345E-6,2.9382405607237798E-6,3.1721947986305236E-6,2.9382405607237798E-6,2.935232931062345E-6,2.489820403223243E-6],[2.2565446003042448E-6,2.6885171873427506E-6,2.8132589786610235E-6,2.9382405607237798E-6,2.8132589786610235E-6,2.6885171873427506E-6,2.2565446003042448E-6],[2.3035442118913163E-6,2.7299943592840526E-6,2.6885171873427506E-6,2.935232931062345E-6,2.6885171873427506E-6,2.7299943592840526E-6,2.3035442118913163E-6],[1.9056359066455219E-6,2.3035442118913163E-6,2.2565446003042448E-6,2.489820403223243E-6,2.2565446003042448E-6,2.3035442118913163E-6,1.9056359066455219E-6]],[[2.151218388535964E-6,2.5718253524768115E-6,2.5223212953723657E-6,2.7693492186935878E-6,2.5223212953723657E-6,2.5718253524768115E-6,2.151218388535964E-6],[2.5718253524768115E-6,3.0195571027632625E-6,2.9761728548813352E-6,3.2356075324718979E-6,2.9761728548813352E-6,3.0195571027632625E-6,2.5718253524768115E-6],[2.5223212953723657E-6,2.9761728548813352E-6,3.1072218742814987E-6,3.23852098933847E-6,3.1072218742814987E-6,2.9761728548813352E-6,2.5223212953723657E-6],[2.7693492186935878E-6,3.2356075324718979E-6,3.23852098933847E-6,3.4840698176192886E-6,3.23852098933847E-6,3.2356075324718979E-6,2.7693492186935878E-6],[2.5223212953723657E-6,2.9761728548813352E-6,3.1072218742814987E-6,3.23852098933847E-6,3.1072218742814987E-6,2.9761728548813352E-6,2.5223212953723657E-6],[2.5718253524768115E-6,3.0195571027632625E-6,2.9761728548813352E-6,3.2356075324718979E-6,2.9761728548813352E-6,3.0195571027632625E-6,2.5718253524768115E-6],[2.151218388535964E-6,2.5718253524768115E-6,2.5223212953723657E-6,2.7693492186935878E-6,2.5223212953723657E-6,2.5718253524768115E-6,2.151218388535964E-6]],[[2.4102501102321159E-6,2.8529861787705566E-6,2.8010465996642345E-6,3.061490604325251E-6,2.8010465996642345E-6,2.8529861787705566E-6,2.4102501102321159E-6],[2.8529861787705566E-6,3.3214131185799427E-6,3.2761789245377192E-6,3.5479900424775396E-6,3.2761789245377192E-6,3.3214131185799427E-6,2.8529861787705566E-6],[2.8010465996642345E-6,3.2761789245377192E-6,3.4133627944319213E-6,3.550806751032374E-6,3.4133627944319217E-6,3.2761789245377192E-6,2.8010465996642345E-6],[3.061490604325251E-6,3.5479900424775396E-6,3.550806751032374E-6,3.8076284041079915E-6,3.5508067510323744E-6,3.5479900424775396E-6,3.061490604325251E-6],[2.8010465996642345E-6,3.2761789245377192E-6,3.4133627944319217E-6,3.5508067510323744E-6,3.4133627944319217E-6,3.2761789245377192E-6,2.8010465996642345E-6],[2.8529861787705566E-6,3.3214131185799427E-6,3.2761789245377192E-6,3.5479900424775396E-6,3.2761789245377192E-6,3.3214131185799427E-6,2.8529861787705566E-6],[2.4102501102321159E-6,2.8529861787705566E-6,2.8010465996642345E-6,3.061490604325251E-6,2.8010465996642345E-6,2.8529861787705566E-6,2.4102501102321159E-6]],[[2.6823841568308161E-6,3.1466629349022941E-6,3.0923576973888525E-6,3.3658707168008196E-6,3.0923576973888525E-6,3.1466629349022945E-6,2.6823841568308166E-6],[3.1466629349022941E-6,3.635186418809736E-6,3.5881599661681751E-6,3.8719971869426224E-6,3.5881599661681751E-6,3.6351864188097364E-6,3.1466629349022945E-6],[3.0923576973888525E-6,3.5881599661681751E-6,3.7313026204467353E-6,3.8747150346294E-6,3.7313026204467353E-6,3.5881599661681751E-6,3.0923576973888525E-6],[3.3658707168008196E-6,3.8719971869426224E-6,3.8747150346294E-6,4.142481351039932E-6,3.8747150346294E-6,3.8719971869426224E-6,3.3658707168008196E-6],[3.0923576973888525E-6,3.5881599661681751E-6,3.7313026204467353E-6,3.8747150346294E-6,3.7313026204467357E-6,3.5881599661681751E-6,3.0923576973888525E-6],[3.1466629349022945E-6,3.6351864188097364E-6,3.5881599661681751E-6,3.8719971869426224E-6,3.5881599661681751E-6,3.6351864188097364E-6,3.1466629349022945E-6],[2.6823841568308166E-6,3.1466629349022945E-6,3.0923576973888525E-6,3.3658707168008196E-6,3.0923576973888525E-6,3.1466629349022945E-6,2.6823841568308166E-6]],[[2.9672642672334258E-6,3.4524850094699149E-6,3.39588483243949E-6,3.6821104217926203E-6,3.39588483243949E-6,3.4524850094699154E-6,2.9672642672334262E-6],[3.4524850094699149E-6,3.9604962320311949E-6,3.9117356782841383E-6,4.2072421015498526E-6,3.9117356782841383E-6,3.9604962320311949E-6,3.4524850094699154E-6],[3.39588483243949E-6,3.9117356782841383E-6,4.060657974056194E-6,4.20985938195702E-6,4.060657974056194E-6,3.9117356782841383E-6,3.39588483243949E-6],[3.6821104217926203E-6,4.2072421015498526E-6,4.20985938195702E-6,4.488236884381469E-6,4.20985938195702E-6,4.2072421015498526E-6,3.6821104217926203E-6],[3.39588483243949E-6,3.9117356782841383E-6,4.060657974056194E-6,4.20985938195702E-6,4.060657974056194E-6,3.9117356782841391E-6,3.39588483243949E-6],[3.4524850094699154E-6,3.9604962320311949E-6,3.9117356782841383E-6,4.2072421015498526E-6,3.9117356782841391E-6,3.9604962320311957E-6,3.4524850094699158E-6],[2.9672642672334262E-6,3.4524850094699154E-6,3.39588483243949E-6,3.6821104217926203E-6,3.39588483243949E-6,3.4524850094699158E-6,2.9672642672334262E-6]],[[3.264526264237006E-6,3.7700761557612621E-6,3.71125250492095E-6,4.0098263173460636E-6,3.71125250492095E-6,3.7700761557612625E-6,3.2645262642370064E-6],[3.7700761557612621E-6,4.2969580618949859E-6,4.24652193642549E-6,4.5533352747846311E-6,4.24652193642549E-6,4.2969580618949868E-6,3.7700761557612625E-6],[3.71125250492095E-6,4.24652193642549E-6,4.4010422189789714E-6,4.5558506425938355E-6,4.4010422189789714E-6,4.24652193642549E-6,3.71125250492095E-6],[4.0098263173460636E-6,4.5533352747846311E-6,4.5558506425938355E-6,4.8445015421345451E-6,4.5558506425938355E-6,4.5533352747846311E-6,4.0098263173460636E-6],[3.71125250492095E-6,4.24652193642549E-6,4.4010422189789714E-6,4.5558506425938355E-6,4.4010422189789714E-6,4.24652193642549E-6,3.71125250492095E-6],[3.7700761557612625E-6,4.2969580618949868E-6,4.24652193642549E-6,4.5533352747846311E-6,4.24652193642549E-6,4.2969580618949868E-6,3.7700761557612629E-6],[3.2645262642370064E-6,3.7700761557612625E-6,3.71125250492095E-6,4.0098263173460636E-6,3.71125250492095E-6,3.7700761557612629E-6,3.2645262642370064E-6]],[[3.5737993659963883E-6,4.0990556164752458E-6,4.0380805811891231E-6,4.3486317025795384E-6,4.0380805811891231E-6,4.0990556164752458E-6,3.5737993659963883E-6],[4.0990556164752458E-6,4.6441846613282343E-6,4.592131762989594E-6,4.9098854226410075E-6,4.592131762989594E-6,4.6441846613282343E-6,4.0990556164752458E-6],[4.0380805811891231E-6,4.592131762989594E-6,4.7520663872532323E-6,4.9122978566416811E-6,4.7520663872532323E-6,4.592131762989594E-6,4.0380805811891231E-6],[4.3486317025795384E-6,4.9098854226410075E-6,4.9122978566416811E-6,5.2108809840321585E-6,4.9122978566416811E-6,4.9098854226410075E-6,4.3486317025795384E-6],[4.0380805811891231E-6,4.592131762989594E-6,4.7520663872532323E-6,4.9122978566416811E-6,4.7520663872532323E-6,4.592131762989594E-6,4.0380805811891231E-6],[4.0990556164752458E-6,4.6441846613282343E-6,4.592131762989594E-6,4.9098854226410075E-6,4.592131762989594E-6,4.6441846613282343E-6,4.0990556164752458E-6],[3.5737993659963883E-6,4.0990556164752458E-6,4.0380805811891231E-6,4.3486317025795384E-6,4.0380805811891231E-6,4.0990556164752458E-6,3.5737993659963883E-6]],[[3.8947073909521829E-6,4.4390391596022079E-6,4.3759853220830796E-6,4.6981374862263837E-6,4.3759853220830796E-6,4.4390391596022079E-6,3.8947073909521829E-6],[4.4390391596022079E-6,5.0017869286766541E-6,4.9481762229702685E-6,5.2765002976342726E-6,4.9481762229702685E-6,5.0017869286766541E-6,4.4390391596022079E-6],[4.3759853220830796E-6,4.9481762229702685E-6,5.1133400344942708E-6,5.2788090694445135E-6,5.1133400344942708E-6,4.9481762229702685E-6,4.3759853220830796E-6],[4.6981374862263837E-6,5.2765002976342726E-6,5.2788090694445135E-6,5.5869807365844515E-6,5.2788090694445135E-6,5.2765002976342726E-6,4.6981374862263837E-6],[4.3759853220830796E-6,4.9481762229702685E-6,5.1133400344942708E-6,5.2788090694445135E-6,5.1133400344942708E-6,4.9481762229702685E-6,4.3759853220830796E-6],[4.4390391596022079E-6,5.0017869286766541E-6,4.9481762229702685E-6,5.2765002976342726E-6,4.9481762229702685E-6,5.0017869286766541E-6,4.4390391596022079E-6],[3.8947073909521829E-6,4.4390391596022079E-6,4.3759853220830796E-6,4.6981374862263837E-6,4.3759853220830796E-6,4.4390391596022079E-6,3.8947073909521829E-6]],[[4.2268698658087127E-6,4.7896400318786975E-6,4.7245803339664021E-6,5.0579530334053577E-6,4.7245803339664021E-6,4.7896400318786975E-6,4.2268698658087127E-6],[4.7896400318786975E-6,5.369374731706066E-6,5.3142652501877923E-6,5.6527874354804961E-6,5.3142652501877923E-6,5.369374731706066E-6,4.7896400318786975E-6],[4.7245803339664021E-6,5.3142652501877923E-6,5.4844720284692422E-6,5.6549920824541045E-6,5.4844720284692422E-6,5.3142652501877923E-6,4.7245803339664021E-6],[5.0579530334053577E-6,5.6527874354804961E-6,5.6549920824541045E-6,5.9724068780986687E-6,5.6549920824541045E-6,5.6527874354804961E-6,5.0579530334053577E-6],[4.7245803339664021E-6,5.3142652501877923E-6,5.4844720284692422E-6,5.6549920824541045E-6,5.4844720284692422E-6,5.3142652501877923E-6,4.7245803339664021E-6],[4.7896400318786975E-6,5.369374731706066E-6,5.3142652501877923E-6,5.6527874354804961E-6,5.3142652501877923E-6,5.369374731706066E-6,4.7896400318786975E-6],[4.2268698658087127E-6,4.7896400318786975E-6,4.7245803339664021E-6,5.0579530334053577E-6,4.7245803339664021E-6,4.7896400318786975E-6,4.2268698658087127E-6]],[[4.5699030446414027E-6,5.150469835916997E-6,5.0834774471798596E-6,5.4276869513551562E-6,5.0834774471798596E-6,5.150469835916997E-6,4.5699030446414027E-6],[5.150469835916997E-6,5.7465576649918094E-6,5.6900084085806942E-6,6.0383548431679076E-6,5.6900084085806942E-6,5.7465576649918094E-6,5.150469835916997E-6],[5.0834774471798596E-6,5.6900084085806942E-6,5.8650712754003985E-6,6.0404551444947459E-6,5.8650712754003985E-6,5.6900084085806942E-6,5.0834774471798596E-6],[5.4276869513551562E-6,6.0383548431679076E-6,6.0404551444947459E-6,6.3667666681182758E-6,6.0404551444947459E-6,6.0383548431679076E-6,5.4276869513551562E-6],[5.0834774471798596E-6,5.6900084085806942E-6,5.8650712754003985E-6,6.0404551444947459E-6,5.8650712754003985E-6,5.6900084085806942E-6,5.0834774471798596E-6],[5.150469835916997E-6,5.7465576649918094E-6,5.6900084085806942E-6,6.0383548431679076E-6,5.6900084085806942E-6,5.7465576649918094E-6,5.150469835916997E-6],[4.5699030446414027E-6,5.150469835916997E-6,5.0834774471798596E-6,5.4276869513551562E-6,5.0834774471798596E-6,5.150469835916997E-6,4.5699030446414027E-6]],[[4.923420846233304E-6,5.5211393367585137E-6,5.4522875264704024E-6,5.8069478162573812E-6,5.4522875264704024E-6,5.5211393367585137E-6,4.923420846233304E-6],[5.5211393367585137E-6,6.13294574583635E-6,6.0750155930260145E-6,6.4328116322596227E-6,6.0750155930260145E-6,6.13294574583635E-6,5.5211393367585137E-6],[5.4522875264704024E-6,6.0750155930260145E-6,6.2547473883158171E-6,6.4348075875978048E-6,6.2547473883158171E-6,6.0750155930260145E-6,5.4522875264704024E-6],[5.8069478162573812E-6,6.4328116322596227E-6,6.4348075875978048E-6,6.7696691254842194E-6,6.4348075875978048E-6,6.4328116322596227E-6,5.8069478162573812E-6],[5.4522875264704024E-6,6.0750155930260145E-6,6.2547473883158171E-6,6.4348075875978048E-6,6.2547473883158171E-6,6.0750155930260145E-6,5.4522875264704024E-6],[5.5211393367585137E-6,6.13294574583635E-6,6.0750155930260145E-6,6.4328116322596227E-6,6.0750155930260145E-6,6.13294574583635E-6,5.5211393367585137E-6],[4.923420846233304E-6,5.5211393367585137E-6,5.4522875264704024E-6,5.8069478162573812E-6,5.4522875264704024E-6,5.5211393367585137E-6,4.923420846233304E-6]],[[5.2870357160384484E-6,5.9012592032250288E-6,5.8306212178755753E-6,6.1953448440349031E-6,5.8306212178755753E-6,5.9012592032250288E-6,5.2870357160384484E-6],[5.9012592032250288E-6,6.5281500534718655E-6,6.4688976739799523E-6,6.8357686012192712E-6,6.4688976739799523E-6,6.5281500534718655E-6,5.9012592032250288E-6],[5.8306212178755753E-6,6.4688976739799523E-6,6.6531113015938354E-6,6.8376604114068327E-6,6.6531113015938354E-6,6.4688976739799523E-6,5.8306212178755753E-6],[6.1953448440349031E-6,6.8357686012192712E-6,6.8376604114068327E-6,7.1807255589430072E-6,6.8376604114068327E-6,6.8357686012192712E-6,6.1953448440349031E-6],[5.8306212178755753E-6,6.4688976739799523E-6,6.6531113015938354E-6,6.8376604114068327E-6,6.6531113015938354E-6,6.4688976739799523E-6,5.8306212178755753E-6],[5.9012592032250288E-6,6.5281500534718655E-6,6.4688976739799523E-6,6.8357686012192712E-6,6.4688976739799523E-6,6.5281500534718655E-6,5.9012592032250288E-6],[5.2870357160384484E-6,5.9012592032250288E-6,5.8306212178755753E-6,6.1953448440349031E-6,5.8306212178755753E-6,5.9012592032250288E-6,5.2870357160384484E-6]],[[5.6603594186179969E-6,6.29044068907985E-6,6.2180896364075227E-6,6.5924885083926186E-6,6.2180896364075227E-6,6.29044068907985E-6,5.6603594186179969E-6],[6.29044068907985E-6,6.9317833159498856E-6,6.8712670900224638E-6,7.2468387704206184E-6,6.8712670900224638E-6,6.9317833159498856E-6,6.29044068907985E-6],[6.2180896364075227E-6,6.8712670900224638E-6,7.0597758356399989E-6,7.2486268199468621E-6,7.0597758356399989E-6,6.8712670900224638E-6,6.2180896364075227E-6],[6.5924885083926186E-6,7.2468387704206184E-6,7.2486268199468621E-6,7.5995500539493859E-6,7.2486268199468621E-6,7.2468387704206184E-6,6.5924885083926186E-6],[6.2180896364075227E-6,6.8712670900224638E-6,7.0597758356399989E-6,7.2486268199468621E-6,7.0597758356399989E-6,6.8712670900224638E-6,6.2180896364075227E-6],[6.29044068907985E-6,6.9317833159498856E-6,6.8712670900224638E-6,7.2468387704206184E-6,6.8712670900224638E-6,6.9317833159498856E-6,6.29044068907985E-6],[5.6603594186179969E-6,6.29044068907985E-6,6.2180896364075227E-6,6.5924885083926186E-6,6.2180896364075227E-6,6.29044068907985E-6,5.6603594186179969E-6]],[[6.0430037659255152E-6,6.6882962586368694E-6,6.6143049987052947E-6,6.99799110949367E-6,6.6143049987052947E-6,6.6882962586368694E-6,6.0430037659255152E-6],[6.6882962586368694E-6,7.3434604487728021E-6,7.2817383921519759E-6,7.6656378733148934E-6,7.2817383921519759E-6,7.3434604487728021E-6,6.6882962586368694E-6],[6.6143049987052947E-6,7.2817383921519759E-6,7.4743562153990305E-6,7.6673227143166576E-6,7.4743562153990305E-6,7.2817383921519759E-6,6.6143049987052947E-6],[6.99799110949367E-6,7.6656378733148934E-6,7.6673227143166576E-6,8.025759919035042E-6,7.6673227143166576E-6,7.6656378733148934E-6,6.9979911094936707E-6],[6.6143049987052947E-6,7.2817383921519759E-6,7.4743562153990305E-6,7.6673227143166576E-6,7.4743562153990313E-6,7.2817383921519759E-6,6.6143049987052947E-6],[6.6882962586368694E-6,7.3434604487728021E-6,7.2817383921519759E-6,7.6656378733148934E-6,7.2817383921519759E-6,7.3434604487728021E-6,6.6882962586368694E-6],[6.0430037659255152E-6,6.6882962586368694E-6,6.6143049987052947E-6,6.9979911094936707E-6,6.6143049987052947E-6,6.6882962586368694E-6,6.0430037659255152E-6]],[[6.4345812864001454E-6,7.0944401611171477E-6,7.0188812046188362E-6,7.4114672966483115E-6,7.0188812046188362E-6,7.0944401611171477E-6,6.4345812864001454E-6],[7.0944401611171477E-6,7.7627990490111748E-6,7.6999287434366662E-6,8.0917848070255929E-6,7.6999287434366662E-6,7.7627990490111748E-6,7.0944401611171477E-6],[7.0188812046188362E-6,7.6999287434366662E-6,7.8964705461677483E-6,8.0933671446290538E-6,7.8964705461677483E-6,7.6999287434366662E-6,7.0188812046188362E-6],[7.4114672966483115E-6,8.0917848070255929E-6,8.0933671446290538E-6,8.4589760948594713E-6,8.0933671446290538E-6,8.0917848070255929E-6,7.4114672966483115E-6],[7.0188812046188362E-6,7.6999287434366662E-6,7.8964705461677483E-6,8.0933671446290538E-6,7.8964705461677483E-6,7.6999287434366662E-6,7.0188812046188362E-6],[7.0944401611171477E-6,7.7627990490111748E-6,7.6999287434366662E-6,8.0917848070255929E-6,7.6999287434366662E-6,7.7627990490111748E-6,7.0944401611171477E-6],[6.4345812864001454E-6,7.0944401611171477E-6,7.0188812046188362E-6,7.4114672966483115E-6,7.0188812046188362E-6,7.0944401611171477E-6,6.4345812864001454E-6]],[[6.8347058394457846E-6,7.5084889577209E-6,7.43143437146586E-6,7.8325345482869116E-6,7.43143437146586E-6,7.5084889577209E-6,6.8347058394457846E-6],[7.5084889577209E-6,8.1894198483564754E-6,8.12545837738722E-6,8.524902045427589E-6,8.12545837738722E-6,8.1894198483564754E-6,7.5084889577209E-6],[7.43143437146586E-6,8.12545837738722E-6,8.3257402499383418E-6,8.5263827242931325E-6,8.3257402499383418E-6,8.12545837738722E-6,7.43143437146586E-6],[7.8325345482869116E-6,8.524902045427589E-6,8.5263827242931325E-6,8.8988235288198754E-6,8.5263827242931325E-6,8.524902045427589E-6,7.8325345482869116E-6],[7.43143437146586E-6,8.12545837738722E-6,8.3257402499383418E-6,8.5263827242931325E-6,8.3257402499383418E-6,8.12545837738722E-6,7.43143437146586E-6],[7.5084889577209E-6,8.1894198483564754E-6,8.12545837738722E-6,8.524902045427589E-6,8.12545837738722E-6,8.1894198483564754E-6,7.5084889577209E-6],[6.8347058394457846E-6,7.5084889577209E-6,7.43143437146586E-6,7.8325345482869116E-6,7.43143437146586E-6,7.5084889577209E-6,6.8347058394457846E-6]],[[7.2429931795230063E-6,7.930062005078657E-6,7.8515833244786537E-6,8.26081361233629E-6,7.8515833244786537E-6,7.930062005078657E-6,7.2429931795230063E-6],[7.930062005078657E-6,8.6229471282930843E-6,8.5579510181860017E-6,8.9646160175615046E-6,8.5579510181860017E-6,8.6229471282930843E-6,7.930062005078657E-6],[7.8515833244786537E-6,8.5579510181860017E-6,8.761790465277777E-6,8.9659960095147017E-6,8.761790465277777E-6,8.5579510181860017E-6,7.8515833244786537E-6],[8.26081361233629E-6,8.9646160175615046E-6,8.9659960095147017E-6,9.34493151788106E-6,8.9659960095147017E-6,8.9646160175615046E-6,8.26081361233629E-6],[7.8515833244786537E-6,8.5579510181860017E-6,8.761790465277777E-6,8.9659960095147017E-6,8.761790465277777E-6,8.5579510181860017E-6,7.8515833244786537E-6],[7.930062005078657E-6,8.6229471282930843E-6,8.5579510181860017E-6,8.9646160175615046E-6,8.5579510181860017E-6,8.6229471282930843E-6,7.930062005078657E-6],[7.2429931795230063E-6,7.930062005078657E-6,7.8515833244786537E-6,8.26081361233629E-6,7.8515833244786537E-6,7.930062005078657E-6,7.2429931795230063E-6]],[[7.6590614737556249E-6,8.358781898463458E-6,8.278950046724863E-6,8.6959289099433827E-6,8.278950046724863E-6,8.358781898463458E-6,7.6590614737556249E-6],[8.358781898463458E-6,9.0630091003277211E-6,8.9970342656839288E-6,9.41055745403343E-6,8.9970342656839288E-6,9.0630091003277211E-6,8.358781898463458E-6],[8.278950046724863E-6,8.9970342656839288E-6,9.2042504135330782E-6,9.4118378466829632E-6,9.2042504135330782E-6,8.9970342656839288E-6,8.278950046724863E-6],[8.6959289099433827E-6,9.41055745403343E-6,9.4118378466829632E-6,9.7969340220846738E-6,9.4118378466829632E-6,9.41055745403343E-6,8.6959289099433827E-6],[8.278950046724863E-6,8.9970342656839288E-6,9.2042504135330782E-6,9.4118378466829632E-6,9.2042504135330782E-6,8.9970342656839288E-6,8.278950046724863E-6],[8.358781898463458E-6,9.0630091003277211E-6,8.9970342656839288E-6,9.41055745403343E-6,8.9970342656839288E-6,9.0630091003277211E-6,8.358781898463458E-6],[7.6590614737556249E-6,8.358781898463458E-6,8.278950046724863E-6,8.6959289099433827E-6,8.278950046724863E-6,8.358781898463458E-6,7.6590614737556249E-6]],[[8.0825317766526738E-6,8.7942748778862125E-6,8.71316009157359E-6,9.13750890530786E-6,8.71316009157359E-6,8.7942748778862125E-6,8.0825317766526738E-6],[8.7942748778862125E-6,9.509238253993984E-6,9.4423399478739673E-6,9.8623617038674883E-6,9.4423399478739673E-6,9.509238253993984E-6,8.7942748778862125E-6],[8.71316009157359E-6,9.4423399478739673E-6,9.6527537339576689E-6,9.8635436901249259E-6,9.6527537339576689E-6,9.4423399478739673E-6,8.71316009157359E-6],[9.13750890530786E-6,9.8623617038674883E-6,9.8635436901249259E-6,1.0254469951021749E-5,9.8635436901249259E-6,9.8623617038674883E-6,9.13750890530786E-6],[8.71316009157359E-6,9.4423399478739673E-6,9.6527537339576689E-6,9.8635436901249259E-6,9.6527537339576689E-6,9.4423399478739673E-6,8.71316009157359E-6],[8.7942748778862125E-6,9.509238253993984E-6,9.4423399478739673E-6,9.8623617038674883E-6,9.4423399478739673E-6,9.509238253993984E-6,8.7942748778862125E-6],[8.0825317766526738E-6,8.7942748778862125E-6,8.71316009157359E-6,9.13750890530786E-6,8.71316009157359E-6,8.7942748778862125E-6,8.0825317766526738E-6]],[[8.5130284652746164E-6,9.2361711999573082E-6,9.1538429605570312E-6,9.585186444205146E-6,9.1538429605570312E-6,9.2361711999573082E-6,8.5130284652746164E-6],[9.2361711999573082E-6,9.9612716751427942E-6,9.893504443351087E-6,1.0319669024100527E-5,9.893504443351087E-6,9.9612716751427942E-6,9.2361711999573082E-6],[9.1538429605570312E-6,9.893504443351087E-6,1.0106938790163393E-5,1.0320753892526469E-5,1.0106938790163393E-5,9.893504443351087E-6,9.1538429605570312E-6],[9.585186444205146E-6,1.0319669024100527E-5,1.0320753892526469E-5,1.0717183425381438E-5,1.0320753892526469E-5,1.0319669024100527E-5,9.585186444205146E-6],[9.1538429605570312E-6,9.893504443351087E-6,1.0106938790163393E-5,1.0320753892526469E-5,1.0106938790163393E-5,9.893504443351087E-6,9.1538429605570312E-6],[9.2361711999573082E-6,9.9612716751427942E-6,9.893504443351087E-6,1.0319669024100527E-5,9.893504443351087E-6,9.9612716751427942E-6,9.2361711999573082E-6],[8.5130284652746164E-6,9.2361711999573082E-6,9.1538429605570312E-6,9.585186444205146E-6,9.1538429605570312E-6,9.2361711999573082E-6,8.5130284652746164E-6]],[[8.9501796379107536E-6,9.6841054781836849E-6,9.60063244928887E-6,1.0038599063604862E-5,9.60063244928887E-6,9.6841054781836849E-6,8.9501796379107536E-6],[9.6841054781836849E-6,1.0418751336848786E-5,1.0350168976095841E-5,1.078212484425087E-5,1.0350168976095841E-5,1.0418751336848786E-5,9.6841054781836849E-6],[9.60063244928887E-6,1.0350168976095841E-5,1.0566448950137264E-5,1.0783113970161152E-5,1.0566448950137264E-5,1.0350168976095841E-5,9.60063244928887E-6],[1.0038599063604862E-5,1.078212484425087E-5,1.0783113970161152E-5,1.1184724015544158E-5,1.0783113970161152E-5,1.078212484425087E-5,1.0038599063604862E-5],[9.60063244928887E-6,1.0350168976095841E-5,1.0566448950137264E-5,1.0783113970161152E-5,1.0566448950137264E-5,1.0350168976095841E-5,9.60063244928887E-6],[9.6841054781836849E-6,1.0418751336848786E-5,1.0350168976095841E-5,1.078212484425087E-5,1.0350168976095841E-5,1.0418751336848786E-5,9.6841054781836849E-6],[8.9501796379107536E-6,9.6841054781836849E-6,