{"M_cells":[[[0,0,0,0,0,0,0],[0,0,0,0,0,0,0],[0,0,0,0,0,0,0],[0,0,0,0,0,0,0],[0,0,0,0,0,0,0],[0,0,0,0,0,0,0],[0,0,0,0,0,0,0]],[[1.4204185377021475E-7,8.20818500872863E-7,7.3026867114257056E-7,1.0683538739982208E-6,7.3026867114257056E-7,8.20818500872863E-7,1.4204185377021475E-7],[8.20818500872863E-7,3.4982356055823857E-6,3.1976599124975774E-6,4.5188989482408556E-6,3.1976599124975774E-6,3.4982356055823857E-6,8.20818500872863E-7],[7.3026867114257056E-7,3.1976599124975774E-6,3.9257138400969156E-6,4.6577451927809906E-6,3.9257138400969156E-6,3.1976599124975774E-6,7.3026867114257056E-7],[1.0683538739982208E-6,4.5188989482408556E-6,4.6577451927809906E-6,6.1456224906174321E-6,4.6577451927809906E-6,4.5188989482408556E-6,1.0683538739982208E-6],[7.3026867114257056E-7,3.1976599124975774E-6,3.9257138400969156E-6,4.6577451927809906E-6,3.9257138400969156E-6,3.1976599124975774E-6,7.3026867114257056E-7],[8.20818500872863E-7,3.4982356055823857E-6,3.1976599124975774E-6,4.5188989482408556E-6,3.1976599124975774E-6,3.4982356055823857E-6,8.2081850087286314E-7],[1.4204185377021475E-7,8.20818500872863E-7,7.3026867114257056E-7,1.0683538739982208E-6,7.3026867114257056E-7,8.2081850087286314E-7,1.4204185377021475E-7]],[[9.98392432198154E-7,3.286468599578581E-6,2.9847924245917472E-6,4.16020392191095E-6,2.9847924245917472E-6,3.286468599578581E-6,9.98392432198154E-7],[3.286468599578581E-6,8.6412980055563152E-6,8.0475318903928131E-6,1.0793199644531843E-5,8.0475318903928131E-6,8.6412980055563152E-6,3.286468599578581E-6],[2.9847924245917472E-6,8.0475318903928131E-6,9.53222895421185E-6,1.1022291941613361E-5,9.53222895421185E-6,8.0475318903928131E-6,2.9847924245917472E-6],[4.16020392191095E-6,1.0793199644531843E-5,1.1022291941613361E-5,1.3995454320192243E-5,1.1022291941613361E-5,1.0793199644531843E-5,4.16020392191095E-6],[2.9847924245917472E-6,8.0475318903928131E-6,9.53222895421185E-6,1.1022291941613361E-5,9.53222895421185E-6,8.0475318903928131E-6,2.9847924245917472E-6],[3.286468599578581E-6,8.6412980055563152E-6,8.0475318903928131E-6,1.0793199644531843E-5,8.0475318903928131E-6,8.6412980055563152E-6,3.286468599578581E-6],[9.98392432198154E-7,3.286468599578581E-6,2.9847924245917472E-6,4.16020392191095E-6,2.9847924245917472E-6,3.286468599578581E-6,9.98392432198154E-7]],[[2.9883561406624185E-6,7.3950227737658964E-6,6.8191642245857255E-6,9.1413447378666231E-6,6.8191642245857255E-6,7.3950227737658964E-6,2.9883561406624185E-6],[7.3950227737658964E-6,1.5425375411964948E-5,1.454609221774498E-5,1.8778747104124665E-5,1.454609221774498E-5,1.5425375411964948E-5,7.3950227737658964E-6],[6.8191642245857255E-6,1.454609221774498E-5,1.6801788396214768E-5,1.9064233720322178E-5,1.6801788396214768E-5,1.4546092217744979E-5,6.8191642245857255E-6],[9.1413447378666231E-6,1.8778747104124665E-5,1.9064233720322178E-5,2.3517905858420134E-5,1.9064233720322178E-5,1.8778747104124665E-5,9.1413447378666248E-6],[6.8191642245857255E-6,1.454609221774498E-5,1.6801788396214768E-5,1.9064233720322178E-5,1.6801788396214768E-5,1.4546092217744979E-5,6.8191642245857255E-6],[7.3950227737658964E-6,1.5425375411964948E-5,1.4546092217744979E-5,1.8778747104124665E-5,1.4546092217744979E-5,1.5425375411964948E-5,7.3950227737658964E-6],[2.9883561406624185E-6,7.3950227737658964E-6,6.8191642245857255E-6,9.1413447378666248E-6,6.8191642245857255E-6,7.3950227737658964E-6,2.9883561406624185E-6]],[[6.3414535663117044E-6,1.314544566506432E-5,1.2264505836526313E-5,1.5924855824525223E-5,1.2264505836526313E-5,1.314544566506432E-5,6.3414535663117044E-6],[1.314544566506432E-5,2.3849895968952962E-5,2.2693160308581003E-5,2.84506191404507E-5,2.2693160308581003E-5,2.3849895968952962E-5,1.314544566506432E-5],[1.2264505836526313E-5,2.2693160308581003E-5,2.5728034336899652E-5,2.8771035445717744E-5,2.5728034336899652E-5,2.2693160308581003E-5,1.2264505836526313E-5],[1.5924855824525223E-5,2.84506191404507E-5,2.8771035445717744E-5,3.4700476407840881E-5,2.8771035445717744E-5,2.84506191404507E-5,1.5924855824525226E-5],[1.2264505836526313E-5,2.2693160308581003E-5,2.5728034336899652E-5,2.8771035445717744E-5,2.5728034336899652E-5,2.2693160308581003E-5,1.2264505836526313E-5],[1.314544566506432E-5,2.3849895968952962E-5,2.2693160308581003E-5,2.84506191404507E-5,2.2693160308581003E-5,2.3849895968952962E-5,1.314544566506432E-5],[6.3414535663117044E-6,1.314544566506432E-5,1.2264505836526313E-5,1.5924855824525226E-5,1.2264505836526313E-5,1.314544566506432E-5,6.3414535663117044E-6]],[[1.1183182945164442E-5,2.0536616611015917E-5,1.9337221928377712E-5,2.4453625210081367E-5,1.9337221928377712E-5,2.0536616611015917E-5,1.1183182945164442E-5],[2.0536616611015917E-5,3.3913142276618247E-5,3.2486344802017688E-5,3.9790836262720235E-5,3.2486344802017694E-5,3.3913142276618247E-5,2.0536616611015917E-5],[1.9337221928377712E-5,3.2486344802017688E-5,3.6304687622728441E-5,4.0132530294049539E-5,3.6304687622728441E-5,3.2486344802017694E-5,1.9337221928377712E-5],[2.4453625210081367E-5,3.9790836262720235E-5,4.0132530294049539E-5,4.7533036528221373E-5,4.0132530294049539E-5,3.9790836262720235E-5,2.445362521008137E-5],[1.9337221928377712E-5,3.2486344802017694E-5,3.6304687622728441E-5,4.0132530294049539E-5,3.6304687622728441E-5,3.2486344802017694E-5,1.9337221928377712E-5],[2.0536616611015917E-5,3.3913142276618247E-5,3.2486344802017694E-5,3.9790836262720235E-5,3.2486344802017694E-5,3.3913142276618254E-5,2.0536616611015917E-5],[1.1183182945164442E-5,2.0536616611015917E-5,1.9337221928377712E-5,2.445362521008137E-5,1.9337221928377712E-5,2.0536616611015917E-5,1.1183182945164442E-5]],[[1.7581798975474038E-5,2.9566920497161856E-5,2.8044898336029393E-5,3.468938344940506E-5,2.8044898336029393E-5,2.9566920497161856E-5,1.7581798975474038E-5],[2.9566920497161856E-5,4.5612523137804888E-5,4.39219986048241E-5,5.2785908522913934E-5,4.39219986048241E-5,4.5612523137804888E-5,2.9566920497161856E-5],[2.8044898336029393E-5,4.39219986048241E-5,4.8525650348156493E-5,5.3140169717153237E-5,4.8525650348156493E-5,4.39219986048241E-5,2.8044898336029393E-5],[3.468938344940506E-5,5.2785908522913934E-5,5.3140169717153237E-5,6.2007076707996893E-5,5.3140169717153237E-5,5.2785908522913934E-5,3.468938344940506E-5],[2.8044898336029393E-5,4.39219986048241E-5,4.8525650348156493E-5,5.3140169717153237E-5,4.8525650348156493E-5,4.39219986048241E-5,2.8044898336029393E-5],[2.9566920497161856E-5,4.5612523137804888E-5,4.39219986048241E-5,5.2785908522913934E-5,4.39219986048241E-5,4.5612523137804882E-5,2.9566920497161856E-5],[1.7581798975474038E-5,2.9566920497161856E-5,2.8044898336029393E-5,3.468938344940506E-5,2.8044898336029393E-5,2.9566920497161856E-5,1.7581798975474038E-5]],[[2.5573881702381496E-5,4.0234133651460268E-5,3.838986472558179E-5,4.6605812514715792E-5,3.838986472558179E-5,4.0234133651460268E-5,2.5573881702381496E-5],[4.0234133651460268E-5,5.8944796086349609E-5,5.6995779836110312E-5,6.7425265733700871E-5,5.6995779836110312E-5,5.8944796086349616E-5,4.0234133651460268E-5],[3.838986472558179E-5,5.6995779836110312E-5,6.2385033800241516E-5,6.7786518344284424E-5,6.2385033800241516E-5,5.6995779836110312E-5,3.838986472558179E-5],[4.6605812514715792E-5,6.7425265733700871E-5,6.7786518344284424E-5,7.8115201271409092E-5,6.7786518344284437E-5,6.7425265733700871E-5,4.6605812514715792E-5],[3.838986472558179E-5,5.6995779836110312E-5,6.2385033800241516E-5,6.7786518344284437E-5,6.2385033800241529E-5,5.6995779836110312E-5,3.838986472558179E-5],[4.0234133651460268E-5,5.8944796086349616E-5,5.6995779836110312E-5,6.7425265733700871E-5,5.6995779836110312E-5,5.8944796086349616E-5,4.0234133651460268E-5],[2.5573881702381496E-5,4.0234133651460268E-5,3.838986472558179E-5,4.6605812514715792E-5,3.838986472558179E-5,4.0234133651460268E-5,2.5573881702381496E-5]],[[3.5178356360414384E-5,5.2535449733135062E-5,5.0371340172785085E-5,6.0184204197523763E-5,5.0371340172785085E-5,5.2535449733135062E-5,3.5178356360414384E-5],[5.2535449733135062E-5,7.3906242786838465E-5,7.1702978066408448E-5,8.3700248905646177E-5,7.1702978066408448E-5,7.3906242786838465E-5,5.2535449733135062E-5],[5.0371340172785085E-5,7.1702978066408448E-5,7.7877150757534738E-5,8.4064912321668421E-5,7.7877150757534725E-5,7.1702978066408448E-5,5.0371340172785085E-5],[6.0184204197523763E-5,8.3700248905646177E-5,8.4064912321668421E-5,9.5850785979946626E-5,8.4064912321668421E-5,8.3700248905646177E-5,6.0184204197523763E-5],[5.0371340172785085E-5,7.1702978066408448E-5,7.7877150757534725E-5,8.4064912321668421E-5,7.7877150757534725E-5,7.1702978066408448E-5,5.0371340172785085E-5],[5.2535449733135062E-5,7.3906242786838465E-5,7.1702978066408448E-5,8.3700248905646177E-5,7.1702978066408448E-5,7.3906242786838465E-5,5.2535449733135062E-5],[3.5178356360414384E-5,5.2535449733135062E-5,5.0371340172785085E-5,6.0184204197523763E-5,5.0371340172785085E-5,5.2535449733135062E-5,3.5178356360414384E-5]],[[4.64042155999451E-5,6.6467562676438943E-5,6.3986720688404754E-5,7.5410717006188469E-5,6.3986720688404754E-5,6.6467562676438943E-5,4.64042155999451E-5],[6.6467562676438943E-5,9.0492803629053928E-5,8.8038701560384263E-5,0.00010160345942053591,8.8038701560384263E-5,9.0492803629053928E-5,6.6467562676438943E-5],[6.3986720688404754E-5,8.8038701560384263E-5,9.4996493034826571E-5,0.00010196922715246844,9.4996493034826571E-5,8.8038701560384263E-5,6.3986720688404754E-5],[7.5410717006188469E-5,0.00010160345942053591,0.00010196922715246844,0.0001152077453208452,0.00010196922715246844,0.00010160345942053591,7.5410717006188469E-5],[6.3986720688404754E-5,8.8038701560384263E-5,9.4996493034826571E-5,0.00010196922715246844,9.4996493034826571E-5,8.8038701560384263E-5,6.3986720688404754E-5],[6.6467562676438943E-5,9.0492803629053928E-5,8.8038701560384263E-5,0.00010160345942053591,8.8038701560384263E-5,9.0492803629053928E-5,6.6467562676438943E-5],[4.64042155999451E-5,6.6467562676438943E-5,6.3986720688404754E-5,7.5410717006188469E-5,6.3986720688404754E-5,6.6467562676438943E-5,4.64042155999451E-5]],[[5.92547996639853E-5,8.2026764373139115E-5,7.9232348412278293E-5,9.22746375980718E-5,7.9232348412278293E-5,8.2026764373139115E-5,5.92547996639853E-5],[8.2026764373139115E-5,0.00010870017893301408,0.00010599798276414955,0.00012112833703247187,0.00010599798276414955,0.00010870017893301408,8.2026764373139115E-5],[7.9232348412278293E-5,0.00010599798276414955,0.00011373770496191897,0.00012149371916629716,0.00011373770496191897,0.00010599798276414955,7.9232348412278293E-5],[9.22746375980718E-5,0.00012112833703247187,0.00012149371916629716,0.00013618037355927597,0.00012149371916629716,0.00012112833703247187,9.22746375980718E-5],[7.9232348412278293E-5,0.00010599798276414955,0.00011373770496191897,0.00012149371916629716,0.00011373770496191897,0.00010599798276414955,7.9232348412278293E-5],[8.2026764373139115E-5,0.00010870017893301408,0.00010599798276414955,0.00012112833703247187,0.00010599798276414955,0.00010870017893301408,8.2026764373139115E-5],[5.92547996639853E-5,8.2026764373139115E-5,7.9232348412278293E-5,9.22746375980718E-5,7.9232348412278293E-5,8.2026764373139115E-5,5.92547996639853E-5]],[[7.3730188640903273E-5,9.9209037154085911E-5,9.6103968562456337E-5,0.00011076727506649666,9.6103968562456337E-5,9.9209037154085911E-5,7.3730188640903273E-5],[9.9209037154085911E-5,0.00012852390379401629,0.00012557583610597734,0.00014226888477131221,0.00012557583610597734,0.00012852390379401629,9.9209037154085911E-5],[9.6103968562456337E-5,0.00012557583610597734,0.00013409555785459236,0.000142632916662407,0.00013409555785459236,0.00012557583610597737,9.6103968562456337E-5],[0.00011076727506649666,0.00014226888477131221,0.000142632916662407,0.00015876323555884988,0.000142632916662407,0.00014226888477131223,0.00011076727506649666],[9.6103968562456337E-5,0.00012557583610597734,0.00013409555785459236,0.000142632916662407,0.00013409555785459236,0.00012557583610597737,9.6103968562456337E-5],[9.9209037154085911E-5,0.00012852390379401629,0.00012557583610597737,0.00014226888477131223,0.00012557583610597737,0.00012852390379401629,9.9209037154085911E-5],[7.3730188640903273E-5,9.9209037154085911E-5,9.6103968562456337E-5,0.00011076727506649666,9.6103968562456337E-5,9.9209037154085911E-5,7.3730188640903273E-5]],[[8.982855396298446E-5,0.00011801013306624374,0.00011459699889891016,0.00013088125500133597,0.00011459699889891016,0.00011801013306624374,8.982855396298446E-5],[0.00011801013306624374,0.00014995940261736359,0.00014676728826695039,0.00016501948850322116,0.00014676728826695039,0.00014995940261736359,0.00011801013306624374],[0.00011459699889891016,0.00014676728826695039,0.00015606492752448479,0.00016538154466168864,0.00015606492752448479,0.00014676728826695039,0.00011459699889891016],[0.00013088125500133597,0.00016501948850322116,0.00016538154466168864,0.00018295109127566621,0.00016538154466168864,0.00016501948850322116,0.00013088125500133597],[0.00011459699889891016,0.00014676728826695039,0.00015606492752448479,0.00016538154466168864,0.00015606492752448479,0.00014676728826695039,0.00011459699889891016],[0.00011801013306624374,0.00014995940261736359,0.00014676728826695039,0.00016501948850322116,0.00014676728826695039,0.00014995940261736359,0.00011801013306624374],[8.982855396298446E-5,0.00011801013306624374,0.00011459699889891016,0.00013088125500133597,0.00011459699889891016,0.00011801013306624374,8.982855396298446E-5]],[[0.00010754693213772019,0.00013842563800350465,0.00013470668704291237,0.00015261006681391824,0.00013470668704291237,0.00013842563800350465,0.00010754693213772019],[0.00013842563800350465,0.00017300202826960086,0.00016956739275804887,0.00018937479770764109,0.00016956739275804887,0.00017300202826960086,0.00013842563800350465],[0.00013470668704291237,0.00016956739275804887,0.00017964077533782862,0.00018973447244998649,0.00017964077533782862,0.00016956739275804887,0.00013470668704291237],[0.00015261006681391824,0.00018937479770764109,0.00018973447244998649,0.0002087388430855886,0.00018973447244998649,0.00018937479770764109,0.00015261006681391824],[0.00013470668704291237,0.00016956739275804887,0.00017964077533782862,0.00018973447244998649,0.00017964077533782862,0.00016956739275804887,0.00013470668704291237],[0.00013842563800350465,0.00017300202826960086,0.00016956739275804887,0.00018937479770764109,0.00016956739275804887,0.00017300202826960086,0.00013842563800350465],[0.00010754693213772019,0.00013842563800350465,0.00013470668704291237,0.00015261006681391824,0.00013470668704291237,0.00013842563800350465,0.00010754693213772019]],[[0.00012688167471617211,0.0001604510215818203,0.00015642820101667858,0.0001759477719962571,0.00015642820101667858,0.0001604510215818203,0.00012688167471617211],[0.0001604510215818203,0.00019764708971755322,0.00019397123568779933,0.00021532964598128241,0.00019397123568779933,0.00019764708971755322,0.0001604510215818203],[0.00015642820101667858,0.00019397123568779933,0.00020481813260813593,0.0002156866765984102,0.0002048181326081359,0.00019397123568779933,0.00015642820101667858],[0.0001759477719962571,0.00021532964598128241,0.0002156866765984102,0.00023612149861279458,0.0002156866765984102,0.00021532964598128241,0.0001759477719962571],[0.00015642820101667858,0.00019397123568779933,0.0002048181326081359,0.0002156866765984102,0.0002048181326081359,0.00019397123568779933,0.00015642820101667858],[0.0001604510215818203,0.00019764708971755322,0.00019397123568779933,0.00021532964598128241,0.00019397123568779933,0.00019764708971755322,0.0001604510215818203],[0.00012688167471617211,0.0001604510215818203,0.00015642820101667858,0.0001759477719962571,0.00015642820101667858,0.0001604510215818203,0.00012688167471617211]],[[0.00014782871462116264,0.00018408167476287389,0.00017975668022146788,0.00020088881496355135,0.00017975668022146788,0.00018408167476287389,0.00014782871462116264],[0.00018408167476287389,0.00022388987112075147,0.000219973936673014,0.00024287899740016371,0.000219973936673014,0.00022388987112075147,0.00018408167476287389],[0.00017975668022146788,0.000219973936673014,0.00023159208781553409,0.00024323321449337961,0.00023159208781553409,0.000219973936673014,0.00017975668022146788],[0.00020088881496355135,0.00024287899740016371,0.00024323321449337961,0.000265094144078403,0.00024323321449337961,0.00024287899740016371,0.00020088881496355135],[0.00017975668022146788,0.000219973936673014,0.00023159208781553409,0.00024323321449337961,0.00023159208781553409,0.000219973936673014,0.00017975668022146788],[0.00018408167476287389,0.00022388987112075147,0.000219973936673014,0.00024287899740016371,0.000219973936673014,0.00022388987112075147,0.00018408167476287389],[0.00014782871462116264,0.00018408167476287389,0.00017975668022146788,0.00020088881496355135,0.00017975668022146788,0.00018408167476287389,0.00014782871462116264]],[[0.00017038372672276053,0.00020931293747502791,0.00020468726311357585,0.00022742789948826733,0.00020468726311357585,0.00020931293747502791,0.00017038372672276053],[0.00020931293747502791,0.00025172564460557547,0.00024757064712154696,0.00027201790974653672,0.00024757064712154696,0.00025172564460557547,0.00020931293747502791],[0.00020468726311357585,0.00024757064712154696,0.00025995777607257096,0.00027236920498711382,0.00025995777607257096,0.00024757064712154696,0.00020468726311357585],[0.00022742789948826733,0.00027201790974653672,0.00027236920498711382,0.00029565192476857884,0.00027236920498711382,0.00027201790974653672,0.00022742789948826733],[0.00020468726311357585,0.00024757064712154696,0.00025995777607257096,0.00027236920498711382,0.00025995777607257096,0.00024757064712154696,0.00020468726311357585],[0.00020931293747502791,0.00025172564460557547,0.00024757064712154696,0.00027201790974653672,0.00024757064712154696,0.00025172564460557547,0.00020931293747502791],[0.00017038372672276053,0.00020931293747502791,0.00020468726311357585,0.00022742789948826733,0.00020468726311357585,0.00020931293747502791,0.00017038372672276053]],[[0.00019454222639083462,0.00023614011832141956,0.00023121510123754154,0.00025555990719416596,0.00023121510123754154,0.00023614011832141956,0.00019454222639083462],[0.00023614011832141956,0.00028114967836869814,0.00027675654711036446,0.00030274150873774516,0.00027675654711036446,0.00028114967836869814,0.00023614011832141956],[0.00023121510123754154,0.00027675654711036446,0.000289910370285243,0.00030308981384281832,0.000289910370285243,0.00027675654711036446,0.00023121510123754154],[0.00025555990719416596,0.00030274150873774516,0.00030308981384281832,0.00032779003028679863,0.00030308981384281832,0.00030274150873774516,0.00025555990719416596],[0.00023121510123754154,0.00027675654711036446,0.000289910370285243,0.00030308981384281832,0.000289910370285243,0.00027675654711036446,0.00023121510123754154],[0.00023614011832141956,0.00028114967836869814,0.00027675654711036446,0.00030274150873774516,0.00027675654711036446,0.00028114967836869814,0.00023614011832141956],[0.00019454222639083462,0.00023614011832141956,0.00023121510123754154,0.00025555990719416596,0.00023121510123754154,0.00023614011832141956,0.00019454222639083462]],[[0.00022029963089177892,0.00026455850814990564,0.00025933536531355477,0.00028527984308330027,0.00025933536531355477,0.00026455850814990564,0.00022029963089177892],[0.00026455850814990564,0.0003121572413100734,0.00030752684150093282,0.00033504496941048618,0.00030752684150093282,0.0003121572413100734,0.00026455850814990564],[0.00025933536531355477,0.00030752684150093282,0.00032144507352652147,0.00033539024236717974,0.00032144507352652147,0.00030752684150093282,0.00025933536531355477],[0.00028527984308330027,0.00033504496941048618,0.00033539024236717974,0.00036150368297436174,0.00033539024236717974,0.00033504496941048618,0.00028527984308330027],[0.00025933536531355477,0.00030752684150093282,0.00032144507352652147,0.00033539024236717974,0.00032144507352652147,0.00030752684150093282,0.00025933536531355477],[0.00026455850814990564,0.0003121572413100734,0.00030752684150093282,0.00033504496941048618,0.00030752684150093282,0.0003121572413100734,0.00026455850814990564],[0.00022029963089177892,0.00026455850814990564,0.00025933536531355477,0.00028527984308330027,0.00025933536531355477,0.00026455850814990564,0.00022029963089177892]],[[0.00024765129799100247,0.00029456338891244112,0.00028904324670594772,0.0003165827984574636,0.00028904324670594772,0.00029456338891244112,0.00024765129799100247],[0.00029456338891244112,0.00034474360505615817,0.00033987675560122641,0.00036892350211670683,0.00033987675560122641,0.00034474360505615817,0.00029456338891244112],[0.00028904324670594772,0.00033987675560122641,0.000354557112216027,0.0003692657181082297,0.000354557112216027,0.00033987675560122641,0.00028904324670594772],[0.0003165827984574636,0.00036892350211670683,0.0003692657181082297,0.000396788128369173,0.0003692657181082297,0.00036892350211670683,0.0003165827984574636],[0.00028904324670594772,0.00033987675560122641,0.000354557112216027,0.0003692657181082297,0.000354557112216027,0.00033987675560122641,0.00028904324670594772],[0.00029456338891244112,0.00034474360505615817,0.00033987675560122641,0.00036892350211670683,0.00033987675560122641,0.00034474360505615817,0.00029456338891244112],[0.00024765129799100247,0.00029456338891244112,0.00028904324670594772,0.0003165827984574636,0.00028904324670594772,0.00029456338891244112,0.00024765129799100247]],[[0.00027659255020582435,0.00032615003891942886,0.00032033395618719421,0.00034946392501940905,0.00032033395618719421,0.00032615003891942886,0.00027659255020582435],[0.00032615003891942886,0.00037890404397855339,0.0003738015304948303,0.00040437234143087778,0.0003738015304948303,0.00037890404397855339,0.00032615003891942886],[0.00032033395618719421,0.0003738015304948303,0.00038924172976882037,0.00040471148682409155,0.00038924172976882037,0.0003738015304948303,0.00032033395618719421],[0.00034946392501940905,0.00040437234143087778,0.00040471148682409155,0.00043363862690028496,0.00040471148682409155,0.00040437234143087778,0.00034946392501940905],[0.00032033395618719421,0.0003738015304948303,0.00038924172976882037,0.00040471148682409155,0.00038924172976882037,0.0003738015304948303,0.00032033395618719421],[0.00032615003891942886,0.00037890404397855339,0.0003738015304948303,0.00040437234143087778,0.0003738015304948303,0.00037890404397855339,0.00032615003891942886],[0.00027659255020582435,0.00032615003891942886,0.00032033395618719421,0.00034946392501940905,0.00032033395618719421,0.00032615003891942886,0.00027659255020582435]],[[0.00030711868977179686,0.00035931373531922147,0.00035320272107384115,0.00038391841611999845,0.00035320272107384115,0.00035931373531922147,0.00030711868977179686],[0.00035931373531922147,0.00041463383362170489,0.00040929641805091736,0.00044138673681479981,0.00040929641805091736,0.00041463383362170489,0.00035931373531922147],[0.00035320272107384115,0.00040929641805091736,0.00042549418043278672,0.00044172280514782317,0.00042549418043278672,0.00040929641805091736,0.00035320272107384115],[0.00038391841611999845,0.00044138673681479981,0.00044172280514782317,0.00047205044623493166,0.00044172280514782317,0.00044138673681479981,0.00038391841611999845],[0.00035320272107384115,0.00040929641805091736,0.00042549418043278672,0.00044172280514782317,0.00042549418043278672,0.00040929641805091736,0.00035320272107384115],[0.00035931373531922147,0.00041463383362170489,0.00040929641805091736,0.00044138673681479981,0.00040929641805091736,0.00041463383362170489,0.00035931373531922147],[0.00030711868977179686,0.00035931373531922147,0.00035320272107384115,0.00038391841611999845,0.00035320272107384115,0.00035931373531922147,0.00030711868977179686]],[[0.000339225007417928,0.0003940497544073705,0.00038764478131497656,0.00041994149251029579,0.00038764478131497656,0.0003940497544073705,0.000339225007417928],[0.0003940497544073705,0.00045192824780903993,0.00044635667556768179,0.00047996194423929607,0.00044635667556768179,0.00045192824780903993,0.0003940497544073705],[0.00038764478131497656,0.00044635667556768179,0.00046330972307629011,0.000480294933519162,0.00046330972307629011,0.00044635667556768179,0.00038764478131497656],[0.00041994149251029579,0.00047996194423929607,0.000480294933519162,0.00051201885383954653,0.000480294933519162,0.00047996194423929612,0.00041994149251029585],[0.00038764478131497656,0.00044635667556768179,0.00046330972307629011,0.000480294933519162,0.00046330972307629011,0.00044635667556768179,0.00038764478131497656],[0.0003940497544073705,0.00045192824780903993,0.00044635667556768179,0.00047996194423929612,0.00044635667556768179,0.00045192824780903993,0.0003940497544073705],[0.000339225007417928,0.0003940497544073705,0.00038764478131497656,0.00041994149251029585,0.00038764478131497656,0.0003940497544073705,0.000339225007417928]],[[0.00037290678687641456,0.000430353370190709,0.00042365538482040221,0.00045752839084742454,0.00042365538482040221,0.000430353370190709,0.00037290678687641456],[0.000430353370190709,0.000490782554587124,0.00048497755996447175,0.00052009321818803308,0.00048497755996447175,0.000490782554587124,0.000430353370190709],[0.00042365538482040221,0.00048497755996447175,0.00050268361471591757,0.00052042312904758111,0.00050268361471591757,0.00048497755996447175,0.00042365538482040221],[0.00045752839084742454,0.00052009321818803308,0.00052042312904758111,0.00055353910940852166,0.00052042312904758111,0.00052009321818803308,0.00045752839084742459],[0.00042365538482040221,0.00048497755996447175,0.00050268361471591757,0.00052042312904758111,0.00050268361471591757,0.00048497755996447175,0.00042365538482040221],[0.000430353370190709,0.000490782554587124,0.00048497755996447175,0.00052009321818803308,0.00048497755996447175,0.000490782554587124,0.000430353370190709],[0.00037290678687641456,0.000430353370190709,0.00042365538482040221,0.00045752839084742459,0.00042365538482040221,0.000430353370190709,0.00037290678687641456]],[[0.00040815930633882562,0.00046821985148924041,0.00046122978214155526,0.00049667435377139,0.00046122978214155526,0.00046821985148924041,0.00040815930633882562],[0.00046821985148924041,0.00053119201108188172,0.00052515432141238521,0.000561775803610677,0.00052515432141238521,0.00053119201108188172,0.00046821985148924041],[0.00046122978214155526,0.00052515432141238521,0.00054361110359006171,0.00056210263802840071,0.00054361110359006171,0.00052515432141238521,0.00046122978214155526],[0.00049667435377139,0.000561775803610677,0.00056210263802840071,0.00059660645687008025,0.00056210263802840071,0.000561775803610677,0.00049667435377139],[0.00046122978214155526,0.00052515432141238521,0.00054361110359006171,0.00056210263802840071,0.00054361110359006171,0.00052515432141238521,0.00046122978214155526],[0.00046821985148924041,0.00053119201108188172,0.00052515432141238521,0.000561775803610677,0.00052515432141238521,0.00053119201108188172,0.00046821985148924041],[0.00040815930633882562,0.00046821985148924041,0.00046122978214155526,0.00049667435377139,0.00046122978214155526,0.00046821985148924041,0.00040815930633882562]],[[0.00044497783762280146,0.00050764445774661483,0.00050036322051187393,0.00053737462073103945,0.00050036322051187393,0.00050764445774661483,0.00044497783762280146],[0.00050764445774661483,0.00057315185727154242,0.00056688219627127506,0.00060500492747711878,0.00056688219627127506,0.00057315185727154242,0.00050764445774661483],[0.00050036322051187393,0.00056688219627127506,0.00058608742158823676,0.00060532868786379937,0.00058608742158823676,0.00056688219627127506,0.00050036322051187393],[0.00053737462073103945,0.00060500492747711878,0.00060532868786379937,0.00064121611570637494,0.00060532868786379937,0.00060500492747711878,0.00053737462073103945],[0.00050036322051187393,0.00056688219627127506,0.00058608742158823676,0.00060532868786379937,0.00058608742158823676,0.00056688219627127506,0.00050036322051187393],[0.00050764445774661483,0.00057315185727154242,0.00056688219627127506,0.00060500492747711878,0.00056688219627127506,0.00057315185727154242,0.00050764445774661483],[0.00044497783762280146,0.00050764445774661483,0.00050036322051187393,0.00053737462073103945,0.00050036322051187393,0.00050764445774661483,0.00044497783762280146]],[[0.00048335764352270118,0.00054862243362972709,0.00054105093718518368,0.00057962441896274627,0.00054105093718518368,0.00054862243362972709,0.00048335764352270118],[0.00054862243362972709,0.00061665730862174822,0.00061015639917879531,0.00064977578962915092,0.00061015639917879531,0.00061665730862174822,0.00054862243362972709],[0.00054105093718518368,0.00061015639917879531,0.00063010777583966864,0.00065009647815015778,0.00063010777583966864,0.00061015639917879531,0.00054105093718518368],[0.00057962441896274627,0.00064977578962915092,0.00065009647815015778,0.00068736327133156981,0.00065009647815015778,0.00064977578962915092,0.00057962441896274627],[0.00054105093718518368,0.00061015639917879531,0.00063010777583966864,0.00065009647815015778,0.00063010777583966864,0.00061015639917879531,0.00054105093718518368],[0.00054862243362972709,0.00061665730862174822,0.00061015639917879531,0.00064977578962915092,0.00061015639917879531,0.00061665730862174822,0.00054862243362972709],[0.00048335764352270118,0.00054862243362972709,0.00054105093718518368,0.00057962441896274627,0.00054105093718518368,0.00054862243362972709,0.00048335764352270118]],[[0.00052329397362122388,0.000591149002423437,0.00058328815196287561,0.00062341895416243714,0.00058328815196287561,0.000591149002423437,0.00052329397362122388],[0.000591149002423437,0.000661703547474446,0.00065497211411159743,0.00069608355264201593,0.00065497211411159743,0.000661703547474446,0.000591149002423437],[0.00058328815196287561,0.00065497211411159743,0.00067566733924855711,0.00069640117068641967,0.00067566733924855711,0.00065497211411159743,0.00058328815196287561],[0.00062341895416243714,0.00069608355264201593,0.00069640117068641967,0.00073504306426114589,0.00069640117068641967,0.00069608355264201593,0.00062341895416243714],[0.00058328815196287561,0.00065497211411159743,0.00067566733924855711,0.00069640117068641967,0.00067566733924855711,0.00065497211411159743,0.00058328815196287561],[0.000591149002423437,0.000661703547474446,0.00065497211411159743,0.00069608355264201593,0.00065497211411159743,0.000661703547474446,0.000591149002423437],[0.00052329397362122388,0.000591149002423437,0.00058328815196287561,0.00062341895416243714,0.00058328815196287561,0.000591149002423437,0.00052329397362122388]],[[0.00056478205870024443,0.0006352193581605093,0.00062707005876053092,0.00066875340046706219,0.00062707005876053092,0.0006352193581605093,0.00056478205870024443],[0.0006352193581605093,0.00070828571302829994,0.00070132448420640817,0.00074392333040054987,0.00070132448420640817,0.00070828571302829994,0.0006352193581605093],[0.00062707005876053092,0.00070132448420640817,0.00072276123973592918,0.00074423787813552829,0.00072276123973592918,0.00070132448420640817,0.00062707005876053092],[0.00066875340046706219,0.00074392333040054987,0.00074423787813552829,0.00078425057777830752,0.00074423787813552829,0.00074392333040054987,0.00066875340046706219],[0.00062707005876053092,0.00070132448420640817,0.00072276123973592918,0.00074423787813552829,0.00072276123973592918,0.00070132448420640817,0.00062707005876053092],[0.0006352193581605093,0.00070828571302829994,0.00070132448420640817,0.00074392333040054987,0.00070132448420640817,0.00070828571302829994,0.0006352193581605093],[0.00056478205870024443,0.0006352193581605093,0.00062707005876053092,0.00066875340046706219,0.00062707005876053092,0.0006352193581605093,0.00056478205870024443]],[[0.00060781710378482424,0.00068082865636726118,0.00067239181602757911,0.00071562288939581672,0.00067239181602757911,0.00068082865636726118,0.00060781710378482424],[0.00068082865636726118,0.00075639888969303065,0.00074920860008969052,0.00079329017506874215,0.00074920860008969052,0.00075639888969303065,0.00068082865636726118],[0.00067239181602757911,0.00074920860008969052,0.00077138454791064336,0.00079360165103533784,0.00077138454791064336,0.00074920860008969052,0.00067239181602757911],[0.00071562288939581672,0.00079329017506874215,0.00079360165103533784,0.000834980823761689,0.00079360165103533784,0.00079329017506874215,0.00071562288939581672],[0.00067239181602757911,0.00074920860008969052,0.00077138454791064336,0.00079360165103533784,0.00077138454791064336,0.00074920860008969052,0.00067239181602757911],[0.00068082865636726118,0.00075639888969303065,0.00074920860008969052,0.00079329017506874215,0.00074920860008969052,0.00075639888969303065,0.00068082865636726118],[0.00060781710378482424,0.00068082865636726118,0.00067239181602757911,0.00071562288939581672,0.00067239181602757911,0.00068082865636726118,0.00060781710378482424]],[[0.0006523942797700481,0.00072797200324432887,0.00071924853579115636,0.00076402249740231578,0.00071924853579115636,0.00072797200324432887,0.0006523942797700481],[0.00072797200324432887,0.00080603809353629082,0.00079861948641325384,0.00084417906208527629,0.00079861948641325384,0.00080603809353629082,0.00072797200324432887],[0.00071924853579115636,0.00079861948641325384,0.00082153226283999644,0.00084448746280247819,0.00082153226283999644,0.00079861948641325384,0.00071924853579115636],[0.00076402249740231578,0.00084417906208527629,0.00084448746280247819,0.0008872287262780647,0.00084448746280247819,0.00084417906208527629,0.00076402249740231578],[0.00071924853579115636,0.00079861948641325384,0.00082153226283999644,0.00084448746280247819,0.00082153226283999644,0.00079861948641325384,0.00071924853579115636],[0.00072797200324432887,0.00080603809353629082,0.00079861948641325384,0.00084417906208527629,0.00079861948641325384,0.00080603809353629082,0.00072797200324432887],[0.0006523942797700481,0.00072797200324432887,0.00071924853579115636,0.00076402249740231578,0.00071924853579115636,0.00072797200324432887,0.0006523942797700481]],[[0.000698508713506004,0.00077664444303859816,0.00076763527104813068,0.00081394723166510342,0.00076763527104813068,0.00077664444303859816,0.000698508713506004],[0.00077664444303859816,0.00085719825646909974,0.00084955208623075816,0.00089658487275368472,0.00084955208623075816,0.00085719825646909974,0.00077664444303859816],[0.00076763527104813068,0.00084955208623075816,0.00087319929552498042,0.00089689019230426671,0.00087319929552498042,0.00084955208623075816,0.00076763527104813068],[0.00081394723166510342,0.00089658487275368472,0.00089689019230426671,0.00094098910246569309,0.00089689019230426671,0.00089658487275368472,0.00081394723166510342],[0.00076763527104813068,0.00084955208623075816,0.00087319929552498042,0.00089689019230426671,0.00087319929552498042,0.00084955208623075816,0.00076763527104813068],[0.00077664444303859816,0.00085719825646909974,0.00084955208623075816,0.00089658487275368472,0.00084955208623075816,0.00085719825646909974,0.00077664444303859816],[0.000698508713506004,0.00077664444303859816,0.00076763527104813068,0.00081394723166510342,0.00076763527104813068,0.00077664444303859816,0.000698508713506004]],[[0.00074615547614491438,0.00082684094328992785,0.0008175470011684519,0.00086539201369477056,0.0008175470011684519,0.00082684094328992785,0.00074615547614491438],[0.00082684094328992785,0.00090987420772654514,0.00090200124276852039,0.00095050237390744514,0.00090200124276852039,0.00090987420772654514,0.00082684094328992785],[0.0008175470011684519,0.00090200124276852039,0.00092638044959869809,0.00095080460348218629,0.00092638044959869809,0.00090200124276852039,0.0008175470011684519],[0.00086539201369477056,0.00095050237390744514,0.00095080460348218629,0.00099625664013000526,0.00095080460348218629,0.00095050237390744514,0.00086539201369477056],[0.0008175470011684519,0.00090200124276852039,0.00092638044959869809,0.00095080460348218629,0.00092638044959869809,0.00090200124276852039,0.0008175470011684519],[0.00082684094328992785,0.00090987420772654514,0.00090200124276852039,0.00095050237390744514,0.00090200124276852039,0.00090987420772654514,0.00082684094328992785],[0.00074615547614491438,0.00082684094328992785,0.0008175470011684519,0.00086539201369477056,0.0008175470011684519,0.00082684094328992785,0.00074615547614491438]],[[0.00079532956947962134,0.0008785563775515747,0.00086897861490044107,0.00091835166026409468,0.00086897861490044107,0.0008785563775515747,0.00079532956947962134],[0.0008785563775515747,0.000964060652091622,0.000955961678042911,0.0010059261940169593,0.000955961678042911,0.000964060652091622,0.0008785563775515747],[0.00086897861490044107,0.000955961678042911,0.00098107039865796071,0.0010062253213945999,0.00098107039865796071,0.000955961678042911,0.00086897861490044107],[0.00091835166026409468,0.0010059261940169593,0.0010062253213945999,0.0010530258713415833,0.0010062253213945997,0.0010059261940169593,0.00091835166026409468],[0.00086897861490044107,0.000955961678042911,0.00098107039865796071,0.0010062253213945997,0.00098107039865796049,0.000955961678042911,0.00086897861490044107],[0.0008785563775515747,0.000964060652091622,0.000955961678042911,0.0010059261940169593,0.000955961678042911,0.000964060652091622,0.00087855637755157481],[0.00079532956947962134,0.0008785563775515747,0.00086897861490044107,0.00091835166026409468,0.00086897861490044107,0.00087855637755157481,0.00079532956947962134]],[[0.00084602590991926106,0.00093178550508077665,0.00092192489047402358,0.00097282086106689454,0.00092192489047402358,0.00093178550508077665,0.00084602590991926106],[0.00093178550508077665,0.0010197521441729165,0.0010114279676458906,0.0010628507949565335,0.0010114279676458906,0.0010197521441729165,0.00093178550508077665],[0.00092192489047402358,0.0010114279676458906,0.0010372636594973162,0.0010631468038955019,0.0010372636594973162,0.0010114279676458906,0.00092192489047402358],[0.00097282086106689454,0.0010628507949565335,0.0010631468038955019,0.0011112911411549761,0.0010631468038955019,0.0010628507949565335,0.00097282086106689454],[0.00092192489047402358,0.0010114279676458906,0.0010372636594973162,0.0010631468038955019,0.0010372636594973162,0.0010114279676458906,0.00092192489047402358],[0.00093178550508077665,0.0010197521441729165,0.0010114279676458906,0.0010628507949565335,0.0010114279676458906,0.0010197521441729165,0.00093178550508077676],[0.00084602590991926106,0.00093178550508077665,0.00092192489047402358,0.00097282086106689454,0.00092192489047402358,0.00093178550508077676,0.00084602590991926117]],[[0.00089823930964996474,0.00098652294686833036,0.00097638047218015684,0.0010287941523793875,0.00097638047218015684,0.00098652294686833036,0.00089823930964996474],[0.00098652294686833036,0.0010769430578731253,0.0010683945108540796,0.0011212704384583041,0.0010683945108540796,0.0010769430578731253,0.00098652294686833036],[0.00097638047218015684,0.0010683945108540796,0.0010949545603351294,0.0011215633079729979,0.0010949545603351294,0.0010683945108540796,0.00097638047218015684],[0.0010287941523793875,0.0011212704384583041,0.0011215633079729979,0.0011710465703469143,0.0011215633079729979,0.0011212704384583041,0.0010287941523793875],[0.00097638047218015684,0.0010683945108540796,0.0010949545603351294,0.0011215633079729979,0.0010949545603351294,0.0010683945108540796,0.00097638047218015684],[0.00098652294686833036,0.0010769430578731253,0.0010683945108540796,0.0011212704384583041,0.0010683945108540796,0.0010769430578731253,0.00098652294686833036],[0.00089823930964996474,0.00098652294686833036,0.00097638047218015684,0.0010287941523793875,0.00097638047218015684,0.00098652294686833036,0.00089823930964996474]],[[0.00095196445440922707,0.001042763157215731,0.0010323398426527592,0.0010862658858245098,0.0010323398426527592,0.001042763157215731,0.00095196445440922707],[0.001042763157215731,0.0011356275499627708,0.0011268554950022128,0.0011811791460315908,0.0011268554950022128,0.0011356275499627708,0.001042763157215731],[0.0010323398426527592,0.0011268554950022128,0.0011541372028888212,0.0011814688495206474,0.0011541372028888212,0.0011268554950022128,0.0010323398426527592],[0.0010862658858245098,0.0011811791460315908,0.0011814688495206474,0.0012322860107867543,0.0011814688495206474,0.0011811791460315908,0.0010862658858245098],[0.0010323398426527592,0.0011268554950022128,0.0011541372028888212,0.0011814688495206474,0.0011541372028888212,0.0011268554950022128,0.00103233984265