{"M_cells":[[[0,0,0,0,0,0,0],[0,0,0,0,0,0,0],[0,0,0,0,0,0,0],[0,0,0,0,0,0,0],[0,0,0,0,0,0,0],[0,0,0,0,0,0,0],[0,0,0,0,0,0,0]],[[5.5356343203734849E-9,3.1744096757298681E-8,2.8248943406933691E-8,4.1306789395742213E-8,2.8248943406933691E-8,3.1744096757298681E-8,5.5356343203734849E-9],[3.1744096757298681E-8,1.3356204359622518E-7,1.2213777924971187E-7,1.7242288155576987E-7,1.221377792497119E-7,1.3356204359622521E-7,3.1744096757298681E-8],[2.8248943406933691E-8,1.2213777924971187E-7,1.4984095760653531E-7,1.7769050186249904E-7,1.4984095760653533E-7,1.221377792497119E-7,2.8248943406933691E-8],[4.1306789395742213E-8,1.7242288155576987E-7,1.7769050186249904E-7,2.3427112026748062E-7,1.7769050186249907E-7,1.724228815557699E-7,4.1306789395742213E-8],[2.8248943406933691E-8,1.221377792497119E-7,1.4984095760653533E-7,1.7769050186249907E-7,1.4984095760653533E-7,1.221377792497119E-7,2.8248943406933691E-8],[3.1744096757298681E-8,1.3356204359622521E-7,1.221377792497119E-7,1.724228815557699E-7,1.221377792497119E-7,1.3356204359622521E-7,3.1744096757298681E-8],[5.5356343203734849E-9,3.1744096757298681E-8,2.8248943406933691E-8,4.1306789395742213E-8,2.8248943406933691E-8,3.1744096757298681E-8,5.5356343203734849E-9]],[[3.7877758162353087E-8,1.2296963229562039E-7,1.117557766977145E-7,1.5551878624505375E-7,1.117557766977145E-7,1.2296963229562039E-7,3.78777581623531E-8],[1.2296963229562039E-7,3.1679153564556105E-7,2.9532087135451776E-7,3.9495311273922136E-7,2.9532087135451776E-7,3.1679153564556105E-7,1.2296963229562039E-7],[1.117557766977145E-7,2.9532087135451776E-7,3.4913370756586555E-7,4.0313167459438358E-7,3.4913370756586555E-7,2.9532087135451776E-7,1.117557766977145E-7],[1.5551878624505375E-7,3.9495311273922136E-7,4.0313167459438358E-7,5.1074072649541069E-7,4.0313167459438358E-7,3.9495311273922136E-7,1.5551878624505375E-7],[1.117557766977145E-7,2.9532087135451776E-7,3.4913370756586555E-7,4.0313167459438358E-7,3.4913370756586555E-7,2.9532087135451776E-7,1.1175577669771449E-7],[1.2296963229562039E-7,3.1679153564556105E-7,2.9532087135451776E-7,3.9495311273922136E-7,2.9532087135451776E-7,3.1679153564556105E-7,1.2296963229562039E-7],[3.78777581623531E-8,1.2296963229562039E-7,1.117557766977145E-7,1.5551878624505375E-7,1.1175577669771449E-7,1.2296963229562039E-7,3.78777581623531E-8]],[[1.1031299555224246E-7,2.6791736884658382E-7,2.4733976879340072E-7,3.3058577200603454E-7,2.4733976879340072E-7,2.6791736884658382E-7,1.1031299555224248E-7],[2.6791736884658382E-7,5.4495232976343836E-7,5.1467911265106315E-7,6.613441416287631E-7,5.1467911265106315E-7,5.4495232976343836E-7,2.6791736884658382E-7],[2.4733976879340072E-7,5.1467911265106315E-7,5.9266874386994208E-7,6.7087855563951616E-7,5.9266874386994208E-7,5.1467911265106315E-7,2.4733976879340072E-7],[3.3058577200603454E-7,6.613441416287631E-7,6.7087855563951616E-7,8.2449851471744507E-7,6.7087855563951616E-7,6.613441416287631E-7,3.3058577200603454E-7],[2.4733976879340072E-7,5.1467911265106315E-7,5.9266874386994208E-7,6.7087855563951616E-7,5.9266874386994208E-7,5.1467911265106315E-7,2.4733976879340072E-7],[2.6791736884658382E-7,5.4495232976343836E-7,5.1467911265106315E-7,6.613441416287631E-7,5.1467911265106315E-7,5.4495232976343836E-7,2.6791736884658382E-7],[1.1031299555224248E-7,2.6791736884658382E-7,2.4733976879340072E-7,3.3058577200603454E-7,2.4733976879340072E-7,2.6791736884658382E-7,1.1031299555224248E-7]],[[2.2770756959508974E-7,4.6150784761830592E-7,4.3128480753276684E-7,5.5752203855286885E-7,4.3128480753276684E-7,4.6150784761830592E-7,2.2770756959508974E-7],[4.6150784761830592E-7,8.1398246569414264E-7,7.7602825258387109E-7,9.6677892851332124E-7,7.760282525838712E-7,8.1398246569414285E-7,4.6150784761830592E-7],[4.3128480753276684E-7,7.7602825258387109E-7,8.7625735560136637E-7,9.7673841472971773E-7,8.7625735560136647E-7,7.760282525838712E-7,4.3128480753276684E-7],[5.5752203855286885E-7,9.6677892851332124E-7,9.7673841472971773E-7,1.1719215956518669E-6,9.76738414729718E-7,9.6677892851332124E-7,5.5752203855286885E-7],[4.3128480753276684E-7,7.760282525838712E-7,8.7625735560136647E-7,9.76738414729718E-7,8.7625735560136658E-7,7.760282525838712E-7,4.3128480753276684E-7],[4.6150784761830592E-7,8.1398246569414285E-7,7.760282525838712E-7,9.6677892851332124E-7,7.760282525838712E-7,8.1398246569414264E-7,4.6150784761830592E-7],[2.2770756959508974E-7,4.6150784761830592E-7,4.3128480753276684E-7,5.5752203855286885E-7,4.3128480753276684E-7,4.6150784761830592E-7,2.2770756959508974E-7]],[[3.9058734460252885E-7,6.9924163190667269E-7,6.597659463273173E-7,8.2944519698689227E-7,6.597659463273173E-7,6.9924163190667269E-7,3.9058734460252885E-7],[6.9924163190667269E-7,1.1202598525843358E-6,1.075596154752227E-6,1.3072629479564721E-6,1.075596154752227E-6,1.1202598525843358E-6,6.9924163190667269E-7],[6.597659463273173E-7,1.075596154752227E-6,1.1962104171958491E-6,1.3171055287237882E-6,1.1962104171958491E-6,1.075596154752227E-6,6.597659463273173E-7],[8.2944519698689227E-7,1.3072629479564721E-6,1.3171055287237882E-6,1.5499179174827809E-6,1.3171055287237882E-6,1.3072629479564721E-6,8.2944519698689227E-7],[6.597659463273173E-7,1.075596154752227E-6,1.1962104171958491E-6,1.3171055287237882E-6,1.1962104171958491E-6,1.075596154752227E-6,6.597659463273173E-7],[6.9924163190667269E-7,1.1202598525843358E-6,1.075596154752227E-6,1.3072629479564721E-6,1.075596154752227E-6,1.1202598525843358E-6,6.9924163190667269E-7],[3.9058734460252885E-7,6.9924163190667269E-7,6.597659463273173E-7,8.2944519698689227E-7,6.597659463273173E-7,6.9924163190667269E-7,3.9058734460252885E-7]],[[5.973384521073282E-7,9.7712381469411165E-7,9.2908137432881778E-7,1.1409477590230824E-6,9.2908137432881778E-7,9.7712381469411165E-7,5.973384521073282E-7],[9.7712381469411165E-7,1.4605572879400922E-6,1.41000732192879E-6,1.6794342026845912E-6,1.41000732192879E-6,1.4605572879400922E-6,9.7712381469411165E-7],[9.2908137432881778E-7,1.41000732192879E-6,1.5492794091995403E-6,1.68885869898328E-6,1.5492794091995403E-6,1.41000732192879E-6,9.2908137432881778E-7],[1.1409477590230824E-6,1.6794342026845912E-6,1.68885869898328E-6,1.9558242759279225E-6,1.68885869898328E-6,1.6794342026845912E-6,1.1409477590230824E-6],[9.2908137432881778E-7,1.41000732192879E-6,1.5492794091995403E-6,1.68885869898328E-6,1.5492794091995403E-6,1.41000732192879E-6,9.2908137432881778E-7],[9.7712381469411165E-7,1.4605572879400922E-6,1.41000732192879E-6,1.6794342026845912E-6,1.41000732192879E-6,1.4605572879400922E-6,9.7712381469411165E-7],[5.973384521073282E-7,9.7712381469411165E-7,9.2908137432881778E-7,1.1409477590230824E-6,9.2908137432881778E-7,9.7712381469411165E-7,5.973384521073282E-7]],[[8.4538472970516993E-7,1.2916025809187297E-6,1.2357685841930649E-6,1.487680182940746E-6,1.2357685841930649E-6,1.2916025809187297E-6,8.4538472970516993E-7],[1.2916025809187297E-6,1.8319984287621935E-6,1.7762520769215393E-6,2.0804247805300365E-6,1.7762520769215393E-6,1.8319984287621935E-6,1.2916025809187297E-6],[1.2357685841930649E-6,1.7762520769215393E-6,1.9325992523803082E-6,2.0892777405296287E-6,1.9325992523803082E-6,1.7762520769215393E-6,1.2357685841930649E-6],[1.487680182940746E-6,2.0804247805300365E-6,2.0892777405296287E-6,2.3873248964134187E-6,2.0892777405296287E-6,2.0804247805300365E-6,1.4876801829407462E-6],[1.2357685841930649E-6,1.7762520769215393E-6,1.9325992523803082E-6,2.0892777405296287E-6,1.9325992523803082E-6,1.7762520769215391E-6,1.2357685841930649E-6],[1.2916025809187297E-6,1.8319984287621935E-6,1.7762520769215393E-6,2.0804247805300365E-6,1.7762520769215391E-6,1.8319984287621933E-6,1.2916025809187297E-6],[8.4538472970516993E-7,1.2916025809187297E-6,1.2357685841930649E-6,1.4876801829407462E-6,1.2357685841930649E-6,1.2916025809187297E-6,8.4538472970516993E-7]],[[1.1318083351230366E-6,1.6395156908210048E-6,1.5766519225903874E-6,1.866068283779145E-6,1.5766519225903876E-6,1.6395156908210048E-6,1.1318083351230366E-6],[1.6395156908210048E-6,2.2320135884326692E-6,2.1716470844213957E-6,2.50775487794603E-6,2.1716470844213961E-6,2.2320135884326696E-6,1.6395156908210048E-6],[1.5766519225903874E-6,2.1716470844213957E-6,2.3436328213595344E-6,2.5159719880932039E-6,2.3436328213595348E-6,2.1716470844213961E-6,1.5766519225903876E-6],[1.866068283779145E-6,2.50775487794603E-6,2.5159719880932039E-6,2.8423822305683636E-6,2.5159719880932039E-6,2.50775487794603E-6,1.866068283779145E-6],[1.5766519225903876E-6,2.1716470844213961E-6,2.3436328213595348E-6,2.5159719880932039E-6,2.3436328213595348E-6,2.1716470844213961E-6,1.5766519225903876E-6],[1.6395156908210048E-6,2.2320135884326696E-6,2.1716470844213961E-6,2.50775487794603E-6,2.1716470844213961E-6,2.2320135884326696E-6,1.6395156908210048E-6],[1.1318083351230366E-6,1.6395156908210048E-6,1.5766519225903876E-6,1.866068283779145E-6,1.5766519225903876E-6,1.6395156908210048E-6,1.1318083351230366E-6]],[[1.4536672515799334E-6,2.0180406008273042E-6,1.9488491700329679E-6,2.2731152155842763E-6,1.9488491700329679E-6,2.0180406008273042E-6,1.4536672515799334E-6],[2.0180406008273042E-6,2.6582924766671946E-6,2.5937888658159238E-6,2.9592442092528928E-6,2.5937888658159238E-6,2.6582924766671946E-6,2.0180406008273042E-6],[1.9488491700329679E-6,2.5937888658159238E-6,2.7801141850327009E-6,2.9668132587668682E-6,2.7801141850327009E-6,2.5937888658159238E-6,1.9488491700329679E-6],[2.2731152155842763E-6,2.9592442092528928E-6,2.9668132587668682E-6,3.3191708397546679E-6,2.9668132587668682E-6,2.9592442092528928E-6,2.2731152155842763E-6],[1.9488491700329679E-6,2.5937888658159238E-6,2.7801141850327009E-6,2.9668132587668682E-6,2.7801141850327009E-6,2.5937888658159238E-6,1.9488491700329679E-6],[2.0180406008273042E-6,2.6582924766671946E-6,2.5937888658159238E-6,2.9592442092528928E-6,2.5937888658159238E-6,2.658292476667195E-6,2.0180406008273046E-6],[1.4536672515799334E-6,2.0180406008273042E-6,1.9488491700329679E-6,2.2731152155842763E-6,1.9488491700329679E-6,2.0180406008273046E-6,1.4536672515799334E-6]],[[1.8081470098056423E-6,2.4246436659270436E-6,2.3497517280767269E-6,2.7062538466029671E-6,2.3497517280767269E-6,2.4246436659270436E-6,1.8081470098056423E-6],[2.4246436659270436E-6,3.1087270104720573E-6,3.0404962536903787E-6,3.4329248109878354E-6,3.0404962536903787E-6,3.1087270104720569E-6,2.4246436659270436E-6],[2.3497517280767269E-6,3.0404962536903787E-6,3.2399828478332645E-6,3.4398618670889365E-6,3.2399828478332645E-6,3.0404962536903787E-6,2.3497517280767269E-6],[2.7062538466029671E-6,3.4329248109878354E-6,3.4398618670889365E-6,3.8160003949616712E-6,3.4398618670889365E-6,3.4329248109878354E-6,2.7062538466029671E-6],[2.3497517280767269E-6,3.0404962536903787E-6,3.2399828478332645E-6,3.4398618670889365E-6,3.2399828478332649E-6,3.0404962536903787E-6,2.3497517280767269E-6],[2.4246436659270436E-6,3.1087270104720569E-6,3.0404962536903787E-6,3.4329248109878354E-6,3.0404962536903787E-6,3.1087270104720573E-6,2.4246436659270445E-6],[1.8081470098056423E-6,2.4246436659270436E-6,2.3497517280767269E-6,2.7062538466029671E-6,2.3497517280767269E-6,2.4246436659270445E-6,1.8081470098056425E-6]],[[2.1926193052047571E-6,2.8570207722448979E-6,2.7769824303697496E-6,3.1632217340607334E-6,2.7769824303697496E-6,2.8570207722448979E-6,2.1926193052047571E-6],[2.8570207722448979E-6,3.5813282525431627E-6,3.5097281083106717E-6,3.9269306866400632E-6,3.5097281083106717E-6,3.5813282525431632E-6,2.8570207722448979E-6],[2.7769824303697496E-6,3.5097281083106717E-6,3.7212911813021357E-6,3.9332637371499453E-6,3.7212911813021357E-6,3.5097281083106717E-6,2.7769824303697492E-6],[3.1632217340607334E-6,3.9269306866400632E-6,3.9332637371499453E-6,4.3312005613595121E-6,3.9332637371499453E-6,3.9269306866400632E-6,3.1632217340607334E-6],[2.7769824303697496E-6,3.5097281083106717E-6,3.7212911813021357E-6,3.9332637371499453E-6,3.7212911813021357E-6,3.5097281083106717E-6,2.7769824303697496E-6],[2.8570207722448979E-6,3.5813282525431632E-6,3.5097281083106717E-6,3.9269306866400632E-6,3.5097281083106717E-6,3.5813282525431636E-6,2.8570207722448987E-6],[2.1926193052047571E-6,2.8570207722448979E-6,2.7769824303697492E-6,3.1632217340607334E-6,2.7769824303697496E-6,2.8570207722448987E-6,2.1926193052047571E-6]],[[2.6046421815417776E-6,3.3130136601699719E-6,3.2283228998120838E-6,3.6419275226468828E-6,3.2283228998120838E-6,3.3130136601699719E-6,2.6046421815417776E-6],[3.3130136601699719E-6,4.0740829533202631E-6,3.9994445114588348E-6,4.439318728780536E-6,3.9994445114588348E-6,4.0740829533202631E-6,3.3130136601699719E-6],[3.2283228998120838E-6,3.9994445114588348E-6,4.2220469312827257E-6,4.4450741454292489E-6,4.2220469312827257E-6,3.9994445114588348E-6,3.2283228998120833E-6],[3.6419275226468828E-6,4.439318728780536E-6,4.4450741454292489E-6,4.8629125443598707E-6,4.4450741454292489E-6,4.439318728780536E-6,3.6419275226468828E-6],[3.2283228998120838E-6,3.9994445114588348E-6,4.2220469312827257E-6,4.4450741454292489E-6,4.2220469312827257E-6,3.9994445114588356E-6,3.2283228998120838E-6],[3.3130136601699719E-6,4.0740829533202631E-6,3.9994445114588348E-6,4.439318728780536E-6,3.9994445114588356E-6,4.074082953320264E-6,3.3130136601699723E-6],[2.6046421815417776E-6,3.3130136601699719E-6,3.2283228998120833E-6,3.6419275226468828E-6,3.2283228998120838E-6,3.3130136601699723E-6,2.604642181541778E-6]],[[3.0419102733055904E-6,3.7904716986532085E-6,3.7015860540764069E-6,4.1402643452801084E-6,3.7015860540764069E-6,3.7904716986532085E-6,3.0419102733055904E-6],[3.7904716986532085E-6,4.5846943891058819E-6,4.5073591315468473E-6,4.967752652061663E-6,4.5073591315468473E-6,4.5846943891058819E-6,3.7904716986532085E-6],[3.7015860540764069E-6,4.5073591315468473E-6,4.7399307060317217E-6,4.9729402072112612E-6,4.7399307060317217E-6,4.5073591315468473E-6,3.7015860540764069E-6],[4.1402643452801084E-6,4.967752652061663E-6,4.9729402072112612E-6,5.4087053712381371E-6,4.9729402072112612E-6,4.967752652061663E-6,4.1402643452801084E-6],[3.7015860540764069E-6,4.5073591315468473E-6,4.7399307060317217E-6,4.9729402072112612E-6,4.7399307060317217E-6,4.5073591315468473E-6,3.7015860540764069E-6],[3.7904716986532085E-6,4.5846943891058819E-6,4.5073591315468473E-6,4.967752652061663E-6,4.5073591315468473E-6,4.5846943891058819E-6,3.7904716986532089E-6],[3.0419102733055904E-6,3.7904716986532085E-6,3.7015860540764069E-6,4.1402643452801084E-6,3.7015860540764069E-6,3.7904716986532089E-6,3.0419102733055908E-6]],[[3.50214403237771E-6,4.28702621627956E-6,4.19440414110364E-6,4.65582770213615E-6,4.19440414110364E-6,4.28702621627956E-6,3.50214403237771E-6],[4.28702621627956E-6,5.1102130844196111E-6,5.0305838739767112E-6,5.5090663448716505E-6,5.0305838739767112E-6,5.1102130844196111E-6,4.28702621627956E-6],[4.19440414110364E-6,5.0305838739767112E-6,5.2718989757486895E-6,5.513662209468011E-6,5.2718989757486895E-6,5.0305838739767112E-6,4.19440414110364E-6],[4.65582770213615E-6,5.5090663448716505E-6,5.513662209468011E-6,5.9650584315207876E-6,5.513662209468011E-6,5.5090663448716505E-6,4.65582770213615E-6],[4.19440414110364E-6,5.0305838739767112E-6,5.2718989757486895E-6,5.513662209468011E-6,5.2718989757486895E-6,5.0305838739767112E-6,4.19440414110364E-6],[4.28702621627956E-6,5.1102130844196111E-6,5.0305838739767112E-6,5.5090663448716505E-6,5.0305838739767112E-6,5.1102130844196111E-6,4.28702621627956E-6],[3.50214403237771E-6,4.28702621627956E-6,4.19440414110364E-6,4.65582770213615E-6,4.19440414110364E-6,4.28702621627956E-6,3.50214403237771E-6]],[[3.9829127413011812E-6,4.7998278708189E-6,4.7039755414026315E-6,5.1856068401704114E-6,4.7039755414026315E-6,4.7998278708189E-6,3.9829127413011812E-6],[4.7998278708189E-6,5.6468544606670474E-6,5.565435099386527E-6,6.0590964821521236E-6,5.565435099386527E-6,5.6468544606670474E-6,4.7998278708189E-6],[4.7039755414026315E-6,5.565435099386527E-6,5.8140087047228748E-6,6.0630370752023063E-6,5.8140087047228748E-6,5.565435099386527E-6,4.7039755414026315E-6],[5.1856068401704114E-6,6.0590964821521236E-6,6.0630370752023063E-6,6.5272506352600941E-6,6.0630370752023063E-6,6.0590964821521236E-6,5.1856068401704114E-6],[4.7039755414026315E-6,5.565435099386527E-6,5.8140087047228748E-6,6.0630370752023063E-6,5.8140087047228748E-6,5.565435099386527E-6,4.7039755414026315E-6],[4.7998278708189E-6,5.6468544606670474E-6,5.565435099386527E-6,6.0590964821521236E-6,5.565435099386527E-6,5.6468544606670474E-6,4.7998278708189E-6],[3.9829127413011812E-6,4.7998278708189E-6,4.7039755414026315E-6,5.1856068401704114E-6,4.7039755414026315E-6,4.7998278708189E-6,3.9829127413011812E-6]],[[4.4814535217691572E-6,5.3254616407979845E-6,5.2269650329206853E-6,5.7259223020968967E-6,5.2269650329206853E-6,5.3254616407979845E-6,4.4814535217691572E-6],[5.3254616407979845E-6,6.1903909589728788E-6,6.107770543876257E-6,6.6132504208977905E-6,6.107770543876257E-6,6.1903909589728788E-6,5.3254616407979845E-6],[5.2269650329206853E-6,6.107770543876257E-6,6.3618834227588206E-6,6.6164540860673668E-6,6.3618834227588206E-6,6.107770543876257E-6,5.2269650329206853E-6],[5.7259223020968967E-6,6.6132504208977905E-6,6.6164540860673668E-6,7.0902221912715359E-6,6.6164540860673668E-6,6.6132504208977905E-6,5.7259223020968967E-6],[5.2269650329206853E-6,6.107770543876257E-6,6.3618834227588206E-6,6.6164540860673668E-6,6.3618834227588206E-6,6.107770543876257E-6,5.2269650329206853E-6],[5.3254616407979845E-6,6.1903909589728788E-6,6.107770543876257E-6,6.6132504208977905E-6,6.107770543876257E-6,6.1903909589728788E-6,5.3254616407979845E-6],[4.4814535217691572E-6,5.3254616407979845E-6,5.2269650329206853E-6,5.7259223020968967E-6,5.2269650329206853E-6,5.3254616407979845E-6,4.4814535217691572E-6]],[[4.9946111333447018E-6,5.8601667064734655E-6,5.7596851891893225E-6,6.2727461760244419E-6,5.7596851891893225E-6,5.8601667064734655E-6,4.9946111333447018E-6],[5.8601667064734655E-6,6.7367770249463146E-6,6.6535690088574933E-6,7.1673041551404244E-6,6.6535690088574933E-6,6.7367770249463146E-6,5.8601667064734655E-6],[5.7596851891893225E-6,6.6535690088574933E-6,6.9114087417723796E-6,7.1697060727379039E-6,6.9114087417723796E-6,6.6535690088574933E-6,5.7596851891893225E-6],[6.2727461760244419E-6,7.1673041551404244E-6,7.1697060727379039E-6,7.6496111482374409E-6,7.1697060727379039E-6,7.1673041551404244E-6,6.2727461760244419E-6],[5.7596851891893225E-6,6.6535690088574933E-6,6.9114087417723796E-6,7.1697060727379039E-6,6.9114087417723796E-6,6.6535690088574933E-6,5.7596851891893225E-6],[5.8601667064734655E-6,6.7367770249463146E-6,6.6535690088574933E-6,7.1673041551404244E-6,6.6535690088574933E-6,6.7367770249463146E-6,5.8601667064734655E-6],[4.9946111333447018E-6,5.8601667064734655E-6,5.7596851891893225E-6,6.2727461760244419E-6,5.7596851891893225E-6,5.8601667064734655E-6,4.9946111333447018E-6]],[[5.518942326246032E-6,6.400167836345957E-6,6.298397365447331E-6,6.8221277289534983E-6,6.298397365447331E-6,6.400167836345957E-6,5.518942326246032E-6],[6.400167836345957E-6,7.2824399203692538E-6,7.199227076965488E-6,7.7177059944957923E-6,7.199227076965488E-6,7.2824399203692529E-6,6.400167836345957E-6],[6.298397365447331E-6,7.199227076965488E-6,7.4590250880032132E-6,7.7192777720128768E-6,7.4590250880032141E-6,7.199227076965488E-6,6.298397365447331E-6],[6.8221277289534983E-6,7.7177059944957923E-6,7.7192777720128768E-6,8.2020186712843168E-6,7.7192777720128768E-6,7.7177059944957923E-6,6.8221277289534983E-6],[6.298397365447331E-6,7.199227076965488E-6,7.4590250880032141E-6,7.7192777720128768E-6,7.4590250880032141E-6,7.199227076965488E-6,6.298397365447331E-6],[6.400167836345957E-6,7.2824399203692529E-6,7.199227076965488E-6,7.7177059944957923E-6,7.199227076965488E-6,7.2824399203692529E-6,6.400167836345957E-6],[5.518942326246032E-6,6.400167836345957E-6,6.298397365447331E-6,6.8221277289534983E-6,6.298397365447331E-6,6.400167836345957E-6,5.518942326246032E-6]],[[6.0509009366360514E-6,6.9419006002184727E-6,6.8395321038032807E-6,7.3704488821516662E-6,6.8395321038032807E-6,6.9419006002184727E-6,6.0509009366360514E-6],[6.9419006002184727E-6,7.824257003362463E-6,7.7415657398529029E-6,8.2614744887218722E-6,7.7415657398529029E-6,7.824257003362463E-6,6.9419006002184727E-6],[6.8395321038032807E-6,7.7415657398529029E-6,8.0016698387096612E-6,8.2622232951281135E-6,8.0016698387096612E-6,7.7415657398529029E-6,6.8395321038032807E-6],[7.3704488821516662E-6,8.2614744887218722E-6,8.2622232951281135E-6,8.7447478937143E-6,8.2622232951281135E-6,8.2614744887218722E-6,7.3704488821516662E-6],[6.8395321038032807E-6,7.7415657398529029E-6,8.0016698387096612E-6,8.2622232951281135E-6,8.0016698387096612E-6,7.7415657398529029E-6,6.8395321038032807E-6],[6.9419006002184727E-6,7.824257003362463E-6,7.7415657398529029E-6,8.2614744887218722E-6,7.7415657398529029E-6,7.824257003362463E-6,6.9419006002184727E-6],[6.0509009366360514E-6,6.9419006002184727E-6,6.8395321038032807E-6,7.3704488821516662E-6,6.8395321038032807E-6,6.9419006002184727E-6,6.0509009366360514E-6]],[[6.5870035032283164E-6,7.4820889415364458E-6,7.3797792305022739E-6,7.9144800668912681E-6,7.3797792305022739E-6,7.4820889415364458E-6,6.5870035032283164E-6],[7.4820889415364458E-6,8.3594226140096469E-6,8.2777219777290785E-6,8.7959842163653673E-6,8.2777219777290785E-6,8.3594226140096469E-6,7.4820889415364458E-6],[7.3797792305022739E-6,8.2777219777290785E-6,8.5366105926226218E-6,8.7959410643827952E-6,8.5366105926226218E-6,8.2777219777290785E-6,7.3797792305022739E-6],[7.9144800668912681E-6,8.7959842163653673E-6,8.7959410643827952E-6,9.27546112917418E-6,8.7959410643827952E-6,8.7959842163653673E-6,7.9144800668912681E-6],[7.3797792305022739E-6,8.2777219777290785E-6,8.5366105926226218E-6,8.7959410643827952E-6,8.5366105926226218E-6,8.2777219777290785E-6,7.3797792305022739E-6],[7.4820889415364458E-6,8.3594226140096469E-6,8.2777219777290785E-6,8.7959842163653673E-6,8.2777219777290785E-6,8.3594226140096469E-6,7.4820889415364458E-6],[6.5870035032283164E-6,7.4820889415364458E-6,7.3797792305022739E-6,7.9144800668912681E-6,7.3797792305022739E-6,7.4820889415364458E-6,6.5870035032283164E-6]],[[7.1239282928463352E-6,8.0177240297414191E-6,7.9160833851595968E-6,8.4513176612841172E-6,7.9160833851595968E-6,8.0177240297414191E-6,7.1239282928463352E-6],[8.0177240297414191E-6,8.8853190828240079E-6,8.8050321703888855E-6,9.3187865632109782E-6,8.8050321703888855E-6,8.8853190828240079E-6,8.0177240297414191E-6],[7.9160833851595968E-6,8.8050321703888855E-6,9.06129655590479E-6,9.3179932227070258E-6,9.06129655590479E-6,8.8050321703888855E-6,7.9160833851595968E-6],[8.4513176612841172E-6,9.3187865632109782E-6,9.3179932227070258E-6,9.7919391139619763E-6,9.3179932227070258E-6,9.3187865632109782E-6,8.4513176612841172E-6],[7.9160833851595968E-6,8.8050321703888855E-6,9.06129655590479E-6,9.3179932227070258E-6,9.06129655590479E-6,8.8050321703888855E-6,7.9160833851595968E-6],[8.0177240297414191E-6,8.8853190828240079E-6,8.8050321703888855E-6,9.3187865632109782E-6,8.8050321703888855E-6,8.8853190828240079E-6,8.0177240297414191E-6],[7.1239282928463352E-6,8.0177240297414191E-6,7.9160833851595968E-6,8.4513176612841172E-6,7.9160833851595968E-6,8.0177240297414191E-6,7.1239282928463352E-6]],[[7.658549412872E-6,8.5460097584360966E-6,8.445601641606936E-6,8.9782936959795824E-6,8.445601641606936E-6,8.5460097584360966E-6,7.658549412872E-6],[8.5460097584360966E-6,9.3994594625301961E-6,9.3209748294899326E-6,9.8275411536111131E-6,9.3209748294899326E-6,9.3994594625301961E-6,8.5460097584360966E-6],[8.445601641606936E-6,9.3209748294899326E-6,9.5732979386887058E-6,9.8260417866924132E-6,9.5732979386887058E-6,9.3209748294899326E-6,8.445601641606936E-6],[8.9782936959795824E-6,9.8275411536111131E-6,9.8260417866924132E-6,1.0292015736302478E-5,9.8260417866924132E-6,9.8275411536111131E-6,8.9782936959795824E-6],[8.445601641606936E-6,9.3209748294899326E-6,9.5732979386887058E-6,9.8260417866924132E-6,9.5732979386887058E-6,9.3209748294899326E-6,8.445601641606936E-6],[8.5460097584360966E-6,9.3994594625301961E-6,9.3209748294899326E-6,9.8275411536111131E-6,9.3209748294899326E-6,9.3994594625301961E-6,8.5460097584360966E-6],[7.658549412872E-6,8.5460097584360966E-6,8.445601641606936E-6,8.9782936959795824E-6,8.445601641606936E-6,8.5460097584360966E-6,7.658549412872E-6]],[[8.18793514274804E-6,9.0643321212495288E-6,8.9656767170602212E-6,9.4929290822677035E-6,8.9656767170602212E-6,9.0643321212495288E-6,8.18793514274804E-6],[9.0643321212495288E-6,9.899528922775027E-6,9.8232033756820236E-6,1.0320078165245867E-5,9.8232033756820236E-6,9.899528922775027E-6,9.0643321212495288E-6],[8.9656767170602212E-6,9.8232033756820236E-6,1.0070356923304119E-5,1.0317917888172768E-5,1.0070356923304119E-5,9.8232033756820236E-6,8.9656767170602212E-6],[9.4929290822677035E-6,1.0320078165245867E-5,1.0317917888172768E-5,1.0773687576105716E-5,1.0317917888172768E-5,1.0320078165245867E-5,9.4929290822677035E-6],[8.9656767170602212E-6,9.8232033756820236E-6,1.0070356923304119E-5,1.0317917888172768E-5,1.0070356923304119E-5,9.8232033756820236E-6,8.9656767170602212E-6],[9.0643321212495288E-6,9.899528922775027E-6,9.8232033756820236E-6,1.0320078165245867E-5,9.8232033756820236E-6,9.899528922775027E-6,9.0643321212495288E-6],[8.18793514274804E-6,9.0643321212495288E-6,8.9656767170602212E-6,9.4929290822677035E-6,8.9656767170602212E-6,9.0643321212495288E-6,8.18793514274804E-6]],[[8.7093455845027589E-6,9.5702792204170935E-6,9.4738537993442323E-6,9.9929574375585957E-6,9.4738537993442323E-6,9.5702792204170935E-6,8.7093455845027589E-6],[9.5702792204170935E-6,1.0383485246574547E-5,1.0309637195033324E-5,1.0794528521598469E-5,1.0309637195033324E-5,1.0383485246574547E-5,9.5702792204170935E-6],[9.4738537993442323E-6,1.0309637195033324E-5,1.055050066807343E-5,1.0791756741195127E-5,1.055050066807343E-5,1.0309637195033324E-5,9.4738537993442323E-6],[9.9929574375585957E-6,1.0794528521598469E-5,1.0791756741195127E-5,1.1235293846136759E-5,1.0791756741195127E-5,1.0794528521598469E-5,9.9929574375585957E-6],[9.4738537993442323E-6,1.0309637195033324E-5,1.055050066807343E-5,1.0791756741195127E-5,1.055050066807343E-5,1.0309637195033324E-5,9.4738537993442323E-6],[9.5702792204170935E-6,1.0383485246574547E-5,1.0309637195033324E-5,1.0794528521598469E-5,1.0309637195033324E-5,1.0383485246574547E-5,9.5702792204170935E-6],[8.7093455845027589E-6,9.5702792204170935E-6,9.4738537993442323E-6,9.9929574375585957E-6,9.4738537993442323E-6,9.5702792204170935E-6,8.7093455845027589E-6]],[[9.2202504768253091E-6,1.0061697168370289E-5,9.967931162979442E-6,1.0476393308712904E-5,9.967931162979442E-6,1.0061697168370289E-5,9.2202504768253091E-6],[1.0061697168370289E-5,1.0849645478003503E-5,1.0778544680805763E-5,1.1249425023744454E-5,1.0778544680805763E-5,1.0849645478003503E-5,1.0061697168370289E-5],[9.967931162979442E-6,1.0778544680805763E-5,1.1012133590030725E-5,1.1246099122561457E-5,1.1012133590030725E-5,1.0778544680805763E-5,9.967931162979442E-6],[1.0476393308712904E-5,1.1249425023744454E-5,1.1246099122561457E-5,1.1675635073516151E-5,1.1246099122561457E-5,1.1249425023744454E-5,1.0476393308712904E-5],[9.967931162979442E-6,1.0778544680805763E-5,1.1012133590030725E-5,1.1246099122561457E-5,1.1012133590030725E-5,1.0778544680805763E-5,9.967931162979442E-6],[1.0061697168370289E-5,1.0849645478003503E-5,1.0778544680805763E-5,1.1249425023744454E-5,1.0778544680805763E-5,1.0849645478003503E-5,1.0061697168370289E-5],[9.2202504768253091E-6,1.0061697168370289E-5,9.967931162979442E-6,1.0476393308712904E-5,9.967931162979442E-6,1.0061697168370289E-5,9.2202504768253091E-6]],[[9.7183657482179558E-6,1.0536747279606269E-5,1.0446014471975735E-5,1.0941597439227985E-5,1.0446014471975735E-5,1.0536747279606269E-5,9.7183657482179558E-6],[1.0536747279606269E-5,1.1296720495806741E-5,1.1228580357647863E-5,1.1683731219116908E-5,1.1228580357647863E-5,1.1296720495806741E-5,1.0536747279606269E-5],[1.0446014471975735E-5,1.1228580357647863E-5,1.1454069086805964E-5,1.1679917642104057E-5,1.1454069086805964E-5,1.1228580357647863E-5,1.0446014471975735E-5],[1.0941597439227985E-5,1.1683731219116908E-5,1.1679917642104057E-5,1.2093986801886872E-5,1.1679917642104057E-5,1.1683731219116908E-5,1.0941597439227985E-5],[1.0446014471975735E-5,1.1228580357647863E-5,1.1454069086805964E-5,1.1679917642104057E-5,1.1454069086805964E-5,1.1228580357647863E-5,1.0446014471975735E-5],[1.0536747279606269E-5,1.1296720495806741E-5,1.1228580357647863E-5,1.1683731219116908E-5,1.1228580357647863E-5,1.1296720495806741E-5,1.0536747279606269E-5],[9.7183657482179558E-6,1.0536747279606269E-5,1.0446014471975735E-5,1.0941597439227985E-5,1.0446014471975735E-5,1.0536747279606269E-5,9.7183657482179558E-6]],[[1.0201694412648758E-5,1.0993941467165054E-5,1.0906552834164093E-5,1.1387311157082892E-5,1.0906552834164093E-5,1.0993941467165054E-5,1.0201694412648758E-5],[1.0993941467165054E-5,1.1723808248176011E-5,1.1658782883794475E-5,1.2096819363664315E-5,1.1658782883794475E-5,1.1723808248176011E-5,1.0993941467165054E-5],[1.0906552834164093E-5,1.1658782883794475E-5,1.1875516204414841E-5,1.2092592052049487E-5,1.1875516204414841E-5,1.1658782883794475E-5,1.0906552834164093E-5],[1.1387311157082892E-5,1.2096819363664315E-5,1.2092592052049487E-5,1.2490051437549785E-5,1.2092592052049487E-5,1.2096819363664315E-5,1.1387311157082892E-5],[1.0906552834164093E-5,1.1658782883794475E-5,1.1875516204414841E-5,1.2092592052049487E-5,1.1875516204414841E-5,1.1658782883794475E-5,1.0906552834164093E-5],[1.0993941467165054E-5,1.1723808248176011E-5,1.1658782883794475E-5,1.2096819363664315E-5,1.1658782883794475E-5,1.1723808248176011E-5,1.0993941467165054E-5],[1.0201694412648758E-5,1.0993941467165054E-5,1.0906552834164093E-5,1.1387311157082892E-5,1.0906552834164093E-5,1.0993941467165054E-5,1.0201694412648758E-5]],[[1.0668558794833759E-5,1.1432153537748377E-5,1.1348352828220374E-5,1.1812660255776923E-5,1.1348352828220374E-5,1.1432153537748377E-5,1.0668558794833759E-5],[1.1432153537748377E-5,1.2130371521696593E-5,1.2068556546565954E-5,1.2488434140787012E-5,1.2068556546565954E-5,1.2130371521696593E-5,1.1432153537748377E-5],[1.1348352828220374E-5,1.2068556546565954E-5,1.2276051644567558E-5,1.2483871763187211E-5,1.2276051644567558E-5,1.2068556546565954E-5,1.1348352828220374E-5],[1.1812660255776923E-5,1.2488434140787012E-5,1.2483871763187211E-5,1.2863902133364946E-5,1.2483871763187211E-5,1.2488434140787012E-5,1.1812660255776923E-5],[1.1348352828220374E-5,1.2068556546565954E-5,1.2276051644567558E-5,1.2483871763187211E-5,1.2276051644567558E-5,1.2068556546565954E-5,1.1348352828220374E-5],[1.1432153537748377E-5,1.2130371521696593E-5,1.2068556546565954E-5,1.2488434140787012E-5,1.2068556546565954E-5,1.2130371521696593E-5,1.1432153537748377E-5],[1.0668558794833759E-5,1.1432153537748377E-5,1.1348352828220374E-5,1.1812660255776923E-5,1.1348352828220374E-5,1.1432153537748377E-5,1.0668558794833759E-5]],[[1.1117619023343613E-5,1.1850614561809232E-5,1.1770576872510251E-5,1.2217141117556859E-5,1.1770576872510251E-5,1.1850614561809232E-5,1.1117619023343613E-5],[1.1850614561809232E-5,1.2516214367649642E-5,1.2457649685453911E-5,1.2858659693875823E-5,1.2457649685453911E-5,1.2516214367649642E-5,1.1850614561809232E-5],[1.1770576872510251E-5,1.2457649685453911E-5,1.2655592499817077E-5,1.2853842893730001E-5,1.2655592499817077E-5,1.2457649685453911E-5,1.1770576872510251E-5],[1.2217141117556859E-5,1.2858659693875823E-5,1.2853842893730001E-5,1.3215939362495436E-5,1.2853842893730001E-5,1.2858659693875823E-5,1.2217141117556859E-5],[1.1770576872510251E-5,1.2457649685453911E-5,1.2655592499817077E-5,1.2853842893730001E-5,1.2655592499817077E-5,1.2457649685453911E-5,1.1770576872510251E-5],[1.1850614561809232E-5,1.2516214367649642E-5,1.2457649685453911E-5,1.2858659693875823E-5,1.2457649685453911E-5,1.2516214367649642E-5,1.1850614561809232E-5],[1.1117619023343613E-5,1.1850614561809232E-5,1.1770576872510251E-5,1.2217141117556859E-5,1.1770576872510251E-5,1.1850614561809232E-5,1.1117619023343613E-5]],[[1.1547878709158131E-5,1.2248899294719753E-5,1.2172732082683845E-5,1.2600598617186798E-5,1.2172732082683845E-5,1.2248899294719753E-5,1.1547878709158131E-5],[1.2248899294719753E-5,1.2881456762139714E-5,1.2826130472274461E-5,1.3207887656263327E-5,1.2826130472274461E-5,1.2881456762139714E-5,1.2248899294719753E-5],[1.2172732082683845E-5,1.2826130472274461E-5,1.3014368355311867E-5,1.3202896689345578E-5,1.3014368355311867E-5,1.2826130472274461E-5,1.2172732082683845E-5],[1.2600598617186798E-5,1.3207887656263327E-5,1.3202896689345578E-5,1.3546852896704317E-5,1.3202896689345578E-5,1.3207887656263327E-5,1.2600598617186798E-5],[1.2172732082683845E-5,1.2826130472274461E-5,1.3014368355311867E-5,1.3202896689345578E-5,1.3014368355311867E-5,1.2826130472274461E-5,1.2172732082683845E-5],[1.2248899294719753E-5,1.2881456762139714E-5,1.2826130472274461E-5,1.3207887656263327E-5,1.2826130472274461E-5,1.2881456762139714E-5,1.2248899294719753E-5],[1.1547878709158131E-5,1.2248899294719753E-5,1.2172732082683845E-5,1.2600598617186798E-5,1.2172732082683845E-5,1.2248899294719753E-5,1.1547878709158131E-5]],[[1.195868020564406E-5,1.2626905613165541E-5,1.255465163741989E-5,1.2963198027244037E-5,1.255465163741989E-5,1.2626905613165541E-5,1.195868020564406E-5],[1.2626905613165541E-5,1.322650232968564E-5,1.3174355707924493E-5,1.3536778543927639E-5,1.3174355707924493E-5,1.322650232968564E-5,1.2626905613165541E-5],[1.255465163741989E-5,1.3174355707924493E-5,1.3352886512575983E-5,1.3531691166550491E-5,1.3352886512575983E-5,1.3174355707924493E-5,1.255465163741989E-5],[1.2963198027244037E-5,1.3536778543927639E-5,1.3531691166550491E-5,1.3857577057330696E-5,1.3531691166550491E-5,1.3536778543927639E-5,1.2963198027244037E-5],[1.255465163741989E-5,1.3174355707924493E-5,1.3352886512575983E-5,1.3531691166550491E-5,1.3352886512575983E-5,1.3174355707924493E-5,1.255465163741989E-5],[1.2626905613165541E-5,1.322650232968564E-5,1.3174355707924493E-5,1.3536778543927639E-5,1.3174355707924493E-5,1.322650232968564E-5,1.2626905613165541E-5],[1.195868020564406E-5,1.2626905613165541E-5,1.255465163741989E-5,1.2963198027244037E-5,1.255465163741989E-5,1.2626905613165541E-5,1.195868020564406E-5]],[[1.2349690869594905E-5,1.2984826347793845E-5,1.2916468313210634E-5,1.3305389780032598E-5,1.2916468313210634E-5,1.2984826347793845E-5,1.2349690869594905E-5],[1.2984826347793845E-5,1.3551997361897049E-5,1.3502931015986941E-5,1.3846214180958614E-5,1.3502931015986941E-5,1.3551997361897049E-5,1.2984826347793845E-5],[1.2916468313210634E-5,1.3502931015986941E-5,1.3671888354932554E-5,1.3841103643348886E-5,1.3671888354932554E-5,1.3502931015986941E-5,1.2916468313210634E-5],[1.3305389780032598E-5,1.3846214180958614E-5,1.3841103643348886E-5,1.4149236251486356E-5,1.3841103643348886E-5,1.3846214180958614E-5,1.3305389780032598E-5],[1.2916468313210634E-5,1.3502931015986941E-5,1.3671888354932554E-5,1.3841103643348886E-5,1.3671888354932554E-5,1.3502931015986941E-5,1.2916468313210634E-5],[1.2984826347793845E-5,1.3551997361897049E-5,1.3502931015986941E-5,1.3846214180958614E-5,1.3502931015986941E-5,1.3551997361897049E-5,1.2984826347793845E-5],[1.2349690869594905E-5,1.2984826347793845E-5,1.2916468313210634E-5,1.3305389780032598E-5,1.2916468313210634E-5,1.2984826347793845E-5,1.2349690869594905E-5]],[[1.2720880901176119E-5,1.3323113550241471E-5,1.3258580310164836E-5,1.3627866989557461E-5,1.3258580310164836E-5,1.3323113550241471E-5,1.2720880901176119E-5],[1.3323113550241471E-5,1.3858783745572026E-5,1.381266477075716E-5,1.4137244649182491E-5,1.381266477075716E-5,1.3858783745572026E-5,1.3323113550241471E-5],[1.3258580310164836E-5,1.381266477075716E-5,1.3972299863067002E-5,1.4132177839370144E-5,1.3972299863067002E-5,1.381266477075716E-5,1.3258580310164836E-5],[1.3627866989557461E-5,1.4137244649182491E-5,1.4132177839370144E-5,1.4423085901547249E-5,1.4132177839370144E-5,1.4137244649182491E-5,1.3627866989557461E-5],[1.3258580310164836E-5,1.381266477075716E-5,1.3972299863067002E-5,1.4132177839370144E-5,1.3972299863067002E-5,1.381266477075716E-5,1.3258580310164836E-5],[1.3323113550241471E-5,1.3858783745572026E-5,1.381266477075716E-5,1.4137244649182491E-5,1.381266477075716E-5,1.3858783745572026E-5,1.3323113550241471E-5],[1.2720880901176119E-5,1.3323113550241471E-5,1.3258580310164836E-5,1.3627866989557461E-5,1.3258580310164836E-5,1.3323113550241471E-5,1.2720880901176119E-5]],[[1.3072493519013451E-5,1.364243690966234E-5,1.3581610969146297E-5,1.393151783376297E-5,1.3581610969146297E-5,1.364243690966234E-5,1.3072493519013451E-5],[1.364243690966234E-5,1.4147849909663954E-5,1.4104519611951478E-5,1.441103483434408E-5,1.4104519611951478E-5,1.4147849909663954E-5,1.364243690966234E-5],[1.3581610969146297E-5,1.4104519611951478E-5,1.4255180797499786E-5,1.4406070726679419E-5,1.4255180797499786E-5,1.4104519611951478E-5,1.3581610969146297E-5],[1.393151783376297E-5,1.441103483434408E-5,1.4406070726679419E-5,1.4680455275422288E-5,1.4406070726679419E-5,1.441103483434408E-5,1.393151783376297E-5],[1.3581610969146297E-5,1.4104519611951478E-5,1.4255180797499786E-5,1.4406070726679419E-5,1.4255180797499786E-5,1.4104519611951478E-5,1.3581610969146297E-5],[1.364243690966234E-5,1.4147849909663954E-5,1.4104519611951478E-5,1.441103483434408E-5,1.4104519611951478E-5,1.4147849909663954E-5,1.364243690966234E-5],[1.3072493519013451E-5,1.364243690966234E-5,1.3581610969146297E-5,1.393151783376297E-5,1.3581610969146297E-5,1.364243690966234E-5,1.3072493519013451E-5]],[[1.3405008937590906E-5,1.3943638997918521E-5,1.3886364911405508E-5,1.4217375989961089E-5,1.3886364911405508E-5,1.3943638997918521E-5,1.3405008937590906E-5],[1.3943638997918521E-5,1.4420283193599912E-5,1.4379564880746245E-5,1.4668814377271427E-5,1.4379564880746245E-5,1.4420283193599912E-5,1.3943638997918521E-5],[1.3886364911405508E-5,1.4379564880746245E-5,1.4521676109973267E-5,1.4664002919465429E-5,1.4521676109973267E-5,1.4379564880746245E-5,1.3886364911405508E-5],[1.4217375989961089E-5,1.4668814377271427E-5,1.4664002919465429E-5,1.492269640202941E-5,1.4664002919465429E-5,1.4668814377271427E-5,1.4217375989961089E-5],[1.3886364911405508E-5,1.4379564880746245E-5,1.4521676109973267E-5,1.4664002919465429E-5,1.4521676109973267E-5,1.4379564880746245E-5,1.3886364911405508E-5],[1.3943638997918521E-5,1.4420283193599912E-5,1.4379564880746245E-5,1.4668814377271427E-5,1.4379564880746245E-5,1.4420283193599912E-5,1.3943638997918521E-5],[1.3405008937590906E-5,1.3943638997918521E-5,1.3886364911405508E-5,1.4217375989961089E-5,1.3886364911405508E-5,1.3943638997918521E-5,1.3405008937590906E-5]],[[1.3719104198395265E-5,1.4227690068639618E-5,1.4173783249925767E-5,1.4486572190224265E-5,1.4173783249925767E-5,1.4227690068639618E-5,1.3719104198395265E-5],[1.4227690068639618E-5,1.4677225944059125E-5,1.4638932345154146E-5,1.4911833287511616E-5,1.4638932345154146E-5,1.4677225944059125E-5,1.4227690068639618E-5],[1.4173783249925767E-5,1.4638932345154146E-5,1.4772971860517457E-5,1.4907214787245225E-5,1.4772971860517457E-5,1.4638932345154146E-5,1.4173783249925767E-5],[1.4486572190224265E-5,1.4911833287511616E-5,1.4907214787245225E-5,1.5151141017413097E-5,1.4907214787245225E-5,1.4911833287511616E-5,1.4486572190224265E-5],[1.4173783249925767E-5,1.4638932345154146E-5,1.4772971860517457E-5,1.4907214787245225E-5,1.4772971860517457E-5,1.4638932345154146E-5,1.4173783249925767E-5],[1.4227690068639618E-5,1.4677225944059125E-5,1.4638932345154146E-5,1.4911833287511616E-5,1.4638932345154146E-5,1.4677225944059125E-5,1.4227690068639618E-5],[1.3719104198395265E-5,1.4227690068639618E-5,1.4173783249925767E-5,1.4486572190224265E-5,1.4173783249925767E-5,1.4227690068639618E-5,1.3719104198395265E-5]],[[1.401561112065653E-5,1.4495644743845435E-5,1.4444900210496174E-5,1.4740289340868238E-5,1.4444900210496174E-5,1.4495644743845435E-5,1.401561112065653E-5],[1.4495644743845435E-5,1.4919836912979864E-5,1.4883776885106398E-5,1.5141324554136675E-5,1.4883776885106398E-5,1.4919836912979864E-5,1.4495644743845435E-5],[1.4444900210496174E-5,1.4883776885106398E-5,1.5010257111043632E-5,1.5136929562411E-5,1.5010257111043632E-5,1.4883776885106398E-5,1.4444900210496174E-5],[1.4740289340868238E-5,1.5141324554136675E-5,1.5136929562411E-5,1.5367066383120091E-5,1.5136929562411E-5,1.5141324554136675E-5,1.4740289340868238E-5],[1.4444900210496174E-5,1.4883776885106398E-5,1.5010257111043632E-5,1.5136929562411E-5,1.5010257111043632E-5,1.4883776885106398E-5,1.4444900210496174E-5],[1.4495644743845435E-5,1.4919836912979864E-5,1.48837