{"M_cells":[[[0,0,0,0,0,0],[0,0,0,0,0,0],[0,0,0,0,0,0],[0,0,0,0,0,0],[0,0,0,0,0,0],[0,0,0,0,0,0]],[[0.00021942240738862011,0.00050865569709298067,0.00020941021065685458,9.4364023265590741E-5,4.3212075409775543E-5,1.6306265705834169E-5],[0.00050865569709298067,0.000819208282221647,0.00039945596731732509,0.00019077518739872137,9.3814958867533164E-5,4.3212075409775543E-5],[0.00020941021065685458,0.00039945596731732509,0.00028750342771341112,0.00017570586496619257,9.8208065672442465E-5,4.5972952728758061E-5],[9.4364023265590741E-5,0.00019077518739872137,0.00017570586496619257,0.00012655367575821198,7.748634447325268E-5,3.5685204613073475E-5],[4.3212075409775543E-5,9.3814958867533164E-5,9.8208065672442465E-5,7.748634447325268E-5,4.9620982255502531E-5,2.1800160397156394E-5],[1.6306265705834169E-5,4.3212075409775543E-5,4.5972952728758061E-5,3.5685204613073475E-5,2.1800160397156394E-5,7.9429370030977936E-6]],[[0.00070593004979464032,0.0010307336293181361,0.00049272153294909317,0.00025694627586241633,0.00014142740746298437,8.2014926630024913E-5],[0.0010307336293181361,0.001231920137646526,0.00067516579695734119,0.00037326945832974337,0.00021959373603101817,0.00014142740746298437],[0.00049272153294909317,0.00067516579695734119,0.00050832111355953737,0.00034161812266226887,0.00022243566369838097,0.00014488983338660451],[0.00025694627586241633,0.00037326945832974337,0.00034161812266226887,0.00026267205040282556,0.00018382220928705461,0.00011771882796330119],[0.00014142740746298437,0.00021959373603101817,0.00022243566369838097,0.00018382220928705461,0.00013262143727443864,8.1486012397691081E-5],[8.2014926630024913E-5,0.00014142740746298437,0.00014488983338660451,0.00011771882796330119,8.1486012397691081E-5,4.5304332256958829E-5]],[[0.0011507342288026132,0.0014163491689776473,0.00075251362719062215,0.00043655785588428463,0.00027243560151112104,0.00018976732994679423],[0.0014163491689776473,0.0015459963135504274,0.00091662483288441085,0.00055846027816539782,0.00036752918627713479,0.00027243560151112104],[0.00075251362719062215,0.00091662483288441085,0.00071493344422441448,0.00051337624946887282,0.00036699273810008952,0.00027384007743614449],[0.00043655785588428463,0.00055846027816539782,0.00051337624946887282,0.00041335006506362776,0.00031342797223725616,0.00023036336996524215],[0.00027243560151112104,0.00036752918627713479,0.00036699273810008952,0.00031342797223725616,0.00024319056276777076,0.00017303443855771271],[0.00018976732994679423,0.00027243560151112104,0.00027384007743614449,0.00023036336996524215,0.00017303443855771271,0.00011577566327439273]],[[0.0015068884902652989,0.0017191331648888307,0.00098683718036521057,0.00062038248916424519,0.0004232840408541836,0.0003257868770689092],[0.0017191331648888307,0.0018070627743958846,0.001135913321835673,0.00074315840678910539,0.00052842565115552458,0.0004232840408541836],[0.00098683718036521057,0.001135913321835673,0.00091197098378014633,0.00068815749063501081,0.00052419649026532562,0.00042139020333528009],[0.00062038248916424519,0.00074315840678910539,0.00068815749063501081,0.00057353830059990061,0.00045902823319737878,0.00036427909742915834],[0.0004232840408541836,0.00052842565115552458,0.00052419649026532562,0.00045902823319737878,0.00037430132146661559,0.00028966729274702271],[0.0003257868770689092,0.0004232840408541836,0.00042139020333528009,0.00036427909742915834,0.00028966729274702271,0.00021514012209360457]],[[0.0017965511648559362,0.0019732224646197677,0.0012019682160664495,0.00080417784544511148,0.000585753064610373,0.000479319906631863],[0.0019732224646197677,0.0020363625319806131,0.0013404106760143497,0.00092635064533685063,0.00069669883188003929,0.000585753064610373],[0.0012019682160664495,0.0013404106760143497,0.0011023219522719389,0.00086435842886683459,0.0006891662106697585,0.00058041649126719386],[0.00080417784544511148,0.00092635064533685063,0.00086435842886683459,0.00073983040380032523,0.00061541474473551913,0.00051273773839102474],[0.000585753064610373,0.00069669883188003929,0.0006891662106697585,0.00061541474473551913,0.00052013859692996668,0.00042496352710484978],[0.000479319906631863,0.000585753064610373,0.00058041649126719386,0.00051273773839102474,0.00042496352710484978,0.00033728449088850154]],[[0.0020435992213419388,0.00219810617024579,0.001403927062266842,0.00098676367082114027,0.0007548771960756911,0.00064323436911068409],[0.00219810617024579,0.0022462307350308388,0.0015352576456090809,0.0011080350005932395,0.0008691174800687457,0.0007548771960756911],[0.001403927062266842,0.0015352576456090809,0.0012881887098643947,0.0010412425657210993,0.00085891225826092152,0.00074650485582822312],[0.00098676367082114027,0.0011080350005932395,0.0010412425657210993,0.0009100704164034701,0.00077901273735865334,0.00067101254062869526],[0.0007548771960756911,0.0008691174800687457,0.00085891225826092152,0.00077901273735865334,0.00067627749524048542,0.00057364900608519091],[0.00064323436911068409,0.0007548771960756911,0.00074650485582822312,0.00067101254062869526,0.00057364900608519091,0.00047638810003084424]],[[0.0022643090237718954,0.0024051801716673468,0.0015971936611040597,0.0011680410000362311,0.00092775801098747828,0.00081314003478767639],[0.0024051801716673468,0.0024440836454510321,0.0017238870956331311,0.0012885002151841504,0.0010438472125026525,0.00092775801098747828],[0.0015971936611040597,0.0017238870956331311,0.001471115688151183,0.0012184655047871881,0.001031606606910156,0.000916943152741355],[0.0011680410000362311,0.0012885002151841504,0.0012184655047871881,0.0010828759461035632,0.00094740222702895973,0.00083585430762902232],[0.00092775801098747828,0.0010438472125026525,0.001031606606910156,0.00094740222702895973,0.00083949897017110875,0.000731706339247684],[0.00081314003478767639,0.00092775801098747828,0.000916943152741355,0.00083585430762902232,0.000731706339247684,0.000627666163497271]],[[0.0024688048484499073,0.0026012645881924447,0.0017848282251542058,0.0013482335271026143,0.0011027394612247441,0.00098644495354598821],[0.0026012645881924447,0.0026344495360099969,0.0019085339913229985,0.0014680619752959422,0.0012198585475814883,0.0011027394612247441],[0.0017848282251542058,0.0019085339913229985,0.0016521372761704593,0.0013958607728925898,0.0012061285389952324,0.001090068648877097],[0.0013482335271026143,0.0014680619752959422,0.0013958607728925898,0.0012573519004064962,0.0011189597594498829,0.0010050607125116906],[0.0011027394612247441,0.0012198585475814883,0.0012061285389952324,0.0011189597594498829,0.0010075282136587189,0.00089620990825429211],[0.00098644495354598821,0.0011027394612247441,0.001090068648877097,0.0010050607125116906,0.00089620990825429211,0.00078747042230230128]],[[0.0026632710421040633,0.0027905097139165509,0.0019688445137265786,0.0015276131120322064,0.001278888155984235,0.0011616572021051613],[0.0027905097139165509,0.0028201226394814118,0.0020906356666882853,0.0016469834942689115,0.0013965780175151307,0.001278888155984235],[0.0019688445137265786,0.0020906356666882853,0.0018319307585354569,0.0015733454109274239,0.0013817882011421603,0.0012648604874174716],[0.0015276131120322064,0.0016469834942689115,0.0015733454109274239,0.0014329158738337021,0.0012926036491248036,0.0011771533990759051],[0.001278888155984235,0.0013965780175151307,0.0013817882011421603,0.0012926036491248036,0.0011787896885362781,0.0010650907184820784],[0.0011616572021051613,0.001278888155984235,0.0012648604874174716,0.0011771533990759051,0.0010650907184820784,0.000953141736858293]],[[0.0028514935450180794,0.0029754712774649359,0.0021505447136172628,0.0017064133403364269,0.0014556826645918111,0.0013379317522043618],[0.0029754712774649359,0.0030028407154305795,0.0022711114158661602,0.0018254629454813574,0.0015736877483018042,0.0014556826645918111],[0.0021505447136172628,0.0022711114158661602,0.002010934648760523,0.0017508770237116209,0.001558159036183486,0.0014406898237894785],[0.0017064133403364269,0.0018254629454813574,0.0017508770237116209,0.0016091881932826333,0.0014676170532410418,0.0013511470562263628],[0.0014556826645918111,0.0015736877483018042,0.001558159036183486,0.0014676170532410418,0.0013522079603630771,0.0012369150219136264],[0.0013379317522043618,0.0014556826645918111,0.0014406898237894785,0.0013511470562263628,0.0012369150219136264,0.0011227982805393322]],[[0.00303580653672883,0.0031577367429150129,0.0023307640960410869,0.0018848123257611887,0.0016328334024173754,0.0015147949743340673],[0.0031577367429150129,0.0031836910259615912,0.002450548006000944,0.0020036421391872367,0.0017510121256421576,0.0016328334024173754],[0.0023307640960410869,0.002450548006000944,0.0021894313259616409,0.0019284335191822304,0.0017349760851614502,0.0016171676926866384],[0.0018848123257611887,0.0020036421391872367,0.0019284335191822304,0.0017859212790549161,0.001643526975066874,0.0015263886040300556],[0.0016328334024173754,0.0017510121256421576,0.0017349760851614502,0.001643526975066874,0.0015270569242039065,0.0014107037977429424],[0.0015147949743340673,0.0016328334024173754,0.0016171676926866384,0.0015263886040300556,0.0014107037977429424,0.0012951353445822876]],[[0.0032176596405521286,0.0033382985934146537,0.002510036625499121,0.0020629383182484461,0.0018101801779785384,0.0016919832437172122],[0.0033382985934146537,0.0033633571074446248,0.0026293198566109759,0.0021816196355942613,0.001928454349069476,0.0018101801779785384],[0.002510036625499121,0.0026293198566109759,0.0023676021880193062,0.0021060032199906667,0.001912074045957131,0.0017940524545734682],[0.0020629383182484461,0.0021816196355942613,0.0021060032199906667,0.0019629537756269961,0.0018200224270016956,0.0017024470783055311],[0.0018101801779785384,0.001928454349069476,0.001912074045957131,0.0018200224270016956,0.0017028504260056703,0.00158579585663042],[0.0016919832437172122,0.0018101801779785384,0.0017940524545734682,0.0017024470783055311,0.00158579585663042,0.001469261689524699]],[[0.0033979587802756826,0.0035177804928446716,0.0026887033118930641,0.0022408807451259911,0.0019876346159242186,0.0018693505093778475],[0.0035177804928446716,0.0035422703701320042,0.0028076660288528388,0.0023594626894645103,0.0021059611470413356,0.0019876346159242186],[0.0026887033118930641,0.0028076660288528388,0.0025455636663307656,0.002283579893351062,0.0020893493708085209,0.0019711933528774954],[0.0022408807451259911,0.0023594626894645103,0.002283579893351062,0.0021401806186458947,0.0019968995432119063,0.0018790391098517049],[0.0019876346159242186,0.0021059611470413356,0.0020893493708085209,0.0019968995432119063,0.0018792650988910472,0.0017617484191582752],[0.0018693505093778475,0.0019876346159242186,0.0019711933528774954,0.0018790391098517049,0.0017617484191582752,0.0016445752451445825]],[[0.0035772730123268637,0.0036965759488096542,0.0028669819817613539,0.0024187007389561139,0.0021651480534438292,0.0020468161152818],[0.0036965759488096542,0.0037207039860858541,0.0029857393090591327,0.0025372166296576976,0.0022835032386200414,0.0021651480534438292],[0.0028669819817613539,0.0029857393090591327,0.0027233904917754654,0.002461160192606446,0.0022667369561112823,0.0021484959546260092],[0.0024187007389561139,0.0025372166296576976,0.002461160192606446,0.0023175334681153469,0.0021740250099800216,0.0020559789296637244],[0.0021651480534438292,0.0022835032386200414,0.0022667369561112823,0.0021740250099800216,0.0020560869762902213,0.0019382669251328389],[0.0020468161152818,0.0021651480534438292,0.0021484959546260092,0.0020559789296637244,0.0019382669251328389,0.0018206727406531145]],[[0.0037559612888147065,0.0038749340853837,0.0030450118826565813,0.0025964395445332872,0.0023426937328615916,0.0022243356190528849],[0.0038749340853837,0.003898831406378716,0.0031636374524637786,0.0027149117403044744,0.0024610645457897162,0.0023426937328615916],[0.0030450118826565813,0.0031636374524637786,0.0029011306480929019,0.00263874231583813,0.002444195733884292,0.0023259008904331483],[0.0025964395445332872,0.0027149117403044744,0.00263874231583813,0.0024949679179580467,0.0023513118298477045,0.0022331450538868656],[0.0023426937328615916,0.0024610645457897162,0.002444195733884292,0.0023513118298477045,0.0022331750758995557,0.0021151564467874408],[0.0022243356190528849,0.0023426937328615916,0.0023259008904331483,0.0022331450538868656,0.0021151564467874408,0.0019972858583171141]],[[0.0039342508126286747,0.0040530130630553407,0.0032228821178980614,0.0027741247340172465,0.0025202569582549934,0.0024018845727735586],[0.0040530130630553407,0.0040767630214994877,0.0033414230730619819,0.0028925681232585512,0.0026386362488213136,0.0025202569582549934],[0.0032228821178980614,0.0033414230730619819,0.0030788149617908944,0.0028163252929791342,0.0026216997222697331,0.0025033707120367876],[0.0027741247340172465,0.0028925681232585512,0.0028163252929791342,0.0026724551422045513,0.0025287033292556139,0.0024104582027774744],[0.0025202569582549934,0.0026386362488213136,0.0026216997222697331,0.0025287033292556139,0.0024104368234958993,0.002292288535286853],[0.0024018845727735586,0.0025202569582549934,0.0025033707120367876,0.0024104582027774744,0.002292288535286853,0.0021742370160844162]],[[0.0041122858072669688,0.0042309135304707838,0.0034006497627524861,0.0029517746157756665,0.0026978296669653693,0.002579449545284353],[0.0042309135304707838,0.0042545692272928865,0.0035191363169801895,0.0030701990555610744,0.0028162135147522397,0.0026978296669653693],[0.0034006497627524861,0.0035191363169801895,0.0032564632484762893,0.0029939086032827827,0.0027992324415734076,0.0026808817292126685],[0.0029517746157756665,0.0030701990555610744,0.0029939086032827827,0.0028499764453478993,0.0027061626433382813,0.0025878667292437156],[0.0026978296669653693,0.0028162135147522397,0.0027992324415734076,0.0027061626433382813,0.0025878116030808376,0.0024695788406617191],[0.002579449545284353,0.0026978296669653693,0.0026808817292126685,0.0025878667292437156,0.0024695788406617191,0.0023514091848421234]],[[0.00429015804291166,0.00440869966543938,0.00357835141261137,0.0031294012849634109,0.0028754074405707062,0.002757023166550777],[0.00440869966543938,0.0044322949901607006,0.0036968029477216376,0.0032478132723456482,0.0029937936986073549,0.0028754074405707062],[0.00357835141261137,0.0036968029477216376,0.0034340882527524063,0.0031714919687046215,0.0029767834157335047,0.002858418916733906],[0.0031294012849634109,0.0032478132723456482,0.0031714919687046215,0.0030275197117690346,0.0028836658224086547,0.0027653370373957953],[0.0028754074405707062,0.0029937936986073549,0.0029767834157335047,0.0028836658224086547,0.0027652598172673536,0.0026469721290924893],[0.002757023166550777,0.0028754074405707062,0.002858418916733906,0.0027653370373957953,0.0026469721290924893,0.00252872550847737]],[[0.0044679260312937329,0.0045864124589353652,0.003756010552055441,0.003307012700175999,0.0030529878608596141,0.002934601397311238],[0.0045864124589353652,0.0046099690728702162,0.0038744395112482381,0.0034254165023665257,0.0031713753550282006,0.0030529878608596141],[0.003756010552055441,0.0038744395112482381,0.0036116981750974877,0.003349075241829742,0.0031543459721508453,0.0030359727236283344],[0.003307012700175999,0.0034254165023665257,0.003349075241829742,0.0032050770953004166,0.0030611973238207097,0.0029428473009023457],[0.0030529878608596141,0.0031713753550282006,0.0031543459721508453,0.0030611973238207097,0.0029427556495393013,0.0028244323175696555],[0.002934601397311238,0.0030529878608596141,0.0030359727236283344,0.0029428473009023457,0.0028244323175696555,0.0027061356575689504]],[[0.0046456271416367182,0.0047640781282774092,0.003933642262954725,0.0034846140811972113,0.0032305696062864659,0.0031121820267055364],[0.0047640781282774092,0.0047876098938733919,0.0040520566399105387,0.0036030124926249474,0.0033489576954752447,0.0032305696062864659],[0.003933642262954725,0.0040520566399105387,0.0037892982936033816,0.0035266583449411154,0.003331915853395167,0.0032135370667160231],[0.0034846140811972113,0.0036030124926249474,0.0035266583449411154,0.0033826435174775017,0.003238747069835908,0.0031203833548456169],[0.0032305696062864659,0.0033489576954752447,0.003331915853395167,0.003238747069835908,0.0031202822955819207,0.0030019358800205081],[0.0031121820267055364,0.0032305696062864659,0.0032135370667160231,0.0031203833548456169,0.0030019358800205081,0.0028836067516109462]],[[0.004823285272974486,0.004941713459844988,0.0041112562362420144,0.0036622088420719553,0.0034081519556874908,0.0032897638463571465],[0.004941713459844988,0.0049652292571131743,0.0042296611684389026,0.0037806036879515781,0.0035265402902698237,0.0034081519556874908],[0.0041112562362420144,0.0042296611684389026,0.0039668920055494633,0.0037042412368690531,0.0035094903385966218,0.0033911080646328766],[0.0036622088420719553,0.0037806036879515781,0.0037042412368690531,0.003560215692415642,0.0034163085308085567,0.0032979360145499069],[0.0034081519556874908,0.0035265402902698237,0.0035094903385966218,0.0034163085308085567,0.00329782883202344,0.0031794675024881371],[0.0032897638463571465,0.0034081519556874908,0.0033911080646328766,0.0032979360145499069,0.0031794675024881371,0.003061117351755916]],[[0.0050009157259000205,0.0051193292097958124,0.0042888587008335123,0.0038397992101285965,0.0035857345158333415,0.0034673461966480009],[0.0051193292097958124,0.0051428347309777096,0.0044072574906164445,0.0039581916796187925,0.0037041229051169877,0.0035857345158333415],[0.0042888587008335123,0.0044072574906164445,0.00414448149682835,0.0038818238949725665,0.0036870676859506466,0.0035686832366873368],[0.0038397992101285965,0.0039581916796187925,0.0038818238949725665,0.0037377914942073325,0.0035938774781816068,0.0034754993287397394],[0.0035857345158333415,0.0037041229051169877,0.0036870676859506466,0.0035938774781816068,0.003475388166073855,0.0033570172299936382],[0.0034673461966480009,0.0035857345158333415,0.0035686832366873368,0.0034754993287397394,0.0033570172299936382,0.0032386535021836009]],[[0.0051785283032753354,0.0052969322729969764,0.0044664536603656975,0.0040173866346854955,0.0037633170719440197,0.0036449287176095481],[0.0052969322729969764,0.0053204311682475951,0.0045848484299634579,0.0041357775003790119,0.0038817054114681743,0.0037633170719440197],[0.0044664536603656975,0.0045848484299634579,0.0043220681724685656,0.004059406305373655,0.00386464677817232,0.0037462609945504376],[0.0040173866346854955,0.0041357775003790119,0.004059406305373655,0.0039153695468519979,0.0037714511742305513,0.0036530694430895096],[0.0037633170719440197,0.0038817054114681743,0.00386464677817232,0.0037714511742305513,0.0036529556960331225,0.0035345785981896619],[0.0036449287176095481,0.0037633170719440197,0.0037462609945504376,0.0036530694430895096,0.0035345785981896619,0.0034162061303876761]],[[0.005356129287710943,0.00547452706872034,0.0046440436869037826,0.0041949720558782421,0.003940899505724382,0.0038225112122365285],[0.00547452706872034,0.0054980216786428828,0.0047624357990037978,0.0043133618179226427,0.0040592877374138556,0.003940899505724382],[0.0046440436869037826,0.0047624357990037978,0.0044996529336765179,0.0042369884576935269,0.0040422268965774628,0.0039238403190095719],[0.0041949720558782421,0.0043133618179226427,0.0042369884576935269,0.0040929489586242459,0.0039490278461406583,0.0038306438617892245],[0.003940899505724382,0.0040592877374138556,0.0040422268965774628,0.0039490278461406583,0.0038305284378883815,0.00371214741272714],[0.0038225112122365285,0.003940899505724382,0.0039238403190095719,0.0038306438617892245,0.00371214741272714,0.0035937693446902366]],[[0.005533722704887228,0.0056521164272486345,0.0048216304307597191,0.0043725560809472338,0.0041184817504634269,0.0040000935715408881],[0.0056521164272486345,0.0056756082518982761,0.0049400207587657315,0.0044909450614231683,0.0042368698408147337,0.0041184817504634269],[0.0048216304307597191,0.0049400207587657315,0.0046772363562075951,0.0044145703422416053,0.0042198075768853432,0.0041014205540054818],[0.0043725560809472338,0.0044909450614231683,0.0044145703422416053,0.0042705291501133422,0.0041266063449468026,0.0040082209682346312],[0.0041184817504634269,0.0042368698408147337,0.0042198075768853432,0.0041266063449468026,0.0040081044567381137,0.0038897209533267428],[0.0040000935715408881,0.0041184817504634269,0.0041014205540054818,0.0040082209682346312,0.0038897209533267428,0.0037713393219222526]],[[0.0057113111318323612,0.0058297021578695533,0.0049992149482037578,0.0045501390995597848,0.0042960637664699224,0.004177675733498293],[0.0058297021578695533,0.0058531921573747973,0.00511760405002048,0.004668527504151183,0.0044144516946286122,0.0042960637664699224],[0.0049992149482037578,0.00511760405002048,0.0048548188052630441,0.0045921519485370606,0.0043973885170527976,0.004279001275179637],[0.0045501390995597848,0.004668527504151183,0.0045921519485370606,0.0044481097429656157,0.0043041859245290708,0.0041857997141932632],[0.0042960637664699224,0.0044144516946286122,0.0043973885170527976,0.0043041859245290708,0.0041856824971599361,0.0040672974556251375],[0.004177675733498293,0.0042960637664699224,0.004279001275179637,0.0041857997141932632,0.0040672974556251375,0.0039489135820985257]],[[0.005888896214717828,0.0060072854131436792,0.0051767979122527607,0.0047277213591019936,0.0044736455276598863,0.0043552576605904846],[0.0060072854131436792,0.0060307742005831942,0.0052951861421005678,0.0048461093173224109,0.0045920332789201566,0.0044736455276598863],[0.0051767979122527607,0.0052951861421005678,0.0050324005095306349,0.0047697332645501257,0.0045749695182967206,0.0044565822058590526],[0.0047277213591019936,0.0048461093173224109,0.0047697332645501257,0.0046256904879392446,0.0044817660985019114,0.0043633794183860807],[0.0044736455276598863,0.0045920332789201566,0.0045749695182967206,0.0044817660985019114,0.0043632617431912544,0.0042448757743163042],[0.0043552576605904846,0.0044736455276598863,0.0044565822058590526,0.0043633794183860807,0.0042448757743163042,0.0041264905162153734]],[[0.0060664790009222948,0.0061848669227291611,0.0053543797483252943,0.0049053030137560256,0.0046512270142551673,0.0045328393275461424],[0.0061848669227291611,0.00620835488797758,0.0054727673287181889,0.0050236906051500481,0.0047696145765284354,0.0046512270142551673],[0.0053543797483252943,0.0054727673287181889,0.0052099816089138792,0.0049473142763281864,0.0047525504473183208,0.0046341631632968667],[0.0049053030137560256,0.0050236906051500481,0.0049473142763281864,0.004803271218403138,0.0046593465475993625,0.0045409596360593838],[0.0046512270142551673,0.0047696145765284354,0.0047525504473183208,0.0046593465475993625,0.0045408416626289451,0.0044224551644106505],[0.0045328393275461424,0.0046512270142551673,0.0046341631632968667,0.0045409596360593838,0.0044224551644106505,0.0043040690792600636]],[[0.0062440601521763861,0.0063624471435830424,0.0055319607215829287,0.0050828841564484273,0.0048288082088256334,0.0047104207146683227],[0.0063624471435830424,0.0063859345328819784,0.0056503477896805,0.0052012714276373825,0.0049471955707322953,0.0048288082088256334],[0.0055319607215829287,0.0056503477896805,0.0053875621853083705,0.0051248949678241824,0.0049301312120895377,0.0048117440242413326],[0.0050828841564484273,0.0052012714276373825,0.0051248949678241824,0.0049808518202953782,0.0048369270597722978,0.0047185400745785961],[0.0048288082088256334,0.0049471955707322953,0.0049301312120895377,0.0048369270597722978,0.004718421906114446,0.0046000351393371552],[0.0047104207146683227,0.0048288082088256334,0.0048117440242413326,0.0047185400745785961,0.0046000351393371552,0.004481648590862447]],[[0.0064216400814747741,0.0065400263565010943,0.0057095409931833558,0.0052604648396243521,0.0050063890941573061,0.0048880018042191161],[0.0065400263565010943,0.0065635133236066545,0.0058279276306486705,0.0053788518153841686,0.00512477624400319,0.0050063890941573061],[0.0057095409931833558,0.0058279276306486705,0.0055651422824496508,0.0053024753208274758,0.0051077117463227831,0.0049893247028663257],[0.0052604648396243521,0.0053788518153841686,0.0053024753208274758,0.0051584322127228048,0.0050145074914623635,0.00489612053883446],[0.0050063890941573061,0.00512477624400319,0.0051077117463227831,0.0050145074914623635,0.0048960022417765771,0.0047776153789739996],[0.0048880018042191161,0.0050063890941573061,0.0049893247028663257,0.00489612053883446,0.0047776153789739996,0.0046592286059763764]],[[0.0065992190410692876,0.0067176047281898689,0.0058871206565187561,0.0054380450887423007,0.005183969652113523,0.0050655825784726794],[0.0067176047281898689,0.0067410913672590871,0.0060055069087536989,0.0055564317791958473,0.0053023565773464044,0.005183969652113523],[0.0058871206565187561,0.0060055069087536989,0.0057427219187127666,0.0054800553149434031,0.0052852919995048471,0.0051669051366168969],[0.0054380450887423007,0.0055564317791958473,0.0054800553149434031,0.0053360123354365676,0.0051920877425772,0.0050737008959495788],[0.005183969652113523,0.0053023565773464044,0.0052852919995048471,0.0051920877425772,0.005073582512930973,0.0049551956700844991],[0.0050655825784726794,0.005183969652113523,0.0051669051366168969,0.0050737008959495788,0.0049551956700844991,0.0048368088310623862]],[[0.0067767971790414078,0.0068951823511839315,0.0060646997605614279,0.0056156249110315129,0.005361549863033676,0.0052431630186754357],[0.0068951823511839315,0.0069186687179211793,0.0061830856490975991,0.0057340113163132176,0.0054799365499580274,0.005361549863033676],[0.0060646997605614279,0.0061830856490975991,0.0059203010953638325,0.0056576349275928037,0.0054628719304979445,0.0053444852771261245],[0.0056156249110315129,0.0057340113163132176,0.0056576349275928037,0.0055135921407479978,0.0053696677403250112,0.0052512810524713545],[0.005361549863033676,0.0054799365499580274,0.0054628719304979445,0.0053696677403250112,0.0052511626107179313,0.00513277586776618],[0.0052431630186754357,0.005361549863033676,0.0053444852771261245,0.0052512810524713545,0.00513277586776618,0.0050143890698039085]],[[0.0069543745756787808,0.0070727592695115577,0.0062422783248996866,0.0057932043011678196,0.0055391297054188295,0.0054207431044965256],[0.0070727592695115577,0.0070962453947632231,0.006360663855376909,0.0059115904144443924,0.0056575161390475413,0.0055391297054188295],[0.0062422783248996866,0.006360663855376909,0.0060978798018743383,0.0058352141340155643,0.0056404515034270486,0.0055220650843817122],[0.0057932043011678196,0.0059115904144443924,0.0058352141340155643,0.0056911715883091393,0.0055472474287736112,0.0054288609396384987],[0.0055391297054188295,0.0056575161390475413,0.0056404515034270486,0.0055472474287736112,0.0054287424564103196,0.0053103558705126864],[0.0054207431044965256,0.0055391297054188295,0.0055220650843817122,0.0054288609396384987,0.0053103558705126864,0.0051919691879727314]],[[0.0071319512668598468,0.00725033549518792,0.0064198563494157791,0.0059707832449459363,0.0057167091557684974,0.0055983228137397954],[0.00725033549518792,0.0072738213936773179,0.0065382415167145741,0.0060891690543681517,0.0058350953197453346,0.0057167091557684974],[0.0064198563494157791,0.0065382415167145741,0.0062754580193376845,0.0060127929072707918,0.0058180306850330816,0.0056996445229764939],[0.0059707832449459363,0.0060891690543681517,0.0060127929072707918,0.00586875064174042,0.005724826762106552,0.0056064405038642514],[0.0057167091557684974,0.0058350953197453346,0.0058180306850330816,0.005724826762106552,0.0056063219899779061,0.0054879356040896483],[0.0055983228137397954,0.0057167091557684974,0.0056996445229764939,0.0056064405038642514,0.0054879356040896483,0.0053695490907009211]],[[0.0073095272590770078,0.007427911018801016,0.0065974338205069529,0.006148361721648221,0.0058942881884935221,0.00577590212219283],[0.007427911018801016,0.0074513966947346837,0.0067158186120438524,0.0062667472116073224,0.00601267406505026,0.0058942881884935221],[0.0065974338205069529,0.0067158186120438524,0.0064530357226576214,0.0061903712182291362,0.0059956094429640767,0.0058772235596933307],[0.006148361721648221,0.0062667472116073224,0.0061903712182291362,0.0060463292664469023,0.0059024057002639626,0.0057840197005877584],[0.0058942881884935221,0.00601267406505026,0.0059956094429640767,0.0059024057002639626,0.0057839011626945012,0.0056655150111102684],[0.00577590212219283,0.0058942881884935221,0.0058772235596933307,0.0057840197005877584,0.0056655150111102684,0.0055471287077843955]],[[0.0074871025390745105,0.0076054858162907047,0.0067750107150738705,0.0063259397055653718,0.0060718667758648927,0.0059534810035445874],[0.0076054858162907047,0.0076289712669500055,0.006893395112910314,0.0064443248574963608,0.0061902523457937021,0.0060718667758648927],[0.0067750107150738705,0.006893395112910314,0.006630612881940918,0.0063679490355557037,0.0061731877446662281,0.0060548021619448115],[0.0063259397055653718,0.0064443248574963608,0.0063679490355557037,0.0062239074281986283,0.0060799842061207152,0.0059615984902984731],[0.0060718667758648927,0.0061902523457937021,0.0061731877446662281,0.0060799842061207152,0.0059614799323564113,0.0058430940442954571],[0.0059534810035445874,0.0060718667758648927,0.0060548021619448115,0.0059615984902984731,0.0058430940442954571,0.005724707984180474]],[[0.0076646770800157119,0.00778305985327305,0.0069525870030669205,0.0065035171669640453,0.0062494448879768776,0.0061310594293353012],[0.00778305985327305,0.007806545071308158,0.007070970985250718,0.0066219019598531929,0.0063678301306073623,0.0062494448879768776],[0.0069525870030669205,0.007070970985250718,0.0068081894633732661,0.0065455263256827146,0.006350765556656925,0.0062323802967580427],[0.0065035171669640453,0.0066219019598531929,0.0065455263256827146,0.0064014850922004818,0.00625756224365374,0.0061391768359609295],[0.0062494448879768776,0.0063678301306073623,0.006350765556656925,0.00625756224365374,0.0061390582601851141,0.0060206726621127547],[0.0061310594293353012,0.0062494448879768776,0.0062323802967580427,0.0061391768359609295,0.0060206726621127547,0.0059022868738626087]],[[0.0078422508454120271,0.0079606330877803524,0.0071301626490988647,0.0066810940726924253,0.0064270224927122956,0.0063086373689179237],[0.0079606330877803524,0.0079841180626682353,0.0072485461905085627,0.0067994784833911711,0.0065454073858876843,0.0064270224927122956],[0.0071301626490988647,0.0072485461905085627,0.0069857654297581472,0.0067231030527715079,0.0065283428440399451,0.0064099579301071415],[0.0066810940726924253,0.0067994784833911711,0.0067231030527715079,0.0065790622224741416,0.0064351397767441155,0.006316754701339267],[0.0064270224927122956,0.0065454073858876843,0.0065283428440399451,0.0064351397767441155,0.0063166361088146019,0.0061982508259495091],[0.0063086373689179237,0.0064270224927122956,0.0064099579301071415,0.006316754701339267,0.0061982508259495091,0.0060798653358425849]],[[0.00801982379160765,0.0081382054719778933,0.007307737613452092,0.0068586703865491979,0.00660459955570439,0.00648621478942141],[0.0081382054719778933,0.0081616901909415812,0.0074261206863189579,0.0069770543899601023,0.0067229840757540007,0.00660459955570439],[0.007307737613452092,0.0074261206863189579,0.0071633407408352931,0.0069006791786644633,0.00670591957017326,0.0065875350264655913],[0.0068586703865491979,0.0069770543899601023,0.0069006791786644633,0.0067566387814384822,0.0066127167683860356,0.0064943320499006316],[0.00660459955570439,0.0067229840757540007,0.00670591957017326,0.0066127167683860356,0.0064942134409760746,0.0063758284982736637],[0.00648621478942141,0.00660459955570439,0.0065875350264655913,0.0064943320499006316,0.0063758284982736637,0.006257443331589424]],[[0.008197395869330595,0.00831577695321822,0.0074853118526927867,0.00703624606949416,0.0067821760402916563,0.0066637916557095453],[0.00831577695321822,0.008339261401798758,0.0076036944269123252,0.00715462963867258,0.0069005601619980808,0.0067821760402916563],[0.0074853118526927867,0.0076036944269123252,0.0073409153534532545,0.0070782546628263658,0.0068834956964312077,0.0067651115484966291],[0.00703624606949416,0.00715462963867258,0.0070782546628263658,0.0069342147296139606,0.0067902931801542754,0.0066719088440873858],[0.0067821760402916563,0.0069005601619980808,0.0068834956964312077,0.0067902931801542754,0.0066717902186293069,0.006553405641429263],[0.0066637916557095453,0.0067821760402916563,0.0067651115484966291,0.0066719088440873858,0.006553405641429263,0.0064350208233483345]],[[0.0083749670246385435,0.00849334747466503,0.0076628853200277416,0.0072138210797554059,0.0069597519074642011,0.00684136793033282],[0.00849334747466503,0.0085168316370697311,0.0077812673633336311,0.0073322041859536415,0.0070781356040246586,0.0069597519074642011],[0.0076628853200277416,0.0077812673633336311,0.0075184892216448359,0.0072558294622759962,0.00706107118202426,0.006942687456828911],[0.0072138210797554059,0.0073322041859536415,0.0072558294622759962,0.0071117900254040675,0.0069678689718355689,0.0068494850448250939],[0.0069597519074642011,0.0070781356040246586,0.00706107118202426,0.0069678689718355689,0.0068493664023791326,0.0067309822168381793],[0.00684136793033282,0.0069597519074642011,0.006942687456828911,0.0068494850448250939,0.0067309822168381793,0.0066125977730367783]],[[0.008552537199473265,0.0086709169756382671,0.0078404579654924554,0.007391395372864434,0.0071373271158012468,0.0070189435734712624],[0.0086709169756382671,0.00869440083494415,0.007958839443539676,0.0075097779855371289,0.0072557103587826619,0.0071373271158012468],[0.0078404579654924554,0.007958839443539676,0.0076960622966366484,0.0074334035315078862,0.0072386459838525161,0.0071202627098840131],[0.007391395372864434,0.0075097779855371289,0.0074334035315078862,0.0072893646249229532,0.0071454441011621055,0.0070270606111783561],[0.0071373271158012468,0.0072557103587826619,0.0072386459838525161,0.0071454441011621055,0.0070269419510725715,0.0069085581844609877],[0.0070189435734712624,0.0071373271158012468,0.0071202627098840131,0.0070270606111783561,0.0069085581844609877,0.006790174141510179]],[[0.00873010633195865,0.0088484853917746038,0.0080180297360273184,0.0075689689016425962,0.0073149016213989657,0.00719651854286918],[0.0088484853917746038,0.0088719689300385766,0.0081364106124143,0.0076873509884245071,0.0074332843806867522,0.0073149016213989657],[0.0080180297360273184,0.0081364106124143,0.0078736345268127245,0.0076109768224043558,0.0074162200563773744,0.0072978372637334966],[0.0075689689016425962,0.0076873509884245071,0.0076109768224043558,0.0074669384818494711,0.0073230185236076049,0.0072046355000991791],[0.0073149016213989657,0.0074332843806867522,0.0074162200563773744,0.0073230185236076049,0.0072045168215091136,0.007086133502421506],[0.00719651854286918,0.0073149016213989657,0.0072978372637334966,0.0072046355000991791,0.007086133502421506,0.00696774988806297]],[[0.0089076743565302176,0.0090260526550670767,0.0081956005754777548,0.00774654161615189,0.0074924753777887666,0.0073740927937594233],[0.0090260526550670767,0.00904953585337533,0.0083139808117272691,0.0078649231428158679,0.007610857621529246,0.0074924753777887666],[0.0081956005754777548,0.0083139808117272691,0.0080512058576451828,0.0077885492841379038,0.0075937933515016365,0.0074754110719719522],[0.00774654161615189,0.0078649231428158679,0.0077885492841379038,0.0076445115472949035,0.00750059219222038,0.007382209666231444],[0.0074924753777887666,0.007610857621529246,0.0075937933515016365,0.00750059219222038,0.0073820909682207145,0.007263708126733757],[0.0073740927937594233,0.0074924753777887666,0.0074754110719719522,0.007382209666231444,0.007263708126733757,0.0071453249700775719]],[[0.0090852412039540125,0.0092036186938228,0.00837317042454268,0.0079241134636203522,0.0076700483358463963,0.007551666278778792],[0.0092036186938228,0.0092271015323007032,0.0084915499800537926,0.008042494394020076,0.007788430030382776,0.0076700483358463963],[0.00837317042454268,0.0084915499800537926,0.008228776231600482,0.0079661208630641932,0.0077713658184517713,0.0076529840855967422],[0.0079241134636203522,0.008042494394020076,0.0079661208630641932,0.007822083769676285,0.0076781650574769952,0.0075597830617484792],[0.0076700483358463963,0.007788430030382776,0.0077713658184517713,0.0076781650574769952,0.0075596643432932738,0.0074412820110912933],[0.007551666278778792,0.0076700483358463963,0.0076529840855967422,0.0075597830617484792,0.0074412820110912933,0.0073228993427663968]],[[0.0092628068012688414,0.00938118343256459,0.0085507392206858619,0.00810168438834654,0.00784762044369081,0.0077292389478735611],[0.00938118343256459,0.0094046658903604273,0.0086691180526647961,0.00822006468434742,0.0079660015534929064,0.00784762044369081],[0.0085507392206858619,0.0086691180526647961,0.0084063455880261512,0.0081436915026052454,0.0079489374036579921,0.0078305562528891426],[0.00810168438834654,0.00822006468434742,0.0081436915026052454,0.0079996550945896812,0.00785573706714564,0.0077373556362080468],[0.00784762044369081,0.0079660015534929064,0.0079489374036579921,0.00785573706714564,0.007737236896211812,0.0076188551066941812],[0.0077292389478735611,0.00784762044369081,0.0078305562528891426,0.0077373556362080468,0.0076188551066941812,0.0075004729589698256]],[[0.0094403710716777986,0.0095587467918929487,0.0087283068980200558,0.00827925433158861,0.0080251916465742222,0.0079068107481956446],[0.0095587467918929487,0.00958222884714412,0.0088466849613952313,0.0083976339529883252,0.00814357213416171,0.0080251916465742222],[0.0087283068980200558,0.0088466849613952313,0.0085839138630219147,0.00832126114312333,0.0081265080506297445,0.0080081275192922709],[0.00827925433158861,0.0083976339529883252,0.00832126114312333,0.0081772254646804033,0.00803330816615265,0.00791492733641606],[0.0080251916465742222,0.00814357213416171,0.0081265080506297445,0.00803330816615265,0.007914808573717123,0.0077964273620957959],[0.0079068107481956446,0.0080251916465742222,0.0080081275192922709,0.00791492733641606,0.0077964273620957959,0.0076780457689871965]],[[0.0096179339344011211,0.0097363086883174039,0.0089058733871690953,0.0084568232314378572,0.0082027618867620711,0.008084381623988909],[0.0097363086883174039,0.0097597903181046736,0.0090242506344935351,0.0085752021358783525,0.0083211417126211849,0.0082027618867620711],[0.0089058733871690953,0.0090242506344935351,0.0087614809892961783,0.0084988297217845326,0.0083040776998243755,0.0081856978272841011],[0.0084568232314378572,0.0085752021358783525,0.0084988297217845326,0.0083547948195071258,0.008210878296447191,0.0080924981062915173],[0.0082027618867620711,0.0083211417126211849,0.0083040776998243755,0.008210878296447191,0.0080923793196667863,0.0079739987230601685],[0.008084381623988909,0.0082027618867620711,0.0081856978272841011,0.0080924981062915173,0.0079739987230601685,0.0078556177204253883]],[[0.0097954953045015711,0.0099138690340657074,0.009083438615113822,0.00863439102268066,0.0083803311034030461,0.0082619515164664356],[0.0099138690340657074,0.0099373502143587679,0.0092018149964563783,0.0087527691655517933,0.00849871022589689,0.0083803311034030461],[0.009083438615113822,0.0092018149964563783,0.008939046896010468,0.0086763971724127982,0.0084816462885080983,0.0083632671162434252],[0.00863439102268066,0.0087527691655517933,0.0086763971724127982,0.0085323630953990318,0.00838844739686148,0.0082700678867294],[0.0083803311034030461,0.00849871022589689,0.0084816462885080983,0.00838844739686148,0.0082699490748950454,0.0081515691324214948],[0.0082619515164664356,0.0083803311034030461,0.0083632671162434252,0.0082700678867294,0.0081515691324214948,0.00803318875805611]],[[0.0099730550926877687,0.010091427736872938,0.009261002505021397,0.0088119576366482832,0.0085578992323896621,0.0084395203636765531],[0.010091427736872938,0.010114908442469409,0.0093793779678487035,0.00893033497098354,0.00867627760766179,0.0085578992323896621],[0.009261002505021397,0.0093793779678487035,0.0091166115086112574,0.0088539634253336028,0.0086592137506082932,0.0085408353223077535],[0.0088119576366482832,0.00893033497098354,0.0088539634253336028,0.0087099302253045158,0.0085660154029645278,0.008447636615458427],[0.0085578992323896621,0.00867627760766179,0.0086592137506082932,0.0085660154029645278,0.0084475177770689837,0.0083291385299427787],[0.00843952036367