{"M_cells":[[[0,0,0,0,0,0,0],[0,0,0,0,0,0,0],[0,0,0,0,0,0,0],[0,0,0,0,0,0,0],[0,0,0,0,0,0,0],[0,0,0,0,0,0,0],[0,0,0,0,0,0,0]],[[1.4204103616907166E-7,8.2080967129938726E-7,7.30260937660541E-7,1.0683422144398352E-6,7.30260937660541E-7,8.2080967129938726E-7,1.4204103616907166E-7],[8.2080967129938726E-7,3.4981555759027522E-6,3.1975881161237623E-6,4.5187930094503126E-6,3.1975881161237623E-6,3.4981555759027522E-6,8.2080967129938726E-7],[7.30260937660541E-7,3.1975881161237623E-6,3.9256231908622946E-6,4.6576353850433859E-6,3.9256231908622946E-6,3.1975881161237623E-6,7.30260937660541E-7],[1.0683422144398352E-6,4.5187930094503126E-6,4.6576353850433859E-6,6.1454730804554137E-6,4.6576353850433859E-6,4.5187930094503126E-6,1.0683422144398352E-6],[7.30260937660541E-7,3.1975881161237623E-6,3.9256231908622946E-6,4.6576353850433859E-6,3.9256231908622937E-6,3.1975881161237623E-6,7.30260937660541E-7],[8.2080967129938726E-7,3.4981555759027522E-6,3.1975881161237623E-6,4.5187930094503126E-6,3.1975881161237623E-6,3.4981555759027522E-6,8.2080967129938726E-7],[1.4204103616907166E-7,8.2080967129938726E-7,7.30260937660541E-7,1.0683422144398352E-6,7.30260937660541E-7,8.2080967129938726E-7,1.4204103616907166E-7]],[[9.98346172993415E-7,3.2862005520475E-6,2.9845540879737111E-6,4.1598551540066258E-6,2.9845540879737111E-6,3.2862005520475E-6,9.98346172993415E-7],[3.2862005520475E-6,8.6399621095347632E-6,8.0463169889280421E-6,1.0791462583363423E-5,8.0463169889280421E-6,8.6399621095347632E-6,3.2862005520475E-6],[2.9845540879737111E-6,8.0463169889280421E-6,9.5307261241699017E-6,1.1020498641935871E-5,9.5307261241699017E-6,8.0463169889280421E-6,2.9845540879737111E-6],[4.1598551540066258E-6,1.0791462583363423E-5,1.1020498641935871E-5,1.3993067449232007E-5,1.1020498641935871E-5,1.0791462583363423E-5,4.1598551540066258E-6],[2.9845540879737111E-6,8.0463169889280421E-6,9.5307261241699017E-6,1.1020498641935871E-5,9.5307261241699017E-6,8.0463169889280421E-6,2.9845540879737111E-6],[3.2862005520475E-6,8.6399621095347632E-6,8.0463169889280421E-6,1.0791462583363423E-5,8.0463169889280421E-6,8.6399621095347632E-6,3.2862005520475E-6],[9.98346172993415E-7,3.2862005520475E-6,2.9845540879737111E-6,4.1598551540066258E-6,2.9845540879737111E-6,3.2862005520475E-6,9.98346172993415E-7]],[[2.9878896973593978E-6,7.3930949630195826E-6,6.8174305371643069E-6,9.1388722258945509E-6,6.8174305371643069E-6,7.3930949630195826E-6,2.9878896973593978E-6],[7.3930949630195826E-6,1.5418384352350847E-5,1.4539669735445737E-5,1.8769804934221449E-5,1.4539669735445737E-5,1.5418384352350843E-5,7.3930949630195826E-6],[6.8174305371643069E-6,1.4539669735445737E-5,1.679398568644388E-5,1.9055041969741647E-5,1.679398568644388E-5,1.4539669735445736E-5,6.8174305371643069E-6],[9.1388722258945509E-6,1.8769804934221449E-5,1.9055041969741647E-5,2.3505900855293675E-5,1.9055041969741647E-5,1.8769804934221449E-5,9.13887222589455E-6],[6.8174305371643069E-6,1.4539669735445737E-5,1.679398568644388E-5,1.9055041969741647E-5,1.679398568644388E-5,1.4539669735445736E-5,6.8174305371643069E-6],[7.3930949630195826E-6,1.5418384352350843E-5,1.4539669735445736E-5,1.8769804934221449E-5,1.4539669735445736E-5,1.5418384352350843E-5,7.3930949630195826E-6],[2.9878896973593978E-6,7.3930949630195826E-6,6.8174305371643069E-6,9.13887222589455E-6,6.8174305371643069E-6,7.3930949630195826E-6,2.9878896973593978E-6]],[[6.3391253006711151E-6,1.3137748581768846E-5,1.2257517828540728E-5,1.5915115620078421E-5,1.2257517828540728E-5,1.3137748581768846E-5,6.3391253006711151E-6],[1.3137748581768846E-5,2.3827198502286308E-5,2.2672135958419188E-5,2.8422014382662972E-5,2.2672135958419188E-5,2.3827198502286308E-5,1.3137748581768846E-5],[1.2257517828540728E-5,2.2672135958419188E-5,2.5702886551184677E-5,2.8741742905777828E-5,2.5702886551184677E-5,2.2672135958419188E-5,1.225751782854073E-5],[1.5915115620078421E-5,2.8422014382662972E-5,2.8741742905777828E-5,3.4662852965588082E-5,2.8741742905777828E-5,2.8422014382662972E-5,1.5915115620078421E-5],[1.2257517828540728E-5,2.2672135958419188E-5,2.5702886551184677E-5,2.8741742905777828E-5,2.5702886551184677E-5,2.2672135958419188E-5,1.225751782854073E-5],[1.3137748581768846E-5,2.3827198502286308E-5,2.2672135958419188E-5,2.8422014382662972E-5,2.2672135958419188E-5,2.3827198502286308E-5,1.3137748581768846E-5],[6.3391253006711151E-6,1.3137748581768846E-5,1.225751782854073E-5,1.5915115620078421E-5,1.225751782854073E-5,1.3137748581768846E-5,6.3391253006711151E-6]],[[1.1175262739731263E-5,2.0514343561620468E-5,1.9316835044323625E-5,2.4425788366898128E-5,1.9316835044323628E-5,2.0514343561620468E-5,1.1175262739731263E-5],[2.0514343561620468E-5,3.3856501672054094E-5,3.2433513814506831E-5,3.9720402789994818E-5,3.2433513814506831E-5,3.3856501672054094E-5,2.0514343561620468E-5],[1.9316835044323625E-5,3.2433513814506831E-5,3.6242344220836388E-5,4.0060632214787425E-5,3.6242344220836388E-5,3.2433513814506831E-5,1.9316835044323628E-5],[2.4425788366898128E-5,3.9720402789994818E-5,4.0060632214787425E-5,4.7442060461037128E-5,4.0060632214787425E-5,3.9720402789994818E-5,2.4425788366898128E-5],[1.9316835044323628E-5,3.2433513814506831E-5,3.6242344220836388E-5,4.0060632214787425E-5,3.6242344220836388E-5,3.2433513814506831E-5,1.9316835044323628E-5],[2.0514343561620468E-5,3.3856501672054094E-5,3.2433513814506831E-5,3.9720402789994818E-5,3.2433513814506831E-5,3.3856501672054094E-5,2.0514343561620468E-5],[1.1175262739731263E-5,2.0514343561620468E-5,1.9316835044323628E-5,2.4425788366898128E-5,1.9316835044323628E-5,2.0514343561620468E-5,1.1175262739731263E-5]],[[1.756063149845912E-5,2.9514322299166575E-5,2.7996410885185702E-5,3.4624397990217442E-5,2.7996410885185706E-5,2.9514322299166575E-5,1.756063149845912E-5],[2.9514322299166575E-5,4.549296687856959E-5,4.380981981234743E-5,5.2639028391648355E-5,4.380981981234743E-5,4.549296687856959E-5,2.9514322299166575E-5],[2.7996410885185702E-5,4.380981981234743E-5,4.83948305124653E-5,5.299063503004973E-5,4.83948305124653E-5,4.380981981234743E-5,2.7996410885185706E-5],[3.4624397990217442E-5,5.2639028391648355E-5,5.299063503004973E-5,6.1820391268769514E-5,5.299063503004973E-5,5.2639028391648355E-5,3.4624397990217442E-5],[2.7996410885185706E-5,4.380981981234743E-5,4.83948305124653E-5,5.299063503004973E-5,4.83948305124653E-5,4.380981981234743E-5,2.7996410885185706E-5],[2.9514322299166575E-5,4.549296687856959E-5,4.380981981234743E-5,5.2639028391648355E-5,4.380981981234743E-5,4.549296687856959E-5,2.9514322299166575E-5],[1.756063149845912E-5,2.9514322299166575E-5,2.7996410885185706E-5,3.4624397990217442E-5,2.7996410885185706E-5,2.9514322299166575E-5,1.756063149845912E-5]],[[2.5525938689498642E-5,4.0126142529066174E-5,3.8289690107811593E-5,4.6473800312238966E-5,3.8289690107811593E-5,4.0126142529066174E-5,2.5525938689498642E-5],[4.0126142529066174E-5,5.8720108242944441E-5,5.6783872673092672E-5,6.7152249157846993E-5,5.6783872673092679E-5,5.8720108242944441E-5,4.0126142529066174E-5],[3.8289690107811593E-5,5.6783872673092672E-5,6.21404756139225E-5,6.7509191094652235E-5,6.21404756139225E-5,5.6783872673092679E-5,3.8289690107811593E-5],[4.6473800312238966E-5,6.7152249157846993E-5,6.7509191094652235E-5,7.7773160446367064E-5,6.7509191094652248E-5,6.7152249157847E-5,4.6473800312238966E-5],[3.8289690107811593E-5,5.6783872673092679E-5,6.21404756139225E-5,6.7509191094652248E-5,6.21404756139225E-5,5.6783872673092672E-5,3.8289690107811593E-5],[4.0126142529066174E-5,5.8720108242944441E-5,5.6783872673092679E-5,6.7152249157847E-5,5.6783872673092672E-5,5.8720108242944441E-5,4.0126142529066174E-5],[2.5525938689498642E-5,4.0126142529066174E-5,3.8289690107811593E-5,4.6473800312238966E-5,3.8289690107811593E-5,4.0126142529066174E-5,2.5525938689498642E-5]],[[3.5082082594625855E-5,5.2335261686121529E-5,5.0184615035947734E-5,5.9941884059343405E-5,5.0184615035947734E-5,5.2335261686121536E-5,3.5082082594625855E-5],[5.2335261686121529E-5,7.3518534030606733E-5,7.1335684542587552E-5,8.3233853671553241E-5,7.1335684542587552E-5,7.3518534030606747E-5,5.2335261686121536E-5],[5.0184615035947734E-5,7.1335684542587552E-5,7.74571618190144E-5,8.3592051014350508E-5,7.74571618190144E-5,7.1335684542587552E-5,5.0184615035947734E-5],[5.9941884059343405E-5,8.3233853671553241E-5,8.3592051014350508E-5,9.5273991634160711E-5,8.3592051014350522E-5,8.3233853671553254E-5,5.9941884059343405E-5],[5.0184615035947734E-5,7.1335684542587552E-5,7.74571618190144E-5,8.3592051014350522E-5,7.745716181901442E-5,7.1335684542587552E-5,5.0184615035947734E-5],[5.2335261686121536E-5,7.3518534030606747E-5,7.1335684542587552E-5,8.3233853671553254E-5,7.1335684542587552E-5,7.3518534030606747E-5,5.2335261686121536E-5],[3.5082082594625855E-5,5.2335261686121536E-5,5.0184615035947734E-5,5.9941884059343405E-5,5.0184615035947734E-5,5.2335261686121536E-5,3.5082082594625855E-5]],[[4.62277585804407E-5,6.6124237261412929E-5,6.3664912898526581E-5,7.49989057282035E-5,6.3664912898526581E-5,6.6124237261412929E-5,4.62277585804407E-5],[6.6124237261412929E-5,8.9866172897136762E-5,8.7442732903565684E-5,0.00010085654576809256,8.7442732903565684E-5,8.9866172897136762E-5,6.6124237261412929E-5],[6.3664912898526581E-5,8.7442732903565684E-5,9.4320609451324034E-5,0.00010121317618429398,9.4320609451324034E-5,8.7442732903565684E-5,6.3664912898526581E-5],[7.49989057282035E-5,0.00010085654576809256,0.00010121317618429398,0.00011429475705833769,0.00010121317618429398,0.00010085654576809256,7.49989057282035E-5],[6.3664912898526581E-5,8.7442732903565684E-5,9.4320609451324034E-5,0.00010121317618429398,9.4320609451324034E-5,8.7442732903565684E-5,6.3664912898526581E-5],[6.6124237261412929E-5,8.9866172897136762E-5,8.7442732903565684E-5,0.00010085654576809256,8.7442732903565684E-5,8.9866172897136762E-5,6.6124237261412929E-5],[4.62277585804407E-5,6.6124237261412929E-5,6.3664912898526581E-5,7.49989057282035E-5,6.3664912898526581E-5,6.6124237261412929E-5,4.62277585804407E-5]],[[5.895369250425588E-5,8.1472875515949651E-5,7.87109038744811E-5,9.1615850833621517E-5,7.87109038744811E-5,8.1472875515949651E-5,5.895369250425588E-5],[8.1472875515949651E-5,0.00010773846247995942,0.00010508015102563092,0.00011999163692216102,0.00010508015102563092,0.00010773846247995942,8.1472875515949651E-5],[7.87109038744811E-5,0.00010508015102563092,0.00011270444794058677,0.0001203446904752646,0.00011270444794058677,0.00010508015102563092,7.87109038744811E-5],[9.1615850833621517E-5,0.00011999163692216102,0.0001203446904752646,0.00013480554820466319,0.0001203446904752646,0.00011999163692216102,9.161585083362153E-5],[7.87109038744811E-5,0.00010508015102563092,0.00011270444794058677,0.0001203446904752646,0.00011270444794058677,0.00010508015102563092,7.87109038744811E-5],[8.1472875515949651E-5,0.00010773846247995942,0.00010508015102563092,0.00011999163692216102,0.00010508015102563092,0.00010773846247995942,8.1472875515949651E-5],[5.895369250425588E-5,8.1472875515949651E-5,7.87109038744811E-5,9.161585083362153E-5,7.87109038744811E-5,8.1472875515949651E-5,5.895369250425588E-5]],[[7.324503405678862E-5,9.8358387025714817E-5,9.5300014100573437E-5,0.00010976342631020404,9.5300014100573437E-5,9.8358387025714817E-5,7.324503405678862E-5],[9.8358387025714817E-5,0.00012710849093361482,0.00012422085373799325,0.0001406088492802746,0.00012422085373799325,0.00012710849093361482,9.8358387025714817E-5],[9.5300014100573437E-5,0.00012422085373799325,0.00013258026116517589,0.00014095684511926173,0.00013258026116517592,0.00012422085373799325,9.5300014100573437E-5],[0.00010976342631020404,0.0001406088492802746,0.00014095684511926173,0.00015677464156722164,0.00014095684511926176,0.0001406088492802746,0.00010976342631020406],[9.5300014100573437E-5,0.00012422085373799325,0.00013258026116517592,0.00014095684511926176,0.00013258026116517592,0.00012422085373799328,9.530001410057345E-5],[9.8358387025714817E-5,0.00012710849093361482,0.00012422085373799325,0.0001406088492802746,0.00012422085373799328,0.00012710849093361482,9.8358387025714817E-5],[7.324503405678862E-5,9.8358387025714817E-5,9.5300014100573437E-5,0.00010976342631020406,9.530001410057345E-5,9.8358387025714817E-5,7.324503405678862E-5]],[[8.90827362673638E-5,0.00011675552210256088,0.00011340709895177434,0.00012941143148286502,0.00011340709895177434,0.00011675552210256088,8.90827362673638E-5],[0.00011675552210256088,0.0001479470819322086,0.00014483560256948967,0.00016267616261547352,0.00014483560256948967,0.0001479470819322086,0.00011675552210256088],[0.00011340709895177434,0.00014483560256948967,0.00015391759394729122,0.00016301796652150603,0.00015391759394729122,0.00014483560256948967,0.00011340709895177434],[0.00012941143148286502,0.00016267616261547352,0.00016301796652150603,0.00018016843117588712,0.00016301796652150603,0.00016267616261547352,0.00012941143148286502],[0.00011340709895177434,0.00014483560256948967,0.00015391759394729122,0.00016301796652150603,0.00015391759394729122,0.00014483560256948967,0.00011340709895177434],[0.00011675552210256088,0.0001479470819322086,0.00014483560256948967,0.00016267616261547352,0.00014483560256948967,0.0001479470819322086,0.00011675552210256088],[8.90827362673638E-5,0.00011675552210256088,0.00011340709895177434,0.00012941143148286502,0.00011340709895177434,0.00011675552210256088,8.90827362673638E-5]],[[0.00010644436454248207,0.00013663666676344479,0.00013300463404973352,0.000150528343777764,0.00013300463404973352,0.00013663666676344479,0.00010644436454248207],[0.00013663666676344479,0.00017022281232526455,0.00016689300602909662,0.00018615965661918695,0.00016689300602909662,0.00017022281232526455,0.00013663666676344479],[0.00013300463404973352,0.00016689300602909662,0.00017668390464522648,0.00018649436111262474,0.00017668390464522648,0.00016689300602909662,0.00013300463404973352],[0.000150528343777764,0.00018615965661918695,0.00018649436111262474,0.00020495130297816722,0.00018649436111262474,0.00018615965661918695,0.000150528343777764],[0.00013300463404973352,0.00016689300602909662,0.00017668390464522648,0.00018649436111262474,0.00017668390464522648,0.00016689300602909662,0.00013300463404973352],[0.00013663666676344479,0.00017022281232526455,0.00016689300602909662,0.00018615965661918695,0.00016689300602909662,0.00017022281232526455,0.00013663666676344479],[0.00010644436454248207,0.00013663666676344479,0.00013300463404973352,0.000150528343777764,0.00013300463404973352,0.00013663666676344479,0.00010644436454248207]],[[0.00012530457078001192,0.00015797188316171276,0.0001540628020276185,0.00017308101001027362,0.0001540628020276185,0.00015797188316171276,0.00012530457078001192],[0.00015797188316171276,0.000193901948969728,0.00019035944451401292,0.00021102330959677656,0.00019035944451401292,0.000193901948969728,0.00015797188316171276],[0.0001540628020276185,0.00019035944451401292,0.0002008444461785633,0.00021135015242296069,0.0002008444461785633,0.00019035944451401292,0.0001540628020276185],[0.00017308101001027362,0.00021102330959677656,0.00021135015242296069,0.00023108542607902773,0.00021135015242296069,0.00021102330959677656,0.00017308101001027362],[0.0001540628020276185,0.00019035944451401292,0.0002008444461785633,0.00021135015242296069,0.0002008444461785633,0.00019035944451401292,0.0001540628020276185],[0.00015797188316171276,0.000193901948969728,0.00019035944451401292,0.00021102330959677656,0.00019035944451401292,0.000193901948969728,0.00015797188316171276],[0.00012530457078001192,0.00015797188316171276,0.0001540628020276185,0.00017308101001027362,0.0001540628020276185,0.00015797188316171276,0.00012530457078001192]],[[0.00014563535471042506,0.00018072887855811681,0.00017654948421450605,0.00019703436678044587,0.00017654948421450605,0.00018072887855811681,0.00014563535471042506],[0.00018072887855811681,0.00021894828696380366,0.00021519890331409266,0.00023722871790090598,0.00021519890331409266,0.00021894828696380366,0.00018072887855811681],[0.00017654948421450605,0.00021519890331409266,0.00022636205375695632,0.00023754702344734748,0.00022636205375695632,0.00021519890331409263,0.00017654948421450605],[0.00019703436678044587,0.00023722871790090598,0.00023754702344734748,0.00025853043235949243,0.00023754702344734748,0.00023722871790090596,0.00019703436678044587],[0.00017654948421450605,0.00021519890331409266,0.00022636205375695632,0.00023754702344734748,0.00022636205375695632,0.00021519890331409263,0.00017654948421450605],[0.00018072887855811681,0.00021894828696380366,0.00021519890331409263,0.00023722871790090596,0.00021519890331409263,0.00021894828696380366,0.00018072887855811681],[0.00014563535471042506,0.00018072887855811681,0.00017654948421450605,0.00019703436678044587,0.00017654948421450605,0.00018072887855811681,0.00014563535471042506]],[[0.00016740617181882332,0.0002048728845196632,0.00020043015311602323,0.00022235113153469703,0.00020043015311602323,0.0002048728845196632,0.00016740617181882332],[0.0002048728845196632,0.00024532286505355881,0.00024137269010028514,0.00026473469830131031,0.00024137269010028514,0.00024532286505355881,0.0002048728845196632],[0.00020043015311602323,0.00024137269010028514,0.00025319681127610686,0.000265043831833462,0.00025319681127610686,0.00024137269010028514,0.00020043015311602323],[0.00022235113153469703,0.00026473469830131031,0.000265043831833462,0.00028724294874084646,0.000265043831833462,0.00026473469830131031,0.00022235113153469703],[0.00020043015311602323,0.00024137269010028514,0.00025319681127610686,0.000265043831833462,0.00025319681127610686,0.00024137269010028514,0.00020043015311602323],[0.0002048728845196632,0.00024532286505355881,0.00024137269010028514,0.00026473469830131031,0.00024137269010028514,0.00024532286505355881,0.0002048728845196632],[0.00016740617181882332,0.0002048728845196632,0.00020043015311602323,0.00022235113153469703,0.00020043015311602323,0.0002048728845196632,0.00016740617181882332]],[[0.0001905839110334099,0.00023036642308786246,0.00022566765056746121,0.00024899141345687041,0.00022566765056746121,0.00023036642308786246,0.0001905839110334099],[0.00023036642308786246,0.00027298352463858071,0.00026883900395910479,0.00029349672813770163,0.00026883900395910479,0.00027298352463858071,0.00023036642308786246],[0.00022566765056746121,0.00026883900395910479,0.00028130555891839044,0.00029379605589724059,0.00028130555891839044,0.00026883900395910479,0.00022566765056746124],[0.00024899141345687041,0.00029349672813770163,0.00029379605589724059,0.00031717593462375941,0.00029379605589724059,0.00029349672813770163,0.00024899141345687041],[0.00022566765056746121,0.00026883900395910479,0.00028130555891839044,0.00029379605589724059,0.00028130555891839044,0.00026883900395910479,0.00022566765056746121],[0.00023036642308786246,0.00027298352463858071,0.00026883900395910479,0.00029349672813770163,0.00026883900395910479,0.00027298352463858071,0.00023036642308786246],[0.0001905839110334099,0.00023036642308786246,0.00022566765056746124,0.00024899141345687041,0.00022566765056746121,0.00023036642308786246,0.0001905839110334099]],[[0.00021513274257644346,0.00025716892877602809,0.00025222182539398234,0.00027691219280151887,0.00025222182539398234,0.00025716892877602809,0.00021513274257644346],[0.00025716892877602809,0.00030188426567624808,0.00029755231032966678,0.00032346616519638631,0.00029755231032966678,0.00030188426567624808,0.00025716892877602809],[0.00025222182539398234,0.00029755231032966678,0.00031064119097784786,0.0003237550151350061,0.00031064119097784786,0.00029755231032966678,0.00025222182539398234],[0.00027691219280151887,0.00032346616519638631,0.0003237550151350061,0.00034827775986546718,0.0003237550151350061,0.00032346616519638631,0.00027691219280151887],[0.00025222182539398234,0.00029755231032966678,0.00031064119097784786,0.0003237550151350061,0.00031064119097784786,0.00029755231032966678,0.00025222182539398234],[0.00025716892877602809,0.00030188426567624808,0.00029755231032966678,0.00032346616519638631,0.00029755231032966678,0.00030188426567624808,0.00025716892877602809],[0.00021513274257644346,0.00025716892877602809,0.00025222182539398234,0.00027691219280151887,0.00025222182539398234,0.00025716892877602809,0.00021513274257644346]],[[0.00024101381945538237,0.00028523618382561621,0.00028004899156833295,0.00030606660961767721,0.00028004899156833295,0.00028523618382561621,0.00024101381945538237],[0.00028523618382561621,0.00033197433503979253,0.00032746245913617482,0.00035458917033687334,0.00032746245913617482,0.00033197433503979253,0.00028523618382561621],[0.00028004899156833295,0.00032746245913617482,0.00034115167446137584,0.00035486678902552272,0.00034115167446137584,0.00032746245913617482,0.00028004899156833295],[0.00030606660961767721,0.00035458917033687334,0.00035486678902552272,0.00038049093528459775,0.00035486678902552272,0.00035458917033687334,0.00030606660961767721],[0.00028004899156833295,0.00032746245913617482,0.00034115167446137584,0.00035486678902552272,0.00034115167446137584,0.00032746245913617482,0.00028004899156833295],[0.00028523618382561621,0.00033197433503979253,0.00032746245913617482,0.00035458917033687334,0.00032746245913617482,0.00033197433503979253,0.00028523618382561621],[0.00024101381945538237,0.00028523618382561621,0.00028004899156833295,0.00030606660961767721,0.00028004899156833295,0.00028523618382561621,0.00024101381945538237]],[[0.00026818480062334559,0.00031451950860565496,0.00030910115194693804,0.00033640298855077593,0.00030910115194693804,0.00031451950860565496,0.00026818480062334559],[0.00031451950860565496,0.00036319696041792253,0.00035851346173753018,0.00038680523133539062,0.00035851346173753018,0.00036319696041792253,0.00031451950860565496],[0.00030910115194693804,0.00035851346173753018,0.0003727786955841403,0.00038707073271518767,0.0003727786955841403,0.00035851346173753018,0.00030910115194693804],[0.00033640298855077593,0.00038680523133539062,0.00038707073271518767,0.00041375037862448523,0.00038707073271518767,0.00038680523133539062,0.00033640298855077593],[0.00030910115194693804,0.00035851346173753018,0.0003727786955841403,0.00038707073271518767,0.0003727786955841403,0.00035851346173753018,0.00030910115194693804],[0.00031451950860565496,0.00036319696041792253,0.00035851346173753018,0.00038680523133539062,0.00035851346173753018,0.00036319696041792253,0.00031451950860565496],[0.00026818480062334559,0.00031451950860565496,0.00030910115194693804,0.00033640298855077593,0.00030910115194693804,0.00031451950860565496,0.00026818480062334559]],[[0.00029659914733018878,0.00034496462954263407,0.00033932491336802033,0.00036786350664491153,0.00033932491336802033,0.00034496462954263407,0.00029659914733018878],[0.00034496462954263407,0.00039548761799711694,0.00039064181808925894,0.000420045159585598,0.00039064181808925894,0.00039548761799711694,0.00034496462954263407],[0.00033932491336802033,0.00039064181808925894,0.00040545581559058458,0.000420297461033495,0.00040545581559058458,0.00039064181808925894,0.00033932491336802033],[0.00036786350664491153,0.000420045159585598,0.000420297461033495,0.00044798106877321273,0.000420297461033495,0.000420045159585598,0.00036786350664491153],[0.00033932491336802033,0.00039064181808925894,0.00040545581559058458,0.000420297461033495,0.00040545581559058458,0.00039064181808925894,0.00033932491336802033],[0.00034496462954263407,0.00039548761799711694,0.00039064181808925894,0.000420045159585598,0.00039064181808925894,0.00039548761799711694,0.00034496462954263407],[0.00029659914733018878,0.00034496462954263407,0.00033932491336802033,0.00036786350664491153,0.00033932491336802033,0.00034496462954263407,0.00029659914733018878]],[[0.000326205125806505,0.000376510126065932,0.00037065999822388893,0.00040038238963706146,0.00037065999822388893,0.000376510126065932,0.000326205125806505],[0.000376510126065932,0.00042877170353805956,0.00042377426662960958,0.00045422841331525039,0.00042377426662960958,0.00042877170353805956,0.000376510126065932],[0.00037065999822388893,0.00042377426662960958,0.00043910599899716068,0.000454466154512225,0.00043910599899716068,0.00042377426662960958,0.00037065999822388893],[0.00040038238963706146,0.00045422841331525039,0.000454466154512225,0.00048309492452289047,0.000454466154512225,0.00045422841331525039,0.00040038238963706146],[0.00037065999822388893,0.00042377426662960958,0.00043910599899716068,0.000454466154512225,0.00043910599899716068,0.00042377426662960958,0.00037065999822388893],[0.000376510126065932,0.00042877170353805956,0.00042377426662960958,0.00045422841331525039,0.00042377426662960958,0.00042877170353805956,0.000376510126065932],[0.000326205125806505,0.000376510126065932,0.00037065999822388893,0.00040038238963706146,0.00037065999822388893,0.000376510126065932,0.000326205125806505]],[[0.00035694443113998937,0.0004090853440863652,0.00040303724302165849,0.00043388351000585149,0.00040303724302165849,0.0004090853440863652,0.00035694443113998937],[0.0004090853440863652,0.00046296148590873411,0.0004578248362175755,0.0004892596192281666,0.0004578248362175755,0.00046296148590873411,0.0004090853440863652],[0.00040303724302165849,0.0004578248362175755,0.00047363839049604687,0.000489481060594638,0.00047363839049604687,0.0004578248362175755,0.00040303724302165849],[0.00043388351000585149,0.0004892596192281666,0.000489481060594638,0.00051898677667731082,0.000489481060594638,0.0004892596192281666,0.00043388351000585149],[0.00040303724302165849,0.0004578248362175755,0.00047363839049604687,0.000489481060594638,0.00047363839049604687,0.0004578248362175755,0.00040303724302165849],[0.0004090853440863652,0.00046296148590873411,0.0004578248362175755,0.0004892596192281666,0.0004578248362175755,0.00046296148590873416,0.00040908534408636525],[0.00035694443113998937,0.0004090853440863652,0.00040303724302165849,0.00043388351000585149,0.00040303724302165849,0.00040908534408636525,0.00035694443113998937]],[[0.00038875033647208315,0.00044260767637359892,0.00043637598414651132,0.00046827728186062947,0.00043637598414651132,0.00044260767637359892,0.00038875033647208315],[0.00044260767637359892,0.00049795230386506643,0.00049269115348894266,0.00052502427322067234,0.00049269115348894266,0.00049795230386506643,0.00044260767637359892],[0.00043637598414651132,0.00049269115348894266,0.00050894430971114074,0.00052522717518108423,0.00050894430971114074,0.00049269115348894266,0.00043637598414651132],[0.00046827728186062947,0.00052502427322067234,0.00052522717518108423,0.00055552945253697049,0.00052522717518108423,0.00052502427322067234,0.00046827728186062947],[0.00043637598414651132,0.00049269115348894266,0.00050894430971114074,0.00052522717518108423,0.00050894430971114074,0.00049269115348894266,0.00043637598414651132],[0.00044260767637359892,0.00049795230386506643,0.00049269115348894266,0.00052502427322067234,0.00049269115348894266,0.00049795230386506643,0.000442607676373599],[0.00038875033647208315,0.00044260767637359892,0.00043637598414651132,0.00046827728186062947,0.00043637598414651132,0.000442607676373599,0.00038875033647208315]],[[0.0004215452856911958,0.00047697918706093547,0.00047058079963411577,0.00050345684900140737,0.00047058079963411577,0.00047697918706093547,0.0004215452856911958],[0.00047697918706093547,0.0005336181875986349,0.000528250163805541,0.00056138387961692849,0.000528250163805541,0.0005336181875986349,0.00047697918706093547],[0.00047058079963411577,0.000528250163805541,0.000544892677727355,0.000561565374464645,0.000544892677727355,0.000528250163805541,0.00047058079963411577],[0.00050345684900140737,0.00056138387961692849,0.000561565374464645,0.0005925683564545316,0.000561565374464645,0.00056138387961692849,0.00050345684900140748],[0.00047058079963411577,0.000528250163805541,0.000544892677727355,0.000561565374464645,0.000544892677727355,0.000528250163805541,0.00047058079963411577],[0.00047697918706093547,0.0005336181875986349,0.000528250163805541,0.00056138387961692849,0.000528250163805541,0.0005336181875986349,0.00047697918706093552],[0.0004215452856911958,0.00047697918706093547,0.00047058079963411577,0.00050345684900140748,0.00047058079963411577,0.00047697918706093552,0.00042154528569119586]],[[0.0004552379165020922,0.00051208274750791708,0.00050553774993325614,0.00053929380079772581,0.00050553774993325614,0.00051208274750791708,0.0004552379165020922],[0.00051208274750791708,0.00056980749513896214,0.00056435380867610749,0.00059817128845303749,0.00056435380867610749,0.00056980749513896214,0.00051208274750791708],[0.00050553774993325614,0.00056435380867610749,0.00058132553548483415,0.00059832777480673858,0.00058132553548483415,0.0005643538086761076,0.00050553774993325614],[0.00053929380079772581,0.00059817128845303749,0.00059832777480673858,0.00062991655914504592,0.00059832777480673869,0.0005981712884530376,0.00053929380079772592],[0.00050553774993325614,0.00056435380867610749,0.00058132553548483415,0.00059832777480673869,0.00058132553548483415,0.0005643538086761076,0.00050553774993325614],[0.00051208274750791708,0.00056980749513896214,0.0005643538086761076,0.0005981712884530376,0.0005643538086761076,0.00056980749513896214,0.00051208274750791708],[0.0004552379165020922,0.00051208274750791708,0.00050553774993325614,0.00053929380079772592,0.00050553774993325614,0.00051208274750791708,0.0004552379165020922]],[[0.000489719658057494,0.00054777817433478712,0.00054111056282123019,0.00057563404319530887,0.00054111056282123019,0.00054777817433478712,0.000489719658057494],[0.00054777817433478712,0.00060633966231664078,0.00060082569176218587,0.00063518758466899351,0.00060082569176218587,0.00060633966231664078,0.00054777817433478712],[0.00054111056282123019,0.00060082569176218587,0.00061805485740233851,0.00063531469567088418,0.00061805485740233851,0.00060082569176218587,0.00054111056282123019],[0.00057563404319530887,0.00063518758466899351,0.00063531469567088418,0.00066735210797059629,0.00063531469567088418,0.00063518758466899351,0.000575634043195309],[0.00054111056282123019,0.00060082569176218587,0.00061805485740233851,0.00063531469567088418,0.00061805485740233851,0.00060082569176218587,0.00054111056282123019],[0.00054777817433478712,0.00060633966231664078,0.00060082569176218587,0.00063518758466899351,0.00060082569176218587,0.00060633966231664078,0.00054777817433478712],[0.000489719658057494,0.00054777817433478712,0.00054111056282123019,0.000575634043195309,0.00054111056282123019,0.00054777817433478712,0.000489719658057494]],[[0.00052486129610762264,0.00058389922261850938,0.00057713755594540888,0.000612294868566539,0.00057713755594540888,0.00058389922261850938,0.00052486129610762264],[0.00058389922261850938,0.00064300441596506065,0.00063746003103473019,0.000672202110450033,0.00063746003103473019,0.00064300441596506065,0.00058389922261850938],[0.00057713755594540888,0.00063746003103473019,0.000654862103215835,0.00067229481393327563,0.000654862103215835,0.00063746003103473019,0.00057713755594540888],[0.000612294868566539,0.000672202110450033,0.00067229481393327563,0.00070461942106239,0.00067229481393327563,0.000672202110450033,0.0006122948685665391],[0.00057713755594540888,0.00063746003103473019,0.000654862103215835,0.00067229481393327563,0.000654862103215835,0.00063746003103473019,0.00057713755594540888],[0.00058389922261850938,0.00064300441596506065,0.00063746003103473019,0.000672202110450033,0.00063746003103473019,0.00064300441596506065,0.00058389922261850938],[0.00052486129610762264,0.00058389922261850938,0.00057713755594540888,0.0006122948685665391,0.00057713755594540888,0.00058389922261850938,0.00052486129610762264]],[[0.00056051015505278676,0.00062025242521285078,0.00061343024561217035,0.00064906437505862053,0.00061343024561217035,0.00062025242521285078,0.00056051015505278676],[0.00062025242521285078,0.00067956430894963065,0.00067402377570616721,0.00070895647882576567,0.00067402377570616721,0.00067956430894963065,0.00062025242521285078],[0.00061343024561217035,0.00067402377570616721,0.00069150136219153226,0.00070900933836534218,0.00069150136219153226,0.00067402377570616721,0.00061343024561217035],[0.00064906437505862053,0.00070895647882576567,0.00070900933836534218,0.00074143551822600251,0.00070900933836534218,0.00070895647882576567,0.00064906437505862053],[0.00061343024561217035,0.00067402377570616721,0.00069150136219153226,0.00070900933836534218,0.00069150136219153226,0.00067402377570616721,0.00061343024561217035],[0.00062025242521285078,0.00067956430894963065,0.00067402377570616721,0.00070895647882576567,0.00067402377570616721,0.00067956430894963065,0.00062025242521285078],[0.00056051015505278676,0.00062025242521285078,0.00061343024561217035,0.00064906437505862053,0.00061343024561217035,0.00062025242521285078,0.00056051015505278676]],[[0.00059648863238001928,0.00065661841181132677,0.00064977429282139158,0.0006857038670485449,0.00064977429282139158,0.00065661841181132677,0.00059648863238001928],[0.00065661841181132677,0.00071576019407573906,0.00071026162357215356,0.00074517183445197853,0.00071026162357215356,0.00071576019407573906,0.00065661841181132677],[0.00064977429282139158,0.00071026162357215356,0.00072770555344885374,0.0007451793948557489,0.00072770555344885374,0.00071026162357215356,0.00064977429282139158],[0.0006857038670485449,0.00074517183445197853,0.0007451793948557489,0.00077749971194622362,0.0007451793948557489,0.00074517183445197853,0.0006857038670485449],[0.00064977429282139158,0.00071026162357215356,0.00072770555344885374,0.0007451793948557489,0.00072770555344885374,0.00071026162357215356,0.00064977429282139158],[0.00065661841181132677,0.00071576019407573906,0.00071026162357215356,0.00074517183445197853,0.00071026162357215356,0.00071576019407573906,0.00065661841181132677],[0.00059648863238001928,0.00065661841181132677,0.00064977429282139158,0.0006857038670485449,0.00064977429282139158,0.00065661841181132677,0.00059648863238001928]],[[0.00063259458943910494,0.00069275555977536688,0.00068593272823759153,0.00072195286452044892,0.00068593272823759153,0.00069275555977536688,0.00063259458943910494],[0.00069275555977536688,0.00075131811149710946,0.0007459025688683848,0.00078055728243330155,0.0007459025688683848,0.00075131811149710946,0.00069275555977536688],[0.00068593272823759153,0.0007459025688683848,0.000763193928320886,0.000780514483530863,0.000763193928320886,0.0007459025688683848,0.00068593272823759153],[0.00072195286452044892,0.00078055728243330155,0.000780514483530863,0.0008125038531659641,0.000780514483530863,0.00078055728243330155,0.00072195286452044892],[0.00068593272823759153,0.0007459025688683848,0.000763193928320886,0.000780514483530863,0.000763193928320886,0.0007459025688683848,0.00068593272823759153],[0.00069275555977536688,0.00075131811149710946,0.0007459025688683848,0.00078055728243330155,0.0007459025688683848,0.00075131811149710946,0.00069275555977536688],[0.00063259458943910494,0.00069275555977536688,0.00068593272823759153,0.00072195286452044892,0.00068593272823759153,0.00069275555977536688,0.00063259458943910494]],[[0.00066860362032124243,0.0007284051314391444,0.00072165072662872117,0.000757535536725797,0.00072165072662872117,0.0007284051314391444,0.00066860362032124243],[0.0007284051314391444,0.00078595600706577882,0.00078066647705467686,0.000814817542563337,0.00078066647705467686,0.00078595600706577882,0.0007284051314391444],[0.00072165072662872117,0.00078066647705467686,0.0007976791498510242,0.00081472006219960019,0.0007976791498510242,0.00078066647705467686,0.00072165072662872117],[0.000757535536725797,0.000814817542563337,0.00081472006219960019,0.00084614077771279976,0.00081472006219960019,0.000814817542563337,0.000757535536725797],[0.00072165072662872117,0.00078066647705467686,0.0007976791498510242,0.00081472006219960019,0.0007976791498510242,0.00078066647705467686,0.00072165072662872117],[0.0007284051314391444,0.00078595600706577882,0.00078066647705467686,0.000814817542563337,0.00078066647705467686,0.00078595600706577882,0.0007284051314391444],[0.00066860362032124243,0.0007284051314391444,0.00072165072662872117,0.000757535536725797,0.00072165072662872117,0.0007284051314391444,0.00066860362032124243]],[[0.00070427277930865334,0.00076329696399325523,0.00075666106298193341,0.00079216738706585645,0.00075666106298193341,0.00076329696399325523,0.00070427277930865334],[0.00076329696399325523,0.00081938981850560575,0.00081427016407726726,0.00084765946360887846,0.00081427016407726726,0.00081938981850560575,0.00076329696399325523],[0.00075666106298193341,0.00081427016407726726,0.00083087353602368235,0.0008475039531722333,0.00083087353602368235,0.00081427016407726726,0.00075666106298193341],[0.00079216738706585645,0.00084765946360887846,0.0008475039531722333,0.00087811091497769472,0.0008475039531722333,0.00084765946360887846,0.00079216738706585645],[0.00075666106298193341,0.00081427016407726726,0.00083087353602368235,0.0008475039531722333,0.00083087353602368235,0.00081427016407726726,0.00075666106298193341],[0.00076329696399325523,0.00081938981850560575,0.00081427016407726726,0.00084765946360887846,0.00081427016407726726,0.00081938981850560575,0.00076329696399325523],[0.00070427277930865334,0.00076329696399325523,0.00075666106298193341,0.00079216738706585645,0.00075666106298193341,0.00076329696399325523,0.00070427277930865334]],[[0.00073934524400810786,0.00079715538143070464,0.00079068989036923582,0.00082556187849519352,0.00079068989036923582,0.00079715538143070464,0.00073934524400810786],[0.00079715538143070464,0.00085133997763794239,0.000846433868173622,0.00087879894094935259,0.000846433868173622,0.00085133997763794239,0.00079715538143070464],[0.00079068989036923582,0.000846433868173622,0.00086249572537245754,0.00087858320388952381,0.00086249572537245754,0.000846433868173622,0.00079068989036923582],[0.00082556187849519352,0.00087879894094935259,0.00087858320388952381,0.00090812945851231062,0.00087858320388952381,0.00087879894094935259,0.00082556187849519352],[0.00079068989036923582,0.000846433868173622,0.00086249572537245754,0.00087858320388952381,0.00086249572537245754,0.000846433868173622,0.00079068989036923582],[0.00079715538143070464,0.00085133997763794239,0.000846433868173622,0.00087879894094935259,0.000846433868173622,0.00085133997763794239,0.00079715538143070464],[0.00073934524400810786,0.00079715538143070464,0.00079068989036923582,0.00082556187849519352,0.00079068989036923582,0.00079715538143070464,0.00073934524400810786]],[[0.000773555700264128,0.0008297058882795025,0.0008234632932676031,0.0008574378232063816,0.0008234632932676031,0.0008297058882795025,0.000773555700264128],[0.0008297058882795025,0.00088154021381253494,0.0008768898496026049,0.00090797066975338483,0.0008768898496026049,0.00088154021381253494,0.0008297058882795025],[0.0008234632932676031,0.0008768898496026049,0.0008922798743759519,0.00090769388485851491,0.0008922798743759519,0.0008768898496026049,0.0008234632932676031],[0.0008574378232063816,0.00090797066975338483,0.00090769388485851491,0.00093593731989825043,0.00090769388485851491,0.00090797066975338483,0.0008574378232063816],[0.0008234632932676031,0.0008768898496026049,0.0008922798743759519,0.00090769388485851491,0.0008922798743759519,0.0008768898496026049,0.0008234632932676031],[0.0008297058882795025,0.00088154021381253494,0.0008768898496026049,0.00090797066975338483,0.0008768898496026049,0.00088154021381253494,0.0008297058882795025],[0.000773555700264128,0.0008297058882795025,0.0008234632932676031,0.0008574378232063816,0.0008234632932676031,0.0008297058882795025,0.000773555700264128]],[[0.00080663673442704067,0.0008606836961992636,0.00085471556493191541,0.00088752889135394069,0.00085471556493191541,0.0008606836961992636,0.00080663673442704067],[0.0008606836961992636,0.000909749811969809,0.00090539426403741922,0.00093494201171028966,0.00090539426403741922,0.000909749811969809,0.0008606836961992636],[0.00085471556493191541,0.00090539426403741922,0.00091998858265195907,0.0009346050696159014,0.00091998858265195907,0.00090539426403741922,0.00085471556493191541],[0.00088752889135394069,0.00093494201171028966,0.0009346050696159014,0.00096131716631667489,0.0009346050696159014,0.00093494201171028966,0.00088752889135394069],[0.00085471556493191541,0.00090539426403741922,0.00091998858265195907,0.0009346050696159014,0.00091998858265195907,0.00090539426403741922,0.00085471556493191541],[0.0008606836961992636,0.000909749811969809,0.00090539426403