{"M_cells":[[[0,0,0,0,0,0,0],[0,0,0,0,0,0,0],[0,0,0,0,0,0,0],[0,0,0,0,0,0,0],[0,0,0,0,0,0,0],[0,0,0,0,0,0,0],[0,0,0,0,0,0,0]],[[9.0012159096290566E-8,4.8671558177367652E-7,4.3393284095676474E-7,6.3206130406849921E-7,4.3393284095676474E-7,4.8671558177367652E-7,9.0012159096290566E-8],[4.8671558177367652E-7,1.855672793338079E-6,1.7026793161214431E-6,2.3833387938790297E-6,1.7026793161214431E-6,1.855672793338079E-6,4.8671558177367652E-7],[4.3393284095676474E-7,1.7026793161214431E-6,2.0769039364497464E-6,2.4526239353288387E-6,2.0769039364497464E-6,1.7026793161214431E-6,4.3393284095676474E-7],[6.3206130406849921E-7,2.3833387938790297E-6,2.4526239353288387E-6,3.2132551220820591E-6,2.4526239353288387E-6,2.3833387938790297E-6,6.3206130406849932E-7],[4.3393284095676474E-7,1.7026793161214431E-6,2.0769039364497464E-6,2.4526239353288387E-6,2.0769039364497468E-6,1.7026793161214433E-6,4.3393284095676474E-7],[4.8671558177367652E-7,1.855672793338079E-6,1.7026793161214431E-6,2.3833387938790297E-6,1.7026793161214433E-6,1.8556727933380792E-6,4.8671558177367652E-7],[9.0012159096290566E-8,4.8671558177367652E-7,4.3393284095676474E-7,6.3206130406849932E-7,4.3393284095676474E-7,4.8671558177367652E-7,9.0012159096290566E-8]],[[5.1154328148783526E-7,1.5113535061053749E-6,1.3800131466588969E-6,1.898624370363659E-6,1.3800131466588969E-6,1.5113535061053749E-6,5.1154328148783526E-7],[1.5113535061053749E-6,3.3982002769580558E-6,3.1906806205644295E-6,4.1796985877781319E-6,3.1906806205644295E-6,3.3982002769580558E-6,1.5113535061053749E-6],[1.3800131466588969E-6,3.1906806205644295E-6,3.7198871291839925E-6,4.2503715077624424E-6,3.7198871291839925E-6,3.1906806205644295E-6,1.3800131466588969E-6],[1.898624370363659E-6,4.1796985877781319E-6,4.2503715077624424E-6,5.2974154735019949E-6,4.2503715077624424E-6,4.1796985877781319E-6,1.898624370363659E-6],[1.3800131466588969E-6,3.1906806205644295E-6,3.7198871291839925E-6,4.2503715077624424E-6,3.7198871291839925E-6,3.1906806205644295E-6,1.3800131466588969E-6],[1.5113535061053749E-6,3.3982002769580558E-6,3.1906806205644295E-6,4.1796985877781319E-6,3.1906806205644295E-6,3.3982002769580558E-6,1.5113535061053749E-6],[5.1154328148783526E-7,1.5113535061053749E-6,1.3800131466588969E-6,1.898624370363659E-6,1.3800131466588969E-6,1.5113535061053749E-6,5.1154328148783526E-7]],[[1.2629263373013444E-6,2.7399690088375502E-6,2.5482471654137874E-6,3.3408241185850803E-6,2.5482471654137874E-6,2.7399690088375502E-6,1.2629263373013444E-6],[2.7399690088375502E-6,4.8251871976072549E-6,4.600636368353767E-6,5.7387196539565253E-6,4.600636368353767E-6,4.8251871976072549E-6,2.7399690088375502E-6],[2.5482471654137874E-6,4.600636368353767E-6,5.1964224712255181E-6,5.7934047105440084E-6,5.1964224712255181E-6,4.600636368353767E-6,2.5482471654137874E-6],[3.3408241185850803E-6,5.7387196539565253E-6,5.7934047105440084E-6,6.9482297490040692E-6,5.7934047105440084E-6,5.7387196539565253E-6,3.3408241185850803E-6],[2.5482471654137874E-6,4.600636368353767E-6,5.1964224712255181E-6,5.7934047105440084E-6,5.1964224712255181E-6,4.600636368353767E-6,2.5482471654137874E-6],[2.7399690088375502E-6,4.8251871976072549E-6,4.600636368353767E-6,5.7387196539565253E-6,4.600636368353767E-6,4.8251871976072549E-6,2.7399690088375502E-6],[1.2629263373013444E-6,2.7399690088375502E-6,2.5482471654137874E-6,3.3408241185850803E-6,2.5482471654137874E-6,2.7399690088375502E-6,1.2629263373013444E-6]],[[2.2519198449467033E-6,4.0476544870793754E-6,3.8179203960000722E-6,4.8095174674158282E-6,3.8179203960000722E-6,4.0476544870793754E-6,2.2519198449467033E-6],[4.0476544870793754E-6,6.2115557261367692E-6,5.9841901035086505E-6,7.1995176455492016E-6,5.9841901035086505E-6,6.2115557261367692E-6,4.0476544870793754E-6],[3.8179203960000722E-6,5.9841901035086505E-6,6.6103791401297726E-6,7.2377335659415939E-6,6.6103791401297726E-6,5.9841901035086513E-6,3.817920396000073E-6],[4.8095174674158282E-6,7.1995176455492016E-6,7.2377335659415939E-6,8.4333394879413229E-6,7.2377335659415939E-6,7.1995176455492016E-6,4.8095174674158282E-6],[3.8179203960000722E-6,5.9841901035086505E-6,6.6103791401297726E-6,7.2377335659415939E-6,6.6103791401297726E-6,5.9841901035086513E-6,3.817920396000073E-6],[4.0476544870793754E-6,6.2115557261367692E-6,5.9841901035086513E-6,7.1995176455492016E-6,5.9841901035086513E-6,6.2115557261367692E-6,4.0476544870793754E-6],[2.2519198449467033E-6,4.0476544870793754E-6,3.817920396000073E-6,4.8095174674158282E-6,3.817920396000073E-6,4.0476544870793754E-6,2.2519198449467033E-6]],[[3.3936902924136754E-6,5.3874953306621844E-6,5.1365992891713729E-6,6.2632922882737617E-6,5.1365992891713729E-6,5.3874953306621844E-6,3.3936902924136754E-6],[5.3874953306621844E-6,7.5848790313475959E-6,7.3596730351115514E-6,8.6177116718345284E-6,7.3596730351115514E-6,7.5848790313475959E-6,5.3874953306621844E-6],[5.1365992891713729E-6,7.3596730351115514E-6,8.000803375831471E-6,8.6430875656536977E-6,8.000803375831471E-6,7.3596730351115506E-6,5.1365992891713738E-6],[6.2632922882737617E-6,8.6177116718345284E-6,8.6430875656536977E-6,9.8543683231361364E-6,8.6430875656536977E-6,8.6177116718345284E-6,6.2632922882737617E-6],[5.1365992891713729E-6,7.3596730351115514E-6,8.000803375831471E-6,8.6430875656536977E-6,8.000803375831471E-6,7.3596730351115506E-6,5.1365992891713738E-6],[5.3874953306621844E-6,7.5848790313475959E-6,7.3596730351115506E-6,8.6177116718345284E-6,7.3596730351115506E-6,7.5848790313475959E-6,5.3874953306621844E-6],[3.3936902924136754E-6,5.3874953306621844E-6,5.1365992891713738E-6,6.2632922882737617E-6,5.1365992891713738E-6,5.3874953306621844E-6,3.3936902924136754E-6]],[[4.6287679700696982E-6,6.7416486941283829E-6,6.4803392852523791E-6,7.6958142522458984E-6,6.4803392852523808E-6,6.7416486941283829E-6,4.6287679700696982E-6],[6.7416486941283829E-6,8.9550811225478676E-6,8.7333649190249184E-6,1.001637019884593E-5,8.7333649190249184E-6,8.9550811225478676E-6,6.7416486941283829E-6],[6.4803392852523791E-6,8.7333649190249184E-6,9.3824463744905024E-6,1.0032677433311471E-5,9.3824463744905024E-6,8.73336491902492E-6,6.4803392852523808E-6],[7.6958142522458984E-6,1.001637019884593E-5,1.0032677433311471E-5,1.1250243694733574E-5,1.0032677433311473E-5,1.0016370198845932E-5,7.6958142522458984E-6],[6.4803392852523808E-6,8.7333649190249184E-6,9.3824463744905024E-6,1.0032677433311473E-5,9.3824463744905041E-6,8.73336491902492E-6,6.4803392852523808E-6],[6.7416486941283829E-6,8.9550811225478676E-6,8.73336491902492E-6,1.0016370198845932E-5,8.73336491902492E-6,8.95508112254787E-6,6.7416486941283829E-6],[4.6287679700696982E-6,6.7416486941283829E-6,6.4803392852523808E-6,7.6958142522458984E-6,6.4803392852523808E-6,6.7416486941283829E-6,4.6287679700696982E-6]],[[5.9195447905148451E-6,8.1031234913310664E-6,7.8376128992809757E-6,9.1105446197663069E-6,7.8376128992809774E-6,8.1031234913310664E-6,5.9195447905148451E-6],[8.1031234913310664E-6,1.0325564830862216E-5,1.01072872251958E-5,1.1405571227451774E-5,1.0107287225195801E-5,1.0325564830862216E-5,8.1031234913310664E-6],[7.8376128992809757E-6,1.01072872251958E-5,1.0760946188790391E-5,1.1415753329549132E-5,1.0760946188790393E-5,1.0107287225195801E-5,7.8376128992809774E-6],[9.1105446197663069E-6,1.1405571227451774E-5,1.1415753329549132E-5,1.2636107716611539E-5,1.1415753329549134E-5,1.1405571227451774E-5,9.1105446197663069E-6],[7.8376128992809774E-6,1.0107287225195801E-5,1.0760946188790393E-5,1.1415753329549134E-5,1.0760946188790393E-5,1.0107287225195801E-5,7.8376128992809774E-6],[8.1031234913310664E-6,1.0325564830862216E-5,1.0107287225195801E-5,1.1405571227451774E-5,1.0107287225195801E-5,1.0325564830862216E-5,8.1031234913310664E-6],[5.9195447905148451E-6,8.1031234913310664E-6,7.8376128992809774E-6,9.1105446197663069E-6,7.8376128992809774E-6,8.1031234913310664E-6,5.9195447905148451E-6]],[[7.2433831992317767E-6,9.4690098429913142E-6,9.2025889316025441E-6,1.0512495811958505E-5,9.2025889316025457E-6,9.4690098429913142E-6,7.2433831992317767E-6],[9.4690098429913142E-6,1.1697366488607304E-5,1.1482015582791052E-5,1.2790019531032947E-5,1.1482015582791054E-5,1.1697366488607304E-5,9.4690098429913142E-6],[9.2025889316025441E-6,1.1482015582791052E-5,1.2138510551832603E-5,1.2796153400278417E-5,1.2138510551832605E-5,1.1482015582791054E-5,9.2025889316025457E-6],[1.0512495811958505E-5,1.2790019531032947E-5,1.2796153400278417E-5,1.4018003699312165E-5,1.2796153400278419E-5,1.2790019531032949E-5,1.0512495811958505E-5],[9.2025889316025457E-6,1.1482015582791054E-5,1.2138510551832605E-5,1.2796153400278419E-5,1.2138510551832605E-5,1.1482015582791054E-5,9.2025889316025457E-6],[9.4690098429913142E-6,1.1697366488607304E-5,1.1482015582791054E-5,1.2790019531032949E-5,1.1482015582791054E-5,1.1697366488607304E-5,9.4690098429913142E-6],[7.2433831992317767E-6,9.4690098429913142E-6,9.2025889316025457E-6,1.0512495811958505E-5,9.2025889316025457E-6,9.4690098429913142E-6,7.2433831992317767E-6]],[[8.5869890475035838E-6,1.0837965912458439E-5,1.0572193621059191E-5,1.1905918070628384E-5,1.0572193621059193E-5,1.0837965912458439E-5,8.5869890475035838E-6],[1.0837965912458439E-5,1.3070696217484777E-5,1.2857669045879256E-5,1.4172081537047046E-5,1.2857669045879256E-5,1.3070696217484775E-5,1.0837965912458439E-5],[1.0572193621059191E-5,1.2857669045879256E-5,1.3516044064700879E-5,1.4175567145097654E-5,1.351604406470088E-5,1.2857669045879256E-5,1.0572193621059193E-5],[1.1905918070628384E-5,1.4172081537047046E-5,1.4175567145097654E-5,1.5398443358391457E-5,1.4175567145097654E-5,1.4172081537047046E-5,1.1905918070628384E-5],[1.0572193621059193E-5,1.2857669045879256E-5,1.351604406470088E-5,1.4175567145097654E-5,1.351604406470088E-5,1.2857669045879256E-5,1.0572193621059193E-5],[1.0837965912458439E-5,1.3070696217484775E-5,1.2857669045879256E-5,1.4172081537047046E-5,1.2857669045879256E-5,1.3070696217484777E-5,1.0837965912458439E-5],[8.5869890475035838E-6,1.0837965912458439E-5,1.0572193621059193E-5,1.1905918070628384E-5,1.0572193621059193E-5,1.0837965912458439E-5,8.5869890475035838E-6]],[[9.9426378667947763E-6,1.2209282323242797E-5,1.1944756616056377E-5,1.3293922518467431E-5,1.1944756616056377E-5,1.2209282323242797E-5,9.9426378667947763E-6],[1.2209282323242797E-5,1.4445500632265322E-5,1.4234242840185384E-5,1.5553037308284356E-5,1.4234242840185384E-5,1.4445500632265322E-5,1.2209282323242797E-5],[1.1944756616056377E-5,1.4234242840185384E-5,1.4893945914754298E-5,1.5554797456482783E-5,1.48939459147543E-5,1.4234242840185384E-5,1.1944756616056377E-5],[1.3293922518467431E-5,1.5553037308284356E-5,1.5554797456482783E-5,1.6778533584118507E-5,1.5554797456482783E-5,1.5553037308284356E-5,1.3293922518467431E-5],[1.1944756616056377E-5,1.4234242840185384E-5,1.48939459147543E-5,1.5554797456482783E-5,1.48939459147543E-5,1.4234242840185384E-5,1.1944756616056377E-5],[1.2209282323242797E-5,1.4445500632265322E-5,1.4234242840185384E-5,1.5553037308284356E-5,1.4234242840185384E-5,1.4445500632265324E-5,1.2209282323242798E-5],[9.9426378667947763E-6,1.2209282323242797E-5,1.1944756616056377E-5,1.3293922518467431E-5,1.1944756616056377E-5,1.2209282323242798E-5,9.9426378667947763E-6]],[[1.1305847328427408E-5,1.3582529123424025E-5,1.3319352021660596E-5,1.4678649634980825E-5,1.3319352021660596E-5,1.3582529123424025E-5,1.1305847328427408E-5],[1.3582529123424025E-5,1.5821661997852342E-5,1.5611711126205848E-5,1.6933623173138464E-5,1.5611711126205848E-5,1.5821661997852342E-5,1.3582529123424025E-5],[1.3319352021660596E-5,1.5611711126205848E-5,1.6272410863677186E-5,1.6934259589693024E-5,1.6272410863677186E-5,1.5611711126205848E-5,1.3319352021660596E-5],[1.4678649634980825E-5,1.6933623173138464E-5,1.6934259589693024E-5,1.8158799938630013E-5,1.6934259589693024E-5,1.6933623173138464E-5,1.4678649634980825E-5],[1.3319352021660596E-5,1.5611711126205848E-5,1.6272410863677186E-5,1.6934259589693024E-5,1.6272410863677186E-5,1.5611711126205848E-5,1.3319352021660596E-5],[1.3582529123424025E-5,1.5821661997852342E-5,1.5611711126205848E-5,1.6933623173138464E-5,1.5611711126205848E-5,1.5821661997852342E-5,1.3582529123424027E-5],[1.1305847328427408E-5,1.3582529123424025E-5,1.3319352021660596E-5,1.4678649634980825E-5,1.3319352021660596E-5,1.3582529123424027E-5,1.1305847328427409E-5]],[[1.2674001645454116E-5,1.4957417536883463E-5,1.4695460940891407E-5,1.606152860469809E-5,1.4695460940891407E-5,1.4957417536883463E-5,1.2674001645454116E-5],[1.4957417536883463E-5,1.7199063772707935E-5,1.6990053071166654E-5,1.8314282398920455E-5,1.6990053071166654E-5,1.7199063772707935E-5,1.4957417536883463E-5],[1.4695460940891407E-5,1.6990053071166654E-5,1.7651544576163509E-5,1.8314185657221314E-5,1.7651544576163509E-5,1.6990053071166654E-5,1.4695460940891407E-5],[1.606152860469809E-5,1.8314282398920455E-5,1.8314185657221314E-5,1.9539512873850736E-5,1.8314185657221314E-5,1.8314282398920455E-5,1.606152860469809E-5],[1.4695460940891407E-5,1.6990053071166654E-5,1.7651544576163509E-5,1.8314185657221314E-5,1.7651544576163509E-5,1.6990053071166654E-5,1.4695460940891407E-5],[1.4957417536883463E-5,1.7199063772707935E-5,1.6990053071166654E-5,1.8314282398920455E-5,1.6990053071166654E-5,1.7199063772707939E-5,1.4957417536883465E-5],[1.2674001645454116E-5,1.4957417536883463E-5,1.4695460940891407E-5,1.606152860469809E-5,1.4695460940891407E-5,1.4957417536883465E-5,1.2674001645454117E-5]],[[1.4045556859531614E-5,1.6333741353607417E-5,1.6072791211968597E-5,1.7443499131364843E-5,1.6072791211968597E-5,1.6333741353607417E-5,1.4045556859531614E-5],[1.6333741353607417E-5,1.85776082906544E-5,1.8369255731227789E-5,1.9695289780271915E-5,1.8369255731227789E-5,1.85776082906544E-5,1.6333741353607417E-5],[1.6072791211968597E-5,1.8369255731227789E-5,1.9031409328288459E-5,1.9694713129077838E-5,1.9031409328288459E-5,1.8369255731227789E-5,1.6072791211968597E-5],[1.7443499131364843E-5,1.9695289780271915E-5,1.9694713129077838E-5,2.0920821814432223E-5,1.9694713129077838E-5,1.9695289780271915E-5,1.7443499131364843E-5],[1.6072791211968597E-5,1.8369255731227789E-5,1.9031409328288459E-5,1.9694713129077838E-5,1.9031409328288459E-5,1.8369255731227789E-5,1.6072791211968597E-5],[1.6333741353607417E-5,1.85776082906544E-5,1.8369255731227789E-5,1.9695289780271915E-5,1.8369255731227789E-5,1.85776082906544E-5,1.6333741353607417E-5],[1.4045556859531614E-5,1.6333741353607417E-5,1.6072791211968597E-5,1.7443499131364843E-5,1.6072791211968597E-5,1.6333741353607417E-5,1.4045556859531614E-5]],[[1.5419586795322798E-5,1.7711348581149758E-5,1.745117808099968E-5,1.8825173956308282E-5,1.745117808099968E-5,1.7711348581149758E-5,1.5419586795322798E-5],[1.7711348581149758E-5,1.9957218270385587E-5,1.9749311444707741E-5,2.1076818279752889E-5,1.9749311444707741E-5,1.9957218270385587E-5,1.7711348581149758E-5],[1.745117808099968E-5,1.9749311444707741E-5,2.0412043339379923E-5,2.1075926090184005E-5,2.0412043339379923E-5,1.9749311444707741E-5,1.745117808099968E-5],[1.8825173956308282E-5,2.1076818279752889E-5,2.1075926090184005E-5,2.2302813418158047E-5,2.1075926090184005E-5,2.1076818279752889E-5,1.8825173956308282E-5],[1.745117808099968E-5,1.9749311444707741E-5,2.0412043339379923E-5,2.1075926090184005E-5,2.0412043339379923E-5,1.9749311444707741E-5,1.745117808099968E-5],[1.7711348581149758E-5,1.9957218270385587E-5,1.9749311444707741E-5,2.1076818279752889E-5,1.9749311444707741E-5,1.9957218270385587E-5,1.7711348581149758E-5],[1.5419586795322798E-5,1.7711348581149758E-5,1.745117808099968E-5,1.8825173956308282E-5,1.745117808099968E-5,1.7711348581149758E-5,1.5419586795322798E-5]],[[1.6795524506531853E-5,1.9090125358530046E-5,1.8830528366902721E-5,2.0206950511966766E-5,1.8830528366902721E-5,1.9090125358530046E-5,1.6795524506531853E-5],[1.9090125358530046E-5,2.1337833626767187E-5,2.1130214984056788E-5,2.245897705509417E-5,2.1130214984056788E-5,2.1337833626767187E-5,1.9090125358530046E-5],[1.8830528366902721E-5,2.1130214984056788E-5,2.179346985443845E-5,2.2457876248011086E-5,2.179346985443845E-5,2.1130214984056788E-5,1.8830528366902721E-5],[2.0206950511966766E-5,2.245897705509417E-5,2.2457876248011086E-5,2.3685538869244153E-5,2.2457876248011086E-5,2.245897705509417E-5,2.0206950511966766E-5],[1.8830528366902721E-5,2.1130214984056788E-5,2.179346985443845E-5,2.2457876248011086E-5,2.179346985443845E-5,2.1130214984056788E-5,1.8830528366902721E-5],[1.9090125358530046E-5,2.1337833626767187E-5,2.1130214984056788E-5,2.245897705509417E-5,2.1130214984056788E-5,2.1337833626767187E-5,1.9090125358530046E-5],[1.6795524506531853E-5,1.9090125358530046E-5,1.8830528366902721E-5,2.0206950511966766E-5,1.8830528366902721E-5,1.9090125358530046E-5,1.6795524506531853E-5]],[[1.817301466026232E-5,2.0469985500852684E-5,2.0210788750564213E-5,2.1589085324202449E-5,2.0210788750564213E-5,2.0469985500852684E-5,1.817301466026232E-5],[2.0469985500852684E-5,2.2719407550252786E-5,2.2511961623926757E-5,2.3841834294380686E-5,2.2511961623926757E-5,2.2719407550252786E-5,2.0469985500852684E-5],[2.0210788750564213E-5,2.2511961623926757E-5,2.3175702024872155E-5,2.3840594623734131E-5,2.3175702024872155E-5,2.2511961623926757E-5,2.0210788750564213E-5],[2.1589085324202449E-5,2.3841834294380686E-5,2.3840594623734131E-5,2.5069027846253928E-5,2.3840594623734131E-5,2.3841834294380686E-5,2.1589085324202449E-5],[2.0210788750564213E-5,2.2511961623926757E-5,2.3175702024872155E-5,2.3840594623734131E-5,2.3175702024872155E-5,2.2511961623926757E-5,2.0210788750564213E-5],[2.0469985500852684E-5,2.2719407550252786E-5,2.2511961623926757E-5,2.3841834294380686E-5,2.2511961623926757E-5,2.2719407550252786E-5,2.0469985500852684E-5],[1.817301466026232E-5,2.0469985500852684E-5,2.0210788750564213E-5,2.1589085324202449E-5,2.0210788750564213E-5,2.0469985500852684E-5,1.817301466026232E-5]],[[1.9551828627314411E-5,2.1850863118536603E-5,2.159192772800023E-5,2.2971742867919222E-5,2.159192772800023E-5,2.1850863118536603E-5,1.9551828627314411E-5],[2.1850863118536603E-5,2.4101903076107718E-5,2.3894546092285628E-5,2.5225431447687903E-5,2.3894546092285628E-5,2.4101903076107718E-5,2.1850863118536603E-5],[2.159192772800023E-5,2.3894546092285628E-5,2.4558745894822738E-5,2.5224098572683085E-5,2.4558745894822738E-5,2.3894546092285628E-5,2.159192772800023E-5],[2.2971742867919222E-5,2.5225431447687903E-5,2.5224098572683085E-5,2.645329632865503E-5,2.5224098572683085E-5,2.5225431447687903E-5,2.2971742867919222E-5],[2.159192772800023E-5,2.3894546092285628E-5,2.4558745894822738E-5,2.5224098572683085E-5,2.4558745894822738E-5,2.3894546092285628E-5,2.159192772800023E-5],[2.1850863118536603E-5,2.4101903076107718E-5,2.3894546092285628E-5,2.5225431447687903E-5,2.3894546092285628E-5,2.4101903076107718E-5,2.1850863118536603E-5],[1.9551828627314411E-5,2.1850863118536603E-5,2.159192772800023E-5,2.2971742867919222E-5,2.159192772800023E-5,2.1850863118536603E-5,1.9551828627314411E-5]],[[2.0931815069944839E-5,2.3232707210419438E-5,2.2973925393682935E-5,2.4355027442888429E-5,2.2973925393682935E-5,2.3232707210419438E-5,2.0931815069944839E-5],[2.3232707210419438E-5,2.5485290397449676E-5,2.5277962127312884E-5,2.6609792329815445E-5,2.5277962127312884E-5,2.5485290397449676E-5,2.3232707210419438E-5],[2.2973925393682935E-5,2.5277962127312884E-5,2.5942602410564378E-5,2.6608396245637691E-5,2.5942602410564378E-5,2.5277962127312884E-5,2.2973925393682935E-5],[2.4355027442888429E-5,2.6609792329815445E-5,2.6608396245637691E-5,2.7838351297396456E-5,2.6608396245637691E-5,2.6609792329815445E-5,2.4355027442888429E-5],[2.2973925393682935E-5,2.5277962127312884E-5,2.5942602410564378E-5,2.6608396245637691E-5,2.5942602410564378E-5,2.5277962127312884E-5,2.2973925393682935E-5],[2.3232707210419438E-5,2.5485290397449676E-5,2.5277962127312884E-5,2.6609792329815445E-5,2.5277962127312884E-5,2.5485290397449676E-5,2.3232707210419438E-5],[2.0931815069944839E-5,2.3232707210419438E-5,2.2973925393682935E-5,2.4355027442888429E-5,2.2973925393682935E-5,2.3232707210419438E-5,2.0931815069944839E-5]],[[2.2312870748708484E-5,2.4615477660737617E-5,2.435676772953274E-5,2.5739003934715603E-5,2.435676772953274E-5,2.4615477660737617E-5,2.2312870748708484E-5],[2.4615477660737617E-5,2.6869544863650136E-5,2.6662202389171594E-5,2.7994929048039861E-5,2.6662202389171594E-5,2.6869544863650136E-5,2.4615477660737617E-5],[2.435676772953274E-5,2.6662202389171594E-5,2.7327268849180817E-5,2.7993489534023681E-5,2.7327268849180817E-5,2.6662202389171594E-5,2.435676772953274E-5],[2.5739003934715603E-5,2.7994929048039861E-5,2.7993489534023681E-5,2.9224193724926234E-5,2.7993489534023681E-5,2.7994929048039861E-5,2.5739003934715603E-5],[2.435676772953274E-5,2.6662202389171594E-5,2.7327268849180817E-5,2.7993489534023681E-5,2.7327268849180817E-5,2.6662202389171594E-5,2.435676772953274E-5],[2.4615477660737617E-5,2.6869544863650136E-5,2.6662202389171594E-5,2.7994929048039861E-5,2.6662202389171594E-5,2.6869544863650136E-5,2.4615477660737617E-5],[2.2312870748708484E-5,2.4615477660737617E-5,2.435676772953274E-5,2.5739003934715603E-5,2.435676772953274E-5,2.4615477660737617E-5,2.2312870748708484E-5]],[[2.3694922965030254E-5,2.5999142280769695E-5,2.5740443480993154E-5,2.7123711349630473E-5,2.5740443480993154E-5,2.5999142280769695E-5,2.3694922965030254E-5],[2.5999142280769695E-5,2.8254645528167464E-5,2.8047258553642219E-5,2.9380845911670006E-5,2.8047258553642219E-5,2.8254645528167464E-5,2.5999142280769695E-5],[2.5740443480993154E-5,2.8047258553642219E-5,2.8712739861470607E-5,2.9379376061821638E-5,2.8712739861470607E-5,2.8047258553642219E-5,2.5740443480993154E-5],[2.7123711349630473E-5,2.9380845911670006E-5,2.9379376061821638E-5,3.0610820547825365E-5,2.9379376061821638E-5,2.9380845911670006E-5,2.7123711349630473E-5],[2.5740443480993154E-5,2.8047258553642219E-5,2.8712739861470607E-5,2.9379376061821638E-5,2.8712739861470607E-5,2.8047258553642219E-5,2.5740443480993154E-5],[2.5999142280769695E-5,2.8254645528167464E-5,2.8047258553642219E-5,2.9380845911670006E-5,2.8047258553642219E-5,2.8254645528167464E-5,2.5999142280769695E-5],[2.3694922965030254E-5,2.5999142280769695E-5,2.5740443480993154E-5,2.7123711349630473E-5,2.5740443480993154E-5,2.5999142280769695E-5,2.3694922965030254E-5]],[[2.5077918794117727E-5,2.738367463701483E-5,2.7124942506741493E-5,2.8509171661072304E-5,2.7124942506741493E-5,2.738367463701483E-5,2.5077918794117727E-5],[2.738367463701483E-5,2.9640574111287665E-5,2.9433121482386207E-5,3.0767542034792557E-5,2.9433121482386207E-5,2.9640574111287665E-5,2.738367463701483E-5],[2.7124942506741493E-5,2.9433121482386207E-5,3.00990082409012E-5,3.0766050553017884E-5,3.0099008240901204E-5,2.9433121482386211E-5,2.7124942506741493E-5],[2.8509171661072304E-5,3.0767542034792557E-5,3.0766050553017884E-5,3.199822599814003E-5,3.0766050553017884E-5,3.0767542034792557E-5,2.8509171661072304E-5],[2.7124942506741493E-5,2.9433121482386207E-5,3.0099008240901204E-5,3.0766050553017884E-5,3.0099008240901204E-5,2.9433121482386211E-5,2.7124942506741493E-5],[2.738367463701483E-5,2.9640574111287665E-5,2.9433121482386211E-5,3.0767542034792557E-5,2.9433121482386211E-5,2.9640574111287669E-5,2.7383674637014834E-5],[2.5077918794117727E-5,2.738367463701483E-5,2.7124942506741493E-5,2.8509171661072304E-5,2.7124942506741493E-5,2.7383674637014834E-5,2.5077918794117727E-5]],[[2.6461818348752715E-5,2.8769052469572207E-5,2.8510254955866836E-5,2.9895395612538779E-5,2.8510254955866836E-5,2.8769052469572207E-5,2.6461818348752715E-5],[2.8769052469572207E-5,3.1027314266681275E-5,3.0819781411456873E-5,3.2155013081603969E-5,3.0819781411456873E-5,3.1027314266681275E-5,2.8769052469572207E-5],[2.8510254955866836E-5,3.0819781411456873E-5,3.1486065491650463E-5,3.2153505779032766E-5,3.1486065491650463E-5,3.0819781411456873E-5,2.8510254955866836E-5],[2.9895395612538779E-5,3.2155013081603969E-5,3.2153505779032766E-5,3.3386402514170929E-5,3.2153505779032766E-5,3.2155013081603969E-5,2.9895395612538779E-5],[2.8510254955866836E-5,3.0819781411456873E-5,3.1486065491650463E-5,3.2153505779032766E-5,3.1486065491650463E-5,3.0819781411456873E-5,2.8510254955866836E-5],[2.8769052469572207E-5,3.1027314266681275E-5,3.0819781411456873E-5,3.2155013081603969E-5,3.0819781411456873E-5,3.1027314266681281E-5,2.876905246957221E-5],[2.6461818348752715E-5,2.8769052469572207E-5,2.8510254955866836E-5,2.9895395612538779E-5,2.8510254955866836E-5,2.876905246957221E-5,2.6461818348752715E-5]],[[2.7846590482570548E-5,3.0155256549481862E-5,2.9896370899317589E-5,3.1282386539573281E-5,2.9896370899317589E-5,3.0155256549481862E-5,2.7846590482570548E-5],[3.0155256549481862E-5,3.2414851066445669E-5,3.2207228128762021E-5,3.3543252443579841E-5,3.2207228128762021E-5,3.2414851066445669E-5,3.0155256549481862E-5],[2.9896370899317589E-5,3.2207228128762021E-5,3.28739022474561E-5,3.3541733218849828E-5,3.28739022474561E-5,3.2207228128762021E-5,2.9896370899317586E-5],[3.1282386539573281E-5,3.3543252443579841E-5,3.3541733218849828E-5,3.4775341368416361E-5,3.3541733218849828E-5,3.3543252443579841E-5,3.1282386539573281E-5],[2.9896370899317589E-5,3.2207228128762021E-5,3.28739022474561E-5,3.3541733218849828E-5,3.28739022474561E-5,3.2207228128762021E-5,2.9896370899317586E-5],[3.0155256549481862E-5,3.2414851066445669E-5,3.2207228128762021E-5,3.3543252443579841E-5,3.2207228128762021E-5,3.2414851066445669E-5,3.0155256549481866E-5],[2.7846590482570548E-5,3.0155256549481862E-5,2.9896370899317586E-5,3.1282386539573281E-5,2.9896370899317586E-5,3.0155256549481866E-5,2.7846590482570552E-5]],[[2.9232210000323562E-5,3.1542269859240664E-5,3.1283280202128114E-5,3.267014289813788E-5,3.1283280202128114E-5,3.1542269859240664E-5,2.9232210000323562E-5],[3.1542269859240664E-5,3.3803170641418091E-5,3.3595451128014867E-5,3.4932252037177E-5,3.3595451128014867E-5,3.3803170641418091E-5,3.1542269859240664E-5],[3.1283280202128114E-5,3.3595451128014867E-5,3.4262508579372563E-5,3.4930723520499588E-5,3.4262508579372563E-5,3.3595451128014867E-5,3.1283280202128114E-5],[3.267014289813788E-5,3.4932252037177E-5,3.4930723520499588E-5,3.6165033102255979E-5,3.4930723520499588E-5,3.4932252037177E-5,3.267014289813788E-5],[3.1283280202128114E-5,3.3595451128014867E-5,3.4262508579372563E-5,3.4930723520499588E-5,3.4262508579372563E-5,3.3595451128014867E-5,3.1283280202128114E-5],[3.1542269859240664E-5,3.3803170641418091E-5,3.3595451128014867E-5,3.4932252037177E-5,3.3595451128014867E-5,3.3803170641418091E-5,3.154226985924067E-5],[2.9232210000323562E-5,3.1542269859240664E-5,3.1283280202128114E-5,3.267014289813788E-5,3.1283280202128114E-5,3.154226985924067E-5,2.9232210000323565E-5]],[[3.0618655818335866E-5,3.29300770088872E-5,3.2670972516105031E-5,3.4058659944665523E-5,3.2670972516105031E-5,3.29300770088872E-5,3.0618655818335866E-5],[3.29300770088872E-5,3.5192259930860687E-5,3.4984439735805422E-5,3.6322002846395654E-5,3.4984439735805422E-5,3.5192259930860687E-5,3.29300770088872E-5],[3.2670972516105031E-5,3.4984439735805422E-5,3.5651874220900106E-5,3.6320466824186815E-5,3.5651874220900106E-5,3.4984439735805422E-5,3.2670972516105031E-5],[3.4058659944665523E-5,3.6322002846395654E-5,3.6320466824186815E-5,3.7555467827268917E-5,3.6320466824186815E-5,3.6322002846395654E-5,3.4058659944665523E-5],[3.2670972516105031E-5,3.4984439735805422E-5,3.5651874220900106E-5,3.6320466824186815E-5,3.5651874220900106E-5,3.4984439735805422E-5,3.2670972516105031E-5],[3.29300770088872E-5,3.5192259930860687E-5,3.4984439735805422E-5,3.6322002846395654E-5,3.4984439735805422E-5,3.5192259930860694E-5,3.2930077008887207E-5],[3.0618655818335866E-5,3.29300770088872E-5,3.2670972516105031E-5,3.4058659944665523E-5,3.2670972516105031E-5,3.2930077008887207E-5,3.0618655818335866E-5]],[[3.2005909735776019E-5,3.431866382222985E-5,3.4059437326674176E-5,3.544793085723087E-5,3.4059437326674176E-5,3.431866382222985E-5,3.2005909735776019E-5],[3.431866382222985E-5,3.658210650862774E-5,3.6374183212950942E-5,3.7712495292772047E-5,3.6374183212950942E-5,3.658210650862774E-5,3.431866382222985E-5],[3.4059437326674176E-5,3.6374183212950942E-5,3.7041988731804831E-5,3.7710952988536321E-5,3.7041988731804831E-5,3.6374183212950942E-5,3.4059437326674176E-5],[3.544793085723087E-5,3.7712495292772047E-5,3.7710952988536321E-5,3.894663543391608E-5,3.7710952988536321E-5,3.7712495292772047E-5,3.544793085723087E-5],[3.4059437326674176E-5,3.6374183212950942E-5,3.7041988731804831E-5,3.7710952988536321E-5,3.7041988731804831E-5,3.6374183212950942E-5,3.4059437326674176E-5],[3.431866382222985E-5,3.658210650862774E-5,3.6374183212950942E-5,3.7712495292772047E-5,3.6374183212950942E-5,3.658210650862774E-5,3.4318663822229857E-5],[3.2005909735776019E-5,3.431866382222985E-5,3.4059437326674176E-5,3.544793085723087E-5,3.4059437326674176E-5,3.4318663822229857E-5,3.2005909735776019E-5]],[[3.3393955605384791E-5,3.5708017044954164E-5,3.5448664018583232E-5,3.6837947486736204E-5,3.5448664018583232E-5,3.5708017044954164E-5,3.3393955605384791E-5],[3.5708017044954164E-5,3.7972698462478327E-5,3.7764670833240743E-5,3.91037194880265E-5,3.7764670833240743E-5,3.7972698462478327E-5,3.5708017044954164E-5],[3.5448664018583232E-5,3.7764670833240743E-5,3.843284161657524E-5,3.9102171748729191E-5,3.843284161657524E-5,3.7764670833240743E-5,3.5448664018583232E-5],[3.6837947486736204E-5,3.91037194880265E-5,3.9102171748729191E-5,4.0338525735603637E-5,3.9102171748729191E-5,3.91037194880265E-5,3.6837947486736204E-5],[3.5448664018583232E-5,3.7764670833240743E-5,3.843284161657524E-5,3.9102171748729191E-5,3.843284161657524E-5,3.7764670833240743E-5,3.5448664018583232E-5],[3.5708017044954164E-5,3.7972698462478327E-5,3.7764670833240743E-5,3.91037194880265E-5,3.7764670833240743E-5,3.7972698462478333E-5,3.570801704495417E-5],[3.3393955605384791E-5,3.5708017044954164E-5,3.5448664018583232E-5,3.6837947486736204E-5,3.5448664018583232E-5,3.570801704495417E-5,3.33939556053848E-5]],[[3.47827787692602E-5,3.7098124139343007E-5,3.6838641942643338E-5,3.8228700861903033E-5,3.6838641942643338E-5,3.7098124139343007E-5,3.47827787692602E-5],[3.7098124139343007E-5,3.9364024310063915E-5,3.9155891943236379E-5,4.049566540649659E-5,3.9155891943236379E-5,3.9364024310063915E-5,3.7098124139343007E-5],[3.6838641942643338E-5,3.9155891943236379E-5,3.9824422409370005E-5,4.0494112826573878E-5,3.9824422409370005E-5,3.9155891943236379E-5,3.6838641942643338E-5],[3.8228700861903033E-5,4.049566540649659E-5,4.0494112826573878E-5,4.1731128567509853E-5,4.0494112826573878E-5,4.049566540649659E-5,3.8228700861903033E-5],[3.6838641942643338E-5,3.9155891943236379E-5,3.9824422409370005E-5,4.0494112826573878E-5,3.9824422409370005E-5,3.9155891943236379E-5,3.6838641942643338E-5],[3.7098124139343007E-5,3.9364024310063915E-5,3.9155891943236379E-5,4.049566540649659E-5,3.9155891943236379E-5,3.9364024310063915E-5,3.7098124139343014E-5],[3.47827787692602E-5,3.7098124139343007E-5,3.6838641942643338E-5,3.8228700861903033E-5,3.6838641942643338E-5,3.7098124139343014E-5,3.4782778769260206E-5]],[[3.6172365672548169E-5,3.8488973140114215E-5,3.8229360475410917E-5,3.9620181529606956E-5,3.8229360475410917E-5,3.8488973140114215E-5,3.6172365672548169E-5],[3.8488973140114215E-5,4.0756072940075123E-5,4.0547836006700712E-5,4.1888323002493211E-5,4.0547836006700712E-5,4.0756072940075123E-5,3.8488973140114215E-5],[3.8229360475410917E-5,4.0547836006700712E-5,4.1216720734274752E-5,4.1886766006573444E-5,4.1216720734274752E-5,4.0547836006700712E-5,3.8229360475410917E-5],[3.9620181529606956E-5,4.1888323002493211E-5,4.1886766006573444E-5,4.3124433853685348E-5,4.1886766006573451E-5,4.1888323002493211E-5,3.9620181529606956E-5],[3.8229360475410917E-5,4.0547836006700712E-5,4.1216720734274752E-5,4.1886766006573451E-5,4.1216720734274752E-5,4.0547836006700712E-5,3.8229360475410917E-5],[3.8488973140114215E-5,4.0756072940075123E-5,4.0547836006700712E-5,4.1888323002493211E-5,4.0547836006700712E-5,4.075607294007513E-5,3.8488973140114221E-5],[3.6172365672548169E-5,3.8488973140114215E-5,3.8229360475410917E-5,3.9620181529606956E-5,3.8229360475410917E-5,3.8488973140114221E-5,3.6172365672548175E-5]],[[3.7562703597582429E-5,3.98805525531104E-5,3.9620809068837632E-5,4.1012379784511544E-5,3.9620809068837632E-5,3.98805525531104E-5,3.7562703597582429E-5],[3.98805525531104E-5,4.2148833570535863E-5,4.19404926367989E-5,4.3281682289661937E-5,4.19404926367989E-5,4.2148833570535863E-5,3.98805525531104E-5],[3.9620809068837632E-5,4.19404926367989E-5,4.2609726347378251E-5,4.328012118786382E-5,4.2609726347378251E-5,4.19404926367989E-5,3.9620809068837632E-5],[4.1012379784511544E-5,4.3281682289661937E-5,4.328012118786382E-5,4.4518431651853682E-5,4.328012118786382E-5,4.3281682289661937E-5,4.1012379784511544E-5],[3.9620809068837632E-5,4.19404926367989E-5,4.2609726347378251E-5,4.328012118786382E-5,4.2609726347378251E-5,4.19404926367989E-5,3.9620809068837632E-5],[3.98805525531104E-5,4.2148833570535863E-5,4.19404926367989E-5,4.3281682289661937E-5,4.19404926367989E-5,4.2148833570535863E-5,3.9880552553110408E-5],[3.7562703597582429E-5,3.98805525531104E-5,3.9620809068837632E-5,4.1012379784511544E-5,3.9620809068837632E-5,3.9880552553110408E-5,3.7562703597582436E-5]],[[3.895378048007297E-5,4.1272851283796473E-5,4.1012977289588509E-5,4.2405285823901085E-5,4.1012977289588509E-5,4.1272851283796473E-5,3.895378048007297E-5],[4.1272851283796473E-5,4.3542295718686928E-5,4.3333851618724623E-5,4.4675733394035E-5,4.3333851618724623E-5,4.3542295718686928E-5,4.1272851283796473E-5],[4.1012977289588509E-5,4.3333851618724623E-5,4.4003429165482576E-5,4.4674168418998406E-5,4.4003429165482576E-5,4.3333851618724623E-5,4.1012977289588509E-5],[4.2405285823901085E-5,4.4675733394035E-5,4.4674168418998406E-5,4.591311218252721E-5,4.4674168418998413E-5,4.4675733394035004E-5,4.2405285823901085E-5],[4.1012977289588509E-5,4.3333851618724623E-5,4.4003429165482576E-5,4.4674168418998413E-5,4.4003429165482576E-5,4.333385161872463E-5,4.1012977289588509E-5],[4.1272851283796473E-5,4.3542295718686928E-5,4.3333851618724623E-5,4.4675733394035004E-5,4.333385161872463E-5,4.3542295718686935E-5,4.127285128379648E-5],[3.895378048007297E-5,4.1272851283796473E-5,4.1012977289588509E-5,4.2405285823901085E-5,4.1012977289588509E-5,4.127285128379648E-5,3.8953780480072977E-5]],[[4.03455847813641E-5,4.2665858586392194E-5,4.2405854848914296E-5,4.3798889851717183E-5,4.2405854848914296E-5,4.2665858586392194E-5,4.03455847813641E-5],[4.2665858586392194E-5,4.4936449178662681E-5,4.4727902924913616E-5,4.6070466588803E-5,4.4727902924913616E-5,4.4936449178662681E-5,4.2665858586392194E-5],[4.2405854848914296E-5,4.4727902924913616E-5,4.5397819284999766E-5,4.6068897920521018E-5,4.5397819284999766E-5,4.4727902924913616E-5,4.2405854848914296E-5],[4.3798889851717183E-5,4.6070466588803E-5,4.6068897920521018E-5,4.7308465847089746E-5,4.6068897920521018E-5,4.6070466588803E-5,4.3798889851717183E-5],[4.2405854848914296E-5,4.4727902924913616E-5,4.5397819284999766E-5,4.6068897920521018E-5,4.5397819284999766E-5,4.4727902924913616E-5,4.2405854848914296E-5],[4.2665858586392194E-5,4.4936449178662681E-5,4.4727902924913616E-5,4.6070466588803E-5,4.4727902924913616E-5,4.4936449178662681E-5,4.26658585863922E-5],[4.03455847813641E-5,4.2665858586392194E-5,4.2405854848914296E-5,4.3798889851717183E-5,4.2405854848914296E-5,4.26658585863922E-5,4.0345584781364107E-5]],[[4.17381053990964E-5,4.4059564027174622E-5,4.3799431624450264E-5,4.5193182147935494E-5,4.3799431624450264E-5,4.4059564027174622E-5,4.17381053990964E-5],[4.4059564027174622E-5,4.6331284004358822E-5,4.612263672457285E-5,4.7465872316349878E-5,4.612263672457285E-5,4.6331284004358822E-5,4.4059564027174622E-5],[4.3799431624450264E-5,4.612263672457285E-5,4.6792886993654464E-5,4.74643000988366E-5,4.6792886993654464E-5,4.612263672457285E-5,4.3799431624450264E-5],[4.5193182147935494E-5,4.7465872316349878E-5,4.74643000988366E-5,4.8704483238124266E-5,4.74643000988366E-5,4.7465872316349878E-5,4.5193182147935494E-5],[4.3799431624450264E-5,4.612263672457285E-5,4.6792886993654464E-5,4.74643000988366E-5,4.6792886993654464E-5,4.612263672457285E-5,4.3799431624450264E-5],[4.4059564027174622E-5,4.6331284004358822E-5,4.612263672457285E-5,4.7465872316349878E-5,4.612263672457285E-5,4.6331284004358822E-5,4.4059564027174629E-5],[4.17381053990964E-5,4.4059564027174622E-5,4.3799431624450264E-5,4.5193182147935494E-5,4.3799431624450264E-5,4.4059564027174629E-5,4.1738105399096405E-5]],[[4.3131331604150359E-5,4.5453957457448991E-5,4.5193697675347276E-5,4.658815311420733E-5,4.5193697675347276E-5,4.5453957457448991E-5,4.3131331604150359E-5],[4.5453957457448991E-5,4.7726790495730218E-5,4.7518043388875583E-5,4.8861941201396482E-5,4.7518043388875583E-5,4.7726790495730218E-5,4.5453957457448991E-5],[4.5193697675347276E-5,4.7518043388875583E-5,4.8188622776917608E-5,4.8860365553880009E-5,4.8188622776917608E-5,4.7518043388875583E-5,4.5193697675347276E-5],[4.658815311420733E-5,4.8861941201396482E-5,4.8860365553880009E-5,5.0101155144299019E-5,4.8860365553880009E-5,4.8861941201396482E-5,4.658815311420733E-5],[4.5193697675347276E-5,4.7518043388875583E-5,4.8188622776917608E-5,4.8860365553880009E-5,4.8188622776917608E-5,4.7518043388875583E-5,4.5193697675347276E-5],[4.5453957457448991E-5,4.7726790495730218E-5,4.7518043388875583E-5,4.8861941201396482E-5,4.7518043388875583E-5,4.7726790495730218E-5,4.5453957457449E-5],[4.3131331604150359E-5,4.5453957457448991E-5,4.5193697675347276E-5,4.658815311420733E-5,4.5193697675347276E-5,4.5453957457449E-5,4.3131331604150366E-5]],[[4.4525252995575259E-5,4.6849028993089449E-5,4.6588643252091019E-5,4.7983793303163894E-5,4.6588643252091019E-5,4.6849028993089449E-5,4.4525252995575259E-5],[4.6849028993089449E-5,4.9122959187358014E-5,4.8914113492901464E-5,5.0258664057944442E-5,4.8914113492901464E-5,4.9122959187358014E-5,4.6849028993089449E-5],[4.6588643252091019E-5,4.8914113492901464E-5,4.9585017320612596E-5,5.0257085082385991E-5,4.9585017320612596E-5,4.8914113492901464E-5,4.6588643252091019E-5],[4.7983793303163894E-5,5.0258664057944442E-5,5.0257085082385991E-5,5.149847255146668E-5,5.0257085082385991E-5,5.0258664057944442E-5,4.7983793303163894E-5],[4.6588643252091019E-5,4.8914113492901464E-5,4.9585017320612596E-5,5.0257085082385991E-5,4.9585017320612596E-5,4.8914113492901464E-5,4.6588643252091019E-5],[4.6849028993089449E-5,4.9122959187358014E-5,4.8914113492901464E-5,5.0258664057944442E-5,4.8914113492901464E-5,4.9122959187358014E-5,4.6849028993089449E-5],[4.4525252995575259E-5,4.6849028993089449E-5,4.6588643252091019E-5,4.7983793303163894E-5,4.6588643252091019E-5,4.6849028993089449E-5,4.4525252995575266E-5]],[[4.5919859467782E-5,4.8244768998506414E-5,4.7984258802125137E-5,4.9380093436472513E-5,4.7984258802125137E-5,4.8244768998506414E-5,4.5919859467782E-5],[4.8244768998506414E-5,5.0519780838500258E-5,5.0310837815132196E-5,5.1656031891896596E-5,5.0310837815132196E-5,5.0519780838500258E-5,4.8244768998506414E-5],[4.7984258802125137E-5,5.0310837815132196E-5,5.0982061510740648E-5,5.1654449678041043E-5,5.0982061510740648E-5,5.0310837815132196E-5,4.7984258802125137E-5],[4.9380093436472513E-5,5.1656031891896596E-5,5.1654449678041043E-5,5.2896426641136417E-5,5.1654449678041043E-5,5.1656031891896596E-5,4.9380093436472513E-5],[4.7984258802125137E-5,5.0310837815132196E-5,5.0982061510740648E-5,5.1654449678041043E-5,5.0982061510740648E-5,5.0310837815132196E-5,4.7984258802125137E-5],[4.8244768998506414E-5,5.0519780838500258E-5,5.0310837815132196E-5,5.1656031891896596E-5,5.0310837815132196E-5,5.0519780838500258E-5,4.8244768998506414E-5],[4.5919859467782E-5,4.8244768998506414E-5,4.7984258802125137E-5,4.9380093436472513E-5,4.7984258802125137E-5,4.8244768998506414E-5,4.5919859467782004E-5]],[[4.7315141186086663E-5,4.9641168073588956E-5,4.9380534972241634E-5,5.0777044415110328E-5,4.9380534972241634E-5,4.9641168073588956E-5,4.7315141186086663E-5],[4.9641168073588956E-5,5.191724642412313E-5,5.1708207335142707E-5,5.30540359006777E-5,5.1708207335142707E-5,5.191724642412313E-5,4.9641168073588956E-5],[4.9380534972241634E-5,5.1708207335142707E-5,5.2379746431307363E-5,5.3052450529445259E-5,5.2379746431307363E-5,5.1708207335142707E-5,4.9380534972241634E-5],[5.0777044415110328E-5,5.30540359006777E-5,5.3052450529445259E-5,5.4295008787151434E-5,5.3052450529445259E-5,5.30540359006777E-5,5.0777044415110328E-5],[4.9380534972241634E-5,5.1708207335142707E-5,5.2379746431307363E-5,5.3052450529445259E-5,5.2379746431307363E-5,5.1708207335142707E-5,4.9380534972241634E-5],[4.964116807358