{"M_cells":[[[0,0,0,0,0,0,0],[0,0,0,0,0,0,0],[0,0,0,0,0,0,0],[0,0,0,0,0,0,0],[0,0,0,0,0,0,0],[0,0,0,0,0,0,0],[0,0,0,0,0,0,0]],[[1.1070969289379548E-11,6.3485311830921685E-11,5.6495356492366684E-11,8.2609780511587E-11,5.6495356492366684E-11,6.3485311830921685E-11,1.1070969289379548E-11],[6.3485311830921685E-11,2.6710108127810255E-10,2.4425486583379058E-10,3.4481539126122605E-10,2.4425486583379053E-10,2.671010812781025E-10,6.3485311830921685E-11],[5.6495356492366684E-11,2.4425486583379058E-10,2.9965587111043428E-10,3.5534953369934763E-10,2.9965587111043422E-10,2.4425486583379053E-10,5.6495356492366684E-11],[8.2609780511587E-11,3.4481539126122605E-10,3.5534953369934763E-10,4.6849957904401876E-10,3.5534953369934758E-10,3.44815391261226E-10,8.2609780511587E-11],[5.6495356492366684E-11,2.4425486583379053E-10,2.9965587111043422E-10,3.5534953369934758E-10,2.9965587111043422E-10,2.4425486583379053E-10,5.6495356492366684E-11],[6.3485311830921685E-11,2.671010812781025E-10,2.4425486583379053E-10,3.44815391261226E-10,2.4425486583379053E-10,2.671010812781025E-10,6.3485311830921685E-11],[1.1070969289379548E-11,6.3485311830921685E-11,5.6495356492366684E-11,8.2609780511587E-11,5.6495356492366684E-11,6.3485311830921685E-11,1.1070969289379548E-11]],[[7.5744652046488144E-11,2.4588156320897373E-10,2.2346011052380584E-10,3.1096272897847071E-10,2.2346011052380584E-10,2.4588156320897373E-10,7.5744652046488144E-11],[2.4588156320897373E-10,6.3332098386591344E-10,5.90402745841025E-10,7.8956683069749455E-10,5.90402745841025E-10,6.3332098386591344E-10,2.4588156320897373E-10],[2.2346011052380584E-10,5.90402745841025E-10,6.9797313050473062E-10,8.0591334053775389E-10,6.9797313050473062E-10,5.90402745841025E-10,2.2346011052380584E-10],[3.1096272897847071E-10,7.8956683069749455E-10,8.0591334053775389E-10,1.0210178475697283E-9,8.0591334053775389E-10,7.8956683069749455E-10,3.1096272897847076E-10],[2.2346011052380584E-10,5.90402745841025E-10,6.9797313050473062E-10,8.0591334053775389E-10,6.9797313050473062E-10,5.904027458410249E-10,2.2346011052380584E-10],[2.4588156320897373E-10,6.3332098386591344E-10,5.90402745841025E-10,7.8956683069749455E-10,5.904027458410249E-10,6.3332098386591334E-10,2.4588156320897373E-10],[7.5744652046488144E-11,2.4588156320897373E-10,2.2346011052380584E-10,3.1096272897847076E-10,2.2346011052380584E-10,2.4588156320897373E-10,7.5744652046488144E-11]],[[2.2053837967006298E-10,5.3549825695401034E-10,4.9437605018810354E-10,6.60741696842317E-10,4.9437605018810354E-10,5.3549825695401024E-10,2.2053837967006298E-10],[5.3549825695401034E-10,1.0887752343776448E-9,1.0283176155722277E-9,1.321250890927712E-9,1.0283176155722277E-9,1.0887752343776446E-9,5.3549825695401024E-10],[4.9437605018810354E-10,1.0283176155722277E-9,1.1840800297347592E-9,1.3402815476093472E-9,1.1840800297347592E-9,1.0283176155722277E-9,4.9437605018810354E-10],[6.60741696842317E-10,1.321250890927712E-9,1.3402815476093472E-9,1.6470809504138674E-9,1.3402815476093475E-9,1.321250890927712E-9,6.6074169684231707E-10],[4.9437605018810354E-10,1.0283176155722277E-9,1.1840800297347592E-9,1.3402815476093475E-9,1.1840800297347594E-9,1.0283176155722277E-9,4.9437605018810354E-10],[5.3549825695401024E-10,1.0887752343776446E-9,1.0283176155722277E-9,1.321250890927712E-9,1.0283176155722277E-9,1.0887752343776446E-9,5.3549825695401024E-10],[2.2053837967006298E-10,5.3549825695401024E-10,4.9437605018810354E-10,6.6074169684231707E-10,4.9437605018810354E-10,5.3549825695401024E-10,2.2053837967006298E-10]],[[4.5503806967674831E-10,9.21848869152348E-10,8.6150688149388355E-10,1.1135744605429667E-9,8.6150688149388355E-10,9.2184886915234792E-10,4.5503806967674831E-10],[9.21848869152348E-10,1.6247553064174631E-9,1.5490740795689923E-9,1.9295365244198727E-9,1.5490740795689923E-9,1.6247553064174631E-9,9.2184886915234792E-10],[8.6150688149388355E-10,1.5490740795689923E-9,1.7489688318285406E-9,1.9493648346663167E-9,1.7489688318285406E-9,1.5490740795689925E-9,8.6150688149388355E-10],[1.1135744605429667E-9,1.9295365244198727E-9,1.9493648346663167E-9,2.3385968910965596E-9,1.9493648346663167E-9,1.9295365244198727E-9,1.1135744605429669E-9],[8.6150688149388355E-10,1.5490740795689923E-9,1.7489688318285406E-9,1.9493648346663167E-9,1.7489688318285406E-9,1.5490740795689925E-9,8.6150688149388355E-10],[9.2184886915234792E-10,1.6247553064174631E-9,1.5490740795689925E-9,1.9295365244198727E-9,1.5490740795689925E-9,1.6247553064174631E-9,9.2184886915234792E-10],[4.5503806967674831E-10,9.2184886915234792E-10,8.6150688149388355E-10,1.1135744605429669E-9,8.6150688149388355E-10,9.2184886915234792E-10,4.5503806967674831E-10]],[[7.8002915925123293E-10,1.3954561205081879E-9,1.3167514350855877E-9,1.6551276484381353E-9,1.3167514350855877E-9,1.3954561205081881E-9,7.8002915925123293E-10],[1.3954561205081879E-9,2.2333097575661478E-9,2.1444444171542066E-9,2.6056201362030728E-9,2.1444444171542066E-9,2.2333097575661478E-9,1.3954561205081881E-9],[1.3167514350855877E-9,2.1444444171542066E-9,2.3845109345868285E-9,2.6251344244097076E-9,2.3845109345868285E-9,2.1444444171542066E-9,1.3167514350855877E-9],[1.6551276484381353E-9,2.6056201362030728E-9,2.6251344244097076E-9,3.0884378841992393E-9,2.6251344244097076E-9,2.6056201362030728E-9,1.6551276484381355E-9],[1.3167514350855877E-9,2.1444444171542066E-9,2.3845109345868285E-9,2.6251344244097076E-9,2.3845109345868285E-9,2.1444444171542066E-9,1.3167514350855877E-9],[1.3954561205081881E-9,2.2333097575661478E-9,2.1444444171542066E-9,2.6056201362030728E-9,2.1444444171542066E-9,2.2333097575661478E-9,1.3954561205081879E-9],[7.8002915925123293E-10,1.3954561205081881E-9,1.3167514350855877E-9,1.6551276484381355E-9,1.3167514350855877E-9,1.3954561205081879E-9,7.8002915925123293E-10]],[[1.1918896404573185E-9,1.9477265275328146E-9,1.8521285875963534E-9,2.2738886905688286E-9,1.8521285875963534E-9,1.9477265275328146E-9,1.1918896404573185E-9],[1.9477265275328146E-9,2.9072039277696142E-9,2.8069146891937551E-9,3.3419076535269978E-9,2.8069146891937551E-9,2.9072039277696142E-9,1.9477265275328146E-9],[1.8521285875963534E-9,2.8069146891937551E-9,3.0833933425142416E-9,3.3604789178388568E-9,3.0833933425142416E-9,2.8069146891937551E-9,1.8521285875963534E-9],[2.2738886905688286E-9,3.3419076535269978E-9,3.3604789178388568E-9,3.890311547003705E-9,3.3604789178388568E-9,3.3419076535269978E-9,2.2738886905688286E-9],[1.8521285875963534E-9,2.8069146891937551E-9,3.0833933425142416E-9,3.3604789178388568E-9,3.0833933425142416E-9,2.8069146891937551E-9,1.8521285875963534E-9],[1.9477265275328146E-9,2.9072039277696142E-9,2.8069146891937551E-9,3.3419076535269978E-9,2.8069146891937551E-9,2.9072039277696142E-9,1.9477265275328146E-9],[1.1918896404573185E-9,1.9477265275328146E-9,1.8521285875963534E-9,2.2738886905688286E-9,1.8521285875963534E-9,1.9477265275328146E-9,1.1918896404573185E-9]],[[1.6849548493585079E-9,2.5708635810228293E-9,2.4600422262494815E-9,2.9603795015633055E-9,2.4600422262494815E-9,2.5708635810228293E-9,1.6849548493585079E-9],[2.5708635810228293E-9,3.6398793003716645E-9,3.5296694767054658E-9,4.1317924175443744E-9,3.5296694767054658E-9,3.6398793003716645E-9,2.5708635810228293E-9],[2.4600422262494815E-9,3.5296694767054658E-9,3.8390544982447075E-9,4.1490912189342136E-9,3.8390544982447075E-9,3.5296694767054658E-9,2.4600422262494815E-9],[2.9603795015633055E-9,4.1317924175443744E-9,4.1490912189342136E-9,4.738658217476742E-9,4.1490912189342136E-9,4.1317924175443744E-9,2.9603795015633055E-9],[2.4600422262494815E-9,3.5296694767054658E-9,3.8390544982447075E-9,4.1490912189342136E-9,3.8390544982447075E-9,3.5296694767054658E-9,2.4600422262494815E-9],[2.5708635810228293E-9,3.6398793003716645E-9,3.5296694767054658E-9,4.1317924175443744E-9,3.5296694767054658E-9,3.6398793003716645E-9,2.5708635810228293E-9],[1.6849548493585079E-9,2.5708635810228293E-9,2.4600422262494815E-9,2.9603795015633055E-9,2.4600422262494815E-9,2.5708635810228293E-9,1.6849548493585079E-9]],[[2.2527817330077166E-9,3.2578016035810412E-9,3.1334150220982423E-9,3.7066410504465157E-9,3.1334150220982423E-9,3.2578016035810412E-9,2.2527817330077166E-9],[3.2578016035810412E-9,4.4254115120616131E-9,4.3065590135523553E-9,4.9694941633511129E-9,4.3065590135523553E-9,4.4254115120616131E-9,3.2578016035810412E-9],[3.1334150220982423E-9,4.3065590135523553E-9,4.6456214025853414E-9,4.9853756436416672E-9,4.6456214025853414E-9,4.3065590135523553E-9,3.1334150220982423E-9],[3.7066410504465157E-9,4.9694941633511129E-9,4.9853756436416672E-9,5.6285655715689023E-9,4.9853756436416672E-9,4.9694941633511129E-9,3.7066410504465157E-9],[3.1334150220982423E-9,4.3065590135523553E-9,4.6456214025853414E-9,4.9853756436416672E-9,4.6456214025853414E-9,4.3065590135523553E-9,3.1334150220982423E-9],[3.2578016035810412E-9,4.4254115120616131E-9,4.3065590135523553E-9,4.9694941633511129E-9,4.3065590135523553E-9,4.4254115120616131E-9,3.2578016035810412E-9],[2.2527817330077166E-9,3.2578016035810412E-9,3.1334150220982423E-9,3.7066410504465157E-9,3.1334150220982423E-9,3.2578016035810412E-9,2.2527817330077166E-9]],[[2.8888157651265363E-9,4.0021502875829263E-9,3.8657444624545062E-9,4.5058883735334654E-9,3.8657444624545062E-9,4.0021502875829263E-9,2.8888157651265363E-9],[4.0021502875829263E-9,5.2584670653992995E-9,5.1320569686385572E-9,5.8499374822066272E-9,5.1320569686385572E-9,5.2584670653992995E-9,4.0021502875829263E-9],[3.8657444624545062E-9,5.1320569686385572E-9,5.4978490627295582E-9,5.8643690363355567E-9,5.4978490627295582E-9,5.1320569686385572E-9,3.8657444624545062E-9],[4.5058883735334654E-9,5.8499374822066272E-9,5.8643690363355567E-9,6.5556952874147975E-9,5.8643690363355567E-9,5.8499374822066272E-9,4.5058883735334654E-9],[3.8657444624545062E-9,5.1320569686385572E-9,5.4978490627295582E-9,5.8643690363355567E-9,5.4978490627295582E-9,5.1320569686385572E-9,3.8657444624545062E-9],[4.0021502875829263E-9,5.2584670653992995E-9,5.1320569686385572E-9,5.8499374822066272E-9,5.1320569686385572E-9,5.2584670653992995E-9,4.0021502875829263E-9],[2.8888157651265363E-9,4.0021502875829263E-9,3.8657444624545062E-9,4.5058883735334654E-9,3.8657444624545062E-9,4.0021502875829263E-9,2.8888157651265363E-9]],[[3.5867334019391E-9,4.7981446105381296E-9,4.6511133331041663E-9,5.3522733522351777E-9,4.6511133331041663E-9,4.7981446105381296E-9,3.5867334019391E-9],[4.7981446105381296E-9,6.1342593173767763E-9,6.0012138851364261E-9,6.76865636717883E-9,6.0012138851364261E-9,6.1342593173767763E-9,4.7981446105381296E-9],[4.6511133331041663E-9,6.0012138851364261E-9,6.3910628692129623E-9,6.7816720871206751E-9,6.3910628692129623E-9,6.0012138851364261E-9,4.6511133331041663E-9],[5.3522733522351777E-9,6.76865636717883E-9,6.7816720871206751E-9,7.5162186704647332E-9,6.7816720871206751E-9,6.76865636717883E-9,5.3522733522351777E-9],[4.6511133331041663E-9,6.0012138851364261E-9,6.3910628692129623E-9,6.7816720871206751E-9,6.3910628692129623E-9,6.0012138851364261E-9,4.6511133331041663E-9],[4.7981446105381296E-9,6.1342593173767763E-9,6.0012138851364261E-9,6.76865636717883E-9,6.0012138851364261E-9,6.1342593173767772E-9,4.7981446105381296E-9],[3.5867334019391E-9,4.7981446105381296E-9,4.6511133331041663E-9,5.3522733522351777E-9,4.6511133331041663E-9,4.7981446105381296E-9,3.5867334019391E-9]],[[4.34060818169687E-9,5.6405975431214959E-9,5.4841740589154508E-9,6.24071617779563E-9,5.4841740589154508E-9,5.6405975431214959E-9,4.34060818169687E-9],[5.6405975431214959E-9,7.0485045035163249E-9,6.9096093455542465E-9,7.72171653839167E-9,6.9096093455542465E-9,7.0485045035163249E-9,5.6405975431214959E-9],[5.4841740589154508E-9,6.9096093455542465E-9,7.3211042669576964E-9,7.7333885117064042E-9,7.3211042669576964E-9,6.9096093455542465E-9,5.4841740589154508E-9],[6.24071617779563E-9,7.72171653839167E-9,7.7333885117064042E-9,8.5067594183763226E-9,7.7333885117064042E-9,7.72171653839167E-9,6.24071617779563E-9],[5.4841740589154508E-9,6.9096093455542465E-9,7.3211042669576964E-9,7.7333885117064042E-9,7.3211042669576964E-9,6.9096093455542465E-9,5.4841740589154508E-9],[5.6405975431214959E-9,7.0485045035163249E-9,6.9096093455542465E-9,7.72171653839167E-9,6.9096093455542465E-9,7.0485045035163249E-9,5.6405975431214959E-9],[4.34060818169687E-9,5.6405975431214959E-9,5.4841740589154508E-9,6.24071617779563E-9,5.4841740589154508E-9,5.6405975431214959E-9,4.34060818169687E-9]],[[5.1449809936030472E-9,6.5248544858675957E-9,6.3601186256632331E-9,7.1667811532435823E-9,6.3601186256632331E-9,6.5248544858675957E-9,5.1449809936030472E-9],[6.5248544858675957E-9,7.9973785526749014E-9,7.85330475336515E-9,8.7056503835001222E-9,7.85330475336515E-9,7.9973785526749014E-9,6.5248544858675957E-9],[6.3601186256632331E-9,7.85330475336515E-9,8.2842799396600114E-9,8.7160706415408543E-9,8.2842799396600114E-9,7.85330475336515E-9,6.3601186256632331E-9],[7.1667811532435823E-9,8.7056503835001222E-9,8.7160706415408543E-9,9.5243424149241462E-9,8.7160706415408543E-9,8.7056503835001238E-9,7.1667811532435831E-9],[6.3601186256632331E-9,7.85330475336515E-9,8.2842799396600114E-9,8.7160706415408543E-9,8.2842799396600114E-9,7.85330475336515E-9,6.3601186256632331E-9],[6.5248544858675957E-9,7.9973785526749014E-9,7.85330475336515E-9,8.7056503835001238E-9,7.85330475336515E-9,7.9973785526749014E-9,6.5248544858675965E-9],[5.1449809936030472E-9,6.5248544858675957E-9,6.3601186256632331E-9,7.1667811532435831E-9,6.3601186256632331E-9,6.5248544858675965E-9,5.1449809936030472E-9]],[[5.9948784487248351E-9,7.4467491733911125E-9,7.2746411755574E-9,8.12658165555854E-9,7.2746411755574E-9,7.4467491733911125E-9,5.9948784487248351E-9],[7.4467491733911125E-9,8.97747534605906E-9,8.8287978895097543E-9,9.7174012695026159E-9,8.8287978895097543E-9,8.97747534605906E-9,7.4467491733911125E-9],[7.2746411755574E-9,8.8287978895097543E-9,9.27731462063452E-9,9.72667049204117E-9,9.27731462063452E-9,8.8287978895097543E-9,7.2746411755574E-9],[8.12658165555854E-9,9.7174012695026159E-9,9.72667049204117E-9,1.0566347825512924E-8,9.72667049204117E-9,9.7174012695026159E-9,8.12658165555854E-9],[7.2746411755574E-9,8.8287978895097543E-9,9.27731462063452E-9,9.72667049204117E-9,9.27731462063452E-9,8.8287978895097543E-9,7.2746411755574E-9],[7.4467491733911125E-9,8.97747534605906E-9,8.8287978895097543E-9,9.7174012695026159E-9,8.8287978895097543E-9,8.97747534605906E-9,7.4467491733911125E-9],[5.9948784487248351E-9,7.4467491733911125E-9,7.2746411755574E-9,8.12658165555854E-9,7.2746411755574E-9,7.4467491733911125E-9,5.9948784487248351E-9]],[[6.88580345192548E-9,8.4025611661070436E-9,8.2238975680965654E-9,9.1167047790508123E-9,8.2238975680965654E-9,8.4025611661070436E-9,6.88580345192548E-9],[8.4025611661070436E-9,9.98576693263264E-9,9.83297993487877E-9,1.0754275149074262E-8,9.83297993487877E-9,9.98576693263264E-9,8.4025611661070436E-9],[8.2238975680965654E-9,9.83297993487877E-9,1.0297307558048945E-8,1.0762495673616821E-8,1.0297307558048945E-8,9.83297993487877E-9,8.2238975680965654E-9],[9.1167047790508123E-9,1.0754275149074262E-8,1.0762495673616821E-8,1.1630469965513679E-8,1.0762495673616821E-8,1.0754275149074262E-8,9.1167047790508123E-9],[8.2238975680965654E-9,9.83297993487877E-9,1.0297307558048945E-8,1.0762495673616821E-8,1.0297307558048945E-8,9.83297993487877E-9,8.2238975680965654E-9],[8.4025611661070436E-9,9.98576693263264E-9,9.83297993487877E-9,1.0754275149074262E-8,9.83297993487877E-9,9.98576693263264E-9,8.4025611661070436E-9],[6.88580345192548E-9,8.4025611661070436E-9,8.2238975680965654E-9,9.1167047790508123E-9,8.2238975680965654E-9,8.4025611661070436E-9,6.88580345192548E-9]],[[7.8137112962936174E-9,9.3889751909416288E-9,9.2044644928620154E-9,1.0134149710227612E-8,9.2044644928620154E-9,9.3889751909416288E-9,7.8137112962936174E-9],[9.3889751909416288E-9,1.1019566065826343E-8,1.0863095344188051E-8,1.1813898090228413E-8,1.0863095344188051E-8,1.1019566065826343E-8,9.3889751909416288E-9],[9.2044644928620154E-9,1.0863095344188051E-8,1.1341692592005176E-8,1.1821169674932062E-8,1.1341692592005176E-8,1.0863095344188051E-8,9.2044644928620154E-9],[1.0134149710227612E-8,1.1813898090228413E-8,1.1821169674932062E-8,1.2714680512238189E-8,1.1821169674932062E-8,1.1813898090228413E-8,1.0134149710227612E-8],[9.2044644928620154E-9,1.0863095344188051E-8,1.1341692592005176E-8,1.1821169674932062E-8,1.1341692592005176E-8,1.0863095344188051E-8,9.2044644928620154E-9],[9.3889751909416288E-9,1.1019566065826343E-8,1.0863095344188051E-8,1.1813898090228413E-8,1.0863095344188051E-8,1.1019566065826343E-8,9.3889751909416288E-9],[7.8137112962936174E-9,9.3889751909416288E-9,9.2044644928620154E-9,1.0134149710227612E-8,9.2044644928620154E-9,9.3889751909416288E-9,7.8137112962936174E-9]],[[8.7749787155029E-9,1.0403042605324831E-8,1.0213299674047871E-8,1.1176276064099113E-8,1.0213299674047871E-8,1.0403042605324831E-8,8.7749787155029E-9],[1.0403042605324831E-8,1.2076491291238016E-8,1.1916704752366125E-8,1.2894178783860201E-8,1.1916704752366125E-8,1.2076491291238016E-8,1.0403042605324831E-8],[1.0213299674047871E-8,1.1916704752366125E-8,1.2408201743469555E-8,1.2900596137250449E-8,1.2408201743469555E-8,1.1916704752366125E-8,1.0213299674047871E-8],[1.1176276064099113E-8,1.2894178783860201E-8,1.2900596137250449E-8,1.3817195681310779E-8,1.2900596137250449E-8,1.2894178783860201E-8,1.1176276064099113E-8],[1.0213299674047871E-8,1.1916704752366125E-8,1.2408201743469555E-8,1.2900596137250449E-8,1.2408201743469555E-8,1.1916704752366125E-8,1.0213299674047871E-8],[1.0403042605324831E-8,1.2076491291238016E-8,1.1916704752366125E-8,1.2894178783860201E-8,1.1916704752366125E-8,1.2076491291238016E-8,1.0403042605324831E-8],[8.7749787155029E-9,1.0403042605324831E-8,1.0213299674047871E-8,1.1176276064099113E-8,1.0213299674047871E-8,1.0403042605324831E-8,8.7749787155029E-9]],[[9.7663700876315323E-9,1.1442145209086772E-8,1.1247704057207544E-8,1.2240759754777781E-8,1.1247704057207542E-8,1.1442145209086772E-8,9.7663700876315323E-9],[1.1442145209086772E-8,1.3154434700057669E-8,1.2991650956246307E-8,1.3993275341491389E-8,1.2991650956246307E-8,1.3154434700057669E-8,1.1442145209086772E-8],[1.1247704057207544E-8,1.2991650956246307E-8,1.3494832170083182E-8,1.3998926787098674E-8,1.3494832170083182E-8,1.2991650956246307E-8,1.1247704057207542E-8],[1.2240759754777781E-8,1.3993275341491389E-8,1.3998926787098674E-8,1.4936447015649111E-8,1.3998926787098674E-8,1.3993275341491389E-8,1.2240759754777781E-8],[1.1247704057207542E-8,1.2991650956246307E-8,1.3494832170083182E-8,1.3998926787098674E-8,1.3494832170083182E-8,1.2991650956246307E-8,1.1247704057207542E-8],[1.1442145209086772E-8,1.3154434700057669E-8,1.2991650956246307E-8,1.3993275341491389E-8,1.2991650956246307E-8,1.3154434700057669E-8,1.1442145209086772E-8],[9.7663700876315323E-9,1.1442145209086772E-8,1.1247704057207542E-8,1.2240759754777781E-8,1.1247704057207542E-8,1.1442145209086772E-8,9.7663700876315323E-9]],[[1.0785003175354329E-8,1.2503961555093883E-8,1.2305286461595785E-8,1.3325554799596187E-8,1.2305286461595785E-8,1.2503961555093883E-8,1.0785003175354329E-8],[1.2503961555093883E-8,1.4251532370624948E-8,1.4086027920539768E-8,1.5109565853619E-8,1.4086027920539768E-8,1.4251532370624948E-8,1.2503961555093883E-8],[1.2305286461595785E-8,1.4086027920539768E-8,1.4599816310735032E-8,1.5114532722015943E-8,1.4599816310735032E-8,1.4086027920539768E-8,1.2305286461595785E-8],[1.3325554799596187E-8,1.5109565853619E-8,1.5114532722015943E-8,1.6071055454281061E-8,1.5114532722015943E-8,1.5109565853619E-8,1.3325554799596187E-8],[1.2305286461595785E-8,1.4086027920539768E-8,1.4599816310735032E-8,1.5114532722015943E-8,1.4599816310735032E-8,1.4086027920539768E-8,1.2305286461595783E-8],[1.2503961555093883E-8,1.4251532370624948E-8,1.4086027920539768E-8,1.5109565853619E-8,1.4086027920539768E-8,1.4251532370624948E-8,1.2503961555093883E-8],[1.0785003175354329E-8,1.2503961555093883E-8,1.2305286461595785E-8,1.3325554799596187E-8,1.2305286461595783E-8,1.2503961555093883E-8,1.0785003175354329E-8]],[[1.1828315760237059E-8,1.3586435832711562E-8,1.3383930923825834E-8,1.4428859965083498E-8,1.3383930923825834E-8,1.3586435832711562E-8,1.1828315760237059E-8],[1.3586435832711562E-8,1.5366137449974068E-8,1.5198152694295983E-8,1.6241622278698529E-8,1.5198152694295983E-8,1.5366137449974068E-8,1.3586435832711562E-8],[1.3383930923825834E-8,1.5198152694295983E-8,1.5721595018393913E-8,1.6245978762159857E-8,1.5721595018393913E-8,1.5198152694295983E-8,1.3383930923825834E-8],[1.4428859965083498E-8,1.6241622278698529E-8,1.6245978762159857E-8,1.7219808365444384E-8,1.6245978762159857E-8,1.6241622278698529E-8,1.4428859965083498E-8],[1.3383930923825834E-8,1.5198152694295983E-8,1.5721595018393913E-8,1.6245978762159857E-8,1.5721595018393913E-8,1.519815269429598E-8,1.3383930923825833E-8],[1.3586435832711562E-8,1.5366137449974068E-8,1.5198152694295983E-8,1.6241622278698529E-8,1.519815269429598E-8,1.5366137449974065E-8,1.3586435832711562E-8],[1.1828315760237059E-8,1.3586435832711562E-8,1.3383930923825834E-8,1.4428859965083498E-8,1.3383930923825833E-8,1.3586435832711562E-8,1.1828315760237059E-8]],[[1.2894033932177239E-8,1.4687749329152742E-8,1.4481766794631554E-8,1.5549089478423678E-8,1.4481766794631554E-8,1.4687749329152742E-8,1.2894033932177239E-8],[1.4687749329152742E-8,1.6496795775975164E-8,1.6326540083507556E-8,1.7388187298527872E-8,1.6326540083507556E-8,1.6496795775975164E-8,1.4687749329152742E-8],[1.4481766794631554E-8,1.6326540083507556E-8,1.6858793467673531E-8,1.7392000595053163E-8,1.6858793467673531E-8,1.6326540083507556E-8,1.4481766794631554E-8],[1.5549089478423678E-8,1.7388187298527872E-8,1.7392000595053163E-8,1.8381639246478772E-8,1.7392000595053163E-8,1.7388187298527872E-8,1.5549089478423678E-8],[1.4481766794631554E-8,1.6326540083507556E-8,1.6858793467673531E-8,1.7392000595053163E-8,1.6858793467673531E-8,1.6326540083507556E-8,1.4481766794631552E-8],[1.4687749329152742E-8,1.6496795775975164E-8,1.6326540083507556E-8,1.7388187298527872E-8,1.6326540083507556E-8,1.6496795775975164E-8,1.4687749329152742E-8],[1.2894033932177239E-8,1.4687749329152742E-8,1.4481766794631554E-8,1.5549089478423678E-8,1.4481766794631552E-8,1.4687749329152742E-8,1.2894033932177239E-8]],[[1.3980142439361923E-8,1.5806294417003939E-8,1.559714154642417E-8,1.6684847225578924E-8,1.559714154642417E-8,1.5806294417003939E-8,1.3980142439361923E-8],[1.5806294417003939E-8,1.7642223905666075E-8,1.7469879901102367E-8,1.8548153822053738E-8,1.7469879901102367E-8,1.7642223905666075E-8,1.5806294417003939E-8],[1.559714154642417E-8,1.7469879901102367E-8,1.8010199618365657E-8,1.8551484454696604E-8,1.8010199618365657E-8,1.7469879901102367E-8,1.559714154642417E-8],[1.6684847225578924E-8,1.8548153822053738E-8,1.8551484454696604E-8,1.955560981254226E-8,1.8551484454696604E-8,1.8548153822053738E-8,1.6684847225578924E-8],[1.559714154642417E-8,1.7469879901102367E-8,1.8010199618365657E-8,1.8551484454696604E-8,1.8010199618365657E-8,1.7469879901102367E-8,1.5597141546424166E-8],[1.5806294417003939E-8,1.7642223905666075E-8,1.7469879901102367E-8,1.8548153822053738E-8,1.7469879901102367E-8,1.7642223905666075E-8,1.5806294417003939E-8],[1.3980142439361923E-8,1.5806294417003939E-8,1.559714154642417E-8,1.6684847225578924E-8,1.5597141546424166E-8,1.5806294417003939E-8,1.3980142439361923E-8]],[[1.5084857286618271E-8,1.6940650972753713E-8,1.6728596184291818E-8,1.783490398366796E-8,1.6728596184291818E-8,1.6940650972753713E-8,1.5084857286618271E-8],[1.6940650972753713E-8,1.8801289393482141E-8,1.8627016602983261E-8,1.9720546854726368E-8,1.8627016602983261E-8,1.8801289393482141E-8,1.6940650972753713E-8],[1.6728596184291818E-8,1.8627016602983261E-8,1.9174745017175105E-8,1.9723449090858331E-8,1.9174745017175105E-8,1.8627016602983261E-8,1.6728596184291818E-8],[1.783490398366796E-8,1.9720546854726368E-8,1.9723449090858331E-8,2.0740894216911763E-8,1.9723449090858331E-8,1.9720546854726368E-8,1.783490398366796E-8],[1.6728596184291818E-8,1.8627016602983261E-8,1.9174745017175105E-8,1.9723449090858331E-8,1.9174745017175105E-8,1.8627016602983261E-8,1.6728596184291818E-8],[1.6940650972753713E-8,1.8801289393482141E-8,1.8627016602983261E-8,1.9720546854726368E-8,1.8627016602983261E-8,1.8801289393482141E-8,1.6940650972753713E-8],[1.5084857286618271E-8,1.6940650972753713E-8,1.6728596184291818E-8,1.783490398366796E-8,1.6728596184291818E-8,1.6940650972753713E-8,1.5084857286618271E-8]],[[1.620660063419548E-8,1.8089565100160027E-8,1.7874843113916838E-8,1.8998177318768395E-8,1.7874843113916838E-8,1.8089565100160027E-8,1.620660063419548E-8],[1.8089565100160027E-8,1.9972993151430635E-8,1.979693111476544E-8,2.0904507479125129E-8,1.979693111476544E-8,1.9972993151430635E-8,1.8089565100160027E-8],[1.7874843113916838E-8,1.979693111476544E-8,2.0351487725611146E-8,2.0907029799805076E-8,2.0351487725611146E-8,1.979693111476544E-8,1.7874843113916838E-8],[1.8998177318768395E-8,2.0904507479125129E-8,2.0907029799805076E-8,2.1936765166924476E-8,2.0907029799805076E-8,2.0904507479125129E-8,1.8998177318768395E-8],[1.7874843113916838E-8,1.979693111476544E-8,2.0351487725611146E-8,2.0907029799805076E-8,2.0351487725611146E-8,1.979693111476544E-8,1.7874843113916838E-8],[1.8089565100160027E-8,1.9972993151430635E-8,1.979693111476544E-8,2.0904507479125129E-8,1.979693111476544E-8,1.9972993151430635E-8,1.8089565100160027E-8],[1.620660063419548E-8,1.8089565100160027E-8,1.7874843113916838E-8,1.8998177318768395E-8,1.7874843113916838E-8,1.8089565100160027E-8,1.620660063419548E-8]],[[1.734397796324938E-8,1.9251930012141539E-8,1.9034746298216842E-8,2.0173713838164248E-8,1.9034746298216842E-8,1.9251930012141539E-8,1.734397796324938E-8],[1.9251930012141539E-8,2.1156453719354992E-8,2.0978724656040412E-8,2.2099278717266624E-8,2.0978724656040412E-8,2.1156453719354992E-8,1.9251930012141539E-8],[1.9034746298216842E-8,2.0978724656040412E-8,2.1539597171172518E-8,2.2101464303929533E-8,2.1539597171172518E-8,2.0978724656040412E-8,1.9034746298216842E-8],[2.0173713838164248E-8,2.2099278717266624E-8,2.2101464303929533E-8,2.314258172089335E-8,2.2101464303929533E-8,2.2099278717266624E-8,2.0173713838164248E-8],[1.9034746298216842E-8,2.0978724656040412E-8,2.1539597171172518E-8,2.2101464303929533E-8,2.1539597171172518E-8,2.0978724656040412E-8,1.9034746298216842E-8],[1.9251930012141539E-8,2.1156453719354992E-8,2.0978724656040412E-8,2.2099278717266624E-8,2.0978724656040412E-8,2.1156453719354992E-8,1.9251930012141539E-8],[1.734397796324938E-8,1.9251930012141539E-8,1.9034746298216842E-8,2.0173713838164248E-8,1.9034746298216842E-8,1.9251930012141539E-8,1.734397796324938E-8]],[[1.8495757420413386E-8,2.0426768913624368E-8,2.0207303524706164E-8,2.1360673528331497E-8,2.0207303524706164E-8,2.0426768913624368E-8,1.8495757420413386E-8],[2.0426768913624368E-8,2.2350893275192476E-8,2.2171604375463948E-8,2.3304193067094271E-8,2.2171604375463948E-8,2.2350893275192476E-8,2.0426768913624368E-8],[2.0207303524706164E-8,2.2171604375463948E-8,2.2738340730459473E-8,2.3306080284253636E-8,2.2738340730459473E-8,2.2171604375463948E-8,2.0207303524706164E-8],[2.1360673528331497E-8,2.3304193067094271E-8,2.3306080284253636E-8,2.4357778572009063E-8,2.3306080284253636E-8,2.3304193067094271E-8,2.1360673528331497E-8],[2.0207303524706164E-8,2.2171604375463948E-8,2.2738340730459473E-8,2.3306080284253636E-8,2.2738340730459473E-8,2.2171604375463948E-8,2.0207303524706164E-8],[2.0426768913624368E-8,2.2350893275192476E-8,2.2171604375463948E-8,2.3304193067094271E-8,2.2171604375463948E-8,2.2350893275192476E-8,2.0426768913624368E-8],[1.8495757420413386E-8,2.0426768913624368E-8,2.0207303524706164E-8,2.1360673528331497E-8,2.0207303524706164E-8,2.0426768913624368E-8,1.8495757420413386E-8]],[[1.9660851220995279E-8,2.1613219723490896E-8,2.1391630603902786E-8,2.255831594273304E-8,2.1391630603902786E-8,2.1613219723490896E-8,1.9660851220995279E-8],[2.1613219723490896E-8,2.3555625220870679E-8,2.3374870619339073E-8,2.4518661525860636E-8,2.3374870619339073E-8,2.3555625220870679E-8,2.1613219723490896E-8],[2.1391630603902786E-8,2.3374870619339073E-8,2.3947071865796215E-8,2.4520284386314289E-8,2.3947071865796215E-8,2.3374870619339073E-8,2.1391630603902786E-8],[2.255831594273304E-8,2.4518661525860636E-8,2.4520284386314289E-8,2.5581856644966277E-8,2.4520284386314289E-8,2.4518661525860636E-8,2.255831594273304E-8],[2.1391630603902786E-8,2.3374870619339073E-8,2.3947071865796215E-8,2.4520284386314289E-8,2.3947071865796215E-8,2.3374870619339073E-8,2.1391630603902786E-8],[2.1613219723490896E-8,2.3555625220870679E-8,2.3374870619339073E-8,2.4518661525860636E-8,2.3374870619339073E-8,2.3555625220870679E-8,2.1613219723490896E-8],[1.9660851220995279E-8,2.1613219723490896E-8,2.1391630603902786E-8,2.255831594273304E-8,2.1391630603902786E-8,2.1613219723490896E-8,1.9660851220995279E-8]],[[2.0838298971737214E-8,2.2810521474785106E-8,2.2586947322872173E-8,2.3765988030232183E-8,2.2586947322872173E-8,2.2810521474785106E-8,2.0838298971737214E-8],[2.2810521474785106E-8,2.4770043187890168E-8,2.4587905667523168E-8,2.5742163931735033E-8,2.4587905667523168E-8,2.4770043187890168E-8,2.2810521474785106E-8],[2.2586947322872173E-8,2.4587905667523168E-8,2.5165219650598474E-8,2.5743552536084116E-8,2.5165219650598474E-8,2.4587905667523168E-8,2.2586947322872173E-8],[2.3765988030232183E-8,2.5742163931735033E-8,2.5743552536084116E-8,2.681437484951943E-8,2.5743552536084116E-8,2.5742163931735033E-8,2.3765988030232183E-8],[2.2586947322872173E-8,2.4587905667523168E-8,2.5165219650598474E-8,2.5743552536084116E-8,2.5165219650598474E-8,2.4587905667523168E-8,2.2586947322872173E-8],[2.2810521474785106E-8,2.4770043187890168E-8,2.4587905667523168E-8,2.5742163931735033E-8,2.4587905667523168E-8,2.4770043187890168E-8,2.2810521474785106E-8],[2.0838298971737214E-8,2.2810521474785106E-8,2.2586947322872173E-8,2.3765988030232183E-8,2.2586947322872173E-8,2.2810521474785106E-8,2.0838298971737214E-8]],[[2.2027252765328523E-8,2.4018002237131504E-8,2.3792564985383477E-8,2.4983113417686543E-8,2.3792564985383477E-8,2.4018002237131504E-8,2.2027252765328523E-8],[2.4018002237131504E-8,2.5993611316670261E-8,2.5810163782629704E-8,2.6974240472163579E-8,2.5810163782629704E-8,2.5993611316670261E-8,2.4018002237131504E-8],[2.3792564985383477E-8,2.5810163782629704E-8,2.6392279532549164E-8,2.6975421418093273E-8,2.6392279532549164E-8,2.5810163782629704E-8,2.3792564985383477E-8],[2.4983113417686543E-8,2.6974240472163579E-8,2.6975421418093273E-8,2.8054942852244089E-8,2.6975421418093273E-8,2.6974240472163579E-8,2.4983113417686543E-8],[2.3792564985383477E-8,2.5810163782629704E-8,2.6392279532549164E-8,2.6975421418093273E-8,2.6392279532549164E-8,2.5810163782629704E-8,2.3792564985383477E-8],[2.4018002237131504E-8,2.5993611316670261E-8,2.5810163782629704E-8,2.6974240472163579E-8,2.5810163782629704E-8,2.5993611316670261E-8,2.4018002237131504E-8],[2.2027252765328523E-8,2.4018002237131504E-8,2.3792564985383477E-8,2.4983113417686543E-8,2.3792564985383477E-8,2.4018002237131504E-8,2.2027252765328523E-8]],[[2.3226963896909488E-8,2.5235068412768829E-8,2.5007875379793597E-8,2.6209182980234544E-8,2.5007875379793597E-8,2.5235068412768829E-8,2.3226963896909488E-8],[2.5235068412768829E-8,2.7225855674647609E-8,2.704116243101734E-8,2.8214484223362389E-8,2.704116243101734E-8,2.7225855674647609E-8,2.5235068412768829E-8],[2.5007875379793597E-8,2.704116243101734E-8,2.7627805197251621E-8,2.8215480982610479E-8,2.7627805197251621E-8,2.704116243101734E-8,2.5007875379793597E-8],[2.6209182980234544E-8,2.8214484223362389E-8,2.8215480982610479E-8,2.9303214743403816E-8,2.8215480982610479E-8,2.8214484223362389E-8,2.6209182980234544E-8],[2.5007875379793597E-8,2.704116243101734E-8,2.7627805197251621E-8,2.8215480982610479E-8,2.7627805197251621E-8,2.704116243101734E-8,2.5007875379793597E-8],[2.5235068412768829E-8,2.7225855674647609E-8,2.704116243101734E-8,2.8214484223362389E-8,2.704116243101734E-8,2.7225855674647609E-8,2.5235068412768829E-8],[2.3226963896909488E-8,2.5235068412768829E-8,2.5007875379793597E-8,2.6209182980234544E-8,2.5007875379793597E-8,2.5235068412768829E-8,2.3226963896909488E-8]],[[2.4436771055538917E-8,2.646119526668532E-8,2.6232341026715008E-8,2.7443746550553687E-8,2.6232341026715008E-8,2.646119526668532E-8,2.4436771055538917E-8],[2.646119526668532E-8,2.8466356689313274E-8,2.8280474546504736E-8,2.9462534599848898E-8,2.8280474546504736E-8,2.8466356689313274E-8,2.646119526668532E-8],[2.6232341026715008E-8,2.8280474546504736E-8,2.8871401408113695E-8,2.9463367862461545E-8,2.88714014081137E-8,2.8280474546504736E-8,2.6232341026715008E-8],[2.7443746550553687E-8,2.9462534599848898E-8,2.9463367862461545E-8,3.05588834899726E-8,2.9463367862461548E-8,2.9462534599848898E-8,2.7443746550553687E-8],[2.6232341026715008E-8,2.8280474546504736E-8,2.88714014081137E-8,2.9463367862461548E-8,2.88714014081137E-8,2.8280474546504736E-8,2.6232341026715008E-8],[2.646119526668532E-8,2.8466356689313274E-8,2.8280474546504736E-8,2.9462534599848898E-8,2.8280474546504736E-8,2.8466356689313274E-8,2.646119526668532E-8],[2.4436771055538917E-8,2.646119526668532E-8,2.6232341026715008E-8,2.7443746550553687E-8,2.6232341026715008E-8,2.646119526668532E-8,2.4436771055538917E-8]],[[2.5656089849456067E-8,2.7695918561404245E-8,2.7465486570050607E-8,2.8686405634366165E-8,2.746548657005061E-8,2.7695918561404245E-8,2.5656089849456067E-8],[2.7695918561404245E-8,2.9714742483491137E-8,2.9527721719822507E-8,3.071807160617681E-8,2.9527721719822507E-8,2.9714742483491137E-8,2.7695918561404245E-8],[2.7465486570050607E-8,2.9527721719822507E-8,3.0122717710599733E-8,3.0718759592758432E-8,3.0122717710599733E-8,2.9527721719822507E-8,2.746548657005061E-8],[2.8686405634366165E-8,3.071807160617681E-8,3.0718759592758432E-8,3.1821676078608649E-8,3.0718759592758432E-8,3.071807160617681E-8,2.8686405634366165E-8],[2.746548657005061E-8,2.9527721719822507E-8,3.0122717710599733E-8,3.0718759592758432E-8,3.0122717710599733E-8,2.9527721719822507E-8,2.746548657005061E-8],[2.7695918561404245E-8,2.9714742483491137E-8,2.9527721719822507E-8,3.071807160617681E-8,2.9527721719822507E-8,2.9714742483491137E-8,2.7695918561404245E-8],[2.5656089849456067E-8,2.7695918561404245E-8,2.746548657005061E-8,2.8686405634366165E-8,2.746548657005061E-8,2.7695918561404245E-8,2.5656089849456067E-8]],[[2.6884403531838442E-8,2.8938827177390196E-8,2.8706891186620458E-8,2.9936807013926453E-8,2.8706891186620458E-8,2.8938827177390196E-8,2.6884403531838442E-8],[2.8938827177390196E-8,3.0970683010883839E-8,3.0782568208300211E-8,3.19808107950759E-8,3.0782568208300211E-8,3.0970683010883839E-8,2.8938827177390196E-8],[2.8706891186620458E-8,3.0782568208300211E-8,3.1381442900550286E-8,3.1981369538449523E-8,3.1381442900550286E-8,3.0782568208300211E-8,2.8706891186620458E-8],[2.9936807013926453E-8,3.19808107950759E-8,3.1981369538449523E-8,3.3091349263781509E-8,3.1981369538449523E-8,3.1980810795075906E-8,2.9936807013926453E-8],[2.8706891186620458E-8,3.0782568208300211E-8,3.1381442900550286E-8,3.1981369538449523E-8,3.1381442900550286E-8,3.0782568208300218E-8,2.8706891186620458E-8],[2.8938827177390196E-8,3.0970683010883839E-8,3.0782568208300211E-8,3.1980810795075906E-8,3.0782568208300218E-8,3.0970683010883845E-8,2.8938827177390196E-8],[2.6884403531838442E-8,2.8938827177390196E-8,2.8706891186620458E-8,2.9936807013926453E-8,2.8706891186620458E-8,2.8938827177390196E-8,2.6884403531838442E-8]],[[2.81212548027893E-8,3.018955661048756E-8,2.9956181901002772E-8,3.1194637134289473E-8,2.9956181901002772E-8,3.018955661048756E-8,2.81212548027893E-8],[3.018955661048756E-8,3.2233884900091077E-8,3.20447156710611E-8,3.3250498847071689E-8,3.20447156710611E-8,3.2233884900091077E-8,3.018955661048756E-8],[2.9956181901002772E-8,3.20447156710611E-8,3.2647300166953143E-8,3.3250942445194633E-8,3.2647300166953143E-8,3.20447156710611E-8,2.9956181901002772E-8],[3.1194637134289473E-8,3.3250498847071689E-8,3.3250942445194633E-8,3.4367685846419473E-8,3.3250942445194633E-8,3.3250498847071689E-8,3.1194637134289473E-8],[2.9956181901002772E-8,3.20447156710611E-8,3.2647300166953143E-8,3.3250942445194633E-8,3.2647300166953143E-8,3.20447156710611E-8,2.9956181901002772E-8],[3.018955661048756E-8,3.2233884900091077E-8,3.20447156710611E-8,3.3250498847071689E-8,3.20447156710611E-8,3.2233884900091077E-8,3.018955661048756E-8],[2.81212548027893E-8,3.018955661048756E-8,2.9956181901002772E-8,3.1194637134289473E-8,2.9956181901002772E-8,3.018955661048756E-8,2.81212548027893E-8]],[[2.9366238572882882E-8,3.144778324793715E-8,3.1213027703131752E-8,3.2459617178948417E-8,3.1213027703131752E-8,3.144778324793715E-8,2.9366238572882882E-8],[3.144778324793715E-8,3.3504086924809234E-8,3.3313898544983622E-8,3.4526909696439849E-8,3.3313898544983622E-8,3.3504086924809234E-8,3.144778324793715E-8],[3.1213027703131752E-8,3.3313898544983622E-8,3.3920042829335228E-8,3.4527250538651858E-8,3.3920042829335228E-8,3.3313898544983622E-8,3.1213027703131752E-8],[3.2459617178948417E-8,3.4526909696439849E-8,3.4527250538651858E-8,3.56504914174707E-8,3.4527250538651858E-8,3.4526909696439849E-8,3.2459617178948417E-8],[3.1213027703131752E-8,3.3313898544983622E-8,3.3920042829335228E-8,3.4527250538651858E-8,3.3920042829335228E-8,3.3313898544983622E-8,3.1213027703131752E-8],[3.144778324793715E-8,3.3504086924809234E-8,3.3313898544983622E-8,3.4526909696439849E-8,3.3313898544983622E-8,3.3504086924809234E-8,3.144778324793715E-8],[2.9366238572882882E-8,3.144778324793715E-8,3.1213027703131752E-8,3.2459617178948417E-8,3.1213027703131752E-8,3.144778324793715E-8,2.9366238572882882E-8]],[[3.0618995583348923E-8,3.2713219334185458E-8,3.24771343764955E-8,3.3731498752060383E-8,3.24771343764955E-8,3.2713219334185458E-8,3.0618995583348923E-8],[3.2713219334185458E-8,3.4781056026703419E-8,3.458987998586025E-8,3.5809841137110308E-8,3.458987998586025E-8,3.4781056026703419E-8,3.2713219334185458E-8],[3.24771343764955E-8,3.458987998586025E-8,3.5199450598840846E-8,3.5810090105884449E-8,3.5199450598840846E-8,3.458987998586025E-8,3.24771343764955E-8],[3.3731498752060383E-8,3.5809841137110308E-8,3.5810090105884449E-8,3.6939591508755732E-8,3.5810090105884449E-8,3.5809841137110308E-8,3.3731498752060383E-8],[3.24771343764955E-8,3.458987998586025E-8,3.5199450598840846E-8,3.5810090105884449E-8,3.5199450598840846E-8,3.458987998586025E-8,3.24771343764955E-8],[3.2713219334185458E-8,3.4781056026703419E-8,3.458987998586025E-8,3.5809841137110308E-8,3.458987998586025E-8,3.4781056026703419E-8,3.2713219334185458E-8],[3.0618995583348923E-8,3.2713219334185458E-8,3.24771343764955E-8,3.3731498752060383E-8,3.24771343764955E-8,3.2713219334185458E-8,3.0618995583348923E-8]],[[3.1879206787506804E-8,3.3985608546772756E-8,3.374823995435887E-8,3.5010060093986941E-8,3.374823995435887E-8,3.3985608546772756E-8,3.1879206787506804E-8],[3.3985608546772756E-8,3.6064583825486072E-8,3.5872448307541751E-8,3.7099111849953026E-8,3.5872448307541751E-8,3.6064583825486072E-8,3.3985608546772756E-8],[3.374823995435887E-8,3.5872448307541751E-8,3.6485326300103545E-8,3.7099278500320196E-8,3.6485326300103545E-8,3.5872448307541751E-8,3.374823995435887E-8],[3.5010060093986941E-8,3.7099111849953026E-8,3.7099278500320196E-8,3.8234829100540369E-8,3.7099278500320196E-8,3.7099111849953026E-8,3.5010060093986941E-8],[3.374823995435887E-8,3.5872448307541751E-8,3.6485326300103545E-8,3.7099278500320196E-8,3.6485326300103545E-8,3.5872448307541751E-8,3.374823995435887E-8],[3.3985608546772756E-8,3.6064583825486072E-8,3.5872448307541751E-8,3.7099111849953026E-8,3.5872448307541751E-8,3.6064583825486072E-8,3.3985608546772756E-8],[3.1879206787506804E-8,3.3985608546772756E-8,3.374823995435887E-8,3.5010060093986941E-8,3.374823995435887E-8,3.3985608546772756E-8,3.1879206787506804E-8]],[[3.3146588407272784E-8,3.526472211100277E-8,3.5026110730288753E-8,3.6295102765429549E-8,3.5026110730288753E-8,3.526472211100277E-8,3.3146588407272784E-8],[3.526472211100277E-8,3.7354483558051276E-8,3.716141385943621E-8,3.8394558799847526E-8,3.716141385943621E-8,3.7354483558051276E-8,3.526472211100277E-8],[3.5026110730288753E-8,3.716141385943621E-8,3.7777492998263096E-8,3.8394651518602737E-8,3.7777492998263096E-8,3.716141385943621E-8,3.5026110730288753E-8],[3.6295102765429549E-8,3.8394558799847526E-8,3.8394651518602737E-8,3.9536062441483145E-8,3.8394651518602737E-8,3.8394558799847526E-8,3.6295102765429549E-8],[3.5026110730288753E-8,3.716141385943621E-8,3.7777492998263096E-8,3.8394651518602737E-8,3.7777