{"M_cells":[[[0,0,0,0,0],[0,0,0,0,0],[0,0,0,0,0],[0,0,0,0,0],[0,0,0,0,0]],[[0.00040332870559279871,0.00096528859026581931,0.0011323296853238468,0.00096528859026581931,0.00040332870559279871],[0.00096528859026581931,0.0019391790200673589,0.0022369501030940976,0.0019391790200673591,0.00096528859026581931],[0.0011323296853238468,0.0022369501030940976,0.0025782975412373065,0.0022369501030940976,0.0011323296853238468],[0.00096528859026581931,0.0019391790200673591,0.0022369501030940976,0.0019391790200673591,0.00096528859026581931],[0.00040332870559279871,0.00096528859026581931,0.0011323296853238468,0.00096528859026581931,0.00040332870559279871]],[[0.0020443330857704643,0.0032679075253701866,0.0036509507299787428,0.0032679075253701866,0.0020443330857704643],[0.0032679075253701866,0.00477996266590751,0.0052647785167775091,0.00477996266590751,0.0032679075253701866],[0.0036509507299787428,0.0052647785167775091,0.0057835212529443181,0.0052647785167775091,0.0036509507299787428],[0.0032679075253701866,0.00477996266590751,0.0052647785167775091,0.00477996266590751,0.003267907525370187],[0.0020443330857704643,0.0032679075253701866,0.0036509507299787428,0.003267907525370187,0.0020443330857704643]],[[0.004656109576542472,0.0062962295896728648,0.0068248631709100244,0.0062962295896728648,0.004656109576542472],[0.0062962295896728648,0.0080958335814825672,0.0086860641290787879,0.0080958335814825672,0.0062962295896728648],[0.0068248631709100244,0.0086860641290787879,0.0092968291175378436,0.0086860641290787879,0.0068248631709100244],[0.0062962295896728648,0.0080958335814825672,0.0086860641290787879,0.0080958335814825672,0.0062962295896728648],[0.004656109576542472,0.0062962295896728648,0.0068248631709100244,0.0062962295896728648,0.004656109576542472]],[[0.00783779941484114,0.0097092565122651377,0.010322105478632456,0.0097092565122651377,0.00783779941484114],[0.0097092565122651377,0.01166017291807319,0.012307253488517442,0.01166017291807319,0.0097092565122651377],[0.010322105478632456,0.012307253488517442,0.012965745883110634,0.012307253488517442,0.010322105478632456],[0.0097092565122651377,0.01166017291807319,0.012307253488517442,0.01166017291807319,0.0097092565122651377],[0.00783779941484114,0.0097092565122651377,0.010322105478632456,0.0097092565122651377,0.00783779941484114]],[[0.011329164763627749,0.013323938911450069,0.013982719582912122,0.013323938911450069,0.011329164763627749],[0.013323938911450069,0.015353877499938213,0.016031001559433881,0.015353877499938213,0.013323938911450069],[0.013982719582912122,0.016031001559433881,0.016714240799922172,0.016031001559433881,0.013982719582912122],[0.013323938911450069,0.015353877499938213,0.016031001559433881,0.015353877499938213,0.013323938911450069],[0.011329164763627749,0.013323938911450069,0.013982719582912122,0.013323938911450069,0.011329164763627749]],[[0.014984247711295567,0.017043720618478021,0.017726901180179,0.017043720618478021,0.014984247711295567],[0.017043720618478021,0.019114760169422419,0.01980760292701483,0.019114760169422419,0.017043720618478021],[0.017726901180179,0.01980760292701483,0.020503666802002295,0.01980760292701483,0.017726901180179],[0.017043720618478021,0.019114760169422419,0.01980760292701483,0.019114760169422419,0.017043720618478021],[0.014984247711295567,0.017043720618478021,0.017726901180179,0.017043720618478021,0.014984247711295567]],[[0.018724918633335044,0.020818096261481286,0.02151407298630828,0.020818096261481286,0.018724918633335044],[0.020818096261481286,0.022910454801974348,0.023611476212226506,0.022910454801974348,0.020818096261481286],[0.02151407298630828,0.023611476212226506,0.024314179387499704,0.023611476212226506,0.02151407298630828],[0.020818096261481286,0.022910454801974348,0.023611476212226506,0.022910454801974348,0.020818096261481286],[0.018724918633335044,0.020818096261481286,0.02151407298630828,0.020818096261481286,0.018724918633335044]],[[0.02251009055929902,0.024620755463007162,0.025323395852125303,0.024620755463007162,0.02251009055929902],[0.024620755463007162,0.026724140820121246,0.027429400656714932,0.026724140820121246,0.024620755463007162],[0.025323395852125303,0.027429400656714932,0.028135533748649851,0.027429400656714932,0.025323395852125303],[0.024620755463007162,0.026724140820121246,0.027429400656714932,0.026724140820121246,0.024620755463007162],[0.02251009055929902,0.024620755463007162,0.025323395852125303,0.024620755463007162,0.02251009055929902]],[[0.026318313866668476,0.028438017553694683,0.029144110432113943,0.028438017553694683,0.026318313866668476],[0.028438017553694683,0.030547080662769888,0.03125452675448083,0.030547080662769888,0.028438017553694683],[0.029144110432113943,0.03125452675448083,0.031962423972465813,0.031254526754480837,0.029144110432113943],[0.028438017553694683,0.030547080662769888,0.031254526754480837,0.030547080662769892,0.028438017553694683],[0.026318313866668476,0.028438017553694683,0.029144110432113943,0.028438017553694683,0.026318313866668476]],[[0.030138424450556794,0.032262773014857513,0.03297064404583,0.032262773014857513,0.030138424450556794],[0.032262773014857513,0.034374733829311048,0.035083298629187652,0.034374733829311048,0.032262773014857513],[0.03297064404583,0.035083298629187652,0.03579209471389265,0.035083298629187652,0.03297064404583],[0.032262773014857513,0.034374733829311048,0.035083298629187652,0.034374733829311048,0.032262773014857513],[0.030138424450556794,0.032262773014857513,0.03297064404583,0.032262773014857513,0.030138424450556794]],[[0.033964616924729546,0.036091325331718771,0.036800102809752148,0.036091325331718771,0.033964616924729546],[0.036091325331718771,0.038204737279493653,0.038913865212169531,0.038204737279493653,0.036091325331718771],[0.036800102809752148,0.038913865212169531,0.039623109977699841,0.038913865212169531,0.036800102809752148],[0.036091325331718771,0.038204737279493653,0.038913865212169531,0.038204737279493653,0.036091325331718771],[0.033964616924729546,0.036091325331718771,0.036800102809752148,0.036091325331718771,0.033964616924729546]],[[0.037793870657475144,0.03992174880527212,0.040630978644495275,0.03992174880527212,0.037793870657475144],[0.03992174880527212,0.0420358568481128,0.042745258094478128,0.0420358568481128,0.03992174880527212],[0.040630978644495275,0.042745258094478128,0.043454716483966885,0.042745258094478128,0.040630978644495275],[0.03992174880527212,0.0420358568481128,0.042745258094478128,0.0420358568481128,0.03992174880527212],[0.037793870657475144,0.03992174880527212,0.040630978644495275,0.03992174880527212,0.037793870657475144]],[[0.041624610086811779,0.043753035702457824,0.044462480646100692,0.043753035702457824,0.041624610086811779],[0.043753035702457824,0.045867443089310921,0.046576965603083754,0.045867443089310921,0.043753035702457824],[0.044462480646100692,0.046576965603083754,0.047286513977207643,0.046576965603083754,0.044462480646100692],[0.043753035702457824,0.045867443089310921,0.046576965603083754,0.045867443089310921,0.043753035702457824],[0.041624610086811779,0.043753035702457824,0.044462480646100692,0.043753035702457824,0.041624610086811779]],[[0.045456008680779085,0.047584653616068916,0.048294188805252138,0.047584653616068916,0.045456008680779085],[0.047584653616068916,0.049699148957807922,0.050408712010215462,0.049699148957807922,0.047584653616068916],[0.048294188805252138,0.050408712010215462,0.051118284352036088,0.050408712010215462,0.048294188805252138],[0.047584653616068916,0.049699148957807922,0.050408712010215462,0.049699148957807922,0.047584653616068916],[0.045456008680779085,0.047584653616068916,0.048294188805252138,0.047584653616068916,0.045456008680779085]],[[0.049287627610173156,0.05141631579306296,0.052125874524543432,0.05141631579306296,0.049287627610173156],[0.05141631579306296,0.053530783341938649,0.054240343031303123,0.053530783341938649,0.05141631579306296],[0.052125874524543432,0.054240343031303123,0.054949903040597867,0.054240343031303123,0.052125874524543432],[0.05141631579306296,0.053530783341938649,0.054240343031303123,0.053530783341938649,0.05141631579306296],[0.049287627610173156,0.05141631579306296,0.052125874524543432,0.05141631579306296,0.049287627610173156]],[[0.053119228242945626,0.05524786196784584,0.055957407536629374,0.05524786196784584,0.053119228242945626],[0.05524786196784584,0.057362235060696466,0.0580717664131269,0.057362235060696466,0.05524786196784584],[0.055957407536629374,0.0580717664131269,0.058781293026856196,0.0580717664131269,0.055957407536629374],[0.05524786196784584,0.057362235060696466,0.0580717664131269,0.057362235060696466,0.05524786196784584],[0.053119228242945626,0.05524786196784584,0.055957407536629374,0.05524786196784584,0.053119228242945626]],[[0.056950674841243193,0.059079196513045516,0.059788707596638541,0.059079196513045516,0.056950674841243193],[0.059079196513045516,0.061193433399004765,0.061902921075719874,0.061193433399004758,0.059079196513045516],[0.059788707596638541,0.061902921075719874,0.0626124009499232,0.061902921075719874,0.059788707596638541],[0.059079196513045516,0.061193433399004758,0.061902921075719874,0.061193433399004758,0.059079196513045516],[0.056950674841243193,0.059079196513045516,0.059788707596638541,0.059079196513045516,0.056950674841243193]],[[0.060781884046410509,0.062910256310307347,0.0636197193780482,0.062910256310307347,0.060781884046410509],[0.062910256310307347,0.065024327582837771,0.065733761050146527,0.065024327582837771,0.062910256310307347],[0.0636197193780482,0.065733761050146527,0.066443184650251425,0.065733761050146527,0.0636197193780482],[0.062910256310307347,0.065024327582837771,0.065733761050146527,0.065024327582837771,0.062910256310307347],[0.060781884046410509,0.062910256310307347,0.0636197193780482,0.062910256310307347,0.060781884046410509]],[[0.064612798623134765,0.066740994024950512,0.067450399389810053,0.066740994024950512,0.064612798623134765],[0.066740994024950512,0.068854876066556589,0.0695642470785772,0.068854876066556589,0.066740994024950512],[0.067450399389810053,0.0695642470785772,0.070273606639149458,0.0695642470785772,0.067450399389810053],[0.066740994024950512,0.068854876066556589,0.0695642470785772,0.068854876066556589,0.066740994024950512],[0.064612798623134765,0.066740994024950512,0.067450399389810053,0.066740994024950512,0.064612798623134765]],[[0.068443373775433358,0.070571369359175518,0.0712807091169467,0.070571369359175518,0.068443373775433358],[0.070571369359175518,0.0726850408987729,0.073394342177732178,0.0726850408987729,0.070571369359175518],[0.0712807091169467,0.073394342177732178,0.074103630629842265,0.073394342177732178,0.0712807091169467],[0.070571369359175518,0.0726850408987729,0.073394342177732178,0.0726850408987729,0.070571369359175518],[0.068443373775433358,0.070571369359175518,0.0712807091169467,0.070571369359175518,0.068443373775433358]],[[0.07227356997263247,0.0744013444329452,0.075110611378442993,0.0744013444329452,0.07227356997263247],[0.0744013444329452,0.076514784711933279,0.077224009247691114,0.076514784711933279,0.0744013444329452],[0.075110611378442993,0.077224009247691114,0.077933219646228749,0.077224009247691114,0.075110611378442993],[0.0744013444329452,0.076514784711933279,0.077224009247691114,0.076514784711933279,0.0744013444329452],[0.07227356997263247,0.0744013444329452,0.075110611378442993,0.0744013444329452,0.07227356997263247]],[[0.076103349141417,0.0782308812954605,0.078940068343549427,0.0782308812954605,0.076103349141417],[0.0782308812954605,0.080344069062519161,0.0810532097313608,0.080344069062519161,0.0782308812954605],[0.078940068343549427,0.0810532097313608,0.081762334939757875,0.0810532097313608,0.078940068343549427],[0.0782308812954605,0.080344069062519161,0.0810532097313608,0.080344069062519161,0.0782308812954605],[0.076103349141417,0.0782308812954605,0.078940068343549427,0.0782308812954605,0.076103349141417]],[[0.079932672593484522,0.082059940531405987,0.082769040397984883,0.082059940531405987,0.079932672593484522],[0.082059940531405987,0.0841728534614069,0.08488190280852051,0.0841728534614069,0.082059940531405987],[0.082769040397984883,0.08488190280852051,0.085590935315062427,0.08488190280852051,0.082769040397984883],[0.082059940531405987,0.0841728534614069,0.08488190280852051,0.0841728534614069,0.082059940531405987],[0.079932672593484522,0.082059940531405987,0.082769040397984883,0.082059940531405987,0.079932672593484522]],[[0.083761499842949685,0.0858884804245101,0.086597485440324057,0.0858884804245101,0.083761499842949685],[0.0858884804245101,0.088001094751464573,0.088710044856318546,0.088001094751464573,0.0858884804245101],[0.086597485440324057,0.088710044856318546,0.089418976656713237,0.088710044856318546,0.086597485440324057],[0.0858884804245101,0.088001094751464573,0.088710044856318546,0.088001094751464573,0.0858884804245101],[0.083761499842949685,0.0858884804245101,0.086597485440324057,0.0858884804245101,0.083761499842949685]],[[0.087589787874549421,0.089716456399119529,0.090425358390502225,0.089716456399119529,0.087589787874549421],[0.089716456399119529,0.091828746653916049,0.092537589036569931,0.091828746653916049,0.089716456399119529],[0.090425358390502225,0.092537589036569931,0.093246411548782451,0.092537589036569931,0.090425358390502225],[0.089716456399119529,0.091828746653916049,0.092537589036569931,0.091828746653916049,0.089716456399119529],[0.087589787874549421,0.089716456399119529,0.090425358390502225,0.089716456399119529,0.087589787874549421]],[[0.091417490634282839,0.093543820594327476,0.094252610796473568,0.093543820594327476,0.091417490634282839],[0.093543820594327476,0.095655759390151682,0.096364484936568573,0.095655759390151682,0.093543820594327476],[0.094252610796473568,0.096364484936568573,0.097073188930147158,0.096364484936568573,0.094252610796473568],[0.093543820594327476,0.095655759390151682,0.096364484936568573,0.095655759390151682,0.093543820594327476],[0.091417490634282839,0.093543820594327476,0.094252610796473568,0.093543820594327476,0.091417490634282839]],[[0.095244558623419073,0.097370521494331314,0.09807919047915728,0.097370521494331314,0.095244558623419073],[0.097370521494331314,0.099482079329646131,0.10019067822447632,0.099482079329646131,0.097370521494331314],[0.09807919047915728,0.10019067822447632,0.10089925375497762,0.10019067822447632,0.09807919047915728],[0.097370521494331314,0.099482079329646131,0.10019067822447632,0.099482079329646131,0.097370521494331314],[0.095244558623419073,0.097370521494331314,0.09807919047915728,0.097370521494331314,0.095244558623419073]],[[0.099070938533109512,0.1011965035744128,0.10190504118351522,0.1011965035744128,0.099070938533109512],[0.1011965035744128,0.103307648637272,0.10401611029792746,0.103307648637272,0.1011965035744128],[0.10190504118351522,0.10401611029792746,0.10472454664136326,0.10401611029792746,0.10190504118351522],[0.1011965035744128,0.103307648637272,0.10401611029792746,0.103307648637272,0.1011965035744128],[0.099070938533109512,0.1011965035744128,0.10190504118351522,0.1011965035744128,0.099070938533109512]],[[0.10289657288602676,0.10502170694032183,0.10573010221787141,0.10502170694032183,0.10289657288602676],[0.10502170694032183,0.10713240490489846,0.10784071791347713,0.10713240490489846,0.10502170694032183],[0.10573010221787141,0.10784071791347713,0.10854900349791474,0.10784071791347713,0.10573010221787141],[0.10502170694032183,0.10713240490489846,0.10784071791347713,0.10713240490489846,0.10502170694032183],[0.10289657288602676,0.10502170694032183,0.10573010221787141,0.10502170694032183,0.10289657288602676]],[[0.10672139966631683,0.10884606694817804,0.10955430807087237,0.10884606694817804,0.10672139966631683],[0.10884606694817804,0.11095628075800455,0.11166443278902913,0.11095628075800455,0.10884606694817804],[0.10955430807087237,0.11166443278902913,0.11237255512159312,0.11166443278902913,0.10955430807087237],[0.10884606694817804,0.11095628075800455,0.11166443278902913,0.11095628075800455,0.10884606694817804],[0.10672139966631683,0.10884606694817804,0.10955430807087237,0.10884606694817804,0.10672139966631683]],[[0.1105453519267736,0.11266951379671392,0.1133775879989835,0.11266951379671392,0.1105453519267736],[0.11266951379671392,0.11477920343088553,0.11548718117350117,0.11477920343088553,0.11266951379671392],[0.1133775879989835,0.11548718117350117,0.11619512676156755,0.11548718117350117,0.1133775879989835],[0.11266951379671392,0.11477920343088553,0.11548718117350117,0.11477920343088553,0.11266951379671392],[0.1105453519267736,0.11266951379671392,0.1133775879989835,0.11266951379671392,0.1105453519267736]],[[0.11436835736588757,0.11649197208593653,0.11719986557917697,0.11649197208593653,0.11436835736588757],[0.11649197208593653,0.11860109430535198,0.11930888337895466,0.11860109430535198,0.11649197208593653],[0.11719986557917697,0.11930888337895466,0.12001663764457819,0.11930888337895466,0.11719986557917697],[0.11649197208593653,0.11860109430535198,0.11930888337895466,0.11860109430535198,0.11649197208593653],[0.11436835736588757,0.11649197208593653,0.11719986557917697,0.11649197208593653,0.11436835736588757]],[[0.1181903378691556,0.12031336033718851,0.1210210582220425,0.12031336033718851,0.1181903378691556],[0.12031336033718851,0.12242186840821126,0.12312945327061171,0.12242186840821126,0.12031336033718851],[0.1210210582220425,0.12312945327061171,0.12383700045731719,0.12312945327061171,0.1210210582220425],[0.12031336033718851,0.12242186840821126,0.12312945327061171,0.12242186840821126,0.12031336033718851],[0.1181903378691556,0.12031336033718851,0.1210210582220425,0.12031336033718851,0.1181903378691556]],[[0.12201120900979259,0.1241335904699835,0.12484107664076056,0.1241335904699835,0.12201120900979259],[0.1241335904699835,0.12624143386293549,0.12694879771018192,0.12624143386293549,0.1241335904699835],[0.12484107664076056,0.12694879771018192,0.12765612078125402,0.12694879771018192,0.12484107664076056],[0.1241335904699835,0.12624143386293549,0.12694879771018192,0.12624143386293549,0.1241335904699835],[0.12201120900979259,0.1241335904699835,0.12484107664076056,0.1241335904699835,0.12201120900979259]],[[0.12583087950405636,0.12795256723079504,0.12865982427117587,0.12795256723079504,0.12583087950405636],[0.12795256723079504,0.13005969129059275,0.13076681594755729,0.13005969129059275,0.12795256723079504],[0.12865982427117587,0.13076681594755729,0.13147389647492225,0.13076681594755729,0.12865982427117587],[0.12795256723079504,0.13005969129059275,0.13076681594755729,0.13005969129059275,0.12795256723079504],[0.12583087950405636,0.12795256723079504,0.12865982427117587,0.12795256723079504,0.12583087950405636]],[[0.12964925061632571,0.1317701875687784,0.13247719663782323,0.1317701875687784,0.12964925061632571],[0.1317701875687784,0.13387653315478695,0.13458339895553711,0.13387653315478695,0.1317701875687784],[0.13247719663782323,0.13458339895553711,0.13529021699825347,0.13458339895553711,0.13247719663782323],[0.1317701875687784,0.13387653315478695,0.13458339895553711,0.13387653315478695,0.1317701875687784],[0.12964925061632571,0.1317701875687784,0.13247719663782323,0.1317701875687784,0.12964925061632571]],[[0.13346621550860793,0.13558633995285235,0.13629308066034829,0.13558633995285235,0.13346621550860793],[0.13558633995285235,0.13769184304478271,0.13839842870168712,0.13769184304478271,0.13558633995285235],[0.13629308066034829,0.13839842870168712,0.13910496267297143,0.13839842870168712,0.13629308066034829],[0.13558633995285235,0.13769184304478271,0.13839842870168712,0.13769184304478271,0.13558633995285235],[0.13346621550860793,0.13558633995285235,0.13629308066034829,0.13558633995285235,0.13346621550860793]],[[0.13728165852872673,0.13940090362412136,0.14010735389411716,0.13940090362412136,0.13728165852872673],[0.13940090362412136,0.14150549489044495,0.14221177735083718,0.14150549489044495,0.13940090362412136],[0.14010735389411716,0.14221177735083718,0.1429180038724383,0.14221177735083718,0.14010735389411716],[0.13940090362412136,0.14150549489044495,0.14221177735083718,0.14150549489044495,0.13940090362412136],[0.13728165852872673,0.13940090362412136,0.14010735389411716,0.13940090362412136,0.13728165852872673]],[[0.14109545443083288,0.14321374777692189,0.14391988369826705,0.14321374777692189,0.14109545443083288],[0.14321374777692189,0.1453173521019292,0.14602330639105177,0.1453173521019292,0.14321374777692189],[0.14391988369826705,0.14602330639105177,0.14672920013366134,0.14602330639105177,0.14391988369826705],[0.14321374777692189,0.1453173521019292,0.14602330639105177,0.1453173521019292,0.14321374777692189],[0.14109545443083288,0.14321374777692189,0.14391988369826705,0.14321374777692189,0.14109545443083288]],[[0.1449074675212621,0.14702473066108185,0.14773052632358222,0.14702473066108185,0.1449074675212621],[0.14702473066108185,0.14912726662627948,0.14983286567507034,0.14912726662627948,0.14702473066108185],[0.14773052632358222,0.14983286567507034,0.15053839918332135,0.14983286567507034,0.14773052632358222],[0.14702473066108185,0.14912726662627948,0.14983286567507034,0.14912726662627948,0.14702473066108185],[0.1449074675212621,0.14702473066108185,0.14773052632358222,0.14702473066108185,0.1449074675212621]],[[0.14871755072190426,0.15083369859720494,0.15153912591196617,0.15083369859720494,0.14871755072190426],[0.15083369859720494,0.15293507791231742,0.1536402923684819,0.15293507791231742,0.15083369859720494],[0.15153912591196617,0.1536402923684819,0.15434543586892877,0.1536402923684819,0.15153912591196617],[0.15083369859720494,0.15293507791231742,0.1536402923684819,0.15293507791231742,0.15083369859720494],[0.14871755072190426,0.15083369859720494,0.15153912591196617,0.15083369859720494,0.14871755072190426]],[[0.15252554454262171,0.15464048489598167,0.15534551339818725,0.15464048489598167,0.15252554454262171],[0.15464048489598167,0.15674061177428827,0.15744540979488869,0.15674061177428827,0.15464048489598167],[0.15534551339818725,0.15744540979488869,0.15815013098519998,0.15744540979488869,0.15534551339818725],[0.15464048489598167,0.15674061177428827,0.15744540979488869,0.15674061177428827,0.15464048489598167],[0.15252554454262171,0.15464048489598167,0.15534551339818725,0.15464048489598167,0.15252554454262171]],[[0.1563312759531183,0.15844490867142125,0.15914950530384572,0.15844490867142125,0.1563312759531183],[0.15844490867142125,0.1605436791436772,0.16124802616735079,0.1605436791436772,0.15844490867142125],[0.15914950530384572,0.16124802616735079,0.16195228998476366,0.16124802616735079,0.15914950530384572],[0.15844490867142125,0.1605436791436772,0.16124802616735079,0.1605436791436772,0.15844490867142125],[0.1563312759531183,0.15844490867142125,0.15914950530384572,0.15844490867142125,0.1563312759531183]],[[0.16013455714395589,0.16224677353717826,0.16295090241232724,0.16224677353717826,0.16013455714395589],[0.16224677353717826,0.16434407469774442,0.16504793319441727,0.16434407469774442,0.16224677353717826],[0.16295090241232724,0.16504793319441727,0.16575170156130786,0.16504793319441727,0.16295090241232724],[0.16224677353717826,0.16434407469774442,0.16504793319441727,0.16434407469774442,0.16224677353717826],[0.16013455714395589,0.16224677353717826,0.16295090241232724,0.16224677353717826,0.16013455714395589]],[[0.1639351841651597,0.16604586617377393,0.1667494883125217,0.16604586617377393,0.1639351841651597],[0.16604586617377393,0.16814157535201421,0.16884490454781509,0.16814157535201421,0.16604586617377393],[0.1667494883125217,0.16884490454781509,0.16954813609203837,0.16884490454781509,0.1667494883125217],[0.16604586617377393,0.16814157535201421,0.16884490454781509,0.16814157535201421,0.16604586617377393],[0.1639351841651597,0.16604586617377393,0.1667494883125217,0.16604586617377393,0.1639351841651597]],[[0.16773293542991696,0.16984195475365077,0.17054502779794442,0.16984195475365077,0.16773293542991696],[0.16984195475365077,0.17193593860300529,0.17263869417785468,0.17193593860300529,0.16984195475365077],[0.17054502779794442,0.17263869417785468,0.17334134392529363,0.17263869417785468,0.17054502779794442],[0.16984195475365077,0.17193593860300529,0.17263869417785468,0.17193593860300529,0.16984195475365077],[0.16773293542991696,0.16984195475365077,0.17054502779794442,0.16984195475365077,0.16773293542991696]],[[0.17152757006965674,0.17363478720967174,0.17433726510666667,0.17363478720967174,0.17152757006965674],[0.17363478720967174,0.17572690070618066,0.17642903446131275,0.17572690070618066,0.17363478720967174],[0.17433726510666667,0.17642903446131275,0.17713105349786321,0.17642903446131275,0.17433726510666667],[0.17363478720967174,0.17572690070618066,0.17642903446131275,0.17572690070618066,0.17363478720967174],[0.17152757006965674,0.17363478720967174,0.17433726510666667,0.17363478720967174,0.17152757006965674]],[[0.17531882612566371,0.17742408933159173,0.17812592198644078,0.17742408933159173,0.17531882612566371],[0.17742408933159173,0.17951417467303146,0.18021563416551961,0.17951417467303146,0.17742408933159173],[0.17812592198644078,0.18021563416551961,0.18091696926552764,0.18021563416551961,0.17812592198644078],[0.17742408933159173,0.17951417467303146,0.18021563416551961,0.17951417467303146,0.17742408933159173],[0.17531882612566371,0.17742408933159173,0.17812592198644078,0.17742408933159173,0.17531882612566371]],[[0.17910641856127912,0.1812095626739629,0.18191069556818351,0.1812095626739629,0.17910641856127912],[0.1812095626739629,0.18329744807015211,0.18399817621128414,0.18329744807015211,0.1812095626739629],[0.18191069556818351,0.18399817621128414,0.18469876942925581,0.18399817621128414,0.18191069556818351],[0.1812095626739629,0.18329744807015211,0.18399817621128414,0.18329744807015211,0.1812095626739629],[0.17910641856127912,0.1812095626739629,0.18191069556818351,0.1812095626739629,0.17910641856127912]],[[0.18289003707774876,0.184990882257941,0.18569125603014028,0.184990882257941,0.18289003707774876],[0.184990882257941,0.18707638060228909,0.1877763152164762,0.18707638060228909,0.184990882257941],[0.18569125603014028,0.1877763152164762,0.18847610343871574,0.1877763152164762,0.18569125603014028],[0.184990882257941,0.18707638060228909,0.1877763152164762,0.18707638060228909,0.184990882257941],[0.18289003707774876,0.184990882257941,0.18569125603014028,0.184990882257941,0.18289003707774876]],[[0.18666934371562163,0.18876769404850749,0.18946724403414386,0.18876769404850749,0.18666934371562163],[0.18876769404850749,0.19085060146052826,0.19154967480132698,0.19085060146052826,0.18876769404850749],[0.18946724403414386,0.19154967480132698,0.19224858925404328,0.19154967480132698,0.18946724403414386],[0.18876769404850749,0.19085060146052826,0.19154967480132698,0.19085060146052826,0.18876769404850749],[0.18666934371562163,0.18876769404850749,0.18946724403414386,0.18876769404850749,0.18666934371562163]],[[0.19044397022337373,0.1925396121885295,0.19323826791519316,0.1925396121885295,0.19044397022337373],[0.1925396121885295,0.19461970641690149,0.19531784463663948,0.19461970641690149,0.1925396121885295],[0.19323826791519316,0.19531784463663948,0.19601581034702165,0.19531784463663948,0.19323826791519316],[0.1925396121885295,0.19461970641690149,0.19531784463663948,0.19461970641690149,0.1925396121885295],[0.19044397022337373,0.1925396121885295,0.19323826791519316,0.1925396121885295,0.19044397022337373]],[[0.19421351517437005,0.19630621597072567,0.19700390060551945,0.19630621597072567,0.19421351517437005],[0.19630621597072567,0.19838325464670012,0.19908037721628816,0.19838325464670012,0.19630621597072567],[0.19700390060551945,0.19908037721628816,0.19977731242312566,0.19908037721628816,0.19700390060551945],[0.19630621597072567,0.19838325464670012,0.19908037721628816,0.19838325464670012,0.19630621597072567],[0.19421351517437005,0.19630621597072567,0.19700390060551945,0.19630621597072567,0.19421351517437005]],[[0.19797754081380786,0.20006704652970078,0.20076367627534436,0.20006704652970078,0.19797754081380786],[0.20006704652970078,0.20214076526132696,0.20283678433702074,0.20214076526132696,0.20006704652970078],[0.20076367627534436,0.20283678433702074,0.20353259984768474,0.20283678433702074,0.20076367627534436],[0.20006704652970078,0.20214076526132696,0.20283678433702074,0.20214076526132696,0.20006704652970078],[0.19797754081380786,0.20006704652970078,0.20076367627534436,0.20006704652970078,0.19797754081380786]],[[0.20173556961853376,0.20382160323783249,0.20451708667450411,0.20382160323783249,0.20173556961853376],[0.20382160323783249,0.20589171353682328,0.206586533271147,0.20589171353682328,0.20382160323783249],[0.20451708667450411,0.206586533271147,0.20728113176220667,0.206586533271147,0.20451708667450411],[0.20382160323783249,0.20589171353682328,0.206586533271147,0.20589171353682328,0.20382160323783249],[0.20173556961853376,0.20382160323783249,0.20451708667450411,0.20382160323783249,0.20173556961853376]],[[0.20548708055496404,0.20756933979206754,0.20826357716246349,0.20756933979206754,0.20548708055496404],[0.20756933979206754,0.20963552682733907,0.21032904262207178,0.20963552682733907,0.20756933979206754],[0.20826357716246349,0.21032904262207178,0.21102231788158937,0.21032904262207178,0.20826357716246349],[0.20756933979206754,0.20963552682733907,0.21032904262207178,0.20963552682733907,0.20756933979206754],[0.20548708055496404,0.20756933979206754,0.20826357716246349,0.20756933979206754,0.20548708055496404]],[[0.2092315050244398,0.2113096599836819,0.21200254241971903,0.2113096599836819,0.2092315050244398],[0.2113096599836819,0.21337158015902066,0.21406367785925948,0.21337158015902066,0.2113096599836819],[0.21200254241971903,0.21406367785925948,0.21475551396997183,0.21406367785925948,0.21200254241971903],[0.2113096599836819,0.21337158015902066,0.21406367785925948,0.21337158015902066,0.2113096599836819],[0.2092315050244398,0.2113096599836819,0.21200254241971903,0.2113096599836819,0.2092315050244398]],[[0.2129682224915091,0.21504191315066343,0.21573332184154667,0.21504191315066343,0.2129682224915091],[0.21504191315066343,0.21709919150891893,0.21778974653882302,0.21709919150891893,0.21504191315066343],[0.21573332184154667,0.21778974653882302,0.21848001700311157,0.21778974653882302,0.21573332184154667],[0.21504191315066343,0.21709919150891893,0.21778974653882302,0.21709919150891893,0.21504191315066343],[0.2129682224915091,0.21504191315066343,0.21573332184154667,0.21504191315066343,0.2129682224915091]],[[0.21669655579953315,0.21876538932293782,0.21945519462622048,0.21876538932293782,0.21669655579953315],[0.21876538932293782,0.22081761678604253,0.22150649322911034,0.22081761678604253,0.21876538932293782],[0.21945519462622048,0.22150649322911034,0.22219506003901471,0.22150649322911034,0.21945519462622048],[0.21876538932293782,0.22081761678604253,0.22150649322911034,0.22081761678604253,0.21876538932293782],[0.21669655579953315,0.21876538932293782,0.21945519462622048,0.21876538932293782,0.21669655579953315]],[[0.22041576619046285,0.2224793140853957,0.22316737458521405,0.2224793140853957,0.22041576619046285],[0.2224793140853957,0.22452604454885641,0.22521309417861293,0.22452604454885641,0.2224793140853957],[0.22316737458521405,0.22521309417861293,0.22589980683733582,0.22521309417861293,0.22316737458521405],[0.2224793140853957,0.22452604454885641,0.22521309417861293,0.22452604454885641,0.2224793140853957],[0.22041576619046285,0.2224793140853957,0.22316737458521405,0.2224793140853957,0.22041576619046285]],[[0.22412504806253084,0.22618284320318108,0.22686900472341409,0.22618284320318108,0.22412504806253084],[0.22618284320318108,0.22822359051603933,0.22890865178705555,0.22822359051603933,0.22618284320318108],[0.22686900472341409,0.22890865178705555,0.2295933462926002,0.22890865178705555,0.22686900472341409],[0.22618284320318108,0.22822359051603933,0.22890865178705555,0.22822359051603933,0.22618284320318108],[0.22412504806253084,0.22618284320318108,0.22686900472341409,0.22618284320318108,0.22412504806253084]],[[0.22782352352182786,0.22987505707921657,0.23055915166374585,0.22987505707921657,0.22782352352182786],[0.22987505707921657,0.23190929195630161,0.23259218897061809,0.23190929195630161,0.22987505707921657],[0.23055915166374585,0.23259218897061809,0.23327468677759805,0.23259218897061809,0.23055915166374585],[0.22987505707921657,0.23190929195630161,0.23259218897061809,0.23190929195630161,0.22987505707921657],[0.22782352352182786,0.22987505707921657,0.23055915166374585,0.22987505707921657,0.22782352352182786]],[[0.23151023681210431,0.23355495514620847,0.23423680002434158,0.23355495514620847,0.23151023681210431],[0.23355495514620847,0.23558210207940622,0.23626264354997026,0.23558210207940622,0.23355495514620847],[0.23423680002434158,0.23626264354997026,0.23694275053238312,0.23626264354997026,0.23423680002434158],[0.23355495514620847,0.23558210207940622,0.23626264354997026,0.23558210207940622,0.23355495514620847],[0.23151023681210431,0.23355495514620847,0.23423680002434158,0.23355495514620847,0.23151023681210431]],[[0.23518414874326515,0.23722145033531353,0.23790084689753313,0.23722145033531353,0.23518414874326515],[0.23722145033531353,0.23924088459480239,0.23991886283547065,0.23924088459480239,0.23722145033531353],[0.23790084689753313,0.23991886283547065,0.24059636828145053,0.23991886283547065,0.23790084689753313],[0.23722145033531353,0.23924088459480239,0.23991886283547065,0.23924088459480239,0.23722145033531353],[0.23518414874326515,0.23722145033531353,0.23790084689753313,0.23722145033531353,0.23518414874326515]],[[0.23884413128197471,0.24087336381164373,0.24155009662944169,0.24087336381164373,0.23884413128197471],[0.24087336381164373,0.24288440865667252,0.24355959863776031,0.24288440865667252,0.24087336381164373],[0.24155009662944169,0.24355959863776031,0.24423427431702982,0.24355959863776031,0.24155009662944169],[0.24087336381164373,0.24288440865667252,0.24355959863776031,0.24288440865667252,0.24087336381164373],[0.23884413128197471,0.24087336381164373,0.24155009662944169,0.24087336381164373,0.23884413128197471]],[[0.24248896251977956,0.24450942022227715,0.24518325615595213,0.24450942022227715,0.24248896251977956],[0.24450942022227715,0.24651134447365966,0.24718350299280806,0.24651134447365966,0.24450942022227715],[0.24518325615595213,0.24718350299280806,0.24785510234856678,0.24718350299280806,0.24518325615595213],[0.24450942022227715,0.24651134447365966,0.24718350299280806,0.24651134447365966,0.24450942022227715],[0.24248896251977956,0.24450942022227715,0.24518325615595213,0.24450942022227715,0.24248896251977956]],[[0.24611732229200711,0.2481282437642158,0.24879893121365571,0.2481282437642158,0.24611732229200711],[0.2481282437642158,0.2501202599259818,0.25078912495582745,0.2501202599259818,0.2481282437642158],[0.24879893121365571,0.25078912495582745,0.25145738248471516,0.25078912495582745,0.24879893121365571],[0.2481282437642158,0.2501202599259818,0.25078912495582745,0.25012025992598186,0.24812824376421583],[0.24611732229200711,0.2481282437642158,0.24879893121365571,0.24812824376421583,0.24611732229200711]],[[0.24972778878396973,0.251728355444571,0.25239562380980562,0.251728355444571,0.24972778878396973],[0.251728355444571,0.25370961859791424,0.2543749088839915,0.25370961859791424,0.251728355444571],[0.25239562380980562,0.2543749088839915,0.25503953977977095,0.2543749088839915,0.25239562380980562],[0.251728355444571,0.25370961859791424,0.2543749088839915,0.2537096185979143,0.25172835544457106],[0.24972778878396973,0.251728355444571,0.25239562380980562,0.25172835544457106,0.24972778878396976]],[[0.25331883652480075,0.25530817196763433,0.25597173139766127,0.25530817196763433,0.25331883652480075],[0.25530817196763433,0.25727777969289295,0.25793919468627868,0.25727777969289295,0.25530817196763433],[0.25597173139766127,0.25793919468627868,0.25859989483375251,0.25793919468627868,0.25597173139766133],[0.25530817196763433,0.25727777969289295,0.25793919468627868,0.25727777969289295,0.25530817196763439],[0.25331883652480075,0.25530817196763433,0.25597173139766133,0.25530817196763439,0.25331883652480081]],[[0.25688883622695308,0.25886600673595184,0.25952554825394358,0.25886600673595184,0.25688883622695308],[0.25886600673595184,0.26082300034257727,0.26148022056019482,0.26082300034257727,0.25886600673595184],[0.25952554825394358,0.26148022056019482,0.26213666697386784,0.26148022056019482,0.25952554825394358],[0.25886600673595184,0.26082300034257727,0.26148022056019482,0.26082300034257727,0.25886600673595184],[0.25688883622695308,0.25886600673595184,0.25952554825394358,0.25886600673595184,0.25688883622695308]],[[0.26043605697243355,0.26240007348413791,0.26305526958380493,0.26240007348413791,0.26043605697243355],[0.26240007348413791,0.26434344083817851,0.26499612874750095,0.26434344083817851,0.26240007348413791],[0.26305526958380493,0.26499612874750095,0.26564798055240191,0.26499612874750095,0.26305526958380493],[0.26240007348413791,0.26434344083817851,0.26499612874750095,0.26434344083817851,0.26240007348413791],[0.26043605697243355,0.26240007348413791,0.26305526958380493,0.26240007348413791,0.26043605697243355]],[[0.26395867126335881,0.26590849306239872,0.26655899887033152,0.26590849306239872,0.26395867126335881],[0.26590849306239872,0.26783717328799023,0.26848497480933892,0.26783717328799023,0.26590849306239872],[0.26655899887033152,0.26848497480933892,0.26913187485662787,0.26848497480933892,0.26655899887033152],[0.26590849306239872,0.26783717328799023,0.26848497480933892,0.26783717328799023,0.26590849306239872],[0.26395867126335881,0.26590849306239872,0.26655899887033152,0.26590849306239872,0.26395867126335881]],[[0.26745476343079821,0.2693893038367573,0.27003475892812373,0.2693893038367573,0.26745476343079821],[0.2693893038367573,0.27130219412523487,0.27194474083171122,0.27130219412523487,0.2693893038367573],[0.27003475892812373,0.27194474083171122,0.27258631802669187,0.27194474083171122,0.27003475892812373],[0.2693893038367573,0.27130219412523487,0.27194474083171122,0.27130219412523487,0.2693893038367573],[0.26745476343079821,0.2693893038367573,0.27003475892812373,0.2693893038367573,0.26745476343079821]],[[0.27092234181882846,0.2728404760634307,0.2734805069995021,0.2728404760634307,0.27092234181882846],[0.2728404760634307,0.2747364407442911,0.275373352814162,0.2747364407442911,0.2728404760634307],[0.2734805069995021,0.275373352814162,0.27600922520695087,0.275373352814162,0.2734805069995021],[0.2728404760634307,0.2747364407442911,0.275373352814162,0.2747364407442911,0.2728404760634307],[0.27092234181882846,0.2728404760634307,0.2734805069995021,0.2728404760634307,0.27092234181882846]],[[0.27435935501956843,0.27625993041507857,0.27689415403999879,0.27625993041507857,0.27435935501956843],[0.27625993041507857,0.27813781232452733,0.27876870226268757,0.27813781232452733,0.27625993041507857],[0.27689415403999879,0.27876870226268757,0.27939848091124103,0.27876870226268757,0.27689415403999879],[0.27625993041507857,0.27813781232452733,0.27876870226268757,0.27813781232452733,0.27625993041507857],[0.27435935501956843,0.27625993041507857,0.27689415403999879,0.27625993041507857,0.27435935501956843]],[[0.27776371222425128,0.27964556058843615,0.28027358807901875,0.27964556058843615,0.27776371222425128],[0.27964556058843615,0.28150419461645049,0.28212867171114231,0.28150419461645049,0.27964556058843615],[0.28027358807901875,0.28212867171114231,0.28275196527361673,0.28212867171114231,0.28027358807901875],[0.27964556058843615,0.28150419461645049,0.28212867171114231,0.28150419461645049,0.27964556058843615],[0.27776371222425128,0.27964556058843615,0.28027358807901875,0.27964556058843615,0.27776371222425128]],[[0.28113330748085952,0.28299525961601596,0.28361670122381061,0.28299525961601596,0.28113330748085952],[0.28299525961601596,0.28483348813177706,0.28545116355310718,0.28483348813177706,0.28299525961601596],[0.28361670122381061,0.28545116355310718,0.28606758350519684,0.28545116355310718,0.28361670122381061],[0.28299525961601596,0.28483348813177706,0.28545116355310718,0.28483348813177706,0.28299525961601596],[0.28113330748085952,0.28299525961601596,0.28361670122381061,0.28299525961601596,0.28113330748085952]],[[0.28446604732808517,0.286306949166005,0.28692141952960309,0.286306949166005,0.28446604732808517],[0.286306949166005,0.28812363883216185,0.28873413121580632,0.2881