{"M_cells":[[[0,0,0,0,0,0],[0,0,0,0,0,0],[0,0,0,0,0,0],[0,0,0,0,0,0],[0,0,0,0,0,0],[0,0,0,0,0,0]],[[0.0002194224073185635,0.00050865569671001813,0.00020941021051695642,9.4364023209465742E-5,4.3212075387753459E-5,1.6306265701929631E-5],[0.00050865569671001813,0.000819208280630624,0.00039945596663171489,0.00019077518712053222,9.3814958756657948E-5,4.3212075387753459E-5],[0.00020941021051695642,0.00039945596663171489,0.00028750342724038206,0.00017570586470417403,9.82080655504097E-5,4.59729527044268E-5],[9.4364023209465742E-5,0.00019077518712053222,0.00017570586470417403,0.00012655367558162982,7.7486344381509688E-5,3.5685204594849154E-5],[4.3212075387753459E-5,9.3814958756657948E-5,9.82080655504097E-5,7.7486344381509688E-5,4.9620982204736905E-5,2.1800160387189757E-5],[1.6306265701929631E-5,4.3212075387753459E-5,4.59729527044268E-5,3.5685204594849154E-5,2.1800160387189757E-5,7.9429370013477982E-6]],[[0.00070593004402832993,0.0010307336119778983,0.000492721526126849,0.00025694627291045446,0.00014142740617572826,8.2014926221859929E-5],[0.0010307336119778983,0.0012319200958904428,0.00067516577790381583,0.00037326944995041354,0.0002195937322957204,0.00014142740617572826],[0.000492721526126849,0.00067516577790381583,0.00050832110014159581,0.00034161811485888897,0.00022243565969857712,0.00014488983200097583],[0.00025694627291045446,0.00037326944995041354,0.00034161811485888897,0.00026267204496147224,0.00018382220619893107,0.00011771882689911046],[0.00014142740617572826,0.0002195937322957204,0.00022243565969857712,0.00018382220619893107,0.00013262143541699202,8.1486011767734653E-5],[8.2014926221859929E-5,0.00014142740617572826,0.00014488983200097583,0.00011771882689911046,8.1486011767734653E-5,4.5304332060008524E-5]],[[0.0011507341676823587,0.0014163490314542952,0.00075251356967615608,0.00043655782938412818,0.00027243558892080889,0.00018976732464593703],[0.0014163490314542952,0.0015459960558898492,0.0009166247096672656,0.000558460220372973,0.00036752915816841485,0.00027243558892080889],[0.00075251356967615608,0.0009166247096672656,0.000714933355928447,0.00051337619600387834,0.00036699270857633792,0.00027384006414572689],[0.00043655782938412818,0.000558460220372973,0.00051337619600387834,0.0004133500267039002,0.00031342794894198057,0.00023036335953999606],[0.00027243558892080889,0.00036752915816841485,0.00036699270857633792,0.00031342794894198057,0.00024319054784395982,0.00017303443198833841],[0.00018976732464593703,0.00027243558892080889,0.00027384006414572689,0.00023036335953999606,0.00017303443198833841,0.00011577566055253435]],[[0.0015068881941983406,0.0017191326051721732,0.000986836933936489,0.00062038236938022579,0.00042328397976014188,0.00032578684650017264],[0.0017191326051721732,0.0018070618685746157,0.0011359128710988441,0.000743158183726627,0.00052842553474210586,0.00042328397976014188],[0.000986836933936489,0.0011359128710988441,0.0009119706557042356,0.00068815728497248,0.00052419636967125378,0.00042139013976995153],[0.00062038236938022579,0.000743158183726627,0.00068815728497248,0.00057353814936301627,0.00045902813626644653,0.00036427904664368405],[0.00042328397976014188,0.00052842553474210586,0.00052419636967125378,0.00045902813626644653,0.00037430125619961307,0.00028966725908823894],[0.00032578684650017264,0.00042328397976014188,0.00042139013976995153,0.00036427904664368405,0.00028966725908823894,0.00021514010552990491]],[[0.0017965502134104404,0.0019732208636793367,0.0012019674793683729,0.000804177470314298,0.00058575286148199873,0.00047931979232610579],[0.0019732208636793367,0.0020363601786964028,0.0013404094638942163,0.00092635001723662732,0.00069669848430030129,0.00058575286148199873],[0.0012019674793683729,0.0013404094638942163,0.0011023210573070077,0.00086435785052412157,0.0006891658542553849,0.00058041628220712328],[0.000804177470314298,0.00092635001723662732,0.00086435785052412157,0.00073982996919811923,0.000615414453600819,0.00051273756863482584],[0.00058575286148199873,0.00069669848430030129,0.0006891658542553849,0.000615414453600819,0.00052013839278255438,0.00042496340980599127],[0.00047931979232610579,0.00058575286148199873,0.00058041628220712328,0.00051273756863482584,0.00042496340980599127,0.00033728442596013016]],[[0.0020435968419583281,0.0021981024861209967,0.0014039253002018964,0.00098676273607027111,0.00075487666334554378,0.00064323404260065728],[0.0021981024861209967,0.0022462256744904046,0.0015352549583217512,0.0011080335510051404,0.00086911663707024407,0.00075487666334554378],[0.0014039253002018964,0.0015352549583217512,0.001288186699320975,0.0010412412309361335,0.00085891140040931743,0.0007465043120580176],[0.00098676273607027111,0.0011080335510051404,0.0010412412309361335,0.000910069393892888,0.00077901202659152807,0.00067101209267287948],[0.00075487666334554378,0.00086911663707024407,0.00085891140040931743,0.00077901202659152807,0.00067627697971969184,0.00057364868552074212],[0.00064323404260065728,0.00075487666334554378,0.0007465043120580176,0.00067101209267287948,0.00057364868552074212,0.0004763879066628064]],[[0.002264303993142449,0.0024051728513448489,0.0015971900380812782,0.0011680390067606442,0.00092775682362566828,0.00081313925826586632],[0.0024051728513448489,0.002444074081404248,0.001723881876307553,0.0012884972978961587,0.0010438454421108788,0.00092775682362566828],[0.0015971900380812782,0.001723881876307553,0.0014711117349760737,0.0012184628161209152,0.0010316048157396381,0.00091694194844723612],[0.0011680390067606442,0.0012884972978961587,0.0012184628161209152,0.0010828738507569398,0.00094740072407713651,0.00083585330263360536],[0.00092775682362566828,0.0010438454421108788,0.0010316048157396381,0.00094740072407713651,0.00083949784849149725,0.00073170559830379889],[0.00081313925826586632,0.00092775682362566828,0.00091694194844723612,0.00083585330263360536,0.00073170559830379889,0.00062766568622418513]],[[0.0024687954105130625,0.0026012514967568589,0.0017848215444104022,0.0013482297294722197,0.0011027371101551464,0.0009864433356845375],[0.0026012514967568589,0.0026344330749281503,0.0019085247836353066,0.00146805666274263,0.0012198552021464486,0.0011027371101551464],[0.0017848215444104022,0.0019085247836353066,0.0016521302218874588,0.0013958558694787211,0.0012061251693038196,0.0010900662759632668],[0.0013482297294722197,0.00146805666274263,0.0013958558694787211,0.001257348019618532,0.0011189568998015147,0.0010050587091419098],[0.0011027371101551464,0.0012198552021464486,0.0012061251693038196,0.0011189568998015147,0.0010075260266285114,0.00089620839293506459],[0.0009864433356845375,0.0011027371101551464,0.0010900662759632668,0.0010050587091419098,0.00089620839293506459,0.00078746939436191807]],[[0.0026632548419094335,0.0027904880782247056,0.0019688331630834306,0.0015276064666608724,0.0012788839003470352,0.0011616541513469894],[0.0027904880782247056,0.0028200962417262321,0.0020906205647885276,0.0016469745283291901,0.0013965721857381629,0.0012788839003470352],[0.0019688331630834306,0.0020906205647885276,0.0018319190641432129,0.0015733371203440032,0.0013817823471927732,0.0012648562086040682],[0.0015276064666608724,0.0016469745283291901,0.0015733371203440032,0.0014329092203294986,0.0012925986304534837,0.001177149748527862],[0.0012788839003470352,0.0013965721857381629,0.0013817823471927732,0.0012925986304534837,0.0011787857683180139,0.0010650878952849091],[0.0011616541513469894,0.0012788839003470352,0.0012648562086040682,0.001177149748527862,0.0010650878952849091,0.00095313973991499558]],[[0.0028514675758263604,0.0029754376410405085,0.0021505266171146361,0.0017064024580612034,0.0014556754842628985,0.0013379264293091032],[0.0029754376410405085,0.0030028006553034139,0.0022710880196370711,0.0018254486909865155,0.0015736782082754089,0.0014556754842628985],[0.0021505266171146361,0.0022710880196370711,0.0020109163493397435,0.0017508638159389998,0.0015581494853182732,0.0014406826258202],[0.0017064024580612034,0.0018254486909865155,0.0017508638159389998,0.0016091774592229451,0.001467608789659246,0.0013511408565635384],[0.0014556754842628985,0.0015736782082754089,0.0015581494853182732,0.001467608789659246,0.0013522013854320139,0.00123691013349241],[0.0013379264293091032,0.0014556754842628985,0.0014406826258202,0.0013511408565635384,0.00123691013349241,0.0011227947016732307]],[[0.0030357670972552494,0.0031576869289484623,0.0023307366705047111,0.0018847954260652776,0.0016328219516772633,0.0015147862454164653],[0.0031576869289484623,0.0031836328579247456,0.0024505133805710197,0.0020036205401060638,0.0017509972994860015,0.0016328219516772633],[0.0023307366705047111,0.0024505133805710197,0.0021894039885165867,0.0019284134627749595,0.0017349612728252005,0.0016171562405064709],[0.0018847954260652776,0.0020036205401060638,0.0019284134627749595,0.0017859047916766156,0.0016435140522361043,0.0015263786548325507],[0.0016328219516772633,0.0017509972994860015,0.0017349612728252005,0.0016435140522361043,0.0015270464744769716,0.0014106958180561909],[0.0015147862454164653,0.0016328219516772633,0.0016171562405064709,0.0015263786548325507,0.0014106958180561909,0.0012951293319362386]],[[0.0032176022994620935,0.0033382276732234835,0.0025099967410118157,0.0020629131862492291,0.0018101627408165283,0.0016919696345442487],[0.0033382276732234835,0.0033632756363109503,0.0026292704950919249,0.0021815881736598325,0.0019284322594150687,0.0018101627408165283],[0.0025099967410118157,0.0026292704950919249,0.0023675628719957392,0.0021059739403775251,0.0019120520124033813,0.0017940350469656098],[0.0020629131862492291,0.0021815881736598325,0.0021059739403775251,0.0019629294545950725,0.0018200030585376035,0.0017024318362828959],[0.0018101627408165283,0.0019284322594150687,0.0019120520124033813,0.0018200030585376035,0.0017028345387929225,0.0015857834464397655],[0.0016919696345442487,0.0018101627408165283,0.0017940350469656098,0.0017024318362828959,0.0015857834464397655,0.0014692521076889859]],[[0.0033978783454882244,0.003517682757678484,0.0026886472551936724,0.002240844690872774,0.0019876090631664764,0.0018693301613233509],[0.003517682757678484,0.0035421596235038731,0.0028075978173893895,0.00235941834490332,0.0021059293753887647,0.0019876090631664764],[0.0026886472551936724,0.0028075978173893895,0.002545508886247634,0.002283538533049858,0.0020893177195436523,0.0019711678797708783],[0.002240844690872774,0.00235941834490332,0.002283538533049858,0.002140145935110107,0.0019968715285839022,0.0018790166457856913],[0.0019876090631664764,0.0021059293753887647,0.0020893177195436523,0.0019968715285839022,0.0018792418260526534,0.0017617298824436957],[0.0018693301613233509,0.0019876090631664764,0.0019711678797708783,0.0018790166457856913,0.0017617298824436957,0.0016445606310453145]],[[0.0035771635031763712,0.0036964448833720952,0.0028669054217115796,0.0024186505586935524,0.0021651118016886004,0.0020467867430700162],[0.0036964448833720952,0.0037205571877418912,0.0029856474934167512,0.0025371558436389679,0.00228345888543972,0.0021651118016886004],[0.0028669054217115796,0.0029856474934167512,0.0027233161814415045,0.0024611033730703824,0.0022666928139839738,0.0021484598560883006],[0.0024186505586935524,0.0025371558436389679,0.0024611033730703824,0.0023174854053423055,0.0021739856939300621,0.0020559468868297541],[0.0021651118016886004,0.00228345888543972,0.0022666928139839738,0.0021739856939300621,0.0020560539427705855,0.0019382401667430655],[0.0020467867430700162,0.0021651118016886004,0.0021484598560883006,0.0020559468868297541,0.0019382401667430655,0.0018206512604324165]],[[0.0037558159095745151,0.0038747623418532956,0.0030449098370463343,0.0025963714835519017,0.0023426437050723305,0.0022242944702394307],[0.0038747623418532956,0.003898640949643616,0.0031635166055117565,0.0027148303787209961,0.0024610041921507343,0.0023426437050723305],[0.0030449098370463343,0.0031635166055117565,0.0029010321259293538,0.0026386661006187581,0.0024441357126336683,0.0023258511172326874],[0.0025963714835519017,0.0027148303787209961,0.0026386661006187581,0.00249490293333284,0.0023512580632314246,0.0022331006079450125],[0.0023426437050723305,0.0024610041921507343,0.0024441357126336683,0.0023512580632314246,0.0022331294396528895,0.0021151189314508683],[0.0022242944702394307,0.0023426437050723305,0.0023258511172326874,0.0022331006079450125,0.0021151189314508683,0.001997255265464932]],[[0.0039340619262778834,0.0040527924347128026,0.0032227489209846381,0.0027740344507108171,0.0025201895457819369,0.0024018283887952243],[0.0040527924347128026,0.004076520441893214,0.0033412670626252975,0.0028924614414644581,0.0026385559192774943,0.0025201895457819369],[0.0032227489209846381,0.0033412670626252975,0.0030786868968356797,0.0028162251518831492,0.0026216198812901818,0.002503303687573487],[0.0027740344507108171,0.0028924614414644581,0.0028162251518831492,0.0026723691303523027,0.0025286314311293028,0.0024103980230151603],[0.0025201895457819369,0.0026385559192774943,0.0026216198812901818,0.0025286314311293028,0.002410375236706563,0.0022922372479660686],[0.0024018283887952243,0.0025201895457819369,0.002503303687573487,0.0024103980230151603,0.0022922372479660686,0.0021741946109057378]],[[0.0041120449086823347,0.0042306349242887615,0.0034004790330369049,0.0029516571465402074,0.0026977406927227504,0.0025793745238386679],[0.0042306349242887615,0.0042542651739506084,0.0035189382736294577,0.0030700616637155311,0.0028161086411942452,0.0026977406927227504],[0.0034004790330369049,0.0035189382736294577,0.0032562996266960955,0.002993779377206345,0.0027991282516259593,0.0026807933125704026],[0.0029516571465402074,0.0030700616637155311,0.002993779377206345,0.0028498647021045747,0.00270606836406665,0.002587786940981501],[0.0026977406927227504,0.0028161086411942452,0.0027991282516259593,0.00270606836406665,0.0025877301745076348,0.0024695102481349976],[0.0025793745238386679,0.0026977406927227504,0.0026807933125704026,0.002587786940981501,0.0024695102481349976,0.0023513517752148856]],[[0.0042898557308933653,0.00440835307317432,0.0035781360204451317,0.0031292510095975181,0.0028752921230801123,0.0027569249250311892],[0.00440835307317432,0.0044319191956570872,0.0036965552321479235,0.0032476391010399673,0.00299365908478561,0.0028752921230801123],[0.0035781360204451317,0.0036965552321479235,0.0034338823433354309,0.0031713278348439191,0.0029766497233243961,0.0028583043665839909],[0.0031292510095975181,0.0032476391010399673,0.0031713278348439191,0.0030273768987255823,0.0028835443075428428,0.0027652331853258425],[0.0028752921230801123,0.00299365908478561,0.0029766497233243961,0.0028835443075428428,0.0027651540754952517,0.002646882142579755],[0.0027569249250311892,0.0028752921230801123,0.0028583043665839909,0.0027652331853258425,0.002646882142579755,0.0025286493717665516]],[[0.0044675519790026612,0.0045859869263937536,0.0037557425867423685,0.003306823307469565,0.0030528407788677115,0.00293447493700962],[0.0045859869263937536,0.0046095103211824485,0.0038741336809297363,0.0034251987682403606,0.0031712051414578926,0.0030528407788677115],[0.0037557425867423685,0.0038741336809297363,0.0036114424964390048,0.00334886967898515,0.003154176964300209,0.0030358266627072148],[0.003306823307469565,0.0034251987682403606,0.00334886967898515,0.0032048972046489032,0.0030610430784865144,0.0029427143131085486],[0.0030528407788677115,0.0031712051414578926,0.003154176964300209,0.0030610430784865144,0.0029426205068978947,0.0028243162561815403],[0.00293447493700962,0.0030528407788677115,0.0030358266627072148,0.0029427143131085486,0.0028243162561815403,0.002706036503505252]],[[0.004645170065140378,0.0047635617225200771,0.0039333129990682938,0.0034843785344230321,0.00323038466367392,0.0031120216974949819],[0.0047635617225200771,0.0047870559862857338,0.0040516834148239421,0.0036027436637037151,0.0033487453244478815,0.00323038466367392],[0.0039333129990682938,0.0040516834148239421,0.0037889845787289784,0.0035264040986518453,0.0033317050225279538,0.0032133534466042336],[0.0034843785344230321,0.0036027436637037151,0.0035264040986518453,0.0033824198368977319,0.0032385539233723147,0.0031202155072462064],[0.00323038466367392,0.0033487453244478815,0.0033317050225279538,0.0032385539233723147,0.0031201120124795634,0.0030017884347882848],[0.0031120216974949819,0.00323038466367392,0.0032133534466042336,0.0031202155072462064,0.0030017884347882848,0.0028834796859080291]],[[0.0048227328976820933,0.0049410932341552322,0.0041108560989214695,0.0036619193441201426,0.0034079223463996987,0.0032895633115772017],[0.0049410932341552322,0.0049645669759113475,0.0042292103956029954,0.0037802754484613055,0.003526278470712105,0.0034079223463996987],[0.0041108560989214695,0.0042292103956029954,0.0039665111667479469,0.0037039302841347767,0.0035092304473014085,0.0033908801305728045],[0.0036619193441201426,0.0037802754484613055,0.0037039302841347767,0.0035599407697543915,0.0034160696014043637,0.0032977268955068557],[0.0034079223463996987,0.003526278470712105,0.0035092304473014085,0.0034160696014043637,0.0032976169814461372,0.0031792827007248964],[0.0032895633115772017,0.0034079223463996987,0.0033908801305728045,0.0032977268955068557,0.0031792827007248964,0.0030609568402236377]],[[0.00500025475072176,0.0051185911662756343,0.0042883772298525991,0.0038394471680462967,0.0035854526885792785,0.003467098397928815],[0.0051185911662756343,0.0051420498008085081,0.0044067181072798313,0.0039577948940546582,0.0037038035770541535,0.0035854526885792785],[0.0042883772298525991,0.0044067181072798313,0.0041440235892871158,0.0038814474083356887,0.0036867507313661156,0.0035684034921900994],[0.0038394471680462967,0.0039577948940546582,0.0038814474083356887,0.0037374571017160557,0.0035935851372681953,0.0034752418035865029],[0.0035854526885792785,0.0037038035770541535,0.0036867507313661156,0.0035935851372681953,0.0034751275980039434,0.0033567883997387481],[0.003467098397928815,0.0035854526885792785,0.0035684034921900994,0.0034752418035865029,0.0033567883997387481,0.0032384533350892889]],[[0.0051777443623775374,0.0052960613226807323,0.0044658794727920224,0.0040169626234038552,0.0037629746944259405,0.0036446258393868],[0.0052960613226807323,0.0053195082150357146,0.00458420842526692,0.0041353021766215546,0.003881319709865389,0.0037629746944259405],[0.0044658794727920224,0.00458420842526692,0.0043215223567215346,0.0040589546161519932,0.003864263955776217,0.003745921165557207],[0.0040169626234038552,0.0041353021766215546,0.0040589546161519932,0.0039149666447631706,0.0037710970104013861,0.0036527556183395993],[0.0037629746944259405,0.003881319709865389,0.003864263955776217,0.0037710970104013861,0.0036526385015526039,0.0035342983324956555],[0.0036446258393868,0.0037629746944259405,0.003745921165557207,0.0036527556183395993,0.0035342983324956555,0.0034159593868207452]],[[0.0053552069097556818,0.0054735069891042529,0.0046433644381812089,0.004194465780924455,0.00394048742817654,0.0038221446457249466],[0.0054735069891042529,0.005496944185961636,0.0047616821739585417,0.0043127970692089261,0.0040588259551835012,0.00394048742817654],[0.0046433644381812089,0.0047616821739585417,0.004499007436686478,0.004236451018165768,0.0040417685631659,0.0039234313173859524],[0.004194465780924455,0.0043127970692089261,0.004236451018165768,0.0040924676578588583,0.0039486026283801681,0.00383026504880052],[0.00394048742817654,0.0040588259551835012,0.0040417685631659,0.0039486026283801681,0.0038301459127422837,0.003711807533557117],[0.0038221446457249466,0.00394048742817654,0.0039234313173859524,0.00383026504880052,0.003711807533557117,0.0035934683566928877]],[[0.0055326452696577745,0.0056509298171398357,0.0048208327740576389,0.0043719563399527567,0.004117989968291976,0.00399965387794937],[0.0056509298171398357,0.0056743585146921795,0.0049391394843968685,0.0044902790669916794,0.0042363213907904767,0.004117989968291976],[0.0048208327740576389,0.0049391394843968685,0.0046764784309144625,0.0044139356865992591,0.0042192632125428878,0.004100932440161467],[0.0043719563399527567,0.0044902790669916794,0.0044139356865992591,0.0042699586739237032,0.0041260999849632666,0.0040077676461158828],[0.004117989968291976,0.0042363213907904767,0.0042192632125428878,0.0041260999849632666,0.0040076470641453137,0.0038893124748425652],[0.00399965387794937,0.004117989968291976,0.004100932440161467,0.0040077676461158828,0.0038893124748425652,0.0037709756381585306]],[[0.0057100608241440571,0.0058283303894538637,0.004998284491883419,0.0045494337423855127,0.00429548138179772,0.0041771526062820349],[0.0058283303894538637,0.0058517512329263489,0.0051165800235283294,0.0046677474683870322,0.004413805070317316,0.00429548138179772],[0.004998284491883419,0.0051165800235283294,0.00485393468843522,0.0045914076524247146,0.004396746685923535,0.0042784232196183426],[0.0045494337423855127,0.0046677474683870322,0.0045914076524247146,0.0044474383873267581,0.0043035874379962636,0.0041852614917508458],[0.00429548138179772,0.004413805070317316,0.004396746685923535,0.0043035874379962636,0.0041851398296689378,0.0040668105466566233],[0.0041771526062820349,0.00429548138179772,0.0042784232196183426,0.0041852614917508458,0.0040668105466566233,0.0039484779308454456]],[[0.0058874539755123557,0.006005708581166864,0.0051757191753024762,0.0047268972464085436,0.0044729607095903489,0.00435463988654753],[0.006005708581166864,0.0060291218566096132,0.005294003140893162,0.0048452014272350836,0.0045912760138513116,0.0044729607095903489],[0.0051757191753024762,0.005294003140893162,0.0050313753777601646,0.0047688659030219425,0.0045742178279745364,0.0044559024494663186],[0.0047268972464085436,0.0048452014272350836,0.0047688659030219425,0.0046249055805094872,0.0044810635650227347,0.0043627449949181444],[0.0044729607095903489,0.0045912760138513116,0.0045742178279745364,0.0044810635650227347,0.0043626224833879026,0.0042442997198122211],[0.00435463988654753,0.0044729607095903489,0.0044559024494663186,0.0043627449949181444,0.0042442997198122211,0.00412597276746986]],[[0.0060648244754356179,0.0061830637906747461,0.00535313611361782,0.0049043459738525464,0.0046504269576765015,0.0045321147465741743],[0.0061830637906747461,0.0062064695477322624,0.0054714079621670216,0.0050226399860197691,0.0047687332020271344,0.0046504269576765015],[0.00535313611361782,0.0054714079621670216,0.0052087995325976874,0.00494630938005325,0.0047516755066817646,0.0046333689761937141],[0.0049043459738525464,0.0050226399860197691,0.00494630938005325,0.0048023590758805683,0.0046585270692123381,0.0045402167608135707],[0.0046504269576765015,0.0047687332020271344,0.0047516755066817646,0.0046585270692123381,0.0045400935425112523,0.0044217783256809071],[0.0045321147465741743,0.0046504269576765015,0.0046333689761937141,0.0045402167608135707,0.0044217783256809071,0.0043034582057651493]],[[0.0062421716350600622,0.0063603950867203276,0.0055305343868049771,0.0050817789402560383,0.0048278790915821674,0.0047095761780050508],[0.0063603950867203276,0.0063837932171247856,0.0056487934484477408,0.0052000620966670295,0.0049461755719453814,0.0048278790915821674],[0.0055305343868049771,0.0056487934484477408,0.0053862060804566745,0.0051237369773745886,0.0049291185874093943,0.0048108216630233036],[0.0050817789402560383,0.0052000620966670295,0.0051237369773745886,0.0049797977039996643,0.00483597671782585,0.0047176755046944071],[0.0048278790915821674,0.0049461755719453814,0.0049291185874093943,0.00483597671782585,0.0047175516649556951,0.0045992449129036647],[0.0047095761780050508,0.0048278790915821674,0.0048108216630233036,0.0047176755046944071,0.0045992449129036647,0.0044809326278649735]],[[0.0064194944587388451,0.0065377013016618473,0.0057079129192840663,0.0052591950735905568,0.00500531603241898,0.0048870231309939864],[0.0065377013016618473,0.0065610915892931037,0.0058261584334289825,0.0053774666331935211,0.0051236020140112718,0.00500531603241898],[0.0057079129192840663,0.0058261584334289825,0.0055635938601605569,0.0053011475388841057,0.0051065459154742429,0.0049882593660605431],[0.0052591950735905568,0.0053774666331935211,0.0053011475388841057,0.0051572202822343571,0.0050134113016860223,0.0048951199955975392],[0.00500531603241898,0.0051236020140112718,0.0051065459154742429,0.0050134113016860223,0.0048949955823020157,0.0047766981538516842],[0.0048870231309939864,0.00500531603241898,0.0049882593660605431,0.0048951199955975392,0.0047766981538516842,0.0046583946095342145]],[[0.0065967917287012489,0.0067149810901201319,0.0058852705135176908,0.0054365932255429367,0.0051827366537753362,0.0050644545104007593],[0.0067149810901201319,0.0067383632427856993,0.00600350164626725,0.005554852398992889,0.0053010113691942312,0.0051827366537753362],[0.0058852705135176908,0.00600350164626725,0.0057409616321479565,0.0054785398562525742,0.005283956304115908,0.005165680918187655],[0.0054365932255429367,0.005554852398992889,0.0054785398562525742,0.0053346256001246548,0.0051908296081797237,0.005072549019186118],[0.0051827366537753362,0.0053010113691942312,0.005283956304115908,0.0051908296081797237,0.005072424055636608,0.0049541367833194549],[0.0050644545104007593,0.0051827366537753362,0.005165680918187655,0.005072549019186118,0.0049541367833194549,0.004835842834725013]],[[0.0067740620581416841,0.0068922329653000438,0.0060626058705491618,0.0056139721778925185,0.0053601397789772073,0.0052418691727256581],[0.0068922329653000438,0.0069156066347476619,0.0061808217251620176,0.0057322181305727807,0.0054784024264344757,0.0053601397789772073],[0.0060626058705491618,0.0061808217251620176,0.0059183080840541922,0.0056559126665037167,0.00546134852586458,0.0053430851178600395],[0.0056139721778925185,0.0057322181305727807,0.0056559126665037167,0.0055120124090177573,0.0053682304029493786,0.0052499613529130061],[0.0053601397789772073,0.0054784024264344757,0.00546134852586458,0.0053682304029493786,0.0052498358461604529,0.0051315595580591336],[0.0052418691727256581,0.0053601397789772073,0.0053430851178600395,0.0052499613529130061,0.0051315595580591336,0.0050132760394933683]],[[0.0069513039239367646,0.0070694553208749044,0.0062399176020566946,0.005791330645635989,0.0055375241784665057,0.00541926592336548],[0.0070694553208749044,0.0070928201152174455,0.0063581172248775046,0.0059095624989199905,0.0056557739200440871,0.0055375241784665057],[0.0062399176020566946,0.0063581172248775046,0.0060956318331781374,0.005833264649424485,0.0056387213060233605,0.0055204707209822674],[0.005791330645635989,0.0059095624989199905,0.005833264649424485,0.00568937941439457,0.0055456124171371244,0.0054273557490867094],[0.0055375241784665057,0.0056557739200440871,0.0056387213060233605,0.0055456124171371244,0.0054272296952968145,0.0053089652297567888],[0.00541926592336548,0.0055375241784665057,0.0055204707209822674,0.0054273557490867094,0.0053089652297567888,0.0051906929748924318]],[[0.0071285156861790253,0.0072466464434943808,0.0064172042368638438,0.0059686672779314942,0.0057148885671564689,0.0055966435139598062],[0.0072466464434943808,0.0072700019347305828,0.006535386620280287,0.0060868841092551708,0.0058331245270163076,0.0057148885671564689],[0.0064172042368638438,0.006535386620280287,0.0062729314268646363,0.0060105944247911425,0.0058160733174398163,0.0056978364346945759],[0.0059686672779314942,0.0060868841092551708,0.0060105944247911425,0.00586672526986513,0.0057229743381504369,0.00560473092298105],[0.0057148885671564689,0.0058331245270163076,0.0058160733174398163,0.0057229743381504369,0.0056046043108808037,0.0054863525266491209],[0.0055966435139598062,0.0057148885671564689,0.0056978364346945759,0.00560473092298105,0.0054863525266491209,0.0053680923821015454]],[[0.007305695599138416,0.007423804519162633,0.0065944642237972658,0.0061459806575549919,0.0058922316016857728,0.0057740006396991795],[0.007423804519162633,0.007447150247516617,0.0067126283072248142,0.0062641814996681191,0.00601045286419329,0.0058922316016857728],[0.0065944642237972658,0.0067126283072248142,0.006450205341462783,0.0061879005493995056,0.0059934031760332336,0.0058751809123146091],[0.0061459806575549919,0.0062641814996681191,0.0061879005493995056,0.006044048572168486,0.0059003148026321693,0.0057820855441354435],[0.0058922316016857728,0.00601045286419329,0.0059934031760332336,0.0059003148026321693,0.0057819583572143729,0.0056637201406654417],[0.0057740006396991795,0.0058922316016857728,0.0058751809123146091,0.0057820855441354435,0.0056637201406654417,0.0055454729754120463]],[[0.0074828418166099225,0.0076009276355680335,0.0067716959321025968,0.0063232692993150322,0.0060695518775228663,0.0059513359365214458],[0.0076009276355680335,0.0076242631117526237,0.0068898406016388788,0.0064414531389473412,0.0061877574852599723,0.0060695518775228663],[0.0067716959321025968,0.0068898406016388788,0.0066274519802805585,0.0063651815138881952,0.0061707094367316733,0.0060525027489490074],[0.0063232692993150322,0.0064414531389473412,0.0063651815138881952,0.0062213478567441508,0.0060776323907804491,0.0059594182296453671],[0.0060695518775228663,0.0061877574852599723,0.0061707094367316733,0.0060776323907804491,0.0059592904475483342,0.0058410667180730886],[0.0059513359365214458,0.0060695518775228663,0.0060525027489490074,0.0059594182296453671,0.0058410667180730886,0.0057228334302303462]],[[0.0076599523935411539,0.0077780137816941593,0.0069488976501947963,0.0065005316477109261,0.0062468479258923166,0.006128647978152154],[0.0077780137816941593,0.0078013384878065275,0.0070670217373526708,0.0066186974238031477,0.0063650368775432474,0.0062468479258923166],[0.0069488976501947963,0.0070670217373526708,0.0068046696708021883,0.0065424357393438631,0.0063479905895925531,0.0062298004774573425],[0.0065005316477109261,0.0066186974238031477,0.0065424357393438631,0.0063986215935916751,0.0062549256214627638,0.0061367275386630064],[0.0062468479258923166,0.0063650368775432474,0.0063479905895925531,0.0062549256214627638,0.0061365991380586777,0.0060183908523167113],[0.006128647978152154,0.0062468479258923166,0.0062298004774573425,0.0061367275386630064,0.0060183908523167113,0.0059001723742561941]],[[0.0078370252851502984,0.0079550608455606,0.0071260675832359333,0.0066777660740140717,0.0064241182105002,0.0063059352729607767],[0.0079550608455606,0.0079783742350625041,0.0072441698630145695,0.0067959126756071521,0.0065422894585979345,0.0064241182105002],[0.0071260675832359333,0.0072441698630145695,0.0069818566613334,0.00671966157367557,0.0065252450559559836,0.0064070725645613211],[0.0066777660740140717,0.0067959126756071521,0.00671966157367557,0.0065758681832297564,0.0064321929477597645,0.0063140119675994377],[0.0064241182105002,0.0065422894585979345,0.0065252450559559836,0.0064321929477597645,0.0063138829227075421,0.0061956910781968723],[0.0063059352729607767,0.0064241182105002,0.0064070725645613211,0.0063140119675994377,0.0061956910781968723,0.0060774883806388111]],[[0.0080140583443049276,0.0081320666106281664,0.0073032038498511871,0.0068549708728826136,0.0066013611240422479,0.006483196260611575],[0.0081320666106281664,0.0081553681076985962,0.0074212830383071013,0.0069730971367219369,0.0067195135725644254,0.0066013611240422479],[0.0073032038498511871,0.0074212830383071013,0.0071590111171744592,0.006896857287744613,0.006702471184529055,0.0065843174069601454],[0.0068549708728826136,0.0069730971367219369,0.006896857287744613,0.0067530859526282235,0.0066094327526994116,0.0064912699456961464],[0.0066013611240422479,0.0067195135725644254,0.006702471184529055,0.0066094327526994116,0.0064911402285921386,0.0063729658668339748],[0.006483196260611575,0.0066013611240422479,0.0065843174069601454,0.0064912699456961464,0.0063729658668339748,0.00625477996233359]],[[0.00819104931764548,0.0083090287512031877,0.0074803044781750821,0.0070321442585752668,0.0067785749844782158,0.0066604293084918369],[0.0083090287512031877,0.0083323177496444877,0.0075983592295922331,0.0071502489664616951,0.0068967074862819793,0.0067785749844782158],[0.0074803044781750821,0.0075983592295922331,0.0073361311163778076,0.0070740210712342474,0.0068796672473293349,0.0067615333273576437],[0.0070321442585752668,0.0071502489664616951,0.0070740210712342474,0.0069302731510247758,0.0067866433450205913,0.0066684998307450973],[0.0067785749844782158,0.0068967074862819793,0.0068796672473293349,0.0067866433450205913,0.0066683694115188845,0.0065502136210529712],[0.0066604293084918369,0.0067785749844782158,0.0067615333273576437,0.0066684998307450973,0.0065502136210529712,0.0064320455671513519]],[[0.0083679958407558829,0.00848594482704326,0.0076573674013438193,0.0072092843607985176,0.0069557580310565473,0.0068376327079011107],[0.00848594482704326,0.0085092206888531,0.0077753963050597782,0.0073273662367023627,0.00707386938514112,0.0069557580310565473],[0.0076573674013438193,0.0077753963050597782,0.0075132146451184229,0.0072511510282417275,0.0070568314354346124,0.0069387185703335529],[0.0072092843607985176,0.0073273662367023627,0.0072511510282417275,0.0071074279455625514,0.0069638229548560932,0.0068456999048094377],[0.0069557580310565473,0.00707386938514112,0.0070568314354346124,0.0069638229548560932,0.006845568751627111,0.0067274326709478348],[0.0068376327079011107,0.0069557580310565473,0.0069387185703335529,0.0068456999048094377,0.0067274326709478348,0.006609283573166991]],[[0.0085448954325617714,0.0086628122772817954,0.0078343904524968283,0.0073863892202031258,0.0071329084200715967,0.007014804669985151],[0.0086628122772817954,0.00868607433095828,0.0079523920294156062,0.0075044469271450271,0.0072509973686569447,0.0071329084200715967],[0.0078343904524968283,0.0079523920294156062,0.0076902595926856112,0.0074282451725734607,0.0072339618544978888,0.0071158712980100153],[0.0073863892202031258,0.0075044469271450271,0.0074282451725734607,0.0072845484167001181,0.0071409697292572748,0.0070228683698428471],[0.0071329084200715967,0.0072509973686569447,0.0072339618544978888,0.0071409697292572748,0.0070227364489431456,0.00690462126946493],[0.007014804669985151,0.0071329084200715967,0.0071158712980100153,0.0070228683698428471,0.00690462126946493,0.0067864922842664982]],[[0.00872174548905896,0.0088396284137315,0.0080113713593191176,0.0075634567835291648,0.0073100242203355233,0.0071919433213959256],[0.0088396284137315,0.0088628759523496636,0.0081293440581218426,0.0076814889202249867,0.0074280894457435962,0.0073100242203355233],[0.0080113713593191176,0.0081293440581218426,0.0078672637460912784,0.0076053014227210562,0.007411056519992033,0.0072929895854719822],[0.0075634567835291648,0.0076814889202249867,0.0076053014227210562,0.0074616325533532531,0.0073180817275013558,0.0072000033431334721],[0.0073100242203355233,0.0074280894457435962,0.007411056519992033,0.0073180817275013558,0.0071998706187788074,0.0070817775878926244],[0.0071919433213959256,0.0073100242203355233,0.0072929895854719822,0.0072000033431334721,0.0070817775878926244,0.0069636699256827158]],[[0.0088985432764223278,0.009016390413589025,0.0081883077381305746,0.007740484898390655,0.0074871034083430817,0.007369046699658704],[0.009016390413589025,0.0090396226926671361,0.0083062499311832121,0.00785848999565096,0.0076051435296671634,0.0074871034083430817],[0.0081883077381305746,0.0083062499311832121,0.0080442247842794513,0.0077823175964937766,0.0075881133521521231,0.0074700714159069478],[0.007740484898390655,0.00785848999565096,0.0077823175964937766,0.0076386782477332014,0.0074951569161353128,0.0073771028525175088],[0.0074871034083430817,0.0076051435296671634,0.0075881133521521231,0.0074951569161353128,0.0073769692869124015,0.0072588997111792015],[0.007369046699658704,0.0074871034083430817,0.0074700714159069478,0.0073771028525175088,0.0072588997111792015,0.007140814639416653]],[[0.0090752859235119221,0.0091930953115375962,0.00836519708751456,0.00791747130768277,0.0076641438631068612,0.0075461127482252107],[0.0091930953115375962,0.00921631154669849,0.0084831070664622647,0.0080354478245531664,0.0077821574326528637,0.0076641438631068612],[0.00836519708751456,0.0084831070664622647,0.0082211402719151137,0.007959291405280693,0.0077651301705851565,0.0076471146754334305],[0.00791747130768277,0.0080354478245531664,0.007959291405280693,0.007815683289848151,0.0076721931637163954,0.0075541648313170087],[0.0076641438631068612,0.0077821574326528637,0.0077651301705851565,0.0076721931637163954,0.0075540303845013932,0.0074359856330174934],[0.0075461127482252107,0.0076641438631068612,0.0076471146754334305,0.0075541648313170087,0.0074359856330174934,0.00731792447946941]],[[0.0092519704137649251,0.00936973999122307,0.0085420367814637039,0.008094413643586873,0.0078411433606367688,0.0077231393111870045],[0.00936973999122307,0.0093929393556464562,0.0086599127524944822,0.0082123599632119414,0.0079591288601182364,0.0078411433606367688],[0.0085420367814637039,0.0086599127524944822,0.0083980076527222173,0.0081362204479112649,0.0079421046885146968,0.00782411714758514],[0.008094413643586873,0.0082123599632119414,0.0081362204479112649,0.007992645361633733,0.00784918823521231,0.0077311871129627559],[0.0078411433606367688,0.0079591288601182364,0.0079421046885146968,0.00784918823521231,0.0077310517426846014,0.0076130332506488827],[0.0077231393111870045,0.0078411433606367688,0.00782411714758514,0.0077311871129627559,0.0076130332506488827,0.0074949974068270718]],[[0.009428593576447911,0.00954632117606561,0.0087188240620133962,0.0082713094211464121,0.00801809956803544,0.0079001241276243084],[0.00954632117606561,0.0095695027977209281,0.00883666414076799,0.0083892238463355411,0.0081360554045021936,0.00801809956803544],[0.0087188240620133962,0.00883666414076799,0.0085748242423366369,0.0083131022040812217,0.00811903450662794,0.0080010765074197],[0.0082713094211464121,0.0083892238463355411,0.0083131022040812217,0.0081695620306780972,0.00802613978602521,0.0079081674252648084],[0.00801809956803544,0.0081360554045021936,0.00811903450662794,0.00802613978602521,0.0079080310868349987,0.0077900403593446485],[0.0079001241276243084,0.00801809956803544,0.0080010765074197,0.0079081674252648084,0.0077900403593446485,0.0076720312841519808]],[[0.00960515207722489,0.00972283541935786,0.008895556031324154,0.0084481560313770764,0.008195010037177531,0.0080770648255594751],[0.00972283541935786,0.00974599837800101,0.00901335823742379,0.0085660367798486257,0.0083129345386552516,0.008195010037177531],[0.008895556031324154,0.00901335823742379,0.0087515872206328157,0.0084899340273052668,0.0082959171064889026,0.0081779903152172269],[0.0084481560313770764,0.0085660367798486257,0.0084899340273052668,0.0083464307435037865,0.0082030453556024233,0.0080851033842948127],[0.008195010037177531,0.0083129345386552516,0.0082959171064889026,0.0082030453556024233,0.0080849660304246132,0.00796700464652478],[0.0080770648255594751,0.008195010037177531,0.0081779903152172269,0.0080851033842948127,0.00796700464652478,0.0078490238701386765]],[[0.0097816424079924282,0.00989927909358781,0.009072229643166476,0.0086249507338744189,0.0083718721979368967,0.0082539589154814429],[0.00989927909358781,0.0099224224175009541,0.0091899918943259152,0.0087427959331496628,0.0084897636087527574,0.0083718721979368967],[0.009072229643166476,0.0091899918943259152,0.0089282936234779588,0.0086667131373548891,0.0084727498434789463,0.0083548560097320857],[0.0086249507338744189,0.0087427959331496628,0.0086667131373548891,0.0085232488183660873,0.008379902360595012,0.0082619924878417784],[0.0083718721979368967,0.0084897636087527574,0.0084727498434789463,0.008379902360595012,0.008261854068463536,0.0081439236854771325],[0.0082539589154814429,0.0083718721979368967,0.0083548560097320857,0.0082619924878417784,0.0081439236854771325,0.0080259728134953953]],[[0.0099580608759115685,0.010075648378913542,0.0092488416937554132,0.0088016906488727082,0.008548683350922048,0.0084308037834055251],[0.010075648378913542,0.010098771041363343,0.0093665617994428078,0.0089194983307882125,0.0086665398266880956,0.008548683350922048],[0.0092488416937554132,0.0093665617994428078,0.0091049403338603844,0.0088434366121332569,0.0086495299392206591,0.0085316709009561932],[0.0088016906488727082,0.0089194983307882125,0.0088434366121332569,0.0087000134375223911,0.0085567080875212156,0.0084388321084011356],[0.008548683350922048,0.0086665398266880956,0.0086495299392206591,0.0085567080875212156,0.0084386925704706874,0.0083207949286351942],[0.0084308037834055251,0.008548683