{"M_cells":[[[0.0045,0.0045,0.0045,0.0045,0.0045,0.0045,0.0045],[0.0045,0.0045,0.0045,0.0045,0.0045,0.0045,0.0045],[0.0045,0.0045,0.0045,0.0045,0.0045,0.0045,0.0045],[0.0045,0.0045,0.0045,0.0045,0.0045,0.0045,0.0045],[0.0045,0.0045,0.0045,0.0045,0.0045,0.0045,0.0045],[0.0045,0.0045,0.0045,0.0045,0.0045,0.0045,0.0045],[0.0045,0.0045,0.0045,0.0045,0.0045,0.0045,0.0045]],[[0.0045000055356374464,0.0045000317441310023,0.0045000282489733529,0.004500041306834698,0.0045000282489733529,0.0045000317441310023,0.0045000055356374464],[0.0045000317441310023,0.00450013356235653,0.004500122138059952,0.0045001724232958977,0.004500122138059952,0.00450013356235653,0.0045000317441310023],[0.0045000282489733529,0.004500122138059952,0.0045001498413121061,0.0045001776909313522,0.0045001498413121061,0.004500122138059952,0.0045000282489733529],[0.004500041306834698,0.0045001724232958977,0.0045001776909313522,0.00450023427170477,0.0045001776909313522,0.0045001724232958977,0.004500041306834698],[0.0045000282489733529,0.004500122138059952,0.0045001498413121061,0.0045001776909313522,0.0045001498413121061,0.004500122138059952,0.0045000282489733529],[0.0045000317441310023,0.00450013356235653,0.004500122138059952,0.0045001724232958977,0.004500122138059952,0.00450013356235653,0.0045000317441310023],[0.0045000055356374464,0.0045000317441310023,0.0045000282489733529,0.004500041306834698,0.0045000282489733529,0.0045000317441310023,0.0045000055356374464]],[[0.0045000378779367295,0.0045001229706593242,0.0045001117566899089,0.0045001555201220839,0.0045001117566899089,0.0045001229706593242,0.0045000378779367295],[0.0045001229706593242,0.0045003167965969272,0.0045002953254756764,0.0045003949596908342,0.0045002953254756764,0.0045003167965969272,0.0045001229706593242],[0.0045001117566899089,0.0045002953254756764,0.0045003491394001761,0.0045004031384649132,0.0045003491394001761,0.0045002953254756764,0.0045001117566899089],[0.0045001555201220839,0.0045003949596908342,0.0045004031384649132,0.0045005107497592834,0.0045004031384649132,0.0045003949596908342,0.0045001555201220839],[0.0045001117566899089,0.0045002953254756764,0.0045003491394001761,0.0045004031384649132,0.0045003491394001761,0.0045002953254756764,0.0045001117566899089],[0.0045001229706593242,0.0045003167965969272,0.0045002953254756764,0.0045003949596908342,0.0045002953254756764,0.0045003167965969272,0.0045001229706593242],[0.0045000378779367295,0.0045001229706593242,0.0045001117566899089,0.0045001555201220839,0.0045001117566899089,0.0045001229706593242,0.0045000378779367295]],[[0.0045001103147413032,0.00450026792448635,0.0045002473461729937,0.004500330594894149,0.0045002473461729937,0.00450026792448635,0.0045001103147413032],[0.00450026792448635,0.00450054497770242,0.0045005147024366112,0.0045006613765611742,0.0045005147024366112,0.00450054497770242,0.00450026792448635],[0.0045002473461729937,0.0045005147024366112,0.0045005926970478833,0.004500670911870691,0.0045005926970478833,0.0045005147024366112,0.0045002473461729937],[0.004500330594894149,0.0045006613765611742,0.004500670911870691,0.0045008245419724405,0.004500670911870691,0.0045006613765611742,0.004500330594894149],[0.0045002473461729937,0.0045005147024366112,0.0045005926970478833,0.004500670911870691,0.0045005926970478833,0.0045005147024366112,0.0045002473461729937],[0.00450026792448635,0.00450054497770242,0.0045005147024366112,0.0045006613765611742,0.0045005147024366112,0.00450054497770242,0.00450026792448635],[0.0045001103147413032,0.00450026792448635,0.0045002473461729937,0.004500330594894149,0.0045002473461729937,0.00450026792448635,0.0045001103147413032]],[[0.0045002277159965475,0.0045004615352456359,0.0045004313097012864,0.0045005575566696059,0.0045004313097012864,0.0045004615352456359,0.0045002277159965475],[0.0045004615352456359,0.0045008140617072969,0.0045007761017161925,0.0045009668786373715,0.0045007761017161925,0.0045008140617072969,0.0045004615352456359],[0.0045004313097012864,0.0045007761017161925,0.0045008763450841895,0.0045009768404800478,0.0045008763450841895,0.0045007761017161925,0.0045004313097012864],[0.0045005575566696059,0.0045009668786373715,0.0045009768404800478,0.0045011720524523709,0.0045009768404800478,0.0045009668786373715,0.0045005575566696059],[0.0045004313097012864,0.0045007761017161925,0.0045008763450841895,0.0045009768404800478,0.0045008763450841895,0.0045007761017161925,0.0045004313097012864],[0.0045004615352456359,0.0045008140617072969,0.0045007761017161925,0.0045009668786373715,0.0045007761017161925,0.0045008140617072969,0.0045004615352456359],[0.0045002277159965475,0.0045004615352456359,0.0045004313097012864,0.0045005575566696059,0.0045004313097012864,0.0045004615352456359,0.0045002277159965475]],[[0.0045003906151280249,0.0045006993183994322,0.004500659836280914,0.0045008295409981157,0.004500659836280914,0.0045006993183994322,0.0045003906151280249],[0.0045006993183994322,0.0045011204513956743,0.0045010757749871433,0.0045013075006868483,0.0045010757749871433,0.0045011204513956743,0.0045006993183994322],[0.004500659836280914,0.0045010757749871433,0.0045011964210509353,0.0045013173481017023,0.0045011964210509353,0.0045010757749871433,0.004500659836280914],[0.0045008295409981157,0.0045013075006868483,0.0045013173481017023,0.004501550224199586,0.0045013173481017023,0.0045013075006868483,0.0045008295409981157],[0.004500659836280914,0.0045010757749871433,0.0045011964210509353,0.0045013173481017023,0.0045011964210509353,0.0045010757749871433,0.004500659836280914],[0.0045006993183994322,0.0045011204513956743,0.0045010757749871433,0.0045013075006868483,0.0045010757749871433,0.0045011204513956743,0.0045006993183994322],[0.0045003906151280249,0.0045006993183994322,0.004500659836280914,0.0045008295409981157,0.004500659836280914,0.0045006993183994322,0.0045003906151280249]],[[0.00450059741072,0.0045009773004387969,0.0045009292443598786,0.004501141165615878,0.0045009292443598786,0.0045009773004387969,0.00450059741072],[0.0045009773004387969,0.0045014609522994031,0.0045014103782952735,0.0045016799185741583,0.0045014103782952735,0.0045014609522994031,0.0045009773004387969],[0.0045009292443598786,0.0045014103782952735,0.0045015497112379241,0.0045016893516201459,0.0045015497112379241,0.0045014103782952735,0.0045009292443598786],[0.004501141165615878,0.0045016799185741583,0.0045016893516201459,0.004501956438355912,0.0045016893516201459,0.0045016799185741583,0.004501141165615878],[0.0045009292443598786,0.0045014103782952735,0.0045015497112379241,0.0045016893516201459,0.0045015497112379241,0.0045014103782952735,0.0045009292443598786],[0.0045009773004387969,0.0045014609522994031,0.0045014103782952735,0.0045016799185741583,0.0045014103782952735,0.0045014609522994031,0.0045009773004387969],[0.00450059741072,0.0045009773004387969,0.0045009292443598786,0.004501141165615878,0.0045009292443598786,0.0045009773004387969,0.00450059741072]],[[0.00450084554494744,0.004501291958659847,0.0045012360991858484,0.0045014881147848644,0.0045012360991858484,0.004501291958659847,0.00450084554494744],[0.004501291958659847,0.004501832731342463,0.0045017769437515958,0.0045020813140318489,0.0045017769437515958,0.004501832731342463,0.004501291958659847],[0.0045012360991858484,0.0045017769437515958,0.0045019333964206459,0.0045020901807828447,0.0045019333964206459,0.0045017769437515958,0.0045012360991858484],[0.0045014881147848644,0.0045020813140318489,0.0045020901807828447,0.0045023884368948141,0.0045020901807828447,0.0045020813140318489,0.0045014881147848644],[0.0045012360991858484,0.0045017769437515958,0.0045019333964206459,0.0045020901807828447,0.0045019333964206459,0.0045017769437515958,0.0045012360991858484],[0.004501291958659847,0.004501832731342463,0.0045017769437515958,0.0045020813140318489,0.0045017769437515958,0.004501832731342463,0.004501291958659847],[0.00450084554494744,0.004501291958659847,0.0045012360991858484,0.0045014881147848644,0.0045012360991858484,0.004501291958659847,0.00450084554494744]],[[0.0045011321255851566,0.0045016401702413882,0.00450157726279345,0.0045018668597479449,0.00450157726279345,0.0045016401702413882,0.0045011321255851566],[0.0045016401702413882,0.0045022332784221495,0.0045021728454831319,0.0045025092757296284,0.0045021728454831319,0.0045022332784221495,0.0045016401702413882],[0.00450157726279345,0.0045021728454831319,0.0045023450026818561,0.0045025175138970631,0.0045023450026818561,0.0045021728454831319,0.00450157726279345],[0.0045018668597479449,0.0045025092757296284,0.0045025175138970631,0.0045028442623803559,0.0045025175138970631,0.0045025092757296284,0.0045018668597479449],[0.00450157726279345,0.0045021728454831319,0.0045023450026818561,0.0045025175138970631,0.0045023450026818561,0.0045021728454831319,0.00450157726279345],[0.0045016401702413882,0.0045022332784221495,0.0045021728454831319,0.0045025092757296284,0.0045021728454831319,0.0045022332784221495,0.0045016401702413882],[0.0045011321255851566,0.0045016401702413882,0.00450157726279345,0.0045018668597479449,0.00450157726279345,0.0045016401702413882,0.0045011321255851566]],[[0.0045014542460813855,0.00450201916781314,0.0045019499056557031,0.00450227446727689,0.0045019499056557031,0.00450201916781314,0.0045014542460813855],[0.00450201916781314,0.004502660371094481,0.0045025957643744056,0.0045029617252561691,0.0045025957643744056,0.004502660371094481,0.00450201916781314],[0.0045019499056557031,0.0045025957643744056,0.0045027823576816069,0.0045029693256329649,0.0045027823576816069,0.0045025957643744056,0.0045019499056557031],[0.00450227446727689,0.0045029617252561691,0.0045029693256329649,0.0045033222102977043,0.0045029693256329649,0.0045029617252561691,0.00450227446727689],[0.0045019499056557031,0.0045025957643744056,0.0045027823576816069,0.0045029693256329649,0.0045027823576816069,0.0045025957643744056,0.0045019499056557031],[0.00450201916781314,0.004502660371094481,0.0045025957643744056,0.0045029617252561691,0.0045025957643744056,0.004502660371094481,0.00450201916781314],[0.0045014542460813855,0.00450201916781314,0.0045019499056557031,0.00450227446727689,0.0045019499056557031,0.00450201916781314,0.0045014542460813855]],[[0.0045018091424449984,0.0045024264999974639,0.0045023514974048134,0.0045027084658248919,0.0045023514974048134,0.0045024264999974639,0.0045018091424449984],[0.0045024264999974639,0.0045031120423765832,0.0045030436540070612,0.0045034368604592164,0.0045030436540070612,0.0045031120423765832,0.0045024264999974639],[0.0045023514974048134,0.0045030436540070612,0.0045032435521754335,0.0045034438441245491,0.0045032435521754335,0.0045030436540070612,0.0045023514974048134],[0.0045027084658248919,0.0045034368604592164,0.0045034438441245491,0.00450382079071367,0.0045034438441245491,0.0045034368604592164,0.0045027084658248919],[0.0045023514974048134,0.0045030436540070612,0.0045032435521754335,0.0045034438441245491,0.0045032435521754335,0.0045030436540070612,0.0045023514974048134],[0.0045024264999974639,0.0045031120423765832,0.0045030436540070612,0.0045034368604592164,0.0045030436540070612,0.0045031120423765832,0.0045024264999974639],[0.0045018091424449984,0.0045024264999974639,0.0045023514974048134,0.0045027084658248919,0.0045023514974048134,0.0045024264999974639,0.0045018091424449984]],[[0.0045021942625873088,0.0045028599960567862,0.0045027797869225863,0.0045031667497787567,0.0045027797869225863,0.0045028599960567862,0.0045021942625873088],[0.0045028599960567862,0.0045035865515103352,0.0045035147089122389,0.0045039331110041346,0.0045035147089122389,0.0045035865515103352,0.0045028599960567862],[0.0045027797869225863,0.0045035147089122389,0.0045037269062559769,0.0045039395152041625,0.0045037269062559769,0.0045035147089122389,0.0045027797869225863],[0.0045031667497787567,0.0045039331110041346,0.0045039395152041625,0.004504338696823736,0.0045039395152041625,0.0045039331110041346,0.0045031667497787567],[0.0045027797869225863,0.0045035147089122389,0.0045037269062559769,0.0045039395152041625,0.0045037269062559769,0.0045035147089122389,0.0045027797869225863],[0.0045028599960567862,0.0045035865515103352,0.0045035147089122389,0.0045039331110041346,0.0045035147089122389,0.0045035865515103352,0.0045028599960567862],[0.0045021942625873088,0.0045028599960567862,0.0045027797869225863,0.0045031667497787567,0.0045027797869225863,0.0045028599960567862,0.0045021942625873088]],[[0.0045026072893131356,0.0045033177340268911,0.0045032327777248925,0.0045036475091599273,0.0045032327777248925,0.0045033177340268911,0.0045026072893131356],[0.0045033177340268911,0.0045040823572525335,0.0045040073353526831,0.0045044491023879842,0.0045040073353526831,0.0045040823572525335,0.0045033177340268911],[0.0045032327777248925,0.0045040073353526831,0.0045042309394770982,0.0045044549718713574,0.0045042309394770982,0.0045040073353526831,0.0045032327777248925],[0.0045036475091599273,0.0045044491023879842,0.0045044549718713574,0.0045048747782527789,0.0045044549718713574,0.0045044491023879842,0.0045036475091599273],[0.0045032327777248925,0.0045040073353526831,0.0045042309394770982,0.0045044549718713574,0.0045042309394770982,0.0045040073353526831,0.0045032327777248925],[0.0045033177340268911,0.0045040823572525335,0.0045040073353526831,0.0045044491023879842,0.0045040073353526831,0.0045040823572525335,0.0045033177340268911],[0.0045026072893131356,0.0045033177340268911,0.0045032327777248925,0.0045036475091599273,0.0045032327777248925,0.0045033177340268911,0.0045026072893131356]],[[0.0045030461392894013,0.0045037980116607356,0.0045037087017646129,0.00450414917625066,0.0045037087017646129,0.0045037980116607356,0.0045030461392894013],[0.0045037980116607356,0.0045045980925941254,0.00450452012388252,0.0045049836249386119,0.00450452012388252,0.0045045980925941254,0.0045037980116607356],[0.0045037087017646129,0.00450452012388252,0.0045047543433259759,0.0045049890066782361,0.0045047543433259759,0.00450452012388252,0.0045037087017646129],[0.00450414917625066,0.0045049836249386119,0.0045049890066782361,0.004505428016407906,0.0045049890066782361,0.0045049836249386119,0.00450414917625066],[0.0045037087017646129,0.00450452012388252,0.0045047543433259759,0.0045049890066782361,0.0045047543433259759,0.00450452012388252,0.0045037087017646129],[0.0045037980116607356,0.0045045980925941254,0.00450452012388252,0.0045049836249386119,0.00450452012388252,0.0045045980925941254,0.0045037980116607356],[0.0045030461392894013,0.0045037980116607356,0.0045037087017646129,0.00450414917625066,0.0045037087017646129,0.0045037980116607356,0.0045030461392894013]],[[0.0045035089498151291,0.0045042993188702,0.00450420599258065,0.0045046703825424445,0.00450420599258065,0.0045042993188702,0.0045035089498151291],[0.0045042993188702,0.0045051325376897194,0.004505051820785021,0.0045055356023992275,0.004505051820785021,0.0045051325376897194,0.0045042993188702],[0.00450420599258065,0.004505051820785021,0.004505295952221878,0.0045055405422848686,0.004505295952221878,0.004505051820785021,0.00450420599258065],[0.0045046703825424445,0.0045055356023992275,0.0045055405422848686,0.0045059974960254224,0.0045055405422848686,0.0045055356023992275,0.0045046703825424445],[0.00450420599258065,0.004505051820785021,0.004505295952221878,0.0045055405422848686,0.004505295952221878,0.004505051820785021,0.00450420599258065],[0.0045042993188702,0.0045051325376897194,0.004505051820785021,0.0045055356023992275,0.004505051820785021,0.0045051325376897194,0.0045042993188702],[0.0045035089498151291,0.0045042993188702,0.00450420599258065,0.0045046703825424445,0.00450420599258065,0.0045042993188702,0.0045035089498151291]],[[0.0045039940588110557,0.0045048203079649787,0.0045047232555914252,0.0045052099181547255,0.0045047232555914252,0.0045048203079649787,0.0045039940588110557],[0.0045048203079649787,0.0045056845804148839,0.004505601288583432,0.0045061040458893465,0.004505601288583432,0.0045056845804148839,0.0045048203079649787],[0.0045047232555914252,0.004505601288583432,0.0045058547011148113,0.004506108586124445,0.0045058547011148113,0.004505601288583432,0.0045047232555914252],[0.0045052099181547255,0.0045061040458893465,0.004506108586124445,0.0045065823550250348,0.004506108586124445,0.0045061040458893465,0.0045052099181547255],[0.0045047232555914252,0.004505601288583432,0.0045058547011148113,0.004506108586124445,0.0045058547011148113,0.004505601288583432,0.0045047232555914252],[0.0045048203079649787,0.0045056845804148839,0.004505601288583432,0.0045061040458893465,0.004505601288583432,0.0045056845804148839,0.0045048203079649787],[0.0045039940588110557,0.0045048203079649787,0.0045047232555914252,0.0045052099181547255,0.0045047232555914252,0.0045048203079649787,0.0045039940588110557]],[[0.0045044999776461649,0.0045053597497041048,0.0045052592252368441,0.0045057666766039981,0.0045052592252368441,0.0045053597497041048,0.0045044999776461649],[0.0045053597497041048,0.0045062531295567863,0.0045061674231679479,0.00450668794861557,0.0045061674231679479,0.0045062531295567863,0.0045053597497041048],[0.0045052592252368441,0.0045061674231679479,0.004506429530777018,0.0045066921237837156,0.004506429530777018,0.0045061674231679479,0.0045052592252368441],[0.0045057666766039981,0.00450668794861557,0.0045066921237837156,0.0045071816545141294,0.0045066921237837156,0.00450668794861557,0.0045057666766039981],[0.0045052592252368441,0.0045061674231679479,0.004506429530777018,0.0045066921237837156,0.004506429530777018,0.0045061674231679479,0.0045052592252368441],[0.0045053597497041048,0.0045062531295567863,0.0045061674231679479,0.00450668794861557,0.0045061674231679479,0.0045062531295567863,0.0045053597497041048],[0.0045044999776461649,0.0045053597497041048,0.0045052592252368441,0.0045057666766039981,0.0045052592252368441,0.0045053597497041048,0.0045044999776461649]],[[0.0045050253459299645,0.0045059164384512584,0.0045058126757233545,0.0045063395376505177,0.0045058126757233545,0.0045059164384512584,0.0045050253459299645],[0.0045059164384512584,0.004506836883747342,0.0045067489372719056,0.00450728600004617,0.0045067489372719056,0.004506836883747342,0.0045059164384512584],[0.0045058126757233545,0.0045067489372719056,0.0045070191338107794,0.0045072898273454884,0.0045070191338107794,0.0045067489372719056,0.0045058126757233545],[0.0045063395376505177,0.00450728600004617,0.0045072898273454884,0.004507794011802407,0.0045072898273454884,0.00450728600004617,0.0045063395376505177],[0.0045058126757233545,0.0045067489372719056,0.0045070191338107794,0.0045072898273454884,0.0045070191338107794,0.0045067489372719056,0.0045058126757233545],[0.0045059164384512584,0.004506836883747342,0.0045067489372719056,0.00450728600004617,0.0045067489372719056,0.004506836883747342,0.0045059164384512584],[0.0045050253459299645,0.0045059164384512584,0.0045058126757233545,0.0045063395376505177,0.0045058126757233545,0.0045059164384512584,0.0045050253459299645]],[[0.0045055688366781527,0.0045064889798402405,0.0045063822232851427,0.0045069271067051655,0.0045063822232851427,0.0045064889798402405,0.0045055688366781527],[0.0045064889798402405,0.004507433910173362,0.0045073439614459181,0.004507896076395161,0.0045073439614459181,0.004507433910173362,0.0045064889798402405],[0.0045063822232851427,0.0045073439614459181,0.0045076214966719482,0.0045078995384577629,0.0045076214966719482,0.0045073439614459181,0.0045063822232851427],[0.0045069271067051655,0.004507896076395161,0.0045078995384577629,0.00450841696782039,0.0045078995384577629,0.004507896076395161,0.0045069271067051655],[0.0045063822232851427,0.0045073439614459181,0.0045076214966719482,0.0045078995384577629,0.0045076214966719482,0.0045073439614459181,0.0045063822232851427],[0.0045064889798402405,0.004507433910173362,0.0045073439614459181,0.004507896076395161,0.0045073439614459181,0.004507433910173362,0.0045064889798402405],[0.0045055688366781527,0.0045064889798402405,0.0045063822232851427,0.0045069271067051655,0.0045063822232851427,0.0045064889798402405,0.0045055688366781527]],[[0.004506128993172028,0.0045070755637588132,0.0045069661063333972,0.0045075274551112871,0.0045069661063333972,0.0045070755637588132,0.004506128993172028],[0.0045070755637588132,0.0045080416983259005,0.0045079500644683405,0.0045085153841842472,0.0045079500644683405,0.0045080416983259005,0.0045070755637588132],[0.0045069661063333972,0.0045079500644683405,0.0045082339921452335,0.0045085184337544625,0.0045082339921452335,0.0045079500644683405,0.0045069661063333972],[0.0045075274551112871,0.0045085153841842472,0.0045085184337544625,0.0045090473092786309,0.0045085184337544625,0.0045085153841842472,0.0045075274551112871],[0.0045069661063333972,0.0045079500644683405,0.0045082339921452335,0.0045085184337544625,0.0045082339921452335,0.0045079500644683405,0.0045069661063333972],[0.0045070755637588132,0.0045080416983259005,0.0045079500644683405,0.0045085153841842472,0.0045079500644683405,0.0045080416983259005,0.0045070755637588132],[0.004506128993172028,0.0045070755637588132,0.0045069661063333972,0.0045075274551112871,0.0045069661063333972,0.0045070755637588132,0.004506128993172028]],[[0.0045067041127841573,0.0045076740768398137,0.0045075622665198059,0.0045081383094152921,0.0045075622665198059,0.0045076740768398137,0.0045067041127841573],[0.0045076740768398137,0.0045086579043256084,0.0045085649267557724,0.0045091414513460659,0.0045085649267557724,0.0045086579043256084,0.0045076740768398137],[0.0045075622665198059,0.0045085649267557724,0.0045088542273810563,0.0045091440475389048,0.0045088542273810563,0.0045085649267557724,0.0045075622665198059],[0.0045081383094152921,0.0045091414513460659,0.0045091440475389048,0.0045096824428494794,0.0045091440475389048,0.0045091414513460659,0.0045081383094152921],[0.0045075622665198059,0.0045085649267557724,0.0045088542273810563,0.0045091440475389048,0.0045088542273810563,0.0045085649267557724,0.0045075622665198059],[0.0045076740768398137,0.0045086579043256084,0.0045085649267557724,0.0045091414513460659,0.0045085649267557724,0.0045086579043256084,0.0045076740768398137],[0.0045067041127841573,0.0045076740768398137,0.0045075622665198059,0.0045081383094152921,0.0045075622665198059,0.0045076740768398137,0.0045067041127841573]],[[0.004507292298890536,0.004508282409697752,0.00450816862195188,0.004508757459452519,0.00450816862195188,0.004508282409697752,0.004507292298890536],[0.004508282409697752,0.0045092806101174878,0.0045091866061975714,0.0045097723986895454,0.0045091866061975714,0.0045092806101174878,0.004508282409697752],[0.00450816862195188,0.0045091866061975714,0.00450948030466793,0.004509774526852188,0.00450948030466793,0.0045091866061975714,0.00450816862195188],[0.004508757459452519,0.0045097723986895454,0.004509774526852188,0.00451032062315711,0.004509774526852188,0.0045097723986895454,0.004508757459452519],[0.00450816862195188,0.0045091866061975714,0.00450948030466793,0.004509774526852188,0.00450948030466793,0.0045091866061975714,0.00450816862195188],[0.004508282409697752,0.0045092806101174878,0.0045091866061975714,0.0045097723986895454,0.0045091866061975714,0.0045092806101174878,0.004508282409697752],[0.004507292298890536,0.004508282409697752,0.00450816862195188,0.004508757459452519,0.00450816862195188,0.004508282409697752,0.004507292298890536]],[[0.0045078915980541808,0.0045088986227463951,0.0045087832296536361,0.0045093829486217967,0.0045087832296536361,0.0045088986227463951,0.0045078915980541808],[0.0045088986227463951,0.004509908200277201,0.0045098134485468157,0.0045104067209806534,0.0045098134485468157,0.004509908200277201,0.0045088986227463951],[0.0045087832296536361,0.0045098134485468157,0.0045101106559032357,0.0045104083899397095,0.0045101106559032357,0.0045098134485468157,0.0045087832296536361],[0.0045093829486217967,0.0045104067209806534,0.0045104083899397095,0.0045109605499213268,0.0045104083899397095,0.0045104067209806534,0.0045093829486217967],[0.0045087832296536361,0.0045098134485468157,0.0045101106559032357,0.0045104083899397095,0.0045101106559032357,0.0045098134485468157,0.0045087832296536361],[0.0045088986227463951,0.004509908200277201,0.0045098134485468157,0.0045104067209806534,0.0045098134485468157,0.004509908200277201,0.0045088986227463951],[0.0045078915980541808,0.0045088986227463951,0.0045087832296536361,0.0045093829486217967,0.0045087832296536361,0.0045088986227463951,0.0045078915980541808]],[[0.0045085001126083761,0.004509520974018741,0.0045094043253024263,0.0045100130795176973,0.0045094043253024263,0.004509520974018741,0.0045085001126083761],[0.004509520974018741,0.0045105392373893747,0.0045104439807488747,0.0045110431017489575,0.0045104439807488747,0.0045105392373893747,0.004509520974018741],[0.0045094043253024263,0.0045104439807488747,0.0045107438931270049,0.0045110443340404842,0.0045107438931270049,0.0045104439807488747,0.0045094043253024263],[0.0045100130795176973,0.0045110431017489575,0.0045110443340404842,0.0045116010904973948,0.0045110443340404842,0.0045110431017489575,0.0045100130795176973],[0.0045094043253024263,0.0045104439807488747,0.0045107438931270049,0.0045110443340404842,0.0045107438931270049,0.0045104439807488747,0.0045094043253024263],[0.004509520974018741,0.0045105392373893747,0.0045104439807488747,0.0045110431017489575,0.0045104439807488747,0.0045105392373893747,0.004509520974018741],[0.0045085001126083761,0.004509520974018741,0.0045094043253024263,0.0045100130795176973,0.0045094043253024263,0.004509520974018741,0.0045085001126083761]],[[0.00450911605801119,0.00451014788782539,0.0045100303042582314,0.0045106463520248686,0.0045100303042582314,0.00451014788782539,0.00450911605801119],[0.00451014788782539,0.00451117238017843,0.0045110768350275186,0.0045116803046882448,0.0045110768350275186,0.00451117238017843,0.00451014788782539],[0.0045100303042582314,0.0045110768350275186,0.0045113787167150952,0.0045116811277331591,0.0045113787167150952,0.0045110768350275186,0.0045100303042582314],[0.0045106463520248686,0.0045116803046882448,0.0045116811277331591,0.0045122411439503986,0.0045116811277331591,0.0045116803046882448,0.0045106463520248686],[0.0045100303042582314,0.0045110768350275186,0.0045113787167150952,0.0045116811277331591,0.0045113787167150952,0.0045110768350275186,0.0045100303042582314],[0.00451014788782539,0.00451117238017843,0.0045110768350275186,0.0045116803046882448,0.0045110768350275186,0.00451117238017843,0.00451014788782539],[0.00450911605801119,0.00451014788782539,0.0045100303042582314,0.0045106463520248686,0.0045100303042582314,0.00451014788782539,0.00450911605801119]],[[0.0045097377759720876,0.0045107779117845642,0.0045106596863727175,0.00451128139748884,0.0045106596863727175,0.0045107779117845642,0.0045097377759720876],[0.0045107779117845642,0.0045118063483224283,0.0045117107126698723,0.0045123171346631626,0.0045117107126698723,0.0045118063483224283,0.0045107779117845642],[0.0045106596863727175,0.0045117107126698723,0.0045120138795940543,0.00451231757562821,0.0045120138795940543,0.0045117107126698723,0.0045106596863727175],[0.00451128139748884,0.0045123171346631626,0.00451231757562821,0.0045128796101350475,0.00451231757562821,0.0045123171346631626,0.00451128139748884],[0.0045106596863727175,0.0045117107126698723,0.0045120138795940543,0.00451231757562821,0.0045120138795940543,0.0045117107126698723,0.0045106596863727175],[0.0045107779117845642,0.0045118063483224283,0.0045117107126698723,0.0045123171346631626,0.0045117107126698723,0.0045118063483224283,0.0045107779117845642],[0.0045097377759720876,0.0045107779117845642,0.0045106596863727175,0.00451128139748884,0.0045106596863727175,0.0045107779117845642,0.0045097377759720876]],[[0.0045103637254553146,0.0045114096895150666,0.0045112910911784734,0.0045119169411123412,0.0045112910911784734,0.0045114096895150666,0.0045103637254553146],[0.0045114096895150666,0.0045124399334622546,0.00451234439041553,0.00451295245936536,0.00451234439041553,0.0045124399334622546,0.0045114096895150666],[0.0045112910911784734,0.00451234439041553,0.004512648203214154,0.0045129525439598361,0.004512648203214154,0.00451234439041553,0.0045112910911784734],[0.0045119169411123412,0.00451295245936536,0.0045129525439598361,0.0045135154367488949,0.0045129525439598361,0.00451295245936536,0.0045119169411123412],[0.0045112910911784734,0.00451234439041553,0.004512648203214154,0.0045129525439598361,0.004512648203214154,0.00451234439041553,0.0045112910911784734],[0.0045114096895150666,0.0045124399334622546,0.00451234439041553,0.00451295245936536,0.00451234439041553,0.0045124399334622546,0.0045114096895150666],[0.0045103637254553146,0.0045114096895150666,0.0045112910911784734,0.0045119169411123412,0.0045112910911784734,0.0045114096895150666,0.0045103637254553146]],[[0.00451099247161531,0.00451204195818853,0.0045119232341998437,0.0045125517998060366,0.0045119232341998437,0.00451204195818853,0.00451099247161531],[0.00451204195818853,0.0045130720343547715,0.0045129767511163351,0.0045135852579109449,0.0045129767511163351,0.0045130720343547715,0.00451204195818853],[0.0045119232341998437,0.0045129767511163351,0.0045132806183897124,0.0045135850116124181,0.0045132806183897124,0.0045129767511163351,0.0045119232341998437],[0.0045125517998060366,0.0045135852579109449,0.0045135850116124181,0.0045141476914113418,0.0045135850116124181,0.0045135852579109449,0.0045125517998060366],[0.0045119232341998437,0.0045129767511163351,0.0045132806183897124,0.0045135850116124181,0.0045132806183897124,0.0045129767511163351,0.0045119232341998437],[0.00451204195818853,0.0045130720343547715,0.0045129767511163351,0.0045135852579109449,0.0045129767511163351,0.0045130720343547715,0.00451204195818853],[0.00451099247161531,0.00451204195818853,0.0045119232341998437,0.0045125517998060366,0.0045119232341998437,0.00451204195818853,0.00451099247161531]],[[0.00451162268332383,0.0045126735629890192,0.0045125549390207858,0.004513184901483956,0.0045125549390207858,0.0045126735629890192,0.00451162268332383],[0.0045126735629890192,0.0045137016871832367,0.0045136068121174938,0.0045142146581750248,0.0045136068121174938,0.0045137016871832367,0.0045126735629890192],[0.0045125549390207858,0.0045136068121174938,0.0045139101983505152,0.0045142141078269148,0.0045139101983505152,0.0045136068121174938,0.0045125549390207858],[0.004513184901483956,0.0045142146581750248,0.0045142141078269148,0.0045147756082699738,0.0045142141078269148,0.0045142146581750248,0.004513184901483956],[0.0045125549390207858,0.0045136068121174938,0.0045139101983505152,0.0045142141078269148,0.0045139101983505152,0.0045136068121174938,0.0045125549390207858],[0.0045126735629890192,0.0045137016871832367,0.0045136068121174938,0.0045142146581750248,0.0045136068121174938,0.0045137016871832367,0.0045126735629890192],[0.00451162268332383,0.0045126735629890192,0.0045125549390207858,0.004513184901483956,0.0045125549390207858,0.0045126735629890192,0.00451162268332383]],[[0.0045122531395296751,0.0045133034744655144,0.0045131851530587032,0.0045138153062594978,0.0045131851530587032,0.0045133034744655144,0.0045122531395296751],[0.0045133034744655144,0.0045143280781503922,0.0045142337383336489,0.0045148399487983226,0.0045142337383336489,0.0045143280781503922,0.0045133034744655144],[0.0045131851530587032,0.0045142337383336489,0.0045145361708648392,0.0045148391233539569,0.0045145361708648392,0.0045142337383336489,0.0045131851530587032],[0.0045138153062594978,0.0045148399487983226,0.0045148391233539569,0.0045153985965386391,0.0045148391233539569,0.0045148399487983226,0.0045138153062594978],[0.0045131851530587032,0.0045142337383336489,0.0045145361708648392,0.0045148391233539569,0.0045145361708648392,0.0045142337383336489,0.0045131851530587032],[0.0045133034744655144,0.0045143280781503922,0.0045142337383336489,0.0045148399487983226,0.0045142337383336489,0.0045143280781503922,0.0045133034744655144],[0.0045122531395296751,0.0045133034744655144,0.0045131851530587032,0.0045138153062594978,0.0045131851530587032,0.0045133034744655144,0.0045122531395296751]],[[0.0045128827392467491,0.0045139307997616018,0.0045138129585502468,0.0045144422183999253,0.0045138129585502468,0.0045139307997616018,0.0045128827392467491],[0.0045139307997616018,0.0045149505415824683,0.0045148568418160173,0.004515460572833415,0.0045148568418160173,0.0045149505415824683,0.0045139307997616018],[0.0045138129585502468,0.0045148568418160173,0.0045151579143631526,0.0045154595031247167,0.0045151579143631526,0.0045148568418160173,0.0045138129585502468],[0.0045144422183999253,0.004515460572833415,0.0045154595031247167,0.0045160162258751531,0.0045154595031247167,0.004515460572833415,0.0045144422183999253],[0.0045138129585502468,0.0045148568418160173,0.0045151579143631526,0.0045154595031247167,0.0045151579143631526,0.0045148568418160173,0.0045138129585502468],[0.0045139307997616018,0.0045149505415824683,0.0045148568418160173,0.004515460572833415,0.0045148568418160173,0.0045149505415824683,0.0045139307997616018],[0.0045128827392467491,0.0045139307997616018,0.0045138129585502468,0.0045144422183999253,0.0045138129585502468,0.0045139307997616018,0.0045128827392467491]],[[0.0045135105100767622,0.0045145547857833842,0.0045144375763805705,0.0045150649876935772,0.0045144375763805705,0.0045145547857833842,0.0045135105100767622],[0.0045145547857833842,0.00451556855096328,0.0045154755741339033,0.0045160761139474226,0.0045154755741339033,0.00451556855096328,0.0045145547857833842],[0.0045144375763805705,0.0045154755741339033,0.00451577494695241,0.004516074831894974,0.00451577494695241,0.0045154755741339033,0.0045144375763805705],[0.0045150649876935772,0.0045160761139474226,0.004516074831894974,0.00451662820528346,0.004516074831894974,0.0045160761139474226,0.0045150649876935772],[0.0045144375763805705,0.0045154755741339033,0.00451577494695241,0.004516074831894974,0.00451577494695241,0.0045154755741339033,0.0045144375763805705],[0.0045145547857833842,0.00451556855096328,0.0045154755741339033,0.0045160761139474226,0.0045154755741339033,0.00451556855096328,0.0045145547857833842],[0.0045135105100767622,0.0045145547857833842,0.0045144375763805705,0.0045150649876935772,0.0045144375763805705,0.0045145547857833842,0.0045135105100767622]],[[0.0045141356126769715,0.0045151748161526891,0.0045150583639913472,0.0045156831034992963,0.0045150583639913472,0.0045151748161526891,0.0045141356126769715],[0.0045151748161526891,0.00451618170789263,0.0045160895161903665,0.0045166862817028692,0.0045160895161903665,0.00451618170789263,0.0045151748161526891],[0.0045150583639913472,0.0045160895161903665,0.0045163869138984854,0.0045166848193942608,0.0045163869138984854,0.0045160895161903665,0.0045150583639913472],[0.0045156831034992963,0.0045166862817028692,0.0045166848193942608,0.0045172343638350491,0.0045166848193942608,0.0045166862817028692,0.0045156831034992963],[0.0045150583639913472,0.0045160895161903665,0.0045163869138984854,0.0045166848193942608,0.0045163869138984854,0.0045160895161903665,0.0045150583639913472],[0.0045151748161526891,0.00451618170789263,0.0045160895161903665,0.0045166862817028692,0.0045160895161903665,0.00451618170789263,0.0045151748161526891],[0.0045141356126769715,0.0045151748161526891,0.0045150583639913472,0.0045156831034992963,0.0045150583639913472,0.0045151748161526891,0.0045141356126769715]],[[0.0045147573408321293,0.0045157904044351464,0.0045156748094684522,0.0045162961850481326,0.0045156748094684522,0.0045157904044351464,0.0045147573408321293],[0.0045157904044351464,0.0045167897309398271,0.0045166983675021836,0.004517290898013537,0.0045166983675021836,0.0045167897309398271,0.0045157904044351464],[0.0045156748094684522,0.0045166983675021836,0.0045169935755486742,0.0045172892868914315,0.0045169935755486742,0.0045166983675021836,0.0045156748094684522],[0.0045162961850481326,0.004517290898013537,0.0045172892868914315,0.00451783463483286,0.0045172892868914315,0.004517290898013537,0.0045162961850481326],[0.0045156748094684522,0.0045166983675021836,0.0045169935755486742,0.0045172892868914315,0.0045169935755486742,0.0045166983675021836,0.0045156748094684522],[0.0045157904044351464,0.0045167897309398271,0.0045166983675021836,0.004517290898013537,0.0045166983675021836,0.0045167897309398271,0.0045157904044351464],[0.0045147573408321293,0.0045157904044351464,0.0045156748094684522,0.0045162961850481326,0.0045156748094684522,0.0045157904044351464,0.0045147573408321293]],[[0.0045153751179019758,0.0045164011854071616,0.0045162865234358316,0.0045169039702596487,0.0045162865234358316,0.0045164011854071616,0.0045153751179019758],[0.0045164011854071616,0.0045173924446518451,0.0045173019353825887,0.004517889884643066,0.0045173019353825887,0.0045173924446518451,0.0045164011854071616],[0.0045162865234358316,0.0045173019353825887,0.0045175947957632355,0.0045178881548752648,0.0045175947957632355,0.0045173019353825887,0.0045162865234358316],[0.0045169039702596487,0.004517889884643066,0.0045178881548752648,0.0045184290422745649,0.0045178881548752648,0.004517889884643066,0.0045169039702596487],[0.0045162865234358316,0.0045173019353825887,0.0045175947957632355,0.0045178881548752648,0.0045175947957632355,0.0045173019353825887,0.0045162865234358316],[0.0045164011854071616,0.0045173924446518451,0.0045173019353825887,0.004517889884643066,0.0045173019353825887,0.0045173924446518451,0.0045164011854071616],[0.0045153751179019758,0.0045164011854071616,0.0045162865234358316,0.0045169039702596487,0.0045162865234358316,0.0045164011854071616,0.0045153751179019758]],[[0.0045159884906512343,0.0045170069052718857,0.0045168932296793573,0.004517506304066967,0.0045168932296793573,0.0045170069052718857,0.0045159884906512343],[0.0045170069052718857,0.0045179897684581105,0.0045179001239108287,0.0045184832510974608,0.0045179001239108287,0.0045179897684581105,0.0045170069052718857],[0.0045168932296793573,0.0045179001239108287,0.0045181905304293194,0.0045184814311126633,0.0045181905304293194,0.0045179001239108287,0.0045168932296793573],[0.004517506304066967,0.0045184832510974608,0.0045184814311126633,0.004519017688222539,0.0045184814311126633,0.0045184832510974608,0.004517506304066967],[0.0045168932296793573,0.0045179001239108287,0.0045181905304293194,0.0045184814311126633,0.0045181905304293194,0.0045179001239108287,0.0045168932296793573],[0.0045170069052718857,0.0045179897684581105,0.0045179001239108287,0.0045184832510974608,0.0045179001239108287,0.0045179897684581105,0.0045170069052718857],[0.0045159884906512343,0.0045170069052718857,0.0045168932296793573,0.004517506304066967,0.0045168932296793573,0.0045170069052718857,0.0045159884906512343]],[[0.0045165971212735908,0.0045176074112085124,0.0045174947549485849,0.0045181031265454346,0.0045174947549485849,0.0045176074112085124,0.0045165971212735908],[0.0045176074112085124,0.0045185817053110767,0.0045184929225969154,0.0045190710825312947,0.0045184929225969154,0.0045185817053110767,0.0045176074112085124],[0.0045174947549485849,0.0045184929225969154,0.0045187808158098329,0.0045190691986815214,0.0045187808158098329,0.0045184929225969154,0.0045174947549485849],[0.0045181031265454346,0.0045190710825312947,0.0045190691986815214,0.0045196007403701353,0.0045190691986815214,0.0045190710825312947,0.0045181031265454346],[0.0045174947549485849,0.0045184929225969154,0.0045187808158098329,0.0045190691986815214,0.0045187808158098329,0.0045184929225969154,0.0045174947549485849],[0.0045176074112085124,0.0045185817053110767,0.0045184929225969154,0.0045190710825312947,0.0045184929225969154,0.0045185817053110767,0.0045176074112085124],[0.0045165971212735908,0.0045176074112085124,0.0045174947549485849,0.0045181031265454346,0.0045174947549485849,0.0045176074112085124,0.0045165971212735908]],[[0.0045172007781771372,0.0045182026404544757,0.0045180910181889106,0.0045186944609358504,0.0045180910181889106,0.0045182026404544757,0.0045172007781771372],[0.0045182026404544757,0.0045191683301552968,0.0045190803948500467,0.0045196535276913587,0.0045190803948500467,0.0045191683301552968,0.0045182026404544757],[0.0045180910181889106,0.0045190803948500467,0.0045193657567976454,0.0045196516040106978,0.0045193657567976454,0.0045190803948500467,0.0045180910181889106],[0.0045186944609358504,0.0045196535276913587,0.0045196516040106978,0.0045201784197752594,0.0045196516040106978,0.0045196535276913587,0.0045186944609358504],[0.0045180910181889106,0.0045190803948500467,0.0045193657567976454,0.0045196516040106978,0.0045193657567976454,0.004519080