{"M_cells":[[[0,0,0,0,0,0,0],[0,0,0,0,0,0,0],[0,0,0,0,0,0,0],[0,0,0,0,0,0,0],[0,0,0,0,0,0,0],[0,0,0,0,0,0,0],[0,0,0,0,0,0,0]],[[1.4204185716320115E-7,8.2081853752091748E-7,7.3026870324103921E-7,1.0683539223925093E-6,7.3026870324103921E-7,8.2081853752091748E-7,1.4204185716320115E-7],[8.2081853752091748E-7,3.4982359378356061E-6,3.1976602105675233E-6,4.518899388060933E-6,3.1976602105675233E-6,3.4982359378356061E-6,8.2081853752091748E-7],[7.3026870324103921E-7,3.1976602105675233E-6,3.9257142164383771E-6,4.6577456486634588E-6,3.9257142164383771E-6,3.1976602105675233E-6,7.3026870324103921E-7],[1.0683539223925093E-6,4.518899388060933E-6,4.6577456486634588E-6,6.1456231109194274E-6,4.6577456486634588E-6,4.518899388060933E-6,1.0683539223925093E-6],[7.3026870324103921E-7,3.1976602105675233E-6,3.9257142164383771E-6,4.6577456486634588E-6,3.9257142164383771E-6,3.1976602105675233E-6,7.3026870324103921E-7],[8.2081853752091748E-7,3.4982359378356061E-6,3.1976602105675233E-6,4.518899388060933E-6,3.1976602105675233E-6,3.4982359378356061E-6,8.2081853752091748E-7],[1.4204185716320115E-7,8.2081853752091748E-7,7.3026870324103921E-7,1.0683539223925093E-6,7.3026870324103921E-7,8.2081853752091748E-7,1.4204185716320115E-7]],[[9.9839262447699938E-7,3.2864697144177793E-6,2.9847934158410289E-6,4.1602053725044361E-6,2.9847934158410289E-6,3.2864697144177793E-6,9.9839262447699938E-7],[3.2864697144177793E-6,8.6413035666282259E-6,8.0475369476559168E-6,1.0793206875835784E-5,8.0475369476559168E-6,8.6413035666282259E-6,3.2864697144177793E-6],[2.9847934158410289E-6,8.0475369476559168E-6,9.53223521028796E-6,1.1022299407099005E-5,9.53223521028796E-6,8.0475369476559168E-6,2.9847934158410289E-6],[4.1602053725044361E-6,1.0793206875835784E-5,1.1022299407099005E-5,1.3995464257151593E-5,1.1022299407099005E-5,1.0793206875835784E-5,4.1602053725044361E-6],[2.9847934158410289E-6,8.0475369476559168E-6,9.53223521028796E-6,1.1022299407099005E-5,9.53223521028796E-6,8.0475369476559168E-6,2.9847934158410289E-6],[3.2864697144177793E-6,8.6413035666282259E-6,8.0475369476559168E-6,1.0793206875835784E-5,8.0475369476559168E-6,8.6413035666282259E-6,3.2864697144177793E-6],[9.9839262447699938E-7,3.2864697144177793E-6,2.9847934158410289E-6,4.1602053725044361E-6,2.9847934158410289E-6,3.2864697144177793E-6,9.9839262447699938E-7]],[[2.9883580846712283E-6,7.3950308188273692E-6,6.8191714591671084E-6,9.1413550567304489E-6,6.8191714591671084E-6,7.3950308188273692E-6,2.9883580846712283E-6],[7.3950308188273692E-6,1.5425404639444861E-5,1.4546119066372468E-5,1.877878449267587E-5,1.4546119066372468E-5,1.5425404639444861E-5,7.3950308188273692E-6],[6.8191714591671084E-6,1.4546119066372468E-5,1.6801821018628684E-5,1.9064272153508702E-5,1.6801821018628684E-5,1.4546119066372468E-5,6.8191714591671084E-6],[9.1413550567304489E-6,1.877878449267587E-5,1.9064272153508702E-5,2.3517956061062802E-5,1.9064272153508702E-5,1.877878449267587E-5,9.1413550567304489E-6],[6.8191714591671084E-6,1.4546119066372468E-5,1.6801821018628684E-5,1.9064272153508702E-5,1.6801821018628684E-5,1.4546119066372468E-5,6.8191714591671084E-6],[7.3950308188273692E-6,1.5425404639444861E-5,1.4546119066372468E-5,1.877878449267587E-5,1.4546119066372468E-5,1.5425404639444861E-5,7.3950308188273692E-6],[2.9883580846712283E-6,7.3950308188273692E-6,6.8191714591671084E-6,9.1413550567304489E-6,6.8191714591671084E-6,7.3950308188273692E-6,2.9883580846712283E-6]],[[6.3414633066106488E-6,1.3145477935961058E-5,1.2264535131516376E-5,1.5924896667375531E-5,1.2264535131516376E-5,1.3145477935961058E-5,6.3414633066106488E-6],[1.3145477935961058E-5,2.3849991407827163E-5,2.2693248700901579E-5,2.8450739445985752E-5,2.2693248700901579E-5,2.3849991407827163E-5,1.3145477935961058E-5],[1.2264535131516376E-5,2.2693248700901579E-5,2.57281400907022E-5,2.877115865122808E-5,2.5728140090702197E-5,2.2693248700901579E-5,1.2264535131516376E-5],[1.5924896667375531E-5,2.8450739445985752E-5,2.877115865122808E-5,3.47006346958006E-5,2.8771158651228076E-5,2.8450739445985752E-5,1.5924896667375531E-5],[1.2264535131516376E-5,2.2693248700901579E-5,2.5728140090702197E-5,2.8771158651228076E-5,2.5728140090702197E-5,2.2693248700901579E-5,1.2264535131516376E-5],[1.3145477935961058E-5,2.3849991407827163E-5,2.2693248700901579E-5,2.8450739445985752E-5,2.2693248700901579E-5,2.3849991407827163E-5,1.3145477935961058E-5],[6.3414633066106488E-6,1.3145477935961058E-5,1.2264535131516376E-5,1.5924896667375531E-5,1.2264535131516376E-5,1.3145477935961058E-5,6.3414633066106488E-6]],[[1.1183216240762734E-5,2.0536710543653389E-5,1.9337307891450675E-5,2.4453742637898382E-5,1.9337307891450675E-5,2.0536710543653389E-5,1.1183216240762734E-5],[2.0536710543653389E-5,3.3913382138101211E-5,3.2486568483860755E-5,3.9791134652278394E-5,3.2486568483860755E-5,3.3913382138101204E-5,2.0536710543653389E-5],[1.9337307891450675E-5,3.2486568483860755E-5,3.6304951685405689E-5,4.0132834918293994E-5,3.6304951685405689E-5,3.2486568483860748E-5,1.9337307891450675E-5],[2.4453742637898382E-5,3.9791134652278394E-5,4.0132834918293994E-5,4.7533422161164052E-5,4.0132834918293994E-5,3.9791134652278388E-5,2.4453742637898382E-5],[1.9337307891450675E-5,3.2486568483860755E-5,3.6304951685405689E-5,4.0132834918293994E-5,3.6304951685405689E-5,3.2486568483860748E-5,1.9337307891450675E-5],[2.0536710543653389E-5,3.3913382138101204E-5,3.2486568483860748E-5,3.9791134652278388E-5,3.2486568483860748E-5,3.3913382138101204E-5,2.0536710543653389E-5],[1.1183216240762734E-5,2.0536710543653389E-5,1.9337307891450675E-5,2.4453742637898382E-5,1.9337307891450675E-5,2.0536710543653389E-5,1.1183216240762734E-5]],[[1.758188848951378E-5,2.9567143888129591E-5,2.8045104214009872E-5,3.4689659566230868E-5,2.8045104214009872E-5,2.9567143888129591E-5,1.758188848951378E-5],[2.9567143888129591E-5,4.5613033673888912E-5,4.3922477492004483E-5,5.278653611951075E-5,4.3922477492004483E-5,4.5613033673888912E-5,2.9567143888129591E-5],[2.8045104214009872E-5,4.3922477492004483E-5,4.852620914713516E-5,5.3140808747408469E-5,4.852620914713516E-5,4.3922477492004483E-5,2.8045104214009868E-5],[3.4689659566230868E-5,5.278653611951075E-5,5.3140808747408469E-5,6.20078750610502E-5,5.3140808747408469E-5,5.278653611951075E-5,3.4689659566230868E-5],[2.8045104214009872E-5,4.3922477492004483E-5,4.852620914713516E-5,5.3140808747408469E-5,4.852620914713516E-5,4.3922477492004483E-5,2.8045104214009868E-5],[2.9567143888129591E-5,4.5613033673888912E-5,4.3922477492004483E-5,5.278653611951075E-5,4.3922477492004483E-5,4.5613033673888912E-5,2.9567143888129591E-5],[1.758188848951378E-5,2.9567143888129591E-5,2.8045104214009868E-5,3.4689659566230868E-5,2.8045104214009868E-5,2.9567143888129591E-5,1.758188848951378E-5]],[[2.5574085860396266E-5,4.0234596051493781E-5,3.83902934996017E-5,4.66063781150311E-5,3.83902934996017E-5,4.0234596051493767E-5,2.5574085860396263E-5],[4.0234596051493781E-5,5.8945764689079594E-5,5.6996692969643705E-5,6.7426443683709023E-5,5.6996692969643705E-5,5.894576468907958E-5,4.0234596051493767E-5],[3.83902934996017E-5,5.6996692969643705E-5,6.2386088496073217E-5,6.7787715120377689E-5,6.2386088496073217E-5,5.69966929696437E-5,3.8390293499601694E-5],[4.66063781150311E-5,6.7426443683709023E-5,6.7787715120377689E-5,7.8116678771934054E-5,6.7787715120377689E-5,6.7426443683709023E-5,4.6606378115031107E-5],[3.83902934996017E-5,5.6996692969643705E-5,6.2386088496073217E-5,6.7787715120377689E-5,6.2386088496073217E-5,5.69966929696437E-5,3.8390293499601694E-5],[4.0234596051493767E-5,5.894576468907958E-5,5.69966929696437E-5,6.7426443683709023E-5,5.69966929696437E-5,5.8945764689079587E-5,4.0234596051493767E-5],[2.5574085860396263E-5,4.0234596051493767E-5,3.8390293499601694E-5,4.6606378115031107E-5,3.8390293499601694E-5,4.0234596051493767E-5,2.5574085860396263E-5]],[[3.5178769596075514E-5,5.2536314798941465E-5,5.0372146673747283E-5,6.0185252205957304E-5,5.0372146673747283E-5,5.2536314798941451E-5,3.5178769596075508E-5],[5.2536314798941465E-5,7.3907931784889625E-5,7.1704577294592857E-5,8.370228300312978E-5,7.1704577294592857E-5,7.3907931784889625E-5,5.2536314798941451E-5],[5.0372146673747283E-5,7.1704577294592857E-5,7.7878981372054261E-5,8.4066975110762241E-5,7.7878981372054261E-5,7.1704577294592857E-5,5.0372146673747276E-5],[6.0185252205957304E-5,8.370228300312978E-5,8.4066975110762241E-5,9.5853305462031786E-5,8.4066975110762241E-5,8.370228300312978E-5,6.0185252205957311E-5],[5.0372146673747283E-5,7.1704577294592857E-5,7.7878981372054261E-5,8.4066975110762241E-5,7.7878981372054261E-5,7.1704577294592857E-5,5.0372146673747276E-5],[5.2536314798941451E-5,7.3907931784889625E-5,7.1704577294592857E-5,8.370228300312978E-5,7.1704577294592857E-5,7.3907931784889612E-5,5.2536314798941444E-5],[3.5178769596075508E-5,5.2536314798941451E-5,5.0372146673747276E-5,6.0185252205957311E-5,5.0372146673747276E-5,5.2536314798941444E-5,3.5178769596075508E-5]],[[4.6404979762745874E-5,6.6469061364750836E-5,6.3988124599334659E-5,7.54125166192322E-5,6.3988124599334659E-5,6.6469061364750822E-5,4.6404979762745867E-5],[6.6469061364750836E-5,9.0495564802243759E-5,8.8041325950846263E-5,0.00010160675536505232,8.8041325950846263E-5,9.0495564802243759E-5,6.6469061364750822E-5],[6.3988124599334659E-5,8.8041325950846263E-5,9.4999473266600283E-5,0.00010197256436851174,9.4999473266600283E-5,8.8041325950846263E-5,6.3988124599334659E-5],[7.54125166192322E-5,0.00010160675536505232,0.00010197256436851174,0.00011521178195625447,0.00010197256436851174,0.00010160675536505232,7.54125166192322E-5],[6.3988124599334659E-5,8.8041325950846263E-5,9.4999473266600283E-5,0.00010197256436851174,9.4999473266600283E-5,8.8041325950846263E-5,6.3988124599334659E-5],[6.6469061364750822E-5,9.0495564802243759E-5,8.8041325950846263E-5,0.00010160675536505232,8.8041325950846263E-5,9.0495564802243759E-5,6.6469061364750822E-5],[4.6404979762745867E-5,6.6469061364750822E-5,6.3988124599334659E-5,7.54125166192322E-5,6.3988124599334659E-5,6.6469061364750822E-5,4.6404979762745867E-5]],[[5.9256116431483171E-5,8.2029208933431466E-5,7.92346480966852E-5,9.227754912129856E-5,7.92346480966852E-5,8.2029208933431466E-5,5.9256116431483165E-5],[8.2029208933431466E-5,0.0001087044688029205,0.00010600207379155629,0.00012113341642522145,0.00010600207379155629,0.0001087044688029205,8.2029208933431466E-5],[7.92346480966852E-5,0.00010600207379155629,0.00011374231776492053,0.00012149885534034,0.00011374231776492053,0.00010600207379155629,7.92346480966852E-5],[9.227754912129856E-5,0.00012113341642522145,0.00012149885534034,0.00013618653152816374,0.00012149885534034,0.00012113341642522143,9.2277549121298546E-5],[7.92346480966852E-5,0.00010600207379155629,0.00011374231776492053,0.00012149885534034,0.00011374231776492053,0.00010600207379155629,7.92346480966852E-5],[8.2029208933431466E-5,0.0001087044688029205,0.00010600207379155629,0.00012113341642522143,0.00010600207379155629,0.00010870446880292051,8.2029208933431466E-5],[5.9256116431483165E-5,8.2029208933431466E-5,7.92346480966852E-5,9.2277549121298546E-5,7.92346480966852E-5,8.2029208933431466E-5,5.9256116431483165E-5]],[[7.3732332843595938E-5,9.92128359310117E-5,9.6107555714661713E-5,0.00011077176549775755,9.6107555714661713E-5,9.92128359310117E-5,7.3732332843595938E-5],[9.92128359310117E-5,0.00012853029977955658,0.00012558195369536003,0.00014227640197741662,0.00012558195369536003,0.00012853029977955658,9.92128359310117E-5],[9.6107555714661713E-5,0.00012558195369536003,0.00013410241188372945,0.00014264050929110324,0.00013410241188372945,0.00012558195369536003,9.61075557146617E-5],[0.00011077176549775755,0.00014227640197741662,0.00014264050929110324,0.00015877226563092983,0.00014264050929110324,0.00014227640197741659,0.00011077176549775754],[9.6107555714661713E-5,0.00012558195369536003,0.00013410241188372945,0.00014264050929110324,0.00013410241188372942,0.00012558195369536003,9.61075557146617E-5],[9.92128359310117E-5,0.00012853029977955658,0.00012558195369536003,0.00014227640197741659,0.00012558195369536003,0.00012853029977955658,9.92128359310117E-5],[7.3732332843595938E-5,9.92128359310117E-5,9.61075557146617E-5,0.00011077176549775754,9.61075557146617E-5,9.92128359310117E-5,7.3732332843595938E-5]],[[8.9831887787248868E-5,0.00011801580616539732,0.00011460237405752328,0.00013088791445116146,0.00011460237405752328,0.00011801580616539732,8.9831887787248868E-5],[0.00011801580616539732,0.00014996862017083911,0.00014677612780159393,0.00016503024852842319,0.00014677612780159393,0.00014996862017083911,0.00011801580616539732],[0.00011460237405752328,0.00014677612780159393,0.00015607477457601327,0.00016539240208112335,0.00015607477457601327,0.00014677612780159393,0.00011460237405752326],[0.00013088791445116146,0.00016503024852842319,0.00016539240208112335,0.00018296390948319781,0.00016539240208112335,0.00016503024852842317,0.00013088791445116144],[0.00011460237405752328,0.00014677612780159393,0.00015607477457601327,0.00016539240208112335,0.00015607477457601327,0.00014677612780159393,0.00011460237405752326],[0.00011801580616539732,0.00014996862017083911,0.00014677612780159393,0.00016503024852842317,0.00014677612780159393,0.00014996862017083911,0.00011801580616539732],[8.9831887787248868E-5,0.00011801580616539732,0.00011460237405752326,0.00013088791445116144,0.00011460237405752326,0.00011801580616539732,8.9831887787248868E-5]],[[0.0001075519202209026,0.00013843383390879161,0.00013471447604579759,0.00015261962588566876,0.00013471447604579759,0.00013843383390879161,0.0001075519202209026],[0.00013843383390879161,0.00017301493913346414,0.00016957980318713884,0.00018938977525800966,0.00016957980318713884,0.00017301493913346412,0.00013843383390879161],[0.00013471447604579759,0.00016957980318713884,0.00017965452893589612,0.00018974957290214113,0.00017965452893589612,0.00016957980318713881,0.00013471447604579759],[0.00015261962588566876,0.00018938977525800966,0.00018974957290214113,0.00020875655068402122,0.00018974957290214113,0.00018938977525800966,0.00015261962588566873],[0.00013471447604579759,0.00016957980318713884,0.00017965452893589612,0.00018974957290214113,0.00017965452893589612,0.00016957980318713881,0.00013471447604579759],[0.00013843383390879161,0.00017301493913346412,0.00016957980318713881,0.00018938977525800966,0.00016957980318713881,0.00017301493913346412,0.00013843383390879161],[0.0001075519202209026,0.00013843383390879161,0.00013471447604579759,0.00015261962588566873,0.00013471447604579759,0.00013843383390879161,0.0001075519202209026]],[[0.00012688890018887949,0.00016046253484270582,0.00015643917250766424,0.00017596112027511854,0.00015643917250766424,0.00016046253484270582,0.00012688890018887949],[0.00016046253484270582,0.00019766474146666244,0.00019398823889433094,0.00021535000589608937,0.00019398823889433094,0.00019766474146666241,0.00016046253484270582],[0.00015643917250766424,0.00019398823889433094,0.00020483688791222458,0.00021570718867931874,0.00020483688791222458,0.00019398823889433091,0.00015643917250766424],[0.00017596112027511854,0.00021535000589608937,0.00021570718867931874,0.00023614540354349985,0.00021570718867931874,0.00021535000589608934,0.00017596112027511851],[0.00015643917250766424,0.00019398823889433094,0.00020483688791222458,0.00021570718867931874,0.00020483688791222456,0.00019398823889433091,0.00015643917250766424],[0.00016046253484270582,0.00019766474146666241,0.00019398823889433091,0.00021535000589608934,0.00019398823889433091,0.00019766474146666241,0.00016046253484270582],[0.00012688890018887949,0.00016046253484270582,0.00015643917250766424,0.00017596112027511851,0.00015643917250766424,0.00016046253484270582,0.00012688890018887949]],[[0.00014783889618736614,0.00018409746489760244,0.00017977176434818063,0.00020090702078836902,0.00017977176434818063,0.00018409746489760244,0.00014783889618736614],[0.00018409746489760244,0.00022391350818068244,0.00021999674828857702,0.00024290611667235484,0.00021999674828857702,0.00022391350818068244,0.00018409746489760244],[0.00017977176434818063,0.00021999674828857702,0.00023161714304889786,0.00024326051919657766,0.00023161714304889786,0.00021999674828857702,0.00017977176434818063],[0.00020090702078836902,0.00024290611667235484,0.00024326051919657766,0.00026512578417131231,0.00024326051919657766,0.00024290611667235484,0.00020090702078836902],[0.00017977176434818063,0.00021999674828857702,0.00023161714304889786,0.00024326051919657766,0.00023161714304889786,0.00021999674828857702,0.00017977176434818063],[0.00018409746489760244,0.00022391350818068244,0.00021999674828857702,0.00024290611667235484,0.00021999674828857702,0.00022391350818068249,0.00018409746489760244],[0.00014783889618736614,0.00018409746489760244,0.00017977176434818063,0.00020090702078836902,0.00017977176434818063,0.00018409746489760244,0.00014783889618736614]],[[0.00017039773690003578,0.00020933414926322481,0.0002047075715839104,0.00022745223120566041,0.0002047075715839104,0.00020933414926322481,0.00017039773690003578],[0.00020933414926322481,0.00025175673096566881,0.00024760069900265611,0.0002720534013730777,0.00024760069900265611,0.00025175673096566881,0.00020933414926322481],[0.0002047075715839104,0.00024760069900265611,0.00025999065569988435,0.00027240491958416616,0.00025999065569988435,0.00024760069900265611,0.0002047075715839104],[0.00022745223120566041,0.0002720534013730777,0.00027240491958416616,0.00029569309295115397,0.00027240491958416616,0.0002720534013730777,0.00022745223120566041],[0.0002047075715839104,0.00024760069900265611,0.00025999065569988435,0.00027240491958416616,0.00025999065569988435,0.00024760069900265611,0.0002047075715839104],[0.00020933414926322481,0.00025175673096566881,0.00024760069900265611,0.0002720534013730777,0.00024760069900265611,0.00025175673096566881,0.00020933414926322481],[0.00017039773690003578,0.00020933414926322481,0.0002047075715839104,0.00022745223120566041,0.0002047075715839104,0.00020933414926322481,0.00017039773690003578]],[[0.00019456111106320773,0.00023616810368819511,0.00023124194893122928,0.00025559185612206175,0.00023124194893122928,0.00023616810368819511,0.00019456111106320773],[0.00023616810368819511,0.00028118992224034507,0.00027679551172245037,0.00030278724767475841,0.00027679551172245037,0.00028118992224034507,0.00023616810368819511],[0.00023124194893122928,0.00027679551172245037,0.00028995285019988245,0.00030313581787568482,0.00028995285019988245,0.00027679551172245037,0.00023124194893122928],[0.00025559185612206175,0.00030278724767475841,0.00030313581787568482,0.00032784280210047226,0.00030313581787568482,0.00030278724767475841,0.00025559185612206175],[0.00023124194893122928,0.00027679551172245037,0.00028995285019988245,0.00030313581787568482,0.00028995285019988245,0.00027679551172245037,0.00023124194893122928],[0.00023616810368819511,0.00028118992224034507,0.00027679551172245037,0.00030278724767475841,0.00027679551172245037,0.00028118992224034512,0.00023616810368819511],[0.00019456111106320773,0.00023616810368819511,0.00023124194893122928,0.00025559185612206175,0.00023124194893122928,0.00023616810368819511,0.00019456111106320773]],[[0.00022032463035760063,0.00026459484987469362,0.00025937029367641422,0.00028532114844239867,0.00025937029367641422,0.00026459484987469362,0.00022032463035760063],[0.00026459484987469362,0.000312208622017152,0.00030757665849195443,0.00033510312094646563,0.00030757665849195443,0.000312208622017152,0.00026459484987469362],[0.00025937029367641422,0.00030757665849195443,0.00032149920854517212,0.0003354487060658737,0.00032149920854517212,0.00030757665849195443,0.00025937029367641422],[0.00028532114844239867,0.00033510312094646563,0.0003354487060658737,0.00036157044674122027,0.0003354487060658737,0.00033510312094646563,0.00028532114844239867],[0.00025937029367641422,0.00030757665849195443,0.00032149920854517212,0.0003354487060658737,0.00032149920854517212,0.00030757665849195443,0.00025937029367641422],[0.00026459484987469362,0.000312208622017152,0.00030757665849195443,0.00033510312094646563,0.00030757665849195443,0.000312208622017152,0.00026459484987469362],[0.00022032463035760063,0.00026459484987469362,0.00025937029367641422,0.00028532114844239867,0.00025937029367641422,0.00026459484987469362,0.00022032463035760063]],[[0.00024768386971982785,0.00029460992643095662,0.00028908804918892768,0.00031663547456542369,0.00028908804918892768,0.00029460992643095662,0.00024768386971982785],[0.00029460992643095662,0.00034480840248698053,0.00033993966088843928,0.00036899655302245283,0.00033993966088843928,0.00034480840248698053,0.00029460992643095662],[0.00028908804918892768,0.00033993966088843928,0.0003546252662219179,0.0003693391335928848,0.0003546252662219179,0.00033993966088843928,0.00028908804918892768],[0.00031663547456542369,0.00036899655302245283,0.0003693391335928848,0.00039687161840139344,0.0003693391335928848,0.00036899655302245283,0.00031663547456542369],[0.00028908804918892768,0.00033993966088843928,0.0003546252662219179,0.0003693391335928848,0.0003546252662219179,0.00033993966088843928,0.00028908804918892768],[0.00029460992643095662,0.00034480840248698053,0.00033993966088843928,0.00036899655302245283,0.00033993966088843928,0.00034480840248698053,0.00029460992643095662],[0.00024768386971982785,0.00029460992643095662,0.00028908804918892768,0.00031663547456542369,0.00028908804918892768,0.00029460992643095662,0.00024768386971982785]],[[0.0002766343935524724,0.00032620889652736361,0.00032039070603197224,0.00034953029108497906,0.00032039070603197224,0.00032620889652736361,0.0002766343935524724],[0.00032620889652736361,0.00037898487097841717,0.00037388008823697983,0.00040446313429853885,0.00037388008823697983,0.00037898487097841717,0.00032620889652736361],[0.00032039070603197224,0.00037388008823697983,0.000389326608896299,0.00040480270250462945,0.000389326608896299,0.00037388008823697983,0.00032039070603197224],[0.00034953029108497906,0.00040446313429853885,0.00040480270250462945,0.00043374196020416078,0.00040480270250462945,0.00040446313429853885,0.00034953029108497906],[0.00032039070603197224,0.00037388008823697983,0.000389326608896299,0.00040480270250462945,0.000389326608896299,0.00037388008823697983,0.00032039070603197224],[0.00032620889652736361,0.00037898487097841717,0.00037388008823697983,0.00040446313429853885,0.00037388008823697983,0.00037898487097841717,0.00032620889652736361],[0.0002766343935524724,0.00032620889652736361,0.00032039070603197224,0.00034953029108497906,0.00032039070603197224,0.00032620889652736361,0.0002766343935524724]],[[0.000307171772934397,0.00035938735313291421,0.00035327380179224065,0.0003840011290244744,0.00035327380179224065,0.00035938735313291421,0.000307171772934397],[0.00035938735313291421,0.00041473367176357156,0.00040939355593529067,0.00044149850806204965,0.00040939355593529067,0.00041473367176357156,0.00035938735313291421],[0.00035327380179224065,0.00040939355593529067,0.00042559886974647559,0.00044183506379833767,0.00042559886974647559,0.00040939355593529067,0.00035327380179224065],[0.0003840011290244744,0.00044149850806204965,0.00044183506379833767,0.00047217716323179072,0.00044183506379833767,0.00044149850806204965,0.0003840011290244744],[0.00035327380179224065,0.00040939355593529067,0.00042559886974647559,0.00044183506379833767,0.00042559886974647559,0.00040939355593529067,0.00035327380179224065],[0.00035938735313291421,0.00041473367176357156,0.00040939355593529067,0.00044149850806204965,0.00040939355593529067,0.00041473367176357156,0.00035938735313291421],[0.000307171772934397,0.00035938735313291421,0.00035327380179224065,0.0003840011290244744,0.00035327380179224065,0.00035938735313291421,0.000307171772934397]],[[0.00033929159697099827,0.00039414092249166944,0.00038773292026294788,0.00042004358302278672,0.00038773292026294788,0.00039414092249166944,0.00033929159697099827],[0.00039414092249166944,0.00045205048704924079,0.00044647572390921593,0.00048009836633033926,0.00044647572390921593,0.00045205048704924079,0.00039414092249166944],[0.00038773292026294788,0.00044647572390921593,0.00046343772726997658,0.00048043191458017957,0.00046343772726997658,0.00044647572390921593,0.00038773292026294788],[0.00042004358302278672,0.00048009836633033926,0.00048043191458017957,0.00051217296370989929,0.00048043191458017957,0.00048009836633033926,0.00042004358302278672],[0.00038773292026294788,0.00044647572390921593,0.00046343772726997658,0.00048043191458017957,0.00046343772726997658,0.00044647572390921593,0.00038773292026294788],[0.00039414092249166944,0.00045205048704924079,0.00044647572390921593,0.00048009836633033926,0.00044647572390921593,0.00045205048704924085,0.00039414092249166944],[0.00033929159697099827,0.00039414092249166944,0.00038773292026294788,0.00042004358302278672,0.00038773292026294788,0.00039414092249166944,0.00033929159697099827]],[[0.00037298948026113089,0.00043046526632866316,0.00042376369033030959,0.00045765330379084261,0.00042376369033030959,0.00043046526632866316,0.00037298948026113089],[0.00043046526632866316,0.000490931037395108,0.00048512229519448728,0.000520258446713281,0.00048512229519448728,0.00049093103739510785,0.00043046526632866316],[0.00042376369033030959,0.00048512229519448728,0.00050283890344174657,0.00052058899579985371,0.00050283890344174657,0.00048512229519448728,0.00042376369033030964],[0.00045765330379084261,0.000520258446713281,0.00052058899579985371,0.000553725140766006,0.00052058899579985371,0.000520258446713281,0.00045765330379084261],[0.00042376369033030959,0.00048512229519448728,0.00050283890344174657,0.00052058899579985371,0.00050283890344174657,0.00048512229519448728,0.00042376369033030964],[0.00043046526632866316,0.00049093103739510785,0.00048512229519448728,0.000520258446713281,0.00048512229519448728,0.00049093103739510785,0.00043046526632866316],[0.00037298948026113089,0.00043046526632866316,0.00042376369033030964,0.00045765330379084261,0.00042376369033030964,0.00043046526632866316,0.00037298948026113089]],[[0.00040826106775303635,0.0004683560831448434,0.00046136178475090237,0.00049682599273964776,0.00046136178475090237,0.0004683560831448434,0.00040826106775303635],[0.0004683560831448434,0.0005313710817308725,0.00052532901463008853,0.00056197452997433972,0.00052532901463008853,0.0005313710817308725,0.0004683560831448434],[0.00046136178475090237,0.00052532901463008853,0.00054379816213031152,0.00056230209038973572,0.00054379816213031152,0.00052532901463008853,0.00046136178475090237],[0.00049682599273964776,0.00056197452997433972,0.00056230209038973572,0.00059682951459138155,0.00056230209038973572,0.00056197452997433972,0.00049682599273964776],[0.00046136178475090237,0.00052532901463008853,0.00054379816213031152,0.00056230209038973572,0.00054379816213031152,0.00052532901463008853,0.00046136178475090237],[0.0004683560831448434,0.0005313710817308725,0.00052532901463008853,0.00056197452997433972,0.00052532901463008853,0.0005313710817308725,0.0004683560831448434],[0.00040826106775303635,0.0004683560831448434,0.00046136178475090237,0.00049682599273964776,0.00046136178475090237,0.0004683560831448434,0.00040826106775303635]],[[0.00044510203782430473,0.00050780910886275769,0.000500522918914995,0.00053755739805750615,0.000500522918914995,0.00050780910886275769,0.00044510203782430473],[0.00050780910886275769,0.00057336641709381387,0.00056709166764529933,0.0006052424380704859,0.00056709166764529933,0.00057336641709381387,0.00050780910886275769],[0.000500522918914995,0.00056709166764529933,0.0005863113077035258,0.00060556702168946587,0.0005863113077035258,0.00056709166764529933,0.000500522918914995],[0.00053755739805750615,0.0006052424380704859,0.00060556702168946587,0.00064148194488663427,0.00060556702168946587,0.0006052424380704859,0.00053755739805750615],[0.000500522918914995,0.00056709166764529933,0.0005863113077035258,0.00060556702168946587,0.0005863113077035258,0.00056709166764529933,0.000500522918914995],[0.00050780910886275769,0.00057336641709381387,0.00056709166764529933,0.0006052424380704859,0.00056709166764529933,0.00057336641709381387,0.00050780910886275769],[0.00044510203782430473,0.00050780910886275769,0.000500522918914995,0.00053755739805750615,0.000500522918914995,0.00050780910886275769,0.00044510203782430473]],[[0.000483508104143472,0.00054882011701213207,0.00054124284964015439,0.000579843311759513,0.00054124284964015439,0.00054882011701213207,0.000483508104143472],[0.00054882011701213207,0.00061691287817238643,0.0006104060791230012,0.00065005803252184,0.0006104060791230012,0.00061691287817238643,0.00054882011701213207],[0.00054124284964015439,0.0006104060791230012,0.00063037418377347469,0.00065037965207254318,0.00063037418377347469,0.0006104060791230012,0.00054124284964015439],[0.000579843311759513,0.00065005803252184,0.00065037965207254318,0.0006876783295073248,0.00065037965207254318,0.00065005803252184,0.000579843311759513],[0.00054124284964015439,0.0006104060791230012,0.00063037418377347469,0.00065037965207254318,0.00063037418377347469,0.0006104060791230012,0.00054124284964015439],[0.00054882011701213207,0.00061691287817238643,0.0006104060791230012,0.00065005803252184,0.0006104060791230012,0.00061691287817238643,0.00054882011701213207],[0.000483508104143472,0.00054882011701213207,0.00054124284964015439,0.000579843311759513,0.00054124284964015439,0.00054882011701213207,0.000483508104143472]],[[0.00052347501669068011,0.00059138491859100353,0.00058351737401177368,0.00062367956739259258,0.00058351737401177368,0.00059138491859100353,0.00052347501669068011],[0.00059138491859100353,0.00066200633671555358,0.000655268112323435,0.00069641721300894778,0.000655268112323435,0.00066200633671555358,0.00059138491859100353],[0.00058351737401177368,0.000655268112323435,0.00067598267204305369,0.00069673588171580147,0.00067598267204305369,0.000655268112323435,0.00058351737401177368],[0.00062367956739259258,0.00069641721300894778,0.00069673588171580147,0.00073541460325023426,0.00069673588171580147,0.00069641721300894778,0.00062367956739259258],[0.00058351737401177368,0.000655268112323435,0.00067598267204305369,0.00069673588171580147,0.00067598267204305369,0.000655268112323435,0.00058351737401177368],[0.00059138491859100353,0.00066200633671555358,0.000655268112323435,0.00069641721300894778,0.000655268112323435,0.00066200633671555358,0.00059138491859100353],[0.00052347501669068011,0.00059138491859100353,0.00058351737401177368,0.00062367956739259258,0.00058351737401177368,0.00059138491859100353,0.00052347501669068011]],[[0.00056499856219572567,0.000635499361699043,0.00062734232827339818,0.00066906203818458917,0.00062734232827339818,0.000635499361699043,0.00056499856219572567],[0.000635499361699043,0.00070864270084931445,0.0007016736678550113,0.0007443159161274345,0.0007016736678550113,0.00070864270084931445,0.000635499361699043],[0.00062734232827339818,0.0007016736678550113,0.00072313269122656451,0.00074463164746984341,0.00072313269122656451,0.0007016736678550113,0.00062734232827339818],[0.00066906203818458917,0.0007443159161274345,0.00074463164746984341,0.000784686736738189,0.00074463164746984341,0.0007443159161274345,0.00066906203818458917],[0.00062734232827339818,0.0007016736678550113,0.00072313269122656451,0.00074463164746984341,0.00072313269122656451,0.0007016736678550113,0.00062734232827339818],[0.000635499361699043,0.00070864270084931445,0.0007016736678550113,0.0007443159161274345,0.0007016736678550113,0.00070864270084931445,0.000635499361699043],[0.00056499856219572567,0.000635499361699043,0.00062734232827339818,0.00066906203818458917,0.00062734232827339818,0.000635499361699043,0.00056499856219572567]],[[0.00060807456417115164,0.00068115933101116463,0.00067271358676241656,0.00071598663549523375,0.00067271358676241656,0.00068115933101116463,0.00060807456417115164],[0.00068115933101116463,0.00075681791432842028,0.0007496186826804564,0.00079375011425080009,0.0007496186826804564,0.00075681791432842028,0.00068115933101116463],[0.00067271358676241656,0.0007496186826804564,0.000771820196023167,0.00079406292179983243,0.000771820196023167,0.0007496186826804564,0.00067271358676241656],[0.00071598663549523375,0.00079375011425080009,0.00079406292179983243,0.00083549073537264856,0.00079406292179983243,0.00079375011425080009,0.00071598663549523375],[0.00067271358676241656,0.0007496186826804564,0.000771820196023167,0.00079406292179983243,0.000771820196023167,0.0007496186826804564,0.00067271358676241656],[0.00068115933101116463,0.00075681791432842028,0.0007496186826804564,0.00079375011425080009,0.0007496186826804564,0.00075681791432842028,0.00068115933101116463],[0.00060807456417115164,0.00068115933101116463,0.00067271358676241656,0.00071598663549523375,0.00067271358676241656,0.00068115933101116463,0.00060807456417115164]],[[0.00065269888266397409,0.000728360747139333,0.00071962706088428473,0.00076444930747224921,0.00071962706088428473,0.000728360747139333,0.00065269888266397409],[0.000728360747139333,0.00080652795574219711,0.00079909912914859292,0.00084471581446651637,0.00079909912914859292,0.00080652795574219711,0.000728360747139333],[0.00071962706088428473,0.00079909912914859292,0.00082204117612714046,0.00084502571177426313,0.00082204117612714046,0.00079909912914859292,0.00071962706088428473],[0.00076444930747224921,0.00084471581446651637,0.00084502571177426313,0.000887822638331469,0.00084502571177426313,0.00084471581446651637,0.00076444930747224921],[0.00071962706088428473,0.00079909912914859292,0.00082204117612714046,0.00084502571177426313,0.00082204117612714046,0.00079909912914859292,0.00071962706088428473],[0.000728360747139333,0.00080652795574219711,0.00079909912914859292,0.00084471581446651637,0.00079909912914859292,0.00080652795574219711,0.000728360747139333],[0.00065269888266397409,0.000728360747139333,0.00071962706088428473,0.00076444930747224921,0.00071962706088428473,0.000728360747139333,0.00065269888266397409]],[[0.00069886741381059933,0.000777099565915431,0.00076807869811726349,0.00081444603784681263,0.00076807869811726349,0.000777099565915431,0.00069886741381059933],[0.000777099565915431,0.000857768837686374,0.00085011101404320808,0.00089720905756018117,0.00085011101404320808,0.000857768837686374,0.000777099565915431],[0.00076807869811726349,0.00085011101404320808,0.00087379165526216154,0.00089751605808466057,0.00087379165526216154,0.00085011101404320808,0.00076807869811726349],[0.00081444603784681263,0.00089720905756018117,0.00089751605808466057,0.00094167851759454583,0.00089751605808466057,0.00089720905756018117,0.00081444603784681263],[0.00076807869811726349,0.00085011101404320808,0.00087379165526216154,0.00089751605808466057,0.00087379165526216154,0.00085011101404320808,0.00076807869811726349],[0.000777099565915431,0.000857768837686374,0.00085011101404320808,0.00089720905756018117,0.00085011101404320808,0.000857768837686374,0.000777099565915431],[0.00069886741381059933,0.000777099565915431,0.00076807869811726349,0.00081444603784681263,0.00076807869811726349,0.000777099565915431,0.00069886741381059933]],[[0.00074657608925434826,0.00082737177761702126,0.00081806448103964732,0.0008659728448219019,0.00081806448103964732,0.00082737177761702126,0.00074657608925434826],[0.00082737177761702126,0.00091053660590761888,0.00090265037764116168,0.0009512259170284704,0.00090265037764116168,0.00091053660590761888,0.00082737177761702126],[0.00081806448103964732,0.00090265037764116168,0.00092706769022881156,0.00095153003408249672,0.00092706769022881156,0.00090265037764116168,0.00081806448103964732],[0.0008659728448219019,0.0009512259170284704,0.00095153003408249672,0.00099705447698331053,0.00095153003408249672,0.0009512259170284704,0.0008659728448219019],[0.00081806448103964732,0.00090265037764116168,0.00092706769022881156,0.00095153003408249672,0.00092706769022881156,0.00090265037764116168,0.00081806448103964732],[0.00082737177761702126,0.00091053660590761888,0.00090265037764116168,0.0009512259170284704,0.00090265037764116168,0.00091053660590761888,0.00082737177761702126],[0.00074657608925434826,0.00082737177761702126,0.00081806448103964732,0.0008659728448219019,0.00081806448103964732,0.00082737177761702126,0.00074657608925434826]],[[0.00079582087546549213,0.00087917340615058259,0.00086958042637163538,0.00091902578002087175,0.00086958042637163538,0.00087917340615058259,0.00079582087546549213],[0.00087917340615058259,0.000964827338424072,0.00095671329277251672,0.0010067624981058862,0.00095671329277251672,0.0009648273384240721,0.00087917340615058259],[0.00086958042637163538,0.00095671329277251672,0.00098186536995604882,0.0010070637448220037,0.00098186536995604882,0.00095671329277251672,0.00086958042637163538],[0.00091902578002087175,0.0010067624981058862,0.0010070637448220037,0.0010539466512023892,0.0010070637448220037,0.0010067624981058862,0.00091902578002087175],[0.00086958042637163538,0.00095671329277251672,0.00098186536995604882,0.0010070637448220037,0.00098186536995604882,0.00095671329277251672,0.00086958042637163538],[0.00087917340615058259,0.0009648273384240721,0.00095671329277251672,0.0010067624981058862,0.00095671329277251672,0.0009648273384240721,0.00087917340615058259],[0.00079582087546549213,0.00087917340615058259,0.00086958042637163538,0.00091902578002087175,0.00086958042637163538,0.00087917340615058259,0.00079582087546549213]],[[0.00084659777299081582,0.00093250050820039285,0.000922622584024523,0.0009736009274718719,0.000922622584024523,0.00093250050820039285,0.00084659777299081582],[0.00093250050820039285,0.0010206371446218913,0.0010122958638755079,0.0010638149367925818,0.0010122958638755079,0.0010206371446218913,0.00093250050820039285],[0.000922622584024523,0.0010122958638755079,0.0010381808145479431,0.0010641133260986635,0.0010381808145479431,0.0010122958638755079,0.000922622584024523],[0.0009736009274718719,0.0010638149367925818,0.0010641133260986635,0.0011123512048727018,0.0010641133260986635,0.0010638149367925818,0.0009736009274718719],[0.000922622584024523,0.0010122958638755079,0.0010381808145479431,0.0010641133260986635,0.0010381808145479431,0.0010122958638755079,0.000922622584024523],[0.00093250050820039285,0.0010206371446218913,0.0010122958638755079,0.0010638149367925818,0.0010122958638755079,0.0010206371446218913,0.00093250050820039285],[0.00084659777299081582,0.00093250050820039285,0.000922622584024523,0.0009736009274718719,0.000922622584024523,0.00093250050820039285,0.00084659777299081582]],[[0.00089890281565009741,0.00098734917234730439,0.00097718703614955386,0.0010296944026095517,0.00097718703614955386,0.00098734917234730439,0.00089890281565009741],[0.00098734917234730439,0.0010779621643255773,0.0010693942260388176,0.0011223793988718029,0.0010693942260388176,0.0010779621643255773,0.00098734917234730439],[0.00097718703614955386,0.0010693942260388176,0.001096010174316995,0.0011226749434735625,0.001096010174316995,0.0010693942260388176,0.00097718703614955386],[0.0010296944026095517,0.0011223793988718029,0.0011226749434735625,0.0011722643315456131,0.0011226749434735625,0.0011223793988718029,0.0010296944026095517],[0.00097718703614955386,0.0010693942260388176,0.001096010174316995,0.0011226749434735625,0.001096010174316995,0.0010693942260388176,0.00097718703614955386],[0.00098734917234730439,0.0010779621643255773,0.0010693942260388176,0.0011223793988718029,0.0010693942260388176,0.0010779621643255773,0.00098734917234730439],[0.00089890281565009741,0.00098734917234730439,0.00097718703614955386,0.0010296944026095517,0.00097718703614955386,0.00098734917234730439,0.00089890281565009741]],[[0.00095273206969045488,0.0010437155181580815,0.0010332698961790525,0.0010873023512788275,0.0010332698961790525,0.0010437155181580815,0.00095273206969045488],[0.0010437155181580815,0.0011367985668377081,0.001128004544023263,0.001182452078905989,0.001128004544023263,0.0011367985668377081,0.0010437155181580815],[0.0010332698961790525,0.001128004544023263,0.0011553496287951825,0.0011827447912737678,0.0011553496287951825,0.001128004544023263,0.0010332698961790525],[0.0010873023512788275,0.001182452078905989,0.0011827447912737678,0.0012336822526875322,0.0011827447912737678,0.001182452078905989,0.0010873023512788275],[0.0010332698961790525,0.001128004544023263,0.0011553496287951825,0.0011827447912737678,0.0011553496287951825,0.001128004544023263,0.0010332698961790525],[0.0010437155181580815,0.0011367985668377081,0.0011