{"M_cells":[[[0,0,0,0,0,0,0],[0,0,0,0,0,0,0],[0,0,0,0,0,0,0],[0,0,0,0,0,0,0],[0,0,0,0,0,0,0],[0,0,0,0,0,0,0],[0,0,0,0,0,0,0]],[[5.5234612064467726E-9,3.1653640144667713E-8,2.8169019293622729E-8,4.1188196879265953E-8,2.8169019293622729E-8,3.1653640144667713E-8,5.5234612064467726E-9],[3.1653640144667713E-8,1.330355004178005E-7,1.2166068960898392E-7,1.7173389688242038E-7,1.2166068960898392E-7,1.330355004178005E-7,3.1653640144667713E-8],[2.8169019293622729E-8,1.2166068960898392E-7,1.4924662077462379E-7,1.7697787577371098E-7,1.4924662077462379E-7,1.2166068960898392E-7,2.8169019293622722E-8],[4.1188196879265953E-8,1.7173389688242038E-7,1.7697787577371098E-7,2.333160733456671E-7,1.7697787577371098E-7,1.7173389688242038E-7,4.1188196879265953E-8],[2.8169019293622729E-8,1.2166068960898392E-7,1.4924662077462379E-7,1.7697787577371098E-7,1.4924662077462379E-7,1.2166068960898392E-7,2.8169019293622722E-8],[3.1653640144667713E-8,1.330355004178005E-7,1.2166068960898392E-7,1.7173389688242038E-7,1.2166068960898392E-7,1.330355004178005E-7,3.1653640144667713E-8],[5.5234612064467726E-9,3.1653640144667713E-8,2.8169019293622722E-8,4.1188196879265953E-8,2.8169019293622722E-8,3.1653640144667713E-8,5.5234612064467726E-9]],[[3.7708695314590282E-8,1.2227644219052414E-7,1.1113210626615465E-7,1.5462987107598948E-7,1.1113210626615465E-7,1.2227644219052414E-7,3.7708695314590282E-8],[1.2227644219052414E-7,3.1445482361760548E-7,2.9316804369716912E-7,3.9197724745068216E-7,2.9316804369716912E-7,3.1445482361760548E-7,1.2227644219052414E-7],[1.1113210626615465E-7,2.9316804369716912E-7,3.4653090554524381E-7,4.0007655574940956E-7,3.4653090554524381E-7,2.9316804369716912E-7,1.1113210626615463E-7],[1.5462987107598948E-7,3.9197724745068216E-7,4.0007655574940956E-7,5.0677254852753086E-7,4.0007655574940956E-7,3.9197724745068221E-7,1.5462987107598948E-7],[1.1113210626615465E-7,2.9316804369716912E-7,3.4653090554524381E-7,4.0007655574940956E-7,3.4653090554524381E-7,2.9316804369716912E-7,1.1113210626615465E-7],[1.2227644219052414E-7,3.1445482361760548E-7,2.9316804369716912E-7,3.9197724745068221E-7,2.9316804369716912E-7,3.1445482361760548E-7,1.2227644219052414E-7],[3.7708695314590282E-8,1.2227644219052414E-7,1.1113210626615463E-7,1.5462987107598948E-7,1.1113210626615465E-7,1.2227644219052414E-7,3.7708695314590282E-8]],[[1.0956692689988612E-7,2.6568075681797063E-7,2.4529931462470168E-7,3.2777468957311445E-7,2.4529931462470168E-7,2.6568075681797063E-7,1.0956692689988611E-7],[2.6568075681797063E-7,5.3923763505987379E-7,5.0934980918968327E-7,6.5422998606745374E-7,5.0934980918968327E-7,5.3923763505987379E-7,2.6568075681797063E-7],[2.4529931462470168E-7,5.0934980918968327E-7,5.863752766347126E-7,6.636170883338028E-7,5.863752766347126E-7,5.0934980918968327E-7,2.4529931462470168E-7],[3.2777468957311445E-7,6.5422998606745374E-7,6.636170883338028E-7,8.1530619611484409E-7,6.636170883338028E-7,6.5422998606745374E-7,3.2777468957311445E-7],[2.4529931462470168E-7,5.0934980918968327E-7,5.863752766347126E-7,6.636170883338028E-7,5.863752766347126E-7,5.0934980918968327E-7,2.4529931462470168E-7],[2.6568075681797063E-7,5.3923763505987379E-7,5.0934980918968327E-7,6.5422998606745374E-7,5.0934980918968327E-7,5.3923763505987379E-7,2.6568075681797063E-7],[1.0956692689988611E-7,2.6568075681797063E-7,2.4529931462470168E-7,3.2777468957311445E-7,2.4529931462470168E-7,2.6568075681797063E-7,1.0956692689988611E-7]],[[2.2564104327812078E-7,4.5644228640956225E-7,4.26611096486051E-7,5.5126884744115751E-7,4.26611096486051E-7,4.5644228640956225E-7,2.2564104327812078E-7],[4.5644228640956225E-7,8.0310509478696236E-7,7.6578861666783173E-7,9.5349692285644286E-7,7.6578861666783173E-7,8.0310509478696236E-7,4.5644228640956225E-7],[4.26611096486051E-7,7.6578861666783173E-7,8.6439111030364805E-7,9.63240088759233E-7,8.6439111030364805E-7,7.6578861666783173E-7,4.26611096486051E-7],[5.5126884744115751E-7,9.5349692285644286E-7,9.63240088759233E-7,1.1551995758489532E-6,9.63240088759233E-7,9.5349692285644286E-7,5.5126884744115751E-7],[4.26611096486051E-7,7.6578861666783173E-7,8.6439111030364805E-7,9.63240088759233E-7,8.6439111030364805E-7,7.6578861666783173E-7,4.26611096486051E-7],[4.5644228640956225E-7,8.0310509478696236E-7,7.6578861666783173E-7,9.5349692285644286E-7,7.6578861666783173E-7,8.0310509478696236E-7,4.564422864095622E-7],[2.2564104327812078E-7,4.5644228640956225E-7,4.26611096486051E-7,5.5126884744115751E-7,4.26611096486051E-7,4.564422864095622E-7,2.2564104327812078E-7]],[[3.8614251284134559E-7,6.8979047279778413E-7,6.509641046801627E-7,8.179643633017747E-7,6.509641046801627E-7,6.8979047279778413E-7,3.8614251284134559E-7],[6.8979047279778413E-7,1.1022763332879925E-6,1.0585395215496666E-6,1.2856661879454849E-6,1.0585395215496666E-6,1.1022763332879925E-6,6.8979047279778413E-7],[6.509641046801627E-7,1.0585395215496666E-6,1.1767473984961283E-6,1.2952289218458341E-6,1.1767473984961283E-6,1.0585395215496666E-6,6.509641046801627E-7],[8.179643633017747E-7,1.2856661879454849E-6,1.2952289218458341E-6,1.523312914878292E-6,1.2952289218458341E-6,1.2856661879454849E-6,8.179643633017747E-7],[6.509641046801627E-7,1.0585395215496666E-6,1.1767473984961283E-6,1.2952289218458341E-6,1.1767473984961283E-6,1.0585395215496666E-6,6.509641046801627E-7],[6.8979047279778413E-7,1.1022763332879925E-6,1.0585395215496666E-6,1.2856661879454849E-6,1.0585395215496666E-6,1.1022763332879925E-6,6.8979047279778413E-7],[3.8614251284134559E-7,6.8979047279778413E-7,6.509641046801627E-7,8.179643633017747E-7,6.509641046801627E-7,6.8979047279778413E-7,3.8614251284134554E-7]],[[5.8917894210633626E-7,9.6152391926988659E-7,9.1443915953068864E-7,1.1222690058352701E-6,9.1443915953068864E-7,9.6152391926988659E-7,5.8917894210633626E-7],[9.6152391926988659E-7,1.4334162310517624E-6,1.3841072606305092E-6,1.6473090809306294E-6,1.3841072606305092E-6,1.4334162310517624E-6,9.6152391926988659E-7],[9.1443915953068864E-7,1.3841072606305092E-6,1.5201040277533358E-6,1.6563990063946034E-6,1.5201040277533358E-6,1.3841072606305092E-6,9.1443915953068864E-7],[1.1222690058352701E-6,1.6473090809306294E-6,1.6563990063946034E-6,1.9169748416309164E-6,1.6563990063946034E-6,1.6473090809306294E-6,1.1222690058352701E-6],[9.1443915953068864E-7,1.3841072606305092E-6,1.5201040277533358E-6,1.6563990063946034E-6,1.5201040277533358E-6,1.3841072606305092E-6,9.1443915953068864E-7],[9.6152391926988659E-7,1.4334162310517624E-6,1.3841072606305092E-6,1.6473090809306294E-6,1.3841072606305092E-6,1.4334162310517624E-6,9.6152391926988659E-7],[5.8917894210633626E-7,9.6152391926988659E-7,9.1443915953068864E-7,1.1222690058352701E-6,9.1443915953068864E-7,9.6152391926988659E-7,5.8917894210633626E-7]],[[8.3194253782215693E-7,1.2679413600153847E-6,1.2134124832414522E-6,1.4597139891118829E-6,1.2134124832414522E-6,1.2679413600153847E-6,8.3194253782215693E-7],[1.2679413600153847E-6,1.7935868501183009E-6,1.7394105197138645E-6,2.035535953544583E-6,1.7394105197138645E-6,1.7935868501183009E-6,1.2679413600153847E-6],[1.2134124832414522E-6,1.7394105197138645E-6,1.8915499696422753E-6,2.0440099332396004E-6,1.8915499696422756E-6,1.7394105197138645E-6,1.2134124832414522E-6],[1.4597139891118829E-6,2.035535953544583E-6,2.0440099332396004E-6,2.3338983095246733E-6,2.0440099332396004E-6,2.035535953544583E-6,1.4597139891118829E-6],[1.2134124832414522E-6,1.7394105197138645E-6,1.8915499696422756E-6,2.0440099332396004E-6,1.8915499696422758E-6,1.7394105197138645E-6,1.2134124832414522E-6],[1.2679413600153847E-6,1.7935868501183009E-6,1.7394105197138645E-6,2.035535953544583E-6,1.7394105197138645E-6,1.7935868501183011E-6,1.2679413600153849E-6],[8.3194253782215693E-7,1.2679413600153847E-6,1.2134124832414522E-6,1.4597139891118829E-6,1.2134124832414522E-6,1.2679413600153849E-6,8.31942537822157E-7]],[[1.1113338903924458E-6,1.6057829086104952E-6,1.544599197312041E-6,1.8266617673573542E-6,1.544599197312041E-6,1.6057829086104952E-6,1.1113338903924458E-6],[1.6057829086104952E-6,2.1802027690140198E-6,2.1217413470486274E-6,2.4478902071855053E-6,2.1217413470486274E-6,2.1802027690140198E-6,1.6057829086104952E-6],[1.544599197312041E-6,2.1217413470486274E-6,2.2885476839403443E-6,2.4556948635695311E-6,2.2885476839403443E-6,2.1217413470486274E-6,1.544599197312041E-6],[1.8266617673573542E-6,2.4478902071855053E-6,2.4556948635695311E-6,2.7721149943270336E-6,2.4556948635695311E-6,2.4478902071855053E-6,1.8266617673573542E-6],[1.544599197312041E-6,2.1217413470486274E-6,2.2885476839403443E-6,2.4556948635695311E-6,2.2885476839403447E-6,2.1217413470486279E-6,1.5445991973120412E-6],[1.6057829086104952E-6,2.1802027690140198E-6,2.1217413470486274E-6,2.4478902071855053E-6,2.1217413470486279E-6,2.1802027690140198E-6,1.6057829086104952E-6],[1.1113338903924458E-6,1.6057829086104952E-6,1.544599197312041E-6,1.8266617673573542E-6,1.5445991973120412E-6,1.6057829086104952E-6,1.111333890392446E-6]],[[1.4242797275843031E-6,1.9721787558259576E-6,1.9050586830891063E-6,2.2201048320316637E-6,1.9050586830891063E-6,1.9721787558259576E-6,1.4242797275843031E-6],[1.9721787558259576E-6,2.590990430974251E-6,2.5287242531987252E-6,2.8822686506993607E-6,2.5287242531987252E-6,2.590990430974251E-6,1.9721787558259576E-6],[1.9050586830891063E-6,2.5287242531987252E-6,2.7088839992257272E-6,2.889403195572765E-6,2.7088839992257272E-6,2.5287242531987252E-6,1.9050586830891063E-6],[2.2201048320316637E-6,2.8822686506993607E-6,2.889403195572765E-6,3.2299234069293876E-6,2.889403195572765E-6,2.8822686506993607E-6,2.2201048320316637E-6],[1.9050586830891063E-6,2.5287242531987252E-6,2.7088839992257272E-6,2.889403195572765E-6,2.7088839992257272E-6,2.5287242531987252E-6,1.9050586830891067E-6],[1.9721787558259576E-6,2.590990430974251E-6,2.5287242531987252E-6,2.8822686506993607E-6,2.5287242531987252E-6,2.590990430974251E-6,1.9721787558259576E-6],[1.4242797275843031E-6,1.9721787558259576E-6,1.9050586830891063E-6,2.2201048320316637E-6,1.9050586830891067E-6,1.9721787558259576E-6,1.4242797275843033E-6]],[[1.7678856596122568E-6,2.3646037671615021E-6,2.2921795255115867E-6,2.6375242980700208E-6,2.2921795255115867E-6,2.3646037671615021E-6,1.7678856596122568E-6],[2.3646037671615021E-6,3.0239514755562669E-6,2.9582773932455986E-6,3.3368604220389271E-6,2.9582773932455986E-6,3.0239514755562669E-6,2.3646037671615021E-6],[2.2921795255115867E-6,2.9582773932455986E-6,3.1506271957323553E-6,3.3433535529144819E-6,3.1506271957323553E-6,2.9582773932455986E-6,2.2921795255115867E-6],[2.6375242980700208E-6,3.3368604220389271E-6,3.3433535529144819E-6,3.7058473214723019E-6,3.3433535529144819E-6,3.3368604220389271E-6,2.6375242980700208E-6],[2.2921795255115867E-6,2.9582773932455986E-6,3.1506271957323553E-6,3.3433535529144819E-6,3.1506271957323553E-6,2.9582773932455991E-6,2.2921795255115871E-6],[2.3646037671615021E-6,3.0239514755562669E-6,2.9582773932455986E-6,3.3368604220389271E-6,2.9582773932455991E-6,3.0239514755562669E-6,2.3646037671615021E-6],[1.7678856596122568E-6,2.3646037671615021E-6,2.2921795255115867E-6,2.6375242980700208E-6,2.2921795255115871E-6,2.3646037671615021E-6,1.767885659612257E-6]],[[2.1395007881666274E-6,2.7808370806002443E-6,2.7036545080208677E-6,3.0767883010458755E-6,2.7036545080208677E-6,2.7808370806002448E-6,2.1395007881666274E-6],[2.7808370806002443E-6,3.477329910972725E-6,3.4085769663340562E-6,3.8100992373175948E-6,3.4085769663340562E-6,3.477329910972725E-6,2.7808370806002448E-6],[2.7036545080208677E-6,3.4085769663340562E-6,3.6120897618172925E-6,3.8159949026000126E-6,3.6120897618172921E-6,3.4085769663340562E-6,2.7036545080208677E-6],[3.0767883010458755E-6,3.8100992373175948E-6,3.8159949026000126E-6,4.1986020655855506E-6,3.8159949026000126E-6,3.8100992373175948E-6,3.0767883010458755E-6],[2.7036545080208677E-6,3.4085769663340562E-6,3.6120897618172921E-6,3.8159949026000126E-6,3.6120897618172921E-6,3.4085769663340562E-6,2.7036545080208677E-6],[2.7808370806002448E-6,3.477329910972725E-6,3.4085769663340562E-6,3.8100992373175948E-6,3.4085769663340562E-6,3.477329910972725E-6,2.7808370806002448E-6],[2.1395007881666274E-6,2.7808370806002448E-6,2.7036545080208677E-6,3.0767883010458755E-6,2.7036545080208677E-6,2.7808370806002448E-6,2.1395007881666278E-6]],[[2.5367360492482124E-6,3.2189261220660524E-6,3.1374517206370317E-6,3.5360773149963915E-6,3.1374517206370317E-6,3.2189261220660528E-6,2.5367360492482124E-6],[3.2189261220660524E-6,3.9495829049063482E-6,3.8780252427389116E-6,4.3006253999337305E-6,3.8780252427389116E-6,3.9495829049063482E-6,3.2189261220660528E-6],[3.1374517206370317E-6,3.8780252427389116E-6,4.0917962027601527E-6,4.3059741494529349E-6,4.0917962027601519E-6,3.8780252427389107E-6,3.1374517206370317E-6],[3.5360773149963915E-6,4.3006253999337305E-6,4.3059741494529349E-6,4.70706688364412E-6,4.3059741494529349E-6,4.3006253999337305E-6,3.5360773149963915E-6],[3.1374517206370317E-6,3.8780252427389116E-6,4.0917962027601519E-6,4.3059741494529349E-6,4.0917962027601527E-6,3.8780252427389116E-6,3.1374517206370317E-6],[3.2189261220660528E-6,3.9495829049063482E-6,3.8780252427389107E-6,4.3006253999337305E-6,3.8780252427389116E-6,3.9495829049063482E-6,3.2189261220660528E-6],[2.5367360492482124E-6,3.2189261220660528E-6,3.1374517206370317E-6,3.5360773149963915E-6,3.1374517206370317E-6,3.2189261220660528E-6,2.5367360492482128E-6]],[[2.9574590464818236E-6,3.6771546037550395E-6,3.5917851842723691E-6,4.0138279946965416E-6,3.5917851842723691E-6,3.67715460375504E-6,2.9574590464818236E-6],[3.6771546037550395E-6,4.4393549226707984E-6,4.365222226441765E-6,4.8072551011143217E-6,4.365222226441765E-6,4.4393549226707984E-6,3.67715460375504E-6],[3.5917851842723691E-6,4.365222226441765E-6,4.5884552748955886E-6,4.8121089452385454E-6,4.5884552748955886E-6,4.365222226441765E-6,3.5917851842723691E-6],[4.0138279946965416E-6,4.8072551011143217E-6,4.8121089452385454E-6,5.2302620531769283E-6,4.8121089452385454E-6,4.8072551011143217E-6,4.0138279946965416E-6],[3.5917851842723691E-6,4.365222226441765E-6,4.5884552748955886E-6,4.8121089452385454E-6,4.5884552748955886E-6,4.365222226441765E-6,3.5917851842723691E-6],[3.67715460375504E-6,4.4393549226707984E-6,4.365222226441765E-6,4.8072551011143217E-6,4.365222226441765E-6,4.4393549226707984E-6,3.6771546037550395E-6],[2.9574590464818236E-6,3.67715460375504E-6,3.5917851842723691E-6,4.0138279946965416E-6,3.5917851842723691E-6,3.6771546037550395E-6,2.957459046481824E-6]],[[3.3997776862624407E-6,4.1540141370602786E-6,4.0650868050225977E-6,4.5086900122622451E-6,4.0650868050225977E-6,4.1540141370602786E-6,3.3997776862624407E-6],[4.1540141370602786E-6,4.9454549176004728E-6,4.8689407511033035E-6,5.3289552742325278E-6,4.8689407511033035E-6,4.9454549176004728E-6,4.1540141370602786E-6],[4.0650868050225977E-6,4.8689407511033035E-6,5.1009360562300771E-6,5.3333647368921455E-6,5.1009360562300771E-6,4.8689407511033035E-6,4.0650868050225977E-6],[4.5086900122622451E-6,5.3289552742325278E-6,5.3333647368921455E-6,5.7673297688448978E-6,5.3333647368921455E-6,5.3289552742325278E-6,4.5086900122622451E-6],[4.0650868050225977E-6,4.8689407511033035E-6,5.1009360562300771E-6,5.3333647368921455E-6,5.1009360562300771E-6,4.8689407511033035E-6,4.0650868050225977E-6],[4.1540141370602786E-6,4.9454549176004728E-6,4.8689407511033035E-6,5.3289552742325278E-6,4.8689407511033035E-6,4.9454549176004728E-6,4.1540141370602786E-6],[3.3997776862624407E-6,4.1540141370602786E-6,4.0650868050225977E-6,4.5086900122622451E-6,4.0650868050225977E-6,4.1540141370602786E-6,3.3997776862624407E-6]],[[3.8620192136833139E-6,4.64817912302857E-6,4.55598053531933E-6,5.0194921984233892E-6,4.55598053531933E-6,4.64817912302857E-6,3.8620192136833139E-6],[4.64817912302857E-6,5.4668362731704388E-6,5.3881047097513878E-6,5.8648227575902333E-6,5.3881047097513878E-6,5.4668362731704388E-6,4.64817912302857E-6],[4.55598053531933E-6,5.3881047097513878E-6,5.6282473221602435E-6,5.8688352908179606E-6,5.6282473221602435E-6,5.3881047097513878E-6,4.55598053531933E-6],[5.0194921984233892E-6,5.8648227575902333E-6,5.8688352908179606E-6,6.3175180487419842E-6,5.8688352908179606E-6,5.8648227575902333E-6,5.0194921984233892E-6],[4.55598053531933E-6,5.3881047097513878E-6,5.6282473221602435E-6,5.8688352908179606E-6,5.6282473221602435E-6,5.3881047097513878E-6,4.55598053531933E-6],[4.64817912302857E-6,5.4668362731704388E-6,5.3881047097513878E-6,5.8648227575902333E-6,5.3881047097513878E-6,5.4668362731704388E-6,4.64817912302857E-6],[3.8620192136833139E-6,4.64817912302857E-6,4.55598053531933E-6,5.0194921984233892E-6,4.55598053531933E-6,4.64817912302857E-6,3.8620192136833139E-6]],[[4.3427081235452079E-6,5.1584846017782481E-6,5.063259077990411E-6,5.5452154902145678E-6,5.063259077990411E-6,5.1584846017782481E-6,4.3427081235452079E-6],[5.1584846017782481E-6,6.0025792039105011E-6,5.9217700853086609E-6,6.4140668564817536E-6,5.9217700853086609E-6,6.0025792039105011E-6,5.1584846017782481E-6],[5.063259077990411E-6,5.9217700853086609E-6,6.1695197581081838E-6,6.417726089818629E-6,6.1695197581081838E-6,5.9217700853086609E-6,5.063259077990411E-6],[5.5452154902145678E-6,6.4140668564817536E-6,6.417726089818629E-6,6.8801670923098441E-6,6.417726089818629E-6,6.4140668564817536E-6,5.5452154902145678E-6],[5.063259077990411E-6,5.9217700853086609E-6,6.1695197581081838E-6,6.417726089818629E-6,6.1695197581081838E-6,5.9217700853086609E-6,5.063259077990411E-6],[5.1584846017782481E-6,6.0025792039105011E-6,5.9217700853086609E-6,6.4140668564817536E-6,5.9217700853086609E-6,6.0025792039105011E-6,5.1584846017782481E-6],[4.3427081235452079E-6,5.1584846017782481E-6,5.063259077990411E-6,5.5452154902145678E-6,5.063259077990411E-6,5.1584846017782481E-6,4.3427081235452079E-6]],[[4.840544713392479E-6,5.68390675827719E-6,5.5858631670771987E-6,6.0849709653707309E-6,5.5858631670771987E-6,5.68390675827719E-6,4.840544713392479E-6],[5.68390675827719E-6,6.551875338080436E-6,6.46910845130967E-6,6.9759946282682174E-6,6.46910845130967E-6,6.551875338080436E-6,5.68390675827719E-6],[5.5858631670771987E-6,6.46910845130967E-6,6.7239906026509244E-6,6.9793401205092753E-6,6.7239906026509244E-6,6.46910845130967E-6,5.5858631670771987E-6],[6.0849709653707309E-6,6.9759946282682174E-6,6.9793401205092753E-6,7.45469764727466E-6,6.9793401205092753E-6,6.9759946282682174E-6,6.0849709653707309E-6],[5.5858631670771987E-6,6.46910845130967E-6,6.7239906026509244E-6,6.9793401205092753E-6,6.7239906026509244E-6,6.46910845130967E-6,5.5858631670771987E-6],[5.68390675827719E-6,6.551875338080436E-6,6.46910845130967E-6,6.9759946282682174E-6,6.46910845130967E-6,6.551875338080436E-6,5.68390675827719E-6],[4.840544713392479E-6,5.68390675827719E-6,5.5858631670771987E-6,6.0849709653707309E-6,5.5858631670771987E-6,5.68390675827719E-6,4.840544713392479E-6]],[[5.3543851159781912E-6,6.2235457991996791E-6,6.1228632994261925E-6,6.6379817580333E-6,6.1228632994261925E-6,6.2235457991996791E-6,5.3543851159781912E-6],[6.2235457991996791E-6,7.11401422581009E-6,7.0293926326343755E-6,7.54999837818947E-6,7.0293926326343755E-6,7.11401422581009E-6,6.2235457991996791E-6],[6.1228632994261925E-6,7.0293926326343755E-6,7.2909903715929375E-6,7.5530656623320266E-6,7.2909903715929375E-6,7.0293926326343747E-6,6.1228632994261925E-6],[6.6379817580333E-6,7.54999837818947E-6,7.5530656623320266E-6,8.0406010381281615E-6,7.5530656623320266E-6,7.54999837818947E-6,6.6379817580333E-6],[6.1228632994261925E-6,7.0293926326343755E-6,7.2909903715929375E-6,7.5530656623320266E-6,7.2909903715929375E-6,7.0293926326343747E-6,6.1228632994261925E-6],[6.2235457991996791E-6,7.11401422581009E-6,7.0293926326343747E-6,7.54999837818947E-6,7.0293926326343747E-6,7.11401422581009E-6,6.2235457991996791E-6],[5.3543851159781912E-6,6.2235457991996791E-6,6.1228632994261925E-6,6.6379817580333E-6,6.1228632994261925E-6,6.2235457991996791E-6,5.3543851159781912E-6]],[[5.8832231467820356E-6,6.77661093510001E-6,6.6734437149111105E-6,7.2035679944178453E-6,6.6734437149111105E-6,6.77661093510001E-6,5.8832231467820356E-6],[6.77661093510001E-6,7.6883715394469252E-6,7.6019842447912773E-6,8.1355449710748752E-6,7.6019842447912773E-6,7.6883715394469252E-6,6.77661093510001E-6],[6.6734437149111105E-6,7.6019842447912773E-6,7.8699313640419574E-6,8.1383657617976421E-6,7.8699313640419574E-6,7.6019842447912773E-6,6.6734437149111105E-6],[7.2035679944178453E-6,8.1355449710748752E-6,8.1383657617976421E-6,8.6374305801203855E-6,8.1383657617976421E-6,8.1355449710748752E-6,7.2035679944178453E-6],[6.6734437149111105E-6,7.6019842447912773E-6,7.8699313640419574E-6,8.1383657617976421E-6,7.8699313640419574E-6,7.6019842447912773E-6,6.6734437149111105E-6],[6.77661093510001E-6,7.6883715394469252E-6,7.6019842447912773E-6,8.1355449710748752E-6,7.6019842447912773E-6,7.6883715394469252E-6,6.77661093510001E-6],[5.8832231467820356E-6,6.77661093510001E-6,6.6734437149111105E-6,7.2035679944178453E-6,6.6734437149111105E-6,6.77661093510001E-6,5.8832231467820356E-6]],[[6.4261740360824974E-6,7.3424072233870371E-6,7.2368883950738236E-6,7.7811341205127446E-6,7.2368883950738236E-6,7.3424072233870371E-6,6.4261740360824974E-6],[7.3424072233870371E-6,8.2743987564262728E-6,8.1863228615191013E-6,8.7321666496711563E-6,8.1863228615191013E-6,8.2743987564262728E-6,7.3424072233870371E-6],[7.2368883950738236E-6,8.1863228615191013E-6,8.4602976956527718E-6,8.73476913254884E-6,8.4602976956527735E-6,8.186322861519103E-6,7.2368883950738236E-6],[7.7811341205127446E-6,8.7321666496711563E-6,8.73476913254884E-6,9.244794157037498E-6,8.73476913254884E-6,8.732166649671158E-6,7.7811341205127446E-6],[7.2368883950738236E-6,8.1863228615191013E-6,8.4602976956527735E-6,8.73476913254884E-6,8.4602976956527735E-6,8.186322861519103E-6,7.2368883950738236E-6],[7.3424072233870371E-6,8.2743987564262728E-6,8.186322861519103E-6,8.732166649671158E-6,8.186322861519103E-6,8.2743987564262745E-6,7.3424072233870371E-6],[6.4261740360824974E-6,7.3424072233870371E-6,7.2368883950738236E-6,7.7811341205127446E-6,7.2368883950738236E-6,7.3424072233870371E-6,6.4261740360824974E-6]],[[6.98245997887907E-6,7.92032404971296E-6,7.8125688486102813E-6,8.3701581547366226E-6,7.8125688486102813E-6,7.92032404971296E-6,6.98245997887907E-6],[7.92032404971296E-6,8.8716141379504335E-6,8.78191659115095E-6,9.33945311373618E-6,8.78191659115095E-6,8.8716141379504335E-6,7.92032404971296E-6],[7.8125688486102813E-6,8.78191659115095E-6,9.0616366421472223E-6,9.341862267046973E-6,9.0616366421472223E-6,8.78191659115095E-6,7.8125688486102813E-6],[8.3701581547366226E-6,9.33945311373618E-6,9.341862267046973E-6,9.8623477828179843E-6,9.341862267046973E-6,9.33945311373618E-6,8.3701581547366226E-6],[7.8125688486102813E-6,8.78191659115095E-6,9.0616366421472223E-6,9.341862267046973E-6,9.0616366421472223E-6,8.78191659115095E-6,7.8125688486102813E-6],[7.92032404971296E-6,8.8716141379504335E-6,8.78191659115095E-6,9.33945311373618E-6,8.78191659115095E-6,8.8716141379504335E-6,7.92032404971296E-6],[6.98245997887907E-6,7.92032404971296E-6,7.8125688486102813E-6,8.3701581547366226E-6,7.8125688486102813E-6,7.92032404971296E-6,6.98245997887907E-6]],[[7.5513973712179265E-6,8.5098250475164675E-6,8.3999334647211055E-6,8.9701825112539387E-6,8.3999334647211055E-6,8.5098250475164675E-6,7.5513973712179265E-6],[8.5098250475164675E-6,9.4795948384110261E-6,9.3883338707193544E-6,9.9570446618786618E-6,9.3883338707193544E-6,9.4795948384110261E-6,8.5098250475164675E-6],[8.3999334647211055E-6,9.3883338707193544E-6,9.6735511085871583E-6,9.9592825818821178E-6,9.6735511085871583E-6,9.3883338707193544E-6,8.3999334647211055E-6],[8.9701825112539387E-6,9.9570446618786618E-6,9.9592825818821178E-6,1.0489789999578964E-5,9.9592825818821178E-6,9.9570446618786618E-6,8.9701825112539387E-6],[8.3999334647211055E-6,9.3883338707193544E-6,9.6735511085871583E-6,9.9592825818821178E-6,9.6735511085871583E-6,9.3883338707193544E-6,8.3999334647211055E-6],[8.5098250475164675E-6,9.4795948384110261E-6,9.3883338707193544E-6,9.9570446618786618E-6,9.3883338707193544E-6,9.4795948384110261E-6,8.5098250475164675E-6],[7.5513973712179265E-6,8.5098250475164675E-6,8.3999334647211055E-6,8.9701825112539387E-6,8.3999334647211055E-6,8.5098250475164675E-6,7.5513973712179265E-6]],[[8.1323855757813753E-6,9.1104392768909218E-6,8.9984982344548131E-6,9.5808061201438931E-6,8.9984982344548131E-6,9.1104392768909218E-6,8.1323855757813753E-6],[9.1104392768909218E-6,1.0097970000434306E-5,1.0005196312507615E-5,1.0584626234791094E-5,1.0005196312507615E-5,1.0097970000434306E-5,9.1104392768909218E-6],[8.9984982344548131E-6,1.0005196312507615E-5,1.029569306736103E-5,1.0586712447943451E-5,1.029569306736103E-5,1.0005196312507615E-5,8.9984982344548131E-6],[9.5808061201438931E-6,1.0584626234791094E-5,1.0586712447943451E-5,1.1126856990229737E-5,1.0586712447943451E-5,1.0584626234791094E-5,9.5808061201438931E-6],[8.9984982344548131E-6,1.0005196312507615E-5,1.029569306736103E-5,1.0586712447943451E-5,1.029569306736103E-5,1.0005196312507615E-5,8.9984982344548131E-6],[9.1104392768909218E-6,1.0097970000434306E-5,1.0005196312507615E-5,1.0584626234791094E-5,1.0005196312507615E-5,1.0097970000434306E-5,9.1104392768909218E-6],[8.1323855757813753E-6,9.1104392768909218E-6,8.9984982344548131E-6,9.5808061201438931E-6,8.9984982344548131E-6,9.1104392768909218E-6,8.1323855757813753E-6]],[[8.7248970548841319E-6,9.7217535041865824E-6,9.6078386615229523E-6,1.0201677629158639E-5,9.6078386615229523E-6,9.7217535041865824E-6,8.7248970548841319E-6],[9.7217535041865824E-6,1.072641470850183E-5,1.0632172460490197E-5,1.1221922227061981E-5,1.0632172460490197E-5,1.072641470850183E-5,9.7217535041865824E-6],[9.6078386615229523E-6,1.0632172460490197E-5,1.092775783111216E-5,1.1223873980481156E-5,1.092775783111216E-5,1.0632172460490197E-5,9.6078386615229523E-6],[1.0201677629158639E-5,1.1221922227061981E-5,1.1223873980481156E-5,1.1773318304229858E-5,1.1223873980481156E-5,1.1221922227061981E-5,1.0201677629158639E-5],[9.6078386615229523E-6,1.0632172460490197E-5,1.092775783111216E-5,1.1223873980481156E-5,1.092775783111216E-5,1.0632172460490197E-5,9.6078386615229523E-6],[9.7217535041865824E-6,1.072641470850183E-5,1.0632172460490197E-5,1.1221922227061981E-5,1.0632172460490197E-5,1.072641470850183E-5,9.7217535041865824E-6],[8.7248970548841319E-6,9.7217535041865824E-6,9.6078386615229523E-6,1.0201677629158639E-5,9.6078386615229523E-6,9.7217535041865824E-6,8.7248970548841319E-6]],[[9.3284687151966834E-6,1.0343405442469173E-5,1.0227582705314643E-5,1.0832489515202095E-5,1.0227582705314643E-5,1.0343405442469173E-5,9.3284687151966834E-6],[1.0343405442469173E-5,1.1364644690259732E-5,1.1268972333944193E-5,1.1868691957283688E-5,1.1268972333944193E-5,1.1364644690259732E-5,1.0343405442469173E-5],[1.0227582705314643E-5,1.1268972333944193E-5,1.156947904650882E-5,1.1870524483593039E-5,1.156947904650882E-5,1.1268972333944193E-5,1.0227582705314643E-5],[1.0832489515202095E-5,1.1868691957283688E-5,1.1870524483593039E-5,1.2428973111436141E-5,1.1870524483593039E-5,1.1868691957283688E-5,1.0832489515202095E-5],[1.0227582705314643E-5,1.1268972333944193E-5,1.156947904650882E-5,1.1870524483593039E-5,1.156947904650882E-5,1.1268972333944193E-5,1.0227582705314643E-5],[1.0343405442469173E-5,1.1364644690259732E-5,1.1268972333944193E-5,1.1868691957283688E-5,1.1268972333944193E-5,1.1364644690259732E-5,1.0343405442469173E-5],[9.3284687151966834E-6,1.0343405442469173E-5,1.0227582705314643E-5,1.0832489515202095E-5,1.0227582705314643E-5,1.0343405442469173E-5,9.3284687151966834E-6]],[[9.9426943199401066E-6,1.0975077830022814E-5,1.0857404618789743E-5,1.1472972966414965E-5,1.0857404618789743E-5,1.0975077830022814E-5,9.9426943199401066E-6],[1.0975077830022814E-5,1.2012411668968418E-5,1.1915342652693863E-5,1.2524725704191148E-5,1.1915342652693863E-5,1.2012411668968418E-5,1.0975077830022814E-5],[1.0857404618789743E-5,1.1915342652693863E-5,1.2220624311394963E-5,1.2526452459764452E-5,1.2220624311394963E-5,1.1915342652693863E-5,1.0857404618789743E-5],[1.1472972966414965E-5,1.2524725704191148E-5,1.2526452459764452E-5,1.3093646912294663E-5,1.2526452459764452E-5,1.2524725704191148E-5,1.1472972966414965E-5],[1.0857404618789743E-5,1.1915342652693863E-5,1.2220624311394963E-5,1.2526452459764452E-5,1.2220624311394963E-5,1.1915342652693863E-5,1.0857404618789743E-5],[1.0975077830022814E-5,1.2012411668968418E-5,1.1915342652693863E-5,1.2524725704191148E-5,1.1915342652693863E-5,1.2012411668968418E-5,1.0975077830022814E-5],[9.9426943199401066E-6,1.0975077830022814E-5,1.0857404618789743E-5,1.1472972966414965E-5,1.0857404618789743E-5,1.0975077830022814E-5,9.9426943199401066E-6]],[[1.0567217837840831E-5,1.1616493239420445E-5,1.149701956201405E-5,1.2122893420918283E-5,1.149701956201405E-5,1.1616493239420445E-5,1.0567217837840831E-5],[1.1616493239420445E-5,1.2669499283147927E-5,1.2571062653228736E-5,1.3189841231131023E-5,1.2571062653228736E-5,1.2669499283147927E-5,1.1616493239420445E-5],[1.149701956201405E-5,1.2571062653228736E-5,1.2880991331923524E-5,1.3191474108435431E-5,1.2880991331923524E-5,1.2571062653228736E-5,1.149701956201405E-5],[1.2122893420918283E-5,1.3189841231131023E-5,1.3191474108435431E-5,1.3767188643525912E-5,1.3191474108435431E-5,1.3189841231131023E-5,1.2122893420918283E-5],[1.149701956201405E-5,1.2571062653228736E-5,1.2880991331923524E-5,1.3191474108435431E-5,1.2880991331923524E-5,1.2571062653228736E-5,1.149701956201405E-5],[1.1616493239420445E-5,1.2669499283147927E-5,1.2571062653228736E-5,1.3189841231131023E-5,1.2571062653228736E-5,1.2669499283147927E-5,1.1616493239420445E-5],[1.0567217837840831E-5,1.1616493239420445E-5,1.149701956201405E-5,1.2122893420918283E-5,1.149701956201405E-5,1.1616493239420445E-5,1.0567217837840831E-5]],[[1.1201727612069293E-5,1.2267409523367604E-5,1.2146178888171646E-5,1.2782046667928159E-5,1.2146178888171646E-5,1.2267409523367604E-5,1.1201727612069293E-5],[1.2267409523367604E-5,1.3335719500521201E-5,1.3235940417628144E-5,1.3863880733067893E-5,1.3235940417628144E-5,1.3335719500521201E-5,1.2267409523367604E-5],[1.2146178888171646E-5,1.3235940417628144E-5,1.3550404548192557E-5,1.3865430248712012E-5,1.3550404548192557E-5,1.3235940417628144E-5,1.2146178888171646E-5],[1.2782046667928159E-5,1.3863880733067893E-5,1.3865430248712012E-5,1.4449468127453766E-5,1.3865430248712012E-5,1.3863880733067893E-5,1.2782046667928159E-5],[1.2146178888171646E-5,1.3235940417628144E-5,1.3550404548192557E-5,1.3865430248712012E-5,1.3550404548192557E-5,1.3235940417628144E-5,1.2146178888171646E-5],[1.2267409523367604E-5,1.3335719500521201E-5,1.3235940417628144E-5,1.3863880733067893E-5,1.3235940417628144E-5,1.3335719500521201E-5,1.2267409523367604E-5],[1.1201727612069293E-5,1.2267409523367604E-5,1.2146178888171646E-5,1.2782046667928159E-5,1.2146178888171646E-5,1.2267409523367604E-5,1.1201727612069293E-5]],[[1.1845951245813495E-5,1.2927615815609627E-5,1.2804666012969428E-5,1.3450255432535273E-5,1.2804666012969428E-5,1.2927615815609627E-5,1.1845951245813495E-5],[1.2927615815609627E-5,1.4010909462976452E-5,1.3909809648087224E-5,1.4546708150139144E-5,1.3909809648087224E-5,1.4010909462976452E-5,1.2927615815609627E-5],[1.2804666012969428E-5,1.3909809648087224E-5,1.4228712167001857E-5,1.4548183610669632E-5,1.4228712167001857E-5,1.3909809648087224E-5,1.2804666012969428E-5],[1.3450255432535273E-5,1.4546708150139144E-5,1.4548183610669632E-5,1.5140373820605841E-5,1.4548183610669632E-5,1.4546708150139144E-5,1.3450255432535273E-5],[1.2804666012969428E-5,1.3909809648087224E-5,1.4228712167001857E-5,1.4548183610669632E-5,1.4228712167001857E-5,1.3909809648087224E-5,1.2804666012969428E-5],[1.2927615815609627E-5,1.4010909462976452E-5,1.3909809648087224E-5,1.4546708150139144E-5,1.3909809648087224E-5,1.4010909462976452E-5,1.2927615815609627E-5],[1.1845951245813495E-5,1.2927615815609627E-5,1.2804666012969428E-5,1.3450255432535273E-5,1.2804666012969428E-5,1.2927615815609627E-5,1.1845951245813495E-5]],[[1.2499651113586655E-5,1.3596929015826033E-5,1.3472292790585091E-5,1.4127366377964805E-5,1.3472292790585091E-5,1.3596929015826033E-5,1.2499651113586655E-5],[1.3596929015826033E-5,1.469492870764074E-5,1.459252682914212E-5,1.5238206799920179E-5,1.459252682914212E-5,1.4694928707640742E-5,1.3596929015826033E-5],[1.3472292790585091E-5,1.459252682914212E-5,1.4915783548931032E-5,1.5239616447559447E-5,1.4915783548931032E-5,1.459252682914212E-5,1.3472292790585091E-5],[1.4127366377964805E-5,1.5238206799920179E-5,1.5239616447559447E-5,1.5839810823477955E-5,1.5239616447559447E-5,1.5238206799920179E-5,1.4127366377964805E-5],[1.3472292790585091E-5,1.459252682914212E-5,1.4915783548931032E-5,1.5239616447559447E-5,1.4915783548931032E-5,1.459252682914212E-5,1.3472292790585091E-5],[1.3596929015826033E-5,1.4694928707640742E-5,1.459252682914212E-5,1.5238206799920179E-5,1.459252682914212E-5,1.4694928707640742E-5,1.3596929015826033E-5],[1.2499651113586655E-5,1.3596929015826033E-5,1.3472292790585091E-5,1.4127366377964805E-5,1.3472292790585091E-5,1.3596929015826033E-5,1.2499651113586655E-5]],[[1.3162620418667848E-5,1.4275190696727721E-5,1.4148896329869136E-5,1.4813247469305204E-5,1.4148896329869136E-5,1.4275190696727721E-5,1.3162620418667848E-5],[1.4275190696727721E-5,1.5387656716403982E-5,1.5283968727638965E-5,1.5938277287365248E-5,1.5283968727638965E-5,1.5387656716403982E-5,1.4275190696727721E-5],[1.4148896329869136E-5,1.5283968727638965E-5,1.5611506904230667E-5,1.5939628427861863E-5,1.5611506904230667E-5,1.5283968727638965E-5,1.4148896329869136E-5],[1.4813247469305204E-5,1.5938277287365248E-5,1.5939628427861863E-5,1.6547699118617411E-5,1.5939628427861863E-5,1.5938277287365248E-5,1.4813247469305204E-5],[1.4148896329869136E-5,1.5283968727638965E-5,1.5611506904230667E-5,1.5939628427861863E-5,1.5611506904230667E-5,1.5283968727638965E-5,1.4148896329869136E-5],[1.4275190696727721E-5,1.5387656716403982E-5,1.5283968727638965E-5,1.5938277287365248E-5,1.5283968727638965E-5,1.5387656716403982E-5,1.4275190696727721E-5],[1.3162620418667848E-5,1.4275190696727721E-5,1.4148896329869136E-5,1.4813247469305204E-5,1.4148896329869136E-5,1.4275190696727721E-5,1.3162620418667848E-5]],[[1.3834679727166615E-5,1.4962264379687537E-5,1.483433619361948E-5,1.5507785651054012E-5,1.483433619361948E-5,1.4962264379687537E-5,1.3834679727166615E-5],[1.4962264379687537E-5,1.6088990752523634E-5,1.5984030187307333E-5,1.6646835657121842E-5,1.5984030187307333E-5,1.6088990752523634E-5,1.4962264379687537E-5],[1.483433619361948E-5,1.5984030187307333E-5,1.6315787258246263E-5,1.664813477177073E-5,1.6315787258246263E-5,1.5984030187307333E-5,1.483433619361948E-5],[1.5507785651054012E-5,1.6646835657121842E-5,1.664813477177073E-5,1.7263972008643544E-5,1.664813477177073E-5,1.6646835657121842E-5,1.5507785651054012E-5],[1.483433619361948E-5,1.5984030187307333E-5,1.6315787258246263E-5,1.664813477177073E-5,1.6315787258246263E-5,1.5984030187307333E-5,1.483433619361948E-5],[1.4962264379687537E-5,1.6088990752523634E-5,1.5984030187307333E-5,1.6646835657121842E-5,1.5984030187307333E-5,1.6088990752523634E-5,1.4962264379687537E-5],[1.3834679727166615E-5,1.4962264379687537E-5,1.483433619361948E-5,1.5507785651054012E-5,1.483433619361948E-5,1.4962264379687537E-5,1.3834679727166615E-5]],[[1.4515673918132393E-5,1.5658033132274388E-5,1.552849193155448E-5,1.6210884797749603E-5,1.552849193155448E-5,1.5658033132274388E-5,1.4515673918132393E-5],[1.5658033132274388E-5,1.6798843948366626E-5,1.6692622180620354E-5,1.7363811757748886E-5,1.6692622180620354E-5,1.6798843948366626E-5,1.5658033132274388E-5],[1.552849193155448E-5,1.6692622180620354E-5,1.7028544652397595E-5,1.7365064601475367E-5,1.7028544652397595E-5,1.6692622180620354E-5,1.552849193155448E-5],[1.6210884797749603E-5,1.7363811757748886E-5,1.7365064601475367E-5,1.7988574729603574E-5,1.7365064601475367E-5,1.7363811757748886E-5,1.6210884797749603E-5],[1.552849193155448E-5,1.6692622180620354E-5,1.7028544652397595E-5,1.7365064601475367E-5,1.7028544652397595E-5,1.6692622180620354E-5,1.552849193155448E-5],[1.5658033132274388E-5,1.6798843948366626E-5,1.6692622180620354E-5,1.7363811757748886E-5,1.6692622180620354E-5,1.6798843948366626E-5,1.5658033132274388E-5],[1.4515673918132393E-5,1.5658033132274388E-5,1.552849193155448E-5,1.6210884797749603E-5,1.552849193155448E-5,1.5658033132274388E-5,1.4515673918132393E-5]],[[1.5205469496974402E-5,1.6362397447185579E-5,1.623126090432001E-5,1.6922463902738602E-5,1.623126090432001E-5,1.6362397447185579E-5,1.5205469496974402E-5],[1.6362397447185579E-5,1.7517143613048664E-5,1.7409670085623791E-5,1.8089147791479927E-5,1.7409670085623791E-5,1.7517143613048664E-5,1.6362397447185579E-5],[1.623126090432001E-5,1.7409670085623791E-5,1.7749712551282273E-5,1.8090359478699311E-5,1.7749712551282273E-5,1.7409670085623791E-5,1.623126090432001E-5],[1.6922463902738602E-5,1.8089147791479927E-5,1.8090359478699311E-5,1.8721463218295494E-5,1.8090359478699311E-5,1.8089147791479927E-5,1.6922463902738602E-5],[1.623126090432001E-5,1.7409670085623791E-5,1.7749712551282273E-5,1.8090359478699311E-5,1.7749712551282273E-5,1.7409670085623791E-5,1.623126090432001E-5],[1.6362397447185579E-5,1.7517143613048664E-5,1.7409670085623791E-5,1.8089147791479927E-5,1.7409670085623791E-5,1.7517143613048664E-5,1.6362397447185579E-5],[1.5205469496974402E-5,1.6362397447185579E-5,1.623126090432001E-5,1.6922463902738602E-5,1.623126090432001E-5,1.6362397447185579E-5,1.5205469496974402E-5]],[[1.5903952226317853E-5,1.70752733673647E-5,1.6942556361622156E-5,1.7642455474977536E-5,1.6942556361622156E-5,1.70752733673647E-5,1.5903952226317853E-5],[1.70752733673647E-5,1.8243829732787358E-5,1.813511215969982E-5,1.8822797026665828E-5,1.813511215969982E-5,1.8243829732787358E-5,1.70752733673647E-5],[1.6942556361622156E-5,1.813511215969982E-5,1.8479236430360394E-5,1.8823972106446571E-5,1.8479236430360394E-5,1.813511215969982E-5,1.6942556361622156E-5],[1.7642455474977536E-5,1.8822797026665828E-5,1.8823972106446571E-5,1.9462603014948573E-5,1.8823972106446571E-5,1.8822797026665828E-5,1.7642455474977536E-5],[1.6942556361622156E-5,1.813511215969982E-5,1.8479236430360394E-5,1.8823972106446571E-5,1.8479236430360394E-5,1.813511215969982E-5,1.6942556361622156E-5],[1.70752733673647E-5,1.8243829732787358E-5,1.813511215969982E-5,1.8822797026665828E-5,1.813511215969982E-5,1.8243829732787358E-5,1.70752733673647E-5],[1.5903952226317853E-5,1.70752733673647E-5,1.6942556361622156E-5,1.7642455474977536E-5,1.6942556361622156E-5,1.70752733673647E-5,1.5903952226317853E-5]],[[1.6611025034394653E-5,1.7796590826685563E-5,1.7662305742514552E-5,1.8370804117873757E-5,1.7662305742514552E-5,1.7796590826685563E-5,1.6611025034394653E-5],[1.7796590826685563E-5,1.8978853640298077E-5,1.8868898185914885E-5,1.9564722653025166E-5,1.8868898185914885E-5,1.8978853640298077E-5,1.7796590826685563E-5],[1.7662305742514552E-5,1.8868898185914885E-5,1.9217072522019432E-5,1.9565865174907119E-5,1.9217072522019432E-5,1.8868898185914885E-5,1.7662305742514552E-5],[1.8370804117873757E-5,1.9564722653025166E-5,1.9565865174907119E-5,2.02119682850278E-5,1.9565865174907119E-5,1.9564722653025166E-5,1.8370804117873757E-5],[1.7662305742514552E-5,1.8868898185914885E-5,1.9217072522019432E-5,1.9565865174907119E-5,1.9217072522019432E-5,1.8868898185914885E-5,1.7662305742514552E-5],[1.7796590826685563E-5,1.8978853640298077E-5,1.8868898185914885E-5,1.9564722653025166E-5,1.8868898185914885E-5,1.8978853640298077E-5,1.7796590826685563E-5],[1.6611025034394653E-5,1.7796590826685563E-5,1.7662305742514552E-5,1.8370804117873757E-5,1.7662305742514552E-5,1.7796590826685563E-5,1.6611025034394653E-5]],[[1.7326606166260663E-5,1.8526292179552012E-5,1.839044917011289E-5,1.9107465267645597E-5,1.839044917011289E-5,1.8526292179552012E-5,1.7326606166260663E-5],[1.8526292179552012E-5,1.9722176832595359E-5,1.9610988270767762E-5,2.0314896762392438E-5,1.9610988270767762E-5,1.9722176832595359E-5,1.8526292179552012E-5],[1.839044917011289E-5,1.9610988270767762E-5,1.9963186700689595E-5,2.0316010334048104E-5,1.9963186700689595E-5,1.9610988270767762E-5,1.839044917011289E-5],[1.9107465267645597E-5,2.0314896762392438E-5,2.0316010334048104E-5,2.09695409459692E-5,2.0316010334048104E-5,2.0314896762392438E-5,1.9107465267645597E-5],[1.839044917011289E-5,1.9610988270767762E-5,1.9963186700689595E-5,2.0316010334048104E-5,1.9963186700689595E-5,1.9610988270767762E-5,1.839044917011289E-5],[1.8526292179552012E-5,1.9722176832595359E-5,1.9610988270767762E-5,2.0314896762392438E-5,1.9610988