{"M_cells":[[[0,0,0,0,0,0,0],[0,0,0,0,0,0,0],[0,0,0,0,0,0,0],[0,0,0,0,0,0,0],[0,0,0,0,0,0,0],[0,0,0,0,0,0,0],[0,0,0,0,0,0,0]],[[1.4204185719404533E-7,8.2081853785407174E-7,7.3026870353284576E-7,1.0683539228324438E-6,7.3026870353284576E-7,8.2081853785407174E-7,1.4204185719404533E-7],[8.2081853785407174E-7,3.4982359408560455E-6,3.1976602132772143E-6,4.518899392059241E-6,3.1976602132772143E-6,3.4982359408560455E-6,8.2081853785407174E-7],[7.3026870353284576E-7,3.1976602132772143E-6,3.9257142198596186E-6,4.6577456528077894E-6,3.9257142198596186E-6,3.1976602132772147E-6,7.3026870353284576E-7],[1.0683539228324438E-6,4.518899392059241E-6,4.6577456528077894E-6,6.1456231165584569E-6,4.6577456528077894E-6,4.518899392059241E-6,1.0683539228324438E-6],[7.3026870353284576E-7,3.1976602132772143E-6,3.9257142198596186E-6,4.6577456528077894E-6,3.9257142198596177E-6,3.1976602132772143E-6,7.3026870353284576E-7],[8.2081853785407174E-7,3.4982359408560455E-6,3.1976602132772147E-6,4.518899392059241E-6,3.1976602132772143E-6,3.4982359408560455E-6,8.20818537854072E-7],[1.4204185719404533E-7,8.2081853785407174E-7,7.3026870353284576E-7,1.0683539228324438E-6,7.3026870353284576E-7,8.20818537854072E-7,1.4204185719404535E-7]],[[9.98392626224983E-7,3.2864697245526675E-6,2.9847934248524002E-6,4.1602053856916015E-6,2.9847934248524002E-6,3.2864697245526675E-6,9.98392626224983E-7],[3.2864697245526675E-6,8.6413036171834653E-6,8.0475369936310746E-6,1.079320694157496E-5,8.0475369936310746E-6,8.6413036171834653E-6,3.2864697245526675E-6],[2.9847934248524002E-6,8.0475369936310746E-6,9.5322352671614277E-6,1.1022299474967113E-5,9.5322352671614277E-6,8.0475369936310763E-6,2.9847934248524002E-6],[4.1602053856916015E-6,1.079320694157496E-5,1.1022299474967113E-5,1.3995464347487679E-5,1.1022299474967113E-5,1.079320694157496E-5,4.1602053856916015E-6],[2.9847934248524002E-6,8.0475369936310746E-6,9.5322352671614277E-6,1.1022299474967113E-5,9.5322352671614277E-6,8.0475369936310763E-6,2.9847934248524002E-6],[3.2864697245526675E-6,8.6413036171834653E-6,8.0475369936310763E-6,1.079320694157496E-5,8.0475369936310763E-6,8.6413036171834653E-6,3.2864697245526675E-6],[9.98392626224983E-7,3.2864697245526675E-6,2.9847934248524002E-6,4.1602053856916015E-6,2.9847934248524002E-6,3.2864697245526675E-6,9.9839262622498315E-7]],[[2.9883581023440304E-6,7.39503089196437E-6,6.8191715249362165E-6,9.1413551505384042E-6,6.8191715249362165E-6,7.39503089196437E-6,2.9883581023440304E-6],[7.39503089196437E-6,1.542540490515006E-5,1.45461193104517E-5,1.8778784832572916E-5,1.45461193104517E-5,1.542540490515006E-5,7.39503089196437E-6],[6.8191715249362165E-6,1.45461193104517E-5,1.680182131519708E-5,1.9064272502902482E-5,1.680182131519708E-5,1.4546119310451698E-5,6.8191715249362165E-6],[9.1413551505384042E-6,1.8778784832572916E-5,1.9064272502902482E-5,2.3517956517452055E-5,1.9064272502902482E-5,1.8778784832572912E-5,9.1413551505384042E-6],[6.8191715249362165E-6,1.45461193104517E-5,1.680182131519708E-5,1.9064272502902482E-5,1.680182131519708E-5,1.4546119310451698E-5,6.8191715249362165E-6],[7.39503089196437E-6,1.542540490515006E-5,1.4546119310451698E-5,1.8778784832572912E-5,1.4546119310451698E-5,1.542540490515006E-5,7.39503089196437E-6],[2.9883581023440304E-6,7.39503089196437E-6,6.8191715249362165E-6,9.1413551505384042E-6,6.8191715249362165E-6,7.39503089196437E-6,2.9883581023440304E-6]],[[6.341463395159025E-6,1.3145478229333923E-5,1.2264535397835438E-5,1.5924897038675303E-5,1.2264535397835438E-5,1.3145478229333923E-5,6.341463395159025E-6],[1.3145478229333923E-5,2.3849992275456732E-5,2.2693249504471281E-5,2.8450740539676717E-5,2.2693249504471281E-5,2.3849992275456732E-5,1.3145478229333923E-5],[1.2264535397835438E-5,2.2693249504471281E-5,2.5728141052104179E-5,2.8771159771282589E-5,2.5728141052104179E-5,2.2693249504471281E-5,1.2264535397835439E-5],[1.5924897038675303E-5,2.8450740539676717E-5,2.8771159771282589E-5,3.4700636134787834E-5,2.8771159771282589E-5,2.8450740539676717E-5,1.5924897038675303E-5],[1.2264535397835438E-5,2.2693249504471281E-5,2.5728141052104179E-5,2.8771159771282589E-5,2.5728141052104179E-5,2.2693249504471281E-5,1.2264535397835439E-5],[1.3145478229333923E-5,2.3849992275456732E-5,2.2693249504471281E-5,2.8450740539676717E-5,2.2693249504471281E-5,2.3849992275456732E-5,1.3145478229333923E-5],[6.341463395159025E-6,1.3145478229333923E-5,1.2264535397835439E-5,1.5924897038675303E-5,1.2264535397835439E-5,1.3145478229333923E-5,6.341463395159025E-6]],[[1.1183216543451306E-5,2.053671139759034E-5,1.9337308672936605E-5,2.4453743705428778E-5,1.9337308672936605E-5,2.053671139759034E-5,1.1183216543451306E-5],[2.053671139759034E-5,3.3913384318672242E-5,3.2486570517343139E-5,3.9791137364925891E-5,3.2486570517343139E-5,3.3913384318672242E-5,2.053671139759034E-5],[1.9337308672936605E-5,3.2486570517343139E-5,3.6304954085988792E-5,4.0132837687620863E-5,3.6304954085988792E-5,3.2486570517343139E-5,1.9337308672936605E-5],[2.4453743705428778E-5,3.9791137364925891E-5,4.0132837687620863E-5,4.7533425666938147E-5,4.0132837687620863E-5,3.9791137364925891E-5,2.4453743705428778E-5],[1.9337308672936605E-5,3.2486570517343139E-5,3.6304954085988792E-5,4.0132837687620863E-5,3.6304954085988792E-5,3.2486570517343139E-5,1.9337308672936605E-5],[2.053671139759034E-5,3.3913384318672242E-5,3.2486570517343139E-5,3.9791137364925891E-5,3.2486570517343139E-5,3.3913384318672235E-5,2.053671139759034E-5],[1.1183216543451306E-5,2.053671139759034E-5,1.9337308672936605E-5,2.4453743705428778E-5,1.9337308672936605E-5,2.053671139759034E-5,1.1183216543451306E-5]],[[1.7581889303281873E-5,2.9567145918969341E-5,2.8045106085639266E-5,3.4689662076400214E-5,2.8045106085639266E-5,2.9567145918969341E-5,1.7581889303281873E-5],[2.9567145918969341E-5,4.5613038315163669E-5,4.3922481845559069E-5,5.2786541824981751E-5,4.3922481845559069E-5,4.5613038315163669E-5,2.9567145918969341E-5],[2.8045106085639266E-5,4.3922481845559069E-5,4.8526214227167516E-5,5.3140814556822942E-5,4.8526214227167516E-5,4.3922481845559069E-5,2.8045106085639266E-5],[3.4689662076400214E-5,5.2786541824981751E-5,5.3140814556822942E-5,6.2007882318867522E-5,5.3140814556822942E-5,5.2786541824981751E-5,3.4689662076400221E-5],[2.8045106085639266E-5,4.3922481845559069E-5,4.8526214227167516E-5,5.3140814556822942E-5,4.8526214227167516E-5,4.3922481845559076E-5,2.8045106085639266E-5],[2.9567145918969341E-5,4.5613038315163669E-5,4.3922481845559069E-5,5.2786541824981751E-5,4.3922481845559076E-5,4.5613038315163669E-5,2.9567145918969341E-5],[1.7581889303281873E-5,2.9567145918969341E-5,2.8045106085639266E-5,3.4689662076400221E-5,2.8045106085639266E-5,2.9567145918969341E-5,1.7581889303281873E-5]],[[2.55740877163921E-5,4.02346002551684E-5,3.8390297397581533E-5,4.6606383256899924E-5,3.8390297397581527E-5,4.02346002551684E-5,2.55740877163921E-5],[4.02346002551684E-5,5.89457734946605E-5,5.6996701270951927E-5,6.74264543924722E-5,5.6996701270951927E-5,5.8945773494660492E-5,4.02346002551684E-5],[3.8390297397581533E-5,5.6996701270951927E-5,6.2386098084328984E-5,6.7787726000289827E-5,6.2386098084328984E-5,5.6996701270951927E-5,3.8390297397581527E-5],[4.6606383256899924E-5,6.74264543924722E-5,6.7787726000289827E-5,7.8116692203921835E-5,6.7787726000289827E-5,6.74264543924722E-5,4.6606383256899931E-5],[3.8390297397581527E-5,5.6996701270951927E-5,6.2386098084328984E-5,6.7787726000289827E-5,6.2386098084328984E-5,5.6996701270951927E-5,3.8390297397581527E-5],[4.02346002551684E-5,5.8945773494660492E-5,5.6996701270951927E-5,6.74264543924722E-5,5.6996701270951927E-5,5.89457734946605E-5,4.02346002551684E-5],[2.55740877163921E-5,4.02346002551684E-5,3.8390297397581527E-5,4.6606383256899931E-5,3.8390297397581527E-5,4.02346002551684E-5,2.55740877163921E-5]],[[3.5178773352801314E-5,5.2536322663274449E-5,5.0372154005664563E-5,6.0185261733429066E-5,5.0372154005664556E-5,5.2536322663274449E-5,3.5178773352801314E-5],[5.2536322663274449E-5,7.3907947139657077E-5,7.1704591833255028E-5,8.3702301495221752E-5,7.1704591833255028E-5,7.3907947139657077E-5,5.2536322663274449E-5],[5.0372154005664563E-5,7.1704591833255028E-5,7.7878998014267693E-5,8.4066993863692914E-5,7.7878998014267693E-5,7.1704591833255028E-5,5.0372154005664556E-5],[6.0185261733429066E-5,8.3702301495221752E-5,8.4066993863692914E-5,9.5853328366795308E-5,8.4066993863692914E-5,8.3702301495221752E-5,6.0185261733429066E-5],[5.0372154005664556E-5,7.1704591833255028E-5,7.7878998014267693E-5,8.4066993863692914E-5,7.7878998014267693E-5,7.1704591833255028E-5,5.0372154005664556E-5],[5.2536322663274449E-5,7.3907947139657077E-5,7.1704591833255028E-5,8.3702301495221752E-5,7.1704591833255028E-5,7.3907947139657077E-5,5.2536322663274449E-5],[3.5178773352801314E-5,5.2536322663274449E-5,5.0372154005664556E-5,6.0185261733429066E-5,5.0372154005664556E-5,5.2536322663274449E-5,3.5178773352801314E-5]],[[4.6404986709773944E-5,6.6469074989414543E-5,6.39881373623674E-5,7.5412532979625185E-5,6.39881373623674E-5,6.6469074989414543E-5,4.6404986709773944E-5],[6.6469074989414543E-5,9.0495589904319613E-5,8.8041349809411627E-5,0.00010160678532879813,8.8041349809411627E-5,9.0495589904319613E-5,6.6469074989414543E-5],[6.39881373623674E-5,8.8041349809411627E-5,9.4999500360163841E-5,0.0001019725947074643,9.4999500360163841E-5,8.8041349809411627E-5,6.39881373623674E-5],[7.5412532979625185E-5,0.00010160678532879813,0.0001019725947074643,0.00011521181865371874,0.0001019725947074643,0.00010160678532879813,7.5412532979625185E-5],[6.39881373623674E-5,8.8041349809411627E-5,9.4999500360163841E-5,0.0001019725947074643,9.4999500360163841E-5,8.8041349809411627E-5,6.39881373623674E-5],[6.6469074989414543E-5,9.0495589904319613E-5,8.8041349809411627E-5,0.00010160678532879813,8.8041349809411627E-5,9.0495589904319613E-5,6.6469074989414543E-5],[4.6404986709773944E-5,6.6469074989414543E-5,6.39881373623674E-5,7.5412532979625185E-5,6.39881373623674E-5,6.6469074989414543E-5,4.6404986709773944E-5]],[[5.9256128402302012E-5,8.2029231157163625E-5,7.9234669003328857E-5,9.2277575590245291E-5,7.9234669003328857E-5,8.2029231157163625E-5,5.9256128402302012E-5],[8.2029231157163625E-5,0.000108704507802687,0.00010600211098360866,0.00012113346260267084,0.00010600211098360866,0.000108704507802687,8.2029231157163625E-5],[7.9234669003328857E-5,0.00010600211098360866,0.00011374235970052523,0.00012149890203400162,0.00011374235970052523,0.00010600211098360866,7.9234669003328857E-5],[9.2277575590245291E-5,0.00012113346260267084,0.00012149890203400162,0.000136186587511143,0.00012149890203400162,0.00012113346260267083,9.2277575590245291E-5],[7.9234669003328857E-5,0.00010600211098360866,0.00011374235970052523,0.00012149890203400162,0.00011374235970052523,0.00010600211098360866,7.9234669003328857E-5],[8.2029231157163625E-5,0.000108704507802687,0.00010600211098360866,0.00012113346260267083,0.00010600211098360866,0.000108704507802687,8.2029231157163625E-5],[5.9256128402302012E-5,8.2029231157163625E-5,7.9234669003328857E-5,9.2277575590245291E-5,7.9234669003328857E-5,8.2029231157163625E-5,5.9256128402302012E-5]],[[7.37323523367551E-5,9.921287046619794E-5,9.6107588325927356E-5,0.00011077180632088476,9.6107588325927356E-5,9.921287046619794E-5,7.37323523367551E-5],[9.921287046619794E-5,0.00012853035792653126,0.00012558200931137207,0.00014227647031763978,0.00012558200931137207,0.00012853035792653126,9.921287046619794E-5],[9.6107588325927356E-5,0.00012558200931137207,0.00013410247419487351,0.0001426405783170147,0.00013410247419487351,0.00012558200931137207,9.6107588325927356E-5],[0.00011077180632088476,0.00014227647031763978,0.0001426405783170147,0.00015877234772495295,0.0001426405783170147,0.00014227647031763978,0.00011077180632088476],[9.6107588325927356E-5,0.00012558200931137207,0.00013410247419487351,0.0001426405783170147,0.00013410247419487351,0.00012558200931137207,9.6107588325927343E-5],[9.921287046619794E-5,0.00012853035792653126,0.00012558200931137207,0.00014227647031763978,0.00012558200931137207,0.00012853035792653126,9.921287046619794E-5],[7.37323523367551E-5,9.921287046619794E-5,9.6107588325927356E-5,0.00011077180632088476,9.6107588325927343E-5,9.921287046619794E-5,7.37323523367551E-5]],[[8.983191809549179E-5,0.00011801585774048578,0.00011460242292396667,0.00013088797499336227,0.00011460242292396667,0.00011801585774048578,8.983191809549179E-5],[0.00011801585774048578,0.00014996870396943372,0.00014677620816352328,0.00016503034634999489,0.00014677620816352328,0.00014996870396943372,0.00011801585774048578],[0.00011460242292396667,0.00014677620816352328,0.00015607486409752432,0.00016539250078813553,0.00015607486409752432,0.00014677620816352328,0.00011460242292396667],[0.00013088797499336227,0.00016503034634999489,0.00016539250078813553,0.00018296402601621859,0.00016539250078813553,0.00016503034634999489,0.00013088797499336227],[0.00011460242292396667,0.00014677620816352328,0.00015607486409752432,0.00016539250078813553,0.00015607486409752432,0.00014677620816352328,0.00011460242292396665],[0.00011801585774048578,0.00014996870396943372,0.00014677620816352328,0.00016503034634999489,0.00014677620816352328,0.00014996870396943372,0.00011801585774048578],[8.983191809549179E-5,0.00011801585774048578,0.00011460242292396667,0.00013088797499336227,0.00011460242292396665,0.00011801585774048578,8.983191809549179E-5]],[[0.00010755196556838546,0.00013843390841934401,0.0001347145468571046,0.00015261971278908367,0.0001347145468571046,0.00013843390841934401,0.00010755196556838546],[0.00013843390841934401,0.00017301505650890484,0.00016957991601299874,0.00018938991142221451,0.00016957991601299874,0.00017301505650890484,0.00013843390841934401],[0.0001347145468571046,0.00016957991601299874,0.00017965465397284532,0.00018974971018368179,0.00017965465397284532,0.00016957991601299874,0.0001347145468571046],[0.00015261971278908367,0.00018938991142221451,0.00018974971018368179,0.00020875671166779286,0.00018974971018368179,0.00018938991142221451,0.00015261971278908367],[0.0001347145468571046,0.00016957991601299874,0.00017965465397284532,0.00018974971018368179,0.00017965465397284532,0.00016957991601299874,0.0001347145468571046],[0.00013843390841934401,0.00017301505650890484,0.00016957991601299874,0.00018938991142221451,0.00016957991601299874,0.00017301505650890484,0.00013843390841934401],[0.00010755196556838546,0.00013843390841934401,0.0001347145468571046,0.00015261971278908367,0.0001347145468571046,0.00013843390841934401,0.00010755196556838546]],[[0.00012688896587700928,0.00016046263951215495,0.00015643927225174846,0.00017596124162715259,0.00015643927225174846,0.00016046263951215495,0.00012688896587700928],[0.00016046263951215495,0.00019766490194252618,0.00019398839347414302,0.00021535019099251678,0.00019398839347414302,0.00019766490194252618,0.00016046263951215495],[0.00015643927225174846,0.00019398839347414302,0.00020483705842076207,0.00021570737515912175,0.00020483705842076207,0.00019398839347414302,0.00015643927225174846],[0.00017596124162715259,0.00021535019099251678,0.00021570737515912175,0.00023614562086848504,0.00021570737515912172,0.00021535019099251678,0.00017596124162715259],[0.00015643927225174846,0.00019398839347414302,0.00020483705842076207,0.00021570737515912172,0.00020483705842076207,0.00019398839347414302,0.00015643927225174846],[0.00016046263951215495,0.00019766490194252618,0.00019398839347414302,0.00021535019099251678,0.00019398839347414302,0.00019766490194252618,0.00016046263951215495],[0.00012688896587700928,0.00016046263951215495,0.00015643927225174846,0.00017596124162715259,0.00015643927225174846,0.00016046263951215495,0.00012688896587700928]],[[0.00014783898875002783,0.00018409760844897158,0.00017977190148107147,0.0002009071863013049,0.00017977190148107147,0.00018409760844897158,0.00014783898875002783],[0.00018409760844897158,0.00022391372306973805,0.00021999695567338412,0.00024290636321881281,0.00021999695567338412,0.00022391372306973805,0.00018409760844897158],[0.00017977190148107147,0.00021999695567338412,0.00023161737083081309,0.00024326076742880198,0.00023161737083081309,0.00021999695567338412,0.00017977190148107147],[0.0002009071863013049,0.00024290636321881281,0.00024326076742880198,0.00026512607181727649,0.00024326076742880198,0.00024290636321881281,0.00020090718630130487],[0.00017977190148107147,0.00021999695567338412,0.00023161737083081309,0.00024326076742880198,0.00023161737083081309,0.00021999695567338412,0.00017977190148107147],[0.00018409760844897158,0.00022391372306973805,0.00021999695567338412,0.00024290636321881281,0.00021999695567338412,0.00022391372306973805,0.00018409760844897158],[0.00014783898875002783,0.00018409760844897158,0.00017977190148107147,0.00020090718630130487,0.00017977190148107147,0.00018409760844897158,0.00014783898875002783]],[[0.00017039786426930928,0.00020933434210341619,0.00020470775621190518,0.0002274524524096249,0.00020470775621190518,0.00020933434210341619,0.00017039786426930928],[0.00020933434210341619,0.00025175701357598162,0.00024760097220849221,0.00027205372403195024,0.00024760097220849221,0.00025175701357598162,0.00020933434210341619],[0.00020470775621190518,0.00024760097220849221,0.00025999095461289707,0.00027240524427002351,0.000259990954612897,0.00024760097220849215,0.00020470775621190518],[0.0002274524524096249,0.00027205372403195024,0.00027240524427002351,0.00029569346721576627,0.00027240524427002346,0.00027205372403195019,0.00022745245240962488],[0.00020470775621190518,0.00024760097220849221,0.000259990954612897,0.00027240524427002346,0.000259990954612897,0.00024760097220849215,0.00020470775621190518],[0.00020933434210341619,0.00025175701357598162,0.00024760097220849215,0.00027205372403195019,0.00024760097220849215,0.00025175701357598162,0.00020933434210341619],[0.00017039786426930928,0.00020933434210341619,0.00020470775621190518,0.00022745245240962488,0.00020470775621190518,0.00020933434210341619,0.00017039786426930928]],[[0.00019456128274695651,0.00023616835810659649,0.00023124219300702523,0.00025559214657339244,0.00023124219300702523,0.00023616835810659649,0.00019456128274695651],[0.00023616835810659649,0.00028119028809882611,0.00027679586595142247,0.00030278766348823218,0.00027679586595142247,0.00028119028809882611,0.00023616835810659649],[0.00023124219300702523,0.00027679586595142247,0.0002899532363859532,0.00030313623609899297,0.0002899532363859532,0.00027679586595142247,0.00023124219300702523],[0.00025559214657339244,0.00030278766348823218,0.00030313623609899297,0.00032784328184856388,0.00030313623609899297,0.00030278766348823218,0.00025559214657339244],[0.00023124219300702523,0.00027679586595142247,0.0002899532363859532,0.00030313623609899297,0.0002899532363859532,0.00027679586595142247,0.0002312421930070252],[0.00023616835810659649,0.00028119028809882611,0.00027679586595142247,0.00030278766348823218,0.00027679586595142247,0.00028119028809882611,0.00023616835810659649],[0.00019456128274695651,0.00023616835810659649,0.00023124219300702523,0.00025559214657339244,0.0002312421930070252,0.00023616835810659649,0.00019456128274695651]],[[0.00022032485763052076,0.0002645951802581732,0.00025937061121128794,0.00028532152394964696,0.00025937061121128794,0.0002645951802581732,0.00022032485763052076],[0.0002645951802581732,0.00031220908911308543,0.00030757711137293492,0.00033510364959336614,0.00030757711137293492,0.00031220908911308543,0.0002645951802581732],[0.00025937061121128794,0.00030757711137293492,0.000321499700679453,0.00033544923755028617,0.000321499700679453,0.00030757711137293492,0.00025937061121128794],[0.00028532152394964696,0.00033510364959336614,0.00033544923755028617,0.00036157105367769438,0.00033544923755028617,0.00033510364959336614,0.00028532152394964696],[0.00025937061121128794,0.00030757711137293492,0.000321499700679453,0.00033544923755028617,0.000321499700679453,0.00030757711137293492,0.00025937061121128789],[0.0002645951802581732,0.00031220908911308543,0.00030757711137293492,0.00033510364959336614,0.00030757711137293492,0.00031220908911308543,0.0002645951802581732],[0.00022032485763052076,0.0002645951802581732,0.00025937061121128794,0.00028532152394964696,0.00025937061121128789,0.0002645951802581732,0.00022032485763052076]],[[0.00024768416582985372,0.00029461034949759514,0.00028908845648321343,0.00031663595343559443,0.00028908845648321343,0.00029461034949759514,0.00024768416582985372],[0.00029461034949759514,0.00034480899153836844,0.00033994023274015181,0.00036899721709978068,0.00033994023274015181,0.00034480899153836844,0.00029461034949759514],[0.00028908845648321343,0.00033994023274015181,0.00035462588578528324,0.00036933980098388468,0.00035462588578528324,0.00033994023274015181,0.00028908845648321343],[0.00031663595343559443,0.00036899721709978068,0.00036933980098388468,0.00039687237737115352,0.00036933980098388468,0.00036899721709978068,0.00031663595343559443],[0.00028908845648321343,0.00033994023274015181,0.00035462588578528324,0.00036933980098388468,0.00035462588578528324,0.00033994023274015175,0.00028908845648321338],[0.00029461034949759514,0.00034480899153836844,0.00033994023274015181,0.00036899721709978068,0.00033994023274015175,0.00034480899153836844,0.00029461034949759514],[0.00024768416582985372,0.00029461034949759514,0.00028908845648321343,0.00031663595343559443,0.00028908845648321338,0.00029461034949759514,0.00024768416582985372]],[[0.00027663477394470118,0.00032620943158159218,0.0003203912219264566,0.00034953089439290254,0.0003203912219264566,0.00032620943158159218,0.00027663477394470118],[0.00032620943158159218,0.00037898560572440328,0.00037388080235668385,0.00040446395963124408,0.00037388080235668385,0.00037898560572440328,0.00032620943158159218],[0.0003203912219264566,0.00037388080235668385,0.00038932738047482468,0.00040480353167983077,0.00038932738047482468,0.00037388080235668385,0.0003203912219264566],[0.00034953089439290254,0.00040446395963124408,0.00040480353167983077,0.00043374289952292304,0.00040480353167983072,0.00040446395963124408,0.00034953089439290254],[0.0003203912219264566,0.00037388080235668385,0.00038932738047482468,0.00040480353167983072,0.00038932738047482463,0.0003738808023566838,0.00032039122192645654],[0.00032620943158159218,0.00037898560572440328,0.00037388080235668385,0.00040446395963124408,0.0003738808023566838,0.00037898560572440323,0.00032620943158159218],[0.00027663477394470118,0.00032620943158159218,0.0003203912219264566,0.00034953089439290254,0.00032039122192645654,0.00032620943158159218,0.00027663477394470118]],[[0.00030717225549508687,0.00035938802234515885,0.00035327444794353588,0.000384001880908688,0.00035327444794353588,0.00035938802234515885,0.00030717225549508687],[0.00035938802234515885,0.00041473457928672633,0.00040939443891678745,0.00044149952404514146,0.00040939443891678745,0.00041473457928672633,0.00035938802234515885],[0.00035327444794353588,0.00040939443891678745,0.00042559982136179241,0.00044183608421020996,0.00042559982136179241,0.00040939443891678745,0.00035327444794353588],[0.000384001880908688,0.00044149952404514146,0.00044183608421020996,0.00047217831505226587,0.00044183608421020996,0.00044149952404514146,0.000384001880908688],[0.00035327444794353588,0.00040939443891678745,0.00042559982136179241,0.00044183608421020996,0.00042559982136179241,0.00040939443891678745,0.00035327444794353588],[0.00035938802234515885,0.00041473457928672633,0.00040939443891678745,0.00044149952404514146,0.00040939443891678745,0.00041473457928672633,0.00035938802234515885],[0.00030717225549508687,0.00035938802234515885,0.00035327444794353588,0.000384001880908688,0.00035327444794353588,0.00035938802234515885,0.00030717225549508687]],[[0.00033929220229440816,0.00039414175120599474,0.00038773372144621984,0.00042004451101176579,0.00038773372144621984,0.00039414175120599474,0.00033929220229440816],[0.00039414175120599474,0.00045205159813196553,0.000446476805994354,0.00048009960630797252,0.000446476805994354,0.00045205159813196553,0.00039414175120599474],[0.00038773372144621984,0.000446476805994354,0.00046343889074489439,0.00048043315963582517,0.00046343889074489439,0.000446476805994354,0.00038773372144621984],[0.00042004451101176579,0.00048009960630797252,0.00048043315963582517,0.00051217436442839675,0.00048043315963582517,0.00048009960630797252,0.00042004451101176579],[0.00038773372144621984,0.000446476805994354,0.00046343889074489439,0.00048043315963582517,0.00046343889074489439,0.000446476805994354,0.00038773372144621984],[0.00039414175120599474,0.00045205159813196553,0.000446476805994354,0.00048009960630797252,0.000446476805994354,0.00045205159813196553,0.00039414175120599474],[0.00033929220229440816,0.00039414175120599474,0.00038773372144621984,0.00042004451101176579,0.00038773372144621984,0.00039414175120599474,0.00033929220229440816]],[[0.0003729902319425908,0.00043046628340246014,0.00042376467477333685,0.00045765443916385154,0.00042376467477333685,0.00043046628340246014,0.0003729902319425908],[0.00043046628340246014,0.000490932386915105,0.0004851236106630142,0.00052025994840014,0.0004851236106630142,0.000490932386915105,0.00043046628340246014],[0.00042376467477333685,0.0004851236106630142,0.00050284031480625848,0.000520590503283199,0.00050284031480625848,0.00048512361066301425,0.00042376467477333685],[0.00045765443916385154,0.00052025994840014,0.000520590503283199,0.000553726831475322,0.00052059050328319911,0.00052025994840014013,0.00045765443916385154],[0.00042376467477333685,0.0004851236106630142,0.00050284031480625848,0.00052059050328319911,0.00050284031480625848,0.00048512361066301425,0.00042376467477333685],[0.00043046628340246014,0.000490932386915105,0.00048512361066301425,0.00052025994840014013,0.00048512361066301425,0.000490932386915105,0.00043046628340246014],[0.0003729902319425908,0.00043046628340246014,0.00042376467477333685,0.00045765443916385154,0.00042376467477333685,0.00043046628340246014,0.0003729902319425908]],[[0.0004082619927119396,0.00046835732132516009,0.00046136298450398652,0.00049682737092735852,0.00046136298450398652,0.00046835732132516009,0.0004082619927119396],[0.00046835732132516009,0.00053137270910137864,0.00052533060223346108,0.00056197633592557062,0.00052533060223346108,0.00053137270910137864,0.00046835732132516009],[0.00046136298450398652,0.00052533060223346108,0.00054379986207390432,0.000562303902932383,0.00054379986207390432,0.00052533060223346108,0.00046136298450398652],[0.00049682737092735852,0.00056197633592557062,0.000562303902932383,0.00059683154158680853,0.000562303902932383,0.00056197633592557062,0.00049682737092735852],[0.00046136298450398652,0.00052533060223346108,0.00054379986207390432,0.000562303902932383,0.00054379986207390432,0.00052533060223346108,0.00046136298450398652],[0.00046835732132516009,0.00053137270910137864,0.00052533060223346108,0.00056197633592557062,0.00052533060223346108,0.00053137270910137864,0.00046835732132516009],[0.0004082619927119396,0.00046835732132516009,0.00046136298450398652,0.00049682737092735852,0.00046136298450398652,0.00046835732132516009,0.0004082619927119396]],[[0.00044510316666136632,0.000507810605204665,0.00050052437026193344,0.00053755905908808084,0.00050052437026193344,0.000507810605204665,0.00044510316666136632],[0.000507810605204665,0.00057336836675518817,0.00056709357109089133,0.00060524459620728754,0.00056709357109089133,0.00057336836675518817,0.000507810605204665],[0.00050052437026193344,0.00056709357109089133,0.000586313342080587,0.00060556918729734693,0.000586313342080587,0.00056709357109089133,0.00050052437026193344],[0.00053755905908808084,0.00060524459620728754,0.00060556918729734693,0.00064148436023291489,0.00060556918729734693,0.00060524459620728754,0.00053755905908808084],[0.00050052437026193344,0.00056709357109089133,0.000586313342080587,0.00060556918729734693,0.000586313342080587,0.00056709357109089133,0.00050052437026193344],[0.000507810605204665,0.00057336836675518817,0.00056709357109089133,0.00060524459620728754,0.00056709357109089133,0.00057336836675518817,0.000507810605204665],[0.00044510316666136632,0.000507810605204665,0.00050052437026193344,0.00053755905908808084,0.00050052437026193344,0.000507810605204665,0.00044510316666136632]],[[0.0004835094715372825,0.00054882191334526824,0.000541244593556308,0.00057984530075693385,0.000541244593556308,0.00054882191334526824,0.0004835094715372825],[0.00054882191334526824,0.00061691520014267457,0.0006104083476161957,0.0006500605967210345,0.0006104083476161957,0.00061691520014267457,0.00054882191334526824],[0.000541244593556308,0.0006104083476161957,0.00063037660416971066,0.00065038222471671889,0.00063037660416971066,0.0006104083476161957,0.000541244593556308],[0.00057984530075693385,0.0006500605967210345,0.00065038222471671889,0.00068768119167569115,0.00065038222471671889,0.0006500605967210345,0.00057984530075693385],[0.000541244593556308,0.0006104083476161957,0.00063037660416971066,0.00065038222471671889,0.00063037660416971066,0.0006104083476161957,0.000541244593556308],[0.00054882191334526824,0.00061691520014267457,0.0006104083476161957,0.0006500605967210345,0.0006104083476161957,0.00061691520014267457,0.00054882191334526824],[0.0004835094715372825,0.00054882191334526824,0.000541244593556308,0.00057984530075693385,0.000541244593556308,0.00054882191334526824,0.0004835094715372825]],[[0.00052347666183925868,0.00059138706204142156,0.00058351945667625379,0.00062368193513497136,0.00058351945667625379,0.00059138706204142156,0.00052347666183925868],[0.00059138706204142156,0.00066200908720890489,0.00065527080117632017,0.000696420243766206,0.00065527080117632017,0.00066200908720890489,0.00059138706204142156],[0.00058351945667625379,0.00065527080117632017,0.00067598553641212852,0.00069673892199710564,0.00067598553641212852,0.00065527080117632017,0.00058351945667625379],[0.00062368193513497136,0.000696420243766206,0.00069673892199710564,0.00073541797783618749,0.00069673892199710564,0.000696420243766206,0.00062368193513497136],[0.00058351945667625379,0.00065527080117632017,0.00067598553641212852,0.00069673892199710564,0.00067598553641212852,0.00065527080117632017,0.00058351945667625379],[0.00059138706204142156,0.00066200908720890489,0.00065527080117632017,0.000696420243766206,0.00065527080117632017,0.00066200908720890489,0.00059138706204142156],[0.00052347666183925868,0.00059138706204142156,0.00058351945667625379,0.00062368193513497136,0.00058351945667625379,0.00059138706204142156,0.00052347666183925868]],[[0.00056500052930972427,0.0006355019052746685,0.00062734480164333857,0.00066906484173151622,0.00062734480164333857,0.0006355019052746685,0.00056500052930972427],[0.0006355019052746685,0.00070864594297251858,0.00070167683917171338,0.00074431948130535247,0.00070167683917171338,0.00070864594297251858,0.0006355019052746685],[0.00062734480164333857,0.00070167683917171338,0.00072313606460758641,0.00074463522336859435,0.00072313606460758641,0.00070167683917171338,0.00062734480164333857],[0.00066906484173151622,0.00074431948130535247,0.00074463522336859435,0.00078469069727235107,0.00074463522336859435,0.00074431948130535247,0.00066906484173151622],[0.00062734480164333857,0.00070167683917171338,0.00072313606460758641,0.00074463522336859435,0.00072313606460758641,0.00070167683917171338,0.00062734480164333857],[0.0006355019052746685,0.00070864594297251858,0.00070167683917171338,0.00074431948130535247,0.00070167683917171338,0.00070864594297251858,0.0006355019052746685],[0.00056500052930972427,0.0006355019052746685,0.00062734480164333857,0.00066906484173151622,0.00062734480164333857,0.0006355019052746685,0.00056500052930972427]],[[0.00060807690302653726,0.00068116233426050829,0.00067271650921884706,0.00071598993889451215,0.00067271650921884706,0.00068116233426050829,0.00060807690302653726],[0.00068116233426050829,0.00075682171886763574,0.00074962240613093815,0.000793754289924936,0.00074962240613093815,0.00075682171886763574,0.00068116233426050829],[0.00067271650921884706,0.00074962240613093815,0.00077182415135152512,0.00079406710952379257,0.00077182415135152512,0.00074962240613093815,0.00067271650921884706],[0.00071598993889451215,0.000793754289924936,0.00079406710952379257,0.00083549536423918429,0.00079406710952379257,0.000793754289924936,0.00071598993889451215],[0.00067271650921884706,0.00074962240613093815,0.00077182415135152512,0.00079406710952379257,0.00077182415135152512,0.00074962240613093815,0.00067271650921884706],[0.00068116233426050829,0.00075682171886763574,0.00074962240613093815,0.000793754289924936,0.00074962240613093815,0.00075682171886763574,0.00068116233426050829],[0.00060807690302653726,0.00068116233426050829,0.00067271650921884706,0.00071598993889451215,0.00067271650921884706,0.00068116233426050829,0.00060807690302653726]],[[0.0006527016492229059,0.00072836427689474065,0.00071963049796055709,0.00076445318255857428,0.00071963049796055709,0.00072836427689474065,0.0006527016492229059],[0.00072836427689474065,0.00080653240205395707,0.00079910348284473664,0.00084472068588485952,0.00079910348284473664,0.00080653240205395707,0.00072836427689474065],[0.00071963049796055709,0.00079910348284473664,0.000822045795153336,0.00084503059672031572,0.000822045795153336,0.00079910348284473664,0.00071963049796055709],[0.00076445318255857428,0.00084472068588485952,0.00084503059672031572,0.000887828027811095,0.00084503059672031572,0.00084472068588485952,0.00076445318255857428],[0.00071963049796055709,0.00079910348284473664,0.000822045795153336,0.00084503059672031572,0.000822045795153336,0.00079910348284473664,0.00071963049796055709],[0.00072836427689474065,0.00080653240205395707,0.00079910348284473664,0.00084472068588485952,0.00079910348284473664,0.00080653240205395707,0.00072836427689474065],[0.0006527016492229059,0.00072836427689474065,0.00071963049796055709,0.00076445318255857428,0.00071963049796055709,0.00072836427689474065,0.0006527016492229059]],[[0.000698870670921334,0.00077710369713379515,0.0007680827233227499,0.00081445056514634951,0.0007680827233227499,0.00077710369713379515,0.000698870670921334],[0.00077710369713379515,0.00085777401470917816,0.00085011608553316317,0.00089721472023385164,0.00085011608553316317,0.00085777401470917816,0.00077710369713379515],[0.0007680827233227499,0.00085011608553316317,0.00087379702959557875,0.00089752173593211329,0.00087379702959557875,0.00085011608553316317,0.0007680827233227499],[0.00081445056514634951,0.00089721472023385164,0.00089752173593211329,0.00094168477105188275,0.00089752173593211329,0.00089721472023385164,0.00081445056514634951],[0.0007680827233227499,0.00085011608553316317,0.00087379702959557875,0.00089752173593211329,0.00087379702959557875,0.00085011608553316317,0.0007680827233227499],[0.00077710369713379515,0.00085777401470917816,0.00085011608553316317,0.00089721472023385164,0.00085011608553316317,0.00085777401470917816,0.00077710369713379515],[0.000698870670921334,0.00077710369713379515,0.0007680827233227499,0.00081445056514634951,0.0007680827233227499,0.00077710369713379515,0.000698870670921334]],[[0.00074657990744201555,0.00082737659433355253,0.0008180691767937238,0.00086597811457979432,0.0008180691767937238,0.00082737659433355253,0.00074657990744201555],[0.00082737659433355253,0.00091054261331360246,0.00090265626504098932,0.0009512324779749336,0.00090265626504098932,0.00091054261331360246,0.00082737659433355253],[0.0008180691767937238,0.00090265626504098932,0.00092707392252659292,0.00095153661203932092,0.00092707392252659292,0.00090265626504098932,0.0008180691767937238],[0.00086597811457979432,0.0009512324779749336,0.00095153661203932092,0.00099706171022207238,0.00095153661203932092,0.0009512324779749336,0.00086597811457979432],[0.0008180691767937238,0.00090265626504098932,0.00092707392252659292,0.00095153661203932092,0.00092707392252659292,0.00090265626504098932,0.0008180691767937238],[0.00082737659433355253,0.00091054261331360246,0.00090265626504098932,0.0009512324779749336,0.00090265626504098932,0.00091054261331360246,0.00082737659433355253],[0.00074657990744201555,0.00082737659433355253,0.0008180691767937238,0.00086597811457979432,0.0008180691767937238,0.00082737659433355253,0.00074657990744201555]],[[0.00079582533382813886,0.00087917900256345759,0.00086958588506549515,0.00091903189337123458,0.00086958588506549515,0.00087917900256345759,0.00079582533382813886],[0.00087917900256345759,0.000964834287933355,0.0009567201060573171,0.0010067700772694959,0.0009567201060573171,0.000964834287933355,0.00087917900256345759],[0.00086958588506549515,0.0009567201060573171,0.00098187257528063363,0.0010070713430489328,0.00098187257528063363,0.0009567201060573171,0.00086958588506549515],[0.00091903189337123458,0.0010067700772694959,0.0010070713430489328,0.0010539549940159253,0.0010070713430489328,0.0010067700772694959,0.00091903189337123458],[0.00086958588506549515,0.0009567201060573171,0.00098187257528063363,0.0010070713430489328,0.00098187257528063341,0.0009567201060573171,0.00086958588506549515],[0.00087917900256345759,0.000964834287933355,0.0009567201060573171,0.0010067700772694959,0.0009567201060573171,0.000964834287933355,0.00087917900256345759],[0.00079582533382813886,0.00087917900256345759,0.00086958588506549515,0.00091903189337123458,0.00086958588506549515,0.00087917900256345759,0.00079582533382813886]],[[0.00084660296021740961,0.00093250698990762066,0.00092262890923146734,0.00097360799777350111,0.00092262890923146734,0.00093250698990762066,0.00084660296021740961],[0.00093250698990762066,0.0010206451615064913,0.0010123037263562778,0.001063823668671834,0.0010123037263562778,0.0010206451615064913,0.00093250698990762066],[0.00092262890923146734,0.0010123037263562778,0.0010381891219211189,0.0010641220793406177,0.0010381891219211189,0.0010123037263562778,0.00092262890923146734],[0.00097360799777350111,0.001063823668671834,0.0010641220793406177,0.0011123608028224643,0.0010641220793406177,0.001063823668671834,0.00097360799777350111],[0.00092262890923146734,0.0010123037263562778,0.0010381891219211189,0.0010641220793406177,0.0010381891219211189,0.0010123037263562778,0.00092262890923146734],[0.00093250698990762066,0.0010206451615064913,0.0010123037263562778,0.001063823668671834,0.0010123037263562778,0.0010206451615064913,0.00093250698990762066],[0.00084660296021740961,0.00093250698990762066,0.00092262890923146734,0.00097360799777350111,0.00092262890923146734,0.00093250698990762066,0.00084660296021740961]],[[0.00089890883118031448,0.00098735665776067123,0.000977194344008042,0.0010297025569747189,0.000977194344008042,0.00098735665776067123,0.00089890883118031448],[0.00098735665776067123,0.0010779713891345077,0.0010694032760560196,0.001122389434388061,0.0010694032760560196,0.0010779713891345077,0.00098735665776067123],[0.000977194344008042,0.0010694032760560196,0.0010960197285033964,0.0011226850029332819,0.0010960197285033964,0.0010694032760560196,0.000977194344008042],[0.0010297025569747189,0.001122389434388061,0.0011226850029332819,0.0011722753480061009,0.0011226850029332819,0.001122389434388061,0.0010297025569747189],[0.000977194344008042,0.0010694032760560196,0.0010960197285033964,0.0011226850029332819,0.0010960197285033964,0.0010694032760560196,0.000977194344008042],[0.00098735665776067123,0.0010779713891345077,0.0010694032760560196,0.001122389434388061,0.0010694032760560196,0.0010779713891345077,0.00098735665776067123],[0.00089890883118031448,0.00098735665776067123,0.000977194344008042,0.0010297025569747189,0.000977194344008042,0.00098735665776067123,0.00089890883118031448]],[[0.0009527390250389416,0.0010437241401234788,0.0010332783169771933,0.0010873117323272423,0.0010332783169771933,0.0010437241401234788,0.0009527390250389416],[0.0010437241401234788,0.0011368091573805907,0.0011280149368936363,0.0011824635875546496,0.0011280149368936363,0.0011368091573805907,0.0010437241401234788],[0.0010332783169771933,0.0011280149368936363,0.0011553605923540554,0.0011827563267687723,0.0011553605923540554,0.0011280149368936363,0.0010332783169771933],[0.0010873117323272423,0.0011824635875546496,0.0011827563267687723,0.0012336948712032719,0.0011827563267687723,0.0011824635875546496,0.0010873117323272423],[0.0010332783169771933,0.0011280149368936363,0.0011553605923540554,0.0011827563267687723,0.0011553605923540554,0.0011280149368936363,0.0010332783169771933],[0.0010437241401234788,0.0011368091573805907,0.0011280149