{"M_cells":[[[0,0,0,0,0,0,0],[0,0,0,0,0,0,0],[0,0,0,0,0,0,0],[0,0,0,0,0,0,0],[0,0,0,0,0,0,0],[0,0,0,0,0,0,0],[0,0,0,0,0,0,0]],[[5.52347013021649E-8,3.165372101715482E-7,2.8169090407434744E-7,4.1188303362896839E-7,2.8169090407434744E-7,3.165372101715482E-7,5.52347013021649E-8],[3.165372101715482E-7,1.3303609707390512E-6,1.2166122722293526E-6,1.7173468310636037E-6,1.2166122722293526E-6,1.3303609707390512E-6,3.165372101715482E-7],[2.8169090407434744E-7,1.2166122722293526E-6,1.4924729595395758E-6,1.7697869021846753E-6,1.4924729595395758E-6,1.2166122722293526E-6,2.8169090407434744E-7],[4.1188303362896839E-7,1.7173468310636037E-6,1.7697869021846753E-6,2.3331717460218231E-6,1.7697869021846753E-6,1.7173468310636035E-6,4.1188303362896834E-7],[2.8169090407434744E-7,1.2166122722293526E-6,1.4924729595395758E-6,1.7697869021846753E-6,1.4924729595395756E-6,1.2166122722293524E-6,2.8169090407434744E-7],[3.165372101715482E-7,1.3303609707390512E-6,1.2166122722293526E-6,1.7173468310636035E-6,1.2166122722293524E-6,1.3303609707390512E-6,3.165372101715482E-7],[5.52347013021649E-8,3.165372101715482E-7,2.8169090407434744E-7,4.1188303362896834E-7,2.8169090407434744E-7,3.165372101715482E-7,5.52347013021649E-8]],[[3.7708937605518405E-7,1.2227762784227847E-6,1.1113316619083628E-6,1.5463140403328704E-6,1.1113316619083628E-6,1.2227762784227847E-6,3.7708937605518405E-7],[1.2227762784227847E-6,3.1445970049661093E-6,2.9317250500293559E-6,3.9198353216770231E-6,2.9317250500293559E-6,3.1445970049661089E-6,1.2227762784227847E-6],[1.1113316619083628E-6,2.9317250500293559E-6,3.465363692334414E-6,4.0008302867081236E-6,3.465363692334414E-6,2.9317250500293559E-6,1.1113316619083628E-6],[1.5463140403328704E-6,3.9198353216770231E-6,4.0008302867081236E-6,5.0678107279679143E-6,4.0008302867081236E-6,3.9198353216770231E-6,1.5463140403328704E-6],[1.1113316619083628E-6,2.9317250500293559E-6,3.465363692334414E-6,4.0008302867081236E-6,3.465363692334414E-6,2.9317250500293559E-6,1.1113316619083628E-6],[1.2227762784227847E-6,3.1445970049661089E-6,2.9317250500293559E-6,3.9198353216770231E-6,2.9317250500293559E-6,3.1445970049661089E-6,1.2227762784227847E-6],[3.7708937605518405E-7,1.2227762784227847E-6,1.1113316619083628E-6,1.5463140403328704E-6,1.1113316619083628E-6,1.2227762784227847E-6,3.7708937605518405E-7]],[[1.0956849133556496E-6,2.6568624916841984E-6,2.4530428763230666E-6,3.2778166878268815E-6,2.4530428763230666E-6,2.6568624916841984E-6,1.0956849133556496E-6],[2.6568624916841984E-6,5.3925426296815032E-6,5.0936519462791592E-6,6.5425099119956073E-6,5.0936519462791592E-6,5.3925426296815041E-6,2.6568624916841984E-6],[2.4530428763230666E-6,5.0936519462791592E-6,5.86393722058177E-6,6.6363860906051422E-6,5.86393722058177E-6,5.0936519462791592E-6,2.4530428763230666E-6],[3.2778166878268815E-6,6.5425099119956073E-6,6.6363860906051422E-6,8.1533390193344964E-6,6.6363860906051422E-6,6.5425099119956073E-6,3.2778166878268815E-6],[2.4530428763230666E-6,5.0936519462791592E-6,5.86393722058177E-6,6.6363860906051422E-6,5.86393722058177E-6,5.0936519462791592E-6,2.4530428763230662E-6],[2.6568624916841984E-6,5.3925426296815041E-6,5.0936519462791592E-6,6.5425099119956073E-6,5.0936519462791592E-6,5.3925426296815041E-6,2.6568624916841984E-6],[1.0956849133556496E-6,2.6568624916841984E-6,2.4530428763230666E-6,3.2778166878268815E-6,2.4530428763230662E-6,2.6568624916841984E-6,1.0956849133556496E-6]],[[2.2564667177448886E-6,4.5645817826919637E-6,4.2662563990387569E-6,5.5128872039458059E-6,4.2662563990387569E-6,4.5645817826919637E-6,2.2564667177448886E-6],[4.5645817826919637E-6,8.0314460014237877E-6,7.6582550840754835E-6,9.5354595248893987E-6,7.6582550840754835E-6,8.0314460014237877E-6,4.5645817826919637E-6],[4.2662563990387569E-6,7.6582550840754835E-6,8.6443455159414928E-6,9.63290106419806E-6,8.6443455159414928E-6,7.6582550840754835E-6,4.2662563990387569E-6],[5.5128872039458059E-6,9.5354595248893987E-6,9.63290106419806E-6,1.1552627011579971E-5,9.63290106419806E-6,9.5354595248893987E-6,5.5128872039458059E-6],[4.2662563990387569E-6,7.6582550840754835E-6,8.6443455159414928E-6,9.63290106419806E-6,8.6443455159414928E-6,7.6582550840754835E-6,4.2662563990387569E-6],[4.5645817826919637E-6,8.0314460014237877E-6,7.6582550840754835E-6,9.5354595248893987E-6,7.6582550840754835E-6,8.0314460014237877E-6,4.5645817826919637E-6],[2.2564667177448886E-6,4.5645817826919637E-6,4.2662563990387569E-6,5.5128872039458059E-6,4.2662563990387569E-6,4.5645817826919637E-6,2.2564667177448886E-6]],[[3.8615724168874791E-6,6.8982602874645172E-6,6.5099694097269929E-6,8.1800817549680819E-6,6.5099694097269929E-6,6.8982602874645172E-6,3.8615724168874791E-6],[6.8982602874645172E-6,1.1023532041462671E-5,1.0586118565059214E-5,1.2857600983866894E-5,1.0586118565059214E-5,1.1023532041462671E-5,6.8982602874645172E-6],[6.5099694097269929E-6,1.0586118565059214E-5,1.1768312810953609E-5,1.2953243930856437E-5,1.1768312810953609E-5,1.0586118565059214E-5,6.5099694097269929E-6],[8.1800817549680819E-6,1.2857600983866894E-5,1.2953243930856437E-5,1.5234313037183108E-5,1.2953243930856437E-5,1.2857600983866894E-5,8.1800817549680819E-6],[6.5099694097269929E-6,1.0586118565059214E-5,1.1768312810953609E-5,1.2953243930856437E-5,1.1768312810953609E-5,1.0586118565059214E-5,6.5099694097269929E-6],[6.8982602874645172E-6,1.1023532041462671E-5,1.0586118565059214E-5,1.2857600983866894E-5,1.0586118565059214E-5,1.1023532041462671E-5,6.8982602874645164E-6],[3.8615724168874791E-6,6.8982602874645172E-6,6.5099694097269929E-6,8.1800817549680819E-6,6.5099694097269929E-6,6.8982602874645164E-6,3.8615724168874791E-6]],[[5.8921050464371357E-6,9.61591568861434E-6,9.1450212612883991E-6,1.1223512418618924E-5,9.1450212612883991E-6,9.6159156886143418E-6,5.8921050464371365E-6],[9.61591568861434E-6,1.4335479377596425E-5,1.3842319929253412E-5,1.647467725327325E-5,1.3842319929253412E-5,1.4335479377596427E-5,9.6159156886143418E-6],[9.1450212612883991E-6,1.3842319929253412E-5,1.5202467802961029E-5,1.656559836654678E-5,1.5202467802961029E-5,1.3842319929253412E-5,9.1450212612883991E-6],[1.1223512418618924E-5,1.647467725327325E-5,1.656559836654678E-5,1.917171178166165E-5,1.656559836654678E-5,1.647467725327325E-5,1.1223512418618924E-5],[9.1450212612883991E-6,1.3842319929253412E-5,1.5202467802961029E-5,1.656559836654678E-5,1.5202467802961029E-5,1.3842319929253412E-5,9.1450212612883991E-6],[9.6159156886143418E-6,1.4335479377596427E-5,1.3842319929253412E-5,1.647467725327325E-5,1.3842319929253412E-5,1.4335479377596425E-5,9.6159156886143385E-6],[5.8921050464371365E-6,9.6159156886143418E-6,9.1450212612883991E-6,1.1223512418618924E-5,9.1450212612883991E-6,9.6159156886143385E-6,5.8921050464371348E-6]],[[8.320015340947852E-6,1.2680565098988727E-5,1.2135203927786578E-5,1.4598522353146765E-5,1.2135203927786578E-5,1.2680565098988727E-5,8.320015340947852E-6],[1.2680565098988727E-5,1.7937934318038645E-5,1.7396072304744983E-5,2.0357816452280561E-5,1.7396072304744983E-5,1.7937934318038645E-5,1.2680565098988727E-5],[1.2135203927786578E-5,1.7396072304744983E-5,1.8917725433988012E-5,2.0442584458464337E-5,1.8917725433988012E-5,1.7396072304744983E-5,1.2135203927786578E-5],[1.4598522353146765E-5,2.0357816452280561E-5,2.0442584458464337E-5,2.3341974626095469E-5,2.0442584458464337E-5,2.0357816452280561E-5,1.4598522353146765E-5],[1.2135203927786578E-5,1.7396072304744983E-5,1.8917725433988012E-5,2.0442584458464337E-5,1.8917725433988012E-5,1.7396072304744983E-5,1.2135203927786578E-5],[1.2680565098988727E-5,1.7937934318038645E-5,1.7396072304744983E-5,2.0357816452280561E-5,1.7396072304744983E-5,1.7937934318038645E-5,1.2680565098988725E-5],[8.320015340947852E-6,1.2680565098988727E-5,1.2135203927786578E-5,1.4598522353146765E-5,1.2135203927786578E-5,1.2680565098988725E-5,8.32001534094785E-6]],[[1.111433767144128E-5,1.6059636498781212E-5,1.5447695802297692E-5,1.8268762927126638E-5,1.5447695802297692E-5,1.6059636498781212E-5,1.111433767144128E-5],[1.6059636498781212E-5,2.1805064188206666E-5,2.122031840121987E-5,2.4482472250787836E-5,2.122031840121987E-5,2.1805064188206666E-5,1.6059636498781212E-5],[1.5447695802297692E-5,2.122031840121987E-5,2.2888731079522971E-5,2.4560553143137131E-5,2.2888731079522971E-5,2.122031840121987E-5,1.5447695802297692E-5],[1.8268762927126638E-5,2.4482472250787836E-5,2.4560553143137131E-5,2.77254346574991E-5,2.4560553143137131E-5,2.4482472250787836E-5,1.8268762927126638E-5],[1.5447695802297692E-5,2.122031840121987E-5,2.2888731079522971E-5,2.4560553143137131E-5,2.2888731079522971E-5,2.122031840121987E-5,1.5447695802297692E-5],[1.6059636498781212E-5,2.1805064188206666E-5,2.122031840121987E-5,2.4482472250787836E-5,2.122031840121987E-5,2.1805064188206662E-5,1.6059636498781205E-5],[1.111433767144128E-5,1.6059636498781212E-5,1.5447695802297692E-5,1.8268762927126638E-5,1.5447695802297692E-5,1.6059636498781205E-5,1.1114337671441278E-5]],[[1.4244366207772289E-5,1.9724455195623859E-5,1.9053114658541764E-5,2.2204181469528623E-5,1.9053114658541764E-5,1.9724455195623859E-5,1.4244366207772289E-5],[1.9724455195623859E-5,2.5914151001252463E-5,2.5291321613058212E-5,2.8827627971488073E-5,2.5291321613058212E-5,2.5914151001252463E-5,1.9724455195623859E-5],[1.9053114658541764E-5,2.5291321613058212E-5,2.7093369670734948E-5,2.8899013401196567E-5,2.7093369670734944E-5,2.5291321613058212E-5,1.9053114658541764E-5],[2.2204181469528623E-5,2.8827627971488073E-5,2.8899013401196567E-5,3.2305088720108323E-5,2.8899013401196564E-5,2.8827627971488073E-5,2.2204181469528623E-5],[1.9053114658541764E-5,2.5291321613058212E-5,2.7093369670734944E-5,2.8899013401196564E-5,2.7093369670734941E-5,2.5291321613058209E-5,1.9053114658541764E-5],[1.9724455195623859E-5,2.5914151001252463E-5,2.5291321613058212E-5,2.8827627971488073E-5,2.5291321613058209E-5,2.5914151001252459E-5,1.9724455195623852E-5],[1.4244366207772289E-5,1.9724455195623859E-5,1.9053114658541764E-5,2.2204181469528623E-5,1.9053114658541764E-5,1.9724455195623852E-5,1.4244366207772285E-5]],[[1.7681181474933522E-5,2.3649789637111459E-5,2.2925366821154725E-5,2.6379607261860815E-5,2.2925366821154725E-5,2.3649789637111459E-5,1.7681181474933522E-5],[2.3649789637111459E-5,3.0245225074792608E-5,2.9588278090839085E-5,3.3375186355616659E-5,2.9588278090839085E-5,3.0245225074792608E-5,2.3649789637111459E-5],[2.2925366821154725E-5,2.9588278090839085E-5,3.1512336917099443E-5,3.344016268086065E-5,3.1512336917099443E-5,2.9588278090839085E-5,2.2925366821154725E-5],[2.6379607261860815E-5,3.3375186355616659E-5,3.344016268086065E-5,3.706618249270711E-5,3.344016268086065E-5,3.3375186355616659E-5,2.6379607261860815E-5],[2.2925366821154725E-5,2.9588278090839085E-5,3.1512336917099443E-5,3.344016268086065E-5,3.1512336917099443E-5,2.9588278090839085E-5,2.2925366821154725E-5],[2.3649789637111459E-5,3.0245225074792608E-5,2.9588278090839085E-5,3.3375186355616659E-5,2.9588278090839085E-5,3.0245225074792604E-5,2.3649789637111452E-5],[1.7681181474933522E-5,2.3649789637111459E-5,2.2925366821154725E-5,2.6379607261860815E-5,2.2925366821154725E-5,2.3649789637111452E-5,1.7681181474933519E-5]],[[2.1398295939397141E-5,2.7813447453086027E-5,2.7041397101497322E-5,3.0773735828522054E-5,2.7041397101497322E-5,2.7813447453086027E-5,2.1398295939397141E-5],[2.7813447453086027E-5,3.4780737106777358E-5,3.4092961061378034E-5,3.8109492581308679E-5,3.4092961061378034E-5,3.4780737106777358E-5,2.7813447453086027E-5],[2.7041397101497322E-5,3.4092961061378034E-5,3.612876728924961E-5,3.8168498588346653E-5,3.612876728924961E-5,3.4092961061378034E-5,2.7041397101497322E-5],[3.0773735828522054E-5,3.8109492581308679E-5,3.8168498588346653E-5,4.1995874060747656E-5,3.8168498588346653E-5,3.8109492581308679E-5,3.0773735828522054E-5],[2.7041397101497322E-5,3.4092961061378034E-5,3.612876728924961E-5,3.8168498588346653E-5,3.612876728924961E-5,3.4092961061378034E-5,2.7041397101497322E-5],[2.7813447453086027E-5,3.4780737106777358E-5,3.4092961061378034E-5,3.8109492581308679E-5,3.4092961061378034E-5,3.4780737106777358E-5,2.7813447453086023E-5],[2.1398295939397141E-5,2.7813447453086027E-5,2.7041397101497322E-5,3.0773735828522054E-5,2.7041397101497322E-5,2.7813447453086023E-5,2.1398295939397138E-5]],[[2.537183722670425E-5,3.2195915811032464E-5,3.1380900025738651E-5,3.536838251926384E-5,3.1380900025738651E-5,3.2195915811032464E-5,2.537183722670425E-5],[3.2195915811032464E-5,3.9505266447503169E-5,3.878940145002105E-5,4.3016954835265748E-5,3.878940145002105E-5,3.9505266447503169E-5,3.2195915811032464E-5],[3.1380900025738651E-5,3.878940145002105E-5,4.0927912514582427E-5,4.3070495296229004E-5,4.0927912514582427E-5,3.878940145002105E-5,3.1380900025738651E-5],[3.536838251926384E-5,4.3016954835265748E-5,4.3070495296229004E-5,4.7082958100175525E-5,4.3070495296229004E-5,4.3016954835265748E-5,3.536838251926384E-5],[3.1380900025738651E-5,3.878940145002105E-5,4.0927912514582427E-5,4.3070495296229004E-5,4.0927912514582427E-5,3.878940145002105E-5,3.1380900025738651E-5],[3.2195915811032464E-5,3.9505266447503169E-5,3.878940145002105E-5,4.3016954835265748E-5,3.878940145002105E-5,3.9505266447503169E-5,3.2195915811032464E-5],[2.537183722670425E-5,3.2195915811032464E-5,3.1380900025738651E-5,3.536838251926384E-5,3.1380900025738651E-5,3.2195915811032464E-5,2.5371837226704246E-5]],[[2.9580496449290393E-5,3.6780041671827457E-5,3.5926026317131777E-5,4.0147921356813E-5,3.5926026317131777E-5,3.6780041671827457E-5,2.9580496449290393E-5],[3.6780041671827457E-5,4.4405262829430216E-5,4.3663604852628024E-5,4.8085737737385048E-5,4.3663604852628024E-5,4.4405262829430216E-5,3.6780041671827457E-5],[3.5926026317131777E-5,4.3663604852628024E-5,4.589686429363423E-5,4.8134332038526072E-5,4.589686429363423E-5,4.3663604852628024E-5,3.5926026317131777E-5],[4.0147921356813E-5,4.8085737737385048E-5,4.8134332038526072E-5,5.2317637484286015E-5,4.8134332038526072E-5,4.8085737737385048E-5,4.0147921356813E-5],[3.5926026317131777E-5,4.3663604852628024E-5,4.589686429363423E-5,4.8134332038526072E-5,4.589686429363423E-5,4.3663604852628024E-5,3.5926026317131777E-5],[3.6780041671827457E-5,4.4405262829430216E-5,4.3663604852628024E-5,4.8085737737385048E-5,4.3663604852628024E-5,4.4405262829430216E-5,3.6780041671827457E-5],[2.9580496449290393E-5,3.6780041671827457E-5,3.5926026317131777E-5,4.0147921356813E-5,3.5926026317131777E-5,3.6780041671827457E-5,2.9580496449290393E-5]],[[3.4005364685971522E-5,4.1550748218178374E-5,4.0661102720291619E-5,4.5098853808853927E-5,4.0661102720291619E-5,4.1550748218178374E-5,3.4005364685971522E-5],[4.1550748218178374E-5,4.9468818585698765E-5,4.870330281433216E-5,5.330551123498513E-5,4.870330281433216E-5,4.9468818585698765E-5,4.1550748218178374E-5],[4.0661102720291619E-5,4.870330281433216E-5,5.1024315334844938E-5,5.3349663931096096E-5,5.1024315334844938E-5,4.870330281433216E-5,4.0661102720291619E-5],[4.5098853808853927E-5,5.330551123498513E-5,5.3349663931096096E-5,5.7691332467144283E-5,5.3349663931096096E-5,5.330551123498513E-5,4.5098853808853927E-5],[4.0661102720291619E-5,4.870330281433216E-5,5.1024315334844938E-5,5.3349663931096096E-5,5.1024315334844938E-5,4.870330281433216E-5,4.0661102720291619E-5],[4.1550748218178374E-5,4.9468818585698765E-5,4.870330281433216E-5,5.330551123498513E-5,4.870330281433216E-5,4.9468818585698765E-5,4.1550748218178374E-5],[3.4005364685971522E-5,4.1550748218178374E-5,4.0661102720291619E-5,4.5098853808853927E-5,4.0661102720291619E-5,4.1550748218178374E-5,3.4005364685971522E-5]],[[3.862972354639514E-5,4.6494784054232291E-5,4.557237390114557E-5,5.0209470564134811E-5,4.557237390114557E-5,4.6494784054232291E-5,3.862972354639514E-5],[4.6494784054232291E-5,5.468546834017107E-5,5.3897735403530121E-5,5.8667242510064092E-5,5.3897735403530121E-5,5.468546834017107E-5,4.6494784054232291E-5],[4.557237390114557E-5,5.3897735403530121E-5,5.63003533848338E-5,5.8707427483653143E-5,5.63003533848338E-5,5.3897735403530121E-5,4.557237390114557E-5],[5.0209470564134811E-5,5.8667242510064092E-5,5.8707427483653143E-5,6.3196519998405659E-5,5.8707427483653143E-5,5.8667242510064092E-5,5.0209470564134811E-5],[4.557237390114557E-5,5.3897735403530121E-5,5.63003533848338E-5,5.8707427483653143E-5,5.63003533848338E-5,5.3897735403530121E-5,4.557237390114557E-5],[4.6494784054232291E-5,5.468546834017107E-5,5.3897735403530121E-5,5.8667242510064092E-5,5.3897735403530121E-5,5.4685468340171077E-5,4.6494784054232291E-5],[3.862972354639514E-5,4.6494784054232291E-5,4.557237390114557E-5,5.0209470564134811E-5,4.557237390114557E-5,4.6494784054232291E-5,3.862972354639514E-5]],[[4.3438824521162229E-5,5.1600501969184623E-5,5.0647769758159189E-5,5.54695813160842E-5,5.0647769758159189E-5,5.1600501969184617E-5,4.3438824521162229E-5],[5.1600501969184623E-5,6.0046013230608247E-5,5.9237461741703346E-5,6.41630218052316E-5,5.9237461741703346E-5,6.004601323060824E-5,5.1600501969184617E-5],[5.0647769758159189E-5,5.9237461741703346E-5,6.1716283565634749E-5,6.4199674766226428E-5,6.1716283565634749E-5,5.9237461741703346E-5,5.0647769758159189E-5],[5.54695813160842E-5,6.41630218052316E-5,6.4199674766226428E-5,6.8826597466685631E-5,6.4199674766226428E-5,6.41630218052316E-5,5.54695813160842E-5],[5.0647769758159189E-5,5.9237461741703346E-5,6.1716283565634749E-5,6.4199674766226428E-5,6.1716283565634749E-5,5.9237461741703346E-5,5.0647769758159189E-5],[5.1600501969184617E-5,6.004601323060824E-5,5.9237461741703346E-5,6.41630218052316E-5,5.9237461741703346E-5,6.004601323060824E-5,5.1600501969184617E-5],[4.3438824521162229E-5,5.1600501969184617E-5,5.0647769758159189E-5,5.54695813160842E-5,5.0647769758159189E-5,5.1600501969184617E-5,4.3438824521162229E-5]],[[4.8419674755815165E-5,5.6857664223501445E-5,5.5876698465459188E-5,6.0870295347933195E-5,5.5876698465459188E-5,5.6857664223501438E-5,4.8419674755815158E-5],[5.6857664223501445E-5,6.55423668867976E-5,6.4714195173839171E-5,6.9785915402292755E-5,6.4714195173839171E-5,6.5542366886797585E-5,5.6857664223501438E-5],[5.5876698465459188E-5,6.4714195173839171E-5,6.7264474948422874E-5,6.9819431404855215E-5,6.7264474948422874E-5,6.4714195173839171E-5,5.5876698465459188E-5],[6.0870295347933195E-5,6.9785915402292755E-5,6.9819431404855215E-5,7.45757664460202E-5,6.9819431404855215E-5,6.9785915402292755E-5,6.0870295347933195E-5],[5.5876698465459188E-5,6.4714195173839171E-5,6.7264474948422874E-5,6.9819431404855215E-5,6.7264474948422874E-5,6.4714195173839171E-5,5.5876698465459188E-5],[5.6857664223501438E-5,6.5542366886797585E-5,6.4714195173839171E-5,6.9785915402292755E-5,6.4714195173839171E-5,6.55423668867976E-5,5.6857664223501438E-5],[4.8419674755815158E-5,5.6857664223501438E-5,5.5876698465459188E-5,6.0870295347933195E-5,5.5876698465459188E-5,5.6857664223501438E-5,4.8419674755815158E-5]],[[5.3560837599537664E-5,6.2257271492940607E-5,6.1249863974317432E-5,6.64038408585166E-5,6.1249863974317432E-5,6.2257271492940607E-5,5.3560837599537657E-5],[6.2257271492940607E-5,7.1167420592214409E-5,7.0320659968911177E-5,7.5529840625025347E-5,7.0320659968911177E-5,7.1167420592214409E-5,6.2257271492940607E-5],[6.1249863974317432E-5,7.0320659968911177E-5,7.2938227860715429E-5,7.5560574511473214E-5,7.2938227860715429E-5,7.0320659968911177E-5,6.1249863974317432E-5],[6.64038408585166E-5,7.5529840625025347E-5,7.5560574511473214E-5,8.0438932966384288E-5,7.5560574511473214E-5,7.5529840625025347E-5,6.64038408585166E-5],[6.1249863974317432E-5,7.0320659968911177E-5,7.2938227860715429E-5,7.5560574511473214E-5,7.2938227860715429E-5,7.0320659968911177E-5,6.1249863974317432E-5],[6.2257271492940607E-5,7.1167420592214409E-5,7.0320659968911177E-5,7.5529840625025347E-5,7.0320659968911177E-5,7.1167420592214409E-5,6.2257271492940607E-5],[5.3560837599537657E-5,6.2257271492940607E-5,6.1249863974317432E-5,6.64038408585166E-5,6.1249863974317432E-5,6.2257271492940607E-5,5.3560837599537657E-5]],[[5.8852251267011129E-5,6.7791412801827337E-5,6.675910593965233E-5,7.2063414408025275E-5,6.675910593965233E-5,6.7791412801827337E-5,5.8852251267011129E-5],[6.7791412801827337E-5,7.691492528586067E-5,7.6050466725057E-5,8.1389458908094145E-5,7.6050466725057E-5,7.691492528586067E-5,6.7791412801827337E-5],[6.675910593965233E-5,7.6050466725057E-5,7.8731658927222439E-5,8.14177273740857E-5,7.8731658927222439E-5,7.6050466725057E-5,6.675910593965233E-5],[7.2063414408025275E-5,8.1389458908094145E-5,8.14177273740857E-5,8.64116215378084E-5,8.14177273740857E-5,8.1389458908094145E-5,7.2063414408025275E-5],[6.675910593965233E-5,7.6050466725057E-5,7.8731658927222439E-5,8.14177273740857E-5,7.8731658927222439E-5,7.6050466725057E-5,6.675910593965233E-5],[6.7791412801827337E-5,7.691492528586067E-5,7.6050466725057E-5,8.1389458908094145E-5,7.6050466725057E-5,7.691492528586067E-5,6.7791412801827337E-5],[5.8852251267011129E-5,6.7791412801827337E-5,6.675910593965233E-5,7.2063414408025275E-5,6.675910593965233E-5,6.7791412801827337E-5,5.8852251267011129E-5]],[[6.4285066293621077E-5,7.3453133988621877E-5,7.2397259757231327E-5,7.7843054194672181E-5,7.2397259757231327E-5,7.3453133988621877E-5,6.4285066293621077E-5],[7.3453133988621877E-5,8.27793882924954E-5,8.1898003962660584E-5,8.7360083823835585E-5,8.1898003962660584E-5,8.27793882924954E-5,7.3453133988621877E-5],[7.2397259757231327E-5,8.1898003962660584E-5,8.4639601280790688E-5,8.7386168297256509E-5,8.4639601280790688E-5,8.1898003962660584E-5,7.2397259757231327E-5],[7.7843054194672181E-5,8.7360083823835585E-5,8.7386168297256509E-5,9.24899006931046E-5,8.7386168297256509E-5,8.7360083823835585E-5,7.7843054194672181E-5],[7.2397259757231327E-5,8.1898003962660584E-5,8.4639601280790688E-5,8.7386168297256509E-5,8.4639601280790688E-5,8.1898003962660584E-5,7.2397259757231327E-5],[7.3453133988621877E-5,8.27793882924954E-5,8.1898003962660584E-5,8.7360083823835585E-5,8.1898003962660584E-5,8.27793882924954E-5,7.3453133988621877E-5],[6.4285066293621077E-5,7.3453133988621877E-5,7.2397259757231327E-5,7.7843054194672181E-5,7.2397259757231327E-5,7.3453133988621877E-5,6.4285066293621077E-5]],[[6.9851501102823115E-5,7.92363224650854E-5,7.8158034381144991E-5,8.3737532477273823E-5,7.8158034381144991E-5,7.92363224650854E-5,6.9851501102823115E-5],[7.92363224650854E-5,8.8755982892662022E-5,8.7858343689157847E-5,9.3437601584750026E-5,8.7858343689157847E-5,8.8755982892662022E-5,7.92363224650854E-5],[7.8158034381144991E-5,8.7858343689157847E-5,9.0657517752144661E-5,9.3461751426778038E-5,9.0657517752144661E-5,8.7858343689157847E-5,7.8158034381144991E-5],[8.3737532477273823E-5,9.3437601584750026E-5,9.3461751426778038E-5,9.867031822185909E-5,9.3461751426778038E-5,9.3437601584750026E-5,8.3737532477273823E-5],[7.8158034381144991E-5,8.7858343689157847E-5,9.0657517752144661E-5,9.3461751426778038E-5,9.0657517752144661E-5,8.7858343689157847E-5,7.8158034381144991E-5],[7.92363224650854E-5,8.8755982892662022E-5,8.7858343689157847E-5,9.3437601584750026E-5,8.7858343689157847E-5,8.8755982892662022E-5,7.92363224650854E-5],[6.9851501102823115E-5,7.92363224650854E-5,7.8158034381144991E-5,8.3737532477273823E-5,7.8158034381144991E-5,7.92363224650854E-5,6.9851501102823115E-5]],[[7.5544714355567111E-5,8.5135606246363959E-5,8.4035905712339252E-5,8.9742263579455444E-5,8.4035905712339252E-5,8.5135606246363959E-5,7.5544714355567111E-5],[8.5135606246363959E-5,9.4840469050926619E-5,9.3927158995704241E-5,9.9618402006383186E-5,9.3927158995704241E-5,9.4840469050926619E-5,8.5135606246363959E-5],[8.4035905712339252E-5,9.3927158995704241E-5,9.6781425160548539E-5,9.96408377428713E-5,9.6781425160548539E-5,9.3927158995704241E-5,8.4035905712339252E-5],[8.9742263579455444E-5,9.9618402006383186E-5,9.96408377428713E-5,0.00010494984457969393,9.96408377428713E-5,9.9618402006383186E-5,8.9742263579455444E-5],[8.4035905712339252E-5,9.3927158995704241E-5,9.6781425160548539E-5,9.96408377428713E-5,9.6781425160548539E-5,9.3927158995704241E-5,8.4035905712339252E-5],[8.5135606246363959E-5,9.4840469050926619E-5,9.3927158995704241E-5,9.9618402006383186E-5,9.3927158995704241E-5,9.4840469050926619E-5,8.5135606246363959E-5],[7.5544714355567111E-5,8.5135606246363959E-5,8.4035905712339252E-5,8.9742263579455444E-5,8.4035905712339252E-5,8.5135606246363959E-5,7.5544714355567111E-5]],[[8.1358692490773575E-5,9.1146265435311925E-5,9.00260235322506E-5,9.58532247058636E-5,9.00260235322506E-5,9.1146265435311925E-5,8.1358692490773575E-5],[9.1146265435311925E-5,0.00010102912380637638,0.00010010065198983276,0.00010589931826559664,0.00010010065198983276,0.00010102912380637638,9.1146265435311925E-5],[9.00260235322506E-5,0.00010010065198983276,0.00010300782808749042,0.00010592023468218706,0.00010300782808749042,0.00010010065198983276,9.00260235322506E-5],[9.58532247058636E-5,0.00010589931826559664,0.00010592023468218706,0.00011132582319337811,0.00010592023468218706,0.00010589931826559664,9.58532247058636E-5],[9.00260235322506E-5,0.00010010065198983276,0.00010300782808749042,0.00010592023468218706,0.00010300782808749042,0.00010010065198983276,9.00260235322506E-5],[9.1146265435311925E-5,0.00010102912380637638,0.00010010065198983276,0.00010589931826559664,0.00010010065198983276,0.00010102912380637638,9.1146265435311925E-5],[8.1358692490773575E-5,9.1146265435311925E-5,9.00260235322506E-5,9.58532247058636E-5,9.00260235322506E-5,9.1146265435311925E-5,8.1358692490773575E-5]],[[8.72881508118881E-5,9.7264154534494151E-5,9.61241301576706E-5,0.00010206688737162272,9.61241301576706E-5,9.7264154534494151E-5,8.72881508118881E-5],[9.7264154534494151E-5,0.00010731867999033771,0.00010637549057663857,0.00011227757405146364,0.00010637549057663857,0.00010731867999033771,9.7264154534494151E-5],[9.61241301576706E-5,0.00010637549057663857,0.00010933366072702281,0.00011229714306349561,0.00010933366072702281,0.00010637549057663857,9.61241301576706E-5],[0.00010206688737162272,0.00011227757405146364,0.00011229714306349561,0.00011779592655864745,0.00011229714306349561,0.00011227757405146364,0.00010206688737162272],[9.61241301576706E-5,0.00010637549057663857,0.00010933366072702281,0.00011229714306349561,0.00010933366072702281,0.00010637549057663857,9.61241301576706E-5],[9.7264154534494151E-5,0.00010731867999033771,0.00010637549057663857,0.00011227757405146364,0.00010637549057663857,0.00010731867999033771,9.7264154534494151E-5],[8.72881508118881E-5,9.7264154534494151E-5,9.61241301576706E-5,0.00010206688737162272,9.61241301576706E-5,9.7264154534494151E-5,8.72881508118881E-5]],[[9.3328446525713768E-5,0.00010348563412871365,0.00010232648918847046,0.0001083801576592061,0.00010232648918847046,0.00010348563412871365,9.3328446525713768E-5],[0.00010348563412871365,0.00011370627206928314,0.00011274875277190027,0.00011875073689791916,0.00011274875277190027,0.00011370627206928314,0.00010348563412871365],[0.00010232648918847046,0.00011274875277190027,0.00011575623557251569,0.00011876911015328904,0.00011575623557251569,0.00011274875277190027,0.00010232648918847046],[0.0001083801576592061,0.00011875073689791916,0.00011876911015328904,0.00012435811715180513,0.00011876911015328905,0.00011875073689791916,0.0001083801576592061],[0.00010232648918847046,0.00011274875277190027,0.00011575623557251569,0.00011876911015328905,0.00011575623557251569,0.00011274875277190027,0.00010232648918847046],[0.00010348563412871365,0.00011370627206928314,0.00011274875277190027,0.00011875073689791916,0.00011274875277190027,0.00011370627206928314,0.00010348563412871365],[9.3328446525713768E-5,0.00010348563412871365,0.00010232648918847046,0.0001083801576592061,0.00010232648918847046,0.00010348563412871365,9.3328446525713768E-5]],[[9.9475502238261822E-5,0.00010980751062560785,0.0001086298228947728,0.00011479032381415202,0.0001086298228947728,0.00010980751062560785,9.9475502238261822E-5],[0.00010980751062560785,0.0001201893880126376,0.00011921787736240448,0.00012531667661902322,0.00011921787736240448,0.0001201893880126376,0.00010980751062560785],[0.0001086298228947728,0.00011921787736240448,0.00012227319782155856,0.00012533398781958472,0.00012227319782155856,0.00011921787736240448,0.0001086298228947728],[0.00011479032381415202,0.00012531667661902322,0.00012533398781958472,0.00013101061225171098,0.00012533398781958472,0.00012531667661902322,0.00011479032381415202],[0.0001086298228947728,0.00011921787736240448,0.00012227319782155856,0.00012533398781958472,0.00012227319782155856,0.00011921787736240447,0.00010862982289477278],[0.00010980751062560785,0.0001201893880126376,0.00011921787736240448,0.00012531667661902322,0.00011921787736240447,0.00012018938801263759,0.00010980751062560784],[9.9475502238261822E-5,0.00010980751062560785,0.0001086298228947728,0.00011479032381415202,0.00010862982289477278,0.00010980751062560784,9.9475502238261808E-5]],[[0.00010572573852472105,0.00011622698285766569,0.00011503125693520855,0.0001212950098990064,0.00011503125693520855,0.00011622698285766569,0.00010572573852472105],[0.00011622698285766569,0.00012676582615058646,0.00012578061981832292,0.00013197352784272137,0.00012578061981832292,0.00012676582615058646,0.00011622698285766569],[0.00011503125693520855,0.00012578061981832292,0.00012888248445664126,0.00013198989478438157,0.00012888248445664126,0.00012578061981832292,0.00011503125693520855],[0.0001212950098990064,0.00013197352784272137,0.00013198989478438157,0.0001377518517936317,0.00013198989478438157,0.00013197352784272137,0.0001212950098990064],[0.00011503125693520855,0.00012578061981832292,0.00012888248445664126,0.00013198989478438157,0.00012888248445664126,0.00012578061981832292,0.00011503125693520855],[0.00011622698285766569,0.00012676582615058646,0.00012578061981832292,0.00013197352784272137,0.00012578061981832292,0.00012676582615058646,0.00011622698285766569],[0.00010572573852472105,0.00011622698285766569,0.00011503125693520855,0.0001212950098990064,0.00011503125693520855,0.00011622698285766569,0.00010572573852472104]],[[0.00011207601429639594,0.00012274159443086404,0.00012152827120638419,0.00012789213435742316,0.00012152827120638419,0.00012274159443086404,0.00011207601429639594],[0.00012274159443086404,0.00013343365600839441,0.00013243501240399556,0.00013871965565427969,0.00013243501240399556,0.00013343365600839441,0.00012274159443086404],[0.00012152827120638419,0.00013243501240399556,0.00013558228698334752,0.00013873518199188339,0.00013558228698334752,0.00013243501240399556,0.00012152827120638419],[0.00012789213435742316,0.00013871965565427969,0.00013873518199188339,0.00014458046834282267,0.00013873518199188339,0.00013871965565427969,0.00012789213435742316],[0.00012152827120638419,0.00013243501240399556,0.00013558228698334752,0.00013873518199188339,0.00013558228698334752,0.00013243501240399556,0.00012152827120638419],[0.00012274159443086404,0.00013343365600839441,0.00013243501240399556,0.00013871965565427969,0.00013243501240399556,0.00013343365600839441,0.00012274159443086404],[0.00011207601429639594,0.00012274159443086404,0.00012152827120638419,0.00012789213435742316,0.00012152827120638419,0.00012274159443086404,0.00011207601429639592]],[[0.00011852357377241091,0.00012934919074542711,0.00012811865568789057,0.00013457987240241684,0.00012811865568789057,0.00012934919074542711,0.00011852357377241091],[0.00012934919074542711,0.00014019118206899076,0.00013917932741653707,0.000145553623305979,0.00013917932741653707,0.00014019118206899076,0.00012934919074542711],[0.00012811865568789057,0.00013917932741653707,0.00014237101676894888,0.00014556840004877902,0.00014237101676894888,0.00013917932741653707,0.00012811865568789057],[0.00013457987240241684,0.000145553623305979,0.00014556840004877902,0.00015149525816846452,0.00014556840004877902,0.000145553623305979,0.00013457987240241684],[0.00012811865568789057,0.00013917932741653707,0.00014237101676894888,0.00014556840004877902,0.00014237101676894888,0.00013917932741653707,0.00012811865568789057],[0.00012934919074542711,0.00014019118206899076,0.00013917932741653707,0.000145553623305979,0.00013917932741653707,0.00014019118206899076,0.00012934919074542711],[0.00011852357377241091,0.00012934919074542711,0.00012811865568789057,0.00013457987240241684,0.00012811865568789057,0.00012934919074542711,0.00011852357377241091]],[[0.000125065998916331,0.00013604787960216024,0.00013480047015699469,0.00014135662113022888,0.00013480047015699469,0.00013604787960216024,0.000125065998916331],[0.00013604787960216024,0.00014703690930654512,0.00014601204238992092,0.00015247416080644579,0.00014601204238992092,0.00014703690930654512,0.00013604787960216024],[0.00013480047015699469,0.00014601204238992092,0.00014924727180429324,0.00015248826754457668,0.00014924727180429324,0.00014601204238992092,0.00013480047015699469],[0.00014135662113022888,0.00015247416080644579,0.00015248826754457668,0.000158495152193161,0.00015248826754457668,0.00015247416080644579,0.00014135662113022888],[0.00013480047015699469,0.00014601204238992092,0.00014924727180429324,0.00015248826754457668,0.00014924727180429324,0.00014601204238992092,0.00013480047015699469],[0.00013604787960216024,0.00014703690930654512,0.00014601204238992092,0.00015247416080644579,0.00014601204238992092,0.00014703690930654512,0.00013604787960216024],[0.000125065998916331,0.00013604787960216024,0.00013480047015699469,0.00014135662113022888,0.00013480047015699469,0.00013604787960216024,0.000125065998916331]],[[0.00013170116620482312,0.00014283599422683436,0.0001415720065875845,0.00014822096616035296,0.0001415720065875845,0.00014283599422683436,0.00013170116620482312],[0.00014283599422683436,0.0001539695091237664,0.00015293180591082977,0.00015948013294174316,0.00015293180591082977,0.0001539695091237664,0.00014283599422683436],[0.0001415720065875845,0.00015293180591082977,0.00015620980348318342,0.00015949363879384738,0.00015620980348318342,0.00015293180591082977,0.0001415720065875845],[0.00014822096616035296,0.00015948013294174316,0.00015949363879384738,0.00016557918525326773,0.00015949363879384738,0.00015948013294174316,0.00014822096616035296],[0.0001415720065875845,0.00015293180591082977,0.00015620980348318342,0.00015949363879384738,0.00015620980348318342,0.00015293180591082977,0.0001415720065875845],[0.00014283599422683436,0.0001539695091237664,0.00015293180591082977,0.00015948013294174316,0.00015293180591082977,0.0001539695091237664,0.00014283599422683436],[0.00013170116620482312,0.00014283599422683436,0.0001415720065875845,0.00014822096616035296,0.0001415720065875845,0.00014283599422683436,0.00013170116620482312]],[[0.00013842720654080558,0.00014971205737187573,0.00014843175289704289,0.00015517164839008897,0.00014843175289704289,0.00014971205737187573,0.00013842720654080558],[0.00014971205737187573,0.00016098778397873216,0.00015993740236746877,0.00016657050486072213,0.00015993740236746877,0.00016098778397873216,0.00014971205737187573],[0.00014843175289704289,0.00015993740236746877,0.00016325748161843511,0.00016658346911717418,0.00016325748161843511,0.00015993740236746877,0.00014843175289704289],[0.00015517164839008897,0.00016657050486072213,0.00016658346911717418,0.00017274646158251027,0.00016658346911717418,0.00016657050486072213,0.00015517164839008897],[0.00014843175289704289,0.00015993740236746877,0.00016325748161843511,0.00016658346911717418,0.00016325748161843511,0.00015993740236746877,0.00014843175289704289],[0.00014971205737187573,0.00016098778397873216,0.00015993740236746877,0.00016657050486072213,0.00015993740236746877,0.00016098778397873216,0.00014971205737187573],[0.00013842720654080558,0.00014971205737187573,0.00014843175289704289,0.00015517164839008897,0.00014843175289704289,0.00014971205737187573,0.00013842720654080558]],[[0.00014524246698618357,0.00015667474485792112,0.00015537835643364924,0.000162207529094433,0.00015537835643364924,0.00015667474485792112,0.00014524246698618357],[0.00015667474485792112,0.00016809062846032257,0.00016702771345254873,0.00017374430273133532,0.00016702771345254873,0.00016809062846032257,0.00015667474485792112],[0.00015537835643364924,0.00016702771345254873,0.00017038925534780975,0.00017375677514542705,0.00017038925534780975,0.00016702771345254873,0.00015537835643364924],[0.000162207529094433,0.00017374430273133532,0.00017375677514542705,0.00017999611367081026,0.00017375677514542705,0.00017374430273133532,0.000162207529094433],[0.00015537835643364924,0.00016702771345254873,0.00017038925534780975,0.00017375677514542705,0.00017038925534780975,0.00016702771345254873,0.00015537835643364924],[0.00015667474485792112,0.00016809062846032257,0.00016702771345254873,0.00017374430273133532,0.00016702771345254873,0.00016809062846032257,0.00015667474485792112],[0.00014524246698618357,0.00015667474485792112,0.00015537835643364924,0.000162207529094433,0.00015537835643364924,0.00015667474485792112,0.00014524246698618357]],[[0.00015214547274177307,0.00016372284646191739,0.00016241058517123792,0.00016932755106165498,0.00016241058517123792,0.00016372284646191739,0.00015214547274177307],[0.00016372284646191739,0.00017527698382938152,0.0001742016735314077,0.0001810005661067967,0.0001742016735314077,0.00017527698382938152,0.00016372284646191739],[0.00016241058517123792,0.0001742016735314077,0.00017760410679060827,0.00018101258675721428,0.00017760410679060827,0.0001742016735314077,0.00016241058517123792],[0.00016932755106165498,0.0001810005661067967,0.00018101258675721428,0.00018732725061659382,0.00018101258675721428,0.0001810005661067967,0.00016932755106165498],[0.00016241058517123792,0.0001742016735314077,0.00017760410679060827,0.00018101258675721428,0.00017760410679060827,0.0001742016735314077,0.00016241058517123792],[0.00016372284646191739,0.00017527698382938152,0.0001742016735314077,0.0001810005661067967,0.0001742016735314077,0.00017527698382938152,0.00016372284646191739],[0.00015214547274177307,0.00016372284646191739,0.00016241058517123792,0.00016932755106165498,0.00016241058517123792,0.00016372284646191739,0.00015214547274177307]],[[0.00015913488741517868,0.00017085522141869003,0.00016952728397249452,0.00017653069270756451,0.00016952728397249452,0.00017085522141869003,0.00015913488741517868],[0.00017085522141869003,0.00018254578210279355,0.00018145821507836279,0.00018833828756295958,0.00018145821507836279,0.00018254578210279355,0.00017085522141869003],[0.00016952728397249452,0.00018145821507836279,0.00018490099332058268,0.00018834988617684947,0.00018490099332058268,0.00018145821507836279,0.00016952728397249452],[0.00017653069270756451,0.00018833828756295958,0.00018834988617684947,0.00019473889084222848,0.00018834988617684947,0.00018833828756295958,0.00017653069270756451],[0.00016952728397249452,0.00018145821507836279,0.00018490099332058268,0.00018834988617684947,0.00018490099332058268,0.00018145821507836279,0.00016952728397249452],[0.00017085522141869003,0.00018254578210279355,0.00018145821507836279,0.00018833828756295958,0.00018145821507836279,0.00018254578210279355,0.00017085522141869003],[0.00015913488741517868,0.00017085522141869003,0.00016952728397249452,0.00017653069270756451,0.00016952728397249452,0.00017085522141869003,0.00015913488741517868]],[[0.00016620946907517389,0.00017807074500877061,0.000176727322520874,0.00018381591120469841,0.000176727322520874,0.00017807074500877061,0.00016620946907517389],[0.00017807074500877061,0.00018989587480167745,0.00018879619944379248,0.00019575633412219131,0.00018879619944379248,0.00018989587480167745,0.00017807074500877061],[0.000176727322520874,0.00018879619944379248,0.00019227877332955582,0.00019576752871843054,0.00019227877332955582,0.00018879619944379248,0.000176727322520874],[0.00018381591120469841,0.00019575633412219131,0.00019576752871843054,0.00020222987291175384,0.00019576752871843054,0.00019575633412219131,0.00018381591120469841],[0.000176727322520874,0.00018879619944379248,0.00019227877332955582,0.00019576752871843054,0.00019227877332955582,0.00018879619944379248,0.000176727322520874],[0.00017807074500877061,0.00018989587480167745,0.00018879619944379248,0.00019575633412219131,0.00018879619944379248,0.00018989587480167745,0.00017807074500877061],[0.00016620946907517389,0.00017807074500877061,0.000176727322520874,0.00018381591120469841,0.000176727322520874,0.00017807074500877061,0.00016620946907517389]],[[0.00017336801893163569,0.0001853682419467699,0.00018400953077396011,0.00019118206984359177,0.00018400953077396011,0.0001853682419467699,0.00017336801893163569],[0.0001853682419467699,0.00019732594110039066,0.00019621432778442948,0.0002032533