{"M_cells":[[[0,0,0,0,0,0],[0,0,0,0,0,0],[0,0,0,0,0,0],[0,0,0,0,0,0],[0,0,0,0,0,0],[0,0,0,0,0,0]],[[0.00021942240797609127,0.00050865570015978768,0.00020941021178183064,9.43640237188287E-5,4.3212075588665846E-5,1.6306265738998571E-5],[0.00050865570015978768,0.00081920829441374022,0.00039945597258845997,0.00019077518954753323,9.38149597295852E-5,4.3212075588665846E-5],[0.00020941021178183064,0.00039945597258845997,0.00028750343135451644,0.00017570586698869466,9.8208066619691269E-5,4.5972952926119232E-5],[9.43640237188287E-5,0.00019077518954753323,0.00017570586698869466,0.00012655367712389342,7.7486345186482462E-5,3.5685204761105987E-5],[4.3212075588665846E-5,9.38149597295852E-5,9.8208066619691269E-5,7.7486345186482462E-5,4.9620982652117732E-5,2.1800160478477618E-5],[1.6306265738998571E-5,4.3212075588665846E-5,4.5972952926119232E-5,3.5685204761105987E-5,2.1800160478477618E-5,7.9429370180228835E-6]],[[0.00070593008981733609,0.001030733746904924,0.00049272157939859377,0.00025694629604320116,0.00014142741631250767,8.2014929498395913E-5],[0.001030733746904924,0.0012319204144934869,0.0006751659237090637,0.00037326951432980132,0.00021959376115035547,0.00014142741631250767],[0.00049272157939859377,0.0006751659237090637,0.00050832120292863153,0.00034161817478334407,0.00022243569055740314,0.0001448898428997141],[0.00025694629604320116,0.00037326951432980132,0.00034161817478334407,0.00026267208681907058,0.00018382223005516845,0.00011771883527936027],[0.00014142741631250767,0.00021959376115035547,0.00022243569055740314,0.00018382223005516845,0.00013262144982238269,8.1486016746255016E-5],[8.2014929498395913E-5,0.00014142741631250767,0.0001448898428997141,0.00011771883527936027,8.1486016746255016E-5,4.5304333646225487E-5]],[[0.0011507346190021152,0.0014163500279879512,0.00075251398839981,0.00043655802322059876,0.00027243568157877569,0.00018976736431383756],[0.0014163500279879512,0.001545997887554376,0.00091662558928070324,0.0005584606352310302,0.00036752936138622266,0.00027243568157877569],[0.00075251398839981,0.00091662558928070324,0.00071493398722657074,0.00051337657960506854,0.00036699292170509854,0.0002738401618264404],[0.00043655802322059876,0.0005584606352310302,0.00051337657960506854,0.00041335030259492681,0.00031342811740519254,0.00023036343627825764],[0.00027243568157877569,0.00036752936138622266,0.00036699292170509854,0.00031342811740519254,0.00024319065629739185,0.00017303448055154164],[0.00018976736431383756,0.00027243568157877569,0.0002738401618264404,0.00023036343627825764,0.00017303448055154164,0.00011577568100057017]],[[0.0015068902536921542,0.0017191364198482907,0.00098683862451563959,0.00062038319653146782,0.00042328440510821592,0.00032578706306854276],[0.0017191364198482907,0.0018070679176176413,0.0011359158990362948,0.00074315969371289167,0.00052842633025463324,0.00042328440510821592],[0.00098683862451563959,0.0011359158990362948,0.00091197286467147986,0.00068815867655166736,0.000524197192286891,0.00042139058161460685],[0.00062038319653146782,0.00074315969371289167,0.00068815867655166736,0.00057353917616680518,0.00045902879906989738,0.00036427940039151076],[0.00042328440510821592,0.00052842633025463324,0.000524197192286891,0.00045902879906989738,0.00037430170529111523,0.00028966749483558366],[0.00032578706306854276,0.00042328440510821592,0.00042139058161460685,0.00036427940039151076,0.00028966749483558366,0.00021514022349011308]],[[0.001796556472433263,0.0019732311684818654,0.0012019722622346027,0.000804179926728861,0.00058575420545341943,0.00047932056262530934],[0.0019732311684818654,0.0020363750116434709,0.0013404171631938846,0.000926354046042215,0.00069670073988338066,0.00058575420545341943],[0.0012019722622346027,0.0013404171631938846,0.0011023267596605385,0.00086436155912569769,0.00068916816262532823,0.00058041766290306692],[0.000804179926728861,0.000926354046042215,0.00086436155912569769,0.00073983276837852688,0.00061541634502386975,0.00051273869281461134],[0.00058575420545341943,0.00069670073988338066,0.00068916816262532823,0.00061541634502386975,0.00052013972909820073,0.00042496419187953077],[0.00047932056262530934,0.00058575420545341943,0.00058041766290306692,0.00051273869281461134,0.00042496419187953077,0.00033728486648166466]],[[0.0020436116872291498,0.0021981249617171223,0.0014039361638189401,0.00098676856001958372,0.00075488002370954928,0.00064323614154975233],[0.0021981249617171223,0.0022462559062134593,0.00153527116376074,0.001108042395650955,0.00086912185077274353,0.00075488002370954928],[0.0014039361638189401,0.00153527116376074,0.0012881988712016232,0.0010412493748248046,0.00085891669512568665,0.000746507735373229],[0.00098676856001958372,0.001108042395650955,0.0010412493748248046,0.00091007566594442091,0.00077901642986590361,0.00067101492225355309],[0.00075488002370954928,0.00086912185077274353,0.00085891669512568665,0.00077901642986590361,0.00067628020097110773,0.00057365072646462087],[0.00064323614154975233,0.00075488002370954928,0.000746507735373229,0.00067101492225355309,0.00057365072646462087,0.00047638916015019521]],[[0.0022643338458425109,0.0024052153227859816,0.0015972113186242811,0.0011680508596945351,0.00092776398391299108,0.00081314403170124744],[0.0024052153227859816,0.0024441284418475224,0.0017239118679185305,0.001288514288338869,0.0010438559098972025,0.00092776398391299108],[0.0015972113186242811,0.0017239118679185305,0.001471134557903082,0.0012184784791453125,0.0010316153848092112,0.00091694919640691115],[0.0011680508596945351,0.001288514288338869,0.0012184784791453125,0.0010828861329707433,0.0009474096305425655,0.00083585937493073478],[0.00092776398391299108,0.0010438559098972025,0.0010316153848092112,0.0009474096305425655,0.00083950455846919182,0.00073171011481409172],[0.00081314403170124744,0.00092776398391299108,0.00091694919640691115,0.00083585937493073478,0.00073171011481409172,0.00062766864914110161]],[[0.00246884883298435,0.0026013239681346983,0.0017848590447259514,0.0013482513446496668,0.0011027506994858924,0.00098645286774404033],[0.0026013239681346983,0.0026345224087566169,0.0019085753712905012,0.0014680862895526019,0.0012198741659715255,0.0011027506994858924],[0.0017848590447259514,0.0019085753712905012,0.00165216918975275,0.0013958832304545418,0.0012061442330863696,0.0010900799647387911],[0.0013482513446496668,0.0014680862895526019,0.0013958832304545418,0.0012573698239708585,0.0011189731552861488,0.0010050703174904879],[0.0011027506994858924,0.0012198741659715255,0.0012061442330863696,0.0011189731552861488,0.0010075385842040307,0.000896217257477375],[0.00098645286774404033,0.0011027506994858924,0.0010900799647387911,0.0010050703174904879,0.000896217257477375,0.00078747551879098645]],[[0.0026633425600086831,0.002790602713600039,0.0019688942292308757,0.0015276427686193137,0.0012789075339918027,0.0011616714168439502],[0.002790602713600039,0.0028202334779127728,0.0020907001422789712,0.0016470225445052308,0.0013966039606735849,0.0012789075339918027],[0.0019688942292308757,0.0020907001422789712,0.0018319810635353286,0.0015733815596082573,0.0013818141839413744,0.0012648799265133864],[0.0015276427686193137,0.0016470225445052308,0.0015733815596082573,0.001432945151992537,0.0012926260657290462,0.0011771700826986025],[0.0012789075339918027,0.0013966039606735849,0.0013818141839413744,0.0012926260657290462,0.0011788074247752113,0.0010651037802928522],[0.0011616714168439502,0.0012789075339918027,0.0012648799265133864,0.0011771700826986025,0.0010651037802928522,0.000953151181531595]],[[0.0028516024573773716,0.0029756087243553433,0.0021506201887175167,0.0017064596586692737,0.0014557138843146102,0.0013379554272765378],[0.0029756087243553433,0.0030030007698930109,0.0022712066020994784,0.0018255221944619682,0.0015737282903743072,0.0014557138843146102],[0.0021506201887175167,0.0022712066020994784,0.0020110097225908671,0.001750932004008264,0.0015581995387652485,0.0014407210528481842],[0.0017064596586692737,0.0018255221944619682,0.001750932004008264,0.0016092333180381397,0.0014676523347190355,0.0013511741275905071],[0.0014557138843146102,0.0015737282903743072,0.0015581995387652485,0.0014676523347190355,0.001352236407671289,0.00123693664348841],[0.0013379554272765378,0.0014557138843146102,0.0014407210528481842,0.0013511741275905071,0.00123693664348841,0.0011228144591505168]],[[0.003035964114699898,0.0031579308229220393,0.0023308733171211612,0.0018848811032186445,0.0016328810497673516,0.0015148321138241606],[0.0031579308229220393,0.0031839128430678431,0.0024506826347029187,0.0020037280427606745,0.0017510724574858296,0.0016328810497673516],[0.0023308733171211612,0.0024506826347029187,0.0021895385865221429,0.001928513435764482,0.0017350362445297846,0.0016172152510178688],[0.0018848811032186445,0.0020037280427606745,0.001928513435764482,0.0017859876596371281,0.0016435798358325428,0.0015264302044143353],[0.0016328810497673516,0.0017510724574858296,0.0017350362445297846,0.0016435798358325428,0.0015271002539159117,0.0014107376079059762],[0.0015148321138241606,0.0016328810497673516,0.0016172152510178688,0.0015264302044143353,0.0014107376079059762,0.0012951613740436333]],[[0.0032178784938796863,0.0033385627880719673,0.0025101886928424635,0.0020630363505437363,0.0018102497659475106,0.0016920387483098157],[0.0033385627880719673,0.0033636544819613356,0.0026295037681239707,0.0021817396615275452,0.0019285406137634856,0.0018102497659475106],[0.0025101886928424635,0.0026295037681239707,0.0023677501017770239,0.0021061151661519537,0.0019121599419676964,0.0017941217983223198],[0.0020630363505437363,0.0021817396615275452,0.0021061151661519537,0.0019630477724522288,0.0018200984952381433,0.0017025082323493114],[0.0018102497659475106,0.0019285406137634856,0.0019121599419676964,0.0018200984952381433,0.0017029136871858257,0.001585846325927384],[0.0016920387483098157,0.0018102497659475106,0.0017941217983223198,0.0017025082323493114,0.001585846325927384,0.0014693014868667103]],[[0.0033982528012019781,0.0035181295345731085,0.0026889084333780338,0.0022410158445463888,0.001987732617994406,0.0018694302166429081],[0.0035181295345731085,0.0035426583141171309,0.0028079101683297792,0.0023596253331569449,0.0021060804679064204,0.001987732617994406],[0.0026889084333780338,0.0028079101683297792,0.0025457617566164927,0.0022837319713077428,0.0020894680557038223,0.001971290889845228],[0.0022410158445463888,0.0023596253331569449,0.0022837319713077428,0.0021403095709646809,0.0019970053958646159,0.0018791257664922888],[0.001987732617994406,0.0021060804679064204,0.0020894680557038223,0.0019970053958646159,0.0018793542601763737,0.001761820908542922],[0.0018694302166429081,0.001987732617994406,0.001971290889845228,0.0018791257664922888,0.001761820908542922,0.0016446335839451912]],[[0.0035776573370088481,0.0036970257940437822,0.0028672514712937713,0.0024188817501107659,0.0021652819303778323,0.00204692683125111],[0.0036970257940437822,0.0037211987140592833,0.002986055728471949,0.0025374314289931324,0.0022836637425095842,0.0021652819303778323],[0.0028672514712937713,0.002986055728471949,0.0027236493489679785,0.0024613615318594935,0.0022668964792480419,0.0021486290725225917],[0.0024188817501107659,0.0025374314289931324,0.0024613615318594935,0.0023177057176938911,0.0021741682017561116,0.0020560979954229058],[0.0021652819303778323,0.0022836637425095842,0.0022668964792480419,0.0021741682017561116,0.002056208960185556,0.0019383677255537647],[0.00204692683125111,0.0021652819303778323,0.0021486290725225917,0.0020560979954229058,0.0019383677255537647,0.0018207552969192514]],[[0.00375645227576637,0.0038755019038735484,0.0030453581642665905,0.0025966763596468336,0.0023428719554251434,0.0022244851439764198],[0.0038755019038735484,0.00389945033454515,0.0031640393185960155,0.0027151892911609272,0.0024612753838262331,0.0023428719554251434],[0.0030453581642665905,0.0031640393185960155,0.0029014619426229417,0.0026390030911905703,0.0024444051637220435,0.0023260779809577167],[0.0025966763596468336,0.0027151892911609272,0.0026390030911905703,0.0024951928306461515,0.0023515009183334452,0.0022333044208363425],[0.0023428719554251434,0.0024612753838262331,0.0024444051637220435,0.0023515009183334452,0.0022333377877217387,0.0021152928119560497],[0.0022244851439764198,0.0023428719554251434,0.0023260779809577167,0.0022333044208363425,0.0021152928119560497,0.0019973992480515597]],[[0.0039348660364700652,0.004053717241122053,0.0032233187356805497,0.0027744283091364823,0.0025204890278717864,0.0024020817234143691],[0.004053717241122053,0.0040775247788890408,0.0033419246813028813,0.0028929200966634366,0.0026389076162255639,0.0025204890278717864],[0.0032233187356805497,0.0033419246813028813,0.0030792314604339271,0.0028166567433297531,0.0026219691672220947,0.0025036011926986602],[0.0027744283091364823,0.0028929200966634366,0.0028166567433297531,0.0026727431288128081,0.0025289478978770385,0.0024106667731565827],[0.0025204890278717864,0.0026389076162255639,0.0026219691672220947,0.0025289478978770385,0.0024106491768681273,0.002292468709703717],[0.0024020817234143691,0.0025204890278717864,0.0025036011926986602,0.0024106667731565827,0.002292468709703717,0.0021743888267180241]],[[0.004113044065640583,0.0042317736859784072,0.0034011913964399122,0.0029521569887766331,0.0026981261358134988,0.0025797041755900463],[0.0042317736859784072,0.0042554936768442134,0.0035197531105362204,0.0030706382171139489,0.0028165566709766857,0.0026981261358134988],[0.0034011913964399122,0.0035197531105362204,0.003256978834128212,0.0029943230519683629,0.0027995730709273214,0.0026811760643676423],[0.0029521569887766331,0.0030706382171139489,0.0029943230519683629,0.002850338982901397,0.0027064733235269011,0.0025881344383325575],[0.0026981261358134988,0.0028165566709766857,0.0027995730709273214,0.0027064733235269011,0.0025880835435491594,0.0024698120846830458],[0.0025797041755900463,0.0026981261358134988,0.0026811760643676423,0.0025881344383325575,0.0024698120846830458,0.0023516080024924167]],[[0.0042910793744555514,0.004409736672484006,0.0035790138984012022,0.0031298755959161891,0.0028757799322295754,0.0027573461880855718],[0.004409736672484006,0.0044334032580676452,0.0036975515418080029,0.0032483535042873209,0.0029942209886451502,0.0028757799322295754],[0.0035790138984012022,0.0036975515418080029,0.0034347179477315537,0.0031720028459147906,0.002977207481524306,0.0028587886389438307],[0.0031298755959161891,0.0032483535042873209,0.0031720028459147906,0.0030279693659236036,0.002884054316020089,0.0027656748759042182],[0.0028757799322295754,0.0029942209886451502,0.002977207481524306,0.002884054316020089,0.0027656023452958009,0.0026472687425017002],[0.0027573461880855718,0.0028757799322295754,0.0028587886389438307,0.0027656748759042182,0.0026472687425017002,0.0025289809427020151]],[[0.004469031742807896,0.004587648480589861,0.0037568109082773229,0.0033075932144068522,0.003053449092302471,0.0029350048004625293],[0.004587648480589861,0.0046112835848440975,0.0038753377218486719,0.0034260728285181166,0.00317190023251197,0.003053449092302471],[0.0037568109082773229,0.0038753377218486719,0.0036124581679430881,0.0033496971094464055,0.0031548668326359542,0.0030364304561583877],[0.0033075932144068522,0.0034260728285181166,0.0033496971094464055,0.0032056275444925547,0.0030616764265964111,0.0029432673378429258],[0.003053449092302471,0.00317190023251197,0.0031548668326359542,0.0030616764265964111,0.0029431808438620181,0.0028248036628204269],[0.0029350048004625293,0.003053449092302471,0.0030364304561583877,0.0029432673378429258,0.0028248036628204269,0.0027064583649789569]],[[0.00464693984290557,0.00476553665608098,0.0039345987201935533,0.0034853162152485495,0.0032311334117793669,0.0031126789033913537],[0.00476553665608098,0.0047891544172876865,0.0040531235167563474,0.0036038011063255207,0.003349594747993131,0.0032311334117793669],[0.0039345987201935533,0.0040531235167563474,0.0037902059693137253,0.0035274069240380217,0.0033325479985858888,0.0032140965477586744],[0.0034853162152485495,0.0036038011063255207,0.0035274069240380217,0.0033833095792187061,0.0032393306964937996,0.0031208987616181609],[0.0032311334117793669,0.003349594747993131,0.0033325479985858888,0.0032393306964937996,0.0031208033376575626,0.0030023944060558762],[0.0031126789033913537,0.0032311334117793669,0.0032140965477586744,0.0031208987616181609,0.0030023944060558762,0.0028840084594251763]],[[0.0048248289180414829,0.0049434193590475375,0.0041123882715967666,0.0036630491926769745,0.0034088333129858018,0.0032903684147467215],[0.0049434193590475375,0.0049670289482719272,0.0042309170319344289,0.0037815419830697053,0.0035273052671951958,0.0034088333129858018],[0.0041123882715967666,0.0042309170319344289,0.0039679659792037887,0.0037051334380323432,0.0035102494181759179,0.00339178417368125],[0.0036630491926769745,0.0037815419830697053,0.0037051334380323432,0.0035610133520272303,0.0034170117421938326,0.0032985610907780658],[0.0034088333129858018,0.0035273052671951958,0.0035102494181759179,0.0034170117421938326,0.0032984600321521503,0.0031800267698249042],[0.0032903684147467215,0.0034088333129858018,0.00339178417368125,0.0032985610907780658,0.0031800267698249042,0.0030616108821340682]],[[0.0050027156598924667,0.0051213087696415681,0.0042901870760652314,0.0038407955862710141,0.0035865495749479843,0.0034680738282539562],[0.0051213087696415681,0.0051449161869770391,0.004408723972513756,0.0039592982846866258,0.0037050327481587494,0.0035865495749479843],[0.0042901870760652314,0.004408723972513756,0.0041457416505509687,0.00388287785155655,0.0036879705398115453,0.0035694920233594108],[0.0038407955862710141,0.0039592982846866258,0.00388287785155655,0.0037387379362109141,0.003594716510793725,0.00347624953025736],[0.0035865495749479843,0.0037050327481587494,0.0036879705398115453,0.003594716510793725,0.0034761449915933474,0.0033576919375890462],[0.0034680738282539562,0.0035865495749479843,0.0035694920233594108,0.00347624953025736,0.0033576919375890462,0.0032392527979747073]],[[0.0051806113141336183,0.0052992132615569936,0.00446800046375985,0.0040185580927927381,0.0037642831866687488,0.0036457959670015217],[0.0052992132615569936,0.0053228224830828277,0.0045865485176580885,0.0041370723158881189,0.0038827782880902053,0.0037642831866687488],[0.00446800046375985,0.0045865485176580885,0.0043235356957152,0.0040606414097799706,0.0038657114697492009,0.0037472197100820686],[0.0040185580927927381,0.0041370723158881189,0.0040606414097799706,0.003916483189176749,0.0037724434723605477,0.0036539614123697588],[0.0037642831866687488,0.0038827782880902053,0.0038657114697492009,0.0037724434723605477,0.0036538548019038526,0.0035353846124761032],[0.0036457959670015217,0.0037642831866687488,0.0037472197100820686,0.0036539614123697588,0.0035353846124761032,0.003416926282771876]],[[0.0053585236623850049,0.0054771387919607664,0.0046458323787383149,0.004196338938189088,0.00394203526806492,0.0038235358495552242],[0.0054771387919607664,0.0055007525033568261,0.0047643938833835369,0.0043148660568222107,0.0040605430772372537,0.00394203526806492],[0.0046458323787383149,0.0047643938833835369,0.004501350366846844,0.0042384254007496467,0.0040434727491025823,0.0039249674505785152],[0.004196338938189088,0.0043148660568222107,0.0042384254007496467,0.0040942494897578275,0.0039501920967964779,0.0038316954610352074],[0.00394203526806492,0.0040605430772372537,0.0040434727491025823,0.0039501920967964779,0.0038315876999006396,0.00371310179910282],[0.0038235358495552242,0.00394203526806492,0.0039249674505785152,0.0038316954610352074,0.00371310179910282,0.0035946266230712457]],[[0.005536458289729802,0.0056550897921619457,0.0048236858923271664,0.0043741400570986065,0.004119807028076931,0.0040012946179450422],[0.0056550897921619457,0.0056787098586777813,0.0049422626855955623,0.0044926812928691674,0.0042383283750963277,0.004119807028076931],[0.0048236858923271664,0.0049422626855955623,0.0046791876376119619,0.0044162311557515892,0.0042212552126789813,0.0041027358620129729],[0.0043741400570986065,0.0044926812928691674,0.0044162311557515892,0.0042720375693031587,0.0041279625157071339,0.0040094513152990428],[0.004119807028076931,0.0042383283750963277,0.0042212552126789813,0.0041279625157071339,0.0040093430075202772,0.0038908420103202731],[0.0040012946179450422,0.004119807028076931,0.0041027358620129729,0.0040094513152990428,0.0038908420103202731,0.0037723512063386876]],[[0.0057144193970461148,0.00583306973959948,0.0050015635343825283,0.0045519632114450681,0.0042975997432072406,0.0041790734996498937],[0.00583306973959948,0.0058566975075852751,0.0051201571748879567,0.0046705197005658169,0.0044161354989009005,0.0042975997432072406],[0.0050015635343825283,0.0051201571748879567,0.0048570493214933168,0.004594060051080171,0.004399059899943266,0.00428052583359547],[0.0045519632114450681,0.0046705197005658169,0.004594060051080171,0.0044498484035673837,0.0043057553044439853,0.0041872292214628374],[0.0042975997432072406,0.0044161354989009005,0.004399059899943266,0.0043057553044439853,0.0041871207651321459,0.0040686047519042463],[0.0041790734996498937,0.0042975997432072406,0.00428052583359547,0.0041872292214628374,0.0040686047519042463,0.0039500987983589623]],[[0.0058924103228119628,0.006011081526118422,0.005179467507663604,0.00472981006906545,0.0044754147472972272,0.0043568737882702623],[0.006011081526118422,0.0060347180167970391,0.0052980793889819047,0.0048483829048369181,0.00459396581887728,0.0044754147472972272],[0.005179467507663604,0.0052980793889819047,0.0050349371493067386,0.00477191351061015,0.0045768879992625364,0.0044583384457259909],[0.00472981006906545,0.0048483829048369181,0.00477191351061015,0.0046276831440072276,0.0044835713421462146,0.0043650298347455169],[0.0044754147472972272,0.00459396581887728,0.0045768879992625364,0.0044835713421462146,0.0043649214945867734,0.0042463901886792979],[0.0043568737882702623,0.0044754147472972272,0.0044583384457259909,0.0043650298347455169,0.0042463901886792979,0.004127869073918964]],[[0.0060704338792094232,0.0061891276958751604,0.005357399827141362,0.0049076822562007143,0.004653253427500708,0.0045346968344863649],[0.0061891276958751604,0.0062127737300990233,0.0054760312522533156,0.0050262725175172478,0.0047718207572461186,0.004653253427500708],[0.005357399827141362,0.0054760312522533156,0.0052128528204960752,0.0049497930088453638,0.0047547408134467166,0.0046361749194888833],[0.0049076822562007143,0.0050262725175172478,0.0049497930088453638,0.0048055430746191874,0.0046614117223810082,0.0045428540920416718],[0.004653253427500708,0.0047718207572461186,0.0047547408134467166,0.0046614117223810082,0.0045427460466943032,0.0044241989288804368],[0.0045346968344863649,0.004653253427500708,0.0046361749194888833,0.0045428540920416718,0.0044241989288804368,0.0043056623128369612]],[[0.0062484925693971453,0.0063672105997406884,0.0055353624110894631,0.0050855813929490522,0.0048311172236929541,0.0047125440426915317],[0.0063672105997406884,0.0063908668785099092,0.0056540146412700663,0.0052041901637146382,0.0049497017893176216,0.0048311172236929541],[0.0055353624110894631,0.0056540146412700663,0.00539079803758306,0.0051277000742722817,0.004932619738950361,0.0048140365855709466],[0.0050855813929490522,0.0052041901637146382,0.0051277000742722817,0.0049834295853393232,0.0048392776965984173,0.0047207031308037339],[0.0048311172236929541,0.0049497017893176216,0.004932619738950361,0.0048392776965984173,0.0047205955035951328,0.0046020318854688253],[0.0047125440426915317,0.0048311172236929541,0.0048140365855709466,0.0047207031308037339,0.0046020318854688253,0.0044834792037520442]],[[0.0064265887286801609,0.006545332496196629,0.0057133571412066,0.0052635091176502268,0.0050090076298041466,0.0048904168707770554],[0.006545332496196629,0.00656899965280467,0.0058320314285063846,0.00538213750030116,0.0051276104457789471,0.0050090076298041466],[0.0057133571412066,0.0058320314285063846,0.0055687745298124728,0.0053056362929302346,0.0051105262538653842,0.004991924865644282],[0.0052635091176502268,0.00538213750030116,0.0053056362929302346,0.0051613441561954047,0.0050171706388711327,0.0048985782378426195],[0.0050090076298041466,0.0051276104457789471,0.0051105262538653842,0.0050171706388711327,0.0048984711167961957,0.0047798901874835662],[0.0048904168707770554,0.0050090076298041466,0.004991924865644282,0.0048985782378426195,0.0047798901874835662,0.0046613207180538317]],[[0.0066047246169242384,0.0067234956179478148,0.00589138590286267,0.0054414671041092674,0.0051869261962553346,0.0050683168316880134],[0.0067234956179478148,0.0067471742519265264,0.0060100835120653548,0.0055601162293352048,0.0053055483156859784,0.0051869261962553346],[0.00589138590286267,0.0060100835120653548,0.0057467840698877028,0.0054836033121563833,0.0052884619115948581,0.0051698412617748194],[0.0054414671041092674,0.0055601162293352048,0.0054836033121563833,0.00533928834845551,0.0051950920244504825,0.0050764808175386405],[0.0051869261962553346,0.0053055483156859784,0.0052884619115948581,0.0051950920244504825,0.0050763742683763461,0.0049577751239088513],[0.0050683168316880134,0.0051869261962553346,0.0051698412617748194,0.0050764808175386405,0.0049577751239088513,0.00483918802942351]],[[0.0067829024797402765,0.0069017022165845151,0.0060694506126084758,0.0056194570742151648,0.0053648745330502545,0.0052462454959988662],[0.0069017022165845151,0.0069253929159768992,0.006188172836453682,0.0057381281082447147,0.0054835170498968491,0.0053648745330502545],[0.0060694506126084758,0.006188172836453682,0.0059248284863105656,0.0056616028444882839,0.005466428338220742,0.0053477873510217539],[0.0056194570742151648,0.0057381281082447147,0.0056616028444882839,0.005517263800347753,0.0053730434173057525,0.0052544123726576243],[0.0053648745330502545,0.0054835170498968491,0.005466428338220742,0.0053730434173057525,0.0052543064472496759,0.0051356881086692865],[0.0052462454959988662,0.0053648745330502545,0.0053477873510217539,0.0052544123726576243,0.0051356881086692865,0.0050170824630194864]],[[0.0069611245896827,0.007079954593217975,0.0062475532375480015,0.0057974808076231427,0.0055428543132859274,0.0054242044951020333],[0.007079954593217975,0.0071036579493718,0.0063663014076611266,0.0059161749579671359,0.0056615183648105081,0.0055428543132859274],[0.0062475532375480015,0.0063663014076611266,0.0061029096729504316,0.0058396366717212581,0.0056444272322973285,0.00552576478341946],[0.0057974808076231427,0.0059161749579671359,0.0058396366717212581,0.0056952722257874334,0.005551026463522739,0.00543237449336823],[0.0055428543132859274,0.0056615183648105081,0.0056444272322973285,0.005551026463522739,0.0054322692352280809,0.0053136306593617151],[0.0054242044951020333,0.0055428543132859274,0.00552576478341946,0.00543237449336823,0.0053136306593617151,0.0051950054639310567]],[[0.0071393932746862138,0.0072582551201834031,0.0064256958095388573,0.0059755401495917007,0.0057208672769560546,0.0056021955247934621],[0.0072582551201834031,0.0072819717377614768,0.0065444713046436806,0.0060942586698270263,0.005839554046339868,0.0057208672769560546],[0.0064256958095388573,0.0065444713046436806,0.006281029596894157,0.0060177066491241956,0.0058224603662597445,0.005703775282184278],[0.0059755401495917007,0.0060942586698270263,0.0060177066491241956,0.0058733154151044114,0.0057290428885437873,0.0056103688516136634],[0.0057208672769560546,0.005839554046339868,0.0058224603662597445,0.0057290428885437873,0.0056102642994779652,0.0054916043849320148],[0.0056021955247934621,0.0057208672769560546,0.005703775282184278,0.0056103688516136634,0.0054916043849320148,0.0053729585781649419]],[[0.0073177109383855384,0.0074366062570912078,0.0066038804361357312,0.0061536370176872891,0.0058989152349856033,0.0057802203491412567],[0.0074366062570912078,0.007460336761032433,0.0067226846885678595,0.0062723812116633,0.0060176259540880989,0.0058989152349856033],[0.0066038804361357312,0.0067226846885678595,0.0064591903052599658,0.0061958147098225037,0.006000529588932939,0.0058818206454107685],[0.0061536370176872891,0.0062723812116633,0.0061958147098225037,0.0060513952371250455,0.0059070944969494572,0.0057883971990006717],[0.0058989152349856033,0.0060176259540880989,0.006000529588932939,0.0059070944969494572,0.0057882933891697094,0.0056696109791946154],[0.0057802203491412567,0.0058989152349856033,0.0058818206454107685,0.0057883971990006717,0.0056696109791946154,0.00555094344179856]],[[0.00749608007530995,0.0076150105633405228,0.0067821093095148085,0.0063317734078235681,0.0060770000734676295,0.0059582808045817275],[0.0076150105633405228,0.0076387556038884858,0.0069009438106950689,0.0064505446335420529,0.0061957360257157736,0.0060770000734676295],[0.0067821093095148085,0.0069009438106950689,0.006637393931419858,0.0063739628693582732,0.0061786368288140724,0.0060599027487879369],[0.0063317734078235681,0.0064505446335420529,0.0063739628693582732,0.0062295136421954486,0.0060851831739454033,0.0059664613670221836],[0.0060770000734676295,0.0061957360257157736,0.0061786368288140724,0.0060851831739454033,0.005966358334898782,0.0058476522181893391],[0.0059582808045817275,0.0060770000734676295,0.0060599027487879369,0.0059664613670221836,0.0058476522181893391,0.0057289617754731721]],[[0.0076745032828811543,0.0077934707084616273,0.0069603847141823817,0.0065099513999442825,0.0062551237580933264,0.0061363788042183322],[0.0077934707084616273,0.00781723096498035,0.0070792510194781751,0.0066287510732783517,0.0063738862814989557,0.0062551237580933264],[0.0069603847141823817,0.0070792510194781751,0.0068156427009226856,0.0065521532304397391,0.00635678409792321,0.0062380235490390838],[0.0065099513999442825,0.0066287510732783517,0.0065521532304397391,0.0064076726658840576,0.00626331088801843,0.0061445632688517018],[0.0062551237580933264,0.0063738862814989557,0.00635678409792321,0.00626331088801843,0.0061444610499636013,0.0060257299600820916],[0.0061363788042183322,0.0062551237580933264,0.0062380235490390838,0.0061445632688517018,0.0060257299600820916,0.0059070153824023128]],[[0.0078529832714610247,0.007971989481171244,0.0071387090339890573,0.006688173163552265,0.006433288338775333,0.0063145163423151494],[0.007971989481171244,0.0079957656652124,0.007257608767242925,0.006807002761915008,0.006552078829083278,0.006433288338775333],[0.0071387090339890573,0.007257608767242925,0.0069939389373101981,0.0067303879878919158,0.0065349734960945633,0.0064161850878994113],[0.006688173163552265,0.006807002761915008,0.0067303879878919158,0.0065858744331983706,0.0064414796944196476,0.0063227049022223395],[0.006433288338775333,0.006552078829083278,0.0065349734960945633,0.0064414796944196476,0.0063226035329120925,0.0062038461467755004],[0.0063145163423151494,0.006433288338775333,0.0064161850878994113,0.0063227049022223395,0.0062038461467755004,0.0060851061487147626]],[[0.0080315228732571482,0.0081505697977169132,0.0073170847587923924,0.0068664409632232665,0.0066114959544716252,0.0064926954989875671],[0.0081505697977169132,0.0081743626556386086,0.0074360196167012017,0.0069853020292607645,0.0067303158684441332,0.0066114959544716252],[0.0073170847587923924,0.0074360196167012017,0.0071722850679564257,0.0069086694338221779,0.0067132072156315106,0.0065943894965160366],[0.0068664409632232665,0.0069853020292607645,0.0069086694338221779,0.0067641211632149855,0.0066196917392592194,0.0065008883530806886],[0.0066114959544716252,0.0067303158684441332,0.0067132072156315106,0.0066196917392592194,0.00650078787098244,0.0063820028066962067],[0.0064926954989875671,0.0066114959544716252,0.0065943894965160366,0.0065008883530806886,0.0063820028066962067,0.006263236045376]],[[0.0082101250506116177,0.0083292147098849769,0.0074955144909923917,0.0070447571641969291,0.0067897488382185961,0.0066709184450965235],[0.0083292147098849769,0.0083530250252169432,0.0076144862474589242,0.0071636513095574362,0.006908599697063326,0.0067897488382185961],[0.0074955144909923917,0.0076144862474589242,0.00735068363001822,0.0070869999630135084,0.0068914875462802328,0.0067726390002021044],[0.0070447571641969291,0.0071636513095574362,0.0070869999630135084,0.006942415174061598,0.0067979492640773149,0.006679115799819081],[0.0067897488382185961,0.006908599697063326,0.0068914875462802328,0.0067979492640773149,0.0066790162441995767,0.0065602020584172478],[0.0066709184450965235,0.0067897488382185961,0.0067726390002021044,0.006679115799819081,0.0065602020584172478,0.0064414071312012024]],[[0.0083887929040176723,0.0085079274129219416,0.0076740009520915595,0.0072231242381117335,0.0069680493223858676,0.0068491874473567971],[0.0085079274129219416,0.0085317560086038084,0.0077930114626306619,0.0073420531473276191,0.0070869327153354417,0.0069680493223858676],[0.0076740009520915595,0.0077930114626306619,0.00752913727656008,0.0072653820785597021,0.0070698168804981514,0.0069509359235040251],[0.0072231242381117335,0.0073420531473276191,0.0072653820785597021,0.0071207588882171453,0.0069762546108094181,0.0068573895179649463],[0.0069680493223858676,0.0070869327153354417,0.0070698168804981514,0.0069762546108094181,0.0068572909299789752,0.0067384461149006406],[0.0068491874473567971,0.0069680493223858676,0.0069509359235040251,0.0068573895179649463,0.0067384461149006406,0.0066196215566514012]],[[0.00856752968009208,0.0086867112535356419,0.0078525469893816879,0.0074015447689299739,0.007146399844164565,0.0070275048736706362],[0.0086867112535356419,0.00871055899411109,0.0079715981956379415,0.0075205102034404028,0.00726531743221661,0.007146399844164565],[0.0078525469893816879,0.0079715981956379415,0.0077076487828987746,0.0074438183977564359,0.00724819771900708,0.0071292826955631451],[0.0074015447689299739,0.0075205102034404028,0.0074438183977564359,0.0072991548381129874,0.0071546102270978029,0.0070357118852534713],[0.007146399844164565,0.00726531743221661,0.00724819771900708,0.0071546102270978029,0.00703561430814601,0.00691673728822489],[0.0070275048736706362,0.007146399844164565,0.0071292826955631451,0.0070357118852534713,0.00691673728822489,0.0067978815682161933]],[[0.0087463387796568974,0.0088655697380889877,0.00803115558283029,0.0075800214590908046,0.0073248029513036383,0.0072058731987006608],[0.0088655697380889877,0.0088894375319113865,0.0081502495172476163,0.0076990252614261177,0.007443756471130417,0.0073248029513036383],[0.00803115558283029,0.0081502495172476163,0.0078862210532034526,0.0076223116582633229,0.0074266326766298076,0.0073076818557621364],[0.0075800214590908046,0.0076990252614261177,0.0076223116582633229,0.0074776056720300193,0.007333018671923916,0.0072140853870417991],[0.0073248029513036383,0.007443756471130417,0.0074266326766298076,0.007333018671923916,0.0072139888663179733,0.0070950779947168661],[0.0072058731987006608,0.0073248029513036383,0.0073076818557621364,0.0072140853870417991,0.0070950779947168661,0.0069761895132635617]],[[0.0089252237660363328,0.0090445065410675336,0.0082098298522180653,0.0077585571359193427,0.0075032613081075228,0.0073842950096944622],[0.0090445065410675336,0.0090683953425540354,0.0083289686428921483,0.0078776012340648228,0.0076222525761449542,0.0075032613081075228],[0.0082098298522180653,0.0083289686428921483,0.0080648571273796311,0.0078008647245517851,0.0076051244884148749,0.0074861360596579123],[0.0077585571359193427,0.0078776012340648228,0.0078008647245517851,0.007656114160293331,0.0075114826215500084,0.007392512622042032],[0.0075032613081075228,0.0076222525761449542,0.0076051244884148749,0.0075114826215500084,0.0073924172056186186,0.0072734707604394707],[0.0073842950096944622,0.0075032613081075228,0.0074861360596579123,0.007392512622042032,0.0072734707604394707,0.0071545478452820846]],[[0.0091041883736435632,0.00922352551388078,0.0083885730645703333,0.0079371547583168486,0.0076817777017104969,0.0075627730125761641],[0.00922352551388078,0.0092474363258407636,0.0085077589403070118,0.0080562411702715664,0.0078008086184366892,0.0076817777017104969],[0.0083885730645703333,0.0085077589403070118,0.0082435601882627774,0.0079794805946550446,0.0077836760160584686,0.0076646480852062913],[0.0079371547583168486,0.0080562411702715664,0.0079794805946550446,0.0078346832017718252,0.0076900048757685959,0.0075709963083643982],[0.0076817777017104969,0.0078008086184366892,0.0077836760160584686,0.0076900048757685959,0.0075709020467116988,0.0074519182270094695],[0.0075627730125761641,0.0076817777017104969,0.0076646480852062913,0.0075709963083643982,0.0074519182270094695,0.0073329591294742551]],[[0.0092832365169139945,0.0094026306940413178,0.0085673886419115088,0.0081158174237537621,0.0078603550486430231,0.0077413100383198286],[0.0094026306940413178,0.0094265645700977712,0.0086866239375120568,0.0082349482622983521,0.0079794276030565933,0.0078603550486430231],[0.0085673886419115088,0.0086866239375120568,0.00842233356914279,0.00815816240723593,0.0079622902546347043,0.0078432208392873182],[0.0081158174237537621,0.0082349482622983521,0.00815816240723593,0.008013315830693174,0.0078685883644647667,0.0077495392898714027],[0.0078603550486430231,0.0079794276030565933,0.0079622902546347043,0.0078685883644647667,0.0077494462361512488,0.0076304231577359544],[0.0077413100383198286,0.0078603550486430231,0.0078432208392873182,0.0077495392898714027,0.0076304231577359544,0.0075114260486789756]],[[0.00946237229962874,0.009581826314761642,0.008746280169374232,0.0082945483755866526,0.0080389964017057829,0.0079199090496200521],[0.009581826314761642,0.0096057843618795064,0.00886556733116462,0.0084137258532736882,0.008158112676015206,0.0080389964017057829],[0.008746280169374232,0.00886556733116462,0.00860118076164217,0.0083369134489903809,0.00814097033964867,0.0080218573645451582],[0.0082945483755866526,0.0084137258532736882,0.0083369134489903809,0.0081920152237874942,0.0080472361545003025,0.0079281445428477631],[0.0080389964017057829,0.008158112676015206,0.00814097033964867,0.0080472361545003025,0.0079280527530518428,0.0078089884440769707],[0.0079199090496200521,0.0080389964017057829,0.0080218573645451582,0.0079281445428477631,0.0078089884440769707,0.007689951409615179]],[[0.00964160002466461,0.00976111681500029,0.0089252514036869419,0.0084733510107191847,0.0082177049571693656,0.0080985731478763583],[0.00976111681500029,0.009785100196133184,0.0090445929953075887,0.0085925774450992566,0.0083368671317041679,0.0082177049571693656],[0.0089252514036869419,0.0090445929953075887,0.00878010542396825,0.0085157371624040544,0.0083197195544270144,0.0082005608465543691],[0.0084733510107191847,0.0085925774450992566,0.0085157371624040544,0.00837078470777482,0.0082259514569321523,0.008106815182997237],[0.0082177049571693656,0.0083368671317041679,0.0083197195544270144,0.0082259514569321523,0.008106724716088063,0.0079876171124201676],[0.0080985731478763583,0.0082177049571693656,0.0082005608465543691,0.008106815182997237,0.0079876171124201676,0.0078685381494466126]],[[0.0098209242042048752,0.0099405068499880921,0.009104306282063471,0.0086522288876261025,0.008396484062314467,0.0082773055805083276],[0.0099405068499880921,0.0099645167868527579,0.00922370499053571,0.0087715067067230448,0.0085156944206708132,0.008396484062314467],[0.009104306282063471,0.00922370499053571,0.0089591113895602734,0.0086946371538804967,0.0084985413378632635,0.0083793346213314],[0.0086522288876261025,0.0087715067067230448,0.0086946371538804967,0.0085496277672127054,0.0084047376345798147,0.00828555447277911],[0.008396484062314467,0.0085156944206708132,0.0084985413378632635,0.0084047376345798147,0.0082854653908351,0.0081663123311969069],[0.0082773055805083276,0.008396484062314467,0.0083793346213314,0.00828555447277911,0.0081663123311969069,0.0080471893426743626]],[[0.010000349570437569,0.010120001302263938,0.0092834489315202825,0.0088311857347616058,0.0085753372233336629,0.0084561097486182679],[0.010120001302263938,0.010144039078251165,0.009402907573604782,0.008950517482810505,0.0086945981577661383,0.0085753372233336629],[0.0092834489315202825,0.009402907573604782,0.0091382026761536832,0.0088736172022607727,0.0086774392925354563,0.0085581821832054553],[0.0088311857347616058,0.008950517482810505,0.0088736172022607727,0.0087285480527222823,0.008583598209958028,0.0084643658290987252],[0.0085753372233336629,0.0086945981577661383,0.0086774392925354563,0.008583598209958028,0.0084642781974657629,0.00834507741834