{"M_cells":[[[0,0,0,0,0,0,0],[0,0,0,0,0,0,0],[0,0,0,0,0,0,0],[0,0,0,0,0,0,0],[0,0,0,0,0,0,0],[0,0,0,0,0,0,0],[0,0,0,0,0,0,0]],[[5.6709166839317443E-9,3.2752210003927753E-8,2.9139607509091463E-8,4.2628558129951605E-8,2.9139607509091463E-8,3.2752210003927753E-8,5.6709166839317443E-9],[3.2752210003927753E-8,1.3945543343289727E-7,1.2747704906451664E-7,1.8013551092930657E-7,1.2747704906451664E-7,1.3945543343289727E-7,3.2752210003927753E-8],[2.9139607509091463E-8,1.2747704906451664E-7,1.5649346643857878E-7,1.8566802056694682E-7,1.5649346643857878E-7,1.2747704906451664E-7,2.9139607509091463E-8],[4.2628558129951605E-8,1.8013551092930657E-7,1.8566802056694682E-7,2.449643839896579E-7,1.8566802056694682E-7,1.8013551092930657E-7,4.2628558129951605E-8],[2.9139607509091463E-8,1.2747704906451664E-7,1.5649346643857878E-7,1.8566802056694682E-7,1.5649346643857878E-7,1.2747704906451664E-7,2.9139607509091463E-8],[3.2752210003927753E-8,1.3945543343289727E-7,1.2747704906451664E-7,1.8013551092930657E-7,1.2747704906451664E-7,1.3945543343289727E-7,3.2752210003927753E-8],[5.6709166839317443E-9,3.2752210003927753E-8,2.9139607509091463E-8,4.2628558129951605E-8,2.9139607509091463E-8,3.2752210003927753E-8,5.6709166839317452E-9]],[[3.9781212021028353E-8,1.3081661926878321E-7,1.188142806569788E-7,1.655841599995807E-7,1.188142806569788E-7,1.3081661926878321E-7,3.9781212021028353E-8],[1.3081661926878321E-7,3.4344598729894114E-7,3.1987043566785674E-7,4.2891521169444605E-7,3.1987043566785674E-7,3.4344598729894114E-7,1.3081661926878321E-7],[1.188142806569788E-7,3.1987043566785674E-7,3.7883056370519785E-7,4.3800302034011478E-7,3.7883056370519785E-7,3.1987043566785674E-7,1.188142806569788E-7],[1.655841599995807E-7,4.2891521169444605E-7,4.3800302034011478E-7,5.5606071144461856E-7,4.3800302034011478E-7,4.2891521169444605E-7,1.655841599995807E-7],[1.188142806569788E-7,3.1987043566785674E-7,3.7883056370519785E-7,4.3800302034011478E-7,3.7883056370519785E-7,3.1987043566785674E-7,1.188142806569788E-7],[1.3081661926878321E-7,3.4344598729894114E-7,3.1987043566785674E-7,4.2891521169444605E-7,3.1987043566785674E-7,3.4344598729894114E-7,1.3081661926878321E-7],[3.9781212021028353E-8,1.3081661926878321E-7,1.188142806569788E-7,1.655841599995807E-7,1.188142806569788E-7,1.3081661926878321E-7,3.9781212021028353E-8]],[[1.1882886729654567E-7,2.9364591869055933E-7,2.7080247510390447E-7,3.6294147553657806E-7,2.7080247510390447E-7,2.9364591869055933E-7,1.1882886729654567E-7],[2.9364591869055933E-7,6.1137149165974338E-7,5.7658718402648567E-7,7.4410824659370122E-7,5.7658718402648567E-7,6.1137149165974338E-7,2.9364591869055933E-7],[2.7080247510390447E-7,5.7658718402648567E-7,6.6584943521473239E-7,7.5537762825991762E-7,6.6584943521473239E-7,5.7658718402648567E-7,2.7080247510390447E-7],[3.6294147553657806E-7,7.4410824659370122E-7,7.5537762825991762E-7,9.3158770082173606E-7,7.5537762825991762E-7,7.4410824659370122E-7,3.6294147553657806E-7],[2.7080247510390447E-7,5.7658718402648567E-7,6.6584943521473239E-7,7.5537762825991762E-7,6.6584943521473239E-7,5.7658718402648567E-7,2.7080247510390447E-7],[2.9364591869055933E-7,6.1137149165974338E-7,5.7658718402648567E-7,7.4410824659370122E-7,5.7658718402648567E-7,6.1137149165974338E-7,2.9364591869055939E-7],[1.1882886729654567E-7,2.9364591869055933E-7,2.7080247510390447E-7,3.6294147553657806E-7,2.7080247510390447E-7,2.9364591869055939E-7,1.1882886729654567E-7]],[[2.5163570532442625E-7,5.2074345759722677E-7,4.8590505375342023E-7,6.3071600920433262E-7,4.8590505375342023E-7,5.2074345759722677E-7,2.5163570532442625E-7],[5.2074345759722677E-7,9.4277983069568118E-7,8.9718569844648352E-7,1.1242825936515814E-6,8.9718569844648352E-7,9.4277983069568118E-7,5.2074345759722677E-7],[4.8590505375342023E-7,8.9718569844648352E-7,1.0168653959290411E-6,1.1368640872970391E-6,1.0168653959290411E-6,8.9718569844648352E-7,4.8590505375342023E-7],[6.3071600920433262E-7,1.1242825936515814E-6,1.1368640872970391E-6,1.3706345303618421E-6,1.1368640872970391E-6,1.1242825936515814E-6,6.3071600920433262E-7],[4.8590505375342023E-7,8.9718569844648352E-7,1.0168653959290411E-6,1.1368640872970391E-6,1.0168653959290411E-6,8.9718569844648363E-7,4.8590505375342023E-7],[5.2074345759722677E-7,9.4277983069568118E-7,8.9718569844648352E-7,1.1242825936515814E-6,8.9718569844648363E-7,9.4277983069568128E-7,5.2074345759722677E-7],[2.5163570532442625E-7,5.2074345759722677E-7,4.8590505375342023E-7,6.3071600920433262E-7,4.8590505375342023E-7,5.2074345759722677E-7,2.516357053244263E-7]],[[4.4282334153470711E-7,8.1162595792317975E-7,7.6434324231910292E-7,9.6615534830483252E-7,7.6434324231910292E-7,8.1162595792317975E-7,4.4282334153470711E-7],[8.1162595792317975E-7,1.3371922932432092E-6,1.2811550474887543E-6,1.5683106040989296E-6,1.2811550474887543E-6,1.3371922932432092E-6,8.1162595792317975E-7],[7.6434324231910292E-7,1.2811550474887543E-6,1.4312182447788729E-6,1.5816529493799874E-6,1.4312182447788729E-6,1.2811550474887543E-6,7.6434324231910292E-7],[9.6615534830483252E-7,1.5683106040989296E-6,1.5816529493799874E-6,1.8724100945687867E-6,1.5816529493799874E-6,1.5683106040989296E-6,9.6615534830483252E-7],[7.6434324231910292E-7,1.2811550474887543E-6,1.4312182447788729E-6,1.5816529493799874E-6,1.4312182447788729E-6,1.2811550474887543E-6,7.6434324231910292E-7],[8.1162595792317975E-7,1.3371922932432092E-6,1.2811550474887543E-6,1.5683106040989296E-6,1.2811550474887543E-6,1.337192293243209E-6,8.1162595792317954E-7],[4.4282334153470711E-7,8.1162595792317975E-7,7.6434324231910292E-7,9.6615534830483252E-7,7.6434324231910292E-7,8.1162595792317954E-7,4.4282334153470711E-7]],[[6.9470996901675966E-7,1.1658083625787329E-6,1.1059992797425234E-6,1.3672940841018019E-6,1.1059992797425234E-6,1.1658083625787329E-6,6.9470996901675966E-7],[1.1658083625787329E-6,1.794114769336325E-6,1.7279538212630686E-6,2.0752687150688566E-6,1.7279538212630686E-6,1.794114769336325E-6,1.1658083625787329E-6],[1.1059992797425234E-6,1.7279538212630686E-6,1.90827615428438E-6,2.0890219936731226E-6,1.90827615428438E-6,1.7279538212630684E-6,1.1059992797425234E-6],[1.3672940841018019E-6,2.0752687150688566E-6,2.0890219936731226E-6,2.4362112601530049E-6,2.0890219936731221E-6,2.0752687150688561E-6,1.3672940841018019E-6],[1.1059992797425234E-6,1.7279538212630686E-6,1.90827615428438E-6,2.0890219936731221E-6,1.90827615428438E-6,1.7279538212630684E-6,1.1059992797425232E-6],[1.1658083625787329E-6,1.794114769336325E-6,1.7279538212630684E-6,2.0752687150688561E-6,1.7279538212630684E-6,1.7941147693363248E-6,1.1658083625787327E-6],[6.9470996901675966E-7,1.1658083625787329E-6,1.1059992797425234E-6,1.3672940841018019E-6,1.1059992797425232E-6,1.1658083625787327E-6,6.9470996901675945E-7]],[[1.0083476027147343E-6,1.5827999921316938E-6,1.5105616759766177E-6,1.8326737687118795E-6,1.5105616759766177E-6,1.5827999921316938E-6,1.0083476027147343E-6],[1.5827999921316938E-6,2.3130466582650533E-6,2.2370327153601246E-6,2.6443729520315712E-6,2.2370327153601246E-6,2.3130466582650533E-6,1.5827999921316938E-6],[1.5105616759766177E-6,2.2370327153601246E-6,2.4474363558649184E-6,2.65831501141613E-6,2.4474363558649184E-6,2.2370327153601246E-6,1.5105616759766177E-6],[1.8326737687118795E-6,2.6443729520315712E-6,2.65831501141613E-6,3.0614011842834948E-6,2.6583150114161295E-6,2.6443729520315712E-6,1.8326737687118795E-6],[1.5105616759766177E-6,2.2370327153601246E-6,2.4474363558649184E-6,2.6583150114161295E-6,2.447436355864918E-6,2.2370327153601246E-6,1.5105616759766175E-6],[1.5827999921316938E-6,2.3130466582650533E-6,2.2370327153601246E-6,2.6443729520315712E-6,2.2370327153601246E-6,2.3130466582650533E-6,1.5827999921316938E-6],[1.0083476027147343E-6,1.5827999921316938E-6,1.5105616759766177E-6,1.8326737687118795E-6,1.5105616759766175E-6,1.5827999921316938E-6,1.0083476027147341E-6]],[[1.3840910501693004E-6,2.062105914100241E-6,1.9776125252224481E-6,2.3611661415495014E-6,1.9776125252224481E-6,2.062105914100241E-6,1.3840910501693004E-6],[2.062105914100241E-6,2.8934876684132725E-6,2.8078474030037843E-6,3.2749371889488327E-6,2.8078474030037843E-6,2.8934876684132725E-6,2.062105914100241E-6],[1.9776125252224481E-6,2.8078474030037843E-6,3.0481242696876615E-6,3.2889271926229944E-6,3.0481242696876615E-6,2.8078474030037838E-6,1.9776125252224481E-6],[2.3611661415495014E-6,3.2749371889488327E-6,3.2889271926229944E-6,3.7473943772970953E-6,3.2889271926229944E-6,3.2749371889488323E-6,2.3611661415495014E-6],[1.9776125252224481E-6,2.8078474030037843E-6,3.0481242696876615E-6,3.2889271926229944E-6,3.0481242696876615E-6,2.8078474030037838E-6,1.9776125252224481E-6],[2.062105914100241E-6,2.8934876684132725E-6,2.8078474030037838E-6,3.2749371889488323E-6,2.8078474030037838E-6,2.8934876684132725E-6,2.062105914100241E-6],[1.3840910501693004E-6,2.062105914100241E-6,1.9776125252224481E-6,2.3611661415495014E-6,1.9776125252224481E-6,2.062105914100241E-6,1.3840910501693004E-6]],[[1.8219113630446072E-6,2.6032303021452915E-6,2.5066796912059126E-6,2.9518611200917185E-6,2.5066796912059126E-6,2.6032303021452915E-6,1.8219113630446072E-6],[2.6032303021452915E-6,3.5349428341351445E-6,3.4398656466831765E-6,3.9663459344004852E-6,3.4398656466831765E-6,3.5349428341351445E-6,2.6032303021452915E-6],[2.5066796912059126E-6,3.4398656466831765E-6,3.7097919738932518E-6,3.980294952588478E-6,3.7097919738932522E-6,3.4398656466831765E-6,2.5066796912059126E-6],[2.9518611200917185E-6,3.9663459344004852E-6,3.980294952588478E-6,4.4936463084536271E-6,3.9802949525884788E-6,3.9663459344004852E-6,2.9518611200917185E-6],[2.5066796912059126E-6,3.4398656466831765E-6,3.7097919738932522E-6,3.9802949525884788E-6,3.7097919738932522E-6,3.4398656466831765E-6,2.5066796912059126E-6],[2.6032303021452915E-6,3.5349428341351445E-6,3.4398656466831765E-6,3.9663459344004852E-6,3.4398656466831765E-6,3.5349428341351445E-6,2.6032303021452915E-6],[1.8219113630446072E-6,2.6032303021452915E-6,2.5066796912059126E-6,2.9518611200917185E-6,2.5066796912059126E-6,2.6032303021452915E-6,1.8219113630446072E-6]],[[2.3215695113262169E-6,3.2056801717190037E-6,3.09726774782681E-6,3.6039955080332375E-6,3.09726774782681E-6,3.2056801717190037E-6,2.3215695113262169E-6],[3.2056801717190037E-6,4.2369260995504265E-6,4.1325710201030529E-6,4.7180364279227531E-6,4.1325710201030529E-6,4.2369260995504265E-6,3.2056801717190037E-6],[3.09726774782681E-6,4.1325710201030529E-6,4.4319164794748662E-6,4.7318887596525931E-6,4.4319164794748662E-6,4.1325710201030529E-6,3.09726774782681E-6],[3.6039955080332375E-6,4.7180364279227531E-6,4.7318887596525931E-6,5.2996460871192716E-6,4.7318887596525931E-6,4.7180364279227531E-6,3.6039955080332375E-6],[3.09726774782681E-6,4.1325710201030529E-6,4.4319164794748662E-6,4.7318887596525931E-6,4.4319164794748662E-6,4.1325710201030529E-6,3.09726774782681E-6],[3.2056801717190037E-6,4.2369260995504265E-6,4.1325710201030529E-6,4.7180364279227531E-6,4.1325710201030529E-6,4.2369260995504265E-6,3.2056801717190037E-6],[2.3215695113262169E-6,3.2056801717190037E-6,3.09726774782681E-6,3.6039955080332375E-6,3.09726774782681E-6,3.2056801717190037E-6,2.3215695113262169E-6]],[[2.8827133107284845E-6,3.8689687578407706E-6,3.7488761095466296E-6,4.3169073734808476E-6,3.7488761095466296E-6,3.8689687578407706E-6,2.8827133107284845E-6],[3.8689687578407706E-6,4.9989627889306758E-6,4.8854646566115813E-6,5.5294867304613976E-6,4.8854646566115813E-6,4.9989627889306758E-6,3.8689687578407706E-6],[3.7488761095466296E-6,4.8854646566115813E-6,5.2139980380554149E-6,5.5432080024079181E-6,5.2139980380554149E-6,4.8854646566115813E-6,3.7488761095466296E-6],[4.3169073734808476E-6,5.5294867304613976E-6,5.5432080024079181E-6,6.1649112361382482E-6,5.5432080024079181E-6,5.5294867304613976E-6,4.3169073734808476E-6],[3.7488761095466296E-6,4.8854646566115813E-6,5.2139980380554149E-6,5.5432080024079181E-6,5.2139980380554149E-6,4.8854646566115813E-6,3.7488761095466296E-6],[3.8689687578407706E-6,4.9989627889306758E-6,4.8854646566115813E-6,5.5294867304613976E-6,4.8854646566115813E-6,4.9989627889306758E-6,3.8689687578407706E-6],[2.8827133107284845E-6,3.8689687578407706E-6,3.7488761095466296E-6,4.3169073734808476E-6,3.7488761095466296E-6,3.8689687578407706E-6,2.8827133107284845E-6]],[[3.5049319900055365E-6,4.5926182637131312E-6,4.4610094658577412E-6,5.0900066604528776E-6,4.4610094658577412E-6,4.5926182637131312E-6,3.5049319900055365E-6],[4.5926182637131312E-6,5.820591232869178E-6,5.69806586508579E-6,6.4002076925730852E-6,5.6980658650857908E-6,5.8205912328691788E-6,4.5926182637131312E-6],[4.4610094658577412E-6,5.69806586508579E-6,6.0555585798856194E-6,6.4137772499375531E-6,6.05555857988562E-6,5.6980658650857908E-6,4.4610094658577421E-6],[5.0900066604528776E-6,6.4002076925730852E-6,6.4137772499375531E-6,7.0889838951963693E-6,6.4137772499375539E-6,6.4002076925730861E-6,5.0900066604528776E-6],[4.4610094658577412E-6,5.6980658650857908E-6,6.05555857988562E-6,6.4137772499375539E-6,6.05555857988562E-6,5.6980658650857908E-6,4.4610094658577421E-6],[4.5926182637131312E-6,5.8205912328691788E-6,5.6980658650857908E-6,6.4002076925730861E-6,5.6980658650857908E-6,5.8205912328691788E-6,4.5926182637131312E-6],[3.5049319900055365E-6,4.5926182637131312E-6,4.4610094658577421E-6,5.0900066604528776E-6,4.4610094658577421E-6,4.5926182637131312E-6,3.5049319900055365E-6]],[[4.1877872109159864E-6,5.3761619391362736E-6,5.2331836138422056E-6,5.9227561008424986E-6,5.2331836138422056E-6,5.3761619391362736E-6,4.1877872109159864E-6],[5.3761619391362736E-6,6.701363765865636E-6,6.569912108717341E-6,7.3297374437932428E-6,6.569912108717341E-6,6.701363765865636E-6,5.3761619391362736E-6],[5.2331836138422056E-6,6.569912108717341E-6,6.956140311301235E-6,7.3431434680778378E-6,6.9561403113012358E-6,6.569912108717341E-6,5.2331836138422064E-6],[5.9227561008424986E-6,7.3297374437932428E-6,7.3431434680778378E-6,8.0714280055071273E-6,7.3431434680778378E-6,7.3297374437932428E-6,5.9227561008424986E-6],[5.2331836138422056E-6,6.569912108717341E-6,6.9561403113012358E-6,7.3431434680778378E-6,6.9561403113012358E-6,6.569912108717341E-6,5.2331836138422064E-6],[5.3761619391362736E-6,6.701363765865636E-6,6.569912108717341E-6,7.3297374437932428E-6,6.569912108717341E-6,6.701363765865636E-6,5.3761619391362736E-6],[4.1877872109159864E-6,5.3761619391362736E-6,5.2331836138422064E-6,5.9227561008424986E-6,5.2331836138422064E-6,5.3761619391362736E-6,4.1877872109159864E-6]],[[4.9308308759212209E-6,6.21914555091383E-6,6.0649285551022077E-6,6.81465868633765E-6,6.0649285551022077E-6,6.21914555091383E-6,4.9308308759212209E-6],[6.21914555091383E-6,7.6408472620028269E-6,7.5005586351424208E-6,8.317637529035167E-6,7.5005586351424208E-6,7.6408472620028269E-6,6.21914555091383E-6],[6.0649285551022077E-6,7.5005586351424208E-6,7.9153044670481831E-6,8.33087389406072E-6,7.9153044670481831E-6,7.5005586351424208E-6,6.0649285551022077E-6],[6.81465868633765E-6,8.317637529035167E-6,8.33087389406072E-6,9.111827169467139E-6,8.33087389406072E-6,8.317637529035167E-6,6.81465868633765E-6],[6.0649285551022077E-6,7.5005586351424208E-6,7.9153044670481831E-6,8.33087389406072E-6,7.9153044670481831E-6,7.5005586351424208E-6,6.0649285551022077E-6],[6.21914555091383E-6,7.6408472620028269E-6,7.5005586351424208E-6,8.317637529035167E-6,7.5005586351424208E-6,7.6408472620028269E-6,6.21914555091383E-6],[4.9308308759212209E-6,6.21914555091383E-6,6.0649285551022077E-6,6.81465868633765E-6,6.0649285551022077E-6,6.21914555091383E-6,4.9308308759212209E-6]],[[5.7336154344201837E-6,7.1211283438210133E-6,6.955789978384078E-6,7.7652493341991741E-6,6.955789978384078E-6,7.1211283438210133E-6,5.7336154344201837E-6],[7.1211283438210133E-6,8.6386233337018164E-6,8.4895779225663967E-6,9.36349012484685E-6,8.4895779225663967E-6,8.6386233337018164E-6,7.1211283438210133E-6],[6.955789978384078E-6,8.4895779225663967E-6,8.9326301973387124E-6,9.3765543646031825E-6,8.9326301973387124E-6,8.4895779225663967E-6,6.955789978384078E-6],[7.7652493341991741E-6,9.36349012484685E-6,9.3765543646031825E-6,1.0209782973676368E-5,9.3765543646031825E-6,9.36349012484685E-6,7.7652493341991741E-6],[6.955789978384078E-6,8.4895779225663967E-6,8.9326301973387124E-6,9.3765543646031825E-6,8.9326301973387124E-6,8.4895779225663967E-6,6.955789978384078E-6],[7.1211283438210133E-6,8.6386233337018164E-6,8.4895779225663967E-6,9.36349012484685E-6,8.4895779225663967E-6,8.6386233337018181E-6,7.1211283438210141E-6],[5.7336154344201837E-6,7.1211283438210133E-6,6.955789978384078E-6,7.7652493341991741E-6,6.955789978384078E-6,7.1211283438210141E-6,5.7336154344201837E-6]],[[6.59569986771412E-6,8.0816835937352214E-6,7.9053297977719739E-6,8.7740892440700309E-6,7.9053297977719739E-6,8.0816835937352214E-6,6.59569986771412E-6],[8.0816835937352214E-6,9.69428828420058E-6,9.5365590323027253E-6,1.0466895963665497E-5,9.5365590323027253E-6,9.69428828420058E-6,8.0816835937352214E-6],[7.9053297977719739E-6,9.5365590323027253E-6,1.0007713563008624E-5,1.0479787953760835E-5,1.0007713563008624E-5,9.5365590323027253E-6,7.9053297977719739E-6],[8.7740892440700309E-6,1.0466895963665497E-5,1.0479787953760835E-5,1.1364913626241456E-5,1.0479787953760835E-5,1.0466895963665497E-5,8.7740892440700309E-6],[7.9053297977719739E-6,9.5365590323027253E-6,1.0007713563008624E-5,1.0479787953760835E-5,1.0007713563008624E-5,9.5365590323027253E-6,7.9053297977719739E-6],[8.0816835937352214E-6,9.69428828420058E-6,9.5365590323027253E-6,1.0466895963665497E-5,9.5365590323027253E-6,9.69428828420058E-6,8.0816835937352214E-6],[6.59569986771412E-6,8.0816835937352214E-6,7.9053297977719739E-6,8.7740892440700309E-6,7.9053297977719739E-6,8.0816835937352214E-6,6.59569986771412E-6]],[[7.516653141186834E-6,9.100398842313093E-6,8.9131261428674672E-6,9.84076198595733E-6,8.9131261428674672E-6,9.100398842313093E-6,7.516653141186834E-6],[9.100398842313093E-6,1.0807452876243876E-5,1.0641106912930571E-5,1.1627472717807619E-5,1.0641106912930571E-5,1.0807452876243876E-5,9.100398842313093E-6],[8.9131261428674672E-6,1.0641106912930571E-5,1.1140166609293929E-5,1.1640193816376243E-5,1.1140166609293929E-5,1.0641106912930571E-5,8.9131261428674672E-6],[9.84076198595733E-6,1.1627472717807619E-5,1.1640193816376243E-5,1.2576852799362738E-5,1.1640193816376243E-5,1.1627472717807619E-5,9.84076198595733E-6],[8.9131261428674672E-6,1.0641106912930571E-5,1.1140166609293929E-5,1.1640193816376243E-5,1.1140166609293929E-5,1.0641106912930571E-5,8.9131261428674672E-6],[9.100398842313093E-6,1.0807452876243876E-5,1.0641106912930571E-5,1.1627472717807619E-5,1.0641106912930571E-5,1.0807452876243876E-5,9.100398842313093E-6],[7.516653141186834E-6,9.100398842313093E-6,8.9131261428674672E-6,9.84076198595733E-6,8.9131261428674672E-6,9.100398842313093E-6,7.516653141186834E-6]],[[8.49605614115732E-6,1.0176875884340038E-5,9.9787730312930524E-6,1.0964870700922778E-5,9.9787730312930524E-6,1.0176875884340038E-5,8.49605614115732E-6],[1.0176875884340038E-5,1.1977741955660929E-5,1.1802841672291655E-5,1.2844853671548035E-5,1.1802841672291655E-5,1.1977741955660929E-5,1.0176875884340038E-5],[9.9787730312930524E-6,1.1802841672291655E-5,1.2329616486118216E-5,1.2857406156681064E-5,1.2329616486118216E-5,1.1802841672291655E-5,9.9787730312930524E-6],[1.0964870700922778E-5,1.2844853671548035E-5,1.2857406156681064E-5,1.3845248591751014E-5,1.2857406156681064E-5,1.2844853671548035E-5,1.0964870700922778E-5],[9.9787730312930524E-6,1.1802841672291655E-5,1.2329616486118216E-5,1.2857406156681064E-5,1.2329616486118216E-5,1.1802841672291655E-5,9.9787730312930524E-6],[1.0176875884340038E-5,1.1977741955660929E-5,1.1802841672291655E-5,1.2844853671548035E-5,1.1802841672291655E-5,1.1977741955660929E-5,1.0176875884340038E-5],[8.49605614115732E-6,1.0176875884340038E-5,9.9787730312930524E-6,1.0964870700922778E-5,9.9787730312930524E-6,1.0176875884340038E-5,8.49605614115732E-6]],[[9.5335026819232559E-6,1.1310730558708331E-5,1.1101879851845238E-5,1.2146036009548489E-5,1.1101879851845238E-5,1.1310730558708331E-5,9.5335026819232559E-6],[1.1310730558708331E-5,1.3204793946714089E-5,1.3021397812424296E-5,1.4118686554091565E-5,1.3021397812424296E-5,1.3204793946714089E-5,1.1310730558708331E-5],[1.1101879851845238E-5,1.3021397812424296E-5,1.3575704577750665E-5,1.4131073252668E-5,1.3575704577750665E-5,1.3021397812424296E-5,1.1101879851845238E-5],[1.2146036009548489E-5,1.4118686554091565E-5,1.4131073252668E-5,1.5169762535335691E-5,1.4131073252668E-5,1.4118686554091565E-5,1.2146036009548489E-5],[1.1101879851845238E-5,1.3021397812424296E-5,1.3575704577750665E-5,1.4131073252668E-5,1.3575704577750665E-5,1.3021397812424296E-5,1.1101879851845238E-5],[1.1310730558708331E-5,1.3204793946714089E-5,1.3021397812424296E-5,1.4118686554091565E-5,1.3021397812424296E-5,1.3204793946714089E-5,1.1310730558708331E-5],[9.5335026819232559E-6,1.1310730558708331E-5,1.1101879851845238E-5,1.2146036009548489E-5,1.1101879851845238E-5,1.1310730558708331E-5,9.5335026819232559E-6]],[[1.0628599922137123E-5,1.2501592372909864E-5,1.2282070721721943E-5,1.3383894354249176E-5,1.2282070721721943E-5,1.2501592372909864E-5,1.0628599922137123E-5],[1.2501592372909864E-5,1.4488260213254306E-5,1.4296423403023366E-5,1.5448632426430054E-5,1.4296423403023366E-5,1.4488260213254306E-5,1.2501592372909864E-5],[1.2282070721721943E-5,1.4296423403023366E-5,1.4878085594427896E-5,1.5460856465818586E-5,1.4878085594427896E-5,1.4296423403023366E-5,1.2282070721721943E-5],[1.3383894354249176E-5,1.5448632426430054E-5,1.5460856465818586E-5,1.6550068567142851E-5,1.5460856465818586E-5,1.5448632426430054E-5,1.3383894354249176E-5],[1.2282070721721943E-5,1.4296423403023366E-5,1.4878085594427896E-5,1.5460856465818586E-5,1.4878085594427896E-5,1.4296423403023366E-5,1.2282070721721943E-5],[1.2501592372909864E-5,1.4488260213254306E-5,1.4296423403023366E-5,1.5448632426430054E-5,1.4296423403023366E-5,1.4488260213254306E-5,1.2501592372909864E-5],[1.0628599922137123E-5,1.2501592372909864E-5,1.2282070721721943E-5,1.3383894354249176E-5,1.2282070721721943E-5,1.2501592372909864E-5,1.0628599922137123E-5]],[[1.1780968384520261E-5,1.3749103967832668E-5,1.3518983735995123E-5,1.4678096577019042E-5,1.3518983735995123E-5,1.3749103967832668E-5,1.1780968384520261E-5],[1.3749103967832668E-5,1.5827804251394461E-5,1.5627579145185013E-5,1.6834364513337441E-5,1.5627579145185013E-5,1.5827804251394461E-5,1.3749103967832668E-5],[1.3518983735995123E-5,1.5627579145185013E-5,1.6236426558924791E-5,1.6846429150376118E-5,1.6236426558924791E-5,1.5627579145185013E-5,1.3518983735995123E-5],[1.4678096577019042E-5,1.6834364513337441E-5,1.6846429150376118E-5,1.7985851866968409E-5,1.6846429150376118E-5,1.6834364513337441E-5,1.4678096577019042E-5],[1.3518983735995123E-5,1.5627579145185013E-5,1.6236426558924791E-5,1.6846429150376118E-5,1.6236426558924791E-5,1.5627579145185013E-5,1.3518983735995123E-5],[1.3749103967832668E-5,1.5827804251394461E-5,1.5627579145185013E-5,1.6834364513337441E-5,1.5627579145185013E-5,1.5827804251394461E-5,1.3749103967832668E-5],[1.1780968384520261E-5,1.3749103967832668E-5,1.3518983735995123E-5,1.4678096577019042E-5,1.3518983735995123E-5,1.3749103967832668E-5,1.1780968384520261E-5]],[[1.2990241681705821E-5,1.5052920401300045E-5,1.4812270089302081E-5,1.6028306568684423E-5,1.4812270089302081E-5,1.5052920401300045E-5,1.2990241681705821E-5],[1.5052920401300045E-5,1.7223100638522426E-5,1.7014537241474774E-5,1.8275566844618668E-5,1.7014537241474774E-5,1.7223100638522426E-5,1.5052920401300045E-5],[1.4812270089302081E-5,1.7014537241474774E-5,1.7650405585112098E-5,1.8287475340161349E-5,1.7650405585112098E-5,1.7014537241474774E-5,1.4812270089302081E-5],[1.6028306568684423E-5,1.8275566844618668E-5,1.8287475340161349E-5,1.9476807416431259E-5,1.8287475340161349E-5,1.8275566844618668E-5,1.6028306568684423E-5],[1.4812270089302081E-5,1.7014537241474774E-5,1.7650405585112098E-5,1.8287475340161349E-5,1.7650405585112098E-5,1.7014537241474774E-5,1.4812270089302081E-5],[1.5052920401300045E-5,1.7223100638522426E-5,1.7014537241474774E-5,1.8275566844618668E-5,1.7014537241474774E-5,1.7223100638522426E-5,1.5052920401300045E-5],[1.2990241681705821E-5,1.5052920401300045E-5,1.4812270089302081E-5,1.6028306568684423E-5,1.4812270089302081E-5,1.5052920401300045E-5,1.2990241681705821E-5]],[[1.4256065985615486E-5,1.6412708188971348E-5,1.6161593007321074E-5,1.7434199823686687E-5,1.6161593007321074E-5,1.6412708188971348E-5,1.4256065985615486E-5],[1.6412708188971348E-5,1.8673833597727838E-5,1.8456979928766686E-5,1.977193250578419E-5,1.8456979928766686E-5,1.8673833597727838E-5,1.6412708188971348E-5],[1.6161593007321074E-5,1.8456979928766686E-5,1.9119710280559047E-5,1.978368802052767E-5,1.9119710280559047E-5,1.8456979928766686E-5,1.6161593007321074E-5],[1.7434199823686687E-5,1.977193250578419E-5,1.978368802052767E-5,2.1022638048556148E-5,1.978368802052767E-5,1.977193250578419E-5,1.7434199823686687E-5],[1.6161593007321074E-5,1.8456979928766686E-5,1.9119710280559047E-5,1.978368802052767E-5,1.9119710280559047E-5,1.8456979928766686E-5,1.6161593007321074E-5],[1.6412708188971348E-5,1.8673833597727838E-5,1.8456979928766686E-5,1.977193250578419E-5,1.8456979928766686E-5,1.8673833597727838E-5,1.6412708188971348E-5],[1.4256065985615486E-5,1.6412708188971348E-5,1.6161593007321074E-5,1.7434199823686687E-5,1.6161593007321074E-5,1.6412708188971348E-5,1.4256065985615486E-5]],[[1.557809921886157E-5,1.7828143978719188E-5,1.7566626365290809E-5,1.8895461690033441E-5,1.7566626365290809E-5,1.7828143978719188E-5,1.557809921886157E-5],[1.7828143978719188E-5,2.0179694923794721E-5,1.9954597425599943E-5,2.1323161172844296E-5,1.9954597425599943E-5,2.0179694923794721E-5,1.7828143978719188E-5],[1.7566626365290809E-5,1.9954597425599943E-5,2.0644035487483975E-5,2.1334766662185013E-5,2.0644035487483975E-5,1.9954597425599943E-5,1.7566626365290809E-5],[1.8895461690033441E-5,2.1323161172844296E-5,2.1334766662185013E-5,2.2623051596862833E-5,2.1334766662185013E-5,2.1323161172844296E-5,1.8895461690033441E-5],[1.7566626365290809E-5,1.9954597425599943E-5,2.0644035487483975E-5,2.1334766662185013E-5,2.0644035487483975E-5,1.9954597425599943E-5,1.7566626365290809E-5],[1.7828143978719188E-5,2.0179694923794721E-5,1.9954597425599943E-5,2.1323161172844296E-5,1.9954597425599943E-5,2.0179694923794721E-5,1.7828143978719188E-5],[1.557809921886157E-5,1.7828143978719188E-5,1.7566626365290809E-5,1.8895461690033441E-5,1.7566626365290809E-5,1.7828143978719188E-5,1.557809921886157E-5]],[[1.6956009876377021E-5,1.9298912628578E-5,1.9027052771521124E-5,2.0411784997397094E-5,1.9027052771521124E-5,1.9298912628578E-5,1.6956009876377021E-5],[1.9298912628578E-5,2.174038081498E-5,2.1507084856510781E-5,2.292895536987258E-5,2.1507084856510781E-5,2.174038081498E-5,1.9298912628578E-5],[1.9027052771521124E-5,2.1507084856510781E-5,2.2223079860826784E-5,2.2940413451742166E-5,2.2223079860826784E-5,2.1507084856510781E-5,1.9027052771521124E-5],[2.0411784997397094E-5,2.292895536987258E-5,2.2940413451742166E-5,2.4277756456805685E-5,2.2940413451742166E-5,2.292895536987258E-5,2.0411784997397094E-5],[1.9027052771521124E-5,2.1507084856510781E-5,2.2223079860826784E-5,2.2940413451742166E-5,2.2223079860826784E-5,2.1507084856510781E-5,1.9027052771521124E-5],[1.9298912628578E-5,2.174038081498E-5,2.1507084856510781E-5,2.292895536987258E-5,2.1507084856510781E-5,2.174038081498E-5,1.9298912628578E-5],[1.6956009876377021E-5,1.9298912628578E-5,1.9027052771521124E-5,2.0411784997397094E-5,1.9027052771521124E-5,1.9298912628578E-5,1.6956009876377021E-5]],[[1.8389475280590339E-5,2.0824704269850384E-5,2.0542560718156071E-5,2.198286653362375E-5,2.0542560718156071E-5,2.0824704269850384E-5,1.8389475280590339E-5],[2.0824704269850384E-5,2.3355586784315357E-5,2.3114137366874802E-5,2.45890144460511E-5,2.3114137366874802E-5,2.3355586784315357E-5,2.0824704269850384E-5],[2.0542560718156071E-5,2.3114137366874802E-5,2.3856540382762504E-5,2.4600327203623244E-5,2.3856540382762504E-5,2.3114137366874802E-5,2.0542560718156071E-5],[2.198286653362375E-5,2.45890144460511E-5,2.4600327203623244E-5,2.5986454320493937E-5,2.4600327203623244E-5,2.45890144460511E-5,2.198286653362375E-5],[2.0542560718156071E-5,2.3114137366874802E-5,2.3856540382762504E-5,2.4600327203623244E-5,2.3856540382762504E-5,2.3114137366874802E-5,2.0542560718156071E-5],[2.0824704269850384E-5,2.3355586784315357E-5,2.3114137366874802E-5,2.45890144460511E-5,2.3114137366874802E-5,2.3355586784315357E-5,2.0824704269850384E-5],[1.8389475280590339E-5,2.0824704269850384E-5,2.0542560718156071E-5,2.198286653362375E-5,2.0542560718156071E-5,2.0824704269850384E-5,1.8389475280590339E-5]],[[1.987817889574207E-5,2.2405209591863352E-5,2.2112840079775239E-5,2.3608401433895794E-5,2.2112840079775239E-5,2.2405209591863352E-5,1.987817889574207E-5],[2.2405209591863352E-5,2.502499913374764E-5,2.4775441990412629E-5,2.6303024438484431E-5,2.4775441990412629E-5,2.502499913374764E-5,2.2405209591863352E-5],[2.2112840079775239E-5,2.4775441990412629E-5,2.5544103165316125E-5,2.6314193093686039E-5,2.5544103165316125E-5,2.4775441990412629E-5,2.2112840079775239E-5],[2.3608401433895794E-5,2.6303024438484431E-5,2.6314193093686039E-5,2.7748827809199324E-5,2.6314193093686039E-5,2.6303024438484431E-5,2.3608401433895794E-5],[2.2112840079775239E-5,2.4775441990412629E-5,2.5544103165316125E-5,2.6314193093686039E-5,2.5544103165316125E-5,2.4775441990412629E-5,2.2112840079775239E-5],[2.2405209591863352E-5,2.502499913374764E-5,2.4775441990412629E-5,2.6303024438484431E-5,2.4775441990412629E-5,2.502499913374764E-5,2.2405209591863352E-5],[1.987817889574207E-5,2.2405209591863352E-5,2.2112840079775239E-5,2.3608401433895794E-5,2.2112840079775239E-5,2.2405209591863352E-5,1.987817889574207E-5]],[[2.1421806007273836E-5,2.4040111943650791E-5,2.3737574642330542E-5,2.5288073780413405E-5,2.3737574642330542E-5,2.4040111943650791E-5,2.1421806007273836E-5],[2.4040111943650791E-5,2.6748280183345951E-5,2.649066361247678E-5,2.8070640429410747E-5,2.649066361247678E-5,2.6748280183345951E-5,2.4040111943650791E-5],[2.3737574642330542E-5,2.649066361247678E-5,2.7285427492277258E-5,2.8081664772255714E-5,2.7285427492277258E-5,2.649066361247678E-5,2.3737574642330542E-5],[2.5288073780413405E-5,2.8070640429410747E-5,2.8081664772255714E-5,2.9564518784747606E-5,2.8081664772255717E-5,2.807064042941075E-5,2.5288073780413405E-5],[2.3737574642330542E-5,2.649066361247678E-5,2.7285427492277258E-5,2.8081664772255717E-5,2.7285427492277262E-5,2.649066361247678E-5,2.3737574642330542E-5],[2.4040111943650791E-5,2.6748280183345951E-5,2.649066361247678E-5,2.807064042941075E-5,2.649066361247678E-5,2.6748280183345951E-5,2.4040111943650791E-5],[2.1421806007273836E-5,2.4040111943650791E-5,2.3737574642330542E-5,2.5288073780413405E-5,2.3737574642330542E-5,2.4040111943650791E-5,2.1421806007273836E-5]],[[2.3020036483674283E-5,2.5729073658306404E-5,2.5416429234380588E-5,2.7021540281301822E-5,2.5416429234380588E-5,2.5729073658306404E-5,2.3020036483674283E-5],[2.5729073658306404E-5,2.8525042078252096E-5,2.8259420132323928E-5,2.9891455149195184E-5,2.8259420132323928E-5,2.85250420782521E-5,2.5729073658306404E-5],[2.5416429234380588E-5,2.8259420132323928E-5,2.9080117481716073E-5,2.9902332513155105E-5,2.9080117481716073E-5,2.8259420132323931E-5,2.5416429234380588E-5],[2.7021540281301822E-5,2.9891455149195184E-5,2.9902332513155105E-5,3.1433089565207073E-5,2.9902332513155105E-5,2.9891455149195184E-5,2.7021540281301822E-5],[2.5416429234380588E-5,2.8259420132323928E-5,2.9080117481716073E-5,2.9902332513155105E-5,2.9080117481716073E-5,2.8259420132323931E-5,2.5416429234380588E-5],[2.5729073658306404E-5,2.85250420782521E-5,2.8259420132323931E-5,2.9891455149195184E-5,2.8259420132323931E-5,2.8525042078252102E-5,2.5729073658306404E-5],[2.3020036483674283E-5,2.5729073658306404E-5,2.5416429234380588E-5,2.7021540281301822E-5,2.5416429234380588E-5,2.5729073658306404E-5,2.3020036483674283E-5]],[[2.4672532260732071E-5,2.7471711868819827E-5,2.7149027033489187E-5,2.880840133211534E-5,2.7149027033489187E-5,2.7471711868819827E-5,2.4672532260732071E-5],[2.7471711868819827E-5,3.0354799937555077E-5,3.0081238078481214E-5,3.1764942712579355E-5,3.0081238078481214E-5,3.0354799937555077E-5,2.7471711868819827E-5],[2.7149027033489187E-5,3.0081238078481214E-5,3.0927671361318356E-5,3.1775666124539337E-5,3.0927671361318356E-5,3.0081238078481214E-5,2.7149027033489187E-5],[2.880840133211534E-5,3.1764942712579355E-5,3.1775666124539337E-5,3.3353953274364418E-5,3.1775666124539337E-5,3.1764942712579355E-5,2.880840133211534E-5],[2.7149027033489187E-5,3.0081238078481214E-5,3.0927671361318356E-5,3.1775666124539337E-5,3.0927671361318356E-5,3.0081238078481214E-5,2.7149027033489187E-5],[2.7471711868819827E-5,3.0354799937555077E-5,3.0081238078481214E-5,3.1764942712579355E-5,3.0081238078481214E-5,3.0354799937555081E-5,2.7471711868819831E-5],[2.4672532260732071E-5,2.7471711868819827E-5,2.7149027033489187E-5,2.880840133211534E-5,2.7149027033489187E-5,2.7471711868819831E-5,2.4672532260732071E-5]],[[2.6378915310329155E-5,2.926755562234308E-5,2.8934909362808749E-5,3.064814964605007E-5,2.8934909362808749E-5,2.926755562234308E-5,2.6378915310329155E-5],[2.926755562234308E-5,3.223688948865719E-5,3.1955474540315031E-5,3.3690359799024624E-5,3.1955474540315031E-5,3.223688948865719E-5,2.926755562234308E-5],[2.8934909362808749E-5,3.1955474540315031E-5,3.2827392338283575E-5,3.3700914716995717E-5,3.2827392338283575E-5,3.1955474540315031E-5,2.8934909362808749E-5],[3.064814964605007E-5,3.3690359799024624E-5,3.3700914716995717E-5,3.5326251729732383E-5,3.3700914716995717E-5,3.3690359799024624E-5,3.064814964605007E-5],[2.8934909362808749E-5,3.1955474540315031E-5,3.2827392338283575E-5,3.3700914716995717E-5,3.2827392338283575E-5,3.1955474540315031E-5,2.8934909362808749E-5],[2.926755562234308E-5,3.223688948865719E-5,3.1955474540315031E-5,3.3690359799024624E-5,3.1955474540315031E-5,3.2236889488657196E-5,2.9267555622343083E-5],[2.6378915310329155E-5,2.926755562234308E-5,2.8934909362808749E-5,3.064814964605007E-5,2.8934909362808749E-5,2.9267555622343083E-5,2.6378915310329159E-5]],[[2.8138729039567475E-5,3.1115972065982364E-5,3.0773466408699014E-5,3.2540082036464214E-5,3.0773466408699014E-5,3.1115972065982364E-5,2.8138729039567475E-5],[3.1115972065982364E-5,3.417033178817594E-5,3.3881188546087851E-5,3.5666584406079133E-5,3.3881188546087851E-5,3.417033178817594E-5,3.1115972065982364E-5],[3.0773466408699014E-5,3.3881188546087851E-5,3.4778242665877774E-5,3.5676943406412169E-5,3.4778242665877774E-5,3.3881188546087851E-5,3.0773466408699014E-5],[3.2540082036464214E-5,3.5666584406079133E-5,3.5676943406412169E-5,3.7348658093518633E-5,3.5676943406412176E-5,3.566658440607914E-5,3.2540082036464214E-5],[3.0773466408699014E-5,3.3881188546087851E-5,3.4778242665877774E-5,3.5676943406412176E-5,3.4778242665877774E-5,3.3881188546087858E-5,3.0773466408699021E-5],[3.1115972065982364E-5,3.417033178817594E-5,3.3881188546087851E-5,3.566658440607914E-5,3.3881188546087858E-5,3.4170331788175947E-5,3.1115972065982364E-5],[2.8138729039567475E-5,3.1115972065982364E-5,3.0773466408699014E-5,3.2540082036464214E-5,3.0773466408699021E-5,3.1115972065982364E-5,2.8138729039567479E-5]],[[2.995137355615613E-5,3.301605037599962E-5,3.2663827719293424E-5,3.4483161949567907E-5,3.2663827719293424E-5,3.301605037599962E-5,2.995137355615613E-5],[3.301605037599962E-5,3.6153645981799537E-5,3.5856961384407471E-5,3.7691897159991346E-5,3.5856961384407471E-5,3.6153645981799537E-5,3.301605037599962E-5],[3.2663827719293424E-5,3.5856961384407471E-5,3.6778643583137662E-5,3.7702012844410762E-5,3.6778643583137662E-5,3.5856961384407471E-5,3.2663827719293424E-5],[3.4483161949567907E-5,3.7691897159991346E-5,3.7702012844410762E-5,3.9419117034610027E-5,3.7702012844410762E-5,3.7691897159991346E-5,3.4483161949567907E-5],[3.2663827719293424E-5,3.5856961384407471E-5,3.6778643583137662E-5,3.7702012844410762E-5,3.6778643583137662E-5,3.5856961384407471E-5,3.2663827719293424E-5],[3.301605037599962E-5,3.6153645981799537E-5,3.5856961384407471E-5,3.7691897159991346E-5,3.5856961384407471E-5,3.6153645981799537E-5,3.301605037599962E-5],[2.995137355615613E-5,3.301605037599962E-5,3.2663827719293424E-5,3.4483161949567907E-5,3.2663827719293424E-5,3.301605037599962E-5,2.9951373556156133E-5]],[[3.1816008417310951E-5,3.49664524419386E-5,3.460471940166161E-5,3.6475847075157893E-5,3.460471940166161E-5,3.49664524419386E-5,3.1816008417310951E-5],[3.49664524419386E-5,3.8184677012072711E-5,3.788072623916605E-5,3.9763794154053877E-5,3.788072623916605E-5,3.8184677012072711E-5,3.49664524419386E-5],[3.460471940166161E-5,3.788072623916605E-5,3.88262972609928E-5,3.977359355410629E-5,3.88262972609928E-5,3.788072623916605E-5,3.460471940166161E-5],[3.6475847075157893E-5,3.9763794154053877E-5,3.977359355410629E-5,4.15346465751035E-5,3.977359355410629E-5,3.9763794154053877E-5,3.6475847075157893E-5],[3.460471940166161E-5,3.788072623916605E-5,3.88262972609928E-5,3.977359355410629E-5,3.88262972609928E-5,3.788072623916605E-5,3.460471940166161E-5],[3.49664524419386E-5,3.8184677012072711E-5,3.788072623916605E-5,3.9763794154053877E-5,3.788072623916605E-5,3.8184677012072711E-5,3.49664524419386E-5],[3.1816008417310951E-5,3.49664524419386E-5,3.460471940166161E-5,3.6475847075157893E-5,3.460471940166161E-5,3.49664524419386E-5,3.1816008417310951E-5]],[[3.3731434577559329E-5,3.6965286841646229E-5,3.6594338620959874E-5,3.8515955630516783E-5,3.6594338620959874E-5,3.6965286841646229E-5,3.3731434577559329E-5],[3.6965286841646229E-5,4.0260578638355476E-5,3.9949738281342189E-5,4.1879006384124379E-5,3.9949738281342189E-5,4.0260578638355476E-5,3.6965286841646229E-5],[3.6594338620959874E-5,3.9949738281342189E-5,4.0918185461382976E-5,4.1888393359999226E-5,4.0918185461382976E-5,3.9949738281342189E-5,3.6594338620959874E-5],[3.8515955630516783E-5,4.1879006384124379E-5,4.1888393359999226E-5,4.3691426443881962E-5,4.1888393359999226E-5,4.1879006384124379E-5,3.8515955630516783E-5],[3.6594338620959874E-5,3.9949738281342189E-5,4.0918185461382976E-5,4.1888393359999226E-5,4.0918185461382976E-5,3.9949738281342189E-5,3.6594338620959874E-5],[3.6965286841646229E-5,4.0260578638355476E-5,3.9949738281342189E-5,4.1879006384124379E-5,3.9949738281342189E-5,4.0260578638355476E-5,3.6965286841646229E-5],[3.3731434577559329E-5,3.6965286841646229E-5,3.6594338620959874E-5,3.8515955630516783E-5,3.6594338620959874E-5,3.6965286841646229E-5,3.3731434577559329E-5]],[[3.5695996662185605E-5,3.9010089779036833E-5,3.8630323607767483E-5,4.0600673161722739E-5,3.8630323607767483E-5,3.9010089779036833E-5,3.5695996662185605E-5],[3.9010089779036833E-5,4.2378015081829774E-5,4.2060751282516213E-5,4.4033787197916386E-5,4.2060751282516213E-5,4.2378015081829774E-5,3.9010089779036833E-5],[3.8630323607767483E-5,4.2060751282516213E-5,4.3050806933081094E-5,4.4042655721901334E-5,4.3050806933081094E-5,4.2060751282516213E-5,3.8630323607767483E-5],[4.0600673161722739E-5,4.4033787197916386E-5,4.4042655721901334E-5,4.5885219260384939E-5,4.4042655721901334E-5,4.4033787197916386E-5,4.0600673161722739E-5],[3.8630323607767483E-5,4.2060751282516213E-5,4.3050806933081094E-5,4.4042655721901334E-5,4.3050806933081094E-5,4.2060751282516213E-5,3.8630323607767483E-5],[3.9010089779036833E-5,4.2378015081829774E-5,4.2060751282516213E-5,4.4033787197916386E-5,4.2060751282516213E-5,4.2378015081829774E-5,3.9010089779036833E-5],[3.5695996662185605E-5,3.9010089779036833E-5,3.8630323607767483E-5,4.0600673161722739E-5,3.8630323607767483E-5,3.9010089779036833E-5,3.5695996662185605E-5]],[[3.7707553975690228E-5,4.1097935179558795E-5,4.0709845122600156E-5,4.2726715686568911E-5,4.0709845122600156E-5,4.1097935179558795E-5,3.7707553975690228E-5],[4.1097935179558795E-5,4.45334423107296E-5,4.4210280149827373E-5,4.6224269715380621E-5,4.4210280149827373E-5,4.45334423107296E-5,4.1097935179558795E-5],[4.0709845122600156E-5,4.4210280149827373E-5,4.5220489456612492E-5,4.6232521256659534E-5,4.5220489456612492E-5,4.4210280149827373E-5,4.0709845122600156E-5],[4.2726715686568911E-5,4.6224269715380621E-5,4.6232521256659534E-5,4.8111827076397543E-5,4.6232521256659534E-5,4.6224269715380621E-5,4.2726715686568911E-5],[4.0709845122600156E-5,4.4210280149827373E-5,4.5220489456612492E-5,4.6232521256659534E-5,4.5220489456612492E-5,4.4210280149827373E-5,4.0709845122600156E-5],[4.1097935179558795E-5,4.45334423107296E-5,4.4210280149827373E-5,4.62242