{"M_cells":[[[0.0045,0.0045,0.0045,0.0045,0.0045,0.0045,0.0045],[0.0045,0.0045,0.0045,0.0045,0.0045,0.0045,0.0045],[0.0045,0.0045,0.0045,0.0045,0.0045,0.0045,0.0045],[0.0045,0.0045,0.0045,0.0045,0.0045,0.0045,0.0045],[0.0045,0.0045,0.0045,0.0045,0.0045,0.0045,0.0045],[0.0045,0.0045,0.0045,0.0045,0.0045,0.0045,0.0045],[0.0045,0.0045,0.0045,0.0045,0.0045,0.0045,0.0045]],[[0.0045000000553551333,0.0045000003174307272,0.0045000002824804328,0.0045000004130544523,0.0045000002824804328,0.0045000003174307272,0.0045000000553551333],[0.0045000003174307272,0.0045000013355480581,0.004500001221312523,0.0045000017241335595,0.004500001221312523,0.0045000013355480581,0.0045000003174307272],[0.0045000002824804328,0.004500001221312523,0.0045000014983277133,0.0045000017768063658,0.0045000014983277133,0.004500001221312523,0.0045000002824804328],[0.0045000004130544523,0.0045000017241335595,0.0045000017768063658,0.0045000023425779967,0.0045000017768063658,0.0045000017241335595,0.0045000004130544523],[0.0045000002824804328,0.004500001221312523,0.0045000014983277133,0.0045000017768063658,0.0045000014983277133,0.004500001221312523,0.0045000002824804328],[0.0045000003174307272,0.0045000013355480581,0.004500001221312523,0.0045000017241335595,0.004500001221312523,0.0045000013355480581,0.0045000003174307272],[0.0045000000553551333,0.0045000003174307272,0.0045000002824804328,0.0045000004130544523,0.0045000002824804328,0.0045000003174307272,0.0045000000553551333]],[[0.0045000003787494273,0.0045000012295623336,0.0045000011174378832,0.004500001555014857,0.0045000011174378832,0.0045000012295623336,0.0045000003787494273],[0.0045000012295623336,0.0045000031673807107,0.0045000029527191409,0.0045000039488432755,0.0045000029527191409,0.0045000031673807107,0.0045000012295623336],[0.0045000011174378832,0.0045000029527191409,0.0045000034907385763,0.0045000040306086043,0.0045000034907385763,0.0045000029527191409,0.0045000011174378832],[0.004500001555014857,0.0045000039488432755,0.0045000040306086043,0.0045000051064764774,0.0045000040306086043,0.0045000039488432755,0.004500001555014857],[0.0045000011174378832,0.0045000029527191409,0.0045000034907385763,0.0045000040306086043,0.0045000034907385763,0.0045000029527191409,0.0045000011174378832],[0.0045000012295623336,0.0045000031673807107,0.0045000029527191409,0.0045000039488432755,0.0045000029527191409,0.0045000031673807107,0.0045000012295623336],[0.0045000003787494273,0.0045000012295623336,0.0045000011174378832,0.004500001555014857,0.0045000011174378832,0.0045000012295623336,0.0045000003787494273]],[[0.0045000011029595359,0.0045000026785906441,0.0045000024728692294,0.0045000033051181242,0.0045000024728692294,0.0045000026785906441,0.0045000011029595359],[0.0045000026785906441,0.00450000544780963,0.004500005145203499,0.0045000066112816789,0.004500005145203499,0.00450000544780963,0.0045000026785906441],[0.0045000024728692294,0.004500005145203499,0.0045000059247886645,0.0045000067065741464,0.0045000059247886645,0.004500005145203499,0.0045000024728692294],[0.0045000033051181242,0.0045000066112816789,0.0045000067065741464,0.0045000082421457954,0.0045000067065741464,0.0045000066112816789,0.0045000033051181242],[0.0045000024728692294,0.004500005145203499,0.0045000059247886645,0.0045000067065741464,0.0045000059247886645,0.004500005145203499,0.0045000024728692294],[0.0045000026785906441,0.00450000544780963,0.004500005145203499,0.0045000066112816789,0.004500005145203499,0.00450000544780963,0.0045000026785906441],[0.0045000011029595359,0.0045000026785906441,0.0045000024728692294,0.0045000033051181242,0.0045000024728692294,0.0045000026785906441,0.0045000011029595359]],[[0.0045000022764918471,0.0045000046134743583,0.0045000043113779219,0.0045000055732190578,0.0045000043113779219,0.0045000046134743583,0.0045000022764918471],[0.0045000046134743583,0.0045000081359620357,0.0045000077566694843,0.0045000096630109267,0.0045000077566694843,0.0045000081359620357,0.0045000046134743583],[0.0045000043113779219,0.0045000077566694843,0.0045000087583328642,0.0045000097625133677,0.0045000087583328642,0.0045000077566694843,0.0045000043113779219],[0.0045000055732190578,0.0045000096630109267,0.0045000097625133677,0.0045000117130916863,0.0045000097625133677,0.0045000096630109267,0.0045000055732190578],[0.0045000043113779219,0.0045000077566694843,0.0045000087583328642,0.0045000097625133677,0.0045000087583328642,0.0045000077566694843,0.0045000043113779219],[0.0045000046134743583,0.0045000081359620357,0.0045000077566694843,0.0045000096630109267,0.0045000077566694843,0.0045000081359620357,0.0045000046134743583],[0.0045000022764918471,0.0045000046134743583,0.0045000043113779219,0.0045000055732190578,0.0045000043113779219,0.0045000046134743583,0.0045000022764918471]],[[0.0045000039044114171,0.0045000069889922223,0.0045000065944912444,0.0045000082902460692,0.0045000065944912444,0.0045000069889922223,0.0045000039044114171],[0.0045000069889922223,0.0045000111954570437,0.0045000107492271331,0.0045000130639435126,0.0045000107492271331,0.0045000111954570437,0.0045000069889922223],[0.0045000065944912444,0.0045000107492271331,0.0045000119543280011,0.0045000131622338988,0.0045000119543280011,0.0045000107492271331,0.0045000065944912444],[0.0045000082902460692,0.0045000130639435126,0.0045000131622338988,0.004500015488296232,0.0045000131622338988,0.0045000130639435126,0.0045000082902460692],[0.0045000065944912444,0.0045000107492271331,0.0045000119543280011,0.0045000131622338988,0.0045000119543280011,0.0045000107492271331,0.0045000065944912444],[0.0045000069889922223,0.0045000111954570437,0.0045000107492271331,0.0045000130639435126,0.0045000107492271331,0.0045000111954570437,0.0045000069889922223],[0.0045000039044114171,0.0045000069889922223,0.0045000065944912444,0.0045000082902460692,0.0045000065944912444,0.0045000069889922223,0.0045000039044114171]],[[0.0045000059703843463,0.0045000097650269785,0.0045000092850183545,0.0045000114019591855,0.0045000092850183545,0.0045000097650269785,0.0045000059703843463],[0.0045000097650269785,0.0045000145939768322,0.004500014089061013,0.0045000167804579638,0.004500014089061013,0.0045000145939768322,0.0045000097650269785],[0.0045000092850183545,0.004500014089061013,0.0045000154802615662,0.0045000168745296951,0.0045000154802615662,0.004500014089061013,0.0045000092850183545],[0.0045000114019591855,0.0045000167804579638,0.0045000168745296951,0.0045000195412018378,0.0045000168745296951,0.0045000167804579638,0.0045000114019591855],[0.0045000092850183545,0.004500014089061013,0.0045000154802615662,0.0045000168745296951,0.0045000154802615662,0.004500014089061013,0.0045000092850183545],[0.0045000097650269785,0.0045000145939768322,0.004500014089061013,0.0045000167804579638,0.004500014089061013,0.0045000145939768322,0.0045000097650269785],[0.0045000059703843463,0.0045000097650269785,0.0045000092850183545,0.0045000114019591855,0.0045000092850183545,0.0045000097650269785,0.0045000059703843463]],[[0.0045000084484872671,0.0045000129059836825,0.0045000123482453087,0.0045000148648146263,0.0045000123482453087,0.0045000129059836825,0.0045000084484872671],[0.0045000129059836825,0.0045000183028584646,0.0045000177461545438,0.0045000207840467307,0.0045000177461545438,0.0045000183028584646,0.0045000129059836825],[0.0045000123482453087,0.0045000177461545438,0.004500019307612361,0.0045000208723780556,0.004500019307612361,0.0045000177461545438,0.0045000123482453087],[0.0045000148648146263,0.0045000207840467307,0.0045000208723780556,0.0045000238489286727,0.0045000208723780556,0.0045000207840467307,0.0045000148648146263],[0.0045000123482453087,0.0045000177461545438,0.004500019307612361,0.0045000208723780556,0.004500019307612361,0.0045000177461545438,0.0045000123482453087],[0.0045000129059836825,0.0045000183028584646,0.0045000177461545438,0.0045000207840467307,0.0045000177461545438,0.0045000183028584646,0.0045000129059836825],[0.0045000084484872671,0.0045000129059836825,0.0045000123482453087,0.0045000148648146263,0.0045000123482453087,0.0045000129059836825,0.0045000084484872671]],[[0.0045000113094490236,0.0045000163802936454,0.0045000157524494617,0.00450001864317982,0.0045000157524494617,0.0045000163802936454,0.0045000113094490236],[0.0045000163802936454,0.0045000222967119391,0.0045000216939530564,0.0045000250503244681,0.0045000216939530564,0.0045000222967119391,0.0045000163802936454],[0.0045000157524494617,0.0045000216939530564,0.004500023411359114,0.0045000251322938308,0.004500023411359114,0.0045000216939530564,0.0045000157524494617],[0.00450001864317982,0.0045000250503244681,0.0045000251322938308,0.0045000283916633872,0.0045000251322938308,0.0045000250503244681,0.00450001864317982],[0.0045000157524494617,0.0045000216939530564,0.004500023411359114,0.0045000251322938308,0.004500023411359114,0.0045000216939530564,0.0045000157524494617],[0.0045000163802936454,0.0045000222967119391,0.0045000216939530564,0.0045000250503244681,0.0045000216939530564,0.0045000222967119391,0.0045000163802936454],[0.0045000113094490236,0.0045000163802936454,0.0045000157524494617,0.00450001864317982,0.0045000157524494617,0.0045000163802936454,0.0045000113094490236]],[[0.0045000145238673567,0.0045000201599770563,0.00450001946902414,0.0045000227074233207,0.00450001946902414,0.0045000201599770563,0.0045000145238673567],[0.0045000201599770563,0.0045000265530665291,0.00450002590901163,0.0045000295582839694,0.00450002590901163,0.0045000265530665291,0.0045000201599770563],[0.00450001946902414,0.00450002590901163,0.0045000277695413943,0.0045000296338034646,0.0045000277695413943,0.00450002590901163,0.00450001946902414],[0.0045000227074233207,0.0045000295582839694,0.0045000296338034646,0.0045000331521742156,0.0045000296338034646,0.0045000295582839694,0.0045000227074233207],[0.00450001946902414,0.00450002590901163,0.0045000277695413943,0.0045000296338034646,0.0045000277695413943,0.00450002590901163,0.00450001946902414],[0.0045000201599770563,0.0045000265530665291,0.00450002590901163,0.0045000295582839694,0.00450002590901163,0.0045000265530665291,0.0045000201599770563],[0.0045000145238673567,0.0045000201599770563,0.00450001946902414,0.0045000227074233207,0.00450001946902414,0.0045000201599770563,0.0045000145238673567]],[[0.0045000180637887145,0.0045000242202521846,0.0045000234723906931,0.00450002703257686,0.0045000234723906931,0.0045000242202521846,0.0045000180637887145],[0.0045000242202521846,0.0045000310520479873,0.0045000303706541327,0.0045000342897261849,0.0045000303706541327,0.0045000310520479873,0.0045000242202521846],[0.0045000234723906931,0.0045000303706541327,0.0045000323628729931,0.0045000343590127518,0.0045000323628729931,0.0045000303706541327,0.0045000234723906931],[0.00450002703257686,0.0045000342897261849,0.0045000343590127518,0.0045000381154218193,0.0045000343590127518,0.0045000342897261849,0.00450002703257686],[0.0045000234723906931,0.0045000303706541327,0.0045000323628729931,0.0045000343590127518,0.0045000323628729931,0.0045000303706541327,0.0045000234723906931],[0.0045000242202521846,0.0045000310520479873,0.0045000303706541327,0.0045000342897261849,0.0045000303706541327,0.0045000310520479873,0.0045000242202521846],[0.0045000180637887145,0.0045000242202521846,0.0045000234723906931,0.00450002703257686,0.0045000234723906931,0.0045000242202521846,0.0045000180637887145]],[[0.0045000219034091052,0.00450002853918322,0.004500027739801655,0.0045000315973770418,0.004500027739801655,0.00450002853918322,0.0045000219034091052],[0.00450002853918322,0.0045000357760858712,0.0045000350606556518,0.004500039228814267,0.0045000350606556518,0.0045000357760858712,0.00450002853918322],[0.004500027739801655,0.0045000350606556518,0.0045000371744036245,0.0045000392922478483,0.0045000371744036245,0.0045000350606556518,0.004500027739801655],[0.0045000315973770418,0.004500039228814267,0.0045000392922478483,0.0045000432682424513,0.0045000392922478483,0.004500039228814267,0.0045000315973770418],[0.004500027739801655,0.0045000350606556518,0.0045000371744036245,0.0045000392922478483,0.0045000371744036245,0.0045000350606556518,0.004500027739801655],[0.00450002853918322,0.0045000357760858712,0.0045000350606556518,0.004500039228814267,0.0045000350606556518,0.0045000357760858712,0.00450002853918322],[0.0045000219034091052,0.00450002853918322,0.004500027739801655,0.0045000315973770418,0.004500027739801655,0.00450002853918322,0.0045000219034091052]],[[0.0045000260193081513,0.0045000330973634668,0.0045000322510968466,0.0045000363835625947,0.0045000322510968466,0.0045000330973634668,0.0045000260193081513],[0.0045000330973634668,0.0045000407096508436,0.0045000399629543733,0.00450004436171854,0.0045000399629543733,0.0045000407096508436,0.0045000330973634668],[0.0045000322510968466,0.0045000399629543733,0.0045000421892247965,0.0045000444197551776,0.0045000421892247965,0.0045000399629543733,0.0045000322510968466],[0.0045000363835625947,0.00450004436171854,0.0045000444197551776,0.00450004859908762,0.0045000444197551776,0.00450004436171854,0.0045000363835625947],[0.0045000322510968466,0.0045000399629543733,0.0045000421892247965,0.0045000444197551776,0.0045000421892247965,0.0045000399629543733,0.0045000322510968466],[0.0045000330973634668,0.0045000407096508436,0.0045000399629543733,0.00450004436171854,0.0045000399629543733,0.0045000407096508436,0.0045000330973634668],[0.0045000260193081513,0.0045000330973634668,0.0045000322510968466,0.0045000363835625947,0.0045000322510968466,0.0045000330973634668,0.0045000260193081513]],[[0.004500030390443205,0.0045000378776305751,0.0045000369884467513,0.0045000413753463744,0.0045000369884467513,0.0045000378776305751,0.004500030390443205],[0.0045000378776305751,0.0045000458390197333,0.0045000450633935589,0.0045000496763286241,0.0045000450633935589,0.0045000458390197333,0.0045000378776305751],[0.0045000369884467513,0.0045000450633935589,0.0045000473942141571,0.0045000497294481736,0.0045000473942141571,0.0045000450633935589,0.0045000369884467513],[0.0045000413753463744,0.0045000496763286241,0.0045000497294481736,0.0045000540978073055,0.0045000497294481736,0.0045000496763286241,0.0045000413753463744],[0.0045000369884467513,0.0045000450633935589,0.0045000473942141571,0.0045000497294481736,0.0045000473942141571,0.0045000450633935589,0.0045000369884467513],[0.0045000378776305751,0.0045000458390197333,0.0045000450633935589,0.0045000496763286241,0.0045000450633935589,0.0045000458390197333,0.0045000378776305751],[0.004500030390443205,0.0045000378776305751,0.0045000369884467513,0.0045000413753463744,0.0045000369884467513,0.0045000378776305751,0.004500030390443205]],[[0.004500034998024636,0.0045000428648113329,0.0045000419361028434,0.0045000465590100246,0.0045000419361028434,0.0045000428648113329,0.004500034998024636],[0.0045000428648113329,0.0045000511520666914,0.00450005034949316,0.0045000551620172228,0.00450005034949316,0.0045000511520666914,0.0045000428648113329],[0.0045000419361028434,0.00450005034949316,0.0045000527778140519,0.00450005521069278,0.0045000527778140519,0.00450005034949316,0.0045000419361028434],[0.0045000465590100246,0.0045000551620172228,0.00450005521069278,0.0045000597554683847,0.00450005521069278,0.0045000551620172228,0.0045000465590100246],[0.0045000419361028434,0.00450005034949316,0.0045000527778140519,0.00450005521069278,0.0045000527778140519,0.00450005034949316,0.0045000419361028434],[0.0045000428648113329,0.0045000511520666914,0.00450005034949316,0.0045000551620172228,0.00450005034949316,0.0045000511520666914,0.0045000428648113329],[0.004500034998024636,0.0045000428648113329,0.0045000419361028434,0.0045000465590100246,0.0045000419361028434,0.0045000428648113329,0.004500034998024636]],[[0.004500039825339446,0.0045000480454939849,0.00450004708016422,0.0045000519225853334,0.00450004708016422,0.0045000480454939849,0.004500039825339446],[0.0045000480454939849,0.0045000566380780449,0.0045000558102485707,0.0045000608094433667,0.0045000558102485707,0.0045000566380780449,0.0045000480454939849],[0.00450004708016422,0.0045000558102485707,0.0045000583298392917,0.0045000608541243027,0.0045000583298392917,0.0045000558102485707,0.00450004708016422],[0.0045000519225853334,0.0045000608094433667,0.0045000608541243027,0.0045000655642008,0.0045000608541243027,0.0045000608094433667,0.0045000519225853334],[0.00450004708016422,0.0045000558102485707,0.0045000583298392917,0.0045000608541243027,0.0045000583298392917,0.0045000558102485707,0.00450004708016422],[0.0045000480454939849,0.0045000566380780449,0.0045000558102485707,0.0045000608094433667,0.0045000558102485707,0.0045000566380780449,0.0045000480454939849],[0.004500039825339446,0.0045000480454939849,0.00450004708016422,0.0045000519225853334,0.00450004708016422,0.0045000480454939849,0.004500039825339446]],[[0.0045000448575578649,0.0045000534078257631,0.004500052408365149,0.00450005745559939,0.004500052408365149,0.0045000534078257631,0.0045000448575578649],[0.0045000534078257631,0.0045000622875887887,0.0045000614359541977,0.0045000666103872317,0.0045000614359541977,0.0045000622875887887,0.0045000534078257631],[0.004500052408365149,0.0045000614359541977,0.0045000640413105451,0.0045000666514906189,0.0045000640413105451,0.0045000614359541977,0.004500052408365149],[0.00450005745559939,0.0045000666103872317,0.0045000666514906189,0.0045000715170667432,0.0045000666514906189,0.0045000666103872317,0.00450005745559939],[0.004500052408365149,0.0045000614359541977,0.0045000640413105451,0.0045000666514906189,0.0045000640413105451,0.0045000614359541977,0.004500052408365149],[0.0045000534078257631,0.0045000622875887887,0.0045000614359541977,0.0045000666103872317,0.0045000614359541977,0.0045000622875887887,0.0045000534078257631],[0.0045000448575578649,0.0045000534078257631,0.004500052408365149,0.00450005745559939,0.004500052408365149,0.0045000534078257631,0.0045000448575578649]],[[0.00450005008154172,0.0045000589413332435,0.0045000579098841949,0.0045000631488670969,0.0045000579098841949,0.0045000589413332435,0.00450005008154172],[0.0045000589413332435,0.0045000680922382824,0.0045000672180489183,0.0045000725576100284,0.0045000672180489183,0.0045000680922382824,0.0045000589413332435],[0.0045000579098841949,0.0045000672180489183,0.0045000699043095671,0.0045000725955171841,0.0045000699043095671,0.0045000672180489183,0.0045000579098841949],[0.0045000631488670969,0.0045000725576100284,0.0045000725955171841,0.0045000776079484033,0.0045000725955171841,0.0045000725576100284,0.0045000631488670969],[0.0045000579098841949,0.0045000672180489183,0.0045000699043095671,0.0045000725955171841,0.0045000699043095671,0.0045000672180489183,0.0045000579098841949],[0.0045000589413332435,0.0045000680922382824,0.0045000672180489183,0.0045000725576100284,0.0045000672180489183,0.0045000680922382824,0.0045000589413332435],[0.00450005008154172,0.0045000589413332435,0.0045000579098841949,0.0045000631488670969,0.0045000579098841949,0.0045000589413332435,0.00450005008154172]],[[0.0045000554856634055,0.0045000646367634031,0.0045000635751748334,0.0045000689943195046,0.0045000635751748334,0.0045000646367634031,0.0045000554856634055],[0.0045000646367634031,0.0045000740446431561,0.00450007314898098,0.0045000786447343026,0.00450007314898098,0.0045000740446431561,0.0045000646367634031],[0.0045000635751748334,0.00450007314898098,0.0045000759118533091,0.0045000786797903857,0.0045000759118533091,0.00450007314898098,0.0045000635751748334],[0.0045000689943195046,0.0045000786447343026,0.0045000786797903857,0.0045000838314512934,0.0045000786797903857,0.0045000786447343026,0.0045000689943195046],[0.0045000635751748334,0.00450007314898098,0.0045000759118533091,0.0045000786797903857,0.0045000759118533091,0.00450007314898098,0.0045000635751748334],[0.0045000646367634031,0.0045000740446431561,0.00450007314898098,0.0045000786447343026,0.00450007314898098,0.0045000740446431561,0.0045000646367634031],[0.0045000554856634055,0.0045000646367634031,0.0045000635751748334,0.0045000689943195046,0.0045000635751748334,0.0045000646367634031,0.0045000554856634055]],[[0.0045000610596394814,0.004500070485943179,0.0045000693958156725,0.0045000749848604559,0.0045000693958156725,0.004500070485943179,0.0045000610596394814],[0.004500070485943179,0.0045000801382853763,0.0045000792220897916,0.004500084866141109,0.0045000792220897916,0.0045000801382853763,0.004500070485943179],[0.0045000693958156725,0.0045000792220897916,0.0045000820577842581,0.0045000848986564406,0.0045000820577842581,0.0045000792220897916,0.0045000693958156725],[0.0045000749848604559,0.004500084866141109,0.0045000848986564406,0.0045000901828205053,0.0045000848986564406,0.004500084866141109,0.0045000749848604559],[0.0045000693958156725,0.0045000792220897916,0.0045000820577842581,0.0045000848986564406,0.0045000820577842581,0.0045000792220897916,0.0045000693958156725],[0.004500070485943179,0.0045000801382853763,0.0045000792220897916,0.004500084866141109,0.0045000792220897916,0.0045000801382853763,0.004500070485943179],[0.0045000610596394814,0.004500070485943179,0.0045000693958156725,0.0045000749848604559,0.0045000693958156725,0.004500070485943179,0.0045000610596394814]],[[0.0045000667943801941,0.0045000764816557738,0.0045000753643788666,0.0045000811142452742,0.0045000753643788666,0.0045000764816557738,0.0045000667943801941],[0.0045000764816557738,0.0045000863674139226,0.0045000854315027008,0.0045000912168812581,0.0045000854315027008,0.0045000863674139226,0.0045000764816557738],[0.0045000753643788666,0.0045000854315027008,0.00450008833667493,0.0045000912471335917,0.00450008833667493,0.0045000854315027008,0.0045000753643788666],[0.0045000811142452742,0.0045000912168812581,0.0045000912471335917,0.0045000966578680694,0.0045000912471335917,0.0045000912168812581,0.0045000811142452742],[0.0045000753643788666,0.0045000854315027008,0.00450008833667493,0.0045000912471335917,0.00450008833667493,0.0045000854315027008,0.0045000753643788666],[0.0045000764816557738,0.0045000863674139226,0.0045000854315027008,0.0045000912168812581,0.0045000854315027008,0.0045000863674139226,0.0045000764816557738],[0.0045000667943801941,0.0045000764816557738,0.0045000753643788666,0.0045000811142452742,0.0045000753643788666,0.0045000764816557738,0.0045000667943801941]],[[0.0045000726818547358,0.004500082617531387,0.0045000814743142922,0.0045000873769774326,0.0045000814743142922,0.004500082617531387,0.0045000726818547358],[0.004500082617531387,0.0045000927269580266,0.004500091772044407,0.0045000976925981661,0.004500091772044407,0.0045000927269580266,0.004500082617531387],[0.0045000814743142922,0.004500091772044407,0.0045000947437441726,0.0045000977208353591,0.0045000947437441726,0.004500091772044407,0.0045000814743142922],[0.0045000873769774326,0.0045000976925981661,0.0045000977208353591,0.0045001032529093559,0.0045000977208353591,0.0045000976925981661,0.0045000873769774326],[0.0045000814743142922,0.004500091772044407,0.0045000947437441726,0.0045000977208353591,0.0045000947437441726,0.004500091772044407,0.0045000814743142922],[0.004500082617531387,0.0045000927269580266,0.004500091772044407,0.0045000976925981661,0.004500091772044407,0.0045000927269580266,0.004500082617531387],[0.0045000726818547358,0.004500082617531387,0.0045000814743142922,0.0045000873769774326,0.0045000814743142922,0.004500082617531387,0.0045000726818547358]],[[0.0045000787149713159,0.0045000888879512006,0.0045000877198482832,0.0045000937682197761,0.0045000877198482832,0.0045000888879512006,0.0045000787149713159],[0.0045000888879512006,0.0045000992124510563,0.004500098239157836,0.0045001042894608238,0.004500098239157836,0.0045000992124510563,0.0045000888879512006],[0.0045000877198482832,0.004500098239157836,0.0045001012747841766,0.0045001043159036379,0.0045001012747841766,0.004500098239157836,0.0045000877198482832],[0.0045000937682197761,0.0045001042894608238,0.0045001043159036379,0.0045001099647076354,0.0045001043159036379,0.0045001042894608238,0.0045000937682197761],[0.0045000877198482832,0.004500098239157836,0.0045001012747841766,0.0045001043159036379,0.0045001012747841766,0.004500098239157836,0.0045000877198482832],[0.0045000888879512006,0.0045000992124510563,0.004500098239157836,0.0045001042894608238,0.004500098239157836,0.0045000992124510563,0.0045000888879512006],[0.0045000787149713159,0.0045000888879512006,0.0045000877198482832,0.0045000937682197761,0.0045000877198482832,0.0045000888879512006,0.0045000787149713159]],[[0.0045000848874709991,0.00450009528796273,0.0045000940958946,0.0045001002837178729,0.0045000940958946,0.00450009528796273,0.0045000848874709991],[0.00450009528796273,0.0045001058199633619,0.0045001048288346047,0.0045001110041051366,0.0045001048288346047,0.0045001058199633619,0.00450009528796273],[0.0045000940958946,0.0045001048288346047,0.00450010792609633,0.0045001110289499989,0.00450010792609633,0.0045001048288346047,0.0045000940958946],[0.0045001002837178729,0.0045001110041051366,0.0045001110289499989,0.0045001167904253217,0.0045001110289499989,0.0045001110041051366,0.0045001002837178729],[0.0045000940958946,0.0045001048288346047,0.00450010792609633,0.0045001110289499989,0.00450010792609633,0.0045001048288346047,0.0045000940958946],[0.00450009528796273,0.0045001058199633619,0.0045001048288346047,0.0045001110041051366,0.0045001048288346047,0.0045001058199633619,0.00450009528796273],[0.0045000848874709991,0.00450009528796273,0.0045000940958946,0.0045001002837178729,0.0045000940958946,0.00450009528796273,0.0045000848874709991]],[[0.0045000911938336647,0.0045001018132052387,0.0045001005979763446,0.00450010691973355,0.0045001005979763446,0.0045001018132052387,0.0045000911938336647],[0.0045001018132052387,0.0045001125460431115,0.0045001115375539608,0.0045001178335825473,0.0045001115375539608,0.0045001125460431115,0.0045001018132052387],[0.0045001005979763446,0.0045001115375539608,0.0045001146944349413,0.0045001178570041487,0.0045001146944349413,0.0045001115375539608,0.0045001005979763446],[0.00450010691973355,0.0045001178335825473,0.0045001178570041487,0.0045001237275810691,0.0045001178570041487,0.0045001178335825473,0.00450010691973355],[0.0045001005979763446,0.0045001115375539608,0.0045001146944349413,0.0045001178570041487,0.0045001146944349413,0.0045001115375539608,0.0045001005979763446],[0.0045001018132052387,0.0045001125460431115,0.0045001115375539608,0.0045001178335825473,0.0045001115375539608,0.0045001125460431115,0.0045001018132052387],[0.0045000911938336647,0.0045001018132052387,0.0045001005979763446,0.00450010691973355,0.0045001005979763446,0.0045001018132052387,0.0045000911938336647]],[[0.004500097629195063,0.0045001084598441515,0.0045001072221576245,0.0045001136729870637,0.0045001072221576245,0.0045001084598441515,0.004500097629195063],[0.0045001084598441515,0.0045001193876642535,0.0045001183622292605,0.0045001247753150347,0.0045001183622292605,0.0045001193876642535,0.0045001084598441515],[0.0045001072221576245,0.0045001183622292605,0.0045001215769578341,0.004500124797468706,0.0045001215769578341,0.0045001183622292605,0.0045001072221576245],[0.0045001136729870637,0.0045001247753150347,0.004500124797468706,0.0045001307740121111,0.004500124797468706,0.0045001247753150347,0.0045001136729870637],[0.0045001072221576245,0.0045001183622292605,0.0045001215769578341,0.004500124797468706,0.0045001215769578341,0.0045001183622292605,0.0045001072221576245],[0.0045001084598441515,0.0045001193876642535,0.0045001183622292605,0.0045001247753150347,0.0045001183622292605,0.0045001193876642535,0.0045001084598441515],[0.004500097629195063,0.0045001084598441515,0.0045001072221576245,0.0045001136729870637,0.0045001072221576245,0.0045001084598441515,0.004500097629195063]],[[0.0045001041892737178,0.0045001152245130885,0.0045001139649832236,0.0045001205406062783,0.0045001139649832236,0.0045001152245130885,0.0045001041892737178],[0.0045001152245130885,0.0045001263421803866,0.0045001253001605715,0.0045001318270552395,0.0045001253001605715,0.0045001263421803866,0.0045001152245130885],[0.0045001139649832236,0.0045001253001605715,0.0045001285711826385,0.0045001318480791487,0.0045001285711826385,0.0045001253001605715,0.0045001139649832236],[0.0045001205406062783,0.0045001318270552395,0.0045001318480791487,0.004500137927840704,0.0045001318480791487,0.0045001318270552395,0.0045001205406062783],[0.0045001139649832236,0.0045001253001605715,0.0045001285711826385,0.0045001318480791487,0.0045001285711826385,0.0045001253001605715,0.0045001139649832236],[0.0045001152245130885,0.0045001263421803866,0.0045001253001605715,0.0045001318270552395,0.0045001253001605715,0.0045001263421803866,0.0045001152245130885],[0.0045001041892737178,0.0045001152245130885,0.0045001139649832236,0.0045001205406062783,0.0045001139649832236,0.0045001152245130885,0.0045001041892737178]],[[0.0045001108703062852,0.0045001221042629842,0.0045001208234258646,0.0045001275200824073,0.0045001208234258646,0.0045001221042629842,0.0045001108703062852],[0.0045001221042629842,0.00450013340728431,0.0045001323489932341,0.0045001389868516263,0.0045001323489932341,0.00450013340728431,0.0045001221042629842],[0.0045001208234258646,0.0045001323489932341,0.0045001356749485247,0.004500139006868722,0.0045001356749485247,0.0045001323489932341,0.0045001208234258646],[0.0045001275200824073,0.0045001389868516263,0.004500139006868722,0.0045001451874447929,0.004500139006868722,0.0045001389868516263,0.0045001275200824073],[0.0045001208234258646,0.0045001323489932341,0.0045001356749485247,0.004500139006868722,0.0045001356749485247,0.0045001323489932341,0.0045001208234258646],[0.0045001221042629842,0.00450013340728431,0.0045001323489932341,0.0045001389868516263,0.0045001323489932341,0.00450013340728431,0.0045001221042629842],[0.0045001108703062852,0.0045001221042629842,0.0045001208234258646,0.0045001275200824073,0.0045001208234258646,0.0045001221042629842,0.0045001108703062852]],[[0.0045001176689907288,0.004500129096516833,0.0045001277948394525,0.004500134609230929,0.0045001277948394525,0.004500129096516833,0.0045001176689907288],[0.004500129096516833,0.0045001405809718892,0.004500139506680911,0.0045001462530173736,0.004500139506680911,0.0045001405809718892,0.004500129096516833],[0.0045001277948394525,0.004500139506680911,0.0045001428863820593,0.0045001462721371271,0.0045001428863820593,0.004500139506680911,0.0045001277948394525],[0.004500134609230929,0.0045001462530173736,0.0045001462721371271,0.0045001525514316455,0.0045001462721371271,0.0045001462530173736,0.004500134609230929],[0.0045001277948394525,0.004500139506680911,0.0045001428863820593,0.0045001462721371271,0.0045001428863820593,0.004500139506680911,0.0045001277948394525],[0.004500129096516833,0.0045001405809718892,0.004500139506680911,0.0045001462530173736,0.004500139506680911,0.0045001405809718892,0.004500129096516833],[0.0045001176689907288,0.004500129096516833,0.0045001277948394525,0.004500134609230929,0.0045001277948394525,0.004500129096516833,0.0045001176689907288]],[[0.0045001245824358915,0.004500136199029954,0.0045001348769180653,0.00450014180615716,0.0045001348769180653,0.004500136199029954,0.0045001245824358915],[0.004500136199029954,0.004500147861510346,0.004500146771453193,0.0045001536241030468,0.004500146771453193,0.004500147861510346,0.004500136199029954],[0.0045001348769180653,0.004500146771453193,0.0045001502038672534,0.0045001536424230035,0.0045001502038672534,0.004500146771453193,0.0045001348769180653],[0.00450014180615716,0.0045001536241030468,0.0045001536424230035,0.004500160018614697,0.0045001536424230035,0.0045001536241030468,0.00450014180615716],[0.0045001348769180653,0.004500146771453193,0.0045001502038672534,0.0045001536424230035,0.0045001502038672534,0.004500146771453193,0.0045001348769180653],[0.004500136199029954,0.004500147861510346,0.004500146771453193,0.0045001536241030468,0.004500146771453193,0.004500147861510346,0.004500136199029954],[0.0045001245824358915,0.004500136199029954,0.0045001348769180653,0.00450014180615716,0.0045001348769180653,0.004500136199029954,0.0045001245824358915]],[[0.004500131608117278,0.0045001434098548322,0.0045001420676597731,0.0045001491092258308,0.0045001420676597731,0.0045001434098548322,0.004500131608117278],[0.0045001434098548322,0.0045001552474100851,0.0045001541417868341,0.00450016109887227,0.0045001541417868341,0.0045001552474100851,0.0045001434098548322],[0.0045001420676597731,0.0045001541417868341,0.0045001576260189358,0.0045001611164794293,0.0045001576260189358,0.0045001541417868341,0.0045001420676597731],[0.0045001491092258308,0.00450016109887227,0.0045001611164794293,0.0045001675879928257,0.0045001611164794293,0.00450016109887227,0.0045001491092258308],[0.0045001420676597731,0.0045001541417868341,0.0045001576260189358,0.0045001611164794293,0.0045001576260189358,0.0045001541417868341,0.0045001420676597731],[0.0045001434098548322,0.0045001552474100851,0.0045001541417868341,0.00450016109887227,0.0045001541417868341,0.0045001552474100851,0.0045001434098548322],[0.004500131608117278,0.0045001434098548322,0.0045001420676597731,0.0045001491092258308,0.0045001420676597731,0.0045001434098548322,0.004500131608117278]],[[0.0045001387438377239,0.0045001507273098422,0.0045001493653344174,0.0045001565170342851,0.0045001493653344174,0.0045001507273098422,0.0045001387438377239],[0.0045001507273098422,0.0045001627373996026,0.0045001616163801829,0.0045001686762801332,0.0045001616163801829,0.0045001627373996026,0.0045001507273098422],[0.0045001493653344174,0.0045001616163801829,0.0045001651516590625,0.00450016869325214,0.0045001651516590625,0.0045001616163801829,0.0045001493653344174],[0.0045001565170342851,0.0045001686762801332,0.00450016869325214,0.0045001752587319251,0.00450016869325214,0.0045001686762801332,0.0045001565170342851],[0.0045001493653344174,0.0045001616163801829,0.0045001651516590625,0.00450016869325214,0.0045001651516590625,0.0045001616163801829,0.0045001493653344174],[0.0045001507273098422,0.0045001627373996026,0.0045001616163801829,0.0045001686762801332,0.0045001616163801829,0.0045001627373996026,0.0045001507273098422],[0.0045001387438377239,0.0045001507273098422,0.0045001493653344174,0.0045001565170342851,0.0045001493653344174,0.0045001507273098422,0.0045001387438377239]],[[0.0045001459876928022,0.0045001581499517244,0.0045001567684553583,0.0045001640283885685,0.0045001567684553583,0.0045001581499517244,0.0045001459876928022],[0.0045001581499517244,0.0045001703304033266,0.0045001691941305971,0.0045001763554539864,0.0045001691941305971,0.0045001703304033266,0.0045001581499517244],[0.0045001567684553583,0.0045001691941305971,0.0045001727797957794,0.0045001763718602091,0.0045001727797957794,0.0045001691941305971,0.0045001567684553583],[0.0045001640283885685,0.0045001763554539864,0.0045001763718602091,0.0045001830301484675,0.0045001763718602091,0.0045001763554539864,0.0045001640283885685],[0.0045001567684553583,0.0045001691941305971,0.0045001727797957794,0.0045001763718602091,0.0045001727797957794,0.0045001691941305971,0.0045001567684553583],[0.0045001581499517244,0.0045001703304033266,0.0045001691941305971,0.0045001763554539864,0.0045001691941305971,0.0045001703304033266,0.0045001581499517244],[0.0045001459876928022,0.0045001581499517244,0.0045001567684553583,0.0045001640283885685,0.0045001567684553583,0.0045001581499517244,0.0045001459876928022]],[[0.0045001533380399916,0.0045001656765509363,0.0045001642757542242,0.0045001716422822559,0.0045001642757542242,0.0045001656765509363,0.0045001533380399916],[0.0045001656765509363,0.0045001780255217476,0.0045001768741142175,0.0045001841356762592,0.0045001768741142175,0.0045001780255217476,0.0045001656765509363],[0.0045001642757542242,0.0045001768741142175,0.004500180509604634,0.00450018415157872,0.004500180509604634,0.0045001768741142175,0.0045001642757542242],[0.0045001716422822559,0.0045001841356762592,0.00450018415157872,0.0045001909016947426,0.00450018415157872,0.0045001841356762592,0.0045001716422822559],[0.0045001642757542242,0.0045001768741142175,0.004500180509604634,0.00450018415157872,0.004500180509604634,0.0045001768741142175,0.0045001642757542242],[0.0045001656765509363,0.0045001780255217476,0.0045001768741142175,0.0045001841356762592,0.0045001768741142175,0.0045001780255217476,0.0045001656765509363],[0.0045001533380399916,0.0045001656765509363,0.0045001642757542242,0.0045001716422822559,0.0045001642757542242,0.0045001656765509363,0.0045001533380399916]],[[0.0045001607934715155,0.0045001733060699625,0.0045001718861587435,0.0045001793578776424,0.0045001718861587435,0.0045001733060699625,0.0045001607934715155],[0.0045001733060699625,0.0045001858220139112,0.00450018465556819,0.0045001920163692992,0.00450018465556819,0.0045001858220139112,0.0045001733060699625],[0.0045001718861587435,0.00450018465556819,0.004500188340412048,0.0045001920318235031,0.004500188340412048,0.00450018465556819,0.0045001718861587435],[0.0045001793578776424,0.0045001920163692992,0.0045001920318235031,0.0045001988729458254,0.0045001920318235031,0.0045001920163692992,0.0045001793578776424],[0.0045001718861587435,0.00450018465556819,0.004500188340412048,0.0045001920318235031,0.004500188340412048,0.00450018465556819,0.0045001718861587435],[0.0045001733060699625,0.0045001858220139112,0.00450018465556819,0.0045001920163692992,0.00450018465556819,0.0045001858220139112,0.0045001733060699625],[0.0045001607934715155,0.0045001733060699625,0.0045001718861587435,0.0045001793578776424,0.0045001718861587435,0.0045001733060699625,0.0045001607934715155]],[[0.0045001683527901562,0.0045001810376438548,0.00450017959877263,0.0045001871744889616,0.00450017959877263,0.0045001810376438548,0.0045001683527901562],[0.0045001810376438548,0.0045001937192815748,0.0045001925378744924,0.004500199997081563,0.0045001925378744924,0.0045001937192815748,0.0045001810376438548],[0.00450017959877263,0.0045001925378744924,0.0045001962716802978,0.00450020001213723,0.0045001962716802978,0.0045001925378744924,0.00450017959877263],[0.0045001871744889616,0.004500199997081563,0.00450020001213723,0.0045002069435876374,0.00450020001213723,0.004500199997081563,0.0045001871744889616],[0.00450017959877263,0.0045001925378744924,0.0045001962716802978,0.00450020001213723,0.0045001962716802978,0.0045001925378744924,0.00450017959877263],[0.0045001810376438548,0.0045001937192815748,0.0045001925378744924,0.004500199997081563,0.0045001925378744924,0.0045001937192815748,0.0045001810376438548],[0.0045001683527901562,0.0045001810376438548,0.00450017959877263,0.0045001871744889616,0.00450017959877263,0.0045001810376438548,0.0045001683527901562]],[[0.0045001760149877132,0.0045001888705629694,0.0045001874128581141,0.0045001950915672965,0.0045001874128581141,0.0045001888705629694,0.0045001760149877132],[0.0045001888705629694,0.004500201716855206,0.004500200520545743,0.0045002080774754274,0.004500200520545743,0.004500201716855206,0.0045001888705629694],[0.0045001874128581141,0.004500200520545743,0.0045002043029942554,0.0045002080921771213,0.0045002043029942554,0.004500200520545743,0.0045001874128581141],[0.0045001950915672965,0.0045002080774754274,0.0045002080921771213,0.0045002151134063981,0.0045002080921771213,0.0045002080774754274,0.0045001950915672965],[0.0045001874128581141,0.004500200520545743,0.0045002043029942554,0.0045002080921771213,0.0045002043029942554,0.004500200520545743,0.0045001874128581141],[0.0045001888705629694,0.004500201716855206,0.004500200520545743,0.0045002080774754274,0.004500200520545743,0.004500201716855206,0.0045001888705629694],[0.0045001760149877132,0.0045001888705629694,0.0045001874128581141,0.0045001950915672965,0.0045001874128581141,0.0045001888705629694,0.0045001760149877132]],[[0.0045001837792259186,0.0045001968042575327,0.0045001953278200483,0.004500203108687326,0.0045001953278200483,0.0045001968042575327,0.0045001837792259186],[0.0045001968042575327,0.0045002098143813885,0.0045002086032124083,0.0045002162573162226,0.0045002086032124083,0.0045002098143813885,0.0045001968042575327],[0.0045001953278200483,0.0045002086032124083,0.0045002124340494821,0.0045002162717039237,0.0045002124340494821,0.0045002086032124083,0.0045001953278200483],[0.004500203108687326,0.0045002162573162226,0.0045002162717039237,0.0045002233822790966,0.0045002162717039237,0.0045002162573162226,0.004500203108687326],[0.0045001953278200483,0.0045002086032124083,0.0045002124340494821,0.0045002162717039237,0.0045002124340494821,