{"M_cells":[[[0.0045,0.0045,0.0045,0.0045,0.0045,0.0045,0.0045],[0.0045,0.0045,0.0045,0.0045,0.0045,0.0045,0.0045],[0.0045,0.0045,0.0045,0.0045,0.0045,0.0045,0.0045],[0.0045,0.0045,0.0045,0.0045,0.0045,0.0045,0.0045],[0.0045,0.0045,0.0045,0.0045,0.0045,0.0045,0.0045],[0.0045,0.0045,0.0045,0.0045,0.0045,0.0045,0.0045],[0.0045,0.0045,0.0045,0.0045,0.0045,0.0045,0.0045]],[[0.0045000568174908186,0.0045003283330174258,0.0045002921124303293,0.0045004273489152929,0.0045002921124303293,0.0045003283330174258,0.0045000568174908186],[0.0045003283330174258,0.00450139932740707,0.00450127909400347,0.0045018076029957966,0.00450127909400347,0.00450139932740707,0.0045003283330174258],[0.0045002921124303293,0.00450127909400347,0.00450157032297658,0.004501863142987555,0.00450157032297658,0.00450127909400347,0.0045002921124303293],[0.0045004273489152929,0.0045018076029957966,0.004501863142987555,0.0045024583092208347,0.004501863142987555,0.0045018076029957966,0.0045004273489152929],[0.0045002921124303293,0.00450127909400347,0.00450157032297658,0.004501863142987555,0.00450157032297658,0.00450127909400347,0.0045002921124303293],[0.0045003283330174258,0.00450139932740707,0.00450127909400347,0.0045018076029957966,0.00450127909400347,0.00450139932740707,0.0045003283330174258],[0.0045000568174908186,0.0045003283330174258,0.0045002921124303293,0.0045004273489152929,0.0045002921124303293,0.0045003283330174258,0.0045000568174908186]],[[0.0045003993678921824,0.0045013146332406545,0.0045011939581405128,0.0045016641403681328,0.0045011939581405128,0.0045013146332406545,0.0045003993678921824],[0.0045013146332406545,0.0045034566789773677,0.0045032191597612833,0.0045043174837826683,0.0045032191597612833,0.0045034566789773677,0.0045013146332406545],[0.0045011939581405128,0.0045032191597612833,0.004503813069737502,0.0045044091262574828,0.004503813069737502,0.0045032191597612833,0.0045011939581405128],[0.0045016641403681328,0.0045043174837826683,0.0045044091262574828,0.0045055984545313114,0.0045044091262574828,0.0045043174837826683,0.0045016641403681328],[0.0045011939581405128,0.0045032191597612833,0.004503813069737502,0.0045044091262574828,0.004503813069737502,0.0045032191597612833,0.0045011939581405128],[0.0045013146332406545,0.0045034566789773677,0.0045032191597612833,0.0045043174837826683,0.0045032191597612833,0.0045034566789773677,0.0045013146332406545],[0.0045003993678921824,0.0045013146332406545,0.0045011939581405128,0.0045016641403681328,0.0045011939581405128,0.0045013146332406545,0.0045003993678921824]],[[0.00450119539384427,0.0045029581693001317,0.0045027278115415559,0.0045036567398063958,0.0045027278115415559,0.0045029581693001317,0.00450119539384427],[0.0045029581693001317,0.0045061705825167071,0.004505818838999134,0.0045075120397477988,0.004505818838999134,0.0045061705825167071,0.0045029581693001317],[0.0045027278115415559,0.004505818838999134,0.004506721192659751,0.0045076262463131711,0.004506721192659751,0.004505818838999134,0.0045027278115415559],[0.0045036567398063958,0.0045075120397477988,0.0045076262463131711,0.00450940786628487,0.0045076262463131711,0.0045075120397477988,0.0045036567398063958],[0.0045027278115415559,0.004505818838999134,0.004506721192659751,0.0045076262463131711,0.004506721192659751,0.004505818838999134,0.0045027278115415559],[0.0045029581693001317,0.0045061705825167071,0.004505818838999134,0.0045075120397477988,0.004505818838999134,0.0045061705825167071,0.0045029581693001317],[0.00450119539384427,0.0045029581693001317,0.0045027278115415559,0.0045036567398063958,0.0045027278115415559,0.0045029581693001317,0.00450119539384427]],[[0.0045025367353227781,0.0045052585770543677,0.0045049061690442052,0.0045063704372043448,0.0045049061690442052,0.0045052585770543677,0.0045025367353227781],[0.0045052585770543677,0.004509540879712802,0.0045090781278259492,0.0045113813820530585,0.0045090781278259492,0.004509540879712802,0.0045052585770543677],[0.0045049061690442052,0.0045090781278259492,0.00451029222290526,0.0045115095693818111,0.00451029222290526,0.0045090781278259492,0.0045049061690442052],[0.0045063704372043448,0.0045113813820530585,0.0045115095693818111,0.0045138816357178342,0.0045115095693818111,0.0045113813820530585,0.0045063704372043448],[0.0045049061690442052,0.0045090781278259492,0.00451029222290526,0.0045115095693818111,0.00451029222290526,0.0045090781278259492,0.0045049061690442052],[0.0045052585770543677,0.004509540879712802,0.0045090781278259492,0.0045113813820530585,0.0045090781278259492,0.004509540879712802,0.0045052585770543677],[0.0045025367353227781,0.0045052585770543677,0.0045049061690442052,0.0045063704372043448,0.0045049061690442052,0.0045052585770543677,0.0045025367353227781]],[[0.0045044736350149548,0.0045082154724798386,0.0045077356541715543,0.0045097824614005041,0.0045077356541715543,0.0045082154724798386,0.0045044736350149548],[0.0045082154724798386,0.00451356697349333,0.0045129961569652785,0.004515918420603047,0.0045129961569652785,0.00451356697349333,0.0045082154724798386],[0.0045077356541715543,0.0045129961569652785,0.0045145237434939308,0.0045160551308460013,0.0045145237434939308,0.0045129961569652785,0.0045077356541715543],[0.0045097824614005041,0.004515918420603047,0.0045160551308460013,0.0045190158272973031,0.0045160551308460013,0.004515918420603047,0.0045097824614005041],[0.0045077356541715543,0.0045129961569652785,0.0045145237434939308,0.0045160551308460013,0.0045145237434939308,0.0045129961569652785,0.0045077356541715543],[0.0045082154724798386,0.00451356697349333,0.0045129961569652785,0.004515918420603047,0.0045129961569652785,0.00451356697349333,0.0045082154724798386],[0.0045044736350149548,0.0045082154724798386,0.0045077356541715543,0.0045097824614005041,0.0045077356541715543,0.0045082154724798386,0.0045044736350149548]],[[0.0045070334517109383,0.0045118282906769988,0.0045112193794237575,0.0045138775966852389,0.0045112193794237575,0.0045118282906769988,0.0045070334517109383],[0.0045118282906769988,0.0045182479377317069,0.0045175715749651082,0.0045211178832931138,0.0045175715749651082,0.0045182479377317069,0.0045118282906769988],[0.0045112193794237575,0.0045175715749651082,0.004519413431105089,0.0045212596356021236,0.004519413431105089,0.0045175715749651082,0.0045112193794237575],[0.0045138775966852389,0.0045211178832931138,0.0045212596356021236,0.0045248071776195437,0.0045212596356021236,0.0045211178832931138,0.0045138775966852389],[0.0045112193794237575,0.0045175715749651082,0.004519413431105089,0.0045212596356021236,0.004519413431105089,0.0045175715749651082,0.0045112193794237575],[0.0045118282906769988,0.0045182479377317069,0.0045175715749651082,0.0045211178832931138,0.0045175715749651082,0.0045182479377317069,0.0045118282906769988],[0.0045070334517109383,0.0045118282906769988,0.0045112193794237575,0.0045138775966852389,0.0045112193794237575,0.0045118282906769988,0.0045070334517109383]],[[0.0045102308898601349,0.0045160962420315812,0.0045153583731738995,0.0045186454281303584,0.0045153583731738995,0.0045160962420315812,0.0045102308898601349],[0.0045160962420315812,0.0045235826068906453,0.0045228027733424615,0.0045269756883036553,0.0045228027733424615,0.0045235826068906453,0.0045160962420315812],[0.0045153583731738995,0.0045228027733424615,0.0045249590677055029,0.0045271202561545506,0.0045249590677055029,0.0045228027733424615,0.0045153583731738995],[0.0045186454281303584,0.0045269756883036553,0.0045271202561545506,0.0045312528924532367,0.0045271202561545506,0.0045269756883036553,0.0045186454281303584],[0.0045153583731738995,0.0045228027733424615,0.0045249590677055029,0.0045271202561545506,0.0045249590677055029,0.0045228027733424615,0.0045153583731738995],[0.0045160962420315812,0.0045235826068906453,0.0045228027733424615,0.0045269756883036553,0.0045228027733424615,0.0045235826068906453,0.0045160962420315812],[0.0045102308898601349,0.0045160962420315812,0.0045153583731738995,0.0045186454281303584,0.0045153583731738995,0.0045160962420315812,0.0045102308898601349]],[[0.0045140736092625974,0.0045210183237701885,0.0045201524391737715,0.0045240786059604745,0.0045201524391737715,0.0045210183237701885,0.0045140736092625974],[0.0045210183237701885,0.0045295696465644823,0.0045286880175536733,0.00453348854071246,0.0045286880175536733,0.0045295696465644823,0.0045210183237701885],[0.0045201524391737715,0.0045286880175536733,0.004531158537711218,0.004533634495961154,0.004531158537711218,0.0045286880175536733,0.0045201524391737715],[0.0045240786059604745,0.00453348854071246,0.004533634495961154,0.0045383505093347662,0.004533634495961154,0.00453348854071246,0.0045240786059604745],[0.0045201524391737715,0.0045286880175536733,0.004531158537711218,0.004533634495961154,0.004531158537711218,0.0045286880175536733,0.0045201524391737715],[0.0045210183237701885,0.0045295696465644823,0.0045286880175536733,0.00453348854071246,0.0045286880175536733,0.0045295696465644823,0.0045210183237701885],[0.0045140736092625974,0.0045210183237701885,0.0045201524391737715,0.0045240786059604745,0.0045201524391737715,0.0045210183237701885,0.0045140736092625974]],[[0.00451856531535398,0.0045265933539182408,0.0045256006724265869,0.0045301717488536062,0.0045256006724265869,0.0045265933539182408,0.00451856531535398],[0.0045265933539182408,0.0045362076075392633,0.0045352255221744481,0.004540653672119351,0.0045352255221744481,0.0045362076075392633,0.0045265933539182408],[0.0045256006724265869,0.0045352255221744481,0.0045380098191227279,0.0045408000965208549,0.0045380098191227279,0.0045352255221744481,0.0045256006724265869],[0.0045301717488536062,0.004540653672119351,0.0045408000965208549,0.0045460978041256322,0.0045408000965208549,0.004540653672119351,0.0045301717488536062],[0.0045256006724265869,0.0045352255221744481,0.0045380098191227279,0.0045408000965208549,0.0045380098191227279,0.0045352255221744481,0.0045256006724265869],[0.0045265933539182408,0.0045362076075392633,0.0045352255221744481,0.004540653672119351,0.0045352255221744481,0.0045362076075392633,0.0045265933539182408],[0.00451856531535398,0.0045265933539182408,0.0045256006724265869,0.0045301717488536062,0.0045256006724265869,0.0045265933539182408,0.00451856531535398]],[[0.0045237074723202732,0.0045328200108733473,0.0045317017674348795,0.0045369207487790317,0.0045317017674348795,0.0045328200108733473,0.0045237074723202732],[0.0045328200108733473,0.0045434949664065168,0.00454241349326303,0.0045484686717796666,0.00454241349326303,0.0045434949664065168,0.0045328200108733473],[0.0045317017674348795,0.00454241349326303,0.0045455109729710978,0.0045486149739023558,0.0045455109729710978,0.00454241349326303,0.0045317017674348795],[0.0045369207487790317,0.0045484686717796666,0.0045486149739023558,0.0045544927271716756,0.0045486149739023558,0.0045484686717796666,0.0045369207487790317],[0.0045317017674348795,0.00454241349326303,0.0045455109729710978,0.0045486149739023558,0.0045455109729710978,0.00454241349326303,0.0045317017674348795],[0.0045328200108733473,0.0045434949664065168,0.00454241349326303,0.0045484686717796666,0.00454241349326303,0.0045434949664065168,0.0045328200108733473],[0.0045237074723202732,0.0045328200108733473,0.0045317017674348795,0.0045369207487790317,0.0045317017674348795,0.0045328200108733473,0.0045237074723202732]],[[0.0045295002607483575,0.0045396968707157705,0.0045384542013521311,0.0045443223288274548,0.0045384542013521311,0.0045396968707157705,0.0045295002607483575],[0.0045396968707157705,0.0045514301555909928,0.004550250151589926,0.00455693137651592,0.004550250151589926,0.0045514301555909928,0.0045396968707157705],[0.0045384542013521311,0.004550250151589926,0.0045536601331423888,0.0045570771751640695,0.0045536601331423888,0.004550250151589926,0.0045384542013521311],[0.0045443223288274548,0.00455693137651592,0.0045570771751640695,0.0045635333594699363,0.0045570771751640695,0.00455693137651592,0.0045443223288274548],[0.0045384542013521311,0.004550250151589926,0.0045536601331423888,0.0045570771751640695,0.0045536601331423888,0.004550250151589926,0.0045384542013521311],[0.0045396968707157705,0.0045514301555909928,0.004550250151589926,0.00455693137651592,0.004550250151589926,0.0045514301555909928,0.0045396968707157705],[0.0045295002607483575,0.0045396968707157705,0.0045384542013521311,0.0045443223288274548,0.0045384542013521311,0.0045396968707157705,0.0045295002607483575]],[[0.004535943118753,0.0045472224391324544,0.004545856342017855,0.00455237376088498,0.004545856342017855,0.0045472224391324544,0.004535943118753],[0.0045472224391324544,0.0045600115852531811,0.0045587337448419309,0.0045660397985391246,0.0045587337448419309,0.0045600115852531811,0.0045472224391324544],[0.004545856342017855,0.0045587337448419309,0.0045624554974348546,0.0045661848482656323,0.0045624554974348546,0.0045587337448419309,0.004545856342017855],[0.00455237376088498,0.0045660397985391246,0.0045661848482656323,0.0045732178824110974,0.0045661848482656323,0.0045660397985391246,0.00455237376088498],[0.004545856342017855,0.0045587337448419309,0.0045624554974348546,0.0045661848482656323,0.0045624554974348546,0.0045587337448419309,0.004545856342017855],[0.0045472224391324544,0.0045600115852531811,0.0045587337448419309,0.0045660397985391246,0.0045587337448419309,0.0045600115852531811,0.0045472224391324544],[0.004535943118753,0.0045472224391324544,0.004545856342017855,0.00455237376088498,0.004545856342017855,0.0045472224391324544,0.004535943118753]],[[0.0045430350518386349,0.0045553951772295126,0.0045539065110678156,0.0045610726846047993,0.0045539065110678156,0.0045553951772295126,0.0045430350518386349],[0.0045553951772295126,0.0045692376590639556,0.0045678625535661536,0.004575792077823073,0.0045678625535661536,0.0045692376590639556,0.0045553951772295126],[0.0045539065110678156,0.0045678625535661536,0.0045718953200769852,0.0045759362211612326,0.0045718953200769852,0.0045678625535661536,0.0045539065110678156],[0.0045610726846047993,0.004575792077823073,0.0045759362211612326,0.0045835445567638305,0.0045759362211612326,0.004575792077823073,0.0045610726846047993],[0.0045539065110678156,0.0045678625535661536,0.0045718953200769852,0.0045759362211612326,0.0045718953200769852,0.0045678625535661536,0.0045539065110678156],[0.0045553951772295126,0.0045692376590639556,0.0045678625535661536,0.004575792077823073,0.0045678625535661536,0.0045692376590639556,0.0045553951772295126],[0.0045430350518386349,0.0045553951772295126,0.0045539065110678156,0.0045610726846047993,0.0045539065110678156,0.0045553951772295126,0.0045430350518386349]],[[0.0045507748131595931,0.0045642135216342394,0.0045626030203120855,0.0045704169907807091,0.0045626030203120855,0.0045642135216342394,0.0045507748131595931],[0.0045642135216342394,0.004579106785425573,0.0045776348936351968,0.00458618645045223,0.0045776348936351968,0.004579106785425573,0.0045642135216342394],[0.0045626030203120855,0.0045776348936351968,0.0045819779056424908,0.004586329587165457,0.0045819779056424908,0.0045776348936351968,0.0045626030203120855],[0.0045704169907807091,0.00458618645045223,0.004586329587165457,0.004594511707974272,0.004586329587165457,0.00458618645045223,0.0045704169907807091],[0.0045626030203120855,0.0045776348936351968,0.0045819779056424908,0.004586329587165457,0.0045819779056424908,0.0045776348936351968,0.0045626030203120855],[0.0045642135216342394,0.004579106785425573,0.0045776348936351968,0.00458618645045223,0.0045776348936351968,0.004579106785425573,0.0045642135216342394],[0.0045507748131595931,0.0045642135216342394,0.0045626030203120855,0.0045704169907807091,0.0045626030203120855,0.0045642135216342394,0.0045507748131595931]],[[0.0045591610102737367,0.0045736758997197268,0.0045719441923020923,0.0045804047458146788,0.0045719441923020923,0.0045736758997197268,0.0045591610102737367],[0.0045736758997197268,0.0045896173853445955,0.004588049116836068,0.0045972212274109992,0.004588049116836068,0.0045896173853445955,0.0045736758997197268],[0.0045719441923020923,0.004588049116836068,0.0045927016041772718,0.0045973632946192475,0.0045927016041772718,0.004588049116836068,0.0045719441923020923],[0.0045804047458146788,0.0045972212274109992,0.0045973632946192475,0.0046061177157954505,0.0045973632946192475,0.0045972212274109992,0.0045804047458146788],[0.0045719441923020923,0.004588049116836068,0.0045927016041772718,0.0045973632946192475,0.0045927016041772718,0.004588049116836068,0.0045719441923020923],[0.0045736758997197268,0.0045896173853445955,0.004588049116836068,0.0045972212274109992,0.004588049116836068,0.0045896173853445955,0.0045736758997197268],[0.0045591610102737367,0.0045736758997197268,0.0045719441923020923,0.0045804047458146788,0.0045719441923020923,0.0045736758997197268,0.0045591610102737367]],[[0.0045681921695853254,0.0045837807408783508,0.004581928371618897,0.0045910341424987419,0.004581928371618897,0.0045837807408783508,0.0045681921695853254],[0.0045837807408783508,0.0046007678978657414,0.0045991036104924589,0.00460889478022887,0.0045991036104924589,0.0046007678978657414,0.0045837807408783508],[0.004581928371618897,0.0045991036104924589,0.0046040648073215349,0.0046090357395126152,0.0046040648073215349,0.0045991036104924589,0.004581928371618897],[0.0045910341424987419,0.00460889478022887,0.0046090357395126152,0.0046183610068940882,0.0046090357395126152,0.00460889478022887,0.0045910341424987419],[0.004581928371618897,0.0045991036104924589,0.0046040648073215349,0.0046090357395126152,0.0046040648073215349,0.0045991036104924589,0.004581928371618897],[0.0045837807408783508,0.0046007678978657414,0.0045991036104924589,0.00460889478022887,0.0045991036104924589,0.0046007678978657414,0.0045837807408783508],[0.0045681921695853254,0.0045837807408783508,0.004581928371618897,0.0045910341424987419,0.004581928371618897,0.0045837807408783508,0.0045681921695853254]],[[0.0045778667760008945,0.0045945264847006319,0.00459255393077113,0.0046023034677195188,0.00459255393077113,0.0045945264847006319,0.0045778667760008945],[0.0045945264847006319,0.004612556783742389,0.0046107967966281952,0.0046212055311515747,0.0046107967966281952,0.004612556783742389,0.0045945264847006319],[0.00459255393077113,0.0046107967966281952,0.0046160659452235287,0.004621345360149208,0.0046160659452235287,0.0046107967966281952,0.00459255393077113],[0.0046023034677195188,0.0046212055311515747,0.004621345360149208,0.0046312400495131757,0.004621345360149208,0.0046212055311515747,0.0046023034677195188],[0.00459255393077113,0.0046107967966281952,0.0046160659452235287,0.004621345360149208,0.0046160659452235287,0.0046107967966281952,0.00459255393077113],[0.0045945264847006319,0.004612556783742389,0.0046107967966281952,0.0046212055311515747,0.0046107967966281952,0.004612556783742389,0.0045945264847006319],[0.0045778667760008945,0.0045945264847006319,0.00459255393077113,0.0046023034677195188,0.00459255393077113,0.0045945264847006319,0.0045778667760008945]],[[0.004588183297772796,0.0046059115867914877,0.0046038192730004819,0.0046142110810883314,0.0046038192730004819,0.0046059115867914877,0.004588183297772796],[0.0046059115867914877,0.0046249825278417769,0.0046231271309452142,0.0046341519463137786,0.0046231271309452142,0.0046249825278417769,0.0046059115867914877],[0.0046038192730004819,0.0046231271309452142,0.0046287034840673128,0.004634290633224355,0.0046287034840673128,0.0046231271309452142,0.0046038192730004819],[0.0046142110810883314,0.0046341519463137786,0.004634290633224355,0.00464475334955718,0.004634290633224355,0.0046341519463137786,0.0046142110810883314],[0.0046038192730004819,0.0046231271309452142,0.0046287034840673128,0.004634290633224355,0.0046287034840673128,0.0046231271309452142,0.0046038192730004819],[0.0046059115867914877,0.0046249825278417769,0.0046231271309452142,0.0046341519463137786,0.0046231271309452142,0.0046249825278417769,0.0046059115867914877],[0.004588183297772796,0.0046059115867914877,0.0046038192730004819,0.0046142110810883314,0.0046038192730004819,0.0046059115867914877,0.004588183297772796]],[[0.0045991402022975986,0.0046179345228109236,0.00461572283334643,0.00462675540066047,0.00461572283334643,0.0046179345228109236,0.0045991402022975986],[0.0046179345228109236,0.0046380436406465754,0.0046360931017588253,0.0046477325309144581,0.0046360931017588253,0.0046380436406465754,0.0046179345228109236],[0.00461572283334643,0.0046360931017588253,0.0046419759240709643,0.0046478700708865225,0.0046419759240709643,0.0046360931017588253,0.00461572283334643],[0.00462675540066047,0.0046477325309144581,0.0046478700708865225,0.00465889944766643,0.0046478700708865225,0.0046477325309144581,0.00462675540066047],[0.00461572283334643,0.0046360931017588253,0.0046419759240709643,0.0046478700708865225,0.0046419759240709643,0.0046360931017588253,0.00461572283334643],[0.0046179345228109236,0.0046380436406465754,0.0046360931017588253,0.0046477325309144581,0.0046360931017588253,0.0046380436406465754,0.0046179345228109236],[0.0045991402022975986,0.0046179345228109236,0.00461572283334643,0.00462675540066047,0.00461572283334643,0.0046179345228109236,0.0045991402022975986]],[[0.0046107359662696679,0.0046305937912039562,0.0046282630787550585,0.0046399348932739046,0.0046282630787550585,0.0046305937912039562,0.0046107359662696679],[0.0046305937912039562,0.0046517386591172789,0.0046496932289591137,0.0046619458257354208,0.0046496932289591137,0.0046517386591172789,0.0046305937912039562],[0.0046282630787550585,0.0046496932289591137,0.0046558817978412329,0.0046620822184855228,0.0046558817978412329,0.0046496932289591137,0.0046282630787550585],[0.0046399348932739046,0.0046619458257354208,0.0046620822184855228,0.0046736769169815956,0.0046620822184855228,0.0046619458257354208,0.0046399348932739046],[0.0046282630787550585,0.0046496932289591137,0.0046558817978412329,0.0046620822184855228,0.0046558817978412329,0.0046496932289591137,0.0046282630787550585],[0.0046305937912039562,0.0046517386591172789,0.0046496932289591137,0.0046619458257354208,0.0046496932289591137,0.0046517386591172789,0.0046305937912039562],[0.0046107359662696679,0.0046305937912039562,0.0046282630787550585,0.0046399348932739046,0.0046282630787550585,0.0046305937912039562,0.0046107359662696679]],[[0.004622969082235499,0.0046438879149688838,0.0046414385076824728,0.00465374806791392,0.0046414385076824728,0.0046438879149688838,0.004622969082235499],[0.0046438879149688838,0.0046660661471021872,0.0046639260630260155,0.0046767904045649589,0.0046639260630260155,0.0046660661471021872,0.0046438879149688838],[0.0046414385076824728,0.0046639260630260155,0.0046704196689953308,0.004676925652801164,0.0046704196689953308,0.0046639260630260155,0.0046414385076824728],[0.00465374806791392,0.0046767904045649589,0.004676925652801164,0.0046890843613902906,0.004676925652801164,0.0046767904045649589,0.00465374806791392],[0.0046414385076824728,0.0046639260630260155,0.0046704196689953308,0.004676925652801164,0.0046704196689953308,0.0046639260630260155,0.0046414385076824728],[0.0046438879149688838,0.0046660661471021872,0.0046639260630260155,0.0046767904045649589,0.0046639260630260155,0.0046660661471021872,0.0046438879149688838],[0.004622969082235499,0.0046438879149688838,0.0046414385076824728,0.00465374806791392,0.0046414385076824728,0.0046438879149688838,0.004622969082235499]],[[0.0046358380628075549,0.0046578154427312978,0.004655247649449106,0.0046681934710714112,0.004655247649449106,0.0046578154427312978,0.0046358380628075549],[0.0046578154427312978,0.0046810246954322411,0.0046787901841076063,0.0046922648722371113,0.0046787901841076063,0.0046810246954322411,0.0046578154427312978],[0.004655247649449106,0.0046787901841076063,0.0046855881309842478,0.0046923989806117623,0.0046855881309842478,0.0046787901841076063,0.004655247649449106],[0.0046681934710714112,0.0046922648722371113,0.0046923989806117623,0.0047051204141140921,0.0046923989806117623,0.0046922648722371113,0.0046681934710714112],[0.004655247649449106,0.0046787901841076063,0.0046855881309842478,0.0046923989806117623,0.0046855881309842478,0.0046787901841076063,0.004655247649449106],[0.0046578154427312978,0.0046810246954322411,0.0046787901841076063,0.0046922648722371113,0.0046787901841076063,0.0046810246954322411,0.0046578154427312978],[0.0046358380628075549,0.0046578154427312978,0.004655247649449106,0.0046681934710714112,0.004655247649449106,0.0046578154427312978,0.0046358380628075549]],[[0.0046493414433318187,0.0046723749493193913,0.0046696890634837238,0.0046832696834205288,0.0046696890634837238,0.0046723749493193913,0.0046493414433318187],[0.0046723749493193913,0.0046966129217960511,0.0046942842011580338,0.0047083678630901278,0.0046942842011580338,0.0046966129217960511,0.0046723749493193913],[0.0046696890634837238,0.0046942842011580338,0.0047013858060655622,0.0047085008375019437,0.0047013858060655622,0.0046942842011580338,0.0046696890634837238],[0.0046832696834205288,0.0047083678630901278,0.0047085008375019437,0.0047217837365345263,0.0047085008375019437,0.0047083678630901278,0.0046832696834205288],[0.0046696890634837238,0.0046942842011580338,0.0047013858060655622,0.0047085008375019437,0.0047013858060655622,0.0046942842011580338,0.0046696890634837238],[0.0046723749493193913,0.0046966129217960511,0.0046942842011580338,0.0047083678630901278,0.0046942842011580338,0.0046966129217960511,0.0046723749493193913],[0.0046493414433318187,0.0046723749493193913,0.0046696890634837238,0.0046832696834205288,0.0046696890634837238,0.0046723749493193913,0.0046493414433318187]],[[0.00466347778351872,0.0046875650359832375,0.0046847613385335336,0.0046989753173764,0.0046847613385335336,0.0046875650359832375,0.00466347778351872],[0.0046875650359832375,0.0047128294704628882,0.0047104067511293162,0.0047250980397138681,0.0047104067511293162,0.0047128294704628882,0.0046875650359832375],[0.0046847613385335336,0.0047104067511293162,0.0047178113443887507,0.0047252298868415352,0.0047178113443887507,0.0047104067511293162,0.0046847613385335336],[0.0046989753173764,0.0047250980397138681,0.0047252298868415352,0.0047390730171893505,0.0047252298868415352,0.0047250980397138681,0.0046989753173764],[0.0046847613385335336,0.0047104067511293162,0.0047178113443887507,0.0047252298868415352,0.0047178113443887507,0.0047104067511293162,0.0046847613385335336],[0.0046875650359832375,0.0047128294704628882,0.0047104067511293162,0.0047250980397138681,0.0047104067511293162,0.0047128294704628882,0.0046875650359832375],[0.00466347778351872,0.0046875650359832375,0.0046847613385335336,0.0046989753173764,0.0046847613385335336,0.0046875650359832375,0.00466347778351872]],[[0.0046782456683710045,0.0047033843303634941,0.0047004630918782517,0.0047153090152412432,0.0047004630918782517,0.0047033843303634941,0.0046782456683710045],[0.0047033843303634941,0.0047296730119021253,0.0047271564982089877,0.0047424540918964463,0.0047271564982089877,0.0047296730119021253,0.0047033843303634941],[0.0047004630918782517,0.0047271564982089877,0.0047348634231643661,0.0047425848188863209,0.0047348634231643661,0.0047271564982089877,0.0047004630918782517],[0.0047153090152412432,0.0047424540918964463,0.0047425848188863209,0.0047569869708894291,0.0047425848188863209,0.0047424540918964463,0.0047153090152412432],[0.0047004630918782517,0.0047271564982089877,0.0047348634231643661,0.0047425848188863209,0.0047348634231643661,0.0047271564982089877,0.0047004630918782517],[0.0047033843303634941,0.0047296730119021253,0.0047271564982089877,0.0047424540918964463,0.0047271564982089877,0.0047296730119021253,0.0047033843303634941],[0.0046782456683710045,0.0047033843303634941,0.0047004630918782517,0.0047153090152412432,0.0047004630918782517,0.0047033843303634941,0.0046782456683710045]],[[0.0046936437086334626,0.0047198314862843442,0.0047167929685630362,0.0047322694477491632,0.0047167929685630362,0.0047198314862843442,0.0046936437086334626],[0.0047198314862843442,0.0047471422423316567,0.0047445321330947783,0.0047604347357092644,0.0047445321330947783,0.0047471422423316567,0.0047198314862843442],[0.0047167929685630362,0.0047445321330947783,0.0047525407458951672,0.0047605643499656972,0.0047525407458951672,0.0047445321330947783,0.0047167929685630362],[0.0047322694477491632,0.0047604347357092644,0.0047605643499656972,0.0047755243379209869,0.0047605643499656972,0.0047604347357092644,0.0047322694477491632],[0.0047167929685630362,0.0047445321330947783,0.0047525407458951672,0.0047605643499656972,0.0047525407458951672,0.0047445321330947783,0.0047167929685630362],[0.0047198314862843442,0.0047471422423316567,0.0047445321330947783,0.0047604347357092644,0.0047445321330947783,0.0047471422423316567,0.0047198314862843442],[0.0046936437086334626,0.0047198314862843442,0.0047167929685630362,0.0047322694477491632,0.0047167929685630362,0.0047198314862843442,0.0046936437086334626]],[[0.0047096705409142943,0.0047369051834236032,0.004733749640659095,0.0047498553128789613,0.004733749640659095,0.0047369051834236032,0.0047096705409142943],[0.0047369051834236032,0.0047652358832183939,0.0047625323722998046,0.0047790387126880876,0.0047625323722998046,0.0047652358832183939,0.0047369051834236032],[0.004733749640659095,0.0047625323722998046,0.0047708420416537308,0.004779167221732719,0.0047708420416537308,0.0047625323722998046,0.004733749640659095],[0.0047498553128789613,0.0047790387126880876,0.004779167221732719,0.0047946838833084387,0.004779167221732719,0.0047790387126880876,0.0047498553128789613],[0.004733749640659095,0.0047625323722998046,0.0047708420416537308,0.004779167221732719,0.0047708420416537308,0.0047625323722998046,0.004733749640659095],[0.0047369051834236032,0.0047652358832183939,0.0047625323722998046,0.0047790387126880876,0.0047625323722998046,0.0047652358832183939,0.0047369051834236032],[0.0047096705409142943,0.0047369051834236032,0.004733749640659095,0.0047498553128789613,0.004733749640659095,0.0047369051834236032,0.0047096705409142943]],[[0.0047263248275805211,0.0047546041268981473,0.0047513318065505591,0.0047680653348520785,0.0047513318065505591,0.0047546041268981473,0.0047263248275805211],[0.0047546041268981473,0.0047839526807460985,0.0047811559574813594,0.0047982647890811433,0.0047811559574813594,0.0047839526807460985,0.0047546041268981473],[0.0047513318065505591,0.0047811559574813594,0.0047897660643938982,0.0047983922004582224,0.0047897660643938982,0.0047811559574813594,0.0047513318065505591],[0.0047680653348520785,0.0047982647890811433,0.0047983922004582224,0.0048144643961191575,0.0047983922004582224,0.0047982647890811433,0.0047680653348520785],[0.0047513318065505591,0.0047811559574813594,0.0047897660643938982,0.0047983922004582224,0.0047897660643938982,0.0047811559574813594,0.0047513318065505591],[0.0047546041268981473,0.0047839526807460985,0.0047811559574813594,0.0047982647890811433,0.0047811559574813594,0.0047839526807460985,0.0047546041268981473],[0.0047263248275805211,0.0047546041268981473,0.0047513318065505591,0.0047680653348520785,0.0047513318065505591,0.0047546041268981473,0.0047263248275805211]],[[0.0047436052564976076,0.0047729270467900048,0.0047695381902438218,0.0047868982632538522,0.0047695381902438218,0.0047729270467900048,0.0047436052564976076],[0.0047729270467900048,0.0048032914052590506,0.0048004016547856226,0.0048181117551406687,0.0048004016547856226,0.0048032914052590506,0.0047729270467900048],[0.0047695381902438218,0.0048004016547856226,0.0048093115922844135,0.0048182380763534408,0.0048093115922844135,0.0048004016547856226,0.0047695381902438218],[0.0047868982632538522,0.0048181117551406687,0.0048182380763534408,0.0048348646887943639,0.0048182380763534408,0.0048181117551406687,0.0047868982632538522],[0.0047695381902438218,0.0048004016547856226,0.0048093115922844135,0.0048182380763534408,0.0048093115922844135,0.0048004016547856226,0.0047695381902438218],[0.0047729270467900048,0.0048032914052590506,0.0048004016547856226,0.0048181117551406687,0.0048004016547856226,0.0048032914052590506,0.0047729270467900048],[0.0047436052564976076,0.0047729270467900048,0.0047695381902438218,0.0047868982632538522,0.0047695381902438218,0.0047729270467900048,0.0047436052564976076]],[[0.0047615105406625929,0.0047918726976311325,0.0047883675406960521,0.0048063528722403926,0.0047883675406960521,0.0047918726976311325,0.0047615105406625929],[0.0047918726976311325,0.0048232508506878156,0.004820268254203541,0.0048385784244432527,0.004820268254203541,0.0048232508506878156,0.0047918726976311325],[0.0047883675406960521,0.004820268254203541,0.0048294774270573933,0.0048387036629110054,0.0048294774270573933,0.004820268254203541,0.0047883675406960521],[0.0048063528722403926,0.0048385784244432527,0.0048387036629110054,0.0048558835964955084,0.0048387036629110054,0.0048385784244432527,0.0048063528722403926],[0.0047883675406960521,0.004820268254203541,0.0048294774270573933,0.0048387036629110054,0.0048294774270573933,0.004820268254203541,0.0047883675406960521],[0.0047918726976311325,0.0048232508506878156,0.004820268254203541,0.0048385784244432527,0.004820268254203541,0.0048232508506878156,0.0047918726976311325],[0.0047615105406625929,0.0047918726976311325,0.0047883675406960521,0.0048063528722403926,0.0047883675406960521,0.0047918726976311325,0.0047615105406625929]],[[0.0047800394177622864,0.0048114398578570396,0.004807818631157648,0.0048264279598001685,0.004807818631157648,0.0048114398578570396,0.0047800394177622864],[0.0048114398578570396,0.0048438298339580788,0.0048407545689308218,0.0048596636332242605,0.0048407545689308218,0.0048438298339580788,0.0048114398578570396],[0.004807818631157648,0.0048407545689308218,0.0048502623933624183,0.0048597877962532118,0.0048502623933624183,0.0048407545689308218,0.004807818631157648],[0.0048264279598001685,0.0048596636332242605,0.0048597877962532118,0.0048775199764545096,0.0048597877962532118,0.0048596636332242605,0.0048264279598001685],[0.004807818631157648,0.0048407545689308218,0.0048502623933624183,0.0048597877962532118,0.0048502623933624183,0.0048407545689308218,0.004807818631157648],[0.0048114398578570396,0.0048438298339580788,0.0048407545689308218,0.0048596636332242605,0.0048407545689308218,0.0048438298339580788,0.0048114398578570396],[0.0047800394177622864,0.0048114398578570396,0.004807818631157648,0.0048264279598001685,0.004807818631157648,0.0048114398578570396,0.0047800394177622864]],[[0.004799190649677482,0.0048316273292362058,0.0048278902585216794,0.0048471223470496838,0.0048278902585216794,0.0048316273292362058,0.004799190649677482],[0.0048316273292362058,0.0048650271943817252,0.0048618594347250715,0.0048813662397145666,0.0048618594347250715,0.0048650271943817252,0.0048316273292362058],[0.0048278902585216794,0.0048618594347250715,0.0048716653381180039,0.0048814893344777668,0.0048716653381180039,0.0048618594347250715,0.0048278902585216794],[0.0048471223470496838,0.0048813662397145666,0.0048814893344777668,0.0048997727073172535,0.0048814893344777668,0.0048813662397145666,0.0048471223470496838],[0.0048278902585216794,0.0048618594347250715,0.0048716653381180039,0.0048814893344777668,0.0048716653381180039,0.0048618594347250715,0.0048278902585216794],[0.0048316273292362058,0.0048650271943817252,0.0048618594347250715,0.0048813662397145666,0.0048618594347250715,0.0048650271943817252,0.0048316273292362058],[0.004799190649677482,0.0048316273292362058,0.0048278902585216794,0.0048471223470496838,0.0048278902585216794,0.0048316273292362058,0.004799190649677482]],[[0.0048189630219481307,0.0048524339362766679,0.0048485812426750756,0.0048684348775456651,0.0048485812426750756,0.0048524339362766679,0.0048189630219481307],[0.0048524339362766679,0.0048868417930260661,0.00488358170925248,0.0049036851234676793,0.00488358170925248,0.0048868417930260661,0.0048524339362766679],[0.0048485812426750756,0.00488358170925248,0.00489368512985138,0.0049038071569906666,0.00489368512985138,0.00488358170925248,0.0048485812426750756],[0.0048684348775456651,0.0049036851234676793,0.0049038071569906666,0.0049226406884690125,0.0049038071569906666,0.0049036851234676793,0.0048684348775456651],[0.0048485812426750756,0.00488358170925248,0.00489368512985138,0.0049038071569906666,0.00489368512985138,0.00488358170925248,0.0048485812426750756],[0.0048524339362766679,0.0048868417930260661,0.00488358170925248,0.0049036851234676793,0.00488358170925248,0.0048868417930260661,0.0048524339362766679],[0.0048189630219481307,0.0048524339362766679,0.0048485812426750756,0.0048684348775456651,0.0048485812426750756,0.0048524339362766679,0.0048189630219481307]],[[0.0048393553432067278,0.0048738585256086946,0.0048698904258426224,0.0048903644165981825,0.0048698904258426224,0.0048738585256086946,0.0048393553432067278],[0.0048738585256086946,0.0049092725120539723,0.0049059202714136618,0.004926619184663604,0.0049059202714136618,0.0049092725120539723,0.0048738585256086946],[0.0048698904258426224,0.0049059202714136618,0.0049163206580150028,0.0049267401638133489,0.0049163206580150028,0.0049059202714136618,0.0048698904258426224],[0.0048903644165981825,0.004926619184663604,0.0049267401638133489,0.0049461228393273739,0.0049267401638133489,0.004926619184663604,0.0048903644165981825],[0.0048698904258426224,0.0049059202714136618,0.0049163206580150028,0.0049267401638133489,0.0049163206580150028,0.0049059202714136618,0.0048698904258426224],[0.0048738585256086946,0.0049092725120539723,0.0049059202714136618,0.004926619184663604,0.0049059202714136618,0.0049092725120539723,0.0048738585256086946],[0.0048393553432067278,0.0048738585256086946,0.0048698904258426224,0.0048903644165981825,0.0048698904258426224,0.0048738585256086946,0.0048393553432067278]],[[0.004860366444581184,0.0048958999653390583,0.004891816671915206,0.0049129098505706877,0.004891816671915206,0.0048958999653390583,0.004860366444581184],[0.0048958999653390583,0.00493231825402487,0.0049288740206369424,0.0049501673433744063,0.0049288740206369424,0.00493231825402487,0.0048958999653390583],[0.004891816671915206,0.0049288740206369424,0.0049395708322667936,0.0049502872748498662,0.0049395708322667936,0.0049288740206369424,0.004891816671915206],[0.0049129098505706877,0.0049501673433744063,0.0049502872748498662,0.0049702180985865116,0.0049502872748498662,0.0049501673433744063,0.0049129098505706877],[0.004891816671915206,0.0049288740206369424,0.0049395708322667936,0.0049502872748498662,0.0049395708322667936,0.0049288740206369424,0.004891816671915206],[0.0048958999653390583,0.00493231825402487,0.0049288740206369424,0.0049501673433744063,0.0049288740206369424,0.00493231825402487,0.0048958999653390583],[0.004860366444581184,0.0048958999653390583,0.004891816671915206,0.0049129098505706877,0.004891816671915206,0.0048958999653390583,0.004860366444581184]],[[0.0048819951790672108,0.0049185571443672764,0.0049143588657513714,0.0049360700861510662,0.0049143588657513714,0.0049185571443672764,0.0048819951790672108],[0.0049185571443672764,0.0049559779411412043,0.0049524418761233467,0.004974328538772276,0.0049524418761233467,0.0049559779411412043,0.0049185571443672764],[0.0049143588657513714,0.0049524418761233467,0.0049634345816966406,0.0049744474290948039,0.0049634345816966406,0.0049524418761233467,0.0049143588657513714],[0.0049360700861510662,0.004974328538772276,0.0049744474290948039,0.0049949254233908214,0.0049744474290948039,0.004974328538772276,0.0049360700861510662],[0.0049143588657513714,0.0049524418761233467,0.0049634345816966406,0.0049744474290948039,0.0049634345816966406,0.0049524418761233467,0.0049143588657513714],[0.0049185571443672764,0.0049559779411412043,0.0049524418761233467,0.004974328538772276,0.0049524418761233467,0.0049559779411412043,0.0049185571443672764],[0.0048819951790672108,0.0049185571443672764,0.0049143588657513714,0.0049360700861510662,0.0049143588657513714,0.0049185571443672764,0.0048819951790672108]],[[0.0049042404208635955,0.00494182897165202,0.004937515912436052,0.0049598440495723668,0.004937515912436052,0.00494182897165202,0.0049042404208635955],[0.00494182897165202,0.004980250514419758,0.0049766227760212256,0.0049991017282533662,0.0049766227760212256,0.004980250514419758,0.00494182897165202],[0.004937515912436052,0.0049766227760212256,0.0049879108539750833,0.0049992195837560115,0.0049879108539750833,0.0049766227760212256,0.004937515912436052],[0.0049598440495723668,0.0049991017282533662,0.0049992195837560115,0.0050202437884082473,0.0049992195837560115,0.0049991017282533662,0.0049598440495723668],[0.004937515912436052,0.0049766227760212256,0.004