{"M_cells":[[[0,0,0,0,0,0,0],[0,0,0,0,0,0,0],[0,0,0,0,0,0,0],[0,0,0,0,0,0,0],[0,0,0,0,0,0,0],[0,0,0,0,0,0,0],[0,0,0,0,0,0,0]],[[1.3665279801126069E-11,7.8358192292641448E-11,6.973078801312263E-11,1.0196283385473819E-10,6.973078801312263E-11,7.8358192292641435E-11,1.3665279801126068E-11],[7.8358192292641448E-11,3.2965006578140007E-10,3.0145454558192948E-10,4.2556166503490366E-10,3.0145454558192948E-10,3.2965006578140007E-10,7.8358192292641435E-11],[6.973078801312263E-11,3.0145454558192948E-10,3.6982778155038213E-10,4.3856213994106917E-10,3.6982778155038213E-10,3.0145454558192948E-10,6.973078801312263E-11],[1.0196283385473819E-10,4.2556166503490366E-10,4.3856213994106917E-10,5.7820596149039036E-10,4.3856213994106917E-10,4.2556166503490366E-10,1.0196283385473819E-10],[6.973078801312263E-11,3.0145454558192948E-10,3.6982778155038213E-10,4.3856213994106917E-10,3.6982778155038213E-10,3.0145454558192948E-10,6.973078801312263E-11],[7.8358192292641435E-11,3.2965006578140007E-10,3.0145454558192948E-10,4.2556166503490366E-10,3.0145454558192948E-10,3.2965006578140007E-10,7.8358192292641435E-11],[1.3665279801126068E-11,7.8358192292641435E-11,6.973078801312263E-11,1.0196283385473819E-10,6.973078801312263E-11,7.8358192292641435E-11,1.3665279801126068E-11]],[[9.348155908481146E-11,3.0344492202756644E-10,2.7577497651216097E-10,3.8376102395115705E-10,2.7577497651216097E-10,3.0344492202756644E-10,9.348155908481146E-11],[3.0344492202756644E-10,7.8156235260440614E-10,7.2859934912419766E-10,9.7437749579970044E-10,7.2859934912419766E-10,7.8156235260440614E-10,3.0344492202756644E-10],[2.7577497651216097E-10,7.2859934912419766E-10,8.613461094294996E-10,9.9454930055218341E-10,8.613461094294996E-10,7.2859934912419766E-10,2.7577497651216097E-10],[3.8376102395115705E-10,9.7437749579970044E-10,9.9454930055218341E-10,1.2599977795321179E-9,9.9454930055218341E-10,9.7437749579970044E-10,3.8376102395115705E-10],[2.7577497651216097E-10,7.2859934912419766E-10,8.613461094294996E-10,9.9454930055218341E-10,8.613461094294996E-10,7.2859934912419766E-10,2.7577497651216097E-10],[3.0344492202756644E-10,7.8156235260440614E-10,7.2859934912419766E-10,9.7437749579970044E-10,7.2859934912419766E-10,7.8156235260440614E-10,3.0344492202756644E-10],[9.348155908481146E-11,3.0344492202756644E-10,2.7577497651216097E-10,3.8376102395115705E-10,2.7577497651216097E-10,3.0344492202756644E-10,9.348155908481146E-11]],[[2.7217381021377311E-10,6.6089604866825942E-10,6.1014305687042441E-10,8.1546985836506746E-10,6.1014305687042441E-10,6.6089604866825953E-10,2.7217381021377316E-10],[6.6089604866825942E-10,1.3439033487848716E-9,1.2692689265631608E-9,1.6308783215195593E-9,1.2692689265631608E-9,1.3439033487848718E-9,6.6089604866825953E-10],[6.1014305687042441E-10,1.2692689265631608E-9,1.4615510251090978E-9,1.6543755867034969E-9,1.461551025109098E-9,1.2692689265631608E-9,6.1014305687042441E-10],[8.1546985836506746E-10,1.6308783215195593E-9,1.6543755867034969E-9,2.03311246289435E-9,1.6543755867034969E-9,1.6308783215195593E-9,8.1546985836506757E-10],[6.1014305687042441E-10,1.2692689265631608E-9,1.461551025109098E-9,1.6543755867034969E-9,1.461551025109098E-9,1.2692689265631608E-9,6.1014305687042441E-10],[6.6089604866825953E-10,1.3439033487848718E-9,1.2692689265631608E-9,1.6308783215195593E-9,1.2692689265631608E-9,1.3439033487848718E-9,6.6089604866825953E-10],[2.7217381021377316E-10,6.6089604866825953E-10,6.1014305687042441E-10,8.1546985836506757E-10,6.1014305687042441E-10,6.6089604866825953E-10,2.7217381021377316E-10]],[[5.6164974644974985E-10,1.1380357713911686E-9,1.0635285361491389E-9,1.3747535920221724E-9,1.0635285361491389E-9,1.1380357713911686E-9,5.6164974644974985E-10],[1.1380357713911686E-9,2.0065355327745269E-9,1.9130202226284953E-9,2.3830671379159778E-9,1.9130202226284953E-9,2.0065355327745269E-9,1.1380357713911686E-9],[1.0635285361491389E-9,1.9130202226284953E-9,2.1599945394606233E-9,2.4075891943931362E-9,2.1599945394606233E-9,1.9130202226284953E-9,1.0635285361491389E-9],[1.3747535920221724E-9,2.3830671379159778E-9,2.4075891943931362E-9,2.8885199746210275E-9,2.4075891943931367E-9,2.3830671379159782E-9,1.3747535920221726E-9],[1.0635285361491389E-9,1.9130202226284953E-9,2.1599945394606233E-9,2.4075891943931367E-9,2.1599945394606233E-9,1.9130202226284953E-9,1.0635285361491389E-9],[1.1380357713911686E-9,2.0065355327745269E-9,1.9130202226284953E-9,2.3830671379159782E-9,1.9130202226284953E-9,2.0065355327745269E-9,1.1380357713911686E-9],[5.6164974644974985E-10,1.1380357713911686E-9,1.0635285361491389E-9,1.3747535920221726E-9,1.0635285361491389E-9,1.1380357713911686E-9,5.6164974644974985E-10]],[[9.63093034516417E-10,1.7236408038488004E-9,1.6263728337877626E-9,2.0445012184077532E-9,1.6263728337877624E-9,1.7236408038488004E-9,9.63093034516417E-10],[1.7236408038488004E-9,2.7604413158139736E-9,2.6504601571409113E-9,3.2210196180465039E-9,2.6504601571409113E-9,2.7604413158139736E-9,1.7236408038488004E-9],[1.6263728337877626E-9,2.6504601571409113E-9,2.947498976364913E-9,3.2452288498280217E-9,2.947498976364913E-9,2.6504601571409109E-9,1.6263728337877624E-9],[2.0445012184077532E-9,3.2210196180465039E-9,3.2452288498280217E-9,3.8185495701924255E-9,3.2452288498280217E-9,3.2210196180465039E-9,2.0445012184077536E-9],[1.6263728337877624E-9,2.6504601571409113E-9,2.947498976364913E-9,3.2452288498280217E-9,2.947498976364913E-9,2.6504601571409109E-9,1.6263728337877624E-9],[1.7236408038488004E-9,2.7604413158139736E-9,2.6504601571409109E-9,3.2210196180465039E-9,2.6504601571409109E-9,2.7604413158139732E-9,1.7236408038488004E-9],[9.63093034516417E-10,1.7236408038488004E-9,1.6263728337877624E-9,2.0445012184077536E-9,1.6263728337877624E-9,1.7236408038488004E-9,9.63093034516417E-10]],[[1.4724111357891138E-9,2.4077608967964815E-9,2.2894460422201543E-9,2.8112798499280624E-9,2.2894460422201543E-9,2.4077608967964815E-9,1.4724111357891138E-9],[2.4077608967964815E-9,3.5976151880452077E-9,3.4732111510597356E-9,4.13641636467287E-9,3.4732111510597356E-9,3.5976151880452077E-9,2.4077608967964815E-9],[2.2894460422201543E-9,3.4732111510597356E-9,3.8160139080253786E-9,4.1595721581394107E-9,3.8160139080253786E-9,3.4732111510597356E-9,2.2894460422201543E-9],[2.8112798499280624E-9,4.13641636467287E-9,4.1595721581394107E-9,4.8166372417707221E-9,4.1595721581394107E-9,4.13641636467287E-9,2.8112798499280624E-9],[2.2894460422201543E-9,3.4732111510597356E-9,3.8160139080253786E-9,4.1595721581394107E-9,3.8160139080253786E-9,3.4732111510597356E-9,2.2894460422201543E-9],[2.4077608967964815E-9,3.5976151880452077E-9,3.4732111510597356E-9,4.13641636467287E-9,3.4732111510597356E-9,3.5976151880452077E-9,2.4077608967964815E-9],[1.4724111357891138E-9,2.4077608967964815E-9,2.2894460422201543E-9,2.8112798499280624E-9,2.2894460422201543E-9,2.4077608967964815E-9,1.4724111357891138E-9]],[[2.083153128314865E-9,3.1815730359950124E-9,3.044140368082865E-9,3.6643096012291222E-9,3.0441403680828654E-9,3.1815730359950124E-9,2.083153128314865E-9],[3.1815730359950124E-9,4.5109613293828135E-9,4.373841354353329E-9,5.1222071242534014E-9,4.373841354353329E-9,4.5109613293828135E-9,3.1815730359950124E-9],[3.044140368082865E-9,4.373841354353329E-9,4.7584813115389138E-9,5.1439356975857144E-9,4.7584813115389138E-9,4.373841354353329E-9,3.0441403680828654E-9],[3.6643096012291222E-9,5.1222071242534014E-9,5.1439356975857144E-9,5.8771311923585278E-9,5.1439356975857144E-9,5.1222071242534014E-9,3.6643096012291222E-9],[3.0441403680828654E-9,4.373841354353329E-9,4.7584813115389138E-9,5.1439356975857144E-9,4.7584813115389138E-9,4.373841354353329E-9,3.0441403680828654E-9],[3.1815730359950124E-9,4.5109613293828135E-9,4.373841354353329E-9,5.1222071242534014E-9,4.373841354353329E-9,4.5109613293828135E-9,3.1815730359950124E-9],[2.083153128314865E-9,3.1815730359950124E-9,3.0441403680828654E-9,3.6643096012291222E-9,3.0441403680828654E-9,3.1815730359950124E-9,2.083153128314865E-9]],[[2.78805086578909E-9,4.0372569740264784E-9,3.8825954232307694E-9,4.5947730667453488E-9,3.8825954232307694E-9,4.0372569740264784E-9,2.78805086578909E-9],[4.0372569740264784E-9,5.4941978391258816E-9,5.3457799183925368E-9,6.1723643868224919E-9,5.3457799183925368E-9,5.4941978391258816E-9,4.0372569740264784E-9],[3.8825954232307694E-9,5.3457799183925368E-9,5.7687127886537667E-9,6.1925141974945587E-9,5.7687127886537667E-9,5.3457799183925368E-9,3.8825954232307694E-9],[4.5947730667453488E-9,6.1723643868224919E-9,6.1925141974945587E-9,6.9951398290199682E-9,6.1925141974945587E-9,6.1723643868224919E-9,4.5947730667453488E-9],[3.8825954232307694E-9,5.3457799183925368E-9,5.7687127886537667E-9,6.1925141974945587E-9,5.7687127886537667E-9,5.3457799183925368E-9,3.8825954232307694E-9],[4.0372569740264784E-9,5.4941978391258816E-9,5.3457799183925368E-9,6.1723643868224919E-9,5.3457799183925368E-9,5.4941978391258816E-9,4.0372569740264784E-9],[2.78805086578909E-9,4.0372569740264784E-9,3.8825954232307694E-9,4.5947730667453488E-9,3.8825954232307694E-9,4.0372569740264784E-9,2.78805086578909E-9]],[[3.5798124934149746E-9,4.9678857011526176E-9,4.7977276010109373E-9,5.595341465202594E-9,4.7977276010109373E-9,4.9678857011526176E-9,3.5798124934149746E-9],[4.9678857011526176E-9,6.5417683273324576E-9,6.3832288670054943E-9,7.2816985414940895E-9,6.3832288670054943E-9,6.5417683273324567E-9,4.9678857011526176E-9],[4.7977276010109373E-9,6.3832288670054943E-9,6.841280058876403E-9,7.3002496645350219E-9,6.841280058876403E-9,6.3832288670054943E-9,4.7977276010109365E-9],[5.595341465202594E-9,7.2816985414940895E-9,7.3002496645350219E-9,8.1664113014021809E-9,7.3002496645350219E-9,7.2816985414940895E-9,5.595341465202594E-9],[4.7977276010109373E-9,6.3832288670054943E-9,6.841280058876403E-9,7.3002496645350219E-9,6.841280058876403E-9,6.3832288670054943E-9,4.7977276010109373E-9],[4.9678857011526176E-9,6.5417683273324567E-9,6.3832288670054943E-9,7.2816985414940895E-9,6.3832288670054943E-9,6.5417683273324576E-9,4.9678857011526185E-9],[3.5798124934149746E-9,4.9678857011526176E-9,4.7977276010109365E-9,5.595341465202594E-9,4.7977276010109373E-9,4.9678857011526185E-9,3.5798124934149746E-9]],[[4.4515114912063717E-9,5.9673275511453572E-9,5.7832069847998773E-9,6.6598426447976436E-9,5.7832069847998773E-9,5.9673275511453572E-9,4.4515114912063717E-9],[5.9673275511453572E-9,7.648761204366102E-9,7.4810778429380284E-9,8.4457162012820378E-9,7.4810778429380284E-9,7.648761204366102E-9,5.9673275511453572E-9],[5.7832069847998773E-9,7.4810778429380284E-9,7.9714185249231521E-9,8.4627237777411776E-9,7.9714185249231521E-9,7.4810778429380284E-9,5.7832069847998765E-9],[6.6598426447976436E-9,8.4457162012820378E-9,8.4627237777411776E-9,9.3872367548081926E-9,8.4627237777411776E-9,8.4457162012820378E-9,6.6598426447976436E-9],[5.7832069847998773E-9,7.4810778429380284E-9,7.9714185249231521E-9,8.4627237777411776E-9,7.9714185249231521E-9,7.4810778429380284E-9,5.7832069847998765E-9],[5.9673275511453572E-9,7.648761204366102E-9,7.4810778429380284E-9,8.4457162012820378E-9,7.4810778429380284E-9,7.648761204366102E-9,5.9673275511453572E-9],[4.4515114912063717E-9,5.9673275511453572E-9,5.7832069847998765E-9,6.6598426447976436E-9,5.7832069847998765E-9,5.9673275511453572E-9,4.4515114912063717E-9]],[[5.3967585123104694E-9,7.0301581774201976E-9,6.8334076271267264E-9,7.7830231908334012E-9,6.8334076271267264E-9,7.0301581774201976E-9,5.3967585123104694E-9],[7.0301581774201976E-9,8.8108366687927315E-9,8.6348248762263392E-9,9.6605094003446518E-9,8.6348248762263392E-9,8.8108366687927315E-9,7.0301581774201976E-9],[6.8334076271267264E-9,8.6348248762263392E-9,9.1549430085591322E-9,9.6760686014818813E-9,9.1549430085591322E-9,8.6348248762263392E-9,6.8334076271267264E-9],[7.7830231908334012E-9,9.6605094003446518E-9,9.6760686014818813E-9,1.0654371655395149E-8,9.6760686014818813E-9,9.6605094003446518E-9,7.7830231908334012E-9],[6.8334076271267264E-9,8.6348248762263392E-9,9.1549430085591322E-9,9.6760686014818813E-9,9.1549430085591322E-9,8.6348248762263392E-9,6.8334076271267264E-9],[7.0301581774201976E-9,8.8108366687927315E-9,8.6348248762263392E-9,9.6605094003446518E-9,8.6348248762263392E-9,8.8108366687927315E-9,7.0301581774201976E-9],[5.3967585123104694E-9,7.0301581774201976E-9,6.8334076271267264E-9,7.7830231908334012E-9,6.8334076271267264E-9,7.0301581774201976E-9,5.3967585123104694E-9]],[[6.4097581946310368E-9,8.1515813564301072E-9,7.9433463099339411E-9,8.9603739118079922E-9,7.9433463099339411E-9,8.1515813564301072E-9,6.4097581946310368E-9],[8.1515813564301072E-9,1.0024161144895108E-8,9.8405044979773046E-9,1.0922667324072616E-8,9.8405044979773046E-9,1.0024161144895108E-8,8.1515813564301072E-9],[7.9433463099339411E-9,9.8405044979773046E-9,1.038817445871951E-8,1.0936891896536827E-8,1.038817445871951E-8,9.8405044979773046E-9,7.9433463099339411E-9],[8.9603739118079922E-9,1.0922667324072616E-8,1.0936891896536827E-8,1.1964971078079915E-8,1.0936891896536827E-8,1.0922667324072616E-8,8.9603739118079922E-9],[7.9433463099339411E-9,9.8405044979773046E-9,1.038817445871951E-8,1.0936891896536827E-8,1.038817445871951E-8,9.8405044979773046E-9,7.9433463099339411E-9],[8.1515813564301072E-9,1.0024161144895108E-8,9.8405044979773046E-9,1.0922667324072616E-8,9.8405044979773046E-9,1.0024161144895108E-8,8.1515813564301072E-9],[6.4097581946310368E-9,8.1515813564301072E-9,7.9433463099339411E-9,8.9603739118079922E-9,7.9433463099339411E-9,8.1515813564301072E-9,6.4097581946310368E-9]],[[7.4853066385600572E-9,9.3273578842203665E-9,9.1086183974925242E-9,1.0187998758190513E-8,9.1086183974925242E-9,9.3273578842203665E-9,7.4853066385600572E-9],[9.3273578842203665E-9,1.1285348753893307E-8,1.1094623490944035E-8,1.2229204827603315E-8,1.1094623490944035E-8,1.1285348753893307E-8,9.3273578842203665E-9],[9.1086183974925242E-9,1.1094623490944035E-8,1.1667876361234994E-8,1.2242214196534443E-8,1.1667876361234994E-8,1.1094623490944035E-8,9.1086183974925242E-9],[1.0187998758190513E-8,1.2229204827603315E-8,1.2242214196534443E-8,1.3316535929419437E-8,1.2242214196534443E-8,1.2229204827603315E-8,1.0187998758190513E-8],[9.1086183974925242E-9,1.1094623490944035E-8,1.1667876361234994E-8,1.2242214196534443E-8,1.1667876361234994E-8,1.1094623490944035E-8,9.1086183974925242E-9],[9.3273578842203665E-9,1.1285348753893307E-8,1.1094623490944035E-8,1.2229204827603315E-8,1.1094623490944035E-8,1.1285348753893307E-8,9.3273578842203665E-9],[7.4853066385600572E-9,9.3273578842203665E-9,9.1086183974925242E-9,1.0187998758190513E-8,9.1086183974925242E-9,9.3273578842203665E-9,7.4853066385600572E-9]],[[8.6187598173202625E-9,1.0553741946362041E-8,1.0325335487778148E-8,1.1462514085710439E-8,1.0325335487778148E-8,1.0553741946362041E-8,8.6187598173202625E-9],[1.0553741946362041E-8,1.2591409303286263E-8,1.2394104010421119E-8,1.3577503718040706E-8,1.2394104010421119E-8,1.2591409303286263E-8,1.0553741946362041E-8],[1.0325335487778148E-8,1.2394104010421119E-8,1.2991199624144945E-8,1.358941546426082E-8,1.2991199624144945E-8,1.2394104010421119E-8,1.0325335487778148E-8],[1.1462514085710439E-8,1.3577503718040706E-8,1.358941546426082E-8,1.470686784721965E-8,1.358941546426082E-8,1.3577503718040706E-8,1.1462514085710439E-8],[1.0325335487778148E-8,1.2394104010421119E-8,1.2991199624144945E-8,1.358941546426082E-8,1.2991199624144945E-8,1.2394104010421119E-8,1.0325335487778148E-8],[1.0553741946362041E-8,1.2591409303286263E-8,1.2394104010421119E-8,1.3577503718040706E-8,1.2394104010421119E-8,1.2591409303286263E-8,1.0553741946362041E-8],[8.6187598173202625E-9,1.0553741946362041E-8,1.0325335487778148E-8,1.1462514085710439E-8,1.0325335487778148E-8,1.0553741946362041E-8,8.6187598173202625E-9]],[[9.8059892607036569E-9,1.1827424374403462E-8,1.159006724809174E-8,1.278096956662574E-8,1.159006724809174E-8,1.1827424374403462E-8,9.8059892607036569E-9],[1.1827424374403462E-8,1.3939702230667935E-8,1.3736233531846432E-8,1.4965263928822015E-8,1.3736233531846432E-8,1.3939702230667935E-8,1.1827424374403462E-8],[1.159006724809174E-8,1.3736233531846432E-8,1.4355634813134171E-8,1.497618962062092E-8,1.4355634813134171E-8,1.3736233531846432E-8,1.159006724809174E-8],[1.278096956662574E-8,1.4965263928822015E-8,1.497618962062092E-8,1.6134031071038232E-8,1.497618962062092E-8,1.4965263928822015E-8,1.278096956662574E-8],[1.159006724809174E-8,1.3736233531846432E-8,1.4355634813134171E-8,1.497618962062092E-8,1.4355634813134171E-8,1.3736233531846432E-8,1.159006724809174E-8],[1.1827424374403462E-8,1.3939702230667935E-8,1.3736233531846432E-8,1.4965263928822015E-8,1.3736233531846432E-8,1.3939702230667935E-8,1.1827424374403464E-8],[9.8059892607036569E-9,1.1827424374403462E-8,1.159006724809174E-8,1.278096956662574E-8,1.159006724809174E-8,1.1827424374403464E-8,9.8059892607036569E-9]],[[1.1043333717519686E-8,1.3145482209098271E-8,1.2899788466180014E-8,1.4140784886476618E-8,1.2899788466180014E-8,1.3145482209098271E-8,1.1043333717519686E-8],[1.3145482209098271E-8,1.5327895927408896E-8,1.5118620967320413E-8,1.639046249826706E-8,1.5118620967320413E-8,1.5327895927408896E-8,1.3145482209098271E-8],[1.2899788466180014E-8,1.5118620967320413E-8,1.5758970733476785E-8,1.6400505596912483E-8,1.5758970733476788E-8,1.5118620967320413E-8,1.2899788466180014E-8],[1.4140784886476618E-8,1.639046249826706E-8,1.6400505596912483E-8,1.7596319978257214E-8,1.6400505596912486E-8,1.6390462498267063E-8,1.4140784886476619E-8],[1.2899788466180014E-8,1.5118620967320413E-8,1.5758970733476788E-8,1.6400505596912486E-8,1.5758970733476788E-8,1.5118620967320416E-8,1.2899788466180016E-8],[1.3145482209098271E-8,1.5327895927408896E-8,1.5118620967320413E-8,1.6390462498267063E-8,1.5118620967320416E-8,1.5327895927408896E-8,1.3145482209098273E-8],[1.1043333717519686E-8,1.3145482209098271E-8,1.2899788466180014E-8,1.4140784886476619E-8,1.2899788466180016E-8,1.3145482209098273E-8,1.1043333717519686E-8]],[[1.2327551314059732E-8,1.450533399685252E-8,1.4251831578024748E-8,1.5539698209270761E-8,1.4251831578024748E-8,1.450533399685252E-8,1.2327551314059732E-8],[1.450533399685252E-8,1.675393188181123E-8,1.6539158270922215E-8,1.7851318804716383E-8,1.6539158270922215E-8,1.675393188181123E-8,1.450533399685252E-8],[1.4251831578024748E-8,1.6539158270922215E-8,1.7199258479296141E-8,1.7860573832252785E-8,1.7199258479296141E-8,1.6539158270922215E-8,1.4251831578024748E-8],[1.5539698209270761E-8,1.7851318804716383E-8,1.7860573832252785E-8,1.9092231273917532E-8,1.7860573832252785E-8,1.7851318804716383E-8,1.5539698209270764E-8],[1.4251831578024748E-8,1.6539158270922215E-8,1.7199258479296141E-8,1.7860573832252785E-8,1.7199258479296141E-8,1.6539158270922215E-8,1.4251831578024749E-8],[1.450533399685252E-8,1.675393188181123E-8,1.6539158270922215E-8,1.7851318804716383E-8,1.6539158270922215E-8,1.675393188181123E-8,1.450533399685252E-8],[1.2327551314059732E-8,1.450533399685252E-8,1.4251831578024748E-8,1.5539698209270764E-8,1.4251831578024749E-8,1.450533399685252E-8,1.2327551314059732E-8]],[[1.3655774432132176E-8,1.5904700260158642E-8,1.56438445141741E-8,1.6975723608389981E-8,1.56438445141741E-8,1.5904700260158642E-8,1.3655774432132176E-8],[1.5904700260158642E-8,1.8215993111481454E-8,1.7995986879613093E-8,1.9346264889279997E-8,1.7995986879613093E-8,1.8215993111481454E-8,1.5904700260158642E-8],[1.56438445141741E-8,1.7995986879613093E-8,1.8674780188401293E-8,1.9354817345982557E-8,1.8674780188401293E-8,1.7995986879613093E-8,1.56438445141741E-8],[1.6975723608389981E-8,1.9346264889279997E-8,1.9354817345982557E-8,2.06204400400423E-8,1.9354817345982557E-8,1.934626488928E-8,1.6975723608389984E-8],[1.56438445141741E-8,1.7995986879613093E-8,1.8674780188401293E-8,1.9354817345982557E-8,1.8674780188401293E-8,1.7995986879613093E-8,1.56438445141741E-8],[1.5904700260158642E-8,1.8215993111481454E-8,1.7995986879613093E-8,1.934626488928E-8,1.7995986879613093E-8,1.8215993111481454E-8,1.5904700260158642E-8],[1.3655774432132176E-8,1.5904700260158642E-8,1.56438445141741E-8,1.6975723608389984E-8,1.56438445141741E-8,1.5904700260158642E-8,1.3655774432132176E-8]],[[1.5025468280264191E-8,1.7341568606811454E-8,1.7073753495191709E-8,1.8447115469308957E-8,1.7073753495191709E-8,1.7341568606811454E-8,1.5025468280264191E-8],[1.7341568606811454E-8,1.9712476393903544E-8,1.9487468387538148E-8,2.0873919967031221E-8,1.9487468387538148E-8,1.9712476393903544E-8,1.7341568606811454E-8],[1.7073753495191709E-8,1.9487468387538148E-8,2.0184021847173367E-8,2.0881846676265707E-8,2.0184021847173367E-8,1.9487468387538148E-8,1.7073753495191709E-8],[1.8447115469308957E-8,2.0873919967031221E-8,2.0881846676265707E-8,2.2179779013304922E-8,2.0881846676265707E-8,2.0873919967031221E-8,1.8447115469308957E-8],[1.7073753495191709E-8,1.9487468387538148E-8,2.0184021847173367E-8,2.0881846676265707E-8,2.0184021847173367E-8,1.9487468387538148E-8,1.7073753495191709E-8],[1.7341568606811454E-8,1.9712476393903544E-8,1.9487468387538148E-8,2.0873919967031221E-8,1.9487468387538148E-8,1.9712476393903544E-8,1.7341568606811454E-8],[1.5025468280264191E-8,1.7341568606811454E-8,1.7073753495191709E-8,1.8447115469308957E-8,1.7073753495191709E-8,1.7341568606811454E-8,1.5025468280264191E-8]],[[1.6434393458618455E-8,1.8814162974771419E-8,1.853973031665293E-8,1.9952338416404644E-8,1.853973031665293E-8,1.8814162974771419E-8,1.6434393458618455E-8],[1.8814162974771419E-8,2.1241967847691405E-8,2.1012158912147874E-8,2.2433068423178608E-8,2.1012158912147874E-8,2.1241967847691405E-8,1.8814162974771419E-8],[1.853973031665293E-8,2.1012158912147874E-8,2.1725649583611636E-8,2.2440438102755967E-8,2.1725649583611636E-8,2.1012158912147874E-8,1.853973031665293E-8],[1.9952338416404644E-8,2.2433068423178608E-8,2.2440438102755967E-8,2.37692205837229E-8,2.2440438102755967E-8,2.2433068423178608E-8,1.9952338416404644E-8],[1.853973031665293E-8,2.1012158912147874E-8,2.1725649583611636E-8,2.2440438102755967E-8,2.1725649583611636E-8,2.1012158912147874E-8,1.853973031665293E-8],[1.8814162974771419E-8,2.1241967847691405E-8,2.1012158912147874E-8,2.2433068423178608E-8,2.1012158912147874E-8,2.1241967847691405E-8,1.8814162974771419E-8],[1.6434393458618455E-8,1.8814162974771419E-8,1.853973031665293E-8,1.9952338416404644E-8,1.853973031665293E-8,1.8814162974771419E-8,1.6434393458618455E-8]],[[1.7880572464703916E-8,2.0320916547030884E-8,2.004016364253345E-8,2.149004169069179E-8,2.004016364253345E-8,2.0320916547030884E-8,1.7880572464703916E-8],[2.0320916547030884E-8,2.2803221461458011E-8,2.2568786672593384E-8,2.4022640735220503E-8,2.2568786672593384E-8,2.2803221461458011E-8,2.0320916547030884E-8],[2.004016364253345E-8,2.2568786672593384E-8,2.3298488967874156E-8,2.402951467160916E-8,2.3298488967874156E-8,2.2568786672593384E-8,2.004016364253345E-8],[2.149004169069179E-8,2.4022640735220503E-8,2.402951467160916E-8,2.5387861102171679E-8,2.402951467160916E-8,2.4022640735220503E-8,2.149004169069179E-8],[2.004016364253345E-8,2.2568786672593384E-8,2.3298488967874156E-8,2.402951467160916E-8,2.3298488967874156E-8,2.2568786672593384E-8,2.004016364253345E-8],[2.0320916547030884E-8,2.2803221461458011E-8,2.2568786672593384E-8,2.4022640735220503E-8,2.2568786672593384E-8,2.2803221461458011E-8,2.0320916547030884E-8],[1.7880572464703916E-8,2.0320916547030884E-8,2.004016364253345E-8,2.149004169069179E-8,2.004016364253345E-8,2.0320916547030884E-8,1.7880572464703916E-8]],[[1.9362259910674263E-8,2.1860447911123118E-8,2.1573633841413635E-8,2.3059037166609237E-8,2.1573633841413635E-8,2.1860447911123118E-8,1.9362259910674263E-8],[2.1860447911123118E-8,2.439514021052854E-8,2.4156232360031668E-8,2.5641696870672755E-8,2.4156232360031668E-8,2.439514021052854E-8,2.1860447911123118E-8],[2.1573633841413635E-8,2.4156232360031668E-8,2.4901506909452703E-8,2.5648129621537494E-8,2.4901506909452703E-8,2.4156232360031668E-8,2.1573633841413635E-8],[2.3059037166609237E-8,2.5641696870672755E-8,2.5648129621537494E-8,2.703490715849482E-8,2.5648129621537494E-8,2.5641696870672755E-8,2.3059037166609237E-8],[2.1573633841413635E-8,2.4156232360031668E-8,2.4901506909452703E-8,2.5648129621537494E-8,2.4901506909452703E-8,2.4156232360031668E-8,2.1573633841413635E-8],[2.1860447911123118E-8,2.439514021052854E-8,2.4156232360031668E-8,2.5641696870672755E-8,2.4156232360031668E-8,2.439514021052854E-8,2.1860447911123118E-8],[1.9362259910674263E-8,2.1860447911123118E-8,2.1573633841413635E-8,2.3059037166609237E-8,2.1573633841413635E-8,2.1860447911123118E-8,1.9362259910674263E-8]],[[2.0877916144669326E-8,2.3431540078854486E-8,2.3138890933958957E-8,2.4658280381566391E-8,2.3138890933958957E-8,2.3431540078854486E-8,2.0877916144669326E-8],[2.3431540078854486E-8,2.6016759442532922E-8,2.5773511933690313E-8,2.7289411792939834E-8,2.5773511933690313E-8,2.6016759442532922E-8,2.3431540078854486E-8],[2.3138890933958957E-8,2.5773511933690313E-8,2.6533795799704964E-8,2.7295451874548841E-8,2.6533795799704964E-8,2.5773511933690313E-8,2.3138890933958957E-8],[2.4658280381566391E-8,2.7289411792939834E-8,2.7295451874548841E-8,2.8709663550168971E-8,2.7295451874548841E-8,2.7289411792939834E-8,2.4658280381566391E-8],[2.3138890933958957E-8,2.5773511933690313E-8,2.6533795799704964E-8,2.7295451874548841E-8,2.6533795799704964E-8,2.5773511933690313E-8,2.3138890933958957E-8],[2.3431540078854486E-8,2.6016759442532922E-8,2.5773511933690313E-8,2.7289411792939834E-8,2.5773511933690313E-8,2.6016759442532922E-8,2.3431540078854486E-8],[2.0877916144669326E-8,2.3431540078854486E-8,2.3138890933958957E-8,2.4658280381566391E-8,2.3138890933958957E-8,2.3431540078854486E-8,2.0877916144669326E-8]],[[2.2426183943950709E-8,2.5033122021826976E-8,2.4734835261907147E-8,2.628685408632333E-8,2.4734835261907147E-8,2.5033122021826976E-8,2.2426183943950709E-8],[2.5033122021826976E-8,2.7667232250554705E-8,2.7419761525059491E-8,2.8965062772374284E-8,2.7419761525059491E-8,2.7667232250554705E-8,2.5033122021826976E-8],[2.4734835261907147E-8,2.7419761525059491E-8,2.8194559599194962E-8,2.897075330794335E-8,2.8194559599194962E-8,2.7419761525059491E-8,2.4734835261907147E-8],[2.628685408632333E-8,2.8965062772374284E-8,2.897075330794335E-8,3.0411522707802543E-8,2.8970753307943347E-8,2.896506277237428E-8,2.628685408632333E-8],[2.4734835261907147E-8,2.7419761525059491E-8,2.8194559599194962E-8,2.8970753307943347E-8,2.8194559599194962E-8,2.7419761525059491E-8,2.4734835261907147E-8],[2.5033122021826976E-8,2.7667232250554705E-8,2.7419761525059491E-8,2.896506277237428E-8,2.7419761525059491E-8,2.7667232250554708E-8,2.5033122021826976E-8],[2.2426183943950709E-8,2.5033122021826976E-8,2.4734835261907147E-8,2.628685408632333E-8,2.4734835261907147E-8,2.5033122021826976E-8,2.2426183943950709E-8]],[[2.400586795157658E-8,2.666425241625814E-8,2.6360500532130482E-8,2.7943953923454043E-8,2.6360500532130482E-8,2.666425241625814E-8,2.400586795157658E-8],[2.666425241625814E-8,2.934581658664606E-8,2.9094224175291997E-8,3.0668018250387366E-8,2.9094224175291997E-8,2.934581658664606E-8,2.666425241625814E-8],[2.6360500532130482E-8,2.9094224175291997E-8,2.9883101612362482E-8,3.0673397567561729E-8,2.9883101612362482E-8,2.9094224175291994E-8,2.6360500532130482E-8],[2.7943953923454043E-8,3.0668018250387366E-8,3.0673397567561729E-8,3.2139955380978543E-8,3.0673397567561729E-8,3.0668018250387366E-8,2.7943953923454043E-8],[2.6360500532130482E-8,2.9094224175291997E-8,2.9883101612362482E-8,3.0673397567561729E-8,2.9883101612362475E-8,2.9094224175291994E-8,2.6360500532130482E-8],[2.666425241625814E-8,2.934581658664606E-8,2.9094224175291994E-8,3.0668018250387366E-8,2.9094224175291994E-8,2.934581658664606E-8,2.666425241625814E-8],[2.400586795157658E-8,2.666425241625814E-8,2.6360500532130482E-8,2.7943953923454043E-8,2.6360500532130482E-8,2.666425241625814E-8,2.400586795157658E-8]],[[2.5615916547042252E-8,2.8324105325851325E-8,2.8015038931053737E-8,2.962887591574292E-8,2.8015038931053737E-8,2.8324105325851325E-8,2.5615916547042252E-8],[2.8324105325851325E-8,3.1051863899138105E-8,3.07962381681617E-8,3.2397728045095574E-8,3.07962381681617E-8,3.1051863899138105E-8,2.8324105325851325E-8],[2.8015038931053737E-8,3.07962381681617E-8,3.1598813728629673E-8,3.2402830218178913E-8,3.1598813728629673E-8,3.07962381681617E-8,2.8015038931053737E-8],[2.962887591574292E-8,3.2397728045095574E-8,3.2402830218178913E-8,3.3894502418213E-8,3.240283021817892E-8,3.2397728045095574E-8,2.962887591574292E-8],[2.8015038931053737E-8,3.07962381681617E-8,3.1598813728629673E-8,3.240283021817892E-8,3.159881372862968E-8,3.0796238168161706E-8,2.8015038931053737E-8],[2.8324105325851325E-8,3.1051863899138105E-8,3.07962381681617E-8,3.2397728045095574E-8,3.0796238168161706E-8,3.1051863899138105E-8,2.8324105325851325E-8],[2.5615916547042252E-8,2.8324105325851325E-8,2.8015038931053737E-8,2.962887591574292E-8,2.8015038931053737E-8,2.8324105325851325E-8,2.5615916547042252E-8]],[[2.7255405866699012E-8,3.0011957583656325E-8,2.9697708043154769E-8,3.1341005503543333E-8,2.9697708043154769E-8,3.0011957583656325E-8,2.7255405866699012E-8],[3.0011957583656325E-8,3.2784809104365729E-8,3.2525226753217975E-8,3.4153714719843212E-8,3.2525226753217975E-8,3.2784809104365729E-8,3.0011957583656325E-8],[2.9697708043154769E-8,3.2525226753217975E-8,3.3341166940120936E-8,3.4158570056781843E-8,3.3341166940120936E-8,3.2525226753217975E-8,2.9697708043154769E-8],[3.1341005503543333E-8,3.4153714719843212E-8,3.4158570056781843E-8,3.5674767499599642E-8,3.415857005678185E-8,3.4153714719843219E-8,3.1341005503543333E-8],[2.9697708043154769E-8,3.2525226753217975E-8,3.3341166940120936E-8,3.415857005678185E-8,3.3341166940120942E-8,3.2525226753217981E-8,2.9697708043154775E-8],[3.0011957583656325E-8,3.2784809104365729E-8,3.2525226753217975E-8,3.4153714719843219E-8,3.2525226753217981E-8,3.2784809104365736E-8,3.0011957583656325E-8],[2.7255405866699012E-8,3.0011957583656325E-8,2.9697708043154769E-8,3.1341005503543333E-8,2.9697708043154775E-8,3.0011957583656325E-8,2.7255405866699012E-8]],[[2.892352571744791E-8,3.1727177662925847E-8,3.1407859341818786E-8,3.30798079146899E-8,3.1407859341818786E-8,3.1727177662925847E-8,2.892352571744791E-8],[3.1727177662925847E-8,3.4544161727441348E-8,3.4280689081641255E-8,3.5935565962803467E-8,3.4280689081641255E-8,3.4544161727441348E-8,3.1727177662925847E-8],[3.1407859341818786E-8,3.4280689081641255E-8,3.5109702972587561E-8,3.5940201439429183E-8,3.5109702972587561E-8,3.4280689081641255E-8,3.1407859341818786E-8],[3.30798079146899E-8,3.5935565962803467E-8,3.5940201439429183E-8,3.7480410701218952E-8,3.5940201439429183E-8,3.5935565962803467E-8,3.30798079146899E-8],[3.1407859341818786E-8,3.4280689081641255E-8,3.5109702972587561E-8,3.5940201439429183E-8,3.5109702972587561E-8,3.4280689081641255E-8,3.1407859341818793E-8],[3.1727177662925847E-8,3.4544161727441348E-8,3.4280689081641255E-8,3.5935565962803467E-8,3.4280689081641255E-8,3.4544161727441348E-8,3.1727177662925847E-8],[2.892352571744791E-8,3.1727177662925847E-8,3.1407859341818786E-8,3.30798079146899E-8,3.1407859341818793E-8,3.1727177662925847E-8,2.892352571744791E-8]],[[3.0619567154749746E-8,3.34692158529272E-8,3.3144928051374606E-8,3.484481968585837E-8,3.3144928051374606E-8,3.34692158529272E-8,3.0619567154749746E-8],[3.34692158529272E-8,3.6329498067787452E-8,3.6062192201297926E-8,3.7742927848030311E-8,3.6062192201297926E-8,3.6329498067787452E-8,3.34692158529272E-8],[3.3144928051374606E-8,3.6062192201297926E-8,3.69040268886134E-8,3.774736749336491E-8,3.69040268886134E-8,3.6062192201297926E-8,3.3144928051374606E-8],[3.484481968585837E-8,3.7742927848030311E-8,3.774736749336491E-8,3.93111427874672E-8,3.774736749336491E-8,3.7742927848030311E-8,3.484481968585837E-8],[3.3144928051374606E-8,3.6062192201297926E-8,3.69040268886134E-8,3.774736749336491E-8,3.69040268886134E-8,3.6062192201297926E-8,3.3144928051374606E-8],[3.34692158529272E-8,3.6329498067787452E-8,3.6062192201297926E-8,3.7742927848030311E-8,3.6062192201297926E-8,3.6329498067787452E-8,3.34692158529272E-8],[3.0619567154749746E-8,3.34692158529272E-8,3.3144928051374606E-8,3.484481968585837E-8,3.3144928051374606E-8,3.34692158529272E-8,3.0619567154749746E-8]],[[3.2342911522066344E-8,3.5237595578699508E-8,3.4908424205882409E-8,3.6635641182614473E-8,3.4908424205882409E-8,3.5237595578699508E-8,3.2342911522066344E-8],[3.5237595578699508E-8,3.8140454263588033E-8,3.7869363978126105E-8,3.9575498866782535E-8,3.7869363978126105E-8,3.8140454263588033E-8,3.5237595578699508E-8],[3.4908424205882409E-8,3.7869363978126105E-8,3.8723800541353215E-8,3.957976410377197E-8,3.8723800541353215E-8,3.7869363978126105E-8,3.4908424205882409E-8],[3.6635641182614473E-8,3.9575498866782535E-8,3.957976410377197E-8,4.1166720141791195E-8,3.957976410377197E-8,3.9575498866782535E-8,3.6635641182614473E-8],[3.4908424205882409E-8,3.7869363978126105E-8,3.8723800541353215E-8,3.957976410377197E-8,3.8723800541353215E-8,3.7869363978126105E-8,3.4908424205882409E-8],[3.5237595578699508E-8,3.8140454263588033E-8,3.7869363978126105E-8,3.9575498866782535E-8,3.7869363978126105E-8,3.8140454263588033E-8,3.5237595578699508E-8],[3.2342911522066344E-8,3.5237595578699508E-8,3.4908424205882409E-8,3.6635641182614473E-8,3.4908424205882409E-8,3.5237595578699508E-8,3.2342911522066344E-8]],[[3.4093020772877938E-8,3.7031905724052276E-8,3.6697924753493125E-8,3.8451929988452138E-8,3.6697924753493125E-8,3.7031905724052276E-8,3.4093020772877938E-8],[3.7031905724052276E-8,3.9976720145409277E-8,3.9701886828717862E-8,4.14330246333969E-8,3.9701886828717862E-8,3.9976720145409277E-8,3.7031905724052276E-8],[3.6697924753493125E-8,3.9701886828717862E-8,4.0568736773427875E-8,4.1437134579561494E-8,4.0568736773427875E-8,3.9701886828717862E-8,3.6697924753493125E-8],[3.8451929988452138E-8,4.14330246333969E-8,4.1437134579561494E-8,4.3046940258396912E-8,4.1437134579561494E-8,4.14330246333969E-8,3.8451929988452138E-8],[3.6697924753493125E-8,3.9701886828717862E-8,4.0568736773427875E-8,4.1437134579561494E-8,4.0568736773427875E-8,3.9701886828717862E-8,3.6697924753493125E-8],[3.7031905724052276E-8,3.9976720145409277E-8,3.9701886828717862E-8,4.14330246333969E-8,3.9701886828717862E-8,3.9976720145409277E-8,3.7031905724052276E-8],[3.4093020772877938E-8,3.7031905724052276E-8,3.6697924753493125E-8,3.8451929988452138E-8,3.6697924753493125E-8,3.7031905724052276E-8,3.4093020772877938E-8]],[[3.5869428918159587E-8,3.8851793834929653E-8,3.851306657533493E-8,4.0293395052085921E-8,3.851306657533493E-8,3.8851793834929653E-8,3.5869428918159587E-8],[3.8851793834929653E-8,4.183803378325729E-8,4.1559492164213212E-8,4.3315293183027592E-8,4.1559492164213212E-8,4.183803378325729E-8,3.8851793834929653E-8],[3.851306657533493E-8,4.1559492164213212E-8,4.2438594269618075E-8,4.3319264915376559E-8,4.2438594269618075E-8,4.1559492164213212E-8,3.851306657533493E-8],[4.0293395052085921E-8,4.3315293183027592E-8,4.3319264915376559E-8,4.4951637727759595E-8,4.3319264915376559E-8,4.3315293183027592E-8,4.0293395052085921E-8],[3.851306657533493E-8,4.1559492164213212E-8,4.2438594269618075E-8,4.3319264915376559E-8,4.2438594269618075E-8,4.1559492164213212E-8,3.851306657533493E-8],[3.8851793834929653E-8,4.183803378325729E-8,4.1559492164213212E-8,4.3315293183027592E-8,4.1559492164213212E-8,4.183803378325729E-8,3.8851793834929653E-8],[3.5869428918159587E-8,3.8851793834929653E-8,3.851306657533493E-8,4.0293395052085921E-8,3.851306657533493E-8,3.8851793834929653E-8,3.5869428918159587E-8]],[[3.7671734461564376E-8,4.0696960095888965E-8,4.0353540305259713E-8,4.2159791497991288E-8,4.0353540305259713E-8,4.0696960095888965E-8,3.7671734461564376E-8],[4.0696960095888965E-8,4.3724176643540969E-8,4.3441955458736026E-8,4.5222130789615596E-8,4.3441955458736026E-8,4.3724176643540969E-8,4.0696960095888965E-8],[4.0353540305259713E-8,4.3441955458736026E-8,4.4333172984009364E-8,4.5225979577894893E-8,4.4333172984009364E-8,4.3441955458736026E-8,4.0353540305259713E-8],[4.2159791497991288E-8,4.5222130789615596E-8,4.5225979577894893E-8,4.6880680657499815E-8,4.5225979577894893E-8,4.5222130789615596E-8,4.2159791497991288E-8],[4.0353540305259713E-8,4.3441955458736026E-8,4.4333172984009364E-8,4.5225979577894893E-8,4.4333172984009364E-8,4.3441955458736026E-8,4.0353540305259713E-8],[4.0696960095888965E-8,4.3724176643540969E-8,4.3441955458736026E-8,4.5222130789615596E-8,4.3441955458736026E-8,4.3724176643540969E-8,4.0696960095888965E-8],[3.7671734461564376E-8,4.0696960095888965E-8,4.0353540305259713E-8,4.2159791497991288E-8,4.0353540305259713E-8,4.0696960095888965E-8,3.7671734461564376E-8]],[[3.9499593701808688E-8,4.2567151986017262E-8,4.2219084851790807E-8,4.4050916018363385E-8,4.2219084851790807E-8,4.2567151986017262E-8,3.9499593701808688E-8],[4.2567151986017262E-8,4.5634969282975554E-8,4.5349091866889852E-8,4.7153398241862085E-8,4.5349091866889852E-8,4.5634969282975554E-8,4.2567151986017262E-8],[4.2219084851790807E-8,4.5349091866889852E-8,4.6252310072557692E-8,4.7157137753859122E-8,4.6252310072557692E-8,4.5349091866889852E-8,4.2219084851790807E-8],[4.4050916018363385E-8,4.7153398241862085E-8,4.7157137753859122E-8,4.8833967477670816E-8,4.7157137753859122E-8,4.7153398241862085E-8,4.4050916018363385E-8],[4.2219084851790807E-8,4.5349091866889852E-8,4.6252310072557692E-8,4.7157137753859122E-8,4.6252310072557692E-8,4.5349091866889852E-8,4.2219084851790807E-8],[4.2567151986017262E-8,4.5634969282975554E-8,4.5349091866889852E-8,4.7153398241862085E-8,4.5349091866889852E-8,4.5634969282975554E-8,4.2567151986017262E-8],[3.9499593701808688E-8,4.2567151986017262E-8,4.2219084851790807E-8,4.4050916018363385E-8,4.2219084851790807E-8,4.2567151986017262E-8,3.9499593701808688E-8]],[[4.1352714796842488E-8,4.4462159532546071E-8,4.4109482536525713E-8,4.5966602775743666E-8,4.4109482536525713E-8,4.4462159532546071E-8,4.1352714796842488E-8],[4.4462159532546071E-8,4.757026751570403E-8,4.7280752324570338E-8,4.9108987523029655E-8,4.7280752324570338E-8,4.757026751570403E-8,4.4462159532546071E-8],[4.4109482536525713E-8,4.7280752324570338E-8,4.8195876270928481E-8,4.9112630005290765E-8,4.8195876270928481E-8,4.7280752324570338E-8,4.4109482536525713E-8],[4.5966602775743666E-8,4.9108987523029655E-8,4.9112630005290765E-8,5.081142408593181E-8,4.9112630005290765E-8,4.9108987523029655E-8,4.5966602775743666E-8],[4.4109482536525713E-8,4.7280752324570338E-8,4.8195876270928481E-8,4.9112630005290765E-8,4.8195876270928481E-8,4.7280752324570338E-8,4.4109482536525713E-8],[4.4462159532546071E-8,4.757026751570403E-8,4.7280752324570338E-8,4.9108987523029655E-8,4.7280752324570338E-8,4.757026751570403E-8,4.4462159532546071E-8],[4.1352714796842488E-8,4.4462159532546071E-8,4.4109482536525713E-8,4.5966602775743666E-8,4.4109482536525713E-8,4.4462159532546071E-8,4.1352714796842488E-8]],[[4.3230852497690107E-8,4.6381811090701791E-8,4.6024554774416859E-8,4.7906719754974581E-8,4.6024554774416859E-8,4.6381811090701791E-8,4.3230852497690107E-8],[4.6381811090701791E-8,4.9529958997876427E-8,4.9236820075746161E-8,5.1088818847300216E-8,4.9236820075746161E-8,4.9529958997876427E-8,4.6381811090701791E-8],[4.6024554774416859E-8,4.9236820075746161E-8,5.01637726651162E-8,5.1092375284255756E-8,5.01637726651162E-8,4.9236820075746161E-8,4.6024554774416859E-8],[4.7906719754974581E-8,5.1088818847300216E-8,5.1092375284255756E-8,5.2813001293622861E-8,5.1092375284255756E-8,5.1088818847300216E-8,4.7906719754974581E-8],[4.6024554774416859E-8,4.9236820075746161E-8,5.01637726651162E-8,5.1092375284255756E-8,5.01637726651162E-8,4.9236820075746161E-8,4.6024554774416859E-8],[4.6381811090701791E-8,4.9529958997876427E-8,4.9236820075746161E-8,5.1088818847300216E-8,4.9236820075746161E-8,4.9529958997876427E-8,4.6381811090701791E-8],[4.3230852497690107E-8,4.6381811090701791E-8,4.6024554774416859E-8,4.7906719754974581E-8,4.6024554774416859E-8,4.6381811090701791E-8,4.3230852497690107E-8]],[[4.5133803471448095E-8,4.8325969587354912E-8,4.7964158230954772E-8,4.9871165511144831E-8,4.7964158230954772E-8,4.8325969587354912E-8,4.5133803471448095E-8],[4.8325969587354912E-8,5.1513960180895183E-8,5.1217207575117336E-8,5.3092838011364792E-8,5.1217207575117336E-8,5.1513960180895183E-8,4.8325969587354912E-8],[4.7964158230954772E-8,5.1217207575117336E-8,5.2155927808961464E-8,5.3096318265511838E-8,5.2155927808961464E-8,5.1217207575117336E-8,4.7964158230954772E-8],[4.9871165511144831E-8,5.3092838011364792E-8,5.3096318265511838E-8,5.4838672538543436E-8,5.3096318265511838E-8,5.3092838011364792E-8,4.9871165511144831E-8],[4.7964158230954772E-8,5.1217207575117