{"M_cells":[[[0,0,0,0,0,0,0],[0,0,0,0,0,0,0],[0,0,0,0,0,0,0],[0,0,0,0,0,0,0],[0,0,0,0,0,0,0],[0,0,0,0,0,0,0],[0,0,0,0,0,0,0]],[[0.00018254813771672308,0.00074404813439208945,0.000669884340599303,0.00095451819445803237,0.000669884340599303,0.00074404813439208945,0.00018254813771672308],[0.00074404813439208945,0.0019727412042038167,0.001836769587606343,0.002469805676488719,0.001836769587606343,0.0019727412042038167,0.00074404813439208945],[0.000669884340599303,0.001836769587606343,0.0021790235066034887,0.0025219192659381015,0.0021790235066034887,0.0018367695876063432,0.00066988434059930292],[0.00095451819445803237,0.002469805676488719,0.0025219192659381015,0.0032042407835952838,0.0025219192659381015,0.002469805676488719,0.00095451819445803237],[0.000669884340599303,0.001836769587606343,0.0021790235066034887,0.0025219192659381015,0.0021790235066034887,0.0018367695876063432,0.00066988434059930292],[0.00074404813439208945,0.0019727412042038167,0.0018367695876063432,0.002469805676488719,0.0018367695876063432,0.0019727412042038167,0.00074404813439208945],[0.00018254813771672308,0.00074404813439208945,0.00066988434059930292,0.00095451819445803237,0.00066988434059930292,0.00074404813439208945,0.00018254813771672308]],[[0.00062308980113235789,0.0014990759860464807,0.0013848127050704729,0.0018496830810446629,0.0013848127050704729,0.0014990759860464807,0.00062308980113235789],[0.0014990759860464807,0.0027304531487536872,0.0025971621279242611,0.0032687163624705077,0.0025971621279242611,0.0027304531487536872,0.0014990759860464807],[0.0013848127050704729,0.0025971621279242611,0.0029490491257596475,0.00330157763470637,0.0029490491257596475,0.0025971621279242611,0.0013848127050704729],[0.0018496830810446629,0.0032687163624705077,0.00330157763470637,0.0039839040773418464,0.00330157763470637,0.0032687163624705077,0.0018496830810446629],[0.0013848127050704729,0.0025971621279242611,0.0029490491257596475,0.00330157763470637,0.0029490491257596475,0.0025971621279242611,0.0013848127050704729],[0.0014990759860464807,0.0027304531487536872,0.0025971621279242611,0.0032687163624705077,0.0025971621279242611,0.0027304531487536872,0.0014990759860464807],[0.00062308980113235789,0.0014990759860464807,0.0013848127050704729,0.0018496830810446629,0.0013848127050704729,0.0014990759860464807,0.00062308980113235789]],[[0.0012059694129087025,0.0022559514114409381,0.0021210811806634811,0.0026985011018653446,0.0021210811806634811,0.0022559514114409381,0.0012059694129087025],[0.0022559514114409381,0.0034906291702110717,0.0033606318141614737,0.0040565821654496292,0.0033606318141614737,0.0034906291702110717,0.0022559514114409381],[0.0021210811806634811,0.0033606318141614737,0.0037186210241107725,0.0040772513398546458,0.0037186210241107725,0.0033606318141614737,0.0021210811806634811],[0.0026985011018653446,0.0040565821654496292,0.0040772513398546458,0.004759583497536927,0.0040772513398546458,0.0040565821654496292,0.0026985011018653446],[0.0021210811806634811,0.0033606318141614737,0.0037186210241107725,0.0040772513398546458,0.0037186210241107725,0.0033606318141614737,0.0021210811806634811],[0.0022559514114409381,0.0034906291702110717,0.0033606318141614737,0.0040565821654496292,0.0033606318141614737,0.0034906291702110717,0.0022559514114409381],[0.0012059694129087025,0.0022559514114409381,0.0021210811806634811,0.0026985011018653446,0.0021210811806634811,0.0022559514114409381,0.0012059694129087025]],[[0.0018678455351182936,0.0030147966346758402,0.002870091565053693,0.0035179291349770559,0.002870091565053693,0.0030147966346758402,0.0018678455351182936],[0.0030147966346758402,0.0042526617832712816,0.0041258422305130368,0.0048372938543359252,0.0041258422305130368,0.0042526617832712816,0.0030147966346758402],[0.002870091565053693,0.0041258422305130368,0.0044877096859706651,0.00485021785681218,0.0044877096859706651,0.0041258422305130368,0.002870091565053693],[0.0035179291349770559,0.0048372938543359252,0.00485021785681218,0.005532556398490973,0.00485021785681218,0.0048372938543359252,0.0035179291349770559],[0.002870091565053693,0.0041258422305130368,0.0044877096859706651,0.00485021785681218,0.0044877096859706651,0.0041258422305130368,0.002870091565053693],[0.0030147966346758402,0.0042526617832712816,0.0041258422305130368,0.0048372938543359252,0.0041258422305130368,0.0042526617832712825,0.0030147966346758402],[0.0018678455351182936,0.0030147966346758402,0.002870091565053693,0.0035179291349770559,0.002870091565053693,0.0030147966346758402,0.0018678455351182936]],[[0.0025739281012973122,0.0037754382948529753,0.0036266721764137907,0.0043186611129464817,0.0036266721764137907,0.0037754382948529753,0.0025739281012973122],[0.0037754382948529753,0.00501607638092993,0.0048920181456952889,0.0056133533834290079,0.0048920181456952889,0.00501607638092993,0.0037754382948529753],[0.0036266721764137907,0.0048920181456952889,0.0052563592533776179,0.0056213407384167182,0.0052563592533776179,0.0048920181456952889,0.0036266721764137907],[0.0043186611129464817,0.0056133533834290079,0.0056213407384167182,0.00630368621366226,0.0056213407384167182,0.0056133533834290079,0.0043186611129464817],[0.0036266721764137907,0.0048920181456952889,0.0052563592533776179,0.0056213407384167182,0.0052563592533776179,0.0048920181456952889,0.0036266721764137907],[0.0037754382948529753,0.00501607638092993,0.0048920181456952889,0.0056133533834290079,0.0048920181456952889,0.00501607638092993,0.0037754382948529753],[0.0025739281012973122,0.0037754382948529753,0.0036266721764137907,0.0043186611129464817,0.0036266721764137907,0.0037754382948529753,0.0025739281012973126]],[[0.00330501428905919,0.0045375957073108862,0.0043877236014729266,0.0051074602142478888,0.0043877236014729266,0.0045375957073108862,0.00330501428905919],[0.0045375957073108862,0.0057805103160245425,0.0056587154420061712,0.0063863759988059881,0.0056587154420061712,0.0057805103160245425,0.0045375957073108862],[0.0043877236014729266,0.0056587154420061712,0.0060246405047117355,0.006391205669231315,0.0060246405047117355,0.0056587154420061712,0.0043877236014729266],[0.0051074602142478888,0.0063863759988059881,0.006391205669231315,0.007073558518001022,0.006391205669231315,0.0063863759988059881,0.0051074602142478888],[0.0043877236014729266,0.0056587154420061712,0.0060246405047117355,0.006391205669231315,0.0060246405047117355,0.0056587154420061712,0.0043877236014729266],[0.0045375957073108862,0.0057805103160245425,0.0056587154420061712,0.0063863759988059881,0.0056587154420061712,0.0057805103160245425,0.0045375957073108862],[0.00330501428905919,0.0045375957073108862,0.0043877236014729266,0.0051074602142478888,0.0043877236014729266,0.0045375957073108862,0.0033050142890591904]],[[0.0040504330255438448,0.0053009743259410467,0.0051513964179846529,0.0058886166601856971,0.0051513964179846529,0.0053009743259410467,0.0040504330255438448],[0.0053009743259410467,0.006545690978677546,0.0064256838325032119,0.0071574087547766159,0.0064256838325032119,0.006545690978677546,0.0053009743259410467],[0.0051513964179846529,0.0064256838325032119,0.0067926275267372448,0.0071602111068687626,0.0067926275267372448,0.0064256838325032119,0.0051513964179846529],[0.0058886166601856971,0.0071574087547766159,0.0071602111068687626,0.0078425716726491929,0.0071602111068687626,0.0071574087547766167,0.0058886166601856971],[0.0051513964179846529,0.0064256838325032119,0.0067926275267372448,0.0071602111068687626,0.0067926275267372448,0.0064256838325032119,0.0051513964179846529],[0.0053009743259410467,0.006545690978677546,0.0064256838325032119,0.0071574087547766167,0.0064256838325032119,0.006545690978677546,0.0053009743259410467],[0.0040504330255438448,0.0053009743259410467,0.0051513964179846529,0.0058886166601856971,0.0051513964179846529,0.0053009743259410467,0.0040504330255438457]],[[0.00480420103919025,0.0060653075960665336,0.0059165928732290872,0.00666486078591181,0.0059165928732290872,0.0060653075960665336,0.00480420103919025],[0.0060653075960665336,0.0073114159695733061,0.007192785375774037,0.0079271332250252964,0.007192785375774037,0.0073114159695733061,0.0060653075960665336],[0.0059165928732290872,0.007192785375774037,0.0075603872827913043,0.0079286289113038571,0.0075603872827913043,0.007192785375774037,0.0059165928732290872],[0.00666486078591181,0.0079271332250252964,0.0079286289113038571,0.0086109974550120059,0.0079286289113038571,0.0079271332250252964,0.0066648607859118112],[0.0059165928732290872,0.007192785375774037,0.0075603872827913043,0.0079286289113038571,0.0075603872827913043,0.007192785375774037,0.0059165928732290872],[0.0060653075960665336,0.0073114159695733061,0.007192785375774037,0.0079271332250252964,0.007192785375774037,0.0073114159695733061,0.0060653075960665336],[0.00480420103919025,0.0060653075960665336,0.0059165928732290872,0.0066648607859118112,0.0059165928732290872,0.0060653075960665336,0.00480420103919025]],[[0.0055629247652122628,0.0068303717519489346,0.006682665562920677,0.0074379361959563944,0.006682665562920677,0.0068303717519489346,0.0055629247652122628],[0.0068303717519489346,0.0080775364625610985,0.0079599464211357589,0.0086959949587087464,0.0079599464211357589,0.0080775364625610985,0.0068303717519489346],[0.006682665562920677,0.0079599464211357589,0.0083279759391774247,0.0086966450563857236,0.0083279759391774247,0.0079599464211357589,0.006682665562920677],[0.0074379361959563944,0.0086959949587087464,0.0086966450563857236,0.00937902176963978,0.0086966450563857236,0.0086959949587087464,0.0074379361959563952],[0.006682665562920677,0.0079599464211357589,0.0083279759391774247,0.0086966450563857236,0.0083279759391774247,0.0079599464211357589,0.006682665562920677],[0.0068303717519489346,0.0080775364625610985,0.0079599464211357589,0.0086959949587087464,0.0079599464211357589,0.0080775364625611,0.0068303717519489346],[0.0055629247652122628,0.0068303717519489346,0.006682665562920677,0.0074379361959563952,0.006682665562920677,0.0068303717519489346,0.0055629247652122628]],[[0.0063246518844130616,0.0075959872548118706,0.0074492357104505589,0.0082089604178391222,0.0074492357104505589,0.0075959872548118706,0.0063246518844130616],[0.0075959872548118706,0.0088439438597612118,0.0087271294950338734,0.0094642864561386344,0.0087271294950338734,0.0088439438597612118,0.0075959872548118706],[0.0074492357104505589,0.0087271294950338734,0.0090954385265485573,0.0094643870680493035,0.0090954385265485573,0.0087271294950338734,0.0074492357104505589],[0.0082089604178391222,0.0094642864561386344,0.0094643870680493035,0.010146772085144863,0.0094643870680493035,0.0094642864561386344,0.0082089604178391222],[0.0074492357104505589,0.0087271294950338734,0.0090954385265485573,0.0094643870680493035,0.0090954385265485573,0.0087271294950338734,0.0074492357104505589],[0.0075959872548118706,0.0088439438597612118,0.0087271294950338734,0.0094642864561386344,0.0087271294950338734,0.0088439438597612118,0.0075959872548118706],[0.0063246518844130616,0.0075959872548118706,0.0074492357104505589,0.0082089604178391222,0.0074492357104505589,0.0075959872548118706,0.0063246518844130616]],[[0.0070882400202586064,0.0083620143110449147,0.0082160839165578512,0.0089786524381237423,0.0082160839165578512,0.0083620143110449147,0.0070882400202586064],[0.0083620143110449147,0.0096105594039026365,0.0094943170188852965,0.010232200556271892,0.0094943170188852965,0.0096105594039026365,0.0083620143110449147],[0.0082160839165578512,0.0094943170188852965,0.0098628100771416382,0.010231942581676579,0.0098628100771416382,0.0094943170188852965,0.0082160839165578512],[0.0089786524381237423,0.010232200556271892,0.010231942581676579,0.010914335990023026,0.010231942581676579,0.010232200556271892,0.0089786524381237423],[0.0082160839165578512,0.0094943170188852965,0.0098628100771416382,0.010231942581676579,0.0098628100771416382,0.0094943170188852965,0.0082160839165578512],[0.0083620143110449147,0.0096105594039026365,0.0094943170188852965,0.010232200556271892,0.0094943170188852965,0.0096105594039026382,0.0083620143110449165],[0.0070882400202586064,0.0083620143110449147,0.0082160839165578512,0.0089786524381237423,0.0082160839165578512,0.0083620143110449165,0.0070882400202586064]],[[0.0078530076476301548,0.0091283463576397276,0.0089830847224137041,0.0097474766638578816,0.0089830847224137041,0.0091283463576397276,0.0078530076476301548],[0.0091283463576397276,0.010377326262435883,0.010261502000876348,0.010999864923755565,0.010261502000876348,0.010377326262435883,0.0091283463576397276],[0.0089830847224137041,0.010261502000876348,0.010630117266821143,0.010999371934558286,0.010630117266821143,0.010261502000876348,0.0089830847224137041],[0.0097474766638578816,0.010999864923755565,0.010999371934558286,0.011681773783561791,0.010999371934558286,0.010999864923755565,0.0097474766638578816],[0.0089830847224137041,0.010261502000876348,0.010630117266821143,0.010999371934558286,0.010630117266821143,0.010261502000876348,0.0089830847224137041],[0.0091283463576397276,0.010377326262435883,0.010261502000876348,0.010999864923755565,0.010261502000876348,0.010377326262435885,0.00912834635763973],[0.0078530076476301548,0.0091283463576397276,0.0089830847224137041,0.0097474766638578816,0.0089830847224137041,0.00912834635763973,0.0078530076476301565]],[[0.00861853949162063,0.0098949034234821053,0.0097501675904165582,0.01051573428595989,0.0097501675904165582,0.0098949034234821053,0.00861853949162063],[0.0098949034234821053,0.011144203589261178,0.01102868280521342,0.01176736441842767,0.01102868280521342,0.011144203589261178,0.0098949034234821053],[0.0097501675904165582,0.01102868280521342,0.011397380085407588,0.011766716737210695,0.011397380085407588,0.01102868280521342,0.0097501675904165582],[0.01051573428595989,0.01176736441842767,0.011766716737210695,0.012449127045709874,0.011766716737210695,0.01176736441842767,0.01051573428595989],[0.0097501675904165582,0.01102868280521342,0.011397380085407588,0.011766716737210695,0.011397380085407589,0.011028682805213422,0.0097501675904165582],[0.0098949034234821053,0.011144203589261178,0.01102868280521342,0.01176736441842767,0.011028682805213422,0.01114420358926118,0.0098949034234821071],[0.00861853949162063,0.0098949034234821053,0.0097501675904165582,0.01051573428595989,0.0097501675904165582,0.0098949034234821071,0.0086185394916206311]],[[0.0093845768917142375,0.010661626202875984,0.010517293763520662,0.011283621452116567,0.010517293763520662,0.010661626202875984,0.0093845768917142375],[0.010661626202875984,0.011911162123151395,0.01179586028099172,0.012534755666112236,0.01179586028099172,0.011911162123151395,0.010661626202875984],[0.010517293763520662,0.01179586028099172,0.012164613326731452,0.012534005724422445,0.012164613326731452,0.01179586028099172,0.010517293763520662],[0.011283621452116567,0.012534755666112236,0.012534005724422445,0.013216424486836523,0.012534005724422445,0.012534755666112236,0.011283621452116567],[0.010517293763520662,0.01179586028099172,0.012164613326731452,0.012534005724422445,0.012164613326731452,0.01179586028099172,0.010517293763520662],[0.010661626202875984,0.011911162123151395,0.01179586028099172,0.012534755666112236,0.01179586028099172,0.011911162123151395,0.010661626202875986],[0.0093845768917142375,0.010661626202875984,0.010517293763520662,0.011283621452116567,0.010517293763520662,0.010661626202875986,0.00938457689171424]],[[0.010150955200404176,0.01142847111938931,0.011284442632526528,0.012051266435770168,0.011284442632526528,0.01142847111938931,0.010150955200404176],[0.01142847111938931,0.012678180955729833,0.012563036238632273,0.013302076590207402,0.012563036238632273,0.012678180955729833,0.01142847111938931],[0.011284442632526528,0.012563036238632273,0.01293182782933497,0.013301258760006832,0.01293182782933497,0.012563036238632273,0.011284442632526528],[0.012051266435770168,0.013302076590207402,0.013301258760006832,0.013983685951371895,0.013301258760006832,0.013302076590207402,0.012051266435770168],[0.011284442632526528,0.012563036238632273,0.01293182782933497,0.013301258760006832,0.01293182782933497,0.012563036238632273,0.011284442632526528],[0.01142847111938931,0.012678180955729833,0.012563036238632273,0.013302076590207402,0.012563036238632273,0.012678180955729833,0.011428471119389312],[0.010150955200404176,0.01142847111938931,0.011284442632526528,0.012051266435770168,0.011284442632526528,0.011428471119389312,0.010150955200404177]],[[0.010917567449562585,0.012195406385578594,0.012051603770914862,0.012818753472247008,0.012051603770914862,0.012195406385578594,0.010917567449562585],[0.012195406385578594,0.013445245175980152,0.013330212682545849,0.014069352673713949,0.013330212682545849,0.013445245175980152,0.012195406385578594],[0.012051603770914862,0.013330212682545849,0.013699031466792822,0.014068489584580053,0.013699031466792822,0.013330212682545849,0.012051603770914862],[0.012818753472247008,0.014069352673713949,0.014068489584580053,0.014750925164644584,0.014068489584580053,0.014069352673713949,0.012818753472247008],[0.012051603770914862,0.013330212682545849,0.013699031466792822,0.014068489584580053,0.013699031466792822,0.013330212682545849,0.012051603770914862],[0.012195406385578594,0.013445245175980152,0.013330212682545849,0.014069352673713949,0.013330212682545849,0.013445245175980152,0.012195406385578594],[0.010917567449562585,0.012195406385578594,0.012051603770914862,0.012818753472247008,0.012051603770914862,0.012195406385578594,0.010917567449562585]],[[0.011684342856766446,0.012962408946128764,0.012818772329472971,0.013586138103567185,0.012818772329472971,0.012962408946128764,0.011684342856766446],[0.012962408946128764,0.014212344163986753,0.014097391458092313,0.014836601090943931,0.014097391458092313,0.014212344163986753,0.012962408946128764],[0.012818772329472971,0.014097391458092313,0.014466229916061463,0.014835707705130942,0.014466229916061463,0.014097391458092313,0.012818772329472971],[0.013586138103567185,0.014836601090943931,0.014835707705130942,0.015518151621667219,0.014835707705130942,0.014836601090943931,0.013586138103567185],[0.012818772329472971,0.014097391458092313,0.014466229916061463,0.014835707705130942,0.014466229916061463,0.014097391458092313,0.012818772329472971],[0.012962408946128764,0.014212344163986753,0.014097391458092313,0.014836601090943931,0.014097391458092313,0.014212344163986753,0.012962408946128764],[0.011684342856766446,0.012962408946128764,0.012818772329472971,0.013586138103567185,0.012818772329472971,0.012962408946128764,0.011684342856766446]],[[0.012451233837715438,0.01372946215407626,0.01358594640924388,0.014353457096445751,0.01358594640924388,0.01372946215407626,0.012451233837715438],[0.01372946215407626,0.014979470361120361,0.014864574117762718,0.015603833445247914,0.014864574117762718,0.014979470361120361,0.01372946215407626],[0.01358594640924388,0.014864574117762718,0.015233427241672717,0.015602919697088645,0.015233427241672717,0.014864574117762718,0.01358594640924388],[0.014353457096445751,0.015603833445247914,0.015602919697088645,0.016285371888557405,0.015602919697088645,0.015603833445247914,0.014353457096445751],[0.01358594640924388,0.014864574117762718,0.015233427241672717,0.015602919697088645,0.015233427241672717,0.014864574117762718,0.01358594640924388],[0.01372946215407626,0.014979470361120361,0.014864574117762718,0.015603833445247914,0.014864574117762718,0.014979470361120361,0.01372946215407626],[0.012451233837715438,0.01372946215407626,0.01358594640924388,0.014353457096445751,0.01358594640924388,0.01372946215407626,0.012451233837715438]],[[0.01321820798014825,0.01449655403081565,0.0143531255896113,0.015120734879211593,0.0143531255896113,0.01449655403081565,0.01321820798014825],[0.01449655403081565,0.0157466183872958,0.015631761897267744,0.016371057590655165,0.015631761897267744,0.0157466183872958,0.01449655403081565],[0.0143531255896113,0.015631761897267744,0.016000626333283346,0.01637013010322565,0.016000626333283346,0.015631761897267744,0.0143531255896113],[0.015120734879211593,0.016371057590655165,0.01637013010322565,0.01705259050091212,0.01637013010322565,0.016371057590655165,0.015120734879211593],[0.0143531255896113,0.015631761897267744,0.016000626333283346,0.01637013010322565,0.016000626333283346,0.015631761897267744,0.0143531255896113],[0.01449655403081565,0.0157466183872958,0.015631761897267744,0.016371057590655165,0.015631761897267744,0.0157466183872958,0.01449655403081565],[0.01321820798014825,0.01449655403081565,0.0143531255896113,0.015120734879211593,0.0143531255896113,0.01449655403081565,0.01321820798014825]],[[0.01398524297061329,0.015263675978253823,0.01512031012373171,0.015887987737120794,0.01512031012373171,0.015263675978253823,0.01398524297061329],[0.015263675978253823,0.016513784409548645,0.016398955741763515,0.017138278848898909,0.016398955741763515,0.016513784409548645,0.015263675978253823],[0.01512031012373171,0.016398955741763515,0.016767829229639548,0.0171373420552785,0.016767829229639548,0.016398955741763515,0.01512031012373171],[0.015887987737120794,0.017138278848898909,0.0171373420552785,0.017819810584998919,0.0171373420552785,0.017138278848898909,0.015887987737120794],[0.01512031012373171,0.016398955741763515,0.016767829229639548,0.0171373420552785,0.016767829229639548,0.016398955741763515,0.01512031012373171],[0.015263675978253823,0.016513784409548645,0.016398955741763515,0.017138278848898909,0.016398955741763515,0.016513784409548649,0.015263675978253823],[0.01398524297061329,0.015263675978253823,0.01512031012373171,0.015887987737120794,0.01512031012373171,0.015263675978253823,0.01398524297061329]],[[0.014752323317938978,0.016030821834259516,0.01588750051423982,0.016655226558408055,0.01588750051423982,0.016030821834259516,0.014752323317938978],[0.016030821834259516,0.017280965691696425,0.017166156350677177,0.017905500825695381,0.017166156350677177,0.017280965691696425,0.016030821834259516],[0.01588750051423982,0.017166156350677177,0.017535037356282902,0.01790455770447202,0.017535037356282902,0.017166156350677177,0.01588750051423982],[0.016655226558408055,0.017905500825695381,0.01790455770447202,0.018587034287933187,0.01790455770447202,0.017905500825695381,0.016655226558408055],[0.01588750051423982,0.017166156350677177,0.017535037356282902,0.01790455770447202,0.017535037356282902,0.017166156350677177,0.01588750051423982],[0.016030821834259516,0.017280965691696425,0.017166156350677177,0.017905500825695381,0.017166156350677177,0.017280965691696425,0.016030821834259516],[0.014752323317938978,0.016030821834259516,0.01588750051423982,0.016655226558408055,0.01588750051423982,0.016030821834259516,0.014752323317938978]],[[0.015519438195401015,0.016797987184933715,0.016654697301714396,0.01742245863947936,0.016654697301714396,0.016797987184933715,0.015519438195401015],[0.016797987184933715,0.018048160273949929,0.017933364225399956,0.018672725960300434,0.017933364225399956,0.018048160273949929,0.016797987184933715],[0.016654697301714396,0.017933364225399956,0.018302251698712756,0.018671778520104904,0.018302251698712756,0.017933364225399956,0.016654697301714396],[0.01742245863947936,0.018672725960300434,0.018671778520104904,0.019354263075984365,0.018671778520104904,0.018672725960300434,0.01742245863947936],[0.016654697301714396,0.017933364225399956,0.018302251698712756,0.018671778520104904,0.018302251698712756,0.017933364225399956,0.016654697301714396],[0.016797987184933715,0.018048160273949929,0.017933364225399956,0.018672725960300434,0.017933364225399956,0.018048160273949929,0.016797987184933715],[0.015519438195401015,0.016797987184933715,0.016654697301714396,0.01742245863947936,0.016654697301714396,0.016797987184933715,0.015519438195401015]],[[0.01628657999546242,0.017565168866825732,0.017421900969210726,0.018189688876704503,0.017421900969210726,0.017565168866825732,0.01628657999546242],[0.017565168866825732,0.018815366745455853,0.018700579712732045,0.019439955896818711,0.018700579712732045,0.018815366745455853,0.017565168866825732],[0.017421900969210726,0.018700579712732045,0.019069472927792926,0.019439005496884161,0.019069472927792926,0.018700579712732045,0.017421900969210726],[0.018189688876704503,0.019439955896818711,0.019439005496884161,0.02012149794168637,0.019439005496884161,0.019439955896818711,0.018189688876704503],[0.017421900969210726,0.018700579712732045,0.019069472927792926,0.019439005496884161,0.019069472927792926,0.018700579712732045,0.017421900969210726],[0.017565168866825732,0.018815366745455853,0.018700579712732045,0.019439955896818711,0.018700579712732045,0.018815366745455853,0.017565168866825732],[0.01628657999546242,0.017565168866825732,0.017421900969210726,0.018189688876704503,0.017421900969210726,0.017565168866825732,0.01628657999546242]],[[0.017053743348168313,0.01833236460838765,0.018189111907818488,0.018956920556590522,0.018189111907818488,0.01833236460838765,0.017053743348168313],[0.01833236460838765,0.019582584083109811,0.019467803041502574,0.020207191735929383,0.019467803041502574,0.019582584083109811,0.01833236460838765],[0.018189111907818488,0.019467803041502574,0.019836701490139434,0.020206239299055878,0.019836701490139434,0.019467803041502574,0.018189111907818488],[0.018956920556590522,0.020207191735929383,0.020206239299055878,0.020888739547789508,0.020206239299055878,0.020207191735929383,0.018956920556590522],[0.018189111907818488,0.019467803041502574,0.019836701490139434,0.020206239299055878,0.019836701490139434,0.019467803041502574,0.018189111907818488],[0.01833236460838765,0.019582584083109811,0.019467803041502574,0.020207191735929383,0.019467803041502574,0.019582584083109811,0.01833236460838765],[0.017053743348168313,0.01833236460838765,0.018189111907818488,0.018956920556590522,0.018189111907818488,0.01833236460838765,0.017053743348168313]],[[0.017820924447000848,0.019099572772761895,0.018956330412495358,0.019724155881860921,0.018956330412495358,0.019099572772761895,0.017820924447000848],[0.019099572772761895,0.020349811537509709,0.0202350343520375,0.020974434206082738,0.0202350343520375,0.020349811537509709,0.019099572772761895],[0.018956330412495358,0.0202350343520375,0.020603937673010324,0.02097348036069888,0.020603937673010324,0.0202350343520375,0.018956330412495358],[0.019724155881860921,0.020974434206082738,0.02097348036069888,0.021655988327410981,0.02097348036069888,0.020974434206082738,0.019724155881860921],[0.018956330412495358,0.0202350343520375,0.020603937673010324,0.02097348036069888,0.020603937673010324,0.0202350343520375,0.018956330412495358],[0.019099572772761895,0.020349811537509709,0.0202350343520375,0.020974434206082738,0.0202350343520375,0.020349811537509709,0.019099572772761895],[0.017820924447000848,0.019099572772761895,0.018956330412495358,0.019724155881860921,0.018956330412495358,0.019099572772761895,0.017820924447000848]],[[0.018588120581924137,0.019866792173887725,0.01972355669143537,0.020491396323125376,0.01972355669143537,0.019866792173887725,0.018588120581924137],[0.019866792173887725,0.021117048552371089,0.021002273719155837,0.021741683780272317,0.021002273719155837,0.021117048552371089,0.019866792173887725],[0.01972355669143537,0.021002273719155837,0.021371181650735059,0.021740728955574339,0.021371181650735059,0.021002273719155837,0.01972355669143537],[0.020491396323125376,0.021741683780272317,0.021740728955574339,0.022423244553770916,0.021740728955574339,0.021741683780272317,0.020491396323125376],[0.01972355669143537,0.021002273719155837,0.021371181650735059,0.021740728955574339,0.021371181650735059,0.021002273719155837,0.01972355669143537],[0.019866792173887725,0.021117048552371089,0.021002273719155837,0.021741683780272317,0.021002273719155837,0.021117048552371089,0.019866792173887725],[0.018588120581924137,0.019866792173887725,0.01972355669143537,0.020491396323125376,0.01972355669143537,0.019866792173887725,0.018588120581924137]],[[0.019355329813887177,0.020634021945403178,0.02049079088019836,0.02125864285488183,0.02049079088019836,0.020634021945403178,0.019355329813887177],[0.020634021945403178,0.021884294707653913,0.021769521169733349,0.022508940755903782,0.021769521169733349,0.021884294707653913,0.020634021945403178],[0.02049079088019836,0.021769521169733349,0.022138433517844176,0.022507985245812004,0.022138433517844176,0.021769521169733349,0.02049079088019836],[0.02125864285488183,0.022508940755903782,0.022507985245812004,0.023190508388788045,0.022507985245812004,0.022508940755903782,0.02125864285488183],[0.02049079088019836,0.021769521169733349,0.022138433517844176,0.022507985245812004,0.022138433517844176,0.021769521169733349,0.02049079088019836],[0.020634021945403178,0.021884294707653913,0.021769521169733349,0.022508940755903782,0.021769521169733349,0.021884294707653913,0.020634021945403178],[0.019355329813887177,0.020634021945403178,0.02049079088019836,0.02125864285488183,0.02049079088019836,0.020634021945403178,0.019355329813887177]],[[0.020122550746899021,0.021401261447410391,0.021258033056267594,0.022025896114486295,0.021258033056267594,0.021401261447410391,0.020122550746899021],[0.021401261447410391,0.022651549679463142,0.022536776695903721,0.023276205309558918,0.022536776695903721,0.022651549679463142,0.021401261447410391],[0.021258033056267594,0.022536776695903721,0.022905693312651798,0.023275249315867351,0.022905693312651798,0.022536776695903721,0.021258033056267594],[0.022025896114486295,0.023276205309558918,0.023275249315867351,0.023957779916965113,0.023275249315867351,0.023276205309558918,0.022025896114486295],[0.021258033056267594,0.022536776695903721,0.022905693312651798,0.023275249315867351,0.022905693312651798,0.022536776695903721,0.021258033056267594],[0.021401261447410391,0.022651549679463142,0.022536776695903721,0.023276205309558918,0.022536776695903721,0.022651549679463142,0.021401261447410391],[0.020122550746899021,0.021401261447410391,0.021258033056267594,0.022025896114486295,0.021258033056267594,0.021401261447410391,0.020122550746899021]],[[0.020889782367927646,0.022168510200308439,0.022025283252120404,0.022793156509616243,0.022025283252120404,0.022168510200308439,0.020889782367927646],[0.022168510200308439,0.023418813211802707,0.023304040264862897,0.02404347753463399,0.023304040264862897,0.023418813211802707,0.022168510200308439],[0.022025283252120404,0.023304040264862897,0.023672961034010044,0.024042521196221321,0.023672961034010044,0.023304040264862897,0.022025283252120404],[0.022793156509616243,0.02404347753463399,0.024042521196221321,0.02472505916903173,0.024042521196221321,0.02404347753463399,0.022793156509616243],[0.022025283252120404,0.023304040264862897,0.023672961034010044,0.024042521196221321,0.023672961034010044,0.023304040264862897,0.022025283252120404],[0.022168510200308439,0.023418813211802707,0.023304040264862897,0.02404347753463399,0.023304040264862897,0.023418813211802707,0.022168510200308439],[0.020889782367927646,0.022168510200308439,0.022025283252120404,0.022793156509616243,0.022025283252120404,0.022168510200308439,0.020889782367927646]],[[0.021657023934208104,0.022935767837915812,0.022792541466154882,0.023560424291157095,0.022792541466154882,0.022935767837915812,0.021657023934208104],[0.022935767837915812,0.024186085096692015,0.024071311826080407,0.024810757467260598,0.024071311826080407,0.024186085096692015,0.022935767837915812],[0.022792541466154882,0.024071311826080407,0.024440236653190586,0.024809800879928644,0.024440236653190586,0.024071311826080407,0.022792541466154882],[0.023560424291157095,0.024810757467260598,0.024809800879928644,0.025492346138447586,0.024809800879928644,0.024810757467260598,0.023560424291157095],[0.022792541466154882,0.024071311826080407,0.024440236653190586,0.024809800879928644,0.024440236653190586,0.024071311826080407,0.022792541466154882],[0.022935767837915812,0.024186085096692015,0.024071311826080407,0.024810757467260598,0.024071311826080407,0.024186085096692015,0.022935767837915812],[0.021657023934208104,0.022935767837915812,0.022792541466154882,0.023560424291157095,0.022792541466154882,0.022935767837915812,0.021657023934208104]],[[0.022424274893823457,0.023703034074311756,0.02355980767143618,0.024327699602792168,0.02355980767143618,0.023703034074311756,0.022424274893823457],[0.023703034074311756,0.024953365160179382,0.024838591316563918,0.025578045104190868,0.024838591316563918,0.024953365160179382,0.023703034074311756],[0.02355980767143618,0.024838591316563918,0.025207520122298172,0.025577088334177957,0.025207520122298172,0.024838591316563918,0.02355980767143618],[0.024327699602792168,0.025578045104190868,0.025577088334177957,0.026259640792926947,0.025577088334177957,0.025578045104190868,0.024327699602792168],[0.02355980767143618,0.024838591316563918,0.025207520122298172,0.025577088334177957,0.025207520122298172,0.024838591316563918,0.02355980767143618],[0.023703034074311756,0.024953365160179382,0.024838591316563918,0.025578045104190868,0.024838591316563918,0.024953365160179382,0.023703034074311756],[0.022424274893823457,0.023703034074311756,0.02355980767143618,0.024327699602792168,0.02355980767143618,0.023703034074311756,0.022424274893823457]],[[0.023191534829695371,0.024470308680411453,0.024327081822496818,0.025094982514840842,0.024327081822496818,0.024470308680411453,0.023191534829695371],[0.024470308680411453,0.025720653252508566,0.025605878664678568,0.026345340415158715,0.025605878664678568,0.025720653252508566,0.024470308680411453],[0.024327081822496818,0.025605878664678568,0.025974811380220324,0.026344383508370078,0.025974811380220324,0.025605878664678568,0.024327081822496818],[0.025094982514840842,0.026345340415158715,0.026344383508370078,0.027026943082488739,0.026344383508370078,0.026345340415158715,0.025094982514840842],[0.024327081822496818,0.025605878664678568,0.025974811380220324,0.026344383508370078,0.025974811380220324,0.025605878664678568,0.024327081822496818],[0.024470308680411453,0.025720653252508566,0.025605878664678568,0.026345340415158715,0.025605878664678568,0.025720653252508566,0.024470308680411453],[0.023191534829695371,0.024470308680411453,0.024327081822496818,0.025094982514840842,0.024327081822496818,0.024470308680411453,0.023191534829695371]],[[0.02395880342007637,0.025237591467435445,0.02509436386051641,0.025862273047409359,0.02509436386051641,0.025237591467435445,0.02395880342007637],[0.025237591467435445,0.026487949241207492,0.026373173792903389,0.027112643351435539,0.026373173792903389,0.026487949241207492,0.025237591467435445],[0.02509436386051641,0.026373173792903389,0.026742110356829208,0.027111686339764206,0.026742110356829208,0.026373173792903389,0.02509436386051641],[0.025862273047409359,0.027112643351435539,0.027111686339764206,0.027794252945080505,0.027111686339764206,0.027112643351435539,0.025862273047409359],[0.02509436386051641,0.026373173792903389,0.026742110356829208,0.027111686339764206,0.026742110356829208,0.026373173792903389,0.02509436386051641],[0.025237591467435445,0.026487949241207492,0.026373173792903389,0.027112643351435539,0.026373173792903389,0.026487949241207492,0.025237591467435445],[0.02395880342007637,0.025237591467435445,0.02509436386051641,0.025862273047409359,0.02509436386051641,0.025237591467435445,0.02395880342007637]],[[0.024726080410680782,0.026004882275256217,0.025861653717206612,0.026629571186269262,0.025861653717206612,0.026004882275256217,0.024726080410680782],[0.026004882275256217,0.02725525300623316,0.02714047661981224,0.027879953851759908,0.02714047661981224,0.02725525300623316,0.026004882275256217],[0.025861653717206612,0.02714047661981224,0.027509416975946333,0.027878996757425407,0.027509416975946333,0.02714047661981224,0.025861653717206612],[0.026629571186269262,0.027879953851759908,0.027878996757425407,0.028561570310508242,0.027878996757425407,0.027879953851759908,0.026629571186269262],[0.025861653717206612,0.02714047661981224,0.027509416975946333,0.027878996757425407,0.027509416975946333,0.02714047661981224,0.025861653717206612],[0.026004882275256217,0.02725525300623316,0.02714047661981224,0.027879953851759908,0.02714047661981224,0.02725525300623316,0.026004882275256217],[0.024726080410680782,0.026004882275256217,0.025861653717206612,0.026629571186269262,0.025861653717206612,0.026004882275256217,0.024726080410680782]],[[0.02549336559503038,0.026772180964188451,0.026628951317689609,0.027396876893770388,0.026628951317689609,0.026772180964188451,0.02549336559503038],[0.026772180964188451,0.028022564436560347,0.027907787061490559,0.028647271846450023,0.027907787061490559,0.028022564436560347,0.026772180964188451],[0.026628951317689609,0.027907787061490559,0.028276731157430249,0.028646314684982722,0.028276731157430249,0.027907787061490559,0.026628951317689609],[0.027396876893770388,0.028647271846450023,0.028646314684982722,0.02932889510318077,0.028646314684982722,0.028647271846450023,0.027396876893770388],[0.026628951317689609,0.027907787061490559,0.028276731157430249,0.028646314684982722,0.028276731157430249,0.027907787061490559,0.026628951317689609],[0.026772180964188451,0.028022564436560347,0.027907787061490559,0.028647271846450023,0.027907787061490559,0.028022564436560347,0.026772180964188451],[0.02549336559503038,0.026772180964188451,0.026628951317689609,0.027396876893770388,0.026628951317689609,0.026772180964188451,0.02549336559503038]],[[0.026260658800599804,0.027539487409209831,0.027396256582612959,0.028164190116357141,0.027396256582612959,0.027539487409209831,0.026260658800599804],[0.027539487409209831,0.028789883427786277,0.028675105032546794,0.029414597260260016,0.028675105032546794,0.028789883427786277,0.027539487409209831],[0.027396256582612959,0.028675105032546794,0.029044052818646873,0.029413640042557945,0.029044052818646873,0.028675105032546794,0.027396256582612959],[0.028164190116357141,0.029414597260260016,0.029413640042557945,0.030096227244027496,0.029413640042557945,0.029414597260260016,0.028164190116357141],[0.027396256582612959,0.028675105032546794,0.029044052818646873,0.029413640042557945,0.029044052818646873,0.028675105032546794,0.027396256582612959],[0.027539487409209831,0.028789883427786277,0.028675105032546794,0.029414597260260016,0.028675105032546794,0.028789883427786277,0.027539487409209831],[0.026260658800599804,0.027539487409209831,0.027396256582612959,0.028164190116357141,0.027396256582612959,0.027539487409209831,0.026260658800599804]],[[0.027027959879050281,0.028306801495893666,0.028163569429688326,0.028931510789754006,0.028163569429688326,0.028306801495893666,0.027027959879050281],[0.028306801495893666,0.029557209880446318,0.029442430446829603,0.0301819300143628,0.029442430446829603,0.029557209880446318,0.028306801495893666],[0.028163569429688326,0.029442430446829603,0.029811381875501176,0.030180972748111497,0.029811381875501176,0.029442430446829603,0.028163569429688326],[0.028931510789754006,0.0301819300143628,0.030180972748111497,0.030863566651835688,0.030180972748111497,0.0301819300143628,0.028931510789754006],[0.028163569429688326,0.029442430446829603,0.029811381875501176,0.030180972748111497,0.029811381875501176,0.029442430446829603,0.028163569429688326],[0.028306801495893666,0.029557209880446318,0.029442430446829603,0.0301819300143628,0.029442430446829603,0.029557209880446318,0.028306801495893666],[0.027027959879050281,0.028306801495893666,0.028163569429688326,0.028931510789754006,0.028163569429688326,0.028306801495893666,0.027027959879050281]],[[0.02779526869935077,0.029074123117546813,0.028930889774806127,0.029698838842546118,0.028930889774806127,0.029074123117546813,0.02779526869935077],[0.029074123117546813,0.030324543698829729,0.030209763217935448,0.030949270027727072,0.030209763217935448,0.030324543698829729,0.029074123117546813],[0.028930889774806127,0.030209763217935448,0.03057871824316067,0.030948312718381527,0.03057871824316067,0.030209763217935448,0.028930889774806127],[0.029698838842546118,0.030949270027727072,0.030948312718381527,0.031630913244182837,0.030948312718381527,0.030949270027727072,0.029698838842546118],[0.028930889774806127,0.030209763217935448,0.03057871824316067,0.030948312718381527,0.03057871824316067,0.030209763217935448,0.028930889774806127],[0.029074123117546813,0.030324543698829729,0.030209763217935448,0.030949270027727072,0.030209763217935448,0.030324543698829729,0.029074123117546813],[0.02779526869935077,0.029074123117546813,0.028930889774