{"M_cells":[[[0,0,0,0,0,0,0],[0,0,0,0,0,0,0],[0,0,0,0,0,0,0],[0,0,0,0,0,0,0],[0,0,0,0,0,0,0],[0,0,0,0,0,0,0],[0,0,0,0,0,0,0]],[[4.5006770451786E-5,0.00024336368569180877,0.00021697161158858221,0.00031603840463934789,0.00021697161158858221,0.00024336368569180877,4.5006770451786E-5],[0.00024336368569180877,0.000927876422902461,0.00085137579354841407,0.0011917220251709366,0.00085137579354841407,0.000927876422902461,0.00024336368569180877],[0.00021697161158858221,0.00085137579354841407,0.0010384972355987673,0.0012263664652665584,0.0010384972355987673,0.00085137579354841407,0.00021697161158858221],[0.00031603840463934789,0.0011917220251709366,0.0012263664652665584,0.0016067010352960856,0.0012263664652665584,0.0011917220251709366,0.00031603840463934789],[0.00021697161158858221,0.00085137579354841407,0.0010384972355987673,0.0012263664652665584,0.0010384972355987673,0.00085137579354841407,0.00021697161158858221],[0.00024336368569180877,0.000927876422902461,0.00085137579354841407,0.0011917220251709366,0.00085137579354841407,0.000927876422902461,0.00024336368569180877],[4.5006770451786E-5,0.00024336368569180877,0.00021697161158858221,0.00031603840463934789,0.00021697161158858221,0.00024336368569180877,4.5006770451786E-5]],[[0.00025578576439675837,0.00075573992389327586,0.00069006322510865186,0.00094939354073174127,0.00069006322510865186,0.00075573992389327607,0.00025578576439675842],[0.00075573992389327586,0.0016993320635206046,0.0015955533097161325,0.0020901462807949795,0.0015955533097161325,0.0016993320635206046,0.00075573992389327607],[0.00069006322510865186,0.0015955533097161325,0.0018602026102149769,0.0021254911082941707,0.0018602026102149769,0.0015955533097161325,0.00069006322510865186],[0.00094939354073174127,0.0020901462807949795,0.0021254911082941707,0.0026491068555562804,0.0021254911082941707,0.0020901462807949795,0.00094939354073174137],[0.00069006322510865186,0.0015955533097161325,0.0018602026102149769,0.0021254911082941707,0.0018602026102149771,0.0015955533097161327,0.00069006322510865186],[0.00075573992389327607,0.0016993320635206046,0.0015955533097161325,0.0020901462807949795,0.0015955533097161327,0.0016993320635206048,0.00075573992389327586],[0.00025578576439675842,0.00075573992389327607,0.00069006322510865186,0.00094939354073174137,0.00069006322510865186,0.00075573992389327586,0.00025578576439675837]],[[0.00063153587036686486,0.0013702151298235184,0.0012743333914477957,0.0016707031485464559,0.0012743333914477957,0.0013702151298235188,0.000631535870366865],[0.0013702151298235184,0.0024132134442805342,0.0023008948096654835,0.0028701351680866308,0.0023008948096654835,0.0024132134442805342,0.0013702151298235188],[0.0012743333914477957,0.0023008948096654835,0.0025988954852142038,0.0028974946783048541,0.0025988954852142038,0.0023008948096654835,0.0012743333914477957],[0.0016707031485464559,0.0028701351680866308,0.0028974946783048541,0.0034751233098942575,0.0028974946783048541,0.0028701351680866308,0.0016707031485464559],[0.0012743333914477957,0.0023008948096654835,0.0025988954852142038,0.0028974946783048541,0.0025988954852142038,0.0023008948096654835,0.0012743333914477957],[0.0013702151298235188,0.0024132134442805342,0.0023008948096654835,0.0028701351680866308,0.0023008948096654835,0.0024132134442805342,0.0013702151298235184],[0.000631535870366865,0.0013702151298235188,0.0012743333914477957,0.0016707031485464559,0.0012743333914477957,0.0013702151298235184,0.00063153587036686486]],[[0.0011261776186986393,0.0020243817754125254,0.001909470649039698,0.0024054458943633117,0.0019094706490396984,0.0020243817754125259,0.0011261776186986395],[0.0020243817754125254,0.0031070081857964478,0.0029932510576910392,0.0036012671674002586,0.0029932510576910392,0.0031070081857964486,0.0020243817754125259],[0.001909470649039698,0.0029932510576910392,0.0033065343552034737,0.0036204010018081622,0.0033065343552034737,0.0029932510576910392,0.0019094706490396982],[0.0024054458943633117,0.0036012671674002586,0.0036204010018081622,0.0042185788833355928,0.0036204010018081618,0.0036012671674002586,0.0024054458943633117],[0.0019094706490396984,0.0029932510576910392,0.0033065343552034737,0.0036204010018081618,0.0033065343552034733,0.0029932510576910387,0.001909470649039698],[0.0020243817754125259,0.0031070081857964486,0.0029932510576910392,0.0036012671674002586,0.0029932510576910387,0.0031070081857964478,0.0020243817754125254],[0.0011261776186986395,0.0020243817754125259,0.0019094706490396982,0.0024054458943633117,0.001909470649039698,0.0020243817754125254,0.0011261776186986393]],[[0.0016973351405509493,0.0026948187839653847,0.002569295267306941,0.0031329517123494183,0.002569295267306941,0.0026948187839653847,0.0016973351405509493],[0.0026948187839653847,0.0037945258125775573,0.0036818122857895054,0.0043113699931085223,0.0036818122857895054,0.0037945258125775573,0.0026948187839653847],[0.002569295267306941,0.0036818122857895054,0.0040026633241693347,0.0043240921632575115,0.0040026633241693347,0.0036818122857895054,0.002569295267306941],[0.0031329517123494183,0.0043113699931085223,0.0043240921632575115,0.0049302952411095407,0.0043240921632575115,0.0043113699931085223,0.0031329517123494183],[0.002569295267306941,0.0036818122857895054,0.0040026633241693347,0.0043240921632575115,0.0040026633241693347,0.0036818122857895054,0.002569295267306941],[0.0026948187839653847,0.0037945258125775573,0.0036818122857895054,0.0043113699931085223,0.0036818122857895054,0.0037945258125775573,0.0026948187839653847],[0.0016973351405509493,0.0026948187839653847,0.002569295267306941,0.0031329517123494183,0.002569295267306941,0.0026948187839653847,0.0016973351405509493]],[[0.0023153105808936115,0.0033726341163657944,0.0032418655383837703,0.0038500807655757305,0.0032418655383837703,0.0033726341163657948,0.002315310580893612],[0.0033726341163657944,0.0044807482943387614,0.0043697395142299087,0.0050119939134337325,0.0043697395142299087,0.0044807482943387614,0.0033726341163657948],[0.0032418655383837703,0.0043697395142299087,0.0046946764231846436,0.0050201892458248453,0.0046946764231846436,0.0043697395142299087,0.0032418655383837703],[0.0038500807655757305,0.0050119939134337325,0.0050201892458248453,0.005629746525672742,0.0050201892458248453,0.0050119939134337325,0.0038500807655757305],[0.0032418655383837703,0.0043697395142299087,0.0046946764231846436,0.0050201892458248453,0.0046946764231846436,0.0043697395142299087,0.0032418655383837703],[0.0033726341163657948,0.0044807482943387614,0.0043697395142299087,0.0050119939134337325,0.0043697395142299087,0.0044807482943387614,0.0033726341163657948],[0.002315310580893612,0.0033726341163657948,0.0032418655383837703,0.0038500807655757305,0.0032418655383837703,0.0033726341163657948,0.002315310580893612]],[[0.0029613321489718718,0.0040543565129507932,0.0039214431936698867,0.0045585852014662235,0.0039214431936698867,0.0040543565129507932,0.0029613321489718718],[0.0040543565129507932,0.0051673939253608255,0.0050580612368161908,0.005708191386865606,0.0050580612368161908,0.0051673939253608255,0.0040543565129507932],[0.0039214431936698867,0.0050580612368161908,0.0053854082430432231,0.0057133306974620776,0.0053854082430432231,0.0050580612368161908,0.0039214431936698867],[0.0045585852014662235,0.005708191386865606,0.0057133306974620776,0.0063245130186176772,0.0057133306974620776,0.005708191386865606,0.0045585852014662235],[0.0039214431936698867,0.0050580612368161908,0.0053854082430432231,0.0057133306974620776,0.0053854082430432231,0.0050580612368161908,0.0039214431936698867],[0.0040543565129507932,0.0051673939253608255,0.0050580612368161908,0.005708191386865606,0.0050580612368161908,0.0051673939253608255,0.0040543565129507932],[0.0029613321489718718,0.0040543565129507932,0.0039214431936698867,0.0045585852014662235,0.0039214431936698867,0.0040543565129507932,0.0029613321489718718]],[[0.0036241086656683317,0.0047385511538272623,0.0046051338252492508,0.0052609883790215063,0.0046051338252492508,0.0047385511538272623,0.0036241086656683317],[0.0047385511538272623,0.0058549947488055927,0.0057470798396564464,0.0064023256076206347,0.0057470798396564464,0.0058549947488055927,0.0047385511538272623],[0.0046051338252492508,0.0057470798396564464,0.0060759753440486576,0.0064054464047999162,0.0060759753440486576,0.0057470798396564464,0.0046051338252492508],[0.0052609883790215063,0.0064023256076206347,0.0064054464047999162,0.0070176237198691224,0.0064054464047999162,0.0064023256076206347,0.0052609883790215063],[0.0046051338252492508,0.0057470798396564464,0.0060759753440486576,0.0064054464047999162,0.0060759753440486576,0.0057470798396564464,0.0046051338252492508],[0.0047385511538272623,0.0058549947488055927,0.0057470798396564464,0.0064023256076206347,0.0057470798396564464,0.0058549947488055927,0.0047385511538272623],[0.0036241086656683317,0.0047385511538272623,0.0046051338252492508,0.0052609883790215063,0.0046051338252492508,0.0047385511538272623,0.0036241086656683317]],[[0.0042970163776806158,0.0054245636786008381,0.0052914180376536363,0.0059594290388338437,0.0052914180376536363,0.0054245636786008381,0.0042970163776806158],[0.0054245636786008381,0.0065436669953745042,0.00643686657972204,0.0070955882006632429,0.00643686657972204,0.0065436669953745042,0.0054245636786008381],[0.0052914180376536363,0.00643686657972204,0.0067668401238284671,0.00709738957986709,0.0067668401238284671,0.00643686657972204,0.0052914180376536363],[0.0059594290388338437,0.0070955882006632429,0.00709738957986709,0.0077103399750192174,0.00709738957986709,0.0070955882006632429,0.0059594290388338437],[0.0052914180376536363,0.00643686657972204,0.0067668401238284671,0.00709738957986709,0.0067668401238284671,0.00643686657972204,0.0052914180376536363],[0.0054245636786008381,0.0065436669953745042,0.00643686657972204,0.0070955882006632429,0.00643686657972204,0.0065436669953745042,0.0054245636786008381],[0.0042970163776806158,0.0054245636786008381,0.0052914180376536363,0.0059594290388338437,0.0052914180376536363,0.0054245636786008381,0.0042970163776806158]],[[0.004976212541287813,0.0061120528861552522,0.0059794749272014383,0.0066554734498072256,0.0059794749272014383,0.0061120528861552522,0.004976212541287813],[0.0061120528861552522,0.0072333928323512764,0.0071274283799655884,0.0077886256129263837,0.0071274283799655884,0.0072333928323512764,0.0061120528861552522],[0.0059794749272014383,0.0071274283799655884,0.0074582100768286648,0.0077895681586886327,0.0074582100768286657,0.0071274283799655884,0.0059794749272014383],[0.0066554734498072256,0.0077886256129263837,0.0077895681586886327,0.0084032191799644062,0.0077895681586886327,0.0077886256129263837,0.0066554734498072256],[0.0059794749272014383,0.0071274283799655884,0.0074582100768286657,0.0077895681586886327,0.0074582100768286657,0.0071274283799655884,0.0059794749272014383],[0.0061120528861552522,0.0072333928323512764,0.0071274283799655884,0.0077886256129263837,0.0071274283799655884,0.0072333928323512764,0.0061120528861552522],[0.004976212541287813,0.0061120528861552522,0.0059794749272014383,0.0066554734498072256,0.0059794749272014383,0.0061120528861552522,0.004976212541287813]],[[0.005659472108226587,0.0068008146690719277,0.0066688530686556573,0.0073502001708843946,0.0066688530686556573,0.0068008146690719277,0.005659472108226587],[0.0068008146690719277,0.0079241203453487077,0.0078187596304257426,0.00848181083539841,0.0078187596304257426,0.0079241203453487077,0.0068008146690719277],[0.0066688530686556573,0.0078187596304257426,0.008150188695923587,0.0084821946818346757,0.008150188695923587,0.0078187596304257426,0.0066688530686556573],[0.0073502001708843946,0.00848181083539841,0.0084821946818346757,0.0090965268924135187,0.0084821946818346757,0.00848181083539841,0.0073502001708843946],[0.0066688530686556573,0.0078187596304257426,0.008150188695923587,0.0084821946818346757,0.008150188695923587,0.0078187596304257426,0.0066688530686556573],[0.0068008146690719277,0.0079241203453487077,0.0078187596304257426,0.00848181083539841,0.0078187596304257426,0.0079241203453487077,0.0068008146690719277],[0.005659472108226587,0.0068008146690719277,0.0066688530686556573,0.0073502001708843946,0.0066688530686556573,0.0068008146690719277,0.005659472108226587]],[[0.0063455003730563276,0.0074907133083333141,0.0073593022185193188,0.00804433018173549,0.0073593022185193188,0.0074907133083333141,0.0063455003730563276],[0.0074907133083333141,0.0086157966667264919,0.0085108555959144475,0.009175369085563774,0.0085108555959144475,0.0086157966667264919,0.0074907133083333141],[0.0073593022185193188,0.0085108555959144475,0.0088428334915799239,0.0091753888795256654,0.0088428334915799239,0.0085108555959144475,0.0073593022185193188],[0.00804433018173549,0.009175369085563774,0.0091753888795256654,0.0097904002400449244,0.0091753888795256654,0.009175369085563774,0.00804433018173549],[0.0073593022185193188,0.0085108555959144475,0.0088428334915799239,0.0091753888795256654,0.0088428334915799239,0.0085108555959144475,0.0073593022185193188],[0.0074907133083333141,0.0086157966667264919,0.0085108555959144475,0.009175369085563774,0.0085108555959144475,0.0086157966667264919,0.0074907133083333141],[0.0063455003730563276,0.0074907133083333141,0.0073593022185193188,0.00804433018173549,0.0073593022185193188,0.0074907133083333141,0.0063455003730563276]],[[0.0070335360400621454,0.0081816525429371355,0.008050683573135646,0.008738338176259226,0.008050683573135646,0.0081816525429371355,0.0070335360400621454],[0.0081816525429371355,0.0093083771093322512,0.0092037141647944212,0.0098694403692295568,0.0092037141647944212,0.0093083771093322512,0.0081816525429371355],[0.008050683573135646,0.0092037141647944212,0.00953617913071869,0.00986922218339254,0.00953617913071869,0.0092037141647944212,0.008050683573135646],[0.008738338176259226,0.0098694403692295568,0.00986922218339254,0.010484915175373139,0.00986922218339254,0.0098694403692295568,0.008738338176259226],[0.008050683573135646,0.0092037141647944212,0.00953617913071869,0.00986922218339254,0.00953617913071869,0.0092037141647944212,0.008050683573135646],[0.0081816525429371355,0.0093083771093322512,0.0092037141647944212,0.0098694403692295568,0.0092037141647944212,0.0093083771093322512,0.0081816525429371355],[0.0070335360400621454,0.0081816525429371355,0.008050683573135646,0.008738338176259226,0.008050683573135646,0.0081816525429371355,0.0070335360400621454]],[[0.007723124588730786,0.0088735617165009925,0.0087429204416212339,0.0094325341353875686,0.0087429204416212339,0.0088735617165009925,0.007723124588730786],[0.0088735617165009925,0.01000182615126988,0.0098973347896103656,0.010564112996711556,0.0098973347896103656,0.01000182615126988,0.0088735617165009925],[0.0087429204416212339,0.0098973347896103656,0.010230247320502974,0.010563738546806943,0.010230247320502974,0.0098973347896103656,0.0087429204416212339],[0.0094325341353875686,0.010564112996711556,0.010563738546806943,0.011180115745153298,0.010563738546806943,0.010564112996711556,0.0094325341353875686],[0.0087429204416212339,0.0098973347896103656,0.010230247320502974,0.010563738546806943,0.010230247320502974,0.0098973347896103656,0.0087429204416212339],[0.0088735617165009925,0.01000182615126988,0.0098973347896103656,0.010564112996711556,0.0098973347896103656,0.01000182615126988,0.0088735617165009925],[0.007723124588730786,0.0088735617165009925,0.0087429204416212339,0.0094325341353875686,0.0087429204416212339,0.0088735617165009925,0.007723124588730786]],[[0.00841398934072236,0.0095663879990883424,0.0094359706087701577,0.010127119398293005,0.0094359706087701577,0.0095663879990883424,0.00841398934072236],[0.0095663879990883424,0.010696116016337116,0.01059171725032175,0.011259442733532724,0.01059171725032175,0.010696116016337116,0.0095663879990883424],[0.0094359706087701577,0.01059171725032175,0.010925051510416809,0.01125896508314882,0.010925051510416809,0.01059171725032175,0.0094359706087701577],[0.010127119398293005,0.011259442733532724,0.01125896508314882,0.011876027820204157,0.01125896508314882,0.011259442733532724,0.010127119398293005],[0.0094359706087701577,0.01059171725032175,0.010925051510416809,0.01125896508314882,0.010925051510416809,0.01059171725032175,0.0094359706087701577],[0.0095663879990883424,0.010696116016337116,0.01059171725032175,0.011259442733532724,0.01059171725032175,0.010696116016337116,0.0095663879990883424],[0.00841398934072236,0.0095663879990883424,0.0094359706087701577,0.010127119398293005,0.0094359706087701577,0.0095663879990883424,0.00841398934072236]],[[0.0091059579468985661,0.010260091370874811,0.010129810705618339,0.010822224046561827,0.010129810705618339,0.010260091370874811,0.0091059579468985661],[0.010260091370874811,0.011391224841442628,0.011286860826662488,0.011955464307963735,0.011286860826662488,0.011391224841442628,0.010260091370874811],[0.010129810705618339,0.011286860826662488,0.011620599446141616,0.011954918000040705,0.011620599446141616,0.011286860826662488,0.010129810705618339],[0.010822224046561827,0.011955464307963735,0.011954918000040705,0.012572666120888398,0.011954918000040705,0.011955464307963735,0.010822224046561827],[0.010129810705618339,0.011286860826662488,0.011620599446141616,0.011954918000040705,0.011620599446141616,0.011286860826662488,0.010129810705618339],[0.010260091370874811,0.011391224841442628,0.011286860826662488,0.011955464307963735,0.011286860826662488,0.011391224841442628,0.010260091370874811],[0.0091059579468985661,0.010260091370874811,0.010129810705618339,0.010822224046561827,0.010129810705618339,0.010260091370874811,0.0091059579468985661]],[[0.00979892017733588,0.010954641094209024,0.010824427361692193,0.011517931462242685,0.010824427361692193,0.010954641094209024,0.00979892017733588],[0.010954641094209024,0.012087135047990244,0.01198276386936814,0.012652198577528903,0.01198276386936814,0.012087135047990244,0.010954641094209024],[0.010824427361692193,0.01198276386936814,0.012316894735729179,0.012651606159891195,0.012316894735729179,0.01198276386936814,0.010824427361692193],[0.011517931462242685,0.012652198577528903,0.012651606159891195,0.01327003812842001,0.012651606159891195,0.012652198577528903,0.011517931462242685],[0.010824427361692193,0.01198276386936814,0.012316894735729179,0.012651606159891195,0.012316894735729179,0.01198276386936814,0.010824427361692193],[0.010954641094209024,0.012087135047990244,0.01198276386936814,0.012652198577528903,0.01198276386936814,0.012087135047990244,0.010954641094209024],[0.00979892017733588,0.010954641094209024,0.010824427361692193,0.011517931462242685,0.010824427361692193,0.010954641094209024,0.00979892017733588]],[[0.010492803411741632,0.011650013128297209,0.011519812226475218,0.012214294350426574,0.011519812226475218,0.011650013128297209,0.010492803411741632],[0.011650013128297209,0.01278383204740762,0.012679423635207829,0.013349657095228574,0.012679423635207829,0.01278383204740762,0.011650013128297209],[0.011519812226475218,0.012679423635207829,0.013013937890103459,0.013349033325532316,0.013013937890103459,0.012679423635207829,0.011519812226475218],[0.012214294350426574,0.013349657095228574,0.013349033325532316,0.013968146411790479,0.013349033325532316,0.013349657095228574,0.012214294350426574],[0.011519812226475218,0.012679423635207829,0.013013937890103459,0.013349033325532316,0.013013937890103459,0.012679423635207829,0.011519812226475218],[0.011650013128297209,0.01278383204740762,0.012679423635207829,0.013349657095228574,0.012679423635207829,0.01278383204740762,0.011650013128297209],[0.010492803411741632,0.011650013128297209,0.011519812226475218,0.012214294350426574,0.011519812226475218,0.011650013128297209,0.010492803411741632]],[[0.011187558193732397,0.012346188204564994,0.012215959201092657,0.012911345163147771,0.012215959201092657,0.012346188204564994,0.011187558193732397],[0.012346188204564994,0.013481303251195061,0.013376836260551346,0.014047845051193407,0.013376836260551346,0.013481303251195061,0.012346188204564994],[0.012215959201092657,0.013376836260551346,0.013711727035279267,0.014047199610863604,0.013711727035279267,0.013376836260551346,0.012215959201092657],[0.012911345163147771,0.014047845051193407,0.014047199610863604,0.014666990064394737,0.014047199610863604,0.014047845051193407,0.012911345163147771],[0.012215959201092657,0.013376836260551346,0.013711727035279267,0.014047199610863604,0.013711727035279267,0.013376836260551346,0.012215959201092657],[0.012346188204564994,0.013481303251195061,0.013376836260551346,0.014047845051193407,0.013376836260551346,0.013481303251195061,0.012346188204564994],[0.011187558193732397,0.012346188204564994,0.012215959201092657,0.012911345163147771,0.012215959201092657,0.012346188204564994,0.011187558193732397]],[[0.01188314955951174,0.013043150383503283,0.01291286292176983,0.013609102869424558,0.01291286292176983,0.013043150383503283,0.01188314955951174],[0.013043150383503283,0.014179537312777921,0.014074996782923543,0.01474676316160217,0.014074996782923543,0.014179537312777921,0.013043150383503283],[0.01291286292176983,0.014074996782923543,0.01441025838831218,0.014746102411023742,0.01441025838831218,0.014074996782923543,0.01291286292176983],[0.013609102869424558,0.01474676316160217,0.014746102411023742,0.01536656558712206,0.014746102411023742,0.01474676316160217,0.013609102869424558],[0.01291286292176983,0.014074996782923543,0.01441025838831218,0.014746102411023742,0.01441025838831218,0.014074996782923543,0.01291286292176983],[0.013043150383503283,0.014179537312777921,0.014074996782923543,0.01474676316160217,0.014074996782923543,0.014179537312777921,0.013043150383503283],[0.01188314955951174,0.013043150383503283,0.01291286292176983,0.013609102869424558,0.01291286292176983,0.013043150383503283,0.01188314955951174]],[[0.012579551718772538,0.013740885960593995,0.013610517935672931,0.014307577336071674,0.013610517935672931,0.013740885960593995,0.012579551718772538],[0.013740885960593995,0.014878523523407917,0.014773899148326004,0.015446408847239065,0.014773899148326004,0.014878523523407917,0.013740885960593995],[0.013610517935672931,0.014773899148326004,0.015109526541276862,0.015445736962875774,0.015109526541276862,0.014773899148326003,0.013610517935672931],[0.014307577336071674,0.015446408847239065,0.015445736962875774,0.016066867388304835,0.015445736962875774,0.015446408847239064,0.014307577336071674],[0.013610517935672931,0.014773899148326004,0.015109526541276862,0.015445736962875774,0.01510952654127686,0.014773899148326003,0.013610517935672931],[0.013740885960593995,0.014878523523407917,0.014773899148326003,0.015446408847239064,0.014773899148326003,0.014878523523407917,0.013740885960593995],[0.012579551718772538,0.013740885960593995,0.013610517935672931,0.014307577336071674,0.013610517935672931,0.013740885960593995,0.012579551718772538]],[[0.013276744705636652,0.014439382614591548,0.014308918238417515,0.015006772130804511,0.014308918238417515,0.014439382614591548,0.013276744705636652],[0.014439382614591548,0.015578251287994782,0.015473536157723308,0.016146776903643835,0.015473536157723308,0.015578251287994782,0.014439382614591548],[0.014308918238417515,0.015473536157723308,0.015809524569546277,0.016146096614932881,0.015809524569546277,0.015473536157723308,0.014308918238417515],[0.015006772130804511,0.016146776903643835,0.016146096614932881,0.016767887982226705,0.016146096614932881,0.016146776903643835,0.015006772130804511],[0.014308918238417515,0.015473536157723308,0.015809524569546277,0.016146096614932881,0.015809524569546277,0.015473536157723308,0.014308918238417515],[0.014439382614591548,0.015578251287994782,0.015473536157723308,0.016146776903643835,0.015473536157723308,0.015578251287994782,0.014439382614591548],[0.013276744705636652,0.014439382614591548,0.014308918238417515,0.015006772130804511,0.014308918238417515,0.014439382614591548,0.013276744705636652]],[[0.013974712197004744,0.015138628706592544,0.015008056971953064,0.015706686259605904,0.015008056971953064,0.015138628706592544,0.013974712197004744],[0.015138628706592544,0.016278709607841509,0.016173899309288503,0.01684785977099169,0.016173899309288503,0.016278709607841509,0.015138628706592544],[0.015008056971953064,0.016173899309288503,0.016510243957388798,0.01684717283614558,0.016510243957388798,0.016173899309288503,0.015008056971953064],[0.015706686259605904,0.01684785977099169,0.01684717283614558,0.017469617910090756,0.01684717283614558,0.01684785977099169,0.015706686259605904],[0.015008056971953064,0.016173899309288503,0.016510243957388798,0.01684717283614558,0.016510243957388798,0.016173899309288503,0.015008056971953064],[0.015138628706592544,0.016278709607841509,0.016173899309288503,0.01684785977099169,0.016173899309288503,0.016278709607841509,0.015138628706592546],[0.013974712197004744,0.015138628706592544,0.015008056971953064,0.015706686259605904,0.015008056971953064,0.015138628706592546,0.013974712197004744]],[[0.01467344001853311,0.015838612645280161,0.015707926151128419,0.016407315149888489,0.015707926151128419,0.015838612645280161,0.01467344001853311],[0.015838612645280161,0.016979886490864824,0.016874978484669328,0.017549647441209185,0.016874978484669328,0.016979886490864824,0.015838612645280161],[0.015707926151128419,0.016874978484669328,0.017211674308450848,0.01754895495039956,0.017211674308450848,0.016874978484669328,0.015707926151128419],[0.016407315149888489,0.017549647441209185,0.01754895495039956,0.018172045359069803,0.01754895495039956,0.017549647441209185,0.016407315149888489],[0.015707926151128419,0.016874978484669328,0.017211674308450848,0.01754895495039956,0.017211674308450848,0.016874978484669328,0.015707926151128419],[0.015838612645280161,0.016979886490864824,0.016874978484669328,0.017549647441209185,0.016874978484669328,0.016979886490864828,0.015838612645280165],[0.01467344001853311,0.015838612645280161,0.015707926151128419,0.016407315149888489,0.015707926151128419,0.015838612645280165,0.014673440018533112]],[[0.015372915036693266,0.016539322232072284,0.01640851631882876,0.017108651051614989,0.01640851631882876,0.016539322232072284,0.015372915036693266],[0.016539322232072284,0.017681768193093542,0.017576761407657147,0.018252126977994,0.017576761407657147,0.017681768193093542,0.016539322232072284],[0.01640851631882876,0.017576761407657147,0.017913802776697841,0.018251429539458082,0.017913802776697841,0.017576761407657147,0.01640851631882876],[0.017108651051614989,0.018252126977994,0.018251429539458082,0.01887515540492251,0.018251429539458082,0.018252126977994,0.017108651051614989],[0.01640851631882876,0.017576761407657147,0.017913802776697841,0.018251429539458082,0.017913802776697841,0.017576761407657151,0.016408516318828763],[0.016539322232072284,0.017681768193093542,0.017576761407657147,0.018252126977994,0.017576761407657151,0.017681768193093545,0.016539322232072287],[0.015372915036693266,0.016539322232072284,0.01640851631882876,0.017108651051614989,0.016408516318828763,0.016539322232072287,0.015372915036693267]],[[0.016073124230015137,0.017240743888307718,0.017109816034976393,0.017810682924227793,0.017109816034976393,0.017240743888307718,0.016073124230015137],[0.017240743888307718,0.018384338166304259,0.018279232771810348,0.018955281563496261,0.018279232771810348,0.018384338166304259,0.017240743888307718],[0.017109816034976393,0.018279232771810348,0.018616613112089998,0.018954579406311713,0.018616613112089998,0.018279232771810348,0.017109816034976393],[0.017810682924227793,0.018955281563496261,0.018954579406311713,0.019578928745665806,0.018954579406311713,0.018955281563496261,0.017810682924227793],[0.017109816034976393,0.018279232771810348,0.018616613112089998,0.018954579406311713,0.018616613112089998,0.018279232771810348,0.017109816034976397],[0.017240743888307718,0.018384338166304259,0.018279232771810348,0.018955281563496261,0.018279232771810348,0.018384338166304259,0.017240743888307722],[0.016073124230015137,0.017240743888307718,0.017109816034976393,0.017810682924227793,0.017109816034976397,0.017240743888307722,0.01607312423001514]],[[0.016774053776660285,0.017942861644277108,0.01781181109065233,0.018513395791339687,0.01781181109065233,0.017942861644277108,0.016774053776660285],[0.017942861644277108,0.019087575547422148,0.018982372891911646,0.019659088921723362,0.018982372891911646,0.019087575547422148,0.017942861644277108],[0.01781181109065233,0.018982372891911646,0.019320084166135187,0.019658381934298481,0.019320084166135187,0.018982372891911646,0.01781181109065233],[0.018513395791339687,0.019659088921723362,0.019658381934298481,0.02028333972996044,0.019658381934298481,0.019659088921723362,0.018513395791339687],[0.01781181109065233,0.018982372891911646,0.019320084166135187,0.019658381934298481,0.019320084166135187,0.018982372891911646,0.01781181109065233],[0.017942861644277108,0.019087575547422148,0.018982372891911646,0.019659088921723362,0.018982372891911646,0.019087575547422148,0.017942861644277108],[0.016774053776660285,0.017942861644277108,0.01781181109065233,0.018513395791339687,0.01781181109065233,0.017942861644277108,0.016774053776660285]],[[0.0174756880073953,0.018645655739804871,0.018514483311949957,0.019216769471314728,0.018514483311949957,0.018645655739804871,0.0174756880073953],[0.018645655739804871,0.019791452989574992,0.01968615569536239,0.020363518918234617,0.01968615569536239,0.019791452989574992,0.018645655739804871],[0.018514483311949957,0.01968615569536239,0.020024187660372415,0.020362806631976878,0.020024187660372415,0.01968615569536239,0.018514483311949957],[0.019216769471314728,0.020363518918234617,0.020362806631976878,0.020988353437175519,0.020362806631976878,0.020363518918234617,0.019216769471314728],[0.018514483311949957,0.01968615569536239,0.020024187660372415,0.020362806631976878,0.020024187660372415,0.01968615569536239,0.018514483311949957],[0.018645655739804871,0.019791452989574992,0.01968615569536239,0.020363518918234617,0.01968615569536239,0.019791452989574992,0.018645655739804871],[0.0174756880073953,0.018645655739804871,0.018514483311949957,0.019216769471314728,0.018514483311949957,0.018645655739804871,0.0174756880073953]],[[0.018178008066784428,0.01934910066314378,0.01921780879478148,0.019920776542612564,0.01921780879478148,0.01934910066314378,0.018178008066784428],[0.01934910066314378,0.020495933648401445,0.020390545876244351,0.021068530154676277,0.020390545876244351,0.020495933648401445,0.01934910066314378],[0.01921780879478148,0.020390545876244351,0.02072888503635776,0.0210678116782291,0.02072888503635776,0.020390545876244351,0.01921780879478148],[0.019920776542612564,0.021068530154676277,0.0210678116782291,0.021693921612436825,0.0210678116782291,0.021068530154676277,0.019920776542612564],[0.01921780879478148,0.020390545876244351,0.02072888503635776,0.0210678116782291,0.02072888503635776,0.020390545876244351,0.01921780879478148],[0.01934910066314378,0.020495933648401445,0.020390545876244351,0.021068530154676277,0.020390545876244351,0.020495933648401445,0.01934910066314378],[0.018178008066784428,0.01934910066314378,0.01921780879478148,0.019920776542612564,0.01921780879478148,0.01934910066314378,0.018178008066784428]],[[0.01888099012203516,0.020053162484189795,0.019921755434129183,0.020625379430188464,0.019921755434129183,0.020053162484189795,0.01888099012203516],[0.020053162484189795,0.021200967315644702,0.02109549519419927,0.021774065607385335,0.02109549519419927,0.021200967315644702,0.020053162484189795],[0.019921755434129183,0.02109549519419927,0.021434123405404817,0.021773339522250537,0.021434123405404817,0.02109549519419927,0.019921755434129183],[0.020625379430188464,0.021774065607385335,0.021773339522250537,0.022399977584172639,0.021773339522250537,0.021774065607385335,0.020625379430188464],[0.019921755434129183,0.02109549519419927,0.021434123405404817,0.021773339522250537,0.021434123405404817,0.02109549519419927,0.019921755434129183],[0.020053162484189795,0.021200967315644702,0.02109549519419927,0.021774065607385335,0.02109549519419927,0.021200967315644702,0.020053162484189795],[0.01888099012203516,0.020053162484189795,0.019921755434129183,0.020625379430188464,0.019921755434129183,0.020053162484189795,0.01888099012203516]],[[0.019584603003372787,0.020757795521882765,0.020626279774371037,0.021330526726828308,0.020626279774371037,0.020757795521882765,0.019584603003372787],[0.020757795521882765,0.021906486249896186,0.021800938414797633,0.022480048062285415,0.021800938414797633,0.021906486249896186,0.020757795521882765],[0.020626279774371037,0.021800938414797633,0.022139831233842777,0.022479312314044726,0.022139831233842777,0.021800938414797633,0.020626279774371037],[0.021330526726828308,0.022480048062285415,0.022479312314044726,0.023106431221161041,0.022479312314044726,0.022480048062285415,0.021330526726828308],[0.020626279774371037,0.021800938414797633,0.022139831233842777,0.022479312314044726,0.022139831233842777,0.021800938414797633,0.020626279774371037],[0.020757795521882765,0.021906486249896186,0.021800938414797633,0.022480048062285415,0.021800938414797633,0.021906486249896186,0.020757795521882765],[0.019584603003372787,0.020757795521882765,0.020626279774371037,0.021330526726828308,0.020626279774371037,0.020757795521882765,0.019584603003372787]],[[0.020288805339279136,0.021462938885408043,0.021331323663145906,0.022036149482400541,0.021331323663145906,0.021462938885408043,0.020288805339279136],[0.021462938885408043,0.022612402394859038,0.02250679045691761,0.023186377500578361,0.02250679045691761,0.022612402394859038,0.021462938885408043],[0.021331323663145906,0.02250679045691761,0.022845915647557079,0.023185629368708511,0.022845915647557079,0.02250679045691761,0.021331323663145906],[0.022036149482400541,0.023186377500578361,0.023185629368708511,0.023813166769866036,0.023185629368708511,0.023186377500578361,0.022036149482400541],[0.021331323663145906,0.02250679045691761,0.022845915647557079,0.023185629368708511,0.022845915647557079,0.02250679045691761,0.021331323663145906],[0.021462938885408043,0.022612402394859038,0.02250679045691761,0.023186377500578361,0.02250679045691761,0.022612402394859038,0.021462938885408043],[0.020288805339279136,0.021462938885408043,0.021331323663145906,0.022036149482400541,0.021331323663145906,0.021462938885408043,0.020288805339279136]],[[0.020993542673753487,0.022168514318145264,0.022036812018915622,0.022742159270436456,0.022036812018915622,0.022168514318145264,0.020993542673753487],[0.022168514318145264,0.02331860905583082,0.0232129476407965,0.023892934198713831,0.0232129476407965,0.02331860905583082,0.022168514318145264],[0.022036812018915622,0.0232129476407965,0.023552264712073546,0.023892170484274947,0.023552264712073546,0.0232129476407965,0.022036812018915622],[0.022742159270436456,0.023892934198713831,0.023892170484274947,0.02452004830117388,0.023892170484274947,0.023892934198713831,0.022742159270436456],[0.022036812018915622,0.0232129476407965,0.023552264712073546,0.023892170484274947,0.023552264712073546,0.0232129476407965,0.022036812018915622],[0.022168514318145264,0.02331860905583082,0.0232129476407965,0.023892934198713831,0.0232129476407965,0.02331860905583082,0.022168514318145264],[0.020993542673753487,0.022168514318145264,0.022036812018915622,0.022742159270436456,0.022036812018915622,0.022168514318145264,0.020993542673753487]],[[0.021698745706772622,0.0228744276125694,0.02274265383904004,0.023448450780331531,0.02274265383904004,0.0228744276125694,0.021698745706772622],[0.0228744276125694,0.024024990030989044,0.023919295963890766,0.024599590937612343,0.023919295963890766,0.024024990030989044,0.0228744276125694],[0.02274265383904004,0.023919295963890766,0.0242587578428105,0.024598808493579257,0.0242587578428105,0.023919295963890766,0.02274265383904004],[0.023448450780331531,0.024599590937612343,0.024598808493579257,0.025226936546741994,0.024598808493579257,0.024599590937612343,0.023448450780331531],[0.02274265383904004,0.023919295963890766,0.0242587578428105,0.024598808493579257,0.0242587578428105,0.023919295963890766,0.02274265383904004],[0.0228744276125694,0.024024990030989044,0.023919295963890766,0.024599590937612343,0.023919295963890766,0.024024990030989044,0.0228744276125694],[0.021698745706772622,0.0228744276125694,0.02274265383904004,0.023448450780331531,0.02274265383904004,0.0228744276125694,0.021698745706772622]],[[0.02240433127263413,0.023580575419015731,0.023448748254417534,0.024154910926365243,0.023448748254417534,0.023580575419015731,0.02240433127263413],[0.023580575419015731,0.024731435521908818,0.024625726023400407,0.025306232809138192,0.024625726023400407,0.024731435521908818,0.023580575419015731],[0.023448748254417534,0.024625726023400407,0.024965283310624184,0.025305429356441877,0.024965283310624184,0.024625726023400407,0.023448748254417534],[0.024154910926365243,0.025306232809138192,0.025305429356441877,0.0259337140364287,0.025305429356441877,0.025306232809138192,0.024154910926365243],[0.023448748254417534,0.024625726023400407,0.024965283310624184,0.025305429356441877,0.024965283310624184,0.024625726023400407,0.023448748254417534],[0.023580575419015731,0.024731435521908818,0.024625726023400407,0.025306232809138192,0.024625726023400407,0.024731435521908818,0.023580575419015731],[0.02240433127263413,0.023580575419015731,0.023448748254417534,0.024154910926365243,0.023448748254417534,0.023580575419015731,0.02240433127263413]],[[0.023110207188964192,0.024286856660800805,0.024154995107656591,0.0248614330400643,0.024154995107656591,0.024286856660800805,0.023110207188964192],[0.024286856660800805,0.025437858487869478,0.025332148876782597,0.026012776128659133,0.025332148876782597,0.025437858487869478,0.024286856660800805],[0.024154995107656591,0.025332148876782597,0.025671755607539343,0.026011951026560315,0.025671755607539343,0.025332148876782597,0.024154995107656591],[0.0248614330400643,0.026012776128659133,0.026011951026560315,0.026640306684411707,0.026011951026560315,0.026012776128659133,0.0248614330400643],[0.024154995107656591,0.025332148876782597,0.025671755607539343,0.026011951026560315,0.025671755607539343,0.025332148876782597,0.024154995107656591],[0.024286856660800805,0.025437858487869478,0.025332148876782597,0.026012776128659133,0.025332148876782597,0.025437858487869478,0.024286856660800805],[0.023110207188964192,0.024286856660800805,0.024154995107656591,0.0248614330400643,0.024154995107656591,0.024286856660800805,0.023110207188964192]],[[0.023816280415279265,0.024993184605367338,0.024861306555908746,0.025567930891597056,0.024861306555908746,0.024993184605367338,0.023816280415279265],[0.024993184605367338,0.026144203747033114,0.026038505549380968,0.026719177048045512,0.026038505549380968,0.026144203747033114,0.024993184605367338],[0.024861306555908746,0.026038505549380968,0.026378124286608916,0.02671833161442692,0.026378124286608916,0.026038505549380968,0.024861306555908746],[0.025567930891597056,0.026719177048045512,0.02671833161442692,0.02734669026714031,0.02671833161442692,0.026719177048045512,0.025567930891597056],[0.024861306555908746,0.026038505549380968,0.026378124286608916,0.02671833161442692,0.026378124286608916,0.026038505549380968,0.024861306555908746],[0.024993184605367338,0.026144203747033114,0.026038505549380968,0.026719177048045512,0.026038505549380968,0.026144203747033114,0.024993184605367338],[0.023816280415279265,0.024993184605367338,0.024861306555908746,0.025567930891597056,0.024861306555908746,0.024993184605367338,0.023816280415279265]],[[0.024522466153371697,0.02569949507139609,0.025567615454766005,0.026274347043508433,0.025567615454766005,0.02569949507139609,0.024522466153371697],[0.02569949507139609,0.026850447348462807,0.02674476745854323,0.027425427835050319,0.02674476745854323,0.026850447348462807,0.02569949507139609],[0.025567615454766005,0.02674476745854323,0.027084372021425239,0.027424565074422348,0.027084372021425239,0.02674476745854323,0.025567615454766005],[0.026274347043508433,0.027425427835050319,0.027424565074422348,0.028052881168269848,0.027424565074422348,0.027425427835050319,0.026274347043508433],[0.025567615454766005,0.02674476745854323,0.027084372021425239,0.027424565074422348,0.027084372021425239,0.02674476745854323,0.025567615454766005],[0.02569949507139609,0.026850447348462807,0.02674476745854323,0.027425427835050319,0.02674476745