{"M_cells":[[[0,0,0,0,0,0],[0,0,0,0,0,0],[0,0,0,0,0,0],[0,0,0,0,0,0],[0,0,0,0,0,0],[0,0,0,0,0,0]],[[0.000725126244049104,0.0017727967380259883,0.002233258892910075,0.002233258892910075,0.0017727967380259881,0.00072512624404910393],[0.0017727967380259883,0.0033537790753506791,0.0041146890798006517,0.0041146890798006517,0.0033537790753506787,0.0017727967380259881],[0.002233258892910075,0.0041146890798006517,0.00502585998093913,0.00502585998093913,0.0041146890798006517,0.002233258892910075],[0.002233258892910075,0.0041146890798006517,0.00502585998093913,0.00502585998093913,0.0041146890798006517,0.002233258892910075],[0.0017727967380259881,0.0033537790753506787,0.0041146890798006517,0.0041146890798006517,0.0033537790753506791,0.0017727967380259883],[0.00072512624404910393,0.0017727967380259881,0.002233258892910075,0.002233258892910075,0.0017727967380259883,0.000725126244049104]],[[0.002807299950012488,0.0044314615447972067,0.0051943420928727679,0.0051943420928727679,0.0044314615447972076,0.0028072999500124889],[0.0044314615447972067,0.0061673451222837156,0.00705215724210877,0.00705215724210877,0.0061673451222837164,0.0044314615447972076],[0.0051943420928727679,0.00705215724210877,0.0079979549771057815,0.0079979549771057815,0.00705215724210877,0.0051943420928727679],[0.0051943420928727679,0.00705215724210877,0.0079979549771057815,0.0079979549771057815,0.00705215724210877,0.0051943420928727679],[0.0044314615447972076,0.0061673451222837164,0.00705215724210877,0.00705215724210877,0.0061673451222837164,0.0044314615447972076],[0.0028072999500124889,0.0044314615447972076,0.0051943420928727679,0.0051943420928727679,0.0044314615447972076,0.0028072999500124889]],[[0.0054066509625263545,0.0072136194182864247,0.0080927836741068043,0.0080927836741068043,0.0072136194182864247,0.0054066509625263553],[0.0072136194182864247,0.0089902975277801073,0.0099147528901970521,0.0099147528901970521,0.0089902975277801073,0.0072136194182864247],[0.0080927836741068043,0.0099147528901970521,0.01086186133521116,0.01086186133521116,0.0099147528901970521,0.0080927836741068043],[0.0080927836741068043,0.0099147528901970521,0.01086186133521116,0.01086186133521116,0.0099147528901970521,0.0080927836741068043],[0.0072136194182864247,0.0089902975277801073,0.0099147528901970521,0.0099147528901970521,0.0089902975277801073,0.0072136194182864238],[0.0054066509625263553,0.0072136194182864247,0.0080927836741068043,0.0080927836741068043,0.0072136194182864238,0.0054066509625263553]],[[0.0081685992837941448,0.010033576282697266,0.010955712881899055,0.010955712881899055,0.010033576282697266,0.0081685992837941448],[0.010033576282697266,0.011824651280778618,0.012763467458180616,0.012763467458180616,0.011824651280778618,0.010033576282697266],[0.010955712881899055,0.012763467458180616,0.013710626201752965,0.013710626201752965,0.012763467458180616,0.010955712881899055],[0.010955712881899055,0.012763467458180616,0.013710626201752965,0.013710626201752965,0.012763467458180616,0.010955712881899055],[0.010033576282697266,0.011824651280778618,0.012763467458180616,0.012763467458180616,0.011824651280778618,0.010033576282697266],[0.0081685992837941448,0.010033576282697266,0.010955712881899055,0.010955712881899055,0.010033576282697266,0.0081685992837941448]],[[0.010982998605906097,0.012867152707349378,0.01380510709292853,0.01380510709292853,0.012867152707349378,0.010982998605906097],[0.012867152707349378,0.014663503949346866,0.015607596361320872,0.015607596361320872,0.014663503949346866,0.012867152707349378],[0.01380510709292853,0.015607596361320872,0.016554758805938156,0.016554758805938156,0.015607596361320872,0.013805107092928528],[0.01380510709292853,0.015607596361320872,0.016554758805938156,0.016554758805938156,0.015607596361320872,0.013805107092928528],[0.012867152707349378,0.014663503949346866,0.015607596361320872,0.015607596361320872,0.014663503949346866,0.012867152707349378],[0.010982998605906097,0.012867152707349378,0.013805107092928528,0.013805107092928528,0.012867152707349378,0.010982998605906097]],[[0.013815009673880033,0.015705736989830531,0.016649513405895097,0.016649513405895097,0.015705736989830531,0.013815009673880033],[0.015705736989830531,0.017504036188312075,0.018450073135708341,0.018450073135708341,0.017504036188312075,0.015705736989830531],[0.016649513405895097,0.018450073135708341,0.019397240720703871,0.019397240720703871,0.018450073135708341,0.016649513405895097],[0.016649513405895097,0.018450073135708341,0.019397240720703871,0.019397240720703871,0.018450073135708341,0.016649513405895097],[0.015705736989830531,0.017504036188312075,0.018450073135708341,0.018450073135708341,0.017504036188312075,0.015705736989830531],[0.013815009673880033,0.015705736989830531,0.016649513405895097,0.016649513405895097,0.015705736989830531,0.013815009673880033]],[[0.016653132829530383,0.01854617996129352,0.019492103128201883,0.019492103128201883,0.01854617996129352,0.016653132829530383],[0.01854617996129352,0.020345209249930132,0.021291968227844672,0.021291968227844672,0.020345209249930132,0.01854617996129352],[0.019492103128201883,0.021291968227844672,0.022239145244495991,0.022239145244495991,0.021291968227844672,0.019492103128201883],[0.019492103128201883,0.021291968227844672,0.022239145244495991,0.022239145244495991,0.021291968227844672,0.019492103128201883],[0.01854617996129352,0.020345209249930132,0.021291968227844672,0.021291968227844672,0.020345209249930132,0.01854617996129352],[0.016653132829530383,0.01854617996129352,0.019492103128201883,0.019492103128201883,0.01854617996129352,0.016653132829530383]],[[0.019493440125253596,0.021387332913677209,0.022334053635848373,0.022334053635848373,0.021387332913677209,0.019493440125253596],[0.021387332913677209,0.02318665044352497,0.024133684895628119,0.024133684895628119,0.02318665044352497,0.021387332913677209],[0.022334053635848373,0.024133684895628119,0.025080876257688102,0.025080876257688102,0.024133684895628119,0.022334053635848373],[0.022334053635848373,0.024133684895628119,0.025080876257688102,0.025080876257688102,0.024133684895628119,0.022334053635848373],[0.021387332913677209,0.02318665044352497,0.024133684895628119,0.024133684895628119,0.02318665044352497,0.021387332913677209],[0.019493440125253596,0.021387332913677209,0.022334053635848373,0.022334053635848373,0.021387332913677209,0.019493440125253596]],[[0.02233456169098989,0.024228783202191389,0.025175808324223468,0.025175808324223468,0.024228783202191389,0.02233456169098989],[0.024228783202191389,0.026028232818555774,0.02697538179645351,0.02697538179645351,0.026028232818555774,0.024228783202191389],[0.025175808324223468,0.02697538179645351,0.027922592714404719,0.027922592714404719,0.02697538179645351,0.025175808324223468],[0.025175808324223468,0.02697538179645351,0.027922592714404719,0.027922592714404719,0.02697538179645351,0.025175808324223468],[0.024228783202191389,0.026028232818555774,0.02697538179645351,0.02697538179645351,0.026028232818555774,0.024228783202191389],[0.02233456169098989,0.024228783202191389,0.025175808324223468,0.025175808324223468,0.024228783202191389,0.02233456169098989]],[[0.02517601820891089,0.027070389241736624,0.028017540686565173,0.028017540686565173,0.027070389241736624,0.02517601820891089],[0.027070389241736624,0.028869920031154003,0.029817127745792173,0.029817127745792173,0.028869920031154003,0.027070389241736624],[0.028017540686565173,0.029817127745792173,0.030764363594964275,0.030764363594964275,0.029817127745792173,0.028017540686565173],[0.028017540686565173,0.029817127745792173,0.030764363594964275,0.030764363594964275,0.029817127745792173,0.028017540686565173],[0.027070389241736624,0.028869920031154003,0.029817127745792173,0.029817127745792173,0.028869920031154003,0.027070389241736624],[0.02517601820891089,0.027070389241736624,0.028017540686565173,0.028017540686565173,0.027070389241736624,0.02517601820891089]],[[0.02801764687026128,0.029912109338238613,0.030859325026085137,0.030859325026085137,0.029912109338238613,0.02801764687026128],[0.029912109338238613,0.031711709191029759,0.032658958593172492,0.032658958593172492,0.031711709191029759,0.029912109338238613],[0.030859325026085137,0.032658958593172492,0.033606224847098562,0.033606224847098562,0.032658958593172485,0.030859325026085137],[0.030859325026085137,0.032658958593172492,0.033606224847098562,0.033606224847098562,0.032658958593172485,0.030859325026085137],[0.029912109338238613,0.031711709191029759,0.032658958593172485,0.032658958593172485,0.031711709191029759,0.029912109338238613],[0.02801764687026128,0.029912109338238613,0.030859325026085137,0.030859325026085137,0.029912109338238613,0.02801764687026128]],[[0.0308593989292623,0.032753938660035939,0.033701199235955305,0.033701199235955305,0.032753938660035939,0.0308593989292623],[0.032753938660035939,0.034553609803726265,0.035500898132046634,0.035500898132046634,0.034553609803726265,0.032753938660035939],[0.033701199235955305,0.035500898132046634,0.036448200328963273,0.036448200328963273,0.035500898132046634,0.033701199235955305],[0.033701199235955305,0.035500898132046634,0.036448200328963273,0.036448200328963273,0.035500898132046634,0.033701199235955305],[0.032753938660035939,0.034553609803726265,0.035500898132046634,0.035500898132046634,0.034553609803726265,0.032753938660035939],[0.0308593989292623,0.032753938660035939,0.033701199235955305,0.033701199235955305,0.032753938660035939,0.0308593989292623]],[[0.033701267146951888,0.035595886025545767,0.036543187888247224,0.036543187888247224,0.035595886025545767,0.033701267146951888],[0.035595886025545767,0.037395636015613333,0.038342965794703532,0.038342965794703532,0.037395636015613333,0.035595886025545767],[0.036543187888247224,0.038342965794703532,0.039290309523150845,0.039290309523150845,0.038342965794703532,0.036543187888247224],[0.036543187888247224,0.038342965794703532,0.039290309523150845,0.039290309523150845,0.038342965794703532,0.036543187888247224],[0.035595886025545767,0.037395636015613333,0.038342965794703532,0.038342965794703532,0.037395636015613333,0.035595886025545767],[0.033701267146951888,0.035595886025545767,0.036543187888247224,0.036543187888247224,0.035595886025545767,0.033701267146951888]],[[0.036543259518776773,0.038437965360025785,0.039385310734462754,0.039385310734462754,0.038437965360025785,0.036543259518776773],[0.038437965360025785,0.040237803767994608,0.041185179496736016,0.041185179496736016,0.040237803767994608,0.038437965360025785],[0.039385310734462754,0.041185179496736016,0.042132570392920246,0.042132570392920246,0.041185179496736016,0.039385310734462754],[0.039385310734462754,0.041185179496736016,0.042132570392920246,0.042132570392920246,0.041185179496736016,0.039385310734462754],[0.038437965360025785,0.040237803767994608,0.041185179496736016,0.041185179496736016,0.040237803767994608,0.038437965360025785],[0.036543259518776773,0.038437965360025785,0.039385310734462754,0.039385310734462754,0.038437965360025785,0.036543259518776773]],[[0.039385389707118044,0.041280192562612832,0.042227585848865247,0.042227585848865247,0.041280192562612832,0.039385389707118044],[0.041280192562612832,0.043080129767100739,0.044027556704582617,0.044027556704582617,0.043080129767100739,0.041280192562612832],[0.042227585848865247,0.044027556704582617,0.044975000457219215,0.044975000457219215,0.044027556704582617,0.042227585848865247],[0.042227585848865247,0.044027556704582617,0.044975000457219215,0.044975000457219215,0.044027556704582617,0.042227585848865247],[0.041280192562612832,0.043080129767100739,0.044027556704582617,0.044027556704582617,0.043080129767100739,0.041280192562612832],[0.039385389707118044,0.041280192562612832,0.042227585848865247,0.042227585848865247,0.041280192562612832,0.039385389707118044]],[[0.042227673555628578,0.044122584372573173,0.045070030807504532,0.045070030807504532,0.044122584372573173,0.042227673555628578],[0.044122584372573173,0.045922631128453406,0.046870114854181709,0.046870114854181709,0.045922631128453406,0.044122584372573173],[0.045070030807504532,0.046870114854181709,0.047817617214129596,0.047817617214129596,0.046870114854181709,0.045070030807504532],[0.045070030807504532,0.046870114854181709,0.047817617214129596,0.047817617214129596,0.046870114854181709,0.045070030807504532],[0.044122584372573173,0.045922631128453406,0.046870114854181709,0.046870114854181709,0.045922631128453406,0.044122584372573173],[0.042227673555628578,0.044122584372573173,0.045070030807504532,0.045070030807504532,0.044122584372573173,0.042227673555628578]],[[0.045070127831988466,0.04696515797663766,0.0479126631487902,0.0479126631487902,0.04696515797663766,0.045070127831988466],[0.04696515797663766,0.04876532527325899,0.049712871533867664,0.049712871533867664,0.04876532527325899,0.04696515797663766],[0.0479126631487902,0.049712871533867664,0.050660438326803767,0.050660438326803767,0.049712871533867664,0.0479126631487902],[0.0479126631487902,0.049712871533867664,0.050660438326803767,0.050660438326803767,0.049712871533867664,0.0479126631487902],[0.04696515797663766,0.04876532527325899,0.049712871533867664,0.049712871533867664,0.04876532527325899,0.04696515797663766],[0.045070127831988466,0.04696515797663766,0.0479126631487902,0.0479126631487902,0.04696515797663766,0.045070127831988466]],[[0.047912769791744414,0.0498079308924503,0.050755500572323496,0.050755500572323496,0.0498079308924503,0.047912769791744414],[0.0498079308924503,0.051608229919900737,0.052555844582273081,0.052555844582273081,0.051608229919900737,0.0498079308924503],[0.050755500572323496,0.052555844582273081,0.053503481723255579,0.053503481723255579,0.052555844582273081,0.050755500572323496],[0.050755500572323496,0.052555844582273081,0.053503481723255579,0.053503481723255579,0.052555844582273081,0.050755500572323496],[0.0498079308924503,0.051608229919900737,0.052555844582273081,0.052555844582273081,0.051608229919900737,0.0498079308924503],[0.047912769791744414,0.0498079308924503,0.050755500572323496,0.050755500572323496,0.0498079308924503,0.047912769791744414]],[[0.050755617046475118,0.052650920955667063,0.053598561042931349,0.053598561042931349,0.052650920955667063,0.050755617046475118],[0.052650920955667063,0.054451363111785708,0.055399052155922522,0.055399052155922522,0.054451363111785708,0.052650920955667063],[0.053598561042931349,0.055399052155922522,0.0563467656650937,0.0563467656650937,0.055399052155922522,0.053598561042931349],[0.053598561042931349,0.055399052155922522,0.0563467656650937,0.0563467656650937,0.055399052155922522,0.053598561042931349],[0.052650920955667063,0.054451363111785708,0.055399052155922522,0.055399052155922522,0.054451363111785708,0.052650920955667063],[0.050755617046475118,0.052650920955667063,0.053598561042931349,0.053598561042931349,0.052650920955667063,0.050755617046475118]],[[0.053598687545585638,0.055494146346384006,0.056441862860649922,0.056441862860649922,0.055494146346384006,0.053598687545585638],[0.055494146346384006,0.057294743259328686,0.058242512786181859,0.058242512786181859,0.057294743259328686,0.055494146346384006],[0.056441862860649922,0.058242512786181859,0.0591903088051367,0.0591903088051367,0.058242512786181859,0.056441862860649922],[0.056441862860649922,0.058242512786181859,0.0591903088051367,0.0591903088051367,0.058242512786181859,0.056441862860649922],[0.055494146346384006,0.057294743259328686,0.058242512786181859,0.058242512786181859,0.057294743259328686,0.055494146346384006],[0.053598687545585638,0.055494146346384006,0.056441862860649922,0.056441862860649922,0.055494146346384006,0.053598687545585638]],[[0.056441999600936738,0.058337625630704354,0.05928542471862349,0.05928542471862349,0.058337625630704354,0.056441999600936738],[0.058337625630704354,0.060138389187557713,0.061086245432562594,0.061086245432562594,0.060138389187557713,0.058337625630704354],[0.05928542471862349,0.061086245432562594,0.062034130241098009,0.062034130241098009,0.061086245432562594,0.05928542471862349],[0.05928542471862349,0.061086245432562594,0.062034130241098009,0.062034130241098009,0.061086245432562594,0.05928542471862349],[0.058337625630704354,0.060138389187557713,0.061086245432562594,0.061086245432562594,0.060138389187557713,0.058337625630704354],[0.056441999600936738,0.058337625630704354,0.05928542471862349,0.05928542471862349,0.058337625630704354,0.056441999600936738]],[[0.059285571927831342,0.061181377808258851,0.062129265756811256,0.062129265756811256,0.061181377808258858,0.059285571927831342],[0.061181377808258851,0.062982320186046756,0.06393026953486651,0.06393026953486651,0.06298232018604677,0.061181377808258858],[0.062129265756811256,0.06393026953486651,0.0648782495679544,0.064878249567954391,0.06393026953486651,0.062129265756811249],[0.062129265756811256,0.06393026953486651,0.064878249567954391,0.064878249567954391,0.06393026953486651,0.062129265756811249],[0.061181377808258858,0.06298232018604677,0.06393026953486651,0.06393026953486651,0.062982320186046756,0.061181377808258851],[0.059285571927831342,0.061181377808258858,0.062129265756811249,0.062129265756811249,0.061181377808258851,0.059285571927831342]],[[0.062129423692376867,0.064025422362172513,0.064973405614341714,0.064973405614341714,0.064025422362172513,0.062129423692376867],[0.064025422362172513,0.065826556059919272,0.0667746050650875,0.0667746050650875,0.065826556059919272,0.064025422362172513],[0.064973405614341714,0.0667746050650875,0.067722686930001386,0.067722686930001386,0.0667746050650875,0.064973405614341714],[0.064973405614341714,0.0667746050650875,0.067722686930001386,0.067722686930001386,0.0667746050650875,0.064973405614341714],[0.064025422362172513,0.065826556059919272,0.0667746050650875,0.0667746050650875,0.065826556059919272,0.064025422362172513],[0.062129423692376867,0.064025422362172513,0.064973405614341714,0.064973405614341714,0.064025422362172513,0.062129423692376867]],[[0.064973574561470113,0.066869779310171656,0.067817864481589316,0.067817864481589316,0.066869779310171656,0.064973574561470113],[0.066869779310171656,0.068671117181498459,0.069619272579478877,0.069619272579478877,0.068671117181498459,0.066869779310171656],[0.067817864481589316,0.069619272579478877,0.070567463073061013,0.070567463073061013,0.069619272579478877,0.067817864481589316],[0.067817864481589316,0.069619272579478877,0.070567463073061013,0.070567463073061013,0.069619272579478877,0.067817864481589316],[0.066869779310171656,0.068671117181498459,0.069619272579478877,0.069619272579478877,0.068671117181498459,0.066869779310171656],[0.064973574561470113,0.066869779310171656,0.067817864481589316,0.067817864481589316,0.066869779310171656,0.064973574561470113]],[[0.067818044754003728,0.069714469256400638,0.070662663152441879,0.070662663152441879,0.069714469256400638,0.067818044754003728],[0.069714469256400638,0.07151602454253074,0.072464293271035943,0.072464293271035943,0.07151602454253074,0.069714469256400638],[0.070662663152441879,0.072464293271035943,0.07341259939712777,0.07341259939712777,0.072464293271035943,0.070662663152441879],[0.070662663152441879,0.072464293271035943,0.07341259939712777,0.07341259939712777,0.072464293271035943,0.070662663152441879],[0.069714469256400638,0.07151602454253074,0.072464293271035943,0.072464293271035943,0.07151602454253074,0.069714469256400638],[0.067818044754003728,0.069714469256400638,0.070662663152441879,0.070662663152441879,0.069714469256400638,0.067818044754003728]],[[0.07066285509285368,0.072559513443872223,0.073507823077037474,0.073507823077037474,0.072559513443872223,0.07066285509285368],[0.072559513443872223,0.0743612998070604,0.07530968902260593,0.07530968902260593,0.0743612998070604,0.072559513443872223],[0.073507823077037474,0.07530968902260593,0.076258118009688222,0.076258118009688222,0.07530968902260593,0.073507823077037474],[0.073507823077037474,0.07530968902260593,0.076258118009688222,0.076258118009688222,0.07530968902260593,0.073507823077037474],[0.072559513443872223,0.0743612998070604,0.07530968902260593,0.07530968902260593,0.0743612998070604,0.072559513443872223],[0.07066285509285368,0.072559513443872223,0.073507823077037474,0.073507823077037474,0.072559513443872223,0.07066285509285368]],[[0.073508027057569286,0.075404933807654576,0.076353366415211107,0.076353366415211107,0.075404933807654576,0.073508027057569286],[0.075404933807654576,0.077206965365124877,0.078155482460849232,0.078155482460849232,0.077206965365124877,0.075404933807654576],[0.076353366415211107,0.078155482460849232,0.079104041779951145,0.079104041779951145,0.078155482460849232,0.076353366415211107],[0.076353366415211107,0.078155482460849232,0.079104041779951145,0.079104041779951145,0.078155482460849232,0.076353366415211107],[0.075404933807654576,0.077206965365124877,0.078155482460849232,0.078155482460849232,0.077206965365124877,0.075404933807654576],[0.073508027057569286,0.075404933807654576,0.076353366415211107,0.076353366415211107,0.075404933807654576,0.073508027057569286]],[[0.076353582837868153,0.078250753028944686,0.079199316090854427,0.079199316090854427,0.078250753028944686,0.076353582837868153],[0.078250753028944686,0.0800530443874497,0.0810016970112535,0.0810016970112535,0.0800530443874497,0.078250753028944686],[0.079199316090854427,0.0810016970112535,0.081950394394197379,0.081950394394197379,0.0810016970112535,0.079199316090854427],[0.079199316090854427,0.0810016970112535,0.081950394394197379,0.081950394394197379,0.0810016970112535,0.079199316090854427],[0.078250753028944686,0.0800530443874497,0.0810016970112535,0.0810016970112535,0.0800530443874497,0.078250753028944686],[0.076353582837868153,0.078250753028944686,0.079199316090854427,0.079199316090854427,0.078250753028944686,0.076353582837868153]],[[0.07919954538808692,0.081096994590225666,0.082045695847422426,0.082045695847422426,0.081096994590225666,0.07919954538808692],[0.081096994590225666,0.082899560881358386,0.08384835695443052,0.08384835695443052,0.082899560881358386,0.081096994590225666],[0.082045695847422426,0.08384835695443052,0.0847972004124824,0.0847972004124824,0.08384835695443052,0.082045695847422426],[0.082045695847422426,0.08384835695443052,0.0847972004124824,0.0847972004124824,0.08384835695443052,0.082045695847422426],[0.081096994590225666,0.082899560881358386,0.08384835695443052,0.08384835695443052,0.082899560881358386,0.081096994590225666],[0.07919954538808692,0.081096994590225666,0.082045695847422426,0.082045695847422426,0.081096994590225666,0.07919954538808692]],[[0.082045938482797162,0.083943682831721225,0.084892530304790936,0.084892530304790936,0.083943682831721225,0.082045938482797162],[0.083943682831721225,0.085746539748108835,0.086695487483905,0.086695487483905,0.085746539748108835,0.083943682831721225],[0.084892530304790936,0.086695487483905,0.087644485326902152,0.087644485326902152,0.086695487483905,0.084892530304790936],[0.084892530304790936,0.086695487483905,0.087644485326902152,0.087644485326902152,0.086695487483905,0.084892530304790936],[0.083943682831721225,0.085746539748108835,0.086695487483905,0.086695487483905,0.085746539748108835,0.083943682831721225],[0.082045938482797162,0.083943682831721225,0.084892530304790936,0.084892530304790936,0.083943682831721225,0.082045938482797162]],[[0.084892786773778775,0.086790843009349264,0.087739845017695231,0.087739845017695231,0.086790843009349264,0.084892786773778775],[0.086790843009349264,0.088594006841866926,0.089543114765615,0.089543114765615,0.088594006841866926,0.086790843009349264],[0.087739845017695231,0.089543114765615,0.090492275621641222,0.090492275621641222,0.089543114765615,0.087739845017695231],[0.087739845017695231,0.089543114765615,0.090492275621641222,0.090492275621641222,0.089543114765615,0.087739845017695231],[0.086790843009349264,0.088594006841866926,0.089543114765615,0.089543114765615,0.088594006841866926,0.086790843009349264],[0.084892786773778775,0.086790843009349264,0.087739845017695231,0.087739845017695231,0.086790843009349264,0.084892786773778775]],[[0.087740115848569944,0.089638501354388153,0.090587666535940178,0.090587666535940178,0.089638501354388153,0.087740115848569944],[0.089638501354388153,0.091441989030522253,0.092391265999320737,0.092391265999320737,0.091441989030522253,0.089638501354388153],[0.090587666535940178,0.092391265999320737,0.093340598834999386,0.093340598834999386,0.092391265999320737,0.090587666535940178],[0.090587666535940178,0.092391265999320737,0.093340598834999386,0.093340598834999386,0.092391265999320737,0.090587666535940178],[0.089638501354388153,0.091441989030522253,0.092391265999320737,0.092391265999320737,0.091441989030522253,0.089638501354388153],[0.087740115848569944,0.089638501354388153,0.090587666535940178,0.090587666535940178,0.089638501354388153,0.087740115848569944]],[[0.090587952290801813,0.092486685135075422,0.093436022466617016,0.093436022466617016,0.092486685135075422,0.090587952290801813],[0.092486685135075422,0.094290514258568742,0.095239969482149148,0.095239969482149148,0.094290514258568742,0.092486685135075422],[0.093436022466617016,0.095239969482149148,0.096189483623622785,0.096189483623622785,0.095239969482149148,0.093436022466617016],[0.093436022466617016,0.095239969482149148,0.096189483623622785,0.096189483623622785,0.095239969482149148,0.093436022466617016],[0.092486685135075422,0.094290514258568742,0.095239969482149148,0.095239969482149148,0.094290514258568742,0.092486685135075422],[0.090587952290801813,0.092486685135075422,0.093436022466617016,0.093436022466617016,0.092486685135075422,0.090587952290801813]],[[0.093436323742522559,0.095335422720322638,0.096284941538504684,0.096284941538504684,0.095335422720322638,0.093436323742522559],[0.095335422720322638,0.097139611612230267,0.098089254674450913,0.098089254674450913,0.097139611612230267,0.095335422720322638],[0.096284941538504684,0.098089254674450913,0.0990389598291152,0.0990389598291152,0.098089254674450913,0.096284941538504684],[0.096284941538504684,0.098089254674450913,0.0990389598291152,0.0990389598291152,0.098089254674450913,0.096284941538504684],[0.095335422720322638,0.097139611612230267,0.098089254674450913,0.098089254674450913,0.097139611612230267,0.095335422720322638],[0.093436323742522559,0.095335422720322638,0.096284941538504684,0.096284941538504684,0.095335422720322638,0.093436323742522559]],[[0.096285258968715828,0.098184743645767347,0.099134453668874953,0.099134453668874953,0.098184743645767347,0.096285258968715828],[0.098184743645767347,0.0999893113870503,0.10093915226818875,0.10093915226818875,0.0999893113870503,0.098184743645767347],[0.099134453668874953,0.10093915226818875,0.10188905854724745,0.10188905854724745,0.10093915226818875,0.099134453668874953],[0.099134453668874953,0.10093915226818875,0.10188905854724745,0.10188905854724745,0.10093915226818875,0.099134453668874953],[0.098184743645767347,0.0999893113870503,0.10093915226818875,0.10093915226818875,0.0999893113870503,0.098184743645767347],[0.096285258968715828,0.098184743645767347,0.099134453668874953,0.099134453668874953,0.098184743645767347,0.096285258968715828]],[[0.099134787924217885,0.10103467868235384,0.10198459003289367,0.10198459003289367,0.10103467868235384,0.099134787924217885],[0.10103467868235384,0.10283964515813721,0.103789694258048,0.103789694258048,0.10283964515813721,0.10103467868235384],[0.10198459003289367,0.103789694258048,0.10473981219995564,0.10473981219995564,0.103789694258048,0.10198459003289367],[0.10198459003289367,0.103789694258048,0.10473981219995564,0.10473981219995564,0.103789694258048,0.10198459003289367],[0.10103467868235384,0.10283964515813721,0.103789694258048,0.103789694258048,0.10283964515813721,0.10103467868235384],[0.099134787924217885,0.10103467868235384,0.10198459003289367,0.10198459003289367,0.10103467868235384,0.099134787924217885]],[[0.1019849418232288,0.10388525990763955,0.10483538313581754,0.10483538313581754,0.10388525990763955,0.1019849418232288],[0.10388525990763955,0.10569064585326193,0.10664091401546702,0.10664091401546702,0.10569064585326193,0.10388525990763955],[0.10483538313581754,0.10664091401546702,0.10759125461032548,0.10759125461032548,0.10664091401546702,0.10483538313581754],[0.10483538313581754,0.10664091401546702,0.10759125461032548,0.10759125461032548,0.10664091401546702,0.10483538313581754],[0.10388525990763955,0.10569064585326193,0.10664091401546702,0.10664091401546702,0.10569064585326193,0.10388525990763955],[0.1019849418232288,0.10388525990763955,0.10483538313581754,0.10483538313581754,0.10388525990763955,0.1019849418232288]],[[0.10483575321162159,0.10673652078003894,0.10768686688818917,0.10768686688818917,0.10673652078003894,0.10483575321162159],[0.10673652078003894,0.10854234782901823,0.10949284636579472,0.10949284636579472,0.10854234782901823,0.10673652078003894],[0.10768686688818917,0.10949284636579472,0.11044342108077038,0.11044342108077038,0.10949284636579472,0.10768686688818917],[0.10768686688818917,0.10949284636579472,0.11044342108077038,0.11044342108077038,0.10949284636579472,0.10768686688818917],[0.10673652078003894,0.10854234782901823,0.10949284636579472,0.10949284636579472,0.10854234782901823,0.10673652078003894],[0.10483575321162159,0.10673652078003894,0.10768686688818917,0.10768686688818917,0.10673652078003894,0.10483575321162159]],[[0.10768725604224674,0.10958849621619071,0.11053907668422482,0.11053907668422482,0.10958849621619071,0.10768725604224674],[0.10958849621619071,0.11139478695023444,0.11234552766876792,0.11234552766876792,0.11139478695023444,0.10958849621619071],[0.11053907668422482,0.11234552766876792,0.11329634847459658,0.11329634847459658,0.11234552766876792,0.11053907668422482],[0.11053907668422482,0.11234552766876792,0.11329634847459658,0.11329634847459658,0.11234552766876792,0.11053907668422482],[0.10958849621619071,0.11139478695023444,0.11234552766876792,0.11234552766876792,0.11139478695023444,0.10958849621619071],[0.10768725604224674,0.10958849621619071,0.11053907668422482,0.11053907668422482,0.10958849621619071,0.10768725604224674]],[[0.11053948575343472,0.11244122267166089,0.11339204948360521,0.11339204948360521,0.11244122267166089,0.11053948575343472],[0.11244122267166089,0.11424800067285101,0.11519899590252218,0.11519899590252218,0.11424800067285101,0.11244122267166089],[0.11339204948360521,0.11519899590252218,0.11615007530117019,0.11615007530117019,0.11519899590252218,0.11339204948360521],[0.11339204948360521,0.11519899590252218,0.11615007530117019,0.11615007530117019,0.11519899590252218,0.11339204948360521],[0.11244122267166089,0.11424800067285101,0.11519899590252218,0.11519899590252218,0.11424800067285101,0.11244122267166089],[0.11053948575343472,0.11244122267166089,0.11339204948360521,0.11339204948360521,0.11244122267166089,0.11053948575343472]],[[0.11339247935090213,0.11529473822517897,0.11624582389687414,0.11624582389687414,0.11529473822517897,0.11339247935090213],[0.11529473822517897,0.11710202813046512,0.11805329075134129,0.11805329075134129,0.11710202813046512,0.11529473822517897],[0.11624582389687414,0.11805329075134129,0.11900464180489276,0.11900464180489276,0.11805329075134129,0.11624582389687414],[0.11624582389687414,0.11805329075134129,0.11900464180489276,0.11900464180489276,0.11805329075134129,0.11624582389687414],[0.11529473822517897,0.11710202813046512,0.11805329075134129,0.11805329075134129,0.11710202813046512,0.11529473822517897],[0.11339247935090213,0.11529473822517897,0.11624582389687414,0.11624582389687414,0.11529473822517897,0.11339247935090213]],[[0.11624627549326169,0.11814908266663766,0.1191004402746553,0.1191004402746553,0.11814908266663766,0.11624627549326169],[0.11814908266663766,0.11995691022476924,0.12090845369736654,0.12090845369736654,0.11995691022476924,0.11814908266663766],[0.1191004402746553,0.12090845369736654,0.12186009005820816,0.12186009005820816,0.12090845369736654,0.1191004402746553],[0.1191004402746553,0.12090845369736654,0.12186009005820816,0.12186009005820816,0.12090845369736654,0.1191004402746553],[0.11814908266663766,0.11995691022476924,0.12090845369736654,0.12090845369736654,0.11995691022476924,0.11814908266663766],[0.11624627549326169,0.11814908266663766,0.1191004402746553,0.1191004402746553,0.11814908266663766,0.11624627549326169]],[[0.11910091458136529,0.12100429758904581,0.12195594080091365,0.12195594080091365,0.12100429758904581,0.11910091458136529],[0.12100429758904581,0.122812689720089,0.12376452811648507,0.12376452811648507,0.122812689720089,0.12100429758904581],[0.12195594080091365,0.12376452811648507,0.12471646405886216,0.12471646405886215,0.12376452811648507,0.12195594080091365],[0.12195594080091365,0.12376452811648507,0.12471646405886215,0.12471646405886215,0.12376452811648507,0.12195594080091365],[0.12100429758904581,0.122812689720089,0.12376452811648507,0.12376452811648507,0.122812689720089,0.12100429758904581],[0.11910091458136529,0.12100429758904581,0.12195594080091365,0.12195594080091365,0.12100429758904581,0.11910091458136529]],[[0.12195643885168159,0.12386042648468561,0.12481236959047642,0.12481236959047642,0.12386042648468561,0.12195643885168159],[0.12386042648468561,0.12566941134226298,0.12662155937862909,0.12662155937862909,0.12566941134226298,0.12386042648468561],[0.12481236959047642,0.12662155937862909,0.12757380983164918,0.12757380983164918,0.12662155937862909,0.12481236959047642],[0.12481236959047642,0.12662155937862909,0.12757380983164918,0.12757380983164918,0.12662155937862909,0.12481236959047642],[0.12386042648468561,0.12566941134226298,0.12662155937862909,0.12662155937862909,0.12566941134226295,0.12386042648468561],[0.12195643885168159,0.12386042648468561,0.12481236959047642,0.12481236959047642,0.12386042648468561,0.12195643885168159]],[[0.12481289247395165,0.12671751484568361,0.12766977279105854,0.12766977279105854,0.12671751484568361,0.12481289247395165],[0.12671751484568361,0.12852712188208962,0.12947959495272515,0.12947959495272515,0.12852712188208962,0.12671751484568361],[0.12766977279105854,0.12947959495272515,0.13043217553488728,0.13043217553488728,0.12947959495272515,0.12766977279105854],[0.12766977279105854,0.12947959495272515,0.13043217553488728,0.13043217553488728,0.12947959495272515,0.12766977279105854],[0.12671751484568361,0.12852712188208962,0.12947959495272515,0.12947959495272515,0.12852712188208962,0.12671751484568361],[0.12481289247395165,0.12671751484568361,0.12766977279105854,0.12766977279105854,0.12671751484568361,0.12481289247395165]],[[0.12767032165333989,0.12957561026924916,0.13052819869002763,0.13052819869002763,0.12957561026924916,0.12767032165333989],[0.12957561026924916,0.13138587030359444,0.13233868451654204,0.13233868451654204,0.13138587030359444,0.12957561026924916],[0.13052819869002763,0.13233868451654204,0.1332916115718748,0.1332916115718748,0.13233868451654204,0.13052819869002763],[0.13052819869002763,0.13233868451654204,0.1332916115718748,0.1332916115718748,0.13233868451654204,0.13052819869002763],[0.12957561026924916,0.13138587030359444,0.13233868451654204,0.13233868451654204,0.13138587030359444,0.12957561026924916],[0.12767032165333989,0.12957561026924916,0.13052819869002763,0.13052819869002763,0.12957561026924916,0.12767032165333989]],[[0.13052877473733218,0.13243476256781525,0.13338769782615217,0.13338769782615217,0.13243476256781525,0.13052877473733218],[0.13243476256781525,0.1342457078573587,0.13519888007168387,0.13519888007168387,0.1342457078573587,0.13243476256781525],[0.13338769782615217,0.13519888007168387,0.13615217070757554,0.13615217070757554,0.13519888007168387,0.13338769782615217],[0.13338769782615217,0.13519888007168387,0.13615217070757554,0.13615217070757554,0.13519888007168387,0.13338769782615217],[0.13243476256781525,0.1342457078573587,0.13519888007168387,0.13519888007168387,0.1342457078573587,0.13243476256781525],[0.13052877473733218,0.13243476256781525,0.13338769782615217,0.13338769782615217,0.13243476256781525,0.13052877473733218]],[[0.1333883023276419,0.13529502388436379,0.13624832310662122,0.13624832310662122,0.13529502388436379,0.1333883023276419],[0.13529502388436379,0.1371066881992013,0.13806023606402451,0.13806023606402451,0.1371066881992013,0.13529502388436379],[0.13624832310662122,0.13806023606402451,0.13901390819083495,0.13901390819083495,0.13806023606402451,0.13624832310662122],[0.13624832310662122,0.13806023606402451,0.13901390819083495,0.13901390819083495,0.13806023606402451,0.13624832310662122],[0.13529502388436379,0.1371066881992013,0.13806023606402451,0.13806023606402451,0.1371066881992013,0.13529502388436379],[0.1333883023276419,0.13529502388436379,0.13624832310662122,0.13624832310662122,0.13529502388436379,0.1333883023276419]],[[0.13624895739735401,0.13815644881317254,0.13911012992957991,0.13911012992957991,0.13815644881317254,0.13624895739735401],[0.13815644881317254,0.13996886751445747,0.14092280950983149,0.14092280950983149,0.13996886751445747,0.13815644881317254],[0.13911012992957991,0.14092280950983149,0.14187688188237779,0.14187688188237779,0.14092280950983149,0.13911012992957991],[0.13911012992957991,0.14092280950983149,0.14187688188237779,0.14187688188237779,0.14092280950983149,0.13911012992957991],[0.13815644881317254,0.13996886751445747,0.14092280950983149,0.14092280950983149,0.13996886751445747,0.13815644881317254],[0.13624895739735401,0.13815644881317254,0.13911012992957991,0.13911012992957991,0.13815644881317254,0.13624895739735401]],[[0.13911079541363292,0.14101909452629571,0.14197317631247494,0.14197317631247494,0.14101909452629571,0.13911079541363292],[0.14101909452629571,0.14283230464816757,0.14378666012788971,0.14378666012788971,0.14283230464816757,0.14101909452629571],[0.14197317631247494,0.14378666012788971,0.14474115238890115,0.14474115238890115,0.14378666012788971,0.14197317631247494],[0.14197317631247494,0.14378666012788971,0.14474115238890115,0.14474115238890115,0.14378666012788971,0.14197317631247494],[0.14101909452629571,0.14283230464816757,0.14378666012788971,0.14378666012788971,0.14283230464816757,0.14101909452629571],[0.13911079541363292,0.14101909452629571,0.14197317631247494,0.14197317631247494,0.14101909452629571,0.13911079541363292]],[[0.14197387446621762,0.1438830209060408,0.14483752302651839,0.14483752302651839,0.1438830209060408,0.14197387446621762],[0.1438830209060408,0.14569706124146062,0.14665185047792734,0.14665185047792734,0.14569706124146062,0.1438830209060408],[0.14483752302651839,0.14665185047792734,0.14760678320357146,0.14760678320357146,0.14665185047792734,0.14483752302651839],[0.14483752302651839,0.14665185047792734,0.14760678320357146,0.14760678320357146,0.14665185047792734,0.14483752302651839],[0.1438830209060408,0.14569706124146062,0.14665185047792734,0.14665185047792734,0.14569706124146062,0.1438830209060408],[0.14197387446621762,0.1438830209060408,0.14483752302651839,0.14483752302651839,0.1438830209060408,0.14197387446621762]],[[0.1448382554020623,0.14674829068379175,0.14770323373756267,0.14770323373756267,0.14674829068379175,0.1448382554020623],[0.14674829068379175,0.14856320187446986,0.14951844610566592,0.14951844610566592,0.14856320187446986,0.14674829068379175],[0.14770323373756267,0.14951844610566592,0.1504738408532493,0.1504738408532493,0.14951844610566592,0.14770323373756267],[0.14770323373756267,0.14951844610566592,0.1504738408532493,0.1504738408532493,0.14951844610566592,0.14770323373756267],[0.14674829068379175,0.14856320187446986,0.14951844610566592,0.14951844610566592,0.14856320187446986,0.14674829068379175],[0.1448382554020623,0.14674829068379175,0.14770323373756267,0.14770323373756267,0.14674829068379175,0.1448382554020623]],[[0.14770400196637518,0.14961496958542916,0.15057037515372265,0.15057037515372265,0.14961496958542916,0.14770400196637518],[0.14961496958542916,0.1514307942160675,0.15238651569481237,0.15238651569481237,0.1514307942160675,0.14961496958542916],[0.15057037515372265,0.15238651569481237,0.15334239505276698,0.15334239505276698,0.15238651569481237,0.15057037515372265],[0.15057037515372265,0.15238651569481237,0.15334239505276698,0.15334239505276698,0.15238651569481237,0.15057037515372265],[0.14961496958542916,0.1514307942160675,0.15238651569481237,0.15238651569481237,0.1514307942160675,0.14961496958542916],[0.14770400196637518,0.14961496958542916,0.15057037515372265,0.15057037515372265,0.14961496958542916,0.14770400196637518]],[[0.15057118095043173,0.1