{"M_cells":[[[0.0045,0.0045,0.0045,0.0045,0.0045,0.0045,0.0045],[0.0045,0.0045,0.0045,0.0045,0.0045,0.0045,0.0045],[0.0045,0.0045,0.0045,0.0045,0.0045,0.0045,0.0045],[0.0045,0.0045,0.0045,0.0045,0.0045,0.0045,0.0045],[0.0045,0.0045,0.0045,0.0045,0.0045,0.0045,0.0045],[0.0045,0.0045,0.0045,0.0045,0.0045,0.0045,0.0045],[0.0045,0.0045,0.0045,0.0045,0.0045,0.0045,0.0045]],[[0.0045000000568299761,0.0045000003284267542,0.0045000002921952295,0.0045000004274718276,0.0045000002921952295,0.0045000003284267542,0.0045000000568299761],[0.0045000003284267542,0.0045000013998799009,0.00450000127959444,0.0045000018083262332,0.00450000127959444,0.0045000013998799009,0.0045000003284267542],[0.0045000002921952295,0.00450000127959444,0.0045000015709466936,0.004500001863891108,0.0045000015709466936,0.00450000127959444,0.0045000002921952295],[0.0045000004274718276,0.0045000018083262332,0.004500001863891108,0.0045000024593123689,0.004500001863891108,0.0045000018083262332,0.0045000004274718276],[0.0045000002921952295,0.00450000127959444,0.0045000015709466936,0.004500001863891108,0.0045000015709466936,0.00450000127959444,0.0045000002921952295],[0.0045000003284267542,0.0045000013998799009,0.00450000127959444,0.0045000018083262332,0.00450000127959444,0.0045000013998799009,0.0045000003284267542],[0.0045000000568299761,0.0045000003284267542,0.0045000002921952295,0.0045000004274718276,0.0045000002921952295,0.0045000003284267542,0.0045000000568299761]],[[0.0045000003995483446,0.0045000013153848424,0.0045000011946338941,0.0045000016651048618,0.0045000011946338941,0.0045000013153848424,0.0045000003995483446],[0.0045000013153848424,0.0045000034592683168,0.0045000032215432905,0.00450000432078601,0.0045000032215432905,0.0045000034592683168,0.0045000013153848424],[0.0045000011946338941,0.0045000032215432905,0.004500003815955886,0.00450000441251775,0.004500003815955886,0.0045000032215432905,0.0045000011946338941],[0.0045000016651048618,0.00450000432078601,0.00450000441251775,0.0045000056028670328,0.00450000441251775,0.00450000432078601,0.0045000016651048618],[0.0045000011946338941,0.0045000032215432905,0.004500003815955886,0.00450000441251775,0.004500003815955886,0.0045000032215432905,0.0045000011946338941],[0.0045000013153848424,0.0045000034592683168,0.0045000032215432905,0.00450000432078601,0.0045000032215432905,0.0045000034592683168,0.0045000013153848424],[0.0045000003995483446,0.0045000013153848424,0.0045000011946338941,0.0045000016651048618,0.0045000011946338941,0.0045000013153848424,0.0045000003995483446]],[[0.0045000011962221583,0.0045000029607077056,0.0045000027301246859,0.00450000365993532,0.0045000027301246859,0.0045000029607077056,0.0045000011962221583],[0.0045000029607077056,0.00450000617725757,0.0045000058250550161,0.0045000075203715526,0.0045000058250550161,0.00450000617725757,0.0045000029607077056],[0.0045000027301246859,0.0045000058250550161,0.0045000067285533773,0.00450000763475654,0.0045000067285533773,0.0045000058250550161,0.0045000027301246859],[0.00450000365993532,0.0045000075203715526,0.00450000763475654,0.0045000094186731952,0.00450000763475654,0.0045000075203715526,0.00450000365993532],[0.0045000027301246859,0.0045000058250550161,0.0045000067285533773,0.00450000763475654,0.0045000067285533773,0.0045000058250550161,0.0045000027301246859],[0.0045000029607077056,0.00450000617725757,0.0045000058250550161,0.0045000075203715526,0.0045000058250550161,0.00450000617725757,0.0045000029607077056],[0.0045000011962221583,0.0045000029607077056,0.0045000027301246859,0.00450000365993532,0.0045000027301246859,0.0045000029607077056,0.0045000011962221583]],[[0.004500002539124321,0.0045000052645957425,0.0045000049117128573,0.0045000063778865848,0.0045000049117128573,0.0045000052645957425,0.004500002539124321],[0.0045000052645957425,0.0045000095542533586,0.0045000090906924615,0.0045000113977777092,0.0045000090906924615,0.0045000095542533586,0.0045000052645957425],[0.0045000049117128573,0.0045000090906924615,0.0045000103068408744,0.0045000115262480486,0.0045000103068408744,0.0045000090906924615,0.0045000049117128573],[0.0045000063778865848,0.0045000113977777092,0.0045000115262480486,0.0045000139023948157,0.0045000115262480486,0.0045000113977777092,0.0045000063778865848],[0.0045000049117128573,0.0045000090906924615,0.0045000103068408744,0.0045000115262480486,0.0045000103068408744,0.0045000090906924615,0.0045000049117128573],[0.0045000052645957425,0.0045000095542533586,0.0045000090906924615,0.0045000113977777092,0.0045000090906924615,0.0045000095542533586,0.0045000052645957425],[0.004500002539124321,0.0045000052645957425,0.0045000049117128573,0.0045000063778865848,0.0045000049117128573,0.0045000052645957425,0.004500002539124321]],[[0.0045000044789896285,0.004500008227228975,0.0045000077465786794,0.0045000097967964128,0.0045000077465786794,0.004500008227228975,0.0045000044789896285],[0.004500008227228975,0.00450001359022165,0.0045000130181521132,0.0045000159464900569,0.0045000130181521132,0.00450001359022165,0.004500008227228975],[0.0045000077465786794,0.0045000130181521132,0.004500014548969135,0.0045000160835973729,0.004500014548969135,0.0045000130181521132,0.0045000077465786794],[0.0045000097967964128,0.0045000159464900569,0.0045000160835973729,0.0045000190506642107,0.0045000160835973729,0.0045000159464900569,0.0045000097967964128],[0.0045000077465786794,0.0045000130181521132,0.004500014548969135,0.0045000160835973729,0.004500014548969135,0.0045000130181521132,0.0045000077465786794],[0.004500008227228975,0.00450001359022165,0.0045000130181521132,0.0045000159464900569,0.0045000130181521132,0.00450001359022165,0.004500008227228975],[0.0045000044789896285,0.004500008227228975,0.0045000077465786794,0.0045000097967964128,0.0045000077465786794,0.004500008227228975,0.0045000044789896285]],[[0.0045000070437013016,0.0045000118486057342,0.0045000112383950719,0.0045000139020413927,0.0045000112383950719,0.0045000118486057342,0.0045000070437013016],[0.0045000118486057342,0.0045000182847979324,0.0045000176066465787,0.0045000211618059869,0.0045000176066465787,0.0045000182847979324,0.0045000118486057342],[0.0045000112383950719,0.0045000176066465787,0.0045000194531797082,0.0045000213040750862,0.0045000194531797082,0.0045000176066465787,0.0045000112383950719],[0.0045000139020413927,0.0045000211618059869,0.0045000213040750862,0.004500024860781624,0.0045000213040750862,0.0045000211618059869,0.0045000139020413927],[0.0045000112383950719,0.0045000176066465787,0.0045000194531797082,0.0045000213040750862,0.0045000194531797082,0.0045000176066465787,0.0045000112383950719],[0.0045000118486057342,0.0045000182847979324,0.0045000176066465787,0.0045000211618059869,0.0045000176066465787,0.0045000182847979324,0.0045000118486057342],[0.0045000070437013016,0.0045000118486057342,0.0045000112383950719,0.0045000139020413927,0.0045000112383950719,0.0045000118486057342,0.0045000070437013016]],[[0.0045000102485054207,0.0045000161284984115,0.0045000153887519573,0.0045000186837872965,0.0045000153887519573,0.0045000161284984115,0.0045000102485054207],[0.0045000161284984115,0.0045000236373764733,0.0045000228551292827,0.0045000270402081695,0.0045000228551292827,0.0045000236373764733,0.0045000161284984115],[0.0045000153887519573,0.0045000228551292827,0.0045000250178165377,0.0045000271854157324,0.0045000250178165377,0.0045000228551292827,0.0045000153887519573],[0.0045000186837872965,0.0045000270402081695,0.0045000271854157324,0.0045000313305127134,0.0045000271854157324,0.0045000270402081695,0.0045000186837872965],[0.0045000153887519573,0.0045000228551292827,0.0045000250178165377,0.0045000271854157324,0.0045000250178165377,0.0045000228551292827,0.0045000153887519573],[0.0045000161284984115,0.0045000236373764733,0.0045000228551292827,0.0045000270402081695,0.0045000228551292827,0.0045000236373764733,0.0045000161284984115],[0.0045000102485054207,0.0045000161284984115,0.0045000153887519573,0.0045000186837872965,0.0045000153887519573,0.0045000161284984115,0.0045000102485054207]],[[0.0045000141016122057,0.0045000210664647338,0.0045000201980142105,0.0045000241352566046,0.0045000201980142105,0.0045000210664647338,0.0045000141016122057],[0.0045000210664647338,0.0045000296471806546,0.0045000287624252164,0.0045000335789619613,0.0045000287624252164,0.0045000296471806546,0.0045000210664647338],[0.0045000201980142105,0.0045000287624252164,0.0045000312413231575,0.0045000337256814755,0.0045000312413231575,0.0045000287624252164,0.0045000201980142105],[0.0045000241352566046,0.0045000335789619613,0.0045000337256814755,0.0045000384579514906,0.0045000337256814755,0.0045000335789619613,0.0045000241352566046],[0.0045000201980142105,0.0045000287624252164,0.0045000312413231575,0.0045000337256814755,0.0045000312413231575,0.0045000287624252164,0.0045000201980142105],[0.0045000210664647338,0.0045000296471806546,0.0045000287624252164,0.0045000335789619613,0.0045000287624252164,0.0045000296471806546,0.0045000210664647338],[0.0045000141016122057,0.0045000210664647338,0.0045000201980142105,0.0045000241352566046,0.0045000201980142105,0.0045000210664647338,0.0045000141016122057]],[[0.0045000186072816943,0.0045000266618814367,0.00450002566583661,0.0045000302516338964,0.00450002566583661,0.0045000266618814367,0.0045000186072816943],[0.0045000266618814367,0.0045000363133168566,0.0045000353273059778,0.00450004077585557,0.0045000353273059778,0.0045000363133168566,0.0045000266618814367],[0.00450002566583661,0.0045000353273059778,0.0045000381222338745,0.0045000409231693963,0.0045000381222338745,0.0045000353273059778,0.00450002566583661],[0.0045000302516338964,0.00450004077585557,0.0045000409231693963,0.004500046241427128,0.0045000409231693963,0.00450004077585557,0.0045000302516338964],[0.00450002566583661,0.0045000353273059778,0.0045000381222338745,0.0045000409231693963,0.0045000381222338745,0.0045000353273059778,0.00450002566583661],[0.0045000266618814367,0.0045000363133168566,0.0045000353273059778,0.00450004077585557,0.0045000353273059778,0.0045000363133168566,0.0045000266618814367],[0.0045000186072816943,0.0045000266618814367,0.00450002566583661,0.0045000302516338964,0.00450002566583661,0.0045000266618814367,0.0045000186072816943]],[[0.004500023767533945,0.0045000329139834889,0.0045000317914715635,0.0045000370293719347,0.0045000317914715635,0.0045000329139834889,0.004500023767533945],[0.0045000329139834889,0.0045000436348148522,0.004500042548532035,0.0045000486290314948,0.004500042548532035,0.0045000436348148522,0.0045000329139834889],[0.0045000317914715635,0.004500042548532035,0.0045000456591632182,0.0045000487763481494,0.0045000456591632182,0.004500042548532035,0.0045000317914715635],[0.0045000370293719347,0.0045000486290314948,0.0045000487763481494,0.00450005467944025,0.0045000487763481494,0.0045000486290314948,0.0045000370293719347],[0.0045000317914715635,0.004500042548532035,0.0045000456591632182,0.0045000487763481494,0.0045000456591632182,0.004500042548532035,0.0045000317914715635],[0.0045000329139834889,0.0045000436348148522,0.004500042548532035,0.0045000486290314948,0.004500042548532035,0.0045000436348148522,0.0045000329139834889],[0.004500023767533945,0.0045000329139834889,0.0045000317914715635,0.0045000370293719347,0.0045000317914715635,0.0045000329139834889,0.004500023767533945]],[[0.0045000295831052924,0.0045000398219015025,0.0045000385739518787,0.004500044465750393,0.0045000385739518787,0.0045000398219015025,0.0045000295831052924],[0.0045000398219015025,0.0045000516106579137,0.0045000504248759749,0.0045000571368767166,0.0045000504248759749,0.0045000516106579137,0.0045000398219015025],[0.0045000385739518787,0.0045000504248759749,0.0045000538507958465,0.004500057283814524,0.0045000538507958465,0.0045000504248759749,0.0045000385739518787],[0.004500044465750393,0.0045000571368767166,0.004500057283814524,0.0045000637706192554,0.004500057283814524,0.0045000571368767166,0.004500044465750393],[0.0045000385739518787,0.0045000504248759749,0.0045000538507958465,0.004500057283814524,0.0045000538507958465,0.0045000504248759749,0.0045000385739518787],[0.0045000398219015025,0.0045000516106579137,0.0045000504248759749,0.0045000571368767166,0.0045000504248759749,0.0045000516106579137,0.0045000398219015025],[0.0045000295831052924,0.0045000398219015025,0.0045000385739518787,0.004500044465750393,0.0045000385739518787,0.0045000398219015025,0.0045000295831052924]],[[0.0045000360539884012,0.0045000473846933051,0.0045000460121986906,0.00450005255859412,0.0045000460121986906,0.0045000473846933051,0.0045000360539884012],[0.0045000473846933051,0.0045000602398045254,0.0045000589551346584,0.0045000662979506785,0.0045000589551346584,0.0045000602398045254,0.0045000473846933051],[0.0045000460121986906,0.0045000589551346584,0.0045000626958776194,0.0045000664442634191,0.0045000626958776194,0.0045000589551346584,0.0045000460121986906],[0.00450005255859412,0.0045000662979506785,0.0045000664442634191,0.0045000735136901436,0.0045000664442634191,0.0045000662979506785,0.00450005255859412],[0.0045000460121986906,0.0045000589551346584,0.0045000626958776194,0.0045000664442634191,0.0045000626958776194,0.0045000589551346584,0.0045000460121986906],[0.0045000473846933051,0.0045000602398045254,0.0045000589551346584,0.0045000662979506785,0.0045000589551346584,0.0045000602398045254,0.0045000473846933051],[0.0045000360539884012,0.0045000473846933051,0.0045000460121986906,0.00450005255859412,0.0045000460121986906,0.0045000473846933051,0.0045000360539884012]],[[0.0045000431797416994,0.004500055601369791,0.0045000541050844072,0.0045000613060923273,0.0045000541050844072,0.004500055601369791,0.0045000431797416994],[0.004500055601369791,0.0045000695212041829,0.0045000681381351659,0.0045000761109377152,0.0045000681381351659,0.0045000695212041829,0.004500055601369791],[0.0045000541050844072,0.0045000681381351659,0.0045000721932081222,0.0045000762564669731,0.0045000721932081222,0.0045000681381351659,0.0045000541050844072],[0.0045000613060923273,0.0045000761109377152,0.0045000762564669731,0.0045000839074555285,0.0045000762564669731,0.0045000761109377152,0.0045000613060923273],[0.0045000541050844072,0.0045000681381351659,0.0045000721932081222,0.0045000762564669731,0.0045000721932081222,0.0045000681381351659,0.0045000541050844072],[0.004500055601369791,0.0045000695212041829,0.0045000681381351659,0.0045000761109377152,0.0045000681381351659,0.0045000695212041829,0.004500055601369791],[0.0045000431797416994,0.004500055601369791,0.0045000541050844072,0.0045000613060923273,0.0045000541050844072,0.004500055601369791,0.0045000431797416994]],[[0.0045000509596692332,0.004500064470914905,0.0045000628514690515,0.0045000707066822944,0.0045000628514690515,0.004500064470914905,0.0045000509596692332],[0.004500064470914905,0.0045000794538085209,0.0045000779727372361,0.0045000865746154684,0.0045000779727372361,0.0045000794538085209,0.004500064470914905],[0.0045000628514690515,0.0045000779727372361,0.0045000823416345851,0.00450008671925994,0.0045000823416345851,0.0045000779727372361,0.0045000628514690515],[0.0045000707066822944,0.0045000865746154684,0.00450008671925994,0.004500094950779937,0.00450008671925994,0.0045000865746154684,0.0045000707066822944],[0.0045000628514690515,0.0045000779727372361,0.0045000823416345851,0.00450008671925994,0.0045000823416345851,0.0045000779727372361,0.0045000628514690515],[0.004500064470914905,0.0045000794538085209,0.0045000779727372361,0.0045000865746154684,0.0045000779727372361,0.0045000794538085209,0.004500064470914905],[0.0045000509596692332,0.004500064470914905,0.0045000628514690515,0.0045000707066822944,0.0045000628514690515,0.004500064470914905,0.0045000509596692332]],[[0.0045000593929271551,0.0045000739923007575,0.00450007225022076,0.0045000807589739263,0.00450007225022076,0.0045000739923007575,0.0045000593929271551],[0.0045000739923007575,0.0045000900365791286,0.0045000884578338257,0.0045000976878336908,0.0045000884578338257,0.0045000900365791286,0.0045000739923007575],[0.00450007225022076,0.0045000884578338257,0.0045000931400469837,0.0045000978315293512,0.0045000931400469837,0.0045000884578338257,0.00450007225022076],[0.0045000807589739263,0.0045000976878336908,0.0045000978315293512,0.0045001066425794465,0.0045000978315293512,0.0045000976878336908,0.0045000807589739263],[0.00450007225022076,0.0045000884578338257,0.0045000931400469837,0.0045000978315293512,0.0045000931400469837,0.0045000884578338257,0.00450007225022076],[0.0045000739923007575,0.0045000900365791286,0.0045000884578338257,0.0045000976878336908,0.0045000884578338257,0.0045000900365791286,0.0045000739923007575],[0.0045000593929271551,0.0045000739923007575,0.00450007225022076,0.0045000807589739263,0.00450007225022076,0.0045000739923007575,0.0045000593929271551]],[[0.0045000684785881659,0.0045000841644989307,0.0045000823002269612,0.004500091461700704,0.0045000823002269612,0.0045000841644989307,0.0045000684785881659],[0.0045000841644989307,0.0045001012684929729,0.0045000995923506837,0.0045001094494998787,0.0045000995923506837,0.0045001012684929729,0.0045000841644989307],[0.0045000823002269612,0.0045000995923506837,0.0045001045873741237,0.0045001095922070989,0.0045001045873741237,0.0045000995923506837,0.0045000823002269612],[0.004500091461700704,0.0045001094494998787,0.0045001095922070989,0.0045001189818142349,0.0045001095922070989,0.0045001094494998787,0.004500091461700704],[0.0045000823002269612,0.0045000995923506837,0.0045001045873741237,0.0045001095922070989,0.0045001045873741237,0.0045000995923506837,0.0045000823002269612],[0.0045000841644989307,0.0045001012684929729,0.0045000995923506837,0.0045001094494998787,0.0045000995923506837,0.0045001012684929729,0.0045000841644989307],[0.0045000684785881659,0.0045000841644989307,0.0045000823002269612,0.004500091461700704,0.0045000823002269612,0.0045000841644989307,0.0045000684785881659]],[[0.004500078215680956,0.0045000949864885467,0.00450009300040048,0.0045001028136872779,0.00450009300040048,0.0045000949864885467,0.004500078215680956],[0.0045000949864885467,0.0045001131485460045,0.0045001113752455614,0.0045001218585694388,0.0045001113752455614,0.0045001131485460045,0.0045000949864885467],[0.00450009300040048,0.0045001113752455614,0.0045001166825805851,0.00450012200026462,0.0045001166825805851,0.0045001113752455614,0.00450009300040048],[0.0045001028136872779,0.0045001218585694388,0.00450012200026462,0.0045001319674832473,0.00450012200026462,0.0045001218585694388,0.0045001028136872779],[0.00450009300040048,0.0045001113752455614,0.0045001166825805851,0.00450012200026462,0.0045001166825805851,0.0045001113752455614,0.00450009300040048],[0.0045000949864885467,0.0045001131485460045,0.0045001113752455614,0.0045001218585694388,0.0045001113752455614,0.0045001131485460045,0.0045000949864885467],[0.004500078215680956,0.0045000949864885467,0.00450009300040048,0.0045001028136872779,0.00450009300040048,0.0045000949864885467,0.004500078215680956]],[[0.0045000886032148888,0.0045001064572620557,0.0045001043496819765,0.00450011481382822,0.0045001043496819765,0.0045001064572620557,0.0045000886032148888],[0.0045001064572620557,0.004500125675755454,0.0045001238055069909,0.00450013491403873,0.0045001238055069909,0.004500125675755454,0.0045001064572620557],[0.0045001043496819765,0.0045001238055069909,0.004500129424664062,0.0045001350547088015,0.004500129424664062,0.0045001238055069909,0.0045001043496819765],[0.00450011481382822,0.00450013491403873,0.0045001350547088015,0.0045001455986201071,0.0045001350547088015,0.00450013491403873,0.00450011481382822],[0.0045001043496819765,0.0045001238055069909,0.004500129424664062,0.0045001350547088015,0.004500129424664062,0.0045001238055069909,0.0045001043496819765],[0.0045001064572620557,0.004500125675755454,0.0045001238055069909,0.00450013491403873,0.0045001238055069909,0.004500125675755454,0.0045001064572620557],[0.0045000886032148888,0.0045001064572620557,0.0045001043496819765,0.00450011481382822,0.0045001043496819765,0.0045001064572620557,0.0045000886032148888]],[[0.0045000996401959471,0.0045001185758291613,0.00450011634704114,0.0045001274610735652,0.00450011634704114,0.0045001185758291613,0.0045000996401959471],[0.0045001185758291613,0.00450013884916122,0.0045001368821531761,0.0045001486149401334,0.0045001368821531761,0.00450013884916122,0.0045001185758291613],[0.00450011634704114,0.0045001368821531761,0.0045001428126532975,0.004500148754578946,0.0045001428126532975,0.0045001368821531761,0.00450011634704114],[0.0045001274610735652,0.0045001486149401334,0.004500148754578946,0.004500159874290058,0.004500148754578946,0.0045001486149401334,0.0045001274610735652],[0.00450011634704114,0.0045001368821531761,0.0045001428126532975,0.004500148754578946,0.0045001428126532975,0.0045001368821531761,0.00450011634704114],[0.0045001185758291613,0.00450013884916122,0.0045001368821531761,0.0045001486149401334,0.0045001368821531761,0.00450013884916122,0.0045001185758291613],[0.0045000996401959471,0.0045001185758291613,0.00450011634704114,0.0045001274610735652,0.00450011634704114,0.0045001185758291613,0.0045000996401959471]],[[0.0045001113256366064,0.004500131341219459,0.004500128991476675,0.0045001407544191874,0.004500128991476675,0.004500131341219459,0.0045001113256366064],[0.004500131341219459,0.00450015266782662,0.0045001506042308577,0.0045001629603384817,0.0045001506042308577,0.00450015266782662,0.004500131341219459],[0.004500128991476675,0.0045001506042308577,0.004500156845606341,0.0045001630989444322,0.004500156845606341,0.0045001506042308577,0.004500128991476675],[0.0045001407544191874,0.0045001629603384817,0.0045001630989444322,0.0045001747935876253,0.0045001630989444322,0.0045001629603384817,0.0045001407544191874],[0.004500128991476675,0.0045001506042308577,0.004500156845606341,0.0045001630989444322,0.004500156845606341,0.0045001506042308577,0.004500128991476675],[0.004500131341219459,0.00450015266782662,0.0045001506042308577,0.0045001629603384817,0.0045001506042308577,0.00450015266782662,0.004500131341219459],[0.0045001113256366064,0.004500131341219459,0.004500128991476675,0.0045001407544191874,0.004500128991476675,0.004500131341219459,0.0045001113256366064]],[[0.00450012365856238,0.0045001447524840752,0.0045001422820158034,0.00450015469289992,0.0045001422820158034,0.0045001447524840752,0.00450012365856238],[0.0045001447524840752,0.0045001671308385772,0.0045001649708140906,0.0045001779493281718,0.0045001649708140906,0.0045001671308385772,0.0045001447524840752],[0.0045001422820158034,0.0045001649708140906,0.0045001715226088857,0.0045001780869026254,0.0045001715226088857,0.0045001649708140906,0.0045001422820158034],[0.00450015469289992,0.0045001779493281718,0.0045001780869026254,0.0045001903556345108,0.0045001780869026254,0.0045001779493281718,0.00450015469289992],[0.0045001422820158034,0.0045001649708140906,0.0045001715226088857,0.0045001780869026254,0.0045001715226088857,0.0045001649708140906,0.0045001422820158034],[0.0045001447524840752,0.0045001671308385772,0.0045001649708140906,0.0045001779493281718,0.0045001649708140906,0.0045001671308385772,0.0045001447524840752],[0.00450012365856238,0.0045001447524840752,0.0045001422820158034,0.00450015469289992,0.0045001422820158034,0.0045001447524840752,0.00450012365856238]],[[0.0045001366380158746,0.0045001588086965878,0.0045001562177133716,0.0045001692755848458,0.0045001562177133716,0.0045001588086965878,0.0045001366380158746],[0.0045001588086965878,0.0045001822373075253,0.004500179981003145,0.0045001935810310709,0.004500179981003145,0.0045001822373075253,0.0045001588086965878],[0.0045001562177133716,0.004500179981003145,0.0045001868427729493,0.0045001937175773018,0.0045001868427729493,0.004500179981003145,0.0045001562177133716],[0.0045001692755848458,0.0045001935810310709,0.0045001937175773018,0.004500206559577993,0.0045001937175773018,0.0045001935810310709,0.0045001692755848458],[0.0045001562177133716,0.004500179981003145,0.0045001868427729493,0.0045001937175773018,0.0045001868427729493,0.004500179981003145,0.0045001562177133716],[0.0045001588086965878,0.0045001822373075253,0.004500179981003145,0.0045001935810310709,0.004500179981003145,0.0045001822373075253,0.0045001588086965878],[0.0045001366380158746,0.0045001588086965878,0.0045001562177133716,0.0045001692755848458,0.0045001562177133716,0.0045001588086965878,0.0045001366380158746]],[[0.0045001502630593257,0.0045001735089533652,0.004500170797651022,0.0045001845015736923,0.004500170797651022,0.0045001735089533652,0.0045001502630593257],[0.0045001735089533652,0.0045001979863669578,0.0045001956339233463,0.0045002098545945651,0.0045001956339233463,0.0045001979863669578,0.0045001735089533652],[0.004500170797651022,0.0045001956339233463,0.0045002028052354747,0.0045002099901170489,0.0045002028052354747,0.0045001956339233463,0.004500170797651022],[0.0045001845015736923,0.0045002098545945651,0.0045002099901170489,0.0045002234045893111,0.0045002099901170489,0.0045002098545945651,0.0045001845015736923],[0.004500170797651022,0.0045001956339233463,0.0045002028052354747,0.0045002099901170489,0.0045002028052354747,0.0045001956339233463,0.004500170797651022],[0.0045001735089533652,0.0045001979863669578,0.0045001956339233463,0.0045002098545945651,0.0045001956339233463,0.0045001979863669578,0.0045001735089533652],[0.0045001502630593257,0.0045001735089533652,0.004500170797651022,0.0045001845015736923,0.004500170797651022,0.0045001735089533652,0.0045001502630593257]],[[0.0045001645327759892,0.0045001888523735064,0.0045001860209360513,0.0045002003699940417,0.0045001860209360513,0.0045001888523735064,0.0045001645327759892],[0.0045001888523735064,0.0045002143771727529,0.0045002119287238761,0.0045002267691898615,0.0045002119287238761,0.0045002143771727529,0.0045001888523735064],[0.0045001860209360513,0.0045002119287238761,0.00450021940915702,0.0045002269036938155,0.00450021940915702,0.0045002119287238761,0.0045001860209360513],[0.0045002003699940417,0.0045002267691898615,0.0045002269036938155,0.0045002408898621457,0.0045002269036938155,0.0045002267691898615,0.0045002003699940417],[0.0045001860209360513,0.0045002119287238761,0.00450021940915702,0.0045002269036938155,0.00450021940915702,0.0045002119287238761,0.0045001860209360513],[0.0045001888523735064,0.0045002143771727529,0.0045002119287238761,0.0045002267691898615,0.0045002119287238761,0.0045002143771727529,0.0045001888523735064],[0.0045001645327759892,0.0045001888523735064,0.0045001860209360513,0.0045002003699940417,0.0045001860209360513,0.0045001888523735064,0.0045001645327759892]],[[0.00450017944627093,0.0045002048380985591,0.0045002018867003162,0.0045002168799991651,0.0045002018867003162,0.0045002048380985591,0.00450017944627093],[0.0045002048380985591,0.0045002314089023681,0.0045002288645765633,0.0045002443240104327,0.0045002288645765633,0.0045002314089023681,0.0045002048380985591],[0.0045002018867003162,0.0045002288645765633,0.0045002366537204228,0.0045002444575014686,0.0045002366537204228,0.0045002288645765633,0.0045002018867003162],[0.0045002168799991651,0.0045002443240104327,0.0045002444575014686,0.00450025901461114,0.0045002444575014686,0.0045002443240104327,0.0045002168799991651],[0.0045002018867003162,0.0045002288645765633,0.0045002366537204228,0.0045002444575014686,0.0045002366537204228,0.0045002288645765633,0.0045002018867003162],[0.0045002048380985591,0.0045002314089023681,0.0045002288645765633,0.0045002443240104327,0.0045002288645765633,0.0045002314089023681,0.0045002048380985591],[0.00450017944627093,0.0045002048380985591,0.0045002018867003162,0.0045002168799991651,0.0045002018867003162,0.0045002048380985591,0.00450017944627093]],[[0.0045001950026710234,0.0045002214652917118,0.0045002183940990375,0.00450023403076604,0.0045002183940990375,0.0045002214652917118,0.0045001950026710234],[0.0045002214652917118,0.0045002490807536889,0.0045002464406745362,0.004500262518270382,0.0045002464406745362,0.0045002490807536889,0.0045002214652917118],[0.0045002183940990375,0.0045002464406745362,0.0045002545381293817,0.00450026265075429,0.0045002545381293817,0.0045002464406745362,0.0045002183940990375],[0.00450023403076604,0.004500262518270382,0.00450026265075429,0.0045002777780703,0.00450026265075429,0.004500262518270382,0.00450023403076604],[0.0045002183940990375,0.0045002464406745362,0.0045002545381293817,0.00450026265075429,0.0045002545381293817,0.0045002464406745362,0.0045002183940990375],[0.0045002214652917118,0.0045002490807536889,0.0045002464406745362,0.004500262518270382,0.0045002464406745362,0.0045002490807536889,0.0045002214652917118],[0.0045001950026710234,0.0045002214652917118,0.0045002183940990375,0.00450023403076604,0.0045002183940990375,0.0045002214652917118,0.0045001950026710234]],[[0.0045002112011247467,0.0045002387331369914,0.0045002355423095575,0.004500251821493495,0.0045002355423095575,0.0045002387331369914,0.0045002112011247467],[0.0045002387331369914,0.0045002673919437982,0.0045002646562307975,0.0045002813512027492,0.0045002646562307975,0.0045002673919437982,0.0045002387331369914],[0.0045002355423095575,0.0045002646562307975,0.0045002730616069166,0.0045002814826853371,0.0045002730616069166,0.0045002646562307975,0.0045002355423095575],[0.004500251821493495,0.0045002813512027492,0.0045002814826853371,0.0045002971794912494,0.0045002814826853371,0.0045002813512027492,0.004500251821493495],[0.0045002355423095575,0.0045002646562307975,0.0045002730616069166,0.0045002814826853371,0.0045002730616069166,0.0045002646562307975,0.0045002355423095575],[0.0045002387331369914,0.0045002673919437982,0.0045002646562307975,0.0045002813512027492,0.0045002646562307975,0.0045002673919437982,0.0045002387331369914],[0.0045002112011247467,0.0045002387331369914,0.0045002355423095575,0.004500251821493495,0.0045002355423095575,0.0045002387331369914,0.0045002112011247467]],[[0.0045002280408015854,0.0045002566408380816,0.0045002533305298353,0.0045002702514004246,0.0045002533305298353,0.0045002566408380816,0.0045002280408015854],[0.0045002566408380816,0.0045002863417073855,0.00450028351047651,0.0045003008220575926,0.00450028351047651,0.0045002863417073855,0.0045002566408380816],[0.0045002533305298353,0.00450028351047651,0.0045002922233935722,0.0045003009525445481,0.0045002922233935722,0.00450028351047651,0.0045002533305298353],[0.0045002702514004246,0.0045003008220575926,0.0045003009525445481,0.0045003172181411954,0.0045003009525445481,0.0045003008220575926,0.0045002702514004246],[0.0045002533305298353,0.00450028351047651,0.0045002922233935722,0.0045003009525445481,0.0045002922233935722,0.00450028351047651,0.0045002533305298353],[0.0045002566408380816,0.0045002863417073855,0.00450028351047651,0.0045003008220575926,0.00450028351047651,0.0045002863417073855,0.0045002566408380816],[0.0045002280408015854,0.0045002566408380816,0.0045002533305298353,0.0045002702514004246,0.0045002533305298353,0.0045002566408380816,0.0045002280408015854]],[[0.0045002455208909727,0.0045002751876170076,0.0045002717579769695,0.0045002893197239,0.0045002717579769695,0.0045002751876170076,0.0045002455208909727],[0.0045002751876170076,0.0045003059292949765,0.0045003030026591834,0.00450032093009989,0.0045003030026591834,0.0045003059292949765,0.0045002751876170076],[0.0045002717579769695,0.0045003030026591834,0.0045003120227454811,0.004500321059596692,0.0045003120227454811,0.0045003030026591834,0.0045002717579769695],[0.0045002893197239,0.00450032093009989,0.004500321059596692,0.0045003378933006731,0.004500321059596692,0.00450032093009989,0.0045002893197239],[0.0045002717579769695,0.0045003030026591834,0.0045003120227454811,0.004500321059596692,0.0045003120227454811,0.0045003030026591834,0.0045002717579769695],[0.0045002751876170076,0.0045003059292949765,0.0045003030026591834,0.00450032093009989,0.0045003030026591834,0.0045003059292949765,0.0045002751876170076],[0.0045002455208909727,0.0045002751876170076,0.0045002717579769695,0.0045002893197239,0.0045002717579769695,0.0045002751876170076,0.0045002455208909727]],[[0.0045002636406012778,0.0045002943727123516,0.0045002908238853416,0.0045003090257170275,0.0045002908238853416,0.0045002943727123516,0.0045002636406012778],[0.0045002943727123516,0.0045003261539706737,0.0045003231320403791,0.0045003416746069768,0.0045003231320403791,0.0045003261539706737,0.0045002943727123516],[0.0045002908238853416,0.0045003231320403791,0.0045003324589319377,0.0045003418031188021,0.0045003324589319377,0.0045003231320403791,0.0045002908238853416],[0.0045003090257170275,0.0045003416746069768,0.0045003418031188021,0.0045003592042607383,0.0045003418031188021,0.0045003416746069768,0.0045003090257170275],[0.0045002908238853416,0.0045003231320403791,0.0045003324589319377,0.0045003418031188021,0.0045003324589319377,0.0045003231320403791,0.0045002908238853416],[0.0045002943727123516,0.0045003261539706737,0.0045003231320403791,0.0045003416746069768,0.0045003231320403791,0.0045003261539706737,0.0045002943727123516],[0.0045002636406012778,0.0045002943727123516,0.0045002908238853416,0.0045003090257170275,0.0045002908238853416,0.0045002943727123516,0.0045002636406012778]],[[0.0045002823991582112,0.0045003141953773159,0.0045003105275045674,0.0045003293686465161,0.0045003105275045674,0.0045003141953773159,0.0045002823991582112],[0.0045003141953773159,0.0045003470150095145,0.0045003438978930953,0.0045003630548655568,0.0045003438978930953,0.0045003470150095145,0.0045003141953773159],[0.0045003105275045674,0.0045003438978930953,0.0045003535312325895,0.004500363182397187,0.0045003535312325895,0.0045003438978930953,0.0045003105275045674],[0.0045003293686465161,0.0045003630548655568,0.004500363182397187,0.0045003811503196434,0.004500363182397187,0.0045003630548655568,0.0045003293686465161],[0.0045003105275045674,0.0045003438978930953,0.0045003535312325895,0.004500363182397187,0.0045003535312325895,0.0045003438978930953,0.0045003105275045674],[0.0045003141953773159,0.0045003470150095145,0.0045003438978930953,0.0045003630548655568,0.0045003438978930953,0.0045003470150095145,0.0045003141953773159],[0.0045002823991582112,0.0045003141953773159,0.0045003105275045674,0.0045003293686465161,0.0045003105275045674,0.0045003141953773159,0.0045002823991582112]],[[0.0045003017958029894,0.00450033465487714,0.0045003308680969132,0.0045003503477898535,0.0045003308680969132,0.00450033465487714,0.0045003017958029894],[0.00450033465487714,0.0045003685116940875,0.0045003652994984166,0.0045003850701679131,0.0045003652994984166,0.0045003685116940875,0.00450033465487714],[0.0045003308680969132,0.0045003652994984166,0.0045003752389338667,0.0045003851967236261,0.0045003752389338667,0.0045003652994984166,0.0045003308680969132],[0.0045003503477898535,0.0045003850701679131,0.0045003851967236261,0.0045004037307785948,0.0045003851967236261,0.0045003850701679131,0.0045003503477898535],[0.0045003308680969132,0.0045003652994984166,0.0045003752389338667,0.0045003851967236261,0.0045003752389338667,0.0045003652994984166,0.0045003308680969132],[0.00450033465487714,0.0045003685116940875,0.0045003652994984166,0.0045003850701679131,0.0045003652994984166,0.0045003685116940875,0.00450033465487714],[0.0045003017958029894,0.00450033465487714,0.0045003308680969132,0.0045003503477898535,0.0045003308680969132,0.00450033465487714,0.0045003017958029894]],[[0.0045003218297899918,0.0045003557504860753,0.0045003518449343565,0.0045003719624317874,0.0045003518449343565,0.0045003557504860753,0.0045003218297899918],[0.0045003557504860753,0.0045003906433104786,0.0045003873361415649,0.0045004077198073644,0.0045003873361415649,0.0045003906433104786,0.0045003557504860753],[0.0045003518449343565,0.0045003873361415649,0.004500397581324745,0.0045004078453908438,0.004500397581324745,0.0045003873361415649,0.0045003518449343565],[0.0045003719624317874,0.0045004077198073644,0.0045004078453908438,0.0045004269449366689,0.0045004078453908438,0.0045004077198073644,0.0045003719624317874],[0.0045003518449343565,0.0045003873361415649,0.004500397581324745,0.0045004078453908438,0.004500397581324745,0.0045003873361415649,0.0045003518449343565],[0.0045003557504860753,0.0045003906433104786,0.0045003873361415649,0.0045004077198073644,0.0045003873361415649,0.0045003906433104786,0.0045003557504860753],[0.0045003218297899918,0.0045003557504860753,0.0045003518449343565,0.0045003719624317874,0.0045003518449343565,0.0045003557504860753,0.0045003218297899918]],[[0.0045003425003840468,0.0045003774814835985,0.0045003734572948316,0.0045003942118600655,0.0045003734572948316,0.0045003774814835985,0.0045003425003840468],[0.0045003774814835985,0.0045004134091430389,0.0045004100071067881,0.0045004310030724139,0.0045004100071067881,0.0045004134091430389,0.0045003774814835985],[0.0045003734572948316,0.0045004100071067881,0.0045004205576912142,0.0045004311276865706,0.0045004205576912142,0.0045004100071067881,0.0045003734572948316],[0.0045003942118600655,0.0045004310030724139,0.0045004311276865706,0.0045004507920840915,0.0045004311276865706,0.0045004310030724139,0.0045003942118600655],[0.0045003734572948316,0.0045004100071067881,0.0045004205576912142,0.0045004311276865706,0.0045004205576912142,0.0045004100071067881,0.0045003734572948316],[0.0045003774814835985,0.0045004134091430389,0.0045004100071067881,0.0045004310030724139,0.0045004100071067881,0.0045004134091430389,0.0045003774814835985],[0.0045003425003840468,0.0045003774814835985,0.0045003734572948316,0.0045003942118600655,0.0045003734572948316,0.0045003774814835985,0.0045003425003840468]],[[0.0045003638068568611,0.0045003998471495809,0.0045003957044575365,0.0045004170953600658,0.0045003957044575365,0.0045003998471495809,0.0045003638068568611],[0.0045003998471495809,0.0045004368084677832,0.0045004333116709146,0.0045004549192392837,0.0045004333116709146,0.0045004368084677832,0.0045003998471495809],[0.0045003957044575365,0.0045004333116709146,0.00450044416730933,0.00450045504288608,0.00450044416730933,0.0045004333116709146,0.0045003957044575365],[0.0045004170953600658,0.0045004549192392837,0.00450045504288608,0.0045004752714937982,0.00450045504288608,0.0045004549192392837,0.0045004170953600658],[0.0045003957044575365,0.0045004333116709146,0.00450044416730933,0.00450045504288608,0.00450044416730933,0.0045004333116709146,0.0045003957044575365],[0.0045003998471495809,0.0045004368084677832,0.0045004333116709146,0.0045004549192392837,0.0045004333116709146,0.0045004368084677832,0.0045003998471495809],[0.0045003638068568611,0.0045003998471495809,0.0045003957044575365,0.0045004170953600658,0.0045003957044575365,0.0045003998471495809,0.0045003638068568611]],[[0.00450038574848271,0.0045004228467582421,0.0045004185856970845,0.0045004406122079108,0.0045004185856970845,0.0045004228467582421,0.00450038574848271],[0.0045004228467582421,0.00450046084054394,0.004500457249095177,0.0045004794675624644,0.004500457249095177,0.00450046084054394,0.0045004228467582421],[0.0045004185856970845,0.004500457249095177,0.0045004684094363707,0.0045004795902426741,0.0045004684094363707,0.004500457249095177,0.0045004185856970845],[0.0045004406122079108,0.0045004794675624644,0.0045004795902426741,0.0045005003824106,0.0045004795902426741,0.0045004794675624644,0.0045004406122079108],[0.0045004185856970845,0.004500457249095177,0.0045004684094363707,0.0045004795902426741,0.0045004684094363707,0.004500457249095177,0.0045004185856970845],[0.0045004228467582421,0.00450046084054394,0.004500457249095177,0.0045004794675624644,0.004500457249095177,0.00450046084054394,0.0045004228467582421],[0.00450038574848271,0.0045004228467582421,0.0045004185856970845,0.0045004406122079108,0.0045004185856970845,0.0045004228467582421,0.00450038574848271]],[[0.0045004083245328494,0.004500446479570405,0.0045004421002759728,0.0045004647616617979,0.0045004421002759728,0.004500446479570405,0.0045004083245328494],[0.004500446479570405,0.0045004855046029959,0.0045004818186145561,0.0045005046472622861,0.0045004818186145561,0.0045004855046029959,0.004500446479570405],[0.0045004421002759728,0.0045004818186145561,0.0045004932832992516,0.0045005047689751672,0.0045004932832992516,0.0045004818186145561,0.0045004421002759728],[0.0045004647616617979,0.0045005046472622861,0.0045005047689751672,0.0045005261240369087,0.0045005047689751672,0.0045005046472622861,0.0045004647616617979],[0.0045004421002759728,0.0045004818186145561,0.0045004932832992516,0.0045005047689751672,0.0045004932832992