{"M_cells":[[[0,0,0,0,0],[0,0,0,0,0],[0,0,0,0,0],[0,0,0,0,0],[0,0,0,0,0]],[[4.6825914257880495E-5,0.00011596567032986341,0.00013643823105853381,0.00011596567032986341,4.6825914257880495E-5],[0.00011596567032986341,0.00024396905471517639,0.00028283492259303212,0.00024396905471517639,0.00011596567032986341],[0.00013643823105853381,0.00028283492259303212,0.00032783140935305921,0.00028283492259303212,0.00013643823105853381],[0.00011596567032986341,0.00024396905471517639,0.00028283492259303212,0.00024396905471517639,0.00011596567032986343],[4.6825914257880495E-5,0.00011596567032986341,0.00013643823105853381,0.00011596567032986343,4.6825914257880489E-5]],[[0.00027500681759632349,0.000461561457690351,0.00051937480482605689,0.000461561457690351,0.00027500681759632349],[0.000461561457690351,0.00071385922308927271,0.00079364308999775677,0.00071385922308927271,0.000461561457690351],[0.00051937480482605689,0.00079364308999775677,0.00088075040982016968,0.00079364308999775688,0.00051937480482605689],[0.000461561457690351,0.00071385922308927271,0.00079364308999775688,0.00071385922308927281,0.000461561457690351],[0.00027500681759632349,0.000461561457690351,0.00051937480482605689,0.000461561457690351,0.00027500681759632349]],[[0.00071954670303576258,0.0010262856640161557,0.001123721641443573,0.0010262856640161557,0.00071954670303576258],[0.0010262856640161557,0.0013959459358287762,0.0015151575423450994,0.0013959459358287762,0.0010262856640161557],[0.001123721641443573,0.0015151575423450994,0.0016416277448477071,0.0015151575423450994,0.001123721641443573],[0.0010262856640161557,0.0013959459358287762,0.0015151575423450994,0.0013959459358287762,0.0010262856640161557],[0.00071954670303576258,0.0010262856640161557,0.001123721641443573,0.0010262856640161557,0.00071954670303576258]],[[0.0013757598820888272,0.0017970142383998888,0.0019327124896922449,0.0017970142383998886,0.0013757598820888269],[0.0017970142383998888,0.0022766960738585551,0.0024330720588407852,0.0022766960738585551,0.0017970142383998886],[0.0019327124896922449,0.0024330720588407852,0.002596340697837362,0.0024330720588407852,0.0019327124896922449],[0.0017970142383998886,0.0022766960738585551,0.0024330720588407852,0.0022766960738585551,0.0017970142383998884],[0.0013757598820888269,0.0017970142383998886,0.0019327124896922449,0.0017970142383998884,0.0013757598820888269]],[[0.0022318508242083475,0.0027606381656299305,0.0029324243726025685,0.0027606381656299305,0.0022318508242083475],[0.0027606381656299305,0.0033432643971089281,0.0035344661990429293,0.0033432643971089281,0.0027606381656299305],[0.0029324243726025685,0.0035344661990429293,0.0037321399439100185,0.0035344661990429293,0.0029324243726025685],[0.0027606381656299305,0.0033432643971089281,0.0035344661990429293,0.0033432643971089281,0.0027606381656299305],[0.0022318508242083475,0.0027606381656299305,0.0029324243726025685,0.0027606381656299305,0.0022318508242083475]],[[0.0032752602190485665,0.0039046988246070856,0.00411030900496901,0.0039046988246070856,0.0032752602190485665],[0.0039046988246070856,0.0045836047002682286,0.004807390783739705,0.0045836047002682286,0.0039046988246070856],[0.00411030900496901,0.004807390783739705,0.0050372355761142641,0.004807390783739705,0.00411030900496901],[0.0039046988246070856,0.0045836047002682286,0.004807390783739705,0.0045836047002682295,0.0039046988246070856],[0.0032752602190485665,0.0039046988246070856,0.00411030900496901,0.0039046988246070856,0.0032752602190485665]],[[0.004493924408912808,0.005217507613311103,0.005454767468676216,0.005217507613311103,0.004493924408912808],[0.005217507613311103,0.0059864553533396812,0.0062407177430810357,0.0059864553533396812,0.005217507613311103],[0.005454767468676216,0.0062407177430810357,0.0065006477143124582,0.0062407177430810357,0.005454767468676216],[0.005217507613311103,0.0059864553533396812,0.0062407177430810357,0.0059864553533396812,0.005217507613311103],[0.004493924408912808,0.005217507613311103,0.005454767468676216,0.005217507613311103,0.004493924408912808]],[[0.0058765022328749715,0.0066881351028825241,0.0069549986615017488,0.0066881351028825241,0.0058765022328749715],[0.0066881351028825241,0.0075412954325636454,0.00782406165066911,0.0075412954325636454,0.0066881351028825241],[0.0069549986615017488,0.00782406165066911,0.0081121288207670929,0.00782406165066911,0.0069549986615017488],[0.0066881351028825241,0.0075412954325636454,0.00782406165066911,0.0075412954325636454,0.0066881351028825241],[0.0058765022328749715,0.0066881351028825241,0.0069549986615017488,0.0066881351028825241,0.0058765022328749715]],[[0.00741238406737745,0.0083063694063397163,0.00860092174926645,0.0083063694063397163,0.00741238406737745],[0.0083063694063397163,0.009238296141038646,0.0095477227199140275,0.009238296141038646,0.0083063694063397163],[0.00860092174926645,0.0095477227199140275,0.009862107438625355,0.0095477227199140275,0.00860092174926645],[0.0083063694063397163,0.009238296141038646,0.0095477227199140275,0.009238296141038646,0.008306369406339718],[0.00741238406737745,0.0083063694063397163,0.00860092174926645,0.008306369406339718,0.00741238406737745]],[[0.0090916550602790358,0.010062669370839702,0.010383120571740404,0.010062669370839702,0.0090916550602790358],[0.010062669370839702,0.01106827368286775,0.011402637996868501,0.01106827368286775,0.010062669370839702],[0.010383120571740404,0.011402637996868501,0.011741640072384714,0.011402637996868501,0.010383120571740404],[0.010062669370839702,0.01106827368286775,0.011402637996868501,0.011068273682867752,0.010062669370839704],[0.0090916550602790358,0.010062669370839702,0.010383120571740404,0.010062669370839704,0.0090916550602790375]],[[0.010905050468684133,0.011948119003604481,0.012292796274981551,0.011948119003604481,0.010905050468684133],[0.011948119003604481,0.01302264496803807,0.013380337091068766,0.01302264496803807,0.011948119003604481],[0.012292796274981551,0.013380337091068766,0.013742367551365745,0.013380337091068766,0.012292796274981551],[0.011948119003604481,0.01302264496803807,0.013380337091068766,0.01302264496803807,0.011948119003604483],[0.010905050468684133,0.011948119003604481,0.012292796274981551,0.011948119003604483,0.010905050468684134]],[[0.012843911642989989,0.013954384582592495,0.014321724402216122,0.013954384582592494,0.012843911642989989],[0.013954384582592495,0.015093386305311289,0.015472901299477732,0.015093386305311287,0.013954384582592494],[0.014321724402216122,0.015472901299477732,0.01585647473502886,0.015472901299477733,0.014321724402216122],[0.013954384582592494,0.015093386305311287,0.015472901299477733,0.015093386305311289,0.013954384582592494],[0.012843911642989989,0.013954384582592494,0.014321724402216122,0.013954384582592494,0.012843911642989989]],[[0.014900144493955178,0.016073674637046963,0.016462215278538573,0.016073674637046963,0.014900144493955176],[0.016073674637046963,0.017272994943309285,0.017672925649573554,0.017272994943309285,0.016073674637046963],[0.016462215278538573,0.017672925649573554,0.018076653090693243,0.017672925649573554,0.016462215278538573],[0.016073674637046963,0.017272994943309285,0.017672925649573554,0.017272994943309285,0.016073674637046963],[0.014900144493955176,0.016073674637046963,0.016462215278538573,0.016073674637046963,0.014900144493955176]],[[0.01706618070675758,0.018298702672674819,0.018707077217471346,0.018298702672674819,0.01706618070675758],[0.018298702672674819,0.019554453259484222,0.01997348357775626,0.019554453259484222,0.018298702672674819],[0.018707077217471346,0.01997348357775626,0.020396065864067808,0.01997348357775626,0.018707077217471346],[0.018298702672674819,0.019554453259484222,0.01997348357775626,0.019554453259484222,0.018298702672674819],[0.01706618070675758,0.018298702672674819,0.018707077217471346,0.018298702672674819,0.01706618070675758]],[[0.019334941599236256,0.020622652451201165,0.021049582272152003,0.020622652451201165,0.019334941599236256],[0.020622652451201165,0.021931195395146812,0.022368094022288686,0.021931195395146812,0.020622652451201165],[0.021049582272152003,0.022368094022288686,0.022808315625531997,0.022368094022288686,0.021049582272152003],[0.020622652451201165,0.021931195395146812,0.022368094022288686,0.021931195395146812,0.020622652451201165],[0.019334941599236256,0.020622652451201165,0.021049582272152003,0.020622652451201165,0.019334941599236256]],[[0.021699804444908089,0.023039145630456993,0.023483434317268553,0.023039145630456993,0.021699804444908089],[0.023039145630456993,0.024397076146501273,0.024850690738126621,0.024397076146501273,0.023039145630456993],[0.023483434317268553,0.024850690738126621,0.025307414002743736,0.024850690738126621,0.023483434317268553],[0.023039145630456993,0.024397076146501273,0.024850690738126621,0.024397076146501273,0.023039145630456993],[0.021699804444908089,0.023039145630456993,0.023483434317268553,0.023039145630456993,0.021699804444908089]],[[0.024154571074593054,0.025542211581680702,0.026002739275440119,0.025542211581680702,0.024154571074593054],[0.025542211581680702,0.026946341935254178,0.027415593658556638,0.026946341935254178,0.025542211581680702],[0.026002739275440119,0.027415593658556638,0.02788775342728958,0.027415593658556638,0.026002739275440119],[0.025542211581680702,0.026946341935254178,0.027415593658556638,0.026946341935254178,0.025542211581680702],[0.024154571074593054,0.025542211581680702,0.026002739275440119,0.025542211581680702,0.024154571074593054]],[[0.026693438579725549,0.028126259213473705,0.028601977318603075,0.028126259213473705,0.026693438579725549],[0.028126259213473705,0.0295736036951824,0.03005748214213701,0.0295736036951824,0.028126259213473705],[0.028601977318603075,0.03005748214213701,0.030544080736312332,0.03005748214213701,0.028601977318603075],[0.028126259213473705,0.0295736036951824,0.03005748214213701,0.0295736036951824,0.028126259213473705],[0.026693438579725549,0.028126259213473705,0.028601977318603075,0.028126259213473705,0.026693438579725549]],[[0.029310971952273928,0.030786050643911603,0.031275976887862954,0.030786050643911603,0.029310971952273928],[0.030786050643911603,0.032273811522495921,0.032771369954873335,0.032273811522495921,0.030786050643911603],[0.031275976887862954,0.032771369954873335,0.033271472481190639,0.032771369954873335,0.031275976887862954],[0.030786050643911603,0.032273811522495921,0.032771369954873335,0.032273811522495921,0.030786050643911603],[0.029310971952273928,0.030786050643911603,0.031275976887862954,0.030786050643911603,0.029310971952273928]],[[0.03200207850756661,0.0335166765731495,0.034019890386135829,0.0335166765731495,0.03200207850756661],[0.0335166765731495,0.035042230947966435,0.03555258184750712,0.035042230947966435,0.0335166765731495],[0.034019890386135829,0.03555258184750712,0.036065311805028227,0.03555258184750712,0.034019890386135829],[0.0335166765731495,0.035042230947966435,0.03555258184750712,0.035042230947966435,0.0335166765731495],[0.03200207850756661,0.0335166765731495,0.034019890386135829,0.0335166765731495,0.03200207850756661]],[[0.034761983946608475,0.036313533218446034,0.036829171407299625,0.036313533218446034,0.034761983946608475],[0.036313533218446034,0.037874420697693381,0.038396731596473624,0.037874420697693381,0.036313533218446034],[0.036829171407299625,0.038396731596473624,0.0389212667591588,0.038396731596473624,0.036829171407299625],[0.036313533218446034,0.037874420697693381,0.038396731596473624,0.037874420697693381,0.036313533218446034],[0.034761983946608475,0.036313533218446034,0.036829171407299625,0.036313533218446034,0.034761983946608475]],[[0.0375862099234886,0.039172300681910292,0.039699553373740017,0.039172300681910292,0.0375862099234886],[0.039172300681910292,0.040766211817116212,0.041299701384607049,0.040766211817116212,0.039172300681910292],[0.039699553373740017,0.041299701384607049,0.041835269936175139,0.041299701384607049,0.039699553373740017],[0.039172300681910292,0.040766211817116212,0.041299701384607049,0.040766211817116212,0.039172300681910292],[0.0375862099234886,0.039172300681910292,0.039699553373740017,0.039172300681910292,0.0375862099234886]],[[0.040470552991352229,0.042088922628509856,0.042627029461221037,0.042088922628509856,0.040470552991352229],[0.042088922628509856,0.043713688039509632,0.044257622404098335,0.043713688039509632,0.042088922628509856],[0.042627029461221037,0.044257622404098335,0.044803499303216171,0.044257622404098335,0.042627029461221037],[0.042088922628509856,0.043713688039509632,0.044257622404098335,0.043713688039509632,0.042088922628509856],[0.040470552991352229,0.042088922628509856,0.042627029461221037,0.042088922628509856,0.040470552991352229]],[[0.043411064807199432,0.045059587158039191,0.04560783369595852,0.045059587158039191,0.043411064807199432],[0.045059587158039191,0.046713167285757431,0.047266856569565641,0.046713167285757431,0.045059587158039191],[0.04560783369595852,0.047266856569565641,0.047822360124397979,0.047266856569565641,0.04560783369595852],[0.045059587158039191,0.046713167285757431,0.047266856569565641,0.046713167285757431,0.045059587158039191],[0.043411064807199432,0.045059587158039191,0.04560783369595852,0.045059587158039191,0.043411064807199432]],[[0.046404033481414829,0.048080708759836173,0.048638423113630404,0.048080708759836173,0.046404033481414829],[0.048080708759836173,0.049761184186682537,0.050323979233370696,0.049761184186682537,0.048080708759836173],[0.048638423113630404,0.050323979233370696,0.050888467865347051,0.050323979233370696,0.048638423113630404],[0.048080708759836173,0.049761184186682537,0.050323979233370696,0.049761184186682537,0.048080708759836173],[0.046404033481414829,0.048080708759836173,0.048638423113630404,0.048080708759836173,0.046404033481414829]],[[0.049445965962535372,0.051148911242950831,0.051715460873841129,0.051148911242950831,0.049445965962535372],[0.051148911242950831,0.05285447352253006,0.053425762798445291,0.05285447352253006,0.051148911242950831],[0.051715460873841129,0.053425762798445291,0.053998631975719677,0.053425762798445291,0.051715460873841129],[0.051148911242950831,0.05285447352253006,0.053425762798445291,0.05285447352253006,0.051148911242950831],[0.049445965962535372,0.051148911242950831,0.051715460873841129,0.051148911242950831,0.049445965962535372]],[[0.052533571351212283,0.054261011537353722,0.054835800226156257,0.054261011537353722,0.052533571351212283],[0.054261011537353722,0.05598995447641647,0.056569161125873617,0.05598995447641647,0.054261011537353722],[0.054835800226156257,0.056569161125873617,0.057149840447352988,0.056569161125873617,0.054835800226156257],[0.054261011537353722,0.05598995447641647,0.056569161125873617,0.05598995447641647,0.054261011537353722],[0.052533571351212283,0.054261011537353722,0.054835800226156257,0.054261011537353722,0.052533571351212283]],[[0.055663745039627066,0.057414004263366944,0.057996469225243957,0.057414004263366944,0.055663745039627066],[0.057414004263366944,0.059164715599467586,0.059751294635165736,0.059164715599467586,0.057414004263366944],[0.057996469225243957,0.059751294635165736,0.060339245046148848,0.059751294635165736,0.057996469225243957],[0.057414004263366944,0.059164715599467586,0.059751294635165736,0.059164715599467586,0.057414004263366944],[0.055663745039627066,0.057414004263366944,0.057996469225243957,0.057414004263366944,0.055663745039627066]],[[0.058833553573614875,0.060605046966760938,0.061194656092649485,0.060605046966760938,0.058833553573614875],[0.060605046966760938,0.062376000384850326,0.062969435994376391,0.062376000384850326,0.060605046966760938],[0.061194656092649485,0.062969435994376391,0.0635641471147497,0.062969435994376391,0.061194656092649485],[0.060605046966760938,0.062376000384850326,0.062969435994376391,0.062376000384850326,0.060605046966760938],[0.058833553573614875,0.060605046966760938,0.061194656092649485,0.060605046966760938,0.058833553573614875]],[[0.062040220134411364,0.063831445915801074,0.064427695121322084,0.063831445915801074,0.062040220134411364],[0.063831445915801074,0.065621193345880943,0.066220996294920079,0.065621193345880943,0.063831445915801074],[0.064427695121322084,0.066220996294920079,0.066821983840468821,0.066220996294920093,0.0644276951213221],[0.063831445915801074,0.065621193345880943,0.066220996294920093,0.065621193345880943,0.063831445915801074],[0.062040220134411364,0.063831445915801074,0.0644276951213221,0.063831445915801074,0.062040220134411364]],[[0.0652811105349433,0.067090642353618057,0.067693053015772275,0.067090642353618057,0.0652811105349433],[0.067090642353618057,0.068897806489475411,0.069503511601678031,0.068897806489475411,0.067090642353618057],[0.067693053015772275,0.069503511601678031,0.070110314878344654,0.069503511601678031,0.067693053015772275],[0.067090642353618057,0.068897806489475411,0.069503511601678031,0.068897806489475411,0.067090642353618057],[0.0652811105349433,0.067090642353618057,0.067693053015772275,0.067090642353618057,0.0652811105349433]],[[0.068553719621855871,0.07038019909443459,0.070988315555570475,0.07038019909443459,0.068553719621855871],[0.07038019909443459,0.0722034660702081,0.072814629762617836,0.0722034660702081,0.07038019909443459],[0.070988315555570475,0.072814629762617836,0.073426809212416747,0.072814629762617836,0.070988315555570475],[0.07038019909443459,0.0722034660702081,0.072814629762617836,0.0722034660702081,0.07038019909443459],[0.068553719621855871,0.07038019909443459,0.070988315555570475,0.07038019909443459,0.068553719621855871]],[[0.0718556579685722,0.073697787345022359,0.074311174462301385,0.073697787345022359,0.0718556579685722],[0.073697787345022359,0.07553589950169004,0.076152097353126807,0.07553589950169004,0.073697787345022359],[0.074311174462301385,0.076152097353126807,0.076769232128834644,0.076152097353126807,0.074311174462301385],[0.073697787345022359,0.07553589950169004,0.076152097353126807,0.07553589950169004,0.073697787345022359],[0.0718556579685722,0.073697787345022359,0.074311174462301385,0.073697787345022359,0.0718556579685722]],[[0.075184638736324014,0.077041173622923981,0.077659414339726215,0.077041173622923981,0.075184638736324014],[0.077041173622923981,0.078892922290472359,0.079513746618204026,0.078892922290472359,0.077041173622923981],[0.077659414339726215,0.079513746618204026,0.080135432161786174,0.079513746618204026,0.077659414339726215],[0.077041173622923981,0.078892922290472359,0.079513746618204026,0.078892922290472359,0.077041173622923981],[0.075184638736324014,0.077041173622923981,0.077659414339726215,0.077041173622923981,0.075184638736324014]],[[0.078538464568682562,0.080408206629602463,0.081030899543024781,0.080408206629602463,0.078538464568682562],[0.080408206629602463,0.0822724248423069,0.082897482259636474,0.0822724248423069,0.080408206629602463],[0.081030899543024781,0.082897482259636474,0.083523327856532645,0.082897482259636474,0.081030899543024781],[0.080408206629602463,0.0822724248423069,0.082897482259636474,0.0822724248423069,0.080408206629602463],[0.078538464568682562,0.080408206629602463,0.081030899543024781,0.080408206629602463,0.078538464568682562]],[[0.081915014370029321,0.0837968039195889,0.084423560815028734,0.0837968039195889,0.081915014370029321],[0.0837968039195889,0.085672358971004933,0.086301267894855663,0.085672358971004933,0.0837968039195889],[0.084423560815028734,0.086301267894855663,0.086930894172565831,0.086301267894855663,0.084423560815028734],[0.0837968039195889,0.085672358971004933,0.086301267894855663,0.085672358971004933,0.0837968039195889],[0.081915014370029321,0.0837968039195889,0.084423560815028734,0.0837968039195889,0.081915014370029321]],[[0.085312229799018632,0.087204938184244407,0.0878353815041812,0.087204938184244407,0.085312229799018632],[0.087204938184244407,0.089090723914685532,0.089723111987761575,0.089090723914685532,0.087204938184244407],[0.0878353815041812,0.089723111987761575,0.090356148322466912,0.089723111987761575,0.0878353815041812],[0.087204938184244407,0.089090723914685532,0.089723111987761575,0.089090723914685532,0.087204938184244407],[0.085312229799018632,0.087204938184244407,0.0878353815041812,0.087204938184244407,0.085312229799018632]],[[0.0887281012829404,0.090630622940588115,0.091264383149471121,0.090630622940588115,0.0887281012829404],[0.090630622940588115,0.092525551632246739,0.093161053018564421,0.092525551632246739,0.090630622940588115],[0.091264383149471121,0.093161053018564421,0.093797134807540913,0.093161053018564421,0.091264383149471121],[0.090630622940588115,0.092525551632246739,0.093161053018564421,0.092525551632246739,0.090630622940588115],[0.0887281012829404,0.090630622940588115,0.091264383149471121,0.090630622940588115,0.0887281012829404]],[[0.092160653327263545,0.094071897379537375,0.094708610180412378,0.094071897379537375,0.092160653327263545],[0.094071897379537375,0.095974891112228761,0.096613143617582692,0.095974891112228761,0.094071897379537375],[0.094708610180412378,0.096613143617582692,0.097251909367616116,0.096613143617582692,0.094708610180412378],[0.094071897379537375,0.095974891112228761,0.096613143617582692,0.095974891112228761,0.094071897379537375],[0.092160653327263545,0.094071897379537375,0.094708610180412378,0.094071897379537375,0.092160653327263545]],[[0.095607928854463592,0.097526810082831109,0.098166113433087052,0.097526810082831109,0.095607928854463592],[0.097526810082831109,0.099436791375387731,0.10007743333514138,0.099436791375387731,0.097526810082831109],[0.098166113433087052,0.10007743333514138,0.10071852150766633,0.10007743333514138,0.098166113433087052],[0.097526810082831109,0.099436791375387731,0.10007743333514138,0.099436791375387731,0.097526810082831109],[0.095607928854463592,0.097526810082831109,0.098166113433087052,0.097526810082831109,0.095607928854463592]],[[0.099067972255898237,0.100993401261027,0.10163493212456141,0.100993401261027,0.099067972255898237],[0.100993401261027,0.10290928278845435,0.10355194965362226,0.10290928278845435,0.100993401261027],[0.10163493212456141,0.10355194965362226,0.10419499519544591,0.10355194965362226,0.10163493212456141],[0.100993401261027,0.10290928278845435,0.10355194965362226,0.10290928278845435,0.100993401261027],[0.099067972255898237,0.100993401261027,0.10163493212456141,0.100993401261027,0.099067972255898237]],[[0.10253881077734914,0.10446968309423207,0.10511307385459245,0.10446968309423207,0.10253881077734914],[0.10446968309423207,0.10639035622723848,0.10703467676556791,0.10639035622723848,0.10446968309423207],[0.10511307385459245,0.10703467676556791,0.10767930723926707,0.10703467676556791,0.10511307385459245],[0.10446968309423207,0.10639035622723848,0.10703467676556791,0.10639035622723848,0.10446968309423207],[0.10253881077734914,0.10446968309423207,0.10511307385459245,0.10446968309423207,0.10253881077734914]],[[0.10601843378050316,0.107953617669347,0.1085984921126404,0.107953617669347,0.10601843378050316],[0.107953617669347,0.10987793952908179,0.11052353154020814,0.10987793952908179,0.107953617669347],[0.1085984921126404,0.11052353154020814,0.111169362750037,0.11052353154020814,0.1085984921126404],[0.107953617669347,0.10987793952908179,0.11052353154020814,0.10987793952908179,0.107953617669347],[0.10601843378050316,0.107953617669347,0.1085984921126404,0.107953617669347,0.10601843378050316]],[[0.10950476932553542,0.11144309189939867,0.11208906065635875,0.11144309189939867,0.10950476932553542],[0.11144309189939867,0.11336987055437202,0.11401633597651122,0.11336987055437202,0.11144309189939867],[0.11208906065635875,0.11401633597651122,0.11466296696330562,0.11401633597651122,0.11208906065635875],[0.11144309189939867,0.11336987055437202,0.11401633597651122,0.11336987055437202,0.11144309189939867],[0.10950476932553542,0.11144309189939867,0.11208906065635875,0.11144309189939867,0.10950476932553542]],[[0.1129956574014329,0.11493588867911832,0.11558254399202947,0.11493588867911832,0.1129956574014329],[0.11493588867911832,0.11686386603175421,0.11751078529125165,0.11686386603175421,0.11493588867911832],[0.11558254399202947,0.11751078529125165,0.11815779254285763,0.11751078529125165,0.11558254399202947],[0.11493588867911832,0.11686386603175421,0.11751078529125165,0.11686386603175421,0.11493588867911832],[0.1129956574014329,0.11493588867911832,0.11558254399202947,0.11493588867911832,0.1129956574014329]],[[0.1164888189875499,0.11842965337367489,0.11907656302562215,0.11842965337367489,0.1164888189875499],[0.11842965337367489,0.12035748519008792,0.12100441061423947,0.12035748519008792,0.11842965337367489],[0.11907656302562215,0.12100441061423947,0.12165134130619751,0.12100441061423947,0.11907656302562215],[0.11842965337367489,0.12035748519008792,0.12100441061423947,0.12035748519008792,0.11842965337367489],[0.1164888189875499,0.11842965337367489,0.11907656302562215,0.11842965337367489,0.1164888189875499]],[[0.11998181996146388,0.12192185455522123,0.12256855476617486,0.12192185455522123,0.11998181996146388],[0.12192185455522123,0.12384808698489254,0.1244945350631053,0.12384808698489254,0.12192185455522123],[0.12256855476617486,0.1244945350631053,0.12514089910817738,0.1244945350631053,0.12256855476617486],[0.12192185455522123,0.12384808698489254,0.1244945350631053,0.12384808698489254,0.12192185455522123],[0.11998181996146388,0.12192185455522123,0.12256855476617486,0.12192185455522123,0.11998181996146388]],[[0.12347202867700056,0.12540973770004721,0.12605572475774846,0.12540973770004721,0.12347202867700056],[0.12540973770004721,0.12733277951772895,0.12797822175804882,0.12733277951772895,0.12540973770004721],[0.12605572475774846,0.12797822175804882,0.12862348240463506,0.12797822175804882,0.12605572475774846],[0.12540973770004721,0.12733277951772895,0.12797822175804882,0.12733277951772895,0.12540973770004721],[0.12347202867700056,0.12540973770004721,0.12605572475774846,0.12540973770004721,0.12347202867700056]],[[0.12695656583314402,0.12889027035464826,0.12953499071086627,0.12889027035464826,0.12695656583314402],[0.12889027035464826,0.13080836004869967,0.1314522121402486,0.13080836004869967,0.12889027035464826],[0.12953499071086627,0.1314522121402486,0.13209577482356277,0.1314522121402486,0.12953499071086627],[0.12889027035464826,0.13080836004869967,0.1314522121402486,0.13080836004869967,0.12889027035464826],[0.12695656583314402,0.12889027035464826,0.12953499071086627,0.12889027035464826,0.12695656583314402]],[[0.13043224506507475,0.13236007710865016,0.13300291563957214,0.13236007710865016,0.13043224506507475],[0.13236007710865016,0.13427124386657088,0.13491285283249874,0.13427124386657088,0.13236007710865016],[0.13300291563957214,0.13491285283249874,0.13555405195838602,0.13491285283249874,0.13300291563957214],[0.13236007710865016,0.13427124386657088,0.13491285283249874,0.13427124386657088,0.13236007710865016],[0.13043224506507475,0.13236007710865016,0.13300291563957214,0.13236007710865016,0.13043224506507475]],[[0.13389550256594676,0.13581536264903368,0.136455628765035,0.13581536264903368,0.13389550256594676],[0.13581536264903368,0.13771738030620759,0.13835600933349942,0.13771738030620759,0.13581536264903368],[0.136455628765035,0.13835600933349942,0.13899409268160373,0.13835600933349942,0.136455628765035],[0.13581536264903368,0.13771738030620759,0.13835600933349942,0.13771738030620759,0.13581536264903368],[0.13389550256594676,0.13581536264903368,0.136455628765035,0.13581536264903368,0.13389550256594676]],[[0.13734231409154932,0.13925182134649097,0.1398887326641248,0.13925182134649097,0.13734231409154932],[0.13925182134649097,0.14114215456392604,0.14177696525630437,0.14114215456392604,0.13925182134649097],[0.1398887326641248,0.14177696525630437,0.14241107575995468,0.14177696525630437,0.1398887326641248],[0.13925182134649097,0.14114215456392604,0.14177696525630437,0.14114215456392604,0.13925182134649097],[0.13734231409154932,0.13925182134649097,0.1398887326641248,0.13925182134649097,0.13734231409154932]],[[0.14076809808622379,0.14266453246911023,0.14329719586739892,0.14266453246911023,0.14076809808622379],[0.14266453246911023,0.14454027495081029,0.14517030692046579,0.14454027495081029,0.14266453246911023],[0.14329719586739892,0.14517030692046579,0.14579946177023073,0.14517030692046579,0.14329719586739892],[0.14266453246911023,0.14454027495081029,0.14517030692046579,0.14454027495081029,0.14266453246911023],[0.14076809808622379,0.14266453246911023,0.14329719586739892,0.14266453246911023,0.14076809808622379]],[[0.14416760468828002,0.146047841599447,0.1466752317371017,0.146047841599447,0.14416760468828002],[0.146047841599447,0.14790564729913275,0.14852979537211577,0.14790564729913275,0.146047841599447],[0.1466752317371017,0.14852979537211577,0.14915286278391979,0.14852979537211577,0.1466752317371017],[0.146047841599447,0.14790564729913275,0.14852979537211577,0.14790564729913275,0.146047841599447],[0.14416760468828002,0.146047841599447,0.1466752317371017,0.146047841599447,0.14416760468828002]],[[0.14753479247549842,0.14939523169133978,0.15001616755751218,0.14939523169133978,0.14753479247549842],[0.14939523169133978,0.15123124204115693,0.15184823201343084,0.15123124204115693,0.14939523169133978],[0.15001616755751218,0.15184823201343084,0.15246390671969046,0.15184823201343084,0.15001616755751218],[0.14939523169133978,0.15123124204115693,0.15184823201343084,0.15123124204115693,0.14939523169133978],[0.14753479247549842,0.14939523169133978,0.15001616755751218,0.14939523169133978,0.14753479247549842]],[[0.15086269861196192,0.15269919214213259,0.15331231307364507,0.15269919214213259,0.15086269861196192],[0.15269919214213259,0.15450896577069714,0.15511733075144563,0.15450896577069714,0.15269919214213259],[0.15331231307364507,0.15511733075144563,0.15572411045301893,0.15511733075144563,0.15331231307364507],[0.15269919214213259,0.15450896577069714,0.15511733075144563,0.15450896577069714,0.15269919214213259],[0.15086269861196192,0.15269919214213259,0.15331231307364507,0.15269919214213259,0.15086269861196192]],[[0.15414331425270972,0.1559511019543231,0.15655484589929716,0.1559511019543231,0.15414331425270972],[0.1559511019543231,0.15772955844552478,0.15832761946523216,0.15772955844552478,0.1559511019543231],[0.15655484589929716,0.15832761946523216,0.15892378622088177,0.15832761946523216,0.15655484589929716],[0.1559511019543231,0.15772955844552478,0.15832761946523216,0.15772955844552478,0.1559511019543231],[0.15414331425270972,0.1559511019543231,0.15655484589929716,0.1559511019543231,0.15414331425270972]],[[0.15736748610422577,0.15914115367708015,0.1597337423528476,0.15914115367708015,0.15736748610422577],[0.15914115367708015,0.16088254944414287,0.16146840613564964,0.16088254944414287,0.15914115367708015],[0.1597337423528476,0.16146840613564964,0.16205201888397833,0.16146840613564964,0.1597337423528476],[0.15914115367708015,0.16088254944414287,0.16146840613564964,0.16088254944414287,0.15914115367708015],[0.15736748610422577,0.15914115367708015,0.1597337423528476,0.15914115367708015,0.15736748610422577]],[[0.16052487641833746,0.16225835702888586,0.16283779479470453,0.16225835702888586,0.16052487641833746],[0.16225835702888586,0.16395631796546434,0.16452785732972441,0.16395631796546434,0.16225835702888586],[0.16283779479470453,0.16452785732972441,0.16509676395237713,0.16452785732972441,0.16283779479470453],[0.16225835702888586,0.16395631796546434,0.16452785732972441,0.16395631796546434,0.16225835702888586],[0.16052487641833746,0.16225835702888586,0.16283779479470453,0.16225835702888586,0.16052487641833746]],[[0.16360402483255096,0.16529067083840437,0.16585476589278564,0.16529067083840437,0.16360402483255096],[0.16529067083840437,0.16693830987105746,0.16749324241492158,0.16693830987105746,0.16529067083840437],[0.16585476589278564,0.16749324241492158,0.16804512085424575,0.16749324241492158,0.16585476589278564],[0.16529067083840437,0.16693830987105746,0.16749324241492158,0.16693830987105746,0.16529067083840437],[0.16360402483255096,0.16529067083840437,0.16585476589278564,0.16529067083840437,0.16360402483255096]],[[0.16659256072426734,0.16822531180082062,0.16877172845639812,0.16822531180082062,0.16659256072426734],[0.16822531180082062,0.16981545499445863,0.17035138632499541,0.16981545499445863,0.16822531180082062],[0.16877172845639812,0.17035138632499541,0.17088382261794585,0.17035138632499541,0.16877172845639812],[0.16822531180082062,0.16981545499445863,0.17035138632499541,0.16981545499445863,0.16822531180082062],[0.16659256072426734,0.16822531180082062,0.16877172845639812,0.16822531180082062,0.16659256072426734]],[[0.169477606031111,0.17104926980160881,0.17157561756994175,0.17104926980160881,0.169477606031111],[0.17104926980160881,0.17257479800165385,0.17308933883501,0.17257479800165385,0.17104926980160881],[0.17157561756994175,0.17308933883501,0.17359994409660726,0.17308933883501,0.17157561756994175],[0.17104926980160881,0.17257479800165385,0.17308933883501,0.17257479800165385,0.17104926980160881],[0.169477606031111,0.17104926980160881,0.17157561756994175,0.17104926980160881,0.169477606031111]],[[0.17224637913567961,0.17375001807278662,0.17425397631661194,0.17375001807278662,0.17224637913567961],[0.17375001807278662,0.175204302650989,0.17569521112273151,0.175204302650989,0.17375001807278662],[0.17425397631661194,0.17569521112273151,0.17618176974259303,0.17569521112273151,0.17425397631661194],[0.17375001807278662,0.175204302650989,0.17569521112273151,0.175204302650989,0.17375001807278662],[0.17224637913567961,0.17375001807278662,0.17425397631661194,0.17375001807278662,0.17224637913567961]],[[0.1748869618870294,0.17631635002152107,0.1767958171822146,0.17631635002152107,0.1748869618870294],[0.17631635002152107,0.17769372948277073,0.17815906914033641,0.17769372948277073,0.17631635002152107],[0.1767958171822146,0.17815906914033641,0.17861969969720057,0.17815906914033641,0.1767958171822146],[0.17631635002152107,0.17769372948277073,0.17815906914033641,0.17769372948277073,0.17631635002152107],[0.1748869618870294,0.17631635002152107,0.1767958171822146,0.17631635002152107,0.1748869618870294]],[[0.17738913832368144,0.1787392243096759,0.17919247164409938,0.1787392243096759,0.17738913832368144],[0.1787392243096759,0.18003544724397122,0.18047373661239585,0.18003544724397122,0.1787392243096759],[0.17919247164409938,0.18047373661239585,0.18090704005004946,0.18047373661239585,0.17919247164409938],[0.1787392243096759,0.18003544724397122,0.18047373661239585,0.18003544724397122,0.1787392243096759],[0.17738913832368144,0.1787392243096759,0.17919247164409938,0.1787392243096759,0.17738913832368144]],[[0.17974517780060018,0.18101247980346763,0.18143828530799458,0.18101247980346763,0.17974517780060018],[0.18101247980346763,0.18222503999719353,0.18263536892777515,0.18222503999719353,0.18101247980346763],[0.18143828530799458,0.18263536892777515,0.18304053904581993,0.18263536892777515,0.18143828530799458],[0.18101247980346763,0.18222503999719353,0.18263536892777515,0.18222503999719353,0.18101247980346763],[0.17974517780060018,0.18101247980346763,0.18143828530799458,0.18101247980346763,0.17974517780060018]],[[0.18195043481249495,0.18313330340561693,0.183531044356513,0.18313330340561693,0.18195043481249495],[0.18313330340561693,0.18426161522048945,0.18464370985505185,0.18426161522048945,0.18313330340561693],[0.183531044356513,0.18464370985505185,0.1850205890815235,0.18464370985505185,0.183531044356513],[0.18313330340561693,0.18426161522048945,0.18464370985505185,0.18426161522048945,0.18313330340561693],[0.18195043481249495,0.18313330340561693,0.183531044356513,0.18313330340561693,0.18195043481249495]],[[0.18400367387770827,0.18510238692521336,0.18547207803368226,0.18510238692521336,0.18400367387770827],[0.18510238692521336,0.18614778318462849,0.18650201229799948,0.18614778318462849,0.18510238692521336],[0.18547207803368226,0.18650201229799948,0.18685108742782808,0.18650201229799948,0.18547207803368226],[0.18510238692521336,0.18614778318462849,0.18650201229799948,0.18614778318462849,0.18510238692521336],[0.18400367387770827,0.18510238692521336,0.18547207803368226,0.18510238692521336,0.18400367387770827]],[[0.18590708476985057,0.18692377165672697,0.1872660466745163,0.18692377165672697,0.18590708476985057],[0.18692377165672697,0.18788933917625206,0.18821666566203729,0.18788933917625206,0.18692377165672697],[0.1872660466745163,0.18821666566203729,0.18853900930283851,0.18821666566203729,0.1872660466745163],[0.18692377165672697,0.18788933917625206,0.18821666566203729,0.18788933917625206,0.18692377165672697],[0.18590708476985057,0.18692377165672697,0.1872660466745163,0.18692377165672697,0.18590708476985057]],[[0.18766601005699238,0.18860443078700392,0.18892047491552011,0.18860443078700392,0.18766601005699238],[0.18860443078700392,0.18949472169175907,0.18979661100250883,0.18949472169175907,0.18860443078700392],[0.18892047491552011,0.18979661100250883,0.19009378202491803,0.18979661100250883,0.18892047491552011],[0.18860443078700392,0.18949472169175907,0.18979661100250883,0.18949472169175907,0.18860443078700392],[0.18766601005699238,0.18860443078700392,0.18892047491552011,0.18860443078700392,0.18766601005699238]],[[0.18928844828768279,0.1901536703517141,0.19044511698284408,0.1901536703517141,0.18928844828768279],[0.1901536703517141,0.1909743381618528,0.19125263961227831,0.1909743381618528,0.1901536703517141],[0.19044511698284408,0.19125263961227831,0.1915265593070378,0.19125263961227831,0.19044511698284408],[0.1901536703517141,0.1909743381618528,0.19125263961227831,0.1909743381618528,0.1901536703517141],[0.18928844828768279,0.1901536703517141,0.19044511698284408,0.1901536703517141,0.18928844828768279]],[[0.19078441716592118,0.19158243927133009,0.19185124708814222,0.19158243927133009,0.19078441716592118],[0.19158243927133009,0.19233984920332445,0.192596666627033,0.19233984920332445,0.19158243927133009],[0.19185124708814222,0.192596666627033,0.19284948721345216,0.192596666627033,0.19185124708814222],[0.19158243927133009,0.19233984920332445,0.192596666627033,0.19233984920332445,0.19158243927133009],[0.19078441716592118,0.19158243927133009,0.19185124708814222,0.19158243927133009,0.19078441716592118]],[[0.19216526372605036,0.19290263272705468,0.1931509586490455,0.19290263272705468,0.19216526372605036],[0.19290263272705468,0.19360348879640657,0.19384105506324079,0.19360348879640657,0.19290263272705468],[0.1931509586490455,0.19384105506324079,0.19407503473029541,0.19384105506324079,0.1931509586490455],[0.19290263272705468,0.19360348879640657,0.19384105506324079,0.19360348879640657,0.19290263272705468],[0.19216526372605036,0.19290263272705468,0.1931509586490455,0.19290263272705468,0.19216526372605036]],[[0.19344299771396911,0.19412645631555867,0.19435653711653683,0.19412645631555867,0.19344299771396911],[0.19412645631555867,0.19477747659773451,0.19499804293255288,0.19477747659773451,0.19412645631555867],[0.19435653711653683,0.19499804293255288,0.19521543772440386,0.19499804293255288,0.19435653711653683],[0.19412645631555867,0.19477747659773451,0.19499804293255288,0.19477747659773451,0.19412645631555867],[0.19344299771396911,0.19412645631555867,0.19435653711653683,0.19412645631555867,0.19344299771396911]],[[0.1946297053180529,0.19526589616497278,0.19547994775682362,0.19526589616497278,0.1946297053180529],[0.19526589616497278,0.19587355466569856,0.19607930146875441,0.19587355466569856,0.19526589616497278],[0.19547994775682362,0.19607930146875441,0.19628227995049752,0.19607930146875441,0.19547994775682362],[0.19526589616497278,0.19587355466569856,0.19607930146875441,0.19587355466569856,0.19526589616497278],[0.1946297053180529,0.19526589616497278,0.19547994775682362,0.19526589616497278,0.1946297053180529]],[[0.19573707793960421,0.19633231711253551,0.19653245633780755,0.19633231711253551,0.19573707793960421],[0.19633231711253551,0.19690265848517266,0.19709563024640098,0.19690265848517266,0.19633231711253551],[0.19653245633780755,0.19709563024640098,0.19728621279215491,0.19709563024640098,0.19653245633780755],[0.19633231711253551,0.19690265848517266,0.19709563024640098,0.19690265848517266,0.19633231711253551],[0.19573707793960421,0.19633231711253551,0.19653245633780755,0.19633231711253551,0.19573707793960421]],[[0.19677606909982939,0.19733619093739391,0.19752438096905017,0.19733619093739391,0.19677606909982939],[0.19733619093739391,0.19787471453260408,0.19805677807