{"M_cells":[[[0,0,0,0,0,0,0],[0,0,0,0,0,0,0],[0,0,0,0,0,0,0],[0,0,0,0,0,0,0],[0,0,0,0,0,0,0],[0,0,0,0,0,0,0],[0,0,0,0,0,0,0]],[[9.1706669367402738E-7,2.5677257273048127E-6,2.3510575260557942E-6,3.2104537032867582E-6,2.3510575260557942E-6,2.5677257273048127E-6,9.1706669367402738E-7],[2.5677257273048127E-6,5.9141053429628909E-6,5.5453331998009754E-6,7.2869094606914182E-6,5.5453331998009754E-6,5.9141053429628909E-6,2.5677257273048127E-6],[2.3510575260557942E-6,5.5453331998009754E-6,6.4797601890632883E-6,7.4172162772883728E-6,6.4797601890632883E-6,5.5453331998009754E-6,2.3510575260557946E-6],[3.2104537032867582E-6,7.2869094606914182E-6,7.4172162772883728E-6,9.2742215598678963E-6,7.4172162772883728E-6,7.2869094606914182E-6,3.2104537032867582E-6],[2.3510575260557942E-6,5.5453331998009754E-6,6.4797601890632883E-6,7.4172162772883728E-6,6.4797601890632883E-6,5.5453331998009754E-6,2.3510575260557942E-6],[2.5677257273048127E-6,5.9141053429628909E-6,5.5453331998009754E-6,7.2869094606914182E-6,5.5453331998009754E-6,5.9141053429628909E-6,2.5677257273048127E-6],[9.1706669367402738E-7,2.5677257273048127E-6,2.3510575260557946E-6,3.2104537032867582E-6,2.3510575260557942E-6,2.5677257273048127E-6,9.1706669367402738E-7]],[[5.5915918561379089E-6,1.0268313613919958E-5,9.6686156129611219E-6,1.2226819690371793E-5,9.6686156129611219E-6,1.0268313613919956E-5,5.5915918561379089E-6],[1.0268313613919958E-5,1.6956594566113264E-5,1.6243193788230244E-5,1.9895448493080234E-5,1.6243193788230244E-5,1.6956594566113264E-5,1.0268313613919956E-5],[9.6686156129611219E-6,1.6243193788230244E-5,1.8152370130651854E-5,2.0066296428142372E-5,1.8152370130651854E-5,1.6243193788230244E-5,9.6686156129611219E-6],[1.2226819690371793E-5,1.9895448493080234E-5,2.0066296428142372E-5,2.3766559616448155E-5,2.0066296428142372E-5,1.9895448493080234E-5,1.2226819690371793E-5],[9.6686156129611219E-6,1.6243193788230244E-5,1.8152370130651854E-5,2.0066296428142372E-5,1.8152370130651854E-5,1.6243193788230244E-5,9.66861561296112E-6],[1.0268313613919956E-5,1.6956594566113264E-5,1.6243193788230244E-5,1.9895448493080234E-5,1.6243193788230244E-5,1.6956594566113264E-5,1.0268313613919956E-5],[5.5915918561379089E-6,1.0268313613919956E-5,9.6686156129611219E-6,1.2226819690371793E-5,9.66861561296112E-6,1.0268313613919956E-5,5.5915918561379089E-6]],[[1.5086959583221858E-5,2.309046809837537E-5,2.2088182060239523E-5,2.6594240102397552E-5,2.2088182060239523E-5,2.3090468098375366E-5,1.5086959583221857E-5],[2.309046809837537E-5,3.31113039077322E-5,3.2072981185133529E-5,3.7679695540827336E-5,3.2072981185133529E-5,3.31113039077322E-5,2.3090468098375366E-5],[2.2088182060239523E-5,3.2072981185133529E-5,3.4963941648184988E-5,3.7861357413080694E-5,3.4963941648184988E-5,3.2072981185133529E-5,2.208818206023952E-5],[2.6594240102397552E-5,3.7679695540827336E-5,3.7861357413080694E-5,4.3390358681081468E-5,3.7861357413080694E-5,3.7679695540827329E-5,2.6594240102397548E-5],[2.2088182060239523E-5,3.2072981185133529E-5,3.4963941648184988E-5,3.7861357413080694E-5,3.4963941648184988E-5,3.2072981185133529E-5,2.208818206023952E-5],[2.3090468098375366E-5,3.31113039077322E-5,3.2072981185133529E-5,3.7679695540827329E-5,3.2072981185133529E-5,3.31113039077322E-5,2.3090468098375366E-5],[1.5086959583221857E-5,2.3090468098375366E-5,2.208818206023952E-5,2.6594240102397548E-5,2.208818206023952E-5,2.3090468098375366E-5,1.5086959583221857E-5]],[[2.962766827075029E-5,4.1013923902801996E-5,3.9616680592306628E-5,4.6137971988947339E-5,3.9616680592306628E-5,4.1013923902802E-5,2.9627668270750297E-5],[4.1013923902801996E-5,5.4351109146868012E-5,5.2999959173268811E-5,6.0565389942990441E-5,5.2999959173268811E-5,5.4351109146868019E-5,4.1013923902802E-5],[3.9616680592306628E-5,5.2999959173268811E-5,5.6869954842670684E-5,6.074809695463236E-5,5.6869954842670684E-5,5.2999959173268811E-5,3.9616680592306621E-5],[4.6137971988947339E-5,6.0565389942990441E-5,6.074809695463236E-5,6.809168899385334E-5,6.074809695463236E-5,6.0565389942990441E-5,4.6137971988947339E-5],[3.9616680592306628E-5,5.2999959173268811E-5,5.6869954842670684E-5,6.074809695463236E-5,5.6869954842670684E-5,5.2999959173268804E-5,3.9616680592306621E-5],[4.1013923902802E-5,5.4351109146868019E-5,5.2999959173268811E-5,6.0565389942990441E-5,5.2999959173268804E-5,5.4351109146868012E-5,4.1013923902802E-5],[2.9627668270750297E-5,4.1013923902802E-5,3.9616680592306621E-5,4.6137971988947339E-5,3.9616680592306621E-5,4.1013923902802E-5,2.9627668270750297E-5]],[[4.9243728307744208E-5,6.4009943206920746E-5,6.2226694109113946E-5,7.0774173552474933E-5,6.2226694109113946E-5,6.4009943206920746E-5,4.9243728307744221E-5],[6.4009943206920746E-5,8.0643004952829386E-5,7.8986102887714847E-5,8.85018999084691E-5,7.8986102887714847E-5,8.0643004952829386E-5,6.4009943206920746E-5],[6.2226694109113946E-5,7.8986102887714847E-5,8.3829332715850368E-5,8.8682386886056736E-5,8.3829332715850368E-5,7.8986102887714847E-5,6.2226694109113946E-5],[7.0774173552474933E-5,8.85018999084691E-5,8.8682386886056736E-5,9.7826796725103421E-5,8.8682386886056736E-5,8.85018999084691E-5,7.0774173552474933E-5],[6.2226694109113946E-5,7.8986102887714847E-5,8.3829332715850368E-5,8.8682386886056736E-5,8.3829332715850368E-5,7.8986102887714847E-5,6.2226694109113946E-5],[6.4009943206920746E-5,8.0643004952829386E-5,7.8986102887714847E-5,8.85018999084691E-5,7.8986102887714847E-5,8.0643004952829386E-5,6.4009943206920746E-5],[4.9243728307744221E-5,6.4009943206920746E-5,6.2226694109113946E-5,7.0774173552474933E-5,6.2226694109113946E-5,6.4009943206920746E-5,4.9243728307744221E-5]],[[7.3917128837687539E-5,9.2045299718527792E-5,8.98825885297932E-5,0.00010044959171341302,8.98825885297932E-5,9.2045299718527792E-5,7.3917128837687552E-5],[9.2045299718527792E-5,0.00011195184212447066,0.00010999361624323677,0.00012144748105422084,0.00010999361624323677,0.00011195184212447065,9.2045299718527792E-5],[8.98825885297932E-5,0.00010999361624323677,0.00011580338896157519,0.00012162465133053001,0.00011580338896157519,0.00010999361624323677,8.98825885297932E-5],[0.00010044959171341302,0.00012144748105422084,0.00012162465133053001,0.0001325564672920483,0.00012162465133053001,0.00012144748105422084,0.00010044959171341301],[8.98825885297932E-5,0.00010999361624323677,0.00011580338896157519,0.00012162465133053001,0.00011580338896157518,0.00010999361624323677,8.98825885297932E-5],[9.2045299718527792E-5,0.00011195184212447065,0.00010999361624323677,0.00012144748105422084,0.00010999361624323677,0.00011195184212447065,9.2045299718527792E-5],[7.3917128837687552E-5,9.2045299718527792E-5,8.98825885297932E-5,0.00010044959171341301,8.98825885297932E-5,9.2045299718527792E-5,7.3917128837687552E-5]],[[0.00010361707046424984,0.00012508501103898967,0.00012254748879403309,0.00013512191865767471,0.00012254748879403309,0.00012508501103898967,0.00010361707046424984],[0.00012508501103898967,0.00014824204216484714,0.00014598563796093842,0.00015936416072267153,0.00014598563796093842,0.00014824204216484714,0.00012508501103898967],[0.00012254748879403309,0.00014598563796093842,0.00015275507673345962,0.00015953765833539254,0.00015275507673345962,0.00014598563796093842,0.00012254748879403309],[0.00013512191865767471,0.00015936416072267153,0.00015953765833539254,0.00017224381179992945,0.00015953765833539254,0.00015936416072267153,0.00013512191865767471],[0.00012254748879403309,0.00014598563796093842,0.00015275507673345962,0.00015953765833539254,0.00015275507673345962,0.00014598563796093842,0.00012254748879403309],[0.00012508501103898967,0.00014824204216484714,0.00014598563796093842,0.00015936416072267153,0.00014598563796093842,0.00014824204216484714,0.00012508501103898967],[0.00010361707046424984,0.00012508501103898967,0.00012254748879403309,0.00013512191865767471,0.00012254748879403309,0.00012508501103898967,0.00010361707046424984]],[[0.00013830928595543509,0.00016309376257274129,0.00016018500793718834,0.00017475321896454491,0.00016018500793718834,0.00016309376257274129,0.00013830928595543509],[0.00016309376257274129,0.00018947833256667104,0.00018692629004851891,0.000202215892870497,0.00018692629004851891,0.00018947833256667104,0.00016309376257274129],[0.00016018500793718834,0.00018692629004851891,0.00019464856322279716,0.00020238562063423581,0.00019464856322279716,0.00018692629004851891,0.00016018500793718834],[0.00017475321896454491,0.000202215892870497,0.00020238562063423581,0.00021685336665510009,0.00020238562063423581,0.000202215892870497,0.00017475321896454491],[0.00016018500793718834,0.00018692629004851891,0.00019464856322279716,0.00020238562063423581,0.00019464856322279716,0.00018692629004851891,0.00016018500793718834],[0.00016309376257274129,0.00018947833256667104,0.00018692629004851891,0.000202215892870497,0.00018692629004851891,0.00018947833256667104,0.00016309376257274129],[0.00013830928595543509,0.00016309376257274129,0.00016018500793718834,0.00017475321896454491,0.00016018500793718834,0.00016309376257274129,0.00013830928595543509]],[[0.00017795882391434775,0.00020603656007200545,0.00020275959849499315,0.00021930765116634108,0.00020275959849499315,0.00020603656007200545,0.00017795882391434775],[0.00020603656007200545,0.00023562603721170486,0.00023278060510031673,0.00024996785554594938,0.00023278060510031673,0.00023562603721170486,0.00020603656007200545],[0.00020275959849499315,0.00023278060510031673,0.00024144899951964889,0.00025013380811534925,0.00024144899951964889,0.00023278060510031673,0.00020275959849499315],[0.00021930765116634108,0.00024996785554594938,0.00025013380811534925,0.00026635070641068011,0.00025013380811534925,0.00024996785554594938,0.00021930765116634108],[0.00020275959849499315,0.00023278060510031673,0.00024144899951964889,0.00025013380811534925,0.00024144899951964889,0.00023278060510031673,0.00020275959849499315],[0.00020603656007200545,0.00023562603721170486,0.00023278060510031673,0.00024996785554594938,0.00023278060510031673,0.00023562603721170486,0.00020603656007200545],[0.00017795882391434775,0.00020603656007200545,0.00020275959849499315,0.00021930765116634108,0.00020275959849499315,0.00020603656007200545,0.00017795882391434775]],[[0.00022253097377937866,0.00025387899724684562,0.00025023656981368211,0.00026875063646441291,0.00025023656981368211,0.00025387899724684562,0.00022253097377937866],[0.00025387899724684562,0.00028665117242948141,0.000283514449088438,0.0003025861592532198,0.000283514449088438,0.00028665117242948141,0.00025387899724684562],[0.00025023656981368211,0.000283514449088438,0.00029312238998124081,0.00030274836378990275,0.00029312238998124081,0.000283514449088438,0.00025023656981368211],[0.00026875063646441291,0.0003025861592532198,0.00030274836378990275,0.0003207022605514943,0.00030274836378990275,0.0003025861592532198,0.00026875063646441291],[0.00025023656981368211,0.000283514449088438,0.00029312238998124081,0.00030274836378990275,0.00029312238998124081,0.000283514449088438,0.00025023656981368211],[0.00025387899724684562,0.00028665117242948141,0.000283514449088438,0.0003025861592532198,0.000283514449088438,0.00028665117242948141,0.00025387899724684562],[0.00022253097377937866,0.00025387899724684562,0.00025023656981368211,0.00026875063646441291,0.00025023656981368211,0.00025387899724684562,0.00022253097377937866]],[[0.00027199158595776133,0.00030658734600002511,0.00030258203782977173,0.00032304852896622953,0.00030258203782977173,0.00030658734600002511,0.00027199158595776133],[0.00030658734600002511,0.00034252046050674116,0.0003390944564881799,0.0003600377074357363,0.0003390944564881799,0.00034252046050674116,0.00030658734600002511],[0.00030258203782977173,0.0003390944564881799,0.00034963550890068629,0.00036019620201442875,0.00034963550890068629,0.0003390944564881799,0.00030258203782977173],[0.00032304852896622953,0.0003600377074357363,0.00036019620201442875,0.00037987521252877328,0.00036019620201442875,0.0003600377074357363,0.00032304852896622953],[0.00030258203782977173,0.0003390944564881799,0.00034963550890068629,0.00036019620201442875,0.00034963550890068629,0.0003390944564881799,0.00030258203782977173],[0.00030658734600002511,0.00034252046050674116,0.0003390944564881799,0.0003600377074357363,0.0003390944564881799,0.00034252046050674116,0.00030658734600002511],[0.00027199158595776133,0.00030658734600002511,0.00030258203782977173,0.00032304852896622953,0.00030258203782977173,0.00030658734600002511,0.00027199158595776133]],[[0.00032630717180781224,0.00036412856870555386,0.00035976286843318351,0.00038216846495835746,0.00035976286843318351,0.00036412856870555386,0.00032630717180781224],[0.00036412856870555386,0.00040320130889410274,0.00039948797511982264,0.00042229011483711841,0.00039948797511982264,0.00040320130889410274,0.00036412856870555386],[0.00035976286843318351,0.00039948797511982264,0.00041095583889479181,0.0004224449404293775,0.00041095583889479181,0.00039948797511982264,0.00035976286843318351],[0.00038216846495835746,0.00042229011483711841,0.0004224449404293775,0.00044383743233820656,0.0004224449404293775,0.00042229011483711841,0.00038216846495835746],[0.00035976286843318351,0.00039948797511982264,0.00041095583889479181,0.0004224449404293775,0.00041095583889479181,0.00039948797511982264,0.00035976286843318351],[0.00036412856870555386,0.00040320130889410274,0.00039948797511982264,0.00042229011483711841,0.00039948797511982264,0.00040320130889410274,0.00036412856870555386],[0.00032630717180781224,0.00036412856870555386,0.00035976286843318351,0.00038216846495835746,0.00035976286843318351,0.00036412856870555386,0.00032630717180781224]],[[0.00038544491773545515,0.00042647029726262058,0.00042174662485842262,0.0004460782779562132,0.00042174662485842262,0.00042647029726262058,0.00038544491773545515],[0.00042647029726262058,0.00046866177531557275,0.00046466301649423537,0.00048931164828818266,0.00046466301649423537,0.00046866177531557275,0.00042647029726262058],[0.00042174662485842262,0.00046466301649423537,0.00047705151896729713,0.00048946284574203855,0.00047705151896729713,0.00046466301649423537,0.00042174662485842262],[0.0004460782779562132,0.00048931164828818266,0.00048946284574203855,0.00051255742270976223,0.00048946284574203855,0.00048931164828818266,0.0004460782779562132],[0.00042174662485842262,0.00046466301649423537,0.00047705151896729713,0.00048946284574203855,0.00047705151896729713,0.00046466301649423537,0.00042174662485842262],[0.00042647029726262058,0.00046866177531557275,0.00046466301649423537,0.00048931164828818266,0.00046466301649423537,0.00046866177531557275,0.00042647029726262058],[0.00038544491773545515,0.00042647029726262058,0.00042174662485842262,0.0004460782779562132,0.00042174662485842262,0.00042647029726262058,0.00038544491773545515]],[[0.00044937266459172732,0.00049358079814290157,0.00048850151873191269,0.00051474643837531365,0.00048850151873191269,0.00049358079814290157,0.00044937266459172732],[0.00049358079814290157,0.00053887052687365343,0.00053458820867776648,0.00056107117599334707,0.00053458820867776648,0.00053887052687365343,0.00049358079814290157],[0.00048850151873191269,0.00053458820867776648,0.00054789129651816647,0.00056121878488096008,0.00054789129651816647,0.00053458820867776648,0.00048850151873191269],[0.00051474643837531365,0.00056107117599334707,0.00056121878488096008,0.0005860042704099943,0.00056121878488096008,0.00056107117599334707,0.00051474643837531365],[0.00048850151873191269,0.00053458820867776648,0.00054789129651816647,0.00056121878488096008,0.00054789129651816647,0.00053458820867776648,0.00048850151873191269],[0.00049358079814290157,0.00053887052687365343,0.00053458820867776648,0.00056107117599334707,0.00053458820867776648,0.00053887052687365343,0.00049358079814290157],[0.00044937266459172732,0.00049358079814290157,0.00048850151873191269,0.00051474643837531365,0.00048850151873191269,0.00049358079814290157,0.00044937266459172732]],[[0.00051805887265446372,0.00056542893123560142,0.00055999636290026127,0.00058814200215761658,0.00055999636290026127,0.00056542893123560142,0.00051805887265446372],[0.00056542893123560142,0.00061379679604534445,0.00060923274971270383,0.00063753811940317137,0.00060923274971270383,0.00061379679604534445,0.00056542893123560142],[0.00055999636290026127,0.00060923274971270383,0.00062344448033991012,0.00063768217756811818,0.00062344448033991012,0.00060923274971270383,0.00055999636290026127],[0.00058814200215761658,0.00063753811940317137,0.00063768217756811818,0.00066414759867706335,0.00063768217756811818,0.00063753811940317137,0.00058814200215761658],[0.00055999636290026127,0.00060923274971270383,0.00062344448033991012,0.00063768217756811818,0.00062344448033991012,0.00060923274971270383,0.00055999636290026127],[0.00056542893123560142,0.00061379679604534445,0.00060923274971270383,0.00063753811940317137,0.00060923274971270383,0.00061379679604534445,0.00056542893123560142],[0.00051805887265446372,0.00056542893123560142,0.00055999636290026127,0.00058814200215761658,0.00055999636290026127,0.00056542893123560142,0.00051805887265446372]],[[0.00059147258011285012,0.00064198410527217342,0.00063620052436420566,0.00066623456187089793,0.00063620052436420566,0.00064198410527217342,0.00059147258011285012],[0.00064198410527217342,0.00069341033418687814,0.00068856636012796677,0.00071868240472104715,0.00068856636012796677,0.00069341033418687814,0.00064198410527217342],[0.00063620052436420566,0.00068856636012796677,0.00070368089275254261,0.00071882294807759889,0.00070368089275254261,0.00068856636012796677,0.00063620052436420566],[0.00066623456187089793,0.00071868240472104715,0.00071882294807759889,0.00074695751851634566,0.00071882294807759889,0.00071868240472104715,0.00066623456187089793],[0.00063620052436420566,0.00068856636012796677,0.00070368089275254261,0.00071882294807759889,0.00070368089275254261,0.00068856636012796677,0.00063620052436420566],[0.00064198410527217342,0.00069341033418687814,0.00068856636012796677,0.00071868240472104715,0.00068856636012796677,0.00069341033418687814,0.00064198410527217342],[0.00059147258011285012,0.00064198410527217342,0.00063620052436420566,0.00066623456187089793,0.00063620052436420566,0.00064198410527217342,0.00059147258011285012]],[[0.00066958335779256409,0.00072321623036127383,0.00071708387588168075,0.00074899419709278394,0.00071708387588168075,0.00072321623036127383,0.00066958335779256409],[0.00072321623036127383,0.00077768136207450439,0.0007725592331928147,0.00080447441208698369,0.0007725592331928147,0.00077768136207450439,0.00072321623036127383],[0.00071708387588168075,0.0007725592331928147,0.00078857081935997846,0.00080461147449363384,0.00078857081935997846,0.0007725592331928147,0.00071708387588168075],[0.00074899419709278394,0.00080447441208698369,0.00080461147449363384,0.0008344045771049687,0.00080461147449363384,0.00080447441208698369,0.00074899419709278394],[0.00071708387588168075,0.0007725592331928147,0.00078857081935997846,0.00080461147449363384,0.00078857081935997846,0.0007725592331928147,0.00071708387588168075],[0.00072321623036127383,0.00077768136207450439,0.0007725592331928147,0.00080447441208698369,0.0007725592331928147,0.00077768136207450439,0.00072321623036127383],[0.00066958335779256409,0.00072321623036127383,0.00071708387588168075,0.00074899419709278394,0.00071708387588168075,0.00072321623036127383,0.00066958335779256409]],[[0.00075236126056768267,0.00080909566705371545,0.00080261674482161674,0.00083639142195917715,0.00080261674482161674,0.00080909566705371545,0.00075236126056768267],[0.00080909566705371545,0.00086658051635441348,0.00086118198143202878,0.00089488492064976853,0.00086118198143202878,0.00086658051635441348,0.00080909566705371545],[0.00080261674482161674,0.00086118198143202878,0.00087808495484358344,0.00089501853378090622,0.00087808495484358344,0.00086118198143202878,0.00080261674482161674],[0.00083639142195917715,0.00089488492064976853,0.00089501853378090622,0.00092645970152210638,0.00089501853378090622,0.00089488492064976853,0.00083639142195917715],[0.00080261674482161674,0.00086118198143202878,0.00087808495484358344,0.00089501853378090622,0.00087808495484358344,0.00086118198143202878,0.00080261674482161674],[0.00080909566705371545,0.00086658051635441348,0.00086118198143202878,0.00089488492064976853,0.00086118198143202878,0.00086658051635441348,0.00080909566705371545],[0.00075236126056768267,0.00080909566705371545,0.00080261674482161674,0.00083639142195917715,0.00080261674482161674,0.00080909566705371545,0.00075236126056768267]],[[0.000839776774760972,0.00089959317066162022,0.0008927698576532677,0.00092839712791206144,0.0008927698576532677,0.00089959317066162022,0.000839776774760972],[0.00089959317066162022,0.000960078790220603,0.00095440557759120476,0.00098988504749369845,0.00095440557759120476,0.000960078790220603,0.00089959317066162022],[0.0008927698576532677,0.00095440557759120476,0.000972194342888804,0.00099001524067019245,0.00097219434288880406,0.00095440557759120476,0.0008927698576532677],[0.00092839712791206144,0.00098988504749369845,0.00099001524067019245,0.0010230941356704519,0.00099001524067019266,0.00098988504749369845,0.00092839712791206144],[0.0008927698576532677,0.00095440557759120476,0.00097219434288880406,0.00099001524067019266,0.00097219434288880417,0.00095440557759120487,0.0008927698576532677],[0.00089959317066162022,0.000960078790220603,0.00095440557759120476,0.00098988504749369845,0.00095440557759120487,0.000960078790220603,0.00089959317066162022],[0.000839776774760972,0.00089959317066162022,0.0008927698576532677,0.00092839712791206144,0.0008927698576532677,0.00089959317066162022,0.000839776774760972]],[[0.00093180076009130813,0.000994679828943053,0.000987514278064571,0.0010249825193837396,0.000987514278064571,0.000994679828943053,0.00093180076009130813],[0.000994679828943053,0.0010581474660158363,0.0010522012877182997,0.0010894461778552047,0.0010522012877182997,0.0010581474660158363,0.000994679828943053],[0.000987514278064571,0.0010522012877182997,0.0010708703078011832,0.0010895729778055857,0.0010708703078011832,0.0010522012877182997,0.000987514278064571],[0.0010249825193837396,0.0010894461778552047,0.0010895729778055857,0.001124279367641584,0.0010895729778055857,0.0010894461778552047,0.0010249825193837396],[0.000987514278064571,0.0010522012877182997,0.0010708703078011832,0.0010895729778055857,0.0010708703078011832,0.0010522012877182997,0.000987514278064571],[0.000994679828943053,0.0010581474660158363,0.0010522012877182997,0.0010894461778552047,0.0010522012877182997,0.0010581474660158363,0.000994679828943053],[0.00093180076009130813,0.000994679828943053,0.000987514278064571,0.0010249825193837396,0.000987514278064571,0.000994679828943053,0.00093180076009130813]],[[0.0010284043840496867,0.0010943269905587447,0.0010868213361012494,0.0011261190395383544,0.0010868213361012494,0.0010943269905587447,0.0010284043840496867],[0.0010943269905587447,0.0011607580366438327,0.0011545405932721364,0.0011935398832492402,0.0011545405932721364,0.0011607580366438327,0.0010943269905587447],[0.0010868213361012494,0.0011545405932721364,0.0011740843745768736,0.0011936633137725229,0.0011740843745768736,0.0011545405932721364,0.0010868213361012494],[0.0011261190395383544,0.0011935398832492402,0.0011936633137725229,0.001229987043873946,0.0011936633137725229,0.0011935398832492402,0.0011261190395383544],[0.0010868213361012494,0.0011545405932721364,0.0011740843745768736,0.0011936633137725229,0.0011740843745768736,0.0011545405932721364,0.0010868213361012494],[0.0010943269905587447,0.0011607580366438327,0.0011545405932721364,0.0011935398832492402,0.0011545405932721364,0.0011607580366438327,0.0010943269905587447],[0.0010284043840496867,0.0010943269905587447,0.0010868213361012494,0.0011261190395383544,0.0010868213361012494,0.0010943269905587447,0.0010284043840496867]],[[0.0011295590457889907,0.0011985061807836411,0.0011906625448531239,0.0012317782822534808,0.0011906625448531239,0.0011985061807836411,0.0011295590457889907],[0.0011985061807836411,0.0012678821115773816,0.0012613950981011284,0.0013021378229549922,0.0012613950981011284,0.0012678821115773816,0.0011985061807836411],[0.0011906625448531239,0.0012613950981011284,0.0012818081730706175,0.0013022579044488268,0.0012818081730706175,0.0012613950981011284,0.0011906625448531239],[0.0012317782822534808,0.0013021378229549922,0.0013022579044488268,0.0013401888651673555,0.0013022579044488268,0.0013021378229549922,0.0012317782822534808],[0.0011906625448531239,0.0012613950981011284,0.0012818081730706175,0.0013022579044488268,0.0012818081730706175,0.0012613950981011284,0.0011906625448531239],[0.0011985061807836411,0.0012678821115773816,0.0012613950981011284,0.0013021378229549922,0.0012613950981011284,0.0012678821115773816,0.0011985061807836411],[0.0011295590457889907,0.0011985061807836411,0.0011906625448531239,0.0012317782822534808,0.0011906625448531239,0.0011985061807836411,0.0011295590457889907]],[[0.0012352362855600704,0.0013071889996913539,0.001299009499990724,0.0013419318851762899,0.001299009499990724,0.0013071889996913539,0.0012352362855600704],[0.0013071889996913539,0.0013794913017096998,0.0013727364146318031,0.0014152116226525556,0.0013727364146318031,0.0013794913017096998,0.0013071889996913539],[0.001299009499990724,0.0013727364146318031,0.0013940133203206215,0.0014153283714574358,0.0013940133203206215,0.0013727364146318031,0.001299009499990724],[0.0013419318851762899,0.0014152116226525556,0.0014153283714574358,0.0014548564578012952,0.0014153283714574358,0.0014152116226525556,0.0013419318851762899],[0.001299009499990724,0.0013727364146318031,0.0013940133203206215,0.0014153283714574358,0.0013940133203206215,0.0013727364146318031,0.001299009499990724],[0.0013071889996913539,0.0013794913017096998,0.0013727364146318031,0.0014152116226525556,0.0013727364146318031,0.0013794913017096998,0.0013071889996913539],[0.0012352362855600704,0.0013071889996913539,0.001299009499990724,0.0013419318851762899,0.001299009499990724,0.0013071889996913539,0.0012352362855600704]],[[0.0013454076742775085,0.0014203469962530317,0.0014118337557278223,0.0014565513967754106,0.0014118337557278223,0.0014203469962530317,0.0013454076742775085],[0.0014203469962530317,0.0014955570751235703,0.001488536021477981,0.0015327327216494034,0.001488536021477981,0.0014955570751235703,0.0014203469962530317],[0.0014118337557278223,0.001488536021477981,0.0015106712728457526,0.00153284614913992,0.0015106712728457526,0.001488536021477981,0.0014118337557278223],[0.0014565513967754106,0.0015327327216494034,0.00153284614913992,0.0015739612104244893,0.00153284614913992,0.0015327327216494034,0.0014565513967754106],[0.0014118337557278223,0.001488536021477981,0.0015106712728457526,0.00153284614913992,0.0015106712728457526,0.001488536021477981,0.0014118337557278223],[0.0014203469962530317,0.0014955570751235703,0.001488536021477981,0.0015327327216494034,0.001488536021477981,0.0014955570751235703,0.0014203469962530317],[0.0013454076742775085,0.0014203469962530317,0.0014118337557278223,0.0014565513967754106,0.0014118337557278223,0.0014203469962530317,0.0013454076742775085]],[[0.0014600446757545556,0.0015379515092798616,0.0015291066683307585,0.0015756081075840602,0.0015291066683307585,0.0015379515092798616,0.0014600446757545556],[0.0015379515092798616,0.0016160505727599176,0.0016087650816475373,0.0016546721767750007,0.0016087650816475373,0.0016160505727599176,0.0015379515092798616],[0.0015291066683307585,0.0016087650816475373,0.0016317531375288118,0.0016547822881001067,0.0016317531375288118,0.0016087650816475373,0.0015291066683307585],[0.0015756081075840602,0.0016546721767750007,0.0016547822881001067,0.0016974740636937948,0.0016547822881001067,0.0016546721767750007,0.0015756081075840602],[0.0015291066683307585,0.0016087650816475373,0.0016317531375288118,0.0016547822881001067,0.0016317531375288118,0.0016087650816475373,0.0015291066683307585],[0.0015379515092798616,0.0016160505727599176,0.0016087650816475373,0.0016546721767750007,0.0016087650816475373,0.0016160505727599176,0.0015379515092798616],[0.0014600446757545556,0.0015379515092798616,0.0015291066683307585,0.0015756081075840602,0.0015291066683307585,0.0015379515092798616,0.0014600446757545556]],[[0.001579118471242512,0.0016599734625369054,0.0016507991947822252,0.0016990728319182242,0.0016507991947822252,0.0016599734625369054,0.001579118471242512],[0.0016599734625369054,0.0017409423685156608,0.0017333942061595452,0.0017810004061786606,0.0017333942061595452,0.0017409423685156608,0.0016599734625369054],[0.0016507991947822252,0.0017333942061595452,0.0017572294250894256,0.0017811071985102366,0.0017572294250894256,0.0017333942061595452,0.0016507991947822252],[0.0016990728319182242,0.0017810004061786606,0.0017811071985102366,0.0018253652343145931,0.0017811071985102366,0.0017810004061786606,0.0016990728319182242],[0.0016507991947822252,0.0017333942061595452,0.0017572294250894256,0.0017811071985102366,0.0017572294250894256,0.0017333942061595452,0.0016507991947822252],[0.0016599734625369054,0.0017409423685156608,0.0017333942061595452,0.0017810004061786606,0.0017333942061595452,0.0017409423685156608,0.0016599734625369054],[0.001579118471242512,0.0016599734625369054,0.0016507991947822252,0.0016990728319182242,0.0016507991947822252,0.0016599734625369054,0.001579118471242512]],[[0.0017025997317343181,0.0017863830961617646,0.0017768816291354706,0.0018269156206985179,0.0017768816291354706,0.0017863830961617646,0.0017025997317343181],[0.0017863830961617646,0.0018702021518450934,0.0018623931415565243,0.001911686849229256,0.0018623931415565245,0.0018702021518450934,0.0017863830961617646],[0.0017768816291354706,0.0018623931415565243,0.001887069723457933,0.0019117903093150345,0.0018870697234579332,0.0018623931415565245,0.0017768816291354706],[0.0018269156206985179,0.001911686849229256,0.0019117903093150345,0.0019576038473834217,0.0019117903093150348,0.0019116868492292563,0.0018269156206985179],[0.0017768816291354706,0.0018623931415565245,0.0018870697234579332,0.0019117903093150348,0.0018870697234579332,0.0018623931415565245,0.0017768816291354706],[0.0017863830961617646,0.0018702021518450934,0.0018623931415565245,0.0019116868492292563,0.0018623931415565245,0.0018702021518450934,0.0017863830961617646],[0.0017025997317343181,0.0017863830961617646,0.0017768816291354706,0.0018269156206985179,0.0017768816291354706,0.0017863830961617646,0.0017025997317343181]],[[0.0018304583174369878,0.0019171496089435182,0.0019073232517033832,0.0019591053777437075,0.0019073232517033832,0.0019171496089435182,0.0018304583174369878],[0.0019171496089435182,0.0020037983014778017,0.0019957303505273786,0.0020466995083886007,0.0019957303505273791,0.0020037983014778017,0.0019171496089435182],[0.0019073232517033832,0.0019957303505273786,0.0020212422585487136,0.0020467996091110274,0.0020212422585487136,0.0019957303505273791,0.0019073232517033832],[0.0019591053777437075,0.0020466995083886007,0.0020467996091110274,0.002094157439538097,0.0020467996091110274,0.0020466995083886007,0.0019591053777437075],[0.0019073232517033832,0.0019957303505273791,0.0020212422585487136,0.0020467996091110274,0.0020212422585487136,0.0019957303505273791,0.0019073232517033832],[0.0019171496089435182,0.0020037983014778017,0.0019957303505273791,0.0020466995083886007,0.0019957303505273791,0.0020037983014778021,0.0019171496089435184],[0.0018304583174369878,0.0019171496089435182,0.0019073232517033832,0.0019591053777437075,0.0019073232517033832,0.0019171496089435184,0.0018304583174369878]],[[0.0019626628749508392,0.0020522406748733056,0.0020420918553608219,0.0020956093397339736,0.0020420918553608219,0.0020522406748733056,0.0019626628749508392],[0.0020522406748733056,0.0021416973048852968,0.0021333724411644228,0.0021860043236461612,0.0021333724411644228,0.0021416973048852968,0.0020522406748733056],[0.0020420918553608219,0.0021333724411644228,0.0021597132954204552,0.0021861010191468609,0.0021597132954204552,0.0021333724411644228,0.0020420918553608219],[0.0020956093397339736,0.0021860043236461612,0.0021861010191468609,0.0022349912785263834,0.0021861010191468609,0.0021860043236461616,0.0020956093397339736],[0.0020420918553608219,0.0021333724411644228,0.0021597132954204552,0.0021861010191468609,0.0021597132954204552,0.0021333724411644233,0.0020420918553608223],[0.0020522406748733056,0.0021416973048852968,0.0021333724411644228,0.0021860043236461616,0.0021333724411644233,0.0021416973048852973,0.002052240674873306],[0.0019626628749508392,0.0020522406748733056,0.0020420918553608219,0.0020956093397339736,0.0020420918553608223,0.002052240674873306,0.0019626628749508396]],[[0.0020991802895986072,0.002191621780836667,0.0021811530971169862,0.002236392361957695,0.0021811530971169862,0.002191621780836667,0.0020991802895986072],[0.002191621780836667,0.00228386295728912,0.002275283379976646,0.0023295643072920326,0.002275283379976646,0.00228386295728912,0.002191621780836667],[0.0021811530971169862,0.002275283379976646,0.0023024463111696244,0.0023296575260062179,0.0023024463111696249,0.002275283379976646,0.0021811530971169862],[0.002236392361957695,0.0023295643072920326,0.0023296575260062179,0.0023800674195523334,0.0023296575260062184,0.0023295643072920326,0.002236392361957695],[0.0021811530971169862,0.002275283379976646,0.0023024463111696249,0.0023296575260062184,0.0023024463111696249,0.002275283379976646,0.0021811530971169867],[0.002191621780836667,0.00228386295728912,0.002275283379976646,0.0023295643072920326,0.002275283379976646,0.0022838629572891206,0.0021916217808366674],[0.0020991802895986072,0.002191621780836667,0.0021811530971169862,0.002236392361957695,0.0021811530971169867,0.0021916217808366674,0.0020991802895986077]],[[0.0022399749308425112,0.0023352553075918032,0.0023244695990273438,0.002381415924884756,0.0023244695990273438,0.0023352553075918032,0.0022399749308425112],[0.0023352553075918032,0.0024302552427484421,0.002421423393192494,0.0024773383325557259,0.002421423393192494,0.0024302552427484421,0.0023352553075918032],[0.0023244695990273438,0.002421423393192494,0.0024494008384308742,0.0024774279671743405,0.0024494008384308742,0.0024214233931924944,0.0023244695990273438],[0.002381415924884756,0.0024773383325557259,0.0024774279671743405,0.0025293433808018522,0.002477427967174341,0.0024773383325557264,0.002381415924884756],[0.0023244695990273438,0.002421423393192494,0.0024494008384308742,0.002477427967174341,0.0024494008384308742,0.0024214233931924944,0.0023244695990273442],[0.0023352553075918032,0.0024302552427484421,0.0024214233931924944,0.0024773383325557264,0.0024214233931924944,0.0024302552427484425,0.0023352553075918036],[0.0022399749308425112,0.0023352553075918032,0.0023244695990273438,0.002381415924884756,0.0023244695990273442,0.0023352553075918036,0.0022399749308425121]],[[0.0023850075995023759,0.0024830992390275151,0.0024719996863331885,0.002530636735909436,0.0024719996863331885,0.0024830992390275151,0.0023850075995023759],[0.0024830992390275151,0.0025808287528382942,0.0025717474148662617,0.0026292794180804262,0.0025717474148662617,0.0025808287528382942,0.0024830992390275151],[0.0024719996863331885,0.0025717474148662617,0.0026005308294889222,0.0026293653109633048,0.0026005308294889222,0.0025717474148662617,0.0024719996863331885],[0.002530636735909436,0.0026292794180804262,0.0026293653109633048,0.0026827702633818677,0.0026293653109633048,0.0026292794180804262,0.0025306367359094364],[0.0024719996863331885,0.0025717474148662617,0.0026005308294889222,0.0026293653109633048,0.0026005308294889222,0.0025717474148662621,0.002471999686333189],[0.0024830992390275151,0.0025808287528382942,0.0025717474148662617,0.0026292794180804262,0.0025717474148662621,0.0025808287528382942,0.0024830992390275156],[0.0023850075995023759,0.0024830992390275151,0.0024719996863331885,0.0025306367359094364,0.002471999686333189,0.0024830992390275156,0.0023850075995023763]],[[0.0025342340415828008,0.002635105328901953,0.0026236955963691794,0.0026840047394708876,0.0026236955963691794,0.002635105328901953,0.0025342340415828008],[0.002635105328901953,0.0027355304279357423,0.0027262028713027913,0.0027853322729470128,0.0027262028713027913,0.0027355304279357423,0.002635105328901953],[0.0026236955963691794,0.0027262028713027913,0.0027557823177625372,0.0027854141947730297,0.0027557823177625372,0.0027262028713027913,0.0026236955963691794],[0.0026840047394708876,0.0027853322729470128,0.0027854141947730297,0.0028402900553123542,0.0027854141947730297,0.0027853322729470128,0.0026840047394708876],[0.0026236955963691794,0.0027262028713027913,0.0027557823177625372,0.0027854141947730297,0.0027557823177625372,0.0027262028713027917,0.0026236955963691794],[0.002635105328901953,0.0027355304279357423,0.0027262028713027913,0.0027853322729470128,0.0027262028713027917,0.0027355304279357427,0.0026351053289019534],[0.0025342340415828008,0.002635105328901953,0.0026236955963691794,0.0026840047394708876,0.0026236955963691794,0.0026351053289019534,0.0025342340415828017]],[[0.0026876028278480331,0.0027912164712193322,0.0027795009108628026,0.0028414602578881215,0.0027795009108628026,0.0027912164712193322,0.0026876028278480331],[0.0027912164712193322,0.002894296302089051,0.002884726489404891,0.0029454297532053668,0.002884726489404891,0.002894296302089051,0.0027912164712193322],[0.0027795009108628026,0.002884726489404891,0.0029150900454343442,0.0029455073715880247,0.0029150900454343442,0.002884726489404891,0.0027795009108628026],[0.0028414602578881215,0.0029454297532053668,0.0029455073715880247,0.0030018317335694976,0.0029455073715880247,0.0029454297532053668,0.0028414602578881215],[0.0027795009108628026,0.002884726489404891,0.0029150900454343442,0.0029455073715880247,0.0029150900454343442,0.002884726489404891,0.0027795009108628026],[0.0027912164712193322,0.002894296302089051,0.002884726489404891,0.0029454297532053668,0.002884726489404891,0.002894296302089051,0.0027912164712193322],[0.0026876028278480331,0.0027912164712193322,0.0027795009108628026,0.0028414602578881215,0.0027795009108628026,0.0027912164712193322,0.0026876028278480335]],[[0.0028450523017621685,0.0029513629001010414,0.0029393468468119003,0.0030029298541149061,0.0029393468468119003,0.0029513629001010414,0.0028450523017621685],[0.0029513629001010414,0.0030570467848627094,0.0030472396716928734,0.0031094877204741939,0.0030472396716928734,0.0030570467848627094,0.0029513629001010414],[0.0029393468468119003,0.0030472396716928734,0.0030783725732164515,0.0031095605538815361,0.0030783725732164515,0.0030472396716928734,0.0029393468468119003],[0.0030029298541149061,0.0031094877204741939,0.0031095605538815361,0.0031673056024466395,0.0031095605538815361,0.0031094877204741939,0.0030029298541149061],[0.0029393468468119003,0.0030472396716928734,0.0030783725732164515,0.0031095605538815361,0.0030783725732164515,0.0030472396716928734,0.0029393468468119003],[0.0029513629001010414,0.0030570467848627094,0.0030472396716928734,0.0031094877204741939,0.0030472396716928734,0.0030570467848627094,0.0029513629001010414],[0.0028450523017621685,0.0029513629001010414,0.0029393468468119003,0.0030029298541149061,0.0029393468468119003,0.0029513629001010414,0.0028450523017621689]],[[0.0030065061624710509,0.0031154566812587638,0.0031031468806923149,0.0031683203308732937,0.0031031468806923149,0.0031154566812587638,0.0030065061624710509],[0.0031154566812587638,0.003223679822494956,0.0032136417923173625,0.0032773975886614703,0.0032136417923173625,0.003223679822494956,0.0031154566812587638],[0.0031031468806923149,0.0032136417923173625,0.0032455251917527881,0.0032774649395377106,0.0032455251917527881,0.0032136417923173625,0.0031031468806923149],[0.0031683203308732937,0.0032773975886614703,0.0032774649395377106,0.0033365950869698353,0.0032774649395377106,0.0032773975886614703,0.0031683203308732937],[0.0031031468806923149,0.0032136417923173625,0.0032455251917527881,0.0032774649395377106,0.0032455251917527881,0.0032136417923173625,0.0031031468806923149],[0.0031154566812587638,0.003223679822494956,0.0032136417923173625,0.0032773975886614703,0.0032136417923173625,0.003223679822494956,0.0031154566812587638],[0.0030065061624710509,0.0031154566812587638,0.0031031468806923149,0.0031683203308732937,0.0031031468806923149,0.0031154566812587638,0.0030065061624710509]],[[0.0031718670759609785,0.0032833837651488314,0.0032707889906981591,0.003337510078769