{"M_cells":[[[0.0045,0.0045,0.0045,0.0045,0.0045,0.0045,0.0045],[0.0045,0.0045,0.0045,0.0045,0.0045,0.0045,0.0045],[0.0045,0.0045,0.0045,0.0045,0.0045,0.0045,0.0045],[0.0045,0.0045,0.0045,0.0045,0.0045,0.0045,0.0045],[0.0045,0.0045,0.0045,0.0045,0.0045,0.0045,0.0045],[0.0045,0.0045,0.0045,0.0045,0.0045,0.0045,0.0045],[0.0045,0.0045,0.0045,0.0045,0.0045,0.0045,0.0045]],[[0.0045005523559072278,0.004503165452731832,0.0045028169799405425,0.0045041189365004593,0.0045028169799405425,0.004503165452731832,0.0045005523559072278],[0.004503165452731832,0.0045133042047212262,0.0045121666588505173,0.0045171742523689917,0.0045121666588505173,0.0045133042047212262,0.004503165452731832],[0.0045028169799405425,0.0045121666588505173,0.0045149254029117764,0.00451769868122201,0.0045149254029117764,0.0045121666588505173,0.0045028169799405425],[0.0045041189365004593,0.0045171742523689917,0.00451769868122201,0.0045233328156849056,0.00451769868122201,0.0045171742523689917,0.0045041189365004593],[0.0045028169799405425,0.0045121666588505173,0.0045149254029117764,0.00451769868122201,0.0045149254029117764,0.0045121666588505173,0.0045028169799405425],[0.004503165452731832,0.0045133042047212262,0.0045121666588505173,0.0045171742523689917,0.0045121666588505173,0.0045133042047212262,0.004503165452731832],[0.0045005523559072278,0.004503165452731832,0.0045028169799405425,0.0045041189365004593,0.0045028169799405425,0.004503165452731832,0.0045005523559072278]],[[0.0045037711353772044,0.0045122289451221291,0.0045111143735753756,0.0045154646690627456,0.0045111143735753756,0.0045122289451221291,0.0045037711353772044],[0.0045122289451221291,0.0045314508328804879,0.0045293216989416418,0.0045392046197526969,0.0045293216989416418,0.0045314508328804879,0.0045122289451221291],[0.0045111143735753756,0.0045293216989416418,0.0045346590848145971,0.004540014757037413,0.0045346590848145971,0.0045293216989416418,0.0045111143735753756],[0.0045154646690627456,0.0045392046197526969,0.004540014757037413,0.004550686606770573,0.004540014757037413,0.0045392046197526969,0.0045154646690627456],[0.0045111143735753756,0.0045293216989416418,0.0045346590848145971,0.004540014757037413,0.0045346590848145971,0.0045293216989416418,0.0045111143735753756],[0.0045122289451221291,0.0045314508328804879,0.0045293216989416418,0.0045392046197526969,0.0045293216989416418,0.0045314508328804879,0.0045122289451221291],[0.0045037711353772044,0.0045122289451221291,0.0045111143735753756,0.0045154646690627456,0.0045111143735753756,0.0045122289451221291,0.0045037711353772044]],[[0.0045109584089159842,0.0045265741001996145,0.0045245353863177526,0.0045327851242868639,0.0045245353863177526,0.0045265741001996145,0.0045109584089159842],[0.0045265741001996145,0.0045539419993319034,0.0045509518541696414,0.0045654460344657826,0.0045509518541696414,0.0045539419993319034,0.0045265741001996145],[0.0045245353863177526,0.0045509518541696414,0.0045586577564737142,0.0045663853099957626,0.0045586577564737142,0.0045509518541696414,0.0045245353863177526],[0.0045327851242868639,0.0045654460344657826,0.0045663853099957626,0.0045815610031920435,0.0045663853099957626,0.0045654460344657826,0.0045327851242868639],[0.0045245353863177526,0.0045509518541696414,0.0045586577564737142,0.0045663853099957626,0.0045586577564737142,0.0045509518541696414,0.0045245353863177526],[0.0045265741001996145,0.0045539419993319034,0.0045509518541696414,0.0045654460344657826,0.0045509518541696414,0.0045539419993319034,0.0045265741001996145],[0.0045109584089159842,0.0045265741001996145,0.0045245353863177526,0.0045327851242868639,0.0045245353863177526,0.0045265741001996145,0.0045109584089159842]],[[0.004522570277223574,0.0045456616546751816,0.00454267705712876,0.0045551486757488989,0.00454267705712876,0.0045456616546751816,0.004522570277223574],[0.0045456616546751816,0.0045803538198224986,0.0045766193068898769,0.0045954034428037369,0.0045766193068898769,0.0045803538198224986,0.0045456616546751816],[0.00454267705712876,0.0045766193068898769,0.0045864867355950925,0.0045963788421715486,0.0045864867355950925,0.0045766193068898769,0.00454267705712876],[0.0045551486757488989,0.0045954034428037369,0.0045963788421715486,0.004615589158648359,0.0045963788421715486,0.0045954034428037369,0.0045551486757488989],[0.00454267705712876,0.0045766193068898769,0.0045864867355950925,0.0045963788421715486,0.0045864867355950925,0.0045766193068898769,0.00454267705712876],[0.0045456616546751816,0.0045803538198224986,0.0045766193068898769,0.0045954034428037369,0.0045766193068898769,0.0045803538198224986,0.0045456616546751816],[0.004522570277223574,0.0045456616546751816,0.00454267705712876,0.0045551486757488989,0.00454267705712876,0.0045456616546751816,0.004522570277223574]],[[0.00453863040030694,0.0045690180245732985,0.0045651324066400363,0.0045818444631200873,0.0045651324066400363,0.0045690180245732985,0.00453863040030694],[0.0045690180245732985,0.0046103118844413342,0.0046059332324319717,0.0046286695423219783,0.0046059332324319717,0.0046103118844413342,0.0045690180245732985],[0.0045651324066400363,0.0046059332324319717,0.0046177666742182833,0.0046296275255590493,0.0046177666742182833,0.0046059332324319717,0.0045651324066400363],[0.0045818444631200873,0.0046286695423219783,0.0046296275255590493,0.0046524610378065236,0.0046296275255590493,0.0046286695423219783,0.0045818444631200873],[0.0045651324066400363,0.0046059332324319717,0.0046177666742182833,0.0046296275255590493,0.0046177666742182833,0.0046059332324319717,0.0045651324066400363],[0.0045690180245732985,0.0046103118844413342,0.0046059332324319717,0.0046286695423219783,0.0046059332324319717,0.0046103118844413342,0.0045690180245732985],[0.00453863040030694,0.0045690180245732985,0.0045651324066400363,0.0045818444631200873,0.0045651324066400363,0.0045690180245732985,0.00453863040030694]],[[0.0045589524916889966,0.0045962265336749889,0.0045915129258068572,0.0046123170261272908,0.0045915129258068572,0.0045962265336749889,0.0045589524916889966],[0.0045962265336749889,0.0046434859442683928,0.0046385474057664211,0.0046649047415839627,0.0046385474057664211,0.0046434859442683928,0.0045962265336749889],[0.0045915129258068572,0.0046385474057664211,0.00465216682488823,0.004665816128110979,0.00465216682488823,0.0046385474057664211,0.0045915129258068572],[0.0046123170261272908,0.0046649047415839627,0.004665816128110979,0.0046919126103779395,0.004665816128110979,0.0046649047415839627,0.0046123170261272908],[0.0045915129258068572,0.0046385474057664211,0.00465216682488823,0.004665816128110979,0.00465216682488823,0.0046385474057664211,0.0045915129258068572],[0.0045962265336749889,0.0046434859442683928,0.0046385474057664211,0.0046649047415839627,0.0046385474057664211,0.0046434859442683928,0.0045962265336749889],[0.0045589524916889966,0.0045962265336749889,0.0045915129258068572,0.0046123170261272908,0.0045915129258068572,0.0045962265336749889,0.0045589524916889966]],[[0.0045832589099271837,0.0046269203134697194,0.0046214594929257216,0.00464612288036566,0.0046214594929257216,0.0046269203134697194,0.0045832589099271837],[0.0046269203134697194,0.0046795850177825367,0.00467415657133877,0.00470382276947565,0.00467415657133877,0.0046795850177825367,0.0046269203134697194],[0.0046214594929257216,0.00467415657133877,0.004689398846667637,0.00470467325644291,0.004689398846667637,0.00467415657133877,0.0046214594929257216],[0.00464612288036566,0.00470382276947565,0.00470467325644291,0.0047337175646218355,0.00470467325644291,0.00470382276947565,0.00464612288036566],[0.0046214594929257216,0.00467415657133877,0.004689398846667637,0.00470467325644291,0.004689398846667637,0.00467415657133877,0.0046214594929257216],[0.0046269203134697194,0.0046795850177825367,0.00467415657133877,0.00470382276947565,0.00467415657133877,0.0046795850177825367,0.0046269203134697194],[0.0045832589099271837,0.0046269203134697194,0.0046214594929257216,0.00464612288036566,0.0046214594929257216,0.0046269203134697194,0.0045832589099271837]],[[0.0046112428299508127,0.0046607763138353242,0.0046546465951469856,0.0046829012077972913,0.0046546465951469856,0.0046607763138353242,0.0046112428299508127],[0.0046607763138353242,0.0047183529217807415,0.0047124923679953429,0.0047451801191959265,0.0047124923679953429,0.0047183529217807415,0.0046607763138353242],[0.0046546465951469856,0.0047124923679953429,0.0047292112611743327,0.0047459643435385866,0.0047292112611743327,0.0047124923679953429,0.0046546465951469856],[0.0046829012077972913,0.0047451801191959265,0.0047459643435385866,0.0047776808576878715,0.0047459643435385866,0.0047451801191959265,0.0046829012077972913],[0.0046546465951469856,0.0047124923679953429,0.0047292112611743327,0.0047459643435385866,0.0047292112611743327,0.0047124923679953429,0.0046546465951469856],[0.0046607763138353242,0.0047183529217807415,0.0047124923679953429,0.0047451801191959265,0.0047124923679953429,0.0047183529217807415,0.0046607763138353242],[0.0046112428299508127,0.0046607763138353242,0.0046546465951469856,0.0046829012077972913,0.0046546465951469856,0.0046607763138353242,0.0046112428299508127]],[[0.0046425998681872251,0.004697510115152557,0.0046907827932435395,0.0047223537109194018,0.0046907827932435395,0.004697510115152557,0.0046425998681872251],[0.004697510115152557,0.0047595642225636489,0.004753319246517191,0.00478876813588292,0.004753319246517191,0.0047595642225636489,0.004697510115152557],[0.0046907827932435395,0.004753319246517191,0.004771384570479072,0.0047894859675514561,0.004771384570479072,0.004753319246517191,0.0046907827932435395],[0.0047223537109194018,0.00478876813588292,0.0047894859675514561,0.0048236336204620315,0.0047894859675514561,0.00478876813588292,0.0047223537109194018],[0.0046907827932435395,0.004753319246517191,0.004771384570479072,0.0047894859675514561,0.004771384570479072,0.004753319246517191,0.0046907827932435395],[0.004697510115152557,0.0047595642225636489,0.004753319246517191,0.00478876813588292,0.004753319246517191,0.0047595642225636489,0.004697510115152557],[0.0046425998681872251,0.004697510115152557,0.0046907827932435395,0.0047223537109194018,0.0046907827932435395,0.004697510115152557,0.0046425998681872251]],[[0.0046770432581989818,0.0047368713663436717,0.0047296091832357409,0.0047642304805794256,0.0047296091832357409,0.0047368713663436717,0.0046770432581989818],[0.0047368713663436717,0.0048030205913447,0.0047964306052412885,0.0048344069555059177,0.0047964306052412885,0.0048030205913447,0.0047368713663436717],[0.0047296091832357409,0.0047964306052412885,0.0048157269967414014,0.0048350611959478533,0.0048157269967414014,0.0047964306052412885,0.0047296091832357409],[0.0047642304805794256,0.0048344069555059177,0.0048350611959478533,0.0048714290700794041,0.0048350611959478533,0.0048344069555059177,0.0047642304805794256],[0.0047296091832357409,0.0047964306052412885,0.0048157269967414014,0.0048350611959478533,0.0048157269967414014,0.0047964306052412885,0.0047296091832357409],[0.0047368713663436717,0.0048030205913447,0.0047964306052412885,0.0048344069555059177,0.0047964306052412885,0.0048030205913447,0.0047368713663436717],[0.0046770432581989818,0.0047368713663436717,0.0047296091832357409,0.0047642304805794256,0.0047296091832357409,0.0047368713663436717,0.0046770432581989818]],[[0.0047143102527440047,0.0047786397413646584,0.0047708968849317374,0.0048083198575901319,0.0047708968849317374,0.0047786397413646584,0.0047143102527440047],[0.0047786397413646584,0.0048485475338964452,0.0048416452411082743,0.0048819407549902149,0.0048416452411082743,0.0048485475338964452,0.0047786397413646584],[0.0047708968849317374,0.0048416452411082743,0.004862070774811233,0.0048825357200881882,0.004862070774811233,0.0048416452411082743,0.0047708968849317374],[0.0048083198575901319,0.0048819407549902149,0.0048825357200881882,0.0049209391702341957,0.0048825357200881882,0.0048819407549902149,0.0048083198575901319],[0.0047708968849317374,0.0048416452411082743,0.004862070774811233,0.0048825357200881882,0.004862070774811233,0.0048416452411082743,0.0047708968849317374],[0.0047786397413646584,0.0048485475338964452,0.0048416452411082743,0.0048819407549902149,0.0048416452411082743,0.0048485475338964452,0.0047786397413646584],[0.0047143102527440047,0.0047786397413646584,0.0047708968849317374,0.0048083198575901319,0.0047708968849317374,0.0047786397413646584,0.0047143102527440047]],[[0.0047541639248717136,0.0048226213362745655,0.00481444414453268,0.0048544409758801577,0.00481444414453268,0.0048226213362745655,0.0047541639248717136],[0.0048226213362745655,0.0048959914420681917,0.0048888041279747732,0.004931233921905023,0.0048888041279747732,0.0048959914420681917,0.0048226213362745655],[0.00481444414453268,0.0048888041279747732,0.0049102689035190666,0.0049317745798270387,0.0049102689035190666,0.0048888041279747732,0.00481444414453268],[0.0048544409758801577,0.004931233921905023,0.0049317745798270387,0.0049720518194696847,0.0049317745798270387,0.004931233921905023,0.0048544409758801577],[0.00481444414453268,0.0048888041279747732,0.0049102689035190666,0.0049317745798270387,0.0049102689035190666,0.0048888041279747732,0.00481444414453268],[0.0048226213362745655,0.0048959914420681917,0.0048888041279747732,0.004931233921905023,0.0048888041279747732,0.0048959914420681917,0.0048226213362745655],[0.0047541639248717136,0.0048226213362745655,0.00481444414453268,0.0048544409758801577,0.00481444414453268,0.0048226213362745655,0.0047541639248717136]],[[0.0047963926240014538,0.0048686454285772748,0.0048600733586196187,0.0049024381058603858,0.0048600733586196187,0.0048686454285772748,0.0047963926240014538],[0.0048686454285772748,0.004945216859821959,0.0049377674476289678,0.0049821677984526825,0.0049377674476289678,0.004945216859821959,0.0048686454285772748],[0.0048600733586196187,0.0049377674476289678,0.0049601922051087551,0.0049826592515227813,0.0049601922051087551,0.0049377674476289678,0.0048600733586196187],[0.0049024381058603858,0.0049821677984526825,0.0049826592515227813,0.0050246683098192557,0.0049826592515227813,0.0049821677984526825,0.0049024381058603858],[0.0048600733586196187,0.0049377674476289678,0.0049601922051087551,0.0049826592515227813,0.0049601922051087551,0.0049377674476289678,0.0048600733586196187],[0.0048686454285772748,0.004945216859821959,0.0049377674476289678,0.0049821677984526825,0.0049377674476289678,0.004945216859821959,0.0048686454285772748],[0.0047963926240014538,0.0048686454285772748,0.0048600733586196187,0.0049024381058603858,0.0048600733586196187,0.0048686454285772748,0.0047963926240014538]],[[0.0048408082802880847,0.0049165614711992288,0.0049076281168910982,0.0049521761331461737,0.0049076281168910982,0.0049165614711992288,0.0048408082802880847],[0.0049165614711992288,0.0049961036837355612,0.0049884116203668862,0.0050346375125442152,0.0049884116203668862,0.0049961036837355612,0.0049165614711992288],[0.0049076281168910982,0.0049884116203668862,0.0050117263571462312,0.0050350846809961367,0.0050117263571462312,0.0049884116203668862,0.0049076281168910982],[0.0049521761331461737,0.0050346375125442152,0.0050350846809961367,0.0050787005474079074,0.0050350846809961367,0.0050346375125442152,0.0049521761331461737],[0.0049076281168910982,0.0049884116203668862,0.0050117263571462312,0.0050350846809961367,0.0050117263571462312,0.0049884116203668862,0.0049076281168910982],[0.0049165614711992288,0.0049961036837355612,0.0049884116203668862,0.0050346375125442152,0.0049884116203668862,0.0049961036837355612,0.0049165614711992288],[0.0048408082802880847,0.0049165614711992288,0.0049076281168910982,0.0049521761331461737,0.0049076281168910982,0.0049165614711992288,0.0048408082802880847]],[[0.0048872441161411295,0.0049662360024361188,0.0049569700903801441,0.0050035364476736545,0.0049569700903801441,0.0049662360024361188,0.0048872441161411295],[0.0049662360024361188,0.005048543432826188,0.0050406255311006287,0.0050885477202497519,0.0050406255311006287,0.005048543432826188,0.0049662360024361188],[0.0049569700903801441,0.0050406255311006287,0.0050647679187212158,0.0050889551081732811,0.0050647679187212158,0.0050406255311006287,0.0049569700903801441],[0.0050035364476736545,0.0050885477202497519,0.0050889551081732811,0.0051340665772990407,0.0050889551081732811,0.0050885477202497519,0.0050035364476736545],[0.0049569700903801441,0.0050406255311006287,0.0050647679187212158,0.0050889551081732811,0.0050647679187212158,0.0050406255311006287,0.0049569700903801441],[0.0049662360024361188,0.005048543432826188,0.0050406255311006287,0.0050885477202497519,0.0050406255311006287,0.005048543432826188,0.0049662360024361188],[0.0048872441161411295,0.0049662360024361188,0.0049569700903801441,0.0050035364476736545,0.0049569700903801441,0.0049662360024361188,0.0048872441161411295]],[[0.0049355517954908813,0.0050175485065689345,0.005007974946216273,0.0050564118229192746,0.005007974946216273,0.0050175485065689345,0.0049355517954908813],[0.0050175485065689345,0.0051024318487703467,0.0050943034058669422,0.0051438037606480894,0.0050943034058669422,0.0051024318487703467,0.0050175485065689345],[0.005007974946216273,0.0050943034058669422,0.0051192163046265464,0.0051441751331121766,0.0051192163046265464,0.0050943034058669422,0.005007974946216273],[0.0050564118229192746,0.0051438037606480894,0.0051441751331121766,0.0051906798786224943,0.0051441751331121766,0.0051438037606480894,0.0050564118229192746],[0.005007974946216273,0.0050943034058669422,0.0051192163046265464,0.0051441751331121766,0.0051192163046265464,0.0050943034058669422,0.005007974946216273],[0.0050175485065689345,0.0051024318487703467,0.0050943034058669422,0.0051438037606480894,0.0050943034058669422,0.0051024318487703467,0.0050175485065689345],[0.0049355517954908813,0.0050175485065689345,0.005007974946216273,0.0050564118229192746,0.005007974946216273,0.0050175485065689345,0.0049355517954908813]],[[0.0049855971914560034,0.0050703833756955705,0.0050605247129743213,0.005110696590564884,0.0050605247129743213,0.0050703833756955705,0.0049855971914560034],[0.0050703833756955705,0.0051576503563466065,0.0051493273784461,0.0052002888750269849,0.0051493273784461,0.0051576503563466065,0.0050703833756955705],[0.0050605247129743213,0.0051493273784461,0.0051749534648592565,0.0052006264928716444,0.0051749534648592565,0.0051493273784461,0.0050605247129743213],[0.005110696590564884,0.0052002888750269849,0.0052006264928716444,0.0052484203422129795,0.0052006264928716444,0.0052002888750269849,0.005110696590564884],[0.0050605247129743213,0.0051493273784461,0.0051749534648592565,0.0052006264928716444,0.0051749534648592565,0.0051493273784461,0.0050605247129743213],[0.0050703833756955705,0.0051576503563466065,0.0051493273784461,0.0052002888750269849,0.0051493273784461,0.0051576503563466065,0.0050703833756955705],[0.0049855971914560034,0.0050703833756955705,0.0050605247129743213,0.005110696590564884,0.0050605247129743213,0.0050703833756955705,0.0049855971914560034]],[[0.00503725226846079,0.0051246122894565366,0.0051144913275102148,0.0051662650948764025,0.0051144913275102148,0.0051246122894565366,0.00503725226846079],[0.0051246122894565366,0.0052140296225165516,0.0052055330691598333,0.0052578199563999874,0.0052055330691598333,0.0052140296225165516,0.0051246122894565366],[0.0051144913275102148,0.0052055330691598333,0.0052318041969628536,0.0052581230998685917,0.0052318041969628536,0.0052055330691598333,0.0051144913275102148],[0.0051662650948764025,0.0052578199563999874,0.0052581230998685917,0.0053070789033047945,0.0052581230998685917,0.0052578199563999874,0.0051662650948764025],[0.0051144913275102148,0.0052055330691598333,0.0052318041969628536,0.0052581230998685917,0.0052318041969628536,0.0052055330691598333,0.0051144913275102148],[0.0051246122894565366,0.0052140296225165516,0.0052055330691598333,0.0052578199563999874,0.0052055330691598333,0.0052140296225165516,0.0051246122894565366],[0.00503725226846079,0.0051246122894565366,0.0051144913275102148,0.0051662650948764025,0.0051144913275102148,0.0051246122894565366,0.00503725226846079]],[[0.00509038075568511,0.0051800720678130642,0.0051697154114746426,0.0052229459108736123,0.0051697154114746426,0.0051800720678130642,0.00509038075568511],[0.0051800720678130642,0.0052713426303157424,0.0052627007904147375,0.005316144947504012,0.0052627007904147375,0.0052713426303157424,0.0051800720678130642],[0.0051697154114746426,0.0052627007904147375,0.0052895311158678293,0.0053164098460367869,0.0052895311158678293,0.0052627007904147375,0.0051697154114746426],[0.0052229459108736123,0.005316144947504012,0.0053164098460367869,0.0053663648745060312,0.0053164098460367869,0.005316144947504012,0.0052229459108736123],[0.0051697154114746426,0.0052627007904147375,0.0052895311158678293,0.0053164098460367869,0.0052895311158678293,0.0052627007904147375,0.0051697154114746426],[0.0051800720678130642,0.0052713426303157424,0.0052627007904147375,0.005316144947504012,0.0052627007904147375,0.0052713426303157424,0.0051800720678130642],[0.00509038075568511,0.0051800720678130642,0.0051697154114746426,0.0052229459108736123,0.0051697154114746426,0.0051800720678130642,0.00509038075568511]],[[0.0051448258654181412,0.0052365693337875843,0.0052260085788474395,0.0052805319877309645,0.0052260085788474395,0.0052365693337875843,0.0051448258654181412],[0.0052365693337875843,0.0053293689646742807,0.0053206131054188638,0.0053750298850480452,0.0053206131054188638,0.0053293689646742807,0.0052365693337875843],[0.0052260085788474395,0.0053206131054188638,0.0053479085369169642,0.0053752528349792442,0.0053479085369169642,0.0053206131054188638,0.0052260085788474395],[0.0052805319877309645,0.0053750298850480452,0.0053752528349792442,0.00542602934680829,0.0053752528349792442,0.0053750298850480452,0.0052805319877309645],[0.0052260085788474395,0.0053206131054188638,0.0053479085369169642,0.0053752528349792442,0.0053479085369169642,0.0053206131054188638,0.0052260085788474395],[0.0052365693337875843,0.0053293689646742807,0.0053206131054188638,0.0053750298850480452,0.0053206131054188638,0.0053293689646742807,0.0052365693337875843],[0.0051448258654181412,0.0052365693337875843,0.0052260085788474395,0.0052805319877309645,0.0052260085788474395,0.0052365693337875843,0.0051448258654181412]],[[0.0052004127791234773,0.0052939085748144009,0.0052831780782807286,0.005338818555565757,0.0052831780782807286,0.0052939085748144009,0.0052004127791234773],[0.0052939085748144009,0.0053879290913797827,0.0053790885170878237,0.0054342982479115426,0.0053790885170878237,0.0053879290913797827,0.0052939085748144009],[0.0052831780782807286,0.0053790885170878237,0.0054067585885043921,0.00543447785714208,0.0054067585885043921,0.0053790885170878237,0.0052831780782807286],[0.005338818555565757,0.0054342982479115426,0.00543447785714208,0.0054859070835668391,0.00543447785714208,0.0054342982479115426,0.005338818555565757],[0.0052831780782807286,0.0053790885170878237,0.0054067585885043921,0.00543447785714208,0.0054067585885043921,0.0053790885170878237,0.0052831780782807286],[0.0052939085748144009,0.0053879290913797827,0.0053790885170878237,0.0054342982479115426,0.0053790885170878237,0.0053879290913797827,0.0052939085748144009],[0.0052004127791234773,0.0052939085748144009,0.0052831780782807286,0.005338818555565757,0.0052831780782807286,0.0052939085748144009,0.0052004127791234773]],[[0.0052569609359238625,0.0053519102054135773,0.005341044124224364,0.0053976245869741405,0.005341044124224364,0.0053519102054135773,0.0052569609359238625],[0.0053519102054135773,0.0054468753993654924,0.0054379756506036667,0.0054938133694975447,0.0054379756506036667,0.0054468753993654924,0.0053519102054135773],[0.005341044124224364,0.0054379756506036667,0.0054659383854391815,0.0054939505391316682,0.0054659383854391815,0.0054379756506036667,0.005341044124224364],[0.0053976245869741405,0.0054938133694975447,0.0054939505391316682,0.0055458815854287661,0.0054939505391316682,0.0054938133694975447,0.0053976245869741405],[0.005341044124224364,0.0054379756506036667,0.0054659383854391815,0.0054939505391316682,0.0054659383854391815,0.0054379756506036667,0.005341044124224364],[0.0053519102054135773,0.0054468753993654924,0.0054379756506036667,0.0054938133694975447,0.0054379756506036667,0.0054468753993654924,0.0053519102054135773],[0.0052569609359238625,0.0053519102054135773,0.005341044124224364,0.0053976245869741405,0.005341044124224364,0.0053519102054135773,0.0052569609359238625]],[[0.0053142951975053126,0.0054104146706526364,0.0053994449975944304,0.0054567952411188128,0.0053994449975944304,0.0054104146706526364,0.0053142951975053126],[0.0054104146706526364,0.0055060799418314961,0.0054971429158959233,0.0055534598853571506,0.0054971429158959233,0.0055060799418314961,0.0054104146706526364],[0.0053994449975944304,0.0054971429158959233,0.005525325154135256,0.0055535569359503574,0.005525325154135256,0.0054971429158959233,0.0053994449975944304],[0.0054567952411188128,0.0055534598853571506,0.0055535569359503574,0.005605856537210639,0.0055535569359503574,0.0055534598853571506,0.0054567952411188128],[0.0053994449975944304,0.0054971429158959233,0.005525325154135256,0.0055535569359503574,0.005525325154135256,0.0054971429158959233,0.0053994449975944304],[0.0054104146706526364,0.0055060799418314961,0.0054971429158959233,0.0055534598853571506,0.0054971429158959233,0.0055060799418314961,0.0054104146706526364],[0.0053142951975053126,0.0054104146706526364,0.0053994449975944304,0.0054567952411188128,0.0053994449975944304,0.0054104146706526364,0.0053142951975053126]],[[0.0053722519673542841,0.0054692800057623914,0.0054582357996133674,0.0055161965565302873,0.0054582357996133674,0.0054692800057623914,0.0053722519673542841],[0.0054692800057623914,0.0055654260278424185,0.0055564708046599463,0.00561313238309121,0.0055564708046599463,0.0055654260278424185,0.0054692800057623914],[0.0054582357996133674,0.0055564708046599463,0.0055848067081754084,0.0056131921892856821,0.0055848067081754084,0.0055564708046599463,0.0054582357996133674],[0.0055161965565302873,0.00561313238309121,0.0056131921892856821,0.0056657411295125025,0.0056131921892856821,0.00561313238309121,0.0055161965565302873],[0.0054582357996133674,0.0055564708046599463,0.0055848067081754084,0.0056131921892856821,0.0055848067081754084,0.0055564708046599463,0.0054582357996133674],[0.0054692800057623914,0.0055654260278424185,0.0055564708046599463,0.00561313238309121,0.0055564708046599463,0.0055654260278424185,0.0054692800057623914],[0.0053722519673542841,0.0054692800057623914,0.0054582357996133674,0.0055161965565302873,0.0054582357996133674,0.0054692800057623914,0.0053722519673542841]],[[0.0054306808870570062,0.0055283776616895279,0.0055172850923735865,0.0055757089536399556,0.0055172850923735865,0.0055283776616895279,0.0054306808870570062],[0.0055283776616895279,0.0056248038499891609,0.0056158475314055292,0.0056727302936793161,0.0056158475314055292,0.0056248038499891609,0.0055283776616895279],[0.0055172850923735865,0.0056158475314055292,0.0056442768677813383,0.0056727557295543594,0.0056442768677813383,0.0056158475314055292,0.0055172850923735865],[0.0055757089536399556,0.0056727302936793161,0.0056727557295543594,0.0057254451555332972,0.0056727557295543594,0.0056727302936793161,0.0055757089536399556],[0.0055172850923735865,0.0056158475314055292,0.0056442768677813383,0.0056727557295543594,0.0056442768677813383,0.0056158475314055292,0.0055172850923735865],[0.0055283776616895279,0.0056248038499891609,0.0056158475314055292,0.0056727302936793161,0.0056158475314055292,0.0056248038499891609,0.0055283776616895279],[0.0054306808870570062,0.0055283776616895279,0.0055172850923735865,0.0055757089536399556,0.0055172850923735865,0.0055283776616895279,0.0054306808870570062]],[[0.005489444054729428,0.0055875893141250519,0.0055764720373905324,0.0056352228267061008,0.0055764720373905324,0.0055875893141250519,0.005489444054729428],[0.0055875893141250519,0.0056841102916816181,0.0056751684748549544,0.0057321584141125171,0.0056751684748549544,0.0056841102916816181,0.0055875893141250519],[0.0055764720373905324,0.0056751684748549544,0.0057036356225372755,0.005732152163424706,0.0057036356225372755,0.0056751684748549544,0.0055764720373905324],[0.0056352228267061008,0.0057321584141125171,0.005732152163424706,0.0057848815806804278,0.005732152163424706,0.0057321584141125171,0.0056352228267061008],[0.0055764720373905324,0.0056751684748549544,0.0057036356225372755,0.005732152163424706,0.0057036356225372755,0.0056751684748549544,0.0055764720373905324],[0.0055875893141250519,0.0056841102916816181,0.0056751684748549544,0.0057321584141125171,0.0056751684748549544,0.0056841102916816181,0.0055875893141250519],[0.005489444054729428,0.0055875893141250519,0.0055764720373905324,0.0056352228267061008,0.0055764720373905324,0.0055875893141250519,0.005489444054729428]],[[0.0055484146788883654,0.005646805830105215,0.0056356853127228707,0.0056946373294659083,0.0056356853127228707,0.005646805830105215,0.0055484146788883654],[0.005646805830105215,0.00574325147318823,0.0057343382935670841,0.0057913306726228072,0.0057343382935670841,0.00574325147318823,0.005646805830105215],[0.0056356853127228707,0.0057343382935670841,0.005762792200982518,0.0057912952985721957,0.005762792200982518,0.0057343382935670841,0.0056356853127228707],[0.0056946373294659083,0.0057913306726228072,0.0057912952985721957,0.0058439725722297178,0.0057912952985721957,0.0057913306726228072,0.0056946373294659083],[0.0056356853127228707,0.0057343382935670841,0.005762792200982518,0.0057912952985721957,0.005762792200982518,0.0057343382935670841,0.0056356853127228707],[0.005646805830105215,0.00574325147318823,0.0057343382935670841,0.0057913306726228072,0.0057343382935670841,0.00574325147318823,0.005646805830105215],[0.0055484146788883654,0.005646805830105215,0.0056356853127228707,0.0056946373294659083,0.0056356853127228707,0.005646805830105215,0.0055484146788883654]],[[0.0056074763533565863,0.00570592801950703,0.005694823653980649,0.0057538615026545975,0.005694823653980649,0.00570592801950703,0.0056074763533565863],[0.00570592801950703,0.0058021455071575042,0.0057932734385030844,0.0058501737038656248,0.0057932734385030844,0.0058021455071575042,0.00570592801950703],[0.005694823653980649,0.0057932734385030844,0.0058216681545554191,0.0058501117980356227,0.0058216681545554191,0.0057932734385030844,0.005694823653980649],[0.0057538615026545975,0.0058501737038656248,0.0058501117980356227,0.0059026542772892335,0.0058501117980356227,0.0058501737038656248,0.0057538615026545975],[0.005694823653980649,0.0057932734385030844,0.0058216681545554191,0.0058501117980356227,0.0058216681545554191,0.0057932734385030844,0.005694823653980649],[0.00570592801950703,0.0058021455071575042,0.0057932734385030844,0.0058501737038656248,0.0057932734385030844,0.0058021455071575042,0.00570592801950703],[0.0056074763533565863,0.00570592801950703,0.005694823653980649,0.0057538615026545975,0.005694823653980649,0.00570592801950703,0.0056074763533565863]],[[0.0056665231928644316,0.0057648679868825756,0.0057537970314228849,0.0058128160281777442,0.0057537970314228849,0.0057648679868825756,0.0056665231928644316],[0.0057648679868825756,0.0058607238862039644,0.0058519035289752459,0.0059086283644240846,0.0058519035289752459,0.0058607238862039644,0.0057648679868825756],[0.0057537970314228849,0.0058519035289752459,0.0058801987769584677,0.0059085426414589234,0.0058801987769584677,0.0058519035289752459,0.0057537970314228849],[0.0058128160281777442,0.0059086283644240846,0.0059085426414589234,0.0059608783078251154,0.0059085426414589234,0.0059086283644240846,0.0058128160281777442],[0.0057537970314228849,0.0058519035289752459,0.0058801987769584677,0.0059085426414589234,0.0058801987769584677,0.0058519035289752459,0.0057537970314228849],[0.0057648679868825756,0.0058607238862039644,0.0058519035289752459,0.0059086283644240846,0.0058519035289752459,0.0058607238862039644,0.0057648679868825756],[0.0056665231928644316,0.0057648679868825756,0.0057537970314228849,0.0058128160281777442,0.0057537970314228849,0.0057648679868825756,0.0056665231928644316]],[[0.0057254604522770916,0.0058235501243132553,0.0058125275839360779,0.0058714343762434158,0.0058125275839360779,0.0058235501243132553,0.0057254604522770916],[0.0058235501243132553,0.0059189314571256738,0.0059101714392090447,0.0059666493890682664,0.0059101714392090447,0.0059189314571256738,0.0058235501243132553],[0.0058125275839360779,0.0059101714392090447,0.0059383329313285067,0.005966542691841787,0.0059383329313285067,0.0059101714392090447,0.0058125275839360779],[0.0058714343762434158,0.0059666493890682664,0.005966542691841787,0.0060186107419232873,0.005966542691841787,0.0059666493890682664,0.0058714343762434158],[0.0058125275839360779,0.0059101714392090447,0.0059383329313285067,0.005966542691841787,0.0059383329313285067,0.0059101714392090447,0.0058125275839360779],[0.0058235501243132553,0.0059189314571256738,0.0059101714392090447,0.0059666493890682664,0.0059101714392090447,0.0059189314571256738,0.0058235501243132553],[0.0057254604522770916,0.0058235501243132553,0.0058125275839360779,0.0058714343762434158,0.0058125275839360779,0.0058235501243132553,0.0057254604522770916]],[[0.0057842051441641586,0.0058819114092778521,0.0058709499535115747,0.0059296630067239226,0.0058709499535115747,0.0058819114092778521,0.0057842051441641586],[0.0058819114092778521,0.00597672559030065,0.0059680325933377286,0.0060242041312331971,0.0059680325933377286,0.00597672559030065,0.0058819114092778521],[0.0058709499535115747,0.0059680325933377286,0.0059960320372618985,0.0060240793741906575,0.0059960320372618985,0.0059680325933377286,0.0058709499535115747],[0.0059296630067239226,0.0060242041312331971,0.0060240793741906575,0.0060758301753853295,0.0060240793741906575,0.0060242041312331971,0.0059296630067239226],[0.0058709499535115747,0.0059680325933377286,0.0059960320372618985,0.0060240793741906575,0.0059960320372618985,0.0059680325933377286,0.0058709499535115747],[0.0058819114092778521,0.00597672559030065,0.0059680325933377286,0.0060242041312331971,0.0059680325933377286,0.00597672559030065,0.0058819114092778521],[0.0057842051441641586,0.0058819114092778521,0.0058709499535115747,0.0059296630067239226,0.0058709499535115747,0.0058819114092778521,0.0057842051441641586]],[[0.0058426863548282542,0.00593990109876909,0.0059290110576761933,0.0059874608316833281,0.0059290110576761933,0.00593990109876909,0.0058426863548282542],[0.00593990109876909,0.0060340750660792287,0.0060254539396841344,0.0060812710957410194,0.0060254539396841344,0.0060340750660792287,0.00593990109876909],[0.0059290110576761933,0.0060254539396841344,0.0060532688134501741,0.00608113118645714,0.0060532688134501741,0.0060254539396841344,0.0059290110576761933],[0.0059874608316833281,0.0060812710957410194,0.00608113118645714,0.0061325257848614673,0.00608113118645714,0.0060812710957410194,0.0059874608316833281],[0.0059290110576761933,0.0060254539396841344,0.0060532688134501741,0.00608113118645714,0.0060532688134501741,0.0060254539396841344,0.0059290110576761933],[0.00593990109876909,0.0060340750660792287,0.0060254539396841344,0.0060812710957410194,0.0060254539396841344,0.0060340750660792287,0.00593990109876909],[0.0058426863548282542,0.00593990109876909,0.0059290110576761933,0.0059874608316833281,0.0059290110576761933,0.00593990109876909,0.0058426863548282542]],[[0.00590084517667172,0.005997480040980596,0.0059866694792897754,0.0060447982701279188,0.0059866694792897754,0.005997480040980596,0.00590084517667172],[0.005997480040980596,0.0060909589351123075,0.0060824128567667033,0.006137838564804831,0.0060824128567667033,0.0060909589351123075,0.005997480040980596],[0.0059866694792897754,0.0060824128567667033,0.0061100260462702933,0.0061376863307773862,0.0061100260462702933,0.0060824128567667033,0.0059866694792897754],[0.0060447982701279188,0.006137838564804831,0.0061376863307773862,0.0061886957105932614,0.0061376863307773862,0.006137838564804831,0.0060447982701279188],[0.0059866694792897754,0.0060824128567667033,0.0061100260462702933,0.0061376863307773862,0.0061100260462702933,0.0060824128567667033,0.0059866694792897754],[0.005997480040980596,0.0060909589351123075,0.0060824128567667033,0.006137838564804831,0.0060824128567667033,0.0060909589351123075,0.005997480040980596],[0.00590084517667172,0.005997480040980596,0.0059866694792897754,0.0060447982701279188,0.0059866694792897754,0.005997480040980596,0.00590084517667172]],[[0.0059586343063432788,0.0060546197906906256,0.0060438946409005047,0.0061016561417649405,0.0060438946409005047,0.0060546197906906256,0.0059586343063432788],[0.0060546197906906256,0.0061473654230471868,0.0061388960751610436,0.0061939033640112705,0.0061388960751610436,0.0061473654230471868,0.0060546197906906256],[0.0060438946409005047,0.0061388960751610436,0.0061662954417296056,0.0061937414955638937,0.0061662954417296056,0.0061388960751610436,0.0060438946409005047],[0.0061016561417649405,0.0061939033640112705,0.0061937414955638937,0.0062443457246058754,0.0061937414955638937,0.0061939033640112705,0.0061016561417649405],[0.0060438946409005047,0.0061388960751610436,0.0061662954417296056,0.0061937414955638937,0.0061662954417296056,0.0061388960751610436,0.0060438946409005047],[0.0060546197906906256,0.0061473654230471868,0.0061388960751610436,0.0061939033640112705,0.0061388960751610436,0.0061473654230471868,0.0060546197906906256],[0.0059586343063432788,0.0060546197906906256,0.0060438946409005047,0.0061016561417649405,0.0060438946409005047,0.0060546197906906256,0.0059586343063432788]],[[0.0060160174007878693,0.0061113016378957722,0.0061006658708738521,0.0061580245272294266,0.0061006658708738521,0.0061113016378957722,0.0060160174007878693],[0.0061113016378957722,0.0062032908707652969,0.0061948986206964126,0.0062494697225346169,0.0061948986206964126,0.0062032908707652969,0.0061113016378957722],[0.0061006658708738521,0.0061948986206964126,0.006222076535500754,0.0062493007324121485,0.006222076535500754,0.0061948986206964126,0.0061006658708738521],[0.0061580245272294266,0.0062494697225346169,0.0062493007324121485,0.0062994880619606976,0.0062493007324121485,0.0062494697225346169,0.0061580245272294266],[0.0061006658708738521,0.0061948986206964126,0.006222076535500754,0.0062493007324121485,0.006222076535500754,0.0061948986206964126,0.0061006658708738521],[0.0061113016378957722,0.0062032908707652969,0.0061948986206964126,0.0062494697225346169,0.0061948986206964126,0.0062032908707652969,0.0061113016378957722],[0.0060160174007878693,0.0061113016378957722,0.0061006658708738521,0.0061580245272294266,0.0061006658708738521,0.0061113016378957722,0.0060160174007878693]],[[0.006072968275478958,0.0061675156004231159,0.006156971416877109,0.0062139016408749338,0.006156971416877109,0.0061675156004231159,0.006072968275478958],[0.0061675156004231159,0.006258738690228121,0.0062504227677956789,0.0063045481812343132,0.0062504227677956789,0.006258738690228121,0.0061675156004231159],[0.006156971416877109,0.0062504227677956789,0.0062773756302920711,0.0063043743775171241,0.0062773756302920711,0.0062504227677956789,0.006156971416877109],[0.0062139016408749338,0.0063045481812343132,0.0063043743775171241,0.006354140325058784,0.0063043743775171241,0.0063045481812343132,0.0062139016408749338],[0.006156971416877109,0.0062504227677956789,0.0062773756302920711,0.0063043743775171241,0.0062773756302920711,0.0062504227677956789,0.006156971416877109],[0.0061675156004231159,0.006258738690228121,0.0062504227677956789,0.0063045481812343132,0.0062504227677956789,0.006258738690228121,0.0061675156004231159],[0.006072968275478958,0.0061675156004231159,0.006156971416877109,0.0062139016408749338,0.006156971416877109,0.0061675156004231159,0.006072968275478958]],[[0.0061294700057929006,0.0062232594023829326,0.0062128074342609977,0.0062692927270966634,0.0062128074342609977,0.0062232594023829326,0.0061294700057929006],[0.0062232594023829326,0.006313718331616521,0.0063054770020483167,0.0063591545319191473,0.0063054770020483167,0.006313718331616521,0.0062232594023829326],[0.0062128074342609977,0.0063054770020483167,0.00633220475165745,0.00635897800073807,0.00633220475165745,0.0063054770020483167,0.0062128074342609977],[0.0062692927270966634,0.0063591545319191473,0.00635897800073807,0.0064083244293445434,0.00635897800073807,0.0063591545319191473,0.0062692927270966634],[0.0062128074342609977,0.00630