[[[0,0,0,0,0,0,0,0,0,0,0,0,0,0,0,0,0,0,0,0,0,0,0],[0,0,0,0,0,0,0,0,0,0,0,0,0,0,0,0,0,0,0,0,0,0,0],[0,0,0,0,0,0,0,0,0,0,0,0,0,0,0,0,0,0,0,0,0,0,0],[0,0,0,0,0,0,0,0,0,0,0,0,0,0,0,0,0,0,0,0,0,0,0],[0,0,0,0,0,0,0,0,0,0,0,0,0,0,0,0,0,0,0,0,0,0,0],[0,0,0,0,0,0,0,0,0,0,0,0,0,0,0,0,0,0,0,0,0,0,0],[0,0,0,0,0,0,0,0,0,0,0,0,0,0,0,0,0,0,0,0,0,0,0],[0,0,0,0,0,0,0,0,0,0,0,0,0,0,0,0,0,0,0,0,0,0,0],[0,0,0,0,0,0,0,0,0,0,0,0,0,0,0,0,0,0,0,0,0,0,0],[0,0,0,0,0,0,0,0,0,0,0,0,0,0,0,0,0,0,0,0,0,0,0],[0,0,0,0,0,0,0,0,0,0,0,0,0,0,0,0,0,0,0,0,0,0,0],[0,0,0,0,0,0,0,0,0,0,0,0,0,0,0,0,0,0,0,0,0,0,0],[0,0,0,0,0,0,0,0,0,0,0,0,0,0,0,0,0,0,0,0,0,0,0],[0,0,0,0,0,0,0,0,0,0,0,0,0,0,0,0,0,0,0,0,0,0,0],[0,0,0,0,0,0,0,0,0,0,0,0,0,0,0,0,0,0,0,0,0,0,0],[0,0,0,0,0,0,0,0,0,0,0,0,0,0,0,0,0,0,0,0,0,0,0],[0,0,0,0,0,0,0,0,0,0,0,0,0,0,0,0,0,0,0,0,0,0,0],[0,0,0,0,0,0,0,0,0,0,0,0,0,0,0,0,0,0,0,0,0,0,0],[0,0,0,0,0,0,0,0,0,0,0,0,0,0,0,0,0,0,0,0,0,0,0],[0,0,0,0,0,0,0,0,0,0,0,0,0,0,0,0,0,0,0,0,0,0,0],[0,0,0,0,0,0,0,0,0,0,0,0,0,0,0,0,0,0,0,0,0,0,0],[0,0,0,0,0,0,0,0,0,0,0,0,0,0,0,0,0,0,0,0,0,0,0],[0,0,0,0,0,0,0,0,0,0,0,0,0,0,0,0,0,0,0,0,0,0,0]],[[0,0,0,0,0,0,0,0,0,0,0,0,0,0,0,0,0,0,0,0,0,0,0],[0,-1.3705991631173128E+10,2.7102728475347221E+10,-3.9818691296091194E+10,5.1417511520997543E+10,-6.1471042149639496E+10,6.9670037642631912E+10,-7.5909111916232239E+10,8.0299247751235535E+10,-8.3103452144760208E+10,8.4626861301179077E+10,-8.5105365426498779E+10,8.46268613011791E+10,-8.3103452144760223E+10,8.0299247751235535E+10,-7.5909111916232254E+10,6.96700376426319E+10,-6.1471042149639496E+10,5.1417511520997543E+10,-3.9818691296091194E+10,2.7102728475347221E+10,-1.3705991631173134E+10,0],[0,2.7102728475347221E+10,-5.35935866710685E+10,7.8737865114565643E+10,-1.0167299763013823E+11,1.2155291676636813E+11,-1.3776645070095868E+11,1.50105323006916E+11,-1.5878859310371002E+11,1.6433585244146762E+11,-1.6734982118888641E+11,1.6829661912340268E+11,-1.6734982118888641E+11,1.6433585244146765E+11,-1.5878859310371002E+11,1.50105323006916E+11,-1.3776645070095868E+11,1.2155291676636813E+11,-1.0167299763013823E+11,7.8737865114565643E+10,-5.35935866710685E+10,2.7102728475347221E+10,0],[0,-3.9818691296091194E+10,7.8737865114565643E+10,-1.1567799405646614E+11,1.493723255974801E+11,-1.7857898988462485E+11,2.0240036355888483E+11,-2.2053095903590131E+11,2.3329159122438184E+11,-2.414451782596441E+11,2.4587570703779874E+11,-2.4726781269598547E+11,2.458757070377988E+11,-2.4144517825964407E+11,2.3329159122438184E+11,-2.2053095903590131E+11,2.0240036355888483E+11,-1.7857898988462485E+11,1.493723255974801E+11,-1.1567799405646611E+11,7.8737865114565643E+10,-3.9818691296091194E+10,0],[0,5.1417511520997543E+10,-1.0167299763013823E+11,1.493723255974801E+11,-1.9288040386209045E+11,2.3059419364223172E+11,-2.6135547893135071E+11,2.8476945572605725E+11,-3.0125035781868933E+11,3.117820212799339E+11,-3.175055632198269E+11,3.1930389023925171E+11,-3.175055632198269E+11,3.117820212799339E+11,-3.0125035781868933E+11,2.8476945572605719E+11,-2.6135547893135071E+11,2.3059419364223172E+11,-1.9288040386209045E+11,1.4937232559748004E+11,-1.0167299763013821E+11,5.1417511520997536E+10,0],[0,-6.1471042149639496E+10,1.2155291676636813E+11,-1.7857898988462485E+11,2.3059419364223172E+11,-2.7568251545209882E+11,3.1245851479153937E+11,-3.4045111205584363E+11,3.6015452119941223E+11,-3.727459998081499E+11,3.79588580427718E+11,-3.817389109388396E+11,3.79588580427718E+11,-3.7274599980814984E+11,3.6015452119941223E+11,-3.4045111205584363E+11,3.1245851479153931E+11,-2.7568251545209882E+11,2.3059419364223169E+11,-1.7857898988462476E+11,1.215529167663681E+11,-6.1471042149639488E+10,0],[0,6.9670037642631912E+10,-1.3776645070095868E+11,2.0240036355888483E+11,-2.6135547893135071E+11,3.1245851479153937E+11,-3.5413910347224011E+11,3.8586224411136224E+11,-4.0818987003027179E+11,4.2245631082779047E+11,-4.3020880329773059E+11,4.326445111834295E+11,-4.3020880329773071E+11,4.2245631082779047E+11,-4.0818987003027179E+11,3.8586224411136224E+11,-3.5413910347224011E+11,3.1245851479153931E+11,-2.6135547893135077E+11,2.0240036355888483E+11,-1.3776645070095865E+11,6.9670037642631866E+10,0],[0,-7.5909111916232239E+10,1.50105323006916E+11,-2.2053095903590131E+11,2.8476945572605725E+11,-3.4045111205584363E+11,3.8586224411136224E+11,-4.2042078033991553E+11,4.4473923388312091E+11,-4.6027510996308032E+11,4.6871528324800293E+11,-4.7136718911867883E+11,4.6871528324800293E+11,-4.6027510996308032E+11,4.4473923388312091E+11,-4.2042078033991553E+11,3.8586224411136224E+11,-3.4045111205584351E+11,2.8476945572605725E+11,-2.2053095903590131E+11,1.50105323006916E+11,-7.5909111916232239E+10,0],[0,8.0299247751235535E+10,-1.5878859310371002E+11,2.3329159122438184E+11,-3.0125035781868933E+11,3.6015452119941223E+11,-4.0818987003027179E+11,4.4473923388312091E+11,-4.70453650045155E+11,4.8687667927523712E+11,-4.957972821640553E+11,4.9859924623676404E+11,-4.957972821640553E+11,4.8687667927523712E+11,-4.7045365004515491E+11,4.4473923388312091E+11,-4.0818987003027179E+11,3.6015452119941211E+11,-3.0125035781868945E+11,2.3329159122438184E+11,-1.5878859310371002E+11,8.0299247751235535E+10,0],[0,-8.3103452144760208E+10,1.6433585244146762E+11,-2.414451782596441E+11,3.117820212799339E+11,-3.727459998081499E+11,4.2245631082779047E+11,-4.6027510996308032E+11,4.8687667927523712E+11,-5.0386291012000122E+11,5.1308681614703131E+11,-5.1598414770037366E+11,5.1308681614703137E+11,-5.0386291012000134E+11,4.8687667927523718E+11,-4.6027510996308032E+11,4.2245631082779047E+11,-3.727459998081499E+11,3.11782021279934E+11,-2.4144517825964413E+11,1.6433585244146759E+11,-8.3103452144760208E+10,0],[0,8.4626861301179077E+10,-1.6734982118888641E+11,2.4587570703779874E+11,-3.175055632198269E+11,3.79588580427718E+11,-4.3020880329773059E+11,4.6871528324800293E+11,-4.957972821640553E+11,5.1308681614703131E+11,-5.2247454342200446E+11,5.254225351802536E+11,-5.2247454342200452E+11,5.1308681614703119E+11,-4.9579728216405518E+11,4.6871528324800293E+11,-4.3020880329773059E+11,3.7958858042771796E+11,-3.175055632198269E+11,2.4587570703779874E+11,-1.6734982118888641E+11,8.4626861301179077E+10,0],[0,-8.5105365426498779E+10,1.6829661912340268E+11,-2.4726781269598547E+11,3.1930389023925171E+11,-3.817389109388396E+11,4.326445111834295E+11,-4.7136718911867883E+11,4.9859924623676404E+11,-5.1598414770037366E+11,5.254225351802536E+11,-5.2838684450209558E+11,5.254225351802536E+11,-5.1598414770037384E+11,4.98599246236764E+11,-4.7136718911867883E+11,4.326445111834295E+11,-3.817389109388396E+11,3.1930389023925171E+11,-2.4726781269598547E+11,1.6829661912340268E+11,-8.5105365426498779E+10,0],[0,8.46268613011791E+10,-1.6734982118888641E+11,2.458757070377988E+11,-3.175055632198269E+11,3.79588580427718E+11,-4.3020880329773071E+11,4.6871528324800293E+11,-4.957972821640553E+11,5.1308681614703137E+11,-5.2247454342200452E+11,5.254225351802536E+11,-5.2247454342200464E+11,5.1308681614703149E+11,-4.957972821640553E+11,4.6871528324800293E+11,-4.3020880329773059E+11,3.79588580427718E+11,-3.175055632198269E+11,2.4587570703779877E+11,-1.6734982118888641E+11,8.4626861301179077E+10,0],[0,-8.3103452144760223E+10,1.6433585244146765E+11,-2.4144517825964407E+11,3.117820212799339E+11,-3.7274599980814984E+11,4.2245631082779047E+11,-4.6027510996308032E+11,4.8687667927523712E+11,-5.0386291012000134E+11,5.1308681614703119E+11,-5.1598414770037384E+11,5.1308681614703149E+11,-5.0386291012000146E+11,4.8687667927523706E+11,-4.6027510996308044E+11,4.2245631082779047E+11,-3.727459998081499E+11,3.1178202127993384E+11,-2.4144517825964413E+11,1.6433585244146762E+11,-8.31034521447602E+10,0],[0,8.0299247751235535E+10,-1.5878859310371002E+11,2.3329159122438184E+11,-3.0125035781868933E+11,3.6015452119941223E+11,-4.0818987003027179E+11,4.4473923388312091E+11,-4.7045365004515491E+11,4.8687667927523718E+11,-4.9579728216405518E+11,4.98599246236764E+11,-4.957972821640553E+11,4.8687667927523706E+11,-4.7045365004515515E+11,4.4473923388312091E+11,-4.0818987003027179E+11,3.6015452119941205E+11,-3.0125035781868933E+11,2.3329159122438181E+11,-1.5878859310371002E+11,8.02992477512355E+10,0],[0,-7.5909111916232254E+10,1.50105323006916E+11,-2.2053095903590131E+11,2.8476945572605719E+11,-3.4045111205584363E+11,3.8586224411136224E+11,-4.2042078033991553E+11,4.4473923388312091E+11,-4.6027510996308032E+11,4.6871528324800293E+11,-4.7136718911867883E+11,4.6871528324800293E+11,-4.6027510996308044E+11,4.4473923388312091E+11,-4.2042078033991565E+11,3.8586224411136224E+11,-3.4045111205584363E+11,2.8476945572605725E+11,-2.2053095903590125E+11,1.50105323006916E+11,-7.5909111916232254E+10,0],[0,6.96700376426319E+10,-1.3776645070095868E+11,2.0240036355888483E+11,-2.6135547893135071E+11,3.1245851479153931E+11,-3.5413910347224011E+11,3.8586224411136224E+11,-4.0818987003027179E+11,4.2245631082779047E+11,-4.3020880329773059E+11,4.326445111834295E+11,-4.3020880329773059E+11,4.2245631082779047E+11,-4.0818987003027179E+11,3.8586224411136224E+11,-3.5413910347224011E+11,3.1245851479153931E+11,-2.6135547893135071E+11,2.0240036355888474E+11,-1.3776645070095862E+11,6.9670037642631866E+10,0],[0,-6.1471042149639496E+10,1.2155291676636813E+11,-1.7857898988462485E+11,2.3059419364223172E+11,-2.7568251545209882E+11,3.1245851479153931E+11,-3.4045111205584351E+11,3.6015452119941211E+11,-3.727459998081499E+11,3.7958858042771796E+11,-3.817389109388396E+11,3.79588580427718E+11,-3.727459998081499E+11,3.6015452119941205E+11,-3.4045111205584363E+11,3.1245851479153931E+11,-2.7568251545209863E+11,2.3059419364223163E+11,-1.7857898988462476E+11,1.215529167663681E+11,-6.1471042149639496E+10,0],[0,5.1417511520997543E+10,-1.0167299763013823E+11,1.493723255974801E+11,-1.9288040386209045E+11,2.3059419364223169E+11,-2.6135547893135077E+11,2.8476945572605725E+11,-3.0125035781868945E+11,3.11782021279934E+11,-3.175055632198269E+11,3.1930389023925171E+11,-3.175055632198269E+11,3.1178202127993384E+11,-3.0125035781868933E+11,2.8476945572605725E+11,-2.6135547893135071E+11,2.3059419364223163E+11,-1.9288040386209045E+11,1.4937232559748004E+11,-1.0167299763013818E+11,5.1417511520997513E+10,0],[0,-3.9818691296091194E+10,7.8737865114565643E+10,-1.1567799405646611E+11,1.4937232559748004E+11,-1.7857898988462476E+11,2.0240036355888483E+11,-2.2053095903590131E+11,2.3329159122438184E+11,-2.4144517825964413E+11,2.4587570703779874E+11,-2.4726781269598547E+11,2.4587570703779877E+11,-2.4144517825964413E+11,2.3329159122438181E+11,-2.2053095903590125E+11,2.0240036355888474E+11,-1.7857898988462476E+11,1.4937232559748004E+11,-1.1567799405646613E+11,7.8737865114565628E+10,-3.9818691296091194E+10,0],[0,2.7102728475347221E+10,-5.35935866710685E+10,7.8737865114565643E+10,-1.0167299763013821E+11,1.215529167663681E+11,-1.3776645070095865E+11,1.50105323006916E+11,-1.5878859310371002E+11,1.6433585244146759E+11,-1.6734982118888641E+11,1.6829661912340268E+11,-1.6734982118888641E+11,1.6433585244146762E+11,-1.5878859310371002E+11,1.50105323006916E+11,-1.3776645070095862E+11,1.215529167663681E+11,-1.0167299763013818E+11,7.8737865114565628E+10,-5.3593586671068481E+10,2.7102728475347221E+10,0],[0,-1.3705991631173134E+10,2.7102728475347221E+10,-3.9818691296091194E+10,5.1417511520997536E+10,-6.1471042149639488E+10,6.9670037642631866E+10,-7.5909111916232239E+10,8.0299247751235535E+10,-8.3103452144760208E+10,8.4626861301179077E+10,-8.5105365426498779E+10,8.4626861301179077E+10,-8.31034521447602E+10,8.02992477512355E+10,-7.5909111916232254E+10,6.9670037642631866E+10,-6.1471042149639496E+10,5.1417511520997513E+10,-3.9818691296091194E+10,2.7102728475347221E+10,-1.3705991631173134E+10,0],[0,0,0,0,0,0,0,0,0,0,0,0,0,0,0,0,0,0,0,0,0,0,0]],[[0,0,0,0,0,0,0,0,0,0,0,0,0,0,0,0,0,0,0,0,0,0,0],[0,-1.1661231720825487E+29,2.3022694652355446E+29,-3.3800230933218736E+29,4.3739746736552025E+29,-5.2629075113542383E+29,6.0305549970918921E+29,-6.66579233948724E+29,7.162173702307719E+29,-7.51690767244508E+29,7.7294731447808555E+29,-7.8002458461455083E+29,7.7294731447808555E+29,-7.51690767244508E+29,7.162173702307719E+29,-6.6657923394872372E+29,6.0305549970918935E+29,-5.2629075113542383E+29,4.3739746736552011E+29,-3.3800230933218729E+29,2.3022694652355446E+29,-1.1661231720825485E+29,0],[0,2.3022694652355446E+29,-4.5453536146835389E+29,6.6731493441477942E+29,-8.63549050296716E+29,1.039049332823559E+30,-1.1906038229062019E+30,1.3160168189140936E+30,-1.414015264639281E+30,1.4840489556507713E+30,-1.526014492249808E+30,1.5399869633380236E+30,-1.526014492249808E+30,1.4840489556507713E+30,-1.414015264639281E+30,1.316016818914093E+30,-1.1906038229062019E+30,1.039049332823559E+30,-8.63549050296716E+29,6.6731493441477914E+29,-4.5453536146835375E+29,2.3022694652355439E+29,0],[0,-3.3800230933218736E+29,6.6731493441477942E+29,-9.79700629947329E+29,1.2677939182554522E+30,-1.5254481471747908E+30,1.747944666335322E+30,-1.9320637475001337E+30,2.0759327411485249E+30,-2.1787488281529749E+30,2.2403560234102758E+30,-2.2608698144249793E+30,2.2403560234102746E+30,-2.1787488281529744E+30,2.0759327411485249E+30,-1.9320637475001337E+30,1.747944666335322E+30,-1.5254481471747908E+30,1.2677939182554519E+30,-9.797006299473293E+29,6.6731493441477914E+29,-3.3800230933218736E+29,0],[0,4.3739746736552025E+29,-8.63549050296716E+29,1.2677939182554522E+30,-1.6406019702807006E+30,1.974017605696051E+30,-2.2619373555393233E+30,2.5001916235207064E+30,-2.6863617312965137E+30,2.8194054761257384E+30,-2.8991264301720085E+30,2.9256700148223007E+30,-2.8991264301720085E+30,2.8194054761257384E+30,-2.6863617312965137E+30,2.5001916235207064E+30,-2.2619373555393233E+30,1.9740176056960516E+30,-1.6406019702807009E+30,1.2677939182554519E+30,-8.6354905029671608E+29,4.3739746736552011E+29,0],[0,-5.2629075113542383E+29,1.039049332823559E+30,-1.5254481471747908E+30,1.974017605696051E+30,-2.3751893362227688E+30,2.7216132601898734E+30,-3.008281058880718E+30,3.2322747744296587E+30,-3.3923514926408971E+30,3.488265934012085E+30,-3.5202047478871611E+30,3.488265934012085E+30,-3.3923514926408971E+30,3.2322747744296587E+30,-3.008281058880718E+30,2.7216132601898734E+30,-2.3751893362227686E+30,1.974017605696051E+30,-1.5254481471747908E+30,1.039049332823559E+30,-5.2629075113542355E+29,0],[0,6.0305549970918921E+29,-1.1906038229062019E+30,1.747944666335322E+30,-2.2619373555393233E+30,2.7216132601898734E+30,-3.1185573966085212E+30,3.4470233343560186E+30,-3.7036785376435573E+30,3.8870902313918022E+30,-3.9969901542541706E+30,4.0335819811990472E+30,-3.9969901542541706E+30,3.8870902313918011E+30,-3.7036785376435579E+30,3.4470233343560186E+30,-3.1185573966085212E+30,2.7216132601898734E+30,-2.2619373555393233E+30,1.747944666335322E+30,-1.1906038229062017E+30,6.0305549970918921E+29,0],[0,-6.66579233948724E+29,1.3160168189140936E+30,-1.9320637475001337E+30,2.5001916235207064E+30,-3.008281058880718E+30,3.4470233343560186E+30,-3.8100773314391708E+30,4.09375055212034E+30,-4.2964730003366822E+30,4.4179378266867941E+30,-4.4583844284536388E+30,4.4179378266867941E+30,-4.2964730003366822E+30,4.0937505521203392E+30,-3.8100773314391708E+30,3.44702333435602E+30,-3.008281058880718E+30,2.5001916235207067E+30,-1.9320637475001337E+30,1.316016818914093E+30,-6.6657923394872372E+29,0],[0,7.162173702307719E+29,-1.414015264639281E+30,2.0759327411485249E+30,-2.6863617312965137E+30,3.2322747744296587E+30,-3.7036785376435573E+30,4.09375055212034E+30,-4.3985365032906678E+30,4.6163391265723058E+30,-4.7468439639956358E+30,4.7902959559277435E+30,-4.7468439639956347E+30,4.6163391265723058E+30,-4.3985365032906678E+30,4.0937505521203392E+30,-3.7036785376435579E+30,3.2322747744296587E+30,-2.6863617312965148E+30,2.0759327411485249E+30,-1.414015264639281E+30,7.1621737023077175E+29,0],[0,-7.51690767244508E+29,1.4840489556507713E+30,-2.1787488281529749E+30,2.8194054761257384E+30,-3.3923514926408971E+30,3.8870902313918022E+30,-4.2964730003366822E+30,4.6163391265723058E+30,-4.8449221756374962E+30,4.9818799490009734E+30,-5.0274852140664918E+30,4.9818799490009734E+30,-4.8449221756374968E+30,4.6163391265723047E+30,-4.2964730003366822E+30,3.8870902313918011E+30,-3.3923514926408971E+30,2.8194054761257384E+30,-2.1787488281529744E+30,1.4840489556507713E+30,-7.5169076724450783E+29,0],[0,7.7294731447808555E+29,-1.526014492249808E+30,2.2403560234102758E+30,-2.8991264301720085E+30,3.488265934012085E+30,-3.9969901542541706E+30,4.4179378266867941E+30,-4.7468439639956358E+30,4.9818799490009734E+30,-5.1227093640852941E+30,5.169598694788151E+30,-5.122709364085293E+30,4.9818799490009734E+30,-4.7468439639956347E+30,4.4179378266867929E+30,-3.99699015425417E+30,3.4882659340120839E+30,-2.8991264301720085E+30,2.2403560234102746E+30,-1.5260144922498075E+30,7.7294731447808527E+29,0],[0,-7.8002458461455083E+29,1.5399869633380236E+30,-2.2608698144249793E+30,2.9256700148223007E+30,-3.5202047478871611E+30,4.0335819811990472E+30,-4.4583844284536388E+30,4.7902959559277435E+30,-5.0274852140664918E+30,5.169598694788151E+30,-5.2169206073791692E+30,5.169598694788151E+30,-5.0274852140664918E+30,4.7902959559277441E+30,-4.4583844284536383E+30,4.0335819811990461E+30,-3.5202047478871594E+30,2.9256700148223007E+30,-2.2608698144249793E+30,1.5399869633380239E+30,-7.8002458461455069E+29,0],[0,7.7294731447808555E+29,-1.526014492249808E+30,2.2403560234102746E+30,-2.8991264301720085E+30,3.488265934012085E+30,-3.9969901542541706E+30,4.4179378266867941E+30,-4.7468439639956347E+30,4.9818799490009734E+30,-5.122709364085293E+30,5.169598694788151E+30,-5.122709364085293E+30,4.9818799490009734E+30,-4.7468439639956347E+30,4.4179378266867929E+30,-3.9969901542541706E+30,3.4882659340120845E+30,-2.8991264301720085E+30,2.2403560234102746E+30,-1.5260144922498075E+30,7.7294731447808527E+29,0],[0,-7.51690767244508E+29,1.4840489556507713E+30,-2.1787488281529744E+30,2.8194054761257384E+30,-3.3923514926408971E+30,3.8870902313918011E+30,-4.2964730003366822E+30,4.6163391265723058E+30,-4.8449221756374968E+30,4.9818799490009734E+30,-5.0274852140664918E+30,4.9818799490009734E+30,-4.8449221756374968E+30,4.6163391265723058E+30,-4.2964730003366822E+30,3.8870902313918011E+30,-3.3923514926408971E+30,2.8194054761257384E+30,-2.1787488281529738E+30,1.4840489556507713E+30,-7.5169076724450769E+29,0],[0,7.162173702307719E+29,-1.414015264639281E+30,2.0759327411485249E+30,-2.6863617312965137E+30,3.2322747744296587E+30,-3.7036785376435579E+30,4.0937505521203392E+30,-4.3985365032906678E+30,4.6163391265723047E+30,-4.7468439639956347E+30,4.7902959559277441E+30,-4.7468439639956347E+30,4.6163391265723058E+30,-4.3985365032906678E+30,4.09375055212034E+30,-3.7036785376435579E+30,3.2322747744296587E+30,-2.6863617312965137E+30,2.0759327411485252E+30,-1.414015264639281E+30,7.162173702307719E+29,0],[0,-6.6657923394872372E+29,1.316016818914093E+30,-1.9320637475001337E+30,2.5001916235207064E+30,-3.008281058880718E+30,3.4470233343560186E+30,-3.8100773314391708E+30,4.0937505521203392E+30,-4.2964730003366822E+30,4.4179378266867929E+30,-4.4583844284536383E+30,4.4179378266867929E+30,-4.2964730003366822E+30,4.09375055212034E+30,-3.81007733143917E+30,3.4470233343560186E+30,-3.008281058880718E+30,2.5001916235207064E+30,-1.9320637475001331E+30,1.316016818914093E+30,-6.6657923394872372E+29,0],[0,6.0305549970918935E+29,-1.1906038229062019E+30,1.747944666335322E+30,-2.2619373555393233E+30,2.7216132601898734E+30,-3.1185573966085212E+30,3.44702333435602E+30,-3.7036785376435579E+30,3.8870902313918011E+30,-3.99699015425417E+30,4.0335819811990461E+30,-3.9969901542541706E+30,3.8870902313918011E+30,-3.7036785376435579E+30,3.4470233343560186E+30,-3.1185573966085195E+30,2.7216132601898728E+30,-2.2619373555393233E+30,1.747944666335322E+30,-1.1906038229062019E+30,6.0305549970918921E+29,0],[0,-5.2629075113542383E+29,1.039049332823559E+30,-1.5254481471747908E+30,1.9740176056960516E+30,-2.3751893362227686E+30,2.7216132601898734E+30,-3.008281058880718E+30,3.2322747744296587E+30,-3.3923514926408971E+30,3.4882659340120839E+30,-3.5202047478871594E+30,3.4882659340120845E+30,-3.3923514926408971E+30,3.2322747744296587E+30,-3.008281058880718E+30,2.7216132601898728E+30,-2.3751893362227691E+30,1.9740176056960516E+30,-1.5254481471747908E+30,1.0390493328235586E+30,-5.2629075113542355E+29,0],[0,4.3739746736552011E+29,-8.63549050296716E+29,1.2677939182554519E+30,-1.6406019702807009E+30,1.974017605696051E+30,-2.2619373555393233E+30,2.5001916235207067E+30,-2.6863617312965148E+30,2.8194054761257384E+30,-2.8991264301720085E+30,2.9256700148223007E+30,-2.8991264301720085E+30,2.8194054761257384E+30,-2.6863617312965137E+30,2.5001916235207064E+30,-2.2619373555393233E+30,1.9740176056960516E+30,-1.6406019702807009E+30,1.2677939182554519E+30,-8.635490502967158E+29,4.3739746736552011E+29,0],[0,-3.3800230933218729E+29,6.6731493441477914E+29,-9.797006299473293E+29,1.2677939182554519E+30,-1.5254481471747908E+30,1.747944666335322E+30,-1.9320637475001337E+30,2.0759327411485249E+30,-2.1787488281529744E+30,2.2403560234102746E+30,-2.2608698144249793E+30,2.2403560234102746E+30,-2.1787488281529738E+30,2.0759327411485252E+30,-1.9320637475001331E+30,1.747944666335322E+30,-1.5254481471747908E+30,1.2677939182554519E+30,-9.7970062994732888E+29,6.67314934414779E+29,-3.3800230933218722E+29,0],[0,2.3022694652355446E+29,-4.5453536146835375E+29,6.6731493441477914E+29,-8.6354905029671608E+29,1.039049332823559E+30,-1.1906038229062017E+30,1.316016818914093E+30,-1.414015264639281E+30,1.4840489556507713E+30,-1.5260144922498075E+30,1.5399869633380239E+30,-1.5260144922498075E+30,1.4840489556507713E+30,-1.414015264639281E+30,1.316016818914093E+30,-1.1906038229062019E+30,1.0390493328235586E+30,-8.635490502967158E+29,6.67314934414779E+29,-4.5453536146835347E+29,2.3022694652355439E+29,0],[0,-1.1661231720825485E+29,2.3022694652355439E+29,-3.3800230933218736E+29,4.3739746736552011E+29,-5.2629075113542355E+29,6.0305549970918921E+29,-6.6657923394872372E+29,7.1621737023077175E+29,-7.5169076724450783E+29,7.7294731447808527E+29,-7.8002458461455069E+29,7.7294731447808527E+29,-7.5169076724450769E+29,7.162173702307719E+29,-6.6657923394872372E+29,6.0305549970918921E+29,-5.2629075113542355E+29,4.3739746736552011E+29,-3.3800230933218722E+29,2.3022694652355439E+29,-1.1661231720825485E+29,0],[0,0,0,0,0,0,0,0,0,0,0,0,0,0,0,0,0,0,0,0,0,0,0]],[[0,0,0,0,0,0,0,0,0,0,0,0,0,0,0,0,0,0,0,0,0,0,0],[0,-1.0302122140334957E+48,2.037400877286817E+48,-2.9993764213802383E+48,3.8955373003036219E+48,-4.7074747569069123E+48,5.4193789826868968E+48,-6.0182417576017635E+48,6.4938529706014256E+48,-6.83865647075118E+48,7.047509948131611E+48,-7.1174505254191663E+48,7.047509948131611E+48,-6.83865647075118E+48,6.4938529706014256E+48,-6.0182417576017622E+48,5.4193789826868968E+48,-4.7074747569069123E+48,3.8955373003036219E+48,-2.9993764213802383E+48,2.0374008772868173E+48,-1.0302122140334959E+48,0],[0,2.037400877286817E+48,-4.0292679959419609E+48,5.9317170261233625E+48,-7.7040053423716916E+48,9.3097308951788817E+48,-1.0717623201982207E+49,1.1901961763387373E+49,-1.2842549153678582E+49,1.3524448558785692E+49,-1.393748399263333E+49,1.4075803083481309E+49,-1.393748399263333E+49,1.3524448558785692E+49,-1.2842549153678575E+49,1.1901961763387367E+49,-1.0717623201982207E+49,9.3097308951788817E+48,-7.7040053423716916E+48,5.9317170261233612E+48,-4.0292679959419628E+48,2.0374008772868176E+48,0],[0,-2.9993764213802383E+48,5.9317170261233625E+48,-8.7324135046168683E+48,1.1341483619087056E+49,-1.3705360059499378E+49,1.5777979723964898E+49,-1.7521510796124526E+49,1.8906183493440532E+49,-1.9910049559857705E+49,2.051808637007387E+49,-2.0721723479991846E+49,2.051808637007387E+49,-1.9910049559857705E+49,1.8906183493440532E+49,-1.752151079612452E+49,1.5777979723964892E+49,-1.3705360059499378E+49,1.1341483619087056E+49,-8.7324135046168683E+48,5.9317170261233625E+48,-2.9993764213802389E+48,0],[0,3.8955373003036219E+48,-7.7040053423716916E+48,1.1341483619087056E+49,-1.4730082564914399E+49,1.7800218277321066E+49,-2.0492089241217555E+49,2.2756529314332729E+49,-2.4554910787057054E+49,2.5858690488731125E+49,-2.66484000413044E+49,2.6912866265872043E+49,-2.6648400041304407E+49,2.5858690488731125E+49,-2.4554910787057054E+49,2.2756529314332729E+49,-2.0492089241217555E+49,1.7800218277321066E+49,-1.4730082564914399E+49,1.1341483619087056E+49,-7.7040053423716916E+48,3.8955373003036226E+48,0],[0,-4.7074747569069123E+48,9.3097308951788817E+48,-1.3705360059499378E+49,1.7800218277321066E+49,-2.1510256923843029E+49,2.4763153258897365E+49,-2.7499567187042657E+49,2.9672741211214955E+49,-3.1248273665827083E+49,3.2202546136640451E+49,-3.252215620007E+49,3.2202546136640451E+49,-3.1248273665827088E+49,2.9672741211214971E+49,-2.7499567187042657E+49,2.4763153258897365E+49,-2.1510256923843029E+49,1.7800218277321066E+49,-1.3705360059499378E+49,9.3097308951788817E+48,-4.7074747569069123E+48,0],[0,5.4193789826868968E+48,-1.0717623201982207E+49,1.5777979723964898E+49,-2.0492089241217555E+49,2.4763153258897365E+49,-2.8507975343773169E+49,3.1658165795405024E+49,-3.4159985802341993E+49,3.5973738528502685E+49,-3.7072337929724546E+49,3.7440250501434061E+49,-3.7072337929724541E+49,3.5973738528502685E+49,-3.4159985802341993E+49,3.1658165795405029E+49,-2.8507975343773169E+49,2.476315325889737E+49,-2.0492089241217555E+49,1.5777979723964898E+49,-1.0717623201982207E+49,5.4193789826868968E+48,0],[0,-6.0182417576017635E+48,1.1901961763387373E+49,-1.7521510796124526E+49,2.2756529314332729E+49,-2.7499567187042657E+49,3.1658165795405024E+49,-3.5156467499672535E+49,3.7934700200541211E+49,-3.994889041538827E+49,4.1168847526259827E+49,-4.1577442128471275E+49,4.1168847526259827E+49,-3.9948890415388265E+49,3.7934700200541222E+49,-3.5156467499672535E+49,3.1658165795405024E+49,-2.7499567187042657E+49,2.2756529314332737E+49,-1.7521510796124526E+49,1.1901961763387373E+49,-6.0182417576017635E+48,0],[0,6.4938529706014256E+48,-1.2842549153678582E+49,1.8906183493440532E+49,-2.4554910787057054E+49,2.9672741211214955E+49,-3.4159985802341993E+49,3.7934700200541211E+49,-4.0932496627280504E+49,4.3105814023618236E+49,-4.4422201278421429E+49,4.4863049022905746E+49,-4.4422201278421429E+49,4.3105814023618236E+49,-4.0932496627280514E+49,3.7934700200541211E+49,-3.4159985802342003E+49,2.967274121121496E+49,-2.4554910787057054E+49,1.8906183493440532E+49,-1.2842549153678577E+49,6.4938529706014256E+48,0],[0,-6.83865647075118E+48,1.3524448558785692E+49,-1.9910049559857705E+49,2.5858690488731125E+49,-3.1248273665827083E+49,3.5973738528502685E+49,-3.994889041538827E+49,4.3105814023618236E+49,-4.53945467975062E+49,4.6780787155706086E+49,-4.7245073917676973E+49,4.6780787155706107E+49,-4.53945467975062E+49,4.3105814023618236E+49,-3.994889041538827E+49,3.5973738528502685E+49,-3.1248273665827103E+49,2.5858690488731125E+49,-1.9910049559857705E+49,1.3524448558785692E+49,-6.83865647075118E+48,0],[0,7.047509948131611E+48,-1.393748399263333E+49,2.051808637007387E+49,-2.66484000413044E+49,3.2202546136640451E+49,-3.7072337929724546E+49,4.1168847526259827E+49,-4.4422201278421429E+49,4.6780787155706086E+49,-4.8209390805256536E+49,4.8687818688288929E+49,-4.8209390805256526E+49,4.6780787155706107E+49,-4.4422201278421439E+49,4.1168847526259827E+49,-3.7072337929724552E+49,3.2202546136640451E+49,-2.66484000413044E+49,2.051808637007387E+49,-1.393748399263333E+49,7.047509948131611E+48,0],[0,-7.1174505254191663E+48,1.4075803083481309E+49,-2.0721723479991846E+49,2.6912866265872043E+49,-3.252215620007E+49,3.7440250501434061E+49,-4.1577442128471275E+49,4.4863049022905746E+49,-4.7245073917676973E+49,4.8687818688288929E+49,-4.9171030069406042E+49,4.8687818688288929E+49,-4.7245073917676984E+49,4.4863049022905741E+49,-4.1577442128471275E+49,3.7440250501434082E+49,-3.2522156200070004E+49,2.6912866265872054E+49,-2.0721723479991848E+49,1.4075803083481314E+49,-7.1174505254191663E+48,0],[0,7.047509948131611E+48,-1.393748399263333E+49,2.051808637007387E+49,-2.6648400041304407E+49,3.2202546136640451E+49,-3.7072337929724541E+49,4.1168847526259827E+49,-4.4422201278421429E+49,4.6780787155706107E+49,-4.8209390805256526E+49,4.8687818688288929E+49,-4.8209390805256536E+49,4.6780787155706107E+49,-4.4422201278421439E+49,4.1168847526259827E+49,-3.7072337929724552E+49,3.2202546136640451E+49,-2.66484000413044E+49,2.051808637007387E+49,-1.393748399263333E+49,7.047509948131611E+48,0],[0,-6.83865647075118E+48,1.3524448558785692E+49,-1.9910049559857705E+49,2.5858690488731125E+49,-3.1248273665827088E+49,3.5973738528502685E+49,-3.9948890415388265E+49,4.3105814023618236E+49,-4.53945467975062E+49,4.6780787155706107E+49,-4.7245073917676984E+49,4.6780787155706107E+49,-4.539454679750621E+49,4.3105814023618241E+49,-3.994889041538827E+49,3.5973738528502685E+49,-3.1248273665827088E+49,2.5858690488731125E+49,-1.9910049559857705E+49,1.3524448558785692E+49,-6.83865647075118E+48,0],[0,6.4938529706014256E+48,-1.2842549153678575E+49,1.8906183493440532E+49,-2.4554910787057054E+49,2.9672741211214971E+49,-3.4159985802341993E+49,3.7934700200541222E+49,-4.0932496627280514E+49,4.3105814023618236E+49,-4.4422201278421439E+49,4.4863049022905741E+49,-4.4422201278421439E+49,4.3105814023618241E+49,-4.0932496627280519E+49,3.7934700200541211E+49,-3.4159985802342003E+49,2.9672741211214955E+49,-2.4554910787057054E+49,1.8906183493440532E+49,-1.2842549153678577E+49,6.4938529706014256E+48,0],[0,-6.0182417576017622E+48,1.1901961763387367E+49,-1.752151079612452E+49,2.2756529314332729E+49,-2.7499567187042657E+49,3.1658165795405029E+49,-3.5156467499672535E+49,3.7934700200541211E+49,-3.994889041538827E+49,4.1168847526259827E+49,-4.1577442128471275E+49,4.1168847526259827E+49,-3.994889041538827E+49,3.7934700200541211E+49,-3.5156467499672535E+49,3.1658165795405024E+49,-2.7499567187042657E+49,2.2756529314332729E+49,-1.7521510796124526E+49,1.1901961763387373E+49,-6.0182417576017622E+48,0],[0,5.4193789826868968E+48,-1.0717623201982207E+49,1.5777979723964892E+49,-2.0492089241217555E+49,2.4763153258897365E+49,-2.8507975343773169E+49,3.1658165795405024E+49,-3.4159985802342003E+49,3.5973738528502685E+49,-3.7072337929724552E+49,3.7440250501434082E+49,-3.7072337929724552E+49,3.5973738528502685E+49,-3.4159985802342003E+49,3.1658165795405024E+49,-2.8507975343773169E+49,2.4763153258897365E+49,-2.0492089241217555E+49,1.5777979723964898E+49,-1.0717623201982207E+49,5.4193789826868968E+48,0],[0,-4.7074747569069123E+48,9.3097308951788817E+48,-1.3705360059499378E+49,1.7800218277321066E+49,-2.1510256923843029E+49,2.476315325889737E+49,-2.7499567187042657E+49,2.967274121121496E+49,-3.1248273665827103E+49,3.2202546136640451E+49,-3.2522156200070004E+49,3.2202546136640451E+49,-3.1248273665827088E+49,2.9672741211214955E+49,-2.7499567187042657E+49,2.4763153258897365E+49,-2.1510256923843034E+49,1.7800218277321061E+49,-1.3705360059499375E+49,9.3097308951788817E+48,-4.7074747569069123E+48,0],[0,3.8955373003036219E+48,-7.7040053423716916E+48,1.1341483619087056E+49,-1.4730082564914399E+49,1.7800218277321066E+49,-2.0492089241217555E+49,2.2756529314332737E+49,-2.4554910787057054E+49,2.5858690488731125E+49,-2.66484000413044E+49,2.6912866265872054E+49,-2.66484000413044E+49,2.5858690488731125E+49,-2.4554910787057054E+49,2.2756529314332729E+49,-2.0492089241217555E+49,1.7800218277321061E+49,-1.4730082564914393E+49,1.1341483619087051E+49,-7.70400534237169E+48,3.8955373003036219E+48,0],[0,-2.9993764213802383E+48,5.9317170261233612E+48,-8.7324135046168683E+48,1.1341483619087056E+49,-1.3705360059499378E+49,1.5777979723964898E+49,-1.7521510796124526E+49,1.8906183493440532E+49,-1.9910049559857705E+49,2.051808637007387E+49,-2.0721723479991848E+49,2.051808637007387E+49,-1.9910049559857705E+49,1.8906183493440532E+49,-1.7521510796124526E+49,1.5777979723964898E+49,-1.3705360059499375E+49,1.1341483619087051E+49,-8.7324135046168657E+48,5.9317170261233625E+48,-2.9993764213802383E+48,0],[0,2.0374008772868173E+48,-4.0292679959419628E+48,5.9317170261233625E+48,-7.7040053423716916E+48,9.3097308951788817E+48,-1.0717623201982207E+49,1.1901961763387373E+49,-1.2842549153678577E+49,1.3524448558785692E+49,-1.393748399263333E+49,1.4075803083481314E+49,-1.393748399263333E+49,1.3524448558785692E+49,-1.2842549153678577E+49,1.1901961763387373E+49,-1.0717623201982207E+49,9.3097308951788817E+48,-7.70400534237169E+48,5.9317170261233625E+48,-4.02926799594196E+48,2.0374008772868173E+48,0],[0,-1.0302122140334959E+48,2.0374008772868176E+48,-2.9993764213802389E+48,3.8955373003036226E+48,-4.7074747569069123E+48,5.4193789826868968E+48,-6.0182417576017635E+48,6.4938529706014256E+48,-6.83865647075118E+48,7.047509948131611E+48,-7.1174505254191663E+48,7.047509948131611E+48,-6.83865647075118E+48,6.4938529706014256E+48,-6.0182417576017622E+48,5.4193789826868968E+48,-4.7074747569069123E+48,3.8955373003036219E+48,-2.9993764213802383E+48,2.0374008772868173E+48,-1.0302122140334957E+48,0],[0,0,0,0,0,0,0,0,0,0,0,0,0,0,0,0,0,0,0,0,0,0,0]],[[0,0,0,0,0,0,0,0,0,0,0,0,0,0,0,0,0,0,0,0,0,0,0],[0,-9.38125202201814E+66,1.856513368232302E+67,-2.7359451023676424E+67,3.5582050305159057E+67,-4.3065091167122865E+67,4.9658513785993413E+67,-5.5232724671534954E+67,5.968035773038582E+67,-6.2917407218872509E+67,6.48837014487099E+67,-6.5543149425604354E+67,6.4883701448709914E+67,-6.2917407218872533E+67,5.9680357730385856E+67,-5.5232724671534978E+67,4.9658513785993418E+67,-4.3065091167122889E+67,3.5582050305159057E+67,-2.7359451023676424E+67,1.8565133682323023E+67,-9.3812520220181452E+66,0],[0,1.856513368232302E+67,-3.6739670712753759E+67,5.4143258772824825E+67,-7.0415424302166254E+67,8.5224054723848727E+67,-9.8272148002871765E+67,1.0930328920364863E+68,-1.1810495268430525E+68,1.245109519011935E+68,-1.2840214879137107E+68,1.2970718466178358E+68,-1.284021487913711E+68,1.2451095190119353E+68,-1.181049526843053E+68,1.093032892036487E+68,-9.8272148002871813E+67,8.5224054723848787E+67,-7.0415424302166278E+67,5.4143258772824837E+67,-3.6739670712753771E+67,1.856513368232302E+67,0],[0,-2.7359451023676424E+67,5.4143258772824825E+67,-7.9790869376549054E+67,1.0377103111504817E+68,-1.2559451247897668E+68,1.4482336272501043E+68,-1.610799980469265E+68,1.7405088257270921E+68,-1.8349147683676561E+68,1.8922581471226718E+68,-1.911491458318863E+68,1.892258147122672E+68,-1.8349147683676558E+68,1.7405088257270933E+68,-1.6107999804692655E+68,1.4482336272501048E+68,-1.2559451247897675E+68,1.0377103111504817E+68,-7.9790869376549054E+67,5.4143258772824825E+67,-2.7359451023676424E+67,0],[0,3.5582050305159057E+67,-7.0415424302166254E+67,1.0377103111504817E+68,-1.349580919207287E+68,1.6334023496052276E+68,-1.8834810707764959E+68,2.0949035370646737E+68,-2.2635953482252462E+68,2.3863726283417633E+68,-2.4609506904054712E+68,2.4859632655668533E+68,-2.4609506904054717E+68,2.3863726283417648E+68,-2.2635953482252467E+68,2.0949035370646744E+68,-1.8834810707764966E+68,1.6334023496052283E+68,-1.3495809192072875E+68,1.0377103111504818E+68,-7.0415424302166254E+67,3.5582050305159057E+67,0],[0,-4.3065091167122865E+67,8.5224054723848727E+67,-1.2559451247897668E+68,1.6334023496052276E+68,-1.9769137103544915E+68,2.2795830221686003E+68,-2.5354700260901365E+68,2.7396360662141427E+68,-2.8882358466704795E+68,2.97849554867246E+68,-3.0087706356325928E+68,2.97849554867246E+68,-2.88823584667048E+68,2.7396360662141432E+68,-2.535470026090137E+68,2.2795830221686E+68,-1.9769137103544925E+68,1.6334023496052283E+68,-1.2559451247897673E+68,8.5224054723848727E+67,-4.3065091167122889E+67,0],[0,4.9658513785993413E+67,-9.8272148002871765E+67,1.4482336272501043E+68,-1.8834810707764959E+68,2.2795830221686003E+68,-2.6285932164083318E+68,2.9236548110913678E+68,-3.1590810803637865E+68,3.330429246481339E+68,-3.4345102239737391E+68,3.4694179363368013E+68,-3.4345102239737387E+68,3.3304292464813385E+68,-3.1590810803637865E+68,2.9236548110913678E+68,-2.6285932164083318E+68,2.2795830221686003E+68,-1.8834810707764959E+68,1.4482336272501043E+68,-9.8272148002871765E+67,4.9658513785993424E+67,0],[0,-5.5232724671534954E+67,1.0930328920364863E+68,-1.610799980469265E+68,2.0949035370646737E+68,-2.5354700260901365E+68,2.9236548110913678E+68,-3.2518394188360458E+68,3.5136898183749484E+68,-3.7042744400155681E+68,3.8200357196539968E+68,-3.8588646270314879E+68,3.8200357196539968E+68,-3.7042744400155681E+68,3.513689818374947E+68,-3.2518394188360448E+68,2.9236548110913678E+68,-2.5354700260901365E+68,2.0949035370646737E+68,-1.610799980469265E+68,1.093032892036487E+68,-5.5232724671534978E+67,0],[0,5.968035773038582E+67,-1.1810495268430525E+68,1.7405088257270921E+68,-2.2635953482252462E+68,2.7396360662141427E+68,-3.1590810803637865E+68,3.5136898183749484E+68,-3.7966279556509833E+68,4.0025561950853047E+68,-4.1276419010287642E+68,4.1695943890025315E+68,-4.1276419010287642E+68,4.0025561950853042E+68,-3.7966279556509829E+68,3.513689818374947E+68,-3.1590810803637865E+68,2.7396360662141427E+68,-2.2635953482252467E+68,1.7405088257270921E+68,-1.181049526843053E+68,5.9680357730385844E+67,0],[0,-6.2917407218872509E+67,1.245109519011935E+68,-1.8349147683676561E+68,2.3863726283417633E+68,-2.8882358466704795E+68,3.330429246481339E+68,-3.7042744400155681E+68,4.0025561950853047E+68,-4.2196568778842417E+68,4.3515240109249942E+68,-4.3957551767204448E+68,4.3515240109249923E+68,-4.2196568778842417E+68,4.0025561950853047E+68,-3.7042744400155681E+68,3.3304292464813385E+68,-2.8882358466704795E+68,2.3863726283417648E+68,-1.8349147683676561E+68,1.2451095190119353E+68,-6.2917407218872545E+67,0],[0,6.48837014487099E+67,-1.2840214879137107E+68,1.8922581471226718E+68,-2.4609506904054712E+68,2.97849554867246E+68,-3.4345102239737391E+68,3.8200357196539968E+68,-4.1276419010287642E+68,4.3515240109249942E+68,-4.4875153049752676E+68,4.5331254146157684E+68,-4.4875153049752676E+68,4.3515240109249923E+68,-4.1276419010287642E+68,3.8200357196539958E+68,-3.4345102239737382E+68,2.9784955486724593E+68,-2.4609506904054717E+68,1.892258147122672E+68,-1.284021487913711E+68,6.48837014487099E+67,0],[0,-6.5543149425604354E+67,1.2970718466178358E+68,-1.911491458318863E+68,2.4859632655668533E+68,-3.0087706356325928E+68,3.4694179363368013E+68,-3.8588646270314879E+68,4.1695943890025315E+68,-4.3957551767204448E+68,4.5331254146157684E+68,-4.5792024425174618E+68,4.5331254146157646E+68,-4.3957551767204448E+68,4.169594389002531E+68,-3.8588646270314884E+68,3.4694179363368003E+68,-3.0087706356325928E+68,2.4859632655668533E+68,-1.911491458318863E+68,1.2970718466178361E+68,-6.5543149425604354E+67,0],[0,6.4883701448709914E+67,-1.284021487913711E+68,1.892258147122672E+68,-2.4609506904054717E+68,2.97849554867246E+68,-3.4345102239737387E+68,3.8200357196539968E+68,-4.1276419010287642E+68,4.3515240109249923E+68,-4.4875153049752676E+68,4.5331254146157646E+68,-4.4875153049752657E+68,4.3515240109249923E+68,-4.1276419010287642E+68,3.8200357196539958E+68,-3.4345102239737382E+68,2.97849554867246E+68,-2.4609506904054712E+68,1.8922581471226718E+68,-1.2840214879137107E+68,6.488370144870989E+67,0],[0,-6.2917407218872533E+67,1.2451095190119353E+68,-1.8349147683676558E+68,2.3863726283417648E+68,-2.88823584667048E+68,3.3304292464813385E+68,-3.7042744400155681E+68,4.0025561950853042E+68,-4.2196568778842417E+68,4.3515240109249923E+68,-4.3957551767204448E+68,4.3515240109249923E+68,-4.2196568778842403E+68,4.0025561950853047E+68,-3.7042744400155681E+68,3.3304292464813385E+68,-2.8882358466704795E+68,2.3863726283417648E+68,-1.8349147683676561E+68,1.2451095190119353E+68,-6.2917407218872545E+67,0],[0,5.9680357730385856E+67,-1.181049526843053E+68,1.7405088257270933E+68,-2.2635953482252467E+68,2.7396360662141432E+68,-3.1590810803637865E+68,3.513689818374947E+68,-3.7966279556509829E+68,4.0025561950853047E+68,-4.1276419010287642E+68,4.169594389002531E+68,-4.1276419010287642E+68,4.0025561950853047E+68,-3.7966279556509829E+68,3.513689818374947E+68,-3.1590810803637865E+68,2.7396360662141427E+68,-2.2635953482252467E+68,1.7405088257270926E+68,-1.181049526843053E+68,5.9680357730385844E+67,0],[0,-5.5232724671534978E+67,1.093032892036487E+68,-1.6107999804692655E+68,2.0949035370646744E+68,-2.535470026090137E+68,2.9236548110913678E+68,-3.2518394188360448E+68,3.513689818374947E+68,-3.7042744400155681E+68,3.8200357196539958E+68,-3.8588646270314884E+68,3.8200357196539958E+68,-3.7042744400155681E+68,3.513689818374947E+68,-3.2518394188360448E+68,2.9236548110913678E+68,-2.5354700260901365E+68,2.0949035370646737E+68,-1.610799980469265E+68,1.09303