[[[5,5,5,5,5,5,5,5,7,7,7,7,7,7,7,7,9,9,9,9,9,9,9,9,11,11,11,11,11,11,11,11,13,13,13,13,13,13,13,13,15,15,15,15,15,15,15,15,17,17,17,17,17,17,17,17,19,19,19,19,19,19,19,19],[5,7,9,11,13,15,17,19,5,7,9,11,13,15,17,19,5,7,9,11,13,15,17,19,5,7,9,11,13,15,17,19,5,7,9,11,13,15,17,19,5,7,9,11,13,15,17,19,5,7,9,11,13,15,17,19,5,7,9,11,13,15,17,19],[10,10,10,10,10,10,10,10,10,10,10,10,10,10,10,10,10,10,10,10,10,10,10,10,10,10,10,10,10,10,10,10,10,10,10,10,10,10,10,10,10,10,10,10,10,10,10,10,10,10,10,10,10,10,10,10,10,10,10,10,10,10,10,10],[0,0,0,0,0,0,0,0,0,0,0,0,0,0,0,0,0,0,0,0,0,0,0,0,0,0,0,0,0,0,0,0,0,0,0,0,0,0,0,0,0,0,0,0,0,0,0,0,0,0,0,0,0,0,0,0,0,0,0,0,0,0,0,0],[0,0,0,0,0,0,0,0,0,0,0,0,0,0,0,0,0,0,0,0,0,0,0,0,0,0,0,0,0,0,0,0,0,0,0,0,0,0,0,0,0,0,0,0,0,0,0,0,0,0,0,0,0,0,0,0,0,0,0,0,0,0,0,0],[1,1,1,1,1,1,1,1,1,1,1,1,1,1,1,1,1,1,1,1,1,1,1,1,1,1,1,1,1,1,1,1,1,1,1,1,1,1,1,1,1,1,1,1,1,1,1,1,1,1,1,1,1,1,1,1,1,1,1,1,1,1,1,1],[0,0,0,0,0,0,0,0,0,0,0,0,0,0,0,0,0,0,0,0,0,0,0,0,0,0,0,0,0,0,0,0,0,0,0,0,0,0,0,0,0,0,0,0,0,0,0,0,0,0,0,0,0,0,0,0,0,0,0,0,0,0,0,0],[0,0,0,0,0,0,0,0,0,0,0,0,0,0,0,0,0,0,0,0,0,0,0,0,0,0,0,0,0,0,0,0,0,0,0,0,0,0,0,0,0,0,0,0,0,0,0,0,0,0,0,0,0,0,0,0,0,0,0,0,0,0,0,0],[0,0,0,0,0,0,0,0,0,0,0,0,0,0,0,0,0,0,0,0,0,0,0,0,0,0,0,0,0,0,0,0,0,0,0,0,0,0,0,0,0,0,0,0,0,0,0,0,0,0,0,0,0,0,0,0,0,0,0,0,0,0,0,0],[0,0,0,0,0,0,0,0,0,0,0,0,0,0,0,0,0,0,0,0,0,0,0,0,0,0,0,0,0,0,0,0,0,0,0,0,0,0,0,0,0,0,0,0,0,0,0,0,0,0,0,0,0,0,0,0,0,0,0,0,0,0,0,0],[0,0,0,0,0,0,0,0,0,0,0,0,0,0,0,0,0,0,0,0,0,0,0,0,0,0,0,0,0,0,0,0,0,0,0,0,0,0,0,0,0,0,0,0,0,0,0,0,0,0,0,0,0,0,0,0,0,0,0,0,0,0,0,0],[10,10,10,10,10,10,10,10,10,10,10,10,10,10,10,10,10,10,10,10,10,10,10,10,10,10,10,10,10,10,10,10,10,10,10,10,10,10,10,10,10,10,10,10,10,10,10,10,10,10,10,10,10,10,10,10,10,10,10,10,10,10,10,10],[0,0,0,0,0,0,0,0,0,0,0,0,0,0,0,0,0,0,0,0,0,0,0,0,0,0,0,0,0,0,0,0,0,0,0,0,0,0,0,0,0,0,0,0,0,0,0,0,0,0,0,0,0,0,0,0,0,0,0,0,0,0,0,0],[1,1,1,1,1,1,1,1,1,1,1,1,1,1,1,1,1,1,1,1,1,1,1,1,1,1,1,1,1,1,1,1,1,1,1,1,1,1,1,1,1,1,1,1,1,1,1,1,1,1,1,1,1,1,1,1,1,1,1,1,1,1,1,1],[0,0,0,0,0,0,0,0,0,0,0,0,0,0,0,0,0,0,0,0,0,0,0,0,0,0,0,0,0,0,0,0,0,0,0,0,0,0,0,0,0,0,0,0,0,0,0,0,0,0,0,0,0,0,0,0,0,0,0,0,0,0,0,0],[10,10,10,10,10,10,10,10,10,10,10,10,10,10,10,10,10,10,10,10,10,10,10,10,10,10,10,10,10,10,10,10,10,10,10,10,10,10,10,10,10,10,10,10,10,10,10,10,10,10,10,10,10,10,10,10,10,10,10,10,10,10,10,10],[0,0,0,0,0,0,0,0,0,0,0,0,0,0,0,0,0,0,0,0,0,0,0,0,0,0,0,0,0,0,0,0,0,0,0,0,0,0,0,0,0,0,0,0,0,0,0,0,0,0,0,0,0,0,0,0,0,0,0,0,0,0,0,0],[0,0,0,0,0,0,0,0,0,0,0,0,0,0,0,0,0,0,0,0,0,0,0,0,0,0,0,0,0,0,0,0,0,0,0,0,0,0,0,0,0,0,0,0,0,0,0,0,0,0,0,0,0,0,0,0,0,0,0,0,0,0,0,0],[0,0,0,0,0,0,0,0,0,0,0,0,0,0,0,0,0,0,0,0,0,0,0,0,0,0,0,0,0,0,0,0,0,0,0,0,0,0,0,0,0,0,0,0,0,0,0,0,0,0,0,0,0,0,0,0,0,0,0,0,0,0,0,0],[5,5,5,5,5,5,5,5,5,5,5,5,5,5,5,5,5,5,5,5,5,5,5,5,5,5,5,5,5,5,5,5,5,5,5,5,5,5,5,5,5,5,5,5,5,5,5,5,5,5,5,5,5,5,5,5,5,5,5,5,5,5,5,5],[0,0,0,0,0,0,0,0,0,0,0,0,0,0,0,0,0,0,0,0,0,0,0,0,0,0,0,0,0,0,0,0,0,0,0,0,0,0,0,0,0,0,0,0,0,0,0,0,0,0,0,0,0,0,0,0,0,0,0,0,0,0,0,0],[0,0,0,0,0,0,0,0,0,0,0,0,0,0,0,0,0,0,0,0,0,0,0,0,0,0,0,0,0,0,0,0,0,0,0,0,0,0,0,0,0,0,0,0,0,0,0,0,0,0,0,0,0,0,0,0,0,0,0,0,0,0,0,0],[1,1,1,1,1,1,1,1,1,1,1,1,1,1,1,1,1,1,1,1,1,1,1,1,1,1,1,1,1,1,1,1,1,1,1,1,1,1,1,1,1,1,1,1,1,1,1,1,1,1,1,1,1,1,1,1,1,1,1,1,1,1,1,1],[0,0,0,0,0,0,0,0,0,0,0,0,0,0,0,0,0,0,0,0,0,0,0,0,0,0,0,0,0,0,0,0,0,0,0,0,0,0,0,0,0,0,0,0,0,0,0,0,0,0,0,0,0,0,0,0,0,0,0,0,0,0,0,0],[0,0,0,0,0,0,0,0,0,0,0,0,0,0,0,0,0,0,0,0,0,0,0,0,0,0,0,0,0,0,0,0,0,0,0,0,0,0,0,0,0,0,0,0,0,0,0,0,0,0,0,0,0,0,0,0,0,0,0,0,0,0,0,0]],[[5,5,5,5,5,5,5,5,7,7,7,7,7,7,7,7,9,9,9,9,9,9,9,9,11,11,11,11,11,11,11,11,13,13,13,13,13,13,13,13,15,15,15,15,15,15,15,15,17,17,17,17,17,17,17,17,19,19,19,19,19,19,19,19],[5,7,9,11,13,15,17,19,5,7,9,11,13,15,17,19,5,7,9,11,13,15,17,19,5,7,9,11,13,15,17,19,5,7,9,11,13,15,17,19,5,7,9,11,13,15,17,19,5,7,9,11,13,15,17,19,5,7,9,11,13,15,17,19],[809.77156392376719,809.78383642034771,809.7903131731174,809.79283093494826,809.79283093494826,809.7903131731174,809.78383642034771,809.77156392376719,809.78383642034771,809.80239474994369,809.81753807521523,809.82456385783928,809.82456385783928,809.81753807521523,809.80239474994369,809.78383642034771,809.7903131731174,809.81753807521523,809.8449910006716,809.85947067485654,809.85947067485654,809.8449910006716,809.81753807521523,809.7903131731174,809.79283093494826,809.82456385783928,809.85947067485654,809.87906813112136,809.87906813112136,809.85947067485654,809.82456385783928,809.79283093494826,809.79283093494826,809.82456385783928,809.85947067485654,809.87906813112136,809.87906813112136,809.85947067485654,809.82456385783928,809.79283093494826,809.7903131731174,809.81753807521523,809.8449910006716,809.85947067485654,809.85947067485654,809.8449910006716,809.81753807521523,809.7903131731174,809.78383642034771,809.80239474994369,809.81753807521523,809.82456385783928,809.82456385783928,809.81753807521523,809.80239474994369,809.78383642034771,809.77156392376719,809.78383642034771,809.7903131731174,809.79283093494826,809.79283093494826,809.7903131731174,809.78383642034771,809.77156392376719],[144449.38125746141,195983.06260326607,225780.29260665912,237779.12426633734,237779.12426633734,225780.29260665912,195983.06260326604,144449.38125746135,195983.06260326607,265795.41786810505,306156.64651782706,322406.47448160383,322406.47448160383,306156.64651782706,265795.41786810482,195983.06260326607,225780.29260665912,306156.64651782706,352598.55675503367,371279.70415429707,371279.70415429707,352598.55675503361,306156.64651782706,225780.29260665912,237779.12426633734,322406.47448160383,371279.70415429707,390923.16509234864,390923.16509234847,371279.70415429707,322406.47448160383,237779.12426633731,237779.12426633734,322406.47448160383,371279.70415429707,390923.16509234847,390923.1650923487,371279.70415429707,322406.47448160383,237779.12426633734,225780.29260665912,306156.64651782706,352598.55675503361,371279.70415429707,371279.70415429707,352598.55675503367,306156.64651782706,225780.29260665915,195983.06260326604,265795.41786810482,306156.64651782706,322406.47448160383,322406.47448160383,306156.64651782706,265795.41786810488,195983.06260326607,144449.38125746135,195983.06260326607,225780.29260665912,237779.12426633731,237779.12426633734,225780.29260665915,195983.06260326607,144449.38125746138],[-1.9288040386209045E+11,-2.6135547893135071E+11,-3.0125035781868933E+11,-3.175055632198269E+11,-3.175055632198269E+11,-3.0125035781868933E+11,-2.6135547893135071E+11,-1.9288040386209045E+11,-2.6135547893135071E+11,-3.5413910347224011E+11,-4.0818987003027179E+11,-4.3020880329773059E+11,-4.3020880329773071E+11,-4.0818987003027179E+11,-3.5413910347224011E+11,-2.6135547893135077E+11,-3.0125035781868933E+11,-4.0818987003027179E+11,-4.70453650045155E+11,-4.957972821640553E+11,-4.957972821640553E+11,-4.7045365004515491E+11,-4.0818987003027179E+11,-3.0125035781868945E+11,-3.175055632198269E+11,-4.3020880329773059E+11,-4.957972821640553E+11,-5.2247454342200446E+11,-5.2247454342200452E+11,-4.9579728216405518E+11,-4.3020880329773059E+11,-3.175055632198269E+11,-3.175055632198269E+11,-4.3020880329773071E+11,-4.957972821640553E+11,-5.2247454342200452E+11,-5.2247454342200464E+11,-4.957972821640553E+11,-4.3020880329773059E+11,-3.175055632198269E+11,-3.0125035781868933E+11,-4.0818987003027179E+11,-4.7045365004515491E+11,-4.9579728216405518E+11,-4.957972821640553E+11,-4.7045365004515515E+11,-4.0818987003027179E+11,-3.0125035781868933E+11,-2.6135547893135071E+11,-3.5413910347224011E+11,-4.0818987003027179E+11,-4.3020880329773059E+11,-4.3020880329773059E+11,-4.0818987003027179E+11,-3.5413910347224011E+11,-2.6135547893135071E+11,-1.9288040386209045E+11,-2.6135547893135077E+11,-3.0125035781868945E+11,-3.175055632198269E+11,-3.175055632198269E+11,-3.0125035781868933E+11,-2.6135547893135071E+11,-1.9288040386209045E+11],[0.99600779093086533,0.99600779093086533,0.99600779093086533,0.99600779093086533,0.99600779093086533,0.99600779093086533,0.99600779093086533,0.99600779093086533,0.99600779093086533,0.99600779093086533,0.99600779093086533,0.99600779093086533,0.99600779093086533,0.99600779093086533,0.99600779093086533,0.99600779093086533,0.99600779093086533,0.99600779093086533,0.99600779093086533,0.99600779093086533,0.99600779093086533,0.99600779093086533,0.99600779093086533,0.99600779093086533,0.99600779093086533,0.99600779093086533,0.99600779093086533,0.99600779093086533,0.99600779093086533,0.99600779093086533,0.99600779093086533,0.99600779093086533,0.99600779093086533,0.99600779093086533,0.99600779093086533,0.99600779093086533,0.99600779093086533,0.99600779093086533,0.99600779093086533,0.99600779093086533,0.99600779093086533,0.99600779093086533,0.99600779093086533,0.99600779093086533,0.99600779093086533,0.99600779093086533,0.99600779093086533,0.99600779093086533,0.99600779093086533,0.99600779093086533,0.99600779093086533,0.99600779093086533,0.99600779093086533,0.99600779093086533,0.99600779093086533,0.99600779093086533,0.99600779093086533,0.99600779093086533,0.99600779093086533,0.99600779093086533,0.99600779093086533,0.99600779093086533,0.99600779093086533,0.99600779093086533],[1.6921434066794433E-8,1.6921434066794433E-8,1.6921434066794433E-8,1.6921434066794433E-8,1.6921434066794433E-8,1.6921434066794433E-8,1.6921434066794433E-8,1.6921434066794433E-8,1.6921434066794433E-8,1.6921434066794433E-8,1.6921434066794433E-8,1.6921434066794433E-8,1.6921434066794433E-8,1.6921434066794433E-8,1.6921434066794433E-8,1.6921434066794433E-8,1.6921434066794433E-8,1.6921434066794433E-8,1.6921434066794433E-8,1.6921434066794433E-8,1.6921434066794433E-8,1.6921434066794433E-8,1.6921434066794433E-8,1.6921434066794433E-8,1.6921434066794433E-8,1.6921434066794433E-8,1.6921434066794433E-8,1.6921434066794433E-8,1.6921434066794433E-8,1.6921434066794433E-8,1.6921434066794433E-8,1.6921434066794433E-8,1.6921434066794433E-8,1.6921434066794433E-8,1.6921434066794433E-8,1.6921434066794433E-8,1.6921434066794433E-8,1.6921434066794433E-8,1.6921434066794433E-8,1.6921434066794433E-8,1.6921434066794433E-8,1.6921434066794433E-8,1.6921434066794433E-8,1.6921434066794433E-8,1.6921434066794433E-8,1.6921434066794433E-8,1.6921434066794433E-8,1.6921434066794433E-8,1.6921434066794433E-8,1.6921434066794433E-8,1.6921434066794433E-8,1.6921434066794433E-8,1.6921434066794433E-8,1.6921434066794433E-8,1.6921434066794433E-8,1.6921434066794433E-8,1.6921434066794433E-8,1.6921434066794433E-8,1.6921434066794433E-8,1.6921434066794433E-8,1.6921434066794433E-8,1.6921434066794433E-8,1.6921434066794433E-8,1.6921434066794433E-8],[3.4578992826337868E-9,3.4578992826337868E-9,3.4578992826337868E-9,3.4578992826337868E-9,3.4578992826337868E-9,3.4578992826337868E-9,3.4578992826337868E-9,3.4578992826337868E-9,3.4578992826337868E-9,3.4578992826337868E-9,3.4578992826337868E-9,3.4578992826337868E-9,3.4578992826337868E-9,3.4578992826337868E-9,3.4578992826337868E-9,3.4578992826337868E-9,3.4578992826337868E-9,3.4578992826337868E-9,3.4578992826337868E-9,3.4578992826337868E-9,3.4578992826337868E-9,3.4578992826337868E-9,3.4578992826337868E-9,3.4578992826337868E-9,3.4578992826337868E-9,3.4578992826337868E-9,3.4578992826337868E-9,3.4578992826337868E-9,3.4578992826337868E-9,3.4578992826337868E-9,3.4578992826337868E-9,3.4578992826337868E-9,3.4578992826337868E-9,3.4578992826337868E-9,3.4578992826337868E-9,3.4578992826337868E-9,3.4578992826337868E-9,3.4578992826337868E-9,3.4578992826337868E-9,3.4578992826337868E-9,3.4578992826337868E-9,3.4578992826337868E-9,3.4578992826337868E-9,3.4578992826337868E-9,3.4578992826337868E-9,3.4578992826337868E-9,3.4578992826337868E-9,3.4578992826337868E-9,3.4578992826337868E-9,3.4578992826337868E-9,3.4578992826337868E-9,3.4578992826337868E-9,3.4578992826337868E-9,3.4578992826337868E-9,3.4578992826337868E-9,3.4578992826337868E-9,3.4578992826337868E-9,3.4578992826337868E-9,3.4578992826337868E-9,3.4578992826337868E-9,3.4578992826337868E-9,3.4578992826337868E-9,3.4578992826337868E-9,3.4578992826337868E-9],[1.4207601744930508E-8,1.4207601744930508E-8,1.4207601744930508E-8,1.4207601744930508E-8,1.4207601744930508E-8,1.4207601744930508E-8,1.4207601744930508E-8,1.4207601744930508E-8,1.4207601744930508E-8,1.4207601744930508E-8,1.4207601744930508E-8,1.4207601744930508E-8,1.4207601744930508E-8,1.4207601744930508E-8,1.4207601744930508E-8,1.4207601744930508E-8,1.4207601744930508E-8,1.4207601744930508E-8,1.4207601744930508E-8,1.4207601744930508E-8,1.4207601744930508E-8,1.4207601744930508E-8,1.4207601744930508E-8,1.4207601744930508E-8,1.4207601744930508E-8,1.4207601744930508E-8,1.4207601744930508E-8,1.4207601744930508E-8,1.4207601744930508E-8,1.4207601744930508E-8,1.4207601744930508E-8,1.4207601744930508E-8,1.4207601744930508E-8,1.4207601744930508E-8,1.4207601744930508E-8,1.4207601744930508E-8,1.4207601744930508E-8,1.4207601744930508E-8,1.4207601744930508E-8,1.4207601744930508E-8,1.4207601744930508E-8,1.4207601744930508E-8,1.4207601744930508E-8,1.4207601744930508E-8,1.4207601744930508E-8,1.4207601744930508E-8,1.4207601744930508E-8,1.4207601744930508E-8,1.4207601744930508E-8,1.4207601744930508E-8,1.4207601744930508E-8,1.4207601744930508E-8,1.4207601744930508E-8,1.4207601744930508E-8,1.4207601744930508E-8,1.4207601744930508E-8,1.4207601744930508E-8,1.4207601744930508E-8,1.4207601744930508E-8,1.4207601744930508E-8,1.4207601744930508E-8,1.4207601744930508E-8,1.4207601744930508E-8,1.4207601744930508E-8],[0,0,0,0,0,0,0,0,0,0,0,0,0,0,0,0,0,0,0,0,0,0,0,0,0,0,0,0,0,0,0,0,0,0,0,0,0,0,0,0,0,0,0,0,0,0,0,0,0,0,0,0,0,0,0,0,0,0,0,0,0,0,0,0],[0,0,0,0,0,0,0,0,0,0,0,0,0,0,0,0,0,0,0,0,0,0,0,0,0,0,0,0,0,0,0,0,0,0,0,0,0,0,0,0,0,0,0,0,0,0,0,0,0,0,0,0,0,0,0,0,0,0,0,0,0,0,0,0],[9.96007790154688,9.96007790154688,9.96007790154688,9.96007790154688,9.96007790154688,9.96007790154688,9.96007790154688,9.96007790154688,9.96007790154688,9.96007790154688,9.96007790154688,9.96007790154688,9.96007790154688,9.96007790154688,9.96007790154688,9.96007790154688,9.96007790154688,9.96007790154688,9.96007790154688,9.96007790154688,9.96007790154688,9.96007790154688,9.96007790154688,9.96007790154688,9.96007790154688,9.96007790154688,9.96007790154688,9.96007790154688,9.96007790154688,9.96007790154688,9.96007790154688,9.96007790154688,9.96007790154688,9.96007790154688,9.96007790154688,9.96007790154688,9.96007790154688,9.96007790154688,9.96007790154688,9.96007790154688,9.96007790154688,9.96007790154688,9.96007790154688,9.96007790154688,9.96007790154688,9.96007790154688,9.96007790154688,9.96007790154688,9.96007790154688,9.96007790154688,9.96007790154688,9.96007790154688,9.96007790154688,9.96007790154688,9.96007790154688,9.96007790154688,9.96007790154688,9.96007790154688,9.96007790154688,9.96007790154688,9.96007790154688,9.96007790154688,9.96007790154688,9.96007790154688],[1.9058549096009674E-9,1.9058549096009674E-9,1.9058549096009674E-9,1.9058549096009674E-9,1.9058549096009674E-9,1.9058549096009674E-9,1.9058549096009674E-9,1.9058549096009674E-9,1.9058549096009674E-9,1.9058549096009674E-9,1.9058549096009674E-9,1.9058549096009674E-9,1.9058549096009674E-9,1.9058549096009674E-9,1.9058549096009674E-9,1.9058549096009674E-9,1.9058549096009674E-9,1.9058549096009674E-9,1.9058549096009674E-9,1.9058549096009674E-9,1.9058549096009674E-9,1.9058549096009674E-9,1.9058549096009674E-9,1.9058549096009674E-9,1.9058549096009674E-9,1.9058549096009674E-9,1.9058549096009674E-9,1.9058549096009674E-9,1.9058549096009674E-9,1.9058549096009674E-9,1.9058549096009674E-9,1.9058549096009674E-9,1.9058549096009674E-9,1.9058549096009674E-9,1.9058549096009674E-9,1.9058549096009674E-9,1.9058549096009674E-9,1.9058549096009674E-9,1.9058549096009674E-9,1.9058549096009674E-9,1.9058549096009674E-9,1.9058549096009674E-9,1.9058549096009674E-9,1.9058549096009674E-9,1.9058549096009674E-9,1.9058549096009674E-9,1.9058549096009674E-9,1.9058549096009674E-9,1.9058549096009674E-9,1.9058549096009674E-9,1.9058549096009674E-9,1.9058549096009674E-9,1.9058549096009674E-9,1.9058549096009674E-9,1.9058549096009674E-9,1.9058549096009674E-9,1.9058549096009674E-9,1.9058549096009674E-9,1.9058549096009674E-9,1.9058549096009674E-9,1.9058549096009674E-9,1.9058549096009674E-9,1.9058549096009674E-9,1.9058549096009674E-9],[1,1,1,1,1,1,1,1,1,1,1,1,1,1,1,1,1,1,1,1,1,1,1,1,1,1,1,1,1,1,1,1,1,1,1,1,1,1,1,1,1,1,1,1,1,1,1,1,1,1,1,1,1,1,1,1,1,1,1,1,1,1,1,1],[0,0,0,0,0,0,0,0,0,0,0,0,0,0,0,0,0,0,0,0,0,0,0,0,0,0,0,0,0,0,0,0,0,0,0,0,0,0,0,0,0,0,0,0,0,0,0,0,0,0,0,0,0,0,0,0,0,0,0,0,0,0,0,0],[10,10,10,10,10,10,10,10,10,10,10,10,10,10,10,10,10,10,10,10,10,10,10,10,10,10,10,10,10,10,10,10,10,10,10,10,10,10,10,10,10,10,10,10,10,10,10,10,10,10,10,10,10,10,10,10,10,10,10,10,10,10,10,10],[1.0164174729882808E-8,1.0164174729882808E-8,1.0164174729882808E-8,1.0164174729882808E-8,1.0164174729882808E-8,1.0164174729882808E-8,1.0164174729882808E-8,1.0164174729882808E-8,1.0164174729882808E-8,1.0164174729882808E-8,1.0164174729882808E-8,1.0164174729882808E-8,1.0164174729882808E-8,1.0164174729882808E-8,1.0164174729882808E-8,1.0164174729882808E-8,1.0164174729882808E-8,1.0164174729882808E-8,1.0164174729882808E-8,1.0164174729882808E-8,1.0164174729882808E-8,1.0164174729882808E-8,1.0164174729882808E-8,1.0164174729882808E-8,1.0164174729882808E-8,1.0164174729882808E-8,1.0164174729882808E-8,1.0164174729882808E-8,1.0164174729882808E-8,1.0164174729882808E-8,1.0164174729882808E-8,1.0164174729882808E-8,1.0164174729882808E-8,1.0164174729882808E-8,1.0164174729882808E-8,1.0164174729882808E-8,1.0164174729882808E-8,1.0164174729882808E-8,1.0164174729882808E-8,1.0164174729882808E-8,1.0164174729882808E-8,1.0164174729882808E-8,1.0164174729882808E-8,1.0164174729882808E-8,1.0164174729882808E-8,1.0164174729882808E-8,1.0164174729882808E-8,1.0164174729882808E-8,1.0164174729882808E-8,1.0164174729882808E-8,1.0164174729882808E-8,1.0164174729882808E-8,1.0164174729882808E-8,1.0164174729882808E-8,1.0164174729882808E-8,1.0164174729882808E-8,1.0164174729882808E-8,1.0164174729882808E-8,1.0164174729882808E-8,1.0164174729882808E-8,1.0164174729882808E-8,1.0164174729882808E-8,1.0164174729882808E-8,1.0164174729882808E-8],[1.6752972618135184E-6,1.6752972618135184E-6,1.6752972618135184E-6,1.6752972618135184E-6,1.6752972618135184E-6,1.6752972618135184E-6,1.6752972618135184E-6,1.6752972618135184E-6,1.6752972618135184E-6,1.6752972618135184E-6,1.6752972618135184E-6,1.6752972618135184E-6,1.6752972618135184E-6,1.6752972618135184E-6,1.6752972618135184E-6,1.6752972618135184E-6,1.6752972618135184E-6,1.6752972618135184E-6,1.6752972618135184E-6,1.6752972618135184E-6,1.6752972618135184E-6,1.6752972618135184E-6,1.6752972618135184E-6,1.6752972618135184E-6,1.6752972618135184E-6,1.6752972618135184E-6,1.6752972618135184E-6,1.6752972618135184E-6,1.6752972618135184E-6,1.6752972618135184E-6,1.6752972618135184E-6,1.6752972618135184E-6,1.6752972618135184E-6,1.6752972618135184E-6,1.6752972618135184E-6,1.6752972618135184E-6,1.6752972618135184E-6,1.6752972618135184E-6,1.6752972618135184E-6,1.6752972618135184E-6,1.6752972618135184E-6,1.6752972618135184E-6,1.6752972618135184E-6,1.6752972618135184E-6,1.6752972618135184E-6,1.6752972618135184E-6,1.6752972618135184E-6,1.6752972618135184E-6,1.6752972618135184E-6,1.6752972618135184E-6,1.6752972618135184E-6,1.6752972618135184E-6,1.6752972618135184E-6,1.6752972618135184E-6,1.6752972618135184E-6,1.6752972618135184E-6,1.6752972618135184E-6,1.6752972618135184E-6,1.6752972618135184E-6,1.6752972618135184E-6,1.6752972618135184E-6,1.6752972618135184E-6,1.6752972618135184E-6,1.6752972618135184E-6],[2.0861786442425816E-5,2.0861786442425816E-5,2.0861786442425816E-5,2.0861786442425816E-5,2.0861786442425816E-5,2.0861786442425816E-5,2.0861786442425816E-5,2.0861786442425816E-5,2.0861786442425816E-5,2.0861786442425816E-5,2.0861786442425816E-5,2.0861786442425816E-5,2.0861786442425816E-5,2.0861786442425816E-5,2.0861786442425816E-5,2.0861786442425816E-5,2.0861786442425816E-5,2.0861786442425816E-5,2.0861786442425816E-5,2.0861786442425816E-5,2.0861786442425816E-5,2.0861786442425816E-5,2.0861786442425816E-5,2.0861786442425816E-5,2.0861786442425816E-5,2.0861786442425816E-5,2.0861786442425816E-5,2.0861786442425816E-5,2.0861786442425816E-5,2.0861786442425816E-5,2.0861786442425816E-5,2.0861786442425816E-5,2.0861786442425816E-5,2.0861786442425816E-5,2.0861786442425816E-5,2.0861786442425816E-5,2.0861786442425816E-5,2.0861786442425816E-5,2.0861786442425816E-5,2.0861786442425816E-5,2.0861786442425816E-5,2.0861786442425816E-5,2.0861786442425816E-5,2.0861786442425816E-5,2.0861786442425816E-5,2.0861786442425816E-5,2.0861786442425816E-5,2.0861786442425816E-5,2.0861786442425816E-5,2.0861786442425816E-5,2.0861786442425816E-5,2.0861786442425816E-5,2.0861786442425816E-5,2.0861786442425816E-5,2.0861786442425816E-5,2.0861786442425816E-5,2.0861786442425816E-5,2.0861786442425816E-5,2.0861786442425816E-5,2.0861786442425816E-5,2.0861786442425816E-5,2.0861786442425816E-5,2.0861786442425816E-5,2.0861786442425816E-5],[5,5,5,5,5,5,5,5,5,5,5,5,5,5,5,5,5,5,5,5,5,5,5,5,5,5,5,5,5,5,5,5,5,5,5,5,5,5,5,5,5,5,5,5,5,5,5,5,5,5,5,5,5,5,5,5,5,5,5,5,5,5,5,5],[0,0,0,0,0,0,0,0,0,0,0,0,0,0,0,0,0,0,0,0,0,0,0,0,0,0,0,0,0,0,0,0,0,0,0,0,0,0,0,0,0,0,0,0,0,0,0,0,0,0,0,0,0,0,0,0,0,0,0,0,0,0,0,0],[0,0,0,0,0,0,0,0,0,0,0,0,0,0,0,0,0,0,0,0,0,0,0,0,0,0,0,0,0,0,0,0,0,0,0,0,0,0,0,0,0,0,0,0,0,0,0,0,0,0,0,0,0,0,0,0,0,0,0,0,0,0,0,0],[1,1,1,1,1,1,1,1,1,1,1,1,1,1,1,1,1,1,1,1,1,1,1,1,1,1,1,1,1,1,1,1,1,1,1,1,1,1,1,1,1,1,1,1,1,1,1,1,1,1,1,1,1,1,1,1,1,1,1,1,1,1,1,1],[0,0,0,0,0,0,0,0,0,0,0,0,0,0,0,0,0,0,0,0,0,0,0,0,0,0,0,0,0,0,0,0,0,0,0,0,0,0,0,0,0,0,0,0,0,0,0,0,0,0,0,0,0,0,0,0,0,0,0,0,0,0,0,0],[0,0,0,0,0,0,0,0,0,0,0,0,0,0,0,0,0,0,0,0,0,0,0,0,0,0,0,0,0,0,0,0,0,0,0,0,0,0,0,0,0,0,0,0,0,0,0,0,0,0,0,0,0,0,0,0,0,0,0,0,0,0,0,0]],[[5,5,5,5,5,5,5,5,7,7,7,7,7,7,7,7,9,9,9,9,9,9,9,9,11,11,11,11,11,11,11,11,13,13,13,13,13,13,13,13,15,15,15,15,15,15,15,15,17,17,17,17,17,17,17,17,19,19,19,19,19,19,19,19],[5,7,9,11,13,15,17,19,5,7,9,11,13,15,17,19,5,7,9,11,13,15,17,19,5,7,9,11,13,15,17,19,5,7,9,11,13,15,17,19,5,7,9,11,13,15,17,19,5,7,9,11,13,15,17,19,5,7,9,11,13,15,17,19],[1596.3525007170381,1596.3636321091335,1596.3695021708263,1596.371783485486,1596.3717834854858,1596.3695021708263,1596.3636321091335,1596.3525007170376,1596.3636321091335,1596.380442989966,1596.3941511648729,1596.400510087675,1596.400510087675,1596.3941511648729,1596.380442989966,1596.3636321091335,1596.3695021708263,1596.3941511648729,1596.4189951182836,1596.4320974199215,1596.4320974199215,1596.4189951182836,1596.3941511648729,1596.3695021708263,1596.371783485486,1596.400510087675,1596.4320974199215,1596.4498297898858,1596.4498297898858,1596.4320974199215,1596.400510087675,1596.3717834854856,1596.3717834854858,1596.400510087675,1596.4320974199215,1596.4498297898858,1596.4498297898856,1596.4320974199215,1596.400510087675,1596.3717834854856,1596.3695021708263,1596.3941511648729,1596.4189951182836,1596.4320974199215,1596.4320974199215,1596.4189951182836,1596.3941511648729,1596.3695021708263,1596.3636321091335,1596.380442989966,1596.3941511648729,1596.400510087675,1596.400510087675,1596.3941511648729,1596.380442989966,1596.3636321091335,1596.3525007170376,1596.3636321091335,1596.3695021708263,1596.3717834854856,1596.3717834854856,1596.3695021708263,1596.3636321091335,1596.3525007170381],[1.2297617953939282E+24,1.6950578154373893E+24,2.0125512661347825E+24,2.1715482725646108E+24,2.1715482725646106E+24,2.012551266134782E+24,1.6950578154373893E+24,1.2297617953939282E+24,1.6950578154373893E+24,2.3363814876412441E+24,2.7739695033696879E+24,2.99310015608163E+24,2.99310015608163E+24,2.7739695033696868E+24,2.3363814876412441E+24,1.6950578154373888E+24,2.0125512661347825E+24,2.7739695033696879E+24,3.2934783353834177E+24,3.553621904204388E+24,3.553621904204388E+24,3.2934783353834182E+24,2.7739695033696889E+24,2.0125512661347831E+24,2.1715482725646108E+24,2.99310015608163E+24,3.553621904204388E+24,3.8342951785837285E+24,3.8342951785837296E+24,3.5536219042043869E+24,2.9931001560816287E+24,2.1715482725646108E+24,2.1715482725646106E+24,2.99310015608163E+24,3.553621904204388E+24,3.8342951785837296E+24,3.834295178583729E+24,3.5536219042043859E+24,2.99310015608163E+24,2.1715482725646108E+24,2.012551266134782E+24,2.7739695033696868E+24,3.2934783353834182E+24,3.5536219042043869E+24,3.5536219042043859E+24,3.2934783353834182E+24,2.7739695033696879E+24,2.0125512661347825E+24,1.6950578154373893E+24,2.3363814876412441E+24,2.7739695033696889E+24,2.9931001560816287E+24,2.99310015608163E+24,2.7739695033696879E+24,2.3363814876412438E+24,1.695057815437389E+24,1.2297617953939282E+24,1.6950578154373888E+24,2.0125512661347831E+24,2.1715482725646108E+24,2.1715482725646108E+24,2.0125512661347825E+24,1.695057815437389E+24,1.2297617953939274E+24],[-1.6406019702807006E+30,-2.2619373555393233E+30,-2.6863617312965137E+30,-2.8991264301720085E+30,-2.8991264301720085E+30,-2.6863617312965137E+30,-2.2619373555393233E+30,-1.6406019702807009E+30,-2.2619373555393233E+30,-3.1185573966085212E+30,-3.7036785376435573E+30,-3.9969901542541706E+30,-3.9969901542541706E+30,-3.7036785376435579E+30,-3.1185573966085212E+30,-2.2619373555393233E+30,-2.6863617312965137E+30,-3.7036785376435573E+30,-4.3985365032906678E+30,-4.7468439639956358E+30,-4.7468439639956347E+30,-4.3985365032906678E+30,-3.7036785376435579E+30,-2.6863617312965148E+30,-2.8991264301720085E+30,-3.9969901542541706E+30,-4.7468439639956358E+30,-5.1227093640852941E+30,-5.122709364085293E+30,-4.7468439639956347E+30,-3.99699015425417E+30,-2.8991264301720085E+30,-2.8991264301720085E+30,-3.9969901542541706E+30,-4.7468439639956347E+30,-5.122709364085293E+30,-5.122709364085293E+30,-4.7468439639956347E+30,-3.9969901542541706E+30,-2.8991264301720085E+30,-2.6863617312965137E+30,-3.7036785376435579E+30,-4.3985365032906678E+30,-4.7468439639956347E+30,-4.7468439639956347E+30,-4.3985365032906678E+30,-3.7036785376435579E+30,-2.6863617312965137E+30,-2.2619373555393233E+30,-3.1185573966085212E+30,-3.7036785376435579E+30,-3.99699015425417E+30,-3.9969901542541706E+30,-3.7036785376435579E+30,-3.1185573966085195E+30,-2.2619373555393233E+30,-1.6406019702807009E+30,-2.2619373555393233E+30,-2.6863617312965148E+30,-2.8991264301720085E+30,-2.8991264301720085E+30,-2.6863617312965137E+30,-2.2619373555393233E+30,-1.6406019702807009E+30],[0.9920315211577776,0.9920315211577776,0.9920315211577776,0.9920315211577776,0.9920315211577776,0.9920315211577776,0.9920315211577776,0.9920315211577776,0.9920315211577776,0.9920315211577776,0.9920315211577776,0.9920315211577776,0.9920315211577776,0.9920315211577776,0.9920315211577776,0.9920315211577776,0.9920315211577776,0.9920315211577776,0.9920315211577776,0.9920315211577776,0.9920315211577776,0.9920315211577776,0.9920315211577776,0.9920315211577776,0.9920315211577776,0.9920315211577776,0.9920315211577776,0.9920315211577776,0.9920315211577776,0.9920315211577776,0.9920315211577776,0.9920315211577776,0.9920315211577776,0.9920315211577776,0.9920315211577776,0.9920315211577776,0.9920315211577776,0.9920315211577776,0.9920315211577776,0.9920315211577776,0.9920315211577776,0.9920315211577776,0.9920315211577776,0.9920315211577776,0.9920315211577776,0.9920315211577776,0.9920315211577776,0.9920315211577776,0.9920315211577776,0.9920315211577776,0.9920315211577776,0.9920315211577776,0.9920315211577776,0.9920315211577776,0.9920315211577776,0.9920315211577776,0.9920315211577776,0.9920315211577776,0.9920315211577776,0.9920315211577776,0.9920315211577776,0.9920315211577776,0.9920315211577776,0.9920315211577776],[3.2540635203397571E-8,3.2540635203397571E-8,3.2540635203397571E-8,3.2540635203397571E-8,3.2540635203397571E-8,3.2540635203397571E-8,3.2540635203397571E-8,3.2540635203397571E-8,3.2540635203397571E-8,3.2540635203397571E-8,3.2540635203397571E-8,3.2540635203397571E-8,3.2540635203397571E-8,3.2540635203397571E-8,3.2540635203397571E-8,3.2540635203397571E-8,3.2540635203397571E-8,3.2540635203397571E-8,3.2540635203397571E-8,3.2540635203397571E-8,3.2540635203397571E-8,3.2540635203397571E-8,3.2540635203397571E-8,3.2540635203397571E-8,3.2540635203397571E-8,3.2540635203397571E-8,3.2540635203397571E-8,3.2540635203397571E-8,3.2540635203397571E-8,3.2540635203397571E-8,3.2540635203397571E-8,3.2540635203397571E-8,3.2540635203397571E-8,3.2540635203397571E-8,3.2540635203397571E-8,3.2540635203397571E-8,3.2540635203397571E-8,3.2540635203397571E-8,3.2540635203397571E-8,3.2540635203397571E-8,3.2540635203397571E-8,3.2540635203397571E-8,3.2540635203397571E-8,3.2540635203397571E-8,3.2540635203397571E-8,3.2540635203397571E-8,3.2540635203397571E-8,3.2540635203397571E-8,3.2540635203397571E-8,3.2540635203397571E-8,3.2540635203397571E-8,3.2540635203397571E-8,3.2540635203397571E-8,3.2540635203397571E-8,3.2540635203397571E-8,3.2540635203397571E-8,3.2540635203397571E-8,3.2540635203397571E-8,3.2540635203397571E-8,3.2540635203397571E-8,3.2540635203397571E-8,3.2540635203397571E-8,3.2540635203397571E-8,3.2540635203397571E-8],[1.362857393825806E-8,1.362857393825806E-8,1.362857393825806E-8,1.362857393825806E-8,1.362857393825806E-8,1.362857393825806E-8,1.362857393825806E-8,1.362857393825806E-8,1.362857393825806E-8,1.362857393825806E-8,1.362857393825806E-8,1.362857393825806E-8,1.362857393825806E-8,1.362857393825806E-8,1.362857393825806E-8,1.362857393825806E-8,1.362857393825806E-8,1.362857393825806E-8,1.362857393825806E-8,1.362857393825806E-8,1.362857393825806E-8,1.362857393825806E-8,1.362857393825806E-8,1.362857393825806E-8,1.362857393825806E-8,1.362857393825806E-8,1.362857393825806E-8,1.362857393825806E-8,1.362857393825806E-8,1.362857393825806E-8,1.362857393825806E-8,1.362857393825806E-8,1.362857393825806E-8,1.362857393825806E-8,1.362857393825806E-8,1.362857393825806E-8,1.362857393825806E-8,1.362857393825806E-8,1.362857393825806E-8,1.362857393825806E-8,1.362857393825806E-8,1.362857393825806E-8,1.362857393825806E-8,1.362857393825806E-8,1.362857393825806E-8,1.362857393825806E-8,1.362857393825806E-8,1.362857393825806E-8,1.362857393825806E-8,1.362857393825806E-8,1.362857393825806E-8,1.362857393825806E-8,1.362857393825806E-8,1.362857393825806E-8,1.362857393825806E-8,1.362857393825806E-8,1.362857393825806E-8,1.362857393825806E-8,1.362857393825806E-8,1.362857393825806E-8,1.362857393825806E-8,1.362857393825806E-8,1.362857393825806E-8,1.362857393825806E-8],[2.7321820578090074E-8,2.7321820578090074E-8,2.7321820578090074E-8,2.7321820578090074E-8,2.7321820578090074E-8,2.7321820578090074E-8,2.7321820578090074E-8,2.7321820578090074E-8,2.7321820578090074E-8,2.7321820578090074E-8,2.7321820578090074E-8,2.7321820578090074E-8,2.7321820578090074E-8,2.7321820578090074E-8,2.7321820578090074E-8,2.7321820578090074E-8,2.7321820578090074E-8,2.7321820578090074E-8,2.7321820578090074E-8,2.7321820578090074E-8,2.7321820578090074E-8,2.7321820578090074E-8,2.7321820578090074E-8,2.7321820578090074E-8,2.7321820578090074E-8,2.7321820578090074E-8,2.7321820578090074E-8,2.7321820578090074E-8,2.7321820578090074E-8,2.7321820578090074E-8,2.7321820578090074E-8,2.7321820578090074E-8,2.7321820578090074E-8,2.7321820578090074E-8,2.7321820578090074E-8,2.7321820578090074E-8,2.7321820578090074E-8,2.7321820578090074E-8,2.7321820578090074E-8,2.7321820578090074E-8,2.7321820578090074E-8,2.7321820578090074E-8,2.7321820578090074E-8,2.7321820578090074E-8,2.7321820578090074E-8,2.7321820578090074E-8,2.7321820578090074E-8,2.7321820578090074E-8,2.7321820578090074E-8,2.7321820578090074E-8,2.7321820578090074E-8,2.7321820578090074E-8,2.7321820578090074E-8,2.7321820578090074E-8,2.7321820578090074E-8,2.7321820578090074E-8,2.7321820578090074E-8,2.7321820578090074E-8,2.7321820578090074E-8,2.7321820578090074E-8,2.7321820578090074E-8,2.7321820578090074E-8,2.7321820578090074E-8,2.7321820578090074E-8],[0,0,0,0,0,0,0,0,0,0,0,0,0,0,0,0,0,0,0,0,0,0,0,0,0,0,0,0,0,0,0,0,0,0,0,0,0,0,0,0,0,0,0,0,0,0,0,0,0,0,0,0,0,0,0,0,0,0,0,0,0,0,0,0],[0,0,0,0,0,0,0,0,0,0,0,0,0,0,0,0,0,0,0,0,0,0,0,0,0,0,0,0,0,0,0,0,0,0,0,0,0,0,0,0,0,0,0,0,0,0,0,0,0,0,0,0,0,0,0,0,0,0,0,0,0,0,0,0],[9.9203151809864156,9.9203151809864156,9.9203151809864156,9.9203151809864156,9.9203151809864156,9.9203151809864156,9.9203151809864156,9.9203151809864156,9.9203151809864156,9.9203151809864156,9.9203151809864156,9.9203151809864156,9.9203151809864156,9.9203151809864156,9.9203151809864156,9.9203151809864156,9.9203151809864156,9.9203151809864156,9.9203151809864156,9.9203151809864156,9.9203151809864156,9.9203151809864156,9.9203151809864156,9.9203151809864156,9.9203151809864156,9.9203151809864156,9.9203151809864156,9.9203151809864156,9.9203151809864156,9.9203151809864156,9.9203151809864156,9.9203151809864156,9.9203151809864156,9.9203151809864156,9.9203151809864156,9.9203151809864156,9.9203151809864156,9.9203151809864156,9.9203151809864156,9.9203151809864156,9.9203151809864156,9.9203151809864156,9.9203151809864156,9.9203151809864156,9.9203151809864156,9.9203151809864156,9.9203151809864156,9.9203151809864156,9.9203151809864156,9.9203151809864156,9.9203151809864156,9.9203151809864156,9.9203151809864156,9.9203151809864156,9.9203151809864156,9.9203151809864156,9.9203151809864156,9.9203151809864156,9.9203151809864156,9.9203151809864156,9.9203151809864156,9.9203151809864156,9.9203151809864156,9.9203151809864156],[3.6650398021305455E-9,3.6650398021305455E-9,3.6650398021305455E-9,3.6650398021305455E-9,3.6650398021305455E-9,3.6650398021305455E-9,3.6650398021305455E-9,3.6650398021305455E-9,3.6650398021305455E-9,3.6650398021305455E-9,3.6650398021305455E-9,3.6650398021305455E-9,3.6650398021305455E-9,3.6650398021305455E-9,3.6650398021305455E-9,3.6650398021305455E-9,3.6650398021305455E-9,3.6650398021305455E-9,3.6650398021305455E-9,3.6650398021305455E-9,3.6650398021305455E-9,3.6650398021305455E-9,3.6650398021305455E-9,3.6650398021305455E-9,3.6650398021305455E-9,3.6650398021305455E-9,3.6650398021305455E-9,3.6650398021305455E-9,3.6650398021305455E-9,3.6650398021305455E-9,3.6650398021305455E-9,3.6650398021305455E-9,3.6650398021305455E-9,3.6650398021305455E-9,3.6650398021305455E-9,3.6650398021305455E-9,3.6650398021305455E-9,3.6650398021305455E-9,3.6650398021305455E-9,3.6650398021305455E-9,3.6650398021305455E-9,3.6650398021305455E-9,3.6650398021305455E-9,3.6650398021305455E-9,3.6650398021305455E-9,3.6650398021305455E-9,3.6650398021305455E-9,3.6650398021305455E-9,3.6650398021305455E-9,3.6650398021305455E-9,3.6650398021305455E-9,3.6650398021305455E-9,3.6650398021305455E-9,3.6650398021305455E-9,3.6650398021305455E-9,3.6650398021305455E-9,3.6650398021305455E-9,3.6650398021305455E-9,3.6650398021305455E-9,3.6650398021305455E-9,3.6650398021305455E-9,3.6650398021305455E-9,3.6650398021305455E-9,3.6650398021305455E-9],[1,1,1,1,1,1,1,1,1,1,1,1,1,1,1,1,1,1,1,1,1,1,1,1,1,1,1,1,1,1,1,1,1,1,1,1,1,1,1,1,1,1,1,1,1,1,1,1,1,1,1,1,1,1,1,1,1,1,1,1,1,1,1,1],[0,0,0,0,0,0,0,0,0,0,0,0,0,0,0,0,0,0,0,0,0,0,0,0,0,0,0,0,0,0,0,0,0,0,0,0,0,0,0,0,0,0,0,0,0,0,0,0,0,0,0,0,0,0,0,0,0,0,0,0,0,0,0,0],[10,10,10,10,10,10,10,10,10,10,10,10,10,10,10,10,10,10,10,10,10,10,10,10,10,10,10,10,10,10,10,10,10,10,10,10,10,10,10,10,10,10,10,10,10,10,10,10,10,10,10,10,10,10,10,10,10,10,10,10,10,10,10,10],[1.9546138981077807E-8,1.9546138981077807E-8,1.9546138981077807E-8,1.9546138981077807E-8,1.9546138981077807E-8,1.9546138981077807E-8,1.9546138981077807E-8,1.9546138981077807E-8,1.9546138981077807E-8,1.9546138981077807E-8,1.9546138981077807E-8,1.9546138981077807E-8,1.9546138981077807E-8,1.9546138981077807E-8,1.9546138981077807E-8,1.9546138981077807E-8,1.9546138981077807E-8,1.9546138981077807E-8,1.9546138981077807E-8,1.9546138981077807E-8,1.9546138981077807E-8,1.9546138981077807E-8,1.9546138981077807E-8,1.9546138981077807E-8,1.9546138981077807E-8,1.9546138981077807E-8,1.9546138981077807E-8,1.9546138981077807E-8,1.9546138981077807E-8,1.9546138981077807E-8,1.9546138981077807E-8,1.9546138981077807E-8,1.9546138981077807E-8,1.9546138981077807E-8,1.9546138981077807E-8,1.9546138981077807E-8,1.9546138981077807E-8,1.9546138981077807E-8,1.9546138981077807E-8,1.9546138981077807E-8,1.9546138981077807E-8,1.9546138981077807E-8,1.9546138981077807E-8,1.9546138981077807E-8,1.9546138981077807E-8,1.9546138981077807E-8,1.9546138981077807E-8,1.9546138981077807E-8,1.9546138981077807E-8,1.9546138981077807E-8,1.9546138981077807E-8,1.9546138981077807E-8,1.9546138981077807E-8,1.9546138981077807E-8,1.9546138981077807E-8,1.9546138981077807E-8,1.9546138981077807E-8,1.9546138981077807E-8,1.9546138981077807E-8,1.9546138981077807E-8,1.9546138981077807E-8,1.9546138981077807E-8,1.9546138981077807E-8,1.9546138981077807E-8],[6.6028275363174769E-6,6.6028275363174769E-6,6.6028275363174769E-6,6.6028275363174769E-6,6.6028275363174769E-6,6.6028275363174769E-6,6.6028275363174769E-6,6.6028275363174769E-6,6.6028275363174769E-6,6.6028275363174769E-6,6.6028275363174769E-6,6.6028275363174769E-6,6.6028275363174769E-6,6.6028275363174769E-6,6.6028275363174769E-6,6.6028275363174769E-6,6.6028275363174769E-6,6.6028275363174769E-6,6.6028275363174769E-6,6.6028275363174769E-6,6.6028275363174769E-6,6.6028275363174769E-6,6.6028275363174769E-6,6.6028275363174769E-6,6.6028275363174769E-6,6.6028275363174769E-6,6.6028275363174769E-6,6.6028275363174769E-6,6.6028275363174769E-6,6.6028275363174769E-6,6.6028275363174769E-6,6.6028275363174769E-6,6.6028275363174769E-6,6.6028275363174769E-6,6.6028275363174769E-6,6.6028275363174769E-6,6.6028275363174769E-6,6.6028275363174769E-6,6.6028275363174769E-6,6.6028275363174769E-6,6.6028275363174769E-6,6.6028275363174769E-6,6.6028275363174769E-6,6.6028275363174769E-6,6.6028275363174769E-6,6.6028275363174769E-6,6.6028275363174769E-6,6.6028275363174769E-6,6.6028275363174769E-6,6.6028275363174769E-6,6.6028275363174769E-6,6.6028275363174769E-6,6.6028275363174769E-6,6.6028275363174769E-6,6.6028275363174769E-6,6.6028275363174769E-6,6.6028275363174769E-6,6.6028275363174769E-6,6.6028275363174769E-6,6.6028275363174769E-6,6.6028275363174769E-6,6.6028275363174769E-6,6.6028275363174769E-6,6.6028275363174769E-6],[4.0118099898300479E-5,4.0118099898300479E-5,4.0118099898300479E-5,4.0118099898300479E-5,4.0118099898300479E-5,4.0118099898300479E-5,4.0118099898300479E-5,4.0118099898300479E-5,4.0118099898300479E-5,4.0118099898300479E-5,4.0118099898300479E-5,4.0118099898300479E-5,4.0118099898300479E-5,4.0118099898300479E-5,4.0118099898300479E-5,4.0118099898300479E-5,4.0118099898300479E-5,4.0118099898300479E-5,4.0118099898300479E-5,4.0118099898300479E-5,4.0118099898300479E-5,4.0118099898300479E-5,4.0118099898300479E-5,4.0118099898300479E-5,4.0118099898300479E-5,4.0118099898300479E-5,4.0118099898300479E-5,4.0118099898300479E-5,4.0118099898300479E-5,4.0118099898300479E-5,4.0118099898300479E-5,4.0118099898300479E-5,4.0118099898300479E-5,4.0118099898300479E-5,4.0118099898300479E-5,4.0118099898300479E-5,4.0118099898300479E-5,4.0118099898300479E-5,4.0118099898300479E-5,4.0118099898300479E-5,4.0118099898300479E-5,4.0118099898300479E-5,4.0118099898300479E-5,4.0118099898300479E-5,4.0118099898300479E-5,4.0118099898300479E-5,4.0118099898300479E-5,4.0118099898300479E-5,4.0118099898300479E-5,4.0118099898300479E-5,4.0118099898300479E-5,4.0118099898300479E-5,4.0118099898300479E-5,4.0118099898300479E-5,4.0118099898300479E-5,4.0118099898300479E-5,4.0118099898300479E-5,4.0118099898300479E-5,4.0118099898300479E-5,4.0118099898300479E-5,4.0118099898300479E-5,4.0118099898300479E-5,4.0118099898300479E-5,4.0118099898300479E-5],[5,5,5,5,5,5,5,5,5,5,5,5,5,5,5,5,5,5,5,5,5,5,5,5,5,5,5,5,5,5,5,5,5,5,5,5,5,5,5,5,5,5,5,5,5,5,5,5,5,5,5,5,5,5,5,5,5,5,5,5,5,5,5,5],[0,0,0,0,0,0,0,0,0,0,0,0,0,0,0,0,0,0,0,0,0,0,0,0,0,0,0,0,0,0,0,0,0,0,0,0,0,0,0,0,0,0,0,0,0,0,0,0,0,0,0,0,0,0,0,0,0,0,0,0,0,0,0,0],[0,0,0,0,0,0,0,0,0,0,0,0,0,0,0,0,0,0,0,0,0,0,0,0,0,0,0,0,0,0,0,0,0,0,0,0,0,0,0,0,0,0,0,0,0,0,0,0,0,0,0,0,0,0,0,0,0,0,0,0,0,0,0,0],[1,1,1,1,1,1,1,1,1,1,1,1,1,1,1,1,1,1,1,1,1,1,1,1,1,1,1,1,1,1,1,1,1,1,1,1,1,1,1,1,1,1,1,1,1,1,1,1,1,1,1,1,1,1,1,1,1,1,1,1,1,1,1,1],[0,0,0,0,0,0,0,0,0,0,0,0,0,0,0,0,0,0,0,0,0,0,0,0,0,0,0,0,0,0,0,0,0,0,0,0,0,0,0,0,0,0,0,0,0,0,0,0,0,0,0,0,0,0,0,0,0,0,0,0,0,0,0,0],[0,0,0,0,0,0,0,0,0,0,0,0,0,0,0,0,0,0,0,0,0,0,0,0,0,0,0,0,0,0,0,0,0,0,0,0,0,0,0,0,0,0,0,0,0,0,0,0,0,0,0,0,0,0,0,0,0,0,0,0,0,0,0,0]],[[5,5,5,5,5,5,5,5,7,7,7,7,7,7,7,7,9,9,9,9,9,9,9,9,11,11,11,11,11,11,11,11,13,13,13,13,13,13,13,13,15,15,15,15,15,15,15,15,17,17,17,17,17,17,17,17,19,19,19,19,19,19,19,19],[5,7,9,11,13,15