{"M_cells":[[[0,0,0,0,0,0,0],[0,0,0,0,0,0,0],[0,0,0,0,0,0,0],[0,0,0,0,0,0,0],[0,0,0,0,0,0,0],[0,0,0,0,0,0,0],[0,0,0,0,0,0,0]],[[5.5356376656008267E-9,3.1744132645080426E-8,2.8248974844467733E-8,4.1306836781590032E-8,2.8248974844467733E-8,3.1744132645080426E-8,5.5356376656008267E-9],[3.1744132645080426E-8,1.3356236602916082E-7,1.2213806856596866E-7,1.7242330830380476E-7,1.2213806856596866E-7,1.3356236602916082E-7,3.1744132645080426E-8],[2.8248974844467733E-8,1.2213806856596866E-7,1.4984132282324437E-7,1.7769094419390329E-7,1.4984132282324437E-7,1.2213806856596866E-7,2.824897484446773E-8],[4.1306836781590032E-8,1.7242330830380476E-7,1.7769094419390329E-7,2.3427172197654806E-7,1.7769094419390329E-7,1.7242330830380476E-7,4.1306836781590032E-8],[2.8248974844467733E-8,1.2213806856596866E-7,1.4984132282324437E-7,1.7769094419390329E-7,1.4984132282324437E-7,1.2213806856596866E-7,2.824897484446773E-8],[3.1744132645080426E-8,1.3356236602916082E-7,1.2213806856596866E-7,1.7242330830380476E-7,1.2213806856596866E-7,1.335623660291608E-7,3.1744132645080426E-8],[5.5356376656008267E-9,3.1744132645080426E-8,2.824897484446773E-8,4.1306836781590032E-8,2.824897484446773E-8,3.1744132645080426E-8,5.5356376656008267E-9]],[[3.7877939662245041E-8,1.2297067160857975E-7,1.117567011455032E-7,1.5552013799970039E-7,1.117567011455032E-7,1.2297067160857975E-7,3.7877939662245041E-8],[1.2297067160857975E-7,3.1679663850131805E-7,2.9532551404752894E-7,3.9495974384577193E-7,2.9532551404752894E-7,3.1679663850131805E-7,1.2297067160857975E-7],[1.117567011455032E-7,2.9532551404752894E-7,3.491394465505177E-7,4.0313851933228279E-7,3.491394465505177E-7,2.9532551404752894E-7,1.117567011455032E-7],[1.5552013799970039E-7,3.9495974384577193E-7,4.0313851933228279E-7,5.107498299386159E-7,4.0313851933228279E-7,3.9495974384577193E-7,1.5552013799970039E-7],[1.117567011455032E-7,2.9532551404752894E-7,3.491394465505177E-7,4.0313851933228279E-7,3.491394465505177E-7,2.9532551404752894E-7,1.117567011455032E-7],[1.2297067160857975E-7,3.1679663850131805E-7,2.9532551404752894E-7,3.9495974384577193E-7,2.9532551404752894E-7,3.16796638501318E-7,1.2297067160857972E-7],[3.7877939662245041E-8,1.2297067160857975E-7,1.117567011455032E-7,1.5552013799970039E-7,1.117567011455032E-7,1.2297067160857972E-7,3.7877939662245041E-8]],[[1.1031475445377682E-7,2.6792452608202703E-7,2.4734620926695785E-7,3.3059494415558919E-7,2.4734620926695785E-7,2.6792452608202703E-7,1.1031475445377682E-7],[2.6792452608202703E-7,5.44977803866232E-7,5.14702531232835E-7,6.6137668747233623E-7,5.14702531232835E-7,5.44977803866232E-7,2.6792452608202703E-7],[2.4734620926695785E-7,5.14702531232835E-7,5.9269715961429733E-7,6.7091199959693579E-7,5.9269715961429733E-7,5.14702531232835E-7,2.4734620926695785E-7],[3.3059494415558919E-7,6.6137668747233623E-7,6.7091199959693579E-7,8.2454213559716E-7,6.7091199959693579E-7,6.6137668747233623E-7,3.3059494415558919E-7],[2.4734620926695785E-7,5.14702531232835E-7,5.9269715961429733E-7,6.7091199959693579E-7,5.9269715961429733E-7,5.14702531232835E-7,2.4734620926695785E-7],[2.6792452608202703E-7,5.44977803866232E-7,5.14702531232835E-7,6.6137668747233623E-7,5.14702531232835E-7,5.44977803866232E-7,2.6792452608202703E-7],[1.1031475445377682E-7,2.6792452608202703E-7,2.4734620926695785E-7,3.3059494415558919E-7,2.4734620926695785E-7,2.6792452608202703E-7,1.1031475445377682E-7]],[[2.277160331691428E-7,4.6153533571894781E-7,4.3130978441465876E-7,5.5755678091099674E-7,4.3130978441465876E-7,4.6153533571894781E-7,2.277160331691428E-7],[4.6153533571894781E-7,8.140619015317759E-7,7.7610189900984578E-7,9.6687887468099E-7,7.7610189900984589E-7,8.14061901531776E-7,4.6153533571894781E-7],[4.3130978441465876E-7,7.7610189900984578E-7,8.7634529614500565E-7,9.7684072124118345E-7,8.7634529614500576E-7,7.7610189900984589E-7,4.3130978441465876E-7],[5.5755678091099674E-7,9.6687887468099E-7,9.7684072124118345E-7,1.1720527513268088E-6,9.7684072124118345E-7,9.6687887468099E-7,5.5755678091099674E-7],[4.3130978441465876E-7,7.7610189900984589E-7,8.7634529614500576E-7,9.7684072124118345E-7,8.7634529614500565E-7,7.7610189900984578E-7,4.3130978441465876E-7],[4.6153533571894781E-7,8.14061901531776E-7,7.7610189900984589E-7,9.6687887468099E-7,7.7610189900984578E-7,8.140619015317759E-7,4.6153533571894781E-7],[2.277160331691428E-7,4.6153533571894781E-7,4.3130978441465876E-7,5.5755678091099674E-7,4.3130978441465876E-7,4.6153533571894781E-7,2.277160331691428E-7]],[[3.9061520724035943E-7,6.9931856911151E-7,6.5983643877629792E-7,8.2954120430091717E-7,6.5983643877629792E-7,6.9931856911151E-7,3.9061520724035943E-7],[6.9931856911151E-7,1.1204517221621804E-6,1.0757752965388947E-6,1.3075010795027661E-6,1.0757752965388947E-6,1.1204517221621804E-6,6.9931856911151E-7],[6.5983643877629792E-7,1.0757752965388947E-6,1.1964214045110912E-6,1.3173484995948013E-6,1.1964214045110912E-6,1.0757752965388947E-6,6.5983643877629792E-7],[8.2954120430091717E-7,1.3075010795027661E-6,1.3173484995948013E-6,1.5502246844014614E-6,1.3173484995948013E-6,1.3075010795027661E-6,8.2954120430091717E-7],[6.5983643877629792E-7,1.0757752965388947E-6,1.1964214045110912E-6,1.3173484995948013E-6,1.1964214045110912E-6,1.0757752965388947E-6,6.5983643877629792E-7],[6.9931856911151E-7,1.1204517221621804E-6,1.0757752965388947E-6,1.3075010795027661E-6,1.0757752965388947E-6,1.1204517221621804E-6,6.9931856911151E-7],[3.9061520724035943E-7,6.9931856911151E-7,6.5983643877629792E-7,8.2954120430091717E-7,6.5983643877629792E-7,6.9931856911151E-7,3.9061520724035943E-7]],[[5.9741086719127827E-7,9.77300723971267E-7,9.2924462737802438E-7,1.1411659578860325E-6,9.2924462737802448E-7,9.77300723971267E-7,5.9741086719127827E-7],[9.77300723971267E-7,1.4609528065690147E-6,1.4103787785254143E-6,1.6799191764999537E-6,1.4103787785254145E-6,1.4609528065690149E-6,9.77300723971267E-7],[9.2924462737802438E-7,1.4103787785254143E-6,1.5497117840030992E-6,1.6893522292363352E-6,1.5497117840030994E-6,1.4103787785254145E-6,9.2924462737802448E-7],[1.1411659578860325E-6,1.6799191764999537E-6,1.6893522292363352E-6,1.9564390879250176E-6,1.6893522292363354E-6,1.6799191764999537E-6,1.1411659578860323E-6],[9.2924462737802448E-7,1.4103787785254145E-6,1.5497117840030994E-6,1.6893522292363354E-6,1.5497117840030994E-6,1.4103787785254145E-6,9.2924462737802448E-7],[9.77300723971267E-7,1.4609528065690149E-6,1.4103787785254145E-6,1.6799191764999537E-6,1.4103787785254145E-6,1.4609528065690149E-6,9.77300723971267E-7],[5.9741086719127827E-7,9.77300723971267E-7,9.2924462737802448E-7,1.1411659578860323E-6,9.2924462737802448E-7,9.77300723971267E-7,5.9741086719127827E-7]],[[8.4554519480444554E-7,1.291959105490281E-6,1.2360996061359305E-6,1.4881153134780509E-6,1.2360996061359305E-6,1.291959105490281E-6,8.4554519480444554E-7],[1.291959105490281E-6,1.8327320927030843E-6,1.7769444692302845E-6,2.081314914123635E-6,1.7769444692302845E-6,1.8327320927030843E-6,1.291959105490281E-6],[1.2360996061359305E-6,1.7769444692302845E-6,1.9333972247759394E-6,2.0901816737159841E-6,1.9333972247759394E-6,1.7769444692302845E-6,1.2360996061359305E-6],[1.4881153134780509E-6,2.081314914123635E-6,2.0901816737159841E-6,2.3884379542461636E-6,2.0901816737159841E-6,2.081314914123635E-6,1.4881153134780509E-6],[1.2360996061359305E-6,1.7769444692302845E-6,1.9333972247759394E-6,2.0901816737159841E-6,1.9333972247759394E-6,1.7769444692302845E-6,1.2360996061359305E-6],[1.291959105490281E-6,1.8327320927030843E-6,1.7769444692302845E-6,2.081314914123635E-6,1.7769444692302845E-6,1.8327320927030843E-6,1.291959105490281E-6],[8.4554519480444554E-7,1.291959105490281E-6,1.2360996061359305E-6,1.4881153134780509E-6,1.2360996061359305E-6,1.291959105490281E-6,8.4554519480444554E-7]],[[1.132125973775353E-6,1.6401709061938214E-6,1.5772634229756206E-6,1.8668605292864447E-6,1.5772634229756206E-6,1.6401709061938214E-6,1.132125973775353E-6],[1.6401709061938214E-6,2.2332795017983162E-6,2.172846518528129E-6,2.5092769901200826E-6,2.172846518528129E-6,2.2332795017983162E-6,1.6401709061938214E-6],[1.5772634229756206E-6,2.172846518528129E-6,2.3450038352465404E-6,2.5175151687860694E-6,2.3450038352465404E-6,2.172846518528129E-6,1.5772634229756206E-6],[1.8668605292864447E-6,2.5092769901200826E-6,2.5175151687860694E-6,2.8442638815755248E-6,2.5175151687860694E-6,2.5092769901200826E-6,1.8668605292864447E-6],[1.5772634229756206E-6,2.172846518528129E-6,2.3450038352465404E-6,2.5175151687860694E-6,2.3450038352465404E-6,2.172846518528129E-6,1.5772634229756206E-6],[1.6401709061938214E-6,2.2332795017983162E-6,2.172846518528129E-6,2.5092769901200826E-6,2.172846518528129E-6,2.2332795017983162E-6,1.6401709061938214E-6],[1.132125973775353E-6,1.6401709061938214E-6,1.5772634229756206E-6,1.8668605292864447E-6,1.5772634229756206E-6,1.6401709061938214E-6,1.132125973775353E-6]],[[1.4542466653462812E-6,2.0191687779421202E-6,1.9499065721620851E-6,2.2744684034440861E-6,1.9499065721620851E-6,2.0191687779421202E-6,1.4542466653462812E-6],[2.0191687779421202E-6,2.6603726326869003E-6,2.5957658516243167E-6,2.9617270445265193E-6,2.5957658516243167E-6,2.6603726326869003E-6,2.0191687779421202E-6],[1.9499065721620851E-6,2.5957658516243167E-6,2.7823593218749744E-6,2.9693274367660935E-6,2.7823593218749744E-6,2.5957658516243167E-6,1.9499065721620851E-6],[2.2744684034440861E-6,2.9617270445265193E-6,2.9693274367660935E-6,3.3222124186186641E-6,2.9693274367660935E-6,2.9617270445265193E-6,2.2744684034440861E-6],[1.9499065721620851E-6,2.5957658516243167E-6,2.7823593218749744E-6,2.9693274367660935E-6,2.7823593218749744E-6,2.5957658516243167E-6,1.9499065721620851E-6],[2.0191687779421202E-6,2.6603726326869003E-6,2.5957658516243167E-6,2.9617270445265193E-6,2.5957658516243167E-6,2.6603726326869003E-6,2.0191687779421202E-6],[1.4542466653462812E-6,2.0191687779421202E-6,1.9499065721620851E-6,2.2744684034440861E-6,1.9499065721620851E-6,2.0191687779421202E-6,1.4542466653462812E-6]],[[1.8091432997409029E-6,2.4265013845100683E-6,2.3514987243978745E-6,2.7084674381850418E-6,2.3514987243978745E-6,2.4265013845100683E-6,1.8091432997409029E-6],[2.4265013845100683E-6,3.1120445869178078E-6,3.0436561297200193E-6,3.4368630269624746E-6,3.0436561297200193E-6,3.1120445869178078E-6,2.4265013845100683E-6],[2.3514987243978745E-6,3.0436561297200193E-6,3.2435545317399376E-6,3.4438467152387808E-6,3.2435545317399376E-6,3.0436561297200193E-6,2.3514987243978745E-6],[2.7084674381850418E-6,3.4368630269624746E-6,3.4438467152387808E-6,3.82079375970393E-6,3.4438467152387808E-6,3.4368630269624746E-6,2.7084674381850418E-6],[2.3514987243978745E-6,3.0436561297200193E-6,3.2435545317399376E-6,3.4438467152387808E-6,3.2435545317399376E-6,3.0436561297200193E-6,2.3514987243978745E-6],[2.4265013845100683E-6,3.1120445869178078E-6,3.0436561297200193E-6,3.4368630269624746E-6,3.0436561297200193E-6,3.1120445869178078E-6,2.4265013845100683E-6],[1.8091432997409029E-6,2.4265013845100683E-6,2.3514987243978745E-6,2.7084674381850418E-6,2.3514987243978745E-6,2.4265013845100683E-6,1.8091432997409029E-6]],[[2.19426382742239E-6,2.8599980699767321E-6,2.7797888377515572E-6,3.1667521190852314E-6,2.7797888377515572E-6,2.8599980699767321E-6,2.19426382742239E-6],[2.8599980699767321E-6,3.5865547852798464E-6,3.5147120522176477E-6,3.9331148211388625E-6,3.5147120522176477E-6,3.5865547852798464E-6,2.8599980699767321E-6],[2.7797888377515572E-6,3.5147120522176477E-6,3.72690975270324E-6,3.9395190588587148E-6,3.72690975270324E-6,3.5147120522176477E-6,2.7797888377515572E-6],[3.1667521190852314E-6,3.9331148211388625E-6,3.9395190588587148E-6,4.3387013765459174E-6,3.9395190588587148E-6,3.9331148211388625E-6,3.1667521190852314E-6],[2.7797888377515572E-6,3.5147120522176477E-6,3.72690975270324E-6,3.9395190588587148E-6,3.72690975270324E-6,3.5147120522176477E-6,2.7797888377515572E-6],[2.8599980699767321E-6,3.5865547852798464E-6,3.5147120522176477E-6,3.9331148211388625E-6,3.5147120522176477E-6,3.5865547852798464E-6,2.8599980699767321E-6],[2.19426382742239E-6,2.8599980699767321E-6,2.7797888377515572E-6,3.1667521190852314E-6,2.7797888377515572E-6,2.8599980699767321E-6,2.19426382742239E-6]],[[2.6072911322026137E-6,3.3177370477104746E-6,3.2327805927187715E-6,3.6475126839685036E-6,3.2327805927187715E-6,3.317737047710475E-6,2.6072911322026137E-6],[3.3177370477104746E-6,4.0823623996340158E-6,4.0073402705920713E-6,4.4491084345343052E-6,4.0073402705920713E-6,4.0823623996340166E-6,3.317737047710475E-6],[3.2327805927187715E-6,4.0073402705920713E-6,4.2309449930280136E-6,4.45497798759765E-6,4.2309449930280136E-6,4.0073402705920721E-6,3.2327805927187715E-6],[3.6475126839685036E-6,4.4491084345343052E-6,4.45497798759765E-6,4.8747855462370263E-6,4.45497798759765E-6,4.449108434534306E-6,3.6475126839685036E-6],[3.2327805927187715E-6,4.0073402705920713E-6,4.2309449930280136E-6,4.45497798759765E-6,4.2309449930280144E-6,4.0073402705920721E-6,3.2327805927187719E-6],[3.317737047710475E-6,4.0823623996340166E-6,4.0073402705920721E-6,4.449108434534306E-6,4.0073402705920721E-6,4.0823623996340175E-6,3.317737047710475E-6],[2.6072911322026137E-6,3.317737047710475E-6,3.2327805927187715E-6,3.6475126839685036E-6,3.2327805927187719E-6,3.317737047710475E-6,2.6072911322026137E-6]],[[3.0461420563041048E-6,3.7980164938481518E-6,3.7087063330393813E-6,4.1491819352983235E-6,3.7087063330393817E-6,3.7980164938481522E-6,3.0461420563041052E-6],[3.7980164938481518E-6,4.59810147610606E-6,4.5201323240431539E-6,4.9836355021900618E-6,4.5201323240431547E-6,4.59810147610606E-6,3.7980164938481522E-6],[3.7087063330393813E-6,4.5201323240431539E-6,4.7543528992632545E-6,4.9890173881593142E-6,4.7543528992632554E-6,4.5201323240431547E-6,3.7087063330393817E-6],[4.1491819352983235E-6,4.9836355021900618E-6,4.9890173881593142E-6,5.4280293612922057E-6,4.9890173881593142E-6,4.9836355021900635E-6,4.1491819352983235E-6],[3.7087063330393817E-6,4.5201323240431547E-6,4.7543528992632554E-6,4.9890173881593142E-6,4.7543528992632554E-6,4.5201323240431547E-6,3.7087063330393821E-6],[3.7980164938481522E-6,4.59810147610606E-6,4.5201323240431547E-6,4.9836355021900635E-6,4.5201323240431547E-6,4.59810147610606E-6,3.7980164938481522E-6],[3.0461420563041052E-6,3.7980164938481522E-6,3.7087063330393817E-6,4.1491819352983235E-6,3.7087063330393821E-6,3.7980164938481522E-6,3.0461420563041052E-6]],[[3.50895432879286E-6,4.2993274272106649E-6,4.2060006155118521E-6,4.6703927345941939E-6,4.2060006155118521E-6,4.2993274272106649E-6,3.50895432879286E-6],[4.2993274272106649E-6,5.132555082697879E-6,5.051837208206665E-6,5.5356233968372994E-6,5.051837208206665E-6,5.132555082697879E-6,4.2993274272106649E-6],[4.2060006155118521E-6,5.051837208206665E-6,5.2959711002737826E-6,5.5405636302567589E-6,5.2959711002737826E-6,5.051837208206665E-6,4.2060006155118521E-6],[4.6703927345941939E-6,5.5356233968372994E-6,5.5405636302567589E-6,5.9975222705795351E-6,5.5405636302567589E-6,5.5356233968372994E-6,4.6703927345941939E-6],[4.2060006155118521E-6,5.051837208206665E-6,5.2959711002737826E-6,5.5405636302567589E-6,5.2959711002737826E-6,5.051837208206665E-6,4.206000615511853E-6],[4.2993274272106649E-6,5.132555082697879E-6,5.051837208206665E-6,5.5356233968372994E-6,5.051837208206665E-6,5.132555082697879E-6,4.2993274272106649E-6],[3.50895432879286E-6,4.2993274272106649E-6,4.2060006155118521E-6,4.6703927345941939E-6,4.206000615511853E-6,4.2993274272106649E-6,3.50895432879286E-6]],[[3.9940670193592914E-6,4.8203252444155E-6,4.7232716909985152E-6,5.2099390393377134E-6,4.7232716909985152E-6,4.8203252444155E-6,3.9940670193592914E-6],[4.8203252444155E-6,5.6846193822590633E-6,5.6013251551098965E-6,6.10409358528408E-6,5.6013251551098965E-6,5.6846193822590633E-6,4.8203252444155E-6],[4.7232716909985152E-6,5.6013251551098965E-6,5.8547436862407415E-6,6.1086347264115151E-6,5.8547436862407415E-6,5.6013251551098965E-6,4.7232716909985152E-6],[5.2099390393377134E-6,6.10409358528408E-6,6.1086347264115151E-6,6.5824156603901166E-6,6.1086347264115151E-6,6.10409358528408E-6,5.2099390393377134E-6],[4.7232716909985152E-6,5.6013251551098965E-6,5.8547436862407415E-6,6.1086347264115151E-6,5.8547436862407415E-6,5.6013251551098965E-6,4.7232716909985152E-6],[4.8203252444155E-6,5.6846193822590633E-6,5.6013251551098965E-6,6.10409358528408E-6,5.6013251551098965E-6,5.6846193822590633E-6,4.8203252444155E-6],[3.9940670193592914E-6,4.8203252444155E-6,4.7232716909985152E-6,5.2099390393377134E-6,4.7232716909985152E-6,4.8203252444155E-6,3.9940670193592914E-6]],[[4.4999946511061344E-6,5.3597890303164339E-6,5.259261646986279E-6,5.7667247042574972E-6,5.259261646986279E-6,5.3597890303164339E-6,4.4999946511061344E-6],[5.3597890303164339E-6,6.2532239008615329E-6,6.1675114200780873E-6,6.6880649963969934E-6,6.1675114200780873E-6,6.2532239008615329E-6,5.3597890303164339E-6],[5.259261646986279E-6,6.1675114200780873E-6,6.4296342310818035E-6,6.6922425160011415E-6,6.4296342310818035E-6,6.1675114200780873E-6,5.259261646986279E-6],[5.7667247042574972E-6,6.6880649963969934E-6,6.6922425160011415E-6,7.1818037807002169E-6,6.6922425160011415E-6,6.6880649963969934E-6,5.7667247042574972E-6],[5.259261646986279E-6,6.1675114200780873E-6,6.4296342310818035E-6,6.6922425160011415E-6,6.4296342310818035E-6,6.1675114200780873E-6,5.259261646986279E-6],[5.3597890303164339E-6,6.2532239008615329E-6,6.1675114200780873E-6,6.6880649963969934E-6,6.1675114200780873E-6,6.2532239008615329E-6,5.3597890303164339E-6],[4.4999946511061344E-6,5.3597890303164339E-6,5.259261646986279E-6,5.7667247042574972E-6,5.259261646986279E-6,5.3597890303164339E-6,4.4999946511061344E-6]],[[5.0253845805450705E-6,5.9165310170527407E-6,5.8127612407500067E-6,6.3396513951209288E-6,5.8127612407500067E-6,5.9165310170527407E-6,5.0253845805450705E-6],[5.9165310170527407E-6,6.8371020335014793E-6,6.7491416655223569E-6,7.2862690268439346E-6,6.7491416655223569E-6,6.8371020335014793E-6,5.9165310170527407E-6],[5.8127612407500067E-6,6.7491416655223569E-6,7.019373044419882E-6,7.2901015740133576E-6,7.019373044419882E-6,6.7491416655223569E-6,5.8127612407500067E-6],[6.3396513951209288E-6,7.2862690268439346E-6,7.2901015740133576E-6,7.7943557985175187E-6,7.2901015740133576E-6,7.2862690268439355E-6,6.3396513951209288E-6],[5.8127612407500067E-6,6.7491416655223569E-6,7.019373044419882E-6,7.2901015740133576E-6,7.019373044419882E-6,6.7491416655223569E-6,5.8127612407500067E-6],[5.9165310170527407E-6,6.8371020335014793E-6,6.7491416655223569E-6,7.2862690268439355E-6,6.7491416655223569E-6,6.8371020335014793E-6,5.9165310170527407E-6],[5.0253845805450705E-6,5.9165310170527407E-6,5.8127612407500067E-6,6.3396513951209288E-6,5.8127612407500067E-6,5.9165310170527407E-6,5.0253845805450705E-6]],[[5.5689243372366693E-6,6.4891825450135332E-6,6.3824109854208835E-6,6.9273550120311723E-6,6.3824109854208843E-6,6.4891825450135332E-6,5.5689243372366693E-6],[6.4891825450135332E-6,7.4343528025124516E-6,7.34437770054915E-6,7.89661729077423E-6,7.34437770054915E-6,7.4343528025124516E-6,6.4891825450135332E-6],[6.3824109854208835E-6,7.34437770054915E-6,7.6219798039440188E-6,7.9000887205681818E-6,7.62197980394402E-6,7.34437770054915E-6,6.3824109854208835E-6],[6.9273550120311723E-6,7.89661729077423E-6,7.9000887205681818E-6,8.4176511763573113E-6,7.9000887205681835E-6,7.89661729077423E-6,6.9273550120311723E-6],[6.3824109854208843E-6,7.34437770054915E-6,7.62197980394402E-6,7.9000887205681835E-6,7.6219798039440205E-6,7.3443777005491505E-6,6.3824109854208835E-6],[6.4891825450135332E-6,7.4343528025124516E-6,7.34437770054915E-6,7.89661729077423E-6,7.3443777005491505E-6,7.4343528025124516E-6,6.4891825450135332E-6],[5.5689243372366693E-6,6.4891825450135332E-6,6.3824109854208835E-6,6.9273550120311723E-6,6.3824109854208835E-6,6.4891825450135332E-6,5.5689243372366693E-6]],[[6.1291768034109121E-6,7.0759578948270375E-6,6.96647313579719E-6,7.527933948242433E-6,6.96647313579719E-6,7.0759578948270375E-6,6.1291768034109121E-6],[7.0759578948270375E-6,8.0424806297952509E-6,7.9508044162906586E-6,8.5163286523775288E-6,7.9508044162906586E-6,8.0424806297952509E-6,7.0759578948270375E-6],[6.96647313579719E-6,7.9508044162906586E-6,8.2348410458418652E-6,8.51939196361528E-6,8.2348410458418652E-6,7.9508044162906586E-6,6.96647313579719E-6],[7.527933948242433E-6,8.5163286523775288E-6,8.51939196361528E-6,9.0484826817302737E-6,8.5193919636152812E-6,8.51632865237753E-6,7.527933948242433E-6],[6.96647313579719E-6,7.9508044162906586E-6,8.2348410458418652E-6,8.5193919636152812E-6,8.2348410458418669E-6,7.9508044162906586E-6,6.96647313579719E-6],[7.0759578948270375E-6,8.0424806297952509E-6,7.9508044162906586E-6,8.51632865237753E-6,7.9508044162906586E-6,8.0424806297952509E-6,7.0759578948270375E-6],[6.1291768034109121E-6,7.0759578948270375E-6,6.96647313579719E-6,7.527933948242433E-6,6.96647313579719E-6,7.0759578948270375E-6,6.1291768034109121E-6]],[[6.7044592311900013E-6,7.6747600233003809E-6,7.5629062324553469E-6,8.1391304981138031E-6,7.5629062324553469E-6,7.6747600233003809E-6,6.7044592311900013E-6],[7.6747600233003809E-6,8.6591432097568241E-6,8.5661055457319874E-6,9.1429272151195878E-6,8.5661055457319874E-6,8.6591432097568241E-6,7.6747600233003809E-6],[7.5629062324553469E-6,8.5661055457319874E-6,8.8555632259315044E-6,9.1455408937680682E-6,8.8555632259315044E-6,8.5661055457319874E-6,7.5629062324553469E-6],[8.1391304981138031E-6,9.1429272151195878E-6,9.1455408937680682E-6,9.684244027757583E-6,9.1455408937680682E-6,9.1429272151195878E-6,8.1391304981138031E-6],[7.5629062324553469E-6,8.5661055457319874E-6,8.8555632259315044E-6,9.1455408937680682E-6,8.8555632259315044E-6,8.5661055457319874E-6,7.5629062324553469E-6],[7.6747600233003809E-6,8.6591432097568241E-6,8.5661055457319874E-6,9.1429272151195878E-6,8.5661055457319874E-6,8.6591432097568241E-6,7.6747600233003809E-6],[6.7044592311900013E-6,7.6747600233003809E-6,7.5629062324553469E-6,8.1391304981138031E-6,7.5629062324553469E-6,7.6747600233003809E-6,6.7044592311900013E-6]],[[7.292891178553869E-6,8.2834878509725964E-6,8.16963781046086E-6,8.758740190693199E-6,8.16963781046086E-6,8.2834878509725964E-6,7.292891178553869E-6],[8.2834878509725964E-6,9.2824203970015683E-6,9.1883380899754027E-6,9.7745272528920167E-6,9.1883380899754027E-6,9.2824203970015683E-6,8.2834878509725964E-6],[8.16963781046086E-6,9.1883380899754027E-6,9.4822447597365518E-6,9.776675695242777E-6,9.4822447597365518E-6,9.1883380899754027E-6,8.16963781046086E-6],[8.758740190693199E-6,9.7745272528920167E-6,9.776675695242777E-6,1.0323177179859993E-5,9.776675695242777E-6,9.7745272528920167E-6,8.758740190693199E-6],[8.16963781046086E-6,9.1883380899754027E-6,9.4822447597365518E-6,9.776675695242777E-6,9.4822447597365518E-6,9.1883380899754027E-6,8.16963781046086E-6],[8.2834878509725964E-6,9.2824203970015683E-6,9.1883380899754027E-6,9.7745272528920167E-6,9.1883380899754027E-6,9.2824203970015683E-6,8.2834878509725964E-6],[7.292891178553869E-6,8.2834878509725964E-6,8.16963781046086E-6,8.758740190693199E-6,8.16963781046086E-6,8.2834878509725964E-6,7.292891178553869E-6]],[[7.8925306000320325E-6,8.9002056882849142E-6,8.78472982941623E-6,9.3848074105733658E-6,8.78472982941623E-6,8.9002056882849142E-6,7.8925306000320325E-6],[8.9002056882849142E-6,9.91069645893485E-6,9.8158479541272957E-6,1.04096208922881E-5,9.8158479541272957E-6,9.91069645893485E-6,8.9002056882849142E-6],[8.78472982941623E-6,9.8158479541272957E-6,1.011331636240898E-5,1.0411312099787782E-5,1.011331636240898E-5,9.8158479541272957E-6,8.78472982941623E-6],[9.3848074105733658E-6,1.04096208922881E-5,1.0411312099787782E-5,1.0963977009441174E-5,1.0411312099787782E-5,1.04096208922881E-5,9.3848074105733658E-6],[8.78472982941623E-6,9.8158479541272957E-6,1.011331636240898E-5,1.0411312099787782E-5,1.011331636240898E-5,9.8158479541272957E-6,8.78472982941623E-6],[8.9002056882849142E-6,9.91069645893485E-6,9.8158479541272957E-6,1.04096208922881E-5,9.8158479541272957E-6,9.91069645893485E-6,8.9002056882849142E-6],[7.8925306000320325E-6,8.9002056882849142E-6,8.78472982941623E-6,9.3848074105733658E-6,8.78472982941623E-6,8.9002056882849142E-6,7.8925306000320325E-6]],[[8.501487433583412E-6,9.523174170346892E-6,9.4064212435156782E-6,1.0015635112702411E-5,9.4064212435156782E-6,9.523174170346892E-6,8.501487433583412E-6],[9.523174170346892E-6,1.0542536068604971E-5,1.0447164188756105E-5,1.1046892923786679E-5,1.0447164188756105E-5,1.0542536068604971E-5,9.523174170346892E-6],[9.4064212435156782E-6,1.0447164188756105E-5,1.0747391893357801E-5,1.1048148881909708E-5,1.0747391893357801E-5,1.0447164188756105E-5,9.4064212435156782E-6],[1.0015635112702411E-5,1.1046892923786679E-5,1.1048148881909708E-5,1.1605512141066004E-5,1.1048148881909708E-5,1.1046892923786679E-5,1.0015635112702411E-5],[9.4064212435156782E-6,1.0447164188756105E-5,1.0747391893357801E-5,1.1048148881909708E-5,1.0747391893357801E-5,1.0447164188756105E-5,9.4064212435156782E-6],[9.523174170346892E-6,1.0542536068604971E-5,1.0447164188756105E-5,1.1046892923786679E-5,1.0447164188756105E-5,1.0542536068604971E-5,9.523174170346892E-6],[8.501487433583412E-6,9.523174170346892E-6,9.4064212435156782E-6,1.0015635112702411E-5,9.4064212435156782E-6,9.523174170346892E-6,8.501487433583412E-6]],[[9.1179824906807777E-6,1.0150820323571264E-5,1.0033110461909431E-5,1.0649724473170614E-5,1.0033110461909431E-5,1.0150820323571264E-5,9.1179824906807777E-6],[1.0150820323571264E-5,1.1176601180116708E-5,1.1080922137806212E-5,1.1685110043025764E-5,1.1080922137806212E-5,1.1176601180116708E-5,1.0150820323571264E-5],[1.0033110461909431E-5,1.1080922137806212E-5,1.1383174903015415E-5,1.1685957849547594E-5,1.1383174903015415E-5,1.1080922137806212E-5,1.0033110461909431E-5],[1.0649724473170614E-5,1.1685110043025764E-5,1.1685957849547594E-5,1.2246685180736912E-5,1.1685957849547594E-5,1.1685110043025764E-5,1.0649724473170614E-5],[1.0033110461909431E-5,1.1080922137806212E-5,1.1383174903015415E-5,1.1685957849547594E-5,1.1383174903015415E-5,1.1080922137806212E-5,1.0033110461909431E-5],[1.0150820323571264E-5,1.1176601180116708E-5,1.1080922137806212E-5,1.1685110043025764E-5,1.1080922137806212E-5,1.1176601180116708E-5,1.0150820323571264E-5],[9.1179824906807777E-6,1.0150820323571264E-5,1.0033110461909431E-5,1.0649724473170614E-5,1.0033110461909431E-5,1.0150820323571264E-5,9.1179824906807777E-6]],[[9.74036170523585E-6,1.078169467367917E-5,1.0663320386144407E-5,1.1285708866087539E-5,1.0663320386144407E-5,1.078169467367917E-5,9.74036170523585E-6],[1.078169467367917E-5,1.1811614326869073E-5,1.1715825899279954E-5,1.2323079697657269E-5,1.1715825899279954E-5,1.1811614326869073E-5,1.078169467367917E-5],[1.0663320386144407E-5,1.1715825899279954E-5,1.2019421072118118E-5,1.2323546309763117E-5,1.2019421072118118E-5,1.1715825899279954E-5,1.0663320386144407E-5],[1.1285708866087539E-5,1.2323079697657269E-5,1.2323546309763117E-5,1.2886398676283579E-5,1.2323546309763117E-5,1.2323079697657269E-5,1.1285708866087539E-5],[1.0663320386144407E-5,1.1715825899279954E-5,1.2019421072118118E-5,1.2323546309763117E-5,1.2019421072118118E-5,1.1715825899279954E-5,1.0663320386144407E-5],[1.078169467367917E-5,1.1811614326869073E-5,1.1715825899279954E-5,1.2323079697657269E-5,1.1715825899279954E-5,1.1811614326869073E-5,1.078169467367917E-5],[9.74036170523585E-6,1.078169467367917E-5,1.0663320386144407E-5,1.1285708866087539E-5,1.0663320386144407E-5,1.078169467367917E-5,9.74036170523585E-6]],[[1.0367087611034286E-5,1.1414443409469196E-5,1.1295673211725322E-5,1.1922315388387182E-5,1.1295673211725322E-5,1.1414443409469196E-5,1.0367087611034286E-5],[1.1414443409469196E-5,1.2446368681388501E-5,1.2350653816148522E-5,1.2959670546366473E-5,1.2350653816148522E-5,1.2446368681388501E-5,1.1414443409469196E-5],[1.1295673211725322E-5,1.2350653816148522E-5,1.265495314679973E-5,1.2959781483723669E-5,1.265495314679973E-5,1.2350653816148522E-5,1.1295673211725322E-5],[1.1922315388387182E-5,1.2959670546366473E-5,1.2959781483723669E-5,1.3523600757520239E-5,1.2959781483723669E-5,1.2959670546366473E-5,1.1922315388387182E-5],[1.1295673211725322E-5,1.2350653816148522E-5,1.265495314679973E-5,1.2959781483723669E-5,1.265495314679973E-5,1.2350653816148522E-5,1.1295673211725322E-5],[1.1414443409469196E-5,1.2446368681388501E-5,1.2350653816148522E-5,1.2959670546366473E-5,1.2350653816148522E-5,1.2446368681388501E-5,1.1414443409469196E-5],[1.0367087611034286E-5,1.1414443409469196E-5,1.1295673211725322E-5,1.1922315388387182E-5,1.1295673211725322E-5,1.1414443409469196E-5,1.0367087611034286E-5]],[[1.0996728282346206E-5,1.2047805414000074E-5,1.1928886293324195E-5,1.2558361974487047E-5,1.1928886293324195E-5,1.2047805414000074E-5,1.0996728282346206E-5],[1.2047805414000074E-5,1.30797630443536E-5,1.2984288931513954E-5,1.3593860957372044E-5,1.2984288931513954E-5,1.30797630443536E-5,1.2047805414000074E-5],[1.1928886293324195E-5,1.2984288931513954E-5,1.3288701653607898E-5,1.3593641487828882E-5,1.3288701653607898E-5,1.2984288931513954E-5,1.1928886293324195E-5],[1.2558361974487047E-5,1.3593860957372044E-5,1.3593641487828882E-5,1.4157357368492216E-5,1.3593641487828882E-5,1.3593860957372044E-5,1.2558361974487047E-5],[1.1928886293324195E-5,1.2984288931513954E-5,1.3288701653607898E-5,1.3593641487828882E-5,1.3288701653607898E-5,1.2984288931513954E-5,1.1928886293324195E-5],[1.2047805414000074E-5,1.30797630443536E-5,1.2984288931513954E-5,1.3593860957372044E-5,1.2984288931513954E-5,1.30797630443536E-5,1.2047805414000074E-5],[1.0996728282346206E-5,1.2047805414000074E-5,1.1928886293324195E-5,1.2558361974487047E-5,1.1928886293324195E-5,1.2047805414000074E-5,1.0996728282346206E-5]],[[1.1627954701149676E-5,1.2680626509589236E-5,1.2561784008334301E-5,1.3192776423729129E-5,1.2561784008334301E-5,1.2680626509589236E-5,1.1627954701149676E-5],[1.2680626509589236E-5,1.3710832489872257E-5,1.3615747641053733E-5,1.4224776857773505E-5,1.3615747641053733E-5,1.3710832489872257E-5,1.2680626509589236E-5],[1.2561784008334301E-5,1.3615747641053733E-5,1.3919738365848808E-5,1.4224253598845219E-5,1.3919738365848808E-5,1.3615747641053733E-5,1.2561784008334301E-5],[1.3192776423729129E-5,1.4224776857773505E-5,1.4224253598845219E-5,1.4786899739028106E-5,1.4224253598845219E-5,1.4224776857773505E-5,1.3192776423729129E-5],[1.2561784008334301E-5,1.3615747641053733E-5,1.3919738365848808E-5,1.4224253598845219E-5,1.3919738365848808E-5,1.3615747641053733E-5,1.2561784008334301E-5],[1.2680626509589236E-5,1.3710832489872257E-5,1.3615747641053733E-5,1.4224776857773505E-5,1.3615747641053733E-5,1.3710832489872257E-5,1.2680626509589236E-5],[1.1627954701149676E-5,1.2680626509589236E-5,1.2561784008334301E-5,1.3192776423729129E-5,1.2561784008334301E-5,1.2680626509589236E-5,1.1627954701149676E-5]],[[1.225954700819728E-5,1.3311876885105201E-5,1.3193313581216831E-5,1.3824617716946052E-5,1.3193313581216831E-5,1.3311876885105201E-5,1.225954700819728E-5],[1.3311876885105201E-5,1.4338761388343277E-5,1.4244193157407234E-5,1.4851704309287945E-5,1.4244193157407234E-5,1.4338761388343277E-5,1.3311876885105201E-5],[1.3193313581216831E-5,1.4244193157407234E-5,1.4547288913958065E-5,1.4850905993320046E-5,1.4547288913958065E-5,1.4244193157407234E-5,1.3193313581216831E-5],[1.3824617716946052E-5,1.4851704309287945E-5,1.4850905993320046E-5,1.5411633707463233E-5,1.4850905993320046E-5,1.4851704309287945E-5,1.3824617716946052E-5],[1.3193313581216831E-5,1.4244193157407234E-5,1.4547288913958065E-5,1.4850905993320046E-5,1.4547288913958065E-5,1.4244193157407234E-5,1.3193313581216831E-5],[1.3311876885105201E-5,1.4338761388343277E-5,1.4244193157407234E-5,1.4851704309287945E-5,1.4244193157407234E-5,1.4338761388343277E-5,1.3311876885105201E-5],[1.225954700819728E-5,1.3311876885105201E-5,1.3193313581216831E-5,1.3824617716946052E-5,1.3193313581216831E-5,1.3311876885105201E-5,1.225954700819728E-5]],[[1.2890404504710777E-5,1.3940662533576751E-5,1.382255625186462E-5,1.4453088244835774E-5,1.382255625186462E-5,1.3940662533576751E-5,1.2890404504710777E-5],[1.3940662533576751E-5,1.4962881809498483E-5,1.4868935366022428E-5,1.5474083504929352E-5,1.4868935366022428E-5,1.4962881809498481E-5,1.3940662533576751E-5],[1.382255625186462E-5,1.4868935366022428E-5,1.5170729227337971E-5,1.5473040765838902E-5,1.5170729227337971E-5,1.4868935366022428E-5,1.382255625186462E-5],[1.4453088244835774E-5,1.5474083504929352E-5,1.5473040765838902E-5,1.6031125496543621E-5,1.5473040765838902E-5,1.5474083504929352E-5,1.4453088244835774E-5],[1.382255625186462E-5,1.4868935366022428E-5,1.5170729227337971E-5,1.5473040765838902E-5,1.5170729227337971E-5,1.4868935366022428E-5,1.382255625186462E-5],[1.3940662533576751E-5,1.4962881809498481E-5,1.4868935366022428E-5,1.5474083504929352E-5,1.4868935366022428E-5,1.4962881809498481E-5,1.3940662533576751E-5],[1.2890404504710777E-5,1.3940662533576751E-5,1.382255625186462E-5,1.4453088244835774E-5,1.382255625186462E-5,1.3940662533576751E-5,1.2890404504710777E-5]],[[1.3519554279654044E-5,1.4566228629184241E-5,1.4448731299635531E-5,1.5077535427773746E-5,1.4448731299635531E-5,1.4566228629184241E-5,1.3519554279654044E-5],[1.4566228629184241E-5,1.558266469855557E-5,1.5489423356555887E-5,1.6091495102429949E-5,1.5489423356555887E-5,1.558266469855557E-5,1.4566228629184241E-5],[1.4448731299635531E-5,1.5489423356555887E-5,1.5789574683788442E-5,1.6090239693355645E-5,1.5789574683788446E-5,1.5489423356555891E-5,1.4448731299635531E-5],[1.5077535427773746E-5,1.6091495102429949E-5,1.6090239693355645E-5,1.6645080698465645E-5,1.6090239693355648E-5,1.6091495102429956E-5,1.5077535427773746E-5],[1.4448731299635531E-5,1.5489423356555887E-5,1.5789574683788446E-5,1.6090239693355648E-5,1.5789574683788446E-5,1.5489423356555891E-5,1.4448731299635531E-5],[1.4566228629184241E-5,1.558266469855557E-5,1.5489423356555891E-5,1.6091495102429956E-5,1.5489423356555891E-5,1.558266469855557E-5,1.4566228629184241E-5],[1.3519554279654044E-5,1.4566228629184241E-5,1.4448731299635531E-5,1.5077535427773746E-5,1.4448731299635531E-5,1.4566228629184241E-5,1.3519554279654044E-5]],[[1.4146155816744762E-5,1.5187956631669725E-5,1.5071194101934273E-5,1.5697445926342112E-5,1.5071194101934273E-5,1.5187956631669725E-5,1.4146155816744762E-5],[1.5187956631669725E-5,1.6197708880426697E-5,1.6105235296957919E-5,1.6703645516341168E-5,1.6105235296957919E-5,1.6197708880426697E-5,1.5187956631669725E-5],[1.5071194101934273E-5,1.6105235296957919E-5,1.6403467622657998E-5,1.6702209387291438E-5,1.6403467622657998E-5,1.6105235296957919E-5,1.5071194101934273E-5],[1.5697445926342112E-5,1.6703645516341168E-5,1.6702209387291438E-5,1.7253324940255312E-5,1.6702209387291438E-5,1.6703645516341168E-5,1.5697445926342112E-5],[1.5071194101934273E-5,1.6105235296957919E-5,1.6403467622657998E-5,1.6702209387291438E-5,1.6403467622657998E-5,1.6105235296957919E-5,1.5071194101934273E-5],[1.5187956631669725E-5,1.6197708880426697E-5,1.6105235296957919E-5,1.6703645516341168E-5,1.6105235296957919E-5,1.6197708880426697E-5,1.5187956631669725E-5],[1.4146155816744762E-5,1.5187956631669725E-5,1.5071194101934273E-5,1.5697445926342112E-5,1.5071194101934273E-5,1.5187956631669725E-5,1.4146155816744762E-5]],[[1.476950119414823E-5,1.5805357606608044E-5,1.5689430319052176E-5,1.63124360264358E-5,1.5689430319052176E-5,1.5805357606608044E-5,1.476950119414823E-5],[1.5805357606608044E-5,1.6807729925804481E-5,1.6716067735304542E-5,1.7310353355617595E-5,1.6716067735304542E-5,1.6807729925804481E-5,1.5805357606608044E-5],[1.5689430319052176E-5,1.6716067735304542E-5,1.7012165267128066E-5,1.7308767836809421E-5,1.7012165267128066E-5,1.6716067735304542E-5,1.5689430319052176E-5],[1.63124360264358E-5,1.7310353355617595E-5,1.7308767836809421E-5,1.7855787980880748E-5,1.7308767836809421E-5,1.7310353355617595E-5,1.63124360264358E-5],[1.5689430319052176E-5,1.6716067735304542E-5,1.7012165267128066E-5,1.7308767836809421E-5,1.7012165267128066E-5,1.6716067735304542E-5,1.5689430319052176E-5],[1.5805357606608044E-5,1.6807729925804481E-5,1.6716067735304542E-5,1.7310353355617595E-5,1.6716067735304542E-5,1.6807729925804481E-5,1.5805357606608044E-5],[1.476950119414823E-5,1.5805357606608044E-5,1.5689430319052176E-5,1.63124360264358E-5,1.5689430319052176E-5,1.5805357606608044E-5,1.476950119414823E-5]],[[1.5389011636007334E-5,1.6418063548810309E-5,1.630304785065619E-5,1.6922240496121137E-5,1.630304785065619E-5,1.6418063548810309E-5,1.5389011636007334E-5],[1.6418063548810309E-5,1.7412549176465973E-5,1.7321724804171768E-5,1.7911536920863363E-5,1.7321724804171768E-5,1.7412549176465973E-5,1.6418063548810309E-5],[1.630304785065619E-5,1.7321724804171768E-5,1.7615528165686893E-5,1.7909832087653263E-5,1.7615528165686893E-5,1.7321724804171768E-5,1.630304785065619E-5],[1.6922240496121137E-5,1.7911536920863363E-5,1.7909832087653263E-5,1.8452490150881568E-5,1.7909832087653263E-5,1.7911536920863363E-5,1.6922240496121137E-5],[1.630304785065619E-5,1.7321724804171768E-5,1.7615528165686893E-5,1.7909832087653263E-5,1.7615528165686893E-5,1.7321724804171768E-5,1.630304785065619E-5],[1.6418063548810309E-5,1.7412549176465973E-5,1.7321724804171768E-5,1.7911536920863363E-5,1.7321724804171768E-5,1.7412549176465973E-5,1.6418063548810309E-5],[1.5389011636007334E-5,1.6418063548810309E-5,1.630304785065619E-5,1.6922240496121137E-5,1.630304785065619E-5,1.6418063548810309E-5,1.5389011636007334E-5]],[[1.6004231418821207E-5,1.7025817640095231E-5,1.6911767506653272E-5,1.7526700938115846E-5,1.6911767506653272E-5,1.7025817640095231E-5,1.6004231418821207E-5],[1.7025817640095231E-5,1.8012082682386812E-5,1.792210722354707E-5,1.8507202121629794E-5,1.792210722354707E-5,1.8012082682386812E-5,1.7025817640095231E-5],[1.6911767506653272E-5,1.792210722354707E-5,1.8213508735815942E-5,1.8505406326544466E-5,1.8213508735815942E-5,1.792210722354707E-5,1.6911767506653272E-5],[1.7526700938115846E-5,1.8507202121629794E-5,1.8505406326544466E-5,1.9043529743266858E-5,1.8505406326544466E-5,1.8507202121629794E-5,1.7526700938115846E-5],[1.6911767506653272E-5,1.792210722354707E-5,1.8213508735815942E-5,1.8505406326544466E-5,1.8213508735815942E-5,1.792210722354707E-5,1.6911767506653272E-5],[1.7025817640095231E-5,1.8012082682386812E-5,1.792210722354707E-5,1.8507202121629794E-5,1.792210722354707E-5,1.8012082682386812E-5,1.7025817640095231E-5],[1.6004231418821207E-5,1.7025817640095231E-5,1.6911767506653272E-5,1.7526700938115846E-5,1.6911767506653272E-5,1.7025817640095231E-5,1.6004231418821207E-5]],[[1.6614819956818274E-5,1.7628463839835618E-5,1.751541285261229E-5,1.8125753950059116E-5,1.751541285261229E-5,1.7628463839835618E-5,1.6614819956818274E-5],[1.7628463839835618E-5,1.8606329887704662E-5,1.8517201010204E-5,1.9097430426715548E-5,1.8517201010204E-5,1.8606329887704662E-5,1.7628463839835618E-5],[1.751541285261229E-5,1.8517201010204E-5,1.8806139658019218E-5,1.9095569959727793E-5,1.8806139658019218E-5,1.8517201010204E-5,1.751541285261229E-5],[1.8125753950059116E-5,1.9097430426715548E-5,1.9095569959727793E-5,1.9629070627917151E-5,1.9095569959727793E-5,1.9097430426715548E-5,1.8125753950059116E-5],[1.751541285261229E-5,1.8517201010204E-5,1.8806139658019218E-5,1.9095569959727793E-5,1.8806139658019218E-5,1.8517201010204E-5,1.751541285261229E-5],[1.7628463839835618E-5,1.8606329887704662E-5,1.8517201010204E-5,1.9097430426715548E-5,1.8517201010204E-5,1.8606329887704662E-5,1.7628463839835618E-5],[1.6614819956818274E-5,1.7628463839835618E-5,1.751541285261229E-5,1.8125753950059116E-5,1.751541285261229E-5,1.7628463839835618E-5,1.6614819956818274E-5]],[[1.72205426398943E-5,1.8225936011735617E-5,1.8113899487862887E-5,1.8719419187563335E-5,1.8113899487862887E-5,1.8225936011735617E-5,1.72205426398943E-5],[1.8225936011735617E-5,1.9195362150814777E-5,1.9107065996347878E-5,1.9682366859811114E-5,1.9107065996347878E-5,1.9195362150814777E-5,1.8225936011735617E-5],[1.8113899487862887E-5,1.9107065996347878E-5,1.9393522181653974E-5,1.96804657060077E-5,1.9393522181653974E-5,1.9107065996347878E-5,1.8113899487862887E-5],[1.8719419187563335E-5,1.9682366859811114E-5,1.96804657060077E-5,2.0209330041859987E-5,1.96804657060077E-5,1.9682366859811114E-5,1.8719419187563335E-5],[1.8113899487862887E-5,1.9107065996347878E-5,1.9393522181653974E-5,1.96804657060077E-5,1.9393522181653974E-5,1.9107065996347878E-5,1.8113899487862887E-5],[1.8225936011735617E-5,1.9195362150814777E-5,1.9107065996347878E-5,1.9682366859811114E-5,1.9107065996347878E-5,1.9195362150814777E-5,1.8225936011735617E-5],[1.72205426398943E-5,1.8225936011735617