{"M_cells":[[[0,0,0,0,0,0,0],[0,0,0,0,0,0,0],[0,0,0,0,0,0,0],[0,0,0,0,0,0,0],[0,0,0,0,0,0,0],[0,0,0,0,0,0,0],[0,0,0,0,0,0,0]],[[7.987935549784271E-5,0.00021621370348712013,0.00019834179567671797,0.00026957663973882663,0.00019834179567671797,0.00021621370348712013,7.987935549784271E-5],[0.00021621370348712013,0.00047488877001988008,0.000446468084507523,0.00058208150635180643,0.00044646808450752294,0.00047488877001987997,0.00021621370348712013],[0.00019834179567671797,0.000446468084507523,0.00051897090339980592,0.00059168343838705731,0.00051897090339980581,0.00044646808450752294,0.00019834179567671797],[0.00026957663973882663,0.00058208150635180643,0.00059168343838705731,0.00073519761239249624,0.00059168343838705731,0.00058208150635180643,0.00026957663973882663],[0.00019834179567671797,0.00044646808450752294,0.00051897090339980581,0.00059168343838705731,0.00051897090339980592,0.000446468084507523,0.00019834179567671797],[0.00021621370348712013,0.00047488877001987997,0.00044646808450752294,0.00058208150635180643,0.000446468084507523,0.00047488877001988008,0.00021621370348712013],[7.987935549784271E-5,0.00021621370348712013,0.00019834179567671797,0.00026957663973882663,0.00019834179567671797,0.00021621370348712013,7.987935549784271E-5]],[[0.00042380951282860703,0.00073943043372020842,0.00069917999591777259,0.00087362118371412951,0.00069917999591777259,0.00073943043372020842,0.00042380951282860703],[0.00073943043372020842,0.0011492302499272425,0.0011060269374868425,0.0013334117120549121,0.0011060269374868425,0.0011492302499272425,0.00073943043372020842],[0.00069917999591777259,0.0011060269374868425,0.0012238890001987188,0.0013420070408673404,0.0012238890001987188,0.0011060269374868425,0.0006991799959177727],[0.00087362118371412951,0.0013334117120549121,0.0013420070408673404,0.001568488272781782,0.0013420070408673404,0.0013334117120549123,0.00087362118371412951],[0.00069917999591777259,0.0011060269374868425,0.0012238890001987188,0.0013420070408673404,0.0012238890001987188,0.0011060269374868425,0.0006991799959177727],[0.00073943043372020842,0.0011492302499272425,0.0011060269374868425,0.0013334117120549123,0.0011060269374868425,0.0011492302499272425,0.00073943043372020842],[0.00042380951282860703,0.00073943043372020842,0.0006991799959177727,0.00087362118371412951,0.0006991799959177727,0.00073943043372020842,0.000423809512828607]],[[0.000999495551209643,0.0014422585185322051,0.0013875286850387062,0.0016408536003316267,0.0013875286850387062,0.0014422585185322051,0.000999495551209643],[0.0014422585185322051,0.0019406540301419976,0.0018901958924108894,0.0021749260724226002,0.0018901958924108894,0.0019406540301419976,0.0014422585185322051],[0.0013875286850387062,0.0018901958924108894,0.0020353455759268952,0.0021807778099379067,0.0020353455759268952,0.0018901958924108894,0.0013875286850387064],[0.0016408536003316267,0.0021749260724226002,0.0021807778099379067,0.0024551925274205041,0.0021807778099379067,0.0021749260724226002,0.0016408536003316265],[0.0013875286850387062,0.0018901958924108894,0.0020353455759268952,0.0021807778099379067,0.0020353455759268952,0.0018901958924108894,0.0013875286850387064],[0.0014422585185322051,0.0019406540301419976,0.0018901958924108894,0.0021749260724226002,0.0018901958924108894,0.0019406540301419976,0.0014422585185322051],[0.000999495551209643,0.0014422585185322051,0.0013875286850387064,0.0016408536003316265,0.0013875286850387064,0.0014422585185322051,0.000999495551209643]],[[0.0017281532202654507,0.0022503508191092812,0.0021876255897340506,0.0024925939933026328,0.0021876255897340506,0.0022503508191092812,0.0017281532202654507],[0.0022503508191092812,0.0028006618057022162,0.0027467299682995155,0.0030660255472857146,0.0027467299682995155,0.0028006618057022162,0.0022503508191092812],[0.0021876255897340506,0.0027467299682995155,0.0029080053800287532,0.0030695786135851539,0.0029080053800287532,0.0027467299682995155,0.0021876255897340506],[0.0024925939933026328,0.0030660255472857146,0.0030695786135851539,0.0033716928791954755,0.0030695786135851539,0.0030660255472857146,0.0024925939933026328],[0.0021876255897340506,0.0027467299682995155,0.0029080053800287532,0.0030695786135851539,0.0029080053800287532,0.0027467299682995155,0.002187625589734051],[0.0022503508191092812,0.0028006618057022162,0.0027467299682995155,0.0030660255472857146,0.0027467299682995155,0.0028006618057022162,0.0022503508191092812],[0.0017281532202654507,0.0022503508191092812,0.0021876255897340506,0.0024925939933026328,0.002187625589734051,0.0022503508191092812,0.0017281532202654509]],[[0.0025502523994423484,0.00312005726230372,0.0030531620551261509,0.003389920083981621,0.0030531620551261509,0.00312005726230372,0.0025502523994423484],[0.00312005726230372,0.0037007311043787162,0.0036451425210947668,0.0039849013366050814,0.0036451425210947668,0.0037007311043787158,0.00312005726230372],[0.0030531620551261509,0.0036451425210947668,0.0038158604337688671,0.0039868849575663522,0.0038158604337688671,0.0036451425210947668,0.0030531620551261509],[0.003389920083981621,0.0039849013366050814,0.0039868849575663522,0.0043050119765752131,0.0039868849575663522,0.0039849013366050814,0.003389920083981621],[0.0030531620551261509,0.0036451425210947668,0.0038158604337688671,0.0039868849575663522,0.0038158604337688671,0.0036451425210947668,0.0030531620551261509],[0.00312005726230372,0.0037007311043787158,0.0036451425210947668,0.0039849013366050814,0.0036451425210947668,0.0037007311043787158,0.00312005726230372],[0.0025502523994423484,0.00312005726230372,0.0030531620551261509,0.003389920083981621,0.0030531620551261509,0.00312005726230372,0.0025502523994423484]],[[0.0034278770388661535,0.0040257574259109311,0.0039567246886446873,0.0043124967339453922,0.0039567246886446873,0.00402575742591093,0.0034278770388661535],[0.0040257574259109311,0.0046241541933986731,0.0045677678651924614,0.0049195286676464167,0.0045677678651924614,0.0046241541933986722,0.00402575742591093],[0.0039567246886446873,0.0045677678651924614,0.0047439889401141577,0.0049205216945389122,0.0047439889401141577,0.0045677678651924614,0.0039567246886446873],[0.0043124967339453922,0.0049195286676464167,0.0049205216945389122,0.0052479107905683822,0.0049205216945389122,0.0049195286676464167,0.0043124967339453922],[0.0039567246886446873,0.0045677678651924614,0.0047439889401141577,0.0049205216945389122,0.0047439889401141569,0.0045677678651924606,0.0039567246886446873],[0.00402575742591093,0.0046241541933986722,0.0045677678651924614,0.0049195286676464167,0.0045677678651924606,0.0046241541933986722,0.00402575742591093],[0.0034278770388661535,0.00402575742591093,0.0039567246886446873,0.0043124967339453922,0.0039567246886446873,0.00402575742591093,0.0034278770388661535]],[[0.00433812740340425,0.0049524491777899375,0.0048823179067448534,0.0052493008536042274,0.0048823179067448534,0.0049524491777899375,0.00433812740340425],[0.0049524491777899375,0.0055611766538817961,0.00550439879220552,0.0058631655152988574,0.00550439879220552,0.0055611766538817961,0.0049524491777899375],[0.0048823179067448534,0.00550439879220552,0.0056838202361706508,0.0058635562892171466,0.0056838202361706508,0.00550439879220552,0.0048823179067448534],[0.0052493008536042274,0.0058631655152988574,0.0058635562892171466,0.0061963075275952052,0.0058635562892171466,0.0058631655152988574,0.0052493008536042274],[0.0048823179067448534,0.00550439879220552,0.0056838202361706508,0.0058635562892171466,0.0056838202361706508,0.00550439879220552,0.0048823179067448534],[0.0049524491777899375,0.0055611766538817961,0.00550439879220552,0.0058631655152988574,0.00550439879220552,0.0055611766538817961,0.0049524491777899375],[0.00433812740340425,0.0049524491777899375,0.0048823179067448534,0.0052493008536042274,0.0048823179067448534,0.0049524491777899375,0.00433812740340425]],[[0.0052674520886208031,0.0058913716635973761,0.0058206681985447008,0.0061942139374721109,0.0058206681985447008,0.0058913716635973761,0.0052674520886208031],[0.0058913716635973761,0.0065061179690308378,0.0064491428493724905,0.0068119907829504323,0.0064491428493724905,0.0065061179690308378,0.0058913716635973761],[0.0058206681985447008,0.0064491428493724905,0.0066304245729569555,0.0068120226039851085,0.0066304245729569555,0.0064491428493724905,0.0058206681985447008],[0.0061942139374721109,0.0068119907829504323,0.0068120226039851085,0.0071478824824015063,0.0068120226039851085,0.0068119907829504323,0.0061942139374721109],[0.0058206681985447008,0.0064491428493724905,0.0066304245729569555,0.0068120226039851085,0.0066304245729569555,0.0064491428493724905,0.0058206681985447008],[0.0058913716635973761,0.0065061179690308378,0.0064491428493724905,0.0068119907829504323,0.0064491428493724905,0.0065061179690308378,0.0058913716635973761],[0.0052674520886208031,0.0058913716635973761,0.0058206681985447008,0.0061942139374721109,0.0058206681985447008,0.0058913716635973761,0.0052674520886208031]],[[0.0062079044278012712,0.0068374206286517013,0.0067664133181706519,0.00714378850517401,0.0067664133181706519,0.0068374206286517013,0.0062079044278012712],[0.0068374206286517013,0.0074556757961201509,0.0073985981140451519,0.0077638231815248485,0.0073985981140451519,0.0074556757961201509,0.0068374206286517013],[0.0067664133181706519,0.0073985981140451519,0.0075809621290973631,0.0077636434400967947,0.0075809621290973631,0.0073985981140451519,0.0067664133181706519],[0.00714378850517401,0.0077638231815248485,0.0077636434400967947,0.0081013093780573277,0.0077636434400967947,0.0077638231815248485,0.00714378850517401],[0.0067664133181706519,0.0073985981140451519,0.0075809621290973631,0.0077636434400967947,0.0075809621290973631,0.0073985981140451519,0.0067664133181706519],[0.0068374206286517013,0.0074556757961201509,0.0073985981140451519,0.0077638231815248485,0.0073985981140451519,0.0074556757961201509,0.0068374206286517013],[0.0062079044278012712,0.0068374206286517013,0.0067664133181706519,0.00714378850517401,0.0067664133181706519,0.0068374206286517013,0.0062079044278012712]],[[0.0071548460357777283,0.0077876272389771862,0.0077164549271138477,0.0080960631220045112,0.0077164549271138477,0.0077876272389771862,0.0071548460357777283],[0.0077876272389771862,0.008407932154544006,0.008350799198417613,0.0087174109865984159,0.008350799198417613,0.008407932154544006,0.0077876272389771862],[0.0077164549271138477,0.008350799198417613,0.0085337943397708147,0.0087171073555854638,0.0085337943397708147,0.008350799198417613,0.0077164549271138477],[0.0080960631220045112,0.0087174109865984159,0.0087171073555854638,0.0090558260065911941,0.0087171073555854638,0.0087174109865984159,0.0080960631220045112],[0.0077164549271138477,0.008350799198417613,0.0085337943397708147,0.0087171073555854638,0.0085337943397708147,0.008350799198417613,0.0077164549271138477],[0.0077876272389771862,0.008407932154544006,0.008350799198417613,0.0087174109865984159,0.008350799198417613,0.008407932154544006,0.0077876272389771862],[0.0071548460357777283,0.0077876272389771862,0.0077164549271138477,0.0080960631220045112,0.0077164549271138477,0.0077876272389771862,0.0071548460357777283]],[[0.008105576424087926,0.0087402663206506657,0.0086690022072525939,0.0090499142713019766,0.0086690022072525939,0.0087402663206506657,0.008105576424087926],[0.0087402663206506657,0.0093617731950933689,0.0093046092415626381,0.0096720326989874622,0.0093046092415626381,0.0093617731950933689,0.0087402663206506657],[0.0086690022072525939,0.0093046092415626381,0.0094879739029454565,0.0096716567799661861,0.0094879739029454565,0.0093046092415626381,0.0086690022072525939],[0.0090499142713019766,0.0096720326989874622,0.0096716567799661861,0.010010992026515828,0.0096716567799661861,0.0096720326989874622,0.0090499142713019766],[0.0086690022072525939,0.0093046092415626381,0.0094879739029454565,0.0096716567799661861,0.0094879739029454565,0.0093046092415626381,0.0086690022072525939],[0.0087402663206506657,0.0093617731950933689,0.0093046092415626381,0.0096720326989874622,0.0093046092415626381,0.0093617731950933689,0.0087402663206506657],[0.008105576424087926,0.0087402663206506657,0.0086690022072525939,0.0090499142713019766,0.0086690022072525939,0.0087402663206506657,0.008105576424087926]],[[0.009058525306210442,0.0096943354214424678,0.009623018892355964,0.010004694864807534,0.009623018892355964,0.0096943354214424678,0.009058525306210442],[0.0096943354214424678,0.010316551405020743,0.010259369300832311,0.010627270459338979,0.010259369300832311,0.010316551405020743,0.0096943354214424678],[0.009623018892355964,0.010259369300832311,0.010442951655070996,0.010626852428262636,0.010442951655070996,0.010259369300832311,0.009623018892355964],[0.010004694864807534,0.010627270459338979,0.010626852428262636,0.010966551373017804,0.010626852428262636,0.010627270459338979,0.010004694864807534],[0.009623018892355964,0.010259369300832311,0.010442951655070996,0.010626852428262636,0.010442951655070996,0.010259369300832311,0.009623018892355964],[0.0096943354214424678,0.010316551405020743,0.010259369300832311,0.010627270459338979,0.010259369300832311,0.010316551405020743,0.0096943354214424678],[0.009058525306210442,0.0096943354214424678,0.009623018892355964,0.010004694864807534,0.009623018892355964,0.0096943354214424678,0.009058525306210442]],[[0.010012779669862191,0.010649251359846857,0.010577904058218861,0.010960030113162062,0.010577904058218861,0.010649251359846857,0.010012779669862191],[0.010649251359846857,0.011271889365037696,0.011214696141757659,0.01158288071540107,0.011214696141757659,0.011271889365037696,0.010649251359846857],[0.010577904058218861,0.011214696141757659,0.011398407873335296,0.011582438146655924,0.011398407873335296,0.011214696141757659,0.010577904058218861],[0.010960030113162062,0.01158288071540107,0.011582438146655924,0.011922353701617381,0.011582438146655924,0.01158288071540107,0.010960030113162062],[0.010577904058218861,0.011214696141757659,0.011398407873335296,0.011582438146655924,0.011398407873335296,0.011214696141757659,0.010577904058218861],[0.010649251359846857,0.011271889365037696,0.011214696141757659,0.01158288071540107,0.011214696141757659,0.011271889365037696,0.010649251359846857],[0.010012779669862191,0.010649251359846857,0.010577904058218861,0.010960030113162062,0.010577904058218861,0.010649251359846857,0.010012779669862191]],[[0.010967807971477391,0.011604673845787769,0.01153330793480933,0.011915701344091031,0.01153330793480933,0.011604673845787769,0.010967807971477391],[0.011604673845787769,0.012227565911722129,0.012170365574626443,0.012538720105628226,0.012170365574626443,0.012227565911722129,0.011604673845787769],[0.01153330793480933,0.012170365574626443,0.0123541550820685,0.012538263206564019,0.0123541550820685,0.012170365574626443,0.01153330793480933],[0.011915701344091031,0.012538720105628226,0.012538263206564019,0.012878309372190469,0.012538263206564019,0.012538720105628226,0.011915701344091031],[0.01153330793480933,0.012170365574626443,0.0123541550820685,0.012538263206564019,0.0123541550820685,0.012170365574626443,0.01153330793480933],[0.011604673845787769,0.012227565911722129,0.012170365574626443,0.012538720105628226,0.012170365574626443,0.012227565911722129,0.011604673845787769],[0.010967807971477391,0.011604673845787769,0.01153330793480933,0.011915701344091031,0.01153330793480933,0.011604673845787769,0.010967807971477391]],[[0.011923299715839766,0.012560403123660264,0.012489025620141432,0.012871579537466052,0.012489025620141432,0.012560403123660264,0.011923299715839766],[0.012560403123660264,0.013183450169298658,0.013126245118413427,0.013494702867987415,0.013126245118413427,0.013183450169298658,0.012560403123660264],[0.012489025620141432,0.013126245118413427,0.013310082004975174,0.01349423755545273,0.013310082004975174,0.013126245118413427,0.012489025620141432],[0.012871579537466052,0.013494702867987415,0.01349423755545273,0.013834363581693475,0.01349423755545273,0.013494702867987415,0.012871579537466052],[0.012489025620141432,0.013126245118413427,0.013310082004975174,0.01349423755545273,0.013310082004975174,0.013126245118413427,0.012489025620141432],[0.012560403123660264,0.013183450169298658,0.013126245118413427,0.013494702867987415,0.013126245118413427,0.013183450169298658,0.012560403123660264],[0.011923299715839766,0.012560403123660264,0.012489025620141432,0.012871579537466052,0.012489025620141432,0.012560403123660264,0.011923299715839766]],[[0.012879072317762195,0.013516320637405472,0.013444935729205042,0.013827587170915536,0.013444935729205042,0.013516320637405472,0.012879072317762195],[0.013516320637405472,0.014139463345107593,0.014082255117523382,0.014450776314461183,0.014082255117523382,0.014139463345107593,0.013516320637405472],[0.013444935729205042,0.014082255117523382,0.014266121218429108,0.01445030601260488,0.014266121218429108,0.014082255117523382,0.013444935729205042],[0.013827587170915536,0.014450776314461183,0.01445030601260488,0.014790481466604234,0.01445030601260488,0.014450776314461183,0.013827587170915536],[0.013444935729205042,0.014082255117523382,0.014266121218429108,0.01445030601260488,0.014266121218429108,0.014082255117523382,0.013444935729205042],[0.013516320637405472,0.014139463345107593,0.014082255117523382,0.014450776314461183,0.014082255117523382,0.014139463345107593,0.013516320637405472],[0.012879072317762195,0.013516320637405472,0.013444935729205042,0.013827587170915536,0.013444935729205042,0.013516320637405472,0.012879072317762195]],[[0.013835017092764936,0.014472354657917802,0.01440096496524689,0.014783676262455072,0.01440096496524689,0.014472354657917802,0.013835017092764936],[0.014472354657917802,0.015095556609193763,0.01503834627590977,0.015406906683687065,0.01503834627590977,0.015095556609193763,0.014472354657917802],[0.01440096496524689,0.01503834627590977,0.015222230467579602,0.015406433370629488,0.015222230467579602,0.01503834627590977,0.01440096496524689],[0.014783676262455072,0.015406906683687065,0.015406433370629488,0.01574663950448554,0.015406433370629488,0.015406906683687065,0.014783676262455072],[0.01440096496524689,0.01503834627590977,0.015222230467579602,0.015406433370629488,0.015222230467579602,0.01503834627590977,0.01440096496524689],[0.014472354657917802,0.015095556609193763,0.01503834627590977,0.015406906683687065,0.01503834627590977,0.015095556609193763,0.014472354657917802],[0.013835017092764936,0.014472354657917802,0.01440096496524689,0.014783676262455072,0.01440096496524689,0.014472354657917802,0.013835017092764936]],[[0.014791067960887892,0.015428460375970354,0.015357067648500818,0.015739815708040936,0.015357067648500818,0.015428460375970354,0.014791067960887892],[0.015428460375970354,0.016051698283726459,0.015994486666345349,0.016363070965044815,0.015994486666345349,0.016051698283726459,0.015428460375970354],[0.015357067648500818,0.015994486666345349,0.016178381862644951,0.01636259578074829,0.016178381862644951,0.015994486666345349,0.015357067648500818],[0.015739815708040936,0.016363070965044815,0.01636259578074829,0.016702820538307111,0.01636259578074829,0.016363070965044815,0.015739815708040936],[0.015357067648500818,0.015994486666345349,0.016178381862644951,0.01636259578074829,0.016178381862644951,0.015994486666345349,0.015357067648500816],[0.015428460375970354,0.016051698283726459,0.015994486666345349,0.016363070965044815,0.015994486666345349,0.016051698283726459,0.015428460375970354],[0.014791067960887892,0.015428460375970354,0.015357067648500818,0.015739815708040936,0.015357067648500816,0.015428460375970354,0.014791067960887892]],[[0.015747183316477297,0.016384608369792351,0.016313213877126791,0.016695983963556784,0.016313213877126791,0.016384608369792351,0.015747183316477297],[0.016384608369792351,0.017007866417347608,0.016950654208798988,0.017319252161911707,0.016950654208798988,0.017007866417347608,0.016384608369792351],[0.016313213877126791,0.016950654208798988,0.017134555621442442,0.017318775760615517,0.017134555621442442,0.016950654208798988,0.016313213877126791],[0.016695983963556784,0.017319252161911707,0.017318775760615517,0.017659010886049806,0.017318775760615517,0.017319252161911707,0.016695983963556784],[0.016313213877126791,0.016950654208798988,0.017134555621442442,0.017318775760615517,0.017134555621442442,0.016950654208798988,0.016313213877126788],[0.016384608369792351,0.017007866417347608,0.016950654208798988,0.017319252161911707,0.016950654208798988,0.017007866417347608,0.016384608369792351],[0.015747183316477297,0.016384608369792351,0.016313213877126791,0.016695983963556784,0.016313213877126788,0.016384608369792351,0.015747183316477297]],[[0.016703335521770266,0.017340777917226866,0.017269382670324546,0.017652164803262718,0.017269382670324546,0.017340777917226866,0.016703335521770266],[0.017340777917226866,0.017964044472112566,0.017906832305344407,0.018275436536367536,0.017906832305344407,0.017964044472112566,0.017340777917226866],[0.017269382670324546,0.017906832305344407,0.018090736434692556,0.01827495929067334,0.018090736434692556,0.017906832305344407,0.017269382670324546],[0.017652164803262718,0.018275436536367536,0.01827495929067334,0.018615198650708258,0.01827495929067334,0.018275436536367536,0.017652164803262718],[0.017269382670324546,0.017906832305344407,0.018090736434692556,0.01827495929067334,0.018090736434692556,0.017906832305344407,0.017269382670324542],[0.017340777917226866,0.017964044472112566,0.017906832305344407,0.018275436536367536,0.017906832305344407,0.017964044472112566,0.017340777917226866],[0.016703335521770266,0.017340777917226866,0.017269382670324546,0.017652164803262718,0.017269382670324542,0.017340777917226866,0.016703335521770266]],[[0.017659504811166543,0.018296953108205196,0.018225557986600863,0.018608344849913583,0.018225557986600863,0.018296953108205196,0.017659504811166543],[0.018296953108205196,0.018920218808047687,0.018863007296144454,0.019231611995096095,0.018863007296144454,0.018920218808047687,0.018296953108205196],[0.018225557986600863,0.018863007296144454,0.0190469113437606,0.019231134114028648,0.0190469113437606,0.018863007296144454,0.018225557986600863],[0.018608344849913583,0.019231611995096095,0.019231134114028648,0.019571372720634566,0.019231134114028648,0.019231611995096095,0.018608344849913583],[0.018225557986600863,0.018863007296144454,0.0190469113437606,0.019231134114028648,0.019046911343760596,0.01886300729614445,0.01822555798660086],[0.018296953108205196,0.018920218808047687,0.018863007296144454,0.019231611995096095,0.01886300729614445,0.018920218808047683,0.018296953108205193],[0.017659504811166543,0.018296953108205196,0.018225557986600863,0.018608344849913583,0.01822555798660086,0.018296953108205193,0.017659504811166543]],[[0.018615675745074004,0.019253120574335758,0.019181726400455637,0.019564512124724941,0.019181726400455637,0.019253120574335758,0.018615675745074004],[0.019253120574335758,0.019876377204536819,0.019819166965030322,0.020187767131614902,0.019819166965030322,0.019876377204536819,0.019253120574335758],[0.019181726400455637,0.019819166965030322,0.020003068489534849,0.020187288728847633,0.020003068489534849,0.019819166965030322,0.019181726400455637],[0.019564512124724941,0.020187767131614902,0.020187288728847633,0.020527522165815607,0.020187288728847633,0.020187767131614902,0.019564512124724941],[0.019181726400455637,0.019819166965030322,0.020003068489534849,0.020187288728847633,0.020003068489534849,0.019819166965030322,0.019181726400455637],[0.019253120574335758,0.019876377204536819,0.019819166965030322,0.020187767131614902,0.019819166965030322,0.019876377204536819,0.019253120574335758],[0.018615675745074004,0.019253120574335758,0.019181726400455637,0.019564512124724941,0.019181726400455637,0.019253120574335758,0.018615675745074004]],[[0.019571835135863039,0.020209268150882222,0.020137875734550031,0.020520655183403048,0.020137875734550031,0.020209268150882222,0.019571835135863039],[0.020209268150882222,0.020832507978299178,0.020775299648743504,0.021143890644689033,0.020775299648743504,0.020832507978299178,0.020209268150882222],[0.020137875734550031,0.020775299648743504,0.020959196361764798,0.021143411777914973,0.020959196361764798,0.020775299648743504,0.020137875734550031],[0.020520655183403048,0.021143890644689033,0.021143411777914973,0.02148363585984633,0.021143411777914973,0.021143890644689033,0.020520655183403048],[0.020137875734550031,0.020775299648743504,0.020959196361764798,0.021143411777914973,0.020959196361764798,0.020775299648743504,0.020137875734550031],[0.020209268150882222,0.020832507978299178,0.020775299648743504,0.021143890644689033,0.020775299648743504,0.020832507978299178,0.020209268150882222],[0.019571835135863039,0.020209268150882222,0.020137875734550031,0.020520655183403048,0.020137875734550031,0.020209268150882222,0.019571835135863039]],[[0.020527970822344671,0.021165384074900116,0.021093994241060555,0.021476762587628973,0.021093994241060555,0.021165384074900116,0.020527970822344671],[0.021165384074900116,0.021788599443129709,0.021731393691908438,0.022099970970842171,0.021731393691908438,0.021788599443129709,0.021165384074900116],[0.021093994241060555,0.021731393691908438,0.021915283334416048,0.022099491664441775,0.021915283334416048,0.021731393691908438,0.021093994241060555],[0.021476762587628973,0.022099970970842171,0.022099491664441775,0.022439702228950552,0.022099491664441775,0.022099970970842171,0.021476762587628973],[0.021093994241060555,0.021731393691908438,0.021915283334416048,0.022099491664441775,0.021915283334416048,0.021731393691908438,0.021093994241060555],[0.021165384074900116,0.021788599443129709,0.021731393691908438,0.022099970970842171,0.021731393691908438,0.021788599443129709,0.021165384074900116],[0.020527970822344671,0.021165384074900116,0.021093994241060555,0.021476762587628973,0.021093994241060555,0.021165384074900116,0.020527970822344671]],[[0.021484070931788023,0.022121456490021636,0.022050070097107279,0.022432822566928443,0.022050070097107279,0.022121456490021636,0.021484070931788023],[0.022121456490021636,0.022744639563638227,0.022687437098271597,0.0230559960368966,0.022687437098271597,0.022744639563638227,0.022121456490021636],[0.022050070097107279,0.022687437098271597,0.022871317362703165,0.023055516294931969,0.022871317362703165,0.022687437098271597,0.022050070097107279],[0.022432822566928443,0.0230559960368966,0.023055516294931969,0.02339570907059,0.023055516294931969,0.0230559960368966,0.022432822566928443],[0.022050070097107279,0.022687437098271597,0.022871317362703165,0.023055516294931969,0.022871317362703165,0.022687437098271597,0.022050070097107279],[0.022121456490021636,0.022744639563638227,0.022687437098271597,0.0230559960368966,0.022687437098271597,0.022744639563638227,0.022121456490021636],[0.021484070931788023,0.022121456490021636,0.022050070097107279,0.022432822566928443,0.022050070097107279,0.022121456490021636,0.021484070931788023]],[[0.022440123420344821,0.02307747312478764,0.023006091078000997,0.023388822786685165,0.023006091078000997,0.02307747312478764,0.022440123420344821],[0.02307747312478764,0.023700615717100141,0.023643417291370823,0.024011953077695054,0.023643417291370823,0.023700615717100141,0.02307747312478764],[0.023006091078000997,0.023643417291370823,0.023827285769470144,0.02401147289129537,0.023827285769470144,0.023643417291370823,0.023006091078000997],[0.023388822786685165,0.024011953077695054,0.02401147289129537,0.024351643407936614,0.02401147289129537,0.024011953077695054,0.023388822786685165],[0.023006091078000997,0.023643417291370823,0.023827285769470144,0.02401147289129537,0.023827285769470144,0.023643417291370823,0.023006091078000997],[0.02307747312478764,0.023700615717100141,0.023643417291370823,0.024011953077695054,0.023643417291370823,0.023700615717100141,0.02307747312478764],[0.022440123420344821,0.02307747312478764,0.023006091078000997,0.023388822786685165,0.023006091078000997,0.02307747312478764,0.022440123420344821]],[[0.02339611577051599,0.024033421067053761,0.023962044329046989,0.024344750173085121,0.023962044329046989,0.024033421067053761,0.02339611577051599],[0.024033421067053761,0.02465651451318359,0.024599320933869233,0.024967828486697968,0.024599320933869233,0.02465651451318359,0.024033421067053761],[0.023962044329046989,0.024599320933869233,0.024783175078520209,0.0249673478381841,0.024783175078520209,0.024599320933869233,0.023962044329046989],[0.024344750173085121,0.024967828486697968,0.0249673478381841,0.025307491360071273,0.0249673478381841,0.024967828486697968,0.024344750173085121],[0.023962044329046989,0.024599320933869233,0.024783175078520209,0.0249673478381841,0.024783175078520209,0.024599320933869233,0.023962044329046989],[0.024033421067053761,0.02465651451318359,0.024599320933869233,0.024967828486697968,0.024599320933869233,0.02465651451318359,0.024033421067053761],[0.02339611577051599,0.024033421067053761,0.023962044329046989,0.024344750173085121,0.023962044329046989,0.024033421067053761,0.02339611577051599]],[[0.024352034774935159,0.024989286589073168,0.02491791618949437,0.025300590765909497,0.02491791618949437,0.024989286589073168,0.024352034774935159],[0.024989286589073168,0.025612321641831269,0.025555133775537392,0.025923607680068607,0.025555133775537392,0.025612321641831269,0.024989286589073168],[0.02491791618949437,0.025555133775537392,0.025738970869693758,0.025923126545170618,0.025738970869693758,0.025555133775537392,0.02491791618949437],[0.025300590765909497,0.025923607680068607,0.025923126545170618,0.026263238015514456,0.025923126545170618,0.025923607680068607,0.025300590765909497],[0.02491791618949437,0.025555133775537392,0.025738970869693758,0.025923126545170618,0.025738970869693758,0.025555133775537392,0.02491791618949437],[0.024989286589073168,0.025612321641831269,0.025555133775537392,0.025923607680068607,0.025555133775537392,0.025612321641831269,0.024989286589073168],[0.024352034774935159,0.024989286589073168,0.02491791618949437,0.025300590765909497,0.02491791618949437,0.024989286589073168,0.024352034774935159]],[[0.025307866364928509,0.02594505499625941,0.025873692041087831,0.026256329581600384,0.025873692041087831,0.02594505499625941,0.025307866364928509],[0.02594505499625941,0.026568021731289426,0.026510840511724008,0.026879274962183848,0.026510840511724008,0.026568021731289426,0.02594505499625941],[0.025873692041087831,0.026510840511724008,0.026694657640294925,0.026878793311130363,0.026694657640294925,0.026510840511724008,0.025873692041087831],[0.026256329581600384,0.026879274962183848,0.026878793311130363,0.027218867301023027,0.026878793311130363,0.026879274962183848,0.026256329581600384],[0.025873692041087831,0.026510840511724008,0.026694657640294925,0.026878793311130363,0.026694657640294925,0.026510840511724008,0.025873692041087831],[0.02594505499625941,0.026568021731289426,0.026510840511724008,0.026879274962183848,0.026510840511724008,0.026568021731289426,0.02594505499625941],[0.025307866364928509,0.02594505499625941,0.025873692041087831,0.026256329581600384,0.025873692041087831,0.02594505499625941,0.025307866364928509]],[[0.026263595459049459,0.026900710483182488,0.026829356164417683,0.027211950475519983,0.026829356164417683,0.026900710483182488,0.026263595459049459],[0.026900710483182488,0.027523598204916424,0.02746642464085227,0.027834813384574414,0.02746642464085227,0.027523598204916424,0.026900710483182488],[0.026829356164417683,0.02746642464085227,0.027650218662969385,0.027834331182498583,0.027650218662969385,0.02746642464085227,0.026829356164417683],[0.027211950475519983,0.027834813384574414,0.027834331182498583,0.028174361839910581,0.027834331182498583,0.027834813384574414,0.027211950475519983],[0.026829356164417683,0.02746642464085227,0.027650218662969385,0.027834331182498583,0.027650218662969385,0.02746642464085227,0.026829356164417683],[0.026900710483182488,0.027523598204916424,0.02746642464085227,0.027834813384574414,0.02746642464085227,0.027523598204916424,0.026900710483182488],[0.026263595459049459,0.026900710483182488,0.026829356164417683,0.027211950475519983,0.026829356164417683,0.026900710483182488,0.026263595459049459]],[[0.027219205816332064,0.027856235986219217,0.027784891592360025,0.028167435995913689,0.027784891592360025,0.027856235986219217,0.027219205816332064],[0.027856235986219217,0.028479033129030353,0.02842186831317867,0.028790204592465965,0.02842186831317867,0.028479033129030353,0.027856235986219217],[0.027784891592360025,0.02842186831317867,0.028605635833140925,0.028789721799380236,0.028605635833140925,0.02842186831317867,0.027784891592360025],[0.028167435995913689,0.028790204592465965,0.028789721799380236,0.02912970279530119,0.028789721799380236,0.028790204592465965,0.028167435995913689],[0.027784891592360025,0.02842186831317867,0.028605635833140925,0.028789721799380236,0.028605635833140925,0.02842186831317867,0.027784891592360025],[0.027856235986219217,0.028479033129030353,0.02842186831317867,0.028790204592465965,0.02842186831317867,0.028479033129030353,0.027856235986219217],[0.027219205816332064,0.027856235986219217,0.027784891592360025,0.028167435995913689,0.027784891592360025,0.027856235986219217,0.027219205816332064]],[[0.028174679884314217,0.028811613025526338,0.028740279953169003,0.029122767223956875,0.028740279953169003,0.028811613025526338,0.028174679884314217],[0.028811613025526338,0.029434307045946993,0.029377152164952541,0.029745428654099151,0.029377152164952541,0.029434307045946993,0.028811613025526338],[0.028740279953169003,0.029377152164952541,0.029560889500607233,0.029744945224575926,0.029560889500607233,0.029377152164952541,0.028740279953169003],[0.029122767223956875,0.029745428654099151,0.029744945224575926,0.030084869694127821,0.029744945224575926,0.029745428654099151,0.029122767223956875],[0.028740279953169003,0.029377152164952541,0.029560889500607233,0.029744945224575926,0.029560889500607233,0.029377152164952541,0.028740279953169003],[0.028811613025526338,0.029434307045946993,0.029377152164952541,0.029745428654099151,0.029377152164952541,0.029434307045946993,0.028811613025526338],[0.028174679884314217,0.028811613025526338,0.028740279953169003,0.029122767223956875,0.028740279953169003,0.028811613025526338,0.028174679884314217]],[[0.029129998634783518,0.029766821530604014,0.029695501297474017,0.030077923595061003,0.029695501297474017,0.029766821530604014,0.029129998634783518],[0.029766821530604014,0.030389398787164471,0.030332255132948918,0.030700463868294985,0.030332255132948918,0.030389398787164471,0.029766821530604014],[0.029695501297474017,0.030332255132948918,0.030515958280481773,0.030699979750925113,0.030515958280481773,0.030332255132948915,0.029695501297474017],[0.030077923595061003,0.030700463868294985,0.030699979750925113,0.031039840227612404,0.030699979750925113,0.030700463868294985,0.030077923595061003],[0.029695501297474017,0.030332255132948918,0.030515958280481773,0.030699979750925113,0.030515958280481773,0.030332255132948915,0.029695501297474017],[0.029766821530604014,0.030389398787164471,0.030332255132948915,0.030700463868294985,0.030332255132948915,0.030389398787164471,0.029766821530604014],[0.029129998634783518,0.029766821530604014,0.029695501297474017,0.030077923595061003,0.029695501297474017,0.029766821530604014,0.029129998634783518]],[[0.030085141381558728,0.030721839644361388,0.030650533904080596,0.031032882696798131,0.030650533904080592,0.030721839644361388,0.030085141381558728],[0.030721839644361388,0.031344285261783747,0.031287154244488691,0.0316552865455494,0.031287154244488691,0.031344285261783747,0.030721839644361388],[0.030650533904080596,0.031287154244488691,0.031470818838659223,0.031654801682207488,0.031470818838659223,0.031287154244488691,0.030650533904080592],[0.031032882696798131,0.0316552865455494,0.031654801682207488,0.031994590023545426,0.031654801682207488,0.0316552865455494,0.031032882696798131],[0.030650533904080592,0.031287154244488691,0.031470818838659223,0.031654801682207488,0.031470818838659223,0.031287154244488691,0.030650533904080592],[0.030721839644361388,0.031344285261783747,0.031287154244488691,0.0316552865455494,0.031287154244488691,0.031344285261783747,0.030721839644361388],[0.030085141381558728,0.030721839644361388,0.030650533904080592,0.031032882696798131,0.030650533904080592,0.030721839644361388,0.030085141381558728]],[[0.031040085575124703,0.031676643500590247,0.031605354059540867,0.031987620038488533,0.031605354059540867,0.031676643500590247,0.031040085575124703],[0.031676643500590247,0.032298941214918775,0.032241824377749251,0.032609870757398123,0.032241824377749251,0.032298941214918775,0.031676643500590247],[0.031605354059540867,0.032241824377749251,0.032425445646564924,0.032609385082320204,0.032425445646564924,0.032241824377749251,0.031605354059540867],[0.031987620038488533,0.032609870757398123,0.032609385082320204,0.032949092384981921,0.032609385082320204,0.032609870757398123,0.031987620038488533],[0.031605354059540867,0.032241824377749251,0.032425445646564924,0.032609385082320204,0.032425445646564924,0.032241824377749251,0.031605354059540867],[0.031676643500590247,0.032298941214918775,0.032241824377749251,0.032609870757398123,0.032241824377749251,0.032298941214918775,0.031676643500590247],[0.031040085575124703,0.031676643500590247,0.031605354059540867,0.031987620038488533,0.031605354059540867,0.031676643500590247,0.031040085575124703]],[[0.0319948065688113,0.032631206969306104,0.032559935805979587,0.032942108786867638,0.032559935805979587,0.032631206969306104,0.0319948065688113],[0.032631206969306104,0.033253338950131481,0.0331962379864515,0.033564188047924055,0.0331962379864515,0.033253338950131481,0.032631206969306104],[0.032559935805979587,0.0331962379864515,0.033379810699157374,0.033563701486582012,0.033379810699157374,0.0331962379864515,0.032559935805979587],[0.032942108786867638,0.033564188047924055,0.033563701486582012,0.033903317988967077,0.033563701486582012,0.033564188047924055,0.032942108786867638],[0.032559935805979587,0.0331962379864515,0.033379810699157374,0.033563701486582012,0.033379810699157374,0.0331962379864515,0.032559935805979587],[0.032631206969306104,0.033253338950131481,0.0331962379864515,0.033564188047924055,0.0331962379864515,0.033253338950131481,0.032631206969306104],[0.0319948065688113,0.032631206969306104,0.032559935805979587,0.032942108786867638,0.032559935805979587,0.032631206969306104,0.0319948065688113]],[[0.032949277350665614,0.033585501363602374,0.0335142506509129,0.033896319461255632,0.0335142506509129,0.033585501363602374,0.032949277350665614],[0.033585501363602374,0.034207448008891972,0.034150364781998822,0.034518207100115543,0.034150364781998822,0.034207448008891972,0.033585501363602374],[0.0335142506509129,0.034150364781998822,0.034333883189069506,0.034517719567861552,0.034333883189069506,0.034150364781998822,0.0335142506509129],[0.033896319461255632,0.034518207100115543,0.034517719567861552,0.034857234537629261,0.034517719567861552,0.034518207100115543,0.033896319461255632],[0.0335142506509129,0.034150364781998822,0.034333883189069506,0.034517719567861552,0.034333883189069506,0.034150364781998822,0.0335142506509129],[0.033585501363602374,0.034207448008891972,0.034150364781998822,0.034518207100115543,0.034150364781998822,0.034207448008891972,0.033585501363602374],[0.032949277350665614,0.033585501363602374,0.0335142506509129,0.033896319461255632,0.0335142506509129,0.033585501363602374,0.032949277350665614]],[[0.033903468234213266,0.034539495100482709,0.0344682672316065,0.034850219580404879,0.0344682672316065,0.034539495100482709,0.033903468234213266],[0.034539495100482709,0.035161234798650215,0.035104171364745196,0.035471893348264921,0.035104171364745196,0.035161234798650215,0.034539495100482709],[0.0344682672316065,0.035104171364745196,0.035287629128314769,0.035471404748701779,0.035287629128314769,0.035104171364745196,0.0344682672316065],[0.034850219580404879,0.035471893348264921,0.035471404748701779,0.035810806352326564,0.035471404748701779,0.035471893348264921,0.034850219580404879],[0.0344682672316065,0.035104171364745196,0.035287629128314769,0.035471404748701779,0.035287629128314769,0.035104171364745196,0.0344682672316065],[0.034539495100482709,0.035161234798650215,0.035104171364745196,0.035471893348264921,0.035104171364745196,0.035161234798650215,0.034539495100482709],[