{"M_cells":[[[0,0,0,0,0],[0,0,0,0,0],[0,0,0,0,0],[0,0,0,0,0],[0,0,0,0,0]],[[4.6825914385667518E-5,0.0001159656708091838,0.00013643823166176809,0.0001159656708091838,4.6825914385667518E-5],[0.0001159656708091838,0.00024396905630508933,0.00028283492457371743,0.00024396905630508933,0.0001159656708091838],[0.00013643823166176809,0.00028283492457371743,0.00032783141181970556,0.00028283492457371743,0.00013643823166176809],[0.0001159656708091838,0.00024396905630508933,0.00028283492457371743,0.00024396905630508933,0.0001159656708091838],[4.6825914385667518E-5,0.0001159656708091838,0.00013643823166176809,0.0001159656708091838,4.6825914385667518E-5]],[[0.00027500682137532664,0.00046156146650886966,0.00051937481538409842,0.00046156146650886966,0.00027500682137532664],[0.00046156146650886966,0.00071385924211078754,0.0007936431125433657,0.00071385924211078754,0.00046156146650886966],[0.00051937481538409842,0.0007936431125433657,0.00088075043650917312,0.0007936431125433657,0.00051937481538409842],[0.00046156146650886966,0.00071385924211078754,0.0007936431125433657,0.00071385924211078754,0.00046156146650886966],[0.00027500682137532664,0.00046156146650886966,0.00051937481538409842,0.00046156146650886966,0.00027500682137532664]],[[0.00071954672877871581,0.0010262857119650412,0.0011237216969772119,0.0010262857119650412,0.00071954672877871581],[0.0010262857119650412,0.0013959460204430341,0.001515157639511953,0.0013959460204430341,0.0010262857119650412],[0.0011237216969772119,0.001515157639511953,0.0016416278562693875,0.001515157639511953,0.0011237216969772119],[0.0010262857119650412,0.0013959460204430341,0.001515157639511953,0.0013959460204430341,0.0010262857119650412],[0.00071954672877871581,0.0010262857119650412,0.0011237216969772119,0.0010262857119650412,0.00071954672877871581]],[[0.0013757599788618675,0.0017970143963243128,0.0019327126683632275,0.0017970143963243128,0.0013757599788618675],[0.0017970143963243128,0.0022766963218344739,0.0024330723374638556,0.0022766963218344739,0.0017970143963243128],[0.0019327126683632275,0.0024330723374638556,0.0025963410104760803,0.0024330723374638556,0.0019327126683632277],[0.0017970143963243128,0.0022766963218344739,0.0024330723374638556,0.0022766963218344739,0.0017970143963243128],[0.0013757599788618675,0.0017970143963243128,0.0019327126683632277,0.0017970143963243128,0.0013757599788618675]],[[0.0022318510892788842,0.0027606385628702354,0.0029324248144323613,0.0027606385628702354,0.0022318510892788842],[0.0027606385628702354,0.0033432649759273319,0.0035344668393278867,0.0033432649759273314,0.0027606385628702354],[0.0029324248144323613,0.0035344668393278867,0.0037321406513769646,0.0035344668393278867,0.0029324248144323613],[0.0027606385628702354,0.0033432649759273314,0.0035344668393278867,0.0033432649759273314,0.0027606385628702354],[0.0022318510892788842,0.0027606385628702354,0.0029324248144323613,0.0027606385628702354,0.0022318510892788842]],[[0.0032752608188398587,0.003904699673160093,0.0041103099369766078,0.0039046996731600925,0.0032752608188398587],[0.003904699673160093,0.0045836058761573447,0.0048073920698171,0.0045836058761573447,0.0039046996731600925],[0.0041103099369766078,0.0048073920698171,0.0050372369814017208,0.0048073920698171,0.0041103099369766078],[0.0039046996731600925,0.0045836058761573447,0.0048073920698171,0.0045836058761573447,0.0039046996731600925],[0.0032752608188398587,0.0039046996731600925,0.0041103099369766078,0.0039046996731600925,0.0032752608188398587]],[[0.0044939256089051851,0.0052175092446861537,0.0054547692439122488,0.0052175092446861528,0.0044939256089051834],[0.0052175092446861537,0.0059864575374608524,0.0062407201121569261,0.0059864575374608507,0.0052175092446861528],[0.0054547692439122488,0.0062407201121569261,0.0065006502821717844,0.0062407201121569261,0.0054547692439122488],[0.0052175092446861528,0.0059864575374608507,0.0062407201121569261,0.0059864575374608507,0.0052175092446861528],[0.0044939256089051834,0.0052175092446861528,0.0054547692439122488,0.0052175092446861528,0.0044939256089051834]],[[0.0058765044443415855,0.0066881380267862873,0.0069550018215290077,0.0066881380267862873,0.0058765044443415846],[0.0066881380267862873,0.0075412992546495493,0.00782406577146615,0.0075412992546495493,0.0066881380267862873],[0.0069550018215290077,0.00782406577146615,0.0081121332612884445,0.00782406577146615,0.0069550018215290077],[0.0066881380267862873,0.0075412992546495493,0.00782406577146615,0.0075412992546495484,0.0066881380267862873],[0.0058765044443415846,0.0066881380267862873,0.0069550018215290077,0.0066881380267862873,0.0058765044443415846]],[[0.0074123879210156894,0.0083063744024411811,0.0086009271217304516,0.0083063744024411811,0.0074123879210156894],[0.0083063744024411811,0.0092383025629069072,0.0095477296132179916,0.0092383025629069072,0.0083063744024411811],[0.0086009271217304516,0.0095477296132179916,0.0098621148352262579,0.0095477296132179916,0.0086009271217304516],[0.0083063744024411811,0.0092383025629069072,0.0095477296132179916,0.0092383025629069072,0.0083063744024411811],[0.0074123879210156894,0.0083063744024411811,0.0086009271217304516,0.0083063744024411811,0.0074123879210156894]],[[0.00909166151894009,0.010062677627009456,0.010383129416823461,0.010062677627009456,0.00909166151894009],[0.010062677627009456,0.011068284166403233,0.011402649213175728,0.011068284166403233,0.010062677627009456],[0.010383129416823461,0.011402649213175728,0.011741652069606036,0.011402649213175728,0.010383129416823461],[0.010062677627009456,0.011068284166403233,0.011402649213175728,0.011068284166403233,0.010062677627009456],[0.00909166151894009,0.010062677627009456,0.010383129416823461,0.010062677627009456,0.00909166151894009]],[[0.010905060993580032,0.011948132316241315,0.012292810496762103,0.011948132316241315,0.010905060993580032],[0.011948132316241315,0.013022661714507168,0.013380354962615679,0.013022661714507168,0.011948132316241315],[0.012292810496762103,0.013380354962615679,0.01374238662017728,0.013380354962615679,0.012292810496762103],[0.011948132316241315,0.013022661714507168,0.013380354962615679,0.013022661714507168,0.011948132316241315],[0.010905060993580032,0.011948132316241315,0.012292810496762103,0.011948132316241315,0.010905060993580032]],[[0.012843928430029551,0.01395440563698371,0.014321746843311141,0.01395440563698371,0.012843928430029551],[0.01395440563698371,0.015093412585294477,0.015472929286385124,0.015093412585294477,0.01395440563698371],[0.014321746843311141,0.015472929286385124,0.015856504535828604,0.015472929286385124,0.014321746843311141],[0.01395440563698371,0.015093412585294477,0.015472929286385124,0.015093412585294477,0.01395440563698371],[0.012843928430029551,0.01395440563698371,0.014321746843311141,0.01395440563698371,0.012843928430029551]],[[0.01490017079928695,0.01607370738825583,0.016462250118986971,0.01607370738825583,0.01490017079928695],[0.01607370738825583,0.017273035539217555,0.017672968802560387,0.017273035539217555,0.01607370738825583],[0.016462250118986971,0.017672968802560387,0.018076698956952283,0.017672968802560387,0.016462250118986971],[0.01607370738825583,0.017273035539217555,0.017672968802560387,0.017273035539217555,0.01607370738825583],[0.01490017079928695,0.01607370738825583,0.016462250118986971,0.01607370738825583,0.01490017079928695]],[[0.017066221283278223,0.018298752850273829,0.018707130501691482,0.018298752850273829,0.017066221283278223],[0.018298752850273829,0.019554515045632114,0.01997354914294323,0.019554515045632114,0.018298752850273829],[0.018707130501691482,0.01997354914294323,0.020396135432699861,0.01997354914294323,0.018707130501691482],[0.018298752850273829,0.019554515045632114,0.01997354914294323,0.019554515045632114,0.018298752850273829],[0.017066221283278223,0.018298752850273829,0.018707130501691482,0.018298752850273829,0.017066221283278223]],[[0.019335003268812118,0.020622728214370643,0.021049662591080917,0.020622728214370643,0.019335003268812118],[0.020622728214370643,0.021931288083792085,0.022368192217127682,0.021931288083792085,0.020622728214370643],[0.021049662591080917,0.022368192217127682,0.022808419643662363,0.022368192217127682,0.021049662591080917],[0.020622728214370643,0.021931288083792085,0.022368192217127682,0.021931288083792085,0.020622728214370643],[0.019335003268812118,0.020622728214370643,0.021049662591080917,0.020622728214370643,0.019335003268812118]],[[0.021699896834459654,0.023039258403639257,0.023483553676535773,0.023039258403639257,0.021699896834459654],[0.023039258403639257,0.024397213232219342,0.024850835731542984,0.024397213232219342,0.023039258403639257],[0.023483553676535773,0.024850835731542984,0.025307567344702117,0.024850835731542984,0.023483553676535773],[0.023039258403639257,0.024397213232219342,0.024850835731542984,0.024397213232219342,0.023039258403639257],[0.021699896834459654,0.023039258403639257,0.023483553676535773,0.023039258403639257,0.021699896834459654]],[[0.024154707548165837,0.025542377105257842,0.026002914184816768,0.025542377105257842,0.024154707548165837],[0.025542377105257842,0.026946541874649867,0.027415804793142751,0.026946541874649867,0.025542377105257842],[0.026002914184816768,0.027415804793142751,0.027887976360522197,0.027415804793142751,0.026002914184816768],[0.025542377105257842,0.026946541874649867,0.027415804793142751,0.026946541874649867,0.025542377105257842],[0.024154707548165837,0.025542377105257842,0.026002914184816768,0.025542377105257842,0.024154707548165837]],[[0.026693637403216411,0.028126498848883952,0.028602230143039392,0.028126498848883952,0.026693637403216411],[0.028126498848883952,0.029573891364311315,0.030057785441745224,0.029573891364311315,0.028126498848883952],[0.028602230143039392,0.030057785441745224,0.030544400480563547,0.030057785441745224,0.028602230143039392],[0.028126498848883952,0.029573891364311315,0.030057785441745224,0.029573891364311315,0.028126498848883952],[0.026693637403216411,0.028126498848883952,0.028602230143039392,0.028126498848883952,0.026693637403216411]],[[0.029311257732829544,0.030786392978436727,0.031276337506401949,0.030786392978436727,0.029311257732829544],[0.030786392978436727,0.032274220000695082,0.032771799967451762,0.032274220000695082,0.030786392978436727],[0.031276337506401949,0.032771799967451762,0.033271925111969726,0.032771799967451762,0.031276337506401949],[0.030786392978436727,0.032274220000695082,0.032771799967451762,0.032274220000695089,0.03078639297843673],[0.029311257732829544,0.030786392978436727,0.031276337506401949,0.03078639297843673,0.029311257732829544]],[[0.032002483955947326,0.033517159376410109,0.034020398211968214,0.033517159376410109,0.032002483955947326],[0.033517159376410109,0.035042803684197821,0.035553183880621821,0.035042803684197821,0.033517159376410109],[0.034020398211968214,0.035553183880621821,0.036065944560183423,0.035553183880621821,0.034020398211968214],[0.033517159376410109,0.035042803684197821,0.035553183880621821,0.035042803684197821,0.033517159376410116],[0.032002483955947326,0.033517159376410109,0.034020398211968214,0.033517159376410116,0.032002483955947326]],[[0.034762552018130881,0.036314205810656815,0.036829877830449463,0.036314205810656815,0.034762552018130881],[0.036314205810656815,0.037875214124235008,0.038397564411926211,0.037875214124235008,0.036314205810656815],[0.036829877830449463,0.038397564411926211,0.038922140816586771,0.038397564411926217,0.036829877830449463],[0.036314205810656815,0.037875214124235008,0.038397564411926217,0.037875214124235015,0.036314205810656822],[0.034762552018130881,0.036314205810656815,0.036829877830449463,0.036314205810656822,0.034762552018130881]],[[0.037586996401810291,0.039173226783339635,0.039700524697549242,0.039173226783339635,0.037586996401810291],[0.039173226783339635,0.040767298485687643,0.041300840429097742,0.040767298485687643,0.039173226783339635],[0.039700524697549242,0.041300840429097742,0.041836463741525928,0.041300840429097742,0.039700524697549242],[0.039173226783339635,0.040767298485687643,0.041300840429097742,0.040767298485687643,0.039173226783339642],[0.037586996401810291,0.039173226783339635,0.039700524697549242,0.039173226783339642,0.037586996401810291]],[[0.040471629589542195,0.042090183770735763,0.042628350415215212,0.042090183770735763,0.040471629589542195],[0.042090183770735763,0.043715160367069891,0.044259163665359064,0.043715160367069891,0.042090183770735763],[0.042628350415215212,0.044259163665359064,0.04480511253926954,0.044259163665359064,0.042628350415215212],[0.042090183770735763,0.043715160367069891,0.044259163665359064,0.043715160367069891,0.042090183770735763],[0.040471629589542195,0.042090183770735763,0.042628350415215212,0.042090183770735763,0.040471629589542195]],[[0.043412522872529016,0.0450612867506803,0.045609611621135457,0.0450612867506803,0.043412522872529016],[0.0450612867506803,0.046715142011515436,0.047268921162091214,0.046715142011515436,0.0450612867506803],[0.045609611621135457,0.047268921162091214,0.04782451842890318,0.047268921162091214,0.045609611621135457],[0.0450612867506803,0.046715142011515436,0.047268921162091214,0.046715142011515436,0.0450612867506803],[0.043412522872529016,0.0450612867506803,0.045609611621135457,0.0450612867506803,0.043412522872529016]],[[0.046405988404516763,0.048082976921955893,0.048640792932203566,0.048082976921955893,0.046405988404516763],[0.048082976921955893,0.049763807658836444,0.050326718835338784,0.049763807658836444,0.048082976921955893],[0.048640792932203566,0.050326718835338784,0.050891328422070455,0.050326718835338784,0.048640792932203566],[0.048082976921955893,0.049763807658836444,0.050326718835338784,0.049763807658836444,0.048082976921955893],[0.046405988404516763,0.048082976921955893,0.048640792932203566,0.048082976921955893,0.046405988404516763]],[[0.049448562408390184,0.051151910526763336,0.051718590974355126,0.051151910526763336,0.049448562408390184],[0.051151910526763336,0.052857927953404327,0.053429366082122953,0.052857927953404327,0.051151910526763336],[0.051718590974355126,0.053429366082122953,0.054002390124741027,0.053429366082122953,0.051718590974355126],[0.051151910526763336,0.052857927953404327,0.053429366082122953,0.052857927953404327,0.051151910526763336],[0.049448562408390184,0.051151910526763336,0.051718590974355126,0.051151910526763336,0.049448562408390184]],[[0.052536989449344311,0.05426494369369473,0.05483989941740304,0.05426494369369473,0.052536989449344311],[0.05426494369369473,0.055994465328604859,0.056573861348449557,0.055994465328604859,0.05426494369369473],[0.05483989941740304,0.056573861348449557,0.057154737486000806,0.056573861348449557,0.05483989941740304],[0.05426494369369473,0.055994465328604859,0.056573861348449557,0.055994465328604859,0.05426494369369473],[0.052536989449344311,0.05426494369369473,0.05483989941740304,0.05426494369369473,0.052536989449344311]],[[0.05566820769465497,0.0574191182244181,0.058001794939148719,0.0574191182244181,0.05566820769465497],[0.0574191182244181,0.0591705602941286,0.059757378586304581,0.0591705602941286,0.0574191182244181],[0.058001794939148719,0.059757378586304581,0.060345577422179775,0.059757378586304581,0.058001794939148719],[0.0574191182244181,0.0591705602941286,0.059757378586304581,0.0591705602941286,0.0574191182244181],[0.05566820769465497,0.0574191182244181,0.058001794939148719,0.0574191182244181,0.05566820769465497]],[[0.05883933508556502,0.060611648252585207,0.061201524048319855,0.060611648252585207,0.05883933508556502],[0.060611648252585207,0.062383518557438108,0.062977254531944568,0.062383518557438108,0.060611648252585207],[0.061201524048319855,0.062977254531944568,0.063572277249562451,0.062977254531944568,0.061201524048319855],[0.060611648252585207,0.062383518557438108,0.062977254531944568,0.062383518557438108,0.060611648252585207],[0.05883933508556502,0.060611648252585207,0.061201524048319855,0.060611648252585207,0.05883933508556502]],[[0.062047656351982408,0.063839907708420615,0.064436490700656171,0.063839907708420615,0.062047656351982408],[0.063839907708420615,0.06563079891545448,0.06623097674239195,0.06563079891545448,0.063839907708420615],[0.064436490700656171,0.06623097674239195,0.066832352863463423,0.06623097674239195,0.064436490700656171],[0.063839907708420615,0.06563079891545448,0.06623097674239195,0.06563079891545448,0.063839907708420615],[0.062047656351982408,0.063839907708420615,0.064436490700656171,0.063839907708420615,0.062047656351982408]],[[0.0652906108054521,0.067101418526934353,0.067704244647000159,0.067101418526934353,0.0652906108054521],[0.067101418526934353,0.068910001856831576,0.0695161723313341,0.068910001856831576,0.067101418526934353],[0.067704244647000159,0.0695161723313341,0.07012345760566617,0.0695161723313341,0.067704244647000159],[0.067101418526934353,0.068910001856831576,0.0695161723313341,0.068910001856831576,0.067101418526934353],[0.0652906108054521,0.067101418526934353,0.067704244647000159,0.067101418526934353,0.0652906108054521]],[[0.06856578085018776,0.07039383954196432,0.071002470456340241,0.07039383954196432,0.06856578085018776],[0.07039383954196432,0.072218858819246667,0.072830597349602552,0.072218858819246667,0.07039383954196432],[0.071002470456340241,0.072830597349602552,0.07344337176615337,0.072830597349602552,0.071002470456340241],[0.07039383954196432,0.072218858819246667,0.072830597349602552,0.072218858819246667,0.07039383954196432],[0.06856578085018776,0.07039383954196432,0.071002470456340241,0.07039383954196432,0.06856578085018776]],[[0.071870881156110469,0.073714956012083166,0.074328977160624671,0.073714956012083166,0.071870881156110469],[0.073714956012083166,0.07555522204984147,0.076172126759081762,0.07555522204984147,0.073714956012083166],[0.074328977160624671,0.076172126759081762,0.076789992668671064,0.076172126759081762,0.074328977160624671],[0.073714956012083166,0.07555522204984147,0.076172126759081762,0.07555522204984147,0.073714956012083166],[0.071870881156110469,0.073714956012083166,0.074328977160624671,0.073714956012083166,0.071870881156110469]],[[0.075203748441544233,0.077062669728180253,0.077681688471791036,0.077062669728180253,0.075203748441544233],[0.077062669728180253,0.078917055020565022,0.07953874495245089,0.078917055020565022,0.077062669728180253],[0.077681688471791036,0.07953874495245089,0.080161325293185773,0.07953874495245089,0.077681688471791036],[0.077062669728180253,0.078917055020565022,0.07953874495245089,0.078917055020565022,0.077062669728180253],[0.075203748441544233,0.077062669728180253,0.077681688471791036,0.077062669728180253,0.075203748441544233]],[[0.078562331816888223,0.080434989655853148,0.08105863352483722,0.080434989655853148,0.078562331816888223],[0.080434989655853148,0.082302423353412077,0.0829285367743851,0.082302423353412077,0.080434989655853148],[0.08105863352483722,0.0829285367743851,0.083555473391476329,0.0829285367743851,0.08105863352483722],[0.080434989655853148,0.082302423353412077,0.0829285367743851,0.082302423353412077,0.080434989655853148],[0.078562331816888223,0.080434989655853148,0.08105863352483722,0.080434989655853148,0.078562331816888223]],[[0.081944683643856875,0.083830023069079385,0.084457938103975422,0.083830023069079385,0.081944683643856875],[0.083830023069079385,0.085709486213770253,0.086339679003014008,0.085709486213770253,0.083830023069079385],[0.084457938103975422,0.086339679003014008,0.086970631055247535,0.086339679003014008,0.084457938103975422],[0.083830023069079385,0.085709486213770253,0.086339679003014008,0.085709486213770253,0.083830023069079385],[0.081944683643856875,0.083830023069079385,0.084457938103975422,0.083830023069079385,0.081944683643856875]],[[0.085348950868127785,0.0872459671347275,0.087877816312056226,0.0872459671347275,0.085348950868127785],[0.0872459671347275,0.0891364881331347,0.089770432253476334,0.0891364881331347,0.0872459671347275],[0.087877816312056226,0.089770432253476334,0.090405074699165769,0.089770432253476334,0.087877816312056226],[0.0872459671347275,0.0891364881331347,0.089770432253476334,0.0891364881331347,0.0872459671347275],[0.085348950868127785,0.0872459671347275,0.087877816312056226,0.0872459671347275,0.085348950868127785]],[[0.088773366786290858,0.09068110091046562,0.091316562646320487,0.09068110091046562,0.088773366786290858],[0.09068110091046562,0.092581751225366535,0.0932191332682808,0.092581751225366535,0.09068110091046562],[0.091316562646320487,0.0932191332682808,0.093857155424076882,0.0932191332682808,0.091316562646320487],[0.09068110091046562,0.092581751225366535,0.0932191332682808,0.092581751225366535,0.09068110091046562],[0.088773366786290858,0.09068110091046562,0.091316562646320487,0.09068110091046562,0.088773366786290858]],[[0.092216243210945431,0.094133777721570722,0.094772544446605711,0.094133777721570722,0.092216243210945431],[0.094133777721570722,0.096043667763627674,0.096684187562168844,0.096043667763627674,0.094133777721570722],[0.094772544446605711,0.096684187562168844,0.097325291728639185,0.096684187562168844,0.094772544446605711],[0.094133777721570722,0.096043667763627674,0.096684187562168844,0.096043667763627674,0.094133777721570722],[0.092216243210945431,0.094133777721570722,0.094772544446605711,0.094133777721570722,0.092216243210945431]],[[0.095675963000756217,0.097602417885037734,0.098244194684871278,0.097602417885037734,0.095675963000756217],[0.097602417885037734,0.099520693087964823,0.10016406239196725,0.099520693087964823,0.097602417885037734],[0.098244194684871278,0.10016406239196725,0.10080796254039595,0.10016406239196725,0.098244194684871278],[0.097602417885037734,0.099520693087964823,0.10016406239196725,0.099520693087964823,0.097602417885037734],[0.095675963000756217,0.097602417885037734,0.098244194684871278,0.097602417885037734,0.095675963000756217]],[[0.0991509729251481,0.10108550175231254,0.10173000506794279,0.10108550175231254,0.0991509729251481],[0.10108550175231254,0.10301133881649267,0.10365728002493148,0.10301133881649267,0.10108550175231254],[0.10173000506794279,0.10365728002493148,0.1043037005403287,0.10365728002493148,0.10173000506794279],[0.10108550175231254,0.10301133881649267,0.10365728002493148,0.10301133881649267,0.10108550175231254],[0.0991509729251481,0.10108550175231254,0.10173000506794279,0.10108550175231254,0.0991509729251481]],[[0.10263977683624434,0.1045815630448662,0.10522851942825415,0.1045815630448662,0.10263977683624434],[0.1045815630448662,0.1065141663360358,0.10716241128199393,0.1065141663360358,0.1045815630448662],[0.10522851942825415,0.10716241128199393,0.10781108575785738,0.10716241128199393,0.10522851942825415],[0.1045815630448662,0.1065141663360358,0.10716241128199393,0.1065141663360358,0.1045815630448662],[0.10263977683624434,0.1045815630448662,0.10522851942825415,0.1045815630448662,0.10263977683624434]],[[0.10614092912366872,0.10808918245990909,0.10873832738039163,0.10808918245990909,0.10614092912366872],[0.10808918245990909,0.11002778055121251,0.11067806933545223,0.11002778055121251,0.10808918245990909],[0.10873832738039163,0.11067806933545223,0.11132873941639168,0.11067806933545223,0.10873832738039163],[0.10808918245990909,0.11002778055121251,0.11067806933545223,0.11002778055121251,0.10808918245990909],[0.10614092912366872,0.10808918245990909,0.10873832738039163,0.10808918245990909,0.10614092912366872]],[[0.10965302843083372,0.11160698152662477,0.11225805822444498,0.11160698152662477,0.10965302843083372],[0.11160698152662477,0.11355082387411933,0.11420290374386075,0.11355082387411933,0.11160698152662477],[0.11225805822444498,0.11420290374386075,0.11485531801279325,0.11420290374386075,0.11225805822444498],[0.11160698152662477,0.11355082387411933,0.11420290374386075,0.11355082387411933,0.11160698152662477],[0.10965302843083372,0.11160698152662477,0.11225805822444498,0.11160698152662477,0.10965302843083372]],[[0.11317471161461101,0.11513361669664456,0.11578637508046748,0.11513361669664456,0.11317471161461101],[0.11513361669664456,0.11708197044019382,0.11773559471031761,0.11708197044019382,0.11513361669664456],[0.11578637508046748,0.11773559471031761,0.11838950761756523,0.11773559471031761,0.11578637508046748],[0.11513361669664456,0.11708197044019382,0.11773559471031761,0.11708197044019382,0.11513361669664456],[0.11317471161461101,0.11513361669664456,0.11578637508046748,0.11513361669664456,0.11317471161461101]],[[0.11670464793364893,0.11866777365589835,0.11932196924182904,0.11866777365589835,0.11670464793364893],[0.11866777365589835,0.12061992053936704,0.12127484755391771,0.12061992053936704,0.11866777365589835],[0.11932196924182904,0.12127484755391771,0.1219300183862063,0.12127484755391771,0.11932196924182904],[0.11866777365589835,0.12061992053936704,0.12127484755391771,0.12061992053936704,0.11866777365589835],[0.11670464793364893,0.11866777365589835,0.11932196924182904,0.11866777365589835,0.11670464793364893]],[[0.12024153345407011,0.12220816184870824,0.12286355473899498,0.12220816184870824,0.12024153345407011],[0.12220816184870824,0.12416339525546999,0.12481938738803532,0.12416339525546999,0.12220816184870824],[0.12286355473899498,0.12481938738803532,0.12547557927609945,0.12481938738803532,0.12286355473899498],[0.12220816184870824,0.12416339525546999,0.12481938738803532,0.12416339525546999,0.12220816184870824],[0.12024153345407011,0.12220816184870824,0.12286355473899498,0.12220816184870824,0.12024153345407011]],[[0.12378408566523066,0.12575350920890793,0.12640986310923794,0.12575350920890793,0.12378408566523066],[0.12575350920890793,0.127711131310927,0.12836795400321643,0.127711131310927,0.12575350920890793],[0.12640986310923794,0.12836795400321643,0.12902493296747203,0.12836795400321646,0.12640986310923794],[0.12575350920890793,0.127711131310927,0.12836795400321646,0.12771113131092704,0.12575350920890796],[0.12378408566523066,0.12575350920890793,0.12640986310923794,0.12575350920890796,0.12378408566523066]],[[0.12733103830218634,0.12930255709702004,0.12995963837210139,0.12930255709702004,0.12733103830218634],[0.12930255709702004,0.13126187611817311,0.13191929695692409,0.13126187611817311,0.12930255709702004],[0.12995963837210139,0.13191929695692409,0.13257683099148249,0.13191929695692409,0.12995963837210139],[0.12930255709702004,0.13126187611817311,0.13191929695692409,0.13126187611817311,0.12930255709702004],[0.12733103830218634,0.12930255709702004,0.12995963837210139,0.12930255709702004,0.12733103830218634]],[[0.13088113637585239,0.13285405544692758,0.13351163221485843,0.13285405544692758,0.13088113637585239],[0.13285405544692758,0.13481438304380508,0.135472170876995,0.13481438304380508,0.13285405544692758],[0.13351163221485843,0.135472170876995,0.13613002907315619,0.135472170876995,0.13351163221485843],[0.13285405544692758,0.13481438304380508,0.135472170876995,0.13481438304380508,0.13285405544692758],[0.13088113637585239,0.13285405544692758,0.13351163221485843,0.13285405544692758,0.13088113637585239]],[[0.13443313141656546,0.13640675813048153,0.13706459939727328,0.13640675813048153,0.13443313141656546],[0.13640675813048153,0.13836740689664029,0.13902533099089578,0.13836740689664029,0.13640675813048153],[0.13706459939727328,0.13902533099089578,0.13968328270218625,0.13902533099089578,0.13706459939727328],[0.13640675813048153,0.13836740689664029,0.13902533099089578,0.13836740689664029,0.13640675813048153],[0.13443313141656546,0.13640675813048153,0.13706459939727328,0.13640675813048153,0.13443313141656546]],[[0.13798577694165165,0.13995941855339855,0.14061729339001969,0.13995941855339855,0.13798577694165165],[0.13995941855339855,0.14191969965597173,0.14257752889804778,0.14191969965597173,0.13995941855339855],[0.14061729339001969,0.14257752889804778,0.14323534294984464,0.14257752889804778,0.14061729339001969],[0.13995941855339855,0.14191969965597173,0.14257752889804778,0.14191969965597173,0.13995941855339855],[0.13798577694165165,0.13995941855339855,0.14061729339001969,0.13995941855339855,0.13798577694165165]],[[0.14153782416284769,0.14351078550138688,0.14416846226661154,0.14351078550138688,0.14153782416284769],[0.14351078550138688,0.14547000646199981,0.14612750860820795,0.14547000646199981,0.14351078550138688],[0.14416846226661154,0.14612750860820795,0.14678495255602667,0.14612750860820795,0.14416846226661154],[0.14351078550138688,0.14547000646199981,0.14612750860820795,0.14547000646199981,0.14351078550138688],[0.14153782416284769,0.14351078550138688,0.14416846226661154,0.14351078550138688,0.14153782416284769]],[[0.14508801795500309,0.14705959926098339,0.14771684487445633,0.14705959926098339,0.14508801795500309],[0.14705959926098339,0.14901706189614053,0.14967400287469229,0.14901706189614053,0.14705959926098339],[0.14771684487445633,0.14967400287469229,0.15033084231628968,0.14967400287469229,0.14771684487445633],[0.14705959926098339,0.14901706189614053,0.14967400287469229,0.14901706189614053,0.14705959926098339],[0.14508801795500309,0.14705959926098339,0.14771684487445633,0.14705959926098339,0.14508801795500309]],[[0.14863509311324122,0.15060458804563229,0.15126116731654218,0.15060458804563229,0.14863509311324122],[0.15060458804563229,0.15255958658499949,0.15321572985730295,0.15255958658499949,0.15060458804563229],[0.15126116731654218,0.15321572985730295,0.15387172780484712,0.15321572985730295,0.15126116731654218],[0.15060458804563229,0.15255958658499949,0.15321572985730295,0.15255958658499949,0.15060458804563229],[0.14863509311324122,0.15060458804563229,0.15126116731654218,0.15060458804563229,0.14863509311324122]],[[0.15217777093166215,0.15414446476330584,0.15480013978122334,0.15414446476330584,0.15217777093166215],[0.15414446476330584,0.15609628416762719,0.15675139015569808,0.15609628416762719,0.15414446476330584],[0.15480013978122334,0.15675139015569808,0.15740630647537238,0.15675139015569808,0.15480013978122334],[0.15414446476330584,0.15609628416762719,0.15675139015569808,0.15609628416762719,0.15414446476330584],[0.15217777093166215,0.15414446476330584,0.15480013978122334,0.15414446476330584,0.15217777093166215]],[[0.15571475614264818,0.15767792416807272,0.15833245376363142,0.15767792416807272,0.15571475614264818],[0.15767792416807272,0.15962583867171146,0.16027966425995682,0.15962583867171146,0.15767792416807272],[0.15833245376363142,0.16027966425995682,0.16093325518744125,0.16027966425995682,0.15833245376363142],[0.15767792416807272,0.15962583867171146,0.16027966425995682,0.15962583867171146,0.15767792416807272],[0.15571475614264818,0.15767792416807272,0.15833245376363142,0.15767792416807272,0.15571475614264818]],[[0.15924473426161773,0.16120364044367358,0.16185677972776463,0.16120364044367358,0.15924473426161773],[0.16120364044367358,0.16314691234981113,0.16379921047045723,0.16314691234981113,0.16120364044367358],[0.16185677972776463,0.16379921047045723,0.16445122821176925,0.16379921047045723,0.16185677972776463],[0.16120364044367358,0.16314691234981113,0.16379921047045723,0.16314691234981113,0.16120364044367358],[0.15924473426161773,0.16120364044367358,0.16185677972776463,0.16120364044367358,0.15924473426161773]],[[0.16276636938780015,0.16472026527251446,0.16537176526369524,0.16472026527251446,0.16276636938780015],[0.16472026527251446,0.16665814403180187,0.16730866334418687,0.16665814403180187,0.16472026527251446],[0.16537176526369524,0.16730866334418687,0.16795885577226777,0.16730866334418687,0.16537176526369524],[0.16472026527251446,0.16665814403180187,0.16730866334418687,0.16665814403180187,0.16472026527251446],[0.16276636938780015,0.16472026527251446,0.16537176526369524,0.16472026527251446,0.16276636938780015]],[[0.16627830251620504,0.16822642644791838,0.1688760337986473,0.16822642644791838,0.16627830251620504],[0.16822642644791838,0.17015814805364274,0.17080663272838109,0.17015814805364274,0.16822642644791838],[0.1688760337986473,0.17080663272838109,0.17145474318656867,0.17080663272838109,0.1688760337986473],[0.16822642644791838,0.17015814805364274,0.17080663272838109,0.17015814805364274,0.16822642644791838],[0.16627830251620504,0.16822642644791838,0.1688760337986473,0.16822642644791838,0.16627830251620504]],[[0.16977915042048886,0.171720727091223,0.17236818392404665,0.171720727091223,0.16977915042048886],[0.171720727091223,0.17364551382558205,0.17429170344511896,0.17364551382558205,0.171720727091223],[0.17236818392404665,0.17429170344511896,0.17493747066916024,0.17429170344511896,0.17236818392404665],[0.171720727091223,0.17364551382558205,0.17429170344511896,0.17364551382558205,0.171720727091223],[0.16977915042048886,0.171720727091223,0.17236818392404665,0.171720727091223,0.16977915042048886]],[[0.17326750516889997,0.1752017455370293,0.17584678940252466,0.1752017455370293,0.17326750516889997],[0.1752017455370293,0.17711880610382535,0.17776243569122741,0.17711880610382535,0.1752017455370293],[0.17584678940252466,0.17776243569122741,0.17840559386168217,0.17776243569122741,0.17584678940252466],[0.1752017455370293,0.17711880610382535,0.17776243569122741,0.17711880610382535,0.1752017455370293],[0.17326750516889997,0.1752017455370293,0.17584678940252466,0.1752017455370293,0.17326750516889997]],[[0.17674193433681051,0.17866803595042094,0.17931039991851047,0.17866803595042094,0.17674193433681051],[0.17866803595042094,0.18057656602891051,0.18121736621653692,0.18057656602891051,0.17866803595042094],[0.17931039991851047,0.18121736621653692,0.18185764515323502,0.18121736621653692,0.17931039991851047],[0.17866803595042094,0.18057656602891051,0.18121736621653692,0.18057656602891051,0.17866803595042094],[0.17674193433681051,0.17866803595042094,0.17931039991851047,0.17866803595042094,0.17674193433681051]],[[0.18020098197864592,0.18211812973753777,0.18275754263367461,0.18211812973753777,0.18020098197864592],[0.18211812973753777,0.18401731299031732,0.18465501033949352,0.18401731299031732,0.18211812973753777],[0.18275754263367461,0.18465501033949352,0.18529213584903753,0.18465501033949352,0.18275754263367461],[0.18211812973753777,0.18401731299031732,0.18465501033949352,0.18401731299031732,0.18211812973753777],[0.18020098197864592,0.18211812973753777,0.18275754263367461,0.18211812973753777,0.18020098197864592]],[[0.18364317041822723,0.18555053780617864,0.18618672460289723,0.18555053780617864,0.18364317041822723],[0.18555053780617864,0.18743954737038071,0.18807386485201785,0.18743954737038071,0.18555053780617864],[0.18618672460289723,0.18807386485201785,0.18870755923809215,0.18807386485201785,0.18618672460289723],[0.18555053780617864,0.18743954737038071,0.18807386485201785,0.18743954737038071,0.18555053780617864],[0.18364317041822723,0.18555053780617864,0.18618672460289723,0.18555053780617864,0.18364317041822723]],[[0.18706700291063924,0.18896375372479543,0.18959643609790044,0.18896375372479543,0.18706700291063924],[0.18896375372479543,0.19084175421049207,0.19147241185490094,0.19084175421049207,0.18896375372479543],[0.18959643609790044,0.19147241185490094,0.19210239459929335,0.19147241185490094,0.18959643609790044],[0.18896375372479543,0.19084175421049207,0.19147241185490094,0.19084175421049207,0.18896375372479543],[0.18706700291063924,0.18896375372479543,0.18959643609790044,0.18896375372479543,0.18706700291063924]],[[0.19047096721868487,0.1923562578168059,0.19298515487324336,0.1923562578168059,0.19047096721868487],[0.1923562578168059,0.19422240782903039,0.1948491235507159,0.19422240782903039,0.1923562578168059],[0.19298515487324336,0.1948491235507159,0.1954751121704201,0.1948491235507159,0.19298515487324336],[0.1923562578168059,0.19422240782903039,0.1948491235507159,0.19422240782903039,0.1923562578168059],[0.19047096721868487,0.1923562578168059,0.19298515487324336,0.1923562578168059,0.19047096721868487]],[[0.19385354013387632,0.1957265222115967,0.19635135139348511,0.1957265222115967,0.19385354013387632],[0.1957265222115967,0.19757997740289629,0.19820246800304478,0.19757997740289629,0.1957265222115967],[0.19635135139348511,0.19820246800304478,0.19882417908556596,0.19820246800304478,0.19635135139348511],[0.1957265222115967,0.19757997740289629,0.19820246800304478,0.19757997740289629,0.1957265222115967],[0.19385354013387632,0.1957265222115967,0.19635135139348511,0.1957265222115967,0.19385354013387632]],[[0.19721319295469206,0.19907301685457243,0.19969349502030428,0.19907301685457243,0.19721319295469206],[0.19907301685457243,0.2009129335033592,0.20153091584888386,0.2009129335033592,0.19907301685457243],[0.19969349502030428,0.20153091584888386,0.2021480662639322,0.20153091584888386,0.19969349502030428],[0.19907301685457243,0.2009129335033592,0.20153091584888386,0.2009129335033592,0.19907301685457243],[0.19721319295469206,0.19907301685457243,0.19969349502030428,0.19907301685457243,0.19721319295469206]],[[0.2005483979142251,0.20239421645554889,0.20301006113491496,0.20239421645554889,0.2005483979142251],[0.20239421645554889,0.20421975555202782,0.20483294792561621,0.20421975555202782,0.20239421645554889],[0.20301006113491496,0.20483294792561621,0.2054452562067963,0.20483294792561621,0.20301006113491496],[0.20239421645554889,0.20421975555202782,0.20483294792561621,0.20421975555202782,0.20239421645554889],[0.2005483979142251,0.20239421645554889,0.20301006113491496,0.20239421645554889,0.2005483979142251]],[[0.20385763552489367,0.20568860832919003,0.20629953914460836,0.20568860832919003,0.20385763552489367],[0.20568860832919003,0.20749894013548043,0.20810706374603755,0.20749894013548043,0.20568860832919003],[0.20629953914460836,0.20810706374603755,0.2087142516310298,0.20810706374603755,0.20629953914460836],[0.20568860832919003,0.20749894013548043,0.20810706374603755,0.20749894013548043,0.20568860832919003],[0.20385763552489367,0.20568860832919003,0.20629953914460836,0.20568860832919003,0.20385763552489367]],[[0.20713940278094767,0.2089547010521712,0.20956044129310303,0.2089547010521712,0.20713940278094767],[0.2089547010521712,0.21074901008702693,0.21135179072455015,0.21074901008702693,0.2089547010521712],[0.20956044129310303,0.21135179072455015,0.21195358483680488,0.21135179072455015,0.20956044129310303],[0.2089547010521712,0.21074901008702693,0.21135179072455015,0.21074901008702693,0.2089547010521712],[0.20713940278094767,0.2089547010521712,0.20956044129310303,0.2089547010521712,0.20713940278094767]],[[0.21039222213017766,0.21219103383214608,0.2127913121641638,0.21219103383214608,0.21039222213017766],[0.21219103383214608,0.21396852421390419,0.21456569402719333,0.21396852421390419,0.21219103383214608],[0.2127913121641638,0.21456569402719333,0.21516182767652359,0.21456569402719333,0.2127913121641638],[0.21219103383214608,0.21396852421390419,0.21456569402719333,0.21396852421390419,0.21219103383214608],[0.21039222213017766,0.21219103383214608,0.2127913121641638,0.21219103383214608,0.21039222213017766]],[[0.21361465109637653,0.21539618645316611,0.21599073873764421,0.21539618645316611,0.21361465109637653],[0.21539618645316611,0.21715608751808188,0.21774738688817447,0.21715608751808188,0.21539618645316611],[0.21599073873764421,0.21774738688817447,0.21833760196210797,0.21774738688817447,0.21599073873764421],[0.21539618645316611,0.21715608751808188,0.21774738688817447,0.21715608751808188,0.21539618645316611],[0.21361465109637653,0.21539618645316611,0.21599073873764421,0.21539618645316611,0.21361465109637653]],[[0.21680529240419735,0.21856878963331611,0.21915736082826981,0.21856878963331611,0.21680529240419735],[0.21856878963331611,0.2203103617311078,0.22089554120812269,0.2203103617311078,0.21856878963331611],[0.21915736082826981,0.22089554120812269,0.22147959012074492,0.22089554120812269,0.21915736082826981],[0.21856878963331611,0.2203103617311078,0.22089554120812269,0.2203103617311078,0.21856878963331611],[0.21680529240419735,0.21856878963331611,0.21915736082826981,0.21856878963331611,0.21680529240419735]],[[0.21996280443071847,0.22170753560422468,0.22228988171204067,0.22170753560422468,0.21996280443071847],[0.22170753560422468,0.22343007595941131,0.22400889822597961,0.22343007595941131,0.22170753560422468],[0.22228988171204067,0.22400889822597961,0.22458654588660334,0.22400889822597961,0.22228988171204067],[0.22170753560422468,0.22343007595941131,0.22400889822597961,0.22343007595941131,0.22170753560422468],[0.21996280443071847,0.22170753560422468,0.22228988171204067,0.22170753560422468,0.21996280443071847]],[[0.2230859117838388,0.224811188700719,0.2253870787243609,0.224811188700719,0.223