{"M_cells":[[[0,0,0,0,0],[0,0,0,0,0],[0,0,0,0,0],[0,0,0,0,0],[0,0,0,0,0]],[[0.00040340232302405171,0.00096550486392669793,0.0011325875565485273,0.00096550486392669793,0.00040340232302405171],[0.00096550486392669793,0.0019397222691221662,0.0022375906733627668,0.001939722269122166,0.00096550486392669793],[0.0011325875565485273,0.0022375906733627668,0.0025790540032014815,0.0022375906733627664,0.0011325875565485273],[0.00096550486392669793,0.001939722269122166,0.0022375906733627664,0.001939722269122166,0.00096550486392669793],[0.00040340232302405171,0.00096550486392669793,0.0011325875565485273,0.00096550486392669793,0.00040340232302405171]],[[0.0020450564455991235,0.0032692483111589009,0.0036524800113991482,0.0032692483111589009,0.0020450564455991235],[0.0032692483111589009,0.0047822285074278137,0.005267332614798473,0.0047822285074278137,0.0032692483111589009],[0.0036524800113991482,0.005267332614798473,0.0057863968597939349,0.005267332614798473,0.0036524800113991482],[0.0032692483111589009,0.0047822285074278137,0.005267332614798473,0.0047822285074278137,0.0032692483111589014],[0.0020450564455991235,0.0032692483111589009,0.0036524800113991482,0.0032692483111589014,0.0020450564455991235]],[[0.0046584646348916152,0.0062997793024108907,0.0068287888059820273,0.0062997793024108907,0.0046584646348916152],[0.0062997793024108907,0.0081008800730619,0.008691589937129842,0.0081008800730619,0.0062997793024108907],[0.0068287888059820273,0.008691589937129842,0.00930286870736797,0.008691589937129842,0.0068287888059820273],[0.0062997793024108907,0.0081008800730619,0.008691589937129842,0.0081008800730619,0.0062997793024108907],[0.0046584646348916152,0.0062997793024108907,0.0068287888059820273,0.0062997793024108907,0.0046584646348916152]],[[0.0078427844897522667,0.0097159523726854883,0.010329350458183239,0.0097159523726854883,0.0078427844897522667],[0.0097159523726854883,0.011668823395141675,0.012316540478495761,0.011668823395141675,0.0097159523726854883],[0.010329350458183239,0.012316540478495761,0.012975698518477541,0.012316540478495761,0.010329350458183239],[0.0097159523726854883,0.011668823395141675,0.012316540478495761,0.011668823395141675,0.0097159523726854883],[0.0078427844897522667,0.0097159523726854883,0.010329350458183239,0.0097159523726854883,0.0078427844897522667]],[[0.011337611680620788,0.013334502886157163,0.013993971897164519,0.013334502886157163,0.011337611680620788],[0.013334502886157163,0.015366738212122961,0.01604461802850431,0.015366738212122961,0.013334502886157163],[0.013993971897164519,0.01604461802850431,0.016728635499506865,0.01604461802850431,0.013993971897164519],[0.013334502886157163,0.015366738212122961,0.01604461802850431,0.015366738212122961,0.013334502886157163],[0.011337611680620788,0.013334502886157163,0.013993971897164519,0.013334502886157163,0.011337611680620788]],[[0.014996792373525662,0.017058686074734371,0.017742660273349874,0.017058686074734371,0.014996792373525662],[0.017058686074734371,0.019132273822766808,0.01982596052049455,0.019132273822766808,0.017058686074734371],[0.017742660273349874,0.01982596052049455,0.020522885104275319,0.019825960520494554,0.017742660273349878],[0.017058686074734371,0.019132273822766808,0.019825960520494554,0.019132273822766808,0.017058686074734371],[0.014996792373525662,0.017058686074734371,0.017742660273349878,0.017058686074734371,0.014996792373525664]],[[0.018742033731651668,0.020837858071135876,0.021534707041742828,0.020837858071135876,0.018742033731651668],[0.020837858071135876,0.022932953585624624,0.023634885056874541,0.022932953585624624,0.020837858071135876],[0.021534707041742828,0.023634885056874541,0.024338510898850248,0.023634885056874541,0.021534707041742828],[0.020837858071135876,0.022932953585624624,0.023634885056874541,0.022932953585624624,0.020837858071135876],[0.018742033731651668,0.020837858071135876,0.021534707041742828,0.020837858071135876,0.018742033731651668]],[[0.022532131892254538,0.024645616761033953,0.025349189492599653,0.024645616761033953,0.022532131892254538],[0.024645616761033953,0.026751888244522445,0.027458110018390169,0.026751888244522445,0.024645616761033953],[0.025349189492599653,0.027458110018390169,0.028165214912938417,0.027458110018390169,0.025349189492599653],[0.024645616761033953,0.026751888244522445,0.027458110018390169,0.026751888244522445,0.024645616761033953],[0.022532131892254538,0.024645616761033953,0.025349189492599653,0.024645616761033953,0.022532131892254538]],[[0.026345561453996195,0.028468225862737919,0.029175299508853166,0.028468225862737919,0.026345561453996195],[0.028468225862737919,0.030580301497660594,0.031288753034382222,0.030580301497660594,0.028468225862737919],[0.029175299508853166,0.031288753034382222,0.031997663923374123,0.031288753034382215,0.029175299508853166],[0.028468225862737919,0.030580301497660594,0.031288753034382215,0.030580301497660594,0.028468225862737919],[0.026345561453996195,0.028468225862737919,0.029175299508853166,0.028468225862737919,0.026345561453996195]],[[0.030171113730763397,0.032298545871742683,0.033007439491427121,0.032298545871742683,0.030171113730763397],[0.032298545871742683,0.034413634502828985,0.035123244005143085,0.034413634502828985,0.032298545871742683],[0.033007439491427121,0.035123244005143085,0.03583309216363257,0.035123244005143085,0.033007439491427121],[0.032298545871742683,0.034413634502828985,0.035123244005143085,0.034413634502828985,0.032298545871742683],[0.030171113730763397,0.032298545871742683,0.033007439491427121,0.032298545871742683,0.030171113730763397]],[[0.034002960735707369,0.036132867714000948,0.036842706530928665,0.036132867714000948,0.034002960735707369],[0.036132867714000948,0.038249519482291133,0.038959729914385781,0.038249519482291133,0.036132867714000948],[0.036842706530928665,0.038959729914385781,0.039670064232867536,0.038959729914385781,0.036842706530928665],[0.036132867714000948,0.038249519482291133,0.038959729914385781,0.038249519482291133,0.036132867714000948],[0.034002960735707369,0.036132867714000948,0.036842706530928665,0.036132867714000948,0.034002960735707369]],[[0.037838074177604833,0.039969264793123092,0.04067959404706694,0.039969264793123092,0.037838074177604833],[0.039969264793123092,0.04208672660548661,0.0427972485599384,0.04208672660548661,0.039969264793123092],[0.04067959404706694,0.0427972485599384,0.043507834755272749,0.0427972485599384,0.04067959404706694],[0.039969264793123092,0.04208672660548661,0.0427972485599384,0.04208672660548661,0.039969264793123092],[0.037838074177604833,0.039969264793123092,0.04067959404706694,0.039969264793123092,0.037838074177604833]],[[0.041674880885760664,0.04380673632844654,0.044517319707794323,0.04380673632844654,0.041674880885760664],[0.04380673632844654,0.045924616939891506,0.046635300054185196,0.045924616939891506,0.04380673632844654],[0.044517319707794323,0.046635300054185196,0.047346016417035661,0.046635300054185196,0.044517319707794323],[0.04380673632844654,0.045924616939891506,0.046635300054185196,0.045924616939891506,0.04380673632844654],[0.041674880885760664,0.04380673632844654,0.044517319707794323,0.04380673632844654,0.041674880885760664]],[[0.045512563562512973,0.047644762298360448,0.048355477004937072,0.047644762298360448,0.045512563562512973],[0.047644762298360448,0.049762858347802433,0.050473624472150612,0.049762858347802433,0.047644762298360448],[0.048355477004937072,0.050473624472150612,0.051184407737335437,0.050473624472150612,0.048355477004937072],[0.047644762298360448,0.049762858347802433,0.050473624472150612,0.049762858347802433,0.047644762298360448],[0.045512563562512973,0.047644762298360448,0.048355477004937072,0.047644762298360448,0.045512563562512973]],[[0.049350697437397228,0.051483072290258336,0.052193854483047732,0.051483072290258336,0.049350697437397228],[0.051483072290258336,0.053601277956705093,0.054312086435433012,0.053601277956705093,0.051483072290258336],[0.052193854483047732,0.054312086435433012,0.055022903676664556,0.054312086435433012,0.052193854483047732],[0.051483072290258336,0.053601277956705093,0.054312086435433012,0.053601277956705093,0.051483072290258336],[0.049350697437397228,0.051483072290258336,0.052193854483047732,0.051483072290258336,0.049350697437397228]],[[0.0531890615379185,0.05532152546408859,0.056032341913738695,0.05532152546408859,0.0531890615379185],[0.05532152546408859,0.057439785552799549,0.058150615192816564,0.057439785552799549,0.05532152546408859],[0.056032341913738695,0.058150615192816564,0.058861449229578935,0.058150615192816564,0.056032341913738695],[0.05532152546408859,0.057439785552799549,0.058150615192816564,0.057439785552799549,0.05532152546408859],[0.0531890615379185,0.05532152546408859,0.056032341913738695,0.05532152546408859,0.0531890615379185]],[[0.057027540677485576,0.0591600482204314,0.059870881586525156,0.0591600482204314,0.057027540677485576],[0.0591600482204314,0.06127833380177946,0.06198917350860992,0.06127833380177946,0.0591600482204314],[0.059870881586525156,0.06198917350860992,0.062700015328660055,0.06198917350860992,0.059870881586525156],[0.0591600482204314,0.06127833380177946,0.06198917350860992,0.061278333801779453,0.0591600482204314],[0.057027540677485576,0.0591600482204314,0.059870881586525156,0.0591600482204314,0.057027540677485576]],[[0.060866074558451617,0.06299860183260915,0.063709443017610126,0.06299860183260915,0.060866074558451617],[0.06299860183260915,0.065116897591346409,0.065827741506321411,0.065116897591346409,0.06299860183260915],[0.063709443017610126,0.065827741506321411,0.066538586330742486,0.065827741506321411,0.063709443017610126],[0.06299860183260915,0.065116897591346409,0.065827741506321411,0.065116897591346423,0.062998601832609163],[0.060866074558451617,0.06299860183260915,0.063709443017610126,0.062998601832609163,0.060866074558451624]],[[0.064704631341264959,0.066837165637163881,0.067548009815525611,0.066837165637163881,0.064704631341264959],[0.066837165637163881,0.06895546330195533,0.069666308276642941,0.06895546330195533,0.066837165637163881],[0.067548009815525611,0.069666308276642941,0.07037715351610678,0.069666308276642955,0.067548009815525611],[0.066837165637163881,0.06895546330195533,0.069666308276642955,0.068955463301955344,0.0668371656371639],[0.064704631341264959,0.066837165637163881,0.067548009815525611,0.0668371656371639,0.064704631341264973]],[[0.068543193917352307,0.070675728302314153,0.071386572858008465,0.070675728302314153,0.068543193917352307],[0.070675728302314153,0.072794023232135407,0.073504867516311675,0.072794023232135407,0.070675728302314153],[0.071386572858008465,0.073504867516311675,0.074215711709228152,0.073504867516311675,0.071386572858008465],[0.070675728302314153,0.072794023232135407,0.073504867516311675,0.072794023232135421,0.070675728302314167],[0.068543193917352307,0.070675728302314153,0.071386572858008465,0.070675728302314167,0.068543193917352321]],[[0.072381752777968336,0.0745142832905072,0.075225126745365259,0.0745142832905072,0.072381752777968336],[0.0745142832905072,0.07663257269995763,0.077343415259606044,0.07663257269995763,0.0745142832905072],[0.075225126745365259,0.077343415259606044,0.078054257520024317,0.077343415259606044,0.075225126745365259],[0.0745142832905072,0.07663257269995763,0.077343415259606044,0.076632572699957643,0.074514283290507216],[0.072381752777968336,0.0745142832905072,0.075225126745365259,0.074514283290507216,0.07238175277796835]],[[0.076220302307375781,0.078352826498126318,0.07906366795466023,0.078352826498126318,0.076220302307375781],[0.078352826498126318,0.080471108533531316,0.081181948695925113,0.080471108533531316,0.078352826498126318],[0.07906366795466023,0.081181948695925113,0.0818927884260445,0.081181948695925113,0.079063667954660244],[0.078352826498126318,0.080471108533531316,0.081181948695925113,0.08047110853353133,0.078352826498126332],[0.076220302307375781,0.078352826498126318,0.079063667954660244,0.078352826498126332,0.0762203023073758]],[[0.080058838853852926,0.082191355025401314,0.082902193876646088,0.082191355025401314,0.080058838853852926],[0.082191355025401314,0.084309628282455876,0.085020465550991908,0.084309628282455876,0.082191355025401314],[0.082902193876646088,0.085020465550991908,0.085731302290997222,0.085020465550991908,0.0829021938766461],[0.082191355025401314,0.084309628282455876,0.085020465550991908,0.084309628282455876,0.082191355025401328],[0.080058838853852926,0.082191355025401314,0.0829021938766461,0.082191355025401328,0.08005883885385294]],[[0.083897359723282661,0.086029866532730662,0.086740702310676723,0.086029866532730662,0.083897359723282661],[0.086029866532730662,0.088148129803197348,0.088858963760303417,0.088148129803197348,0.086029866532730662],[0.086740702310676723,0.088858963760303417,0.08956979710943283,0.088858963760303417,0.086740702310676737],[0.086029866532730662,0.088148129803197348,0.088858963760303417,0.088148129803197361,0.086029866532730676],[0.083897359723282661,0.086029866532730662,0.086740702310676737,0.086029866532730676,0.083897359723282675]],[[0.087735862651469987,0.089868358901104631,0.090579191197017753,0.089868358901104631,0.087735862651469987],[0.089868358901104631,0.091986611038224281,0.092697441293923169,0.091986611038224281,0.089868358901104631],[0.090579191197017753,0.092697441293923169,0.093408270868448162,0.092697441293923169,0.090579191197017753],[0.089868358901104631,0.091986611038224281,0.092697441293923169,0.091986611038224281,0.089868358901104631],[0.087735862651469987,0.089868358901104631,0.090579191197017753,0.089868358901104631,0.087735862651469987]],[[0.091574345524610468,0.093706830050024253,0.094417658472014374,0.093706830050024253,0.091574345524610468],[0.093706830050024253,0.095825069895334444,0.096535896059436785,0.095825069895334444,0.093706830050024253],[0.094417658472014374,0.096535896059436785,0.097246721469730221,0.096535896059436785,0.094417658472014374],[0.093706830050024253,0.095825069895334444,0.096535896059436785,0.095825069895334444,0.093706830050024253],[0.091574345524610468,0.093706830050024253,0.094417658472014374,0.093706830050024253,0.091574345524610468]],[[0.09541280622819219,0.097545277836760952,0.098256101986619243,0.097545277836760952,0.09541280622819219],[0.097545277836760952,0.099663504178558487,0.10037432584504506,0.099663504178558487,0.097545277836760952],[0.098256101986619243,0.10037432584504506,0.10108514668247894,0.10037432584504506,0.098256101986619243],[0.097545277836760952,0.099663504178558487,0.10037432584504506,0.099663504178558487,0.097545277836760952],[0.09541280622819219,0.097545277836760952,0.098256101986619243,0.097545277836760952,0.09541280622819219]],[[0.099251242562147346,0.10138369999740682,0.102094519457355,0.10138369999740682,0.099251242562147346],[0.10138369999740682,0.10350191154538217,0.10421272828302725,0.10350191154538217,0.10138369999740682],[0.102094519457355,0.10421272828302725,0.10492354411188745,0.10421272828302725,0.102094519457355],[0.10138369999740682,0.10350191154538217,0.10421272828302725,0.10350191154538217,0.10138369999740682],[0.099251242562147346,0.10138369999740682,0.102094519457355,0.10138369999740682,0.099251242562147346]],[[0.10308965218993628,0.10522209410914229,0.10593290843365037,0.10522209410914229,0.10308965218993628],[0.10522209410914229,0.10734028947714552,0.10805110082329356,0.10734028947714552,0.10522209410914229],[0.10593290843365037,0.10805110082329356,0.10876191117520939,0.10805110082329356,0.10593290843365037],[0.10522209410914229,0.10734028947714552,0.10805110082329356,0.10734028947714552,0.10522209410914229],[0.10308965218993628,0.10522209410914229,0.10593290843365037,0.10522209410914229,0.10308965218993628]],[[0.10692803260476573,0.10906045756302574,0.10977126627316372,0.10906045756302574,0.10692803260476573],[0.10906045756302574,0.11117863525577056,0.11188944071165476,0.11117863525577056,0.10906045756302574],[0.10977126627316372,0.11188944071165476,0.11260024508124035,0.11188944071165476,0.10977126627316372],[0.10906045756302574,0.11117863525577056,0.11188944071165476,0.11117863525577056,0.10906045756302574],[0.10692803260476573,0.10906045756302574,0.10977126627316372,0.10906045756302574,0.10692803260476573]],[[0.11076638110420112,0.11289878754172608,0.11360959012073821,0.11289878754172608,0.11076638110420112],[0.11289878754172608,0.11501694594324735,0.11572774497001109,0.11501694594324735,0.11289878754172608],[0.11360959012073821,0.11572774497001109,0.11643854281103531,0.11572774497001109,0.11360959012073821],[0.11289878754172608,0.11501694594324735,0.11572774497001109,0.11501694594324735,0.11289878754172608],[0.11076638110420112,0.11289878754172608,0.11360959012073821,0.11289878754172608,0.11076638110420112]],[[0.11460469476860093,0.11673708099927817,0.11744787688869152,0.11673708099927817,0.11460469476860093],[0.11673708099927817,0.11885521836199374,0.11956601037697516,0.11885521836199374,0.11673708099927817],[0.11744787688869152,0.11956601037697516,0.12027680109870507,0.11956601037697516,0.11744787688869152],[0.11673708099927817,0.11885521836199374,0.11956601037697516,0.11885521836199374,0.11673708099927817],[0.11460469476860093,0.11673708099927817,0.11744787688869152,0.11673708099927817,0.11460469476860093]],[[0.11844297044098342,0.12057533464132673,0.12128612323723459,0.12057533464132673,0.11844297044098342],[0.12057533464132673,0.12269344907509933,0.1234042334481472,0.12269344907509933,0.12057533464132673],[0.12128612323723459,0.1234042334481472,0.12411501641167508,0.1234042334481472,0.12128612323723459],[0.12057533464132673,0.12269344907509933,0.1234042334481472,0.12269344907509933,0.12057533464132673],[0.11844297044098342,0.12057533464132673,0.12128612323723459,0.12057533464132673,0.11844297044098342]],[[0.12228120470707557,0.12441354490504637,0.12512432555437575,0.12441354490504637,0.12228120470707557],[0.12441354490504637,0.126531634365923,0.12724241041562126,0.126531634365923,0.12441354490504637],[0.12512432555437575,0.12724241041562126,0.12795318493007396,0.12724241041562126,0.12512432555437575],[0.12441354490504637,0.126531634365923,0.12724241041562126,0.12653163436592302,0.12441354490504637],[0.12228120470707557,0.12441354490504637,0.12512432555437575,0.12441354490504637,0.12228120470707557]],[[0.12611939387487228,0.12825170793830762,0.12896247993496746,0.12825170793830762,0.12611939387487228],[0.12825170793830762,0.13036977021676163,0.13108053720649515,0.13036977021676163,0.12825170793830762],[0.12896247993496746,0.13108053720649515,0.13179130252507337,0.13108053720649515,0.12896247993496746],[0.12825170793830762,0.13036977021676163,0.13108053720649515,0.13036977021676163,0.12825170793830762],[0.12611939387487228,0.12825170793830762,0.12896247993496746,0.12825170793830762,0.12611939387487228]],[[0.12995753395333548,0.13208981957784677,0.13280058215870713,0.13208981957784677,0.12995753395333548],[0.13208981957784677,0.13420785228643259,0.13491860942026127,0.13420785228643259,0.13208981957784677],[0.13280058215870713,0.13491860942026127,0.13562936473607756,0.13491860942026127,0.13280058215870713],[0.13208981957784677,0.13420785228643259,0.13491860942026127,0.13420785228643259,0.13208981957784677],[0.12995753395333548,0.13208981957784677,0.13280058215870713,0.13208981957784677,0.12995753395333548]],[[0.13379562063007239,0.13592787532632075,0.13663862766699109,0.13592787532632075,0.13379562063007239],[0.13592787532632075,0.13804587588669304,0.1387566223050142,0.13804587588669304,0.13592787532632075],[0.13663862766699109,0.1387566223050142,0.1394673667467175,0.1387566223050142,0.13663862766699109],[0.13592787532632075,0.13804587588669304,0.1387566223050142,0.13804587588669304,0.13592787532632075],[0.13379562063007239,0.13592787532632075,0.13663862766699109,0.13592787532632075,0.13379562063007239]],[[0.13763364924785224,0.13976587032819734,0.14047661153859015,0.13976587032819734,0.13763364924785224],[0.13976587032819734,0.14188383595747581,0.142594570732468,0.14188383595747581,0.13976587032819734],[0.14047661153859015,0.142594570732468,0.14330530335964736,0.142594570732468,0.14047661153859015],[0.13976587032819734,0.14188383595747581,0.142594570732468,0.14188383595747581,0.13976587032819734],[0.13763364924785224,0.13976587032819734,0.14047661153859015,0.13976587032819734,0.13763364924785224]],[[0.14147161477997919,0.1436037993444525,0.144314528464131,0.1436037993444525,0.14147161477997919],[0.1436037993444525,0.14572172704093558,0.14643244917178488,0.14572172704093558,0.1436037993444525],[0.144314528464131,0.14643244917178488,0.14714316897015439,0.14643244917178488,0.144314528464131],[0.1436037993444525,0.14572172704093558,0.14643244917178488,0.14572172704093558,0.1436037993444525],[0.14147161477997919,0.1436037993444525,0.144314528464131,0.1436037993444525,0.14147161477997919]],[[0.14530951180446461,0.14744165672610357,0.14815237271941484,0.14744165672610357,0.14530951180446461],[0.14744165672610357,0.14955954325435131,0.15027025166226451,0.14955954325435131,0.14744165672610357],[0.14815237271941484,0.15027025166226451,0.15098095753863755,0.15027025166226451,0.14815237271941484],[0.14744165672610357,0.14955954325435131,0.15027025166226451,0.14955954325435131,0.14744165672610357],[0.14530951180446461,0.14744165672610357,0.14815237271941484,0.14744165672610357,0.14530951180446461]],[[0.14914733447706635,0.15127943638663333,0.15199013813762466,0.15127943638663333,0.14914733447706635],[0.15127943638663333,0.15339727826195343,0.15410797178496816,0.15339727826195343,0.15127943638663333],[0.15199013813762466,0.15410797178496816,0.15481866256203214,0.15410797178496816,0.15199013813762466],[0.15127943638663333,0.15339727826195343,0.15410797178496816,0.15339727826195343,0.15127943638663333],[0.14914733447706635,0.15127943638663333,0.15199013813762466,0.15127943638663333,0.14914733447706635]],[[0.15298507650325591,0.1551171317733781,0.15582781808053831,0.1551171317733781,0.15298507650325591],[0.1551171317733781,0.15723492524577773,0.15794560263339524,0.15723492524577773,0.1551171317733781],[0.15582781808053831,0.15794560263339524,0.15865627704430729,0.15794560263339524,0.15582781808053831],[0.1551171317733781,0.15723492524577773,0.15794560263339524,0.15723492524577773,0.1551171317733781],[0.15298507650325591,0.1551171317733781,0.15582781808053831,0.1551171317733781,0.15298507650325591]],[[0.15682273110920913,0.15895473583802269,0.1596654054088352,0.15895473583802269,0.15682273110920913],[0.15895473583802269,0.16107247687569576,0.16178313678335171,0.16107247687569576,0.15895473583802269],[0.1596654054088352,0.16178313678335171,0.1624937934661817,0.16178313678335171,0.1596654054088352],[0.15895473583802269,0.16107247687569576,0.16178313678335171,0.16107247687569576,0.15895473583802269],[0.15682273110920913,0.15895473583802269,0.1596654054088352,0.15895473583802269,0.15682273110920913]],[[0.16066029101196549,0.16279224100632728,0.16350289245168936,0.16279224100632728,0.16066029101196549],[0.16279224100632728,0.16490992527878684,0.16562056626219937,0.16490992527878684,0.16279224100632728],[0.16350289245168936,0.16562056626219937,0.16633120375425589,0.16562056626219937,0.16350289245168936],[0.16279224100632728,0.16490992527878684,0.16562056626219937,0.16490992527878684,0.16279224100632728],[0.16066029101196549,0.16279224100632728,0.16350289245168936,0.16279224100632728,0.16066029101196549]],[[0.16449774838892481,0.16662963914733359,0.16734027097587179,0.16662963914733359,0.16449774838892481],[0.16662963914733359,0.16874726200831569,0.1694578825177542,0.16874726200831569,0.16662963914733359],[0.16734027097587179,0.1694578825177542,0.17016849924983651,0.1694578825177542,0.16734027097587179],[0.16662963914733359,0.16874726200831569,0.1694578825177542,0.16874726200831569,0.16662963914733359],[0.16449774838892481,0.16662963914733359,0.16734027097587179,0.16662963914733359,0.16449774838892481]],[[0.16833509484694223,0.17046692154230264,0.17117753215462514,0.17046692154230264,0.16833509484694223],[0.17046692154230264,0.172584478012602,0.17329507638712621,0.172584478012602,0.17046692154230264],[0.17117753215462514,0.17329507638712621,0.17400567067775877,0.17329507638712621,0.17117753215462514],[0.17046692154230264,0.172584478012602,0.17329507638712621,0.172584478012602,0.17046692154230264],[0.16833509484694223,0.17046692154230264,0.17117753215462514,0.17046692154230264,0.16833509484694223]],[[0.17217232139128824,0.17430407885370203,0.17501466653666145,0.17430407885370203,0.17217232139128824],[0.17430407885370203,0.17642156360414588,0.17713213806588346,0.17642156360414588,0.17430407885370203],[0.17501466653666145,0.17713213806588346,0.17784270811559982,0.17713213806588346,0.17501466653666145],[0.17430407885370203,0.17642156360414588,0.17713213806588346,0.17642156360414588,0.17430407885370203],[0.17217232139128824,0.17430407885370203,0.17501466653666145,0.17430407885370203,0.17217232139128824]],[[0.176009418394859,0.17814110109463455,0.17885166401565669,0.17814110109463455,0.176009418394859],[0.17814110109463455,0.18025850842942279,0.18096905707796423,0.18025850842942279,0.17814110109463455],[0.17885166401565669,0.18096905707796423,0.1816796009637221,0.18096905707796423,0.17885166401565669],[0.17814110109463455,0.18025850842942279,0.18096905707796423,0.18025850842942279,0.17814110109463455],[0.176009418394859,0.17814110109463455,0.17885166401565669,0.17814110109463455,0.176009418394859]],[[0.17984637556801117,0.18197797759921944,0.1826885138007914,0.18197797759921944,0.17984637556801117],[0.18197797759921944,0.18409530143992586,0.18480582224692768,0.18409530143992586,0.18197797759921944],[0.1826885138007914,0.18480582224692768,0.18551633791675151,0.18480582224692768,0.1826885138007914],[0.18197797759921944,0.18409530143992586,0.18480582224692768,0.18409530143992586,0.18197797759921944],[0.17984637556801117,0.18197797759921944,0.1826885138007914,0.18197797759921944,0.17984637556801117]],[[0.18368318192963129,0.18581469699443387,0.18652520438885523,0.18581469699443387,0.18368318192963129],[0.18581469699443387,0.1879319308649961,0.18864242166910691,0.1879319308649961,0.18581469699443387],[0.18652520438885523,0.18864242166910691,0.189352906937072,0.18864242166910691,0.18652520438885523],[0.18581469699443387,0.1879319308649961,0.18864242166910691,0.1879319308649961,0.18581469699443387],[0.18368318192963129,0.18581469699443387,0.18652520438885523,0.18581469699443387,0.18368318192963129]],[[0.18751982577992826,0.18965124717410095,0.19036172353861114,0.18965124717410095,0.18751982577992826],[0.18965124717410095,0.19176838418719055,0.19247884268942461,0.19176838418719055,0.18965124717410095],[0.19036172353861114,0.19247884268942461,0.19318929523111383,0.19247884268942461,0.19036172353861114],[0.18965124717410095,0.19176838418719055,0.19247884268942461,0.19176838418719055,0.18965124717410095],[0.18751982577992826,0.18965124717410095,0.19036172353861114,0.18965124717410095,0.18751982577992826]],[[0.1913562946757362,0.19348761527576738,0.194198058248192,0.19348761527576738,0.1913562946757362],[0.19348761527576738,0.19560464812098236,0.19631507188069253,0.19560464812098236,0.19348761527576738],[0.194198058248192,0.19631507188069253,0.19702548922927576,0.19631507188069253,0.194198058248192],[0.19348761527576738,0.19560464812098236,0.19631507188069253,0.19560464812098236,0.19348761527576738],[0.1913562946757362,0.19348761527576738,0.194198058248192,0.19348761527576738,0.1913562946757362]],[[0.19519257540907911,0.19732378766134492,0.19803419473640835,0.19732378766134492,0.19519257540907911],[0.19732378766134492,0.19944070859572788,0.20015109502733758,0.19944070859572788,0.19732378766134492],[0.19803419473640835,0.20015109502733758,0.20086147457044595,0.20015109502733758,0.19803419473640835],[0.19732378766134492,0.19944070859572788,0.20015109502733758,0.19944070859572788,0.19732378766134492],[0.19519257540907911,0.19732378766134492,0.19803419473640835,0.19732378766134492,0.19519257540907911]],[[0.19902865398993366,0.20115974990245694,0.20187011842893751,0.20115974990245694,0.19902865398993366],[0.20115974990245694,0.20327655074390194,0.20398689711458828,0.20327655074390194,0.20115974990245694],[0.20187011842893751,0.20398689711458828,0.20469723609217172,0.20398689711458828,0.20187011842893751],[0.20115974990245694,0.20327655074390194,0.20398689711458828,0.20327655074390194,0.20115974990245694],[0.19902865398993366,0.20115974990245694,0.20187011842893751,0.20115974990245694,0.19902865398993366]],[[0.20286451563416719,0.20499548677157062,0.20570581395051288,0.20499548677157062,0.20286451563416719],[0.20499548677157062,0.20711215889574336,0.20782246232427964,0.20711215889574336,0.20499548677157062],[0.20570581395051288,0.20782246232427964,0.20853275782766015,0.20782246232427964,0.20570581395051288],[0.20499548677157062,0.20711215889574336,0.20782246232427964,0.20711215889574336,0.20499548677157062],[0.20286451563416719,0.20499548677157062,0.20570581395051288,0.20499548677157062,0.20286451563416719]],[[0.20670014475781781,0.20883098224011357,0.20954126512428312,0.20883098224011357,0.20670014475781781],[0.20883098224011357,0.21094751658155761,0.21165777403853386,0.21094751658155761,0.20883098224011357],[0.20954126512428312,0.21165777403853386,0.21236802301088184,0.21165777403853386,0.20954126512428312],[0.20883098224011357,0.21094751658155761,0.21165777403853386,0.21094751658155761,0.20883098224011357],[0.20670014475781781,0.20883098224011357,0.20954126512428312,0.20883098224011357,0.20670014475781781]],[[0.21053552497888431,0.21266621948480904,0.21337645497964589,0.21266621948480904,0.21053552497888431],[0.21266621948480904,0.21478260654296397,0.21549281485263377,0.21478260654296397,0.21266621948480904],[0.21337645497964589,0.21549281485263377,0.21620301409111162,0.21549281485263377,0.21337645497964589],[0.21266621948480904,0.21478260654296397,0.21549281485263377,0.21478260654296397,0.21266621948480904],[0.21053552497888431,0.21266621948480904,0.21337645497964589,0.21266621948480904,0.21053552497888431]],[[0.21437063912798404,0.21650118090362322,0.21721136576993083,0.21650118090362322,0.21437063912798404],[0.21650118090362322,0.21861741075451938,0.21932756659852262,0.21861741075451938,0.21650118090362322],[0.21721136576993083,0.21932756659852262,0.22003771275835349,0.21932756659852262,0.21721136576993083],[0.21650118090362322,0.21861741075451938,0.21932756659852262,0.21861741075451938,0.21650118090362322],[0.21437063912798404,0.21650118090362322,0.21721136576993083,0.21650118090362322,0.21437063912798404]],[[0.21820546926920148,0.2203358481426809,0.22104597900130601,0.2203358481426809,0.21820546926920148],[0.2203358481426809,0.22245191045708665,0.22316201038031355,0.22245191045708665,0.2203358481426809],[0.22104597900130601,0.22316201038031355,0.22387209998103966,0.22316201038031355,0.22104597900130601],[0.2203358481426809,0.22245191045708665,0.22316201038031355,0.22245191045708665,0.2203358481426809],[0.21820546926920148,0.2203358481426809,0.22104597900130601,0.2203358481426809,0.21820546926920148]],[[0.22203999673260166,0.2241702021356001,0.224880275474377,0.2241702021356001,0.22203999673260166],[0.2241702021356001,0.22628608620441748,0.22699612662327648,0.22628608620441748,0.2241702021356001],[0.224880275474377,0.22699612662327648,0.22770615605746797,0.22699612662327648,0.224880275474377],[0.2241702021356001,0.22628608620441748,0.22699612662327648,0.22628608620441748,0.2241702021356001],[0.22203999673260166,0.2241702021356001,0.224880275474377,0.2241702021356001,0.22203999673260166]],[[0.22587420215970061,0.22800422315666416,0.228714235339876,0.22800422315666416,0.22587420215970061],[0.22800422315666416,0.23011991792432693,0.2308298951376731,0.23011991792432693,0.22800422315666416],[0.228714235339876,0.2308298951376731,0.23153986068234658,0.2308298951376731,0.228714235339876],[0.22800422315666416,0.23011991792432693,0.2308298951376731,0.23011991792432693,0.22800422315666416],[0.22587420215970061,0.22800422315666416,0.228714235339876,0.22800422315666416,0.22587420215970061]],[[0.22970806556347523,0.23183789088913509,0.23254783816972982,0.23183789088913509,0.22970806556347523],[0.23183789088913509,0.233953384995714,0.23466329519867449,0.233953384995714,0.23183789088913509],[0.23254783816972982,0.23466329519867449,0.23537319302965415,0.23466329519867449,0.23254783816972982],[0.23183789088913509,0.233953384995714,0.23466329519867449,0.233953384995714,0.23183789088913509],[0.22970806556347523,0.23183789088913509,0.23254783816972982,0.23183789088913509,0.22970806556347523]],[[0.23354156640394613,0.23567118450992591,0.23638106304474138,0.23567118450992591,0.23354156640394613],[0.23567118450992591,0.23778646634256281,0.23849630564347432,0.23778646634256281,0.23567118450992591],[0.23638106304474138,0.23849630564347432,0.23920613185290177,0.23849630564347432,0.23638106304474138],[0.23567118450992591,0.23778646634256281,0.23849630564347432,0.23778646634256281,0.23567118450992591],[0.23354156640394613,0.23567118450992591,0.23638106304474138,0.23567118450992591,0.23354156640394613]],[[0.23737468368062878,0.23950408279162411,0.24021388865978849,0.23950408279162411,0.23737468368062878],[0.23950408279162411,0.24161914054576514,0.24232890498638526,0.24161914054576514,0.23950408279162411],[0.24021388865978849,0.24232890498638526,0.24303865560353385,0.24232890498638526,0.24021388865978849],[0.23950408279162411,0.24161914054576514,0.24232890498638526,0.24161914054576514,0.23950408279162411],[0.23737468368062878,0.23950408279162411,0.24021388865978849,0.23950408279162411,0.23737468368062878]],[[0.24120739604262065,0.24333656422258412,0.24404629344723713,0.24333656422258412,0.24120739604262065],[0.24333656422258412,0.24545138597331317,0.24616107155241235,0.24545138597331317,0.24333656422258412],[0.24404629344723713,0.24616107155241235,0.24687074256790353,0.24616107155241235,0.24404629344723713],[0.24333656422258412,0.24545138597331317,0.24616107155241235,0.24545138597331317,0.24333656422258412],[0.24120739604262065,0.24333656422258412,0.24404629344723713,0.24333656422258412,0.24120739604262065]],[[0.24503968191689218,0.24716860714541769,0.24787825571882197,0.24716860714541766,0.24503968191689218],[0.24716860714541769,0.24928318092895516,0.24999278362931984,0.24928318092895516,0.24716860714541766],[0.24787825571882197,0.24999278362931984,0.25070237102275733,0.24999278362931984,0.24787825571882197],[0.24716860714541766,0.24928318092895516,0.24999278362931984,0.24928318092895516,0.24716860714541769],[0.24503968191689218,0.24716860714541766,0.24787825571882197,0.24716860714541769,0.24503968191689218]],[[0.24887151965492615,0.25100018991376233,0.25170975382580457,0.25100018991376233,0.24887151965492613],[0.25100018991376233,0.25311450381892231,0.25382401963771217,0.25311450381892231,0.25100018991376233],[0.25170975382580457,0.25382401963771217,0.25453351940865748,0.25382401963771217,0.25170975382580463],[0.25100018991376233,0.25311450381892231,0.25382401963771217,0.25311450381892231,0.25100018991376233],[0.24887151965492613,0.25100018991376233,0.25170975382580463,0.25100018991376233,0.24887151965492615]],[[0.25270288769731986,0.254831291066655,0.25554076633661904,0.254831291066655,0.25270288769731986],[0.254831291066655,0.25694533333572273,0.25765475831801027,0.25694533333572273,0.254831291066655],[0.25554076633661904,0.25765475831801027,0.25836416652011318,0.25765475831801027,0.2555407663366191],[0.254831291066655,0.25694533333572273,0.25765475831801027,0.25694533333572273,0.254831291066655],[0.25270288769731986,0.254831291066655,0.2555407663366191,0.254831291066655,0.25270288769731986]],[[0.25653376475539086,0.25866188951922131,0.25937127223061074,0.25866188951922131,0.25653376475539086],[0.25866188951922131,0.26077564865735325,0.26148497893256045,0.26077564865735325,0.25866188951922131],[0.25937127223061074,0.26148497893256045,0.26219429171053205,0.26148497893256045,0.25937127223061074],[0.25866188951922131,0.26077564865735325,0.26148497893256045,0.26077564865735325,0.25866188951922131],[0.25653376475539086,0.25866188951922131,0.25937127223061074,0.25866188951922131,0.25653376475539086]],[[0.26036413000824582,0.26249196476773085,0.26320125110579395,0.26249196476773085,0.26036413000824582],[0.26249196476773085,0.26460542965958767,0.265314661480398,0.26460542965958767,0.26249196476773085],[0.26320125110579395,0.265314661480398,0.26602387510938691,0.265314661480398,0.26320125110579395],[0.26249196476773085,0.26460542965958767,0.265314661480398,0.26460542965958767,0.26249196476773085],[0.26036413000824582,0.26249196476773085,0.26320125110579395,0.26249196476773085,0.26036413000824582]],[[0.26419396331290179,0.26632149710621922,0.26703068339773084,0.26632149710621922,0.26419396331290179],[0.26632149710621922,0.26843465713814924,0.26914378692135194,0.26843465713814924,0.26632149710621922],[0.26703068339773084,0.26914378692135194,0.26985289784814209,0.26914378692135194,0.26703068339773084],[0.26632149710621922,0.26843465713814924,0.26914378692135194,0.26843465713814924,0.26632149710621922],[0.26419396331290179,0.26632149710621922,0.26703068339773084,0.26632149710621922,0.26419396331290179]],[[0.268023245424528,0.27015046785138508,0.27085955060600542,0.27015046785138508,0.268023245424528],[0.27015046785138508,0.27226331303704704,0.27297233740560917,0.27226331303704704,0.27015046785138508],[0.27085955060600542,0.27297233740560917,0.27368134229093211,0.27297233740560917,0.27085955060600542],[0.27015046785138508,0.27226331303704704,0.27297233740560917,0.27226331303704704,0.27015046785138508],[0.268023245424528,0.27015046785138508,0.27085955060600542,0.27015046785138508,0.268023245424528]],[[0.27185195822305785,0.27397885957154239,0.2746878355240619,0.27397885957154239,0.27185195822305785],[0.27397885957154239,0.27609138067852068,0.27680029650408644,0.27609138067852068,0.27397885957154239],[0.2746878355240619,0.27680029650408644,0.27750919226520326,0.27680029650408644,0.2746878355240619],[0.27397885957154239,0.27609138067852068,0.27680029650408644,0.27609138067852068,0.27397885957154239],[0.27185195822305785,0.27397885957154239,0.2746878355240619,0.27397885957154239,0.27185195822305785]],[[0.275680084941677,0.2778066563148317,0.27851552246744121,0.2778066563148317,0.275680084941677],[0.2778066563148317,0.279918844989466,0.28062764943436308,0.279918844989466,0.2778066563148317],[0.27851552246744121,0.28062764943436308,0.28133643328698449,0.28062764943436308,0.27851552246744121],[0.2778066563148317,0.279918844989466,0.28062764943436308,0.279918844989466,0.2778066563148317],[0.275680084941677,0.2778066563148317,0.27851552246744121,0.2778066563148317,0.275680084941677]],[[0.27950761039231631,0.28163384383163,0.282342597495205,0.28163384383163,0.27950761039231631],[0.28163384383163,0.28374569271903,0.2844543832767657,0.28374569271903,0.28163384383163],[0.282342597495205,0.2844543832767657,0.28516305277528503,0.2844543832767657,0.282342597495205],[0.28163384383163,0.28374569271903,0.2844543832767657,0.28374569271903,0.28163384383163],[0.27950761039231631,0.28163384383163,0.282342597495205,0.28163384383163,0.27950761039231631]],[[0.28333452118267455,0.2854604097851729,0.28616904861863857,0.2854604097851729,0.28333452118267455],[0.2854604097851729,0.28757191264129184,0.28828048717450716,0.28757191264129184,0.2854604097851729],[0.28616904861863857,0.28828048717450716,0.28898904024948535,0.28828048717450716,0.28616904861863857],[0.2854604097851729,0.28757191264129184,0.28828048717450716,0.28757191264129184,0.2854604097851729],[0.28333452118267455,0.2854604097851729,0.28616904861863857,0.2854604097851729,0.28333452118267455]],[[0.287160805919083,0.28928634394511149,0.28999486599173296,0.28928634394511149,0.287160805919083],[0.28928634394511149,0.29139749573768864,0.29210595251248611,0.29139749573768864,0.28928634394511149],[0.28999486599173296,0.29210595251248611,0.29281438750432487,0.29210595251248611,0.28999486599173296],[0.28928634394511149,0.29139749573768864,0.29210595251248611,0.29139749573768864,0.28928634394511149],[0.287160805919083,0.28928634394511149,0.28999486599173296,0.28928634394511149,0.287160805919083]],[[0.29098645538961576,0.29311163835802451,0.29382004207764773,0.29311163835802451,0.29098645538961576],[0.29311163835802451,0.29522243535338172,