{"M_cells":[[[0,0,0,0,0,0,0],[0,0,0,0,0,0,0],[0,0,0,0,0,0,0],[0,0,0,0,0,0,0],[0,0,0,0,0,0,0],[0,0,0,0,0,0,0],[0,0,0,0,0,0,0]],[[1.3667994674332873E-12,7.8378337828075555E-12,6.9748588526684457E-12,1.0198924463397328E-11,6.9748588526684457E-12,7.8378337828075555E-12,1.3667994674332873E-12],[7.8378337828075555E-12,3.2976708865519E-11,3.0156058333227288E-11,4.2571477949980791E-11,3.0156058333227288E-11,3.2976708865519E-11,7.8378337828075555E-12],[6.9748588526684457E-12,3.0156058333227288E-11,3.6995986809224729E-11,4.3872050587587936E-11,3.6995986809224729E-11,3.0156058333227288E-11,6.9748588526684457E-12],[1.0198924463397328E-11,4.2571477949980791E-11,4.3872050587587936E-11,5.7841818145299289E-11,4.3872050587587936E-11,4.2571477949980791E-11,1.0198924463397328E-11],[6.9748588526684457E-12,3.0156058333227288E-11,3.6995986809224729E-11,4.3872050587587936E-11,3.6995986809224729E-11,3.0156058333227288E-11,6.9748588526684448E-12],[7.8378337828075555E-12,3.2976708865519E-11,3.0156058333227288E-11,4.2571477949980791E-11,3.0156058333227288E-11,3.2976708865518991E-11,7.8378337828075555E-12],[1.3667994674332873E-12,7.8378337828075555E-12,6.9748588526684457E-12,1.0198924463397328E-11,6.9748588526684448E-12,7.8378337828075555E-12,1.3667994674332873E-12]],[[9.35190373053823E-12,3.0359822773677549E-11,2.759129201185518E-11,3.839575925428131E-11,2.759129201185518E-11,3.0359822773677549E-11,9.35190373053823E-12],[3.0359822773677549E-11,7.8207749956408E-11,7.2907401650486538E-11,9.75033411549808E-11,7.2907401650486538E-11,7.8207749956408E-11,3.0359822773677549E-11],[2.759129201185518E-11,7.2907401650486538E-11,8.6191985937577511E-11,9.9522264588349088E-11,8.6191985937577511E-11,7.2907401650486538E-11,2.759129201185518E-11],[3.839575925428131E-11,9.75033411549808E-11,9.9522264588349088E-11,1.2608721447039418E-10,9.9522264588349088E-11,9.75033411549808E-11,3.839575925428131E-11],[2.759129201185518E-11,7.2907401650486538E-11,8.6191985937577511E-11,9.9522264588349088E-11,8.6191985937577511E-11,7.2907401650486538E-11,2.759129201185518E-11],[3.0359822773677549E-11,7.8207749956408E-11,7.2907401650486538E-11,9.75033411549808E-11,7.2907401650486538E-11,7.8207749956408E-11,3.0359822773677549E-11],[9.35190373053823E-12,3.0359822773677549E-11,2.759129201185518E-11,3.839575925428131E-11,2.759129201185518E-11,3.0359822773677549E-11,9.35190373053823E-12]],[[2.7233828238411756E-11,6.6138765231989415E-11,6.1059161391297188E-11,8.1608759086954535E-11,6.1059161391297188E-11,6.6138765231989415E-11,2.7233828238411756E-11],[6.6138765231989415E-11,1.3451547900818896E-10,1.2704361888706287E-10,1.6324356794380033E-10,1.2704361888706287E-10,1.3451547900818896E-10,6.6138765231989415E-11],[6.1059161391297188E-11,1.2704361888706287E-10,1.4629289707510746E-10,1.6559650485447116E-10,1.4629289707510746E-10,1.2704361888706287E-10,6.1059161391297188E-11],[8.1608759086954535E-11,1.6324356794380033E-10,1.6559650485447116E-10,2.0351237417466238E-10,1.6559650485447116E-10,1.6324356794380033E-10,8.1608759086954535E-11],[6.1059161391297188E-11,1.2704361888706287E-10,1.4629289707510746E-10,1.6559650485447116E-10,1.4629289707510746E-10,1.2704361888706287E-10,6.1059161391297188E-11],[6.6138765231989415E-11,1.3451547900818896E-10,1.2704361888706287E-10,1.6324356794380033E-10,1.2704361888706287E-10,1.3451547900818896E-10,6.6138765231989415E-11],[2.7233828238411756E-11,6.6138765231989415E-11,6.1059161391297188E-11,8.1608759086954535E-11,6.1059161391297188E-11,6.6138765231989415E-11,2.7233828238411756E-11]],[[5.6210300128248645E-11,1.1391431429478381E-10,1.0645504546575254E-10,1.3761201414146509E-10,1.0645504546575254E-10,1.1391431429478381E-10,5.6210300128248645E-11],[1.1391431429478381E-10,2.0089042572951563E-10,1.9152505760062871E-10,2.3859581613883839E-10,1.9152505760062871E-10,2.0089042572951563E-10,1.1391431429478381E-10],[1.0645504546575254E-10,1.9152505760062871E-10,2.1625780199117876E-10,2.4105269820501656E-10,2.1625780199117879E-10,1.9152505760062871E-10,1.0645504546575254E-10],[1.3761201414146509E-10,2.3859581613883839E-10,2.4105269820501656E-10,2.8921573932857606E-10,2.4105269820501656E-10,2.3859581613883839E-10,1.3761201414146509E-10],[1.0645504546575254E-10,1.9152505760062871E-10,2.1625780199117879E-10,2.4105269820501656E-10,2.1625780199117879E-10,1.9152505760062871E-10,1.0645504546575254E-10],[1.1391431429478381E-10,2.0089042572951563E-10,1.9152505760062871E-10,2.3859581613883839E-10,1.9152505760062871E-10,2.0089042572951563E-10,1.1391431429478381E-10],[5.6210300128248645E-11,1.1391431429478381E-10,1.0645504546575254E-10,1.3761201414146509E-10,1.0645504546575254E-10,1.1391431429478381E-10,5.6210300128248645E-11]],[[9.64063443640826E-11,1.7256971538833294E-10,1.6282883686032364E-10,2.0469981415512809E-10,1.6282883686032364E-10,1.7256971538833294E-10,9.64063443640826E-11],[1.7256971538833294E-10,2.7643394185290615E-10,2.6541582629257544E-10,3.225698370388009E-10,2.6541582629257544E-10,2.7643394185290615E-10,1.7256971538833294E-10],[1.6282883686032364E-10,2.6541582629257544E-10,2.9517166742522448E-10,3.2499676858778287E-10,2.9517166742522448E-10,2.6541582629257539E-10,1.6282883686032364E-10],[2.0469981415512809E-10,3.225698370388009E-10,3.2499676858778287E-10,3.8243090196526189E-10,3.2499676858778287E-10,3.225698370388009E-10,2.0469981415512809E-10],[1.6282883686032364E-10,2.6541582629257544E-10,2.9517166742522448E-10,3.2499676858778287E-10,2.9517166742522448E-10,2.6541582629257539E-10,1.6282883686032364E-10],[1.7256971538833294E-10,2.7643394185290615E-10,2.6541582629257539E-10,3.225698370388009E-10,2.6541582629257539E-10,2.7643394185290615E-10,1.7256971538833294E-10],[9.64063443640826E-11,1.7256971538833294E-10,1.6282883686032364E-10,2.0469981415512809E-10,1.6282883686032364E-10,1.7256971538833294E-10,9.64063443640826E-11]],[[1.4741852434240722E-10,2.4111413815013013E-10,2.2926198231435447E-10,2.8153255870244555E-10,2.2926198231435447E-10,2.4111413815013013E-10,1.4741852434240722E-10],[2.4111413815013013E-10,3.6034763065682715E-10,3.4788056574337908E-10,4.1433497593905823E-10,3.4788056574337908E-10,3.6034763065682715E-10,2.4111413815013013E-10],[2.2926198231435447E-10,3.4788056574337908E-10,3.8223126225175624E-10,4.1665770045271737E-10,3.8223126225175624E-10,3.4788056574337908E-10,2.2926198231435447E-10],[2.8153255870244555E-10,4.1433497593905823E-10,4.1665770045271737E-10,4.8250154273054882E-10,4.1665770045271737E-10,4.1433497593905823E-10,2.8153255870244555E-10],[2.2926198231435447E-10,3.4788056574337908E-10,3.8223126225175624E-10,4.1665770045271737E-10,3.8223126225175624E-10,3.4788056574337908E-10,2.2926198231435447E-10],[2.4111413815013013E-10,3.6034763065682715E-10,3.4788056574337908E-10,4.1433497593905823E-10,3.4788056574337908E-10,3.6034763065682715E-10,2.4111413815013013E-10],[1.4741852434240722E-10,2.4111413815013013E-10,2.2926198231435447E-10,2.8153255870244555E-10,2.2926198231435447E-10,2.4111413815013013E-10,1.4741852434240722E-10]],[[2.0860654232494823E-10,3.1866833728809627E-10,3.0489700790553135E-10,3.6703466630110255E-10,3.0489700790553135E-10,3.1866833728809627E-10,2.0860654232494823E-10],[3.1866833728809627E-10,4.51923288442579E-10,4.3817766018005054E-10,5.1318680378191906E-10,4.3817766018005054E-10,4.51923288442579E-10,3.1866833728809627E-10],[3.0489700790553135E-10,4.3817766018005054E-10,4.76731857727356E-10,5.1536772894144081E-10,4.76731857727356E-10,4.3817766018005049E-10,3.0489700790553135E-10],[3.6703466630110255E-10,5.1318680378191906E-10,5.1536772894144081E-10,5.8886212473677647E-10,5.1536772894144081E-10,5.1318680378191906E-10,3.6703466630110255E-10],[3.0489700790553135E-10,4.3817766018005054E-10,4.76731857727356E-10,5.1536772894144081E-10,4.76731857727356E-10,4.3817766018005049E-10,3.0489700790553135E-10],[3.1866833728809627E-10,4.51923288442579E-10,4.3817766018005049E-10,5.1318680378191906E-10,4.3817766018005049E-10,4.51923288442579E-10,3.1866833728809627E-10],[2.0860654232494823E-10,3.1866833728809627E-10,3.0489700790553135E-10,3.6703466630110255E-10,3.0489700790553135E-10,3.1866833728809627E-10,2.0860654232494823E-10]],[[2.7924735538261363E-10,4.0445241119395706E-10,3.8895022525436647E-10,4.6032583471299351E-10,3.8895022525436647E-10,4.04452411193957E-10,2.7924735538261363E-10],[4.0445241119395706E-10,5.5053347775927E-10,5.35650923863068E-10,6.1852263859443767E-10,5.35650923863068E-10,5.5053347775926993E-10,4.04452411193957E-10],[3.8895022525436647E-10,5.35650923863068E-10,5.7805510067199818E-10,6.2054640071938759E-10,5.7805510067199818E-10,5.35650923863068E-10,3.8895022525436647E-10],[4.6032583471299351E-10,6.1852263859443767E-10,6.2054640071938759E-10,7.0102280379802045E-10,6.2054640071938759E-10,6.1852263859443767E-10,4.6032583471299351E-10],[3.8895022525436647E-10,5.35650923863068E-10,5.7805510067199818E-10,6.2054640071938759E-10,5.7805510067199818E-10,5.35650923863068E-10,3.8895022525436647E-10],[4.04452411193957E-10,5.5053347775926993E-10,5.35650923863068E-10,6.1852263859443767E-10,5.35650923863068E-10,5.5053347775927E-10,4.04452411193957E-10],[2.7924735538261363E-10,4.04452411193957E-10,3.8895022525436647E-10,4.6032583471299351E-10,3.8895022525436647E-10,4.04452411193957E-10,2.7924735538261363E-10]],[[3.5861461160798294E-10,4.9777502241882465E-10,4.8071483159603351E-10,5.6067388965780422E-10,4.8071483159603351E-10,4.9777502241882465E-10,3.5861461160798294E-10],[4.9777502241882465E-10,6.5562281088646388E-10,6.3972092119972095E-10,7.2982318554887155E-10,6.3972092119972095E-10,6.5562281088646388E-10,4.9777502241882465E-10],[4.8071483159603351E-10,6.3972092119972095E-10,6.8565818587543633E-10,7.3168759976518508E-10,6.8565818587543633E-10,6.3972092119972095E-10,4.8071483159603351E-10],[5.6067388965780422E-10,7.2982318554887155E-10,7.3168759976518508E-10,8.1855746659041457E-10,7.3168759976518508E-10,7.2982318554887155E-10,5.6067388965780422E-10],[4.8071483159603351E-10,6.3972092119972095E-10,6.8565818587543633E-10,7.3168759976518508E-10,6.8565818587543633E-10,6.3972092119972095E-10,4.8071483159603351E-10],[4.9777502241882465E-10,6.5562281088646388E-10,6.3972092119972095E-10,7.2982318554887155E-10,6.3972092119972095E-10,6.5562281088646388E-10,4.9777502241882465E-10],[3.5861461160798294E-10,4.9777502241882465E-10,4.8071483159603351E-10,5.6067388965780422E-10,4.8071483159603351E-10,4.9777502241882465E-10,3.5861461160798294E-10]],[[4.4601767197460972E-10,5.9802375340334884E-10,5.7955874393678713E-10,6.674617622966049E-10,5.7955874393678713E-10,5.9802375340334884E-10,4.4601767197460972E-10],[5.9802375340334884E-10,7.6669998106774889E-10,7.49876551264401E-10,8.46638465756086E-10,7.49876551264401E-10,7.6669998106774889E-10,5.9802375340334884E-10],[5.7955874393678713E-10,7.49876551264401E-10,7.990643123139295E-10,8.4834887632413048E-10,7.990643123139295E-10,7.49876551264401E-10,5.7955874393678713E-10],[6.674617622966049E-10,8.46638465756086E-10,8.4834887632413048E-10,9.4109412017762344E-10,8.4834887632413048E-10,8.46638465756086E-10,6.674617622966049E-10],[5.7955874393678713E-10,7.49876551264401E-10,7.990643123139295E-10,8.4834887632413048E-10,7.990643123139295E-10,7.49876551264401E-10,5.7955874393678713E-10],[5.9802375340334884E-10,7.6669998106774889E-10,7.49876551264401E-10,8.46638465756086E-10,7.49876551264401E-10,7.6669998106774879E-10,5.9802375340334884E-10],[4.4601767197460972E-10,5.9802375340334884E-10,5.7955874393678713E-10,6.674617622966049E-10,5.7955874393678713E-10,5.9802375340334884E-10,4.4601767197460972E-10]],[[5.4081891794226533E-10,7.04656424716581E-10,6.8491975013462847E-10,7.8016383454265819E-10,6.8491975013462847E-10,7.04656424716581E-10,5.4081891794226533E-10],[7.04656424716581E-10,8.8333054494025568E-10,8.6566721461909964E-10,9.68576810600231E-10,8.6566721461909964E-10,8.8333054494025568E-10,7.04656424716581E-10],[6.8491975013462847E-10,8.6566721461909964E-10,9.1785433702408042E-10,9.7014258878719014E-10,9.1785433702408042E-10,8.6566721461909964E-10,6.8491975013462847E-10],[7.8016383454265819E-10,9.68576810600231E-10,9.7014258878719014E-10,1.0683070734465973E-9,9.7014258878719014E-10,9.68576810600231E-10,7.8016383454265819E-10],[6.8491975013462847E-10,8.6566721461909964E-10,9.1785433702408042E-10,9.7014258878719014E-10,9.1785433702408042E-10,8.6566721461909964E-10,6.8491975013462847E-10],[7.04656424716581E-10,8.8333054494025568E-10,8.6566721461909964E-10,9.68576810600231E-10,8.6566721461909964E-10,8.8333054494025568E-10,7.04656424716581E-10],[5.4081891794226533E-10,7.04656424716581E-10,6.8491975013462847E-10,7.8016383454265819E-10,6.8491975013462847E-10,7.04656424716581E-10,5.4081891794226533E-10]],[[6.4243954962866794E-10,8.1719327497574671E-10,7.9629948883254038E-10,8.9832859047121395E-10,7.9629948883254038E-10,8.1719327497574671E-10,6.4243954962866794E-10],[8.1719327497574671E-10,1.0051304342765394E-9,9.866956978176988E-10,1.0952960925290736E-9,9.866956978176988E-10,1.0051304342765394E-9,8.1719327497574671E-10],[7.9629948883254038E-10,9.866956978176988E-10,1.041659510245848E-9,1.0967284903220844E-9,1.041659510245848E-9,9.866956978176988E-10,7.9629948883254038E-10],[8.9832859047121395E-10,1.0952960925290736E-9,1.0967284903220844E-9,1.1999105030570505E-9,1.0967284903220844E-9,1.0952960925290736E-9,8.9832859047121395E-10],[7.9629948883254038E-10,9.866956978176988E-10,1.041659510245848E-9,1.0967284903220844E-9,1.041659510245848E-9,9.866956978176988E-10,7.9629948883254038E-10],[8.1719327497574671E-10,1.0051304342765394E-9,9.866956978176988E-10,1.0952960925290736E-9,9.866956978176988E-10,1.0051304342765396E-9,8.1719327497574671E-10],[6.4243954962866794E-10,8.1719327497574671E-10,7.9629948883254038E-10,8.9832859047121395E-10,7.9629948883254038E-10,8.1719327497574671E-10,6.4243954962866794E-10]],[[7.50359438177975E-10,9.35209932182375E-10,9.132571211665601E-10,1.0215655869919714E-9,9.132571211665601E-10,9.35209932182375E-10,7.50359438177975E-10],[9.35209932182375E-10,1.1317601580182433E-9,1.1126118074469601E-9,1.2264966215429879E-9,1.1126118074469601E-9,1.1317601580182433E-9,9.35209932182375E-10],[9.132571211665601E-10,1.1126118074469601E-9,1.1701551676270674E-9,1.2278074799877226E-9,1.1701551676270674E-9,1.1126118074469603E-9,9.132571211665602E-10],[1.0215655869919714E-9,1.2264966215429879E-9,1.2278074799877226E-9,1.3356531037781063E-9,1.2278074799877226E-9,1.2264966215429879E-9,1.0215655869919714E-9],[9.132571211665601E-10,1.1126118074469601E-9,1.1701551676270674E-9,1.2278074799877226E-9,1.1701551676270674E-9,1.1126118074469601E-9,9.132571211665601E-10],[9.35209932182375E-10,1.1317601580182433E-9,1.1126118074469603E-9,1.2264966215429879E-9,1.1126118074469601E-9,1.1317601580182433E-9,9.35209932182375E-10],[7.50359438177975E-10,9.35209932182375E-10,9.132571211665602E-10,1.0215655869919714E-9,9.132571211665601E-10,9.35209932182375E-10,7.50359438177975E-10]],[[8.6411405720537073E-10,1.0583311172794435E-9,1.0354031669391294E-9,1.1495354406445978E-9,1.0354031669391294E-9,1.0583311172794435E-9,8.6411405720537073E-10],[1.0583311172794435E-9,1.2629196452311293E-9,1.2431067294186829E-9,1.3619153077214421E-9,1.2431067294186829E-9,1.2629196452311293E-9,1.0583311172794435E-9],[1.0354031669391294E-9,1.2431067294186829E-9,1.3030552592585186E-9,1.3631163021618963E-9,1.3030552592585186E-9,1.2431067294186829E-9,1.0354031669391296E-9],[1.1495354406445978E-9,1.3619153077214421E-9,1.3631163021618963E-9,1.4753135993821276E-9,1.3631163021618963E-9,1.3619153077214421E-9,1.1495354406445978E-9],[1.0354031669391294E-9,1.2431067294186829E-9,1.3030552592585186E-9,1.3631163021618963E-9,1.3030552592585186E-9,1.2431067294186829E-9,1.0354031669391294E-9],[1.0583311172794435E-9,1.2629196452311293E-9,1.2431067294186829E-9,1.3619153077214421E-9,1.2431067294186829E-9,1.2629196452311293E-9,1.0583311172794435E-9],[8.6411405720537073E-10,1.0583311172794435E-9,1.0354031669391296E-9,1.1495354406445978E-9,1.0354031669391294E-9,1.0583311172794435E-9,8.6411405720537073E-10]],[[9.8329012758922531E-10,1.1862250236642878E-9,1.1623937459726881E-9,1.2819419650715844E-9,1.1623937459726881E-9,1.1862250236642878E-9,9.8329012758922531E-10],[1.1862250236642878E-9,1.3983436744634546E-9,1.3779080611678888E-9,1.5013208047912046E-9,1.3779080611678888E-9,1.3983436744634546E-9,1.1862250236642878E-9],[1.1623937459726881E-9,1.3779080611678888E-9,1.4401076049449839E-9,1.5024230254475577E-9,1.4401076049449839E-9,1.3779080611678888E-9,1.1623937459726881E-9],[1.2819419650715844E-9,1.5013208047912046E-9,1.5024230254475577E-9,1.6186969450276805E-9,1.5024230254475577E-9,1.5013208047912046E-9,1.2819419650715844E-9],[1.1623937459726881E-9,1.3779080611678888E-9,1.4401076049449839E-9,1.5024230254475577E-9,1.4401076049449839E-9,1.3779080611678888E-9,1.1623937459726881E-9],[1.1862250236642878E-9,1.3983436744634546E-9,1.3779080611678888E-9,1.5013208047912046E-9,1.3779080611678888E-9,1.3983436744634546E-9,1.1862250236642878E-9],[9.8329012758922531E-10,1.1862250236642878E-9,1.1623937459726881E-9,1.2819419650715844E-9,1.1623937459726881E-9,1.1862250236642878E-9,9.8329012758922531E-10]],[[1.1075208472549383E-9,1.3185983167627691E-9,1.2939253297718129E-9,1.4185258760711375E-9,1.2939253297718129E-9,1.3185983167627691E-9,1.1075208472549383E-9],[1.3185983167627691E-9,1.537797833596121E-9,1.5167754526778107E-9,1.6445094276130602E-9,1.5167754526778107E-9,1.537797833596121E-9,1.3185983167627691E-9],[1.2939253297718129E-9,1.5167754526778107E-9,1.5810897769519046E-9,1.6455231676262886E-9,1.5810897769519046E-9,1.5167754526778107E-9,1.2939253297718129E-9],[1.4185258760711375E-9,1.6445094276130602E-9,1.6455231676262886E-9,1.7656310917614535E-9,1.6455231676262886E-9,1.6445094276130604E-9,1.4185258760711375E-9],[1.2939253297718129E-9,1.5167754526778107E-9,1.5810897769519046E-9,1.6455231676262886E-9,1.5810897769519046E-9,1.5167754526778107E-9,1.2939253297718129E-9],[1.3185983167627691E-9,1.537797833596121E-9,1.5167754526778107E-9,1.6445094276130604E-9,1.5167754526778107E-9,1.537797833596121E-9,1.3185983167627691E-9],[1.1075208472549383E-9,1.3185983167627691E-9,1.2939253297718129E-9,1.4185258760711375E-9,1.2939253297718129E-9,1.3185983167627691E-9,1.1075208472549383E-9]],[[1.2364811591525043E-9,1.4551916980792723E-9,1.4297300314057838E-9,1.55905966490777E-9,1.4297300314057838E-9,1.4551916980792723E-9,1.2364811591525043E-9],[1.4551916980792723E-9,1.6810749554392715E-9,1.6594967897391015E-9,1.7913016901319726E-9,1.6594967897391015E-9,1.6810749554392715E-9,1.4551916980792723E-9],[1.4297300314057838E-9,1.6594967897391015E-9,1.7258055236179469E-9,1.7922363600421222E-9,1.7258055236179469E-9,1.6594967897391015E-9,1.4297300314057838E-9],[1.55905966490777E-9,1.7913016901319726E-9,1.7922363600421222E-9,1.9159642128564987E-9,1.7922363600421222E-9,1.7913016901319726E-9,1.55905966490777E-9],[1.4297300314057838E-9,1.6594967897391015E-9,1.7258055236179469E-9,1.7922363600421222E-9,1.7258055236179469E-9,1.6594967897391015E-9,1.4297300314057838E-9],[1.4551916980792723E-9,1.6810749554392715E-9,1.6594967897391015E-9,1.7913016901319726E-9,1.6594967897391015E-9,1.6810749554392715E-9,1.4551916980792721E-9],[1.2364811591525043E-9,1.4551916980792723E-9,1.4297300314057838E-9,1.55905966490777E-9,1.4297300314057838E-9,1.4551916980792721E-9,1.2364811591525043E-9]],[[1.3698832813182905E-9,1.5957759792922481E-9,1.569571419362758E-9,1.7033433614282875E-9,1.569571419362758E-9,1.5957759792922481E-9,1.3698832813182905E-9],[1.5957759792922481E-9,1.827991977124407E-9,1.805884855299277E-9,1.9415393479154839E-9,1.805884855299277E-9,1.827991977124407E-9,1.5957759792922481E-9],[1.569571419362758E-9,1.805884855299277E-9,1.8740816587276396E-9,1.9424034653571946E-9,1.8740816587276396E-9,1.805884855299277E-9,1.569571419362758E-9],[1.7033433614282875E-9,1.9415393479154839E-9,1.9424034653571946E-9,2.0695623132581414E-9,1.9424034653571946E-9,1.9415393479154839E-9,1.7033433614282875E-9],[1.569571419362758E-9,1.805884855299277E-9,1.8740816587276396E-9,1.9424034653571946E-9,1.8740816587276396E-9,1.805884855299277E-9,1.569571419362758E-9],[1.5957759792922481E-9,1.827991977124407E-9,1.805884855299277E-9,1.9415393479154839E-9,1.805884855299277E-9,1.827991977124407E-9,1.5957759792922479E-9],[1.3698832813182905E-9,1.5957759792922481E-9,1.569571419362758E-9,1.7033433614282875E-9,1.569571419362758E-9,1.5957759792922479E-9,1.3698832813182903E-9]],[[1.5074725978376955E-9,1.74014861412946E-9,1.7132408197710562E-9,1.8512009889916656E-9,1.7132408197710562E-9,1.74014861412946E-9,1.5074725978376955E-9],[1.74014861412946E-9,1.9783871750820329E-9,1.9557744096558364E-9,2.0950828561705335E-9,1.9557744096558364E-9,1.9783871750820329E-9,1.74014861412946E-9],[1.7132408197710562E-9,1.9557744096558364E-9,2.0257653519624809E-9,2.0958840785707555E-9,2.0257653519624809E-9,1.9557744096558368E-9,1.7132408197710562E-9],[1.8512009889916656E-9,2.0950828561705335E-9,2.0958840785707555E-9,2.2263071595711413E-9,2.0958840785707555E-9,2.0950828561705335E-9,1.8512009889916656E-9],[1.7132408197710562E-9,1.9557744096558364E-9,2.0257653519624809E-9,2.0958840785707555E-9,2.0257653519624809E-9,1.9557744096558368E-9,1.7132408197710562E-9],[1.74014861412946E-9,1.9783871750820329E-9,1.9557744096558368E-9,2.0950828561705335E-9,1.9557744096558368E-9,1.9783871750820329E-9,1.7401486141294596E-9],[1.5074725978376955E-9,1.74014861412946E-9,1.7132408197710562E-9,1.8512009889916656E-9,1.7132408197710562E-9,1.7401486141294596E-9,1.507472597837695E-9]],[[1.6490239420753334E-9,1.8881306387559954E-9,1.8605540621576612E-9,2.0024775675247046E-9,1.8605540621576612E-9,1.8881306387559954E-9,1.6490239420753334E-9],[1.8881306387559954E-9,2.1321177315882938E-9,2.1090196361332787E-9,2.2518091735294566E-9,2.1090196361332787E-9,2.1321177315882938E-9,1.8881306387559954E-9],[1.8605540621576612E-9,2.1090196361332787E-9,2.18072176494895E-9,2.2525543537053665E-9,2.18072176494895E-9,2.1090196361332783E-9,1.8605540621576612E-9],[2.0024775675247046E-9,2.2518091735294566E-9,2.2525543537053665E-9,2.3860944802860838E-9,2.2525543537053665E-9,2.2518091735294561E-9,2.0024775675247042E-9],[1.8605540621576612E-9,2.1090196361332787E-9,2.18072176494895E-9,2.2525543537053665E-9,2.18072176494895E-9,2.1090196361332783E-9,1.8605540621576612E-9],[1.8881306387559954E-9,2.1321177315882938E-9,2.1090196361332783E-9,2.2518091735294561E-9,2.1090196361332783E-9,2.1321177315882934E-9,1.8881306387559949E-9],[1.6490239420753334E-9,1.8881306387559954E-9,1.8605540621576612E-9,2.0024775675247042E-9,1.8605540621576612E-9,1.8881306387559949E-9,1.649023942075333E-9]],[[1.7943382680285264E-9,2.0395639749810836E-9,2.011348621572851E-9,2.157036558234365E-9,2.011348621572851E-9,2.0395639749810836E-9,1.7943382680285264E-9],[2.0395639749810836E-9,2.2890575931813496E-9,2.2654919049452612E-9,2.4116098562136352E-9,2.2654919049452612E-9,2.2890575931813496E-9,2.0395639749810836E-9],[2.011348621572851E-9,2.2654919049452612E-9,2.3388319854136953E-9,2.4123051084857208E-9,2.3388319854136953E-9,2.2654919049452612E-9,2.011348621572851E-9],[2.157036558234365E-9,2.4116098562136352E-9,2.4123051084857208E-9,2.54883239536589E-9,2.4123051084857208E-9,2.4116098562136352E-9,2.157036558234365E-9],[2.011348621572851E-9,2.2654919049452612E-9,2.3388319854136953E-9,2.4123051084857208E-9,2.3388319854136953E-9,2.2654919049452612E-9,2.0113486215728506E-9],[2.0395639749810836E-9,2.2890575931813496E-9,2.2654919049452612E-9,2.4116098562136352E-9,2.2654919049452612E-9,2.2890575931813496E-9,2.0395639749810832E-9],[1.7943382680285264E-9,2.0395639749810836E-9,2.011348621572851E-9,2.157036558234365E-9,2.0113486215728506E-9,2.0395639749810832E-9,1.794338268028526E-9]],[[1.9432396878682779E-9,2.1943090544687768E-9,2.1654811113044432E-9,2.3147576694522436E-9,2.1654811113044432E-9,2.1943090544687768E-9,1.9432396878682779E-9],[2.1943090544687768E-9,2.4490955854680066E-9,2.425077813739799E-9,2.5743893979363954E-9,2.425077813739799E-9,2.4490955854680066E-9,2.1943090544687768E-9],[2.1654811113044432E-9,2.425077813739799E-9,2.4999912188260419E-9,2.5750401672778098E-9,2.4999912188260419E-9,2.425077813739799E-9,2.1654811113044432E-9],[2.3147576694522436E-9,2.5743893979363954E-9,2.5750401672778098E-9,2.7144400416382442E-9,2.5750401672778098E-9,2.5743893979363954E-9,2.3147576694522432E-9],[2.1654811113044432E-9,2.425077813739799E-9,2.4999912188260419E-9,2.5750401672778098E-9,2.4999912188260419E-9,2.4250778137397986E-9,2.1654811113044428E-9],[2.1943090544687768E-9,2.4490955854680066E-9,2.425077813739799E-9,2.5743893979363954E-9,2.4250778137397986E-9,2.4490955854680062E-9,2.1943090544687764E-9],[1.9432396878682779E-9,2.1943090544687768E-9,2.1654811113044432E-9,2.3147576694522432E-9,2.1654811113044428E-9,2.1943090544687764E-9,1.9432396878682775E-9]],[[2.0955728457468024E-9,2.3522427261063054E-9,2.3228250836749314E-9,2.4755349615064363E-9,2.3228250836749314E-9,2.3522427261063054E-9,2.0955728457468024E-9],[2.3522427261063054E-9,2.612133752833408E-9,2.58767746865006E-9,2.7400637791250779E-9,2.58767746865006E-9,2.612133752833408E-9,2.3522427261063054E-9],[2.3228250836749314E-9,2.58767746865006E-9,2.6641072027800831E-9,2.7406749089748969E-9,2.6641072027800831E-9,2.58767746865006E-9,2.3228250836749314E-9],[2.4755349615064363E-9,2.7400637791250779E-9,2.7406749089748969E-9,2.8828463662044582E-9,2.7406749089748969E-9,2.7400637791250775E-9,2.4755349615064359E-9],[2.3228250836749314E-9,2.58767746865006E-9,2.6641072027800831E-9,2.7406749089748969E-9,2.6641072027800826E-9,2.5876774686500594E-9,2.322825083674931E-9],[2.3522427261063054E-9,2.612133752833408E-9,2.58767746865006E-9,2.7400637791250775E-9,2.5876774686500594E-9,2.6121337528334076E-9,2.352242726106305E-9],[2.0955728457468024E-9,2.3522427261063054E-9,2.3228250836749314E-9,2.4755349615064359E-9,2.322825083674931E-9,2.352242726106305E-9,2.095572845746802E-9]],[[2.2512005953460941E-9,2.513256412577013E-9,2.483269100473268E-9,2.6392752018412587E-9,2.483269100473268E-9,2.513256412577013E-9,2.2512005953460941E-9],[2.513256412577013E-9,2.7780858952545023E-9,2.7532029744413463E-9,2.9085591954222641E-9,2.7532029744413463E-9,2.7780858952545023E-9,2.513256412577013E-9],[2.483269100473268E-9,2.7532029744413463E-9,2.8310988143666469E-9,2.9091349917441161E-9,2.8310988143666469E-9,2.7532029744413463E-9,2.483269100473268E-9],[2.6392752018412587E-9,2.9085591954222641E-9,2.9091349917441161E-9,3.0539890646603613E-9,2.9091349917441161E-9,2.9085591954222641E-9,2.6392752018412587E-9],[2.483269100473268E-9,2.7532029744413463E-9,2.8310988143666469E-9,2.9091349917441161E-9,2.8310988143666469E-9,2.7532029744413463E-9,2.483269100473268E-9],[2.513256412577013E-9,2.7780858952545023E-9,2.7532029744413463E-9,2.9085591954222641E-9,2.7532029744413463E-9,2.7780858952545023E-9,2.513256412577013E-9],[2.2512005953460941E-9,2.513256412577013E-9,2.483269100473268E-9,2.6392752018412587E-9,2.483269100473268E-9,2.513256412577013E-9,2.2512005953460937E-9]],[[2.4100019489253654E-9,2.6772544858902577E-9,2.6467150388138283E-9,2.805896431437625E-9,2.6467150388138283E-9,2.6772544858902577E-9,2.4100019489253654E-9],[2.6772544858902577E-9,2.946876277770192E-9,2.9215771065507866E-9,3.0798109404570562E-9,2.9215771065507866E-9,2.946876277770192E-9,2.6772544858902577E-9],[2.6467150388138283E-9,2.9215771065507866E-9,3.0008948450349053E-9,3.0803552308399944E-9,3.0008948450349053E-9,2.9215771065507866E-9,2.6467150388138283E-9],[2.805896431437625E-9,3.0798109404570562E-9,3.0803552308399944E-9,3.2278136446138579E-9,3.0803552308399944E-9,3.0798109404570562E-9,2.805896431437625E-9],[2.6467150388138283E-9,2.9215771065507866E-9,3.0008948450349053E-9,3.0803552308399944E-9,3.0008948450349053E-9,2.9215771065507866E-9,2.6467150388138283E-9],[2.6772544858902577E-9,2.946876277770192E-9,2.9215771065507866E-9,3.0798109404570562E-9,2.9215771065507866E-9,2.946876277770192E-9,2.6772544858902577E-9],[2.4100019489253654E-9,2.6772544858902577E-9,2.6467150388138283E-9,2.805896431437625E-9,2.6467150388138283E-9,2.6772544858902577E-9,2.4100019489253649E-9]],[[2.571870267391758E-9,2.8441528350737608E-9,2.8130766023042805E-9,2.9753267109798012E-9,2.8130766023042805E-9,2.8441528350737608E-9,2.571870267391758E-9],[2.8441528350737608E-9,3.1184384911722377E-9,3.092732141487738E-9,3.2537624218975678E-9,3.092732141487738E-9,3.1184384911722377E-9,2.8441528350737608E-9],[2.8130766023042805E-9,3.092732141487738E-9,3.1734329210535506E-9,3.2542786092395037E-9,3.1734329210535506E-9,3.092732141487738E-9,2.8130766023042805E-9],[2.9753267109798012E-9,3.2537624218975678E-9,3.2542786092395037E-9,3.4042725979812085E-9,3.2542786092395037E-9,3.2537624218975678E-9,2.9753267109798012E-9],[2.8130766023042805E-9,3.092732141487738E-9,3.1734329210535506E-9,3.2542786092395037E-9,3.1734329210535506E-9,3.092732141487738E-9,2.8130766023042805E-9],[2.8441528350737608E-9,3.1184384911722377E-9,3.092732141487738E-9,3.2537624218975678E-9,3.092732141487738E-9,3.1184384911722377E-9,2.8441528350737608E-9],[2.571870267391758E-9,2.8441528350737608E-9,2.8130766023042805E-9,2.9753267109798012E-9,2.8130766023042805E-9,2.8441528350737608E-9,2.571870267391758E-9]],[[2.7367116633739515E-9,3.0138776023904858E-9,2.9822780111823589E-9,3.1475030208779417E-9,2.9822780111823589E-9,3.0138776023904858E-9,2.7367116633739515E-9],[3.0138776023904858E-9,3.2927144451567108E-9,3.2666088252455384E-9,3.4303642930465786E-9,3.2666088252455384E-9,3.2927144451567108E-9,3.0138776023904858E-9],[2.9822780111823589E-9,3.2666088252455384E-9,3.3486585507478791E-9,3.4308554038030287E-9,3.3486585507478791E-9,3.2666088252455384E-9,2.9822780111823589E-9],[3.1475030208779417E-9,3.4303642930465786E-9,3.4308554038030287E-9,3.5833246679999152E-9,3.4308554038030287E-9,3.4303642930465786E-9,3.1475030208779417E-9],[2.9822780111823589E-9,3.2666088252455384E-9,3.3486585507478791E-9,3.4308554038030287E-9,3.3486585507478791E-9,3.2666088252455384E-9,2.9822780111823589E-9],[3.0138776023904858E-9,3.2927144451567108E-9,3.2666088252455384E-9,3.4303642930465786E-9,3.2666088252455384E-9,3.2927144451567108E-9,3.0138776023904858E-9],[2.7367116633739515E-9,3.0138776023904858E-9,2.9822780111823589E-9,3.1475030208779417E-9,2.9822780111823589E-9,3.0138776023904858E-9,2.7367116633739515E-9]],[[2.9044435919754562E-9,3.1863640672976835E-9,3.1542528484818738E-9,3.3223702936673348E-9,3.1542528484818738E-9,3.1863640672976835E-9,2.9044435919754562E-9],[3.1863640672976835E-9,3.4696534775419386E-9,3.443155462124962E-9,3.6095736849008969E-9,3.443155462124962E-9,3.469653477541939E-9,3.1863640672976835E-9],[3.1542528484818738E-9,3.443155462124962E-9,3.5265242822983118E-9,3.6100424121339745E-9,3.5265242822983118E-9,3.4431554621249624E-9,3.1542528484818738E-9],[3.3223702936673348E-9,3.6095736849008969E-9,3.6100424121339745E-9,3.7649341989280821E-9,3.6100424121339745E-9,3.6095736849008969E-9,3.3223702936673348E-9],[3.1542528484818738E-9,3.443155462124962E-9,3.5265242822983118E-9,3.6100424121339745E-9,3.5265242822983118E-9,3.4431554621249624E-9,3.1542528484818738E-9],[3.1863640672976835E-9,3.469653477541939E-9,3.4431554621249624E-9,3.6095736849008969E-9,3.4431554621249624E-9,3.469653477541939E-9,3.1863640672976835E-9],[2.9044435919754562E-9,3.1863640672976835E-9,3.1542528484818738E-9,3.3223702936673348E-9,3.1542528484818738E-9,3.1863640672976835E-9,2.9044435919754562E-9]],[[3.0749936065770721E-9,3.3615556599206794E-9,3.3289430422984348E-9,3.499880560803932E-9,3.3289430422984353E-9,3.3615556599206794E-9,3.0749936065770721E-9],[3.3615556599206794E-9,3.64921156523864E-9,3.6223271087389164E-9,3.7913535257907586E-9,3.6223271087389164E-9,3.64921156523864E-9,3.3615556599206794E-9],[3.3289430422984348E-9,3.6223271087389164E-9,3.7069889581085231E-9,3.7918022673855183E-9,3.7069889581085235E-9,3.6223271087389168E-9,3.3289430422984353E-9],[3.499880560803932E-9,3.7913535257907586E-9,3.7918022673855183E-9,3.9490705580935417E-9,3.7918022673855183E-9,3.7913535257907595E-9,3.499880560803932E-9],[3.3289430422984353E-9,3.6223271087389164E-9,3.7069889581085235E-9,3.7918022673855183E-9,3.7069889581085235E-9,3.6223271087389168E-9,3.3289430422984353E-9],[3.3615556599206794E-9,3.64921156523864E-9,3.6223271087389168E-9,3.7913535257907595E-9,3.6223271087389168E-9,3.6492115652386403E-9,3.3615556599206794E-9],[3.0749936065770721E-9,3.3615556599206794E-9,3.3289430422984353E-9,3.499880560803932E-9,3.3289430422984353E-9,3.3615556599206794E-9,3.0749936065770721E-9]],[[3.2482982596184011E-9,3.539403088081761E-9,3.5062979668620366E-9,3.6799921986802376E-9,3.506297966862037E-9,3.539403088081761E-9,3.2482982596184011E-9],[3.539403088081761E-9,3.8313506244780616E-9,3.8040848600054463E-9,3.9756719375410668E-9,3.8040848600054463E-9,3.8313506244780616E-9,3.539403088081761E-9],[3.5062979668620366E-9,3.8040848600054463E-9,3.8900170536461386E-9,3.97610283001482E-9,3.8900170536461386E-9,3.8040848600054463E-9,3.506297966862037E-9],[3.6799921986802376E-9,3.9756719375410668E-9,3.97610283001482E-9,4.1357076213753165E-9,3.97610283001482E-9,3.9756719375410668E-9,3.6799921986802376E-9],[3.506297966862037E-9,3.8040848600054463E-9,3.8900170536461386E-9,3.97610283001482E-9,3.8900170536461386E-9,3.8040848600054463E-9,3.506297966862037E-9],[3.539403088081761E-9,3.8313506244780616E-9,3.8040848600054463E-9,3.9756719375410668E-9,3.8040848600054463E-9,3.8313506244780616E-9,3.539403088081761E-9],[3.2482982596184011E-9,3.539403088081761E-9,3.506297966862037E-9,3.6799921986802376E-9,3.506297966862037E-9,3.539403088081761E-9,3.2482982596184011E-9]],[[3.4243021306484116E-9,3.7198635639265194E-9,3.686273647418621E-9,3.8626692609694986E-9,3.6862736474186214E-9,3.7198635639265194E-9,3.4243021306484116E-9],[3.7198635639265194E-9,4.0160378893936493E-9,3.9883952156891216E-9,4.1625016986275326E-9,3.9883952156891216E-9,4.0160378893936493E-9,3.7198635639265194E-9],[3.686273647418621E-9,3.9883952156891216E-9,4.0755780902788269E-9,4.1629166469715169E-9,4.0755780902788269E-9,3.9883952156891216E-9,3.6862736474186214E-9],[3.8626692609694986E-9,4.1625016986275326E-9,4.1629166469715169E-9,4.3248233143987459E-9,4.1629166469715169E-9,4.1625016986275326E-9,3.8626692609694986E-9],[3.6862736474186214E-9,3.9883952156891216E-9,4.0755780902788269E-9,4.1629166469715169E-9,4.0755780902788269E-9,3.9883952156891216E-9,3.6862736474186214E-9],[3.7198635639265194E-9,4.0160378893936493E-9,3.9883952156891216E-9,4.1625016986275326E-9,3.9883952156891216E-9,4.0160378893936493E-9,3.7198635639265194E-9],[3.4243021306484116E-9,3.7198635639265194E-9,3.6862736474186214E-9,3.8626692609694986E-9,3.6862736474186214E-9,3.7198635639265194E-9,3.4243021306484116E-9]],[[3.6029569660725747E-9,3.9029001179487372E-9,3.86883205591021E-9,4.0478808862849684E-9,3.86883205591021E-9,3.9029001179487372E-9,3.6029569660725747E-9],[3.9029001179487372E-9,4.20324535943679E-9,4.1752295175585766E-9,4.3518197660924782E-9,4.1752295175585766E-9,4.20324535943679E-9,3.9029001179487372E-9],[3.86883205591021E-9,4.1752295175585766E-9,4.2636461130152782E-9,4.35222047007278E-9,4.2636461130152782E-9,4.1752295175585766E-9,3.86883205591021E-9],[4.0478808862849684E-9,4.3518197660924782E-9,4.35222047007278E-9,4.5163992027428014E-9,4.35222047007278E-9,4.3518197660924782E-9,4.0478808862849684E-9],[3.86883205591021E-9,4.1752295175585766E-9,4.2636461130152782E-9,4.35222047007278E-9,4.2636461130152782E-9,4.1752295175585766E-9,3.86883205591021E-9],[3.9029001179487372E-9,4.20324535943679E-9,4.1752295175585766E-9,4.3518197660924782E-9,4.1752295175585766E-9,4.20324535943679E-9,3.9029001179487372E-9],[3.6029569660725747E-9,3.9029001179487372E-9,3.86883205591021E-9,4.0478808862849684E-9,3.86883205591021E-9,3.9029001179487372E-9,3.6029569660725747E-9]],[[3.7842209169375267E-9,4.0884809897582081E-9,4.0539404861605284E-9,4.2356007716985943E-9,4.0539404861605284E-9,4.0884809897582081E-9,3.7842209169375267E-9],[4.0884809897582081E-9,4.3929493073140034E-9,4.3645634485256369E-9,4.5436068490799837E-9,4.3645634485256369E-9,4.3929493073140034E-9,4.0884809897582081E-9],[4.0539404861605284E-9,4.3645634485256369E-9,4.4541992252499243E-9,4.5439948263981425E-9,4.4541992252499243E-9,4.3645634485256369E-9,4.0539404861605284E-9],[4.2356007716985943E-9,4.5436068490799837E-9,4.5439948263981425E-9,4.710420125325369E-9,4.5439948263981425E-9,4.5436068490799837E-9,4.2356007716985943E-9],[4.0539404861605284E-9,4.3645634485256369E-9,4.4541992252499243E-9,4.5439948263981425E-9,4.4541992252499243E-9,4.3645634485256369E-9,4.0539404861605284E-9],[4.0884809897582081E-9,4.3929493073140034E-9,4.3645634485256369E-9,4.5436068490799837E-9,4.3645634485256369E-9,4.3929493073140034E-9,4.0884809897582081E-9],[3.7842209169375267E-9,4.0884809897582081E-9,4.0539404861605284E-9,4.2356007716985943E-9,4.0539404861605284E-9,4.0884809897582081E-9,3.7842209169375267E-9]],[[3.9680578627883444E-9,4.2765790862782026E-9,4.2415709987575364E-9,4.4258067039685609E-9,4.2415709987575364E-9,4.2765790862782026E-9,3.9680578627883444E-9],[4.2765790862782026E-9,4.5851298401795052E-9,4.5563765862493206E-9,4.7378470277831323E-9,4.5563765862493206E-9,4.5851298401795052E-9,4.2765790862782026E-9],[4.2415709987575364E-9,4.5563765862493206E-9,4.6472191736322719E-9,4.7382236344633124E-9,4.6472191736322719E-9,4.5563765862493206E-9,4.2415709987575364E-9],[4.4258067039685609E-9,4.7378470277831323E-9,4.7382236344633124E-9,4.9068738658748177E-9,4.7382236344633124E-9,4.7378470277831323E-9,4.4258067039685609E-9],[4.2415709987575364E-9,4.5563765862493206E-9,4.6472191736322719E-9,4.7382236344633124E-9,4.6472191736322719E-9,4.5563765862493206E-9,4.2415709987575364E-9],[4.2765790862782026E-9,4.5851298401795052E-9,4.5563765862493206E-9,4.7378470277831323E-9,4.5563765862493206E-9,4.5851298401795052E-9,4.2765790862782026E-9],[3.9680578627883444E-9,4.2765790862782026E-9,4.2415709987575364E-9,4.4258067039685609E-9,4.2415709987575364E-9,4.2765790862782026E-9,3.9680578627883444E-9]],[[4.1544368111284022E-9,4.4671714992376022E-9,4.4316999271010589E-9,4.6184801414231053E-9,4.4316999271010589E-9,4.4671714992376022E-9,4.1544368111284022E-9],[4.4671714992376022E-9,4.7797705077307283E-9,4.7506520046518087E-9,4.9345274123940846E-9,4.7506520046518087E-9,4.7797705077307283E-9,4.4671714992376022E-9],[4.4316999271010589E-9,4.7506520046518087E-9,4.8426909770616172E-9,4.9348938607281248E-9,4.8426909770616172E-9,4.7506520046518087E-9,4.4316999271010589E-9],[4.6184801414231053E-9,4.9345274123940846E-9,4.9348938607281248E-9,5.105750858034562E-9,4.9348938607281248E-9,4.9345274123940846E-9,4.6184801414231053E-9],[4.4316999271010589E-9,4.7506520046518087E-9,4.8426909770616172E-9,4.9348938607281248E-9,4.8426909770616172E-9,4.7506520046518087E-9,4.4316999271010589E-9],[4.4671714992376022E-9,4.7797705077307283E-9,4.7506520046518087E-9,4.9345274123940846E-9,4.7506520046518087E-9,4.7797705077307283E-9,4.4671714992376022E-9],[4.1544368111284022E-9,4.4671714992376022E-9,4.4316999271010589E-9,4.6184801414231053E-9,4.4316999271010589E-9,4.4671714992376022E-9,4.1544368111284022E-9]],[[4.3433313633234975E-9,4.660239074841339E-9,4.6243074371877045E-9,4.8136058403842283E-9,4.6243074371877045E-9,4.660239074841339E-9,4.3433313633234975E-9],[4.660239074841339E-9,4.9768579516443431E-9,4.9473759176255557E-9,5.1336378373339857E-9,4.9473759176255557E-9,4.9768579516443431E-9,4.660239074841339E-9],[4.6243074371877045E-9,4.9473759176255557E-9,5.0406025945669943E-9,5.133995211679734E-9,5.0406025945669943E-9,4.9473759176255557E-9,4.6243074371877045E-9],[4.8136058403842283E-9,5.1336378373339857E-9,5.133995211679734E-9,5.3070439201980564E-9,5.133995211679734E-9,5.1336378373339857E-9,4.8136058403842283E-9],[4.6243074371877045E-9,4.9473759176255557E-9,5.0406025945669943E-9,5.133995211679734E-9,5.0406025945669943E-9,4.9473759176255557E-9,4.6243074371877045E-9],[4.660239074841339E-9,4.9768579516443431E-9,4.9473759176255557E-9,5.1336378373339857E-9,4.9473759176255557E-9,4.9768579516443431E-9,4.660239074841339E-9],[4.3433313633234975E-9,4.660239074841339E-9,4.6243074371877045E-9,4.8136058403842283E-9,4.6243074371877045E-9,4.660239074841339E-9,4.3433313633234975E-9]],[[4.5347192389390405E-9,4.8557660293948446E-9,4.819377134660208E-9,5.011171520802672E-9,4.819377134660208E-9,4.8557660293948446E-9,4.5347192389390405E-9],[4.8557660293948446E-9,5.1763815914808962E-9,5.146537359931177E-9,5.33517058662912E-9,5.146537359931177E-9,5.1763815914808962E-9,4.8557660293948446E-9],[4.8193771346