{"M_cells":[[[0,0,0,0,0],[0,0,0,0,0],[0,0,0,0,0],[0,0,0,0,0],[0,0,0,0,0]],[[0.00040339637249611711,0.00096548742287831375,0.0011325667642841468,0.00096548742287831375,0.00040339637249611711],[0.00096548742287831375,0.0019396786014394091,0.0022375391968507889,0.0019396786014394091,0.00096548742287831375],[0.0011325667642841468,0.0022375391968507889,0.0025789932323068039,0.0022375391968507889,0.0011325667642841468],[0.00096548742287831375,0.0019396786014394091,0.0022375391968507889,0.0019396786014394094,0.00096548742287831386],[0.00040339637249611711,0.00096548742287831375,0.0011325667642841468,0.00096548742287831386,0.00040339637249611711]],[[0.0020449987887095436,0.0032691419374824672,0.0036523587534768149,0.0032691419374824672,0.0020449987887095436],[0.0032691419374824672,0.00478204977496433,0.0052671313090705612,0.00478204977496433,0.0032691419374824672],[0.0036523587534768149,0.0052671313090705612,0.00578617041787333,0.0052671313090705612,0.0036523587534768149],[0.0032691419374824672,0.00478204977496433,0.0052671313090705612,0.00478204977496433,0.0032691419374824672],[0.0020449987887095436,0.0032691419374824672,0.0036523587534768149,0.0032691419374824672,0.0020449987887095436]],[[0.0046582800027225139,0.0062995027998518282,0.0068284833507683308,0.0062995027998518282,0.0046582800027225139],[0.0062995027998518282,0.0081004898660595043,0.0086911632463273856,0.0081004898660595043,0.0062995027998518282],[0.0068284833507683308,0.0086911632463273856,0.00930240302230882,0.0086911632463273856,0.0068284833507683308],[0.0062995027998518282,0.0081004898660595043,0.0086911632463273856,0.0081004898660595043,0.0062995027998518282],[0.0046582800027225139,0.0062995027998518282,0.0068284833507683308,0.0062995027998518282,0.0046582800027225139]],[[0.0078424006436107231,0.00971544073364925,0.010328797708553963,0.00971544073364925,0.0078424006436107231],[0.00971544073364925,0.011668167884025957,0.012315837990117009,0.011668167884025957,0.00971544073364925],[0.010328797708553963,0.012315837990117009,0.012974947097162058,0.012315837990117009,0.010328797708553963],[0.00971544073364925,0.011668167884025957,0.012315837990117009,0.011668167884025957,0.00971544073364925],[0.0078424006436107231,0.00971544073364925,0.010328797708553963,0.00971544073364925,0.0078424006436107231]],[[0.01133697333375454,0.013333711249967078,0.013993130277925982,0.013333711249967078,0.01133697333375454],[0.013333711249967078,0.015365782971080827,0.016043608779382806,0.015365782971080827,0.013333711249967078],[0.013993130277925982,0.016043608779382806,0.016727570900523677,0.016043608779382806,0.013993130277925982],[0.013333711249967078,0.015365782971080827,0.016043608779382806,0.015365782971080828,0.013333711249967078],[0.01133697333375454,0.013333711249967078,0.013993130277925982,0.013333711249967078,0.01133697333375454]],[[0.014995862153211631,0.017057586149967989,0.017741504528190996,0.017057586149967989,0.014995862153211631],[0.017057586149967989,0.019130998321493373,0.019824626663111536,0.019130998321493373,0.017057586149967989],[0.017741504528190996,0.019824626663111536,0.020521492045465717,0.019824626663111536,0.017741504528190996],[0.017057586149967989,0.019130998321493373,0.019824626663111536,0.019130998321493373,0.017057586149967989],[0.014995862153211631,0.017057586149967989,0.017741504528190996,0.017057586149967989,0.014995862153211631]],[[0.018740788387982182,0.020836433183798315,0.021533222770849649,0.020836433183798315,0.018740788387982182],[0.020836433183798315,0.022931346294565648,0.023633216887582621,0.022931346294565648,0.020836433183798315],[0.021533222770849649,0.023633216887582621,0.024336781353047929,0.023633216887582621,0.021533222770849649],[0.020836433183798315,0.022931346294565648,0.023633216887582621,0.022931346294565648,0.020836433183798315],[0.018740788387982182,0.020836433183798315,0.021533222770849649,0.020836433183798315,0.018740788387982182]],[[0.022530557871879173,0.024643857640066463,0.025347368942199848,0.024643857640066463,0.022530557871879173],[0.024643857640066463,0.026749943032245951,0.027456102543584285,0.026749943032245951,0.024643857640066463],[0.025347368942199848,0.027456102543584285,0.028163144897872631,0.027456102543584285,0.025347368942199848],[0.024643857640066463,0.026749943032245951,0.027456102543584285,0.026749943032245951,0.024643857640066463],[0.022530557871879173,0.024643857640066463,0.025347368942199848,0.024643857640066463,0.022530557871879173]],[[0.026343651275337103,0.028466127590324321,0.029173138688714965,0.028466127590324321,0.026343651275337103],[0.028466127590324321,0.030578015206960369,0.031286403748848217,0.030578015206960373,0.028466127590324321],[0.029173138688714965,0.031286403748848217,0.031995251493952409,0.031286403748848217,0.029173138688714965],[0.028466127590324321,0.030578015206960373,0.031286403748848217,0.030578015206960373,0.028466127590324321],[0.026343651275337103,0.028466127590324321,0.029173138688714965,0.028466127590324321,0.026343651275337103]],[[0.030168863400705972,0.032296105848241628,0.033004936318518814,0.032296105848241628,0.030168863400705972],[0.032296105848241628,0.034411005400546965,0.035120551507514267,0.034411005400546965,0.032296105848241628],[0.033004936318518814,0.035120551507514267,0.035830336188668648,0.035120551507514267,0.033004936318518814],[0.032296105848241628,0.034411005400546965,0.035120551507514267,0.034411005400546965,0.032296105848241628],[0.030168863400705972,0.032296105848241628,0.033004936318518814,0.032296105848241628,0.030168863400705972]],[[0.034000368037998316,0.036130084361328182,0.036839859674568917,0.036130084361328182,0.034000368037998316],[0.036130084361328182,0.038246546296596393,0.038956693061871411,0.038246546296596393,0.036130084361328182],[0.036839859674568917,0.038956693061871411,0.039666963659153218,0.038956693061871411,0.036839859674568917],[0.036130084361328182,0.038246546296596393,0.038956693061871411,0.038246546296596393,0.036130084361328182],[0.034000368037998316,0.036130084361328182,0.036839859674568917,0.036130084361328182,0.034000368037998316]],[[0.037835137585368925,0.0399661367497626,0.040676402223001493,0.0399661367497626,0.037835137585368925],[0.0399661367497626,0.042083407936019473,0.042793865955543353,0.042083407936019473,0.0399661367497626],[0.040676402223001493,0.042793865955543353,0.043504388164542954,0.042793865955543353,0.040676402223001493],[0.0399661367497626,0.042083407936019473,0.042793865955543353,0.042083407936019473,0.0399661367497626],[0.037835137585368925,0.0399661367497626,0.040676402223001493,0.0399661367497626,0.037835137585368925]],[[0.041671598885808292,0.043803261954463192,0.04451378124767813,0.043803261954463192,0.041671598885808292],[0.043803261954463192,0.045920950895436796,0.046631569732525441,0.045920950895436796,0.043803261954463192],[0.04451378124767813,0.046631569732525441,0.047342221754483105,0.046631569732525441,0.04451378124767813],[0.043803261954463192,0.045920950895436796,0.046631569732525441,0.045920950895436796,0.043803261954463192],[0.041671598885808292,0.043803261954463192,0.04451378124767813,0.043803261954463192,0.041671598885808292]],[[0.045508934237681826,0.04764093936855273,0.048351589589509913,0.04764093936855273,0.045508934237681826],[0.04764093936855273,0.049758842318559683,0.050469543700720293,0.049758842318559683,0.04764093936855273],[0.048351589589509913,0.050469543700720293,0.051180262138199088,0.050469543700720293,0.048351589589509913],[0.04764093936855273,0.049758842318559683,0.050469543700720293,0.049758842318559683,0.04764093936855273],[0.045508934237681826,0.04764093936855273,0.048351589589509913,0.04764093936855273,0.045508934237681826]],[[0.0493467182046506,0.051478897797977284,0.052189614969922263,0.051478897797977284,0.0493467182046506],[0.051478897797977284,0.053596908463885047,0.054307651581126104,0.053596908463885047,0.051478897797977284],[0.052189614969922263,0.054307651581126104,0.055018403347328472,0.054307651581126104,0.052189614969922263],[0.051478897797977284,0.053596908463885047,0.054307651581126104,0.053596908463885047,0.051478897797977284],[0.0493467182046506,0.051478897797977284,0.052189614969922263,0.051478897797977284,0.0493467182046506]],[[0.053184728977511184,0.055316995488140522,0.056027746218193217,0.055316995488140522,0.053184728977511184],[0.055316995488140522,0.057435058141110176,0.058145821623961633,0.057435058141110176,0.055316995488140522],[0.056027746218193217,0.058145821623961633,0.058856589357708086,0.058145821623961633,0.056027746218193217],[0.055316995488140522,0.057435058141110176,0.058145821623961633,0.057435058141110176,0.055316995488140522],[0.053184728977511184,0.055316995488140522,0.056027746218193217,0.055316995488140522,0.053184728977511184]],[[0.057022850413537489,0.059155157826485942,0.059865924590666822,0.059155157826485942,0.057022850413537489],[0.059155157826485942,0.061273242954410327,0.06198401551509123,0.061273242954410327,0.059155157826485942],[0.059865924590666822,0.06198401551509123,0.062694790007585668,0.06198401551509123,0.059865924590666822],[0.059155157826485942,0.061273242954410327,0.06198401551509123,0.061273242954410327,0.059155157826485942],[0.057022850413537489,0.059155157826485942,0.059865924590666822,0.059155157826485942,0.057022850413537489]],[[0.060861021167196765,0.062993344992242684,0.0637041184934959,0.062993344992242684,0.060861021167196765],[0.062993344992242684,0.065111436655523366,0.065822212227662352,0.065111436655523366,0.062993344992242684],[0.0637041184934959,0.065822212227662352,0.06653298848955766,0.065822212227662352,0.0637041184934959],[0.062993344992242684,0.065111436655523366,0.065822212227662352,0.06511143665552338,0.0629933449922427],[0.060861021167196765,0.062993344992242684,0.0637041184934959,0.0629933449922427,0.060861021167196772]],[[0.064699208272922915,0.06683153515460219,0.067542310353820051,0.06683153515460219,0.064699208272922915],[0.06683153515460219,0.068949624418054342,0.069660399632118772,0.068949624418054342,0.06683153515460219],[0.067542310353820051,0.069660399632118772,0.070371174850473048,0.069660399632118772,0.067542310353820051],[0.06683153515460219,0.068949624418054342,0.069660399632118772,0.068949624418054342,0.06683153515460219],[0.064699208272922915,0.06683153515460219,0.067542310353820051,0.06683153515460219,0.064699208272922928]],[[0.068537393423403356,0.0706697157430906,0.07138048979726247,0.0706697157430906,0.068537393423403356],[0.0706697157430906,0.072787797262263615,0.073498570133622,0.072787797262263615,0.0706697157430906],[0.07138048979726247,0.073498570133622,0.074209342609962523,0.073498570133622,0.07138048979726247],[0.0706697157430906,0.072787797262263615,0.073498570133622,0.072787797262263615,0.0706697157430906],[0.068537393423403356,0.0706697157430906,0.07138048979726247,0.0706697157430906,0.068537393423403356]],[[0.072375565838827163,0.074507878908495445,0.075218650098946765,0.074507878908495445,0.072375565838827163],[0.074507878908495445,0.076625949153440565,0.077336718399919319,0.076625949153440565,0.074507878908495445],[0.075218650098946765,0.077336718399919319,0.078047486997587567,0.077336718399919319,0.075218650098946765],[0.074507878908495445,0.076625949153440565,0.077336718399919319,0.076625949153440565,0.074507878908495445],[0.072375565838827163,0.074507878908495445,0.075218650098946765,0.074507878908495445,0.072375565838827163]],[[0.076213718557733748,0.078346019158895025,0.079056786333508086,0.078346019158895025,0.076213718557733748],[0.078346019158895025,0.0804640754877855,0.081174840173960067,0.0804640754877855,0.078346019158895025],[0.079056786333508086,0.081174840173960067,0.081885604029768258,0.081174840173960067,0.079056786333508086],[0.078346019158895025,0.0804640754877855,0.081174840173960067,0.0804640754877855,0.078346019158895025],[0.076213718557733748,0.078346019158895025,0.079056786333508086,0.078346019158895025,0.076213718557733748]],[[0.080051846503659041,0.082184132124459783,0.082894894406636679,0.082184132124459783,0.080051846503659041],[0.082184132124459783,0.084302172298126407,0.085012931649141837,0.084302172298126407,0.082184132124459783],[0.082894894406636679,0.085012931649141837,0.085723690022150065,0.085012931649141837,0.082894894406636679],[0.082184132124459783,0.084302172298126407,0.085012931649141837,0.084302172298126407,0.082184132124459783],[0.080051846503659041,0.082184132124459783,0.082894894406636679,0.082184132124459783,0.080051846503659041]],[[0.083889945473247574,0.086022213907703621,0.086732970543718,0.086022213907703621,0.083889945473247574],[0.086022213907703621,0.088140235832758207,0.088850989136058586,0.088140235832758207,0.086022213907703621],[0.086732970543718,0.088850989136058586,0.089561741327432332,0.088850989136058586,0.086732970543718],[0.086022213907703621,0.088140235832758207,0.088850989136058586,0.088140235832758207,0.086022213907703621],[0.083889945473247574,0.086022213907703621,0.086732970543718,0.086022213907703621,0.083889945473247574]],[[0.087728011602171391,0.08986026073707111,0.0905710110151509,0.08986026073707111,0.087728011602171391],[0.08986026073707111,0.09197826232735648,0.092689008879936419,0.09197826232735648,0.08986026073707111],[0.0905710110151509,0.092689008879936419,0.093399754189588929,0.092689008879936419,0.0905710110151509],[0.08986026073707111,0.09197826232735648,0.092689008879936419,0.09197826232735648,0.08986026073707111],[0.087728011602171391,0.08986026073707111,0.0905710110151509,0.08986026073707111,0.087728011602171391]],[[0.09156604107847896,0.093698268777362245,0.094409011983894786,0.093698268777362245,0.09156604107847896],[0.093698268777362245,0.095816247876463145,0.096526986955629973,0.095816247876463145,0.093698268777362245],[0.094409011983894786,0.096526986955629973,0.09723772465783713,0.096526986955629973,0.094409011983894786],[0.093698268777362245,0.095816247876463145,0.096526986955629973,0.095816247876463145,0.093698268777362245],[0.09156604107847896,0.093698268777362245,0.094409011983894786,0.093698268777362245,0.09156604107847896]],[[0.095404029983728267,0.09753623402087927,0.098246969415768021,0.09753623402087927,0.095404029983728267],[0.09753623402087927,0.0996541883559404,0.10036491920215165,0.0996541883559404,0.09753623402087927],[0.098246969415768021,0.10036491920215165,0.10107564853088365,0.10036491920215165,0.098246969415768021],[0.09753623402087927,0.0996541883559404,0.10036491920215165,0.0996541883559404,0.09753623402087927],[0.095404029983728267,0.09753623402087927,0.098246969415768021,0.09753623402087927,0.095404029983728267]],[[0.099241974199756125,0.1013741522197537,0.10208487902157179,0.1013741522197537,0.099241974199756125],[0.1013741522197537,0.1034920793711304,0.10420280117695874,0.1034920793711304,0.1013741522197537],[0.10208487902157179,0.10420280117695874,0.10491352131611523,0.10420280117695874,0.10208487902157179],[0.1013741522197537,0.1034920793711304,0.10420280117695874,0.1034920793711304,0.1013741522197537],[0.099241974199756125,0.1013741522197537,0.10208487902157179,0.1013741522197537,0.099241974199756125]],[[0.10307986934876658,0.10521201883886833,0.10592273621496642,0.10521201883886833,0.10307986934876658],[0.10521201883886833,0.1073299162175568,0.10804062811969087,0.1073299162175568,0.10521201883886833],[0.10592273621496642,0.10804062811969087,0.10875133819573372,0.10804062811969087,0.10592273621496642],[0.10521201883886833,0.1073299162175568,0.10804062811969087,0.1073299162175568,0.10521201883886833],[0.10307986934876658,0.10521201883886833,0.10592273621496642,0.10521201883886833,0.10307986934876658]],[[0.10691771074990929,0.10904982901864706,0.10976053607767344,0.10904982901864706,0.10691771074990929],[0.10904982901864706,0.11116769384728728,0.11187839491995064,0.11116769384728728,0.10904982901864706],[0.10976053607767344,0.11187839491995064,0.11258909399562163,0.11187839491995064,0.10976053607767344],[0.10904982901864706,0.11116769384728728,0.11187839491995064,0.11116769384728728,0.10904982901864706],[0.10691771074990929,0.10904982901864706,0.10976053607767344,0.10904982901864706,0.10691771074990929]],[[0.11075549338358824,0.11288757754210567,0.11359827332762458,0.11288757754210567,0.11075549338358824],[0.11288757754210567,0.11500540683734531,0.11571609608629048,0.11500540683734531,0.11288757754210567],[0.11359827332762458,0.11571609608629048,0.1164267831547305,0.11571609608629048,0.11359827332762458],[0.11288757754210567,0.11500540683734531,0.11571609608629048,0.11500540683734531,0.11288757754210567],[0.11075549338358824,0.11288757754210567,0.11359827332762458,0.11288757754210567,0.11075549338358824]],[[0.11459321185888968,0.11672525880319884,0.11743594228771011,0.11672525880319884,0.11459321185888968],[0.11672525880319884,0.11884304935825586,0.11955372571488333,0.11884304935825586,0.11672525880319884],[0.11743594228771011,0.11955372571488333,0.12026439969378507,0.11955372571488333,0.11743594228771011],[0.11672525880319884,0.11884304935825586,0.11955372571488333,0.11884304935825586,0.11672525880319884],[0.11459321185888968,0.11672525880319884,0.11743594228771011,0.11672525880319884,0.11459321185888968]],[[0.11843086038170808,0.12056286677489612,0.12127353685388734,0.12056286677489612,0.11843086038170808],[0.12056286677489612,0.12268061514168552,0.12339127745704989,0.12268061514168552,0.12056286677489612],[0.12127353685388734,0.12339127745704989,0.12410193718264834,0.12339127745704989,0.12127353685388734],[0.12056286677489612,0.12268061514168552,0.12339127745704989,0.12268061514168552,0.12056286677489612],[0.11843086038170808,0.12056286677489612,0.12127353685388734,0.12056286677489612,0.11843086038170808]],[[0.12226843272225607,0.12440039497612562,0.12511105046196433,0.12440039497612562,0.12226843272225607],[0.12440039497612562,0.12651809744660741,0.12722874448517985,0.12651809744660741,0.12440039497612562],[0.12511105046196433,0.12722874448517985,0.12793938870597141,0.12722874448517985,0.12511105046196433],[0.12440039497612562,0.12651809744660741,0.12722874448517985,0.12651809744660741,0.12440039497612564],[0.12226843272225607,0.12440039497612562,0.12511105046196433,0.12440039497612564,0.12226843272225607]],[[0.1261059221812757,0.12823783643711195,0.12894847605265661,0.12823783643711195,0.1261059221812757],[0.12823783643711195,0.13035548902365787,0.13106611945676847,0.13035548902365787,0.12823783643711195],[0.12894847605265661,0.13106611945676847,0.13177674682689738,0.13106611945676847,0.12894847605265661],[0.12823783643711195,0.13035548902365787,0.13106611945676847,0.13035548902365787,0.12823783643711195],[0.1261059221812757,0.12823783643711195,0.12894847605265661,0.12823783643711195,0.1261059221812757]],[[0.12994332155450192,0.13207518366281484,0.13278580603469686,0.13207518366281484,0.12994332155450192],[0.13207518366281484,0.13419278207748181,0.13490339447640098,0.13419278207748181,0.13207518366281484],[0.13278580603469686,0.13490339447640098,0.13561400354867362,0.13490339447640098,0.13278580603469686],[0.13207518366281484,0.13419278207748181,0.13490339447640098,0.13419278207748181,0.13207518366281484],[0.12994332155450192,0.13207518366281484,0.13278580603469686,0.13207518366281484,0.12994332155450192]],[[0.13378062309519659,0.13591242859432232,0.13662303224585629,0.13591242859432232,0.13378062309519659],[0.13591242859432232,0.13802996822695751,0.13874056105558941,0.13802996822695751,0.13591242859432232],[0.13662303224585629,0.13874056105558941,0.13945115027409513,0.13874056105558941,0.13662303224585629],[0.13591242859432232,0.13802996822695751,0.13874056105558941,0.13802996822695751,0.13591242859432232],[0.13378062309519659,0.13591242859432232,0.13662303224585629,0.13591242859432232,0.13378062309519659]],[[0.13761781847456556,0.13974956256808385,0.14046014591177175,0.13974956256808385,0.13761781847456556],[0.13974956256808385,0.14186703846321649,0.14257761007038525,0.14186703846321649,0.13974956256808385],[0.14046014591177175,0.14257761007038525,0.14328817776271022,0.14257761007038525,0.14046014591177175],[0.13974956256808385,0.14186703846321649,0.14257761007038525,0.14186703846321649,0.13974956256808385],[0.13761781847456556,0.13974956256808385,0.14046014591177175,0.13974956256808385,0.13761781847456556]],[[0.14145489874000178,0.1435865762729148,0.14429713760255475,0.1435865762729148,0.14145489874000178],[0.1435865762729148,0.14570398310541993,0.14641453171674595,0.14570398310541993,0.1435865762729148],[0.14429713760255475,0.14641453171674595,0.14712507608577219,0.14641453171674595,0.14429713760255475],[0.1435865762729148,0.14570398310541993,0.14641453171674595,0.14570398310541993,0.1435865762729148],[0.14145489874000178,0.1435865762729148,0.14429713760255475,0.1435865762729148,0.14145489874000178]],[[0.14529185427110092,0.14742345970478737,0.14813399718716497,0.14742345970478737,0.14529185427110092],[0.14742345970478737,0.14954079175431351,0.15025131546367568,0.14954079175431351,0.14742345970478737],[0.14813399718716497,0.15025131546367568,0.15096183457896584,0.15025131546367568,0.14813399718716497],[0.14742345970478737,0.14954079175431351,0.15025131546367568,0.14954079175431351,0.14742345970478737],[0.14529185427110092,0.14742345970478737,0.14813399718716497,0.14742345970478737,0.14529185427110092]],[[0.14912867473345215,0.151260202119374,0.1519707137855397,0.151260202119374,0.14912867473345215],[0.151260202119374,0.1533774532435557,0.15408795000414341,0.1533774532435557,0.151260202119374],[0.1519707137855397,0.15408795000414341,0.15479844179291938,0.15408795000414341,0.1519707137855397],[0.151260202119374,0.1533774532435557,0.15408795000414341,0.1533774532435557,0.151260202119374],[0.14912867473345215,0.151260202119374,0.1519707137855397,0.151260202119374,0.14912867473345215]],[[0.15296534903023232,0.15509679198243675,0.15580727571858341,0.15509679198243675,0.15296534903023232],[0.15509679198243675,0.15721395558893214,0.15792442320390321,0.15721395558893214,0.15509679198243675],[0.15580727571858341,0.15792442320390321,0.15863488544162888,0.15792442320390321,0.15580727571858341],[0.15509679198243675,0.15721395558893214,0.15792442320390321,0.15721395558893214,0.15509679198243675],[0.15296534903023232,0.15509679198243675,0.15580727571858341,0.15509679198243675,0.15296534903023232]],[[0.15680186525165804,0.15893321691813725,0.15964367045609459,0.15893321691813725,0.15680186525165804],[0.15893321691813725,0.16105028593555604,0.16176072204832,0.16105028593555604,0.15893321691813725],[0.15964367045609459,0.16176072204832,0.16247115234891552,0.16176072204832,0.15964367045609459],[0.15893321691813725,0.16105028593555604,0.16176072204832,0.16105028593555604,0.15893321691813725],[0.15680186525165804,0.15893321691813725,0.15964367045609459,0.15893321691813725,0.15680186525165804]],[[0.16063821062245373,0.162769463655422,0.16347988456277962,0.162769463655422,0.16063821062245373],[0.162769463655422,0.1648864305032369,0.16559683258739136,0.1648864305032369,0.162769463655422],[0.16347988456277962,0.16559683258739136,0.16630722839310633,0.16559683258739136,0.16347988456277962],[0.162769463655422,0.1648864305032369,0.16559683258739136,0.1648864305032369,0.162769463655422],[0.16063821062245373,0.162769463655422,0.16347988456277962,0.162769463655422,0.16063821062245373]],[[0.16447437144745727,0.16660551797266993,0.1673159036425888,0.16660551797266993,0.16447437144745727],[0.16660551797266993,0.16872237453024735,0.16943273987921728,0.16872237453024735,0.16660551797266993],[0.1673159036425888,0.16943273987921728,0.17014309845021319,0.16943273987921728,0.1673159036425888],[0.16660551797266993,0.16872237453024735,0.16943273987921728,0.16872237453024735,0.16660551797266993],[0.16447437144745727,0.16660551797266993,0.1673159036425888,0.16660551797266993,0.16447437144745727]],[[0.16831033305564841,0.17044136464090195,0.17115171228164033,0.17044136464090195,0.16831033305564841],[0.17044136464090195,0.17255810221581755,0.17326842793224614,0.17255810221581755,0.17044136464090195],[0.17115171228164033,0.17326842793224614,0.1739787463359416,0.17326842793224614,0.17115171228164033],[0.17044136464090195,0.17255810221581755,0.17326842793224614,0.17255810221581755,0.17044136464090195],[0.16831033305564841,0.17044136464090195,0.17115171228164033,0.17044136464090195,0.16831033305564841]],[[0.17214607974284929,0.17427698736587219,0.17498729399010257,0.17427698736587219,0.17214607974284929],[0.17427698736587219,0.17639359666173224,0.17710387964669885,0.17639359666173224,0.17427698736587219],[0.17498729399010257,0.17710387964669885,0.17781415474695531,0.17710387964669885,0.17498729399010257],[0.17427698736587219,0.17639359666173224,0.17710387964669885,0.17639359666173224,0.17427698736587219],[0.17214607974284929,0.17427698736587219,0.17498729399010257,0.17427698736587219,0.17214607974284929]],[[0.17598159471356592,0.17811236872952546,0.17882263114351402,0.17811236872952546,0.17598159471356592],[0.17811236872952546,0.18022883981356169,0.18093907675571344,0.18022883981356169,0.17811236872952546],[0.17882263114351402,0.18093907675571344,0.18164930520195061,0.18093907675571344,0.17882263114351402],[0.17811236872952546,0.18022883981356169,0.18093907675571344,0.18022883981356169,0.17811236872952546],[0.17598159471356592,0.17811236872952546,0.17882263114351402,0.17811236872952546,0.17598159471356592]],[[0.17981686002235842,0.18194749013129269,0.18265770492404917,0.18194749013129269,0.17981686002235842],[0.18194749013129269,0.18406381240206637,0.18477399976677608,0.18406381240206637,0.18194749013129269],[0.18265770492404917,0.18477399976677608,0.18548417798313174,0.18477399976677608,0.18265770492404917],[0.18194749013129269,0.18406381240206637,0.18477399976677608,0.18406381240206637,0.18194749013129269],[0.17981686002235842,0.18194749013129269,0.18265770492404917,0.18194749013129269,0.17981686002235842]],[[0.18365185651543542,0.18578233172997521,0.18649249526248229,0.18578233172997521,0.18365185651543542],[0.18578233172997521,0.1878984938855843,0.18860862790426147,0.1878984938855843,0.18578233172997521],[0.18649249526248229,0.18860862790426147,0.18931875207893009,0.18860862790426147,0.18649249526248229],[0.18578233172997521,0.1878984938855843,0.18860862790426147,0.1878984938855843,0.18578233172997521],[0.18365185651543542,0.18578233172997521,0.18649249526248229,0.18578233172997521,0.18365185651543542]],[[0.18748656377312739,0.18961687238694355,0.19032698078159077,0.18961687238694355,0.18748656377312739],[0.18961687238694355,0.19173286239420206,0.19244293905390955,0.19173286239420206,0.18961687238694355],[0.19032698078159077,0.19244293905390955,0.19315300512882069,0.19244293905390955,0.19032698078159077],[0.18961687238694355,0.19173286239420206,0.19244293905390955,0.19173286239420206,0.18961687238694355],[0.18748656377312739,0.18961687238694355,0.19032698078159077,0.18961687238694355,0.18748656377312739]],[[0.19132096005410543,0.19345108961157548,0.19416113874202975,0.19345108961157548,0.19132096005410543],[0.19345108961157548,0.19556689467673391,0.19627690971031023,0.19556689467673391,0.19345108961157548],[0.19416113874202975,0.19627690971031023,0.19698691337133323,0.19627690971031023,0.19416113874202975],[0.19345108961157548,0.19556689467673391,0.19627690971031023,0.19556689467673391,0.19345108961157548],[0.19132096005410543,0.19345108961157548,0.19416113874202975,0.19345108961157548,0.19132096005410543]],[[0.19515502224235134,0.19728495951006392,0.19799494499169162,0.19728495951006392,0.19515502224235134],[0.19728495951006392,0.19940056605169168,0.20011051492856768,0.19940056605169168,0.19728495951006392],[0.19799494499169162,0.20011051492856768,0.20082045159646156,0.20011051492856768,0.19799494499169162],[0.19728495951006392,0.19940056605169168,0.20011051492856768,0.19940056605169168,0.19728495951006392],[0.19515502224235134,0.19728495951006392,0.19799494499169162,0.19728495951006392,0.19515502224235134]],[[0.19898872579801577,0.20111845673879736,0.20182837391991293,0.20111845673879736,0.19898872579801577],[0.20111845673879736,0.20323385036357011,0.20394372828153756,0.20323385036357011,0.20111845673879736],[0.20182837391991293,0.20394372828153756,0.20465359310389156,0.20394372828153756,0.20182837391991293],[0.20111845673879736,0.20323385036357011,0.20394372828153756,0.20323385036357011,0.20111845673879736],[0.19898872579801577,0.20111845673879736,0.20182837391991293,0.20111845673879736,0.19898872579801577]],[[0.2028220447135011,0.20495155446372984,0.20566139841791151,0.20495155446372984,0.2028220447135011],[0.20495155446372984,0.20706671994594369,0.20777652182414322,0.20706671994594369,0.20495155446372984],[0.20566139841791151,0.20777652182414322,0.20848630966858941,0.20777652182414322,0.20566139841791151],[0.20495155446372984,0.20706671994594369,0.20777652182414322,0.20706671994594369,0.20495155446372984],[0.2028220447135011,0.20495155446372984,0.20566139841791151,0.20495155446372984,0.2028220447135011]],[[0.20665495147623483,0.20878422432730909,0.20949398984708861,0.20878422432730909,0.20665495147623483],[0.20878422432730909,0.21089914559304559,0.21160886606648452,0.21089914559304559,0.20878422432730909],[0.20949398984708861,0.21160886606648452,0.21231857151549263,0.21160886606648452,0.20949398984708861],[0.20878422432730909,0.21089914559304559,0.21160886606648452,0.21089914559304559,0.20878422432730909],[0.20665495147623483,0.20878422432730909,0.20949398984708861,0.20878422432730909,0.20665495147623483]],[[0.21048741703981394,0.21261643642480249,0.21332611801696991,0.21261643642480249,0.21048741703981394],[0.21261643642480249,0.21473109654173508,0.2154407299576527,0.21473109654173508,0.21261643642480249],[0.21332611801696991,0.2154407299576527,0.2161503473052471,0.2154407299576527,0.21332611801696991],[0.21261643642480249,0.21473109654173508,0.2154407299576527,0.21473109654173508,0.21261643642480249],[0.21048741703981394,0.21261643642480249,0.21332611801696991,0.21261643642480249,0.21048741703981394]],[[0.21431941080531114,0.21644815929170985,0.21715775117474673,0.21644815929170985,0.21431941080531114],[0.21644815929170985,0.21856254046568502,0.21927208088216749,0.21856254046568502,0.21644815929170985],[0.21715775117474673,0.21927208088216749,0.21998160413293791,0.21927208088216749,0.21715775117474673],[0.21644815929170985,0.21856254046568502,0.21927208088216749,0.21856254046568502,0.21644815929170985],[0.21431941080531114,0.21644815929170985,0.21715775117474673,0.21644815929170985,0.21431941080531114]],[[0.21815090061471859,0.22027935990459407,0.22098885600841961,0.22027935990459407,0.21815090061471859],[0.22027935990459407,0.22239344348410173,0.22310288467128955,0.22239344348410173,0.22027935990459407],[0.22098885600841961,0.22310288467128955,0.22381230754208425,0.22310288467128955,0.22098885600841961],[0.22027935990459407,0.22239344348410173,0.22310288467128955,0.22239344348410173,0.22027935990459407],[0.21815090061471859,0.22027935990459407,0.22098885600841961,0.22027935990459407,0.21815090061471859]],[[0.22198185275864862,0.22411000369726705,0.22481939766580572,0.22411000369726705,0.22198185275864862],[0.22411000369726705,0.22622377018704434,0.22693310563136257,0.22622377018704434,0.22411000369726705],[0.22481939766580572,0.22693310563136257,0.22764242155607475,0.22693310563136257,0.22481939766580572],[0.22411000369726705,0.22622377018704434,0.22693310563136257,0.22622377018704434,0.22411000369726705],[0.22198185275864862,0.22411000369726705,0.22481939766580572,0.22411000369726705,0.22198185275864862]],[[0.22581223200044478,0.2279400545946357,0.22864933979158975,0.2279400545946357,0.22581223200044478],[0.2279400545946357,0.23005348367962636,0.23076270659144998,0.23005348367962636,0.2279400545946357],[0.22864933979158975,0.23076270659144998,0.23147190872931264,0.23076270659144998,0.22864933979158975],[0.2279400545946357,0.23005348367962636,0.23076270659144998,0.23005348367962636,0.2279400545946357],[0.22581223200044478,0.2279400545946357,0.22864933979158975,0.2279400545946357,0.22581223200044478]],[[0.22964200161894777,0.23176947506645898,0.23247864458469258,0.23176947506645898,0.22964200161894777],[0.23176947506645898,0.23388254564736047,0.23459164897251919,0.23388254564736047,0.23176947506645898],[0.23247864458469258,0.23459164897251919,0.23530073022031778,0.23459164897251919,0.23247864458469258],[0.23176947506645898,0.23388254564736047,0.23459164897251919,0.23388254564736047,0.23176947506645898],[0.22964200161894777,0.23176947506645898,0.23247864458469258,0.23176947506645898,0.22964200161894777]],[[0.23347112347211102,0.23559822620314116,0.23630727287807976,0.23559822620314116,0.23347112347211102],[0.23559822620314116,0.23771091644470677,0.23841989288022924,0.23771091644470677,0.23559822620314116],[0.23630727287807976,0.23841989288022924,0.23912884588882738,0.23841989288022924,0.23630727287807976],[0.23559822620314116,0.23771091644470677,0.23841989288022924,0.23771091644470677,0.23559822620314116],[0.23347112347211102,0.23559822620314116,0.23630727287807976,0.23559822620314116,0.23347112347211102]],[[0.23729955808359926,0.239426267815654,0.24013518424309993,0.239426267815654,0.23729955808359926],[0.239426267815654,0.2415385552088245,0.24224739722328648,0.2415385552088245,0.239426267815654],[0.24013518424309993,0.24224739722328648,0.24295621441881918,0.24224739722328648,0.24013518424309993],[0.239426267815654,0.2415385552088245,0.24224739722328648,0.2415385552088245,0.239426267815654],[0.23729955808359926,0.239426267815654,0.24013518424309993,0.239426267815654,0.23729955808359926]],[[0.24112726475427326,0.24325355856135417,0.24396233712001461,0.24325355856135417,0.24112726475427326],[0.24325355856135417,0.2453654200001113,0.246074119858889,0.2453654200001113,0.24325355856135417],[0.24396233712001461,0.246074119858889,0.24678279346892468,0.246074119858889,0.24396233712001461],[0.24325355856135417,0.2453654200001113,0.246074119858889,0.2453654200001113,0.24325355856135417],[0.24112726475427326,0.24325355856135417,0.24396233712001461,0.24325355856135417,0.24112726475427326]],[[0.24495420170024215,0.24708005609714095,0.24778868897619505,0.24708005609714095,0.24495420170024215],[0.24708005609714095,0.24919146797077529,0.24990001776644977,0.24919146797077529,0.24708005609714095],[0.24778868897619505,0.24990001776644977,0.25060853985134035,0.24990001776644977,0.24778868897619505],[0.24708005609714095,0.24919146797077529,0.24990001776644977,0.24919146797077529,0.24708005609714095],[0.24495420170024215,0.24708005609714095,0.24778868897619505,0.24708005609714095,0.24495420170024215]],[[0.24878032621864646,0.25090571726093347,0.25161419649278322,0.25090571726093347,0.24878032621864646],[0.25090571726093347,0.25301665556209207,0.25372504725013417,0.25301665556209207,0.25090571726093347],[0.25161419649278322,0.25372504725013417,0.25443340973967887,0.25372504725013417,0.25161419649278322],[0.25090571726093347,0.25301665556209207,0.25372504725013417,0.25301665556209207,0.25090571726093347],[0.24878032621864646,0.25090571726093347,0.25161419649278322,0.25090571726093347,0.24878032621864646]],[[0.25260559488194867,0.25473049828183042,0.25543881578016175,0.25473049828183042,0.25260559488194867],[0.25473049828183042,0.25684093873036706,0.25754916417012896,0.25684093873036706,0.25473049828183042],[0.25543881578016175,0.25754916417012896,0.25825735890554219,0.25754916417012896,0.25543881578016175],[0.25473049828183042,0.25684093873036706,0.25754916417012896,0.25684093873036706,0.25473049828183042],[0.25260559488194867,0.25473049828183042,0.25543881578016175,0.25473049828183042,0.25260559488194867]],[[0.2564299637605984,0.25855435501853419,0.259262502621608,0.25855435501853419,0.2564299637605984],[0.25855435501853419,0.26066427320073648,0.26137232420161721,0.26066427320073648,0.25855435501853419],[0.259262502621608,0.26137232420161721,0.26208034298265381,0.26137232420161721,0.259262502621608],[0.25855435501853419,0.26066427320073648,0.26137232420161721,0.26066427320073648,0.25855435501853419],[0.2564299637605984,0.25855435501853419,0.259262502621608,0.25855435501853419,0.2564299637605984]],[[0.26025338867372522,0.26237724322500977,0.26308521274399937,0.26237724322500977,0.26025338867372522],[0.26237724322500977,0.26448661474728763,0.26519448311978794,0.26448661474728763,0.26237724322500977],[0.26308521274399937,0.26519448311978794,0.26590231775670359,0.26519448311978794,0.26308521274399937],[0.26237724322500977,0.26448661474728763,0.26519448311978794,0.26448661474728763,0.26237724322500977],[0.26025338867372522,0.26237724322500977,0.26308521274399937,0.26237724322500977,0.26025338867372522]],[[0.26407582546566477,0.26619911884098446,0.26690690211299822,0.26619911884098446,0.26407582546566477],[0.26619911884098446,0.26830791949657185,0.26901559710777245,0.26830791949657185,0.26619911884098446],[0.26690690211299822,0.26901559710777245,0.26972323947762122,0.26901559710777245,0.26690690211299822],[0.26619911884098446,0.26830791949657185,0.26901559710777245,0.26830791949657185,0.26619911884098446],[0.26407582546566477,0.26619911884098446,0.26690690211299822,0.26619911884098446,0.26407582546566477]],[[0.2678972303062282,0.27001993830437465,0.27072752724958787,0.27001993830437465,0.2678972303062282],[0.27001993830437465,0.2721281442510235,0.27283562308382614,0.2721281442510235,0.27001993830437465],[0.27072752724958787,0.27283562308382614,0.27354306519040511,0.27283562308382614,0.27072752724958787],[0.27001993830437465,0.2721281442510235,0.27283562308382614,0.2721281442510235,0.27001993830437465],[0.2678972303062282,0.27001993830437465,0.27072752724958787,0.27001993830437465,0.2678972303062282]],[[0.271717560010865,0.27383965888133355,0.27454704556351467,0.27383965888133355,0.271717560010865],[0.27383965888133355,0.27594724682742638,0.27665451904271837,0.27594724682742638,0.27383965888133355],[0.27454704556351467,0.27665451904271837,0.27736175307927746,0.27665451904271837,0.27454704556351467],[0.27383965888133355,0.27594724682742638,0.27665451904271837,0.27594724682742638,0.27383965888133355],[0.271717560010865,0.27383965888133355,0.27454704556351467,0.27383965888133355,0.271717560010865]],[[0.27553677237616758,0.27765823900882314,0.27836541569833206,0.27765823900882314,0.27553677237616758],[0.27765823900882314,0.27976518640478965,0.28047224440550694,0.27976518640478965,0.27765823900882314],[0.27836541569833206,0.28047224440550694,0.28117926281916888,0.28047224440550694,0.27836541569833206],[0.27765823900882314,0.27976518640478965,0.28047224440550694,0.27976518640478965,0.27765823900882314],[0.27553677237616758,0.27765823900882314,0.27836541569833206,0.27765823900882314,0.27553677237616758]],[[0.27935482652515525,0.28147563864361619,0.28218259788174238,0.28147563864361619,0.27935482652515525],[0.28147563864361619,0.28358192387506176,0.28428876037095813,0.28358192387506176,0.28147563864361619],[0.28218259788174238,0.28428876037095813,0.28499555592763093,0.28428876037095813,0.28218259788174238],[0.28147563864361619,0.28358192387506176,0.28428876037095813,0.28358192387506176,0.28147563864361619],[0.27935482652515525,0.28147563864361619,0.28218259788174238,0.28147563864361619,0.27935482652515525]],[[0.28317168325589348,0.28529181961084515,0.28599855427426379,0.28529181961084515,0.28317168325589348],[0.28529181961084515,0.28739742218943265,0.28810403026124171,0.28739742218943265,0.28529181961084515],[0.28599855427426379,0.28810403026124171,0.28881059610968263,0.28810403026124171,0.28599855427426379],[0.28529181961084515,0.28739742218943265,0.28810403026124171,0.28739742218943265,0.28529181961084515],[0.28317168325589348,0.28529181961084515,0.28599855427426379,0.28529181961084515,0.28317168325589348]],[[0.28698730538635264,0.28910674594469749,0.28981324930872165,0.28910674594469749,0.28698730538635264],[0.28910674594469749,0.29121164669258665,0.29191801985418492,0.29121164669258665,0.28910674594469749],[0.28981324930872165,0.29191801985418492,0.2926243495878017,0.29191801985418492,0.28981324930872165],[0.28910674594469749,0.29121164669258665,0.29191801985418492,0.29121164669258665,0.28910674594469749],[0.28698730538635264,0.28910674594469749,0.28981324930872165,0.28910674594469749,0.28698730538635264]],[[0.29080165808794028,0.29292038421354816,0.29362665001270744,0.29292038421354816,0.2908